{
    "[['A', 'B', 'C', 'D', 'E'], ['A', 'B', 'C', 'D', 'E']]": [
        [
            [
                0.9999999997160789,
                2.461696935487635e-10,
                0.0,
                0.0,
                3.775134519239683e-11
            ],
            [
                0.9999999994442514,
                5.211412475512946e-10,
                1.291780001718393e-12,
                0.0,
                3.3315445342549594e-11
            ],
            [
                2.789409797853094e-10,
                2.1444939693477236e-05,
                0.9999785520442883,
                2.646518330138039e-09,
                9.055887733465625e-11
            ],
            [
                1.3793298853138571e-08,
                2.4449183904025295e-07,
                6.305527635827777e-06,
                0.6224552456894756,
                0.3775381904977507
            ],
            [
                0.9999999997283633,
                7.991959869631712e-11,
                0.0,
                0.0,
                1.9171715081636022e-10
            ]
        ],
        [
            [
                0.9999999989906512,
                9.736200255042183e-10,
                2.4133627574645365e-12,
                0.0,
                3.331544522331065e-11
            ],
            [
                0.9999999929586084,
                6.348800062345526e-09,
                1.3887943747499786e-11,
                9.545034842108718e-12,
                6.691586034695344e-10
            ],
            [
                2.940078105001392e-11,
                6.825604225373181e-08,
                0.9999999309467559,
                7.582561371108273e-10,
                9.54503611014963e-12
            ],
            [
                0.9999999983885499,
                3.581747918761851e-10,
                1.4637785094174048e-12,
                1.658678353578797e-12,
                1.2501528623654034e-09
            ],
            [
                0.9999999995898989,
                1.9171715084943454e-10,
                0.0,
                1.1399918499142864e-12,
                2.1724399291141616e-10
            ]
        ],
        [
            [
                0.9999999995498934,
                4.0586521019090654e-10,
                1.4637785052657995e-12,
                0.0,
                4.277787843075963e-11
            ],
            [
                0.9999999880999159,
                1.1861119995367289e-08,
                7.433680574597526e-12,
                2.1297851429486056e-12,
                2.9400777006217535e-11
            ],
            [
                2.6810038671240988e-14,
                1.0261879629184444e-10,
                0.9999999998864448,
                1.0815941554632324e-11,
                9.35762296654456e-14
            ],
            [
                0.9999999986483947,
                2.4616969450008805e-10,
                8.878265453882719e-13,
                1.2917800012100725e-12,
                1.103256029289505e-09
            ],
            [
                0.9999999997008242,
                2.172439923687554e-10,
                1.006039274008023e-12,
                1.006039274008023e-12,
                7.991959851047082e-11
            ]
        ],
        [
            [
                0.9999999995209703,
                4.599055364277494e-10,
                1.2917800007484042e-12,
                0.0,
                1.7832472852409153e-11
            ],
            [
                0.037735382420839,
                0.45971114768580507,
                0.037735382420839,
                0.45971115880455077,
                0.005106928667966142
            ],
            [
                1.4637786689042804e-12,
                8.76424914616585e-08,
                0.9999999122755866,
                7.991960738015207e-11,
                5.384940787151844e-13
            ],
            [
                0.9999999965522524,
                4.84736868177662e-11,
                0.0,
                1.006039274199825e-12,
                3.398267802323707e-09
            ],
            [
                0.999999999886765,
                7.991959877511894e-11,
                0.0,
                0.0,
                3.331544535729213e-11
            ]
        ],
        [
            [
                0.9999999994601749,
                4.59905535040206e-10,
                0.0,
                0.0,
                7.991959843862347e-11
            ],
            [
                0.9999999988676187,
                4.5990553689666996e-10,
                1.6586783554210524e-12,
                1.6586783554210524e-12,
                6.691586077200292e-10
            ],
            [
                2.3354550283534024e-09,
                5.829127537513165e-05,
                0.9999416736280972,
                3.2239962197127977e-08,
                5.211104544959505e-10
            ],
            [
                0.9999999980624872,
                1.1628232989025155e-10,
                6.101936655987744e-13,
                1.6586783530379638e-12,
                1.8189616811089362e-09
            ],
            [
                0.9999999997533551,
                1.91717150979819e-10,
                0.0,
                0.0,
                5.492788339608744e-11
            ]
        ],
        [
            [
                0.9999999996085098,
                3.581747903113391e-10,
                0.0,
                0.0,
                3.33154451689457e-11
            ],
            [
                0.9999999535817548,
                4.944450265421576e-09,
                2.5946093741637e-11,
                4.8473684743970814e-11,
                4.13993752075185e-08
            ],
            [
                6.224133570136162e-11,
                1.3709566518491237e-06,
                0.9999986268970595,
                2.0611499622632814e-09,
                2.2897307795581056e-11
            ],
            [
                0.9999999993164956,
                5.905303977197962e-10,
                2.4133627629460896e-12,
                0.0,
                9.056076956324179e-11
            ],
            [
                0.9999999997533551,
                1.9171715011137127e-10,
                0.0,
                0.0,
                5.4927883147273e-11
            ]
        ],
        [
            [
                0.9999999992215369,
                7.582560399269361e-10,
                0.0,
                0.0,
                2.0206839013892374e-11
            ],
            [
                0.99999995949517,
                1.522997910012214e-08,
                6.224144359478383e-11,
                1.0261879197380235e-10,
                2.510999049468977e-08
            ],
            [
                1.783247427204299e-11,
                8.3152798969484e-07,
                0.9999991679285278,
                5.211412886477553e-10,
                4.508755587141891e-12
            ],
            [
                0.9999999907240441,
                1.1032560201030192e-09,
                8.423463661011011e-12,
                1.2256067308119425e-11,
                8.15202062402417e-09
            ],
            [
                0.9999999997189255,
                1.317651420889666e-10,
                0.0,
                0.0,
                1.493094669262431e-10
            ]
        ],
        [
            [
                0.9999999998068205,
                1.026187959484689e-10,
                0.0,
                0.0,
                9.056076957148443e-11
            ],
            [
                0.9999999952630285,
                4.363462213234303e-09,
                9.545034835976672e-12,
                5.789356276044998e-12,
                3.5817478976877216e-10
            ],
            [
                1.2015425704383677e-13,
                2.0611536177403387e-09,
                0.9999999978897773,
                4.8473686952211033e-11,
                4.752193051938945e-13
            ],
            [
                0.9999999099457862,
                2.3355932769205413e-09,
                1.3887945280884457e-11,
                6.224145257479296e-11,
                8.764249112986862e-08
            ],
            [
                0.9999999997601299,
                1.4930946727615177e-10,
                0.0,
                0.0,
                9.056076968834619e-11
            ]
        ],
        [
            [
                0.9999999994754396,
                4.599055343153618e-10,
                2.4133627532052066e-12,
                0.0,
                6.224144574865519e-11
            ],
            [
                0.9999999991836446,
                7.58256041098032e-10,
                1.8795288123421627e-12,
                1.2917800019014976e-12,
                5.492788338689483e-11
            ],
            [
                5.858469122210655e-07,
                0.09534939247345692,
                0.9046497653034506,
                2.442173270508912e-07,
                1.2158853162908202e-08
            ],
            [
                0.0052201205840167325,
                0.9947790216907723,
                8.271872225265964e-07,
                1.3370248945565545e-08,
                1.7167739473548637e-08
            ],
            [
                0.999999999854347,
                1.3176514244208694e-10,
                0.0,
                0.0,
                1.3887943837679562e-11
            ]
        ],
        [
            [
                0.9999999997930589,
                1.6918979138995018e-10,
                0.0,
                0.0,
                3.775134524831902e-11
            ],
            [
                0.9999998554061238,
                1.4449803151339438e-07,
                1.0815942073948195e-11,
                5.1090892721174104e-12,
                7.991960274718754e-11
            ],
            [
                7.43368048332467e-12,
                2.5109990918929823e-08,
                0.9999999746877595,
                1.9171714650074723e-10,
                3.0988190599234323e-12
            ],
            [
                0.9999999997402496,
                1.6918979186883976e-10,
                0.0,
                0.0,
                9.05607696865458e-11
            ],
            [
                0.9999999998755169,
                6.224144594967066e-11,
                0.0,
                0.0,
                6.224144594967066e-11
            ]
        ],
        [
            [
                0.9999999992930901,
                6.691586049070839e-10,
                0.0,
                0.0,
                3.775134520459108e-11
            ],
            [
                0.9999999904241649,
                9.237449549066709e-09,
                1.5737101914517607e-11,
                6.5602000879723305e-12,
                3.1608814156801073e-10
            ],
            [
                7.835041773598257e-13,
                1.2501528645572157e-09,
                0.9999999987057473,
                4.2777878627087015e-11,
                5.384940209873485e-13
            ],
            [
                0.9999999980703904,
                1.2501528619676553e-09,
                4.508755226357108e-12,
                5.789356308266218e-12,
                6.691586067639111e-10
            ],
            [
                0.9999999997602815,
                1.6918979171356157e-10,
                0.0,
                0.0,
                7.052879828270144e-11
            ]
        ],
        [
            [
                0.9999999995726361,
                4.058652115261812e-10,
                1.2917800012168636e-12,
                0.0,
                2.0206839034391544e-11
            ],
            [
                0.9999999920158836,
                6.348800053805897e-09,
                1.2256067323952297e-11,
                1.7832472733333266e-11,
                1.6052280394494358e-09
            ],
            [
                1.4637785003274367e-12,
                9.23744957489274e-09,
                0.9999999906896703,
                7.052879784627398e-11,
                8.878265394767694e-13
            ],
            [
                0.9999999887633971,
                7.5825603289173e-10,
                3.511422067532914e-12,
                7.43368057530129e-12,
                1.0467401658086819e-08
            ],
            [
                0.9999999995392064,
                1.026187956947806e-10,
                0.0,
                0.0,
                3.58174790856493e-10
            ]
        ],
        [
            [
                0.9999999996124245,
                3.5817479132661614e-10,
                0.0,
                0.0,
                2.940077725316052e-11
            ],
            [
                0.9999967201350558,
                3.059011932224421e-07,
                3.3982552965523004e-09,
                6.825578223331929e-08,
                2.902309713321398e-06
            ],
            [
                3.7010116439266313e-13,
                9.237449575446736e-09,
                0.9999999907359797,
                2.5946094739736958e-11,
                2.5436656235513246e-13
            ],
            [
                0.9999999860887399,
                4.599055299044839e-10,
                3.5114220525954524e-12,
                7.433680543678685e-12,
                1.344040971848787e-08
            ],
            [
                0.9999999994083295,
                1.3176514231524337e-10,
                0.0,
                0.0,
                4.5990553651896694e-10
            ]
        ],
        [
            [
                0.9999999995198876,
                4.5990553626518663e-10,
                0.0,
                0.0,
                2.02068390199211e-11
            ],
            [
                0.9999999972847964,
                2.646573626909115e-09,
                4.508755221851383e-12,
                1.879528808016989e-12,
                6.224144594686483e-11
            ],
            [
                9.234349290864297e-09,
                0.0003353500398775535,
                0.999664598237405,
                4.138548228855058e-08,
                1.1028857458196006e-09
            ],
            [
                0.999999999076117,
                4.599055358774506e-10,
                1.6586783517451732e-12,
                2.413362761402296e-12,
                4.599055358774506e-10
            ],
            [
                0.9999999995331388,
                3.1608814444724943e-10,
                0.0,
                1.4637785095685299e-12,
                1.4930946715485111e-10
            ]
        ],
        [
            [
                0.999999999213063,
                7.582560388858694e-10,
                2.7346982775070866e-12,
                0.0,
                2.594609484913192e-11
            ],
            [
                0.9999999981099086,
                1.8189616771106899e-09,
                5.789356295494922e-12,
                3.0988191209320213e-12,
                6.224144587176006e-11
            ],
            [
                9.35762296643835e-14,
                1.1628233027236346e-10,
                0.9999999998750946,
                8.423463752306593e-12,
                1.0603575988802222e-13
            ],
            [
                0.9975249606259501,
                1.6333251905778573e-07,
                4.35266419856307e-09,
                2.2547358763304207e-06,
                0.002472616952990235
            ],
            [
                0.999999999465528,
                2.1724399294401762e-10,
                0.0,
                1.1399918500853633e-12,
                3.160881446109227e-10
            ]
        ],
        [
            [
                0.999999999421801,
                5.211412451789089e-10,
                2.1297851562027653e-12,
                0.0,
                5.4927883129061434e-11
            ],
            [
                0.3748025287658834,
                0.0025253992169350795,
                0.0005634927317134435,
                0.6179448998794977,
                0.004163679405970312
            ],
            [
                1.9810087910197304e-13,
                3.398267807436936e-09,
                0.9999999965679642,
                3.3315445303450324e-11,
                2.5436656383511877e-13
            ],
            [
                0.9999999987323531,
                5.905303962259717e-10,
                3.978962511119538e-12,
                3.978962511119538e-12,
                6.691586049723998e-10
            ],
            [
                0.9999999997460414,
                1.917171501099691e-10,
                0.0,
                0.0,
                6.224144581811258e-11
            ]
        ],
        [
            [
                0.9999999993118691,
                6.691586060920523e-10,
                1.1399918478700773e-12,
                0.0,
                1.7832472827207063e-11
            ],
            [
                1.2708190055065096e-05,
                0.9770042284127901,
                0.02297693588651549,
                6.002923927888745e-06,
                1.245867114295198e-07
            ],
            [
                9.735272187220317e-10,
                9.610239895580937e-05,
                0.9999038883070996,
                8.15124360426122e-09,
                1.6917366385367146e-10
            ],
            [
                0.9999999667648363,
                9.736199973796533e-10,
                5.7893561270272105e-12,
                1.3887943381102618e-11,
                3.224186624924805e-08
            ],
            [
                0.999999999624948,
                3.5817479194604796e-10,
                1.1399918495997267e-12,
                0.0,
                1.573710205931127e-11
            ]
        ],
        [
            [
                0.9999999988722437,
                9.736200247479556e-10,
                2.4133627555899485e-12,
                2.4133627555899485e-12,
                1.4930946661478117e-10
            ],
            [
                0.999999997628308,
                7.582560401562905e-10,
                3.0988191279535908e-12,
                5.109089010309507e-12,
                1.6052280496075279e-09
            ],
            [
                1.0060394051625383e-12,
                6.825604230378698e-08,
                0.9999999316801,
                6.224145401694948e-11,
                6.101937441101395e-13
            ],
            [
                0.9999999987311297,
                4.0586521105842684e-10,
                2.1297851626167306e-12,
                1.658678352419769e-12,
                8.592166585531962e-10
            ],
            [
                0.999999999882329,
                3.775134532513393e-11,
                0.0,
                0.0,
                7.991959868045936e-11
            ]
        ],
        [
            [
                0.9999999994650093,
                3.1608814452401174e-10,
                1.658678354152856e-12,
                0.0,
                2.1724399288428463e-10
            ],
            [
                2.1940670998646234e-06,
                0.9706847377548536,
                0.02931213724507237,
                8.071521785908448e-07,
                1.2378079558661077e-07
            ],
            [
                1.4601497515476944e-06,
                0.06008642645170842,
                0.9399098831202942,
                2.1245053525587953e-06,
                1.0577289323573762e-07
            ],
            [
                0.9999999579898482,
                5.90530374347879e-10,
                4.5087550472447e-12,
                1.573710142607107e-11,
                4.1399375396902e-08
            ],
            [
                0.9999999996815008,
                1.4930946717700296e-10,
                0.0,
                0.0,
                1.6918979175985297e-10
            ]
        ],
        [
            [
                0.9999999997974669,
                1.9171715082960858e-10,
                0.0,
                0.0,
                1.0815941526469921e-11
            ],
            [
                0.999727995237698,
                1.0127342019151222e-05,
                1.8548873932547787e-07,
                5.827882948423291e-05,
                0.00020341310205941186
            ],
            [
                1.9810087936799317e-13,
                2.0611536178927533e-09,
                0.9999999979262988,
                1.225606741706914e-11,
                9.357622948202253e-14
            ],
            [
                0.0005527778405670765,
                0.9994457617211677,
                1.0671117598990737e-06,
                8.759386734286168e-08,
                3.0573263799700406e-07
            ],
            [
                0.9999999984807724,
                1.0261879581239144e-10,
                0.0,
                0.0,
                1.4166087796770289e-09
            ]
        ],
        [
            [
                0.9999999995600359,
                4.0586521139485107e-10,
                7.835041760881238e-13,
                0.0,
                3.3315445318834746e-11
            ],
            [
                0.9999999978607952,
                2.0611536100923574e-09,
                5.109088997460154e-12,
                2.4133627573772993e-12,
                7.052879808865786e-11
            ],
            [
                1.060357598230406e-13,
                7.582560421318887e-10,
                0.999999999233121,
                8.423463747144464e-12,
                9.357622960703742e-14
            ],
            [
                0.9999999991369952,
                7.58256039560055e-10,
                2.1297851618801897e-12,
                0.0,
                1.0261879587973224e-10
            ],
            [
                0.9999999996411335,
                7.991959866118311e-11,
                0.0,
                0.0,
                2.7894680835023724e-10
            ]
        ],
        [
            [
                0.9999999999464173,
                4.847368696019349e-11,
                0.0,
                0.0,
                5.109089017258949e-12
            ],
            [
                0.9999999971753484,
                2.6465736288567112e-09,
                5.789356306741104e-12,
                3.0988191269516687e-12,
                1.6918979161888426e-10
            ],
            [
                7.835042764486577e-13,
                6.82560422957185e-08,
                0.9999999316099452,
                1.3176515917230325e-10,
                1.4637786971060633e-12
            ],
            [
                0.01793212544471565,
                0.9790608153775753,
                0.00042172315952173137,
                0.0006953039434503417,
                0.0018900320747369797
            ],
            [
                0.9999999998068205,
                9.056076943146096e-11,
                0.0,
                0.0,
                1.0261879578980151e-10
            ]
        ],
        [
            [
                0.9999999998106033,
                1.6918979183431055e-10,
                0.0,
                0.0,
                2.020683903920011e-11
            ],
            [
                0.9999997616566432,
                2.3823698410996509e-07,
                3.3315447849284484e-11,
                1.0815942345418634e-11,
                6.224145076446976e-11
            ],
            [
                3.5817413717079694e-10,
                2.260325268068795e-06,
                0.9999977372396709,
                2.061149848239112e-09,
                1.5737073290494527e-11
            ],
            [
                0.9999999990705264,
                1.6918979179650586e-10,
                8.878265454058321e-13,
                1.1399918499111616e-12,
                7.58256040707173e-10
            ],
            [
                0.9999999995602336,
                1.9171715021736826e-10,
                0.0,
                1.8795288051819124e-12,
                2.461696936940426e-10
            ]
        ],
        [
            [
                0.9999999987335457,
                1.2501528577991292e-09,
                2.41336275525522e-12,
                0.0,
                1.3887943769564253e-11
            ],
            [
                0.9999999642910502,
                3.398267693898142e-09,
                1.3887943351678078e-11,
                5.492788147946155e-11,
                3.224186618093685e-08
            ],
            [
                7.835041711416808e-13,
                9.237449575140703e-09,
                0.9999999907319962,
                2.940077711648421e-11,
                3.701011643804018e-13
            ],
            [
                0.9999999991253747,
                5.90530398303759e-10,
                2.734698284225727e-12,
                2.4133627653326115e-12,
                2.7894680853552497e-10
            ],
            [
                0.9999999984678014,
                2.7894680820798435e-10,
                0.0,
                3.098819126736239e-12,
                1.2501528615514118e-09
            ]
        ],
        [
            [
                0.9999999998199942,
                1.6918979157955166e-10,
                0.0,
                0.0,
                1.0815941513689362e-11
            ],
            [
                0.999999975389154,
                1.9555680575177313e-08,
                6.224144459735147e-11,
                4.8473685791912794e-11,
                4.944450372314564e-09
            ],
            [
                1.1628144894755348e-10,
                7.889265030555687e-06,
                0.9999921085147724,
                2.061138000053475e-09,
                4.2777554457431573e-11
            ],
            [
                0.999999994888036,
                1.250152857722026e-09,
                4.508755211044978e-12,
                6.56020012268552e-12,
                3.850741896078411e-09
            ],
            [
                0.9999999998586899,
                1.3176514237458517e-10,
                0.0,
                0.0,
                9.545034899198501e-12
            ]
        ],
        [
            [
                0.9999999998368025,
                1.4930946714757624e-10,
                0.0,
                0.0,
                1.3887943821048144e-11
            ],
            [
                0.9994601242960836,
                1.3000278697437162e-05,
                3.0573725046361635e-07,
                9.605978859709628e-05,
                0.0004305098993714255
            ],
            [
                5.109089675760134e-12,
                1.8553915978303302e-07,
                0.999999814174371,
                2.7894684464994e-10,
                2.4133630777835224e-12
            ],
            [
                0.99999993163622,
                1.0261880906999594e-10,
                1.1399919947171333e-12,
                3.978963030323822e-12,
                6.825604224588467e-08
            ],
            [
                0.9999999996664737,
                1.1628232999183829e-10,
                0.0,
                0.0,
                2.1724399292805156e-10
            ]
        ],
        [
            [
                0.9999999997655051,
                1.9171715075592227e-10,
                0.0,
                0.0,
                4.27778785513696e-11
            ],
            [
                0.9999997042945289,
                5.315785331313197e-08,
                4.5990554451741417e-10,
                3.8507419784656586e-09,
                2.3823697019609764e-07
            ],
            [
                2.1724193783846627e-10,
                1.0129988081992381e-05,
                0.9999898678958128,
                1.8189444756435936e-09,
                7.991884269101619e-11
            ],
            [
                0.9999999997145279,
                1.1628232987385583e-10,
                0.0,
                0.0,
                1.6918979163826184e-10
            ],
            [
                0.9999999993681701,
                4.599055349978925e-10,
                2.7346982745420524e-12,
                0.0,
                1.691897912066779e-10
            ]
        ],
        [
            [
                0.9999999993064805,
                6.691586063912235e-10,
                1.4637785081364385e-12,
                0.0,
                2.289734836276445e-11
            ],
            [
                0.9998412729928544,
                1.4447514828231657e-07,
                1.818673717074545e-09,
                1.4447514828231657e-07,
                0.00015843623817525672
            ],
            [
                7.185712748239274e-09,
                0.001169510307109682,
                0.9988304496346719,
                3.220413028637285e-08,
                6.68375400892029e-10
            ],
            [
                0.9999999921270494,
                6.691586026438516e-10,
                3.0988191086883423e-12,
                6.560200104572894e-12,
                7.194132960600477e-09
            ],
            [
                0.9999999999376383,
                4.847368698186834e-11,
                0.0,
                0.0,
                1.388794384180463e-11
            ]
        ],
        [
            [
                0.9999999998304836,
                1.4930946714663276e-10,
                0.0,
                0.0,
                2.020683902619726e-11
            ],
            [
                0.9999999992898527,
                4.5990553659069503e-10,
                2.413362765145059e-12,
                1.6586783543175342e-12,
                2.461696944993281e-10
            ],
            [
                2.2447770528291778e-13,
                7.582560420508307e-10,
                0.9999999992153188,
                2.5946094957430946e-11,
                2.543665644893292e-13
            ],
            [
                0.9999999997364699,
                1.3176514231750444e-10,
                0.0,
                0.0,
                1.3176514231750444e-10
            ],
            [
                0.9999999998173752,
                1.4930946708505522e-10,
                0.0,
                0.0,
                3.331544530236509e-11
            ]
        ],
        [
            [
                0.9999999998017226,
                1.9171715083042446e-10,
                0.0,
                0.0,
                6.560200149490986e-12
            ],
            [
                0.9999999906161313,
                9.237449543896251e-09,
                9.545034800834688e-12,
                5.109088962758252e-12,
                1.3176514101671461e-10
            ],
            [
                2.2897307101639164e-11,
                1.7603431328012052e-06,
                0.9999982391044061,
                5.211403075575719e-10,
                8.423448540881913e-12
            ],
            [
                0.999999999159972,
                3.1608814459089415e-10,
                1.1399918500131288e-12,
                1.6586783545038226e-12,
                5.211412474031447e-10
            ],
            [
                0.999999999874484,
                1.026187960325504e-10,
                0.0,
                0.0,
                2.2897348392982026e-11
            ]
        ],
        [
            [
                0.9999999998441302,
                1.4930946714867032e-10,
                0.0,
                0.0,
                6.560200147457458e-12
            ],
            [
                0.9999999560918842,
                4.1399375303627585e-08,
                7.052879530112016e-11,
                1.0261879164649435e-10,
                2.3355929324986883e-09
            ],
            [
                1.388791878497238e-11,
                1.760343133177969e-06,
                0.9999982392812933,
                3.581741462068085e-10,
                3.5114157721615624e-12
            ],
            [
                0.9999999939814914,
                4.058652093683155e-10,
                2.413362752334058e-12,
                7.433680612290559e-12,
                5.6027963922685656e-09
            ],
            [
                0.9999999999000071,
                6.224144605812755e-11,
                0.0,
                0.0,
                3.77513453391044e-11
            ]
        ],
        [
            [
                0.9999999981340622,
                1.8189616771546244e-09,
                2.73469827595848e-12,
                1.463778505757956e-12,
                4.277787844514255e-11
            ],
            [
                5.517195496216228e-07,
                0.8519515230636039,
                0.14804698031480518,
                9.096317569222644e-07,
                3.527028442958667e-08
            ],
            [
                3.7010116438995667e-13,
                9.237449575379185e-09,
                0.9999999907286669,
                3.3315445109366733e-11,
                1.9810087794790983e-13
            ],
            [
                0.9999996934653722,
                5.905304730493642e-10,
                8.423464797968112e-12,
                3.331544954878456e-11,
                3.0590235839703334e-07
            ],
            [
                0.9999999998188787,
                9.056076964065043e-11,
                0.0,
                0.0,
                9.056076964065043e-11
            ]
        ],
        [
            [
                0.9999999998729017,
                1.162823300158422e-10,
                0.0,
                0.0,
                1.0815941530649367e-11
            ],
            [
                1.7395638029454715e-06,
                0.6791751790891585,
                0.32081964806532004,
                3.2499330425483e-06,
                1.8334867590634047e-07
            ],
            [
                1.879529055146749e-12,
                1.8553915981593752e-07,
                0.9999998142662374,
                1.9171717571447476e-10,
                1.006039407000797e-12
            ],
            [
                0.9999999986144132,
                5.211412457927874e-10,
                2.129785158711546e-12,
                3.0988191209065625e-12,
                8.592166569777322e-10
            ],
            [
                0.9999999973305291,
                2.2897348375657943e-11,
                0.0,
                0.0,
                2.6465736295701855e-09
            ]
        ],
        [
            [
                0.99999999977194,
                2.172439928068508e-10,
                0.0,
                0.0,
                1.0815941522382424e-11
            ],
            [
                0.9999999988305235,
                1.1032560255983272e-09,
                3.978962511510154e-12,
                0.0,
                6.224144584853818e-11
            ],
            [
                6.914399882708488e-13,
                3.2241866326974215e-08,
                0.9999999677020949,
                5.492788172825369e-11,
                4.193795522376135e-13
            ],
            [
                0.999999980216522,
                2.172439889023102e-10,
                2.129785125804155e-12,
                8.423463575890484e-12,
                1.955568067326836e-08
            ],
            [
                0.9999999997189255,
                1.4930946674119877e-10,
                0.0,
                0.0,
                1.3176514192566557e-10
            ]
        ],
        [
            [
                0.9999999996176361,
                3.581747918172128e-10,
                1.2917800004180685e-12,
                0.0,
                2.2897348379032158e-11
            ],
            [
                0.9999999748179136,
                2.5109990849813963e-08,
                1.7832472405608627e-11,
                5.7893561655805285e-12,
                4.8473685696663296e-11
            ],
            [
                6.101936632529801e-13,
                7.194132977181713e-09,
                0.999999992782105,
                2.289734828731088e-11,
                2.5436656285866493e-13
            ],
            [
                0.9999999973433404,
                3.1608814419647215e-10,
                1.8795288091961165e-12,
                3.0988191266153204e-12,
                2.335593029674613e-09
            ],
            [
                0.9999999999506619,
                4.277787855929022e-11,
                0.0,
                0.0,
                6.560200148156327e-12
            ]
        ],
        [
            [
                0.999999999874484,
                1.0261879590898009e-10,
                0.0,
                0.0,
                2.2897348365409766e-11
            ],
            [
                0.999999991753333,
                3.8507418855568356e-09,
                1.2256067325665722e-11,
                2.020683889495791e-11,
                4.363462210778362e-09
            ],
            [
                1.8795287161543323e-12,
                5.315784970510829e-08,
                0.9999999467596596,
                7.991959466107109e-11,
                6.914399737645342e-13
            ],
            [
                0.9999999996359807,
                2.461696947432018e-10,
                7.835041771113094e-13,
                7.835041771113094e-13,
                1.1628233009515411e-10
            ],
            [
                0.999999999882329,
                7.991959877476442e-11,
                0.0,
                0.0,
                3.775134536968049e-11
            ]
        ],
        [
            [
                0.999999999280238,
                6.691586066408628e-10,
                2.1297851630357044e-12,
                0.0,
                4.847368688244235e-11
            ],
            [
                0.9999999978143561,
                2.061153610929258e-09,
                5.109088999534623e-12,
                3.098819121418293e-12,
                1.1628232965289943e-10
            ],
            [
                3.651461995253046e-08,
                0.0005527785433946352,
                0.9994471425924186,
                4.137648511353296e-08,
                9.730816613150123e-10
            ],
            [
                0.9999999996495528,
                2.46169694147333e-10,
                1.6586783519458097e-12,
                0.0,
                1.0261879588589792e-10
            ],
            [
                0.9999999997519526,
                1.317651417203347e-10,
                0.0,
                0.0,
                1.1628232943681562e-10
            ]
        ],
        [
            [
                0.9999999992866,
                6.691586044035462e-10,
                1.463778503788412e-12,
                0.0,
                4.277787838758404e-11
            ],
            [
                0.9999997597126233,
                2.3823698369176364e-07,
                1.6918980429299058e-10,
                6.224145065521106e-11,
                1.8189618169036195e-09
            ],
            [
                5.675685229672381e-14,
                3.5817479284150013e-10,
                0.9999999996277262,
                1.3887943857720302e-11,
                1.5428112023871832e-13
            ],
            [
                0.9999999977635945,
