{
    "[['A', 'B', 'C', 'D', 'E'], ['A', 'B', 'C', 'D', 'E']]": [
        [
            [
                0.9999999998289306,
                1.691897916576176e-10,
                0.0,
                0.0,
                1.879528809830411e-12
            ],
            [
                0.9999999973517677,
                2.646573624896023e-09,
                0.0,
                0.0,
                1.6586783501318513e-12
            ],
            [
                9.734659354196508e-10,
                0.00015843624656430635,
                0.9998415545864681,
                8.150730485452652e-09,
                4.2771108189181406e-11
            ],
            [
                2.1718602564151923e-10,
                6.347106046666326e-09,
                6.142567016706021e-06,
                0.9997326622728829,
                0.00026118859580823774
            ],
            [
                0.9999999998024935,
                1.9171715083057227e-10,
                0.0,
                0.0,
                5.789356312265259e-12
            ]
        ],
        [
            [
                0.9999999996399456,
                3.581747918252035e-10,
                0.0,
                0.0,
                1.8795288102257173e-12
            ],
            [
                0.9999999981775269,
                1.8189616787830423e-09,
                0.0,
                0.0,
                3.511422096446422e-12
            ],
            [
                4.38824246123885e-07,
                0.014063579503222888,
                0.9859330607905361,
                2.8614935345890764e-06,
                5.938846027749126e-08
            ],
            [
                0.9999999998485607,
                1.4930946724837893e-10,
                0.0,
                0.0,
                2.1297851656589405e-12
            ],
            [
                0.9999999998957225,
                1.0261879606664233e-10,
                0.0,
                0.0,
                1.6586783548672709e-12
            ]
        ],
        [
            [
                0.9999999996401665,
                3.5817479182528264e-10,
                0.0,
                0.0,
                1.6586783533430717e-12
            ],
            [
                0.9999999865579317,
                1.3440409751428308e-08,
                0.0,
                0.0,
                1.6586783342684649e-12
            ],
            [
                7.9919599136345e-11,
                6.475946016653511e-07,
                0.9999993326204881,
                1.9555681138454177e-08,
                1.4930946800608027e-10
            ],
            [
                7.793987591449642e-07,
                0.0014091860143085207,
                0.2685433538283183,
                0.7299765215181766,
                7.015924043741602e-05
            ],
            [
                2.5840503420131836e-11,
                3.567171464685304e-10,
                7.551702049999047e-10,
                0.004070137773200855,
                0.9959298610890713
            ]
        ],
        [
            [
                0.9999999996409374,
                3.581747923244408e-10,
                0.0,
                0.0,
                8.878265461012285e-13
            ],
            [
                0.9999999988950854,
                1.1032560291177698e-09,
                0.0,
                0.0,
                1.658678354064461e-12
            ],
            [
                7.287724088494085e-14,
                7.58256042028993e-10,
                0.9999999992120459,
                2.940077736329112e-11,
                2.2447770527645286e-13
            ],
            [
                0.9999999988950854,
                1.103256029353573e-09,
                0.0,
                0.0,
                1.6586783544189764e-12
            ],
            [
                0.9999999998482771,
                1.4930946708966918e-10,
                0.0,
                0.0,
                2.4133627632657985e-12
            ]
        ],
        [
            [
                0.9999999995922553,
                4.0586521140746506e-10,
                0.0,
                0.0,
                1.8795288107962615e-12
            ],
            [
                0.9999999999070259,
                9.056076953958272e-11,
                0.0,
                0.0,
                2.4133627623155966e-12
            ],
            [
                0.002462559121140285,
                0.9934670666834835,
                0.004060073603380602,
                1.0063911482957196e-05,
                2.3668051257355905e-07
            ],
            [
                7.580420972493065e-10,
                2.844531984260356e-08,
                0.00012337498342463514,
                0.9997181791987128,
                0.00015841661450066035
            ],
            [
                0.9999999997800213,
                2.172439926235621e-10,
                0.0,
                0.0,
                2.734698280459682e-12
            ]
        ],
        [
            [
                0.9999999996405333,
                3.5817479195163024e-10,
                0.0,
                0.0,
                1.2917800009028533e-12
            ],
            [
                0.9999999992417439,
                7.582560408369997e-10,
                0.0,
                0.0,
                0.0
            ],
            [
                0.001870353046989613,
                0.9688670569712008,
                0.029257251628587094,
                5.253439285131991e-06,
                8.491393745448893e-08
            ],
            [
                4.596433656832194e-10,
                1.0461434783385617e-08,
                1.6692195794579502e-05,
                0.9994305275387878,
                0.0005527693443394573
            ],
            [
                0.9999999998928724,
                1.0261879606634984e-10,
                0.0,
                0.0,
                4.5087552312811955e-12
            ]
        ],
        [
            [
                0.9999999998837177,
                1.1628232993996196e-10,
                0.0,
                0.0,
                0.0
            ],
            [
                0.9999999928044033,
                7.194132969565537e-09,
                0.0,
                0.0,
                1.4637785017632021e-12
            ],
            [
                6.224133179770628e-11,
                2.2603252513482745e-06,
                0.9999977299692101,
                9.237432678849242e-09,
                4.058644664612938e-10
            ],
            [
                2.0640415870713956e-05,
                0.9624632858471914,
                0.03731874773689323,
                0.00019583081333391609,
                1.4951867107604272e-06
            ],
            [
                0.9999999995355857,
                4.599055365774928e-10,
                0.0,
                0.0,
                4.5087552296702774e-12
            ]
        ],
        [
            [
                0.9999999990239665,
                9.736200277739136e-10,
                0.0,
                0.0,
                2.413362763090549e-12
            ],
            [
                0.9999999895304684,
                1.0467401670327651e-08,
                0.0,
                0.0,
                2.1297851456408595e-12
            ],
            [
                5.600371283125023e-09,
                0.0004305563047110546,
                0.9995676650742958,
                1.759586029361295e-06,
                1.3434592308131434e-08
            ],
            [
                1.8442395907321404e-06,
                0.18205553480942144,
                0.8159162624084602,
                0.0020224542872833953,
                3.904255244217694e-06
            ],
            [
                0.9999999991343824,
                8.592166585969007e-10,
                1.291779999793811e-12,
                0.0,
                5.10908900831885e-12
            ]
        ],
        [
            [
                0.9999999995926712,
                4.0586521164569814e-10,
                0.0,
                0.0,
                1.4637785105125972e-12
            ],
            [
                0.9999999988932327,
                1.1032560278138845e-09,
                0.0,
                0.0,
                3.511422098959567e-12
            ],
            [
                8.42346479871264e-12,
                3.059023584240713e-07,
                0.9999996922274783,
                1.8189619130469607e-09,
                4.277788399279856e-11
            ],
            [
                0.999999999472091,
                5.211412469508566e-10,
                1.6586783530642884e-12,
                0.0,
                5.109089010044233e-12
            ],
            [
                1.5722760872750382e-11,
                1.6903560946446472e-10,
                1.161763621188244e-10,
                0.0009110514039234596,
                0.9990889482951418
            ]
        ],
        [
            [
                0.9999999998068192,
                1.9171715068707034e-10,
                0.0,
                0.0,
                1.4637785088671548e-12
            ],
            [
                0.999999996600726,
                3.3982678036950735e-09,
                0.0,
                0.0,
                1.0060392746058109e-12
            ],
            [
                9.357622952825858e-14,
                1.2501528642472736e-09,
                0.9999999986944992,
                5.4927883415545125e-11,
                3.2661313371979016e-13
            ],
            [
                8.590970432926955e-10,
                1.9552958580500742e-08,
                1.6699359683229538e-05,
                0.9998598877227456,
                0.00012339250551560382
            ],
            [
                0.9999999995890259,
                4.0586521070979167e-10,
                0.0,
                0.0,
                5.109089003670304e-12
            ]
        ],
        [
            [
                0.9999999997199132,
                2.7894680870108894e-10,
                0.0,
                0.0,
                1.1399918506503103e-12
            ],
            [
                0.9999999994775668,
                5.211412475686566e-10,
                0.0,
                0.0,
                1.291780001761429e-12
            ],
            [
                6.43139393774687e-14,
                1.9171715126538286e-10,
                0.9999999997820743,
                2.594609496781711e-11,
                1.9810087969077195e-13
            ],
            [
                1.1798933416383894e-08,
                1.5453553130017115e-06,
                0.005220006154829799,
                0.9947571037188617,
                2.1332972062165063e-05
            ],
            [
                0.9999999995365831,
                4.599055360892215e-10,
                0.0,
                0.0,
                3.5114220998165065e-12
            ]
        ],
        [
            [
                0.9999999993295496,
                6.691586073014018e-10,
                0.0,
                0.0,
                1.2917800012573646e-12
            ],
            [
                0.999999999407811,
                5.905303987081477e-10,
                0.0,
                0.0,
                1.6586783555822819e-12
            ],
            [
                5.600382162169896e-09,
                0.0004305571365847467,
                0.9995693680632108,
                6.822662186826622e-08,
                9.732004931497932e-10
            ],
            [
                6.174128240609311e-08,
                8.6938199090395e-05,
                0.9045542889828755,
                0.09533931254246569,
                1.9398534286055912e-05
            ],
            [
                0.9999999998955016,
                1.0261879585852216e-10,
                0.0,
                0.0,
                1.8795288081414225e-12
            ]
        ],
        [
            [
                0.9999999995379647,
                4.599055367048031e-10,
                0.0,
                0.0,
                2.129785165581935e-12
            ],
            [
                0.9999999895301849,
                1.0467401663577973e-08,
                0.0,
                0.0,
                2.41336274159144e-12
            ],
            [
                2.997302909740963e-09,
                0.000552778613094865,
                0.9994470311350815,
                1.8543656468542653e-07,
                1.817956111203782e-09
            ],
            [
                1.5610729570542024e-08,
                8.693877588900935e-05,
                0.9045598129074298,
                0.09533990021285765,
                1.3332493093997695e-05
            ],
            [
                0.9999999996387263,
                3.581747921602574e-10,
                0.0,
                0.0,
                3.0988191312116286e-12
            ]
        ],
        [
            [
                0.9999999997817499,
                2.172439930653297e-10,
                0.0,
                0.0,
                1.0060392772338019e-12
            ],
            [
                0.9999999918452448,
                8.15202062895263e-09,
                0.0,
                0.0,
                2.734698262903937e-12
            ],
            [
                6.91439988011216e-13,
                3.2241866314867526e-08,
                0.9999999673441435,
                4.058651993330937e-10,
                7.43368042848906e-12
            ],
            [
                2.4608708538949124e-10,
                4.3619979593430784e-09,
                1.0673446913045398e-06,
                0.9996635783139103,
                0.00033534973331340385
            ],
            [
                0.9999999999346596,
                6.224144606018114e-11,
                0.0,
                0.0,
                3.0988191303129546e-12
            ]
        ],
        [
            [
                0.9999999999073095,
                9.05607695396084e-11,
                0.0,
                0.0,
                2.129785162557121e-12
            ],
            [
                0.9999999996418252,
                3.5817479206347835e-10,
                0.0,
                0.0,
                0.0
            ],
            [
                1.060357597948406e-13,
                9.736200301954637e-10,
                0.9999999990138637,
                1.2256067430183384e-11,
                1.5428112014401094e-13
            ],
            [
                4.970430340753118e-07,
                9.471963626708784e-05,
                0.014057640447445492,
                0.9855165388578752,
                0.00033060401537817727
            ],
            [
                0.9999999985751722,
                1.4166087791697777e-09,
                1.658678350163758e-12,
                0.0,
                6.560200133544985e-12
            ]
        ],
        [
            [
                0.9999999994757598,
                5.211412465088703e-10,
                0.0,
                0.0,
                3.0988191251645474e-12
            ],
            [
                0.9999999988954522,
                1.1032560297457163e-09,
                0.0,
                0.0,
                1.291780001744241e-12
            ],
            [
                0.8175740841488124,
                0.18242542803818806,
                4.672440863509481e-07,
                1.5988213427183043e-08,
                4.580699840112441e-09
            ],
            [
                0.00012657794013515056,
                0.6221010857608094,
                0.37732339504907286,
                0.00044180021125394186,
                7.141038728765431e-06
            ],
            [
                0.9999999999190743,
                7.991959868339603e-11,
                0.0,
                0.0,
                1.00603927618483e-12
            ]
        ],
        [
            [
                0.9999999993268625,
                6.691586071159601e-10,
                0.0,
                0.0,
                3.978962523865613e-12
            ],
            [
                0.9999999987487072,
                1.2501528625484552e-09,
                0.0,
                0.0,
                1.1399918495442903e-12
            ],
            [
                0.022969825223263175,
                0.9767016911427612,
                0.0003276469534261037,
                8.121555989830556e-07,
                2.4524950632247395e-08
            ],
            [
                0.9999999976598444,
                2.3355930253967153e-09,
                1.4637785057261279e-12,
                0.0,
                3.098819120939489e-12
            ],
            [
                0.9999999998647235,
                1.317651424434542e-10,
                0.0,
                0.0,
                3.5114221065143567e-12
            ]
        ],
        [
            [
                0.9999999998082829,
                1.9171715115241607e-10,
                0.0,
                0.0,
                0.0
            ],
            [
                0.9999999991391246,
                8.592166599605585e-10,
                0.0,
                0.0,
                1.6586783551366175e-12
            ],
            [
                9.357622880013974e-14,
                9.237449574285125e-09,
                0.9999999906993277,
                6.224144563825778e-11,
                8.878265394183705e-13
            ],
            [
                0.999999996144965,
                3.850741891120305e-09,
                1.8795288010921812e-12,
                0.0,
                2.4133627519989988e-12
            ],
            [
                0.9999999997144928,
                2.7894680799007727e-10,
                0.0,
                0.0,
                6.5602001376556084e-12
            ]
        ],
        [
            [
                0.9999999996394118,
                3.581747918250123e-10,
                0.0,
                0.0,
                2.413362763725403e-12
            ],
            [
                0.9999999979367165,
                2.0611536159118336e-09,
                0.0,
                0.0,
                2.1297851642117364e-12
            ],
            [
                8.878266196034443e-13,
                1.1253518381477491e-07,
                0.9999998873604217,
                1.0261880461105571e-10,
                8.878266196034443e-13
            ],
            [
                2.2007635545483978e-05,
                0.035115195112858794,
                0.25946814969139265,
                0.7053076056731307,
                8.704188707246317e-05
            ],
            [
                0.9999999998661051,
                1.3176514203180577e-10,
                0.0,
                0.0,
                2.1297851601400008e-12
            ]
        ],
        [
            [
                0.9999999998973812,
                1.0261879599873853e-10,
                0.0,
                0.0,
                0.0
            ],
            [
                0.9999999987458206,
                1.2501528622420693e-09,
                1.2917800005033151e-12,
                0.0,
                2.7346982825254387e-12
            ],
            [
                0.0001537923563694904,
                0.9705360136082412,
                0.029307649752541343,
                2.4858219198795357e-06,
                5.846092815502356e-08
            ],
            [
                1.2428766299118033e-07,
                2.8287741710988686e-06,
                0.022921789055590593,
                0.9746593185145407,
                0.00241593936803464
            ],
            [
                0.9999999995857114,
                4.058652104726436e-10,
                0.0,
                0.0,
                8.423463709329503e-12
            ]
        ],
        [
            [
                0.9999999990236452,
                9.736200261020037e-10,
                0.0,
                0.0,
                2.734698276989086e-12
            ],
            [
                0.9999999996399456,
                3.5817479216110236e-10,
                0.0,
                0.0,
                1.8795288119883527e-12
            ],
            [
                0.04742136689668161,
                0.9524836249456418,
                9.154479140273504e-05,
                2.764413166304556e-06,
                6.989531076057634e-07
            ],
            [
                2.9972971087904834e-09,
                0.0005527775427230922,
                0.9994454544905566,
                1.75936973506372e-06,
                5.599688206721108e-09
            ],
            [
                0.9999999998286804,
                1.6918979172513395e-10,
                0.0,
                0.0,
                2.1297851642037687e-12
            ]
        ],
        [
            [
                0.9999999997472699,
                2.4616969417138803e-10,
                0.0,
                0.0,
                6.560200141234181e-12
            ],
            [
                0.999999995635074,
                4.363462227716193e-09,
                0.0,
                0.0,
                1.4637785056630225e-12
            ],
            [
                1.199484826129073e-06,
                0.008577451895473874,
                0.9914183945247587,
                2.877414514889453e-06,
                7.668042635614308e-08
            ],
            [
                0.9999999895233033,
                1.0467401660633273e-08,
                2.734698256554128e-12,
                0.0,
                6.560200084102593e-12
            ],
            [
                7.433128357754623e-12,
                7.052355829612133e-11,
                2.0205337743488017e-11,
                7.484619763557367e-05,
                0.9999251537042024
            ]
        ],
        [
            [
                0.9999999998082829,
                1.917171508913025e-10,
                0.0,
                0.0,
                0.0
            ],
            [
                0.9999999585978259,
                4.1399375415180726e-08,
                1.1399918042312917e-12,
                0.0,
                1.6586782878916427e-12
            ],
            [
                0.0,
                6.22414462139934e-11,
                0.9999999999268363,
                1.0815941554664413e-11,
                1.0603575988954033e-13
            ],
            [
                4.345986702632401e-07,
                0.0005400532410071539,
                0.022963642670305148,
                0.9764389482971932,
                5.692119282427564e-05
            ],
            [
                0.9999999983920047,
                1.6052280483560582e-09,
                8.878265440686466e-13,
                0.0,
                1.8795288085424984e-12
            ]
        ],
        [
            [
                0.9999999998066242,
                1.917171507638055e-10,
                0.0,
                0.0,
                1.6586783536191717e-12
            ],
            [
                0.9999999990228685,
                9.736200277728447e-10,
                0.0,
                0.0,
                3.5114221006521536e-12
            ],
            [
                6.560199808010756e-12,
                5.3157849625975076e-08,
                0.9999999452181064,
                1.6052279670615196e-09,
                1.2256066771263737e-11
            ],
            [
                0.9999999995386308,
                4.599055364358716e-10,
                0.0,
                0.0,
                1.463778509576569e-12
            ],
            [
                0.9999999998963751,
                1.0261879606670929e-10,
                0.0,
                0.0,
                1.0060392768293679e-12
            ]
        ],
        [
            [
                0.9999999992400852,
                7.582560402082002e-10,
                0.0,
                0.0,
                1.6586783532639626e-12
            ],
            [
                0.9999999895277337,
                1.046740165742449e-08,
                2.1297851430154747e-12,
                0.0,
                2.7346982557158058e-12
            ],
            [
                5.600381644873978e-09,
                0.00043055710132187106,
                0.9995693952478921,
                4.138153414939534e-08,
                6.688702032737528e-10
            ],
            [
                0.9999999993289619,
                6.691586061034901e-10,
                0.0,
                0.0,
                1.8795288080402673e-12
            ],
            [
                0.9999999997514168,
                2.4616969417240887e-10,
                0.0,
                0.0,
                2.4133627619400554e-12
            ]
        ],
        [
            [
                0.9999999996405333,
                3.5817479216106524e-10,
                0.0,
                0.0,
                1.291780001658194e-12
            ],
            [
                0.9999999999084332,
                9.056076974306564e-11,
                0.0,
                0.0,
                1.0060392775762748e-12
            ],
            [
                1.1743927323048214e-06,
                0.02931196877727572,
                0.9706790895917641,
                7.658002583590002e-06,
                1.0923564430322715e-07
            ],
            [
                0.9999999997115081,
                2.789468082584826e-10,
                0.0,
                0.0,
                9.545034887650378e-12
            ],
            [
                0.9999999998665763,
                1.3176514237562432e-10,
                0.0,
                0.0,
                1.6586783548189265e-12
            ]
        ],
        [
            [
                0.999999999406735,
                5.905303975372825e-10,
                0.0,
                0.0,
                2.7346982806762364e-12
            ],
            [
                0.9999999995926712,
                4.0586521183074253e-10,
                0.0,
                0.0,
                1.4637785111799716e-12
            ],
            [
                8.258073277222731e-14,
                7.582560420260374e-10,
                0.9999999992081479,
                3.331544538804563e-11,
                1.9810087960499513e-13
            ],
            [
                2.289450974262391e-11,
                1.4164331616373453e-09,
                1.6371741356843492e-07,
                0.9998764403389838,
                0.00012339450427506667
            ],
            [
                0.9999999988903556,
                1.1032560268709779e-09,
                1.8795288072158942e-12,
                0.0,
                4.508755219929657e-12
            ]
        ],
        [
            [
                0.9999999998815878,
                1.1628232984066722e-10,
                0.0,
                0.0,
                2.1297851625023398e-12
            ],
            [
                0.9999999827400424,
                1.7257827649783573e-08,
                0.0,
                0.0,
                2.129785129221472e-12
            ],
            [
                2.4013343118439452e-05,
                0.32081163119989203,
                0.6791582075038871,
                6.07152396798692e-06,
                7.642913444882934e-08
            ],
            [
                4.359286452418087e-09,
                2.1004218390133517e-07,
                0.0009110097357818003,
                0.9990434193803763,
                4.535648237149684e-05
            ],
            [
                0.9999999999360998,
                6.224144615643234e-11,
                0.0,
                0.0,
                1.6586783569782946e-12
            ]
        ],
        [
            [
                0.9999999987458681,
                1.2501528605705317e-09,
                0.0,
                0.0,
                3.978962517325515e-12
            ],
            [
                0.9999999995929949,
                4.058652120872216e-10,
                0.0,
                0.0,
                1.139991851470454e-12
            ],
            [
                1.2917801087699034e-12,
                1.1253518377795885e-07,
                0.9999998870531505,
                4.0586524531834183e-10,
                4.5087556052343235e-12
            ],
            [
                0.9999999981757675,
                1.8189616799864826e-09,
                1.2917799994124166e-12,
                0.0,
                3.9789625192854495e-12
            ],
            [
                0.999999999880983,
                1.1628232998062037e-10,
                0.0,
                0.0,
                2.7346982840288184e-12
            ]
        ],
        [
            [
                0.9999999993273301,
                6.691586064051751e-10,
                0.0,
                0.0,
                3.511422099081731e-12
            ],
            [
                0.999999999407811,
                5.905303984705462e-10,
                0.0,
                0.0,
                1.6586783549149079e-12
            ],
            [
                9.862574006827412e-05,
                0.6223962552849455,
                0.37750241132065054,
                2.628286946949532e-06,
                7.936738868090991e-08
            ],
            [
                3.0385484506721695e-07,
                1.7142317328210766e-08,
                1.7142317328210766e-08,
                0.006692848377231781,
                0.9933068134832885
            ],
            [
                0.9999999987447381,
                1.2501528586361545e-09,
                0.0,
                0.0,
                5.109088996388443e-12
            ]
        ],
        [
            [
                0.999999999407811,
                5.905303984705462e-10,
                0.0,
                0.0,
                1.6586783549149079e-12
            ],
            [
                0.9999999965993187,
                3.398267802483651e-09,
                0.0,
                0.0,
                2.413362759752139e-12
            ],
            [
                1.3887865170426195e-11,
                4.785094841196661e-06,
                0.9999952134517729,
                1.4166007595821114e-09,
                2.289721871109713e-11
            ],
            [
                6.567275021845796e-08,
                0.0005321515530251647,
                0.9621524766499862,
                0.037306704699592484,
                8.601424645926452e-06
            ],
            [
                5.7890918507441445e-12,
                4.277592444701074e-11,
                1.573638318115815e-11,
                4.5397855735368646e-05,
                0.9999546020799632
            ]
        ],
        [
            [
                0.9999999993277426,
                6.691586064054512e-10,
                0.0,
                0.0,
                3.0988191261080042e-12
            ],
            [
                0.9999999996822533,
                3.1608814459268003e-10,
                0.0,
                0.0,
                1.658678354513194e-12
            ],
            [
                1.951800718021065e-08,
                0.0019267342264474888,
                0.9980732045784391,
                4.1319621524752254e-08,
                3.5748477134045915e-10
            ],
            [
                2.211612591666216e-08,
                1.3682775644597208e-06,
                0.22269370337525446,
                0.7772774236415131,
                2.7482589542125017e-05
            ],
            [
                0.9999999998492268,
                1.493094671494313e-10,
                0.0,
                0.0,
                1.463778509515396e-12
            ]
        ],
        [
            [
                0.9999999998825777,
                1.1628233001696736e-10,
                0.0,
                0.0,
                1.1399918502479378e-12
            ],
            [
                0.9999999991396433,
                8.592166596152959e-10,
                0.0,
                0.0,
                1.1399918499899544e-12
            ],
            [
                0.002456100171918252,
                0.9908613129474673,
                0.006676372466200521,
                6.0880607442387075e-06,
                1.2635366968153805e-07
            ],
            [
                0.0024108665785089107,
                0.7574718918197113,
                0.21701932539131918,
                0.02287367068710547,
                0.00022424552335506624
            ],
            [
                8.978390166715788e-11,
                9.652679107209972e-10,
                1.5099330597027974e-08,
                0.9914224983215575,
                0.008577485524060154
            ]
        ],
        [
            [
                0.9999999988940094,
                1.103256026875009e-09,
                0.0,
                0.0,
                2.7346982780367063e-12
            ],
            [
                0.9999999991391246,
                8.592166599605585e-10,
                0.0,
                0.0,
                1.6586783551366175e-12
            ],
            [
                9.234349432974677e-09,
                0.00033535004550574695,
                0.9996644944522649,
                1.4444952886998466e-07,
                1.8183512162679431e-09
            ],
            [
                4.978618361277031e-07,
                0.001020010090516072,
                0.32047760742897563,
                0.6784511013307752,
                5.078328789707031e-05
            ],
            [
                0.9999999994775668,
                5.211412474424403e-10,
                0.0,
                0.0,
                1.2917800014485701e-12
            ]
        ],
        [
            [
                0.9999999994075901,
                5.905303981653292e-10,
                0.0,
                0.0,
                1.8795288110358175e-12
            ],
            [
                0.999999999240452,
                7.582560408360201e-10,
                0.0,
                0.0,
                1.291780001455129e-12
            ],
            [
                0.09534924602344841,
                0.9046484084578743,
                2.3170653744319845e-06,
                2.57402957712933e-08,
                2.7130072142873496e-09
            ],
            [
                1.2724815335952626e-07,
                7.469281213627819e-05,
                0.22265605604086625,
                0.7771459762707066,
                0.00012314762813749053
            ],
            [
                0.0005521126435447905,
                0.9982429394326646,
                0.001168822475556389,
                3.529538044699978e-05,
                8.300677872436939e-07
            ]
        ],
        [
            [
                0.9999999997193945,
                2.789468083720679e-10,
                0.0,
                0.0,
                1.6586783534744855e-12
            ],
            [
                0.9999999988954522,
                1.1032560293539776e-09,
                0.0,
                0.0,
                1.291780001285562e-12
            ],
            [
                1.65867834900277e-12,
                5.60279640405766e-09,
                0.999999994173792,
                2.1724399220975645e-10,
                4.50875521535268e-12
            ],
            [
                0.9999999979354268,
                2.0611536133691395e-09,
                1.0060392748565769e-12,
                0.0,
                2.4133627612140166e-12
            ],
            [
                0.9999999996811773,
                3.160881446790869e-10,
                0.0,
                0.0,
                2.734698285083357e-12
            ]
        ],
        [
            [
                0.9999999988950854,
                1.103256028547793e-09,
                0.0,
                0.0,
                1.6586783532075356e-12
            ],
            [
                0.9999999995926712,
                4.0586521183074253e-10,
                0.0,
                0.0,
                1.4637785111799716e-12
            ],
            [
                2.5101565659153018e-08,
                0.0003353500641807331,
                0.9996643156374541,
                3.057996720468333e-07,
                3.3971274981639046e-09
            ],
            [
                2.3418383181288563e-07,
                0.008504503570466173,
                0.9829870953094574,
                0.008504503684770294,
                3.663251474277605e-06
            ],
            [
                0.9999999996781226,
                3.160881442554754e-10,
                0.0,
                0.0,
                5.789356307193405e-12
            ]
        ],
        [
            [
                0.9999999997199132,
                2.789468085572569e-10,
                0.0,
                0.0,
                1.1399918500625015e-12
            ],
            [
                0.999999997664407,
                2.335593028530326e-09,
                0.0,
                0.0,
                0.0
            ],
            [
                1.699406179876383e-06,
                0.1480460683190991,
                0.8519462732960127,
                5.931510391798664e-06,
                2.7468316395687206e-08
            ],
            [
                1.2501291623682732e-09,
                1.6701400038722815e-05,
                0.9999819200667531,
                1.3709343991957455e-06,
                6.348679737105028e-09
            ],
            [
                0.9999999992363529,
                7.582560392923023e-10,
                1.879528807866206e-12,
                0.0,
                3.511422097173444e-12
            ]
        ],
        [
            [
                0.999999999476979,
                5.211412465095057e-10,
                0.0,
                0.0,
                1.87952880831847e-12
            ],
            [
                0.9999999997210531,
                2.7894680886035497e-10,
                0.0,
                0.0,
                0.0
            ],
            [
                1.724828687133529e-08,
                0.0005527786018209987,
                0.9994471234520443,
                7.730145875331892e-08,
                3.396389062237139e-09
            ],
            [
                3.6102294060845926e-08,
                2.401313882827882e-05,
                0.32080889933102014,
                0.6791524867229223,
                1.4564704935287008e-05
            ],
            [
                0.999999999589626,
                4.0586521126383895e-10,
                0.0,
                0.0,
                4.508755226922969e-12
            ]
        ],
        [
            [
                0.9999999998957225,
                1.0261879599856832e-10,
                0.0,
                0.0,
                1.6586783537669569e-12
            ],
            [
                0.999999999239614,
                7.582560404436459e-10,
                0.0,
                0.0,
                2.129785164362015e-12
            ],
            [
