{
    "[['A', 'B', 'C', 'D', 'E'], ['A', 'B', 'C', 'D', 'E']]": [
        [
            [
                0.9999999997519506,
                2.4616969446897003e-10,
                0.0,
                0.0,
                1.879528811098556e-12
            ],
            [
                0.9999999928044033,
                7.19413296701108e-09,
                0.0,
                0.0,
                1.463778501243451e-12
            ],
            [
                9.54503533988761e-12,
                5.04347203620923e-07,
                0.9999994926183442,
                2.9989609558895736e-09,
                2.5946096116415897e-11
            ],
            [
                4.405158644979206e-12,
                1.4587881947822704e-10,
                1.4587881947822704e-10,
                0.022977367813114616,
                0.9770226318907226
            ],
            [
                1.879231359659499e-12,
                2.939612438437597e-11,
                1.782965071585019e-11,
                0.0001584362476907831,
                0.9998415637032042
            ]
        ],
        [
            [
                0.999999999917667,
                7.991959877758861e-11,
                0.0,
                0.0,
                2.4133627672447e-12
            ],
            [
                0.9999999987485553,
                1.2501528628154651e-09,
                0.0,
                0.0,
                1.2917800010958035e-12
            ],
            [
                1.5942948213033878e-06,
                0.37753973903137694,
                0.6224577976793617,
                8.533645235312797e-07,
                1.5629916453455622e-08
            ],
            [
                2.1288673427746933e-12,
                3.330108817329436e-11,
                1.5730320222943636e-11,
                0.0004305571195951928,
                0.9995694428292445
            ],
            [
                1.2917579091913369e-12,
                2.0206493456968655e-11,
                4.508678121091616e-12,
                1.670141511156244e-05,
                0.9999832985588816
            ]
        ],
        [
            [
                0.9999999997517004,
                2.4616969438216135e-10,
                0.0,
                0.0,
                2.129785164039818e-12
            ],
            [
                0.9999989322904063,
                1.0677030753749256e-06,
                3.09881347077922e-12,
                1.006037439171765e-12,
                2.4133583576350745e-12
            ],
            [
                0.0,
                2.5946094972267335e-11,
                0.9999999999535925,
                2.020683908204684e-11,
                2.5436656463478003e-13
            ],
            [
                6.315324711124779e-12,
                1.845608415285561e-10,
                1.4373612790675697e-10,
                0.03732688392628054,
                0.9626731157391072
            ],
            [
                1.4633962314159334e-12,
                2.2891368548747695e-11,
                1.5732992180407147e-11,
                0.0002611903284830106,
                0.9997388096314292
            ]
        ],
        [
            [
                0.9999999999450722,
                5.4927883428663176e-11,
                0.0,
                0.0,
                0.0
            ],
            [
                0.9999999748871233,
                2.5109990881181588e-08,
                1.0060392521888298e-12,
                0.0,
                1.879528765919917e-12
            ],
            [
                4.599046848646106e-10,
                2.260325214680181e-06,
                0.9999977137467614,
                2.510994498518393e-08,
                3.581741287107664e-10
            ],
            [
                1.2121416202968098e-11,
                2.43465152706041e-10,
                3.126154441523189e-10,
                0.010986942368515964,
                0.989013057063282
            ],
            [
                1.463725644993507e-12,
                1.3887442256601893e-11,
                7.43341218074372e-12,
                3.535625784395467e-05,
                0.9999646437193714
            ]
        ],
        [
            [
                0.9999999999200804,
                7.991959879474603e-11,
                0.0,
                0.0,
                0.0
            ],
            [
                0.9999999988932327,
                1.1032560282026578e-09,
                0.0,
                0.0,
                3.5114221001969473e-12
            ],
            [
                1.2256068946300065e-11,
                1.8553915900274216e-07,
                0.9999998099688397,
                4.363462787764154e-09,
                1.16282344554692e-10
            ],
            [
                1.1354419742057788e-11,
                2.280596169704727e-10,
                2.280596169704727e-10,
                0.18242551517256242,
                0.8175744843599639
            ],
            [
                1.8794895438196448e-12,
                3.3314749296055664e-11,
                1.0815715558389316e-11,
                2.1444939763685805e-05,
                0.9999785550142264
            ]
        ],
        [
            [
                0.9999999998302,
                1.6918979215497332e-10,
                0.0,
                0.0,
                6.101936673762901e-13
            ],
            [
                0.9999999987498471,
                1.2501528634437574e-09,
                0.0,
                0.0,
                0.0
            ],
            [
                1.00603927300967e-12,
                5.602796402598307e-09,
                0.9999999938666326,
                5.211412455390244e-10,
                8.423463701940043e-12
            ],
            [
                2.589611015963411e-11,
                5.89392750563684e-10,
                9.717443646508008e-10,
                0.22270014395549176,
                0.7772998544574751
            ],
            [
                2.412322735836314e-12,
                4.275944361054334e-11,
                9.540921500678289e-12,
                0.00043055712059697965,
                0.9995694428246903
            ]
        ],
        [
            [
                0.999999999979793,
                2.0206839064552214e-11,
                0.0,
                0.0,
                0.0
            ],
            [
                0.9999999990263799,
                9.736200294050846e-10,
                0.0,
                0.0,
                0.0
            ],
            [
                6.560200398633611e-12,
                3.927863683478861e-07,
                0.9999996033303832,
                3.850742058055921e-09,
                2.5946095894330087e-11
            ],
            [
                2.8383164427865183e-11,
                4.439873928534794e-10,
                3.9181749897980545e-10,
                0.14804720378555955,
                0.8519527953502524
            ],
            [
                6.914150370319022e-13,
                1.573653370893299e-11,
                3.0987072145332643e-12,
                3.5356257514678965e-05,
                0.9999646437229587
            ]
        ],
        [
            [
                0.9999999999450722,
                5.492788345305088e-11,
                0.0,
                0.0,
                0.0
            ],
            [
                0.9999999317411905,
                6.82560422341745e-08,
                8.878266580285184e-13,
                0.0,
                1.879529049795549e-12
            ],
            [
                3.331538399876929e-11,
                1.0677030597747784e-06,
                0.999998916675499,
                1.522995166556098e-08,
                3.5817413266996583e-10
            ],
            [
                1.0498898626504775e-11,
                3.0682279285139326e-10,
                1.3750843572526893e-09,
                0.9706877704786318,
                0.029312227828962322
            ],
            [
                5.104433111470801e-12,
                9.047824180045204e-11,
                5.4877827688867337e-11,
                0.000911051405246384,
                0.9990889484442932
            ]
        ],
        [
            [
                0.9999999998658216,
                1.3176514233454847e-10,
                0.0,
                0.0,
                2.4133627651222503e-12
            ],
            [
                0.9999999991383699,
                8.592166586003268e-10,
                0.0,
                0.0,
                2.4133627625162073e-12
            ],
            [
                7.052866571407218e-11,
                2.260325151058902e-06,
                0.9999976854729495,
                5.3157752454548656e-08,
                9.73618198094236e-10
            ],
            [
                1.8300784144007832e-11,
                5.348273092436095e-10,
                2.1152830415716453e-09,
                0.6224593226740198,
                0.37754067465756896
            ],
            [
                3.944829392031099e-12,
                1.0173849093581607e-10,
                4.241091281054791e-11,
                0.008577485678616945,
                0.9914225141732889
            ]
        ],
        [
            [
                0.9999999998973812,
                1.0261879606656487e-10,
                0.0,
                0.0,
                0.0
            ],
            [
                0.999999996149258,
                3.8507418999980425e-09,
                0.0,
                0.0,
                0.0
            ],
            [
                0.0,
                1.7832472902168552e-11,
                0.9999999999437248,
                3.7751345430135896e-11,
                6.914400104622343e-13
            ],
            [
                9.188743232832764e-12,
                2.685344398292069e-10,
                2.369808113865645e-10,
                0.0373268839282205,
                0.9626731155570755
            ],
            [
                9.214664365628171e-12,
                4.439873929828016e-10,
                3.918174990939319e-10,
                0.14804720369262897,
                0.8519527954623516
            ]
        ],
        [
            [
                0.9999999998651361,
                1.3176514244350855e-10,
                0.0,
                0.0,
                3.0988191326672734e-12
            ],
            [
                0.9999999990249162,
                9.736200283448148e-10,
                0.0,
                0.0,
                1.4637785096815297e-12
            ],
            [
                1.2256068916002772e-11,
                3.059023572394363e-07,
                0.9999996883920288,
                5.602797110410075e-09,
                9.056078077270465e-11
            ],
            [
                1.8794787678784173e-12,
                2.020630101641141e-11,
                7.433482726059376e-12,
                2.753568984076924e-05,
                0.99997246428064
            ],
            [
                5.384899416086104e-13,
                1.0815859604944914e-11,
                3.511395507346872e-12,
                7.88926504982131e-06,
                0.9999921107200845
            ]
        ],
        [
            [
                0.9999999998298041,
                1.69189792046058e-10,
                0.0,
                0.0,
                1.0060392780021745e-12
            ],
            [
                0.9999999936497361,
                6.348800065535853e-09,
                0.0,
                0.0,
                1.463778502480831e-12
            ],
            [
                0.0,
                1.388794385960229e-11,
                0.9999999999721039,
                1.388794385960229e-11,
                1.201542572713298e-13
            ],
            [
                7.78447468866514e-12,
                2.0076424829745964e-10,
                2.9211025763508066e-10,
                0.07585817592969678,
                0.9241418235696442
            ],
            [
                1.4620653131196223e-12,
                2.936636683077611e-11,
                1.3871689466381788e-11,
                0.0011695103494597594,
                0.9988304896058401
            ]
        ],
        [
            [
                0.9999999998667712,
                1.3176514251867319e-10,
                0.0,
                0.0,
                1.4637785121009445e-12
            ],
            [
                0.999999999408006,
                5.905303984706613e-10,
                0.0,
                0.0,
                1.4637785105968038e-12
            ],
            [
                0.0,
                1.0261879627886111e-10,
                0.9999999998743296,
                2.2897348447941376e-11,
                1.5428112026182086e-13
            ],
            [
                7.299974085373487e-12,
                2.1333651426661572e-10,
                1.8826881304848273e-10,
                0.017986211581292735,
                0.982013788009802
            ],
            [
                4.752184482442325e-13,
                5.789345875750239e-12,
                1.2917776724108023e-12,
                1.7603431337604244e-06,
                0.9999982396493099
            ]
        ],
        [
            [
                0.9999999999200804,
                7.99195988349804e-11,
                0.0,
                0.0,
                0.0
            ],
            [
                0.9999999943960636,
                5.602796395943307e-09,
                0.0,
                0.0,
                1.1399918445813e-12
            ],
            [
                1.6918883477107871e-10,
                3.72663208194837e-06,
                0.999994505668287,
                1.7603363498840224e-06,
                7.194092316796111e-09
            ],
            [
                2.1278442964622467e-12,
                7.984676815148175e-11,
                3.771694261922648e-11,
                0.000911051404495779,
                0.9990889484758126
            ],
            [
                1.0060124900835442e-12,
                2.0206301014760994e-11,
                4.508635181431e-12,
                2.7535689838520173e-05,
                0.9999724642844405
            ]
        ],
        [
            [
                0.9999999999273415,
                7.05287983412705e-11,
                0.0,
                0.0,
                2.1297851658267265e-12
            ],
            [
                0.9999999995941349,
                4.058652120350696e-10,
                0.0,
                0.0,
                0.0
            ],
            [
                1.2917799971910941e-12,
                5.60279640459614e-09,
                0.9999999942232105,
                1.6918979126677717e-10,
                3.5114220927314274e-12
            ],
            [
                1.6586341911031981e-12,
                3.33145582874648e-11,
                8.423239451816267e-12,
                2.7535689840387125e-05,
                0.9999724642667631
            ],
            [
                3.448263595210488e-12,
                1.29395136791604e-10,
                5.393991805952491e-11,
                0.01798621156739166,
                0.982013788245825
            ]
        ],
        [
            [
                0.9999999997803426,
                2.1724399288523023e-10,
                0.0,
                0.0,
                2.413362764915959e-12
            ],
            [
                0.9999998144597549,
                1.855391597168718e-07,
                6.101937448992965e-13,
                0.0,
                4.752193663528451e-13
            ],
            [
                3.1606946858157565e-10,
                5.8291274837358324e-05,
                0.9999416758109773,
                3.2239962282095936e-08,
                3.581536293848663e-10
            ],
            [
                3.3251263593612835e-11,
                7.567952711178326e-10,
                1.8154574784757003e-09,
                0.7772998541561187,
                0.22270014323837742
            ],
            [
                1.6583400330720547e-12,
                3.7743645182115607e-11,
                2.289267801226814e-11,
                0.00020342706207024524,
                0.9997965728756351
            ]
        ],
        [
            [
                0.9999999997800213,
                2.1724399311116797e-10,
                0.0,
                0.0,
                2.7346982865977336e-12
            ],
            [
                0.9999999865578006,
                1.3440409751426548e-08,
                7.835041668645007e-13,
                0.0,
                1.0060392643347722e-12
            ],
            [
                0.0,
                2.5946094972328944e-11,
                0.999999999955967,
                1.783247290097403e-11,
                2.5436656463538406e-13
            ],
            [
                8.023970168571786e-12,
                1.8262471927028184e-10,
                3.010972592165532e-10,
                0.04742587542655044,
                0.9525741240817036
            ],
            [
                2.1296269303116974e-12,
                2.289564720920437e-11,
                8.422837900580597e-12,
                7.484619779334044e-05,
                0.9999251537687585
            ]
        ],
        [
            [
                0.999999999592005,
                4.058652112648045e-10,
                0.0,
                0.0,
                2.129785163699701e-12
            ],
            [
                0.9999999969991595,
                2.9989608088535523e-09,
                0.0,
                0.0,
                1.8795288065091027e-12
            ],
            [
                3.5114220174912473e-12,
                2.5109990871769427e-08,
                0.9999999727959433,
                2.0611535661553047e-09,
                2.940077659000724e-11
            ],
            [
                3.017289204463479e-11,
                9.991889569589127e-10,
                2.7160771848983595e-09,
                0.622459322210105,
                0.377540674044456
            ],
            [
                1.288585816545145e-12,
                3.323306622117307e-11,
                1.2225761829858686e-11,
                0.0024726229710490223,
                0.9975273769822035
            ]
        ],
        [
            [
                0.9999999998289306,
                1.691897917251763e-10,
                0.0,
                0.0,
                1.8795288105809203e-12
            ],
            [
                0.9999999966005921,
                3.3982678031289565e-09,
                0.0,
                0.0,
                1.1399918475541355e-12
            ],
            [
                4.420228102267501e-14,
                5.492788349247693e-11,
                0.9999999999354003,
                9.545034919874323e-12,
                8.258073282989564e-14
            ],
            [
                8.871968338426525e-13,
                2.0192506865567835e-11,
                9.53826485928755e-12,
                0.0007096703443517742,
                0.9992903296250303
            ],
            [
                1.1519639456289492e-11,
                2.0419049508905502e-10,
                3.3665321252811505e-10,
                0.06008665446477785,
                0.9399133449828587
            ]
        ],
        [
            [
                0.9999999999661462,
                3.3315445398242954e-11,
                0.0,
                0.0,
                5.384940213968356e-13
            ],
            [
                0.9999999936511998,
                6.348800068732066e-09,
                0.0,
                0.0,
                0.0
            ],
            [
                9.055922359711886e-11,
                1.6701415613414186e-05,
                0.9999832098792382,
                8.764098572376617e-08,
                9.736034070134618e-10
            ],
            [
                8.971504230060595e-12,
                2.041904951073104e-10,
                2.3137814366179815e-10,
                0.06008665445365969,
                0.9399133451018001
            ],
            [
                3.5099088696878696e-12,
                5.490421239557433e-11,
                2.288748086807691e-11,
                0.0004305571209312259,
                0.9995694427977672
            ]
        ],
        [
            [
                0.9999999996383138,
                3.5817479168159734e-10,
                0.0,
                0.0,
                3.5114221001737257e-12
            ],
            [
                0.9999999961481094,
                3.850741904185821e-09,
                6.101936648160364e-13,
                0.0,
                5.384940191768949e-13
            ],
            [
                1.6918205852898494e-10,
                4.539785451368359e-05,
                0.9999544565113092,
                1.444914195488918e-07,
                9.73575526743055e-10
            ],
            [
                1.8673984003148302e-11,
                3.3100428649319377e-10,
                3.3100428649319377e-10,
                0.07585817591343677,
                0.9241418234058807
            ],
            [
                1.878195711996568e-12,
                6.219729986964424e-11,
                2.9379924129223016e-11,
                0.0007096703425052415,
                0.9992903295640393
            ]
        ],
        [
            [
                0.9999999998055482,
                1.9171715076359923e-10,
                0.0,
                0.0,
                2.7346982828588546e-12
            ],
            [
                0.9999999397614981,
                6.023574631606335e-08,
                1.4637787070064317e-12,
                0.0,
                1.29178017500246e-12
            ],
            [
                2.413362709472382e-12,
                2.5109990908602447e-08,
                0.9999999742919565,
                5.905303846352115e-10,
                5.109088896045443e-12
            ],
            [
                2.0737505271831022e-11,
                3.675810761642515e-10,
                6.060387389788454e-10,
                0.6224593238611058,
                0.3775406751445369
            ],
            [
                6.913886375555295e-13,
                1.5735932859620225e-11,
                5.108709429061037e-12,
                7.484619711029268e-05,
                0.9999251537813536
            ]
        ],
        [
            [
                0.9999999997179543,
                2.7894680855671046e-10,
                0.0,
                0.0,
                3.0988191306102364e-12
            ],
            [
                0.9999999585996109,
                4.139937542822724e-08,
                5.384939988874449e-13,
                0.0,
                4.752192860785626e-13
            ],
            [
                4.752193563605353e-13,
                8.764249143108813e-08,
                0.9999999119466593,
                4.0586525542175305e-10,
                4.5087557174730836e-12
            ],
            [
                1.005914601224771e-12,
                2.2894510796922563e-11,
                1.2254548554404218e-11,
                0.00012339462832700388,
                0.999876605335518
            ],
            [
                7.833801800800168e-13,
                2.289372469125334e-11,
                1.0814229811809192e-11,
                0.00015843624759642145,
                0.9998415637179123
            ]
        ],
        [
            [
                0.9999999998308102,
                1.691897919248575e-10,
                0.0,
                0.0,
                0.0
            ],
            [
                0.9999999983934802,
                1.6052280503311858e-09,
                0.0,
                0.0,
                1.2917800008794794e-12
            ],
            [
                2.020680209736152e-11,
                1.0677030736189797e-06,
                0.9999989295873729,
                2.6465687938005182e-09,
                4.277780037580337e-11
            ],
            [
                1.2083697100639858e-11,
                1.668102930677468e-10,
                1.2991198686553175e-10,
                0.014063627300586683,
                0.9859363723906074
            ],
            [
                4.193788086673078e-13,
                7.433667251181344e-12,
                1.4637758713406748e-12,
                1.7603431339313246e-06,
                0.9999982396475492
            ]
        ],
        [
            [
                0.9999999998055482,
                1.9171715076359923e-10,
                0.0,
                0.0,
                2.7346982828588546e-12
            ],
            [
                0.9999999950545435,
                4.9444504713047604e-09,
                0.0,
                0.0,
                1.0060392730502907e-12
            ],
            [
                2.734698422519926e-12,
                1.4449803152899834e-07,
                0.9999998543802405,
                1.1032560851636997e-09,
                1.5737102860301816e-11
            ],
            [
                2.5896112816239673e-11,
                6.678695520648009e-10,
                4.934925586974499e-09,
                0.8807970714755762,
                0.1192029228957326
            ],
            [
                6.8697748024203665e-12,
                1.7717382730898904e-10,
                2.0076424833910997e-10,
                0.07585817591084855,
                0.9241418237043436
            ]
        ],
        [
            [
                0.999999999979793,
                2.0206839036334966e-11,
                0.0,
                0.0,
                0.0
            ],
            [
                0.9999999973517677,
                2.6465736276520215e-09,
                0.0,
                0.0,
                1.6586783518591088e-12
            ],
            [
                2.020680243773694e-11,
                1.7603431191249921e-06,
                0.9999982313353589,
                8.152005927802273e-09,
                1.4930919679244689e-10
            ],
            [
                2.662748380637526e-11,
                7.781691431377484e-10,
                2.1152830412588875e-09,
                0.6224593225012921,
                0.3775406745786282
            ],
            [
                2.4120284787536952e-12,
                3.329702607386194e-11,
                2.2884689036188772e-11,
                0.000552778584327892,
                0.9994472213570784
            ]
        ],
        [
            [
                0.9999999999821676,
                1.7832472895889042e-11,
                0.0,
                0.0,
                0.0
            ],
            [
                0.999999814459533,
                1.8553915975209387e-07,
                8.87826660250747e-13,
                0.0,
                4.1937961893421344e-13
            ],
            [
                4.8472857325383284e-11,
                1.6701414902679008e-05,
                0.9999832865264005,
                1.1860917121315906e-08,
                1.493069118488454e-10
            ],
            [
                3.4930920437098702e-12,
                1.0208311315935117e-10,
                1.0208311315935117e-10,
                0.005220125701933049,
                0.9947798740904076
            ],
            [
                1.0060259078511458e-12,
                1.3887759278036641e-11,
                3.098777951811158e-12,
                1.3007124771952686e-05,
                0.9999869928572355
            ]
        ],
        [
            [
                0.9999999999622486,
                3.7751345412740624e-11,
                0.0,
                0.0,
                0.0
            ],
            [
                0.22270014104383778,
                0.777299845110666,
                1.34145170086566e-08,
                4.050833135356164e-10,
                2.5896109844858094e-11
            ],
            [
                2.7346986376816256e-12,
                1.855391597425038e-07,
                0.999999813930404,
                5.211413147418863e-10,
                6.560200998379932e-12
            ],
            [
                1.463711643663193e-12,
                2.2896302426423342e-11,
                9.544598872648766e-12,
                4.539785573674859e-05,
                0.9999546021103587
            ],
            [
                1.4609586443721017e-12,
                2.934413879478605e-11,
                1.57067856499567e-11,
                0.0019267343346666573,
                0.9980732656188215
            ]
        ],
        [
            [
                0.9999999998665763,
                1.3176514241178586e-10,
                0.0,
                0.0,
                1.6586783552741333e-12
            ],
            [
                0.9999999985820993,
                1.4166087817147372e-09,
                0.0,
                0.0,
                1.2917800002918233e-12
            ],
            [
                6.560200971846965e-12,
                3.0590235797806194e-07,
                0.9999996906222849,
                3.3982682358184487e-09,
                7.052880715163764e-11
            ],
            [
                5.765795671759848e-12,
                1.4870183026776697e-10,
                1.4870183026776697e-10,
                0.004070137780008589,
                0.9959298619168219
            ],
            [
                1.1896810759250866e-11,
                2.1087601640048968e-10,
                2.3895383177310956e-10,
                0.029312227925588696,
                0.9706877716126846
            ]
        ],
        [
            [
                0.9999999999368707,
                6.224144615640938e-11,
                0.0,
                0.0,
                8.878265468094059e-13
            ],
            [
                0.9999999966006468,
                3.3982678056691785e-09,
                4.7521930434368e-13,
                0.0,
                6.101936652779523e-13
            ],
            [
                5.109088749326078e-12,
                5.315784964410421e-08,
                0.9999999455746326,
                1.250152798181987e-09,
                1.2256066775443587e-11
            ],
            [
                1.4586288337177795e-11,
                4.2627382968060134e-10,
                7.028067301372111e-10,
                0.43782349893077904,
                0.5621764999255542
            ],
            [
                8.878113617388893e-13,
                1.5736832926674212e-11,
                3.5113620511579015e-12,
                1.6701415110776876e-05,
                0.9999832985647532
            ]
        ],
        [
            [
                0.9999999997507314,
                2.461696943819228e-10,
                0.0,
                0.0,
                3.09881912865615e-12
            ],
            [
                0.9999999468406866,
                5.315784963307881e-08,
                0.0,
                0.0,
                1.46377843396275e-12
            ],
            [
                1.0060392461237581e-12,
                3.224186630985923e-08,
                0.9999999671557813,
                5.905303804302261e-10,
                1.081594120078684e-11
            ],
            [
                1.291065809120571e-12,
                2.593174997935639e-11,
                1.782261374109966e-11,
                0.0005527785851630568,
                0.9994472213697915
            ],
            [
                1.879295887100041e-12,
                4.2772577240093185e-11,
                1.5735151812547837e-11,
                0.0001233946276251319,
                0.9998766053119879
            ]
        ],
        [
            [
                0.9999999998058695,
                1.9171715083121948e-10,
                0.0,
                0.0,
                2.4133627649775644e-12
            ],
            [
                0.9999999928044033,
                7.1941329654734514e-09,
                0.0,
                0.0,
                1.4637785009305921e-12
            ],
            [
                5.789356008017684e-12,
                5.3157849599458697e-08,
                0.9999999447523102,
                2.061153508256832e-09,
                2.2897347188011135e-11
            ],
            [
                1.6545769399979815e-12,
                4.267210170169709e-11,
                2.284073011475802e-11,
                0.0024726229683008894,
                0.9975273769645318
            ],
            [
                0.0,
                2.0192506864391493e-11,
                6.555547175675112e-12,
                0.0007096703447776404,
                0.9992903296284743
            ]
        ],
        [
            [
                0.9999999998058695,
                1.9171715083121948e-10,
                0.0,
                0.0,
                2.4133627649775644e-12
            ],
            [
                0.9999999979375545,
                2.0611536152656186e-09,
                0.0,
                0.0,
                1.2917800002905235e-12
            ],
            [
                2.3659776079576918e-14,
                1.1628233024435944e-10,
                0.9999999998606766,
                2.2897348445064138e-11,
                1.2015425725794134e-13
            ],
            [
                4.50198393876788e-12,
                7.042287750267348e-11,
                3.326541188004064e-11,
                0.0015011820320594098,
                0.9984988178597503
            ],
            [
                1.6582451759315798e-12,
                3.774148624354953e-11,
                1.57329921811547e-11,
                0.00026119032762215966,
                0.9997388096172451
            ]
        ],
        [
            [
                0.9999999997170741,
                2.7894680881281266e-10,
                0.0,
                0.0,
                3.978962529074855e-12
            ],
            [
                0.9999996072121324,
                3.927863695245713e-07,
                8.878265816977154e-13,
                0.0,
                6.101936910264769e-13
            ],
            [
                6.691394946217856e-10,
                2.753568903147487e-05,
                0.9999723161489191,
                1.4449403482680142e-07,
                2.9988751595779925e-09
            ],
            [
                3.507312358090515e-12,
                7.044625186957945e-11,
                3.327645314915851e-11,
                0.0011695103475046096,
                0.9988304895452654
            ],
            [
                2.7331863391911452e-12,
                5.489751513377588e-11,
                4.844688706514816e-11,
                0.0005527785845250749,
                0.9994472213093973
            ]
        ],
        [
            [
                0.9999999999515263,
                4.8473687035091216e-11,
                0.0,
                0.0,
                0.0
            ],
            [
                0.9999996940959628,
                3.0590235878314304e-07,
                1.1399919957055477e-12,
                0.0,
                5.384940891637792e-13
            ],
            [
                4.5087553385614246e-12,
                6.475946138164052e-07,
                0.9999993511411794,
                1.2501528930788026e-09,
                9.545035126637022e-12
            ],
            [
                4.959328561975253e-12,
                9.961077694577315e-11,
                4.7052799321729006e-11,
                0.029312227971525967,
                0.9706877718768511
            ],
            [
                2.4132756052513023e-12,
                2.2896521442952592e-11,
                9.544690172321495e-12,
                3.535625784221479e-05,
                0.9999646437073033
            ]
        ],
        [
            [
                0.9999999999377585,
                6.224144615645517e-11,
                0.0,
                0.0,
                0.0
            ],
            [
                0.9999999994088595,
                5.90530399037924e-10,
                0.0,
                0.0,
                6.101936668755337e-13
            ],
            [
                5.210587498423449e-10,
                0.00015843624068397004,
                0.9998415211763811,
                4.139282348477775e-08,
                6.690526783851105e-10
            ],
            [
                1.2917037197266949e-12,
                2.0205645791121257e-11,
                8.42296631339536e-12,
                5.8291276775897396e-05,
                0.9999417086933038
            ],
            [
                1.0441582669930911e-11,
                2.692919663309905e-10,
                3.918174990372449e-10,
                0.14804720380726288,
                0.8519527955211861
            ]
        ],
        [
            [
                0.9999999997507314,
                2.4616969446866986e-10,
                0.0,
                0.0,
                3.098819129748134e-12
            ],
            [
                0.9992903295607695,
                0.0007096703455974448,
                7.047877402937887e-11,
                1.5725940136240304e-11,
                7.428408130767396e-12
            ],
            [
                3.511422068277681e-12,
                9.237449543329722e-09,
                0.9999999873058433,
                3.3982677758495333e-09,
                5.4927882804082424e-11
            ],
            [
                5.707934345271347e-12,
                1.011755571273921e-10,
                1.011755571273921e-10,
                0.014063627285417468,
                0.9859363725065236
            ],
            [
                1.2916568754189082e-12,
                2.5943621863315697e-11,
                5.7888045011919365e-12,
                9.610239927915513e-05,
                0.9999038975676968
            ]
        ],
        [
            [
                0.9999999999368707,
                6.224144615648032e-11,
                0.0,
                0.0,
                8.878265468104181e-13
            ],
            [
                0.9999999943953239,
                5.602796393049556e-09,
                0.0,
                0.0,
                1.879528801615119e-12
            ],
            [
                1.5428112003708704e-13,
                1.6052280522504657e-09,
                0.9999999982620691,
                1.317651424600232e-10,
                7.835041770738082e-13
            ],
            [
                1.869717437304771e-12,
                4.255457272759422e-11,
                2.010135682270048e-11,
                0.005220125712201283,
                0.9947798742232732
            ],
            [
                2.4057061061243403e-12,
                4.264216104264395e-11,
                2.5863778068767187e-11,
                0.0031726830760807536,
                0.9968273168530075
            ]
        ],
        [
            [
                0.9999999999094393,
