{
    "[['A', 'B', 'C', 'D', 'E'], ['A', 'B', 'C', 'D', 'E']]": [
        [
            [
                0.9999417086569152,
                5.8291276688908847e-05,
                3.774911601023637e-11,
                1.0815302814164523e-11,
                1.7831419798776006e-11
            ],
            [
                0.9947798735812502,
                0.005220125690428338,
                6.656655154707343e-10,
                4.2554572683104556e-11,
                2.010135680168505e-11
            ],
            [
                0.0,
                1.2256067442262607e-11,
                0.9999999999818903,
                5.789356327862973e-12,
                6.431393940488096e-14
            ],
            [
                1.139991837434458e-12,
                3.978962481353344e-12,
                1.291779987097665e-12,
                1.3440409767095619e-08,
                0.9999999865531795
            ],
            [
                1.4637785072662257e-12,
                3.978962517190688e-12,
                1.2917799987323469e-12,
                4.363462232495274e-09,
                0.9999999956298031
            ]
        ],
        [
            [
                0.9988304890377858,
                0.001169510350538129,
                5.205313061349461e-10,
                4.841695355830152e-11,
                4.2727811547783294e-11
            ],
            [
                0.989013056504807,
                0.01098694238347409,
                9.629233566113267e-10,
                7.904156240236078e-11,
                6.97539339955304e-11
            ],
            [
                0.0,
                1.6918979218057523e-10,
                0.9999999997677851,
                6.224144619930248e-11,
                7.835041781316225e-13
            ],
            [
                6.101936664002158e-13,
                3.098819131813568e-12,
                7.835041767597579e-13,
                1.8189616834979993e-09,
                0.9999999981765457
            ],
            [
                4.752193051924524e-13,
                2.413362766324841e-12,
                6.91440009115845e-13,
                1.818961683401362e-09,
                0.9999999981774583
            ]
        ],
        [
            [
                0.9999417086193844,
                5.82912767235382e-05,
                6.223777055317733e-11,
                1.225534366060041e-11,
                2.9399041126490616e-11
            ],
            [
                5.842594724081322e-11,
                1.1735165205775686e-09,
                4.095975123063041e-09,
                0.7310585866625168,
                0.2689414080095657
            ],
            [
                6.431393939340253e-14,
                4.847368704678623e-11,
                0.99999999991782,
                3.3315445410725e-11,
                3.266131341715014e-13
            ],
            [
                3.09881911496941e-12,
                6.560200117869915e-12,
                1.2917799948845163e-12,
                7.194132975182431e-09,
                0.9999999927949161
            ],
            [
                1.006039273983557e-12,
                5.109089001148923e-12,
                1.2917799979809696e-12,
                4.944450475891549e-09,
                0.9999999950481426
            ]
        ],
        [
            [
                0.9992903293105925,
                0.0007096703457760103,
                2.459950926458838e-10,
                5.4888924417803883e-11,
                4.274753731853282e-11
            ],
            [
                0.9859363706144193,
                0.014063627241772686,
                2.0321653837478227e-09,
                7.879560293786918e-11,
                3.2846894182465954e-11
            ],
            [
                1.463778509789608e-12,
                2.646573631068901e-09,
                0.9999999971281583,
                2.1724399286433759e-10,
                6.560200148719826e-12
            ],
            [
                2.7346986387414936e-12,
                1.2256068999916137e-11,
                3.511422559125446e-12,
                1.8553915981441193e-07,
                0.999999814442338
            ],
            [
                1.0060392771791088e-12,
                3.511422106032104e-12,
                1.2917800020841395e-12,
                1.4166087836802505e-09,
                0.999999998577582
            ]
        ],
        [
            [
                0.9997965727243133,
                0.00020342706074582946,
                1.4927901236245408e-10,
                2.2892677991487813e-11,
                4.276915311239472e-11
            ],
            [
                0.9997388094107315,
                0.0002611903262491672,
                1.916670819612411e-10,
                2.289136851765166e-11,
                4.846102753215542e-11
            ],
            [
                1.2917799980219193e-12,
                4.363462230095544e-09,
                0.9999999948436744,
                7.582560388207761e-10,
                3.331544524721628e-11
            ],
            [
                3.0988191355111987e-12,
                4.5087552376233904e-12,
                1.1399918518632317e-12,
                3.5817479265722006e-10,
                0.9999999996330777
            ],
            [
                1.65867835707156e-12,
                3.0988191352792626e-12,
                7.835041776360227e-13,
                8.592166609628837e-10,
                0.9999999991352424
            ]
        ],
        [
            [
                0.9996646497180162,
                0.0003353500576147544,
                1.3172092506563825e-10,
                3.773867687816701e-11,
                5.490945085678343e-11
            ],
            [
                0.9525741239058803,
                0.0474258753991555,
                5.625237368459343e-10,
                8.626580901349352e-11,
                4.617476016490893e-11
            ],
            [
                1.7482341272409653e-13,
                2.1724399337989757e-10,
                0.9999999997268698,
                5.492788347718233e-11,
                7.83504178044784e-13
            ],
            [
                8.87826539229169e-13,
                5.789356272542078e-12,
                1.4637784999192126e-12,
                9.237449572316564e-09,
                0.9999999907544096
            ],
            [
                2.4133627688751704e-12,
                3.97896253096025e-12,
                1.1399918516470745e-12,
                7.582560418618009e-10,
                0.9999999992342117
            ]
        ],
        [
            [
                0.9999646436675551,
                3.5356257475297795e-05,
                3.331424208613036e-11,
                1.2255624761695784e-11,
                2.939971545296342e-11
            ],
            [
                0.07585815822276823,
                0.9241415175886947,
                3.2033779546718353e-07,
                3.558631460913114e-09,
                2.9211025857201594e-10
            ],
            [
                1.4637784356172375e-12,
                5.3157849693162345e-08,
                0.9999999465150535,
                3.160881284782168e-10,
                9.545034410899783e-12
            ],
            [
                3.511422094545455e-12,
                6.560200132972733e-12,
                2.4133627588908306e-12,
                4.944450475422542e-09,
                0.9999999950430645
            ],
            [
                6.10193665466108e-13,
                2.4133627627585894e-12,
                6.914400080940968e-13,
                3.398267806717048e-09,
                0.9999999965980171
            ]
        ],
        [
            [
                0.9997388095358329,
                0.0002611903263253277,
                7.989872691554685e-11,
                2.0201561818640685e-11,
                3.77414862014926e-11
            ],
            [
                0.002472621689048951,
                0.997526984111245,
                3.918150961885963e-07,
                2.3298177254844146e-09,
                5.479206115876765e-11
            ],
            [
                0.0,
                1.783247290465836e-11,
                0.9999999999735898,
                8.423463752821018e-12,
                1.542811202890114e-13
            ],
            [
                7.835041677235408e-13,
                3.978962481077164e-12,
                1.1399918373553312e-12,
                1.344040976616272e-08,
                0.9999999865536877
            ],
            [
                5.384940206908112e-13,
                1.8795288127534843e-12,
                6.101936665315283e-13,
                1.6052280519524877e-09,
                0.9999999983917438
            ]
        ],
        [
            [
                0.9999417086719925,
                5.8291276726604984e-05,
                3.3313477975883514e-11,
                8.42296630627271e-12,
                9.544471240186923e-12
            ],
            [
                8.18557023660575e-08,
                2.9142676451452707e-05,
                0.4999200820670957,
                0.49992008498621754,
                0.00013060841453287408
            ],
            [
                1.8795287680117026e-12,
                2.510999090912727e-08,
                0.9999999742837113,
                5.905303846475541e-10,
                1.3887943506392483e-11
            ],
            [
                2.129785154852457e-12,
                5.10908898943345e-12,
                1.4637785030582642e-12,
                7.1941329759304686e-09,
                0.9999999927971643
            ],
            [
                3.09881913104701e-12,
                5.109089015409694e-12,
                1.4637785105005827e-12,
                2.0611536173337186e-09,
                0.9999999979291747
            ]
        ],
        [
            [
                0.9999038975363298,
                9.610239912221136e-05,
                2.9397974933357364e-11,
                1.2254899205177515e-11,
                2.2895165898812247e-11
            ],
            [
                0.994779873562164,
                0.005220125705658974,
                5.874477550514783e-10,
                9.00880309990471e-11,
                5.464115287406422e-11
            ],
            [
                1.361526107701314e-13,
                2.9400777384458924e-11,
                0.9999999999320202,
                3.775134543202339e-11,
                6.914400104968051e-13
            ],
            [
                1.1399918514103855e-12,
                3.978962530134124e-12,
                7.835041773834289e-13,
                6.691586081701616e-10,
                0.9999999993249389
            ],
            [
                1.2917800033904835e-12,
                3.0988191353741646e-12,
                8.87826546886845e-13,
                6.691586084063848e-10,
                0.999999999325563
            ]
        ],
        [
            [
                0.9990889483959688,
                0.0009110514097268496,
                1.3164506487327236e-10,
                2.9373984407923696e-11,
                3.3285084992247814e-11
            ],
            [
                0.7310585697992162,
                0.26894140205630784,
                2.670911230188375e-08,
                1.1735164943480008e-09,
                2.6184692332069337e-10
            ],
            [
                3.0988191070260804e-12,
                9.23744956748691e-09,
                0.9999999898742887,
                8.592166531290593e-10,
                2.5946094717379442e-11
            ],
            [
                1.4637785070494256e-12,
                7.43368063641484e-12,
                2.1297851606595627e-12,
                4.363462231849002e-09,
                0.9999999956255106
            ],
            [
                3.098819117900345e-12,
                7.433680622404053e-12,
                1.6586783477692958e-12,
                6.348800073385038e-09,
                0.9999999936390087
            ]
        ],
        [
            [
                0.9999038974253068,
                9.61023991662047e-05,
                1.317525830092132e-10,
                1.7830773138707195e-11,
                2.594362183282381e-11
            ],
            [
                0.9947798732947865,
                0.005220125700819258,
                8.547314399069019e-10,
                7.016062906856107e-11,
                7.950240829523538e-11
            ],
            [
                8.423463537444323e-12,
                2.5109990910499427e-08,
                0.9999999743520207,
                5.211412353620345e-10,
                8.423463537444323e-12
            ],
            [
                3.0988191316349787e-12,
                3.978962526737548e-12,
                1.0060392769825546e-12,
                1.8189616833931699e-09,
                0.9999999981729546
            ],
            [
                2.413362764915549e-12,
                5.7893563121360355e-12,
                1.4637785099301328e-12,
                2.3355930321045913e-09,
                0.9999999976547405
            ]
        ],
        [
            [
                0.9997388095566008,
                0.00026119033197003047,
                4.276670668222662e-11,
                2.020156180756951e-11,
                4.84610275197278e-11
            ],
            [
                0.9525741023595452,
                0.04742587436538694,
                2.1108546980663848e-08,
                1.5290980146253715e-09,
                6.374228866631298e-10
            ],
            [
                4.420228102323601e-14,
                3.775134543153814e-11,
                0.999999999948092,
                1.3887943860824334e-11,
                2.244777054351856e-13
            ],
            [
                8.878265462222406e-13,
                4.508755234048868e-12,
                1.0060392774433952e-12,
                1.4166087840523935e-09,
                0.9999999985769885
            ],
            [
                2.1297851640223484e-12,
                5.789356309883616e-12,
                2.4133627639766007e-12,
                2.9989608150943012e-09,
                0.9999999969907067
            ]
        ],
        [
            [
                0.999992110709348,
                7.8892650412086e-06,
                1.081585959313724e-11,
                3.9789323829121115e-12,
                1.081585959313724e-11
            ],
            [
                0.9990889482077995,
                0.0009110514003044053,
                2.786926045585341e-10,
                4.273889513200076e-11,
                7.04645254903518e-11
            ],
            [
                6.101936653309693e-13,
                3.398267805964439e-09,
                0.9999999961346562,
                4.5990553603405976e-10,
                6.560200142033514e-12
            ],
            [
                1.0060392769212328e-12,
                5.7893563151377955e-12,
                1.0060392769212328e-12,
                1.8189616832822975e-09,
                0.9999999981732368
            ],
            [
                7.835041776119225e-13,
                2.1297851685242372e-12,
                6.101936670638822e-13,
                8.592166609364544e-10,
                0.9999999991372599
            ]
        ],
        [
            [
                0.9988304891924696,
                0.001169510352183336,
                3.577555860965641e-10,
                5.486359604442654e-11,
                4.2727811561512625e-11
            ],
            [
                0.9975273762593925,
                0.002472622969450387,
                5.890701924187987e-10,
                7.972198133724405e-11,
                1.0236505030572715e-10
            ],
            [
                3.442477107937928e-14,
                2.020683908709912e-11,
                0.9999999999617282,
                1.7832472905390307e-11,
                1.9810087977428064e-13
            ],
            [
                4.508755203390063e-12,
                9.545034840479247e-12,
                2.7346982679949437e-12,
                8.152020644128708e-09,
                0.9999999918311909
            ],
            [
                6.914400097097866e-13,
                2.413362768397901e-12,
                1.0060392778512653e-12,
                1.1032560307731186e-09,
                0.9999999988926331
            ]
        ],
        [
            [
                0.9990889483299952,
                0.0009110514083742986,
                1.690356092357429e-10,
                3.771694255955872e-11,
                5.487782760980578e-11
            ],
            [
                0.9988304893299698,
                0.0011695103497599828,
                2.1698973164478075e-10,
                4.8416953572464746e-11,
                5.486359604284677e-11
            ],
            [
                7.83504166190452e-13,
                1.522997950531093e-08,
                0.9999999843971741,
                3.5817478739812975e-10,
                1.3887943646657929e-11
            ],
            [
                5.384940204701093e-13,
                3.0988191312103757e-12,
                1.0060392768447063e-12,
                2.06115361744238e-09,
                0.9999999979342031
            ],
            [
                5.384940199866867e-13,
                5.1090890110924514e-12,
                1.0060392759415537e-12,
                2.9989608148956517e-09,
                0.9999999969943856
            ]
        ],
        [
            [
                0.9984988176038384,
                0.001501182033368372,
                2.4579999426198496e-10,
                5.484539208415983e-11,
                6.214797119800927e-11
            ],
            [
                0.9980732647580314,
                0.001926734340166659,
                6.678695190441265e-10,
                1.0242110794975034e-10,
                1.3151130581279834e-10
            ],
            [
                7.287724090724475e-14,
                5.905303994815342e-10,
                0.9999999993914099,
                1.7832472895678803e-11,
                1.5428112021132301e-13
            ],
            [
                1.0060392747310966e-12,
                3.0988191247000002e-12,
                8.878265438286457e-13,
                3.850741905343421e-09,
                0.9999999961442654
            ],
            [
                4.193795654935455e-13,
                2.734698289346046e-12,
                0.0,
                4.599055374875414e-10,
                0.9999999995369404
            ]
        ],
        [
            [
                0.9999251537327741,
                7.484619701688848e-05,
                3.774854051735974e-11,
                1.2255156818137477e-11,
                2.0205337721828958e-11
            ],
            [
                0.49999994630651334,
                0.4999999460555274,
                1.0512164983295006e-07,
                2.1817302384737975e-09,
                3.345791683857271e-10
            ],
            [
                7.99195995308728e-11,
                5.043471853795295e-07,
                0.9999990989361701,
                3.927859829134365e-07,
                3.850741951741485e-09
            ],
            [
                1.879529051718765e-12,
                8.423464808470856e-12,
                2.1297854374492776e-12,
                6.825604230401706e-08,
                0.9999999317315249
            ],
            [
                3.978962526481366e-12,
                5.789356315117935e-12,
                1.463778510684075e-12,
                1.8189616832760574e-09,
                0.9999999981698062
            ]
        ],
        [
            [
                0.9968273155917445,
                0.0031726830868788703,
                1.0997558254147815e-09,
                1.3134710259790366e-10,
                9.027345541579703e-11
            ],
            [
                0.9992903292764796,
                0.0007096703448496223,
                2.7874895859685137e-10,
                3.77245692636157e-11,
                6.219729977292348e-11
            ],
            [
                0.0,
                5.492788348238347e-11,
                0.9999999999113374,
                3.3315445405188706e-11,
                4.193795656305596e-13
            ],
            [
                1.0060392636726848e-12,
                5.109088948785994e-12,
                1.879528787374583e-12,
                1.5229979508390235e-08,
                0.9999999847620258
            ],
            [
                5.384940208409477e-13,
                1.6586783560359044e-12,
                4.1937956511019945e-13,
                1.416608784184936e-09,
                0.9999999985807746
            ]
        ],
        [
            [
                0.999954602097536,
                4.5397855689274604e-05,
                2.9399434232952846e-11,
                6.559900468671998e-12,
                1.0815447436375264e-11
            ],
            [
                0.9999546020579079,
                4.539785569414429e-05,
                6.223860276624055e-11,
                8.423078933620192e-12,
                1.573638316686844e-11
            ],
            [
                1.291779971877528e-12,
                2.5109990917755544e-08,
                0.9999999747164288,
                1.691897879513543e-10,
                3.0988190597785146e-12
            ],
            [
                3.0988191315383835e-12,
                6.560200152946432e-12,
                1.1399918504017149e-12,
                2.0611536176605517e-09,
                0.9999999979280474
            ],
            [
                6.101936654661575e-13,
                2.4133627627587853e-12,
                6.101936654661575e-13,
                3.3982678067173243e-09,
                0.9999999965980984
            ]
        ],
        [
            [
                0.9992903295492604,
                0.0007096703461903426,
                7.986291383215898e-11,
                1.3878093472057365e-11,
                1.0808270063576427e-11
            ],
            [
                0.9990889482692361,
                0.0009110514002265977,
                2.786926045347326e-10,
                2.592245025758759e-11,
                2.592245025758759e-11
            ],
            [
                1.2917799948267625e-12,
                7.194132974860791e-09,
                0.9999999923929209,
                4.058652095184711e-10,
                5.789356284096463e-12
            ],
            [
                2.7346982650331286e-12,
                9.545034830141496e-12,
                2.129785150271813e-12,
                9.237449572258658e-09,
                0.9999999907481408
            ],
            [
                8.878265468387538e-13,
                3.511422109392911e-12,
                1.006039278141996e-12,
                6.691586083701382e-10,
                0.999999999325436
            ]
        ],
        [
            [
                0.9998415636831584,
                0.00015843624937053586,
                4.277110855727961e-11,
                1.0814229799743511e-11,
                1.3885745924772652e-11
            ],
            [
                0.8807970735603224,
                0.1192029233246592,
                2.6414753236003873e-09,
                3.5748481108198157e-10,
                1.1605832596089884e-10
            ],
            [
                0.0,
                8.423463752938588e-12,
                0.9999999999875473,
                3.9789625351144916e-12,
                5.0087746369336995e-14
            ],
            [
                1.2917800004928663e-12,
                5.789356309490179e-12,
                1.2917800004928663e-12,
                2.9989608148904955e-09,
                0.9999999969926663
            ],
            [
                1.6586783548873668e-12,
                5.109089015659709e-12,
                1.6586783548873668e-12,
                2.061153617434582e-09,
                0.9999999979304199
            ]
        ],
        [
            [
                0.9995694426836318,
                0.00043055712197059154,
                1.3170835853729292e-10,
                3.330108813667577e-11,
                2.9388107133312984e-11
            ],
            [
                0.9046505198529864,
                0.095349468987624,
                1.0730171698344705e-08,
                3.240231089622255e-10,
                1.0519490180570992e-10
            ],
            [
                6.431393940113134e-14,
                1.5737102103586803e-11,
                0.9999999999610132,
                2.2897348451688837e-11,
                2.882350792844349e-13
            ],
            [
                1.8795288150857128e-12,
                6.560200163081017e-12,
                7.83504177900584e-13,
                4.0586521233372867e-10,
                0.9999999995849116
            ],
            [
                6.91440010138701e-13,
                1.879528815029569e-12,
                4.752193058954503e-13,
                2.789468090628607e-10,
                0.9999999997180069
            ]
        ],
        [
            [
                0.9999417086444421,
                5.829127667572293e-05,
                3.3313477946804406e-11,
                1.2255343650547573e-11,
                3.3313477946804406e-11
            ],
            [
                0.9770226277587944,
                0.022977367696840854,
                4.263203997562415e-09,
                2.122524288927908e-10,
                6.890827474284722e-11
            ],
            [
                0.0,
                8.42346375319597e-12,
                0.9999999999806779,
                1.0815941555651543e-11,
                8.258073284308231e-14
            ],
            [
                3.5114220945377843e-12,
                8.42346370927689e-12,
                2.734698276920259e-12,
                4.944450475411741e-09,
                0.99999999504088
            ],
            [
                8.423463747050987e-12,
                5.109089023564287e-12,
                1.2917800036484612e-12,
                4.599055374602412e-10,
                0.9999999995252702
            ]
        ],
        [
            [
                0.9995694427101672,
                0.0004305571174119618,
                1.162322184396738e-10,
                2.2887480845655983e-11,
                3.330108813266798e-11
            ],
            [
                0.7310585745514122,
                0.26894140383940746,
                2.0801077716141416e-08,
                6.281381193917676e-10,
                1.7996458429648022e-10
            ],
            [
                1.5737101753986256e-11,
                1.955568064934898e-08,
                0.9999999776793899,
                2.6465735795643903e-09,
                1.0261879401597413e-10
            ],
            [
                8.878265340706169e-13,
                5.109088948791665e-12,
                8.878265340706169e-13,
                1.5229979508407143e-08,
                0.9999999847631358
            ],
            [
                3.978962532113048e-12,
                3.978962532113048e-12,
                1.0060392783416938e-12,
                4.058652122676914e-10,
                0.9999999995851707
            ]
        ],
        [
            [
                0.9999546020647034,
                4.539785568778401e-05,
                4.2775924402174334e-11,
                7.43334106810396e-12,
                2.939943423198755e-11
            ],
            [
                0.9914225121276968,
                0.008577485676858775,
                1.803357894268745e-09,
                2.44057951397842e-10,
                1.4802863026944695e-10
            ],
            [
                0.0,
                1.7832472902570332e-11,
                0.9999999999662557,
                1.573710210194205e-11,
                1.7482341277243995e-13
            ],
            [
                6.101936423230091e-13,
                6.560199894674631e-12,
                2.129785082170105e-12,
                4.139937546201006e-08,
                0.9999999585913244
            ],
            [
                5.38494021237573e-13,
                1.4637785126639338e-12,
                3.7010116748962204e-13,
                4.0586521224220414e-10,
                0.9999999995917623
            ]
        ],
        [
            [
                0.9990889480526134,
                0.0009110514092419081,
                4.054953466837206e-10,
                7.04645254440355e-11,
                6.218472544645475e-11
            ],
            [
                0.6791786965258478,
                0.3208212807846973,
                2.1897982894399856e-08,
                6.612617856375644e-10,
                1.3021016595840948e-10
            ],
            [
                0.0,
                3.3315445408895735e-11,
                0.9999999999328308,
                3.3315445408895735e-11,
                5.384940215690219e-13
            ],
            [
                9.545034902276406e-12,
                7.433680656336757e-12,
                2.4133627666337645e-12,
                1.818961683634199e-09,
                0.9999999981616463
            ],
            [
                2.1297851670557723e-12,
                5.109089018707681e-12,
                1.463778511445472e-12,
                1.4166087840491354e-09,
                0.9999999985746886
            ]
        ],
        [
            [
                0.9992903294186528,
                0.0007096703451729672,
                1.6906978982899058e-10,
                2.9379924096921645e-11,
                3.772456928080403e-11
            ],
            [
                0.9933071473923748,
                0.006692851423085969,
                9.67103344279498e-10,
                1.1550402302797171e-10,
                1.019319425582448e-10
            ],
            [
                2.365977608851138e-14,
                3.33154454176704e-11,
                0.9999999999600437,
                6.560200167367369e-12,
                5.675685231952345e-14
            ],
            [
                6.101936581836072e-13,
                3.5114220582651123e-12,
                8.878265339116218e-13,
                1.5229979505679703e-08,
                0.999999984765011
            ],
            [
                2.413362751153739e-12,
                6.560200111941137e-12,
                1.8795288004338917e-12,
                8.152020644617632e-09,
                0.9999999918371264
            ]
        ],
        [
            [
                0.9933071471879473,
                0.006692851432619647,
                1.095871657911415e-09,
                1.6805736176530185e-10,
                1.155040229631878e-10
            ],
            [
                0.9890130539411882,
                0.01098694235292251,
                3.360932746978058e-09,
                2.4346515159954985e-10,
                1.014913748171226e-10
            ],
            [
                8.878265249266367e-13,
                2.510999090922293e-08,
                0.9999999743540919,
                5.211412353355416e-10,
                1.3887943506445392e-11
            ],
            [
                1.1399918500153664e-12,
                3.511422104046569e-12,
                6.914400088568457e-13,
                2.0611536169620175e-09,
                0.9999999979335035
            ],
            [
                2.4133627651893133e-12,
                7.433680651887535e-12,
                1.6586783543479497e-12,
                2.335593032369534e-09,
                0.9999999976529013
            ]
        ],
        [
            [
                0.9997388095441021,
                0.0002611903286084671,
                1.0259199618100904e-10,
                1.0813116843732102e-11,
                1.3884316860966349e-11
            ],
            [
                0.9998766052363375,
                0.00012339462747541462,
                7.052005781284235e-11,
                2.2894510767192738e-11,
                4.277257718819632e-11
            ],
            [
                0.0,
                3.331544540762798e-11,
                0.9999999999368645,
                2.940077738045788e-11,
                4.193795656612655e-13
            ],
            [
                5.384940206918486e-13,
                3.5114221063108456e-12,
                1.0060392772589697e-12,
                1.416608783792703e-09,
                0.9999999985783352
            ],
            [
                1.6586783490843333e-12,
                4.508755215574392e-12,
                1.291779997130464e-12,
                5.602796404333171e-09,
                0.9999999943897444
            ]
        ],
        [
            [
                0.9999977396372222,
                2.260325268136444e-06,
                1.3887918435023837e-11,
                5.789345727954426e-12,
                1.783244025545685e-11
            ],
            [
                0.8807970693417329,
                0.11920292278899164,
                7.180274334802216e-09,
                5.201373282523441e-10,
                1.6886386698230336e-10
            ],
            [
                0.0,
                7.05287984824165e-11,
                0.9999999999090896,
                2.0206839081998018e-11,
                1.7482341275595283e-13
            ],
            [
                1.6586783569730845e-12,
                3.5114221092671043e-12,
                1.006039278105952e-12,
                7.582560419038058e-10,
                0.9999999992355679
            ],
            [
                2.413362761650635e-12,
                5.789356304303915e-12,
                2.1297851619696908e-12,
                3.850741906520377e-09,
                0.9999999961389257
            ]
        ],
        [
            [
                0.999876605224521,
                0.0001233946274944961,
                1.1626791934501538e-10,
                1.3886222721570737e-11,
                1.783026291628365e-11
            ],
            [
                0.9975273762587173,
                0.002472622971538903,
                5.890701924184e-10,
                9.033683982765936e-11,
                9.033683982765936e-11
            ],
            [
                0.0,
                7.052879848693225e-11,
                0.9999999999031985,
                2.5946094973865903e-11,
                3.2661313416672583e-13
            ],
            [
                1.2917800013506866e-12,
                4.508755230304416e-12,
                1.8795288115407374e-12,
                2.3355930325881516e-09,
                0.9999999976567269
            ],
            [
                1.4637785120199733e-12,
                3.09881913426356e-12,
                6.101936668826478e-13,
                9.736200299002111e-10,
                0.9999999990212072
            ]
        ],
        [
            [
                0.9999921107196783,
                7.8892650443743e-06,
                7.433624342254577e-12,
                2.7346775689070446e-12,
                5.109050312991163e-12
            ],
            [
                0.18242551121577277,
                0.8175743828632326,
                1.0425624610777763e-07,
                1.4871354809555332e-09,
                1.77613004705275e-10
            ],
            [
                4.193795623553818e-13,
                7.194132970584535e-09,
                0.9999999917985122,
                9.736200232159118e-10,
                3.3315445145009106e-11
            ],
            [
                2.7346982884827478e-12,
                3.978962531313487e-12,
                1.1399918517482785e-12,
                6.691586083684999e-10,
                0.9999999993229878
            ],
            [
                1.4637785122738275e-12,
                3.5114221089335995e-12,
                6.101936669884701e-13,
                5.90530399147221e-10,
                0.9999999994038842
            ]
        ],
        [
            [
                0.9998415636093052,
                0.0001584362466683803,
                9.054643754465431e-11,
                1.573461151752402e-11,
                3.774537082955851e-11
            ],
            [
                0.8807970523998031,
                0.11920292047742218,
                2.5061619481136125e-08,
                1.602135731805389e-09,
                4.59019572383355e-10
            ],
            [
                4.193795651549934e-13,
                1.2501528643508645e-09,
                0.9999999984620573,
                2.7894680883262664e-10,
                8.423463740751009e-12
            ],
            [
                7.835041738938101e-13,
                3.511422092704144e-12,
                1.13999184633302e-12,
                5.602796404552606e-09,
                0.9999999943917686
            ],
            [
                1.4637785105724581e-12,
                5.789356314676482e-12,
                1.0060392768410684e-12,
                2.0611536174349266e-09,
                0.9999999979305871
            ]
        ],
        [
            [
                0.999989869969685,
                1.0129988090368251e-05,
                1.783230418326806e-11,
                6.560138097739827e-12,
                1.783230418326806e-11
            ],
            [
                0.9980732651941158,
                0.0019267343378975904,
                3.5748479305147313e-10,
                4.838030572040299e-11,
                6.212154221212077e-11
            ],
            [
                3.037975385052683e-14,
                2.9400777389066094e-11,
                0.9999999999620393,
                8.423463753386052e-12,
                1.0603575990161059e-13
            ],
            [
                7.835041770324447e-13,
                3.0988191328920654e-12,
                8.878265461757116e-13,
                1.4166087839781521e-09,
                0.999999998578621
            ],
            [
                1.2917800027546491e-12,
                3.978962529580251e-12,
                1.0060392777013023e-12,
                1.2501528644208552e-09,
                0.9999999987435704
            ]
        ],
        [
            [
                0.9997388094893707,
                0.0002611903262697124,
                1.0259199609871017e-10,
                3.3306744664664444e-11,
                4.846102753596735e-11
            ],
            [
                0.9999898699860994,
                1.012998809413144e-05,
                1.2255951485852503e-11,
                2.7346724178096557e-12,
                1.0815839224491905e-11
            ],
            [
                7.052880352362298e-11,
                3.05902050511321e-07,
                0.9999992816857303,
                3.927860078734335e-07,
                1.9555682477678207e-08
            ],
            [
                6.560200146031894e-12,
                6.560200146031894e-12,
                1.879528810201057e-12,
