{
    "[['A', 'B', 'C', 'D', 'E'], ['A', 'B', 'C', 'D', 'E']]": [
        [
            [
                0.999999999868235,
                1.3176514249676272e-10,
                0.0,
                0.0,
                0.0
            ],
            [
                7.889257234795639e-06,
                0.9999917166957446,
                3.9278298932043573e-07,
                1.2501433478337788e-09,
                1.3887838123392095e-11
            ],
            [
                1.5428111942769964e-13,
                5.6027964051623914e-09,
                0.999999994370967,
                2.5946094832839244e-11,
                1.3615261002222897e-13
            ],
            [
                4.470077322765481e-12,
                7.923401640174593e-11,
                1.3768807485548637e-11,
                0.008577485684245021,
                0.9914225142182821
            ],
            [
                1.005979868170766e-12,
                1.5736172760699437e-11,
                3.098636139611933e-12,
                5.829127745288973e-05,
                0.9999417087027063
            ]
        ],
        [
            [
                0.9999999999200804,
                7.991959882313722e-11,
                0.0,
                0.0,
                0.0
            ],
            [
                0.9999999677572686,
                3.224186631142655e-08,
                5.384940040525476e-13,
                0.0,
                3.266131235292892e-13
            ],
            [
                0.0,
                1.4930946755764092e-10,
                0.9999999998304192,
                2.0206839081821166e-11,
                6.431393938778144e-14
            ],
            [
                1.6584727995024691e-12,
                2.939713376508908e-11,
                3.098435103181789e-12,
                0.00012339462832368193,
                0.9998766053375223
            ],
            [
                6.914347714579735e-13,
                8.42339992750715e-12,
                1.6586657906403191e-12,
                7.88926504756008e-06,
                0.9999921107241789
            ]
        ],
        [
            [
                0.9999999993284281,
                6.691586071170079e-10,
                0.0,
                0.0,
                2.413362764575834e-12
            ],
            [
                0.9984988178931351,
                0.0015011820281364712,
                6.214797124788035e-11,
                1.079969804118905e-11,
                5.780661801100591e-12
            ],
            [
                1.388794306332051e-11,
                5.315784947585281e-08,
                0.9999999424270491,
                4.363462001074798e-09,
                3.775134326369799e-11
            ],
            [
                3.072236219707552e-12,
                6.170751402769054e-11,
                1.5602102904876998e-11,
                0.008577485681948433,
                0.9914225142376697
            ],
            [
                3.09875438778712e-12,
                3.775055661491998e-11,
                8.423287743179463e-12,
                2.1444939755610904e-05,
                0.9999785550109718
            ]
        ],
        [
            [
                0.999999999683912,
                3.16088144883324e-10,
                0.0,
                0.0,
                0.0
            ],
            [
                0.9999999123550769,
                8.764249137214455e-08,
                1.1399919724215377e-12,
                0.0,
                1.2917801400580656e-12
            ],
            [
                2.0206841349404347e-11,
                1.8553915700540184e-07,
                0.9999997991557269,
                1.522998144746775e-08,
                5.492788965064069e-11
            ],
            [
                1.652058323711377e-11,
                3.7600674136058563e-10,
                1.5674292961630826e-10,
                0.18242551517554287,
                0.8175744842751869
            ],
            [
                1.2913465119022893e-12,
                2.020005812061793e-11,
                6.5579987096406796e-12,
                0.0003353500571398764,
                0.9996646499148106
            ]
        ],
        [
            [
                0.9999999950520382,
                4.944450462645479e-09,
                0.0,
                0.0,
                3.511422085471512e-12
            ],
            [
                0.9994472212961185,
                0.0005527785868324043,
                9.051070079988061e-11,
                1.5728401402458612e-11,
                1.0809961656430696e-11
            ],
            [
                2.1723615806285496e-10,
                3.535622559418573e-05,
                0.9999643370753732,
                3.0589128737366764e-07,
                5.905091009465156e-10
            ],
            [
                1.463597108599598e-12,
                1.7830262936417665e-11,
                2.734359381450688e-12,
                0.00012339462824395196,
                0.9998766053497278
            ],
            [
                1.6575018979434907e-12,
                2.9379924123176e-11,
                8.41748919267834e-12,
                0.0007096703458071396,
                0.999290329614738
            ]
        ],
        [
            [
                0.9999999997525384,
                2.4616969461322733e-10,
                0.0,
                0.0,
                1.2917800018037731e-12
            ],
            [
                0.9999546021082941,
                4.539785568976302e-05,
                2.289630240272628e-11,
                6.559900468742574e-12,
                6.559900468742574e-12
            ],
            [
                1.748234093589466e-13,
                1.9555680699903527e-08,
                0.9999999802936952,
                1.4930946465770475e-10,
                1.1399918304291173e-12
            ],
            [
                1.30365910184173e-11,
                4.317126035755178e-10,
                6.281381317848495e-10,
                0.7310585898537879,
                0.26894140907332476
            ],
            [
                7.834683853622393e-13,
                1.2255507545120789e-11,
                1.4637116437289541e-12,
                4.5397855738788206e-05,
                0.9999546021297586
            ]
        ],
        [
            [
                0.9999999983934802,
                1.605228051042641e-09,
                0.0,
                0.0,
                1.2917800014520107e-12
            ],
            [
                0.9999970976783076,
                2.9023121979231704e-06,
                5.789334429374147e-12,
                1.291775118379072e-12,
                2.4133536428232317e-12
            ],
            [
                1.0603575986663188e-13,
                1.9171715128794845e-10,
                0.9999999997877718,
                2.0206839080959396e-11,
                1.9810087971408892e-13
            ],
            [
                5.092879866125914e-12,
                1.6865301853808404e-10,
                2.930750010618389e-11,
                0.0031726830715242105,
                0.9968273167254225
            ],
            [
                2.4120284780844665e-12,
                3.3297026064623524e-11,
                6.556573181702731e-12,
                0.0005527785874022957,
                0.999447221370332
            ]
        ],
        [
            [
                0.9999999998506905,
                1.4930946720204606e-10,
                0.0,
                0.0,
                0.0
            ],
            [
                0.9999999961481181,
                3.850741901753695e-09,
                0.0,
                0.0,
                1.1399918468232946e-12
            ],
            [
                3.7751275460668966e-11,
                2.2603252168615636e-06,
                0.9999977144976862,
                2.5109945009416902e-08,
                2.94007228907133e-11
            ],
            [
                5.770988939841191e-12,
                7.030503790690184e-11,
                2.0142730603764878e-11,
                0.0031726830931298067,
                0.9968273168106514
            ],
            [
                3.971297333297914e-12,
                5.482206865244148e-11,
                1.7798119853703967e-11,
                0.001926734343707907,
                0.9980732655797007
            ]
        ],
        [
            [
                0.9999999995388027,
                4.599055369142771e-10,
                0.0,
                0.0,
                1.2917800021149604e-12
            ],
            [
                0.9998415637163491,
                0.00015843624664152982,
                2.5941988690748635e-11,
                6.5591619349401894e-12,
                4.5080416757382405e-12
            ],
            [
                4.671580584438144e-07,
                0.5618062535602196,
                0.43753515068202414,
                0.0006578075269726276,
                3.2107272506924006e-07
            ],
            [
                1.0498898644389998e-11,
                3.0682279337407613e-10,
                8.790620208771576e-11,
                0.029312227961197698,
                0.9706877716335744
            ],
            [
                5.770988940428847e-12,
                5.475361858133549e-11,
                1.5687174369005853e-11,
                0.0031726830900091576,
                0.996827316833779
            ]
        ],
        [
            [
                0.9999999993295496,
                6.691586074623568e-10,
                0.0,
                0.0,
                1.2917800015680808e-12
            ],
            [
                0.9997965729054847,
                0.0002034270607264379,
                2.289267798930558e-11,
                5.7881754497042396e-12,
                5.108046905980189e-12
            ],
            [
                4.941707360106727e-09,
                0.0005527780556123249,
                0.9994461417425082,
                1.0671126740153334e-06,
                8.147498038183339e-09
            ],
            [
                8.367083380543805e-12,
                1.6805736217930246e-10,
                4.249155552542673e-11,
                0.006692851426687176,
                0.9933071483543968
            ],
            [
                1.1399397739353192e-12,
                2.2896302419588055e-11,
                3.978780761885784e-12,
                4.539785626166529e-05,
                0.9999546021157233
            ]
        ],
        [
            [
                0.9999999991394914,
                8.592166602301118e-10,
                0.0,
                0.0,
                1.2917800022492444e-12
            ],
            [
                0.9999996072104593,
                3.92786369466215e-07,
                1.2917800538480812e-12,
                0.0,
                1.879528887923996e-12
            ],
            [
                1.723190910709651e-08,
                0.0015011812466033036,
                0.9984982929942611,
                5.035902018382352e-07,
                4.937024618241945e-09
            ],
            [
                5.091114865759876e-11,
                1.158732402537892e-09,
                1.6859456975325544e-09,
                0.43782349825661127,
                0.5621764988477995
            ],
            [
                1.4636389898275887e-12,
                2.594362185540169e-11,
                5.7888044994260836e-12,
                9.610240025578283e-05,
                0.9999038975665482
            ]
        ],
        [
            [
                0.9999999998818381,
                1.1628233004879381e-10,
                0.0,
                0.0,
                1.8795288124429967e-12
            ],
            [
                0.9999997617596984,
                2.38236984254105e-07,
                1.6586784807818785e-12,
                0.0,
                1.6586784807818785e-12
            ],
            [
                0.0,
                3.775134542724613e-11,
                0.9999999999464053,
                1.5737102100382842e-11,
                1.0603575987157617e-13
            ],
            [
                7.917324695443607e-12,
                1.590237175031981e-10,
                4.5561057879206026e-11,
                0.06008665449559412,
                0.9399133452919037
            ],
            [
                8.87716519858888e-13,
                1.7830262936949355e-11,
                2.4130636847553185e-12,
                0.0001233946282476315,
                0.9998766053506213
            ]
        ],
        [
            [
                0.9999999990263799,
                9.73620028344625e-10,
                0.0,
                0.0,
                0.0
            ],
            [
                0.9999997617607655,
                2.3823698435777733e-07,
                1.139991937298767e-12,
                3.266131584180378e-13,
                7.835042364135927e-13
            ],
            [
                0.0,
                2.461696950392306e-10,
                0.9999999997379996,
                1.5737102097765465e-11,
                9.357622963430641e-14
            ],
            [
                2.4073952424338412e-12,
                5.4792063166449575e-11,
                8.402635030256101e-12,
                0.0024726229694777796,
                0.9975273769649201
            ],
            [
                1.8792313592358712e-12,
                2.2893724684655583e-11,
                6.559161940150367e-12,
                0.00015843624823092827,
                0.999841563720437
            ]
        ],
        [
            [
                0.9999999998506905,
                1.4930946732555426e-10,
                0.0,
                0.0,
                0.0
            ],
            [
                0.9999999804438442,
                1.9555680690588335e-08,
                4.752192966233145e-13,
                0.0,
                0.0
            ],
            [
                2.2897176640554386e-11,
                8.315232725247609e-07,
                0.9999930186789677,
                6.144172108251857e-06,
                5.602754395572423e-09
            ],
            [
                1.4601590246343744e-12,
                2.5881937996424043e-11,
                3.969123743324103e-12,
                0.0024726229682979386,
                0.9975273770003908
            ],
            [
                7.83499796012682e-13,
                1.2255998890362908e-11,
                1.0060336520499444e-12,
                6.144172126423563e-06,
                0.999993855813828
            ]
        ],
        [
            [
                0.9999999991396433,
                8.592166599600247e-10,
                0.0,
                0.0,
                1.1399918504473336e-12
            ],
            [
                0.9995694427969132,
                0.000430557117449327,
                6.221462328735032e-11,
                1.3881958857680708e-11,
                9.540921491501322e-12
            ],
            [
                1.7832441246736285e-11,
                1.0677031325755967e-06,
                0.9999987464239637,
                1.8553898378205488e-07,
                3.1608758421944687e-10
            ],
            [
                1.2910658090553888e-12,
                2.9384522372939865e-11,
                3.5094807281000388e-12,
                0.0005527785848139907,
                0.999447221381001
            ],
            [
                4.752021422055067e-13,
                6.5599632254539235e-12,
                1.1399506785770297e-12,
                3.535625751904025e-05,
                0.9999646437343058
            ]
        ],
        [
            [
                0.999999999408006,
                5.905303983267752e-10,
                0.0,
                0.0,
                1.4637785102401458e-12
            ],
            [
                0.996827316820397,
                0.003172683070392712,
                9.027345559453967e-11,
                1.3843882789677753e-11,
                5.0928798643096005e-12
            ],
            [
                1.0815942368105628e-11,
                8.315279884320753e-07,
                0.9999991663771445,
                2.0611537769534875e-09,
                2.2897350172961348e-11
            ],
            [
                5.106264327920512e-12,
                6.220703433664724e-11,
                2.5931749971785083e-11,
                0.0005527785862452381,
                0.9994472213205098
            ],
            [
                2.12907046187262e-12,
                3.3304265490571887e-11,
                7.43118609253713e-12,
                0.00033535005643179526,
                0.9996646499007037
            ]
        ],
        [
            [
                0.999999999682772,
                3.1608814493562074e-10,
                0.0,
                0.0,
                1.139991851256407e-12
            ],
            [
                0.9999989322925471,
                1.067703075794615e-06,
                2.1297812762767668e-12,
                7.835027457340981e-13,
                1.4637758373547753e-12
            ],
            [
                2.1297853948414813e-12,
                8.764249140752433e-08,
                0.9999999116777966,
                6.691586794720729e-10,
                8.423464639953753e-12
            ],
            [
                5.0964557665381676e-12,
                7.972198147000462e-11,
                3.323306620835875e-11,
                0.0024726229735680316,
                0.9975273769083806
            ],
            [
                8.8779448121277e-13,
                1.783182883260133e-11,
                2.7345995194080165e-12,
                3.535625752199524e-05,
                0.9999646437210238
            ]
        ],
        [
            [
                0.9999999998308102,
                1.6918979192491955e-10,
                0.0,
                0.0,
                0.0
            ],
            [
                0.9999999530860642,
                4.691163797186039e-08,
                1.0060392311065548e-12,
                0.0,
                1.291779942925809e-12
            ],
            [
                0.0,
                4.2777878683974565e-11,
                0.9999999999463127,
                1.0815941555840609e-11,
                9.357622967589931e-14
            ],
            [
                3.0951922919411408e-12,
                5.486359611213564e-11,
                1.0803282618166937e-11,
                0.0011695103493759096,
                0.998830489581862
            ],
            [
                1.0059933194865481e-12,
                1.7831658251256133e-11,
                4.508549264775973e-12,
                4.5397856408089944e-05,
                0.9999546021202458
            ]
        ],
        [
            [
                0.9999999997538302,
                2.461696948491031e-10,
                0.0,
                0.0,
                0.0
            ],
            [
                0.9999998144572467,
                1.8553915971640644e-07,
                1.4637786991685127e-12,
                0.0,
                2.129785440191185e-12
            ],
            [
                2.461692634978145e-10,
                1.7603432252089684e-06,
                0.9999980532812652,
                1.855388108997566e-07,
                5.905293643389838e-10
            ],
            [
                3.0552370906624514e-12,
                1.1464692601405326e-10,
                2.89872824336499e-11,
                0.014063627331174592,
                0.9859363725221361
            ],
            [
                6.91330582462396e-13,
                1.5734611531790864e-11,
                1.8792313597655386e-12,
                0.00015843624759541734,
                0.9998415637340995
            ]
        ],
        [
            [
                0.9999999996826201,
                3.1608814505921336e-10,
                0.0,
                0.0,
                1.29178000326508e-12
            ],
            [
                0.9999938558227502,
                6.14417212315431e-06,
                3.0988018039739375e-12,
                8.878215813575435e-13,
                1.1399854759469896e-12
            ],
            [
                6.914399998439853e-13,
                1.5229979505724705e-08,
                0.9999999846662351,
                1.0261879470673093e-10,
                4.752192988200026e-13
            ],
            [
                2.1230281868117824e-12,
                7.030503792731522e-11,
                9.514752220854003e-12,
                0.0031726830804306837,
                0.9968273168376266
            ],
            [
                3.26612536981174e-13,
                5.7893457413778834e-12,
                1.1399897682709858e-12,
                2.2603252733773433e-06,
                0.9999977396674706
            ]
        ],
        [
            [
                0.9999999997210531,
                2.7894680870136957e-10,
                0.0,
                0.0,
                0.0
            ],
            [
                0.9999999634631516,
                3.653482075666909e-08,
                8.87826514297663e-13,
                0.0,
                1.1399918099674819e-12
            ],
            [
                7.189016656386413e-09,
                0.0007096696662264067,
                0.9992892541403964,
                1.0669446728153498e-06,
                2.0596877567625126e-09
            ],
            [
                1.6520583238629027e-11,
                4.260714573545248e-10,
                2.9283434463860984e-10,
                0.18242551502119497,
                0.8175744842433786
            ],
            [
                1.658643700592826e-12,
                1.3887653674391785e-11,
                3.511348741709521e-12,
                2.1444939760218913e-05,
                0.9999785550411822
            ]
        ],
        [
            [
                0.9999999996406852,
                3.581747923918187e-10,
                0.0,
                0.0,
                1.1399918510185174e-12
            ],
            [
                0.9999994956494521,
                5.043472045944469e-07,
                1.8795289022884924e-12,
                0.0,
                1.463778580907616e-12
            ],
            [
                4.84735978455787e-11,
                2.2603252467840307e-06,
                0.9999977277357806,
                1.1861098320633404e-08,
                2.9400723279923736e-11
            ],
            [
                1.4252665043636632e-11,
                2.8627242998778973e-10,
                1.967519719440471e-10,
                0.3775406761615716,
                0.6224593233411513
            ],
            [
                1.8784896678773027e-12,
                2.9384522372855544e-11,
                5.106264329138939e-12,
                0.000552778585497482,
                0.9994472213781332
            ]
        ],
        [
            [
                0.9999999997538302,
                2.4616969467284766e-10,
                0.0,
                0.0,
                0.0
            ],
            [
                0.9984988177563429,
                0.001501182033127254,
                1.689357007560105e-10,
                2.935662290993628e-11,
                1.223766111717641e-11
            ],
            [
                0.0,
                1.7832472900395186e-11,
                0.9999999999711973,
                1.081594155258435e-11,
                1.5428112025212772e-13
            ],
            [
                1.5706786469588546e-11,
                5.20137332759098e-10,
                1.6886386844543212e-10,
                0.11920292373222674,
                0.8807970755630653
            ],
            [
                1.2915755656442271e-12,
                2.2893724685960647e-11,
                3.978332818948185e-12,
                0.00015843624843482897,
                0.9998415637234015
            ]
        ],
        [
            [
                0.9999999992393305,
                7.58256040207628e-10,
                0.0,
                0.0,
                2.4133627636103002e-12
            ],
            [
                0.9999999966017321,
                3.3982678059400665e-09,
                0.0,
                0.0,
                0.0
            ],
            [
                1.4165576921820666e-09,
                3.535625928903309e-05,
                0.9999644561223976,
                1.8553262114542886e-07,
                6.691344738148102e-10
            ],
            [
                5.363448113629265e-12,
                2.0126190564482238e-10,
                9.506939256753212e-11,
                0.1824255150793694,
                0.8175744846189359
            ],
            [
                7.835027456229809e-13,
                9.545017466746556e-12,
                1.6586753254999268e-12,
                2.2603252732588536e-06,
                0.9999977396627395
            ]
        ],
        [
            [
                0.9999999998493987,
                1.4930946732536137e-10,
                0.0,
                0.0,
                1.2917800022393261e-12
            ],
            [
                0.9998415637076787,
                0.00015843624666342967,
                3.331017284295149e-11,
                6.5591619358468295e-12,
                5.788440091935606e-12
            ],
            [
                3.978963157354959e-12,
                8.764249588427515e-08,
                0.9999998435763394,
                6.825604442500586e-08,
                5.21141330191611e-10
            ],
            [
                8.878147474871466e-13,
                1.5736892940498044e-11,
                2.4133306951322664e-12,
                1.30071247703214e-05,
                0.9999869928561916
            ],
            [
                1.6581217430304118e-12,
                2.28896646111942e-11,
                5.787413548400551e-12,
                0.0003353500567752332,
                0.9996646499128895
            ]
        ],
        [
            [
                0.9999999996418252,
                3.5817479232455247e-10,
                0.0,
                0.0,
                0.0
            ],
            [
                0.9999921107257745,
                7.889265044422396e-06,
                5.109050313022309e-12,
                1.6586657899806418e-12,
                2.4133444841427506e-12
            ],
            [
                6.691280258960891e-10,
                4.5397854803544245e-05,
                0.9999545818590426,
                1.955478731476483e-08,
                6.223860154526433e-11
            ],
            [
                2.589611292210966e-11,
                5.201373322640709e-10,
                7.567953528666378e-10,
                0.8807970752914508,
                0.11920292340572033
            ],
            [
                8.877859888126395e-13,
                2.289630242519933e-11,
                1.8794429530648577e-12,
                4.539785573432167e-05,
                0.9999546021186022
            ]
        ],
        [
            [
                0.999999997663267,
                2.3355930304218314e-09,
                0.0,
                0.0,
                1.1399918489553346e-12
            ],
            [
                0.9999999397627898,
                6.023574633747589e-08,
                0.0,
                0.0,
                1.4637787075267744e-12
            ],
            [
                0.0,
                1.5737102100783844e-11,
                0.9999999999718867,
                1.225606743936511e-11,
                1.201542572713037e-13
            ],
            [
                1.463396231376233e-12,
                2.593931885889234e-11,
                3.0980098461344105e-12,
                0.0002611903280602831,
                0.9997388096414389
            ],
            [
                2.7305912878492616e-12,
                7.042287748855841e-11,
                1.780569187961429e-11,
                0.0015011820360078735,
                0.998498817873033
            ]
        ],
        [
            [
                0.9999999979377063,
                2.061153615608747e-09,
                0.0,
                0.0,
                1.1399918492668937e-12
            ],
            [
                0.9999997617594223,
                2.3823698417938698e-07,
                1.4637786212146467e-12,
                0.0,
                2.129785326768979e-12
            ],
            [
                6.431393939475742e-14,
                1.3176514266046546e-10,
                0.9999999998420264,
                2.594609497479187e-11,
                1.981008797440249e-13
            ],
            [
                3.0987072142933193e-12,
                3.774998192411665e-11,
                8.423159512328479e-12,
                3.535625751194119e-05,
                0.9999646436932162
            ],
            [
                1.0060335800099661e-12,
                1.573701295522787e-11,
                3.0988015837240245e-12,
                4.785094847569517e-06,
                0.9999952148853106
            ]
        ],
        [
            [
                0.9999999996418252,
                3.5817479245184735e-10,
                0.0,
                0.0,
                0.0
            ],
            [
                0.9999999827404747,
                1.725782767527008e-08,
                6.914399981659971e-13,
                0.0,
                1.0060392610551507e-12
            ],
            [
                2.2447770416768164e-13,
                5.602796404231243e-09,
                0.9999999943344109,
                6.224144585908131e-11,
                3.2661313233718124e-13
            ],
            [
                1.1504751208331588e-11,
                2.3107910518703206e-10,
                1.5881819154765844e-10,
                0.2689414099609429,
                0.731058589637655
            ],
            [
                5.739692895416546e-12,
                7.923401638001997e-11,
                3.7427499177255116e-11,
                0.008577485700802369,
                0.9914225141767964
            ]
        ],
        [
            [
                0.999999999683912,
                3.160881448833663e-10,
                0.0,
                0.0,
                0.0
            ],
            [
                0.9999998874620489,
                1.12535183702228e-07,
                8.878266187155252e-13,
                0.0,
                1.879528966569942e-12
            ],
            [
                1.3176413997023616e-10,
                7.88926478955908e-06,
                0.9999920780828796,
                3.224162201245028e-08,
                2.7894468650594476e-10
            ],
            [
                1.4236581968397345e-11,
                4.1605391151925634e-10,
                5.342237971030779e-10,
                0.9046505291600261,
                0.09534946987545972
            ],
            [
                5.384930372258359e-13,
                7.433667081064643e-12,
                1.1399897687529044e-12,
                1.0677030761505227e-06,
                0.9999989322878117
            ]
        ],
        [
            [
                0.9999999997210531,
                2.789468087609899e-10,
                0.0,
                0.0,
                0.0
            ],
            [
                0.9999998144578899,
                1.8553915971652576e-07,
                1.2917801680863516e-12,
                0.0,
                1.6586785685960383e-12
            ],
            [
                5.789356447853305e-12,
                6.475946133145913e-07,
                0.999999350318237,
                2.06115366484916e-09,
                2.0206839506001084e-11
            ],
            [
                1.2910658086405201e-12,
                3.329702606030474e-11,
                7.429570757302239e-12,
                0.0005527785867305958,
                0.9994472213712517
            ],
            [
                2.1245188449264502e-12,
                4.2672101703778226e-11,
                7.415299388384e-12,
                0.0024726229673026822,
                0.9975273769804854
            ]
        ],
        [
            [
                0.999999999592843,
                4.058652116457679e-10,
                0.0,
                0.0,
                1.2917800015974818e-12
            ],
            [
                0.9999999994084636,
                5.905303985971478e-10,
                0.0,
                0.0,
                1.0060392770732858e-12
            ],
            [
                0.0,
                1.0261879628256914e-10,
                0.9999999998815379,
                1.573710210157986e-11,
                1.0603575987964161e-13
            ],
            [
                4.44534373743632e-12,
                1.1464692603724812e-10,
                2.257531826300586e-11,
                0.014063627297400528,
                0.9859363725609318
            ],
            [
                8.877605834486459e-13,
                2.2895647212226215e-11,
                2.7344951069438215e-12,
                7.484619711183026e-05,
                0.9999251537763703
            ]
        ],
        [
            [
                0.9999999997210531,
                2.7894680876089963e-10,
                0.0,
                0.0,
                0.0
            ],
            [
                0.9999546020942124,
                4.539785568912372e-05,
                3.774962079122566e-11,
                6.559900468650195e-12,
                5.789091844847034e-12
            ],
            [
                4.4202281013777736e-14,
                2.1724399339666086e-10,
                0.999999999766892,
                1.5737102098804643e-11,
                8.258073281327334e-14
            ],
            [
                1.3407257517488193e-11,
                4.4398739221819663e-10,
                6.459978438762001e-10,
                0.8519527955414556,
                0.14804720335515187
            ],
            [
                6.10190211131297e-13,
                7.433638561987402e-12,
                7.834997401066446e-13,
                4.7850948487833734e-06,
                0.9999952148963239
            ]
        ],
        [
            [
                0.9999999999515263,
                4.847368701312439e-11,
                0.0,
                0.0,
                0.0
            ],
            [
                0.9999997617600653,
                2.3823698425419243e-07,
                1.6586784807824871e-12,
                0.0,
                1.2917800996970892e-12
            ],
            [
                3.266131338325103e-13,
                1.1032560308362327e-09,
                0.9999999988254693,
                7.052879841476178e-11,
                4.1937956526497805e-13
            ],
            [
                8.023970168758503e-12,
                2.0694091813769878e-10,
                6.718387967080618e-11,
                0.04742587545541808,
                0.9525741242624332
            ],
            [
                1.1399767011583502e-12,
                2.020657051661649e-11,
                2.1297568635060085e-12,
                1.3007124771173097e-05,
                0.9999869928517525
            ]
        ],
        [
            [
                0.9999999999450722,
                5.492788342871844e-11,
                0.0,
                0.0,
                0.0
            ],
            [
                0.999998932291054,
                1.067703075532459e-06,
                2.7346932900535694e-12,
                1.0060374393202002e-12,
                2.1297812757538364e-12
            ],
            [
                1.2015425726190052e-13,
                1.9171715128676946e-10,
                0.9999999997526965,
                5.4927883484030226e-11,
                5.384940215252475e-13
            ],
            [
                6.101809177945975e-13,
                1.2255811354187927e-11,
                1.4637479285476287e-12,
                2.1444939764365187e-05,
                0.9999785550459059
            ],
            [
                3.095995182103819e-12,
                3.771694260834683e-11,
                1.2244898479013069e-11,
                0.0009110514076912081,
                0.9990889485392509
            ]
        ],
        [
            [
                0.9999999998082829,
                1.917171510992071e-10,
                0.0,
                0.0,
                0.0
            ],
            [
                0.9999997617620788,
                2.3823698439335343e-07,
                6.101937129497897e-13,
                0.0,
                3.266131584668112e-13
            ],
            [
                0.0,
                1.1628233025357104e-10,
                0.9999999998606661,
                2.289734844687801e-11,
                1.5428112025465596e-13
            ],
            [
                2.2853239436077104e-11,
                8.575614831388695e-10,
                9.717444680285032e-10,
                0.11920292362601624,
                0.8807970745218247
            ],
            [
                7.834758796017941e-13,
                1.573653370816877e-11,
                3.5112952864848623e-12,
                3.5356257883049745e-05,
                0.9999646437220856
            ]
        ],
        [
            [
                0.9999999985820993,
                1.416608782862498e-09,
                0.0,
                0.0,
                1.2917800013384457e-12
            ],
            [
                0.9999251537725341,
                7.484619704331784e-05,
                2.020533772896378e-11,
                5.108709424489597e-12,
                5.108709424489597e-12
            ],
            [
                0.0,
                4.8473687042220485e-11,
                0.9999999999356348,
                1.5737102100213344e-11,
                1.5428112025399882e-13
            ],
            [
                4.490406183799582e-12,
                1.312289046083712e-10,
                4.260378766984122e-11,
                0.004070137788621752,
                0.9959298620330552
            ],
            [
                8.876454548887192e-13,
                2.020271743351306e-11,
                4.507835576373244e-12,
                0.00020342706301774657,
                0.999796572911384
            ]
        ],
        [
            [
                0.9999999996829059,
                3.1608814509118317e-10,
                0.0,
                0.0,
                1.0060392782005793e-12
            ],
            [
                0.9999921107274264,
                7.889265041351227e-06,
                3.9789323829840455e-12,
                1.1399832141072757e-12,
                2.413344483203273e-12
            ],
            [
                0.0,
                2.5946094974168354e-11,
                0.9999999999476326,
                2.5946094974168354e-11,
