{
    "[['A', 'B', 'C', 'D', 'E'], ['A', 'B', 'C', 'D', 'E']]": [
        [
            [
                0.9999999936482864,
                6.3488000687135695e-09,
                7.835041726654392e-13,
                0.0,
                2.1297851550783017e-12
            ],
            [
                0.9999996072093377,
                3.9278636940039276e-07,
                2.4133628630888304e-12,
                0.0,
                1.879528887609029e-12
            ],
            [
                1.0603575985509193e-13,
                2.1724399338467467e-10,
                0.9999999997488593,
                3.3315445402766643e-11,
                4.752193060075573e-13
            ],
            [
                1.8795289682283053e-12,
                9.54503569318206e-12,
                1.8795289682283053e-12,
                1.1253518380152108e-07,
                0.9999998874515121
            ],
            [
                1.0060393854182712e-12,
                9.545035929821038e-12,
                1.8795290148252827e-12,
                8.764249144052748e-08,
                0.999999912345078
            ]
        ],
        [
            [
                0.9999999950518088,
                4.944450468478792e-09,
                1.0060392724752953e-12,
                0.0,
                2.7346982730857533e-12
            ],
            [
                0.9999998144578228,
                1.8553915957809898e-07,
                8.87826659418161e-13,
                0.0,
                2.1297854386035673e-12
            ],
            [
                5.38494020497448e-13,
                2.061153617547022e-09,
                0.9999999977430793,
                1.9171715092084748e-10,
                3.5114221050431946e-12
            ],
            [
                1.6585804068106942e-12,
                1.783141982378966e-11,
                3.0986361401003703e-12,
                5.829127677067899e-05,
                0.9999417087006406
            ],
            [
                0.0,
                2.129785156449157e-12,
                4.75219303040249e-13,
                6.348800072800031e-09,
                0.9999999936485948
            ]
        ],
        [
            [
                0.999999967753743,
                3.224186628721368e-08,
                1.2917799613009792e-12,
                0.0,
                3.098819034406693e-12
            ],
            [
                0.9999982396468394,
                1.76034313237039e-06,
                5.789345871178749e-12,
                1.1399897938302918e-12,
                3.098813541197655e-12
            ],
            [
                0.0,
                7.991959890695622e-11,
                0.9999999999091442,
                1.0815941554229401e-11,
                1.2015425728376554e-13
            ],
            [
                4.2695469981047645e-11,
                4.590195607519705e-10,
                1.688638594961958e-10,
                0.0019267343338687,
                0.9980732649955525
            ],
            [
                3.0985237667196775e-12,
                4.8469066667204055e-11,
                8.422660850122573e-12,
                9.610239960556719e-05,
                0.9999038975404042
            ]
        ],
        [
            [
                0.9999999881372214,
                1.186111999383542e-08,
                0.0,
                0.0,
                1.6586783368879986e-12
            ],
            [
                0.9999999847688001,
                1.5229979499655913e-08,
                6.101936579422621e-13,
                0.0,
                6.101936579422621e-13
            ],
            [
                0.0,
                1.0815941556002986e-11,
                0.9999999999840248,
                5.109089027457418e-12,
                5.008774637249495e-14
            ],
            [
                1.8794787672815273e-12,
                1.2255741081943854e-11,
                4.508635180367393e-12,
                2.7535690158628814e-05,
                0.9999724642911976
            ],
            [
                3.978727559761492e-12,
                2.939904114143912e-11,
                1.3887123717872863e-11,
                5.829127736333515e-05,
                0.9999417086753718
            ]
        ],
        [
            [
                0.9999999950520382,
                4.944450462645479e-09,
                0.0,
                0.0,
                3.511422085471512e-12
            ],
            [
                0.9999417086985167,
                5.8291276734819916e-05,
                2.0205645776882474e-11,
                2.413220250878982e-12,
                2.1296593966551216e-12
            ],
            [
                0.0,
                7.433680671245934e-12,
                0.9999999999829485,
                9.54503492142017e-12,
                7.287724094735159e-14
            ],
            [
                7.432759417751964e-12,
                6.223373265874968e-11,
                1.7830262933246455e-11,
                0.0001233946286178021,
                0.9998766052838854
            ],
            [
                3.978332819438692e-12,
                7.051763652088108e-11,
                2.0203641126475758e-11,
                0.00015843624721526066,
                0.9998415636580851
            ]
        ],
        [
            [
                0.9999999981806682,
                1.8189616826808687e-09,
                0.0,
                0.0,
                3.701011668679333e-13
            ],
            [
                0.9999938558114718,
                6.144172120965273e-06,
                6.560163468154966e-12,
                2.41334927065816e-12,
                7.433639085805305e-12
            ],
            [
                0.0,
                3.331544541596985e-11,
                0.9999999999608451,
                5.789356327741135e-12,
                5.0087746369874064e-14
            ],
            [
                2.1297568631467666e-12,
                2.2897044118827503e-11,
                7.433581868390338e-12,
                1.3007124768979087e-05,
                0.9999869928427706
            ],
            [
                2.1297406686460894e-12,
                2.289687001153718e-11,
                7.433525344028953e-12,
                2.1444939983240828e-05,
                0.9999785550275566
            ]
        ],
        [
            [
                0.9999999961477943,
                3.850741900929415e-09,
                0.0,
                0.0,
                1.4637785058245761e-12
            ],
            [
                0.9999977396619044,
                2.260325270972356e-06,
                7.433667070012712e-12,
                1.8795253773290683e-12,
                3.5114156880863038e-12
            ],
            [
                1.8795288019079736e-12,
                7.1941329743229704e-09,
                0.9999999923318262,
                4.599055342851172e-10,
                1.2256067348692663e-11
            ],
            [
                1.4637674225622396e-12,
                1.3887838631137912e-11,
                3.098795657881353e-12,
                7.889265047016414e-06,
                0.9999921107165026
            ],
            [
                1.2254548552730808e-11,
                1.3174881307982183e-10,
                2.939713376186619e-11,
                0.00012339462761879952,
                0.9998766051989807
            ]
        ],
        [
            [
                0.9999999979373826,
                2.0611536144380273e-09,
                0.0,
                0.0,
                1.463778508444137e-12
            ],
            [
                0.9999998874590159,
                1.1253518363797558e-07,
                1.2917801071630495e-12,
                0.0,
                4.508755599625852e-12
            ],
            [
                2.6810038671772058e-14,
                1.783247290412496e-11,
                0.9999999999662055,
                1.5737102103314002e-11,
                1.9810087976022393e-13
            ],
            [
                9.543087992141942e-12,
                1.0259786483940493e-10,
                2.5940802676425153e-11,
                0.00020342706147096049,
                0.9997965728004473
            ],
            [
                1.2917727789486982e-12,
                1.7832373158539357e-11,
                5.109060449322425e-12,
                6.144172124870023e-06,
                0.9999938558036419
            ]
        ],
        [
            [
                0.9999999928042084,
                7.194132961755334e-09,
                0.0,
                0.0,
                1.6586783431047297e-12
            ],
            [
                0.9999997617550581,
                2.3823698408249192e-07,
                3.9789628253162975e-12,
                0.0,
                3.9789628253162975e-12
            ],
            [
                4.277788390467108e-11,
                1.855391588803699e-07,
                0.9999998093709933,
                4.9444511047085025e-09,
                1.0261880882710821e-10
            ],
            [
                4.508325478027638e-12,
                7.0522075866893e-11,
                1.7830773157496893e-11,
                9.610239926747541e-05,
                0.9999038975078713
            ],
            [
                3.701011642456198e-13,
                4.508755198271587e-12,
                4.752193016371002e-13,
                9.237449571776645e-09,
                0.9999999907571965
            ]
        ],
        [
            [
                0.9999999928023556,
                7.194132956969649e-09,
                0.0,
                0.0,
                3.5114220775719266e-12
            ],
            [
                0.9975273764022967,
                0.0024726229742632957,
                5.198526202889747e-10,
                7.035440160810366e-11,
                3.323306615777683e-11
            ],
            [
                0.0,
                2.2897348449972075e-11,
                0.9999999999630167,
                1.3887943861031607e-11,
                1.981008797488051e-13
            ],
            [
                5.7878443715565786e-12,
                7.989872700456366e-11,
                1.7827815752183966e-11,
                0.0002611903275039199,
                0.9997388095689816
            ],
            [
                3.5111612191982263e-12,
                3.7748540566040064e-11,
                6.559712753659879e-12,
                7.484619711340974e-05,
                0.9999251537550672
            ]
        ],
        [
            [
                0.9999999397580499,
                6.023574633724387e-08,
                3.0988195481395242e-12,
                6.91440102047457e-13,
                2.4133630906880384e-12
            ],
            [
                0.99999991235636,
                8.764249142317679e-08,
                6.101937320138355e-13,
                0.0,
                5.384940784787445e-13
            ],
            [
                6.431393938828508e-14,
                2.4616969508112106e-10,
                0.99999999974139,
                1.2256067439099994e-11,
                1.201542572687046e-13
            ],
            [
                6.559712752738593e-12,
                9.055404133447031e-11,
                2.289564720949378e-11,
                7.484619742948675e-05,
                0.9999251536825611
            ],
            [
                4.752193246992253e-13,
                5.789356553157896e-12,
                1.8795288893999417e-12,
                3.927863697746601e-07,
                0.9999996072054861
            ]
        ],
        [
            [
                0.9999999827402487,
                1.7257827671054592e-08,
                7.835041641189461e-13,
                0.0,
                1.1399918321106767e-12
            ],
            [
                0.9999724642924297,
                2.7535689817912813e-05,
                9.544780746846723e-12,
                3.0987366198582613e-12,
                5.108952977457732e-12
            ],
            [
                3.037975385027386e-14,
                3.775134543762476e-11,
                0.9999999999537121,
                8.423463753315908e-12,
                8.258073284425815e-14
            ],
            [
                3.0985237667247932e-12,
                4.2773801205044466e-11,
                1.225489922518942e-11,
                9.610239981758656e-05,
                0.9999038975420552
            ],
            [
                1.8795289560074634e-12,
                1.2256068353547563e-11,
                3.0988193686663107e-12,
                2.3823698442829537e-07,
                0.9999997617457812
            ]
        ],
        [
            [
                0.9999999778366336,
                2.2159489246666057e-08,
                1.4637784793339512e-12,
                0.0,
                2.413362714470973e-12
            ],
            [
                0.9999991684586049,
                8.315279888550476e-07,
                7.433681233401318e-12,
                1.463778624603033e-12,
                4.508755582588324e-12
            ],
            [
                0.0,
                7.052879846668623e-11,
                0.9999999998911098,
                3.775134541900644e-11,
                6.101936673760911e-13
            ],
            [
                4.508041680055814e-12,
                6.223159580621302e-11,
                1.573461152992726e-11,
                0.00015843624740336908,
                0.9998415636701224
            ],
            [
                8.878265678600675e-13,
                7.43368083992821e-12,
                2.413362826237183e-12,
                6.475946145881884e-07,
                0.9999993523946505
            ]
        ],
        [
            [
                0.9999999985819275,
                1.4166087817144936e-09,
                0.0,
                0.0,
                1.4637785090330924e-12
            ],
            [
                0.9999996940926663,
                3.059023584494554e-07,
                1.4637786957097715e-12,
                0.0,
                3.5114225489735535e-12
            ],
            [
                7.835041585974259e-13,
                2.5109990919389428e-08,
                0.9999999746923995,
                1.9171714650425634e-10,
                5.109088898240252e-12
            ],
            [
                1.6586785341891019e-12,
                1.573710376982457e-11,
                2.413363026856646e-12,
                8.764249145574048e-08,
                0.9999999123376995
            ],
            [
                7.835042418061169e-13,
                5.7893567964555235e-12,
                1.4637786323852764e-12,
                1.1253518381102981e-07,
                0.9999998874567796
            ]
        ],
        [
            [
                0.9999999979382361,
                2.0611536156121887e-09,
                0.0,
                0.0,
                6.101936657396218e-13
            ],
            [
                0.9999986290343627,
                1.3709566537073232e-06,
                5.109079962320755e-12,
                1.1399898302037641e-12,
                2.7346934390495564e-12
            ],
            [
                0.0,
                4.847368704015078e-11,
                0.9999999999406277,
                1.0815941552253713e-11,
                8.258073281713956e-14
            ],
            [
                1.2916840271087888e-12,
                2.9398592950980164e-11,
                5.1087094289862815e-12,
                7.484619747927113e-05,
                0.9999251537667218
            ],
            [
                1.6586783959003199e-12,
                8.423463942299504e-12,
                2.7346983525716253e-12,
                6.475946144299964e-07,
                0.9999993523925688
            ]
        ],
        [
            [
                0.9999999976622771,
                2.335593030030746e-09,
                0.0,
                0.0,
                2.129785162959865e-12
            ],
            [
                0.9999991684649457,
                8.3152798945545e-07,
                3.5114223809327677e-12,
                1.139991939907154e-12,
                2.41336295572176e-12
            ],
            [
                0.0,
                4.847368705279452e-11,
                0.9999999999449092,
                6.560200166812872e-12,
                5.675685231472611e-14
            ],
            [
                1.0060393603786612e-12,
                6.56020069696185e-12,
                1.4637786321189388e-12,
                1.1253518379055378e-07,
                0.9999998874557862
            ],
            [
                2.129228952860061e-12,
                4.276670675059097e-11,
                1.2252866629957386e-11,
                0.00026119032773940377,
                0.9997388096151117
            ]
        ],
        [
            [
                0.9999999881370497,
                1.1861119995807739e-08,
                5.384940147140759e-13,
                0.0,
                1.2917799878467518e-12
            ],
            [
                0.9999993524012256,
                6.475946142820481e-07,
                2.7346983519468616e-12,
                4.193795750936915e-13,
                1.0060393014866758e-12
            ],
            [
                0.0,
                1.3887943863084258e-11,
                0.9999999999809301,
                5.109089027371799e-12,
                7.287724094833283e-14
            ],
            [
                3.978150934324584e-12,
                4.846379973217612e-11,
                1.2253567535445593e-11,
                0.00020342706181769425,
                0.9997965728734868
            ],
            [
                8.878266596382148e-13,
                7.43368160837723e-12,
                7.835042771627525e-13,
                3.0590235902005715e-07,
                0.999999694088536
            ]
        ],
        [
            [
                0.9999999918460999,
                8.152020628959602e-09,
                0.0,
                0.0,
                1.8795287968237786e-12
            ],
            [
                0.9999997617615177,
                2.382369843367302e-07,
                8.878266133849322e-13,
                0.0,
                6.101937128047614e-13
            ],
            [
                0.0,
                2.020683908660148e-11,
                0.9999999999701279,
                9.545034921130334e-12,
                1.2015425729618845e-13
            ],
            [
                1.139991897086404e-12,
                6.5602004215982695e-12,
                1.658678422995034e-12,
                3.927863697228753e-07,
                0.9999996072042714
            ],
            [
                1.4637590584147713e-12,
                1.2255904543424568e-11,
                3.978909649731194e-12,
                1.3007124768468195e-05,
                0.999986992857533
            ]
        ],
        [
            [
                0.9999999677558864,
                3.224186629738587e-08,
                7.835041523786356e-13,
                0.0,
                1.4637784653127459e-12
            ],
            [
                0.9999993523887443,
                6.475946134302152e-07,
                8.42346392929504e-12,
                1.6586783933395892e-12,
                6.560200304308711e-12
            ],
            [
                3.0988190750695334e-12,
                1.955568068616073e-08,
                0.9999999795617969,
                8.592166442683944e-10,
                2.0206838675157086e-11
            ],
            [
                6.101774192603584e-13,
                9.544780753533735e-12,
                1.6586341909114685e-12,
                2.7535689837204137e-05,
                0.9999724642983492
            ],
            [
                3.978879394515682e-12,
                3.331474928790168e-11,
                1.0815715555742107e-11,
                2.144493975843703e-05,
                0.9999785550121322
            ]
        ],
        [
            [
                0.999999986556769,
                1.3440409753649919e-08,
                6.914400005344269e-13,
                0.0,
                2.129785139662034e-12
            ],
            [
                0.999999168460501,
                8.315279890343498e-07,
                5.109089414768049e-12,
                1.2917801025602622e-12,
                5.109089414768049e-12
            ],
            [
                1.573707331356496e-11,
                1.0677030747568245e-06,
                0.9999989306530658,
                1.6052251181893757e-09,
                2.2897306562454232e-11
            ],
            [
                2.4131327358412353e-12,
                4.277380120416895e-11,
                8.422660849964082e-12,
                9.610239927717681e-05,
                0.9999038975471133
            ],
            [
                8.878231989757021e-13,
                1.081590075969393e-11,
                3.5114088683376834e-12,
                3.7266391151910713e-06,
                0.9999962733456698
            ]
        ],
        [
            [
                0.9999999983934802,
                1.6052280506000005e-09,
                0.0,
                0.0,
                1.2917800010958035e-12
            ],
            [
                0.9999982396525169,
                1.7603431332829573e-06,
                2.7346933532118056e-12,
                4.752184481153365e-13,
                1.139989794421266e-12
            ],
            [
                0.0,
                4.2777878676861593e-11,
                0.9999999999462861,
                1.081594155404217e-11,
                1.2015425728168558e-13
            ],
            [
                8.877741178400762e-13,
                1.2255343670193604e-11,
                2.1296593979099934e-12,
                5.829127724435848e-05,
                0.9999417087074829
            ],
            [
                1.006033580162008e-12,
                8.423416036310157e-12,
                3.098801584192347e-12,
                4.785094848292688e-06,
                0.9999952148926234
            ]
        ],
        [
            [
                0.9999999973515468,
                2.6465736276514367e-09,
                0.0,
                0.0,
                1.879528808544167e-12
            ],
            [
                0.9999724642598903,
                2.7535689817016794e-05,
                3.7750340156005554e-11,
                5.1089529772914854e-12,
                7.43348271964721e-12
            ],
            [
                0.0,
                1.3176514264180024e-10,
                0.9999999998300084,
                3.7751345425842945e-11,
                4.75219306063771e-13
            ],
            [
                1.2917677840380922e-12,
                1.3887812479542163e-11,
                3.5113888939395544e-12,
                1.0129988103239162e-05,
                0.9999898699932058
            ],
            [
                3.978894476287701e-12,
                4.277714698057544e-11,
                8.42331967240114e-12,
                1.6701415110191604e-05,
                0.9999832985297105
            ]
        ],
        [
            [
                0.9999999981783037,
                1.8189616813196018e-09,
                0.0,
                0.0,
                2.7346982822202704e-12
            ],
            [
                0.999989869999478,
                1.0129988094266966e-05,
                5.789301554010718e-12,
                2.1297650204624253e-12,
                4.508712583700048e-12
            ],
            [
                6.91440097017112e-13,
                6.825604228479924e-08,
                0.9999999314244434,
                3.160881848935142e-10,
                2.734698633006325e-12
            ],
            [
                6.559387163483093e-12,
                6.223373265552864e-11,
                2.2894510791328815e-11,
                0.00012339462849321746,
                0.9998766052798191
            ],
            [
                1.879528779237213e-12,
                8.423463587293264e-12,
                1.4637784850751832e-12,
                1.9555680699740737e-08,
                0.9999999804325524
            ]
        ],
        [
            [
                0.9999999950544096,
                4.944450471304099e-09,
                0.0,
                0.0,
                1.1399918459812586e-12
            ],
            [
                0.999986992849739,
                1.3007124755922863e-05,
                1.573689292307773e-11,
                3.978909645893548e-12,
                5.78927937431666e-12
            ],
            [
                0.0,
                9.056076985303579e-11,
                0.9999999998757045,
                3.3315445405590405e-11,
                4.1937956563561625e-13
            ],
            [
                4.752192907588841e-13,
                5.789356139679894e-12,
                8.878265188540932e-13,
                3.2241866319712906e-08,
                0.9999999677509813
            ],
            [
                3.701011480335473e-13,
                3.5114219252753186e-12,
                7.835041365353896e-13,
                5.3157849696664184e-08,
                0.9999999468374854
            ]
        ],
        [
            [
                0.9999999748873458,
                2.510999089129025e-08,
                7.835041577206505e-13,
                0.0,
                1.879528766676569e-12
            ],
            [
                0.9999869928527357,
                1.3007124755961844e-05,
                1.3887759260963155e-11,
                3.5113754381755486e-12,
                5.109021116046648e-12
            ],
            [
                0.0,
                4.277787867346745e-11,
                0.999999999936861,
                2.020683908255919e-11,
                1.542811202606812e-13
            ],
            [
                1.1399854763372315e-12,
                9.544981531325567e-12,
                4.50873002192891e-12,
                6.1441721252575946e-06,
                0.9999938558126811
            ],
            [
                1.4637758379237056e-12,
                1.0815921782677479e-11,
                2.7346932917879268e-12,
                1.0677030762096022e-06,
                0.9999989322819094
            ]
        ],
        [
            [
                0.99999999505367,
                4.944450464395908e-09,
                0.0,
                0.0,
                1.8795288022680023e-12
            ],
            [
                0.9999038975507187,
                9.61023991235943e-05,
                3.3312269819510603e-11,
                8.422660836503716e-12,
                8.422660836503716e-12
            ],
            [
                0.0,
                5.492788350048206e-11,
                0.9999999999375884,
                7.433680671125405e-12,
                5.008774637016906e-14
            ],
            [
                8.878265676452926e-13,
                8.423463942319429e-12,
                1.1399918784671941e-12,
                6.475946144315282e-07,
                0.9999993523949343
            ],
            [
                2.5436655826951097e-13,
                1.8795287687453286e-12,
                3.7010115844811895e-13,
                2.5109990918928314e-08,
                0.999999974887505
            ]
        ],
        [
            [
                0.9999998144563899,
                1.8553915969502116e-07,
                1.8795290539218548e-12,
                6.914400980222616e-13,
                1.8795290539218548e-12
            ],
            [
                0.999999694090109,
                3.05902358645841e-07,
                3.978963031987799e-12,
                1.1399919951938706e-12,
                2.41336307276374e-12
            ],
            [
                0.0,
                8.423463750907334e-12,
                0.9999999999830802,
                8.423463750907334e-12,
                7.287724092738553e-14
            ],
            [
                3.0987366209467583e-12,
                3.775034017049457e-11,
                8.423239447900158e-12,
                2.753569011581271e-05,
                0.9999724642606119
            ],
            [
                3.978894476394214e-12,
                3.775069971277438e-11,
                6.56008795710239e-12,
                1.6701415110638695e-05,
                0.9999832985365997
            ]
        ],
        [
            [
                0.9999999865582985,
                1.3440409746025452e-08,
                0.0,
                0.0,
                1.2917799850725767e-12
            ],
            [
                0.9999996940959698,
                3.0590235887628066e-07,
                8.878266592209295e-13,
                0.0,
                7.835042767944994e-13
            ],
            [
                1.2256067988334613e-11,
                1.444980310274118e-07,
                0.9999998510099681,
                4.363462446704829e-09,
                1.1628233546576884e-10
            ],
            [
                1.8792958868134134e-12,
                2.020433485967006e-11,
                8.422419835862955e-12,
                0.000123394629069909,
                0.999876605340424
            ],
            [
                1.879521726841162e-12,
                3.3315319753761574e-11,
                6.560175422676569e-12,
                3.726639114914442e-06,
                0.9999962733191301
            ]
        ],
        [
            [
                0.9999999865581266,
                1.3440409751430929e-08,
                0.0,
                0.0,
                1.463778492376382e-12
            ],
            [
                0.9999999226524547,
                7.734422795428309e-08,
                1.6586785494109506e-12,
                0.0,
                1.6586785494109506e-12
            ],
            [
                3.900837609179747e-14,
                1.1628233027237125e-10,
                0.9999999998751616,
                8.423463752307158e-12,
                9.357622966438977e-14
            ],
            [
                1.225078570242255e-11,
                1.9163453103507155e-10,
                1.0257457283539917e-10,
                0.00043055711941349497,
                0.9995694425741266
            ],
            [
                1.658678567101989e-12,
                8.42346481173332e-12,
                2.734698634835459e-12,
                3.059023588969238e-07,
                0.9999996940848243
            ]
        ],
        [
            [
                0.9999999969991595,
                2.9989608104029096e-09,
                0.0,
                0.0,
                1.8795288074801263e-12
            ],
            [
                0.9999869928589769,
                1.3007124756043023e-05,
                8.423351786534787e-12,
                2.734661940925882e-12,
                5.109021116078534e-12
            ],
            [
                4.752193040081498e-13,
                4.363462232110067e-09,
                0.9999999953159955,
                3.1608814392218583e-10,
                3.978962516839424e-12
            ],
            [
                8.418806612861067e-12,
                1.3169229274915475e-10,
                3.329702606929663e-11,
                0.0005527785840313729,
                0.9994472212425605
            ],
            [
                8.878249248901771e-13,
                7.433667083509742e-12,
                1.291777643399257e-12,
                1.067703076501714e-06,
                0.9999989322873102
            ]
        ],
        [
            [
                0.9999999907606708,
                9.237449565068895e-09,
                0.0,
                0.0,
                1.8795287968226525e-12
            ],
            [
                0.9999996940959698,
                3.059023589003332e-07,
                8.878266592907377e-13,
                0.0,
                7.835042768561049e-13
            ],
            [
                1.0603575986074477e-13,
                1.917171512773043e-10,
                0.9999999997650288,
                4.277787866770566e-11,
                3.7010116766906555e-13
            ],
            [
                5.099246714866772e-12,
                9.038631072098351e-11,
                3.3251265477583766e-11,
                0.0019267343337381739,
                0.998073265537525
            ],
            [
                6.914400970465745e-13,
                6.560200987444002e-12,
                1.4637786969342676e-12,
                6.825604228770766e-08,
                0.9999999317352423
            ]
        ],
        [
            [
                0.9999996940888595,
                3.059023584482909e-07,
                3.5114225489601858e-12,
                1.2917801650282748e-12,
                3.978963029418206e-12
            ],
            [
                0.999954602091586,
                4.539785568144774e-05,
                3.7749620784842865e-11,
                6.559900467541032e-12,
                8.423078931264485e-12
            ],
            [
                0.0,
                7.433680670995712e-12,
                0.9999999999867126,
                5.789356327674227e-12,
                6.431393940278417e-14
            ],
            [
                1.8795145745575114e-12,
                1.2255974574713737e-11,
                5.1090503143436165e-12,
                7.889265046462724e-06,
                0.999992110715709
            ],
            [
                3.5102437580213444e-12,
                6.222055938064171e-11,
                1.7826488725878145e-11,
                0.0003353500553786678,
                0.9996646498610641
            ]
        ],
        [
            [
                0.9999999748893122,
                2.510999090533574e-08,
                3.2661312579663283e-13,
                0.0,
                3.7010115824777524e-13
            ],
            [
                0.9999999123527511,
                8.764249137194071e-08,
                1.6586785326031489e-12,
                0.0,
                3.0988194632154438e-12
            ],
            [
                0.0,
                8.423463753374614e-12,
                0.9999999999864031,
                5.109089027399761e-12,
                6.431393940616696e-14
            ],
            [
                2.4133628650104045e-12,
                2.594609598451387e-11,
                5.7893565522511126e-12,
                3.9278636971313813e-07,
                0.9999996071794814
            ],
            [
                3.978939994704176e-12,
                2.5945947996113187e-11,
                7.433638559971464e-12,
                4.785094847485698e-06,
                0.999995214867794
            ]
        ],
        [
            [
                0.9999999804421895,
                1.9555680665076927e-08,
                0.0,
                0.0,
                2.1297851249120357e-12
            ],
            [
                0.9999724642726823,
                2.7535689794091953e-05,
                2.5945404038334084e-11,
                5.789202158189203e-12,
                5.789202158189203e-12
            ],
            [
                3.4424771075223844e-14,
                1.1628233027020127e-10,
                0.9999999998740448,
                9.545034920213217e-12,
                9.357622966264352e-14
            ],
            [
                2.7346619436513075e-12,
                2.020657051325024e-11,
                7.433581868405842e-12,
                1.3007124769006214e-05,
                0.9999869928448561
            ],
            [
                1.6586784363581202e-12,
                1.3887944513393764e-11,
                1.463778582469901e-12,
                5.043472051327347e-07,
                0.9999994956357845
            ]
        ],
        [
            [
                0.9999999907619258,
                9.237449569629996e-09,
                2.543665621949601e-13,
                0.0,
                3.7010116415961367e-13
            ],
            [
                0.9999994956473642,
                5.043472047328625e-07,
                2.129785268707105e-12,
                8.878265885947783e-13,
                2.4133628825999704e-12
            ],
            [
                6.101936647762407e-13,
                4.363462231603191e-09,
                0.9999999952255536,
                4.058652106625927e-10,
                4.508755220243726e-12
            ],
            [
                1.46377845299034e-12,
                5.109088814679223e-12,
                1.46377845299034e-12,
                4.1399375458782375e-08,
                0.9999999585925878
            ],
            [
                1.4637785064111492e-12,
                7.433680633173405e-12,
                1.0060392739810452e-12,
                4.944450475879204e-09,
                0.999999995045646
            ]
        ],
        [
            [
                0.9999999530852574,
                4.691163792080455e-08,
                6.91439976830126e-13,
                0.0,
                2.413362653636609e-12
            ],
            [
                0.9999991684658435,
                8.315279891956345e-07,
                1.6586784847805944e-12,
                0.0,
                4.508755584435073e-12
            ],
            [
                0.0,
                2.594609497226646e-11,
                0.9999999999535587,
                2.020683908204616e-11,
                2.882350792278142e-13
            ],
            [
                6.5600630932252635e-12,
                4.8472674208366e-11,
                8.423287746776444e-12,
                2.1444939764768496e-05,
                0.9999785549967792
            ],
            [
                1.291779994957028e-12,
                6.560200118238159e-12,
                1.0060392716285088e-12,
                7.19413297558626e-09,
                0.9999999927970089
            ]
        ],
        [
            [
                0.9999999928039874,
                7.194132963728098e-09,
                0.0,
                0.0,
                1.8795287991399724e-12
            ],
            [
                0.9999999317419456,
                6.825604227924927e-08,
                1.006039404800872e-12,
                0.0,
                1.006039404800872e-12
            ],
            [
                0.0,
                2.2897348447198225e-11,
                0.9999999999538789,
                2.2897348447198225e-11,
                3.266131341466964e-13
            ],
            [
                5.1088556271563815e-12,
                5.4925374213318645e-11,
                1.0815447447561816e-11,
                4.5397855736230173e-05,
                0.9999546020734141
            ],
            [
                6.914399998003239e-13,
                2.7346982485064695e-12,
                5.384940132913842e-13,
