{
    "[['A', 'B', 'C', 'D', 'E'], ['A', 'B', 'C', 'D', 'E']]": [
        [
            [
                0.9999999979334553,
                2.0611536091853258e-09,
                1.8795288044537e-12,
                0.0,
                3.5114220907980434e-12
            ],
            [
                7.920033295910592e-07,
                0.9524666955395789,
                0.010580948131519207,
                0.03693113829048672,
                2.0426035085702102e-05
            ],
            [
                1.4163845968130607e-09,
                0.00015843624846563527,
                0.9998414485678297,
                1.125173651151239e-07,
                1.249955019556057e-09
            ],
            [
                0.9999970534992447,
                3.653468224913389e-08,
                4.5990377693422584e-10,
                7.1941054847298856e-09,
                2.9023120638231995e-06
            ],
            [
                0.9999999997493214,
                2.461696943815757e-10,
                0.0,
                0.0,
                4.508755227642996e-12
            ]
        ],
        [
            [
                0.9999999997183184,
                2.789468078285553e-10,
                0.0,
                0.0,
                2.7346982772948404e-12
            ],
            [
                0.9999994956422444,
                5.043472037088048e-07,
                5.10908925218274e-12,
                1.4637785783371964e-12,
                3.978962710381616e-12
            ],
            [
                1.4930947821923685e-10,
                8.31527985126761e-07,
                0.9999991626771307,
                5.602796835281339e-09,
                4.277788172650344e-11
            ],
            [
                1.3774340228647482e-05,
                0.046527891305880406,
                0.017116650475663766,
                0.9345376021909957,
                0.0018040816872314275
            ],
            [
                0.9999999998616746,
                1.3176514210777597e-10,
                0.0,
                0.0,
                6.560200138621151e-12
            ]
        ],
        [
            [
                0.9999999995355857,
                4.599055353769917e-10,
                0.0,
                0.0,
                4.508755217900979e-12
            ],
            [
                0.9999832985681001,
                1.6701415100994537e-05,
                1.2255857799179257e-11,
                2.4133214903007743e-12,
                2.1297487401312732e-12
            ],
            [
                4.752192907798456e-13,
                3.224186632113507e-08,
                0.9999999675385349,
                2.172439864234068e-10,
                1.8795287552461926e-12
            ],
            [
                1.7286441280715944e-06,
                0.9819910349013246,
                0.01798579154525591,
                2.105919665043772e-05,
                3.857126411362577e-07
            ],
            [
                0.9999999998043039,
                1.9171715068680665e-10,
                0.0,
                0.0,
                3.9789625215369915e-12
            ]
        ],
        [
            [
                0.9999999997514168,
                2.461696942837943e-10,
                0.0,
                0.0,
                2.4133627630320392e-12
            ],
            [
                0.9999986290381637,
                1.370956653534809e-06,
                3.511415882146981e-12,
                7.835027881311959e-13,
                8.8782497234441e-13
            ],
            [
                5.21138267311328e-10,
                4.785094579630884e-06,
                0.9999951588911539,
                5.315754842526868e-08,
                2.3355796767440957e-09
            ],
            [
                8.761575488490698e-08,
                7.886918911469007e-06,
                3.534671828417324e-05,
                0.9996954998627346,
                0.00026117888431485375
            ],
            [
                0.9999999999429423,
                5.492788339319797e-11,
                0.0,
                0.0,
                2.12978516644445e-12
            ]
        ],
        [
            [
                0.9999999965935242,
                3.3982677888791516e-09,
                3.0988191108037206e-12,
                0.0,
                5.1090889820341515e-12
            ],
            [
                0.9999997617586193,
                2.3823698421885162e-07,
                2.4133629487924744e-12,
                6.914400613936973e-13,
                1.2917800995054628e-12
            ],
            [
                4.398277248637095e-07,
                0.6791706235135108,
                0.32081746733948224,
                1.1343306529240734e-05,
                1.2601275296555668e-07
            ],
            [
                1.4168953765514826e-07,
                0.017959653285690692,
                0.9805640309551555,
                0.0014742181058820952,
                1.955963733950041e-06
            ],
            [
                0.9999999999010158,
                9.056076958001484e-11,
                0.0,
                0.0,
                8.423463725009671e-12
            ]
        ],
        [
            [
                0.9999999998129778,
                1.6918979115571864e-10,
                0.0,
                0.0,
                1.7832472791596514e-11
            ],
            [
                0.999999999781616,
                2.1724399311173296e-10,
                0.0,
                0.0,
                1.1399918509654526e-12
            ],
            [
                1.162814478265773e-10,
                7.88926495450161e-06,
                0.9999920987149563,
                1.1861030136382147e-08,
                4.2777554045047484e-11
            ],
            [
                4.964254524349853e-10,
                6.852941985990676e-09,
                2.2693827111277973e-07,
                0.9525739019894272,
                0.047425863722934315
            ],
            [
                0.9999999999355271,
                5.492788326632973e-11,
                0.0,
                0.0,
                9.545034880575833e-12
            ]
        ],
        [
            [
                0.9999999996773516,
                3.160881435579437e-10,
                0.0,
                0.0,
                6.560200129272072e-12
            ],
            [
                0.9999999973496378,
                2.646573623957768e-09,
                1.6586783495438214e-12,
                0.0,
                2.1297851589239407e-12
            ],
            [
                1.1854516256059917e-08,
                0.0005527764342995879,
                0.9994434506184136,
                3.724578289858961e-06,
                3.6514480707688456e-08
            ],
            [
                7.051440868291012e-11,
                1.103030937557965e-09,
                5.3147006870103294e-08,
                0.9997965186296165,
                0.00020342704983131163
            ],
            [
                0.9999999997463966,
                2.4616969404495683e-10,
                0.0,
                0.0,
                7.433680638030397e-12
            ]
        ],
        [
            [
                0.9999999997519506,
                2.4616969438186264e-10,
                0.0,
                0.0,
                1.879528810433483e-12
            ],
            [
                9.441956583594757e-07,
                0.36864071642115176,
                0.60778577287845,
                0.02356640957563756,
                6.156929102363148e-06
            ],
            [
                2.5436656082165684e-13,
                1.5229979510243368e-08,
                0.9999999847210379,
                4.8473686316438296e-11,
                2.5436656082165684e-13
            ],
            [
                2.215956811009145e-05,
                0.17956077871365295,
                0.014739244292082954,
                0.804735569062758,
                0.0009422483633960358
            ],
            [
                0.9999999999493965,
                4.847368689552304e-11,
                0.0,
                0.0,
                2.1297851636104298e-12
            ]
        ],
        [
            [
                0.9999999999694593,
                2.940077734475186e-11,
                0.0,
                0.0,
                1.1399918511795924e-12
            ],
            [
                0.9999999317369351,
                6.82560420872622e-08,
                3.511422541599078e-12,
                0.0,
                3.511422541599078e-12
            ],
            [
                1.9171459695690256e-10,
                1.300712434621749e-05,
                0.999986960293194,
                3.224143778535659e-08,
                1.493074782362545e-10
            ],
            [
                1.3031750413595556e-10,
                9.629233487332025e-10,
                9.135962363442364e-09,
                0.9890130475276012,
                0.010986942243195632
            ],
            [
                0.9999999999043303,
                9.0560769580315e-11,
                0.0,
                0.0,
                5.109089010212487e-12
            ]
        ],
        [
            [
                0.9999999995369957,
                4.599055368157429e-10,
                0.0,
                0.0,
                3.0988191316504257e-12
            ],
            [
                0.9999999715415047,
                2.845334718340243e-08,
                2.413362694951288e-12,
                0.0,
                2.734698204473239e-12
            ],
            [
                1.6918949524443165e-10,
                1.7603432218224272e-06,
                0.9999981703724595,
                6.825591393810592e-08,
                8.592151535402107e-10
            ],
            [
                2.940077723341675e-11,
                3.331544524100856e-11,
                9.545034871081944e-12,
                4.944450475126982e-09,
                0.9999999949832883
            ],
            [
                0.9999999998199942,
                1.6918979149280464e-10,
                0.0,
                0.0,
                1.0815941508143809e-11
            ]
        ],
        [
            [
                0.9999999996799329,
                3.160881437673177e-10,
                0.0,
                0.0,
                3.978962514889922e-12
            ],
            [
                0.9999999881372638,
                1.1861119995810277e-08,
                1.0060392660912355e-12,
                0.0,
                6.101936597591305e-13
            ],
            [
                1.917160740621123e-10,
                6.144171967693092e-06,
                0.9999938301206028,
                2.5109850457187744e-08,
                4.058629319744086e-10
            ],
            [
                7.526627797509957e-07,
                0.3773249450722506,
                0.6221036439566845,
                0.0005672851077313513,
                3.373200553660303e-06
            ],
            [
                0.9999999999548088,
                4.2777878523030227e-11,
                0.0,
                0.0,
                2.413362762430914e-12
            ]
        ],
        [
            [
                0.9999999988911064,
                1.1032560256651657e-09,
                1.6586783488736805e-12,
                0.0,
                3.9789625117512106e-12
            ],
            [
                0.9999999936429972,
                6.3488000512367494e-09,
                2.4133627471982226e-12,
                0.0,
                5.78935626963438e-12
            ],
            [
                8.186834844604249e-08,
                0.499996660731851,
                0.49999666102234336,
                6.50360846496224e-06,
                9.276899239676896e-08
            ],
            [
                0.9999999995681887,
                4.058652087221732e-10,
                0.0,
                0.0,
                2.5946094731822487e-11
            ],
            [
                0.9999999996367162,
                3.581747918240468e-10,
                0.0,
                0.0,
                5.109089010885318e-12
            ]
        ],
        [
            [
                0.9999999996826201,
                3.1608814459279594e-10,
                0.0,
                0.0,
                1.2917800013589388e-12
            ],
            [
                0.9999999397587844,
                6.023574618063965e-08,
                2.7346986457919053e-12,
                0.0,
                2.7346986457919053e-12
            ],
            [
                1.1647778231814622e-08,
                0.017986201804960175,
                0.9820131490237626,
                6.359471434534063e-07,
                1.5763553660798837e-09
            ],
            [
                1.456739251505642e-06,
                0.2686597605289324,
                0.0008550851250510056,
                0.7302929024168501,
                0.00019079518991491317
            ],
            [
                0.9999999999337794,
                6.22414460382965e-11,
                0.0,
                0.0,
                3.978962523640998e-12
            ]
        ],
        [
            [
                0.9999999995369957,
                4.5990553643511957e-10,
                0.0,
                0.0,
                3.098819129085806e-12
            ],
            [
                2.2325687293031615e-06,
                0.6788480252858262,
                0.3206651119371955,
                0.00048210037644696644,
                2.5298318019752474e-06
            ],
            [
                7.433681233673603e-12,
                8.315279888855052e-07,
                0.9999991668454613,
                1.6052281763972862e-09,
                1.3887944913650483e-11
            ],
            [
                2.3604150737736716e-07,
                0.0005479874522305078,
                0.008571965992395984,
                0.9907845845733307,
                9.522594053545777e-05
            ],
            [
                0.9999999998185543,
                1.69189791492561e-10,
                0.0,
                0.0,
                1.2256067388396783e-11
            ]
        ],
        [
            [
                0.9999999997792446,
                2.1724399224236172e-10,
                0.0,
                0.0,
                3.511422092920963e-12
            ],
            [
                0.9999999715380323,
                2.8453347183303632e-08,
                5.1090888652865454e-12,
                0.0,
                3.5114220015017766e-12
            ],
            [
                7.582402358306077e-10,
                2.1444940804064834e-05,
                0.9999784846297656,
                6.825461086610244e-08,
                1.416579255352988e-09
            ],
            [
                2.7468543770176447e-07,
                0.1768171287696304,
                0.7924393924733135,
                0.030726209885354714,
                1.6994186263586573e-05
            ],
            [
                0.9999999998432569,
                1.4930946702136097e-10,
                0.0,
                0.0,
                7.433680642561825e-12
            ]
        ],
        [
            [
                0.9999999994704352,
                5.211412455930276e-10,
                0.0,
                0.0,
                8.423463702812924e-12
            ],
            [
                0.9999999981797465,
                1.8189616787870796e-09,
                0.0,
                0.0,
                1.2917799985606314e-12
            ],
            [
                1.6918689117612672e-10,
                1.6701414407364982e-05,
                0.9999832568004982,
                4.1398667315662824e-08,
                2.1724026844052968e-10
            ],
            [
                5.371308912999648e-07,
                0.9398606962349086,
                0.06008328810406246,
                5.478884042097855e-05,
                6.896897165172954e-07
            ],
            [
                0.9999999999597833,
                2.940077722693575e-11,
                0.0,
                0.0,
                1.0815941496251193e-11
            ]
        ],
        [
            [
                0.9999999998663553,
                1.3176514223537885e-10,
                0.0,
                0.0,
                1.8795288098980007e-12
            ],
            [
                0.9999999969997473,
                2.998960808855315e-09,
                0.0,
                0.0,
                1.2917799978932572e-12
            ],
            [
                2.1724317316993553e-10,
                3.726639099813498e-06,
                0.9999962692669837,
                3.850727381929244e-09,
                2.5945997007366384e-11
            ],
            [
                1.80197477189786e-10,
                1.7096660619549305e-09,
                1.11484231461752e-08,
                0.06008665366612435,
                0.9399133332955889
            ],
            [
                0.9999999997788822,
                1.917171503855032e-10,
                0.0,
                0.0,
                2.940077724097301e-11
            ]
        ],
        [
            [
                0.9999999999173457,
                7.991959865134542e-11,
                0.0,
                0.0,
                2.7346982820726025e-12
            ],
            [
                0.9999998874470688,
                1.1253518335028522e-07,
                9.54503565490903e-12,
                2.4133629569290927e-12,
                5.789356772752582e-12
            ],
            [
                9.056060572170917e-11,
                1.7603431208748843e-06,
                0.9999982322922791,
                7.194119988288176e-09,
                7.991945404559312e-11
            ],
            [
                5.158467832102808e-07,
                0.9026177557441533,
                0.002237365889375587,
                0.09513521891667366,
                9.143603014093905e-06
            ],
            [
                0.9999999991312383,
                8.592166578623348e-10,
                0.0,
                0.0,
                9.545034877792802e-12
            ]
        ],
        [
            [
                0.9999999998485607,
                1.4930946702215286e-10,
                0.0,
                0.0,
                2.1297851624319987e-12
            ],
            [
                0.9999999985812613,
                1.4166087820566414e-09,
                0.0,
                0.0,
                2.129785164060179e-12
            ],
            [
                1.0815942078309477e-11,
                1.444980315716599e-07,
                0.9999998547283877,
                7.582560793177779e-10,
                4.508755459489852e-12
            ],
            [
                3.574847709875159e-10,
                2.057182819756055e-09,
                7.180273567147039e-09,
                0.7772998486778715,
                0.22270014172718744
            ],
            [
                0.9999999998818381,
                1.162823301018099e-10,
                0.0,
                0.0,
                1.8795288132999223e-12
            ]
        ],
        [
            [
                0.9999999997514168,
                2.4616969404619264e-10,
                0.0,
                0.0,
                2.413362760702675e-12
            ],
            [
                6.166774616941543e-07,
                0.10036718772142772,
                0.44981453146771777,
                0.4498145323868315,
                3.131746561267483e-06
            ],
            [
                1.783247191940023e-11,
                5.315784959683346e-08,
                0.999999944745332,
                2.0611535081550404e-09,
                1.783247191940023e-11
            ],
            [
                1.391128814082285e-09,
                1.227666869523798e-09,
                2.9450197225225677e-09,
                0.0179862114761152,
                0.9820137829600694
            ],
            [
                0.9999999995365831,
                4.599055360892215e-10,
                0.0,
                0.0,
                3.5114220998165065e-12
            ]
        ],
        [
            [
                0.9999999997987379,
                1.91717150262813e-10,
                0.0,
                0.0,
                9.545034867426715e-12
            ],
            [
                5.269400487891624e-08,
                0.00012233294814227238,
                0.00857620181052192,
                0.9912741163770206,
                2.7296170310414796e-05
            ],
            [
                1.6918689662710333e-10,
                1.6701414945462344e-05,
                0.9999832890880168,
                9.237291565688655e-09,
                9.055921997531808e-11
            ],
            [
                9.10902743662765e-07,
                0.02919290157606013,
                0.003950829574871888,
                0.9667360532308156,
                0.00011930471550864201
            ],
            [
                0.9999999998291516,
                1.6918979178483398e-10,
                0.0,
                0.0,
                1.6586783542410342e-12
            ]
        ],
        [
            [
                0.999999999882254,
                1.1628232993979176e-10,
                0.0,
                0.0,
                1.4637785095637403e-12
            ],
            [
                0.999999996992349,
                2.9989607990349127e-09,
                2.129785152617382e-12,
                0.0,
                6.56020011166752e-12
            ],
            [
                6.947573642650159e-06,
                0.11918029840700813,
                0.8806298549653128,
                0.00017918028584367878,
                3.7187681927058085e-06
            ],
            [
                7.193570957400654e-09,
                4.784743534025964e-06,
                2.753429794490693e-05,
                0.9999222773822546,
                4.539638269556288e-05
            ],
            [
                0.999999999880983,
                1.1628232989321162e-10,
                0.0,
                0.0,
                2.7346982819731615e-12
            ]
        ],
        [
            [
                0.9999999999358788,
                6.224144598530784e-11,
                0.0,
                0.0,
                1.8795288091778677e-12
            ],
            [
                0.9980732595139352,
                0.0019267343201145913,
                5.59200298901972e-09,
                4.050833378593964e-10,
                1.6886385835817956e-10
            ],
            [
                8.149239133676891e-09,
                0.0003353481685800776,
                0.9996584242484885,
                6.142115864166755e-06,
                7.731782816764152e-08
            ],
            [
                4.680088886243751e-07,
                0.03598050296343467,
                0.03598050296343467,
                0.9279493393567314,
                8.918670751061773e-05
            ],
            [
                0.9999999998955016,
                1.026187960347072e-10,
                0.0,
                0.0,
                1.879528811368364e-12
            ]
        ],
        [
            [
                0.9999999992215369,
                7.582560373869003e-10,
                0.0,
                0.0,
                2.020683894620271e-11
            ],
            [
                0.9999999973470339,
                2.646573620339623e-09,
                2.413362754900027e-12,
                0.0,
                3.978962507919135e-12
            ],
            [
                3.900837607966694e-14,
                4.0586521241721007e-10,
                0.9999999995817337,
                1.2256067437143236e-11,
                1.0603575985505514e-13
            ],
            [
                1.7087379204452979e-06,
                1.330766430506602e-06,
                1.7087379204452979e-06,
                0.9706831634534346,
                0.0293120883042939
            ],
            [
                0.9999999999423375,
                5.492788342856823e-11,
                0.0,
                0.0,
                2.734698287560187e-12
            ]
        ],
        [
            [
                0.999999999782756,
                2.1724399262374787e-10,
                0.0,
                0.0,
                0.0
            ],
            [
                0.9999999585957977,
                4.1399375377051386e-08,
                2.4133626662732204e-12,
                0.0,
                2.4133626662732204e-12
            ],
            [
                9.91627930217936e-08,
                0.0015011812884070353,
                0.9984983210130802,
                3.9219645446028695e-07,
                6.339265269166691e-09
            ],
            [
                9.912044173907074e-08,
                3.646437271563585e-08,
                1.6342213650781873e-07,
                0.777299639200671,
                0.22270006179237803
            ],
            [
                0.9999999999270579,
                7.052879826630133e-11,
                0.0,
                0.0,
                2.413362763455925e-12
            ]
        ],
        [
            [
                0.9999999998973812,
                1.0261879579909474e-10,
                0.0,
                0.0,
                0.0
            ],
            [
                0.9241413569400804,
                0.07585814314308888,
                4.660883153406251e-07,
                2.97960575488849e-08,
                4.0324578877127495e-09
            ],
            [
                2.1724193112318684e-10,
                1.0129987768859008e-05,
                0.9999898371475666,
                3.224156128753652e-08,
                4.0586135960566314e-10
            ],
            [
                0.9999999918455477,
                8.152020631192335e-09,
                1.2917799915896805e-12,
                0.0,
                1.1399918413986478e-12
            ],
            [
                0.9999999999648099,
                2.94007772785953e-11,
                0.0,
                0.0,
                5.789356306233607e-12
            ]
        ],
        [
            [
                0.9999999994063709,
                5.905303969670907e-10,
                0.0,
                0.0,
                3.098819123360696e-12
            ],
            [
                0.9999999983923586,
                1.6052280483566265e-09,
                0.0,
                0.0,
                2.4133627615662497e-12
            ],
            [
                6.690948593465249e-10,
                9.610240468282807e-05,
                0.9999038281555996,
                6.824953110872443e-08,
                5.21091600408125e-10
            ],
            [
                1.6932767708862565e-06,
                0.03729689412641412,
                0.0006831166047279169,
                0.961899588125847,
                0.00011870786624004912
            ],
            [
                0.9999999998055482,
                1.917171506870452e-10,
                0.0,
                0.0,
                2.7346982817668704e-12
            ]
        ],
        [
            [
                0.9999999997761957,
                2.1724399207968254e-10,
                0.0,
                0.0,
                6.560200125025297e-12
            ],
            [
                0.00015669183403335348,
                0.9888329807756093,
                0.008555080184140475,
                0.002451071510279804,
                4.175695936966897e-06
            ],
            [
                5.0087746335833126e-14,
                7.582560421462589e-10,
                0.9999999992293735,
                1.2256067433675133e-11,
                6.431393935981804e-14
            ],
            [
                5.7893457420628584e-12,
                2.940072362930946e-11,
                2.0206802139120796e-11,
                2.260325273644777e-06,
                0.9999977396193295
            ],
            [
                0.999999999964805,
                3.331544534268026e-11,
                0.0,
                0.0,
                1.879528812083119e-12
            ]
        ],
        [
            [
                0.9999999994049609,
                5.905303969662582e-10,
                0.0,
                0.0,
                4.508755219938156e-12
            ],
            [
                0.9999999715289162,
                2.8453347120318027e-08,
                7.433680419057844e-12,
                1.8795287524962435e-12,
                8.423463467448554e-12
            ],
            [
                1.9171314054300957e-10,
                2.1444939214843465e-05,
                0.9999785296102994,
                2.5109466242007335e-08,
                1.4930634397997417e-10
            ],
            [
                0.999999999874484,
                1.0261879590898009e-10,
                0.0,
                0.0,
                2.2897348365409766e-11
            ],
            [
                0.9999999997705,
                2.1724399207880552e-10,
                0.0,
                0.0,
                1.2256067363475394e-11
            ]
        ],
        [
            [
                0.9999999995361155,
                4.5990553564510816e-10,
                0.0,
                0.0,
                3.978962516629408e-12
            ],
            [
                0.9999999988940094,
                1.1032560288493827e-09,
                0.0,
                0.0,
                2.7346982829306905e-12
            ],
            [
                1.2256067961108228e-11,
                5.04347202860037e-07,
                0.9999994912393273,
                4.363462437011565e-09,
                3.775134703529002e-11
            ],
            [
                1.1194180521261609e-10,
                2.5477837432191456e-09,
                3.103836006494573e-08,
                0.9626730836960687,
                0.037326882605845595
            ],
            [
                0.9999999998286804,
                1.6918979188380136e-10,
                0.0,
                0.0,
                2.1297851662010965e-12
            ]
        ],
        [
            [
                0.9999999981751797,
                1.8189616794197518e-09,
                1.8795288081349694e-12,
                0.0,
                3.978962518045731e-12
            ],
            [
                0.9999952148661388,
                4.785094842899866e-06,
                2.940061080697168e-11,
                4.508729695523787e-12,
                5.109060079779242e-12
            ],
            [
                1.6050290743430466e-09,
                0.00012339450645546844,
                0.9998764583052833,
                1.44480112926293e-07,
                1.1031192749437742e-09
            ],
            [
                4.939925822722358e-09,
                1.853693489266207e-07,
                3.7232429022928982e-06,
                0.9990850389463093,
                0.0009110475015135322
            ],
            [
                0.9999999965814861,
                3.3982677910754787e-09,
                4.508755204588266e-12,
                0.0,
                1.5737101975254077e-11
            ]
        ],
        [
            [
                0.9999999990218711,
                9.736200261002764e-10,
                0.0,
                0.0,
                4.508755218210898e-12
            ],
            [
                0.9999998144556504,
                1.855391596435763e-07,
                3.511422555892295e-12,
                5.384940896373968e-13,
                1.1399919967081962e-12
            ],
            [
                1.605963247468766e-05,
                0.03728358332597496,
                0.9615562924739357,
                0.0011258666199190702,
                1.8197947695514094e-05
            ],
            [
                4.353304044228339e-07,
                0.9780828504226818,
                0.003997200569068027,
                0.01791421026782281,
                5.303410022791774e-06
            ],
            [
                0.9999999999691356,
                2.94007773384584e-11,
                0.0,
                0.0,
                1.4637785114181732e-12
            ]
        ],
        [
            [
                0.9999999998471791,
                1.4930946720154742e-10,
                0.0,
                0.0,
                3.51142210354212e-12
            ],
            [
                5.69259709745487e-07,
                0.001922885035245882,
                0.001922885035245882,
                0.9960791023613575,
                7.455830844095153e-05
            ],
            [
                4.058636684525774e-10,
                3.7266389932848605e-06,
                0.9999962405216819,
                3.224174470196494e-08,
                1.9171642194976612e-10
            ],
            [
                1.4965154950115345e-07,
                0.05842820855354204,
                0.9139710044758189,
                0.027599531535394933,
                1.10578369455592e-06
            ],
            [
                0.9999999998467115,
                1.4930946702159612e-10,
                0.0,
                0.0,
                3.978962519897874e-12
            ]
        ],
        [
            [
                0.9999999998043039,
                1.9171715050176234e-10,
                0.0,
                0.0,
                3.9789625176965195e-12
            ],
            [
                0.9999999976603349,
                2.3355930253978606e-09,
                1.658678349396846e-12,
                0.0,
                2.4133627579855e-12
            ],
            [
                6.914399969739615e-13,
                1.9555680699812358e-08,
                0.9999999803264579,
                1.1628232799485059e-10,
                8.878265302290616e-13
            ],
            [
                2.93961243719053e-11,
                1.691630159747635e-10,
                2.461307359142025e-10,
                0.00015843624734598102,
                0.9998415633079641
            ],
            [
                0.9999999998938698,
                1.0261879609461484e-10,
                0.0,
                0.0,
                3.511422105766263e-12
            ]
        ],
        [
            [
                0.9999999998631259,
                1.317651421079672e-10,
                0.0,
                0.0,
                5.109089005070707e-12
            ],
            [
                9.32775570613462e-05,
                0.9705128978044434,
                0.022824277130805117,
                0.006539264718641042,
                3.02827890491253e-05
            ],
            [
                9.0560606040095e-11,
                1.76034312706376e-06,
                0.999998236119577,
                3.398261670820255e-09,
                4.847359935656675e-11
            ],
            [
                2.9328077327425233e-11,
                5.890701800461026e-10,
                2.2104695427806312e-08,
                0.9975273543737999,
                0.0024726229031063747
            ],
            [
                0.9999999998485607,
                1.4930946708971152e-10,
                0.0,
                0.0,
                2.1297851633956714e-12
            ]
        ],
        [
            [
                0.9999999998955016,
                1.0261879595756925e-10,
                0.0,
                0.0,
                1.879528809955533e-12
            ],
            [
                9.278151595434633e-07,
                0.6767638736178117,
                0.3196806292183227,
                0.003551330955598103,
                3.2383931079388618e-06
            ],
            [
                5.904865271011667e-10,
                7.484619747608401e-05,
                0.9999250400161144,
                1.1252681404476504e-07,
                6.691088947414897e-10
            ],
            [
                1.9867562290067095e-06,
                0.11895529589312898,
                0.0016968057572863654,
                0.8789673030529916,
                0.00037860854036408443
            ],
            [
                0.9999999996390905,
                3.5817479168187553e-10,
                0.0,
                0.0,
                2.7346982813116585e-12
            ]
        ],
        [
            [
                0.9999999993250521,
                6.691586057577826e-10,
                0.0,
                0.0,
                5.789356299561501e-12
            ],
            [
                0.9999999881191906,
                1.1861119958668572e-08,
                7.43368055159746e-12,
                0.0,
                1.2256067245008593e-11
            ],
            [
                7.582112503024976e-10,
                5.8291275678798e-05,
                0.9999416903932319,
                1.7256808515616578e-08,
                3.160694731440662e-10
            ],
            [
                0.9999999997705,
                2.1724399224087034e-10,
                0.0,
                0.0,
                1.2256067372618465e-11
            ],
            [
                0.9999999994070563,
                5.905303966244044e-10,
                0.0,
                0.0,
                2.4133627584694733e-12
            ]
        ],
        [
            [
                0.9999999996799329,
                3.1608814411302596e-10,
                0.0,
                0.0,
                3.978962519241747e-12
            ],
            [
                0.9999898698966574,
                1.012998807907965e-05,
                9.055991294017684e-11,
                1.3887812446420428e-11,
                1.0815839208421033e-11
            ],
            [
                3.775120208562183e-11,
                2.9023121552219826e-06,
                0.9999970822708628,
                1.5229921910302837e-08,
                1.4930890063111364e-10
            ],
            [
                0.9999999999366487,
                5.492788319831733e-11,
                0.0,
                0.0,
                8.423463706740058e-12
            ],
            [
                0.9999999991383699,
                8.592166582572356e-10,
                0.0,
                0.0,
                2.4133627615525346e-12
            ]
        ],
        [
            [
                0.999999999535577,
                4.5990553537766087e-10,
                1.006039273841778e-12,
                0.0,
                3.5114220943836743e-12
            ],
            [
                0.9999996071996231,
                3.927863686182081e-07,
                6.560200403148448e-12,
                1.6586784183301885e-12,
                5.7893565361127195e-12
            ],
            [
                0.0,
                9.056076987083995e-11,
                0.9999999998833184,
