{
    "[['A', 'B', 'C', 'D', 'E'], ['A', 'B', 'C', 'D', 'E']]": [
        [
            [
                0.9999999965980231,
                3.3982678017529237e-09,
                6.101936645747488e-13,
                0.0,
                3.098819122543081e-12
            ],
            [
                0.9999952148854514,
                4.7850948444917e-06,
                1.0815880277365876e-11,
                3.098801581730847e-12,
                5.789323527953231e-12
            ],
            [
                6.431393938567992e-14,
                1.0261879627100193e-10,
                0.9999999998676616,
                2.940077737966064e-11,
                2.543665646236276e-13
            ],
            [
                9.514752218110116e-12,
                2.7806181893018463e-10,
                2.1655476232508698e-10,
                0.0031726830722253025,
                0.9968273164236433
            ],
            [
                1.1399897688149344e-12,
                1.0815921782667523e-11,
                3.978955261161759e-12,
                1.0677030762086194e-06,
                0.999998932280989
            ]
        ],
        [
            [
                0.9999999995917215,
                4.0586521174361e-10,
                0.0,
                0.0,
                2.4133627664580755e-12
            ],
            [
                0.9999999468363496,
                5.315784964287485e-08,
                1.2917799342803087e-12,
                0.0,
                4.5087549962057954e-12
            ],
            [
                1.4116432038791564e-09,
                8.733527246717384e-08,
                0.003171621296142496,
                0.9964940035317246,
                0.00033428642521731415
            ],
            [
                2.7345995191073743e-12,
                4.847193627852326e-11,
                1.2255624776535247e-11,
                3.5356257518108175e-05,
                0.9999646436790197
            ],
            [
                1.4637590586101796e-12,
                1.5736892940356754e-11,
                1.0815797799388535e-11,
                1.3007124770204616e-05,
                0.9999869928472134
            ]
        ],
        [
            [
                0.9999999990228685,
                9.736200283428211e-10,
                0.0,
                0.0,
                3.51142210270781e-12
            ],
            [
                0.9999970976532685,
                2.9023121974742553e-06,
                2.020676265083194e-11,
                3.5114088302022362e-12,
                1.0815900642228483e-11
            ],
            [
                1.879528709995532e-12,
                5.315784953092177e-08,
                0.9999999434042518,
                3.398267626859812e-09,
                3.775134330280655e-11
            ],
            [
                1.3881958864726663e-11,
                2.171503723523619e-10,
                2.788265973436397e-10,
                0.0004305571195465803,
                0.9995694423705945
            ],
            [
                2.413362957219552e-12,
                1.783247427797644e-11,
                9.545035656057817e-12,
                8.315279899715165e-07,
                0.9999991684422191
            ]
        ],
        [
            [
                0.9999999827361193,
                1.7257827658631805e-08,
                1.4637784861928545e-12,
                6.101936561163028e-13,
                3.978962459907326e-12
            ],
            [
                0.9999977396512686,
                2.2603252716565946e-06,
                1.0815921769272698e-11,
                3.0988134693611823e-12,
                9.545017459980454e-12
            ],
            [
                4.1937955927734495e-13,
                1.5229979506460797e-08,
                0.9999999844469527,
                3.160881404866102e-10,
                6.5602000655285795e-12
            ],
            [
                1.2237661129065862e-11,
                2.1691773376741755e-10,
                7.042287748137371e-11,
                0.0015011820308356834,
                0.998498817669586
            ],
            [
                6.91440037452102e-13,
                9.545035292224553e-12,
                3.0988192586432283e-12,
                3.927863697485685e-07,
                0.9999996072002949
            ]
        ],
        [
            [
                0.9999999976631151,
                2.335593031067345e-09,
                0.0,
                0.0,
                1.291780000509552e-12
            ],
            [
                0.9999993524015776,
                6.475946142822761e-07,
                2.129785217961046e-12,
                5.384940336601946e-13,
                1.1399918782044585e-12
            ],
            [
                3.4424771075101015e-14,
                1.6918979221433738e-10,
                0.9999999998010869,
                2.940077738464683e-11,
                2.882350792640694e-13
            ],
            [
                1.2254548550434548e-11,
                1.1626791944035329e-10,
                4.2772577229883444e-11,
                0.00012339462848339435,
                0.9998766052002216
            ],
            [
                2.7345733604472524e-12,
                5.4925374200428664e-11,
                3.331392344874925e-11,
                4.539785614493653e-05,
                0.9999546020528812
            ]
        ],
        [
            [
                0.9999999123484108,
                8.76424913569717e-08,
                3.9789629518157005e-12,
                1.1399919722241798e-12,
                3.9789629518157005e-12
            ],
            [
                3.101158465827024e-06,
                0.028474820995409957,
                0.9429566270846707,
                0.02847482162639761,
                9.062913505590812e-05
            ],
            [
                2.641001752822937e-09,
                1.272505906425307e-07,
                0.11918155209197882,
                0.8806391358428082,
                0.00017918217362065855
            ],
            [
                5.108855625205775e-12,
                7.991594789455795e-11,
                3.774962081598289e-11,
                4.5397856194094456e-05,
                0.9999546020210315
            ],
            [
                3.098801583777618e-12,
                3.7751131579789185e-11,
                1.573701295550004e-11,
                4.7850948476522744e-06,
                0.9999952148485655
            ]
        ],
        [
            [
                0.9999999985819275,
                1.416608782360362e-09,
                0.0,
                0.0,
                1.4637785097004666e-12
            ],
            [
                2.0076425665028924e-10,
                4.03245788980571e-09,
                1.7146447259422874e-07,
                0.9241416633936904,
                0.07585816090861486
            ],
            [
                2.052734098399209e-09,
                1.0633436026877963e-06,
                0.9959158989758103,
                0.004070081450835043,
                1.2954177017896753e-05
            ],
            [
                7.039293272765499e-11,
                1.8154576628143265e-09,
                6.336569867974119e-09,
                0.11920292280911633,
                0.8807970689684632
            ],
            [
                1.291780167311367e-12,
                1.573710408682725e-11,
                6.560200993525716e-12,
                3.059023589889427e-07,
                0.9999996940740519
            ]
        ],
        [
            [
                0.999999995037399,
                4.944450465853085e-09,
                2.4133627542200244e-12,
                0.0,
                1.5737101992010475e-11
            ],
            [
                0.9997965728445772,
                0.00020342706068018354,
                5.491667962880282e-11,
                1.388511108028526e-11,
                2.5940802644240296e-11
            ],
            [
                7.287724092785241e-14,
                3.1608814529975697e-10,
                0.9999999996458631,
                3.775134542707213e-11,
                2.2447770540862972e-13
            ],
            [
                7.430477135665593e-12,
                1.49245122865313e-10,
                6.221462334480152e-11,
                0.00043055711913814215,
                0.9995694426619717
            ],
            [
                1.2917702168881501e-12,
                2.594589838758108e-11,
                6.560150461107024e-12,
                7.889265049292842e-06,
                0.9999921107011529
            ]
        ],
        [
            [
                0.9999999804347559,
                1.9555680653483272e-08,
                2.1297851236493853e-12,
                0.0,
                7.433680507236629e-12
            ],
            [
                0.9999989322843917,
                1.067703075525346e-06,
                6.560188170043401e-12,
                1.463775836985619e-12,
                4.508746996122197e-12
            ],
            [
                6.560200954552313e-12,
                1.8553915850294735e-07,
                0.9999998071896186,
                7.194133892716093e-09,
                7.052880696570261e-11
            ],
            [
                1.5687174364540422e-11,
                3.1508531991945973e-10,
                3.570384428508018e-10,
                0.0031726830727570113,
                0.9968273162394321
            ],
            [
                6.101925518835297e-13,
                9.545017467587448e-12,
                3.511415691947726e-12,
                2.260325273457983e-06,
                0.9999977396610599
            ]
        ],
        [
            [
                0.9999999998073952,
                1.9171715106731733e-10,
                0.0,
                0.0,
                8.878265464172633e-13
            ],
            [
                0.998830489148965,
                0.0011695103480534343,
                4.05390189003231e-10,
                5.4863596050096216e-11,
                4.2727811565928166e-11
            ],
            [
                1.504298761787392e-08,
                9.306766884982697e-07,
                0.6788506098277532,
                0.320666342222193,
                0.0004821022303776551
            ],
            [
                3.098795658575531e-12,
                4.8473319771417484e-11,
                1.783233778923369e-11,
                7.88926504878373e-06,
                0.9999921106655468
            ],
            [
                3.5114022211513045e-12,
                4.277763635277653e-11,
                2.0206724618369762e-11,
                4.785094847833062e-06,
                0.9999952148386564
            ]
        ],
        [
            [
                0.9999999981775269,
                1.8189616804888775e-09,
                0.0,
                0.0,
                3.511422099739459e-12
            ],
            [
                0.9959298605920943,
                0.004070137775640929,
                1.4108436802681983e-09,
                1.312289042762391e-10,
                9.019221897654588e-11
            ],
            [
                1.2015425688757418e-13,
                3.3982678073295145e-09,
                0.9999999965106319,
                9.056076957252756e-11,
                4.193795643366055e-13
            ],
            [
                3.5110874121253795e-12,
                6.223551350744753e-11,
                4.2773801193719426e-11,
                9.610240003712873e-05,
                0.9999038974914425
            ],
            [
                1.0060393283173295e-12,
                1.2256068041456045e-11,
                3.511422284522032e-12,
                1.444980316537091e-07,
                0.9999998554851949
            ]
        ],
        [
            [
                0.9999999995305495,
                4.599055367013928e-10,
                0.0,
                0.0,
                9.545034898685924e-12
            ],
            [
                0.8519527308940892,
                0.14804719009299178,
                7.466720076120715e-08,
                3.2806478436907944e-09,
                1.065070416988066e-09
            ],
            [
                7.177549291783802e-09,
                3.0519716199543156e-07,
                0.11915768273479871,
                0.8804627521965459,
                0.0003792526939440097
            ],
            [
                3.5114088680745657e-12,
                2.940066649128933e-11,
                9.544998918377037e-12,
                3.7266391149118257e-06,
                0.999996273318428
            ],
            [
                2.734682799284036e-12,
                2.940061083483887e-11,
                1.5737012954786754e-11,
                4.785094847435388e-06,
                0.9999952148572803
            ]
        ],
        [
            [
                0.9999999965960944,
                3.3982678024726937e-09,
                1.6586783506056899e-12,
                0.0,
                3.9789625159060855e-12
            ],
            [
                0.9999417086332073,
                5.829127671678737e-05,
                5.4924639730588805e-11,
                1.2255343659181093e-11,
                2.2895996248207694e-11
            ],
            [
                3.391436956108949e-09,
                2.3775785951214153e-07,
                0.11919281073564629,
                0.8807223004538026,
                8.464766125462096e-05
            ],
            [
                4.508755589330673e-12,
                3.331544798593147e-11,
                2.0206840645528938e-11,
                8.315279900985064e-07,
                0.9999991684139788
            ],
            [
                2.734573361114196e-12,
                2.594490967539454e-11,
                7.433341076104893e-12,
                4.5397855736648343e-05,
                0.9999546021081506
            ]
        ],
        [
            [
                0.9999999999493965,
                4.847368698239527e-11,
                0.0,
                0.0,
                2.129785167427329e-12
            ],
            [
                0.999997739643667,
                2.260325271307378e-06,
                1.5737073313042527e-11,
                4.508746992727169e-12,
                1.0815921767601655e-11
            ],
            [
                8.109171707592363e-09,
                5.684973685119384e-07,
                0.9947443130160222,
                0.005219938690683215,
                3.5171686754432706e-05
            ],
            [
                3.097779243810196e-12,
                7.05051306120246e-11,
                2.2889664614616506e-11,
                0.00033535005523120117,
                0.9996646498482762
            ],
            [
                3.098819282581609e-12,
                2.940077875774835e-11,
                1.388794450969884e-11,
                5.043472049985518e-07,
                0.9999994956064074
            ]
        ],
        [
            [
                0.999999989528893,
                1.046740167031116e-08,
                1.2917799894296825e-12,
                0.0,
                2.4133627431438433e-12
            ],
            [
                0.9980732651561006,
                0.0019267343412985324,
                4.0508334022576235e-10,
                5.482206858388668e-11,
                4.2695469942725214e-11
            ],
            [
                8.878265253274968e-13,
                2.5109990920560272e-08,
                0.9999999747857189,
                1.0261879371423777e-10,
                7.835041586339598e-13
            ],
            [
                9.717424586044235e-10,
                1.0447215985926412e-08,
                3.053126958653053e-07,
                0.7772996047905121,
                0.22270007847783374
            ],
            [
                3.978924893100865e-12,
                3.7750988298452084e-11,
                2.289713183746405e-11,
                1.0129988102773831e-05,
                0.9999898699472702
            ]
        ],
        [
            [
                0.9999999317384832,
                6.825604224401631e-08,
                2.129785435577081e-12,
                6.10193743575803e-13,
                2.7346986313723446e-12
            ],
            [
                0.09534944605252735,
                0.9046504161848192,
                1.3072025156982403e-07,
                6.508178101971204e-09,
                5.342237905443945e-10
            ],
            [
                8.575450770837792e-10,
                2.694326539936991e-07,
                0.8807801978264548,
                0.11920064319603836,
                1.8888687307890752e-05
            ],
            [
                8.407236521250245e-12,
                1.9134782125012217e-10,
                1.4902183302860234e-10,
                0.0019267343339362387,
                0.9980732653172869
            ],
            [
                1.2917801686508141e-12,
                1.2256068998805589e-11,
                5.7893570631218155e-12,
                1.8553915979759984e-07,
                0.999999814441503
            ]
        ],
        [
            [
                0.9999996940905559,
                3.0590235858827855e-07,
                3.098819524541157e-12,
                8.878266583850551e-13,
                3.098819524541157e-12
            ],
            [
                0.9999832985327125,
                1.6701415086257878e-05,
                2.5945651141571663e-11,
                8.423319660330223e-12,
                1.7832167860852953e-11
            ],
            [
                6.170751585330995e-11,
                1.2394285881098452e-09,
                8.689065224371385e-08,
                0.9914224258898702,
                0.008577485918341394
            ],
            [
                1.2206189530871737e-11,
                3.1480177709486544e-10,
                2.1635988634164644e-10,
                0.0040701377750067365,
                0.9959298616816255
            ],
            [
                2.4133584910798023e-12,
                2.594604896032829e-11,
                1.2256045704639863e-11,
                1.3709566546163223e-06,
                0.9999986290027298
            ]
        ],
        [
            [
                0.9999999992408561,
                7.58256041564059e-10,
                0.0,
                0.0,
                8.878265464091424e-13
            ],
            [
                0.9999952148850494,
                4.78509483990615e-06,
                1.081588026700103e-11,
                2.734682794981074e-12,
                6.56016299371699e-12
            ],
            [
                2.413362747622727e-12,
                9.237449569301911e-09,
                0.9999999900707716,
                6.691586024163812e-10,
                2.0206838887510246e-11
            ],
            [
                2.566103829415628e-11,
                5.154157321446086e-10,
                4.014061758015426e-10,
                0.010986942362358662,
                0.9890130566951584
            ],
            [
                3.098819208380819e-12,
                2.0206839544455867e-11,
                1.388794417715397e-11,
                6.475946145470013e-07,
                0.9999993523681918
            ]
        ],
        [
            [
                0.9999999993201565,
                6.691586072951163e-10,
                1.1399918499196408e-12,
                0.0,
                9.545034896677715e-12
            ],
            [
                0.18242548838924255,
                0.8175743039886557,
                1.9477649455911161e-07,
                9.697341402957525e-09,
                3.148265813286441e-09
            ],
            [
                2.1714746957761686e-10,
                3.849030995165449e-09,
                1.3001530765806893e-05,
                0.9995564428355912,
                0.00043055156746453824
            ],
            [
                2.0156873562871778e-11,
                3.572891328645799e-10,
                4.58768327704444e-10,
                0.0024726229625705886,
                0.9975273762012152
            ],
            [
                8.42331967020075e-12,
                7.052759210831684e-11,
                4.847285791498894e-11,
                1.6701415105828757e-05,
                0.9999832984574704
            ]
        ],
        [
            [
                0.999999971535575,
                2.845334723961854e-08,
                3.5114220084515886e-12,
                1.0060392492218232e-12,
                6.560199972128215e-12
            ],
            [
                0.32082127505709895,
                0.6791786238336631,
                9.813994890564961e-08,
                2.6153410509716106e-09,
                3.5394792189358325e-10
            ],
            [
                7.966604496922619e-11,
                1.813190826015771e-09,
                8.288898097694962e-07,
                0.9968264891743648,
                0.003172680042968474
            ],
            [
                2.934413877111506e-11,
                3.5748479336115384e-10,
                3.5748479336115384e-10,
                0.001926734332433465,
                0.9980732649232529
            ],
            [
                1.4637758712279343e-12,
                1.5737073693031924e-11,
                7.433667250608801e-12,
                1.7603431337957423e-06,
                0.9999982396322318
            ]
        ],
        [
            [
                0.9999999634517731,
                3.653482075017194e-08,
                4.5087550711206734e-12,
                1.4637784585537983e-12,
                7.433680390133723e-12
            ],
            [
                0.9999952148370772,
                4.7850948408355074e-06,
                3.7751131526009547e-11,
                7.433638549640402e-12,
                2.2897218709368968e-11
            ],
            [
                8.25807327292127e-14,
                1.2501528644740394e-09,
                0.9999999986872685,
                6.224144613384994e-11,
                2.543665643485177e-13
            ],
            [
                2.92473011203586e-11,
                6.656655052681486e-10,
                1.5150477067282523e-08,
                0.994779858548603,
                0.005220125606007227
            ],
            [
                5.788175454400464e-12,
                1.1625861180724906e-10,
                7.051441251672574e-11,
                0.0002034270617791335,
                0.9997965727456597
            ]
        ],
        [
            [
                0.9999999907604206,
                9.237449557580641e-09,
                0.0,
                0.0,
                2.1297851468876513e-12
            ],
            [
                0.9933071463052829,
                0.006692851399917235,
                2.0473577944655942e-09,
                1.6805736174133675e-10,
                7.938467662850493e-11
            ],
            [
                8.560665180679794e-09,
                8.732124206217107e-07,
                0.562093447804932,
                0.4377588186726644,
                0.0001468517493177864
            ],
            [
                6.081133917221739e-11,
                1.0779067782216074e-09,
                1.3840597000565403e-09,
                0.022977367753218014,
                0.9770226297240042
            ],
            [
                1.8795289611047664e-12,
                2.2897350217626093e-11,
                7.433681244120558e-12,
                8.315279900540965e-07,
                0.9999991684397994
            ]
        ],
        [
            [
                0.9999999993250521,
                6.691586072983922e-10,
                0.0,
                0.0,
                5.7893563128903846e-12
            ],
            [
                0.9997388092101364,
                0.00026119032840783365,
                3.5808125108727675e-10,
                4.846102753761723e-11,
                5.4913538388279834e-11
            ],
            [
                8.13516835688027e-09,
                1.990610064539776e-06,
                0.8806724074382777,
                0.1191860412770934,
                0.00013955253939602796
            ],
            [
                1.4637256450882746e-12,
                3.3314242127913865e-11,
                1.0815550905000716e-11,
                3.535625751964244e-05,
                0.9999646436968868
            ],
            [
                1.2917751191998675e-12,
                2.289726185736932e-11,
                7.433652557745179e-12,
                2.902312199767303e-06,
                0.9999970976561775
            ]
        ],
        [
            [
                0.9999999988901838,
                1.103256028199294e-09,
                0.0,
                0.0,
                6.560200143511109e-12
            ],
            [
                0.9999999748753396,
                2.510999089516848e-08,
                2.4133627081812214e-12,
                0.0,
                1.2256067120847993e-11
            ],
            [
                1.388794539796774e-11,
                3.0590235426847977e-07,
                0.9999996784956015,
                1.522998142585534e-08,
                3.581748325650051e-10
            ],
            [
                1.3887442252338582e-11,
                7.991671234818266e-11,
                5.492589959312804e-11,
                3.5356257925863716e-05,
                0.9999646435933441
            ],
            [
                3.098813641738623e-12,
                2.5946048957087823e-11,
                9.545017990940351e-12,
                1.3709566544451001e-06,
                0.9999986290047557
            ]
        ],
        [
            [
                0.9999999987474337,
                1.2501528630498656e-09,
                0.0,
                0.0,
                2.413362765391526e-12
            ],
            [
                0.9999546020999157,
                4.539785570193664e-05,
                2.9399434241152726e-11,
                6.559900470501638e-12,
                8.423078935065978e-12
            ],
            [
                1.7482341215632446e-13,
                3.3982678064562326e-09,
                0.9999999965212676,
                7.991959862289524e-11,
                3.701011664392234e-13
            ],
            [
                1.0808270063933511e-11,
                1.915811709025188e-10,
                1.690697899150029e-10,
                0.000709670344404679,
                0.9992903292841361
            ],
            [
                3.0988135439037922e-12,
                3.775127728395408e-11,
                7.433667251081435e-12,
                1.7603431339076652e-06,
                0.9999982396085824
            ]
        ],
        [
            [
                0.9999998874555667,
                1.1253518366163997e-07,
                3.9789628520174784e-12,
                1.2917801074346907e-12,
                3.9789628520174784e-12
            ],
            [
                0.999996273328746,
                3.726639112351353e-06,
                2.0206762854888632e-11,
                3.5114088656619722e-12,
                8.423431974853537e-12
            ],
            [
                8.258073255501812e-14,
                3.3982678071275484e-09,
                0.9999999964311679,
                1.6918979164577034e-10,
                1.2917800000847426e-12
            ],
            [
                1.2255156831324859e-11,
                1.4929837408508902e-10,
                7.991366098834734e-11,
                7.484619709742808e-05,
                0.9999251535614354
            ],
            [
                3.5114088332718086e-12,
                3.3315319423538814e-11,
                9.544998823773334e-12,
                2.9023122000113726e-06,
                0.9999970976414283
            ]
        ],
        [
            [
                0.9999999956306451,
                4.363462226873835e-09,
                7.835041738253283e-13,
                0.0,
                5.1090889975386496e-12
            ],
            [
                0.9999970976594215,
                2.9023121974921133e-06,
                1.5737042575902763e-11,
                3.0988074163807384e-12,
                9.544998815488104e-12
            ],
            [
                1.6807860048741912e-09,
                1.3352137054889208e-07,
                0.07584952651895935,
                0.9240363031823823,
                0.00011403509650178252
            ],
            [
                4.508041679662849e-12,
                1.317442893441021e-10,
                6.223159580078831e-11,
                0.00015843624747079174,
                0.9998415635540453
            ],
            [
                1.6586785673932155e-12,
                1.573710408485643e-11,
                4.508755808999459e-12,
                3.0590235895063337e-07,
                0.9999996940757365
            ]
        ],
        [
            [
                0.9999999969959301,
                2.9989608088438673e-09,
                0.0,
                0.0,
                5.109089000782512e-12
            ],
            [
                0.9984988176421664,
                0.00150118202823463,
                2.785278833404662e-10,
                3.3265411852398486e-11,
                1.7805691868387363e-11
            ],
            [
                8.555469446294765e-10,
                3.637878178749314e-08,
                0.004069312942937396,
                0.9957280506610336,
                0.00020259916170025776
            ],
            [
                1.4637729928186407e-12,
                1.5737042747215654e-11,
                8.423431981539066e-12,
                3.726639115309121e-06,
                0.9999962733352605
            ],
            [
                2.4133584910097484e-12,
                1.7832441276901652e-11,
                1.2256045704284101e-11,
                1.3709566545765268e-06,
                0.9999986290108436
            ]
        ],
        [
            [
                0.9999999992377648,
                7.582560412652853e-10,
                0.0,
                0.0,
                3.978962527830023e-12
            ],
            [
                0.9890130568640175,
                0.010986942367085003,
                6.61806899829923e-10,
                6.975393405176533e-11,
                3.733659038536734e-11
            ],
            [
                4.4202281006767205e-14,
                2.789468090998151e-10,
                0.9999999996875188,
                3.331544539932092e-11,
                1.7482341270985932e-13
            ],
            [
                1.2254548551751532e-11,
                1.4929096372286055e-10,
                6.223373265726258e-11,
                0.00012339462821905697,
                0.9998766051480017
            ],
            [
                2.41335849089514e-12,
                2.5946048958342983e-11,
                9.545017991402099e-12,
                1.370956654511421e-06,
                0.999998629005441
            ]
        ],
        [
            [
                0.9999999987453383,
                1.2501528618983754e-09,
                0.0,
                0.0,
                4.5087552261072454e-12
            ],
            [
                0.9999038974414609,
                9.61023991677573e-05,
                1.1627124641502889e-10,
                2.0204912999438e-11,
                2.289516590966298e-11
            ],
            [
                2.502951439813406e-08,
                1.6648156204155697e-05,
                0.996794101633393,
                0.0031725770246844175,
                1.6648156204155697e-05
            ],
            [
                7.039292356868399e-11,
                2.3310934786706544e-09,
                2.83985322257405e-08,
                0.7772998322585298,
                0.22270013694145163
            ],
            [
                1.879529052854646e-12,
                1.7832475150246022e-11,
                8.423464813561523e-12,
                3.0590235896331594e-07,
                0.9999996940695056
            ]
        ],
        [
            [
                0.9999999997493214,
                2.4616969472467053e-10,
                0.0,
                0.0,
                4.5087552339269965e-12
            ],
            [
                0.001169509213283294,
                0.9988296478634567,
                8.305554907891938e-07,
                1.1847237795020737e-08,
                5.205313006205497e-10
            ],
            [
                1.060357594288866e-13,
                4.363462232929907e-09,
                0.9999999955450873,
                9.056076948135561e-11,
                7.835041749127578e-13
            ],
            [
                1.7761300608643185e-10,
                3.1482658623697526e-09,
                9.697341554144767e-09,
                0.18242551269151622,
                0.8175744742852633
            ],
            [
                4.508549266450002e-12,
                7.991594792033105e-11,
                2.0205915970529673e-11,
                4.539785573353779e-05,
                0.999954602039636
            ]
        ],
        [
            [
                0.9999999950538909,
                4.944450462654639e-09,
                0.0,
                0.0,
                1.6586783457359159e-12
            ],
            [
                0.9999996940801253,
                3.059023588441787e-07,
                7.433681604103237e-12,
                1.6586785668159919e-12,
                8.423464810280907e-12
            ],
            [
                0.0,
                2.940077737817644e-11,
                0.9999999999609974,
                9.545034918078533e-12,
                5.675685229801078e-14
            ],
            [
                7.432504206396723e-12,
                1.1626392727834409e-10,
                5.491919053660342e-11,
                0.00015843624731645987,
                0.999841563574068
            ],
            [
                5.786861411914468e-12,
                1.3170835865595125e-10,
                7.049840420207598e-11,
                0.0004305571189911763,
                0.9995694426730152
            ]
        ],
        [
            [
                0.9999999999254923,
                7.052879837757748e-11,
                0.0,
                0.0,
                3.9789625283031964e-12
            ],
            [
                0.9959298599205267,
                0.004070137778612285,
                2.0527654407743706e-09,
                1.6850124838115121e-10,
                7.959435383036189e-11
            ],
            [
                9.545035240364495e-12,
                1.444980294177766e-07,
                0.9999998398025397,
                1.5229980251351116e-08,
                4.599055531643883e-10
            ],
            [
                2.7345733608239387e-12,
                5.492537420799461e-11,
                2.289630242394249e-11,
                4.539785573182966e-05,
                0.9999546020637119
            ],
            [
                1.2917777133898162e-12,
                1.0815922371660373e-11,
                6.560188531483798e-12,
                1.3709566545377937e-06,
                0.9999986290246775
            ]
        ],
        [
            [
                0.9999999995349855,
                4.5990553627213025e-10,
                0.0,
                0.0,
                5.1090890103655665e-12
            ],
            [
                0.9999977396493182,
                2.2603252716521862e-06,
                1.3887918456625303e-11,
                3.0988134693551383e-12,
                8.423448343532202e-12
            ],
            [
                4.1937956491746596e-13,
                2.0611536179145698e-09,
                0.9999999978756471,
                6.224144609246523e-11,
                5.384940205934729e-13
            ],
            [
                6.560063090442679e-12,
                7.99179289811517e-11,
                9.055887759729653e-11,
                2.144493975567219e-05,
                0.9999785548832075
            ],
            [
                3.5114221919321925e-12,
                3.7751346287344134e-11,
                1.3887944175657765e-11,
                6.475946144772333e-07,
                0.9999993523502347
            ]
        ],
        [
            [
                0.9999999995924762,
                4.058652119069697e-10,
                0.0,
                0.0,
                1.65867835588757e-12
            ],
            [
                0.9999646436537227,
                3.535625748588769e-05,
                6.223919812097333e-11,
                1.0815550894675068e-11,
                1.573653369611843e-11
            ],
            [
                1.0603575961402874e-13,
                2.6465736313911467e-09,
                0.9999999972499178,
                1.0261879602551556e-10,
                7.835041762807834e-13
            ],
            [
                8.410813289528636e-12,
                2.45799994404167e-10,
                2.785278834229164e-10,
                0.001501182029807441,
                0.9984988174374538
            ],
            [
                1.2917800648993878e-12,
                1.7832473737986164e-11,
                5.7893565981401825e-12,
                5.04347205054661e-07,
                0.9999994956278814
            ]
        ],
        [
            [
                0.9999999985636792,
                1.4166087812998697e-09,
                1.8795288094496623e-12,
                0.0,
                1.7832472840883835e-11
            ],
            [
                0.9999869928070799,
                1.3007124757533097e-05,
                4.847304273728372e-11,
                7.433581861848946e-12,
                1.2255904533121019e-11
            ],
            [
                3.3029650518569445e-11,
                8.518459142199981e-10,
                4.650921102970437e-08,
                0.9914224673543095,
                0.008577485251603924
            ],
            [
                1.0809961667494062e-11,
                2.171238842106953e-10,
                1.162180404282086e-10,
                0.0005527785835829425,
                0.9994472210722652
            ],
            [
                1.4637785854566808e-12,
                1.7832473777133088e-11,
                6.560200487836119e-12,
                1.4449803165239662e-07,
                0.9999998554761119
            ]
        ],
        [
            [
                0.999999995625334,
                4.363462220769159e-09,
                1.658678346683756e-12,
                0.0,
                9.545034852459103e-12
            ],
            [
                0.006692835277230852,
                0.993304884871802,
                2.2451961102184983e-06,
                3.202600248773193e-08,
