{
    "[['A', 'B', 'C', 'D', 'E'], ['A', 'B', 'C', 'D', 'E']]": [
        [
            [
                0.9999999994722983,
                5.211412455939985e-10,
                0.0,
                0.0,
                6.560200127936484e-12
            ],
            [
                1.1943665097506977e-06,
                0.32049310989839597,
                0.6784838987587561,
                0.0010200591833203598,
                1.7377930175947716e-06
            ],
            [
                2.365977608372906e-14,
                1.9171715131409739e-10,
                0.9999999997942777,
                1.3887943860492039e-11,
                9.357622965826977e-14
            ],
            [
                9.545035293820103e-12,
                2.594609599119143e-11,
                1.573710271850465e-11,
                3.9278636981422675e-07,
                0.9999996071624019
            ],
            [
                2.5946093592170915e-11,
                3.33154436361064e-11,
                2.0206838007226667e-11,
                5.3157849695222905e-08,
                0.9999999467626819
            ]
        ],
        [
            [
                0.9999999998422671,
                1.4930946714839215e-10,
                0.0,
                0.0,
                8.423463727878351e-12
            ],
            [
                0.9999993522983999,
                6.475946115044999e-07,
                4.847368792461553e-11,
                1.5737102386685074e-11,
                4.277787945032551e-11
            ],
            [
                1.4930862057712045e-10,
                4.785094809257849e-06,
                0.9999952073926011,
                7.194092217527542e-09,
                1.6918883243650575e-10
            ],
            [
                1.092952958238615e-10,
                1.3314892813074922e-09,
                1.3314892813074922e-09,
                0.06008665431771262,
                0.9399133429100136
            ],
            [
                1.573701407502229e-11,
                9.056026330846312e-11,
                1.1628167983000095e-10,
                6.144172123651352e-06,
                0.9999938556052974
            ]
        ],
        [
            [
                0.9999999997102371,
                2.7894680782682537e-10,
                0.0,
                0.0,
                1.0815941500672749e-11
            ],
            [
                0.9975273719510238,
                0.002472622958286344,
                3.841220153350589e-09,
                9.712125509702092e-10,
                2.782570546237868e-10
            ],
            [
                0.0,
                2.5946094973479145e-11,
                0.9999999999582105,
                1.5737102101230945e-11,
                1.0603575987729064e-13
            ],
            [
                2.020533773526252e-11,
                2.461514049338097e-10,
                1.4929837402369515e-10,
                7.48461974367238e-05,
                0.9999251533869081
            ],
            [
                4.508755198473201e-12,
                1.2256067324979957e-11,
                5.109088978406919e-12,
                9.237449572189706e-09,
                0.9999999907406766
            ]
        ],
        [
            [
                0.9999999996390905,
                3.581747899785279e-10,
                0.0,
                0.0,
                2.734698268306439e-12
            ],
            [
                0.9947798707834596,
                0.005220125685641718,
                2.983305851162251e-09,
                4.5750476989326813e-10,
                9.008803065359274e-11
            ],
            [
                4.2777882382402546e-11,
                5.043472251214402e-07,
                0.9999991778468206,
                3.0590205517714317e-07,
                1.1861121175230677e-08
            ],
            [
                1.1464692576341012e-10,
                9.599269567459696e-10,
                1.582651991905522e-09,
                0.014063627247214027,
                0.9859363700955601
            ],
            [
                2.28973065927184e-11,
                7.052866956173312e-11,
                6.224133243164191e-11,
                1.0677030761680447e-06,
                0.9999989321412566
            ]
        ],
        [
            [
                0.9999999994708346,
                5.211412455932357e-10,
                1.463778505150075e-12,
                0.0,
                6.560200127926882e-12
            ],
            [
                0.9999994956420368,
                5.043472044116257e-07,
                6.560200465070614e-12,
                1.4637785803770099e-12,
                2.7346984153652264e-12
            ],
            [
                1.87952871127779e-12,
                5.3157849567187284e-08,
                0.9999999441452236,
                2.64657349069018e-09,
                4.8473684347978026e-11
            ],
            [
                3.978947527232985e-12,
                3.775120304511853e-11,
                1.7832405644248738e-11,
                3.7266391151826454e-06,
                0.9999962733013223
            ],
            [
                1.2256068350492866e-11,
                4.847369064755792e-11,
                4.277788185331374e-11,
                2.3823698436891725e-07,
                0.999999761659508
            ]
        ],
        [
            [
                0.9999999999487916,
                4.8473686914849605e-11,
                0.0,
                0.0,
                2.734698283250582e-12
            ],
            [
                0.9999999804400264,
                1.955568063888645e-08,
                2.4133627164266487e-12,
                0.0,
                1.879528773388407e-12
            ],
            [
                5.4927784262551274e-11,
                1.3709566092529504e-06,
                0.9999985961561244,
                3.224180911602688e-08,
                5.905293328886461e-10
            ],
            [
                2.7103911211308152e-08,
                5.0636772551128345e-08,
                6.168821757936364e-07,
                0.9525734644770624,
                0.047425840900078085
            ],
            [
                1.879528813776029e-12,
                5.1090890205525655e-12,
                1.6586783564758446e-12,
                1.1032560307216814e-09,
                0.9999999988880968
            ]
        ],
        [
            [
                0.9999999994702851,
                5.2114124674182e-10,
                1.139991848566487e-12,
                0.0,
                7.433680643152818e-12
            ],
            [
                0.9999546020331576,
                4.539785558883205e-05,
                7.05255762820036e-11,
                2.2896302351821978e-11,
                1.7831658201038608e-11
            ],
            [
                0.0,
                3.775134543724201e-11,
                0.9999999999556315,
                6.560200167189512e-12,
                5.675685231798469e-14
            ],
            [
                1.0815942386977917e-11,
                7.052880392139452e-11,
                5.492788772307162e-11,
                8.31527989882974e-07,
                0.9999991683357374
            ],
            [
                1.5737103766330548e-11,
                2.940078049313845e-11,
                1.5737103766330548e-11,
                8.764249143628169e-08,
                0.9999999122966337
            ]
        ],
        [
            [
                0.9999999999502345,
                4.847368696037852e-11,
                0.0,
                0.0,
                1.2917800020591528e-12
            ],
            [
                0.9999996940518044,
                3.0590235657374425e-07,
                2.2897351156504636e-11,
                5.1090896305257145e-12,
                1.7832475010946745e-11
            ],
            [
                7.287724092496881e-14,
                2.4616969506929827e-10,
                0.9999999997357707,
                1.7832472900015737e-11,
                1.5428112024884485e-13
            ],
            [
                3.4994509354917027e-10,
                1.7771678250478707e-09,
                4.830843004949711e-09,
                0.02297736764929385,
                0.9770226253927502
            ],
            [
                6.5602006545292305e-12,
                1.5737103273616955e-11,
                1.0815942359183246e-11,
                2.3823698441315081e-07,
                0.9999997617299023
            ]
        ],
        [
            [
                0.9999999996406852,
                3.5817479206307003e-10,
                0.0,
                0.0,
                1.1399918499721823e-12
            ],
            [
                0.9999997617437713,
                2.3823698407980296e-07,
                1.225606833561942e-11,
                1.8795289532580936e-12,
                5.109089399704127e-12
            ],
            [
                0.0,
                3.331544540925328e-11,
                0.9999999999435629,
                2.2897348447925692e-11,
                2.2447770541847384e-13
            ],
            [
                2.0206840720214274e-11,
                2.2897350303478558e-11,
                1.0815942429757595e-11,
                1.1253518379695035e-07,
                0.9999998874108961
            ],
            [
                3.9789623227009355e-12,
                2.289734722994078e-11,
                2.289734722994078e-11,
                5.315784969680141e-08,
                0.9999999467923766
            ]
        ],
        [
            [
                0.9999999998286804,
                1.6918979172513395e-10,
                0.0,
                0.0,
                2.1297851642037687e-12
            ],
            [
                0.9947798728498299,
                0.005220125690015554,
                1.2436269050174863e-09,
                1.6830659943121354e-10,
                4.822064808026922e-11
            ],
            [
                9.357622964080524e-14,
                1.493094675437718e-10,
                0.9999999998074491,
                4.277787866793149e-11,
                3.7010116767101936e-13
            ],
            [
                1.1605832596959632e-10,
                2.331093791505677e-09,
                1.8154576702375115e-09,
                0.11920292320946094,
                0.8807970725279294
            ],
            [
                2.5946048959154686e-11,
                5.4927786077563737e-11,
                3.775127847883358e-11,
                1.3709566545543106e-06,
                0.9999986289247204
            ]
        ],
        [
            [
                0.999999999406735,
                5.905303969673058e-10,
                0.0,
                0.0,
                2.7346982780367213e-12
            ],
            [
                0.18242537244406207,
                0.8175737947315038,
                7.703552114510648e-07,
                5.580434434758454e-08,
                6.6648784876101585e-09
            ],
            [
                0.0,
                6.224144620657558e-11,
                0.9999999999174154,
                2.0206839082916764e-11,
                1.3615261075974192e-13
            ],
            [
                5.898381129131688e-10,
                1.521212542814633e-08,
                2.2576817445479e-06,
                0.9988282189747992,
                0.0011695075414926853
            ],
            [
                3.775055661769072e-11,
                9.05588776036844e-11,
                7.991792898678896e-11,
                2.1444939757184875e-05,
                0.9999785548520155
            ]
        ],
        [
            [
                0.9999999995292785,
                4.599055356419638e-10,
                0.0,
                0.0,
                1.0815941504999445e-11
            ],
            [
                0.9999646437091174,
                3.535625745397866e-05,
                2.0206109218143134e-11,
                5.7891472168789135e-12,
                7.433412167419625e-12
            ],
            [
                2.6810038668449897e-14,
                2.172439934319909e-10,
                0.9999999997668558,
                1.573710210136394e-11,
                1.3615261076139004e-13
            ],
            [
                3.939682637099288e-10,
                1.7656432615288524e-09,
                1.7656432615288524e-09,
                0.029312227834887555,
                0.9706877682398576
            ],
            [
                6.56020047214549e-12,
                3.7751347192142496e-11,
                3.331544696546141e-11,
                5.043472049555412e-07,
                0.999999495575168
            ]
        ],
        [
            [
                0.9999999985780001,
                1.416608776691808e-09,
                1.879528803335776e-12,
                0.0,
                3.5114220887094867e-12
            ],
            [
                0.0052200732853207215,
                0.9947697020347561,
                1.0077107106444612e-05,
                1.4374221289236458e-07,
                3.830603875858547e-09
            ],
            [
                0.0,
                1.0261879628413162e-10,
                0.999999999871237,
                2.594609497444946e-11,
                1.9810087974141056e-13
            ],
            [
                1.412114418966955e-09,
                1.182348927151671e-08,
                2.3748113032396215e-07,
                0.9968270677642911,
                0.0031726815189749478
            ],
            [
                3.0988190092382578e-12,
                1.5737101449291084e-11,
                8.423463402495818e-12,
                4.1399375457986575e-08,
                0.9999999585733652
            ]
        ],
        [
            [
                0.9999999994054907,
                5.905303962347065e-10,
                0.0,
                0.0,
                3.978962511178393e-12
            ],
            [
                5.817870080625148e-05,
                0.9980109327607601,
                0.0019266139715685548,
                4.2144509509732665e-06,
                6.011591416268704e-08
            ],
            [
                0.0,
                7.991959891044912e-11,
                0.9999999999104419,
                9.54503492056063e-12,
                9.357622966604942e-14
            ],
            [
                5.7893344294169494e-12,
                4.847350370199387e-11,
                6.224121078926746e-11,
                2.9023121979446283e-06,
                0.999997097571298
            ],
            [
                1.5737102867924718e-11,
                4.277788075847049e-11,
                2.5946096237543476e-11,
                1.4449803159899182e-07,
                0.9999998554175074
            ]
        ],
        [
            [
                0.9999999995292785,
                4.5990553608586205e-10,
                0.0,
                0.0,
                1.0815941515438931e-11
            ],
            [
                0.9999999918437198,
                8.152020631177434e-09,
                2.129785149194846e-12,
                0.0,
                2.129785149194846e-12
            ],
            [
                3.4424771067293735e-14,
                1.691897921759664e-10,
                0.9999999998104627,
                2.020683908000508e-11,
                1.0603575986162409e-13
            ],
            [
                9.094803706589022e-10,
                7.614985910990975e-09,
                3.4127999128066606e-08,
                0.4999999788021958,
                0.49999997854533873
            ],
            [
                1.491347162024017e-10,
                5.898392446314853e-10,
                5.205313064101231e-10,
                0.0011695103437498158,
                0.9988304883967449
            ]
        ],
        [
            [
                0.9999999969852718,
                2.9989607942413324e-09,
                3.5114220775288906e-12,
                0.0,
                1.2256067318978991e-11
            ],
            [
                0.8175744764529073,
                0.18242551302520657,
                9.697341570053915e-09,
                7.024730672128522e-10,
                1.2207151505730692e-10
            ],
            [
                1.1031109240915568e-09,
                7.888287165858204e-06,
                0.9998685315226582,
                0.00012339357233228588,
                1.855147328058716e-07
            ],
            [
                2.2897347708802242e-11,
                2.2897347708802242e-11,
                6.560199953947525e-12,
                3.2241866319793116e-08,
                0.9999999677057788
            ],
            [
                9.545035630427835e-12,
                2.02068405881843e-11,
                1.225606835265944e-11,
                2.3823698441103178e-07,
                0.9999997617210077
            ]
        ],
        [
            [
                0.9999999997165443,
                2.7894680782858473e-10,
                0.0,
                0.0,
                4.508755218723476e-12
            ],
            [
                0.9999993523894415,
                6.475946125647583e-07,
                8.423463918037773e-12,
                2.413362818696553e-12,
                5.109089127273015e-12
            ],
            [
                4.4202281026645225e-14,
                9.056076987671925e-11,
                0.9999999998953322,
                1.3887943861895478e-11,
                1.7482341278847844e-13
            ],
            [
                3.104027946921668e-10,
                1.7862447529752002e-09,
                4.8555166531928026e-09,
                0.017986211431866888,
                0.9820137816159689
            ],
            [
                7.433681455014472e-12,
                4.847369216630174e-11,
                3.775134941747802e-11,
                8.764249142196015e-08,
                0.9999999122638499
            ]
        ],
        [
            [
                0.9999999998283968,
                1.6918979149422628e-10,
                0.0,
                0.0,
                2.413362760888456e-12
            ],
            [
                0.9999996071958928,
                3.92786369237073e-07,
                1.0815941961767746e-11,
                2.413362862085359e-12,
                4.50875541090803e-12
            ],
            [
                0.0,
                1.6918979218069556e-10,
                0.9999999998012734,
                2.9400777378800756e-11,
                1.3615261074392888e-13
            ],
            [
                8.4234634019431e-12,
                2.594609389690954e-11,
                1.0815941104633931e-11,
                4.1399375455270094e-08,
                0.9999999585554391
            ],
            [
                1.5737104101772377e-11,
                2.2897351359031692e-11,
                1.3887945625465455e-11,
                1.8553915978141608e-07,
                0.9999998144083178
            ]
        ],
        [
            [
                0.9999999995906235,
                4.058652104740432e-10,
                0.0,
                0.0,
                3.511422094571826e-12
            ],
            [
                0.999796572835536,
                0.00020342706386715676,
                7.051441233126452e-11,
                1.7828835512246155e-11,
                1.2253567500894532e-11
            ],
            [
                0.0,
                3.5817479286259195e-10,
                0.9999999996278643,
                1.388794385853812e-11,
                7.287724092447689e-14
            ],
            [
                1.293951437583522e-10,
                3.337144741161965e-09,
                5.915230589180117e-08,
                0.9820137248626313,
                0.01798621251852297
            ],
            [
                5.4925899599420265e-11,
                1.3176038354796659e-10,
                9.055749898190383e-11,
                3.535625751054966e-05,
                0.9999646434652457
            ]
        ],
        [
            [
                0.9999999996354383,
                3.1608814393689693e-10,
                0.0,
                0.0,
                4.84736868335178e-11
            ],
            [
                0.99908894807127,
                0.0009110514050912932,
                4.5948642461954317e-10,
                4.842951285160338e-11,
                1.5722760840235948e-11
            ],
            [
                0.0,
                1.3176514262365567e-10,
                0.9999999998192228,
                4.8473687034265844e-11,
                5.384940214595002e-13
            ],
            [
                1.3176515277655237e-10,
                7.991960504069825e-11,
                3.7751348329498054e-11,
                8.315279896802572e-07,
                0.9999991682225742
            ],
            [
                8.423464165166277e-12,
                2.2897349572847433e-11,
                1.0815942084631889e-11,
                1.444980316561256e-07,
                0.9999998554598316
            ]
        ],
        [
            [
                0.9999999998488109,
                1.4930946702219021e-10,
                0.0,
                0.0,
                1.8795288090173385e-12
            ],
            [
                0.9999982396319718,
                1.7603431283042096e-06,
                1.2256045277151946e-11,
                3.0988135340397696e-12,
                9.545017659204528e-12
            ],
            [
                0.0,
                4.0586521242209286e-10,
                0.9999999995762199,
                1.7832472898239644e-11,
                8.258073280968188e-14
            ],
            [
                4.262738536974879e-10,
                7.555884848677861e-09,
                5.583085702394085e-08,
                0.4378234714057628,
                0.5621764647812215
            ],
            [
                3.098819124287804e-12,
                8.423463715232908e-12,
                3.978962517303589e-12,
                4.363462232619086e-09,
                0.9999999956210366
            ]
        ],
        [
            [
                0.9999999999332496,
                6.224144611170838e-11,
                0.0,
                0.0,
                4.508755233792611e-12
            ],
            [
                0.9890130507889913,
                0.010986942305437945,
                5.54124128173854e-09,
                9.62923349138105e-10,
                4.01406172117304e-10
            ],
            [
                0.0,
                7.991959891194382e-11,
                0.9999999999116,
                8.423463752614095e-12,
                5.6756852313831355e-14
            ],
            [
                1.1361053326184669e-10,
                2.9300542709965943e-09,
                4.5833760361893055e-08,
                0.9770225844682033,
                0.02297736665437159
            ],
            [
                4.847368941380834e-11,
                1.0261880129430988e-10,
                1.0261880129430988e-10,
                1.4449803161947205e-07,
                0.9999998552482571
            ]
        ],
        [
            [
                0.9999999994711584,
                5.211412455934045e-10,
                1.139991846054338e-12,
                0.0,
                6.560200127929006e-12
            ],
            [
                0.9999724642521024,
                2.7535689786856326e-05,
                4.277673950366986e-11,
                9.544780736081519e-12,
                5.789202156667959e-12
            ],
            [
                4.508755458614194e-12,
                1.4449803154359653e-07,
                0.9999998545142945,
                9.736200780129332e-10,
                9.545035380788736e-12
            ],
            [
                2.643476061189665e-09,
                2.9954508094562563e-09,
                8.142479503387879e-09,
                0.0011695103328092514,
                0.9988304758857844
            ],
            [
                2.940027448572432e-11,
                1.0261704099869293e-10,
                7.05275920996553e-11,
                1.6701415103777643e-05,
                0.9999832983823513
            ]
        ],
        [
            [
                0.9999999998955016,
                1.0261879599854565e-10,
                0.0,
                0.0,
                1.8795288107060422e-12
            ],
            [
                0.9990889479156267,
                0.0009110514037278342,
                5.899922481228337e-10,
                7.046452544766497e-11,
                2.018842454923295e-11
            ],
            [
                4.5087558032328035e-12,
                6.825604225513847e-08,
                0.9999999310443441,
                6.691586923798556e-10,
                2.594609821073986e-11
            ],
            [
                8.423464165540029e-12,
                3.331544704748297e-11,
                2.594609624895366e-11,
                1.44498031662537e-07,
                0.9999998554342833
            ],
            [
                6.560199893252032e-12,
                2.2897347496954153e-11,
                1.573710144740789e-11,
                4.1399375453032484e-08,
                0.99999995855543
            ]
        ],
        [
            [
                0.9999999991307011,
                8.592166569221407e-10,
                1.6586783492710911e-12,
                0.0,
                8.42346370549674e-12
            ],
            [
                0.00020342531881491107,
                0.9997886082814317,
                7.887655589963672e-06,
                7.732785444537555e-08,
                1.4163090580620968e-09
            ],
            [
                1.3615261070744738e-13,
                3.581747927612561e-10,
                0.9999999995704689,
                7.052879845853398e-11,
                6.914400101784694e-13
            ],
            [
                6.846141863390335e-11,
                2.0007359262231174e-09,
                3.737866806055752e-09,
                0.02931222778300738,
                0.9706877664099285
            ],
            [
                1.573698285666142e-11,
                7.991899332704594e-11,
                7.052826406879699e-11,
                7.889265044683163e-06,
                0.9999921105687711
            ]
        ],
        [
            [
                0.9999999999182008,
                7.991959877763127e-11,
                0.0,
                0.0,
                1.8795288129665483e-12
            ],
            [
                0.9999646437055163,
                3.535625746997114e-05,
                2.594515782019987e-11,
                6.559963216349693e-12,
                4.508592387860287e-12
            ],
            [
                3.0379753849385387e-14,
                5.492788350042364e-11,
                0.9999999999365248,
                8.42346375306956e-12,
                9.35762296728593e-14
            ],
            [
                3.978962516577457e-12,
                9.54503487663881e-12,
                3.511422096379813e-12,
                4.3634622318227855e-09,
                0.9999999956195023
            ],
            [
                4.847193624364755e-11,
                1.917102267521407e-10,
                1.691836813025546e-10,
                3.535625781927057e-05,
                0.9999646433328149
            ]
        ],
        [
            [
                0.9999999995365831,
                4.5990553507534657e-10,
                0.0,
                0.0,
                3.5114220920754764e-12
            ],
            [
                0.9525740721023404,
                0.04742587277430677,
                5.063677017407579e-08,
                3.6681153284092813e-09,
                8.184671606708732e-10
            ],
            [
                4.59904671240456e-10,
                2.2603251477206108e-06,
                0.9999976839960454,
                5.315775237603957e-08,
                2.061149738495773e-09
            ],
            [
                3.325126542085132e-11,
                5.893927821598813e-10,
                6.678695193532225e-10,
                0.0019267343348782302,
                0.9980732643746082
            ],
            [
                8.423463585978884e-12,
                2.0206838686036243e-11,
                1.2256067198948325e-11,
                1.955568069668931e-08,
                0.999999980403433
            ]
        ],
        [
            [
                0.9999999997510955,
                2.461696944687595e-10,
                0.0,
                0.0,
                2.7346982836736154e-12
            ],
            [
                0.9999991684506658,
                8.315279857020787e-07,
                1.0815942332595716e-11,
                3.098819360851866e-12,
                7.433681205214454e-12
            ],
            [
                2.332080981094498e-09,
                2.2569305240517996e-06,
                0.9984963244042323,
                0.0015011784544354811,
                2.3787872712506177e-07
            ],
            [
                5.492694395934591e-11,
                1.3176288883719023e-10,
                1.3176288883719023e-10,
                1.6701415104992004e-05,
                0.9999832982664423
            ],
            [
                5.109088925955774e-12,
                1.2256067199156201e-11,
                6.560200037045088e-12,
                1.9555680697020997e-08,
                0.9999999804203941
            ]
        ],
        [
            [
                0.9999999996295692,
                3.58174790318882e-10,
                0.0,
                0.0,
                1.2256067351387679e-11
            ],
            [
                0.9999952148803416,
                4.7850948334854095e-06,
                1.5737012908908667e-11,
                3.9789399830625456e-12,
                5.1090600697274e-12
            ],
            [
                2.6810038672871172e-14,
                7.991959891479293e-11,
                0.9999999999060454,
                1.3887943862401483e-11,
                1.2015425729554757e-13
            ],
            [
                4.2176246899699215e-11,
                9.59926954875836e-10,
                3.350474286628665e-09,
                0.9859363684458593,
                0.014063627201563155
            ],
            [
                9.545034610737016e-12,
                2.2897347707757885e-11,
                1.7832472325060077e-11,
                3.2241866318322554e-08,
                0.9999999677078588
            ]
        ],
        [
            [
                0.9999999994701332,
                5.211412452040969e-10,
                1.2917799959002717e-12,
                0.0,
                7.433680621218376e-12
            ],
            [
                0.9999999996794031,
                3.160881441128585e-10,
                0.0,
                0.0,
                4.508755223487279e-12
            ],
            [
                7.382894253150231e-09,
                6.305425529706922e-06,
                0.6224447395443928,
                0.3775318077235451,
                1.7139923638104076e-05
            ],
            [
                1.4092113762059174e-09,
                2.2043774804999373e-08,
                1.7511539336353312e-06,
                0.9947781090815445,
                0.005220116311535725
            ],
            [
                1.0815941407086415e-11,
                2.0206838809612977e-11,
                9.545034790290231e-12,
                1.3440409764490164e-08,
                0.9999999865190226
            ]
        ],
        [
            [
                0.9999999999405633,
                5.4927883294769e-11,
                0.0,
                0.0,
                4.508755224664787e-12
            ],
            [
                0.18242544910061806,
                0.8175741627245178,
                3.638900586989892e-07,
                2.3262713167009654e-08,
                1.022092284319269e-09
            ],
            [
                5.008774633320495e-14,
                5.905303993611447e-10,
                0.9999999993759294,
                3.331544539157969e-11,
                1.748234126692371e-13
            ],
            [
                1.1550402277289073e-10,
                1.2417852718762116e-09,
                2.97888800911606e-09,
                0.0066928513928963635,
                0.9933071442709263
            ],
            [
                1.0261880029370075e-10,
                6.224144864105729e-11,
                3.775134690573047e-11,
                3.9278636976935407e-07,
                0.9999996070110186
            ]
        ],
        [
            [
                0.9999999973004439,
                2.646573618678691e-09,
                4.508755207829871e-12,
                0.0,
                4.847368669216938e-11
            ],
            [
                0.00012337497112791164,
                0.9997173666716969,
                0.00015841659871135478,
                8.312940164735683e-07,
                1.046444732465355e-08
            ],
            [
                0.0,
                1.162823302589879e-10,
                0.9999999998455469,
                3.775134542875891e-11,
                4.1937956568207226e-13
            ],
            [
                6.629094782461989e-11,
                1.5087750181388027e-09,
                2.1952546979823788e-09,
                0.06008665425144777,
                0.9399133419782316
            ],
            [
                5.210766630691303e-10,
                3.5813040395558907e-10,
                4.0581491323847333e-10,
                0.00012339462856558438,
                0.9998766040864124
            ]
        ],
        [
            [
                0.9999999996794031,
                3.160881441128585e-10,
                0.0,
                0.0,
                4.508755223487279e-12
            ],
            [
                0.8175744763296435,
                0.1824255129632938,
                9.69734156469012e-09,
                9.019932723409878e-10,
                1.0772773387229578e-10
            ],
            [
                1.7482341234759375e-13,
                2.3355930323931885e-09,
                0.9999999975732521,
                9.056076964833534e-11,
                4.193795646876651e-13
            ],
            [
                1.7832440307631886e-11,
                4.847359844531638e-11,
                3.331538451588469e-11,
                1.0677030763474731e-06,
                0.9999989321973022
            ],
            [
                4.847193624999479e-11,
                1.917102267772445e-10,
                1.6918368132470864e-10,
                3.535625749729902e-05,
                0.9999646433331368
            ]
        ],
        [
            [
                0.999999999882254,
                1.1628233007700481e-10,
                0.0,
                0.0,
                1.4637785112909978e-12
            ],
            [
                0.9999999677528526,
                3.224186628110354e-08,
                2.7346981990158415e-12,
                8.878265177909283e-13,
                1.6586783027640288e-12
            ],
            [
                2.189635525172058e-08,
                2.4012269217765905e-05,
                0.6791278497991761,
                0.3207972820609179,
                5.083397433291844e-05
            ],
            [
                2.1647972335813865e-09,
                2.0539024291499917e-08,
                4.6746559238779343e-07,
                0.562176225532541,
                0.43782328429804523
            ],
            [
                1.317643961467971e-10,
                1.317643961467971e-10,
                9.056025679806012e-11,
                4.785094844059381e-06,
                0.9999952145510669
            ]
        ],
        [
            [
                0.9999999998212652,
                1.6918979149301968e-10,
                0.0,
                0.0,
                9.545034879485199e-12
            ],
            [
                0.9999999961384027,
                3.850741896349378e-09,
                2.12978515634427e-12,
                1.2917799959236644e-12,
                7.43368062135299e-12
            ],
            [
                1.0603575985349052e-13,
                3.1608814524730126e-10,
                0.9999999996349127,
                4.847368703447481e-11,
                4.193795655937366e-13
            ],
            [
                3.939682451191055e-10,
                4.799515766872448e-09,
                4.55365377385235e-08,
                0.9706877228736455,
                0.02931222639633285
            ],
            [
                1.3887945625394015e-11,
                2.5946098271680885e-11,
                1.7832475168583246e-11,
                1.8553915978046166e-07,
                0.9999998144031736
            ]
        ],
        [
            [
                0.9999999994693136,
                5.211412442639372e-10,
                0.0,
                0.0,
                9.545034839963887e-12
            ],
            [
                0.9984988160836612,
                0.0015011820281130308,
                1.4144813008456001e-09,
                3.576368803791735e-10,
                1.1610769563344167e-10
            ],
            [
                0.0,
                7.433680671157103e-12,
                0.9999999999885432,
                3.978962535197557e-12,
                4.420228102930549e-14
            ],
            [
                2.289730659130702e-11,
                5.492778308027639e-11,
                3.7751276418830126e-11,
                1.067703076102232e-06,
                0.9999989321813476
            ],
            [
                3.3315449602992337e-11,
                1.1628234489647919e-10,
                1.0261880919641653e-10,
                3.05902358894769e-07,
                0.9999996938454245
            ]
        ],
        [
            [
                0.9999999993997544,
                5.905303969631836e-10,
                1.2917799983739776e-12,
                0.0,
                8.423463712657034e-12
            ],
            [
                0.999941708602803,
                5.829127655486062e-05,
                9.055542155781013e-11,
                1.783141975777038e-11,
                1.2255343625137097e-11
            ],
            [
                9.54503600967159e-12,
                3.0590235533293077e-07,
                0.9999996820352609,
                1.1861121501892333e-08,
                1.9171717320541462e-10
            ],
            [
                1.3176389607597035e-10,
                1.3176389607597035e-10,
                9.055991310474229e-11,
                1.0129988097487861e-05,
                0.9999898696578148
            ],
            [
