{
    "[['A', 'B', 'C', 'D', 'E'], ['A', 'B', 'C', 'D', 'E']]": [
        [
            [
                0.9999999973494473,
                2.6465736248898822e-09,
                0.0,
                0.0,
                3.978962514760173e-12
            ],
            [
                0.9999997617563686,
                2.3823698417865948e-07,
                3.511422370258316e-12,
                1.006039352881186e-12,
                2.1297853267624756e-12
            ],
            [
                9.226637700872579e-09,
                0.001169509736149452,
                0.9988300848639855,
                3.923269924156716e-07,
                3.846234826827613e-09
            ],
            [
                1.139987552890782e-12,
                1.2256021213091714e-11,
                4.508738234857523e-12,
                3.7266391148019355e-06,
                0.9999962733429805
            ],
            [
                6.101937130417149e-13,
                9.545035631157498e-12,
                3.098819368678645e-12,
                2.3823698442924362e-07,
                0.9999997617497616
            ]
        ],
        [
            [
                0.9999999994779709,
                5.211412479418509e-10,
                0.0,
                0.0,
                8.878265464029947e-13
            ],
            [
                0.9999999715421095,
                2.8453347239804472e-08,
                2.1297851073295193e-12,
                0.0,
                2.4133626997352094e-12
            ],
            [
                3.9008376087554585e-14,
                7.052879848535235e-11,
                0.9999999999135749,
                1.5737102101113003e-11,
                1.2015425727381686e-13
            ],
            [
                4.5080416789586485e-12,
                3.3310172862142967e-11,
                1.22541277778493e-11,
                0.00015843624821825872,
                0.9998415637017094
            ],
            [
                3.701011524639055e-13,
                5.109088815536912e-12,
                1.139991805623303e-12,
                4.139937546573231e-08,
                0.9999999585940054
            ]
        ],
        [
            [
                0.9999999985782821,
                1.4166087813205565e-09,
                0.0,
                0.0,
                5.109089008866889e-12
            ],
            [
                0.9999999677543452,
                3.224186627426049e-08,
                1.6586783024119892e-12,
                0.0,
                2.1297850984054704e-12
            ],
            [
                1.2256068981380131e-11,
                1.855391595338036e-07,
                0.9999998128311001,
                1.6052282565296427e-09,
                1.2256068981380131e-11
            ],
            [
                1.2917801005033705e-12,
                1.5737103272939236e-11,
                5.109089406632884e-12,
                2.3823698440289113e-07,
                0.9999997617408777
            ],
            [
                1.6586690809999624e-12,
                1.3887866181938944e-11,
                5.109060450075471e-12,
                6.144172125775638e-06,
                0.9999938558072187
            ]
        ],
        [
            [
                0.9999999991391246,
                8.592166599605585e-10,
                0.0,
                0.0,
                1.6586783551366175e-12
            ],
            [
                0.9999999827394049,
                1.725782766850491e-08,
                8.878265314116324e-13,
                0.0,
                1.8795287817475993e-12
            ],
            [
                2.9145373633578944e-05,
                0.49996653247733386,
                0.49996653186239914,
                3.7423400524376114e-05,
                3.6688610900837715e-07
            ],
            [
                7.835027638437785e-13,
                1.0815922028470047e-11,
                3.098813543622466e-12,
                1.7603431337478524e-06,
                0.999998239642168
            ],
            [
                8.878266195349159e-13,
                1.0815942430635894e-11,
                3.0988193889408476e-12,
                1.1253518380608867e-07,
                0.9999998874500136
            ]
        ],
        [
            [
                0.9999999995931288,
                4.058652119074822e-10,
                0.0,
                0.0,
                1.0060392774488244e-12
            ],
            [
                0.9999994956426128,
                5.043472045070459e-07,
                5.7893565918541575e-12,
                1.6586784343003778e-12,
                2.734698415882618e-12
            ],
            [
                5.109089659833429e-12,
                1.8553915920464673e-07,
                0.9999998110315175,
                3.3982682397116698e-09,
                2.594609819115799e-11
            ],
            [
                6.914400640040309e-13,
                1.2256068389042032e-11,
                1.6586784867982987e-12,
                8.315279902071492e-07,
                0.9999991684574037
            ],
            [
                5.109089420715157e-12,
                3.331544798207569e-11,
                8.423464401842075e-12,
                8.315279900022692e-07,
                0.999999168425162
            ]
        ],
        [
            [
                0.9999999976608536,
                2.3355930304161945e-09,
                1.1399918489525835e-12,
                0.0,
                2.4133627631709324e-12
            ],
            [
                0.9999998874597347,
                1.1253518370206748e-07,
                2.413362964473207e-12,
                5.38494064759196e-13,
                2.1297853409599823e-12
            ],
            [
                1.2987589568101844e-05,
                0.998484777880728,
                0.0015011612601993154,
                1.0660862718254024e-06,
                7.183232796012182e-09
            ],
            [
                1.4636389901654474e-12,
                3.774774707242408e-11,
                5.7888045007623405e-12,
                9.610239981046591e-05,
                0.9999038975551894
            ],
            [
                8.878265676358084e-13,
                1.5737102457646255e-11,
                4.508755342795938e-12,
                6.475946144246103e-07,
                0.9999993523842519
            ]
        ],
        [
            [
                0.9999999976608955,
                2.335593027154822e-09,
                0.0,
                0.0,
                3.5114220958696917e-12
            ],
            [
                0.9999999748872104,
                2.5109990881183772e-08,
                1.1399918223423785e-12,
                0.0,
                1.6586783142431183e-12
            ],
            [
                2.643476106964376e-09,
                0.0011695103522906744,
                0.9988303738434003,
                1.1240346430943896e-07,
                7.573685850305947e-10
            ],
            [
                4.508729699737384e-12,
                4.2777636348652394e-11,
                1.3887865188348228e-11,
                4.785094847371737e-06,
                0.9999952148439784
            ],
            [
                3.7009976815960007e-13,
                9.544998824110431e-12,
                1.1399875416658571e-12,
                2.9023122001138725e-06,
                0.9999970976767448
            ]
        ],
        [
            [
                0.9999999979377063,
                2.061153613937426e-09,
                0.0,
                0.0,
                1.1399918483425121e-12
            ],
            [
                0.9999986290334347,
                1.370956653098733e-06,
                5.109079960052751e-12,
                1.2917777120338678e-12,
                3.5114158810300643e-12
            ],
            [
                1.0815881013824093e-11,
                6.144172100859635e-06,
                0.9999938518958346,
                3.8507203678022455e-09,
                7.05284037181596e-11
            ],
            [
                1.4637786229111931e-12,
                1.081594236110626e-11,
                2.734698494829542e-12,
                2.3823698445550802e-07,
                0.9999997617480012
            ],
            [
                7.835041690366935e-13,
                5.7893562587581715e-12,
                1.4637784964340955e-12,
                1.186112000798558e-08,
                0.9999999881308433
            ]
        ],
        [
            [
                0.9999999988952804,
                1.1032560291170054e-09,
                0.0,
                0.0,
                1.4637785098449875e-12
            ],
            [
                0.9999999961473784,
                3.850741903115132e-09,
                0.0,
                0.0,
                1.8795288069467988e-12
            ],
            [
                0.0031726635212111207,
                0.9968211919916808,
                6.124678496905791e-06,
                1.949352769521528e-08,
                3.150835294058737e-10
            ],
            [
                1.1399875413785872e-12,
                1.573704258615294e-11,
                3.5114088325109656e-12,
                2.9023121993825074e-06,
                0.9999970976674122
            ],
            [
                1.2917037195995252e-12,
                2.0205645789131988e-11,
                9.544471247318277e-12,
                5.8291277245349794e-05,
                0.9999417086917128
            ]
        ],
        [
            [
                0.9999999994757598,
                5.211412465088703e-10,
                0.0,
                0.0,
                3.0988191251645474e-12
            ],
            [
                0.9999997617594486,
                2.3823698435746359e-07,
                2.4133629501966265e-12,
                3.7010119521218243e-13,
                7.835042364125609e-13
            ],
            [
                3.266131751033355e-13,
                6.825604229492429e-08,
                0.9999999315502552,
                1.917171753392712e-10,
                1.6586785662386101e-12
            ],
            [
                1.1399919408678998e-12,
                1.7832474281937763e-11,
                2.4133629577556586e-12,
                8.31527990156233e-07,
                0.999999168450624
            ],
            [
                1.1399919977956485e-12,
                1.783247517243758e-11,
                3.5114225592418837e-12,
                1.8553915982056436e-07,
                0.9999998144383563
            ]
        ],
        [
            [
                0.9999999995373599,
                4.5990553681591035e-10,
                0.0,
                0.0,
                2.734698285352382e-12
            ],
            [
                0.9999999468411367,
                5.3157849678125935e-08,
                4.752192806546592e-13,
                0.0,
                5.384939927413571e-13
            ],
            [
                2.1724234658426888e-10,
                7.88926501834063e-06,
                0.9999921070817462,
                3.3982420572749413e-09,
                3.7751059250376743e-11
            ],
            [
                2.1297771155475145e-12,
                2.2897261852654995e-11,
                7.43365255621466e-12,
                2.902312199169745e-06,
                0.9999970976553401
            ],
            [
                4.193795607106353e-13,
                5.109088965599791e-12,
                1.1399918391068568e-12,
                1.1861120006330211e-08,
                0.9999999881322116
            ]
        ],
        [
            [
                0.9999999996405333,
                3.581747923918547e-10,
                0.0,
                0.0,
                1.2917800024905505e-12
            ],
            [
                0.9999998874618858,
                1.1253518374630364e-07,
                1.4637786315433638e-12,
                3.266131604781203e-13,
                1.1399919444891612e-12
            ],
            [
                2.5310457963959033e-06,
                0.3208191414969584,
                0.6791741263507978,
                4.172989041634072e-06,
                2.8117405805129807e-08
            ],
            [
                7.42251667873981e-12,
                7.979957468700337e-11,
                5.484539213445686e-11,
                0.0015011820347450601,
                0.9984988178231875
            ],
            [
                2.4133491000791015e-12,
                2.5945947997555922e-11,
                7.433638560384815e-12,
                4.785094847751775e-06,
                0.9999952148693593
            ]
        ],
        [
            [
                0.9999999990249162,
                9.73620028787849e-10,
                0.0,
                0.0,
                1.4637785103476046e-12
            ],
            [
                0.9999999827403826,
                1.7257827665649113e-08,
                7.835041638735377e-13,
                0.0,
                1.0060392604942997e-12
            ],
            [
                0.0007090239119894563,
                0.9983799951953096,
                0.0009104047240338343,
                5.705749469456041e-07,
                5.593719951937044e-09
            ],
            [
                4.5055572907632094e-12,
                7.047877413252906e-11,
                1.3878093480774315e-11,
                0.0007096703427290383,
                0.9992903295684086
            ],
            [
                1.879528968427592e-12,
                1.3887944987276734e-11,
                3.5114223971416045e-12,
                1.1253518381345322e-07,
                0.9999998874455372
            ]
        ],
        [
            [
                0.9999999994779709,
                5.211412477781414e-10,
                0.0,
                0.0,
                8.878265461240959e-13
            ],
            [
                0.9999999865550471,
                1.344040974885442e-08,
                2.129785138902133e-12,
                0.0,
                2.4133627355116675e-12
            ],
            [
                2.734698237375663e-12,
                1.9555680700153272e-08,
                0.9999999803240105,
                1.1628232799687773e-10,
                1.2917799791760714e-12
            ],
            [
                1.1399854761196581e-12,
                1.5737014076132835e-11,
                4.508730021068391e-12,
                6.144172124084941e-06,
                0.9999938558064901
            ],
            [
                1.9810087937293015e-13,
                2.734698285628743e-12,
                4.752193052408784e-13,
                1.8189616835867188e-09,
                0.9999999981776302
            ]
        ],
        [
            [
                0.9999999997529425,
                2.461696947255619e-10,
                0.0,
                0.0,
                8.878265462014577e-13
            ],
            [
                0.9999999973519627,
                2.646573628981043e-09,
                0.0,
                0.0,
                1.4637785086348465e-12
            ],
            [
                0.0,
                1.5737102101523334e-11,
                0.9999999999767901,
                7.433680669829956e-12,
                3.9008376088571685e-14
            ],
            [
                1.1398505742785823e-12,
                1.7830262936420347e-11,
                2.7343593814510993e-12,
                0.00012339462841725956,
                0.9998766053498782
            ],
            [
                1.0060393283640394e-12,
                9.545035388505558e-12,
                1.8795289082339448e-12,
                1.4449803166041807e-07,
                0.9999998554895376
            ]
        ],
        [
            [
                0.9999999979337373,
                2.0611536102427025e-09,
                0.0,
                0.0,
                5.109088997832821e-12
            ],
            [
                0.9999998144556118,
                1.8553915957768875e-07,
                3.0988195281401994e-12,
                0.0,
                2.1297854385988583e-12
            ],
            [
                1.0118141400931329e-05,
                0.9988200767676948,
                0.0011694981345715637,
                3.055413954051582e-07,
                1.4149373718516359e-09
            ],
            [
                1.8795181689544275e-12,
                2.94006108365975e-11,
                1.081588028466654e-11,
                4.785094847721614e-06,
                0.9999952148630562
            ],
            [
                2.7346984948116126e-12,
                1.5737103276311748e-11,
                3.0988193689999573e-12,
                2.382369844539461e-07,
                0.999999761741445
            ]
        ],
        [
            [
                0.9999999998973812,
                1.0261879614176173e-10,
                0.0,
                0.0,
                0.0
            ],
            [
                0.9999999992408561,
                7.58256041141413e-10,
                0.0,
                0.0,
                8.878265459142748e-13
            ],
            [
                4.5309961993255606e-05,
                0.7772576462769188,
                0.22268804450962015,
                8.922060519530326e-06,
                7.719094819877251e-08
            ],
            [
                2.734682994926672e-12,
                3.7751134278841383e-11,
                6.560163473361544e-12,
                6.144172125841692e-06,
                0.9999938557808281
            ],
            [
                7.835012153777755e-13,
                1.0815900652556237e-11,
                2.1297771163369837e-12,
                2.9023122002455793e-06,
                0.9999970976740706
            ]
        ],
        [
            [
                0.9999999990249162,
                9.736200287887132e-10,
                0.0,
                0.0,
                1.463778510348904e-12
            ],
            [
                0.9999999530852398,
                4.6911637932165354e-08,
                1.463778442790534e-12,
                0.0,
                1.6586782780806615e-12
            ],
            [
                0.00012336239150316866,
                0.9996153507038961,
                0.0002611581848615873,
                1.274700678381495e-07,
                1.2496713806979564e-09
            ],
            [
                1.3861189511587341e-11,
                4.0508333583210583e-10,
                1.1838270361406757e-08,
                0.9980732534369535,
                0.001926734305831599
            ],
            [
                1.4637786229414418e-12,
                1.783247423379096e-11,
                3.978962831628526e-12,
                2.3823698446043113e-07,
                0.9999997617397403
            ]
        ],
        [
            [
                0.9999999997538302,
                2.461696945459867e-10,
                0.0,
                0.0,
                0.0
            ],
            [
                0.9999999865582985,
                1.3440409751433238e-08,
                0.0,
                0.0,
                1.2917799855923278e-12
            ],
            [
                2.0600139952329824e-09,
                0.0005527785707821082,
                0.9994470731331173,
                1.444181305757561e-07,
                1.817955970074024e-09
            ],
            [
                8.878231987715152e-13,
                9.54499891689705e-12,
                2.413353668104993e-12,
                3.7266391143339964e-06,
                0.9999962733480394
            ],
            [
                5.384940081160765e-13,
                7.433680483790994e-12,
                1.6586783168405418e-12,
                2.510999092050501e-08,
                0.9999999748803783
            ]
        ],
        [
            [
                0.9999999991376844,
                8.592166589025149e-10,
                0.0,
                0.0,
                3.098819127848413e-12
            ],
            [
                0.9999999634632557,
                3.6534820750591455e-08,
                7.835041487698283e-13,
                0.0,
                1.1399918097778422e-12
            ],
            [
                7.747289151690127e-06,
                0.9819963598451203,
                0.017985892948723076,
                9.947716181199336e-06,
                5.2200823690677897e-08
            ],
            [
                2.1296878742465386e-12,
                5.4925374194342534e-11,
                2.939943425320387e-11,
                4.5397856195743304e-05,
                0.9999546020573498
            ],
            [
                1.8795289612147245e-12,
                1.0815942389836525e-11,
                3.0988193772516324e-12,
                8.315279901027433e-07,
                0.9999991684562155
            ]
        ],
        [
            [
                0.9999999976608955,
                2.335593027154822e-09,
                0.0,
                0.0,
                3.5114220958696917e-12
            ],
            [
                0.9999994956438962,
                5.043472045076931e-07,
                4.508755447221404e-12,
                1.291780063498444e-12,
                3.0988192795656665e-12
            ],
            [
                1.118085536021875e-06,
                0.9241388487716765,
                0.0758579391062464,
                2.0888587827363073e-06,
                5.1777583165587836e-09
            ],
            [
                1.0060393566833987e-12,
                9.545035657192158e-12,
                2.1297853348117596e-12,
                8.31527990070336e-07,
                0.9999991684593291
            ],
            [
                2.734661944383725e-12,
                2.940038662353063e-11,
                4.5086953158796185e-12,
                1.300712477248988e-05,
                0.9999869928385838
            ]
        ],
        [
            [
                0.9999999981791587,
                1.8189616794253747e-09,
                0.0,
                0.0,
                1.87952880814078e-12
            ],
            [
                0.9999994956467911,
                5.043472045091532e-07,
                2.1297852677624124e-12,
                1.139991904861209e-12,
                2.7346984158940444e-12
            ],
            [
                1.8127414098212778e-07,
                0.022977137319550953,
                0.977012708607329,
                9.897232746471554e-06,
                7.556623245968701e-08
            ],
            [
                3.207186521150925e-11,
                6.441806329012671e-10,
                5.0168838134294e-10,
                0.0373268838750595,
                0.9626731149469996
            ],
            [
                8.878265108581331e-13,
                1.2256066933498202e-11,
                2.4133626712898603e-12,
                4.1399375463107974e-08,
                0.9999999585850674
            ]
        ],
        [
            [
                0.9999999985815116,
                1.4166087817122896e-09,
                0.0,
                0.0,
                1.879528809996853e-12
            ],
            [
                0.9999989322879409,
                1.0677030753722934e-06,
                5.109079683193194e-12,
                1.1399897679219865e-12,
                2.734693289643339e-12
            ],
            [
                0.0,
                3.775134543023595e-11,
                0.9999999999463753,
                1.573710210162919e-11,
                1.3615261076368489e-13
            ],
            [
                1.1399832151110275e-12,
                1.388783863339342e-11,
                3.9789323864874825e-12,
                7.8892650482977e-06,
                0.999992110715945
            ],
            [
                1.2150929953227144e-11,
                1.9007252430888799e-10,
                1.3063480815023516e-10,
                0.008577485699587257,
                0.9914225139675545
            ]
        ],
        [
            [
                0.9999999994788586,
                5.211412478657595e-10,
                0.0,
                0.0,
                0.0
            ],
            [
                0.9999999634579405,
                3.6534820692586314e-08,
                2.1297850867419067e-12,
                0.0,
                5.109088826044733e-12
            ],
            [
                5.826609883857842e-05,
                0.9995098216786001,
                0.000430531472984094,
                1.3702873045067948e-06,
                1.046227267681703e-08
            ],
            [
                6.559900474087043e-12,
                4.2775924438889366e-11,
                1.5736383178170463e-11,
                4.539785620194707e-05,
                0.9999546020787259
            ],
            [
                1.6586753265438065e-12,
                1.2256045037744303e-11,
                3.9789552615587455e-12,
                1.0677030763151461e-06,
                0.99999893227903
            ]
        ],
        [
            [
                0.9999999998068192,
                1.9171715089102188e-10,
                0.0,
                0.0,
                1.4637785104243441e-12
            ],
            [
                0.9999999677552063,
                3.224186629736394e-08,
                1.4637784653117502e-12,
                0.0,
                1.4637784653117502e-12
            ],
            [
                4.4126374942788607e-07,
                0.008577415965975799,
                0.9914142801392444,
                7.821587108035657e-06,
                4.104392226021702e-08
            ],
            [
                8.878249729025388e-13,
                1.3887919228703751e-11,
                5.109079964889664e-12,
                1.370956654396657e-06,
                0.9999986290234607
            ],
            [
                7.835042764959564e-13,
                8.423464807955242e-12,
                2.734698633608897e-12,
                6.825604229983899e-08,
                0.9999999317320161
            ]
        ],
        [
            [
                0.9999999992402802,
                7.58256041378578e-10,
                0.0,
                0.0,
                1.463778511398925e-12
            ],
            [
                0.9999998144550881,
                1.8553915961258783e-07,
                2.734698635766768e-12,
                8.878266595831942e-13,
                2.1297854389994617e-12
            ],
            [
                1.1743502649698927e-06,
                0.029310901795078136,
                0.9706436765936255,
                4.40671685853993e-05,
                1.8009244594879085e-07
            ],
            [
                1.1399506783726036e-12,
                1.7831828827913223e-11,
                8.42315951250922e-12,
                3.535625793206427e-05,
                0.999964643714673
            ],
            [
                5.789345874889825e-12,
                4.277780144567366e-11,
                1.783244070804974e-11,
                1.7603431334988018e-06,
                0.9999982395904669
            ]
        ],
        [
            [
                0.9999999961473784,
                3.850741898938399e-09,
                0.0,
                0.0,
                1.8795288049081556e-12
            ],
            [
                0.999999887461473,
                1.1253518366230464e-07,
                1.879528965903154e-12,
                0.0,
                1.4637786304507639e-12
            ],
            [
                1.1399918350415089e-12,
                1.522997950419952e-08,
                0.999999984357226,
                4.0586520623811206e-10,
                5.789356237304654e-12
            ],
            [
                4.5075777287092135e-12,
                6.222519115543016e-11,
                2.2891368549045823e-11,
                0.0002611903276131508,
                0.9997388095827627
            ],
            [
                1.8795253792697584e-12,
                2.940072362490598e-11,
                7.43366707768829e-12,
                2.2603252733062383e-06,
                0.9999977396360128
            ]
        ],
        [
            [
                0.999999999240452,
                7.582560412673229e-10,
                0.0,
                0.0,
                1.2917800021899047e-12
            ],
            [
                0.9999999991380486,
                8.592166589028278e-10,
                0.0,
                0.0,
                2.734698281997117e-12
            ],
            [
                3.5341021038488876e-05,
                0.9995337196581735,
                0.00043054177536648515,
                3.9260328037452144e-07,
                4.9421412250052704e-09
            ],
            [
                1.139976701071407e-12,
                2.2897044120943418e-11,
                5.78927938066278e-12,
                1.3007124770181076e-05,
                0.9999869928454035
            ],
            [
                6.914400055962131e-13,
                7.433680617545595e-12,
                1.2917799952620385e-12,
                7.194132977284913e-09,
                0.99999999279645
            ]
        ],
        [
            [
                0.9999999990249162,
                9.736200280776152e-10,
                0.0,
                0.0,
                1.4637785092798113e-12
            ],
            [
                0.9999999585963648,
                4.1399375415120236e-08,
                2.1297850797578645e-12,
                0.0,
                2.1297850797578645e-12
            ],
            [
                1.1051083821601673e-07,
                0.017986168665128567,
                0.9820114764962109,
                2.2196695214002226e-06,
                2.4658301029277034e-08
            ],
            [
                1.0060393538362073e-12,
                9.545035630178758e-12,
                3.5114223735916674e-12,
                2.38236984404815e-07,
                0.9999997617489531
            ],
            [
                3.098777951186542e-12,
                3.7750843675891134e-11,
                1.2255904544237408e-11,
                1.300712476933086e-05,
                0.9999869928221251
            ]
        ],
        [
            [
                0.999999995633803,
                4.363462223700694e-09,
                0.0,
                0.0,
                2.734698273264501e-12
            ],
            [
                0.9999999585981822,
                4.139937542816809e-08,
                7.835041452035361e-13,
                0.0,
                1.6586782884119854e-12
            ],
            [
                7.668072356146624e-08,
                0.00857748512723517,
                0.9914223255284551,
                1.1156979444864501e-07,
                1.093791777192065e-09
            ],
            [
                1.2917776726024084e-12,
                2.0206802608732823e-11,
                4.508747102174264e-12,
                1.7603431340215312e-06,
                0.9999982396308587
            ],
            [
                8.878266606810063e-13,
                1.2256069001739169e-11,
                3.5114225596477535e-12,
                1.8553915984201001e-07,
                0.9999998144441848
            ]
        ],
        [
            [
                0.9999999987467483,
                1.250152861900138e-09,
                0.0,
                0.0,
                3.0988191276006448e-12
            ],
            [
                0.9999546021043798,
                4.5397855682028576e-05,
                2.5944909644179297e-11,
                6.559900467624962e-12,
                7.433341067161576e-12
            ],
            [
                0.0,
                2.289734845001155e-11,
                0.9999999999647406,
                1.2256067440650269e-11,
                1.0603575988539691e-13
            ],
            [
                3.098677573288778e-12,
                3.774962082275783e-11,
                1.7831658255326546e-11,
                4.53978560971287e-05,
                0.9999546020852229
            ],
            [
                7.835041530838338e-13,
                1.0815941206337456e-11,
                2.1297851018499797e-12,
                3.2241866326405386e-08,
                0.9999999677444044
            ]
        ],
        [
            [
                0.9999999976625273,
                2.3355930278849573e-09,
                0.0,
                0.0,
                1.8795288077559216e-12
            ],
            [
                0.9999999979375545,
                2.0611536148789195e-09,
                0.0,
                0.0,
                1.291780000048169e-12
            ],
            [
                7.515084488118104e-06,
                0.9525635081660114,
                0.04742534338997907,
                3.5498745532098224e-06,
                8.348496794559478e-08
            ],
            [
                1.658665790781055e-12,
                2.0206685979015653e-11,
                5.789312461635531e-12,
                7.889265048229473e-06,
                0.9999921107072971
            ],
            [
                3.0987543883612097e-12,
                3.331474928968333e-11,
                1.225581135145541e-11,
                2.1444939759583892e-05,
                0.9999785550115712
            ]
        ],
        [
            [
                0.9999999991380486,
                8.592166589028278e-10,
                0.0,
                0.0,
                2.734698281997117e-12
            ],
            [
                0.9999989322804709,
                1.0677030756595723e-06,
                1.0815921777105629e-11,
                1.6586753255253735e-12,
                3.9789552591156514e-12
            ],
            [
                0.002472607714647535,
                0.9975212432736109,
                6.128984677251548e-06,
                1.9507214732858226e-08,
                5.198496641771267e-10
            ],
            [
                5.6852255345561965e-12,
                2.133365142841159e-10,
                1.1419080739097784e-10,
                0.01798621157643005,
                0.9820137880903573
            ],
            [
                6.101936960782651e-13,
                6.560200472598097e-12,
                1.4637785820566185e-12,
                5.043472049903375e-07,
                0.9999994956441608
            ]
        ],
        [
            [
                0.9999999981770593,
                1.8189616780558676e-09,
                0.0,
                0.0,
                3.9789625150622466e-12
            ],
            [
                0.9999999928032023,
                7.194132967002439e-09,
                1.0060392704281334e-12,
                0.0,
                1.6586783443145017e-12
            ],
            [
                2.6699118992499943e-07,
                0.010986921252348838,
                0.9890110514144097,
                1.741001256222625e-06,
                1.934079537326366e-08
            ],
            [
                1.2917776721309324e-12,
                1.3887918786558671e-11,
                3.97895535075381e-12,
                1.760343133379037e-06,
                0.999998239637708
            ],
            [
                6.914400620600748e-13,
                8.423464380235296e-12,
                2.734698494748561e-12,
                2.3823698444845327e-07,
                0.999999761751166
            ]
        ],
        [
            [
                0.9999999992406039,
                7.582560409974373e-10,
                0.0,
                0.0,
                1.1399918503475563e-12
            ],
            [
                0.9999999634615858,
                3.65348206927195e-08,
                1.463778456251949e-12,
                0.0,
                2.1297850867496704e-12
            ],
            [
                3.4039668113152223e-07,
                0.01798613346606043,
                0.982009825873465,
                3.659609207341624e-06,
                4.0654586015677775e-08
            ],
            [
                1.2917801673123628e-12,
                1.573710408683938e-11,
                5.789357057123293e-12,
                3.059023589891785e-07,
                0.9999996940748227
            ],
            [
                1.463759058546984e-12,
                2.0206570514239567e-11,
                7.433581868769795e-12,
                1.3007124769643052e-05,
                0.9999869928461265
            ]
        ],
        [
            [
                0.9999999996824482,
                3.1608814467948866e-10,
                0.0,
                0.0,
                1.463778510644011e-12
            ],
            [
                0.9999999943953239,
                5.602796389332842e-09,
                0.0,
                0.0,
                1.8795288003683e-12
            ],
            [
                1.9171642122300917e-10,
                3.72663897915795e-06,
                0.9999958792811939,
                3.9278485862526563e-07,
                1.1032518306041704e-09
            ],
            [
                1.0060354845177326e-12,
                9.544998919107207e-12,
                3.0988074500209355e-12,
                3.7266391151969044e-06,
                0.9999962733472351
            ],
            [
                1.6586563128517317e-12,
                2.2897044119950245e-11,
                6.5601129742851545e-12,
                1.3007124769616884e-05,
                0.9999869928441145
            ]
        ],
        [
            [
                0.9999999983920373,
                1.6052280471494699e-09,
                0.0,
                0.0,
                2.7346982779013443e-12
            ],
            [
                0.9999999969979032,
                2.9989608110401207e-09,
                1.0060392746481673e-12,
                0.0,
                2.1297851611431734e-12
            ],
            [
                5.724248284071067e-05,
                0.981950781148476,
                0.01798505366837237,
                6.8366396366228395e-06,
                8.606067427988616e-08
            ],
            [
                2.4133583602341164e-12,
                2.2897306600368673e-11,
                5.109079688707961e-12,
                1.0677030765247777e-06,
                0.9999989322665037
            ],
            [
                4.508755416318184e-12,
                3.331544670753248e-11,
                8.423464079587084e-12,
                3.9278636970838585e-07,
                0.9999996071673826
            ]
        ],
        [
            [
                0.9999999979343375,
                2.0611536102439395e-09,
                0.0,
                0.0,
                4.508755215619205e-12
            ],
            [
                0.9999999950538909,
