{
    "[['A', 'B', 'C', 'D', 'E'], ['A', 'B', 'C', 'D', 'E']]": [
        [
            [
                0.9999999999372833,
                6.224144619273765e-11,
                0.0,
                0.0,
                4.752193059996546e-13
            ],
            [
                0.9999999995376812,
                4.5990553643543483e-10,
                0.0,
                0.0,
                2.4133627643303287e-12
            ],
            [
                6.560200417105148e-12,
                3.927863694538535e-07,
                0.9999996060980249,
                1.1032560742107367e-09,
                5.789356548429464e-12
            ],
            [
                7.21578047910257e-12,
                1.4493282524263147e-10,
                1.2790276935945672e-10,
                0.029312227956399955,
                0.9706877717635487
            ],
            [
                2.413358491016291e-12,
                1.7832441276949997e-11,
                9.545017991881263e-12,
                1.3709566545802436e-06,
                0.9999986290135546
            ]
        ],
        [
            [
                0.999999999406735,
                5.905303977730854e-10,
                0.0,
                0.0,
                2.7346982817682206e-12
            ],
            [
                0.9999999965993187,
                3.398267800001675e-09,
                0.0,
                0.0,
                2.413362757989503e-12
            ],
            [
                2.594609811464466e-11,
                6.825604200234214e-08,
                0.9999999273117712,
                4.363462779644931e-09,
                4.277788385328714e-11
            ],
            [
                5.1088556268869904e-12,
                3.7749620828405485e-11,
                2.594490967378747e-11,
                4.539785606043455e-05,
                0.9999546020751362
            ],
            [
                1.6586784821294175e-12,
                1.0815942360749637e-11,
                2.7346984947393732e-12,
                2.3823698444765285e-07,
                0.9999997617478062
            ]
        ],
        [
            [
                0.9999999997538302,
                2.461696947254201e-10,
                0.0,
                0.0,
                0.0
            ],
            [
                0.9999999998061531,
                1.917171509435089e-10,
                0.0,
                0.0,
                2.1297851661531184e-12
            ],
            [
                1.0060392708847722e-12,
                5.6027963907644054e-09,
                0.9999999917317915,
                2.6465736168151812e-09,
                1.783247275927862e-11
            ],
            [
                3.078819461969584e-11,
                3.3100428633183503e-10,
                4.816083948146449e-10,
                0.0758581759475976,
                0.9241418232090015
            ],
            [
                2.1297852699868493e-12,
                1.3887944510727677e-11,
                3.978962720851625e-12,
                5.043472050359145e-07,
                0.9999994956327983
            ]
        ],
        [
            [
                0.9999999998827116,
                1.1628233012372757e-10,
                0.0,
                0.0,
                1.006039277739144e-12
            ],
            [
                0.9999999987471124,
                1.2501528622436844e-09,
                0.0,
                0.0,
                2.7346982825289715e-12
            ],
            [
                2.7346982625523812e-12,
                9.23744956387902e-09,
                0.9999999894837167,
                1.2501528531114917e-09,
                2.5946094707245626e-11
            ],
            [
                2.5349937684104966e-11,
                5.76961922317669e-10,
                1.2214283991313858e-09,
                0.02297736778087813,
                0.9770226303953816
            ],
            [
                1.6586341905685591e-12,
                2.020630100961777e-11,
                1.5736683049266835e-11,
                2.7535689831511358e-05,
                0.9999724642725668
            ]
        ],
        [
            [
                0.9999999998661051,
                1.3176514244363625e-10,
                0.0,
                0.0,
                2.12978516679662e-12
            ],
            [
                0.9999999983931134,
                1.605228049686344e-09,
                0.0,
                0.0,
                1.6586783532318508e-12
            ],
            [
                1.3176464324792228e-10,
                2.9023121753245296e-06,
                0.9999970893241509,
                8.15198981440523e-09,
                7.991929599596209e-11
            ],
            [
                2.547941312941178e-11,
                3.1040279657132783e-10,
                5.11767693191953e-10,
                0.017986211562919463,
                0.9820137875894306
            ],
            [
                1.6586785676067996e-12,
                1.3887945612325503e-11,
                4.508755809580041e-12,
                3.059023589900237e-07,
                0.9999996940775856
            ]
        ],
        [
            [
                0.9999999999186167,
                7.99195987115221e-11,
                0.0,
                0.0,
                1.4637785101327842e-12
            ],
            [
                0.9999999956353978,
                4.363462226894573e-09,
                0.0,
                0.0,
                1.1399918462387976e-12
            ],
            [
                0.0,
                1.691897922087488e-10,
                0.9999999998199007,
                1.0815941553912586e-11,
                9.357622965921867e-14
            ],
            [
                8.304995463084788e-12,
                2.4270754421505854e-10,
                4.001570907067589e-10,
                0.014063627277815169,
                0.9859363720710153
            ],
            [
                1.139987553089769e-12,
                1.5737042747820818e-11,
                7.433652633126106e-12,
                3.726639115452428e-06,
                0.9999962733365738
            ]
        ],
        [
            [
                0.999999999782756,
                2.1724399315267633e-10,
                0.0,
                0.0,
                0.0
            ],
            [
                0.9999999985815116,
                1.4166087823597729e-09,
                0.0,
                0.0,
                1.879528810855921e-12
            ],
            [
                5.789356434537942e-12,
                6.475946118251413e-07,
                0.9999993479983852,
                4.363462332691102e-09,
                3.7751346132741176e-11
            ],
            [
                1.2174034479803624e-11,
                2.4452201904825545e-10,
                3.139724873977641e-10,
                0.006692851424332948,
                0.9933071480049985
            ],
            [
                1.2206189531051475e-11,
                1.4870183024523653e-10,
                1.4870183024523653e-10,
                0.004070137781233538,
                0.9959298619091567
            ]
        ],
        [
            [
                0.999999999782756,
                2.1724399311173296e-10,
                0.0,
                0.0,
                0.0
            ],
            [
                0.9999999956330263,
                4.363462219060364e-09,
                0.0,
                0.0,
                3.511422086109471e-12
            ],
            [
                1.3615261069252728e-13,
                5.905303993893807e-10,
                0.9999999992765622,
                1.3176514258826875e-10,
                1.0060392784229493e-12
            ],
            [
                4.7052799259067826e-11,
                5.732204428077866e-10,
                7.360296179301999e-10,
                0.02931222796078226,
                0.9706877706829149
            ],
            [
                3.0987661335880088e-12,
                2.9400274494137096e-11,
                1.0815756551190165e-11,
                1.670141510855669e-05,
                0.9999832985415766
            ]
        ],
        [
            [
                0.9999999995922553,
                4.0586521126444336e-10,
                0.0,
                0.0,
                1.8795288101339394e-12
            ],
            [
                0.9999999936486534,
                6.3488000687159e-09,
                8.878265412275719e-13,
                0.0,
                1.6586783465494436e-12
            ],
            [
                0.0,
                1.3176514262667462e-10,
                0.9999999998421345,
                2.594609496813806e-11,
                1.5428112023221579e-13
            ],
            [
                1.551577420518208e-11,
                2.1418865606970226e-10,
                2.1418865606970226e-10,
                0.014063627278742592,
                0.9859363722773643
            ],
            [
                7.835027887714624e-13,
                8.423448813409589e-12,
                3.0988136422133683e-12,
                1.3709566546551338e-06,
                0.9999986290310395
            ]
        ],
        [
            [
                0.9999999998824258,
                1.1628233012381132e-10,
                0.0,
                0.0,
                1.2917800028041691e-12
            ],
            [
                0.9999999973522864,
                2.646573627653394e-09,
                0.0,
                0.0,
                1.1399918481960367e-12
            ],
            [
                1.2611783133854392e-07,
                0.010986921531388175,
                0.9890111942796291,
                1.741002958898827e-06,
                1.7068192425389193e-08
            ],
            [
                1.160583100443045e-10,
                2.64147496134037e-09,
                3.21797527638785e-08,
                0.2227001363175169,
                0.777299828745197
            ],
            [
                6.5525221326437955e-12,
                1.1614623386637562e-10,
                7.044625185011062e-11,
                0.0011695103492304424,
                0.9988304894576245
            ]
        ],
        [
            [
                0.999999999781616,
                2.1724399327379943e-10,
                0.0,
                0.0,
                1.1399918518158995e-12
            ],
            [
                0.9999999956325587,
                4.363462220800684e-09,
                0.0,
                0.0,
                3.978962506526602e-12
            ],
            [
                6.5602004060509705e-12,
                3.927863687919941e-07,
                0.9999996045227459,
                2.646573734883694e-09,
                3.775134681179479e-11
            ],
            [
                1.89926745854222e-11,
                5.550473118490271e-10,
                9.151183092904182e-10,
                0.06008665436724072,
                0.9399133441436011
            ],
            [
                4.5086351808293854e-12,
                3.775034018044858e-11,
                1.783199805583911e-11,
                2.7535690059317647e-05,
                0.9999724642498496
            ]
        ],
        [
            [
                0.9999999996387263,
                3.58174791950983e-10,
                0.0,
                0.0,
                3.0988191294010506e-12
            ],
            [
                0.9999999992400852,
                7.582560406520984e-10,
                0.0,
                0.0,
                1.658678354234986e-12
            ],
            [
                7.991945189551972e-11,
                1.7603430735163659e-06,
                0.9999982055162406,
                3.224180805481021e-08,
                1.8189583410741847e-09
            ],
            [
                3.9785832696106825e-12,
                3.774774706502175e-11,
                1.783077315484408e-11,
                9.610240039306074e-05,
                0.9999038975400498
            ],
            [
                8.878113616469449e-13,
                9.544871655814708e-12,
                3.5113620507942542e-12,
                1.6701415109047225e-05,
                0.9999832985709469
            ]
        ],
        [
            [
                0.9999999996799329,
                3.1608814425604766e-10,
                0.0,
                0.0,
                3.978962521042124e-12
            ],
            [
                0.9999999995369957,
                4.5990553657814127e-10,
                0.0,
                0.0,
                3.0988191300494786e-12
            ],
            [
                3.098819105309761e-12,
                7.194132952756856e-09,
                0.9999999893495725,
                3.398267782854293e-09,
                5.492788291730382e-11
            ],
            [
                3.233888418300533e-11,
                6.495438523124434e-10,
                8.966676296350932e-09,
                0.9706877627571425,
                0.029312227594298423
            ],
            [
                1.4637256447830324e-12,
                2.5945157851239158e-11,
                1.2255624774511313e-11,
                3.535625783887066e-05,
                0.9999646437024966
            ]
        ],
        [
            [
                0.9999999997818683,
                2.1724399331514324e-10,
                0.0,
                0.0,
                8.878265470582061e-13
            ],
            [
                0.9999999985823851,
                1.4166087832557517e-09,
                0.0,
                0.0,
                1.0060392768776406e-12
            ],
            [
                3.3315445931521745e-11,
                6.475946099003388e-07,
                0.9999993451230137,
                7.194133140423974e-09,
                5.492788435015995e-11
            ],
            [
                1.537551444566764e-11,
                3.4994509579240034e-10,
                3.9653974395548074e-10,
                0.02297736779167312,
                0.9770226314464665
            ],
            [
                2.4133536687815976e-12,
                2.940066649497338e-11,
                1.2256021214988856e-11,
                3.726639115378792e-06,
                0.9999962733168146
            ]
        ],
        [
            [
                0.9999999995922553,
                4.0586521140792776e-10,
                0.0,
                0.0,
                1.8795288107984037e-12
            ],
            [
                0.9999999961488386,
                3.8507419050179395e-09,
                0.0,
                0.0,
                4.1937956390485896e-13
            ],
            [
                7.287724093570214e-14,
                1.691897922092898e-10,
                0.9999999998076157,
                2.2897348449387882e-11,
                2.2447770543280865e-13
            ],
            [
                3.977247806224406e-12,
                4.845279737954997e-11,
                3.7735076541193635e-11,
                0.00043055712094552256,
                0.9995694427888894
            ],
            [
                4.5068121996595335e-12,
                5.4904212404377014e-11,
                2.9388107163276904e-11,
                0.0004305571195607361,
                0.9995694427916402
            ]
        ],
        [
            [
                0.9999999995379647,
                4.599055367048031e-10,
                0.0,
                0.0,
                2.129785165581935e-12
            ],
            [
                0.9999999983933083,
                1.605228049685042e-09,
                0.0,
                0.0,
                1.4637785091100386e-12
            ],
            [
                0.0,
                3.1608814529841306e-10,
                0.9999999996699305,
                1.3887943859122332e-11,
                9.357622964904076e-14
            ],
            [
                8.415787444829139e-12,
                1.6903560946081486e-10,
                1.1617636211631589e-10,
                0.000911051403903788,
                0.9990889483024685
            ],
            [
                8.878265891361927e-13,
                7.433681018071025e-12,
                2.734698418774727e-12,
                5.043472050404236e-07,
                0.9999994956417387
            ]
        ],
        [
            [
                0.9999999996817821,
                3.160881443828484e-10,
                0.0,
                0.0,
                2.129785163890907e-12
            ],
            [
                0.9999999907610867,
                9.237449561798385e-09,
                0.0,
                0.0,
                1.463778498252488e-12
            ],
            [
                0.0,
                9.056076987687843e-11,
                0.9999999998970899,
                1.2256067441413046e-11,
                9.357622966789054e-14
            ],
            [
                3.6644756936429433e-11,
                3.9396826502411584e-10,
                3.9396826502411584e-10,
                0.029312227932666367,
                0.9706877712427524
            ],
            [
                1.6584727993142005e-12,
                2.2894510793707247e-11,
                1.0814601140315443e-11,
                0.00012339462862423457,
                0.9998766053360082
            ]
        ],
        [
            [
                0.9999999996394118,
                3.5817479206261394e-10,
                0.0,
                0.0,
                2.4133627653263502e-12
            ],
            [
                0.9999999997189233,
                2.789468085569808e-10,
                0.0,
                0.0,
                2.1297851653828407e-12
            ],
            [
                7.287724090711947e-14,
                4.0586521236311065e-10,
                0.9999999995453,
                4.8473687028728814e-11,
                2.8823507914242345e-13
            ],
            [
                2.2627134503913208e-11,
                8.490769581543988e-10,
                1.5862845946208038e-09,
                0.679178710597972,
                0.3208212869440393
            ],
            [
                9.463153763541036e-12,
                1.6773841398537078e-10,
                2.7655389105118464e-10,
                0.008577485685394709,
                0.9914225138608499
            ]
        ],
        [
            [
                0.999999999591036,
                4.058652111015835e-10,
                0.0,
                0.0,
                3.098819126918078e-12
            ],
            [
                0.9999999979388463,
                2.0611536144383813e-09,
                0.0,
                0.0,
                0.0
            ],
            [
                3.331544278515129e-11,
                5.315784833744588e-08,
                0.9999999211083164,
                2.510998957028899e-08,
                5.905303531610958e-10
            ],
            [
                2.887195757488466e-11,
                3.1040279659542205e-10,
                3.9856508023947706e-10,
                0.017986211564315596,
                0.9820137876978445
            ],
            [
                1.879496667392265e-12,
                1.573683292535226e-11,
                9.544871656001399e-12,
                1.6701415109373895e-05,
                0.9999832985577294
            ]
        ],
        [
            [
                0.9999999994764452,
                5.211412472988341e-10,
                0.0,
                0.0,
                2.413362764933053e-12
            ],
            [
                0.9999999997210531,
                2.789468090443546e-10,
                0.0,
                0.0,
                0.0
            ],
            [
                7.835042163686074e-13,
                1.4449803159366777e-07,
                0.9999998549032207,
                5.905304284312798e-10,
                7.43368103157844e-12
            ],
            [
                1.2217183677642394e-11,
                2.1655476225600993e-10,
                4.0457755914748657e-10,
                0.003172683080592432,
                0.9968273162860579
            ],
            [
                5.786155524764334e-12,
                7.987541319373124e-11,
                7.987541319373124e-11,
                0.0005527785858382277,
                0.9994472212486248
            ]
        ],
        [
            [
                0.9999999993308415,
                6.691586073012868e-10,
                0.0,
                0.0,
                0.0
            ],
            [
                0.9999999985820993,
                1.4166087820578286e-09,
                0.0,
                0.0,
                1.2917800006046821e-12
            ],
            [
                0.0,
                2.1724399342863668e-10,
                0.9999999997668987,
                1.5737102101120962e-11,
                1.2015425727387762e-13
            ],
            [
                1.3861190409002426e-11,
                4.05083362058419e-10,
                5.89392813999676e-10,
                0.11920292358589432,
                0.8807970754057682
            ],
            [
                1.1398114364056786e-12,
                2.939612438640653e-11,
                1.7829650717081784e-11,
                0.00015843624728918528,
                0.9998415637043453
            ]
        ],
        [
            [
                0.9999999998479558,
                1.493094672482886e-10,
                0.0,
                0.0,
                2.7346982847889372e-12
            ],
            [
                0.9999999976621596,
                2.335593031065113e-09,
                7.835041759118959e-13,
                0.0,
                1.4637785092786643e-12
            ],
            [
                2.2897347103728756e-11,
                5.3157849403791055e-08,
                0.9999999411138384,
                5.60279610653594e-09,
                1.026187902545181e-10
            ],
            [
                3.314153474381752e-11,
                8.547314464205177e-10,
                1.1194772741758548e-07,
                0.9947797614461171,
                0.005220125718282488
            ],
            [
                1.879442952892948e-12,
                2.5944909671691705e-11,
                9.544598871265492e-12,
                4.539785626863863e-05,
                0.9999546021063623
            ]
        ],
        [
            [
                0.9999999995389546,
                4.599055369149411e-10,
                0.0,
                0.0,
                1.1399918506888206e-12
            ],
            [
                0.9999999987474337,
                1.2501528619009948e-09,
                0.0,
                0.0,
                2.4133627631736838e-12
            ],
            [
                5.00877463591516e-14,
                4.8473687044040496e-11,
                0.9999999999310945,
                2.0206839082442666e-11,
                1.748234127597998e-13
            ],
            [
                8.393829299792382e-11,
                2.1647971084854012e-09,
                9.701947540598469e-09,
                0.5621764943390567,
                0.4378234937102604
            ],
            [
                3.978332818972866e-12,
                7.051763651262412e-11,
                3.774537085553009e-11,
                0.00015843624791720746,
                0.9998415636398414
            ]
        ],
        [
            [
                0.9999999998291516,
                1.6918979183744872e-10,
                0.0,
                0.0,
                1.658678354756851e-12
            ],
            [
                0.9999999991383699,
                8.592166589031039e-10,
                0.0,
                0.0,
                2.4133627633666455e-12
            ],
            [
                1.3887942958346495e-11,
                5.315784907405156e-08,
                0.9999999348508612,
                1.1861119377039186e-08,
                1.1628232271119409e-10
            ],
            [
                1.6986744970277668e-11,
                3.8661653350401246e-10,
                7.222947757953307e-10,
                0.04742587536837456,
                0.9525741235057275
            ],
            [
                2.12976502221577e-12,
                2.2897131837085943e-11,
                8.423384064656017e-12,
                1.0129988102606552e-05,
                0.9999898699784471
            ]
        ],
        [
            [
                0.99999999964135,
                3.581747926282705e-10,
                0.0,
                0.0,
                4.7521930574634e-13
            ],
            [
                0.9999999973512965,
                2.646573623962158e-09,
                0.0,
                0.0,
                2.1297851589274736e-12
            ],
            [
                5.6756852310091725e-14,
                1.493094675770059e-10,
                0.9999999998302287,
                2.020683908444193e-11,
                1.981008797482305e-13
            ],
            [
                1.463546854330758e-12,
                2.93961243814756e-11,
                1.7829650714091028e-11,
                0.00015843624792727642,
                0.9998415637033834
            ],
            [
                1.291762835359328e-12,
                1.3887759276231515e-11,
                8.423351795742945e-12,
                1.3007124770262025e-05,
                0.999986992851627
            ]
        ],
        [
            [
                0.9999999991396433,
                8.592166599610042e-10,
                0.0,
                0.0,
                1.1399918504486333e-12
            ],
            [
                0.999999997351013,
                2.646573626443383e-09,
                0.0,
                0.0,
                2.4133627604659355e-12
            ],
            [
                5.0087746288099986e-14,
                1.6052280522905244e-09,
                0.999999998345773,
                4.8473686975278496e-11,
                4.752193054200399e-13
            ],
            [
                2.116039605220366e-11,
                7.007360788936528e-10,
                1.1553184784189683e-09,
                0.07585817592888736,
                0.9241418221938976
            ],
            [
                8.41880661123118e-12,
                1.1621804042289294e-10,
                1.1621804042289294e-10,
                0.000552778585776074,
                0.999447221173369
            ]
        ],
        [
            [
                0.9999999995917215,
                4.058652112646894e-10,
                0.0,
                0.0,
                2.413362763610309e-12
            ],
            [
                0.9999999966004403,
                3.398267802487462e-09,
                0.0,
                0.0,
                1.2917799983209114e-12
            ],
            [
                2.543665641800395e-13,
                1.4166087835375372e-09,
                0.9999999978982412,
                6.691586076622687e-10,
                1.5737102072362147e-11
            ],
            [
                9.539757686499833e-12,
                1.492269177542715e-10,
                2.1712388416240144e-10,
                0.0005527785852660306,
                0.9994472210388434
            ],
            [
                2.1294481078757483e-12,
                4.8466015542361017e-11,
                2.9396124380550976e-11,
                0.00015843624807405706,
                0.9998415636719343
            ]
        ],
        [
            [
                0.9999999996817821,
                3.160881444942338e-10,
                0.0,
                0.0,
                2.1297851646414163e-12
            ],
            [
                0.9999999981797465,
                1.8189616816653174e-09,
                0.0,
                0.0,
                1.2917800006046821e-12
            ],
            [
                4.4202281025986874e-14,
                7.052879849448779e-11,
                0.9999999999134652,
                1.5737102103151396e-11,
                2.2447770544915564e-13
            ],
            [
                1.773938511983045e-11,
                4.037465443510101e-10,
                5.184208248465415e-10,
                0.005220125697940418,
                0.9947798733621528
            ],
            [
                2.129748741012013e-12,
                2.940027449298333e-11,
                1.3887706311890118e-11,
                1.6701415107901267e-05,
                0.9999832985394744
            ]
        ],
        [
            [
                0.9999999998955016,
                1.0261879614156884e-10,
                0.0,
                0.0,
                1.8795288133256033e-12
            ],
            [
                0.9999999987463357,
                1.2501528610703111e-09,
                0.0,
                0.0,
                3.5114220984437497e-12
            ],
            [
                2.1297850732825084e-12,
                4.1399375289250405e-08,
                0.9999999542192958,
                4.3634620528326006e-09,
                1.573710138514958e-11
            ],
            [
                2.4387076891654567e-11,
                4.322712809872737e-10,
                9.151183090312405e-10,
                0.06008665445796085,
                0.9399133441702625
            ],
            [
                1.463775871172119e-12,
                1.5737073692431853e-11,
                8.423448545319695e-12,
                1.7603431337286186e-06,
                0.9999982396312419
            ]
        ],
        [
            [
                0.999999998393766,
                1.6052280503318345e-09,
                0.0,
                0.0,
                1.006039276241325e-12
            ],
            [
                0.9999999881378739,
                1.1861119999097503e-08,
                0.0,
                0.0,
                1.0060392663700521e-12
            ],
            [
                2.4133627161416744e-12,
                1.955568063657728e-08,
                0.9999999770142375,
                3.3982677410755444e-09,
                2.940077671438288e-11
            ],
            [
                5.788638855710688e-12,
                7.990969452000872e-11,
                3.3311316649503473e-11,
                0.0001233946281037623,
                0.9998766052528867
            ],
            [
                2.1297650223439696e-12,
                1.2255951496844012e-11,
                6.560138106060183e-12,
                1.0129988103216321e-05,
                0.999989869990951
            ]
        ],
        [
            [
                0.9999999983934802,
                1.605228051042641e-09,
                0.0,
                0.0,
                1.2917800014520107e-12
            ],
            [
                0.9999999995384359,
                4.599055369140294e-10,
                0.0,
                0.0,
                1.6586783554836602e-12
            ],
            [
                1.0060392578763891e-12,
                1.955568067173647e-08,
                0.9999999788241973,
                1.6052280210288924e-09,
                1.3887943569450498e-11
            ],
            [
                1.6520583234287117e-11,
                4.2607145724254555e-10,
                9.019932820606554e-10,
                0.18242551482530311,
                0.8175744838301116
            ],
            [
                2.7346879763761062e-12,
                2.940066649382398e-11,
                1.388789147997589e-11,
                3.7266391152331015e-06,
                0.9999962733148615
            ]
        ],
        [
            [
                0.9999999997210531,
                2.7894680890105076e-10,
                0.0,
                0.0,
                0.0
            ],
            [
                0.9999999965986333,
                3.39826779894255e-09,
                0.0,
                0.0,
                3.0988191199803524e-12
            ],
            [
                6.22412145697683e-11,
                3.726639301676343e-06,
                0.9999962041834639,
                6.825577971806841e-08,
                8.592134639592867e-10
            ],
            [
                8.402635029295713e-12,
                9.03368399977453e-11,
                7.972198148729043e-11,
                0.0024726229706317337,
                0.9975273768509069
            ],
            [
                2.1295212276179074e-12,
                3.331131665319141e-11,
                1.5735151814732385e-11,
                0.0001233946276422631,
                0.9998766053211818
            ]
        ],
        [
            [
                0.9999999991383699,
                8.592166591703036e-10,
                0.0,
                0.0,
                2.4133627641171544e-12
            ],
            [
                0.9999999998286804,
                1.6918979188380136e-10,
                0.0,
                0.0,
                2.1297851662010965e-12
            ],
            [
                3.0988195256033128e-12,
                3.059023586931301e-07,
                0.9999996929773984,
                1.1032561700829043e-09,
                1.3887945598846555e-11
            ],
            [
                1.0723158049677081e-11,
                1.9007252435199172e-10,
                1.6773841400706775e-10,
                0.008577485679198076,
                0.9914225139522678
            ],
            [
                1.1399767011526038e-12,
                1.7832235892681374e-11,
                9.544908057604242e-12,
                1.300712477110753e-05,
                0.9999869928467118
            ]
        ],
        [
            [
                0.9999999997538302,
                2.4616969481297066e-10,
                0.0,
                0.0,
                0.0
            ],
            [
                0.9999999998506905,
                1.493094674520524e-10,
                0.0,
                0.0,
                0.0
            ],
            [
                8.878265451622808e-13,
                2.6465736309091647e-09,
                0.9999999970678024,
                2.789468084437037e-10,
                5.789356311230827e-12
            ],
            [
                1.3867086780158475e-11,
                1.4908523282594885e-10,
                9.042476461933431e-11,
                0.0015011820304380588,
                0.9984988177161849
            ],
            [
                2.734693291995239e-12,
                2.59460475479125e-11,
                1.2256045037461885e-11,
                1.0677030762905428e-06,
                0.9999989322559869
            ]
        ],
        [
            [
                0.9999999999450722,
                5.492788334171208e-11,
                0.0,
                0.0,
                0.0
            ],
            [
                0.9999999895305244,
                1.0467401672070598e-08,
                6.101936606092893e-13,
                0.0,
                1.4637784969709686e-12
            ],
            [
                4.1937956548405454e-13,
                6.691586085645983e-10,
                0.9999999992587534,
                7.052879845160479e-11,
                1.1399918520823556e-12
            ],
            [
                5.739692896237946e-12,
                1.0173849091275812e-10,
                6.992377404471141e-11,
                0.008577485687001672,
                0.9914225141355965
            ],
            [
                6.914374026470319e-13,
                9.544998919862499e-12,
                3.5114088686210364e-12,
                3.7266391154917917e-06,
                0.9999962733471367
            ]
        ],
        [
            [
                0.9999999999377585,
                6.224144606038615e-11,
                0.0,
                0.0,
                0.0
            ],
            [
                0.9999999987485553,
                1.2501528628154651e-09,
                0.0,
                0.0,
                1.2917800010958035e-12
            ],
            [
                0.0,
                6.224144619091935e-11,
                0.9999999999080695,
                2.9400777374819937e-11,
                2.8823507916772995e-13
            ],
            [
                2.1286076613310924e-12,
                6.220703435365068e-11,
                4.844688706717294e-11,
                0.0005527785840773313,
                0.9994472213031402
            ],
            [
                1.463778622811817e-12,
                8.423464379912864e-12,
                3.0988193688098944e-12,
                2.3823698443933409e-07,
                0.9999997617500296
            ]
        ],
        [
            [
                0.9999999998506905,
                1.4930946746913392e-10,
                0.0,
                0.0,
                0.0
            ],
            [
                0.999999998892765,
                1.1032560285452332e-09,
                0.0,
                0.0,
                3.978962522138356e-12
            ],
            [
                8.258073281805827e-14,
                7.991959889324685e-11,
                0.9999999999040625,
                1.573710209971649e-11,
                1.981008797149379e-13
            ],
            [
                1.0808270066230296e-11,
                1.3167168480750272e-10,
                7.047877410556612e-11,
                0.0007096703445554857,
                0.9992903294424857
            ],
            [
                7.834907765882401e-13,
                1.2255857802826555e-11,
                4.508678119580495e-12,
                1.6701415105964818e-05,
                0.999983298567346
            ]
        ],
        [
            [
                0.9999999999515263,
                4.847368699162198e-11,
                0.0,
                0.0,
                0.0
            ],
            [
                0.9999999990236452,
                9.736200280763778e-10,
                0.0,
                0.0,
                2.7346982825346964e-12
            ],
            [
                8.423464633543012e-12,
                8.764249134082335e-08,
                0.9999999109167391,
                1.4166089344807728e-09,
                1.5737103749190028e-11
            ],
            [
                5.850155627077192e-11,
                5.550473119129477e-10,
                7.126948559604334e-10,
                0.06008665438700298,
                0.9399133442867532
            ],
            [
                1.2917628354509233e-12,
                1.3887759277216259e-11,
                7.433581869650634e-12,
                1.3007124771184325e-05,
                0.9999869928526157
            ]
        ],
        [
            [
                0.9999999997814641,
                2.1724399306526762e-10,
                0.0,
                0.0,
                1.2917800021539977e-12
            ],
            [
