{
    "[['A', 'B', 'C', 'D', 'E'], ['A', 'B', 'C', 'D', 'E']]": [
        [
            [
                0.999999814448438,
                1.8553915961135397e-07,
                3.978963036582294e-12,
                0.0,
                8.423464814545936e-12
            ],
            [
                0.9999938557687289,
                6.144172118777357e-06,
                2.0206726039071932e-11,
                9.544981521258508e-12,
                2.940061290439172e-11
            ],
            [
                1.5697774572010676e-05,
                0.060085237116845436,
                0.9398912316733998,
                7.41510366028624e-06,
                4.183315225336786e-07
            ],
            [
                5.492757233657869e-11,
                2.1724276279493858e-10,
                1.1628167154903097e-10,
                4.785094847291905e-06,
                0.9999952145167007
            ],
            [
                6.560200106410546e-12,
                1.5737101958748583e-11,
                2.7346982658534656e-12,
                9.237449575029649e-09,
                0.9999999907375184
            ]
        ],
        [
            [
                0.9999999317365098,
                6.825604224388161e-08,
                1.6586785649982306e-12,
                0.0,
                5.789357048034488e-12
            ],
            [
                0.9999646437010595,
                3.53562574875614e-05,
                1.783182881523472e-11,
                5.789147222377669e-12,
                1.783182881523472e-11
            ],
            [
                7.991914556729485e-11,
                4.785094810873581e-06,
                0.9999952075148961,
                7.1940922199566945e-09,
                1.1628167066403628e-10
            ],
            [
                1.0815922371486483e-11,
                1.0261861428722419e-10,
                6.224133582242635e-11,
                1.3709566545157522e-06,
                0.9999986288676695
            ],
            [
                8.423448813692533e-12,
                7.05286734135348e-11,
                2.940072524441203e-11,
                1.3709566547011842e-06,
                0.9999986289349925
            ]
        ],
        [
            [
                0.9999998554900099,
                1.4449803156547423e-07,
                2.413362887986023e-12,
                0.0,
                9.5450353822339e-12
            ],
            [
                0.9999417086124482,
                5.829127672313386e-05,
                4.8470824443096717e-11,
                1.3887123710715361e-11,
                4.8470824443096717e-11
            ],
            [
                2.5436656421199406e-13,
                1.605228051868094e-09,
                0.9999999982914793,
                1.026187961049371e-10,
                4.193795649712246e-13
            ],
            [
                1.783247360316269e-11,
                6.224144865492309e-11,
                2.940077853873289e-11,
                3.9278636985685675e-07,
                0.9999996071041555
            ],
            [
                3.978962831800016e-12,
                3.3315447899730107e-11,
                1.081594236179593e-11,
                2.3823698447069903e-07,
                0.9999997617149051
            ]
        ],
        [
            [
                0.9999998144502537,
                1.8553915969388264e-07,
                2.7346986369649883e-12,
                1.2917801679287032e-12,
                6.5602009966608084e-12
            ],
            [
                0.9999038972086836,
                9.610239917196017e-05,
                7.991198109620744e-11,
                3.3312269836275816e-11,
                2.7892022043597144e-10
            ],
            [
                3.7751276829229286e-11,
                1.760343112703835e-06,
                0.9999982275888479,
                1.1861098593603576e-08,
                1.6918948475686349e-10
            ],
            [
                1.22560210912562e-11,
                4.8473503733651056e-11,
                1.573704258863399e-11,
                2.9023121998400767e-06,
                0.9999970976113336
            ],
            [
                1.3887945602495659e-11,
                2.940078107119923e-11,
                1.0815942910476693e-11,
                6.825604230291506e-08,
                0.999999931689853
            ]
        ],
        [
            [
                0.999995214860396,
                4.785094841969825e-06,
                1.2255997998393895e-11,
                6.560162996546202e-12,
                2.5945947966204785e-11
            ],
            [
                0.9999996071926844,
                3.9278636951693237e-07,
                6.560200418158672e-12,
                2.129785252120491e-12,
                1.2256067911170114e-11
            ],
            [
                3.5114223814539072e-12,
                8.315279895788593e-07,
                0.9999991677018195,
                7.582561006797893e-10,
                8.423464397552888e-12
            ],
            [
                4.2775924439668454e-11,
                2.1723406900738894e-10,
                1.0261410831492402e-10,
                4.5397855727576316e-05,
                0.9999546017816483
            ],
            [
                6.560200474089899e-12,
                3.331544697533594e-11,
                9.545035367975057e-12,
                5.04347205105027e-07,
                0.9999994956033742
            ]
        ],
        [
            [
                0.9999997617476373,
                2.3823698421623532e-07,
                3.0988193659079825e-12,
                1.4637786214410506e-12,
                1.0815942350243296e-11
            ],
            [
                0.9999999226301879,
                7.734422790270906e-08,
                7.433681521142387e-12,
                2.413363047395046e-12,
                1.5737103903751766e-11
            ],
            [
                9.736033544045486e-10,
                1.670141471094885e-05,
                0.9999832750467171,
                2.2159110208953253e-08,
                4.0585826068285076e-10
            ],
            [
                8.423399928415234e-12,
                7.052826410211928e-11,
                3.7751059394264985e-11,
                7.889265048410581e-06,
                0.9999921106182489
            ],
            [
                1.879528738227967e-12,
                1.3887943286318788e-11,
                3.978962370052605e-12,
                4.1399375462934544e-08,
                0.9999999585808781
            ]
        ],
        [
            [
                0.9999998874468564,
                1.125351836366072e-07,
                2.413362963069385e-12,
                1.6586784903488012e-12,
                1.38879449654522e-11
            ],
            [
                0.9999998874563766,
                1.1253518370168957e-07,
                1.879528966560949e-12,
                0.0,
                6.560200691781541e-12
            ],
            [
                4.1937955520849345e-13,
                2.5109990921009964e-08,
                0.999999974756937,
                1.3176513936127728e-10,
                8.878265253433967e-13
            ],
            [
                9.545017474225787e-12,
                4.277780049042354e-11,
                2.020680215150426e-11,
                1.0677030764798167e-06,
                0.9999989322243938
            ],
            [
                1.2256067720392616e-11,
                6.224144763221013e-11,
                2.2897348972639057e-11,
                6.475946145885573e-07,
                0.9999993523079905
            ]
        ],
        [
            [
                0.9999989322868401,
                1.0677030756663727e-06,
                3.511415691714614e-12,
                1.4637758371789607e-12,
                5.1090796846003964e-12
            ],
            [
                0.9999546020402975,
                4.53978556498583e-05,
                4.847147252433392e-11,
                1.7831658225008884e-11,
                3.774962075857534e-11
            ],
            [
                5.905146674301894e-10,
                2.7535689484400817e-05,
                0.9999724516130337,
                1.1860804156352953e-08,
                2.4616313691473143e-10
            ],
            [
                6.220703430048051e-11,
                3.5797676605192533e-10,
                3.5797676605192533e-10,
                0.0005527785840757014,
                0.9994472206377638
            ],
            [
                1.0815941800865762e-11,
                4.277787965306784e-11,
                1.225606772011186e-11,
                6.475946145737225e-07,
                0.9999993523395356
            ]
        ],
        [
            [
                0.9999994956355873,
                5.043472045035025e-07,
                3.97896271665125e-12,
                2.413362881502455e-12,
                1.0815942048789132e-11
            ],
            [
                0.9999970976642555,
                2.902312197506143e-06,
                6.560175351989214e-12,
                3.098807416395718e-12,
                1.3887891329143227e-11
            ],
            [
                2.335508742982566e-09,
                3.535625845199302e-05,
                0.9999645514312114,
                8.763931901724852e-08,
                2.335508742982566e-09
            ],
            [
                8.42339992571632e-12,
                5.492746729379822e-11,
                2.9400554608608546e-11,
                7.889265045882808e-06,
                0.9999921106422027
            ],
            [
                4.277788067969445e-11,
                1.1628233571160268e-10,
                4.847368931767304e-11,
                5.043472050466713e-07,
                0.9999994954452611
            ]
        ],
        [
            [
                0.9999999468300653,
                5.315784967217056e-08,
                3.511421923657355e-12,
                1.139991791451563e-12,
                7.43368027071673e-12
            ],
            [
                0.9999785549822896,
                2.1444939744000424e-05,
                2.940016303716358e-11,
                1.0815715548461032e-11,
                3.77505565944815e-11
            ],
            [
                1.8189305360465556e-09,
                1.670141475720597e-05,
                0.9999831587822144,
                1.2751687525952577e-07,
                1.0467222530202047e-08
            ],
            [
                5.492589960043371e-11,
                1.493040747956249e-10,
                1.026150898868384e-10,
                3.5356257511202024e-05,
                0.9999646434356437
            ],
            [
                4.508755418103779e-12,
                1.3887944406493722e-11,
                5.109089227280969e-12,
                3.927863698639404e-07,
                0.9999996071901244
            ]
        ],
        [
            [
                0.9999996940809671,
                3.0590235858534533e-07,
                3.978963031200915e-12,
                1.8795290505323146e-12,
                1.0815942903823769e-11
            ],
            [
                0.9999994956349019,
                5.043472044080273e-07,
                3.978962715898014e-12,
                1.6586784339747292e-12,
                1.2256067998725714e-11
            ],
            [
                0.0040696348306828055,
                0.9958065980890539,
                0.0001228923233709509,
                8.280419614679394e-07,
                4.671493081315671e-08
            ],
            [
                7.433681245416638e-12,
                4.8473690799552185e-11,
                1.0815942391089549e-11,
                8.315279901990756e-07,
                0.9999991684052866
            ],
            [
                9.545035389424702e-12,
                3.7751347288166785e-11,
                1.5737102876129988e-11,
                1.4449803167433257e-07,
                0.9999998554389348
            ]
        ],
        [
            [
                0.9999999317338443,
                6.825604224369967e-08,
                2.4133630716772307e-12,
                1.13999199468064e-12,
                6.560200983214321e-12
            ],
            [
                0.999986992827951,
                1.3007124759715277e-05,
                1.783223587706306e-11,
                6.560112969291303e-12,
                2.289704410251999e-11
            ],
            [
                8.423463585712886e-12,
                1.9555680696071775e-08,
                0.999999980115299,
                3.1608813909885603e-10,
                4.508755151966375e-12
            ],
            [
                3.3314558276654304e-11,
                1.6918528696740646e-10,
                7.99174707792931e-11,
                2.7535689831451862e-05,
                0.9999724640277513
            ],
            [
                5.7893560880525216e-12,
                1.2256066934583878e-11,
                5.7893560880525216e-12,
                4.139937546677524e-08,
                0.9999999585767898
            ]
        ],
        [
            [
                0.9999993523923146,
                6.475946140528571e-07,
                3.978962622245028e-12,
                1.6586783949343565e-12,
                7.43368083378319e-12
            ],
            [
                0.9999998554905558,
                1.4449803150154209e-07,
                3.978962725580382e-12,
                0.0,
                7.433681026839047e-12
            ],
            [
                5.3139912927437057e-08,
                0.00033534973639034137,
                0.9996634695635854,
                1.0673447010977575e-06,
                6.021541012983115e-08
            ],
            [
                6.5601754238240915e-12,
                4.8473504225462366e-11,
                2.5945997117042297e-11,
                3.7266391155663154e-06,
                0.9999962732799047
            ],
            [
                2.594604813551899e-11,
                1.02618611032568e-10,
                5.4927784333926957e-11,
                1.7603431337443035e-06,
                0.9999982394733739
            ]
        ],
        [
            [
                0.9999999847594672,
                1.522997947702859e-08,
                2.129785133522413e-12,
                0.0,
                8.423463606416788e-12
            ],
            [
                0.9770226295972827,
                0.022977367807559372,
                2.013794978044051e-09,
                3.0882546209042887e-10,
                2.7253751373405985e-10
            ],
            [
                1.3432979521284444e-08,
                0.0005527786090310005,
                0.9994471384902289,
                6.82182989269411e-08,
                1.2494617287495755e-09
            ],
            [
                4.272781160096202e-11,
                2.1698973185136941e-10,
                1.6899177308430065e-10,
                0.0011695103475629388,
                0.9988304892237277
            ],
            [
                2.2895996262381437e-11,
                1.0261273620361608e-10,
                9.055542186542136e-11,
                5.829127675287252e-05,
                0.999941708507183
            ]
        ],
        [
            [
                0.9999996940682865,
                3.0590235863916543e-07,
                8.423464804635569e-12,
                3.0988195250566458e-12,
                1.783247513134978e-11
            ],
            [
                0.9997965727234258,
                0.00020342706052441523,
                1.317382658873666e-10,
                2.939478036512454e-11,
                5.491667958675199e-11
            ],
            [
                7.991899307701103e-11,
                7.889265020000774e-06,
                0.9999921071769,
                3.3982420579900356e-09,
                7.991899307701103e-11
            ],
            [
                1.3885745935557097e-11,
                7.990695071909256e-11,
                4.277110859049804e-11,
                0.0001584362478991322,
                0.999841563615537
            ],
            [
                3.5114220593070893e-12,
                1.2256067255378654e-11,
                3.0988190910057277e-12,
                1.5229979510199038e-08,
                0.9999999847511543
            ]
        ],
        [
            [
                0.9999998874508096,
                1.125351837010631e-07,
                5.109089435836594e-12,
                1.4637786309549066e-12,
                7.433681265658795e-12
            ],
            [
                0.9999785549988264,
                2.144493973763523e-05,
                2.594555280807792e-11,
                9.54483546791985e-12,
                2.594555280807792e-11
            ],
            [
                3.7010114809842634e-13,
                5.3157849705982804e-08,
                0.9999999467386862,
                1.0261879083788542e-10,
                4.752192809036934e-13
            ],
            [
                2.9400723644970754e-11,
                5.492778309529857e-11,
                2.594604755043237e-11,
                1.0677030763942378e-06,
                0.999998932186649
            ],
            [
                1.658678338971533e-12,
                8.423463653191269e-12,
                2.7346982587119234e-12,
                1.1861120008734661e-08,
                0.9999999881260632
            ]
        ],
        [
            [
                0.9999993523772468,
                6.475946137180246e-07,
                8.423463933038668e-12,
                3.9789626201877445e-12,
                1.5737102440475618e-11
            ],
            [
                0.9997388093285465,
                0.00026119032590644074,
                2.171872571432261e-10,
                4.8461027468566247e-11,
                7.989872678740836e-11
            ],
            [
                3.037975384261799e-14,
                1.3176514264971726e-10,
                0.9999999998573157,
                1.081594155307987e-11,
                7.287724092985831e-14
            ],
            [
                2.940038661094902e-11,
                9.055956620374926e-11,
                7.052786107408665e-11,
                1.3007124766923605e-05,
                0.9999869926847453
            ],
            [
                7.433652632721018e-12,
                4.84735042213395e-11,
                2.2897262088311165e-11,
                3.7266391152493493e-06,
                0.9999962732820803
            ]
        ],
        [
            [
                0.999998932274063,
                1.067703075514318e-06,
                6.5601881699756435e-12,
                2.4133583579501468e-12,
                1.3887918464820707e-11
            ],
            [
                0.99999976173562,
                2.3823698402016194e-07,
                7.433681211225393e-12,
                2.129785325345543e-12,
                1.7832474200836006e-11
            ],
            [
                8.258073281193079e-14,
                1.3176514263134152e-10,
                0.9999999998298625,
                3.7751345422846477e-11,
                5.384940214909106e-13
            ],
            [
                3.331531974864065e-11,
                1.4930890439230065e-10,
                1.0261840921685453e-10,
                3.7266391143416167e-06,
                0.999996273075643
            ],
            [
                3.511422276857882e-12,
                2.9400778761657484e-11,
                7.433681018442253e-12,
                5.043472050656099e-07,
                0.999999495612449
            ]
        ],
        [
            [
                0.9999999936466911,
                6.348800058905225e-09,
                0.0,
                0.0,
                4.508755201716558e-12
            ],
            [
                0.9999898699862938,
                1.0129988095621475e-05,
                1.0815839226082822e-11,
                3.978924890291514e-12,
                1.0815839226082822e-11
            ],
            [
                2.020683978661932e-11,
                3.927863680848722e-07,
                0.9999996026607729,
                4.3634624033236134e-09,
                1.69189798092375e-10
            ],
            [
                1.5736892940191816e-11,
                5.4927153446129474e-11,
                3.775084367803139e-11,
                1.300712477006829e-05,
                0.999986992766815
            ],
            [
                1.0815941343497602e-11,
                2.289734800386614e-11,
                7.433680525417926e-12,
                1.955568070131256e-08,
                0.9999999804031722
            ]
        ],
        [
            [
                0.9999999715245271,
                2.8453347220964735e-08,
                4.50875510461265e-12,
                1.8795287591446136e-12,
                1.5737101626304892e-11
            ],
            [
                0.9999998724517521,
                1.2751906734125072e-07,
                6.560200589616683e-12,
                2.4133629268807516e-12,
                2.020684038841931e-11
            ],
            [
                6.431393929763241e-14,
                1.6052280522681843e-09,
                0.9999999983318559,
                6.22414461159569e-11,
                6.101936666515338e-13
            ],
            [
                5.78935608762694e-12,
                1.7832472165494675e-11,
                5.78935608762694e-12,
                4.139937546373193e-08,
                0.9999999585712134
            ],
            [
                8.42346443597701e-12,
                2.2897350308987332e-11,
                8.42346443597701e-12,
                1.125351838240247e-07,
                0.999999887425072
            ]
        ],
        [
            [
                0.9999986290043442,
                1.3709566532870549e-06,
                9.545017982877688e-12,
                3.511415881512411e-12,
                2.594604893517123e-11
            ],
            [
                0.9999997617524833,
                2.3823698413279776e-07,
                3.0988193648226855e-12,
                0.0,
                7.433681214739956e-12
            ],
            [
                1.5428111917379894e-13,
                7.1941329769158235e-09,
                0.999999992767673,
                3.775134516252333e-11,
                2.8823507720456884e-13
            ],
            [
                7.433638561415583e-12,
                7.052839897367927e-11,
                3.3315256693539797e-11,
                4.7850948484152885e-06,
                0.9999952147938743
            ],
            [
                5.109089408145772e-12,
                3.3315447900113e-11,
                1.5737103277599255e-11,
                2.382369844734371e-07,
                0.9999997617088539
            ]
        ],
        [
            [
                0.9999996071979771,
                3.927863692378917e-07,
                3.978962684646165e-12,
                2.129785250607463e-12,
                9.545035279814682e-12
            ],
            [
                0.9999997617370198,
                2.382369840781945e-07,
                5.7893567498157645e-12,
                0.0,
                2.020684055995363e-11
            ],
            [
                5.0087746357037884e-14,
                4.84736870419949e-11,
                0.999999999930981,
                2.0206839081589934e-11,
                2.882350792213065e-13
            ],
            [
                2.2895165929435898e-11,
                1.1627124651544406e-10,
                9.055213783491619e-11,
                9.610239925075408e-05,
                0.9999038973710307
            ],
            [
                3.978962406712755e-12,
                2.5946094140767256e-11,
                1.0815941206288953e-11,
                3.2241866326260795e-08,
                0.9999999677173926
            ]
        ],
        [
            [
                0.9999982396358013,
                1.7603431314673159e-06,
                9.545017676355677e-12,
                3.0988135396079323e-12,
                8.423448534499096e-12
            ],
            [
                0.9999938557818133,
                6.144172118857751e-06,
                1.573701406274448e-11,
                7.43363908325548e-12,
                2.289722035301912e-11
            ],
            [
                7.1875768815265245e-09,
                0.0009110509503608895,
                0.9990888123999384,
                1.274028486306703e-07,
                2.0592752543587555e-09
            ],
            [
                2.157899237460697e-10,
                1.4071270607379485e-09,
                1.8067869104966411e-09,
                0.0066928514124446215,
                0.9933071451578515
            ],
            [
                2.594604813597836e-11,
                9.0560606385378e-11,
                2.940072430848129e-11,
                1.76034313377547e-06,
                0.9999982395109589
            ]
        ],
        [
            [
                0.999999694052391,
                3.0590235863430294e-07,
                8.423464804501674e-12,
                3.5114225510954e-12,
                3.33154495746253e-11
            ],
            [
                0.9999982396079754,
                1.7603431310420884e-06,
                2.0206802574532094e-11,
                5.789345866810284e-12,
                2.2897307078757807e-11
            ],
            [
                1.7482341255222376e-13,
                1.2501528644210767e-09,
                0.9999999987066064,
                4.277787862242859e-11,
                2.8823507889123504e-13
            ],
            [
                7.43366708311488e-12,
                5.4927783097910006e-11,
                2.2897306598657805e-11,
                1.0677030764449997e-06,
                0.9999989322116647
            ],
            [
                7.433681603196145e-12,
                2.0206841620518383e-11,
                6.560200989620686e-12,
                6.825604231035513e-08,
                0.999999931709757
            ]
        ],
        [
            [
                0.9999998362253313,
                1.6373771756225712e-07,
                9.545035185351751e-12,
                4.508755366296299e-12,
                2.2897349086186977e-11
            ],
            [
                0.9999986290224004,
                1.3709566535131983e-06,
                6.560188526580989e-12,
                2.129781391490455e-12,
                1.225604569477818e-11
            ],
            [
                2.365977608436529e-14,
                1.6918979221158282e-10,
                0.9999999998211686,
                9.545034920023758e-12,
                7.287724093668985e-14
            ],
            [
                3.3313923444302083e-11,
                1.6918206302270354e-10,
                1.493026465904077e-10,
                4.5397855719515835e-05,
                0.9999546017924819
            ],
            [
                4.5087554522001006e-12,
                2.940077876159906e-11,
                8.423464146623329e-12,
                5.043472050646077e-07,
                0.9999994956104619
            ]
        ],
        [
            [
                0.9999994956395611,
                5.04347204728927e-07,
                4.508755449199188e-12,
                1.2917800640650883e-12,
                7.433681013479812e-12
            ],
            [
                0.9999785549972503,
                2.1444939733556498e-05,
                3.775055657609655e-11,
                7.433525335289875e-12,
                1.7832100273905368e-11
            ],
            [
                2.5946095882851108e-11,
                5.043471990808277e-07,
                0.9999994836164248,
                1.1861120562813588e-08,
                1.4930947279935625e-10
            ],
            [
                1.0220117359446814e-10,
                5.881271470576525e-10,
                3.5671714649978695e-10,
                0.004070137776616992,
                0.9959298611763375
            ],
            [
                4.508695315667837e-12,
                2.5945750128836635e-11,
                1.573689294238243e-11,
                1.3007124771878912e-05,
                0.9999869928290368
            ]
        ],
        [
            [
                0.999999967751366,
                3.224186626635571e-08,
                1.658678302005329e-12,
                0.0,
                5.109088852771565e-12
            ],
            [
                0.9975273758434224,
                0.002472622976803029,
                8.570920726496718e-10,
                1.912430914322709e-10,
                1.3143932638424145e-10
            ],
            [
                5.109088752406571e-12,
                5.31578496761554e-08,
                0.9999999461620934,
                6.691585730253681e-10,
                5.789356016370627e-12
            ],
            [
                5.899922446688528e-10,
                2.644161794516619e-09,
                4.359485793792171e-09,
                0.0009110513971511522,
                0.999088941009209
            ],
            [
                6.5602004237823664e-12,
                4.847368895155653e-11,
                2.0206839877613654e-11,
                3.927863698536462e-07,
                0.9999996071383894
            ]
        ],
        [
            [
                0.9999996071838632,
                3.927863693903867e-07,
                8.423464072767463e-12,
                3.5114222460631987e-12,
                1.7832473581984986e-11
            ],
            [
                0.9996646498494576,
                0.00033535005390199934,
                7.050513057216404e-11,
                1.3883283371455259e-11,
                1.2251954573013483e-11
            ],
            [
                6.560200480999089e-12,
                1.4449803150180101e-07,
                0.9999998542075039,
                1.250152926004506e-09,
                3.775134724309144e-11
            ],
            [
                4.5087472452215745e-12,
                2.0206803249826388e-11,
                8.423448813968876e-12,
                1.3709566547461602e-06,
                0.9999986290102062
            ],
            [
                2.5946094704853326e-11,
                3.775134503843236e-11,
                1.081594144143501e-11,
                1.0467401682627221e-08,
                0.999999989458085
            ]
        ],
        [
            [
                0.9999999585905424,
                4.139937540707048e-08,
                1.6586782875667033e-12,
                0.0,
                8.423463392136003e-12
            ],
            [
                0.9997388094801142,
                0.0002611903325857511,
                1.1625196156838124e-10,
                3.330674463374769e-11,
                3.7741486158423016e-11
            ],
            [
                6.431393938565241e-14,
                1.3176514264181133e-10,
                0.9999999998300926,
                3.7751345425846124e-11,
                3.26613134132143e-13
            ],
            [
                1.3887759276166313e-11,
                5.492715344668971e-11,
                2.9400386618356915e-11,
                1.3007124770200957e-05,
                0.9999869927770145
            ],
            [
                2.1297850571816462e-12,
                1.0815940979492941e-11,
                3.5114219257946692e-12,
                5.3157849704526404e-08,
                0.9999999468256933
            ]
        ],
        [
            [
                0.9999999881285769,
                1.1861119991495653e-08,
                1.8795287912093294e-12,
                0.0,
                8.423463640948566e-12
            ],
            [
                0.9999991684573378,
                8.315279896520494e-07,
                5.1090894185633305e-12,
                2.129785333740406e-12,
                7.433681240526343e-12
            ],
            [
                1.3615261065302482e-13,
                9.73620030185834e-10,
                0.9999999989709458,
                5.4927883446635923e-11,
                3.7010116743537683e-13
            ],
            [
                7.433412180372086e-12,
                4.27763336250228e-11,
                2.2896521442934617e-11,
                3.53562575155857e-05,
                0.9999646436693782
            ],
            [
                3.511422559494118e-12,
                2.5946098279152688e-11,
                8.423464824649152e-12,
                1.855391598338921e-07,
                0.9999998144229593
            ]
        ],
        [
            [
                0.9999999881343713,
                1.1861119982901432e-08,
                0.0,
                0.0,
                4.508755178264992e-12
            ],
            [
                0.9999962733240578,
                3.7266391128169887e-06,
                1.3887891470971876e-11,
                5.109069753390774e-12,
                1.7832405632928794e-11
            ],
            [
                2.1724360282932745e-10,
                2.260323186526957e-06,
                0.9999976508436269,
                8.76423245834505e-08,
                9.736182804010604e-10
            ],
            [
                1.0256206056949474e-10,
                6.687886455820164e-10,
                7.5783681916992e-10,
                0.0005527785834543415,
                0.9994472198873582
            ],
            [
                7.433681018740104e-12,
                6.224144912934834e-11,
                1.78324737390878e-11,
                5.04347205085818e-07,
                0.9999994955652873
            ]
        ],
        [
            [
                0.9999986290259577,
                1.370956653518075e-06,
                5.109079961615494e-12,
                2.734693438672057e-12,
                9.545017984486121e-12
            ],
            [
                0.9999989322594567,
                1.0677030749627661e-06,
                8.423448344151599e-12,
                3.0988134695830016e-12,
                2.594604751564645e-11
            ],
            [
                7.193598594163011e-09,
                7.48461979325972e-05,
                0.9999250463303557,
                9.930456545791124e-08,
                9.7354770323155e-10
            ],
            [
                7.991914618724976e-11,
                7.991914618724976e-11,
                6.224109363302819e-11,
                4.785094847992885e-06,
                0.9999952146830726
            ],
            [
                7.433681458065692e-12,
                3.331544894298775e-11,
                1.5737103770218403e-11,
                8.76424914579338e-08,
                0.9999999123010224
            ]
        ],
        [
            [
                0.9999999634532828,
                3.65348207502271e-08,
                1.463778458556008e-12,
                8.878265141411172e-13,
                9.545034560479356e-12
            ],
            [
                0.9999986290081152,
                1.370956653064021e-06,
                1.7832441257228037e-11,
                3.511415880941157e-12,
                1.3887919215204022e-11
            ],
            [
                1.573710282227805e-11,
                1.4449803117986428e-07,
                0.99999985203949,
                3.3982679739817277e-09,
                4.847368926633636e-11
            ],
            [
                1.2255741080218953e-11,
                4.847239626851547e-11,
                3.7750340171267295e-11,
                2.7535689828148945e-05,
                0.9999724642116933
            ],
            [
                6.560200489276293e-12,
                2.940077883201599e-11,
                1.2256068044035322e-11,
                1.4449803168411856e-07,
                0.9999998554537513
            ]
        ],
        [
            [
                0.9999999123488188,
                8.764249132174424e-08,
                2.129785392756954e-12,
                0.0,
                6.560200851349476e-12
            ],
            [
                0.9999869927946319,
                1.300712475737118e-05,
                3.331500258329699e-11,
                9.544908047524213e-12,
                3.775084364118031e-11
            ],
            [
                1.2500337515980975e-09,
                9.61024028755638e-05,
                0.9999038166748705,
                7.733684970039286e-08,
                2.335370503076981e-09
            ],
            [
                1.783210029582889e-11,
                1.4930634777497917e-10,
                7.99179289969885e-11,
                2.1444939759921787e-05,
                0.9999785548131837
            ],
            [
                1.879528738031667e-12,
                8.423463402622816e-12,
                1.879528738031667e-12,
                4.1399375458610745e-08,
                0.999999958588442
            ]
        ],
        [
            [
                0.9999999677482867,
                3.2241866287037756e-08,
                2.4133626905793386e-12,
                0.0,
                7.433680422072633e-12
            ],
            [
                0.9959298600581039,
                0.004070137771050182,
                1.0987661629466373e-09,
                2.163598858035068e-10,
                8.55719948115204e-10
            ],
            [
                6.22412105589421e-11,
                2.902312187204541e-06,
                0.9999970932288105,
                4.363445731191659e-09,
                3.3315319276530615e-11
            ],
            [
                4.2763523363691354e-11,
                2.1717109114706532e-10,
                1.691330158458059e-10,
                0.00033535005522966464,
                0.9996646495157028
            ],
            [
                2.5946096189966264e-11,
                3.331544697174165e-11,
                1.081594206052219e-11,
                5.043472050506148e-07,
                0.9999994955827175
            ]
        ],
        [
            [
                0.9999996940820679,
                3.0590235869430045e-07,
                3.0988195256151688e-12,
                1.6586785660033148e-12,
                1.0815942907676149e-11
            ],
            [
                0.9999970976285257,
                2.9023121964929972e-06,
                1.573704257048531e-11,
                5.789334426521334e-12,
                3.775120262244569e-11
            ],
            [
                1.0060394048826806e-12,
                6.825604228479968e-08,
                0.9999999313820421,
                3.581748377447889e-10,
                2.7346986330063426e-12
            ],
            [
                5.492715343606817e-11,
                1.4930748307424595e-10,
                1.1628078473664325e-10,
