{
    "[['A', 'B', 'C', 'D', 'E'], ['A', 'B', 'C', 'D', 'E']]": [
        [
            [
                0.9999999975128502,
                1.493094671029907e-10,
                7.835041757949113e-13,
                1.4637785090601082e-12,
                2.335593030716387e-09
            ],
            [
                4.784613134854144e-05,
                0.4978184322959725,
                0.49781843150977256,
                0.003354274366825562,
                0.0009610156960807004
            ],
            [
                8.756128129942113e-08,
                0.0009110375444271127,
                0.9990741209184998,
                1.2995258765955066e-05,
                1.7587170258236028e-06
            ],
            [
                0.1580130212367955,
                0.0028941090916863223,
                0.007867004153509041,
                0.12306065187893342,
                0.7081652136390758
            ],
            [
                0.31284537273844243,
                0.31284537273844243,
                0.015575652104336177,
                0.11508937329427085,
                0.2436442291245082
            ]
        ],
        [
            [
                0.9999999985677208,
                7.582560407572203e-10,
                2.129785165242781e-12,
                2.734698284256232e-12,
                6.691586073343056e-10
            ],
            [
                1.8456638584024843e-07,
                0.005220009113205821,
                0.9947575360413057,
                2.1332973655113977e-05,
                9.373054474746418e-07
            ],
            [
                1.9453600779486406e-08,
                0.005220126469005575,
                0.9947797823470141,
                6.789973847795457e-08,
                3.830641118242283e-09
            ],
            [
                0.001168828000381447,
                0.9982478649567539,
                0.0002031118450623649,
                4.532037851680855e-05,
                0.0003348748192854698
            ],
            [
                0.000261003563619688,
                1.369621002346222e-06,
                3.7230158825535983e-06,
                0.0007094815908727954,
                0.9990244222086225
            ]
        ],
        [
            [
                0.9999999994695659,
                7.052879840504246e-11,
                0.0,
                0.0,
                4.599055371735088e-10
            ],
            [
                2.2471960317956593e-05,
                0.4949780776776242,
                0.4949780776776242,
                0.009065840161418277,
                0.0009555325230152934
            ],
            [
                3.7245748847820823e-06,
                0.9994425409872159,
                0.0005527759249646241,
                8.310649905262456e-07,
                1.2744794406813319e-07
            ],
            [
                0.044047393510412196,
                0.07262187459951537,
                0.09324833279328763,
                0.5366071466702693,
                0.25347525242651564
            ],
            [
                0.09504775587688524,
                0.9017880998674147,
                0.001740860343782138,
                6.750051296255675e-05,
                0.0013557833989554843
            ]
        ],
        [
            [
                0.9999999972341205,
                1.1628232986737198e-10,
                6.101936654787135e-13,
                2.4133627628084448e-12,
                2.646573629012256e-09
            ],
            [
                6.4500249687104176e-06,
                0.18242308130534818,
                0.8175635514064727,
                6.4500249687104176e-06,
                4.672382415982381e-07
            ],
            [
                1.757697518427259e-06,
                0.9984954585603031,
                0.0015011769674832722,
                1.3688962037538142e-06,
                2.3787849150064434e-07
            ],
            [
                0.9391014784517734,
                0.06003475515128167,
                0.0004045108998693995,
                5.4744597206122265e-05,
                0.0004045108998693995
            ],
            [
                0.13411838497948064,
                0.6010769118483912,
                0.08134691252119734,
                0.04933939651706771,
                0.13411839413386312
            ]
        ],
        [
            [
                0.9999999986937163,
                1.2501528640154352e-09,
                7.835041770202772e-13,
                4.193795650424694e-13,
                5.4927883405358855e-11
            ],
            [
                1.3516713896700801e-06,
                0.9859311802869654,
                0.014063553870553785,
                2.8614883543864367e-06,
                1.0526827367302724e-06
            ],
            [
                3.721045625153521e-06,
                0.9984948514244432,
                0.0015011762312703266,
                2.378784882686407e-07,
                1.3420173180630712e-08
            ],
            [
                6.13698036629454e-06,
                0.9988229028003167,
                0.0011695014480086266,
                1.0664472791289592e-06,
                3.9232402908476673e-07
            ],
            [
                0.9738174331166641,
                0.0030994481351413012,
                0.00015431243620692836,
                2.681548056312319e-05,
                0.022901990831424527
            ]
        ],
        [
            [
                0.9999999990824922,
                2.4616969474416273e-10,
                8.878265462685426e-13,
                1.291780002490859e-12,
                6.691586079403676e-10
            ],
            [
                1.6941458613194225e-06,
                0.03731606410205723,
                0.9623939278849019,
                0.0001958166372653015,
                9.249722991434819e-05
            ],
            [
                1.3705984545180095e-06,
                0.9997371600057274,
                0.0002611898330326624,
                2.381742983286801e-07,
                4.13884870491175e-08
            ],
            [
                0.012154694755375894,
                0.009466085793480645,
                0.14807453075527605,
                0.5168309017313364,
                0.31347378696453104
            ],
            [
                0.9701958907491118,
                0.00041790467411035345,
                1.6203922687802902e-05,
                7.262094320652927e-05,
                0.029297379710883587
            ]
        ],
        [
            [
                0.99999995289338,
                5.602796165671494e-09,
                1.3887943191076143e-11,
                9.056076550242771e-11,
                4.139937517902022e-08
            ],
            [
                3.090526987047351e-06,
                0.9397237666158358,
                0.060074524934224896,
                0.0001912041341177597,
                7.413788834566464e-06
            ],
            [
                3.0464537762792947e-06,
                0.18240387184940135,
                0.817477399213659,
                7.856907843225944e-05,
                3.7113404731084796e-05
            ],
            [
                0.9957088226949257,
                0.00015778138168812486,
                6.11784808555161e-06,
                5.804452652268542e-05,
                0.004069233548777984
            ],
            [
                0.9998787868854783,
                4.5394435131390615e-05,
                8.314280814246189e-07,
                1.4448053640459383e-07,
                7.484277077254086e-05
            ]
        ],
        [
            [
                0.9999986268272968,
                1.1032540717645744e-09,
                9.545017960508877e-12,
                1.1032540717645744e-09,
                1.3709566500742094e-06
            ],
            [
                1.3394514281386244e-06,
                0.9770180047077612,
                0.02297726185568738,
                2.8356186956213386e-06,
                5.583664275951295e-07
            ],
            [
                2.8501036119921243e-06,
                0.982008957188428,
                0.017986123636401806,
                1.7286752240309425e-06,
                3.403963342479184e-07
            ],
            [
                0.00928835630928301,
                0.0020725124308059967,
                0.007233779167115833,
                0.14529430612725608,
                0.8361110459655391
            ],
            [
                0.0009096718736659318,
                7.870207538615805e-06,
                6.1293237940084615e-06,
                0.0014997953903125253,
                0.9975765332046889
            ]
        ],
        [
            [
                0.9999999954634733,
                1.691897913073194e-10,
                1.1399918466150492e-12,
                2.7346982761687705e-12,
                4.363462228334723e-09
            ],
            [
                1.1743760277812978e-06,
                0.029311544779475965,
                0.9706651337889466,
                2.0816313170500924e-05,
                1.3307423791991418e-06
            ],
            [
                4.3623226231044274e-09,
                0.0002611903240828621,
                0.9997387958613702,
                9.23503706558192e-09,
                2.1718725467917968e-10
            ],
            [
                0.11917930817101968,
                0.8806225913040931,
                0.00017917875645325173,
                4.213880457063326e-06,
                1.4707887976897065e-05
            ],
            [
                0.8504298979205926,
                0.14778256321948552,
                0.00047035955770985334,
                3.8609463647350956e-05,
                0.001278569838564728
            ]
        ],
        [
            [
                0.9999999988327608,
                1.9171715098732485e-10,
                6.101936665240019e-13,
                1.2917800021682609e-12,
                9.736200293279585e-10
            ],
            [
                2.8614609010755816e-06,
                0.01406341238256684,
                0.9859215101686375,
                9.98747990412157e-06,
                2.228507990485871e-06
            ],
            [
                7.514453740982582e-06,
                0.9524838968929008,
                0.047421385402614646,
                7.129515204897884e-05,
                1.5908098694495302e-05
            ],
            [
                0.08447252859054151,
                0.024201784644099698,
                0.0054001467960202955,
                0.0844725307116465,
                0.801453009257692
            ],
            [
                0.42846185439946566,
                0.550155908562505,
                0.003706920663610649,
                0.00106205055170461,
                0.016613265822714173
            ]
        ],
        [
            [
                0.9999999912845839,
                2.3355930146945128e-09,
                1.081594144565821e-11,
                2.0206838881674577e-11,
                6.348800050519974e-09
            ],
            [
                4.910529898164217e-06,
                0.3775211912242457,
                0.6224272184730872,
                3.6284180893011616e-05,
                1.0395591875990684e-05
            ],
            [
                9.069415075627588e-07,
                0.03732142828816665,
                0.9625323741583709,
                0.00011878589596477557,
                2.6504715989995095e-05
            ],
            [
                0.08168559874975549,
                0.00670516226096603,
                0.0019210611514926853,
                0.1346767871529679,
                0.7750113906848178
            ],
            [
                0.9999985839297578,
                1.3709565912634623e-06,
                3.398261634709398e-09,
                3.1608757015668897e-10,
                4.139930184173755e-08
            ]
        ],
        [
            [
                0.9999999992597539,
                2.7894680873167705e-10,
                6.101936665460036e-13,
                7.835041769469531e-13,
                4.5990553694983617e-10
            ],
            [
                1.4189805499568244e-07,
                0.01798608363331852,
                0.9820069242428674,
                6.03365883212083e-06,
                8.165669269981624e-07
            ],
            [
                5.914830751546367e-06,
                0.9626669252995685,
                0.03732664331262259,
                4.855188741012777e-07,
                3.1038183196783414e-08
            ],
            [
                0.859505354736784,
                0.07055249941433361,
                0.0027356172753388174,
                0.012260186043513975,
                0.054946342530029564
            ],
            [
                0.9999891463263457,
                2.902290154240923e-06,
                4.691110646342154e-08,
                1.522980645986003e-08,
                7.889242587188701e-06
            ]
        ],
        [
            [
                0.9999991673460353,
                7.582560999038775e-10,
                9.545035641783254e-12,
                3.581748200064411e-10,
                8.315279887279696e-07
            ],
            [
                4.496380894388389e-06,
                0.9396594371984827,
                0.06007042096083445,
                0.00024549407867798054,
                2.0151381110457334e-05
            ],
            [
                7.874058209218176e-06,
                0.998065210877829,
                0.0019267194367057444,
                1.8518009981981527e-07,
                1.0447156307938013e-08
            ],
            [
                0.9890154116498425,
                0.0066639334513323425,
                0.00012205419867315922,
                0.00015672069330979166,
                0.004041880006842215
            ],
            [
                0.00040348800291839325,
                0.0006652392528838703,
                0.0023219131413303937,
                0.0598829162228811,
                0.9367264433799862
            ]
        ],
        [
            [
                0.9999999967158433,
                2.789468079230142e-10,
                1.1399918474704968e-12,
                5.109089003083024e-12,
                2.9989608101942343e-09
            ],
            [
                5.088094122746771e-06,
                0.26884844398938423,
                0.7308058392058032,
                0.00031478923663401517,
                2.5839474055921286e-05
            ],
            [
                3.02541237776693e-07,
                0.010986931980136408,
                0.9890122418383784,
                4.988061739863789e-07,
                2.4834073402943217e-08
            ],
            [
                9.579594910302412e-05,
                0.9967156555389651,
                0.0031723276630418766,
                1.0096818751626567e-05,
                6.124030138422949e-06
            ],
            [
                0.008542497050125728,
                2.7188895565380644e-05,
                1.6490898764128215e-05,
                0.004035189962279138,
                0.9873786331932656
            ]
        ],
        [
            [
                0.9999999989234762,
                3.1608814474236674e-10,
                8.878265459106995e-13,
                1.2917800019702002e-12,
                7.582560411383595e-10
            ],
            [
                6.561002363589306e-06,
                0.04691739985660676,
                0.9423611525806007,
                0.010468686763085704,
                0.0002461997973431765
            ],
            [
                5.703884203192338e-07,
                0.11920045098483593,
                0.8807788564208429,
                1.4710511244863831e-05,
                5.411694656106724e-06
            ],
            [
                0.9748443300177159,
                0.013905408807621863,
                0.0003270238703615616,
                9.369390754637235e-05,
                0.010829543396754307
            ],
            [
                0.4943961915805199,
                0.009055182625529033,
                0.0015735547935021358,
                0.00057887845808621,
                0.49439619254236267
            ]
        ],
        [
            [
                0.9999999836444532,
                1.5229979467915232e-08,
                1.3887943612557468e-11,
                8.423463601376334e-12,
                1.1032560122924177e-09
            ],
            [
                4.698924045168143e-06,
                0.9819871435267106,
                0.017985723154890425,
                1.6400856448700735e-05,
                6.033537905081073e-06
            ],
            [
                3.443870322743901e-06,
                0.9241188822732604,
                0.07585629215777151,
                9.361410117884134e-06,
                1.2020288527401015e-05
            ],
            [
                0.11919608072389393,
                0.8807465348711372,
                2.4252631913319313e-05,
                1.99077725723074e-06,
                3.1140995798274246e-05
            ],
            [
                0.9998658293009702,
                1.0128731406281096e-05,
                5.042798430042477e-07,
                1.444785939806205e-07,
                0.00012339320918660704
            ]
        ],
        [
            [
                0.9999999968990729,
                7.582560396033435e-10,
                3.098819125693823e-12,
                3.978962519108953e-12,
                2.3355930289800766e-09
            ],
            [
                1.6233154065232297e-07,
                0.008577390843708418,
                0.9914117478576984,
                7.82157164638012e-06,
                2.8773954063527166e-06
            ],
            [
                5.984680492668837e-07,
                0.07585797370676724,
                0.9241392349681903,
                2.088858741024594e-06,
                1.0399825213061638e-07
            ],
            [
                4.4050359539539376e-05,
                5.656178126300188e-05,
                0.0003254905778157214,
                0.029299742196394103,
                0.9702741550849876
            ],
            [
                0.9999328119021378,
                4.5396860908640936e-05,
                3.058816427272775e-07,
                4.1396618234249245e-08,
                2.1443958692678044e-05
            ]
        ],
        [
            [
                0.9999999977720018,
                4.0586521129552917e-10,
                1.2917800004827485e-12,
                1.879528810277895e-12,
                1.8189616814936222e-09
            ],
            [
                4.332023170624605e-06,
                0.3773900583502783,
                0.6222109965688777,
                0.00026801278318837687,
                0.00012660027448521859
            ],
            [
                2.73469863895732e-12,
                1.8553915982905494e-07,
                0.9999998143544806,
                1.0261880935181106e-10,
                1.0060394070719228e-12
            ],
            [
                0.0002679555521265963,
                7.677055102959055e-05,
                0.0002679555521265963,
                0.3773093570225257,
                0.6220779613221915
            ],
            [
                0.9839578001785583,
                0.0011520960234817988,
                0.00015591924165368444,
                0.0006987815611747171,
                0.014035402995131703
            ]
        ],
        [
            [
                0.999999998433245,
                4.5990553656972016e-10,
                1.4637785100025798e-12,
                2.1297851649563766e-12,
                1.1032560292357834e-09
            ],
            [
                4.214591278413922e-06,
                0.7772775024992389,
                0.22269373998450276,
                1.6669031861878982e-05,
                7.873893118125914e-06
            ],
            [
                1.4391870100874263e-06,
                0.8175589395939921,
                0.18242205447692977,
                1.3654626170828154e-05,
                3.912115897274955e-06
            ],
            [
                0.9531966389624703,
                0.013596620250999357,
                0.0005271981794212493,
                0.0038954969229977173,
                0.028784045684111418
            ],
            [
                4.784501883167076e-06,
                2.3820632236341304e-07,
                3.927358304958107e-07,
                0.00012339393078904072,
                0.9998711906251749
            ]
        ],
        [
            [
                0.9999999802712471,
                1.6918978868393368e-10,
                7.835041619389597e-13,
                3.098819073196174e-12,
                1.9555680674338547e-08
            ],
            [
                1.0395889541960069e-05,
                0.37753204633955445,
                0.6224451148093367,
                1.0395889541960069e-05,
                2.0470720249451185e-06
            ],
            [
                7.052880735284812e-11,
                3.059023588507658e-07,
                0.9999996935606466,
                4.599055955205311e-10,
                6.560200990562456e-12
            ],
            [
                0.0949576075421792,
                0.9009327756206458,
                0.0022331888512566365,
                0.0008215442666305866,
                0.001054883719287764
            ],
            [
                0.0019052444895606723,
                9.485658289038586e-05,
                9.485658289038586e-05,
                0.01096392522728446,
                0.9869411171173742
            ]
        ],
        [
            [
                0.9999999932820052,
                5.602796396148551e-09,
                7.43368061743845e-12,
                4.508755208987959e-12,
                1.1032560241936324e-09
            ],
            [
                2.896665640715941e-06,
                0.11920032732346866,
                0.8807778509053182,
                1.4710481934157273e-05,
                4.214623638261226e-06
            ],
            [
                2.531050469470125e-06,
                0.6791751366763347,
                0.32081961787404534,
                2.531050469470125e-06,
                1.8334868104984396e-07
            ],
            [
                2.3748093525647333e-07,
                1.8495033834227104e-07,
                6.455401109131304e-07,
                0.0031726789251146914,
                0.9968262531035008
            ],
            [
                0.1472545969941806,
                0.0007727212962310034,
                0.00013427882683420103,
                0.004446704039097549,
                0.8473916988436567
            ]
        ],
        [
            [
                0.9999999943179467,
                3.85074189189373e-09,
                5.78935628231364e-12,
                6.5602001155564145e-12,
                1.8189616729692544e-09
            ],
            [
                1.1301501779790547e-06,
                0.4999935750424673,
                0.49999357488697915,
                1.0722566344078842e-05,
                9.973540315219449e-07
            ],
            [
                8.756261105192654e-08,
                0.0009110505065805779,
                0.9990883251360722,
                3.924283969216822e-07,
                1.443663393593534e-07
            ],
            [
                0.1191193945751441,
                0.8801799772639696,
                0.0006250813597948892,
                2.4237022999306512e-05,
                5.130977809217366e-05
            ],
            [
                0.9702197735491159,
                0.029298098396633762,
                5.6558648311128966e-05,
                7.654380688666605e-06,
                0.0004179150252506212
            ]
        ],
        [
            [
                0.9999999987305248,
                4.0586521155738126e-10,
                1.6586783544588818e-12,
                2.7346982842462453e-12,
                8.592166596094828e-10
            ],
            [
                2.83515029288734e-06,
                0.9768566917402959,
                0.02297346633632153,
                7.311948976989397e-05,
                9.388728331978315e-05
            ],
            [
                2.2559686304406062e-06,
                0.9980705541017076,
                0.0019267297768119213,
                3.920285652121641e-07,
                6.812428475372607e-08
            ],
            [
                0.9928194144111573,
                0.006689565370907212,
                0.00015732342238103164,
                7.43143226955465e-05,
                0.0002593824728589475
            ],
            [
                0.9993023299604555,
                0.00026107626577371955,
                4.781778606330639e-06,
                1.3700025082371627e-06,
                0.00043044199265609127
            ]
        ],
        [
            [
                0.999999999503199,
                2.1724399316029893e-10,
                0.0,
                6.101936667841878e-13,
                2.789468088405617e-10
            ],
            [
                3.498123375139636e-06,
                0.7310420083752387,
                0.26893531787671393,
                1.567750129705741e-05,
                3.498123375139636e-06
            ],
            [
                1.225606693186848e-11,
                4.139937545760299e-08,
                0.99999995833769,
                2.4616968489310374e-10,
                4.50875505385557e-12
            ],
            [
                0.9851995719614179,
                0.01405311561948467,
                3.4834207290380396e-05,
                1.2814788711635322e-05,
                0.0006996634230953105
            ],
            [
                0.37461627668307723,
                0.0007231796238752289,
                0.0001613631083474167,
                0.006861337233565289,
                0.6176378433511348
            ]
        ],
        [
            [
                0.9999999971329125,
                2.1724399261345598e-10,
                1.1399918483507349e-12,
                2.1297851621869477e-12,
                2.6465736280125374e-09
            ],
            [
                1.3424443498856148e-05,
                0.4302307189103656,
                0.5524271788906768,
                0.016681852153058074,
                0.0006468256024007331
            ],
            [
                6.798355068450553e-07,
                0.1824251511051964,
                0.8175728274897613,
                1.1208592607126452e-06,
                2.2071027469506146e-07
            ],
            [
                0.09387472435965329,
                0.0017193755521508678,
                0.0010428539879398391,
                0.012704562409972624,
                0.8906584836902834
            ],
            [
                3.058536210057848e-07,
                8.762861312433382e-08,
                3.058536210057848e-07,
                0.0001584360992920586,
                0.9998408645648529
            ]
        ],
        [
            [
                0.9999999569265948,
                1.6052279846637346e-09,
                6.560199879946985e-12,
                6.22414434946479e-11,
                4.1399375369068484e-08
            ],
            [
                1.6541987560629501e-06,
                0.06007305990446191,
                0.9397008610469036,
                0.0001911993796852999,
                3.322547019319349e-05
            ],
            [
                1.3394410083275245e-06,
                0.9770102339963701,
                0.0229770776336574,
                7.707950810873386e-06,
                3.6409781532295707e-06
            ],
            [
                0.7277068027646647,
                0.26770836327694264,
                0.0010940631475933147,
                0.000516798837509638,
                0.0029739719732896136
            ],
            [
                0.9967233424296723,
                0.003172351848616418,
                7.863477765195033e-06,
                6.454735615350932e-07,
                9.579677038461454e-05
            ]
        ],
        [
            [
                0.9999999801858699,
                2.461696900323119e-10,
                1.4637784835074886e-12,
                1.0815941331044467e-11,
                1.9555680678796766e-08
            ],
            [
                2.870417532622341e-06,
                0.9890082320011067,
                0.010986889594700325,
                1.7409962397121382e-06,
                2.669904206182001e-07
            ],
            [
                1.8127569054503598e-07,
                0.022977350022996067,
                0.9770217771353834,
                6.327143298528984e-07,
                5.8851600207534594e-08
            ],
            [
                0.7540669121675581,
                0.010756186718835114,
                0.010756186718835114,
                0.00837692663949103,
                0.21604378775528058
            ],
            [
                0.9997388061197413,
                0.000261190327047613,
                2.6458824432511073e-09,
                1.4927047302904973e-10,
                7.58058011919602e-10
            ]
        ],
        [
            [
                0.9999999766994306,
                1.1032560056891242e-09,
                4.508755133364263e-12,
                3.3315444616770087e-11,
                2.215948923799745e-08
            ],
            [
                4.784501793083855e-06,
                0.9998714115791816,
                0.00012339392757805233,
                3.927358231013296e-07,
                1.725562424737521e-08
            ],
            [
                4.076644232962755e-06,
                0.851942317277909,
                0.14804538511419563,
                6.721250059962703e-06,
                1.4997136022771215e-06
            ],
            [
                0.19291978566719306,
                0.05527244334729762,
                0.00748031355903167,
                0.07097122210036341,
                0.6733562353261142
            ],
            [
                0.9978004615781076,
                0.000260683899626374,
                7.871971669042806e-06,
                4.774592169663693e-06,
                0.0019262079584272842
            ]
        ],
        [
            [
                0.9999999967857556,
                1.6052280480192358e-09,
                1.658678351509232e-12,
                2.129785161447578e-12,
                1.6052280480192358e-09
            ],
            [
                1.7860797162112792e-07,
                0.03732571532458177,
                0.9626429919338374,
                2.6507773309194944e-05,
                4.606360300029261e-06
            ],
            [
                2.8965026068740974e-06,
                0.7772394216852586,
                0.2226828357804235,
                5.817781005847902e-05,
                1.6668221652575255e-05
            ],
            [
                0.02455239565254064,
                0.03152590005843579,
                0.0115977304959241,
                0.6332145910637241,
                0.2991093827293753
            ],
            [
                0.9976485154364274,
                0.0011681264219872648,
                1.2976706190308719e-05,
                2.2550134076877484e-06,
                0.0011681264219872648
            ]
        ],
        [
            [
                0.9999999889260501,
                5.905303927033938e-10,
                2.1297851450209527e-12,
                1.388794369584767e-11,
                1.0467401667280953e-08
            ],
            [
                9.404106758293245e-07,
                0.8807785369556699,
                0.11920040044584065,
                1.4710498021958737e-05,
                5.411689791671787e-06
            ],
            [
                2.25767965909772e-06,
                0.9988278932672263,
                0.0011695070174054694,
                3.055437161215291e-07,
                3.649199295163817e-08
            ],
            [
                3.400434429512519e-05,
                0.9617295198843202,
                0.037290300612099855,
                0.0004142577190130442,
                0.0005319174402718376
            ],
            [
                0.003668901456705998,
                0.0017330663334506995,
                0.002225301220956531,
                0.09462221806709666,
                0.8977505129217901
            ]
        ],
        [
            [
                0.9999999802375743,
                1.9171714731544703e-10,
                1.1399918289004285e-12,
                1.3887943570830778e-11,
                1.955568067368005e-08
            ],
            [
                1.655803121826576e-05,
                0.9913983287318698,
                0.008577276673989762,
                6.091359271474903e-06,
                1.7452036506763528e-06
            ],
            [
                2.2354707648534885e-06,
                0.9890019953969461,
                0.010986822091450648,
                6.07663955815268e-06,
                2.8704012803342647e-06
            ],
            [
                1.3591738001160372e-06,
                1.3591738001160372e-06,
                1.6558126611460014e-05,
                0.00857732198527539,
                0.991403401540513
            ],
            [
                0.4992894947721357,
                0.0007506514372737946,
                0.000215065134997866,
                0.00045529311146391113,
                0.4992894955441288
            ]
        ],
        [
            [
                0.9999999975270086,
                4.058652111364746e-10,
                1.4637785086760505e-12,
                4.508755225508079e-12,
                2.0611536147645858e-09
            ],
            [
                3.533663771614961e-05,
                0.9994102968363626,
                0.0005527582793942726,
                1.3701501348802517e-06,
                2.3809639205730065e-07
            ],
            [
                2.3619326138160703e-07,
                0.008577481184637538,
                0.9914219937269996,
                2.3619326138160703e-07,
                5.270184023805792e-08
            ],
            [
                0.8291776845214045,
                0.11221700883447265,
                0.001246618362674063,
                0.004351125622802028,
                0.05300756265864681
            ],
            [
                0.9967195364240334,
                0.0031723396813103117,
                4.525101683037156e-05,
                4.769422084557036e-06,
                5.810345574116185e-05
            ]
        ],
        [
            [
                0.9999999993693256,
                1.691897919900828e-10,
                6.914400095847469e-13,
                8.878265464216306e-13,
                4.5990553712740775e-10
            ],
            [
                6.246447643613138e-06,
                0.37400073906347725,
                0.6166229560440273,
                0.006850061608373478,
                0.002519996836478386
            ],
            [
                7.522394884333161e-07,
                0.09534903316086912,
                0.9046463870398358,
                3.37130349358829e-06,
                4.5625631318135304e-07
            ],
            [
                0.00020341483556201478,
                1.3705983808445413e-06,
                3.058218362170211e-07,
                5.827932614104402e-05,
                0.99973662941808
            ],
            [
                5.8220274164813825e-05,
                1.29906990982804e-05,
                3.531238129783492e-05,
                0.0011693854664154772,
                0.9987240911790236
            ]
        ],
        [
            [
                0.9999999997776743,
                1.3176514248500022e-10,
                0.0,
                0.0,
                9.05607697483055e-11
            ],
            [
                5.694674237479847e-06,
                0.43780610203243253,
                0.5621541620521495,
                3.277058760598242e-05,
                1.2706535746020157e-06
            ],
            [
                8.423464146868005e-12,
                5.043472050792574e-07,
                0.9999994954923273,
                1.4930947457516145e-10,
                2.7346984189852943e-12
            ],
            [
                0.5483682116287992,
                0.42706959118923843,
                0.0022410559116469815,
                0.0010585998554845566,
                0.021262541414830673
            ],
            [
                0.026564955635971506,
                0.0006247478753229347,
                0.0003789287409736856,
                0.09272080814751806,
                0.8797105596002139
            ]
        ],
        [
            [
                0.9999999976563612,
                2.061153615031201e-09,
                1.8795288097844483e-12,
                1.6586783529532866e-12,
                2.7894680828441574e-10
            ],
            [
                1.7485572025174857e-06,
                0.9933027933539462,
                0.006692822741112049,
                2.245191890564866e-06,
                3.90155848626417e-07
            ],
            [
                2.893098631550923e-06,
                0.9968224467783869,
                0.0031726678899627403,
                1.7547530216082983e-06,
                2.37479997189661e-07
            ],
            [
                0.9967930653617871,
                0.0031725740764976143,
                1.664814083918712e-05,
                1.0642800369172743e-06,
                1.664814083918712e-05
            ],
            [
                0.059885849856514635,
                0.0002447397219068016,
                0.00011560685875591048,
                0.002981540184073858,
                0.9367722633787489
            ]
        ],
        [
            [
                0.999999997413894,
                7.582560398823242e-10,
                3.0988191268339533e-12,
                5.789356306521183e-12,
                1.818961680575038e-09
            ],
            [
                1.0110462786232707e-05,
                0.9980619665187079,
                0.0019267131655622102,
                1.0656349376305138e-06,
                1.4421800611105568e-07
            ],
            [
                6.789973018085557e-08,
                0.005220120878270556,
                0.9947790725144433,
                5.017144369361955e-07,
                2.369931190359499e-07
            ],
            [
                0.901397652378648,
                0.0950066121668856,
                0.0006401495145498768,
                8.663485717609695e-05,
                0.0028689510827404007
            ],
            [
