{
    "[['A', 'B', 'C', 'D', 'E'], ['A', 'B', 'C', 'D', 'E']]": [
        [
            [
                0.9999986288759166,
                1.3709566534901003e-06,
                3.331538630031794e-11,
                1.7832441262770176e-11,
                1.1628212394843543e-10
            ],
            [
                0.0003353174586894954,
                0.9995671738886156,
                9.607006038550907e-05,
                1.3703658129905846e-06,
                6.822649642034569e-08
            ],
            [
                6.583898627762247e-10,
                5.230238506177864e-08,
                0.010930214629236797,
                0.9839066645823273,
                0.005163067827660856
            ],
            [
                0.0,
                7.835041773605885e-13,
                2.543665643656891e-13,
                1.1032560307300763e-09,
                0.999999998895706
            ],
            [
                6.914400100129439e-13,
                2.734698288898165e-12,
                5.384940212449807e-13,
                4.599055374122194e-10,
                0.9999999995361297
            ]
        ],
        [
            [
                0.9999999115714769,
                8.764249125361606e-08,
                1.388794530049364e-11,
                1.388794530049364e-11,
                7.582561211684522e-10
            ],
            [
                0.0011695070524577293,
                0.998827564636918,
                2.898918151906254e-06,
                2.8419993538371054e-08,
                9.72478701312765e-10
            ],
            [
                5.905225507079683e-10,
                6.47585992319686e-07,
                0.9999860388131627,
                1.3007112359676177e-05,
                3.058979627954193e-07
            ],
            [
                2.129785057379271e-12,
                1.3887943124352117e-11,
                4.508755001853343e-12,
                5.315784970945897e-08,
                0.9999999468216239
            ],
            [
                3.2661313406725075e-13,
                1.4637785131780587e-12,
                2.8823507915779596e-13,
                5.492788347397901e-11,
                0.9999999999429936
            ]
        ],
        [
            [
                0.9999999994610262,
                5.211412475600365e-10,
                0.0,
                0.0,
                1.783247286609857e-11
            ],
            [
                1.1781101301664664e-08,
                7.83610843194208e-06,
                0.9932545612949523,
                0.006692497124962517,
                4.5093690551924965e-05
            ],
            [
                3.9008376088587936e-14,
                1.493094675691182e-10,
                0.9999999998303084,
                2.020683908337445e-11,
                1.361526107628258e-13
            ],
            [
                4.193795649038102e-13,
                1.6586783552196191e-12,
                5.384940205759387e-13,
                1.8189616835014118e-09,
                0.9999999981784218
            ],
            [
                2.7346982830564745e-12,
                8.423463728177765e-12,
                3.5114221024168412e-12,
                2.6465736306487674e-09,
                0.9999999973387568
            ]
        ],
        [
            [
                0.9999999466589667,
                5.3157849599182934e-08,
                7.433680260510023e-12,
                6.560199804704343e-12,
                1.6918978288802856e-10
            ],
            [
                1.6890895194391377e-10,
                1.1841431725074958e-08,
                0.00015819844398881418,
                0.9983408444958761,
                0.0015009450497944228
            ],
            [
                1.162823394459671e-10,
                3.059020528251119e-07,
                0.9999991700787609,
                5.043472212435962e-07,
                1.9555682625594048e-08
            ],
            [
                2.73469828896306e-12,
                7.433680665206328e-12,
                1.1399918519485022e-12,
                7.582560420622932e-10,
                0.9999999992304356
            ],
            [
                1.2917800040367892e-12,
                2.1297851697205516e-12,
                1.1399918523831826e-12,
                3.581747928205838e-10,
                0.9999999996372637
            ]
        ],
        [
            [
                0.9999999895054413,
                1.0467401670065683e-08,
                2.1297851455875573e-12,
                2.1297851455875573e-12,
                2.2897348183721377e-11
            ],
            [
                2.770533145354505e-10,
                1.5126598434186427e-08,
                9.545924485445833e-05,
                0.9932123124237799,
                0.0066922129277139425
            ],
            [
                1.5428111988324647e-13,
                2.646573631430863e-09,
                0.9999999973236733,
                2.9400777309768825e-11,
                1.9810087924513696e-13
            ],
            [
                4.193795650306151e-13,
                2.7346982863273607e-12,
                6.101936665858606e-13,
                1.6052280520954187e-09,
                0.9999999983910077
            ],
            [
                1.463778513036494e-12,
                3.5114221107631412e-12,
                8.878265471852023e-13,
                2.172439933462182e-10,
                0.9999999997768929
            ]
        ],
        [
            [
                0.9999998874454161,
                1.1253518368172398e-07,
                3.0988193855162856e-12,
                2.4133629640369325e-12,
                1.3887944971020055e-11
            ],
            [
                5.8178365884602764e-05,
                0.998004606446752,
                0.0019266019618111635,
                1.0109884063270267e-05,
                5.03341489049215e-07
            ],
            [
                5.904538431429584e-10,
                1.7601180996964858e-06,
                0.9998700609892419,
                0.0001233938051580908,
                4.784497046346824e-06
            ],
            [
                3.7010116718348145e-13,
                2.413362767426537e-12,
                6.914400094314863e-13,
                1.4166087840565412e-09,
                0.9999999985799164
            ],
            [
                1.006039278509521e-12,
                3.0988191363383664e-12,
                1.006039278509521e-12,
                3.581747927528277e-10,
                0.9999999996367144
            ]
        ],
        [
            [
                0.9999952147536982,
                4.785094840436529e-06,
                2.5945947957890877e-11,
                2.289721870745981e-11,
                1.0261821482236289e-10
            ],
            [
                0.0003353468351770477,
                0.9996544633549895,
                1.0126596961302354e-05,
                6.021494661329363e-08,
                2.997925663803327e-09
            ],
            [
                8.928660968893269e-11,
                2.60933721941373e-09,
                6.057765309008835e-06,
                0.9859303986779093,
                0.014063540858157924
            ],
            [
                1.2917800008948866e-12,
                4.508755228713519e-12,
                1.6586783539179476e-12,
                2.646573630937088e-09,
                0.9999999973459672
            ],
            [
                2.5436656454289725e-13,
                1.1399918521713448e-12,
                3.7010116757584214e-13,
                3.581747927540263e-10,
                0.9999999996400608
            ]
        ],
        [
            [
                0.9999989321512024,
                1.0677030748471825e-06,
                2.2897306564391993e-11,
                2.0206802120605857e-11,
                1.0261860856981562e-10
            ],
            [
                3.5336672174083174e-05,
                0.9994113912268532,
                0.0005527588184072998,
                5.040505574567477e-07,
                9.23200799204295e-09
            ],
            [
                3.150066090927066e-10,
                3.213154766683404e-08,
                0.0014982942675176932,
                0.9965778253589882,
                0.001923847926939808
            ],
            [
                7.835041753757529e-13,
                4.50875522427897e-12,
                1.6586783522865688e-12,
                3.3982678059164455e-09,
                0.9999999965947812
            ],
            [
                1.1399918515186157e-12,
                3.978962530511886e-12,
                1.4637785121668205e-12,
                9.736200299978852e-10,
                0.9999999990197972
            ]
        ],
        [
            [
                0.9999999881111182,
                1.1861119995500162e-08,
                2.734698255660579e-12,
                2.129785142972464e-12,
                2.2897348155606477e-11
            ],
            [
                9.62888417474955e-10,
                9.821728875165763e-08,
                0.010986559390469563,
                0.9889783736191057,
                3.496781024769947e-05
            ],
            [
                0.0,
                1.0261879629048796e-10,
                0.9999999998907707,
                6.560200166457713e-12,
                5.0087746365485436e-14
            ],
            [
                1.8795288112644647e-12,
                6.56020014974355e-12,
                2.4133627650604694e-12,
                2.335593032244842e-09,
                0.9999999976535539
            ],
            [
                1.463778511279438e-12,
                3.511422106548183e-12,
                1.879528812884142e-12,
                1.4166087838884516e-09,
                0.9999999985765364
            ]
        ],
        [
            [
                0.999999974840621,
                2.5109990901240433e-08,
                3.511422021612521e-12,
                3.098819057740388e-12,
                4.2777877571775715e-11
            ],
            [
                0.0002032804270441377,
                0.9990765762093876,
                0.0007095187452481631,
                1.0120736519095063e-05,
                5.038818010093232e-07
            ],
            [
                1.9892442729632396e-09,
                1.790662336789296e-07,
                0.1480048733055271,
                0.8517092290194187,
                0.0002857166195763337
            ],
            [
                1.6586783535656053e-12,
                5.109089011588397e-12,
                1.6586783535656053e-12,
                2.9989608151867643e-09,
                0.9999999969926128
            ],
            [
                8.878265467584525e-13,
                3.098819134926031e-12,
                1.1399918516479606e-12,
                9.736200301083533e-10,
                0.9999999990212534
            ]
        ],
        [
            [
                0.9996646484466958,
                0.000335350056657637,
                5.903322293393891e-10,
                3.1598207237700156e-10,
                5.903322293393891e-10
            ],
            [
                4.8898299004173604e-09,
                1.651718385993666e-05,
                0.9889523128301138,
                0.010986266735452605,
                4.489836074378285e-05
            ],
            [
                3.0379753850177756e-14,
                4.2777878683700574e-11,
                0.9999999999505489,
                6.560200167235274e-12,
                8.258073284399693e-14
            ],
            [
                1.0060392782350248e-12,
                3.0988191354928586e-12,
                6.914400099735404e-13,
                7.582560420010885e-10,
                0.9999999992369477
            ],
            [
                1.2917800033882588e-12,
                4.508755237416242e-12,
                1.8795288145053874e-12,
                7.582560419707393e-10,
                0.9999999992340638
            ]
        ],
        [
            [
                0.9999898697622912,
                1.0129988090178047e-05,
                9.055991303939412e-11,
                4.277747393894467e-11,
                1.1628123007561366e-10
            ],
            [
                1.4830926110174524e-10,
                6.30627025267603e-09,
                6.103052999259316e-06,
                0.9933010801919923,
                0.00669281030042893
            ],
            [
                1.361526097995362e-13,
                7.1941329769884135e-09,
                0.9999999927023284,
                1.0261879555620789e-10,
                7.835041726975751e-13
            ],
            [
                2.734698222022938e-12,
                7.433680483244212e-12,
                3.0988190598898927e-12,
                2.510999091865805e-08,
                0.9999999748767419
            ],
            [
                8.878265462238158e-13,
                2.7346982865953006e-12,
                1.00603927744518e-12,
                1.4166087840549066e-09,
                0.9999999985787626
            ]
        ],
        [
            [
                0.9999998554604449,
                1.4449803156120214e-07,
                5.1090892738077734e-12,
                3.0988192877733678e-12,
                3.331544702411922e-11
            ],
            [
                2.594287940030878e-11,
                4.058149124749185e-10,
                2.998589154059805e-09,
                0.0001233946278036806,
                0.9998766019418494
            ],
            [
                3.1313626171071063e-11,
                5.550473046631356e-10,
                1.2632818426077734e-08,
                0.9399133332216505,
                0.06008665355917013
            ],
            [
                1.006039274423972e-12,
                4.508755220516752e-12,
                1.2917799985464736e-12,
                4.3634622318674185e-09,
                0.9999999956297312
            ],
            [
                7.835041776976888e-13,
                3.0988191355231565e-12,
                1.0060392782448611e-12,
                6.69158608438558e-10,
                0.999999999325953
            ]
        ],
        [
            [
                0.9999999006108228,
                9.931195214158982e-08,
                8.423464519531452e-12,
                6.56020076398529e-12,
                6.224145188216981e-11
            ],
            [
                1.7700949953145616e-08,
                3.3732039807439213e-06,
                0.37732521454510687,
                0.6221041091363871,
                0.0005672854135753681
            ],
            [
                1.317646401067308e-10,
                2.382362852382259e-07,
                0.9999968270780996,
                2.902312106135117e-06,
                3.224174439181555e-08
            ],
            [
                3.511422094545455e-12,
                6.560200132972733e-12,
                2.4133627588908306e-12,
                4.944450475422542e-09,
                0.9999999950430645
            ],
            [
                4.1937956561674226e-13,
                1.4637785133538025e-12,
                4.75219306026449e-13,
                2.78946809139755e-10,
                0.9999999997186948
            ]
        ],
        [
            [
                0.9999999927214042,
                7.1941329648763445e-09,
                2.129785151579942e-12,
                2.413362749877507e-12,
                7.991959820246618e-11
            ],
            [
                1.5504823090240743e-06,
                0.11920095661543494,
                0.880782512902264,
                1.4710566566967625e-05,
                2.694334250892651e-07
            ],
            [
                5.211362935482702e-10,
                7.889257335802609e-06,
                0.9999910140735743,
                1.0676948760673707e-06,
                2.8453077542865154e-08
            ],
            [
                4.752193037742957e-13,
                4.508755218548733e-12,
                1.1399918470404032e-12,
                4.9444504758978925e-09,
                0.9999999950494256
            ],
            [
                1.0060392780539167e-12,
                2.7346982882500184e-12,
                8.878265467610241e-13,
                8.59216660867431e-10,
                0.9999999991361548
            ]
        ],
        [
            [
                0.9999869927448547,
                1.3007124752105208e-05,
                2.594575008939336e-11,
                1.388775925684541e-11,
                9.055956610057907e-11
            ],
            [
                1.668159634130604e-05,
                0.998796595246725,
                0.0011694707477552344,
                1.668159634130604e-05,
                5.708128372342653e-07
            ],
            [
                8.290869705957983e-10,
                4.294776835340481e-07,
                0.8515511863658434,
                0.14797740363423695,
                0.0004709796931490461
            ],
            [
                3.5114221098155626e-12,
                4.508755237722476e-12,
                1.6586783572321578e-12,
                7.582560420222397e-10,
                0.9999999992320652
            ],
            [
                1.8795288142874455e-12,
                4.508755236893427e-12,
                1.2917800032384696e-12,
                6.691586083276395e-10,
                0.9999999993231614
            ]
        ],
        [
            [
                0.9999989319901077,
                1.067703074446977e-06,
                3.7751276360304506e-11,
                2.2897306555809436e-11,
                2.461692447071398e-10
            ],
            [
                1.7984915228747347e-08,
                4.400767855827667e-06,
                0.07549174284510624,
                0.9196778127501049,
                0.004826025652017824
            ],
            [
                1.2063144552923637e-09,
                9.58294267779989e-08,
                0.0004709797052928072,
                0.8515514631537483,
                0.14797746010521767
            ],
            [
                8.878265003256178e-13,
                5.789356018859058e-12,
                1.658678270134533e-12,
                5.3157849699004166e-08,
                0.9999999468338145
            ],
            [
                2.129785170102883e-12,
                2.413362770866749e-12,
                6.914400104171235e-13,
                1.1628233025564283e-10,
                0.999999999878483
            ]
        ],
        [
            [
                0.999999855226174,
                1.4449803140520021e-07,
                1.5737102846819114e-11,
                1.3887944517973086e-11,
                2.461697067564011e-10
            ],
            [
                5.471406554890851e-05,
                0.268907085913173,
                0.7309652217175407,
                7.025425081511765e-05,
                2.724052922167297e-06
            ],
            [
                2.7346981191689617e-12,
                5.3157849192638003e-08,
                0.9999999371961019,
                9.237449079548766e-09,
                4.058651870577401e-10
            ],
            [
                3.0988191337028874e-12,
                5.789356319354041e-12,
                2.4133627679244607e-12,
                1.2501528643619583e-09,
                0.9999999987385455
            ],
            [
                6.101936668828454e-13,
                3.0988191342645632e-12,
                1.13999185140462e-12,
                9.736200299005263e-10,
                0.9999999990215309
            ]
        ],
        [
            [
                0.9999999748673702,
                2.5109990901912107e-08,
                1.2917799710624645e-12,
                1.1399918232834432e-12,
                2.020683856269738e-11
            ],
            [
                7.039293154065192e-11,
                1.602135737191047e-09,
                2.2116801640203104e-08,
                0.8807970555739675,
                0.11920292063670215
            ],
            [
                6.914400086256265e-13,
                2.6465736309920796e-09,
                0.9999999970991316,
                2.4616969444513926e-10,
                7.43368065011486e-12
            ],
            [
                1.463778508614155e-12,
                5.1090890088254135e-12,
                2.4133627627458682e-12,
                3.3982678066991354e-09,
                0.999999996592746
            ],
            [
                1.2917800037462448e-12,
                2.734698289390721e-12,
                7.835041778757978e-13,
                2.789468090623687e-10,
                0.9999999997162432
            ]
        ],
        [
            [
                0.999999694036625,
                3.0590235850639937e-07,
                7.433681595894917e-12,
                5.109089662804342e-12,
                4.847369308495764e-11
            ],
            [
                1.4561677249363491e-05,
                0.6790112696874231,
                0.320742213688117,
                0.00022778295682815089,
                4.17199038227254e-06
            ],
            [
                4.4202280937804934e-14,
                2.0611536178405206e-09,
                0.9999999979185017,
                2.0206839045144598e-11,
                9.357622947965117e-14
            ],
            [
                1.4637784984640153e-12,
                9.545034820712252e-12,
                3.978962493263799e-12,
                1.0467401682747295e-08,
                0.9999999895176105
            ],
            [
                6.914400100923273e-13,
                2.7346982892121325e-12,
                1.0060392784078587e-12,
                4.599055374650206e-10,
                0.9999999995356623
            ]
        ],
        [
            [
                0.9999999632339415,
                3.653482073532233e-08,
                7.433680387112297e-12,
                6.560199916430459e-12,
                2.1724398517197021e-10
            ],
            [
                1.6015979340292793e-09,
                1.1228068357872598e-07,
                0.00192608945540387,
                0.9977390923426113,
                0.00033470431970326935
            ],
            [
                6.9478610891165175e-09,
                4.2984894455951395e-07,
                0.02916366355898704,
                0.965768013613822,
                0.005067886030385263
            ],
            [
                1.1399918476518525e-12,
                5.109089003895804e-12,
                2.4133627604172853e-12,
                4.363462232303219e-09,
                0.9999999956278753
            ],
            [
                1.1399918523113132e-12,
                3.978962533278671e-12,
                7.835041780026269e-13,
                3.581747927980031e-10,
                0.9999999996359228
            ]
        ],
        [
            [
                0.9999989321292158,
                1.067703075359664e-06,
                2.0206802130304818e-11,
                1.5737073322450324e-11,
                1.317649016920189e-10
            ],
            [
                3.543712839446394e-11,
                9.139355869824391e-10,
                2.8151197938491e-09,
                0.26894140896622404,
                0.7310585872692834
            ],
            [
                1.0261802474212694e-10,
                1.1253432858464838e-07,
                0.9999916922053399,
                7.889257984798133e-06,
                3.058997287406352e-07
            ],
            [
                7.835041751657504e-13,
                4.50875522307049e-12,
                1.879528808525188e-12,
                3.8507419063489045e-09,
                0.9999999961420862
            ],
            [
                6.914400096937915e-13,
                2.734698287635893e-12,
                1.2917800029173228e-12,
                1.2501528645782865e-09,
                0.9999999987451291
            ]
        ],
        [
            [
                0.9999998874366903,
                1.1253518365951572e-07,
                3.0988193849047487e-12,
                2.129785340154669e-12,
                2.289735027551496e-11
            ],
            [
                2.1297690329117963e-12,
                4.277755454841158e-11,
                4.8473319762514364e-11,
                7.889265047334705e-06,
                0.999992110641572
            ],
            [
                8.589889400761388e-10,
                5.042139931647541e-07,
                0.9997345799467,
                0.00026118931483657835,
                3.725665481360203e-06
            ],
            [
                6.101936660837649e-13,
                3.978962524903342e-12,
                1.8795288113742757e-12,
                2.3355930323812986e-09,
                0.9999999976579383
            ],
            [
                1.1399918512550559e-12,
                3.9789625295919705e-12,
                1.291780002758454e-12,
                1.103256030611914e-09,
                0.9999999988903332
            ]
        ],
        [
            [
                0.9999999943815401,
                5.602796395866909e-09,
                8.878265412428255e-13,
                8.878265412428255e-13,
                1.3887943761673529e-11
            ],
            [
                6.67152681598776e-10,
                7.711236537298915e-08,
                0.0014989316393045936,
                0.9970020589344615,
                0.0014989316467159907
            ],
            [
                1.406383791933411e-09,
                9.859511565119025e-08,
                0.0040572772440042515,
                0.9927828120459402,
                0.0031598107085560037
            ],
            [
                2.8823507915575376e-13,
                1.8795288153087026e-12,
                4.193795655634194e-13,
                2.461696950203904e-10,
                0.9999999997512432
            ],
            [
                4.752193059245917e-13,
                2.4133627700429515e-12,
                5.384940213759421e-13,
                2.1724399334674743e-10,
                0.999999999779329
            ]
        ],
        [
            [
                0.9999832982881806,
                1.6701415088104037e-05,
                6.224038151628548e-11,
                4.277714692400281e-11,
                1.9171387182954895e-10
            ],
            [
                8.201842741865408e-11,
                2.1152831226007162e-09,
                6.181763425254012e-08,
                0.3775406451997049,
                0.6224592907853593
            ],
            [
                5.889746746767748e-10,
                4.67880536566683e-08,
                0.0007083041425219918,
                0.9973662781933957,
                0.001925370287053893
            ],
            [
                2.7346982842989236e-12,
                8.423463732004777e-12,
                3.978962525226059e-12,
                2.06115361694183e-09,
                0.9999999979237093
            ],
            [
                1.2917800019026254e-12,
                4.508755232230872e-12,
                1.4637785108586218e-12,
                1.8189616834929576e-09,
                0.9999999981737739
            ]
        ],
        [
            [
                0.9999999778136041,
                2.2159489246155732e-08,
                2.1297851202847373e-12,
                1.8795287718220406e-12,
                2.2897347911690428e-11
            ],
            [
                1.475474496220275e-10,
                4.3119685389515974e-09,
                2.6677204706144495e-07,
                0.6791785217229878,
                0.3208212070454491
            ],
            [
                3.442477105326385e-14,
                7.582560420987684e-10,
                0.9999999992185877,
                2.289734843554619e-11,
                2.2447770529710947e-13
            ],
            [
                2.734698265175832e-12,
                8.42346367310151e-12,
                5.109088978711661e-12,
                9.237449572740693e-09,
                0.9999999907462832
            ],
            [
                1.463778501573837e-12,
                1.2256067339002271e-11,
                3.5114220832656564e-12,
                8.152020644565637e-09,
                0.9999999918307482
            ]
        ],
        [
            [
                0.9999999226386516,
                7.73442279660899e-08,
                2.734698606085327e-12,
                2.1297854158835323e-12,
                1.2256068853561352e-11
            ],
            [
                0.00020303128178548758,
                0.9978517402538241,
                0.0019263071680979764,
                1.6665822485970157e-05,
                2.2554738065098794e-06
            ],
            [
                6.19881508134356e-11,
                1.2450652919633862e-09,
                2.83375554296779e-08,
                0.004070138154337315,
                0.9959298322010538
            ],
            [
                1.0060392770860918e-12,
                5.109089016904895e-12,
                7.835041767952382e-13,
                1.8189616835803695e-09,
                0.9999999981741396
            ],
            [
                6.101936671596867e-13,
                2.413362769456823e-12,
                6.101936671596867e-13,
                5.211412482756964e-10,
                0.9999999994752251
            ]
        ],
        [
            [
                0.9999999826188671,
                1.725782766895981e-08,
                3.5114220484700204e-12,
                3.5114220484700204e-12,
                1.1628232815280189e-10
            ],
            [
                0.00020341968273688687,
                0.9997605553900462,
                3.5349040444627265e-05,
                6.474402598470525e-07,
                2.844651259330021e-08
            ],
            [
                7.58192483944897e-10,
                2.9020771291691487e-06,
                0.9999161079117205,
                7.484555562718416e-05,
                6.143697330662352e-06
            ],
            [
                8.878265106755611e-13,
                5.109088814162415e-12,
                1.4637784528422721e-12,
                4.139937545459464e-08,
                0.9999999585931638
            ],
            [
                3.2661313408363785e-13,
                1.4637785132515005e-12,
                5.384940214537266e-13,
                3.160881452425496e-10,
                0.9999999996815829
            ]
        ],
        [
            [
                0.9999982394045033,
                1.7603431313921862e-06,
                3.77512772300086e-11,
                2.2897307083311634e-11,
                1.9171680496273859e-10
            ],
            [
                0.0002611885874735822,
                0.9997326307158337,
                6.14256682069371e-06,
                3.6525072275505276e-08,
                1.6047996761590337e-09
            ],
            [
                5.384939929719042e-13,
                5.3157849700884566e-08,
                0.9999999465909333,
                2.46169682014171e-10,
                4.508755001126077e-12
            ],
            [
                1.6586783386232321e-12,
                9.54503480607399e-12,
                2.7346982581376727e-12,
                1.186112000624398e-08,
                0.9999999881249416
            ],
            [
                6.914400101260473e-13,
                1.8795288149951724e-12,
                7.835041778628412e-13,
                4.599055374874492e-10,
                0.9999999995367399
            ]
        ],
        [
            [
                0.9999999530379766,
                4.6911637948823196e-08,
                4.508755024167414e-12,
                3.0988189888051946e-12,
                4.277787662015473e-11
            ],
            [
                0.0002034196745029676,
                0.9997606348185243,
                3.534903901378665e-05,
                5.713640007962048e-07,
                2.5103958236775726e-08
            ],
            [
                7.835041527852641e-13,
                3.224186631411898e-08,
                0.9999999672878999,
                4.5990552276727677e-10,
                9.545034609492571e-12
            ],
            [
                2.882350748625639e-13,
                2.1297851378389603e-12,
                8.878265340408194e-13,
                1.5229979507895988e-08,
                0.9999999847667147
            ],
            [
                8.878265472339671e-13,
                2.7346982897067857e-12,
                8.878265472339671e-13,
                4.0586521236779735e-10,
                0.9999999995896245
            ]
        ],
        [
            [
                0.999796572465435,
                0.00020342706066678442,
                1.9167804597695485e-10,
                9.054229781426789e-11,
                1.9167804597695485e-10
            ],
            [
                2.3669645462156803e-06,
                0.9241307180723727,
                0.07585727074309884,
                9.361526380715905e-06,
                2.826936015366278e-07
            ],
            [
                9.357622942399506e-14,
                2.646573631431024e-09,
                0.9999999973237341,
                2.9400777309770615e-11,
                1.98100879245149e-13
            ],
            [
                2.4133627703592657e-12,
                3.0988191368292387e-12,
                8.878265473037306e-13,
                3.581747928095648e-10,
                0.9999999996354252
            ],
            [
                2.413362770530036e-12,
                3.098819137048512e-12,
                1.1399918524287777e-12,
                3.1608814526068664e-10,
                0.9999999996772597
            ]
        ],
        [
            [
                0.9999989321967706,
                1.067703075692354e-06,
                1.5737073327353902e-11,
                1.3887918467136473e-11,
                7.052866953031068e-11
            ],
            [
                7.12900492840212e-05,
                0.952415191978858,
                0.04741795782725464,
                9.153823523760495e-05,
                4.021909365638502e-06
            ],
            [
                1.9123798319402556e-10,
                6.3329322451389626e-09,
                2.7467599941467968e-05,
                0.9974999701390257,
                0.002472555736862595
            ],
            [
                6.914400077474229e-13,
                3.0988191255160923e-12,
                1.1399918481862376e-12,
                3.850741906357536e-09,
                0.9999999961443278
            ],
            [
                2.129785166385544e-12,
                6.560200154076445e-12,
                2.129785166385544e-12,
                1.8189616836497915e-09,
                0.9999999981702186
            ]
        ],
        [
            [
                0.9999999847308716,
                1.5229979476593078e-08,
                3.098819084167978e-12,
                2.734698243448273e-12,
                3.3315444835154984e-11
            ],
            [
                3.511415694301949e-12,
                3.775127643123571e-11,
                1.3887918477031634e-11,
                1.067703076453094e-06,
                0.9999989322417729
            ],
            [
                3.160369235812741e-10,
                6.474902752583639e-07,
                0.9998380146970227,
                0.00015843564657526098,
                2.9018500897755944e-06
            ],
            [
                2.1297851674111514e-12,
                4.508755234790836e-12,
                1.6586783561536678e-12,
                1.2501528643060942e-09,
                0.99999999874155
            ],
            [
                0.0,
                1.6586783579193902e-12,
                5.38494021452426e-13,
                1.9171715126084321e-10,
                0.9999999998060858
            ]
        ],
        [
            [
                0.9999417084819937,
                5.8291276652135386e-05,
                4.277535238465438e-11,
                2.9399041090478804e-11,
                1.6917980053127176e-10
            ],
            [
                4.363362634388006e-09,
                1.3006988290901782e-05,
                0.9999766205643795,
                1.0129852666354902e-05,
                2.3823130056615083e-07
            ],
            [
                7.991914388557409e-11,
                1.9555569742263377e-08,
                0.9999951860300548,
                1.0676989490082915e-06,
                3.7266355073605e-06
            ],
            [
                3.266131338274811e-13,
                1.4637785121034856e-12,
                3.7010116734791854e-13,
                9.736200299557586e-10,
                0.9999999990242194
            ],
            [
                7.835041779374873e-13,
                2.734698289606038e-12,
                6.914400101919222e-13,
                4.058652123528451e-10,
                0.9999999995899251
            ]
        ],
        [
            [
                0.9999999942991524,
                5.6027963940483555e-09,
                3.511422086120849e-12,
                3.9789625049525275e-12,
                9.056076919379586e-11
            ],
            [
                3.403561979564964e-05,
                0.9626138398221681,
                0.03732458980402618,
                2.650696734917255e-05,
                1.0277866609854858e-06
            ],
            [
                3.127315607671398e-11,
                9.139355879207413e-10,
                1.5068250438547531e-09,
                0.2689414095281332,
                0.7310585880198329
            ],
            [
                3.266131328699342e-13,
                1.8795288084319386e-12,
                5.384940194526677e-13,
                3.850741906157857e-09,
                0.9999999961465134
            ],
            [
                5.384940215070781e-13,
                1.1399918524763103e-12,
                4.1937956562898235e-13,
                2.789468091478964e-10,
                0.9999999997189553
            ]
        ],
        [
            [
                0.9999999776058904,
                2.2159489231449824e-08,
                6.5602000077223565e-12,
                1.0815941292778995e-11,
                2.1724398819514265e-10
            ],
            [
                5.393411257557752e-09,
                2.7938562001255256e-06,
                0.9626283416667262,
                0.037325155819586536,
                4.3703264075920356e-05
            ],
            [
                1.5737102205023865e-11,
                3.927863569981285e-07,
                0.9999995744348971,
                3.22418675736776e-08,
                5.211412520394986e-10
