{
    "[['A', 'B', 'C', 'D', 'E'], ['A', 'B', 'C', 'D', 'E']]": [
        [
            [
                0.9999999973176332,
                2.6465736202618116e-09,
                3.97896250780215e-12,
                2.4133627548290724e-12,
                2.9400777185691875e-11
            ],
            [
                1.2881696921254887e-06,
                0.9396121492317387,
                0.06006739002552871,
                0.0003152047310503917,
                3.967841989950483e-06
            ],
            [
                1.6918689729654386e-10,
                1.670141501154668e-05,
                0.9999832927703238,
                5.602700569463909e-09,
                4.277714672791731e-11
            ],
            [
                1.1831702127172035e-08,
                6.45989663950268e-07,
                6.128979284578159e-06,
                0.9975206064772609,
                0.0024726067220884277
            ],
            [
                4.139630104388657e-08,
                4.139630104388657e-08,
                4.139630104388657e-08,
                7.484619724846323e-05,
                0.9999250296138484
            ]
        ],
        [
            [
                0.9999999981631713,
                1.818961674020653e-09,
                2.1297851551109818e-12,
                0.0,
                1.5737101989784762e-11
            ],
            [
                0.014060375367570318,
                0.9857085934563198,
                0.00015619665557810902,
                7.378207574510694e-05,
                1.052444786719706e-06
            ],
            [
                2.0611223933232057e-09,
                6.144119260647372e-06,
                0.9999851330982028,
                7.88920529383192e-06,
                8.315161203792394e-07
            ],
            [
                3.762049226921923e-09,
                2.98856301962671e-07,
                5.695193027037175e-05,
                0.9769666914248544,
                0.022976054026524056
            ],
            [
                4.6720638896863084e-08,
                8.72856447477151e-08,
                3.046571259762414e-07,
                0.00407013600255659,
                0.9959294253340338
            ]
        ],
        [
            [
                0.9999999996147391,
                3.5817479167315343e-10,
                1.1399918487311634e-12,
                0.0,
                2.594609488459687e-11
            ],
            [
                0.0066895647733429,
                0.9928194147623893,
                0.00033305396536607835,
                0.00015732355349669974,
                6.429454050279862e-07
            ],
            [
                5.16908571590619e-07,
                0.09533099403919203,
                0.9044752944297745,
                0.00018403219879836727,
                9.162423663462639e-06
            ],
            [
                6.0539818176408825e-06,
                0.11767904159533206,
                0.8695370781469817,
                0.012403279683569503,
                0.0003745465922990016
            ],
            [
                2.135750321441059e-05,
                4.7655031126020395e-06,
                2.8904237467491234e-06,
                0.004070019733765912,
                0.9959009668361604
            ]
        ],
        [
            [
                0.9999999997761957,
                2.17243992622731e-10,
                0.0,
                0.0,
                6.5602001414239396e-12
            ],
            [
                0.0011421381101626752,
                0.9754529381171769,
                0.005118707885132634,
                0.01786604675782062,
                0.00042016912970725223
            ],
            [
                4.030881265517308e-07,
                0.6224384335939861,
                0.37752799403989606,
                2.825865932396299e-05,
                4.9106186673477385e-06
            ],
            [
                8.674107659286254e-07,
                0.0054739588053741685,
                0.4927500698211146,
                0.4927500716453887,
                0.009025032317356654
            ],
            [
                3.76946499443015e-11,
                5.203585915739399e-10,
                1.2482753693302401e-09,
                0.0015011820285737768,
                0.9984988161650976
            ]
        ],
        [
            [
                0.9999999998642559,
                1.3176514241148012e-10,
                0.0,
                0.0,
                3.978962527095866e-12
            ],
            [
                0.0007091858802786601,
                0.9986083088979553,
                0.0005523145189042039,
                0.00012323808581988263,
                6.952617041792983e-06
            ],
            [
                4.065466826417056e-08,
                0.01798618690996547,
                0.982012350183449,
                1.3462989977288773e-06,
                7.595291963528472e-08
            ],
            [
                1.35563780030177e-07,
                4.2592873558505915e-05,
                0.001811095932797168,
                0.9381709150948732,
                0.05997526053499103
            ],
            [
                1.8550961252677172e-07,
                1.1251737497377735e-07,
                8.76286197387167e-08,
                0.00015843611111720067,
                0.9998411782332756
            ]
        ],
        [
            [
                0.9999999987377393,
                1.2501528615001022e-09,
                1.2917799997366421e-12,
                0.0,
                1.0815941515007969e-11
            ],
            [
                1.0038682937312065e-05,
                0.9909765861834969,
                0.008573629345633412,
                0.000426855863890766,
                1.2889924041578244e-05
            ],
            [
                4.1833986560230534e-07,
                0.060086406043187365,
                0.939909579555896,
                3.5027168098850404e-06,
                9.3344241208315e-08
            ],
            [
                2.5970828194628377e-07,
                0.0027021518866451903,
                0.14753249446397404,
                0.8489909144637302,
                0.0007741794773686596
            ],
            [
                5.043434291593603e-07,
                3.2241565991846467e-08,
                4.139899020734598e-08,
                7.889258605549007e-06,
                0.999991532757409
            ]
        ],
        [
            [
                0.999999999002019,
                9.736200265801427e-10,
                1.4637785070284525e-12,
                0.0,
                2.289734834543263e-11
            ],
            [
                0.9968273010875224,
                0.0031726830223358445,
                1.3397768494108998e-08,
                1.2461865930422685e-09,
                1.2461865930422685e-09
            ],
            [
                8.027380981126213e-07,
                0.14804530029144433,
                0.851941905891396,
                1.1081457627378086e-05,
                9.09621434094123e-07
            ],
            [
                4.129370369145565e-08,
                0.0005516728641609055,
                0.0019255274962468197,
                0.9974480975069624,
                7.466083892622328e-05
            ],
            [
                1.7673955576244353e-07,
                2.2693808173307787e-07,
                1.3059384924287771e-06,
                0.04742579036097992,
                0.9525725000228901
            ]
        ],
        [
            [
                0.9999999994036803,
                5.905303979793769e-10,
                0.0,
                0.0,
                5.789356309956387e-12
            ],
            [
                5.229036640949925e-06,
                0.9643669406881776,
                0.006497852797339836,
                0.029121356253906525,
                8.62122393520449e-06
            ],
            [
                7.309062532254064e-07,
                0.7757071070966302,
                0.22224380744497765,
                0.0014974671674170637,
                0.000550887384721972
            ],
            [
                3.768964357342335e-06,
                0.057056683261199774,
                0.5413387720116936,
                0.32833854426346687,
                0.07326223149928252
            ],
            [
                1.0260901458041256e-10,
                7.581837649906614e-10,
                2.646321364597059e-09,
                9.610239894250717e-05,
                0.9999038940939434
            ]
        ],
        [
            [
                0.9999999994693136,
                5.211412467413138e-10,
                0.0,
                0.0,
                9.545034885338623e-12
            ],
            [
                0.0003348684399098568,
                0.9982284072658397,
                0.000708916154814582,
                0.000708916154814582,
                1.8891984621366762e-05
            ],
            [
                5.492778265214403e-11,
                2.260325256612627e-06,
                0.9999977322084522,
                7.194119820612456e-09,
                2.1724359460913553e-10
            ],
            [
                9.734019764654187e-08,
                0.01795199910079085,
                0.9801458478087797,
                0.0018921267801394034,
                9.928970092365349e-06
            ],
            [
                2.969349746172567e-07,
                1.33077023034327e-06,
                8.071529457360368e-07,
                0.02931215809874173,
                0.9706854070431076
            ]
        ],
        [
            [
                0.9999999988612989,
                1.103256024082923e-09,
                2.129785155009016e-12,
                0.0,
                3.331544517221468e-11
            ],
            [
                0.9626657066366571,
                0.0373265984456642,
                2.7939655116693117e-06,
                4.606470368691761e-06,
                2.94481798382538e-07
            ],
            [
                6.431393923254043e-14,
                2.646573631420502e-09,
                0.9999999973197584,
                3.331544532739637e-11,
                2.882350785288629e-13
            ],
            [
                1.1144687016951609e-07,
                0.00404724911167748,
                0.9903292917347726,
                0.00519677078870029,
                0.00042657691797950064
            ],
            [
                2.6578913236985202e-08,
                1.1911831135553197e-07,
                8.801718850159136e-07,
                0.49999948727196464,
                0.49999948685892565
            ]
        ],
        [
            [
                0.9999999969796953,
                2.9989608042513076e-09,
                3.511422089249367e-12,
                0.0,
                1.783247278561864e-11
            ],
            [
                0.9998766049435674,
                0.00012339462724403027,
                3.5813040342822767e-10,
                3.774666681336283e-11,
                3.3311316545685444e-11
            ],
            [
                2.496115025350894e-08,
                0.005216415859116233,
                0.9940728373114183,
                0.0007059651150549658,
                4.756753260246385e-06
            ],
            [
                2.042993105804884e-05,
                0.017448361637931783,
                0.0011154364410741436,
                0.9526482867840966,
                0.028767485205839386
            ],
            [
                6.415339765719259e-08,
                1.0035279836714034e-06,
                2.0156398369484046e-05,
                0.9398933991522406,
                0.06008537676800866
            ]
        ],
        [
            [
                0.999999999777647,
                2.1724399318800866e-10,
                0.0,
                0.0,
                5.109089020540161e-12
            ],
            [
                9.095564641939548e-05,
                0.9463538671445018,
                0.006376483097491264,
                0.04711618127095801,
                6.2512840629553e-05
            ],
            [
                2.6943419470706426e-07,
                0.1192012965236746,
                0.8807849865442642,
                1.1456633486759963e-05,
                1.9908643796607017e-06
            ],
            [
                7.044625178986845e-11,
                4.5936726562696357e-10,
                5.205313064347316e-10,
                0.0011695103461812908,
                0.9988304886034739
            ],
            [
                1.6695809600656276e-05,
                5.041697640570438e-07,
                6.823195781799622e-08,
                0.0003353443032942189,
                0.9996473874853833
            ]
        ],
        [
            [
                0.9999999994631215,
                5.211412469461822e-10,
                0.0,
                0.0,
                1.5737102051219036e-11
            ],
            [
                2.7835199737554143e-05,
                0.892071388778237,
                0.03458935993348135,
                0.07322567763731944,
                8.573845122461304e-05
            ],
            [
                8.258073271197256e-14,
                1.4166087841800779e-09,
                0.9999999985402042,
                4.2777878615310257e-11,
                3.2661313371084854e-13
            ],
            [
                1.9517971184320693e-08,
                1.6342197190253906e-07,
                1.550504499268096e-06,
                0.8807955481143617,
                0.11920271844119591
            ],
            [
                9.139356542909995e-10,
                9.825734270507857e-09,
                8.226986579254121e-08,
                0.26894139671262146,
                0.7310585102778427
            ]
        ],
        [
            [
                0.9999999983842187,
                1.6052280471369193e-09,
                2.1297851602769376e-12,
                0.0,
                8.423463712232986e-12
            ],
            [
                0.8519112060275383,
                0.14803997326583068,
                1.82695882847778e-05,
                3.0121458812047025e-05,
                4.296595341753256e-07
            ],
            [
                5.583397255388149e-07,
                0.022976163107992855,
                0.9769712164919069,
                4.435441821245709e-05,
                7.707642162228912e-06
            ],
            [
                0.9237692236775962,
                0.05905458379567743,
                1.542851526655646e-05,
                0.00024134258483432013,
                0.016919421426625506
            ],
            [
                3.2227974471789954e-08,
                1.1856009238769596e-08,
                2.214994133161038e-08,
                0.0004305571429343474,
                0.9995693766231406
            ]
        ],
        [
            [
                0.9999999992239115,
                7.582560379543626e-10,
                0.0,
                0.0,
                1.7832472794395096e-11
            ],
            [
                0.00033527968269132655,
                0.999454983941539,
                0.0002033574071310127,
                6.1408615949037166e-06,
                2.381070437466366e-07
            ],
            [
                4.918264623122747e-09,
                0.00521973246213112,
                0.9947047450845976,
                7.445548455894602e-05,
                1.0620504475566884e-06
            ],
            [
                2.0949255080515892e-06,
                2.5521417349962144e-05,
                2.5521417349962144e-05,
                0.5621466284586094,
                0.43780023378118255
            ],
            [
                7.117737401974217e-10,
                1.1134014602740056e-08,
                7.260289530758205e-08,
                0.26894140470583733,
                0.7310585108454791
            ]
        ],
        [
            [
                0.9999999998609657,
                9.056076953541146e-11,
                0.0,
                0.0,
                4.847368686930339e-11
            ],
            [
                0.09534867370752402,
                0.9046430154869051,
                7.137022619720456e-06,
                1.094497867218735e-06,
                7.928508396364728e-08
            ],
            [
                6.463408891787783e-07,
                0.7772921849687016,
                0.222697926342757,
                7.874043978976181e-06,
                1.3683036731289245e-06
            ],
            [
                2.054077662537073e-09,
                2.3741932340822856e-07,
                0.00026036190250111336,
                0.9965675428259703,
                0.003171855798127499
            ],
            [
                7.028808229955438e-09,
                1.2458872576139144e-07,
                2.2083880048731372e-06,
                0.9770203418332104,
                0.02297731816125078
            ]
        ],
        [
            [
                0.9999999985721875,
                1.4166087776161925e-09,
                1.6586783483446967e-12,
                0.0,
                9.545034862017156e-12
            ],
            [
                6.124740655662488e-05,
                0.9271970384242098,
                0.013225757151193845,
                0.059273718826028346,
                0.00024223819201136016
            ],
            [
                1.1674999485906203e-07,
                0.007921054132844406,
                0.9155494865336399,
                0.07515286977057202,
                0.0013764728129488186
            ],
            [
                9.310912343705194e-07,
                5.35806010891407e-06,
                3.0833507040956463e-05,
                0.6791534735731661,
                0.32080940376844946
            ],
            [
                5.601909606234151e-09,
                7.192994316391868e-09,
                9.235987524337626e-09,
                0.00015843624415993064,
                0.9998415417249487
            ]
        ],
        [
            [
                0.9999999995187476,
                4.5990553536992094e-10,
                1.1399918468590984e-12,
                0.0,
                2.020683898058587e-11
            ],
            [
                0.00012325689733626687,
                0.00020321626839880515,
                0.0007092944712474449,
                0.9987610160946186,
                0.00020321626839880515
            ],
            [
                7.445673142230141e-08,
                0.03732665258600119,
                0.9626671557320896,
                5.914830797773439e-06,
                2.0239438003169752e-07
            ],
            [
                4.905444165423587e-07,
                0.9726313967085698,
                0.008414911162487767,
                0.017814367198939713,
                0.0011388343855862155
            ],
            [
                3.0590176614646905e-07,
                2.5109946053181123e-08,
                1.0467382825747472e-08,
                1.0677020751444672e-06,
                0.9999985908188298
            ]
        ],
        [
            [
                0.9999999998955513,
                9.056076977405492e-11,
                0.0,
                0.0,
                1.3887943846151391e-11
            ],
            [
                3.0057400203828726e-06,
                0.058426441568587784,
                0.9139433381129276,
                0.02759869691115809,
                2.8517667306163585e-05
            ],
            [
                1.678433200586329e-07,
                0.09534671668368495,
                0.9046245514881628,
                1.940005006164485e-05,
                9.163934770622286e-06
            ],
            [
                7.558445850245904e-10,
                2.8362858804731253e-08,
                7.86423465639492e-06,
                0.9968194494572193,
                0.003172657189420924
            ],
            [
                0.00015842688827990756,
                2.3818519306149226e-07,
                6.022264794034321e-08,
                5.828199512694292e-05,
                0.9997829927087521
            ]
        ],
        [
            [
                0.9999999997071651,
                2.7894680813105495e-10,
                0.0,
                0.0,
                1.388794380741826e-11
            ],
            [
                0.9999938557357194,
                6.144172120499834e-06,
                7.05284039436077e-11,
                1.081588104839768e-11,
                1.081588104839768e-11
            ],
            [
                7.588471077390882e-08,
                0.017970034562523333,
                0.9811305193911805,
                0.0008946753362968837,
                4.69482528851169e-06
            ],
            [
                0.0027579329792569206,
                0.31877367396658435,
                8.328231991556418e-05,
                0.0035412560428872315,
                0.6748438546913559
            ],
            [
                2.5518132627941417e-05,
                0.00011436433609408223,
                4.207228805223398e-05,
                0.43774383561248353,
                0.5620742096307422
            ]
        ],
        [
            [
                0.9999999997359978,
                2.4616969404207897e-10,
                0.0,
                0.0,
                1.783247282560422e-11
            ],
            [
                1.4154909784566456e-05,
                0.9603584815403228,
                0.03723714409387043,
                0.0023804909382850355,
                9.728517737185954e-06
            ],
            [
                3.25015194153859e-07,
                0.730231505723472,
                0.26863715840859725,
                0.001097858401638968,
                3.315245109770566e-05
            ],
            [
                2.059078998865078e-09,
                3.9239062706220804e-07,
                9.601482073822077e-05,
                0.9989926274718887,
                0.0009109632576671984
            ],
            [
                1.4228492897397493e-05,
                1.1081161410419091e-05,
                1.4228492897397493e-05,
                0.14804134298826316,
                0.8519191188645316
            ]
        ],
        [
            [
                0.9999999996310092,
                3.581747921579016e-10,
                0.0,
                0.0,
                1.0815941531001393e-11
            ],
            [
                2.0856710663127722e-05,
                0.022872171902068767,
                0.003095411794010192,
                0.9725493905948075,
                0.0014621689984504742
            ],
            [
                5.957339160733869e-08,
                0.010986848281507833,
                0.9890047907607632,
                7.802581960786142e-06,
                4.988023766430968e-07
            ],
            [
                4.334140976035624e-09,
                3.0384645052295946e-07,
                2.735138583192275e-05,
                0.9932796737807741,
                0.006692666652802489
            ],
            [
                4.1376485774068456e-08,
                1.0461613938936312e-08,
                1.185456165148803e-08,
                0.0005527785495249735,
                0.9994471577578137
            ]
        ],
        [
            [
                0.9999999995335342,
                4.599055364335276e-10,
                0.0,
                0.0,
                6.5602001477316175e-12
            ],
            [
                0.014063540668489425,
                0.985930376617847,
                4.717792246856249e-06,
                1.3516701093141294e-06,
                1.3251307473947306e-08
            ],
            [
                1.6784477104922283e-07,
                0.09534756336080807,
                0.9046324123272564,
                1.940021777335404e-05,
                4.562493911449712e-07
            ],
            [
                1.8943888566081062e-07,
                0.0003022671383392329,
                0.09496951197321779,
                0.9010456638622205,
                0.003682367587336826
            ],
            [
                4.136165414576201e-08,
                4.136165414576201e-08,
                5.3109415199406305e-08,
                0.0009110510668124748,
                0.999088813100464
            ]
        ],
        [
            [
                0.9999999996754885,
                3.160881449336365e-10,
                0.0,
                0.0,
                8.423463741204519e-12
            ],
            [
                0.006691913115689865,
                0.9931681067160858,
                0.0001225667185943316,
                1.658760157634607e-05,
                8.258480537404293e-07
            ],
            [
                2.1217292663763613e-06,
                0.7310458653153803,
                0.26893673656638023,
                9.508930863335338e-06,
                5.767458109700604e-06
            ],
            [
                1.2492519351077138e-09,
                6.820684458220675e-08,
                1.0122802930716326e-05,
                0.9992801444659479,
                0.000709663275024852
            ],
            [
                1.7531741272482157e-06,
                2.251120139266058e-06,
                6.449567182083048e-07,
                0.00407011878864245,
                0.9959252319603729
            ]
        ],
        [
            [
                0.9999999997442852,
                2.4616969373935056e-10,
                0.0,
                0.0,
                9.545034866920934e-12
            ],
            [
                1.3195934608520042e-06,
                0.962533109553747,
                0.00832754276091078,
                0.029065980730122974,
                7.204736175835377e-05
            ],
            [
                9.861166935403224e-08,
                0.006690439253955135,
                0.9929490226559333,
                0.0003330971955997794,
                2.7342282842432442e-05
            ],
            [
                3.11405939424237e-06,
                0.013506504587555458,
                0.01734269518103079,
                0.9468792192507888,
                0.0222684669212308
            ],
            [
                1.8429728274600557e-07,
                1.8429728274600557e-07,
                3.0385485019557507e-07,
                0.006692845302224864,
                0.9933064822483594
            ]
        ],
        [
            [
                0.9999999997510955,
                2.461696946724925e-10,
                0.0,
                0.0,
                2.7346982859368846e-12
            ],
            [
                0.014060568717828828,
                0.9857218516763904,
                9.473931952311611e-05,
                0.00012164769422738223,
                1.1925920301083896e-06
            ],
            [
                8.878265395064121e-13,
                9.23744957520116e-09,
                0.999999990738541,
                2.2897348241375604e-11,
                2.2447770339352803e-13
            ],
            [
                1.4268470428022954e-07,
                0.00013808674184814064,
                0.32057840942868493,
                0.6786644993030633,
                0.0006188618416994057
            ],
            [
                1.1838269754279903e-08,
                1.9518007152167254e-08,
                3.217975355345539e-08,
                0.0019267342133004058,
                0.9980732022506691
            ]
        ],
        [
            [
                0.9999999996781226,
                3.1608814332284716e-10,
                0.0,
                0.0,
                5.789356290111722e-12
            ],
            [
                0.4377841639729708,
                0.5621259885723442,
                6.937189076040315e-05,
                1.9875379470116603e-05,
                6.001844545231886e-07
            ],
            [
                2.6446964925508725e-09,
                0.0007096703465906628,
                0.9992902129492669,
                1.1245535642503408e-07,
                1.6040895083665686e-09
            ],
            [
                0.0021653114901719036,
                0.0058859268766878635,
                0.00017773959069107299,
                0.1182220031978489,
                0.8735490188446001
            ],
            [
                1.3175258295533655e-10,
                5.904741110197411e-10,
                5.904741110197411e-10,
                9.610239981828031e-05,
                0.999903896287481
            ]
        ],
        [
            [
                0.9999999995316711,
                4.5990553564306415e-10,
                0.0,
                0.0,
                8.42346371376823e-12
            ],
            [
                1.821663395687342e-05,
                0.9625441331367749,
                0.029066312889190333,
                0.00832763790693957,
                4.369943313838574e-05
            ],
            [
                2.0206802103507552e-11,
                2.260325269661093e-06,
                0.9999977380233523,
                1.6052251169669368e-09,
                2.5946047490883017e-11
            ],
            [
                3.3371442367153148e-09,
                4.0654739509780726e-08,
                6.359471244990606e-07,
                0.982013118835719,
                0.017986201225272898
            ],
            [
                0.0006927190399265989,
                0.0008894688538892834,
                5.6861841439123364e-05,
                0.022939709906184616,
                0.9754212403585604
            ]
        ],
        [
            [
                0.9999999995343052,
                4.5990553670312004e-10,
                0.0,
                0.0,
                5.789356314101825e-12
            ],
            [
                0.0004130205753639735,
                0.028954985288590637,
                0.01065194103143153,
                0.9588573467798223,
                0.0011227063247915888
            ],
            [
                9.557570528064659e-08,
                0.037315501284037204,
                0.9623794032203071,
                0.00015249995997521025,
                0.00015249995997521025
            ],
            [
                1.9514396484712072e-08,
                2.7478290094559723e-05,
                0.00015812664171021513,
                0.9978879986877321,
                0.0019263768660666984
            ],
            [
                9.61017495000521e-05,
                5.042956986950439e-07,
                1.1252358001198945e-07,
                6.14357930376111e-06,
                0.9998971378519176
            ]
        ],
        [
            [
                0.9999999996764783,
                3.1608814355781236e-10,
                0.0,
                0.0,
                7.433680628290353e-12
            ],
            [
                0.2226654296458356,
                0.7771787289180219,
                9.591149407587958e-05,
                5.8173261775867584e-05,
                1.7566802907727781e-06
            ],
            [
                5.033165436535796e-07,
                0.7772082796769514,
                0.22267390028690276,
                9.591515557755783e-05,
                2.140156402468204e-05
            ],
            [
                3.83718753503474e-08,
                2.8353220998214875e-07,
                6.002376932424373e-07,
                0.43782309566186695,
                0.5621759821963545
            ],
            [
                1.6906978932199258e-10,
                8.586072367048327e-10,
                2.996833721858485e-09,
                0.0007096703400676528,
                0.9992903256354216
            ]
        ],
        [
            [
                0.9999999992354949,
                7.582560409943263e-10,
                1.139991850342879e-12,
                0.0,
                5.109089015956148e-12
            ],
            [
                7.431056522604369e-05,
                0.9927686446289647,
                0.0052095728168872375,
                0.0019164947366184135,
                3.097725230358011e-05
            ],
            [
                5.99910361651061e-07,
                0.1824123114377749,
                0.8175152624657789,
                6.119252048945349e-05,
                1.0633665595124494e-05
            ],
            [
                3.6220788278408906e-08,
                1.0585276049183585e-06,
                1.6558157662989255e-05,
                0.9914050131460256,
                0.008577333947918141
            ],
            [
                1.818826523734456e-09,
                2.998737977394569e-09,
                4.363138011798648e-09,
                7.484619694043374e-05,
                0.999925144622357
            ]
        ],
        [
            [
                0.9999999994722983,
                5.211412467428692e-10,
                0.0,
                0.0,
                6.560200142398633e-12
            ],
            [
                0.0004956471293465544,
                0.7908504595463843,
                0.030664602053905046,
                0.1764625906314329,
                0.0015267006389311116
            ],
            [
                2.2011087629124486e-08,
                0.006692819786854262,
                0.9933023640130135,
                4.753066919170873e-06,
                4.1122125481798216e-08
            ],
            [
                2.7673080055302427e-07,
                2.0447794095882856e-06,
                1.1766893062258165e-05,
                0.9046377894113742,
                0.0953481221853533
            ],
            [
                0.0006968638700292419,
                5.72020425363292e-05,
                1.638865957685895e-05,
                0.017972356250083452,
                0.9812571891777742
            ]
        ],
        [
            [
                0.9999999990178063,
                9.736200270360513e-10,
                1.139991848050665e-12,
                0.0,
                7.433680639789236e-12
            ],
            [
                0.00010758904459304058,
                0.8718029691434687,
                0.0715619554328009,
                0.05573250489300916,
                0.0007949814861283282
            ],
            [
                8.138085367462123e-09,
                0.00020312035941144935,
                0.9982898693455123,
                0.001500868453616803,
                6.1337033740266764e-06
            ],
            [
                1.184326150793343e-08,
                1.7576958544703457e-06,
                0.0003349575400716169,
                0.9984941562266806,
                0.0011691166941318642
            ],
            [
                2.0206724616900466e-11,
                9.056025686289393e-11,
                7.052839895996937e-11,
                4.785094847485122e-06,
                0.9999952147238571
            ]
        ],
        [
            [
                0.9999999995326609,
                4.5990553657614766e-10,
                0.0,
                0.0,
                7.433680651516085e-12
            ],
            [
                4.409807083771896e-05,
                0.9713250444579621,
                0.010790447307690923,
                0.017790440502756293,
                4.9969660752992565e-05
            ],
            [
                5.033708045138255e-07,
                0.2226979333817536,
                0.7772921387120124,
                7.874044196257419e-06,
                1.5504912333169098e-06
            ],
            [
                1.864624158169719e-09,
                1.0730171170348398e-08,
                4.808929085700702e-08,
                0.09534946438712663,
                0.9046504749287873
            ],
            [
                1.2824117186894074e-05,
                6.057684027519953e-06,
                6.384751991413942e-07,
                0.014063352235893953,
                0.9859171274876926
            ]
        ],
        [
            [
                0.9999999995326609,
                4.5990553537631975e-10,
                0.0,
                0.0,
                7.433680632122674e-12
            ],
            [
                1.551409662447406e-06,
                0.9986547317655388,
                0.0009106553035130052,
                0.0004301631064557607,
                2.898414830188655e-06
            ],
            [
                9.095096171720102e-07,
                0.851836797967659,
                0.14802704868231906,
                0.00010512501837142315,
                3.0118822033428342e-05
            ],
            [
                1.7857341107856421e-07,
                0.0001525121864858323,
                0.029063678273071762,
                0.9624567476745294,
                0.008326883292502012
            ],
            [
                4.62518710180981e-08,
                2.4756842552823273e-08,
                4.62518710180981e-08,
                0.01406362728804753,
                0.9859362554513679
            ]
        ],
        [
            [
                0.9999999983719003,
                1.6052280477581243e-09,
                1.6586783512394262e-12,
                1.0060392746283124e-12,
                2.0206838996723904e-11
            ],
            [
                2.2926546608421107e-07,
                9.249229037190285e-05,
                0.03731404421575403,
                0.9623418141162174,
                0.00025142011219050106
            ],
            [
                1.9480584660376503e-07,
                0.5619948740878554,
                0.43768204827796503,
                0.00031083061737441836,
                1.205221095853816e-05
            ],
            [
                3.781379192704978e-09,
                2.3394564659758167e-07,
                2.704044018023177e-05,
                0.9819869992705913,
                0.01798572256220264
            ],
            [
                4.814353121294349e-08,
                3.1393555824570763e-07,
                8.533653232864533e-07,
                0.62245858189636,
                0.3775402026592272
            ]
        ],
        [
            [
                0.9999999995890259,
                4.0586521126359534e-10,
                0.0,
                0.0,
                5.109089010641664e-12
            ],
            [
                0.8807923473885501,
                0.11920226729257886,
                3.2824087424605533e-06,
                1.756946792472658e-06,
                3.4596333615042653e-07
            ],
            [
                2.500469185854848e-07,
                0.43752669482068307,
                0.5617953967833166,
                0.0006577946619886752,
                1.9863687092968265e-05
            ],
            [
                1.1133994757029356e-08,
