{
    "[['A', 'B', 'C', 'D', 'E'], ['A', 'B', 'C', 'D', 'E']]": [
        [
            [
                0.9999999983940806,
                1.605228051228506e-09,
                0.0,
                0.0,
                6.914400089895266e-13
            ],
            [
                0.9999999397609103,
                6.023574632738957e-08,
                1.4637787072816682e-12,
                0.0,
                1.8795290645559873e-12
            ],
            [
                2.3333979124407104e-09,
                2.7510568990974683e-05,
                0.9990597039144085,
                0.0009110244913664795,
                1.7586918361725826e-06
            ],
            [
                2.7346724202030624e-12,
                2.5945849521861896e-11,
                1.3887812479210559e-11,
                1.0129988102997285e-05,
                0.9999898699693287
            ],
            [
                5.109040693863699e-12,
                3.331513024309104e-11,
                2.020664792475431e-11,
                1.0129988102834572e-05,
                0.9999898699532663
            ]
        ],
        [
            [
                0.9999999998078077,
                1.9171715117425806e-10,
                0.0,
                0.0,
                4.752193057774655e-13
            ],
            [
                0.9992903295182072,
                0.0007096703457010758,
                1.02546011140537e-10,
                1.5725940138536715e-11,
                1.7819824741004392e-11
            ],
            [
                1.5104680744121213e-07,
                0.001386911996774638,
                0.9224927682428165,
                0.0757228117737025,
                0.0003973569398988783
            ],
            [
                2.4133628655958008e-12,
                1.573710271827177e-11,
                5.789356553655405e-12,
                3.927863698084142e-07,
                0.9999996071896904
            ],
            [
                1.6586753266004688e-12,
                1.5737073337070948e-11,
                8.423448355108708e-12,
                1.06770307635162e-06,
                0.9999989322711044
            ]
        ],
        [
            [
                0.9999999123541653,
                8.764249138493907e-08,
                1.4637786676229352e-12,
                0.0,
                1.8795290136331664e-12
            ],
            [
                0.9999251537600594,
                7.484619701893083e-05,
                2.5944167188295916e-11,
                7.433128349989531e-12,
                9.544325726888774e-12
            ],
            [
                9.54487214380544e-12,
                4.0585829110686616e-10,
                3.0589710370744047e-07,
                0.9999829922715302,
                1.6701415962923118e-05
            ],
            [
                3.511415884466013e-12,
                2.2897307838856854e-11,
                1.57370741908228e-11,
                1.370956654440225e-06,
                0.9999986290011997
            ],
            [
                6.56008795516261e-12,
                5.492694396167493e-11,
                2.594565117177528e-11,
                1.670141510570018e-05,
                0.9999832984974616
            ]
        ],
        [
            [
                0.999999997351013,
                2.646573626443383e-09,
                0.0,
                0.0,
                2.4133627604659355e-12
            ],
            [
                0.9999994956488376,
                5.0434720488716e-07,
                1.8795289033793336e-12,
                4.193795852146334e-13,
                1.6586784355504832e-12
            ],
            [
                1.1831701487723439e-08,
                0.002472603061250351,
                0.9975194831878998,
                7.869757249237772e-06,
                3.216189915383047e-08
            ],
            [
                3.098801805198401e-12,
                3.331525906872522e-11,
                1.573701407996756e-11,
                6.144172125582124e-06,
                0.9999938557757234
            ],
            [
                3.098813543435796e-12,
                2.0206802604374047e-11,
                9.545017688146327e-12,
                1.7603431336418106e-06,
                0.9999982396240157
            ]
        ],
        [
            [
                0.9999999987479675,
                1.2501528625475304e-09,
                0.0,
                0.0,
                1.8795288107670614e-12
            ],
            [
                0.9999869928579326,
                1.300712475602944e-05,
                8.423351786525991e-12,
                3.0987779480176522e-12,
                5.789279374364095e-12
            ],
            [
                2.504699710499722e-08,
                0.0024725348298764234,
                0.9974916682426848,
                3.526879805651556e-05,
                5.030823851673963e-07
            ],
            [
                7.41936018996839e-12,
                1.1605832026787595e-10,
                1.024211081555715e-10,
                0.0019267343341099613,
                0.9980732654399913
            ],
            [
                2.4133628838034827e-12,
                1.2256068012731428e-11,
                5.789356597333363e-12,
                5.043472049843738e-07,
                0.9999994956323363
            ]
        ],
        [
            [
                0.9999999976598981,
                2.3355930278788168e-09,
                0.0,
                0.0,
                4.508755221213261e-12
            ],
            [
                0.9999417086895044,
                5.8291276701803466e-05,
                2.289599624232223e-11,
                5.108787308307206e-12,
                5.789014435455746e-12
            ],
            [
                2.5945996029476746e-11,
                3.7266389593586236e-06,
                0.999996231577702,
                4.139921929879386e-08,
                3.58173427020314e-10
            ],
            [
                5.789279379184012e-12,
                4.8473042772036785e-11,
                2.5945750118822525e-11,
                1.3007124766858638e-05,
                0.999986992795025
            ],
            [
                6.101936915933208e-13,
                5.109089227612819e-12,
                8.878265825224682e-13,
                3.9278636988945296e-07,
                0.999999607207023
            ]
        ],
        [
            [
                0.9999999918434707,
                8.15202062353038e-09,
                0.0,
                0.0,
                4.50875519199745e-12
            ],
            [
                0.9999977396704427,
                2.2603252722515433e-06,
                2.129781275025585e-12,
                6.914387458706683e-13,
                1.4637758364948516e-12
            ],
            [
                1.3887944141019995e-11,
                6.475946128620747e-07,
                0.9999993496964519,
                2.646573691516074e-09,
                4.8473688026232584e-11
            ],
            [
                3.978469424620237e-12,
                3.33113166519939e-11,
                7.432759419314456e-12,
                0.00012339462763782716,
                0.9998766053276397
            ],
            [
                1.6586785675540519e-12,
                9.545036123479897e-12,
                3.5114225550670155e-12,
                3.0590235898029567e-07,
                0.9999996940829259
            ]
        ],
        [
            [
                0.9999999983916732,
                1.6052280492952587e-09,
                0.0,
                0.0,
                3.098819127350769e-12
            ],
            [
                0.9999999865559679,
                1.3440409753639152e-08,
                8.878265348000783e-13,
                0.0,
                2.734698251407712e-12
            ],
            [
                4.001463930691146e-10,
                2.1847252804009025e-08,
                0.01406324457163203,
                0.9859095847323166,
                2.7148448652088935e-05
            ],
            [
                3.9789553514643544e-12,
                2.9400724307110436e-11,
                1.2256045314673074e-11,
                1.7603431336933917e-06,
                0.9999982396112307
            ],
            [
                5.7893239454267955e-12,
                2.940061293685794e-11,
                2.0206726061385617e-11,
                6.1441721255621825e-06,
                0.9999938557724778
            ]
        ],
        [
            [
                0.9999999981793797,
                1.818961681967427e-09,
                0.0,
                0.0,
                1.6586783538208062e-12
            ],
            [
                0.999664649714599,
                0.0003353500535727273,
                1.6913301566142104e-10,
                3.3304265446227606e-11,
                2.9390911099151035e-11
            ],
            [
                6.56020035465657e-12,
                1.4449802871892183e-07,
                0.9999998349661093,
                1.955568164380748e-08,
                9.736200589804249e-10
            ],
            [
                1.2256067718740408e-11,
                3.775134628874458e-11,
                1.573710245950883e-11,
                6.475946145012568e-07,
                0.999999352339641
            ],
            [
                2.413362865482348e-12,
                1.5737102717531967e-11,
                5.1090892263185444e-12,
                3.9278636978994925e-07,
                0.9999996071903707
            ]
        ],
        [
            [
                0.999999999330303,
                6.691586081737511e-10,
                0.0,
                0.0,
                5.384940210064593e-13
            ],
            [
                0.999876605311756,
                0.00012339462750526176,
                4.277257719854231e-11,
                8.422419828965679e-12,
                9.543852000271823e-12
            ],
            [
                1.2500743970265872e-09,
                2.7534720947069755e-05,
                0.9999369232199508,
                3.535528153744193e-05,
                1.855274903759644e-07
            ],
            [
                9.530700070276364e-12,
                2.1691773376735784e-10,
                1.1610769604741797e-10,
                0.0015011820301560244,
                0.9984988176272879
            ],
            [
                3.0988134713365344e-12,
                1.783244029459583e-11,
                8.423448348918197e-12,
                2.260325273097449e-06,
                0.9999977396453722
            ]
        ],
        [
            [
                0.9999999865550815,
                1.3440409724755692e-08,
                0.0,
                0.0,
                4.50875516635302e-12
            ],
            [
                0.9999986290355359,
                1.370956654126335e-06,
                4.508747243183118e-12,
                8.878249727274794e-13,
                2.413358490217255e-12
            ],
            [
                1.5737102649844375e-11,
                5.043471989863318e-07,
                0.9999994834969965,
                1.1861120560591256e-08,
                2.789468189114694e-10
            ],
            [
                5.108787314417118e-12,
                6.223777060440506e-11,
                1.7831419824046183e-11,
                5.829127677151757e-05,
                0.9999417086380505
            ],
            [
                1.2917776432326418e-12,
                8.423448355206382e-12,
                4.508746999663706e-12,
                1.0677030763640002e-06,
                0.9999989322826996
            ]
        ],
        [
            [
                0.9999999995906235,
                4.0586521140726545e-10,
                0.0,
                0.0,
                3.511422102645781e-12
            ],
            [
                0.9999999748887074,
                2.5109990907855668e-08,
                6.914399928067793e-13,
                0.0,
                6.101936519750976e-13
            ],
            [
                7.052867703586949e-11,
                1.3709567251131686e-06,
                0.9999984420173232,
                1.8553881669832964e-07,
                1.4166063467475347e-09
            ],
            [
                5.10885562606173e-12,
                7.991594790794734e-11,
                3.3313923449429395e-11,
                4.539785605310119e-05,
                0.9999546020256082
            ],
            [
                3.5114088684126446e-12,
                2.2897262088441898e-11,
                9.544998919296032e-12,
                3.726639115270627e-06,
                0.9999962733249311
            ]
        ],
        [
            [
                0.9999999990232811,
                9.736200280760233e-10,
                0.0,
                0.0,
                3.09881912845757e-12
            ],
            [
                0.9999546021325606,
                4.5397855713195777e-05,
                7.433341072264823e-12,
                1.8794429521902588e-12,
                2.413252519826936e-12
            ],
            [
                1.1625682743128599e-10,
                9.235423717996294e-09,
                9.6090572994176e-05,
                0.9997805173372967,
                0.00012338273802861067
            ],
            [
                1.87948954390996e-12,
                3.331474929765654e-11,
                1.0815715558909047e-11,
                2.1444939764716305e-05,
                0.9999785550142253
            ],
            [
                4.508738234722745e-12,
                2.940066648954351e-11,
                1.388789147795394e-11,
                3.7266391146905367e-06,
                0.999996273313088
            ]
        ],
        [
            [
                0.999999998390793,
                1.6052280477884514e-09,
                0.0,
                0.0,
                3.9789625175015125e-12
            ],
            [
                0.9999998874615467,
                1.1253518363826037e-07,
                1.1399919433946728e-12,
                0.0,
                2.1297853397524008e-12
            ],
            [
                1.49085233284397e-10,
                2.9944569578358036e-09,
                1.0661005223067456e-06,
                0.9984977501552109,
                0.0015011806007245636
            ],
            [
                2.1297812773991148e-12,
                1.388791847578524e-11,
                4.50874699963529e-12,
                1.067703076357271e-06,
                0.9999989322763971
            ],
            [
                3.0987956581519966e-12,
                2.94005546154009e-11,
                1.3887838632350854e-11,
                7.88926504770545e-06,
                0.9999921106885652
            ]
        ],
        [
            [
                0.9999999847689589,
                1.522997950255291e-08,
                3.701011619745848e-13,
                0.0,
                6.914399996999861e-13
            ],
            [
                0.9999952148998754,
                4.785094846211576e-06,
                3.09880158284463e-12,
                8.878215180029362e-13,
                1.2917726864075709e-12
            ],
            [
                5.4926315004036683e-11,
                6.47576725033585e-07,
                0.9999717290653427,
                2.7535663026485175e-05,
                8.76399794998583e-08
            ],
            [
                3.5114088326353613e-12,
                2.594599685062327e-11,
                9.544998822043291e-12,
                2.902312199485325e-06,
                0.9999970976487981
            ],
            [
                3.0987956581397735e-12,
                2.940055461528493e-11,
                1.7832337786726078e-11,
                7.88926504767433e-06,
                0.9999921106846207
            ]
        ],
        [
            [
                0.9999999991402448,
                8.592166604404417e-10,
                0.0,
                0.0,
                5.384940208497475e-13
            ],
            [
                0.9997388094866679,
                0.00026119032626900624,
                1.3173073053911733e-10,
                2.939309900166291e-11,
                2.593931882632988e-11
            ],
            [
                1.2256067678949534e-11,
                6.475946123987591e-07,
                0.9999993489520859,
                3.3982678846124813e-09,
                4.2777879509397205e-11
            ],
            [
                3.978727560864057e-12,
                5.492463978009766e-11,
                1.5736172762815995e-11,
                5.82912767693309e-05,
                0.9999417086485912
            ],
            [
                2.413344485184074e-12,
                2.020668597798352e-11,
                8.423399927791608e-12,
                7.889265047826499e-06,
                0.9999921107039088
            ]
        ],
        [
            [
                0.999999999778777,
                2.172439928848901e-10,
                0.0,
                0.0,
                3.978962524426384e-12
            ],
            [
                0.9999982396523784,
                1.7603431329874588e-06,
                2.4133584133229833e-12,
                7.835027635053385e-13,
                1.2917776718435836e-12
            ],
            [
                2.2897350079704256e-11,
                2.3823698363937984e-07,
                0.9999997582933774,
                3.3982680604065425e-09,
                4.8473690499120135e-11
            ],
            [
                1.9843386892275732e-11,
                4.51633403968459e-10,
                5.117676930601643e-10,
                0.017986211570219186,
                0.9820137874465363
            ],
            [
                3.09881347162316e-12,
                2.594604753272849e-11,
                9.545017466947837e-12,
                2.2603252733065186e-06,
                0.9999977396361368
            ]
        ],
        [
            [
                0.9999999990224009,
                9.736200277723893e-10,
                0.0,
                0.0,
                3.978962521416793e-12
            ],
            [
                0.9999998874631449,
                1.1253518374644533e-07,
                7.835042413564602e-13,
                0.0,
                8.878266190643702e-13
            ],
            [
                1.2256067773780573e-11,
                5.043471951513511e-07,
                0.99999947589315,
                1.955568161388695e-08,
                1.9171715653291113e-10
            ],
            [
                5.1077547298859986e-12,
                1.1625196181567028e-10,
                6.222519114959078e-11,
                0.0002611903274704582,
                0.9997388094889447
            ],
            [
                1.6586784361809606e-12,
                8.423464146861476e-12,
                3.978962721190488e-12,
                5.043472050788665e-07,
                0.9999994956387338
            ]
        ],
        [
            [
                0.9999999468337105,
                5.3157849577352275e-08,
                1.8795287116371988e-12,
                0.0,
                6.560199802010225e-12
            ],
            [
                0.9995694427242936,
                0.00043055712085628676,
                1.1623221842196892e-10,
                2.2887480842169685e-11,
                1.5730320201356997e-11
            ],
            [
                1.3887310138213458e-11,
                4.0584669243717113e-10,
                1.8553066984532566e-07,
                0.9999544161914974,
                4.539785809872787e-05
            ],
            [
                2.4133583587468364e-12,
                2.940072363044658e-11,
                7.433667079089172e-12,
                2.2603252737321984e-06,
                0.9999977396354786
            ],
            [
                1.658678492778244e-12,
                8.423464434286198e-12,
                3.978962856960313e-12,
                1.1253518380143589e-07,
                0.9999998874507551
            ]
        ],
        [
            [
                0.9999999996394118,
                3.5817479195122854e-10,
                0.0,
                0.0,
                2.4133627645758414e-12
            ],
            [
                0.9999938558094459,
                6.144172120952825e-06,
                9.544981524638101e-12,
                3.0988018028636225e-12,
                5.789323941083644e-12
            ],
            [
                1.4637786220596319e-12,
                1.1253518301719507e-07,
                0.9999998802142918,
                7.1941335607946815e-09,
                5.492788755972991e-11
            ],
            [
                2.734693290395852e-12,
                2.594604753273794e-11,
                9.545017466951314e-12,
                2.2603252733073415e-06,
                0.999997739636501
            ],
            [
                2.413358414232433e-12,
                2.0206802604477535e-11,
                5.1090798030223986e-12,
                1.7603431336508262e-06,
                0.9999982396291371
            ]
        ],
        [
            [
                0.9999999990258415,
                9.736200295159456e-10,
                0.0,
                0.0,
                5.38494020788142e-13
            ],
            [
                0.9999898699899964,
                1.0129988095658982e-05,
                1.3887812469150036e-11,
                3.511388891312013e-12,
                4.508712584319614e-12
            ],
            [
                8.1482286294564e-09,
                0.0004305417609672957,
                0.9995339236182956,
                3.534101985653143e-05,
                1.8545265194298332e-07
            ],
            [
                2.1297853430448902e-12,
                2.2897350306587768e-11,
                5.109089440883628e-12,
                1.1253518381223139e-07,
                0.9999998874346799
            ],
            [
                3.978955261248758e-12,
                3.3315384512280494e-11,
                1.0815921782904011e-11,
                1.0677030762319645e-06,
                0.9999989322488134
            ]
        ],
        [
            [
                0.9999999987474337,
                1.2501528619009948e-09,
                0.0,
                0.0,
                2.4133627631736838e-12
            ],
            [
                0.9999989322942592,
                1.0677030760833198e-06,
                1.6586753261836646e-12,
                0.0,
                1.0060374398392455e-12
            ],
            [
                3.774897082339785e-11,
                1.4165196797078597e-09,
                3.726422313485979e-06,
                0.999937981070923,
                5.829105249488603e-05
            ],
            [
                6.560087954907809e-12,
                4.2777146967410106e-11,
                2.2896956793742725e-11,
                1.6701415105051483e-05,
                0.9999832985126608
            ],
            [
                2.734698418955841e-12,
                1.3887944511771611e-11,
                7.433681018563344e-12,
                5.043472050738255e-07,
                0.9999994956287386
            ]
        ],
        [
            [
                0.9999999918428705,
                8.152020623525487e-09,
                0.0,
                0.0,
                5.109088971065866e-12
            ],
            [
                0.9999982396468385,
                1.7603431332729614e-06,
                5.78934587414709e-12,
                1.1399897944147927e-12,
                3.0988135427864933e-12
            ],
            [
                1.2254548580598372e-11,
                6.690756819919646e-10,
                8.31425669848386e-07,
                0.9998757733827788,
                0.00012339451022117486
            ],
            [
                2.413275605513309e-12,
                3.7749981932136e-11,
                1.0815550904942472e-11,
                3.535625751945204e-05,
                0.9999646436915017
            ],
            [
                1.2917801410710129e-12,
                5.109089567081022e-12,
                2.129785395651791e-12,
                8.764249144086927e-08,
                0.9999999123489779
            ]
        ],
        [
            [
                0.9999999988940094,
                1.1032560285466059e-09,
                0.0,
                0.0,
                2.7346982821801816e-12
            ],
            [
                0.9999898699956458,
                1.012998809571621e-05,
                9.54494461596032e-12,
                2.7346724182374773e-12,
                3.978924890328725e-12
            ],
            [
                1.573710349801665e-11,
                3.059020558123997e-07,
                0.9999992989605991,
                3.9278601468015333e-07,
                2.33559324526486e-09
            ],
            [
                1.658665790708065e-12,
                1.3887838632662181e-11,
                8.42339992785119e-12,
                7.889265047882305e-06,
                0.9999921107109823
            ],
            [
                5.789345744635967e-12,
                1.7832440306839612e-11,
                8.42344835470175e-12,
                1.0677030763000363e-06,
                0.9999989322648785
            ]
        ],
        [
            [
                0.9999999961447492,
                3.850741898928275e-09,
                0.0,
                0.0,
                4.508755214381825e-12
            ],
            [
                0.9999999677561215,
                3.224186631392468e-08,
                1.006039246250612e-12,
                0.0,
                1.006039246250612e-12
            ],
            [
                2.461626828116045e-10,
                2.7535691208757474e-05,
                0.9999723952180255,
                6.825408942751718e-08,
                5.905135780934171e-10
            ],
            [
                1.081579779803789e-11,
                6.224061895172574e-11,
                3.7750843673712844e-11,
                1.3007124768580326e-05,
                0.9999869927644242
            ],
            [
                2.1297812774654475e-12,
                1.7832440308350923e-11,
                6.56018817535924e-12,
                1.0677030763905249e-06,
                0.9999989322704012
            ]
        ],
        [
            [
                0.9999999983920373,
                1.6052280496846166e-09,
                0.0,
                0.0,
                2.7346982822202704e-12
            ],
            [
                0.9914225139801176,
                0.008577485665206344,
                3.1337661373339563e-10,
                2.914856565697919e-11,
                1.2150929950499953e-11
            ],
            [
                9.233310115090334e-09,
                0.0004305497186889317,
                0.9995525086853327,
                1.6694232234762443e-05,
                2.3813043352780683e-07
            ],
            [
                8.423319671695736e-12,
                6.22403815933859e-11,
                2.020649345361795e-11,
                1.6701415108792956e-05,
                0.999983298494021
            ],
            [
                3.5112952870549295e-12,
                4.847193627933753e-11,
                2.0206109255132606e-11,
                3.535625751870212e-05,
                0.999964643670292
            ]
        ],
        [
            [
                0.999999999478075,
                5.211412480094638e-10,
                0.0,
                0.0,
                7.835041773346732e-13
            ],
            [
                0.999999168464157,
                8.315279893326453e-07,
                3.978962838430561e-12,
                1.1399919397387936e-12,
                2.7346984995610203e-12
            ],
            [
                2.166803511033127e-10,
                1.519046536152284e-08,
                0.0024723186636843174,
                0.9974045764308339,
                0.00012308949833599717
            ],
            [
                3.978780762853914e-12,
                6.223860282121317e-11,
                2.2896302425159255e-11,
                4.5397855734242214e-05,
                0.9999546020551521
            ],
            [
                1.879528889486872e-12,
                9.545035293300068e-12,
                4.5087554172874734e-12,
                3.927863697928269e-07,
                0.9999996071976969
            ]
        ],
        [
            [
                0.9999999961471282,
                3.850741902476207e-09,
                0.0,
                0.0,
                2.1297851597329233e-12
            ],
            [
                0.9999999677570228,
                3.224186630854595e-08,
                4.1937955199791156e-13,
                0.0,
                6.914399878756472e-13
            ],
            [
                6.914399930285286e-13,
                2.510999091590861e-08,
                0.9999999745674402,
                3.160881373556831e-10,
                5.7893561808193005e-12
            ],
            [
                3.0986775739707487e-12,
                3.774962083106594e-11,
                1.2255507544647713e-11,
                4.53978557370358e-05,
                0.9999546020911592
            ],
            [
                2.413363026661575e-12,
                1.388794533139999e-11,
                5.1090895675349706e-12,
                8.76424914486564e-08,
                0.9999999123360982
            ]
        ],
        [
            [
                0.9999999918463208,
                8.152020637809934e-09,
                0.0,
                0.0,
                1.6586783433162985e-12
            ],
            [
                0.9999989322920341,
                1.067703075901863e-06,
                2.7346932909997186e-12,
                6.914387463463207e-13,
                1.4637758375018081e-12
            ],
            [
                2.2896827669532137e-11,
                1.4165765666971597e-09,
                1.3709279047140296e-06,
                0.9999771827120687,
                2.1444920553202964e-05
            ],
            [
                3.098766133214877e-12,
                2.2896956795791135e-11,
                1.081575654988781e-11,
                1.6701415106545625e-05,
                0.999983298548082
            ],
            [
                3.0988015841392845e-12,
                1.5737012957336735e-11,
                1.0815880285772149e-11,
                4.785094848210751e-06,
                0.9999952148755001
            ]
        ],
        [
            [
                0.9999999950520382,
                4.944450467282419e-09,
                0.0,
                0.0,
                3.5114220887645487e-12
            ],
            [
                0.9999724642790858,
                2.753568980993084e-05,
                2.0206300993781506e-11,
                5.108952975976763e-12,
                5.789202161519227e-12
            ],
            [
                2.1724109745769953e-10,
                1.3007124255547403e-05,
                0.9999865960266945,
                3.9278111836650404e-07,
                3.850690589049507e-09
            ],
            [
                3.0987956587306143e-12,
                3.775105939793985e-11,
                7.433624346781368e-12,
                7.88926504917856e-06,
                0.9999921106866673
            ],
            [
                2.1297854410169423e-12,
                9.545036133170766e-12,
                3.5114225586320864e-12,
                1.855391597883434e-07,
                0.999999814445654
            ]
        ],
        [
            [
                0.9999999987487369,
                1.250152863985922e-09,
                3.2661313365150984e-13,
                0.0,
                7.835041770017806e-13
            ],
            [
                0.999876605289949,
                0.0001233946274587562,
                6.223373258151836e-11,
                1.0814601126330895e-11,
                9.543851996674891e-12
            ],
            [
                9.639386681031957e-08,
                0.029310088861901645,
                0.9706168653667395,
                7.265246347936118e-05,
                2.9691401268150696e-07
            ],
            [
                7.426906352875843e-12,
                1.491734017757448e-10,
                1.0252527972124757e-10,
                0.0009110514051473846,
                0.9990889483357271
            ],
            [
                5.788804500654538e-12,
                7.052207586891699e-11,
                2.0204913020982975e-11,
                9.610239968957314e-05,
                0.9999038975037946
            ]
        ],
        [
            [
                0.999999997351013,
                2.646573625717059e-09,
                0.0,
                0.0,
                2.413362759803614e-12
            ],
            [
                0.9997388095881017,
                0.00026119032624624113,
                6.222519106939488e-11,
                1.3884316848580727e-11,
                9.542542113366393e-12
            ],
            [
                0.0,
                2.172439933070918e-10,
                0.9999999997448066,
                3.7751345407895445e-11,
                1.9810087962178303e-13
            ],
            [
                3.098801804971673e-12,
                2.2897220376403246e-11,
                9.544981531131353e-12,
                6.144172125132577e-06,
                0.9999938557923339
            ],
            [
                1.4637786323750624e-12,
                1.0815942431035322e-11,
                2.7346985125103777e-12,
                1.1253518381024456e-07,
                0.9999998874498017
            ]
        ],
        [
            [
                0.9999999847690626,
                1.522997949965991e-08,
                4.1937955909007265e-13,
                0.0,
                5.384940131109518e-13
            ],
            [
                2.590322702356138e-07,
                0.005705565440095877,
                0.8467809572719496,
                0.14714847366012407,
                0.00036474459556023667
            ],
            [
                1.573707324935597e-11,
                1.0677030704004785e-06,
                0.9999989265984869,
                5.602786163553155e-09,
                7.991945237902677e-11
            ],
            [
                2.4977593752739176e-11,
                3.907153044268971e-10,
                2.369808113538683e-10,
                0.03732688392307052,
                0.9626731154242558
            ],
            [
                5.789323531761526e-12,
                3.7751131579687617e-11,
                1.57370129554577e-11,
                4.7850948476394e-06,
                0.999995214845875
            ]
        ],
        [
            [
                0.9999999995361155,
                4.5990553657773647e-10,
                0.0,
                0.0,
                3.978962524698224e-12
            ],
            [
                0.999999946839796,
                5.3157849678054665e-08,
                8.878264999757256e-13,
                3.266131166682675e-13,
                1.13999179157775e-12
            ],
            [
                7.991884024028281e-11,
                1.0129987771353498e-05,
                0.9999898373325771,
                3.2241561295475943e-08,
                3.581713928189694e-10
            ],
            [
                8.396739363426366e-12,
                1.3134710288955118e-10,
                1.488357664541042e-10,
                0.003172683073012842,
                0.9968273166384076
            ],
            [
                2.4133630752766684e-12,
                1.573710408556278e-11,
                6.560200992998607e-12,
                3.0590235896436356e-07,
                0.9999996940729304
            ]
        ],
        [
            [
                0.9999999950524507,
                4.944450465927507e-09,
                0.0,
                0.0,
                3.0988191161526848e-12
            ],
            [
                0.9994472211779116,
                0.0005527785816607616,
                1.916111550743098e-10,
                2.5931749943276232e-11,
                2.2884689003539533e-11
            ],
            [
                0.0,
                5.4927883486088607e-11,
                0.9999999999311016,
                1.3887943859032852e-11,
                8.258073282029118e-14
            ],
            [
                3.098813642062207e-12,
                1.5737074192522054e-11,
                5.109079965603695e-12,
                1.370956654588258e-06,
                0.9999986290194005
            ],
            [
                3.978962842340194e-12,
                1.57371033191056e-11,
                9.545035658102992e-12,
                8.315279901496845e-07,
                0.9999991684427487
            ]
        ],
        [
            [
                0.9999999778334295,
                2.2159489236491973e-08,
                1.2917799734891065e-12,
                0.0,
                5.7893561884677235e-12
            ],
            [
                0.9999999943906432,
                5.6027963930233315e-09,
                0.0,
                0.0,
                6.560200116033318e-12
            ],
            [
                4.847350347117237e-11,
                3.7266390575765607e-06,
                0.999996257933238,
                1.5229922061968536e-08,
                1.493089021179918e-10
            ],
            [
                4.5078355771838555e-12,
                6.222875064382712e-11,
                2.289267801164815e-11,
                0.00020342706181262208,
                0.9997965728485582
            ],
            [
                1.8795217079881036e-12,
                1.5737042587694258e-11,
                6.560175356872929e-12,
                2.9023121996667657e-06,
                0.9999970976636237
            ]
        ],
        [
            [
                0.9999999991391246,
                8.592166601035803e-10,
                0.0,
                0.0,
                1.6586783554127143e-12
            ],
            [
                0.9999962733574979,
                3.726639113744192e-06,
                2.1297771366067538e-12,
                4.752175135715294e-13,
                7.835012228346072e-13
            ],
            [
                4.362696909936345e-09,
                0.00015843353129972089,
                0.9998247860040067,
                1.6698771343588447e-05,
                7.733065304201186e-08
            ],
            [
                5.789235358756739e-12,
                3.3314749287528524e-11,
                2.0206416863525658e-11,
                2.1444939758196825e-05,
