{
    "[['A', 'B', 'C', 'D', 'E'], ['A', 'B', 'C', 'D', 'E']]": [
        [
            [
                0.9999999994063709,
                5.905303979809657e-10,
                0.0,
                0.0,
                3.0988191286810234e-12
            ],
            [
                0.9999546021190138,
                4.539785566442701e-05,
                1.7831658230731274e-11,
                3.978780756735136e-12,
                3.51126169388195e-12
            ],
            [
                4.8473503625568716e-11,
                3.7266390694465394e-06,
                0.999996261172436,
                1.18610752657571e-08,
                2.789457536790712e-10
            ],
            [
                4.974668856670202e-11,
                1.6473840753346492e-09,
                9.480040808329998e-09,
                0.37754067181949336,
                0.622459317003335
            ],
            [
                3.974305572855863e-12,
                1.3161092526707145e-10,
                3.327645314801504e-11,
                0.0011695103456924416,
                0.998830489485446
            ]
        ],
        [
            [
                0.9999999991368043,
                8.592166585989816e-10,
                0.0,
                0.0,
                3.978962520469864e-12
            ],
            [
                0.9999962733563937,
                3.726639113740077e-06,
                3.098807448809542e-12,
                6.101913658803217e-13,
                7.835012228337422e-13
            ],
            [
                8.423464803306524e-12,
                3.059023585909005e-07,
                0.9999996926432081,
                1.4166089630306056e-09,
                2.940078105364862e-11
            ],
            [
                1.7511727475654997e-11,
                5.799087699337653e-10,
                2.133365142136521e-10,
                0.017986211545373002,
                0.98201378764387
            ],
            [
                3.0981870620250837e-12,
                1.0259786481153375e-10,
                2.9394780416117726e-11,
                0.00020342706201707372,
                0.9997965728028921
            ]
        ],
        [
            [
                0.9999999994737496,
                5.211412472974293e-10,
                0.0,
                0.0,
                5.1090890134419126e-12
            ],
            [
                0.9999999123520394,
                8.764249121860842e-08,
                2.7346985731720775e-12,
                0.0,
                2.7346985731720775e-12
            ],
            [
                4.19379558728576e-13,
                1.5229979486531977e-08,
                0.9999999831504852,
                1.6052280279735712e-09,
                1.3887943629533741e-11
            ],
            [
                1.3638147072219479e-11,
                3.1040279663380406e-10,
                2.417419410859606e-10,
                0.0179862115784711,
                0.982013787855746
            ],
            [
                1.86739839839989e-11,
                7.940380042514764e-10,
                1.0195649792749046e-09,
                0.07585817577412629,
                0.9241418223935968
            ]
        ],
        [
            [
                0.9999999998055482,
                1.9171715076359923e-10,
                0.0,
                0.0,
                2.7346982828588546e-12
            ],
            [
                0.999999971543988,
                2.845334723985792e-08,
                1.006039249230287e-12,
                0.0,
                1.6586783093651616e-12
            ],
            [
                2.289735012062913e-11,
                8.315279865316064e-07,
                0.9999991640371799,
                4.363462570079055e-09,
                4.8473690585758095e-11
            ],
            [
                5.103109368876972e-12,
                1.1614623388643326e-10,
                6.216859906715302e-11,
                0.001169510345975079,
                0.998830489470607
            ],
            [
                7.422516678537393e-12,
                2.457999944806975e-10,
                4.8400888678375794e-11,
                0.0015011820291464088,
                0.9984988176692301
            ]
        ],
        [
            [
                0.9999999991368043,
                8.592166578671171e-10,
                0.0,
                0.0,
                3.9789625170806585e-12
            ],
            [
                0.9999998554982634,
                1.4449803136986438e-07,
                1.2917800652094063e-12,
                0.0,
                2.4133628847190056e-12
            ],
            [
                4.508755789863908e-12,
                1.8553915879453413e-07,
                0.9999998087986075,
                5.602797117972985e-09,
                5.492789018030388e-11
            ],
            [
                5.092879865696622e-12,
                1.9110890704537163e-10,
                9.027345561912521e-11,
                0.003172683072127486,
                0.9968273166413973
            ],
            [
                7.369911561394397e-12,
                2.440579522511672e-10,
                1.6773841398590625e-10,
                0.008577485675093366,
                0.9914225139057403
            ]
        ],
        [
            [
                0.9999999995379647,
                4.599055364355652e-10,
                0.0,
                0.0,
                2.129785164335116e-12
            ],
            [
                0.9999977396644514,
                2.2603252695212313e-06,
                5.109079676041216e-12,
                1.658675322757179e-12,
                3.5114156858319813e-12
            ],
            [
                1.162812297559087e-10,
                1.012998806232654e-05,
                0.9999898660021735,
                3.850705477679458e-09,
                4.277747382133179e-11
            ],
            [
                1.0498898646295782e-11,
                3.939682651829589e-10,
                1.1287379778560514e-10,
                0.02931222790843169,
                0.9706877715742274
            ],
            [
                2.413339940564079e-12,
                4.277747399576133e-11,
                1.388781248008156e-11,
                1.0129988103632606e-05,
                0.9999898699528177
            ]
        ],
        [
            [
                0.9999999995379647,
                4.599055365785869e-10,
                0.0,
                0.0,
                2.1297851649974376e-12
            ],
            [
                0.9999999468406524,
                5.315784967273334e-08,
                6.101936347987465e-13,
                0.0,
                8.878264998868504e-13
            ],
            [
                2.2447770202731917e-13,
                1.5229979508961814e-08,
                0.999999984636891,
                1.3176514066131047e-10,
                1.1399918353979755e-12
            ],
            [
                2.7331863390631584e-12,
                1.0256206071694837e-10,
                4.844688706287954e-11,
                0.0005527785836616482,
                0.9994472212625962
            ],
            [
                3.976762657853326e-12,
                1.690962510693689e-10,
                3.773047358160738e-11,
                0.0005527785835050343,
                0.9994472212056915
            ]
        ],
        [
            [
                0.9999999998485607,
                1.4930946728935533e-10,
                0.0,
                0.0,
                2.1297851662434374e-12
            ],
            [
                0.9999999936503545,
                6.34880006779408e-09,
                4.752193026655445e-13,
                0.0,
                3.70101165046573e-13
            ],
            [
                1.2015425721128882e-13,
                5.905303993713298e-10,
                0.999999999305947,
                1.0261879622612223e-10,
                7.835041778124343e-13
            ],
            [
                5.0964557683215124e-12,
                1.1599479863579677e-10,
                2.932807800252782e-11,
                0.0024726229645101005,
                0.9975273768850705
            ],
            [
                2.4132525211391118e-12,
                6.223860282620082e-11,
                1.2255507544875692e-11,
                4.5397855737880295e-05,
                0.9999546020673548
            ]
        ],
        [
            [
                0.9999999994753472,
                5.211412469525535e-10,
                0.0,
                0.0,
                3.511422101003617e-12
            ],
            [
                0.9999921107223011,
                7.889265036823307e-06,
                7.433624335139688e-12,
                2.129769030074162e-12,
                3.0987956538776397e-12
            ],
            [
                5.789357044303557e-12,
                1.855391591945063e-07,
                0.9999998109768636,
                3.3982682395259412e-09,
                7.991960880771858e-11
            ],
            [
                4.1297260367189937e-11,
                1.3675774417152865e-09,
                3.7174609088251726e-09,
                0.8519527920456963,
                0.14804720282796802
            ],
            [
                3.97430557303589e-12,
                7.044625187034979e-11,
                2.2870549485856816e-11,
                0.0011695103465212324,
                0.9988304895561876
            ]
        ],
        [
            [
                0.9999999996794031,
                3.160881448226389e-10,
                0.0,
                0.0,
                4.508755233611753e-12
            ],
            [
                0.9999999530840692,
                4.691163792074881e-08,
                1.879528724485242e-12,
                0.0,
                2.4133626536337415e-12
            ],
            [
                0.0,
                1.1628233024801564e-10,
                0.9999999998500322,
                3.331544540613726e-11,
                3.701011676867794e-13
            ],
            [
                4.506262453901325e-12,
                1.162180404421997e-10,
                2.5931749976004712e-11,
                0.000552778583821393,
                0.9994472212695226
            ],
            [
                5.759135152170028e-12,
                2.7749067145466993e-10,
                1.4853005320352042e-10,
                0.005220125693925378,
                0.9947798738742949
            ]
        ],
        [
            [
                0.9999999991368043,
                8.592166589017587e-10,
                0.0,
                0.0,
                3.978962521871999e-12
            ],
            [
                0.9997965728497183,
                0.00020342706068122957,
                7.051441244384334e-11,
                9.543087980350865e-12,
                9.543087980350865e-12
            ],
            [
                1.0815941961084986e-11,
                5.043472004138597e-07,
                0.9999994863019148,
                9.237450006838919e-09,
                1.0261880014815992e-10
            ],
            [
                1.1896810756234463e-11,
                5.058652657050745e-10,
                3.0682279333380546e-10,
                0.02931222790479247,
                0.9706877712706227
            ],
            [
                4.50724220355252e-12,
                1.1624330851873778e-10,
                4.8457420363232995e-11,
                0.00033535005534024784,
                0.9996646497754518
            ]
        ],
        [
            [
                0.9999999996378461,
                3.5817479182445153e-10,
                0.0,
                0.0,
                3.97896252246349e-12
            ],
            [
                0.9999991684664007,
                8.315279890392556e-07,
                2.4133629545138295e-12,
                7.835042378141515e-13,
                2.4133629545138295e-12
            ],
            [
                1.3887918310048894e-11,
                1.067703063615462e-06,
                0.9999989202726409,
                1.186109832594464e-08,
                1.4930919287848693e-10
            ],
            [
                7.465469761148788e-11,
                1.6991330858764246e-09,
                5.233698359670651e-09,
                0.4999999967825874,
                0.4999999962099264
            ],
            [
                1.0060354743933396e-12,
                1.7832405464857807e-11,
                4.508738189961001e-12,
                2.9023121997913215e-06,
                0.9999970976644531
            ]
        ],
        [
            [
                0.9999999999155715,
                7.991959868311609e-11,
                0.0,
                0.0,
                4.5087552283925774e-12
            ],
            [
                0.9999999865584503,
                1.3440409748900161e-08,
                0.0,
                0.0,
                1.1399918358911514e-12
            ],
            [
                1.6918949150296136e-10,
                1.7603431828940537e-06,
                0.9999981484470394,
                8.764232639764948e-08,
                3.398261778598077e-09
            ],
            [
                2.7322061593202183e-12,
                1.3164506504360792e-10,
                2.0188424585060946e-11,
                0.0009110514030264894,
                0.9990889484424078
            ],
            [
                3.975336504605193e-12,
                1.1617636213648475e-10,
                2.937398444465466e-11,
                0.0009110514034575897,
                0.9990889484470166
            ]
        ],
        [
            [
                0.9999999992382325,
                7.582560392937275e-10,
                0.0,
                0.0,
                3.511422097180044e-12
            ],
            [
                0.9999999123560337,
                8.764249139646443e-08,
                7.835042607705107e-13,
                0.0,
                6.914400832918089e-13
            ],
            [
                1.7832473638068856e-11,
                5.043472022287481e-07,
                0.9999994899004034,
                5.60279666687209e-09,
                1.3176514809439273e-10
            ],
            [
                3.510243757265019e-12,
                7.989277966805893e-11,
                2.593738804335233e-11,
                0.00033535005642761886,
                0.999664649834232
            ],
            [
                2.7337805876170768e-12,
                7.989277968815266e-11,
                3.330426549853343e-11,
                0.00033535005488265066,
                0.9996646498291866
            ]
        ],
        [
            [
                0.9999999994757598,
                5.211412472984768e-10,
                0.0,
                0.0,
                3.0988191298597194e-12
            ],
            [
                0.9999921107213886,
                7.889265039990379e-06,
                8.423399919424949e-12,
                2.4133444827869863e-12,
                2.734677567387434e-12
            ],
            [
                1.2256067946273374e-11,
                5.043472022495706e-07,
                0.9999994899672162,
                5.602796667103407e-09,
                7.052880140093281e-11
            ],
            [
                2.589611293573428e-11,
                8.575614838401791e-10,
                5.201373325377287e-10,
                0.11920292353487888,
                0.8807970750615262
            ],
            [
                3.5082221521747768e-12,
                6.218472555960487e-11,
                1.7816222164261264e-11,
                0.0009110514037744664,
                0.9990889485127162
            ]
        ],
        [
            [
                0.9999999998802063,
                1.162823300166916e-10,
                0.0,
                0.0,
                3.5114221047546123e-12
            ],
            [
                0.9999832985691162,
                1.670141509279614e-05,
                9.544871646527198e-12,
                2.734651512144863e-12,
                3.51136204737757e-12
            ],
            [
                4.5087554374937316e-12,
                5.043472034195604e-07,
                0.9999994922015463,
                3.3982679666173093e-09,
                4.847368916128857e-11
            ],
            [
                8.393829362207346e-11,
                1.4878418544830307e-09,
                2.7796545299363833e-09,
                0.4378234974909445,
                0.5621764981576208
            ],
            [
                3.013884426324357e-11,
                1.1309517873285437e-09,
                8.807861375874748e-10,
                0.09534946993709024,
                0.904650528021033
            ]
        ],
        [
            [
                0.9999999985819275,
                1.41660878205616e-09,
                0.0,
                0.0,
                1.4637785093861351e-12
            ],
            [
                0.9999982396465174,
                1.7603431306835944e-06,
                5.7893458656312835e-12,
                1.4637758686400941e-12,
                3.098813538228311e-12
            ],
            [
                3.850565750558486e-09,
                4.5397852706665205e-05,
                0.9999539402642147,
                6.475655899741675e-07,
                1.0466922909029896e-08
            ],
            [
                3.975336504798963e-12,
                1.3164506504430588e-10,
                3.328508503549186e-11,
                0.0009110514032519688,
                0.9990889484278426
            ],
            [
                3.9663388281138834e-12,
                9.027345563325373e-11,
                6.204397821614778e-11,
                0.003172683071753327,
                0.9968273167719628
            ]
        ],
        [
            [
                0.999999999238645,
                7.582560389052671e-10,
                0.0,
                0.0,
                3.0988191228409437e-12
            ],
            [
                0.9999999677531586,
                3.224186622330245e-08,
                1.463778461949364e-12,
                0.0,
                3.511421988211487e-12
            ],
            [
                1.2256068760226263e-11,
                1.855391561858539e-07,
                0.9999997947011873,
                1.9555683187851633e-08,
                1.9171717196351793e-10
            ],
            [
                6.53350244651346e-12,
                2.4516787056799346e-10,
                1.0220117368525288e-10,
                0.004070137772934551,
                0.9959298618731629
            ],
            [
                3.5108663900460226e-12,
                7.990695072483637e-11,
                2.939612437836678e-11,
                0.00015843624746203995,
                0.999841563639724
            ]
        ],
        [
            [
                0.9999999998946465,
                1.0261879609469454e-10,
                0.0,
                0.0,
                2.7346982856671312e-12
            ],
            [
                0.9999998554975753,
                1.4449803127390958e-07,
                1.6586784353979703e-12,
                0.0,
                2.734698417692242e-12
            ],
            [
                6.914399880972646e-13,
                3.2241866318879974e-08,
                0.9999999674355649,
                3.1608813510138185e-10,
                5.789356139530333e-12
            ],
            [
                3.9532824397649625e-11,
                8.997629360413194e-10,
                1.019564979102087e-09,
                0.07585817577389525,
                0.9241418222672441
            ],
            [
                6.5555471758467295e-12,
                7.98629138788595e-11,
                2.592769204119913e-11,
                0.0007096703426982741,
                0.9992903295449556
            ]
        ],
        [
            [
                0.9999999991362745,
                8.592166585985265e-10,
                0.0,
                0.0,
                4.508755224878918e-12
            ],
            [
                0.9999962733431552,
                3.7266391066536644e-06,
                1.081590073491564e-11,
                2.4133536631312463e-12,
                4.508738224999197e-12
            ],
            [
                6.914399997005981e-13,
                1.522997950256639e-08,
                0.9999999842324505,
                5.211412405030654e-10,
                1.5737101856653764e-11
            ],
            [
                6.588253902980339e-11,
                2.8013968444586067e-09,
                9.777835747111923e-09,
                0.4999999939311167,
                0.4999999934237681
            ],
            [
                2.5185548563263676e-11,
                6.495438584475435e-10,
                3.0682279326896376e-10,
                0.029312227893068993,
                0.9706877711253789
            ]
        ],
        [
            [
                0.9999999992377648,
                7.58256040650339e-10,
                0.0,
                0.0,
                3.978962524603081e-12
            ],
            [
                0.9999970976790974,
                2.9023121954720193e-06,
                4.508738183250971e-12,
                1.4637729758652308e-12,
                2.7346879447587514e-12
            ],
            [
                6.5602006538386155e-12,
                8.315279876585862e-07,
                0.9999991654180174,
                2.998961046885563e-09,
                4.847369065145507e-11
            ],
            [
                4.4852189669222945e-12,
                1.3107731191031457e-10,
                4.822064825582136e-11,
                0.005220125700057575,
                0.9947798741161591
            ],
            [
                3.976762658005976e-12,
                9.051070090807052e-11,
                2.938452237213872e-11,
                0.0005527785840446527,
                0.9994472212920834
            ]
        ],
        [
            [
                0.9999999997175417,
                2.7894680799092776e-10,
                0.0,
                0.0,
                3.5114220970627236e-12
            ],
            [
                0.9999952149002252,
                4.785094845730145e-06,
                3.0988015825328574e-12,
                5.384909709672146e-13,
                1.291772686277605e-12
            ],
            [
                2.2897348388430885e-11,
                6.47594598065681e-07,
                0.9999993267513718,
                2.510999148284174e-08,
                5.211412472406202e-10
            ],
            [
                4.6174759595271294e-11,
                1.5290980330813734e-09,
                1.1298591147202783e-08,
                0.9525741123868593,
                0.047425874739276855
            ],
            [
                5.384940651493148e-13,
                7.433681271110563e-12,
                1.6586784925152834e-12,
                1.12535183783595e-07,
                0.9999998874551853
            ]
        ],
        [
            [
                0.9999999994063709,
                5.90530398326674e-10,
                0.0,
                0.0,
                3.098819130495134e-12
            ],
            [
                0.9999977396650624,
                2.260325270979494e-06,
                5.7893457352362984e-12,
                1.4637758356710787e-12,
                2.4133583558077627e-12
            ],
            [
                1.2500957596627e-09,
                4.539785590309516e-05,
                0.999954486947423,
                1.1253003413578282e-07,
                1.4165440762471876e-09
            ],
            [
                2.413252520843525e-12,
                7.052557650491176e-11,
                2.9399434260828684e-11,
                4.539785593041158e-05,
                0.9999546020417314
            ],
            [
                2.412980829676065e-12,
                7.051763652513306e-11,
                2.939612438482192e-11,
                0.00015843624722481383,
                0.9998415636504484
            ]
        ],
        [
            [
                0.9999999995355857,
                4.5990553588066743e-10,
                0.0,
                0.0,
                4.5087552228388415e-12
            ],
            [
                0.9999898700080717,
                1.0129988101035994e-05,
                2.12976502188557e-12,
                6.914334692486602e-13,
                1.0060297615364785e-12
            ],
            [
                8.423464086581532e-12,
                5.043472014696601e-07,
                0.9999994883953138,
                7.194133313969303e-09,
                5.492788567519489e-11
            ],
            [
                1.4990749818496606e-11,
                5.62523736893924e-10,
                5.62523736893924e-10,
                0.047425875390185945,
                0.9525741234697758
            ],
            [
                1.878489667931799e-12,
                2.938452237370801e-11,
                9.539757690770937e-12,
                0.0005527785848284411,
                0.9994472213743688
            ]
        ],
        [
            [
                0.9999999983912606,
                1.6052280471482231e-09,
                0.0,
                0.0,
                3.511422095794796e-12
            ],
            [
                0.9999999847671348,
                1.5229979481325074e-08,
                1.0060392618848547e-12,
                0.0,
                1.8795287840344766e-12
            ],
            [
                2.5946096045267944e-11,
                5.043472022379299e-07,
                0.9999994899441353,
                5.60279666697409e-09,
                7.991960220227982e-11
            ],
            [
                3.5089315459335047e-12,
                1.3167168484714553e-10,
                1.5725940157974636e-11,
                0.0007096703422557484,
                0.9992903295068377
            ],
            [
                3.097105872324872e-12,
                6.220703435360257e-11,
                2.5931749978853118e-11,
                0.0005527785838821116,
                0.999447221324882
            ]
        ],
        [
            [
                0.9999999996378461,
                3.5817479182445153e-10,
                0.0,
                0.0,
                3.97896252246349e-12
            ],
            [
                0.9999999123539152,
                8.764249124965692e-08,
                1.4637786653634934e-12,
                0.0,
                2.129785391005172e-12
            ],
            [
                1.006039245441455e-12,
                3.224186628799257e-08,
                0.999999966477574,
                1.250152824333215e-09,
                2.9400776403840553e-11
            ],
            [
                4.269546761914463e-11,
                1.1011306228212496e-09,
                1.24774446187441e-09,
                0.22270014368688976,
                0.7772998539215398
            ],
            [
                3.977627284129738e-12,
                1.1624330852739027e-10,
                2.939091114307179e-11,
                0.00033535005496139144,
                0.9996646497954268
            ]
        ],
        [
            [
                0.9999999995361155,
                4.599055362726499e-10,
                0.0,
                0.0,
                3.978962522058708e-12
            ],
            [
                0.9999785550469434,
                2.144493975278546e-05,
                9.544835474663e-12,
                1.87948954286431e-12,
                1.87948954286431e-12
            ],
            [
                1.3887944153180426e-11,
                6.475946134291153e-07,
                0.9999993505431362,
                1.8189617253019454e-09,
                2.940077800299886e-11
            ],
            [
                4.490760110350852e-11,
                1.4871355069233542e-09,
                1.9095197889483953e-09,
                0.18242551445838445,
                0.8175744821000527
            ],
            [
                2.1293507521129004e-12,
                3.330864996762132e-11,
                1.081373539636388e-11,
                0.0002034270615537,
                0.9997965728921946
            ]
        ],
        [
            [
                0.9999999988943307,
                1.103256027815096e-09,
                0.0,
                0.0,
                2.4133627619272523e-12
            ],
            [
                0.9999982396502209,
                1.7603431318247344e-06,
                3.5114157694622196e-12,
                1.0060374617214413e-12,
                2.129781323177264e-12
            ],
            [
                6.560200649131433e-12,
                2.382369842171271e-07,
                0.9999997606329927,
                1.103256113231558e-09,
                2.0206840571737645e-11
            ],
            [
                1.8673983985611217e-11,
                6.183974195528979e-10,
                8.997629362715163e-10,
                0.07585817584219695,
                0.9241418226209687
            ],
            [
                8.87818148819484e-13,
                2.0206647929260555e-11,
                3.511388894582378e-12,
                1.0129988105093641e-05,
                0.999989869987289
            ]
        ],
        [
            [
                0.9999999996383138,
                3.5817479206222067e-10,
                0.0,
                0.0,
                3.5114221039052255e-12
            ],
            [
                0.9999546021144943,
                4.539785568248777e-05,
                2.0205915947808062e-11,
                4.508549261380126e-12,
                5.1088556211084715e-12
            ],
            [
                9.056060248566972e-11,
                2.2603252285256367e-06,
                0.9999977197823968,
                1.95556449371278e-08,
                2.46169240111099e-10
            ],
            [
                2.0714104546612513e-11,
                7.772910386106668e-10,
                8.807861379843839e-10,
                0.09534946996418614,
                0.9046505283570225
            ],
            [
                7.329132773537947e-12,
                2.750236783269701e-10,
                1.2991198685346458e-10,
                0.014063627288708807,
                0.9859363722990264
            ]
        ],
        [
            [
                0.9999999993257325,
                6.691586069071087e-10,
                0.0,
                0.0,
                5.109089011096852e-12
            ],
            [
                0.9999982396489377,
                1.760343132115495e-06,
                4.508747097292355e-12,
                1.2917776712037178e-12,
                2.1297813235290457e-12
            ],
            [
                2.2897349183601126e-11,
                3.927863670217259e-07,
                0.9999995999060416,
                7.1941332587877386e-09,
                9.05607727726453e-11
            ],
            [
                3.543712837146233e-11,
                1.7074564646251076e-09,
                3.1899486375273717e-09,
                0.26894140849973897,
                0.7310585865674187
            ],
            [
                7.419360189652508e-12,
                1.9134782125922813e-10,
                1.0242110815121086e-10,
                0.0019267343340279293,
                0.9980732653647838
            ]
        ],
        [
            [
                0.9999999994063709,
                5.90530398326674e-10,
                0.0,
                0.0,
                3.098819130495134e-12
            ],
            [
                0.9998766053148102,
                0.00012339462743545077,
                4.277257717434355e-11,
                8.422419824200661e-12,
                6.559387154443599e-12
            ],
            [
                8.878265369285185e-13,
                1.1861120005489716e-08,
                0.9999999878524849,
                2.789468058567325e-10,
                6.5602000874841486e-12
            ],
            [
                7.35201056626731e-12,
                1.8961085157882895e-10,
                2.1485724315123365e-10,
                0.010986942381524884,
                0.989013057206655
            ],
            [
                3.098009845869126e-12,
                7.989872699177564e-11,
                3.3306744703533345e-11,
                0.00026119032786596356,
                0.9997388095558306
            ]
        ],
        [
            [
                0.9999999999622486,
                3.775134538788692e-11,
                0.0,
                0.0,
                0.0
            ],
            [
                0.9999999969979403,
                2.9989608088498958e-09,
                0.0,
                0.0,
                3.0988191221814053e-12
            ],
            [
                5.211383161008547e-10,
                6.144171917636761e-06,
                0.9999938222060463,
                3.224168593358561e-08,
                8.592118267323262e-10
            ],
            [
                3.216233879245128e-11,
                1.3675774451076212e-09,
                1.5496682663727837e-09,
                0.1480472034535569,
                0.851952793597035
            ],
            [
                2.1256822843468166e-12,
                1.024211081694164e-10,
                2.0167911985909747e-11,
                0.0019267343330922756,
                0.998073265542193
            ]
        ],
        [
            [
                0.9999999996387263,
                3.581747920623684e-10,
                0.0,
                0.0,
                3.0988191303647233e-12
            ],
            [
                0.9999962733529599,
                3.7266391097744138e-06,
                4.508738228774889e-12,
                1.291775130330923e-12,
                2.1297771343380227e-12
            ],
            [
                4.277788301746121e-11,
                8.764249106108952e-08,
                0.9999999078019589,
                4.363462694388369e-09,
                1.4930948272512226e-10
            ],
            [
                3.49740749704438e-11,
                7.024730741731827e-10,
                7.024730741731827e-10,
                0.18242551487172803,
                0.8175744836883517
            ],
            [
                3.098009846428801e-12,
                7.989872700620986e-11,
                3.774148624431877e-11,
                0.00026119032709680186,
                0.999738809552165
            ]
        ],
        [
            [
                0.9999999996394118,
                3.5817479195122854e-10,
                0.0,
                0.0,
                2.4133627645758414e-12
            ],
            [
                0.9999999847687189,
                1.52299795011923e-08,
                6.914399996382145e-13,
                0.0,
                6.10193658003818e-13
            ],
            [
                2.0206839727280393e-11,
                3.9278636693142497e-07,
                0.9999995997531232,
                7.19413325713382e-09,
                2.461697029424964e-10
            ],
            [
                1.066382526077972e-11,
                3.531373931192404e-10,
                1.668102930316841e-10,
                0.014063627291930565,
                0.9859363721774579
            ],
            [
                1.0743547722169218e-11,
                3.5577743845941303e-10,
                7.938467682064697e-11,
                0.00669285142100478,
                0.9933071481330895
            ]
        ],
        [
            [
                0.9999999999450722,
                5.492788345305088e-11,
                0.0,
                0.0,
                0.0
            ],
            [
                0.9999970976825935,
                2.902312197559366e-06,
                3.5114088303052085e-12,
                6.914373951021982e-13,
                1.0060354736196715e-12
            ],
            [
                6.914399929477579e-13,
                2.510999091297538e-08,
                0.9999999744249033,
                4.599055260614537e-10,
                4.508755126574658e-12
            ],
            [
                3.497131853330623e-12,
                1.4870183030050295e-10,
                6.198814530895848e-11,
                0.004070137773606687,
                0.9959298620122061
            ],
            [
                1.4637116436984078e-12,
                2.939943426440408e-11,
                4.508549266877342e-12,
                4.5397855737840796e-05,
                0.9999546021088904
            ]
        ],
        [
            [
                0.9999999976616722,
                2.335593028523939e-09,
                0.0,
                0.0,
                2.73469827956062e-12
            ],
            [
                0.9999952148923335,
                4.785094842122649e-06,
                7.433638551639977e-12,
                1.8795181667552326e-12,
                3.511402216960885e-12
            ],
            [
                2.2897306736356836e-11,
                1.0677030828659156e-06,
                0.9999988190698927,
                1.1253496967461804e-07,
                6.691573898892746e-10
            ],
            [
                5.778203526212578e-12,
                1.6886385959576878e-10,
                4.8380305790513396e-11,
                0.0019267343335565108,
                0.9980732654434211
            ],
            [
                8.330919400362237e-12,
                3.12615444163542e-10,
                1.4766907969313352e-10,
                0.010986942371571355,
                0.9890130571598132
            ]
        ],
        [
            [
                0.9999999996373163,
                3.581747920618634e-10,
                0.0,
                0.0,
                4.5087552301289555e-12
            ],
            [
                0.9999993524007257,
                6.475946135948167e-07,
                2.4133628225352273e-12,
                7.835041949669727e-13,
                1.4637785448782346e-12
            ],
            [
                0.0,
                4.2777878673569027e-11,
                0.9999999999392355,
                1.7832472901426176e-11,
                1.5428112026104753e-13
            ],
            [
                6.620527170981247e-11,
                1.934801648261325e-09,
                4.641347872740912e-09,
                0.26894140803998023,
                0.731058585317665
            ],
            [
                8.877605834218146e-13,
                2.2895647211534227e-11,
                7.433128358990906e-12,
                7.484619710956814e-05,
                0.9999251537716739
            ]
        ],
        [
            [
                0.9999999998272988,
