{
    "[['A', 'B', 'C', 'D', 'E'], ['A', 'B', 'C', 'D', 'E']]": [
        [
            [
                0.9999999998616746,
                1.3176514233400204e-10,
                0.0,
                0.0,
                6.560200149884284e-12
            ],
            [
                0.9988304690301469,
                0.0011695103335387536,
                1.045515054307704e-08,
                2.9954507824869936e-09,
                7.18571287640246e-09
            ],
            [
                1.463778622823485e-12,
                2.382369844412331e-07,
                0.9999997616111024,
                1.4930947870717058e-10,
                1.1399919376981128e-12
            ],
            [
                0.9999999864965666,
                1.3440409672951245e-08,
                1.5737101781143186e-11,
                4.5087551489745645e-12,
                4.2777877804292e-11
            ],
            [
                0.999999998719922,
                1.2501528599724334e-09,
                3.9789625154219e-12,
                0.0,
                2.5946094849639925e-11
            ]
        ],
        [
            [
                0.999999999922911,
                7.05287981568259e-11,
                0.0,
                0.0,
                6.5602001351991446e-12
            ],
            [
                0.999290314099221,
                0.0007096703380464946,
                5.598822401533761e-09,
                1.8176715069591363e-09,
                8.146238526203681e-09
            ],
            [
                3.2661313402599456e-13,
                5.905303994374209e-10,
                0.9999999993754576,
                3.33154453958829e-11,
                3.7010116757286375e-13
            ],
            [
                0.999999999477853,
                4.599055347043806e-10,
                0.0,
                0.0,
                6.224144580130316e-11
            ],
            [
                0.9999999993948003,
                5.90530396960258e-10,
                2.41336275984203e-12,
                0.0,
                1.2256067383203228e-11
            ]
        ],
        [
            [
                0.999999999777647,
                2.1724399251166089e-10,
                0.0,
                0.0,
                5.109089004633987e-12
            ],
            [
                5.693962811638548e-06,
                0.4377514342375587,
                0.5620839684438748,
                0.00014684923638801447,
                1.2054119366830758e-05
            ],
            [
                6.420392829809097e-07,
                0.008577465446220053,
                0.9914204217477325,
                1.3591971727365756e-06,
                1.1156959165258416e-07
            ],
            [
                0.9999999991898743,
                5.905303978531179e-10,
                1.4637785090660667e-12,
                8.878265447770164e-13,
                2.1724399275695452e-10
            ],
            [
                0.9999999993959219,
                5.905303972636972e-10,
                1.2917799990313487e-12,
                0.0,
                1.2256067389500908e-11
            ]
        ],
        [
            [
                0.9999999995198876,
                4.59905534724577e-10,
                0.0,
                0.0,
                2.0206838952231436e-11
            ],
            [
                0.8175731249812405,
                0.18242521213312027,
                1.2700998941985273e-06,
                3.211315438808069e-07,
                7.165420114957568e-08
            ],
            [
                7.835041708585261e-13,
                9.237449571802334e-09,
                0.9999999906447011,
                1.1628232916715881e-10,
                7.835041708585261e-13
            ],
            [
                2.978500585927105e-06,
                0.6224506907784373,
                0.3775354171466406,
                1.0395988543886639e-05,
                5.175857923860145e-07
            ],
            [
                0.9999999988809765,
                1.1032560249276655e-09,
                1.879528803905229e-12,
                0.0,
                1.3887943771611763e-11
            ]
        ],
        [
            [
                0.9999999995595277,
                4.0586521152086097e-10,
                1.2917800011999305e-12,
                0.0,
                3.3315445329178265e-11
            ],
            [
                0.9959298560566311,
                0.004070137772286788,
                4.345704447569272e-09,
                9.696577293438753e-10,
                8.557199427131819e-10
            ],
            [
                1.2917799358419344e-12,
                5.315784970713708e-08,
                0.9999999467604004,
                7.991959466412126e-11,
                5.384939930352427e-13
            ],
            [
                0.9999999965369573,
                3.3982678022717298e-09,
                7.433680634676283e-12,
                2.413362759601638e-12,
                5.4927883231157455e-11
            ],
            [
                0.9999999997705,
                2.1724399262149367e-10,
                0.0,
                0.0,
                1.2256067394091764e-11
            ]
        ],
        [
            [
                0.9999999997186397,
                2.789468085565413e-10,
                0.0,
                0.0,
                2.4133627655144385e-12
            ],
            [
                0.9890130156960726,
                0.010986941932994494,
                2.8140744189116373e-08,
                7.1150943864209524e-09,
                7.1150943864209524e-09
            ],
            [
                1.8429728347224712e-07,
                0.006692848580747408,
                0.9933068370808995,
                1.266655470407761e-07,
                3.3755224922523562e-09
            ],
            [
                0.9999946502130553,
                4.785090415450508e-06,
                1.344033417919706e-08,
                4.691137574829414e-08,
                5.043448192468928e-07
            ],
            [
                0.9999999996545113,
                3.1608814410499047e-10,
                0.0,
                0.0,
                2.940077726947228e-11
            ]
        ],
        [
            [
                0.9999999997823368,
                1.9171715025994924e-10,
                0.0,
                0.0,
                2.5946094831746467e-11
            ],
            [
                0.0014569416022963573,
                0.9690726102773523,
                0.02926345572064833,
                0.00019717560440598184,
                9.816795297035514e-06
            ],
            [
                1.2256068370723408e-11,
                8.315279889642998e-07,
                0.9999991670171999,
                1.4166088937463595e-09,
                2.5946096944427532e-11
            ],
            [
                0.06008496639101339,
                0.9398869456233471,
                2.5881156937238617e-05,
                2.124454731578141e-06,
                8.237397073331833e-08
            ],
            [
                0.9999999998771743,
                1.0261879590925617e-10,
                0.0,
                0.0,
                2.0206839009928928e-11
            ]
        ],
        [
            [
                0.9999999976580145,
                2.3355930271480933e-09,
                2.4133627597940112e-12,
                0.0,
                3.97896251598795e-12
            ],
            [
                6.77813718536119e-05,
                0.6223681980174217,
                0.37748540794168606,
                7.680635666266763e-05,
                1.8063123761186096e-06
            ],
            [
                1.74823412197511e-13,
                3.3982678072568284e-09,
                0.9999999965678719,
                3.331544530168461e-11,
                3.7010116652641525e-13
            ],
            [
                0.9957595484207634,
                1.2952139432701068e-05,
                2.6881307797354767e-07,
                0.00015778936041707008,
                0.0040694412663087945
            ],
            [
                0.9999999996284292,
                3.5817479062125064e-10,
                1.1399918453831873e-12,
                0.0,
                1.2256067361734164e-11
            ]
        ],
        [
            [
                0.999999999131691,
                8.592166588973652e-10,
                1.6586783530841716e-12,
                0.0,
                7.433680646223674e-12
            ],
            [
                0.010957612772556302,
                0.9863727483829744,
                0.002444973617639566,
                0.00020069556034028914,
                2.3969666489393264e-05
            ],
            [
                8.591937636240397e-10,
                2.7535689237853073e-05,
                0.9999724432272677,
                1.9555159925095546e-08,
                6.691407759204697e-10
            ],
            [
                0.9999994887417414,
                5.043472004062792e-07,
                3.1608815722736355e-10,
                2.4616970436826807e-10,
                6.34880035297256e-09
            ],
            [
                0.9999999993846929,
                5.905303975242658e-10,
                1.8795288089954533e-12,
                0.0,
                2.2897348364555305e-11
            ]
        ],
        [
            [
                0.999999999398461,
                5.905303957900174e-10,
                1.4637785039521518e-12,
                0.0,
                9.545034856499399e-12
            ],
            [
                0.09533681048635696,
                0.9045303593299998,
                0.00011162787168228486,
                1.9398015461210914e-05,
                1.804296499825086e-06
            ],
            [
                6.344297332911677e-09,
                0.0007096703766059549,
                0.9992902536558683,
                6.820762428252249e-08,
                1.4156040799218388e-09
            ],
            [
                0.9999999993278914,
                5.905303961888818e-10,
                1.6586783485061821e-12,
                0.0,
                7.991959842805143e-11
            ],
            [
                0.9999999996568258,
                3.1608814355191844e-10,
                1.1399918462659974e-12,
                0.0,
                2.594609482848995e-11
            ]
        ],
        [
            [
                0.9999999996390905,
                3.5817479151945034e-10,
                0.0,
                0.0,
                2.734698280071527e-12
            ],
            [
                0.9999999397387683,
                6.023574620668909e-08,
                1.2256069036814128e-11,
                2.4133630854573226e-12,
                1.0815942962851434e-11
            ],
            [
                5.384940891246969e-13,
                6.825604230011132e-08,
                0.999999931626249,
                1.162823448456075e-10,
                8.878266588861784e-13
            ],
            [
                0.9999992624094723,
                6.475946321780069e-07,
                1.1032560871804324e-09,
                1.2501529285250665e-09,
                8.764248655066918e-08
            ],
            [
                0.9999999998199942,
                1.6918979157930403e-10,
                0.0,
                0.0,
                1.0815941513673529e-11
            ]
        ],
        [
            [
                0.9999999992393305,
                7.582560392945601e-10,
                0.0,
                0.0,
                2.413362760704205e-12
            ],
            [
                0.9999785546428953,
                2.144493973357178e-05,
                2.4616455112468947e-10,
                5.492673571531831e-11,
                1.1627990042180885e-10
            ],
            [
                5.665971187180169e-07,
                0.00857746523933874,
                0.9914201552511752,
                1.7452419916236458e-06,
                6.767037569986369e-08
            ],
            [
                0.9999959522002563,
                3.726639236153549e-06,
                3.398255111576279e-09,
                1.186107579634897e-08,
                3.0590117657143133e-07
            ],
            [
                0.9999999998212898,
                1.4930946675648274e-10,
                0.0,
                0.0,
                2.940077722286394e-11
            ]
        ],
        [
            [
                0.9999999979238556,
                2.0611536102223348e-09,
                2.7346982753836287e-12,
                0.0,
                1.2256067371459165e-11
            ],
            [
                0.9999999983691401,
                1.6052280471127147e-09,
                2.7346982778387274e-12,
                0.0,
                2.289734834130184e-11
            ],
            [
                9.73575599151236e-10,
                4.539785789007913e-05,
                0.9999545310967368,
                6.825291882917109e-08,
                1.8188786773689506e-09
            ],
            [
                5.466920904563129e-05,
                0.2686866298940383,
                0.7303659566153814,
                0.0008551707202776193,
                3.757356125704483e-05
            ],
            [
                0.9999999973205143,
                2.6465736127778582e-09,
                3.511422078706069e-12,
                0.0,
                2.940077710255266e-11
            ]
        ],
        [
            [
                0.999999999670024,
                3.160881427503107e-10,
                0.0,
                0.0,
                1.3887943747166529e-11
            ],
            [
                0.9999982394635196,
                1.7603431263086021e-06,
                1.0261861059910628e-10,
                2.020680252019688e-11,
                7.052867086919137e-11
            ],
            [
                1.879529054573152e-12,
                1.8553915975931448e-07,
                0.9999998140465353,
                4.058652640486158e-10,
                6.560200998974315e-12
            ],
            [
                4.800415933286191e-06,
                0.15384529604601663,
                0.6894868292780766,
                0.15384529870105418,
                0.0028177755589192106
            ],
            [
                0.9999999990010693,
                9.736200241470585e-10,
                2.4133627541004737e-12,
                0.0,
                2.2897348288211976e-11
            ]
        ],
        [
            [
                0.999999999626088,
                3.5817479031763513e-10,
                0.0,
                0.0,
                1.5737101987763804e-11
            ],
            [
                0.9770224964251641,
                0.022977367338689256,
                8.562873942712115e-08,
                3.150105280866438e-08,
                1.910635434168171e-08
            ],
            [
                6.812453854743078e-08,
                0.0019267342278766453,
                0.998073081937488,
                1.1231837575977995e-07,
                3.391721058190119e-09
            ],
            [
                0.003298967989312044,
                0.9147125224727023,
                0.05847561076499451,
                0.021511973542062964,
                0.002000925230928294
            ],
            [
                0.9999999996981559,
                2.789468074312538e-10,
                0.0,
                0.0,
                2.2897348304135432e-11
            ]
        ],
        [
            [
                0.9999999985539336,
                1.4166087766577152e-09,
                3.511422088624979e-12,
                0.0,
                2.5946094799874203e-11
            ],
            [
                0.9999991679239183,
                8.315279885881659e-07,
                6.224145090670808e-11,
                2.594609693269106e-11,
                4.59905572428504e-10
            ],
            [
                1.103216169685775e-09,
                3.53562570375904e-05,
                0.9999646306297507,
                1.1860691587384417e-08,
                1.4930407279563535e-10
            ],
            [
                0.9999999772536945,
                2.2159489145164348e-08,
                4.277787747697554e-11,
                2.289734780733627e-11,
                5.211412340149676e-10
            ],
            [
                0.9999999997960269,
                1.9171715038879012e-10,
                0.0,
                0.0,
                1.2256067381000058e-11
            ]
        ],
        [
            [
                0.999999999778777,
                2.172439923853722e-10,
                0.0,
                0.0,
                3.978962515277395e-12
            ],
            [
                0.9999869926149229,
                1.3007124750415147e-05,
                1.3176339117077156e-10,
                2.5945750086022138e-11,
                1.0261743222394073e-10
            ],
            [
                5.384940042791169e-13,
                3.224186632499219e-08,
                0.9999999676406214,
                1.162823265240638e-10,
                6.914399882283437e-13
            ],
            [
                0.0010558771403352443,
                0.02723142386756155,
                0.03496584037854623,
                0.901781014762486,
                0.034965843851070946
            ],
            [
                0.999999999380069,
                5.90530395778292e-10,
                0.0,
                0.0,
                2.940077718791558e-11
            ]
        ],
        [
            [
                0.999999999471425,
                5.211412462394115e-10,
                0.0,
                0.0,
                7.433680635986346e-12
            ],
            [
                0.0024486083643803975,
                0.46662215299372534,
                0.46662215590834644,
                0.06315044204145258,
                0.0011566406920951826
            ],
            [
                2.7939547379498673e-06,
                0.0373264905162773,
                0.9626627870822836,
                7.594756393706177e-06,
                3.336903075562174e-07
            ],
            [
                0.9999999942178455,
                5.6027963949497615e-09,
                7.433680615847918e-12,
                2.7346982708051153e-12,
                1.6918979097548177e-10
            ],
            [
                0.9999999997244295,
                2.461696940395492e-10,
                0.0,
                0.0,
                2.940077725645356e-11
            ]
        ],
        [
            [
                0.9999999991205764,
                8.592166563477795e-10,
                0.0,
                0.0,
                2.0206838959236993e-11
            ],
            [
                0.11911483669890778,
                0.8801460795619354,
                0.0006250572678705708,
                0.00010861866632023031,
                5.4078049661115065e-06
            ],
            [
                9.735848581538162e-10,
                3.535625723822931e-05,
                0.9999646363043281,
                6.348570758313283e-09,
                1.1627812946884344e-10
            ],
            [
                0.9999999916004046,
                8.152020587349772e-09,
                2.2897348099400498e-11,
                7.433680556433391e-12,
                2.172439901202579e-10
            ],
            [
                0.9999999994916209,
                4.599055350546682e-10,
                0.0,
                0.0,
                4.847368676647135e-11
            ]
        ],
        [
            [
                0.9999999997183184,
                2.789468082603823e-10,
                0.0,
                0.0,
                2.734698281528323e-12
            ],
            [
                0.3207937302090038,
                0.6791203268491405,
                6.52713598735966e-05,
                1.8700557701373154e-05,
                1.971024280599131e-06
            ],
            [
                6.011969697502268e-08,
                0.0019267343084581063,
                0.9980728884208523,
                3.053127224584121e-07,
                1.183827024412023e-08
            ],
            [
                1.0022472910522099e-06,
                0.26894038413104265,
                0.7310557150666034,
                2.7243905988895257e-06,
                1.7416446407866854e-07
            ],
            [
                0.9999999987043346,
                1.2501528568299922e-09,
                2.734698270686568e-12,
                0.0,
                4.2777878362675966e-11
            ]
        ],
        [
            [
                0.9999999992321988,
                7.582560384598415e-10,
                0.0,
                0.0,
                9.545034868316987e-12
            ],
            [
                0.9706858526008922,
                0.029312172125848492,
                9.146240944332873e-07,
                6.286113342279001e-07,
                4.320378305413242e-07
            ],
            [
                2.838299535622892e-08,
                0.002472623325287881,
                0.9975272791039222,
                6.808726632884042e-08,
                1.1005281608292208e-09
            ],
            [
                0.9999999993892628,
                5.905303962251234e-10,
                0.0,
                0.0,
                2.0206838964666297e-11
            ],
            [
                0.9999999994344222,
                5.211412447449486e-10,
                1.6586783460433667e-12,
                0.0,
                4.2777878357746015e-11
            ]
        ],
        [
            [
                0.9999999997753224,
                2.172439923849397e-10,
                0.0,
                0.0,
                7.433680633926542e-12
            ],
            [
                0.679163330465205,
                0.32081404976717676,
                1.8701753643824298e-05,
                3.6825936392615824e-06,
                2.3542033505141858e-07
            ],
            [
                2.3334645691260297e-09,
                0.0009110513893708141,
                0.9990889308440184,
                1.5216100378969883e-08,
                2.1704601498843862e-10
            ],
            [
                0.9999999582365391,
                4.139937516103779e-08,
                6.22414431818864e-11,
                2.289734733545645e-11,
                2.7894679563032796e-10
            ],
            [
                0.9999999977622229,
                2.0611536029979424e-09,
                7.43368060223838e-12,
                0.0,
                1.6918979066573014e-10
            ]
        ],
        [
            [
                0.9999999996794031,
                3.160881443820964e-10,
                0.0,
                0.0,
                4.508755227327752e-12
            ],
            [
                0.9959298525946744,
                0.004070137750339872,
                7.1648553368387965e-09,
                1.245065166134445e-09,
                1.245065166134445e-09
            ],
            [
                2.6462455294990894e-09,
                0.00012339462347737683,
                0.9998765606669567,
                4.139424469313287e-08,
                6.69075650078667e-10
            ],
            [
                0.9999999906811848,
                9.237449562802655e-09,
                8.423463664039193e-12,
                2.4133627459247413e-12,
                7.052879775396505e-11
            ],
            [
                0.9999999990075439,
                9.736200270260596e-10,
                3.098819125115766e-12,
                0.0,
                1.573710203776563e-11
            ]
        ],
        [
            [
                0.9999999994036803,
                5.905303975354786e-10,
                0.0,
                0.0,
                5.789356305604561e-12
            ],
            [
                0.9988304525165482,
                0.0011695103097964102,
                1.045515036604791e-08,
                7.1857127547322375e-09,
                1.9532792405715028e-08
            ],
            [
                5.600916498684826e-09,
                0.0003353500709110256,
                0.9996645734493554,
                6.823313141963232e-08,
                2.6456856186740255e-09
            ],
            [
                0.999999017779554,
                8.315279613690815e-07,
                1.2501505349419926e-09,
                4.944441280895783e-09,
                1.444978929364147e-07
            ],
            [
                0.9999999997753224,
                2.1724399272043024e-10,
                0.0,
                0.0,
                7.433680645406395e-12
            ]
        ],
        [
            [
                0.9999999994020361,
                5.905303983241141e-10,
                0.0,
                0.0,
                7.433680652585157e-12
            ],
            [
                0.994779865502695,
                0.005220125655781566,
                7.156578668632954e-09,
                1.097496884451329e-09,
                5.874477501665595e-10
            ],
            [
                3.646443870224786e-08,
                0.0019267342653122568,
                0.9980729865575415,
                2.3777778233905107e-07,
                4.934925139832816e-09
            ],
            [
                1.416568431831175e-09,
                2.7535691181364353e-05,
                0.9999722750226959,
                1.8553402776321813e-07,
                2.335526504962383e-09
            ],
            [
                0.9999999998129778,
                1.6918979149161753e-10,
                0.0,
                0.0,
                1.7832472827e-11
            ]
        ],
        [
            [
                0.9999999994753472,
                5.211412465077909e-10,
                0.0,
                0.0,
                3.51142209800683e-12
            ],
            [
                0.2689189150384299,
                0.7309974352972007,
                5.471651713078542e-05,
                2.5846252575063786e-05,
                3.086894663611213e-06
            ],
            [
                2.645110255721534e-09,
                0.0005527785549494444,
                0.9994471645688345,
                5.3128459707197246e-08,
                1.1026460034724145e-09
            ],
            [
                3.443403725547533e-06,
                0.075846015533616,
                0.923993517380312,
                0.00014641725217332834,
                1.060643017305863e-05
            ],
            [
                0.9999999998017226,
                1.917171506863118e-10,
                0.0,
                0.0,
                6.5602001445597215e-12
            ]
        ],
        [
            [
                0.9999999998247444,
                1.4930946701859686e-10,
                0.0,
                0.0,
                2.5946094878305753e-11
            ],
            [
                0.9999989320805184,
                1.0677030732836211e-06,
                7.991945259483507e-11,
                2.0206802091014698e-11,
                1.1628211738647137e-10
            ],
            [
                6.3460639352249106e-09,
                0.0004305571106678457,
                0.9995694165903247,
                1.9547253057590836e-08,
                4.056902944599506e-10
            ],
            [
                0.9999999462892887,
                5.315784956494304e-08,
                1.7832471908702186e-11,
                1.3887943086596094e-11,
                5.21141219580813e-10
            ],
            [
                0.9999999976239209,
                2.335593024256017e-09,
                2.734698274563398e-12,
                0.0,
                3.775134520772011e-11
            ]
        ],
        [
            [
                0.9999999996814986,
                3.160881441135209e-10,
                0.0,
                0.0,
                2.413362761771317e-12
            ],
            [
                0.00017331125616007302,
                0.8517845603747158,
                0.14801796495769176,
                2.3455127940516615e-05,
                7.082834916393159e-07
            ],
            [
                1.317628879850929e-10,
                1.6701414996985633e-05,
                0.9999832920423083,
                6.348691477749581e-09,
                6.224038117671879e-11
            ],
            [
                0.9999999824737051,
                1.7257827588802336e-08,
                1.573710174287803e-11,
                6.56020001642231e-12,
                2.461696894878571e-10
            ],
            [
                0.9999999995023432,
                4.5990553536237643e-10,
                0.0,
                0.0,
                3.775134523734411e-11
            ]
        ],
        [
            [
                0.9999999993185855,
                6.691586044249495e-10,
                0.0,
                0.0,
                1.2256067357936699e-11
            ],
            [
                0.010982103526356654,
                0.988577319870466,
                0.0004258223508311258,
                1.4570832632575142e-05,
                1.8341971376955492e-07
            ],
            [
                2.4616642260536485e-10,
                1.300712473525097e-05,
                0.9999869905130448,
                2.061126221493734e-09,
                5.492715329910111e-11
            ],
            [
                0.9999999982177386,
                1.6052280490160538e-09,
                5.109089008426975e-12,
                2.7346982810812936e-12,
                1.6918979161124643e-10
            ],
            [
                0.9999999995867013,
                4.058652109164192e-10,
                0.0,
                0.0,
                7.433680640645068e-12
            ]
        ],
        [
            [
                0.9999999996773516,
                3.160881448816107e-10,
                0.0,
                0.0,
                6.560200156743904e-12
            ],
            [
                0.817486484850928,
                0.18240588916850295,
                2.8904281963731148e-05,
                6.119036539739628e-05,
                1.753133320798182e-05
            ],
            [
                4.193795575608003e-13,
                1.955568070188656e-08,
                0.9999999803950995,
                4.847368610599361e-11,
                3.266131278324906e-13
            ],
            [
                0.9999999115278817,
                8.764249117726128e-08,
                4.847369203096262e-11,
                2.289735080329541e-11,
                7.58256120507854e-10
            ],
            [
                0.9999999996239928,
                3.581747911226643e-10,
                0.0,
                0.0,
                1.7832472813269474e-11
            ]
        ],
        [
            [
                0.9999999981634216,
                1.818961678031061e-09,
                1.879528806700039e-12,
                0.0,
                1.573710202448159e-11
            ],
            [
                0.9770226048808359,
                0.022977367191829495,
                2.1650335766685592e-08,
                4.263203884551339e-09,
                2.0137949225776184e-09
            ],
            [
                9.359343370793669e-07,
                0.0066928196812138015,
                0.9933023338571598,
                3.701692110764705e-06,
                2.0883517852093367e-07
            ],
            [
                0.002963248318778924,
                0.9310251602360905,
                0.036099763354442226,
                0.028114527133007137,
                0.0017973009576813328
            ],
            [
                0.9999999994649706,
                5.211412465032476e-10,
                0.0,
                0.0,
                1.3887943804054675e-11
            ]
        ],
        [
            [
                0.9999999983842187,
                1.6052280471369193e-09,
                2.1297851602769376e-12,
                0.0,
                8.423463712232986e-12
            ],
            [
                0.679168020519745,
                0.3208162555040655,
                1.1343263596710997e-05,
                4.172953473018406e-06,
                2.0775911985708268e-07
            ],
            [
                3.7010116213357764e-13,
                1.5229979509095605e-08,
                0.9999999846985832,
                7.05287974199983e-11,
                5.384940134445744e-13
            ],
            [
                0.9999999929678428,
                4.944450450365924e-09,
                1.5737101942718237e-11,
                1.0815941444470825e-11,
                2.0611536009398496e-09
            ],
            [
                0.9999999998199942,
                1.6918979139450738e-10,
                0.0,
                0.0,
                1.0815941501859875e-11
            ]
        ],
        [
            [
                0.9999999997507314,
                2.4616969446866986e-10,
                0.0,
                0.0,
                3.098819129748134e-12
            ],
            [
                0.6224448707385996,
                0.3775319072382252,
                1.71399237797675e-05,
                5.564518545435571e-06,
                5.175808502069538e-07
            ],
            [
                5.983256999711672e-08,
                0.006692848825765903,
                0.9933069906470754,
                9.864723083490064e-08,
                2.0473579590523797e-09
            ],
            [
                0.9999999984301249,
                1.1032560288406022e-09,
                3.978962523203624e-12,
                2.7346982829089257e-12,
                4.599055364049842e-10
            ],
            [
                0.9999999996189279,
                3.581747908850472e-10,
                0.0,
                0.0,
                2.289734831944081e-11
            ]
        ],
        [
            [
                0.9999999997008462,
                2.789468078242058e-10,
                0.0,
                0.0,
                2.0206838984265504e-11
            ],
            [
                0.013957976365852361,
                0.9785294945041905,
                0.006593280437201916,
                0.0008923034754271388,
                2.6945217328056745e-05
            ],
            [
                1.1231838230643107e-07,
                0.0019267343367313176,
                0.9980729021525782,
                2.377777904459434e-07,
                1.3414517789773263e-08
            ],
            [
                0.9999999926897242,
                7.194132942163253e-09,
                9.545034805868838e-12,
                3.978962487076143e-12,
                1.0261879505945364e-10
            ],
            [
                0.9999999996743669,
                3.1608814376555836e-10,
                0.0,
                0.0,
                9.545034872537497e-12
            ]
        ],
        [
            [
                0.9999999993779392,
                5.905303957778987e-10,
                2.1297851561093488e-12,
                0.0,
                2.9400777187895995e-11
            ],
            [
                0.9998415603078087,
                0.0001584362460750352,
                2.6461547762749714e-09,
                2.7890266149005555e-10,
                5.210587698458839e-10
            ],
            [
                3.7010116054962704e-13,
                1.9555680701618285e-08,
                0.9999999803813809,
                6.224144499978536e-11,
                3.266131278280099e-13
            ],
            [
                0.9999999964802158,
                2.64657362341243e-09,
                7.433680628825183e-12,
                6.560200129741332e-12,
                8.592166568863732e-10
            ],
            [
                0.9999999987177117,
                1.2501528557899201e-09,
                2.73469826841142e-12,
                0.0,
                2.940077714363135e-11
            ]
        ],
        [
            [
                0.999999999855979,
                1.317651420304715e-10,
                0.0,
                0.0,
                1.2256067381734834e-11
            ],
            [
                0.9933067902613981,
                0.0066928482590133545,
                8.705586795609977e-08,
                1.1178194712744402e-07,
                1.6264177337973676e-07
            ],
            [
                6.347141814087134e-09,
                0.00026119031949116775,
                0.9997386539299262,
                1.444602818323601e-07,
                4.943159015076318e-09
            ],
            [
                0.9999997591875533,
                2.3823698318969764e-07,
                1.493094779227999e-10,
                9.05607761458647e-11,
                2.3355931999666795e-09
            ],
            [
                0.9999999997674354,
                1.1628232943861599e-10,
                0.0,
                0.0,
                1.1628232943861599e-10
            ]
        ],
        [
            [
                0.9999999999337794,
                6.224144598528042e-11,
                0.0,
                0.0,
                3.978962520251793e-12
            ],
            [
                0.008549747888335969,
                0.9882164284178201,
                0.0031452762320489376,
                8.381873248970183e-05,
                4.728729305168814e-06
            ],
            [
                6.014526746707043e-08,
                0.0015011811265384293,
                0.998498089979423,
                6.466225636185635e-07,
                2.2126207384892802e-08
            ],
            [
                0.7772992408072138,
                0.22269996878465245,
                5.033751006903236e-07,
                2.0983796112964082e-07,
                7.71950718769271e-08
            ],
            [
                0.9999999997184867,
                2.1724399305158615e-10,
                1.139991850649831e-12,
                8.878265459811085e-13,
                6.224144609834123e-11
            ]
        ],
        [
            [
                0.9999999994473281,
                5.211412455809855e-10,
                2.12978515784596e-12,
                0.0,
                2.940077721186917e-11
            ],
            [
                0.9999832984858569,
                1.670141508547531e-05,
                3.3314875516730315e-11,
                1.0815756536242774e-11,
                5.4926943895160193e-11
            ],
            [
                1.291779997262306e-12,
                5.602796404905006e-09,
                0.999999994292001,
                1.0261879571933817e-10,
                1.291779997262306e-12
            ],
            [
                8.640756590141232e-08,
