{
    "[['A', 'B', 'C', 'D', 'E'], ['A', 'B', 'C', 'D', 'E']]": [
        [
            [
                0.9999996940938826,
                3.0590235844982747e-07,
                1.879529049699664e-12,
                0.0,
                1.879529049699664e-12
            ],
            [
                0.9999646437180952,
                3.535625746285909e-05,
                1.7831828802776174e-11,
                3.0987072099916457e-12,
                3.5112952815090546e-12
            ],
            [
                0.0,
                8.42346375090716e-12,
                0.9999999999830596,
                8.42346375090716e-12,
                9.357622964883719e-14
            ],
            [
                3.50465759558536e-12,
                6.212154228225251e-11,
                1.779811985221846e-11,
                0.0019267343417014977,
                0.9980732655748741
            ],
            [
                6.914400261150706e-13,
                6.560200314464631e-12,
                1.2917800335963111e-12,
                6.475946144327637e-07,
                0.9999993523968421
            ]
        ],
        [
            [
                0.9999999804411479,
                1.9555680665056558e-08,
                1.291779976857705e-12,
                0.0,
                1.8795287759036595e-12
            ],
            [
                0.9984988178386168,
                0.0015011820279364713,
                1.1610769603099761e-10,
                1.22376611273318e-11,
                5.101416133680707e-12
            ],
            [
                0.0,
                4.847368705446668e-11,
                0.9999999999463782,
                5.10908902719527e-12,
                3.900837609517947e-14
            ],
            [
                1.1399723532987528e-12,
                1.3887706309430983e-11,
                2.4133214908714493e-12,
                1.6701415104943903e-05,
                0.999983298567454
            ],
            [
                7.835042417750874e-13,
                8.423464434670721e-12,
                1.2917801090983625e-12,
                1.1253518380657301e-07,
                0.9999998874543174
            ]
        ],
        [
            [
                0.9999996072050172,
                3.927863691455272e-07,
                4.508755409857186e-12,
                1.0060393166715333e-12,
                3.0988192538856396e-12
            ],
            [
                0.9999546021298877,
                4.539785570329737e-05,
                1.0815447439716006e-11,
                2.1296878734373904e-12,
                1.4637116425846632e-12
            ],
            [
                8.592101043828727e-10,
                7.889264615937649e-06,
                0.9999920559604769,
                5.3157446843948246e-08,
                7.582502557872721e-10
            ],
            [
                2.7344951059887797e-12,
                3.331297011428152e-11,
                9.54432573540181e-12,
                7.484619786913566e-05,
                0.9999251537565391
            ],
            [
                3.266131206387716e-13,
                3.5114219667329804e-12,
                4.752192864310715e-13,
                4.139937545893653e-08,
                0.9999999585963113
            ]
        ],
        [
            [
                0.9999999530873561,
                4.691163794229123e-08,
                0.0,
                0.0,
                1.006039230472432e-12
            ],
            [
                0.9999869928690746,
                1.3007124766919267e-05,
                3.978909649257373e-12,
                8.878147472549306e-13,
                1.2917628350273523e-12
            ],
            [
                0.0,
                2.9400777383415985e-11,
                0.9999999999582498,
                1.2256067440168998e-11,
                9.357622965839213e-14
            ],
            [
                6.5525221318352685e-12,
                7.9826061298459e-11,
                4.272781160365765e-11,
                0.0011695103520674758,
                0.9988304895188261
            ],
            [
                6.101832304277938e-13,
                8.423319671534552e-12,
                2.1297487410849664e-12,
                1.6701415108473367e-05,
                0.9999832985737283
            ]
        ],
        [
            [
                0.9999982396451391,
                1.7603431306811683e-06,
                6.560188311899874e-12,
                1.6586753611837863e-12,
                3.51141576718111e-12
            ],
            [
                0.9999991684679054,
                8.315279896608368e-07,
                3.0988193756047986e-12,
                0.0,
                1.0060393561879585e-12
            ],
            [
                1.7832440674176082e-11,
                1.7603431301549376e-06,
                0.9999982375639996,
                2.0611498966981626e-09,
                1.3887918761122702e-11
            ],
            [
                2.7322061579176996e-12,
                5.487782766661667e-11,
                1.3875287765869892e-11,
                0.0009110514104379906,
                0.9990889485180766
            ],
            [
                8.878249728520144e-13,
                1.2256045701978639e-11,
                2.413358490555776e-12,
                1.3709566543186387e-06,
                0.9999986290277885
            ]
        ],
        [
            [
                0.9999999918463208,
                8.152020626426282e-09,
                0.0,
                0.0,
                1.6586783410000857e-12
            ],
            [
                0.9999921107119916,
                7.889265032666129e-06,
                1.573698283269064e-11,
                2.1297690289518994e-12,
                5.1090503054090084e-12
            ],
            [
                1.4164737238489268e-09,
                9.610239690131151e-05,
                0.9999038737131899,
                2.2157377035793977e-08,
                3.160580088484538e-10
            ],
            [
                1.1399397739379178e-12,
                2.02059159659727e-11,
                4.508549265433204e-12,
                4.539785614265977e-05,
                0.9999546021180029
            ],
            [
                8.878266159475775e-13,
                7.433681242560003e-12,
                1.4637786264064848e-12,
                8.315279898795336e-07,
                0.9999991684622248
            ]
        ],
        [
            [
                0.9999999865585842,
                1.3440409746029294e-08,
                0.0,
                0.0,
                1.006039263930778e-12
            ],
            [
                0.9999991684664989,
                8.315279888616116e-07,
                3.098819372626361e-12,
                0.0,
                2.413362953998249e-12
            ],
            [
                0.0,
                4.277787867380904e-11,
                0.9999999999448461,
                1.2256067439549516e-11,
                1.2015425727311155e-13
            ],
            [
                3.098807449491391e-12,
                1.5737042744052532e-11,
                2.7346879758822224e-12,
                3.7266391145600716e-06,
                0.9999962733393148
            ],
            [
                1.139981067922921e-12,
                1.0815839230902558e-11,
                2.1297650216962645e-12,
                1.0129988100135583e-05,
                0.9999898699978144
            ]
        ],
        [
            [
                0.9999999936497361,
                6.348800060898911e-09,
                0.0,
                0.0,
                1.4637785014117382e-12
            ],
            [
                0.999999495649526,
                5.043472043076069e-07,
                1.1399919044056475e-12,
                0.0,
                2.1297852669113114e-12
            ],
            [
                7.052880097896274e-11,
                3.927863682919128e-07,
                0.9999996032495829,
                3.8507420575071774e-09,
                4.27778801865113e-11
            ],
            [
                1.87590803180872e-12,
                4.2695470009070657e-11,
                7.41936019094642e-12,
                0.001926734339380848,
                0.9980732656086284
            ],
            [
                6.101937148238734e-13,
                7.433681245701056e-12,
                5.384940633086563e-13,
                8.315279902308904e-07,
                0.9999991684634274
            ]
        ],
        [
            [
                0.9999994956477526,
                5.043472044145085e-07,
                2.1297852673627416e-12,
                7.835042139725762e-13,
                2.1297852673627416e-12
            ],
            [
                0.9999785550418523,
                2.14449397247357e-05,
                1.0815715538744904e-11,
                3.09875438332571e-12,
                4.508661023749427e-12
            ],
            [
                0.0,
                3.331544541540754e-11,
                0.9999999999615112,
                5.109089027103847e-12,
                6.431393940244196e-14
            ],
            [
                3.09416529422815e-12,
                7.979957469812568e-11,
                1.3867086780961663e-11,
                0.0015011820305250079,
                0.9984988178727141
            ],
            [
                8.878249729558895e-13,
                1.0815922371196847e-11,
                2.1297813929908898e-12,
                1.3709566544790399e-06,
                0.999998629029512
            ]
        ],
        [
            [
                0.9999991684668629,
                8.3152798903964e-07,
                2.4133629545149447e-12,
                0.0,
                2.7346984985973953e-12
            ],
            [
                0.9999938558169147,
                6.144172117914511e-06,
                5.1090604435387116e-12,
                1.8795183008801423e-12,
                3.978940274187088e-12
            ],
            [
                7.433680960418203e-12,
                3.927863697691505e-07,
                0.9999996069232708,
                2.789468200964899e-10,
                3.978962690027866e-12
            ],
            [
                6.547562384636446e-12,
                1.1605832022940976e-10,
                3.325126546126194e-11,
                0.0019267343454912838,
                0.9980732654986516
            ],
            [
                8.878249446996647e-13,
                7.43366724937255e-12,
                1.658675363842635e-12,
                1.76034313350299e-06,
                0.9999982396468863
            ]
        ],
        [
            [
                0.9999999468382733,
                5.315784959412588e-08,
                1.4637784328901248e-12,
                0.0,
                2.4133626378980488e-12
            ],
            [
                0.32082129217564714,
                0.6791786602458744,
                4.635803185421666e-08,
                1.0902364115322422e-09,
                1.3021017074175254e-10
            ],
            [
                1.3887943382743573e-11,
                2.5109990685564798e-08,
                0.9999999654694823,
                9.237449341225699e-09,
                1.6918978638686535e-10
            ],
            [
                7.834579088754713e-13,
                2.0205645780711674e-11,
                3.511214747277116e-12,
                5.829127752932469e-05,
                0.9999417086979704
            ],
            [
                6.914281836737403e-13,
                7.433553519901206e-12,
                8.878113616513228e-13,
                1.6701415109129584e-05,
                0.9999832985758781
            ]
        ],
        [
            [
                0.9999999585996184,
                4.139937540744622e-08,
                0.0,
                0.0,
                1.0060392360179845e-12
            ],
            [
                0.9999962733515052,
                3.7266391118887376e-06,
                5.789334486223228e-12,
                1.4637729914751607e-12,
                2.1297771355463603e-12
            ],
            [
                0.0,
                4.2777878667065455e-11,
                0.9999999999310216,
                2.5946094969042196e-11,
                2.5436656460316193e-13
            ],
            [
                1.291772778952865e-12,
                1.573701407819442e-11,
                3.978940278704282e-12,
                6.144172124889841e-06,
                0.9999938558068674
            ],
            [
                7.834683852892063e-13,
                1.7831658258277116e-11,
                1.879442953074572e-12,
                4.539785573455633e-05,
                0.9999546021237709
            ]
        ],
        [
            [
                0.9999999468396805,
                5.315784963302533e-08,
                1.0060392241870252e-12,
                0.0,
                1.4637784339612775e-12
            ],
            [
                0.999999980443099,
                1.9555680692316126e-08,
                6.10193655418719e-13,
                0.0,
                6.10193655418719e-13
            ],
            [
                1.317628896306791e-10,
                1.6701415205569543e-05,
                0.9999831853292608,
                1.1253325046484768e-07,
                5.905203023339753e-10
            ],
            [
                8.877741177670754e-13,
                1.5736172761477843e-11,
                2.129659397734874e-12,
                5.829127676437401e-05,
                0.999941708704482
            ],
            [
                1.1399897944865271e-12,
                1.388791878659571e-11,
                1.463775870885336e-12,
                1.760343133383732e-06,
                0.9999982396403749
            ]
        ],
        [
            [
                0.999999989530351,
                1.0467401673606411e-08,
                7.835041694390196e-13,
                0.0,
                1.4637784971857393e-12
            ],
            [
                0.9999417086723095,
                5.829127671906682e-05,
                3.7749116029766514e-11,
                5.789014437170202e-12,
                7.433241674898819e-12
            ],
            [
                0.0,
                2.1724399333383775e-10,
                0.9999999997199043,
                6.224144617920768e-11,
                6.101936672716226e-13
            ],
            [
                5.096455765115286e-12,
                9.033683995293674e-11,
                2.932807798407726e-11,
                0.0024726229773363835,
                0.9975273768979023
            ],
            [
                1.4637674225627724e-12,
                1.3887838631142968e-11,
                2.7346775698238834e-12,
                7.889265047019285e-06,
                0.9999921107168667
            ]
        ],
        [
            [
                0.9999999715434813,
                2.845334720484689e-08,
                1.2917799646076434e-12,
                0.0,
                1.879528758079925e-12
            ],
            [
                0.9968273166906507,
                0.0031726830705677894,
                2.1655476227929605e-10,
                1.5687174364122288e-11,
                6.539387188476939e-12
            ],
            [
                3.2661312064530216e-13,
                4.1399375459764305e-08,
                0.9999999584074408,
                1.9171714337319905e-10,
                1.1399918054589652e-12
            ],
            [
                3.087917263241516e-11,
                6.202247620658609e-10,
                4.2627382940854784e-10,
                0.43782349910727997,
                0.5621764998153422
            ],
            [
                1.139991906150908e-12,
                9.545035367496349e-12,
                1.6586784361838093e-12,
                5.043472050797327e-07,
                0.9999994956404512
            ]
        ],
        [
            [
                0.9999999123555254,
                8.764249135759525e-08,
                6.914400829851572e-13,
                0.0,
                1.2917801398436204e-12
            ],
            [
                0.9999970976753972,
                2.9023121939618565e-06,
                7.433652542875767e-12,
                1.4637729751035842e-12,
                3.5114088259527045e-12
            ],
            [
                0.0,
                4.058652122826064e-10,
                0.9999999995606834,
                3.331544539170614e-11,
                1.3615261068653396e-13
            ],
            [
                1.6581217426934706e-12,
                3.7738676915999113e-11,
                9.541831817647132e-12,
                0.0003353500567070879,
                0.9996646498943543
            ],
            [
                6.101937450598778e-13,
                5.109089675282821e-12,
                8.878266603158498e-13,
                1.8553915976569915e-07,
                0.9999998144542331
            ]
        ],
        [
            [
                0.9999999468378907,
                5.315784955884234e-08,
                2.129785051344771e-12,
                0.0,
                2.129785051344771e-12
            ],
            [
                0.993307147171452,
                0.006692851423109403,
                1.2417852739014765e-09,
                1.1550402296126969e-10,
                4.814924029262769e-11
            ],
            [
                0.0,
                2.2897348446318344e-11,
                0.9999999999631419,
                1.3887943858815507e-11,
                7.287724092593247e-14
            ],
            [
                1.6586437001479286e-12,
                1.7832100291292857e-11,
                4.508661030000188e-12,
                2.1444939754466743e-05,
                0.9999785550362461
            ],
            [
                6.101925853870886e-13,
                7.433667486344246e-12,
                1.6586754167181673e-12,
                1.3709566545500848e-06,
                0.9999986290336429
            ]
        ],
        [
            [
                0.9999999936500599,
                6.348800062643328e-09,
                0.0,
                0.0,
                1.139991843455777e-12
            ],
            [
                0.43782348715031183,
                0.5621764854178218,
                2.6372627273497943e-08,
                9.024216802340232e-10,
                1.568173740294428e-10
            ],
            [
                0.0,
                1.783247290041846e-11,
                0.9999999999725024,
                9.545034918704166e-12,
                1.201542572656475e-13
            ],
            [
                6.913741041762925e-13,
                9.544125111427308e-12,
                2.1295821645894263e-12,
                9.6102400268862e-05,
                0.9999038975873661
            ],
            [
                2.129659397785624e-12,
                2.939904114778662e-11,
                5.1087873139127814e-12,
                5.829127713584241e-05,
                0.9999417086862267
            ]
        ],
        [
            [
                0.9999999748872535,
                2.5109990851555085e-08,
                1.2917799684718548e-12,
                0.0,
                1.4637784729765958e-12
            ],
            [
                0.9999938558111428,
                6.1441721165658295e-06,
                1.0815881041472463e-11,
                2.4133492689301168e-12,
                3.5114024667684325e-12
            ],
            [
                7.052840332971551e-11,
                6.144172067019831e-06,
                0.9999938463882422,
                9.237397903420567e-09,
                1.317644044048903e-10
            ],
            [
                2.4130636833821353e-12,
                3.331131663295301e-11,
                1.2254548547615725e-11,
                0.00012339462944659015,
                0.9998766053225745
            ],
            [
                1.0060374625492295e-12,
                7.433667248402101e-12,
                1.4637758707934094e-12,
                1.7603431332731808e-06,
                0.9999982396469632
            ]
        ],
        [
            [
                0.9999998874616939,
                1.1253518363827694e-07,
                1.4637786301382285e-12,
                0.0,
                1.6586784903734117e-12
            ],
            [
                0.9999996072095585,
                3.9278636940047953e-07,
                1.6586784216336044e-12,
                0.0,
                2.4133628630893635e-12
            ],
            [
                2.789420365273581e-10,
                1.6701415025364927e-05,
                0.9999832938721175,
                4.363387594423234e-09,
                7.052759176853006e-11
            ],
            [
                3.952330332889333e-12,
                1.1550402324554062e-10,
                2.0071589603769473e-11,
                0.006692851435692945,
                0.9933071484247792
            ],
            [
                1.4637702216387426e-12,
                1.7832371884971567e-11,
                3.0988015835263566e-12,
                4.7850948472642825e-06,
                0.9999952148827578
            ]
        ],
        [
            [
                0.9999998554990409,
                1.4449803140963269e-07,
                1.4637785829974595e-12,
                0.0,
                1.4637785829974595e-12
            ],
            [
                0.9706877716534905,
                0.02931222789200759,
                3.939682649622123e-10,
                4.7052799287326487e-11,
                1.3480852701518772e-11
            ],
            [
                5.211303419595135e-10,
                2.1444939039731743e-05,
                0.9999785217081193,
                3.224119259093017e-08,
                5.905180408376089e-10
            ],
            [
                3.0977792424600744e-12,
                3.773867691286244e-11,
                1.2251954574600378e-11,
                0.00033535005704321373,
                0.9996646498898684
            ],
            [
                8.878215182589427e-13,
                1.2255998012792296e-11,
                2.1297731056037366e-12,
                4.785094847591376e-06,
                0.9999952148898787
            ]
        ],
        [
            [
                0.9999998554986252,
                1.4449803140957263e-07,
                1.463778582996851e-12,
                0.0,
                1.879528904971123e-12
            ],
            [
                0.9999962733527636,
                3.7266391078483832e-06,
                5.109069746579019e-12,
                1.1399875507636744e-12,
                1.879521723277412e-12
            ],
            [
                0.0,
                5.492788349223787e-11,
                0.999999999931048,
                1.3887943860587628e-11,
                1.3615261076606073e-13
            ],
            [
                2.723569024366821e-12,
                5.4704346201769996e-11,
                2.0124604310356262e-11,
                0.004070137797994956,
                0.9959298621244526
            ],
            [
                5.384930369104593e-13,
                5.7893457404346495e-12,
                8.878249240781835e-13,
                2.260325273009078e-06,
                0.9999977396675113
            ]
        ],
        [
            [
                0.9999977396637716,
                2.260325268899372e-06,
                5.789345729908506e-12,
                1.6586753223008453e-12,
                3.5114156848659232e-12
            ],
            [
                0.9999646437141418,
                3.5356257444453164e-05,
                2.0206109212699313e-11,
                3.0987072083785066e-12,
                5.108904486125458e-12
            ],
            [
                1.4356488915546783e-06,
                0.0758579039151036,
                0.9241385556305747,
                2.0888568116181945e-06,
                1.5948618566412328e-08
            ],
            [
                2.7294300807024354e-12,
                7.03929295615275e-11,
                1.0795105379025434e-11,
                0.0019267343358691587,
                0.9980732655802134
            ],
            [
                1.1399897944922827e-12,
                8.4234485437119e-12,
                1.879525422560494e-12,
                1.7603431333926194e-06,
                0.9999982396454237
            ]
        ],
        [
            [
                0.9999999976631151,
                2.3355930304214765e-09,
                0.0,
                0.0,
                1.2917800001523325e-12
            ],
            [
                0.060086628973873235,
                0.939913079653744,
                2.875216411268294e-07,
                3.6193633162825892e-09,
                2.3137815573996223e-10
            ],
            [
                1.2917799845956693e-12,
                1.5229979506670338e-08,
                0.99999998451946,
                2.461696913339432e-10,
                3.098819090287749e-12
            ],
            [
                7.403428187425061e-12,
                1.3122890457489322e-10,
                4.8276416080552256e-11,
                0.0040701377979591126,
                0.9959298620151322
            ],
            [
                1.2917727790306367e-12,
                1.0815881056776793e-11,
                2.734682994667659e-12,
                6.144172125259753e-06,
                0.9999938558130325
            ]
        ],
        [
            [
                0.999999814457247,
                1.8553915949340005e-07,
                1.463778697409143e-12,
                0.0,
                2.129785437631317e-12
            ],
            [
                0.9999993524016273,
                6.475946137338133e-07,
                1.8795288564292645e-12,
                0.0,
                1.8795288564292645e-12
            ],
            [
                5.109089263856933e-12,
                5.043472048612307e-07,
                0.9999994951199845,
                5.211412728404558e-10,
                6.560200470918764e-12
            ],
            [
                1.6579635531227463e-12,
                2.593491353889978e-11,
                3.977247805884062e-12,
                0.0004305571213211037,
                0.9995694428471088
            ],
            [
                8.878215814941021e-13,
                1.573701407616978e-11,
                2.4133492718891894e-12,
                6.144172124099364e-06,
                0.9999938558088377
            ]
        ],
        [
            [
                0.9999999847691328,
                1.5229979491171908e-08,
                0.0,
                0.0,
                8.878265330658947e-13
            ],
            [
                0.9999921107133928,
                7.889265036753027e-06,
                1.573698284084291e-11,
                2.734677566265262e-12,
                3.0987956538500346e-12
            ],
            [
                0.0,
                1.4930946752948276e-10,
                0.9999999998015254,
                4.847368703340798e-11,
                6.914400102761557e-13
            ],
            [
                4.508592392913928e-12,
                4.847193626686119e-11,
                8.423159511771116e-12,
                3.535625750960166e-05,
                0.9999646436810867
            ],
            [
                1.2917801662951778e-12,
                9.545036116241033e-12,
                1.2917801662951778e-12,
                6.82560422972911e-08,
                0.9999999317318291
            ]
        ],
        [
            [
                0.9999999397588628,
                6.023574625317836e-08,
                1.879529062240384e-12,
                0.0,
                3.511422572406974e-12
            ],
            [
                0.9999993523987692,
                6.475946137319625e-07,
                3.098819204480759e-12,
                7.835041951329011e-13,
                2.7346983496239296e-12
            ],
            [
                7.287724093371712e-14,
                1.9171715131143252e-10,
                0.9999999997958604,
                1.2256067439982613e-11,
                9.357622965696906e-14
            ],
            [
                8.874439399646587e-13,
                2.9388107159932277e-11,
                4.506812199146619e-12,
                0.00043055712095125507,
                0.9995694428442663
            ],
            [
                1.1399897682654082e-12,
                9.545017467200219e-12,
                1.4637758372167525e-12,
                2.260325273366284e-06,
                0.9999977396625779
            ]
        ],
        [
            [
                0.9999999936500599,
                6.348800064180956e-09,
                0.0,
                0.0,
                1.139991843731874e-12
            ],
            [
                0.9999998144556923,
                1.8553915953804771e-07,
                2.413363074596926e-12,
                0.0,
                2.7346986346681065e-12
            ],
            [
                1.2917799946392046e-12,
                7.19413297381625e-09,
                0.9999999922768738,
                5.211412446953461e-10,
                6.560200116624119e-12
            ],
            [
                2.7341404853884957e-12,
                3.330864995096021e-11,
                8.421745590402569e-12,
                0.00020342706357601628,
                0.9997965728919594
            ],
            [
                7.83502745535892e-13,
                5.7893457404308925e-12,
                1.291777642216975e-12,
                2.2603252730076113e-06,
                0.9999977396668623
            ]
        ],
        [
            [
                0.9999999895311346,
                1.0467401663587914e-08,
                0.0,
                0.0,
                1.4637784957847363e-12
            ],
            [
                0.9997388096423081,
                0.00026119032652543225,
                2.5939318851796047e-11,
                3.098009845286879e-12,
                2.1292289522545506e-12
            ],
            [
                4.193795552024399e-13,
                2.5109990920647513e-08,
                0.9999999747561661,
                1.3176513935937533e-10,
                1.6586783168499552e-12
            ],
            [
                6.101925853581073e-13,
                7.433667485991182e-12,
                1.4637759175774732e-12,
                1.3709566544849706e-06,
                0.999998629033838
            ],
            [
                1.0060259073718085e-12,
                1.3887759271419595e-11,
                2.1297568626189e-12,
                1.3007124765755234e-05,
                0.9999869928582107
            ]
        ],
        [
            [
                0.9999999715438854,
                2.845334724877094e-08,
                8.87826521602372e-13,
                0.0,
                1.8795287609813944e-12
            ],
            [
                0.9525741230642802,
                0.04742587530577678,
                1.5290980505942218e-09,
                7.612930918610201e-11,
                2.4715568065554694e-11
            ],
            [
                2.3659776087228316e-14,
                3.775134543621826e-11,
                0.9999999999576594,
                4.508755241509826e-12,
                5.675685231644554e-14
            ],
            [
                1.8790379554739853e-12,
                3.77414862347438e-11,
                5.107754729349771e-12,
                0.0002611903286846719,
                0.9997388096265871
            ],
            [
                1.6545769398897065e-12,
                4.2672101698904646e-11,
                6.543978741238938e-12,
                0.0024726229708434107,
                0.9975273769782859
            ]
        ],
        [
            [
                0.9999999865590519,
                1.3440409757397315e-08,
                0.0,
                0.0,
                5.384940140132448e-13
            ],
            [
                0.9999999123558111,
                8.764249140647153e-08,
                1.0060393850273464e-12,
                0.0,
                6.914400833707581e-13
            ],
            [
                3.037975384877271e-14,
                2.289734845219064e-11,
                0.9999999999630482,
                1.3887943862377235e-11,
                1.3615261078360543e-13
            ],
            [
                3.5089315443741812e-12,
                7.047877409546554e-11,
                1.5725940150986233e-11,
                0.000709670347906048,
                0.9992903295623804
            ],
            [
                1.1399875413890366e-12,
                8.423431895405618e-12,
                1.6586720854927598e-12,
                2.902312199409111e-06,
                0.9999970976765785
            ]
        ],
        [
            [
                0.9999999397609364,
                6.023574628856649e-08,
                1.6586785767193314e-12,
                0.0,
                1.6586785767193314e-12
            ],
            [
                0.9999993523957221,
                6.475946138521381e-07,
                5.789356452658857e-12,
                1.1399918774472659e-12,
                2.7346983501314138e-12
            ],
            [
                3.16079715133092e-10,
                2.7535688672737787e-05,
                0.9999724221370813,
                4.139827303667349e-08,
                4.5989327185361563e-10
            ],
            [
                2.41306368454617e-12,
                7.052005789936965e-11,
                6.5593871646162826e-12,
                0.00012339462762681841,
                0.9998766052928807
            ],
            [
                1.0060393017192485e-12,
                7.433680838132544e-12,
                1.6586783959048288e-12,
                6.475946144317567e-07,
                0.9999993523952871
            ]
        ],
        [
            [
                0.9999998554968922,
                1.4449803136966623e-07,
                1.879528904452049e-12,
                7.835042151540154e-13,
                2.4133628847156965e-12
            ],
            [
                0.9046505251093601,
                0.09534946951340952,
                5.068574242671365e-09,
                2.5234945234747343e-10,
                5.630677371566032e-11
            ],
            [
                0.0,
                1.4930946755308504e-10,
                0.9999999998326834,
                1.7832472900188407e-11,
                1.7482341274908838e-13
            ],
            [
                1.2910658090493196e-12,
                3.329702607084782e-11,
                3.976762658095704e-12,
                0.0005527785851325499,
                0.9994472213763026
            ],
            [
                8.878231899218302e-13,
                1.2256021089386641e-11,
                2.129777115714537e-12,
                2.902312199397352e-06,
                0.999997097672527
            ]
        ],
        [
            [
                0.999999980441552,
                1.9555680659697612e-08,
                8.878265284078551e-13,
                0.0,
                1.8795287753886023e-12
            ],
            [
                0.9999991684633911,
                8.315279884294335e-07,
                5.1090894110513116e-12,
                0.0,
                3.5114223766000486e-12
            ],
            [
                0.0,
                2.172439934290442e-10,
                0.9999999997687745,
                1.3887943859922828e-11,
                9.357622965443446e-14
            ],
            [
                7.834758793974923e-13,
                1.3887442251255683e-11,
                2.7345995179962603e-12,
                3.535625797894447e-05,
                0.9999646437246155
            ],
            [
                7.834997399149235e-13,
                8.423416035112737e-12,
                1.658668962415919e-12,
                4.785094847612469e-06,
                0.9999952148942868
            ]
        ],
        [
            [
                0.9999998874595877,
                1.1253518368331879e-07,
                3.0988193855602004e-12,
                0.0,
                2.1297853406051537e-12
            ],
            [
                0.9988304893220793,
                0.0011695103497507441,
                2.786203305899498e-10,
                2.9366366791351e-11,
                2.018318905273878e-11
            ],
            [
                3.978962828428952e-12,
                2.3823698426885944e-07,
                0.9999997608875639,
                8.59216725099628e-10,
                1.2256068345345405e-11
            ],
            [
                5.782580484596502e-12,
                7.982606128651621e-11,
                2.2870549473042415e-11,
                0.0011695103546003648,
                0.9988304895369204
            ],
            [
                1.2917456061979334e-12,
                1.3887574045290174e-11,
                3.511328608319656e-12,
                2.7535689826270307e-05,
                0.999972464291483
            ]
        ],
        [
            [
                0.9999999468396805,
                5.3157849621663705e-08,
                1.0060392239720007e-12,
                0.0,
                1.4637784336484186e-12
            ],
            [
                0.9999038975551607,
                9.610239917868517e-05,
                3.331226983860692e-11,
                6.559574858774236e-12,
                5.788804495140048e-12
            ],
            [
                1.1399917920013403e-12,
                5.3157849697806686e-08,
                0.9999999466223026,
                2.172439818751621e-10,
                1.463778435745126e-12
            ],
            [
                1.463753476120197e-12,
                1.5736832922933336e-11,
                3.978894475481292e-12,
                1.6701415106806704e-05,
                0.9999832985637137
            ],
            [
                6.101937146445086e-13,
                9.54503565622941e-12,
                1.658678486358092e-12,
                8.315279899864649e-07,
                0.9999991684601962
            ]
        ],
        [
            [
                0.9999999956348791,
                4.363462224902895e-09,
                0.0,
                0.0,
                1.6586783482551088e-12
            ],
            [
                0.9999952148923461,
                4.785094839941065e-06,
                8.423416021608422e-12,
                1.2917726847147989e-12,
                3.0988015787838805e-12
            ],
            [
                2.1297853919739357e-12,
                8.764249128952237e-08,
                0.999999910278488,
