{
    "[['A', 'B', 'C', 'D', 'E'], ['A', 'B', 'C', 'D', 'E']]": [
        [
            [
                0.9999999983595178,
                1.6052280492436418e-09,
                1.4637785087075338e-12,
                4.752193045180264e-13,
                3.331544529834247e-11
            ],
            [
                0.00015843624519064537,
                0.9998415542837825,
                9.235987636170152e-09,
                2.1720960995669194e-10,
                1.7829650534392654e-11
            ],
            [
                3.9278226031278454e-07,
                0.9999893839855151,
                1.0129988006910124e-05,
                8.764148506558066e-08,
                5.6027326932221745e-09
            ],
            [
                0.9626626414740218,
                0.037326484297387275,
                4.85516574010211e-07,
                2.793954976044295e-06,
                7.594757040913934e-06
            ],
            [
                0.99999985546693,
                1.4449803152218076e-07,
                3.978962726148698e-12,
                1.6586784382478503e-12,
                2.9400778799066766e-11
            ]
        ],
        [
            [
                0.9997965728565049,
                0.0002034270625956175,
                4.846379968129429e-11,
                9.543087982004145e-12,
                2.2892677988184073e-11
            ],
            [
                0.01798621123260427,
                0.982013770986428,
                1.6947418159048856e-08,
                7.44617586742259e-10,
                8.893188860822956e-11
            ],
            [
                1.3007112926040226e-05,
                0.9999856060485603,
                1.370939616193242e-06,
                1.5229748926202642e-08,
                6.691484676717259e-10
            ],
            [
                0.0019267342790513745,
                0.9980731193537244,
                1.442196549663701e-07,
                2.057182892715469e-09,
                9.038630820844882e-11
            ],
            [
                0.9999994956241486,
                5.043472048747082e-07,
                6.56020047109407e-12,
                1.87952890333293e-12,
                2.020684002334396e-11
            ]
        ],
        [
            [
                0.9999998531036594,
                1.4449803118069276e-07,
                3.3315446936389025e-11,
                2.940077872958476e-11,
                2.335593144989751e-09
            ],
            [
                1.3709566509058617e-06,
                0.9999983883685981,
                2.3823654352752683e-07,
                2.3355888896704248e-09,
                1.0261861401701728e-10
            ],
            [
                6.729608167326297e-08,
                0.014063621973247089,
                0.9859360020376027,
                3.016001137116404e-07,
                7.092954824413806e-09
            ],
            [
                0.993307147106687,
                0.006692851418712619,
                1.2417852744438516e-09,
                1.3088320499872387e-10,
                1.0193194254390134e-10
            ],
            [
                0.9999999804099435,
                1.955568068030601e-08,
                3.5114220401977397e-12,
                1.4637784836204583e-12,
                2.940077678012637e-11
            ]
        ],
        [
            [
                0.9995694420464728,
                0.00043055711931819517,
                3.580204374398779e-10,
                7.049840409362471e-11,
                4.056903048513061e-10
            ],
            [
                6.475940290845062e-07,
                0.9999979718958804,
                1.3709565703301689e-06,
                9.237432708932665e-09,
                3.160875653303116e-10
            ],
            [
                7.657885491939696e-06,
                0.9706641273961589,
                0.029311513422394568,
                1.6211743713654298e-05,
                4.895522408655804e-07
            ],
            [
                0.005220120560471119,
                0.9947790171954449,
                8.271872184652253e-07,
                3.2073559712230236e-08,
                2.98330577380081e-09
            ],
            [
                0.9995694279964259,
                0.0004305571140999419,
                2.06026533775138e-09,
                9.732004353254218e-10,
                1.1856008425905942e-08
            ]
        ],
        [
            [
                0.9999999971587621,
                1.4166087806114931e-09,
                3.5114220984254144e-12,
                4.508755223097236e-12,
                1.4166087806114931e-09
            ],
            [
                1.7603432068764652e-06,
                0.9999979238484216,
                3.059017808851261e-07,
                9.237433366958214e-09,
                6.691574287225403e-10
            ],
            [
                3.707185420608336e-06,
                0.994775870929419,
                0.005220105781691679,
                3.0430431014917294e-07,
                1.1799158565812825e-08
            ],
            [
                0.014063621146648426,
                0.9859360627693007,
                3.0160009673830926e-07,
                1.325138343120435e-08,
                1.2325706611881218e-09
            ],
            [
                0.9999251535573651,
                7.484619742977628e-05,
                1.3175535262459736e-10,
                2.2895647196280234e-11,
                9.055404128220973e-11
            ]
        ],
        [
            [
                0.9999247554041382,
                7.484619396726416e-05,
                2.9987378798468727e-09,
                2.6463768906279617e-09,
                3.9275677995191743e-07
            ],
            [
                0.0005527786110612236,
                0.999447031886637,
                1.8543656480083024e-07,
                3.8486131200146476e-09,
                2.1712389467481413e-10
            ],
            [
                3.282395989281237e-06,
                0.880789317391386,
                0.11920186118423405,
                5.411756086388765e-06,
                1.2727230427440145e-07
            ],
            [
                0.9999869925740337,
                1.3007124760899956e-05,
                1.026174323066588e-10,
                2.940038659733359e-11,
                1.6918754338861888e-10
            ],
            [
                0.9999999881289566,
                1.1861120001546192e-08,
                1.879528792801951e-12,
                6.101936600542139e-13,
                7.43368057847001e-12
            ]
        ],
        [
            [
                0.9999999969906002,
                3.5817479129892074e-10,
                1.1399918475400627e-12,
                3.5114220964220965e-12,
                2.646573626130503e-09
            ],
            [
                1.0129988614929127e-05,
                0.9999896823331187,
                1.8553721341803038e-07,
                2.0611342272258615e-09,
                7.99188468955313e-11
            ],
            [
                9.610120322764098e-05,
                0.9998908599166785,
                1.3005883558192068e-05,
                3.2238362179337796e-08,
                7.581736085476422e-10
            ],
            [
                0.9968273138672628,
                0.00317268306985862,
                1.41211442954007e-09,
                4.04577557778721e-10,
                1.2461866101641246e-09
            ],
            [
                0.99999772451287,
                1.3440385159872933e-08,
                1.1628211581576641e-10,
                1.6052250942915932e-09,
                2.260325237731832e-06
            ]
        ],
        [
            [
                0.9999999801172863,
                1.9555680679990685e-08,
                7.433680517312863e-12,
                3.5114220401411202e-12,
                3.160881388389294e-10
            ],
            [
                6.475939940251104e-07,
                0.9999982752204118,
                1.0677019927268512e-06,
                9.237432208837241e-09,
                2.461692300712889e-10
            ],
            [
                1.2995270191080798e-05,
                0.9990751217666954,
                0.0009110387753023404,
                8.307598291190775e-07,
                1.3427982002031816e-08
            ],
            [
                0.9999999122507129,
                8.764249133187816e-08,
                1.2256068721894224e-11,
                3.9789629506764555e-12,
                9.05607793384257e-11
            ],
            [
                0.9999999968435218,
                2.9989608128143954e-09,
                5.109089007546782e-12,
                3.0988191262779135e-12,
                1.4930946702013514e-10
            ]
        ],
        [
            [
                0.9999986286557156,
                3.5817415717640826e-10,
                6.560188522119812e-12,
                2.289730780780289e-11,
                1.3709566525808958e-06
            ],
            [
                0.0009110513852165997,
                0.9990889285841523,
                1.9537859585276097e-08,
                4.5948641629691476e-10,
                3.328508435708743e-11
            ],
            [
                6.143199966073088e-06,
                0.9998351758504089,
                0.0001584352153043138,
                1.8550856481548304e-07,
                6.022575584766897e-08
            ],
            [
                0.9999724614040225,
                2.753568973076181e-05,
                1.6918528634874482e-10,
                9.055835805542356e-11,
                2.6465031545743813e-09
            ],
            [
                0.9999996612041583,
                3.059023485282489e-07,
                1.9171716894073884e-10,
                4.5990558000125465e-10,
                3.22418703265306e-08
            ]
        ],
        [
            [
                0.9999999990232751,
                9.73620029513447e-10,
                3.7010116717978307e-13,
                0.0,
                2.734698286571128e-12
            ],
            [
                2.144493859974964e-05,
                0.9999785012808285,
                5.315673892679831e-08,
                5.905180287220524e-10,
                3.3314747487878905e-11
            ],
            [
                7.88925753745718e-06,
                0.9999910399323456,
                1.0676949033583491e-06,
                2.9989323860712525e-09,
                1.1628122761080874e-10
            ],
            [
                0.14804711966945516,
                0.8519523879708687,
                2.6061413811457193e-07,
                1.086401359712142e-07,
                1.2310540201675105e-07
            ],
            [
                0.9999999804395008,
                1.9555680686291806e-08,
                8.878265296152296e-13,
                4.193795572263644e-13,
                3.511422041272551e-12
            ]
        ],
        [
            [
                0.9999999993469024,
                1.917171510639615e-10,
                6.914400095692427e-13,
                7.835041772318988e-13,
                4.599055371170952e-10
            ],
            [
                5.829122433574922e-05,
                0.999941048384672,
                6.475570093557437e-07,
                1.1860420343228464e-08,
                9.735625875527697e-10
            ],
            [
                2.7279135659547558e-06,
                0.9399080602243299,
                0.06008630955885827,
                2.7279135659547558e-06,
                1.7438967982825032e-07
            ],
            [
                0.9399130438157604,
                0.06008662672037727,
                8.237632610520853e-08,
                7.269685263414508e-08,
                1.7439068373321758e-07
            ],
            [
                0.9999998874586125,
                1.125351837673235e-07,
                2.413362965872649e-12,
                6.914400662872492e-13,
                3.098819387873392e-12
            ]
        ],
        [
            [
                0.9999998860178765,
                1.4166088971745134e-09,
                7.43368125236731e-12,
                2.2897350243027876e-11,
                1.1253518349984921e-07
            ],
            [
                1.300712433503036e-05,
                0.999986959833204,
                3.224143775762647e-08,
                7.582459392161954e-10,
                4.2777308684993555e-11
            ],
            [
                2.9023040357022166e-06,
                0.9999941664313585,
                2.9023040357022166e-06,
                2.5109849903682523e-08,
                3.850720199460363e-09
            ],
            [
                0.9626731013283258,
                0.03732688333003842,
                8.892639201674873e-09,
                2.2484113013889182e-09,
                4.200585324464769e-09
            ],
            [
                0.9996646496714108,
                0.0003353500560898666,
                2.1717109097804011e-10,
                2.9390911108317244e-11,
                2.5937388017229146e-11
            ]
        ],
        [
            [
                0.999999931733379,
                6.825604227866455e-08,
                1.4637786967403344e-12,
                6.914400969549669e-13,
                8.423464805342109e-12
            ],
            [
                0.0005527785723064819,
                0.9994472009618762,
                1.9544868788687917e-08,
                8.587416026467882e-10,
                6.220703305093706e-11
            ],
            [
                2.1444939862227795e-05,
                0.9999784408598793,
                1.125328238159913e-07,
                1.605194521351502e-09,
                6.224014598122467e-11
            ],
            [
                0.9238303661552502,
                0.07583262284840604,
                7.288400367996194e-06,
                0.00030991066969685395,
                1.9811926278858273e-05
            ],
            [
                0.9968272813892527,
                0.0031726829638010733,
                9.2081424704881e-09,
                4.349618515932595e-09,
                2.208918547578306e-08
            ]
        ],
        [
            [
                0.9999986285957437,
                4.0586449223579953e-10,
                8.423448802799369e-12,
                3.3315386286664986e-11,
                1.3709566529282695e-06
            ],
            [
                2.7535690838968134e-05,
                0.9999721435556094,
                3.058938942082074e-07,
                1.1860782117155148e-08,
                2.998875356429673e-09
            ],
            [
                7.887647427587877e-06,
                0.9997878145017309,
                0.00020342510830446481,
                8.313519224851464e-07,
                4.1390614475670244e-08
            ],
            [
                0.9999646434237032,
                3.535625748233821e-05,
                1.4930407467373742e-10,
                3.774998189250945e-11,
                1.3176038344283242e-10
            ],
            [
                0.999999999284386,
                5.211412474679821e-10,
                1.4637785104158516e-12,
                1.291780001511882e-12,
                1.9171715088990958e-10
            ]
        ],
        [
            [
                0.9999999943907183,
                5.6027964006546095e-09,
                1.0060392726606591e-12,
                3.701011654229276e-13,
                5.109088994430694e-12
            ],
            [
                6.475946343276687e-07,
                0.9999992637515074,
                8.764248684159455e-08,
                9.736200829262206e-10,
                3.77513474445197e-11
            ],
            [
                1.0129824218689938e-05,
                0.9999729790215749,
                1.6701256657807405e-05,
                1.8553420239587876e-07,
                4.363346219543633e-09
            ],
            [
                0.999999887200397,
                1.1253518370400254e-07,
                1.0815942420824227e-11,
                7.433681265852964e-12,
                2.461697148355849e-10
            ],
            [
                0.9999999163177755,
                6.825604119145977e-08,
                7.991960762696319e-11,
                1.1628234295688675e-10,
                1.522998140214824e-08
            ]
        ],
        [
            [
                0.9706877712462345,
                0.029312227922738358,
                5.732204428459723e-10,
                1.1287379766209036e-10,
                1.449328250761934e-10
            ],
            [
                0.00020342687290345358,
                0.9997964838176846,
                8.762460805580109e-08,
                1.6049006789169206e-09,
                7.990329982486798e-11
            ],
            [
                0.00020342627494274683,
                0.9997928306760284,
                2.2598617841265023e-06,
                1.370675458785616e-06,
                1.1251178584857752e-07
            ],
            [
                0.9999921068116338,
                7.889265011617165e-06,
                2.789446943573637e-10,
                2.461678287627801e-10,
                3.398242054378859e-09
            ],
            [
                0.9999999927836579,
                7.1941329735960424e-09,
                1.4637785025832824e-12,
                5.384940175291086e-13,
                2.020683893088113e-11
            ]
        ],
        [
            [
                0.9999982395975571,
                1.7603431325118396e-06,
                8.423448539497266e-12,
                2.413358412670929e-12,
                4.8473599506587526e-11
            ],
            [
                9.610239406050972e-05,
                0.99990384391186,
                5.315278277907554e-08,
                5.210915465600276e-10,
                2.0204911925671958e-11
            ],
            [
                6.144124952209738e-06,
                0.9999859405791803,
                7.889212601942658e-06,
                2.5109658315469968e-08,
                9.736071101075592e-10
            ],
            [
                0.022975066902484135,
                0.9769247662835107,
                1.631630005525781e-05,
                5.694948298970334e-05,
                2.690103096022922e-05
            ],
            [
                0.9999999959199706,
                2.6465736255342617e-09,
                8.423463711899414e-12,
                8.423463711899414e-12,
                1.4166087794841518e-09
            ]
        ],
        [
            [
                0.9999724187835914,
                4.139827286288889e-08,
                2.7893936840382354e-10,
                3.850639204545282e-09,
                2.7535688557146524e-05
            ],
            [
                0.0024726229438654223,
                0.997527129734883,
                2.376478750228474e-07,
                9.214608096902984e-09,
                4.5876832330358144e-10
            ],
            [
                7.882067231617062e-06,
                0.9990802189754122,
                0.0009110431066660426,
                8.307637741569189e-07,
                2.5086916146325092e-08
            ],
            [
                0.0003353500428959242,
                0.9996641407333325,
                5.041783961431094e-07,
                4.942791072300966e-09,
                1.025843559536409e-10
            ],
            [
                0.9999999585781407,
                4.139937544530975e-08,
                3.5114219655771813e-12,
                1.139991805060938e-12,
                1.7832472157559454e-11
            ]
        ],
        [
            [
                0.9999999459698773,
                8.592166146572787e-10,
                3.5114219202351532e-12,
                9.545034397827984e-12,
                5.315784962036337e-08
            ],
            [
                1.0129988148364773e-05,
                0.9999897555561787,
                1.1253411059345965e-07,
                1.8189444875614454e-09,
                1.026178259598933e-10
            ],
            [
                4.6448266176238875e-06,
                0.9706822310213779,
                0.02931206624128285,
                1.0364009070521077e-06,
                2.1509814597568326e-08
            ],
            [
                0.9990889477305881,
                0.0009110514048398474,
                6.685488032692719e-10,
                7.984676800561234e-11,
                1.1617636193317724e-10
            ],
            [
                0.9999998120252546,
                1.8553915924395028e-07,
                6.224145393879817e-11,
                3.7751350118972744e-11,
                2.3355933281044585e-09
            ]
        ],
        [
            [
                0.9996646496661427,
                0.00033535005650206235,
                1.1624330842146587e-10,
                2.9390911116289914e-11,
                1.3172092511715403e-10
            ],
            [
                9.610239607254466e-05,
                0.9999038647452623,
                3.223879307951816e-08,
                5.904740922530772e-10,
                2.9397974000456355e-11
            ],
            [
                0.00012339451698128575,
                0.9998759479982733,
                6.475149982173966e-07,
                8.151010901669986e-09,
                1.8187363678612216e-09
            ],
            [
                0.9999724636849202,
                2.7535690110396813e-05,
                1.317616337463201e-10,
                3.331455821899261e-11,
                4.5989329041013473e-10
            ],
            [
                0.9999999828705298,
                1.522997947228292e-08,
                3.7751344767505243e-11,
                4.2777877924490995e-11,
                1.818961655015957e-09
            ]
        ],
        [
            [
                0.9999999907281182,
                1.1032560195375372e-09,
                5.789356261530844e-12,
                1.0815941431739924e-11,
                8.152020619845792e-09
            ],
            [
                9.610240214514609e-05,
                0.999903809075191,
                8.763413093700644e-08,
                8.591347890704527e-10,
                2.9397975858080995e-11
            ],
            [
                6.144154243831323e-06,
                0.9999909462269675,
                2.902292959667678e-06,
                7.194064991099705e-09,
                1.3176389651906686e-10
            ],
            [
                0.0015011819468537884,
                0.9984987634115633,
                5.3078016512451465e-08,
                1.414481228461003e-09,
                1.4908522463710297e-10
            ],
            [
                0.9968272207138261,
                0.003172683154456768,
                4.928763777855343e-09,
                3.838525089767717e-09,
                8.736442835698351e-08
            ]
        ],
        [
            [
                0.999999965101034,
                1.522997919162716e-08,
                4.277787713618673e-11,
                7.052879594982774e-11,
                1.9555680377674697e-08
            ],
            [
                0.0002034268766970523,
                0.9997965024623533,
                6.824211464279341e-08,
                2.060733301418248e-09,
                3.5810175218710377e-10
            ],
            [
                3.535622244610147e-05,
                0.9999641292374263,
                5.043294271098011e-07,
                9.237115667905304e-09,
                9.735848285854666e-10
            ],
            [
                0.9997388085039517,
                0.00026119032738555054,
                2.7887395855297154e-10,
                1.3173073045090777e-10,
                7.580580139649834e-10
            ],
            [
                0.9999251535132264,
                7.48461976437593e-05,
                1.6917722149566314e-10,
                2.93985929212908e-11,
                9.055404125064228e-11
            ]
        ],
        [
            [
                0.9999999965928892,
                3.3982678049969474e-09,
                4.1937956404874386e-13,
                0.0,
                8.423463718531393e-12
            ],
            [
                6.144166215675289e-06,
                0.9999927756862348,
                1.067695992512893e-06,
                1.1861031084720913e-08,
                5.905259655283595e-10
            ],
            [
                4.539767941161074e-05,
                0.9999507195007418,
                3.726468452030266e-06,
                1.4449086223737693e-07,
                1.1860532227921036e-08
            ],
            [
                0.998073261808869,
                0.001926734332216033,
                9.717444132153325e-10,
                2.456954646628852e-10,
                2.6414751803498357e-09
            ],
            [
                0.9999918602213778,
                7.889257420789051e-06,
                1.8189478810228614e-09,
                1.0467322343649112e-08,
                2.3823493125293855e-07
            ]
        ],
        [
            [
                0.9999999997024662,
                7.991959877747137e-11,
                3.701011671550529e-13,
                0.0,
                2.1724399309453815e-10
            ],
            [
                1.670128840019556e-05,
                0.9999753555658364,
                7.889130027933872e-06,
                5.315653999711208e-08,
                8.591954465689439e-10
            ],
            [
                0.0019267343866123047,
                0.998073053987615,
                1.8518153576372644e-07,
                1.7224582386943228e-08,
                9.21965457407827e-09
            ],
            [
                0.9999724641451218,
                2.753568982440512e-05,
                6.223978880807162e-11,
                1.2255741078552632e-11,
                9.055835836339422e-11
            ],
            [
                0.9999999992576138,
                5.905303988044962e-10,
                1.6586783558529047e-12,
                8.878265462073558e-13,
                1.4930946734414457e-10
            ]
        ],
        [
            [
                0.999999987263896,
                8.592166500264023e-10,
                3.5114220647806775e-12,
                1.2256067274483355e-11,
                1.186111998719352e-08
            ],
            [
                2.1444939059122787e-05,
                0.9999785224030758,
                3.224119262008345e-08,
                4.0585671876732377e-10,
                1.0815715203044265e-11
            ],
            [
                3.5875327783717895e-06,
                0.962669176968336,
                0.03732673856079058,
                4.855197646815783e-07,
                1.1418330433850703e-08
            ],
            [
                0.0031726830111421214,
                0.9968272983938712,
                1.5181660625036667e-08,
                1.8131907916661107e-09,
                1.600135257440253e-09
            ],
            [
                0.8175744753809494,
                0.1824255129058233,
                1.098852758942747e-08,
                5.470865743569847e-10,
                1.7761300622362232e-10
            ]
        ],
        [
            [
                0.9999999881254008,
                1.1861119998949558e-08,
                1.879528792390485e-12,
                7.835041684398055e-13,
                1.0815941418320105e-11
            ],
            [
                4.5397853276905736e-05,
                0.9999545483805926,
                5.315542122959676e-08,
                5.90503390428402e-10,
                2.020591487711898e-11
            ],
            [
                2.9023068251698956e-06,
                0.9999957231730605,
                1.3709526700022223e-06,
                3.398255155701682e-09,
                1.6918916176836578e-10
            ],
            [
                0.9890130565051428,
                0.010986942372614033,
                9.6292335714838e-10,
                8.956582421417386e-11,
                6.97539340344344e-11
            ],
            [
                0.9999999990473369,
                8.592166605914735e-10,
                1.8795288136386067e-12,
                1.0060392777308037e-12,
                9.05607697569759e-11
            ]
        ],
        [
            [
                0.9999962668295999,
                3.7266390862606224e-06,
                1.0261840844360365e-10,
                7.99192968534198e-11,
                6.348776119165212e-09
            ],
            [
                1.0129987804613348e-05,
                0.9999897213591955,
                1.4449651554031466e-07,
                3.39823557036443e-09,
                7.58248847037506e-10
            ],
            [
                1.3709343642162319e-06,
                0.9999818944511664,
                1.67013996125851e-05,
                3.224125521523507e-08,
                9.736015457512795e-10
            ],
            [
                0.679178700871189,
                0.32082128280407374,
                1.5050248959897846e-08,
                9.621302266347448e-10,
                3.12357951997018e-10
            ],
            [
                0.9999982396279882,
                1.760343133239778e-06,
                1.2256045311514877e-11,
                2.734693353144727e-12,
                1.3887918785460012e-11
            ]
        ],
        [
            [
                0.9999999973215834,
                2.6465736270064744e-09,
                1.6586783514545272e-12,
                7.835041749827244e-13,
                2.940077726061831e-11
            ],
            [
                0.0007096703184945058,
                0.9992902959152318,
                3.221899788075903e-08,
                1.4156039712996137e-09,
                1.316716803150203e-10
            ],
            [
                3.707185501244924e-06,
                0.994775659370877,
                0.00522010342591141,
                5.017129998216458e-07,
                2.8304710588796588e-08
            ],
            [
                0.9626731140469269,
                0.03732688386649396,
                1.5453090016246038e-09,
                2.3698081070931067e-10,
                3.042893842180214e-10
            ],
            [
                0.9999997617230617,
                2.3823698432756856e-07,
                8.423464375961115e-12,
                2.1297853280936895e-12,
                2.9400779562066584e-11
            ]
        ],
        [
            [
                0.9999994926242112,
                5.043472028895931e-07,
                1.5737102771637505e-11,
                1.388794445162555e-11,
                2.9989609515409225e-09
            ],
            [
                1.7603431287511571e-06,
                0.9999979986711479,
                2.382365359231628e-07,
                2.6465688528532544e-09,
                1.026186107414942e-10
            ],
            [
                0.0004305568950880733,
                0.9995689264514621,
                5.041302940497487e-07,
                1.0462890455076086e-08,
                2.0602652869870044e-09
            ],
            [
                0.9999991675733857,
                8.315279881189624e-07,
                1.0261880397122302e-10,
                3.775134825861531e-11,
                7.582560993485343e-10
            ],
            [
                0.99999995133934,
                4.139937514562791e-08,
                3.775134358052396e-11,
                2.940077594250971e-11,
                7.194132675440107e-09
            ]
        ],
        [
            [
                0.9241343399721957,
                7.68444511999884e-07,
                2.6294725227562502e-08,
                7.2907985347543384e-06,
                0.07585757449003247
            ],
            [
                2.1444939410951284e-05,
                0.9999785388088555,
                1.5229661264067692e-08,
                9.7359967151449e-10,
                4.847267340862179e-11
            ],
            [
                1.6701352065983935e-05,
                0.9999795250713805,
                3.726575361178305e-06,
                4.139851278682886e-08,
                5.602679453580016e-09
            ],
            [
                0.9995694289339663,
                0.00043055711450378046,
                7.191032618868059e-09,
                1.8181777807733478e-09,
                4.942319622384185e-09
            ],
            [
                0.9990153609027358,
                1.7586132631367974e-06,
                2.213765279367605e-08,
                0.0004303184840161642,
                0.0005525398623321296
            ]
        ],
        [
            [
                0.9999957635485693,
                3.7266389899762685e-06,
                1.1032518338068764e-09,
                4.3634456474090186e-09,
                5.043457432290425e-07
            ],
            [
                0.0229773675479524,
                0.977022621896585,
                1.0226894682443296e-08,
                3.0882545994541037e-10,
                1.9742551140487822e-11
            ],
            [
                2.753532291591307e-05,
                0.9999592605193272,
                1.3006765564400523e-05,
                1.8553154641012577e-07,
                1.1860646259560666e-08
            ],
            [
                0.0031726813789294045,
                0.9968267845150331,
                5.027470542389684e-07,
                2.5030325831905214e-08,
                6.3286574662000196e-09
            ],
            [
                0.9999998139553632,
                1.8553915964201955e-07,
                3.3315449619857444e-11,
                1.2256068988528497e-11,
                4.5990559581950287e-10
            ]
        ],
        [
            [
                0.16926176424521583,
                0.16926174266113825,
                0.008427045953933884,
                0.590781531837828,
                0.062267915301884025
            ],
            [
                1.0129987812159716e-05,
                0.9999897223674318,
                1.4449651564795777e-07,
                2.9989323673334693e-09,
                1.493080508030315e-10
            ],
            [
                1.0643104241385907e-06,
                0.9968219091490819,
                0.0031726661951970345,
                3.7148083934453558e-06,
                6.455369036918122e-07
            ],
            [
                0.851952781452226,
                0.14804720125944942,
                1.470284291767837e-08,
                1.756004171617644e-09,
                8.294776371458676e-10
            ],
            [
                0.9999999110577481,
                8.764249129270604e-08,
                2.940078044497418e-11,
                2.0206841187918025e-11,
                1.2501529961665894e-09
            ]
        ],
        [
            [
                0.9999999946493408,
                2.3355930233825264e-09,
                6.5602001248511304e-12,
                9.545034859835646e-12,
                2.9989608050617303e-09
            ],
            [
                4.5397811818610205e-05,
                0.9999537548784667,
                8.314899276083733e-07,
                1.522928377746456e-08,
                5.905034143156833e-10
            ],
            [
                8.87826534123701e-13,
                1.5229979509317756e-08,
                0.9999999847356971,
                3.331544490673993e-11,
                1.2015425546061126e-13
            ],
            [
                0.9995693784842673,
                0.000430557092408983,
                6.346063692240924e-09,
                4.942319372938243e-09,
                5.313494074825967e-08
            ],
            [
                0.9999938556444117,
                6.144172123089096e-06,
                5.492757624320548e-11,
                1.2255998883711528e-11,
                1.1628167981935996e-10
            ]
        ],
        [
            [
                0.9999982396362043,
                1.7603431327812613e-06,
                7.433667246324799e-12,
                2.413358413040295e-12,
                1.0815922022531107e-11
            ],
            [
                3.726639103385212e-06,
                0.9999960319341632,
                2.38236067368699e-07,
                2.9989495033152718e-09,
                1.917164276138633e-10
            ],
            [
                1.0261840917647651e-10,
                3.726639112875269e-06,
                0.9999962725833232,
                6.691560846558272e-10,
                5.789334487755805e-12
            ],
            [
                0.9770226242186577,
                0.022977367661028144,
                5.474062263753874e-09,
                1.0779067705278382e-09,
                1.5683450968768362e-09
            ],
            [
                0.9999999880714098,
                1.1861119988282467e-08,
                3.0988190961206487e-12,
                2.129785141676453e-12,
                6.224144537341032e-11
            ]
        ],
        [
            [
                0.9999999970744009,
                8.592166586654341e-10,
                2.1297851628949408e-12,
                3.098819126993366e-12,
                2.0611536146374713e-09
            ],
            [
                0.0004305570942259866,
                0.9995693886058375,
                5.3134941309838574e-08,
                1.1027805248435958e-09,
                6.22146199316251e-11
            ],
            [
                5.828555248158973e-05,
                0.9998437701174072,
                9.609663015090561e-05,
                1.7600711762682324e-06,
                8.76287839851732e-08
            ],
            [
                0.9947798650375262,
                0.005220125656309838,
                5.5735490718074945e-09,
                1.4092138945137268e-09,
                2.3234009228509483e-09
            ],
            [
                0.999999693977623,
                3.059023586623505e-07,
                2.2897351312840637e-11,
                6.560200986521813e-12,
                9.056078119395091e-11
            ]
        ],
        [
            [
                0.9999986093051898,
                1.370956626280331e-06,
                7.991945551861826e-11,
                1.0261861217375124e-10,
                1.9555645996355118e-08
            ],
            [
                2.144494051005565e-05,
                0.9999782325176011,
                3.058956476000076e-07,
                1.5229662044624206e-08,
                1.4165792359317494e-09
            ],
            [
                1.0126588254355318e-05,
                0.9996543218410368,
                0.0003353465468425614,
