{
    "[['A', 'B', 'C', 'D', 'E'], ['A', 'B', 'C', 'D', 'E']]": [
        [
            [
                0.9999999998806188,
                1.1628233001673958e-10,
                0.0,
                0.0,
                3.0988191311143044e-12
            ],
            [
                0.9999999993295496,
                6.691586076064884e-10,
                0.0,
                0.0,
                1.2917800018463204e-12
            ],
            [
                4.847359683133506e-11,
                2.2603251994898203e-06,
                0.9999977069786551,
                3.224180735592821e-08,
                4.0586445714957903e-10
            ],
            [
                3.952330332638663e-12,
                1.1550402323821499e-10,
                8.995462374581958e-11,
                0.006692851428808563,
                0.9933071483617805
            ],
            [
                1.005943385858174e-12,
                1.3886620097062677e-11,
                5.108602041067538e-12,
                9.610240026812814e-05,
                0.9999038975797307
            ]
        ],
        [
            [
                0.9999999998949678,
                1.0261879599849087e-10,
                0.0,
                0.0,
                2.4133627643421527e-12
            ],
            [
                0.9999999994094697,
                5.905303985971478e-10,
                0.0,
                0.0,
                0.0
            ],
            [
                7.991929688733899e-11,
                3.726639087842275e-06,
                0.9999962660069678,
                7.1941058413529786e-09,
                7.991929688733899e-11
            ],
            [
                1.2111432352860738e-11,
                4.010755562321116e-10,
                5.83561490930942e-10,
                0.32082128783557345,
                0.6791787111676781
            ],
            [
                3.0430819418944013e-12,
                8.893189023947347e-11,
                4.760181061047462e-11,
                0.017986211575655015,
                0.9820137882847683
            ]
        ],
        [
            [
                0.9999999998506905,
                1.4930946720201693e-10,
                0.0,
                0.0,
                0.0
            ],
            [
                0.9999999991407833,
                8.592166601050055e-10,
                0.0,
                0.0,
                0.0
            ],
            [
                3.7751275979402756e-11,
                1.0677030636740971e-06,
                0.999998920327558,
                1.1861098326596018e-08,
                7.052866873642737e-11
            ],
            [
                1.514967624204352e-11,
                6.441806257623356e-10,
                1.141837480246596e-08,
                0.9626731045116284,
                0.03732688341066662
            ],
            [
                9.188743232387804e-12,
                3.0428938507289745e-10,
                2.091348320105001e-10,
                0.03732688392641296,
                0.962673115550974
            ]
        ],
        [
            [
                0.9999999998815878,
                1.1628232998069071e-10,
                0.0,
                0.0,
                2.1297851650669595e-12
            ],
            [
                0.9999999996390905,
                3.5817479182489723e-10,
                0.0,
                0.0,
                2.7346982824036428e-12
            ],
            [
                0.0,
                3.331544540925228e-11,
                0.999999999943533,
                2.2897348447925007e-11,
                2.5436656464292673e-13
            ],
            [
                8.874439400725408e-13,
                1.7824788025586164e-11,
                7.430477136687142e-12,
                0.00043055712003497944,
                0.9995694428538223
            ],
            [
                5.384622214490336e-13,
                1.2255343672007362e-11,
                2.1296593982251775e-12,
                5.8291276777794194e-05,
                0.9999417087082987
            ]
        ],
        [
            [
                0.9999999998647235,
                1.3176514228797143e-10,
                0.0,
                0.0,
                3.5114221023708814e-12
            ],
            [
                0.9999999993308415,
                6.691586073014018e-10,
                0.0,
                0.0,
                0.0
            ],
            [
                7.43366719740067e-12,
                1.760343121195694e-06,
                0.9999982323647646,
                7.194119989599252e-09,
                9.056060573821318e-11
            ],
            [
                5.0529580406469335e-12,
                8.956582433841671e-11,
                1.4766907971453886e-10,
                0.010986942376179214,
                0.9890130573815329
            ],
            [
                1.6575018981486971e-12,
                3.32918155755193e-11,
                9.538264858571071e-12,
                0.000709670343886156,
                0.9992903296116262
            ]
        ],
        [
            [
                0.9999999999063405,
                9.056076964857105e-11,
                0.0,
                0.0,
                3.0988191302303388e-12
            ],
            [
                0.9999999988967441,
                1.1032560291186203e-09,
                0.0,
                0.0,
                0.0
            ],
            [
                3.775113136871633e-11,
                4.785094820898014e-06,
                0.9999952092097357,
                5.602764666127568e-09,
                5.492757203360614e-11
            ],
            [
                2.934413999756463e-11,
                9.717444583584932e-10,
                1.0447237485308783e-08,
                0.88079706639896,
                0.11920292215271387
            ],
            [
                7.833443647036034e-13,
                1.3885111097528296e-11,
                7.43216440120788e-12,
                0.00020342706193864074,
                0.9997965729159607
            ]
        ],
        [
            [
                0.9999999998665763,
                1.3176514237562432e-10,
                0.0,
                0.0,
                1.6586783548189265e-12
            ],
            [
                0.9999999999572222,
                4.2777878587948324e-11,
                0.0,
                0.0,
                0.0
            ],
            [
                5.492767283083957e-11,
                2.9023120445111317e-06,
                0.99999704430619,
                5.315764865458128e-08,
                1.6918914332540925e-10
            ],
            [
                3.9352476792387866e-12,
                7.904156256323922e-11,
                6.155763081943813e-11,
                0.010986942384461537,
                0.9890130574710041
            ],
            [
                1.1398114363961576e-12,
                2.5941988718778555e-11,
                9.543524312740117e-12,
                0.00015843624750404834,
                0.9998415637158706
            ]
        ],
        [
            [
                0.9999999996390905,
                3.5817479151981074e-10,
                0.0,
                0.0,
                2.7346982800742783e-12
            ],
            [
                0.9999999993308415,
                6.691586076073529e-10,
                0.0,
                0.0,
                0.0
            ],
            [
                1.0603575985409448e-13,
                2.1724399338263112e-10,
                0.9999999997394526,
                4.2777878665022745e-11,
                4.1937956559612535e-13
            ],
            [
                2.1290704620620254e-12,
                3.773867692452571e-11,
                1.5731821082752507e-11,
                0.0003353500564616285,
                0.9996646498879388
            ],
            [
                1.2915165161445945e-12,
                2.2892678008535502e-11,
                1.2253567533473984e-11,
                0.0002034270623607972,
                0.9997965729012015
            ]
        ],
        [
            [
                0.9999999999094393,
                9.056076970169754e-11,
                0.0,
                0.0,
                0.0
            ],
            [
                0.9999999994775668,
                5.211412476800419e-10,
                0.0,
                0.0,
                1.291780002037526e-12
            ],
            [
                1.7832474509608128e-11,
                3.9278601523253295e-07,
                0.9999994195960226,
                1.855389759802713e-07,
                2.0611538075423673e-09
            ],
            [
                7.419360568105319e-12,
                5.201373319757797e-10,
                1.2477445951466603e-09,
                0.8807970749326467,
                0.11920292329205193
            ],
            [
                4.485218967283041e-12,
                9.00880311759452e-11,
                7.016062922518726e-11,
                0.00522012570047743,
                0.9947798741347886
            ]
        ],
        [
            [
                0.9999999998308102,
                1.6918979178483398e-10,
                0.0,
                0.0,
                0.0
            ],
            [
                0.999999997000669,
                2.9989608129425828e-09,
                0.0,
                0.0,
                3.701011663888734e-13
            ],
            [
                0.0,
                2.5946094973359323e-11,
                0.9999999999535925,
                2.020683908289728e-11,
                2.543665646454855e-13
            ],
            [
                2.7260221526461344e-12,
                6.204397821685593e-11,
                2.014273061282998e-11,
                0.0031726830774673354,
                0.9968273168376199
            ],
            [
                1.4601590247934352e-12,
                3.323306622416488e-11,
                1.3853603106314992e-11,
                0.002472622966461158,
                0.997527376984992
            ]
        ],
        [
            [
                0.9999999999190743,
                7.99195988348196e-11,
                0.0,
                0.0,
                1.0060392780909716e-12
            ],
            [
                0.9999999988952804,
                1.1032560285480082e-09,
                0.0,
                0.0,
                1.4637785090900531e-12
            ],
            [
                0.0,
                2.289734844901021e-11,
                0.9999999999537861,
                2.289734844901021e-11,
                4.1937956570158865e-13
            ],
            [
                6.4679369734261155e-12,
                1.1464692604486087e-10,
                6.953687568801496e-11,
                0.014063627293378537,
                0.9859363725159698
            ],
            [
                5.384745723121851e-13,
                1.2255624776357005e-11,
                3.5112952869448765e-12,
                3.5356257517593965e-05,
                0.999964643726177
            ]
        ],
        [
            [
                0.9999999996394118,
                3.581747921609112e-10,
                0.0,
                0.0,
                2.413362765988672e-12
            ],
            [
                0.9999999997179543,
                2.7894680870082316e-10,
                0.0,
                0.0,
                3.098819132211184e-12
            ],
            [
                2.020668595753073e-11,
                7.889265039841149e-06,
                0.9999921096019609,
                1.1032476715818916e-09,
                9.54496258807906e-12
            ],
            [
                2.435555845923558e-11,
                7.117737520631578e-10,
                1.5068250449421708e-09,
                0.26894140936261224,
                0.7310585883944334
            ],
            [
                7.081128820798841e-12,
                1.4222827438800347e-10,
                1.6116574910513025e-10,
                0.047425875443604874,
                0.95257412424592
            ]
        ],
        [
            [
                0.9999999999450722,
                5.4927883393314956e-11,
                0.0,
                0.0,
                0.0
            ],
            [
                0.9999999918466876,
                8.152020631201629e-09,
                0.0,
                0.0,
                1.291779991591153e-12
            ],
            [
                1.2015425724033515e-13,
                4.5990553756903964e-10,
                0.9999999994585909,
                7.991959887806886e-11,
                1.4637785131831946e-12
            ],
            [
                2.4057061059096893e-12,
                5.475361859636124e-11,
                7.03050379333544e-11,
                0.0031726830757976684,
                0.996827316796738
            ],
            [
                2.128867342577446e-12,
                3.3301088170208895e-11,
                1.0811280440176269e-11,
                0.00043055712030965924,
                0.9995694428334492
            ]
        ],
        [
            [
                0.9999999998663553,
                1.3176514228818644e-10,
                0.0,
                0.0,
                1.879528810651261e-12
            ],
            [
                0.9999999918465158,
                8.15202063645457e-09,
                0.0,
                0.0,
                1.4637785001174124e-12
            ],
            [
                4.2777881646779964e-11,
                1.1253518249843489e-07,
                0.9999996373239354,
                2.3823698321869703e-07,
                1.1861120971262923e-08
            ],
            [
                1.1974462655148664e-11,
                3.965397427877308e-10,
                2.9300544049140736e-09,
                0.9770226289589315,
                0.0229773677024998
            ],
            [
                1.879417821904622e-12,
                2.594456274909899e-11,
                2.594456274909899e-11,
                5.829127736967523e-05,
                0.9999417086688618
            ]
        ],
        [
            [
                0.999999999476124,
                5.211412467448629e-10,
                0.0,
                0.0,
                2.7346982808659944e-12
            ],
            [
                0.999999999782756,
                2.172439931889257e-10,
                0.0,
                0.0,
                0.0
            ],
            [
                1.006039269496856e-12,
                9.237449572111339e-09,
                0.9999999904414772,
                3.1608814235655467e-10,
                3.978962497131036e-12
            ],
            [
                1.4543313357337194e-11,
                3.310042863252805e-10,
                7.940380046629269e-10,
                0.07585817584036944,
                0.924141823020045
            ],
            [
                1.6500198471391316e-12,
                4.255457272783314e-11,
                1.7739385133880496e-11,
                0.0052201257091977595,
                0.9947798742288583
            ]
        ],
        [
            [
                0.9999999999450722,
                5.4927883341670626e-11,
                0.0,
                0.0,
                0.0
            ],
            [
                0.9999999983916732,
                1.605228048854721e-09,
                0.0,
                0.0,
                3.0988191265003314e-12
            ],
            [
                2.7894202841618127e-10,
                1.6701414539715175e-05,
                0.9999832649619663,
                3.2241314779046766e-08,
                1.1032371236330887e-09
            ],
            [
                1.132634383756942e-11,
                2.577863975362929e-10,
                2.9211025758992027e-10,
                0.07585817593878753,
                0.9241418234999894
            ],
            [
                8.877605833772454e-13,
                1.5735932858677886e-11,
                3.098588900102984e-12,
                7.484619710581055e-05,
                0.9999251537831719
            ]
        ],
        [
            [
                0.9999999998661051,
                1.3176514228815349e-10,
                0.0,
                0.0,
                2.1297851642834753e-12
            ],
            [
                0.9999999998973812,
                1.0261879614162916e-10,
                0.0,
                0.0,
                0.0
            ],
            [
                7.991792760043936e-11,
                2.144493938517594e-05,
                0.9999785376069499,
                1.7257467081367782e-08,
                1.1627989853271826e-10
            ],
            [
                2.1282745653846946e-12,
                4.843930583837684e-11,
                1.5725940157554754e-11,
                0.0007096703438706811,
                0.9992903295898359
            ],
            [
                5.383841834955411e-13,
                1.0813735396459936e-11,
                3.098187063062601e-12,
                0.0002034270619512719,
                0.9997965729235984
            ]
        ],
        [
            [
                0.9999999998277114,
                1.6918979178459033e-10,
                0.0,
                0.0,
                3.098819129986681e-12
            ],
            [
                0.9999999981797465,
                1.8189616816653174e-09,
                0.0,
                0.0,
                1.2917800006046821e-12
            ],
            [
                8.878265251346657e-13,
                2.510999091510652e-08,
                0.9999999745685244,
                3.1608813734558634e-10,
                4.508755126957326e-12
            ],
            [
                1.1389529777662957e-12,
                1.781622216459812e-11,
                1.0806084983080539e-11,
                0.0009110514058851749,
                0.9990889485643536
            ],
            [
                4.193755983928159e-13,
                7.433610347704427e-12,
                1.6586626673643142e-12,
                1.0129988104466749e-05,
                0.9999898700023839
            ]
        ],
        [
            [
                0.9999999999294713,
                7.052879826632132e-11,
                0.0,
                0.0,
                0.0
            ],
            [
                0.9999999999094393,
                9.056076982792792e-11,
                0.0,
                0.0,
                0.0
            ],
            [
                6.560200469760479e-12,
                5.043472047721819e-07,
                0.9999994948834703,
                7.582560776521854e-10,
                4.508755449585877e-12
            ],
            [
                2.696237270037977e-12,
                7.879560312113201e-11,
                8.928711578517834e-11,
                0.014063627289747091,
                0.985936372539474
            ],
            [
                1.657963553527749e-12,
                3.773507654718235e-11,
                1.7824788026010837e-11,
                0.00043055711957433365,
                0.9995694428232078
            ]
        ],
        [
            [
                0.9999999999270579,
                7.052879826630133e-11,
                0.0,
                0.0,
                2.413362763455925e-12
            ],
            [
                0.9999999918448806,
                8.152020626414543e-09,
                0.0,
                0.0,
                3.098819105249333e-12
            ],
            [
                1.317603797170583e-10,
                3.535625648257314e-05,
                0.9999646148433607,
                2.8452319571699602e-08,
                3.160767196269747e-10
            ],
            [
                9.99546335022276e-12,
                2.921102574718433e-10,
                4.2501791674344425e-10,
                0.07585817593171452,
                0.9241418233411618
            ],
            [
                6.914215987308015e-13,
                9.544780753528464e-12,
                2.129728458116457e-12,
                2.753568983718893e-05,
                0.9999724642977968
            ]
        ],
        [
            [
                0.9999999997803426,
                2.172439929527889e-10,
                0.0,
                0.0,
                2.4133627656664677e-12
            ],
            [
                0.9999999998837177,
                1.1628233004901236e-10,
                0.0,
                0.0,
                0.0
            ],
            [
                2.2139297868291333e-08,
                0.0009110510609192696,
                0.9990886853847282,
                2.380198833124722e-07,
                3.3951712905618125e-09
            ],
            [
                4.8380308059585595e-11,
                7.567953494197196e-10,
                4.934925584673017e-09,
                0.8807970714091377,
                0.11920292285076106
            ],
            [
                2.729430080988249e-12,
                7.039292956889872e-11,
                4.83803057953921e-11,
                0.0019267343344297606,
                0.9980732655440675
            ]
        ],
        [
            [
                0.9999999999200804,
                7.991959868330621e-11,
                0.0,
                0.0,
                0.0
            ],
            [
                0.9999999983933083,
                1.605228050028133e-09,
                0.0,
                0.0,
                1.4637785094228974e-12
            ],
            [
                2.940066646250565e-11,
                3.7266391112633914e-06,
                0.9999962722124992,
                1.1032518697132903e-09,
                1.573704273013114e-11
            ],
            [
                1.3724050825376521e-11,
                4.0107555594889504e-10,
                1.2353996851229532e-09,
                0.6791787111941242,
                0.32082128715567654
            ],
            [
                1.1398114361333734e-12,
                2.020364112395633e-11,
                8.422130643792206e-12,
                0.00015843624823973706,
                0.9998415637219946
            ]
        ],
        [
            [
                0.9999999999179505,
                7.991959880976715e-11,
                0.0,
                0.0,
                2.129785167763965e-12
            ],
            [
                0.999999999868235,
                1.3176514247194697e-10,
                0.0,
                0.0,
                0.0
            ],
            [
                2.5946047153774893e-11,
                1.0677030600714276e-06,
                0.9999989169861144,
                1.5229951669792453e-08,
                5.492778225557468e-11
            ],
            [
                2.7250774226612162e-11,
                4.2627382978601667e-10,
                4.830315308048965e-10,
                0.43782349888359023,
                0.5621765001798535
            ],
            [
                8.877419223062599e-13,
                1.783077315874398e-11,
                3.511087412874256e-12,
                9.610239996557093e-05,
                0.9999038975778047
            ]
        ],
        [
            [
                0.9999999999446527,
                5.4927883477881534e-11,
                0.0,
                0.0,
                4.193795655961869e-13
            ],
            [
                0.9999999994767288,
                5.211412471369171e-10,
                0.0,
                0.0,
                2.1297851642046964e-12
            ],
            [
                1.4637784507806975e-12,
                4.139937539628807e-08,
                0.9999999569710357,
                1.6052279857191523e-09,
                2.2897347465569706e-11
            ],
            [
                1.139183284216022e-12,
                2.59276920410559e-11,
                1.2247374509964219e-11,
                0.0007096703443250896,
                0.9992903296163607
            ],
            [
                2.7204228190673474e-12,
                6.191653797200908e-11,
                3.755427862328498e-11,
                0.005220125706543721,
                0.994779874191265
            ]
        ],
        [
            [
                0.9999999999075597,
                9.056076958060745e-11,
                0.0,
                0.0,
                1.879528809978197e-12
            ],
            [
                0.9999999981810384,
                1.8189616816655936e-09,
                0.0,
                0.0,
                0.0
            ],
            [
                0.0,
                2.9400777387911556e-11,
                0.9999999999639746,
                6.5602001670530395e-12,
                6.431393940372873e-14
            ],
            [
                4.802100170325554e-12,
                1.2384779570910672e-10,
                1.5902371749124406e-10,
                0.060086654491077314,
                0.9399133452212491
            ],
            [
                2.1115150157029865e-12,
                3.742749919217017e-11,
                1.56021029047638e-11,
                0.0085774856818862,
                0.9914225142629727
            ]
        ],
        [
            [
                0.9999999998308102,
                1.691897917847966e-10,
                0.0,
                0.0,
                0.0
            ],
            [
                0.999999999917667,
                7.991959868328356e-11,
                0.0,
                0.0,
                2.413362764396934e-12
            ],
            [
                6.914399816920825e-13,
                4.1399375451385535e-08,
                0.9999999581875076,
                4.0586519562385436e-10,
                6.560199892991054e-12
            ],
            [
                3.730583791461853e-11,
                8.490769573128296e-10,
                2.308030464026761e-09,
                0.32082128712012425,
                0.6791787096854625
            ],
            [
                3.088987785102974e-12,
                5.475361859696463e-11,
                2.0142730611565637e-11,
                0.0031726830772681887,
                0.9968273168447466
            ]
        ],
        [
            [
                0.999999999538215,
                4.599055364356803e-10,
                0.0,
                0.0,
                1.8795288106968334e-12
            ],
            [
                0.9999999827410323,
                1.725782765871659e-08,
                0.0,
                0.0,
                1.1399918312956714e-12
            ],
            [
                5.109079509737699e-12,
                3.2241807305383e-08,
                0.9999988974034758,
                1.0677030391233058e-06,
                2.646568708294373e-09
            ],
            [
                1.4635971086702116e-12,
                2.0204334865151236e-11,
                6.55938716530568e-12,
                0.00012339462824990534,
                0.9998766053435227
            ],
            [
                6.724885157931008e-12,
                1.7343707412712724e-10,
                1.9652995225159075e-10,
                0.09534947015146188,
                0.9046505294718462
            ]
        ],
        [
            [
                0.9999999999771028,
                2.2897348423456678e-11,
                0.0,
                0.0,
                0.0
            ],
            [
                0.9999999994094697,
                5.905303979819313e-10,
                0.0,
                0.0,
                0.0
            ],
            [
                1.3176440013965502e-10,
                6.144171868131979e-06,
                0.9999938140182782,
                4.139914388202663e-08,
                2.789452372846088e-10
            ],
            [
                8.971504227534802e-12,
                2.62185785490026e-10,
                4.89827533837933e-10,
                0.060086654436743187,
                0.939913344802272
            ],
            [
                1.6567370478954952e-12,
                3.3276453147517905e-11,
                2.2870549484479156e-11,
                0.0011695103474469502,
                0.9988304895947493
            ]
        ],
        [
            [
                0.9999999998658216,
                1.3176514223550137e-10,
                0.0,
                0.0,
                2.4133627633081394e-12
            ],
            [
                0.9999999994073399,
                5.905303979815379e-10,
                0.0,
                0.0,
                2.129785164056913e-12
            ],
            [
                4.508747219956553e-12,
                1.3709566470639267e-06,
                0.999998623406657,
                5.602786468593318e-09,
                2.9400725080627926e-11
            ],
            [
                1.0020240252253516e-11,
                3.3182478468805625e-10,
                4.828022128786551e-10,
                0.18242551496879708,
                0.8175744842065558
            ],
            [
                4.470077322451054e-12,
                1.152848136021489e-10,
                8.978390310959451e-11,
                0.008577485683641679,
                0.9914225141068195
            ]
        ],
        [
            [
                0.9999999999067046,
                9.05607697235532e-11,
                0.0,
                0.0,
                2.7346982863624286e-12
            ],
            [
                0.9999999997210531,
                2.789468089013314e-10,
                0.0,
                0.0,
                0.0
            ],
            [
                2.2897306985003376e-11,
                1.7603431238342552e-06,
                0.9999982339406319,
                5.6027862898075064e-09,
                9.05606058739536e-11
            ],
            [
                1.0045283973987606e-12,
                2.017649221634334e-11,
                1.0799698046222224e-11,
                0.0015011820302439124,
                0.9984988179377754
            ],
            [
                6.912079787899566e-13,
                1.3883283379587591e-11,
                6.557998710742415e-12,
                0.00033535005575655724,
                0.999664649923111
            ]
        ],
        [
            [
                0.9999999999067046,
                9.056076961669157e-11,
                0.0,
                0.0,
                2.7346982831354868e-12
            ],
            [
                0.9999999995400946,
                4.599055368167054e-10,
                0.0,
                0.0,
                0.0
            ],
            [
                3.531360509556895e-10,
                4.3882344794627585e-07,
                0.9859312892453,
                0.014063553781440662,
                4.717796675229903e-06
            ],
            [
                1.2111432355433097e-11,
                2.756549298420026e-10,
                5.149912083235843e-10,
                0.32082128777462965,
                0.6791787114226128
            ],
            [
                4.1935479965923003e-13,
                7.43324168133043e-12,
                2.1296593979222726e-12,
                5.829127676950333e-05,
                0.9999417087132483
            ]
        ],
        [
            [
                0.999999999965901,
                3.331544539526646e-11,
                0.0,
                0.0,
                7.835041778856255e-13
            ],
            [
                0.9999999998498028,
                1.4930946732570235e-10,
                0.0,
                0.0,
                8.878265460976944e-13
            ],
            [
                4.056021182605233e-10,
                8.14673632244487e-09,
                0.000552725580188235,
                0.999351216609558,
                9.604925791537873e-05
            ],
            [
                5.427967349948348e-11,
                1.2353996745591268e-09,
                9.128437499918056e-09,
                0.6791787051521925,
                0.32082128442969077
            ],
            [
                3.5073123580547113e-12,
                6.216859907296348e-11,
                2.2870549485373257e-11,
                0.001169510347492671,
                0.9988304895639608
            ]
        ],
        [
            [
                0.9999999998837177,
                1.162823299397434e-10,
                0.0,
                0.0,
                0.0
            ],
            [
                0.999999992805867,
                7.194132963733418e-09,
                0.0,
                0.0,
                0.0
            ],
            [
                3.098819054310964e-12,
                1.5229979329852756e-08,
                0.9999999728508743,
                1.1861119828250636e-08,
                5.492788201332851e-11
            ],
            [
                4.340454965190504e-12,
                1.8456084149244507e-10,
                1.6287437095548925e-10,
                0.03732688394373863,
                0.9626731157044858
            ],
            [
                1.1398505739652116e-12,
                1.3886222733435578e-11,
                5.788638854365573e-12,
                0.00012339462925840128,
                0.999876605349927
            ]
        ],
        [
            [
                0.9999999998658216,
                1.3176514223550137e-10,
                0.0,
                0.0,
                2.4133627633081394e-12
            ],
            [
                0.9999999979375545,
                2.061153615608954e-09,
                0.0,
                0.0,
                1.291780000505701e-12
            ],
            [
                2.789446863973312e-10,
                7.889264786487214e-06,
                0.9999920776935096,
                3.224162199989626e-08,
                5.211372827090131e-10
            ],
            [
                2.5896110158087963e-11,
                5.20137276747211e-10,
                9.71744364592782e-10,
                0.7772998549111423,
                0.2227001435710798
            ],
            [
                6.913543208140665e-13,
                1.2254548554634383e-11,
                4.508196474087203e-12,
                0.00012339462824808523,
                0.9998766053542978
            ]
        ],
        [
            [
                0.9999999999377585,
                6.224144612522116e-11,
                0.0,
                0.0,
                0.0
            ],
            [
                0.9999998144580418,
                1.8553915953848365e-07,
                1.1399919960624846e-12,
                0.0,
                1.6586785670043815e-12
            ],
            [
                3.3980670313618324e-09,
                5.829127495615433e-05,
                0.999941559232219,
                1.4448962467822474e-07,
                1.6051332095872824e-09
            ],
            [
                1.3036591026840143e-11,
                3.8098503570827733e-10,
                1.0356246994806307e-09,
                0.2689414095199802,
                0.7310585890503735
            ],
            [
                2.7204228193110494e-12,
                5.464115298395438e-11,
                2.9247301602116105e-11,
                0.005220125702564948,
                0.9947798742108263
            ]
        ],
        [
            [
                0.9999999998663553,
                1.3176514237559521e-10,
                0.0,
                0.0,
                1.8795288118980798e-12
            ],
            [
                0.9999999996829059,
                3.1608814498241347e-10,
                0.0,
                0.0,
                1.006039277854389e-12
            ],
            [
                2.7894416471109457e-10,
                1.012998789881736e-05,
                0.9999898500458975,
                1.9555495688773703e-08,
                1.3176389349180154e-10
            ],
            [
                9.526647560667475e-12,
                3.5748481235313514e-10,
                4.5901958514127345e-10,
                0.11920292364987024,
                0.8807970755240987
            ],
            [
                2.3972095248147077e-12,
                4.8149240423282973e-11,
                3.749866614594612e-11,
                0.006692851423810091,
                0.9933071484881447
            ]
        ],
        [
            [
                0.9999999999200804,
                7.991959871146886e-11,
                0.0,
                0.0,
                0.0
            ],
            [
                0.9999999995384359,
                4.5990553670501976e-10,
                0.0,
                0.0,
                1.6586783547298539e-12
            ],
            [
                2.4613073735117484e-10,
                0.0001584362485485601,
                0.9998414504668967,
                1.1251736535306798e-07,
                5.21058775061327e-10
            ],
            [
                3.500281709798622e-12,
                1.3134710214080812e-10,
                5.585020900599925e-09,
                0.9968273112301012,
                0.0031726830500305313
            ],
            [
                1.4601590246829545e-12,
                2.2840730115490686e-11,
                1.0789196946742215e-11,
                0.002472622968380204,
                0.9975273769965296
            ]
        ],
        [
            [
                0.9999999999766276,
                2.2897348440588803e-11,
                0.0,
                0.0,
                4.752193059478119e-13
            ],
            [
                0.9999999991386535,
                8.592166591705472e-10,
                0.0,
                0.0,
                2.1297851641469905e-12
            ],
            [
                1.0261861280655771e-10,
                8.315272321028993e-07,
                0.9999977801557174,
                1.3709566347344524e-06,
                1.7257797126245916e-08
            ],
            [
                6.7324822607268165e-12,
                2.229491928678471e-10,
                2.5263453301069843e-10,
                0.3775406758211264,
                0.6224593236965575
            ],
            [
                4.866783920697434e-12,
                1.4222827440041302e-10,
                7.6129309331356e-11,
                0.04742587544774282,
                0.9525741243290328
            ]
        ],
        [
            [
                0.9999999998283968,
                1.6918979178470629e-10,
                0.0,
                0.0,
                2.413362765031931e-12
            ],
            [
                0.9999999996822533,
                3.1608814467942703e-10,
                0.0,
                0.0,
                1.6586783549684006e-12
            ],
            [
                5.904955437505333e-10,
                5.82912784706208e-05,
                0.9999416193905339,
                8.76373090840104e-08,
