{
    "[['A', 'B', 'C', 'D', 'E'], ['A', 'B', 'C', 'D', 'E']]": [
        [
            [
                0.9999999985116481,
                7.052879832833862e-11,
                3.266131334322916e-13,
                8.878265455450676e-13,
                1.4166087829719018e-09
            ],
            [
                7.889265082048733e-06,
                0.9999919960234754,
                1.1253432250044333e-07,
                1.8189479127188291e-09,
                3.581720806026368e-10
            ],
            [
                4.598845262404124e-10,
                4.539785595382489e-05,
                0.9999545989827835,
                2.646452725356705e-09,
                5.4925374028826556e-11
            ],
            [
                0.8807970731959733,
                0.11920292323653268,
                2.993183677016312e-09,
                3.574848111135523e-10,
                2.16825498321949e-10
            ],
            [
                0.4999999936940865,
                0.49999999416298985,
                1.1079739440877392e-08,
                8.026136330999713e-10,
                2.6057049632135495e-10
            ]
        ],
        [
            [
                0.9999999997878215,
                2.020683905349813e-11,
                0.0,
                2.5436656427540484e-13,
                1.917171510274032e-10
            ],
            [
                3.927860124640372e-07,
                0.9999992936479827,
                3.059020540864867e-07,
                5.6027969012110805e-09,
                2.061153793014621e-09
            ],
            [
                5.517201556155778e-07,
                0.1480471081904186,
                0.8519522430079557,
                9.58745871224122e-08,
                1.2068829401315556e-09
            ],
            [
                0.004070137717807674,
                0.9959298485390748,
                1.3385711989502189e-08,
                3.1480177267084653e-10,
                4.260378706779678e-11
            ],
            [
                0.9820137880702767,
                0.017986211597598153,
                2.7392950634130585e-10,
                3.271621403817936e-11,
                2.5479413112065766e-11
            ]
        ],
        [
            [
                0.9999785548732056,
                1.691862568702104e-10,
                2.129740666947185e-12,
                1.5736773264246724e-11,
                2.1444939741661075e-05
            ],
            [
                5.043471969632094e-07,
                0.9999994795844744,
                1.5229980209103664e-08,
                6.691586295331962e-10,
                1.6918979742043144e-10
            ],
            [
                3.725033020213622e-06,
                0.999565647409766,
                0.00043055548178634395,
                6.822635964684355e-08,
                3.849067823671211e-09
            ],
            [
                1.300712443562096e-05,
                0.9999869672682569,
                2.5109657167172988e-08,
                4.598994132938565e-10,
                3.775084270735808e-11
            ],
            [
                0.9990889485800913,
                0.000911051408188903,
                6.554221849248822e-12,
                1.6571668031787102e-12,
                3.5082221498593024e-12
            ]
        ],
        [
            [
                0.9999999992914899,
                1.1628233000830939e-10,
                6.914400089464252e-13,
                1.006039276740581e-12,
                5.905303984018551e-10
            ],
            [
                7.88925750277264e-06,
                0.9999918699547459,
                2.382349337286284e-07,
                2.335575335134496e-09,
                2.1724234681055936e-10
            ],
            [
                1.057732960481702e-07,
                0.06008662653027834,
                0.9399130396730804,
                2.239220694911537e-07,
                4.1012757640180115e-09
            ],
            [
                0.9626731143555182,
                0.03732688384547954,
                1.545309003095992e-09,
                1.2684668739263292e-10,
                1.2684668739263292e-10
            ],
            [
                0.8175744836574675,
                0.18242551500051424,
                7.024730720110646e-10,
                1.5674292905778833e-10,
                4.828022110325633e-10
            ]
        ],
        [
            [
                0.9999999967471691,
                2.4616969393301686e-10,
                1.1399918472625531e-12,
                6.5602001348818045e-12,
                2.9989608096472003e-09
            ],
            [
                3.5356225524963056e-05,
                0.999964335415919,
                3.058912867747742e-07,
                2.335508795253713e-09,
                1.3176039000533244e-10
            ],
            [
                1.5807047426994451e-07,
                0.14804716360237083,
                0.8519526021102816,
                7.466720502103096e-08,
                1.5496684010912863e-09
            ],
            [
                0.00015843624422146068,
                0.9998415479522315,
                1.5227569178527183e-08,
                5.210587637499224e-10,
                5.4919189650405485e-11
            ],
            [
                0.9706877708220651,
                0.02931222790182376,
                9.450807362459762e-10,
                1.4493282497278225e-10,
                1.8609743097740823e-10
            ]
        ],
        [
            [
                0.9999999991610526,
                2.461696945272418e-10,
                7.835041764239561e-13,
                1.4637785102353188e-12,
                5.905303983248279e-10
            ],
            [
                5.043472304682321e-07,
                0.9999994268553811,
                6.825604037902097e-08,
                5.211412993001351e-10,
                2.0206841048757085e-11
            ],
            [
                7.882075592159846e-06,
                0.9990809213467184,
                0.0009110440679090048,
                1.443652502397054e-07,
                8.144530097020944e-09
            ],
            [
                2.7535688929240864e-05,
                0.9999724315061589,
                3.224100775909966e-08,
                5.211273544312213e-10,
                4.2776738171362824e-11
            ],
            [
                0.9999999985768309,
                1.416608782049771e-09,
                0.0,
                0.0,
                6.560200146882e-12
            ]
        ],
        [
            [
                0.9999999992777047,
                1.3176514209838776e-10,
                0.0,
                0.0,
                5.905303971938864e-10
            ],
            [
                0.00015843624256356288,
                0.9998414184003097,
                1.4447515228393383e-07,
                8.590806580896761e-10,
                2.289372407721211e-11
            ],
            [
                8.311695801664287e-07,
                0.9995684914879286,
                0.0004305567073057995,
                1.1248667782508451e-07,
                8.148507611239245e-09
            ],
            [
                1.670141505895169e-05,
                0.9999832958137089,
                2.646528361549648e-09,
                1.1628034095387206e-10,
                8.423319646558412e-12
            ],
            [
                0.9995694428676516,
                0.0004305571196425209,
                5.78686141073341e-12,
                2.412322735277952e-12,
                4.506812198204874e-12
            ]
        ],
        [
            [
                0.9999999979060248,
                6.691586059570991e-10,
                3.0988191240317223e-12,
                5.109089003843439e-12,
                1.4166087799276931e-09
            ],
            [
                3.9278599464527117e-07,
                0.9999993673235551,
                2.382367484580792e-07,
                1.6052281152090896e-09,
                4.847368887525454e-11
            ],
            [
                2.896718201521199e-06,
                0.7772972052184045,
                0.2226993842420521,
                5.033741449430199e-07,
                1.0447197081032142e-08
            ],
            [
                2.7535689096111342e-05,
                0.9999723184962248,
                1.4449403516598248e-07,
                1.2501171587198797e-09,
                7.052678402240649e-11
            ],
            [
                0.0373268828004133,
                0.9626730879944866,
                2.739125673686994e-08,
                1.5453089612510354e-09,
                2.6853443204590354e-10
            ]
        ],
        [
            [
                0.9999999991100441,
                2.1724399280717057e-10,
                1.1399918493672558e-12,
                2.413362764048794e-12,
                6.691586069708743e-10
            ],
            [
                2.2603232314739834e-06,
                0.9999976707288014,
                6.825591237307338e-08,
                6.691574190608943e-10,
                2.289730773455477e-11
            ],
            [
                1.3709278309086705e-06,
                0.9999771293909382,
                2.14449193986929e-05,
                5.315664063794464e-08,
                1.6051914587864115e-09
            ],
            [
                1.3007124810611061e-05,
                0.9999868770258218,
                1.125336793303551e-07,
                2.6465384707329166e-09,
                6.691497172218225e-10
            ],
            [
                0.32082128363793205,
                0.6791787034378973,
                1.1721145719683836e-08,
                8.490769480969536e-10,
                3.5394793144616016e-10
            ]
        ],
        [
            [
                0.9999999989710326,
                5.492788338435958e-11,
                0.0,
                4.19379564882138e-13,
                9.736200290819593e-10
            ],
            [
                1.3007125352040846e-05,
                0.999986918650907,
                6.825512960529298e-08,
                4.363404452053007e-09,
                1.6052067914262435e-09
            ],
            [
                2.882885986300716e-06,
                0.9933034294451256,
                0.006692825418079809,
                8.259606638761754e-07,
                3.6290144255278024e-08
            ],
            [
                0.00015843624156690157,
                0.9998415310324406,
                3.2236763663793886e-08,
                4.598327373694838e-10,
                2.939612341285678e-11
            ],
            [
                0.07585817549023055,
                0.9241418194415213,
                4.56937320330936e-09,
                4.250179145187134e-10,
                7.385703904300102e-11
            ]
        ],
        [
            [
                0.9999999988061183,
                2.1724399294078833e-10,
                8.878265455283031e-13,
                2.1297851653960013e-12,
                9.736200287593307e-10
            ],
            [
                1.370956613863889e-06,
                0.9999981227750562,
                5.043467529785404e-07,
                1.8189584070616355e-09,
                1.0261861124435786e-10
            ],
            [
                7.884901937388285e-06,
                0.9994392493544973,
                0.0005527743016338037,
                8.759334832682651e-08,
                3.848583131287781e-09
            ],
            [
                0.00033535004064699596,
                0.9996646071550039,
                4.1385482676066836e-08,
                1.2497332884869102e-09,
                1.691330085675994e-10
            ],
            [
                0.9999417086814925,
                5.8291277209018735e-05,
                1.2255343662763662e-11,
                3.0986361381414257e-12,
                2.594456273766471e-11
            ]
        ],
        [
            [
                0.9999999959544421,
                1.917171498619751e-10,
                0.0,
                3.0988191142526206e-12,
                3.850741892361004e-09
            ],
            [
                4.785094874405111e-06,
                0.9999951014208158,
                1.1253453783180162e-07,
                8.592117992216662e-10,
                9.056025737236788e-11
            ],
            [
                1.0122802708535476e-05,
                0.999280124939892,
                0.000709663262491554,
                8.757932011338486e-08,
                1.415587866687943e-09
            ],
            [
                3.726639003199267e-06,
                0.999996124253907,
                1.4449747522384974e-07,
                4.3634456628915574e-09,
                2.4616875923484237e-10
            ],
            [
                0.9999977396671266,
                2.2603252719854585e-06,
                2.7346932887965493e-12,
                8.878249236761197e-13,
                3.978955256812992e-12
            ]
        ],
        [
            [
                0.9999999800269319,
                4.0586520403380223e-10,
                3.0988190729549024e-12,
                8.423463575695615e-12,
                1.9555680672815956e-08
            ],
            [
                6.475939935058504e-07,
                0.9999985131635994,
                8.315271473558281e-07,
                7.194119432043002e-09,
                5.211402637325822e-10
            ],
            [
                6.475945948096939e-07,
                0.9999988452199423,
                5.043471775505986e-07,
                2.646568569806292e-09,
                1.9171678417125416e-10
            ],
            [
                0.18242551282930236,
                0.8175744752640923,
                1.0988527584818178e-08,
                7.96006268408399e-10,
                1.2207151490012526e-10
            ],
            [
                0.9999996037526474,
                3.927863683671239e-07,
                2.940077842722366e-11,
                3.3315446593769006e-11,
                3.39826793905302e-09
            ]
        ],
        [
            [
                0.9999999978155172,
                1.4166087812746585e-09,
                4.508755225207947e-12,
                5.109089008701356e-12,
                7.582560399176196e-10
            ],
            [
                6.475940324172624e-07,
                0.9999979768942191,
                1.3709565773856135e-06,
                4.36345426735155e-09,
                1.9171680051339887e-10
            ],
            [
                9.311242186539962e-07,
                0.6791775337863286,
                0.32082076901843926,
                7.251602706244822e-07,
                4.0910742990147725e-08
            ],
            [
                0.00026119031767988973,
                0.9997387758634898,
                3.223344593421279e-08,
                1.4162387744651989e-09,
                1.691456006088e-10
            ],
            [
                0.9988304862304686,
                0.0011695103463255114,
                2.7862032977393354e-10,
                1.4913471572922782e-10,
                2.995450839308502e-09
            ]
        ],
        [
            [
                0.9999999990154149,
                5.211412467128639e-10,
                1.6586783523068098e-12,
                1.879528809051894e-12,
                4.5990553603317684e-10
            ],
            [
                1.7603430800565758e-06,
                0.9999977324718978,
                5.043467365558506e-07,
                2.6465687796439122e-09,
                1.917167993718404e-10
            ],
            [
                1.120859137440989e-06,
                0.8175728270659113,
                0.18242515278892216,
                8.729259739517815e-07,
                2.636005519580315e-08
            ],
            [
                0.6224593183489019,
                0.3775406724490735,
                7.383063210603225e-09,
                1.1322294138760687e-09,
                6.867318533443001e-10
            ],
            [
                0.9968273156615868,
                0.0031726830765637292,
                3.150853194770819e-10,
                9.027345545040943e-11,
                8.564906983487645e-10
            ]
        ],
        [
            [
                0.999999999048196,
                5.905303960237132e-10,
                0.0,
                3.0988191184103046e-12,
                3.5817479068062546e-10
            ],
            [
                2.3823288531310975e-07,
                0.9999830338263093,
                1.6701414659416756e-05,
                2.5109561377137327e-08,
                1.416584517531239e-09
            ],
            [
                1.3706781245640466e-06,
                0.9997951325905948,
                0.00020342667057934519,
                6.824211057872285e-08,
                1.8185906472507195e-09
            ],
            [
                1.012998776680075e-05,
                0.9999893602043103,
                5.043423935113343e-07,
                4.944394130581886e-09,
                5.211353072915642e-10
            ],
            [
                0.03732688348657635,
                0.9626731056296881,
                1.0076680400083362e-08,
                6.441806260408797e-10,
                1.6287436911342457e-10
            ]
        ],
        [
            [
                0.9999999995676296,
                1.1628232974442211e-10,
                0.0,
                0.0,
                3.1608814391514544e-10
            ],
            [
                1.0129968472367009e-05,
                0.9999874557975362,
                2.260301487537796e-06,
                1.125336773714998e-07,
                4.1398826344394725e-08
            ],
            [
                2.897955928087823e-06,
                0.9984957709144263,
                0.0015011776253571049,
                1.4428072991876506e-07,
                9.223558477049274e-09
            ],
            [
                0.017986210964589508,
                0.9820137561434296,
                3.166194498599066e-08,
                1.0834121795080894e-09,
                1.4662389417572317e-10
            ],
            [
                0.977022632074813,
                0.022977367803908806,
                8.847997658077996e-11,
                1.742274041054924e-11,
                1.537551444684517e-11
            ]
        ],
        [
            [
                0.9999869729173776,
                1.3440231019328456e-08,
                1.6918753984248027e-10,
                6.348715594643036e-09,
                1.3007124488273105e-05
            ],
            [
                7.88926543075567e-06,
                0.9999920403019293,
                6.825551988341427e-08,
                1.8189479931166542e-09,
                3.581720964339072e-10
            ],
            [
                1.7569501049995282e-06,
                0.9980706549719249,
                0.0019267297550792548,
                8.29924464436591e-07,
                2.8398426430974513e-08
            ],
            [
                4.785094647727602e-06,
                0.9999951731220927,
                4.1399140928906865e-08,
                3.581727489879386e-10,
                2.594594691297621e-11
            ],
            [
                0.9525741238909209,
                0.04742587545920392,
                4.964254550187143e-10,
                8.626580894778355e-11,
                6.718387956082204e-11
            ]
        ],
        [
            [
                0.9999999988537684,
                1.6918979123103183e-10,
                1.291779996918175e-12,
                2.129785157983941e-12,
                9.736200253709467e-10
            ],
            [
                1.6701414618486996e-05,
                0.9999824356126573,
                8.315144714506543e-07,
                2.510956131560192e-08,
                6.348691333871288e-09
            ],
            [
                8.25962303197548e-07,
                0.9933062151304264,
                0.006692845077963744,
                1.1178194884952796e-07,
                2.0473578094069092e-09
            ],
            [
                7.889257928794029e-06,
                0.9999919237173819,
                1.8553756296188278e-07,
                1.416598125324242e-09,
                7.052826771530592e-11
            ],
            [
                0.9992903274312641,
                0.0007096703447037414,
                3.1586395051767113e-10,
                9.049653697852251e-11,
                1.817671534902732e-09
            ]
        ],
        [
            [
                0.99999999939358,
                2.461696946835301e-10,
                7.835041769213874e-13,
                1.2917800021726878e-12,
                3.5817479230372013e-10
            ],
            [
                1.7603413599392453e-06,
                0.9999975899241751,
                6.475933957654264e-07,
                2.0611497896533635e-09,
                7.991945031632961e-11
            ],
            [
                1.0676999708520417e-06,
                0.999996024271543,
                2.9023094290133572e-06,
                5.602775241851517e-09,
                1.1628189039978616e-10
            ],
            [
                0.00012339451628304377,
                0.9998764186553332,
                1.8551615197843724e-07,
                1.2499979995049947e-09,
                6.223373586104833e-11
            ],
            [
                0.9999977396685246,
                2.260325271695599e-06,
                2.413358356572351e-12,
                6.914387457006036e-13,
                3.0988134694146558e-12
            ]
        ],
        [
            [
                0.9999999927792295,
                2.5946094778051818e-11,
                0.0,
                6.914400052386077e-13,
                7.1941329735641836e-09
            ],
            [
                1.0129930472534467e-05,
                0.9999837056425245,
                6.1441134123494385e-06,
                1.9555347530961693e-08,
                7.582431093870605e-10
            ],
            [
                1.2987601541642127e-05,
                0.9984856991397317,
                0.0015011626403256052,
                1.4427922056617283e-07,
                6.339180491736389e-09
            ],
            [
                1.3007124561684615e-05,
                0.9999869771692735,
                1.522977707436885e-08,
                4.0585981166585083e-10,
                7.052785996122987e-11
            ],
            [
                0.008577485656925907,
                0.991422511796471,
                2.0434722063374828e-09,
                3.5510222362664607e-10,
                1.48028630133333e-10
            ]
        ],
        [
            [
                0.9999999914328194,
                4.0586520859549646e-10,
                2.7346982642892226e-12,
                6.560200102658121e-12,
                8.152020633082108e-09
            ],
            [
                1.760341359193823e-06,
                0.999997589316058,
                6.475933954912009e-07,
                2.6465687163948123e-09,
                1.0261860545042619e-10
            ],
            [
                9.658973969605612e-07,
                0.9046491278041296,
                0.0953493066743015,
                5.858463853932046e-07,
                1.3777786402338955e-08
            ],
            [
                2.144493868009945e-05,
                0.9999781474237973,
                3.927777528557493e-07,
                1.1860871714145048e-08,
                2.998898010096384e-09
            ],
            [
                0.9997687820655584,
                0.00020342123537304908,
                2.844678397414546e-08,
                2.3818177893446795e-07,
                2.7530070505553255e-05
            ]
        ],
        [
            [
                0.9999999672839008,
                4.5990552216741025e-10,
                3.5114219935221664e-12,
                1.0815941188108318e-11,
                3.224186627206509e-08
            ],
            [
                5.8291278505728436e-05,
                0.9999416201224066,
                8.763730913679255e-08,
                8.591659470447905e-10,
                1.0261273928924658e-10
            ],
            [
                1.535159766948606e-06,
                0.32081970832068624,
                0.6791753447816457,
                3.2499332521333085e-06,
                1.6180464901495543e-07
            ],
            [
                0.000123394620958736,
                0.9998765515358092,
                5.315126183612245e-08,
                6.690756443579631e-10,
                2.289450955809497e-11
            ],
            [
                0.999738809535807,
                0.00026119032927476334,
                4.2766706681337106e-11,
                1.2252866610115823e-11,
                7.989872687009767e-11
            ]
        ],
        [
            [
                0.9999999963171475,
                2.789468076080663e-10,
                1.658678348931566e-12,
                3.978962511890071e-12,
                3.3982677990427814e-09
            ],
            [
                1.370956716631652e-06,
                0.9999983168695474,
                3.0590179173858604e-07,
                5.60278675290071e-09,
                6.691574524643876e-10
            ],
            [
                1.060556545515352e-06,
                0.9933055797242193,
                0.006692841605512089,
                5.009714393920059e-07,
                1.7142283635717864e-08
            ],
            [
                5.829127585072898e-05,
                0.999941693263951,
                1.52290801084455e-08,
                2.1723116088575434e-10,
                1.3887123502876466e-11
            ],
            [
                0.9999999993894022,
                4.599055370770208e-10,
                6.914400095089933e-13,
                6.914400095089933e-13,
                1.4930946736382183e-10
            ]
        ],
        [
            [
                0.9999999466422143,
                1.9171714087464032e-10,
                1.6586782680611286e-12,
                6.560199808822787e-12,
                5.3157849632555033e-08
            ],
            [
                1.37095657994549e-06,
                0.999997978700199,
                6.475940336264624e-07,
                2.646568800344365e-09,
                1.0261860870550361e-10
            ],
            [
                1.7511538268054822e-06,
                0.9947778133841623,
                0.005220116006655808,
                3.043049060723264e-07,
                1.515044916329933e-08
            ],
            [
                1.6701415194813668e-05,
                0.9999831847464963,
                1.1253325039237516e-07,
                1.2501314890460504e-09,
                5.4926944254747794e-11
            ],
            [
                0.9770226317242726,
                0.022977367899374008,
                2.405135120563525e-10,
                4.7359918568260495e-11,
                8.84799764094719e-11
            ]
        ],
        [
            [
                0.999999997766639,
                1.6918979167213804e-10,
                8.878265447532097e-13,
                2.1297851635366487e-12,
                2.0611536152585007e-09
            ],
            [
                8.31527945325818e-07,
                0.999999114607291,
                5.3157853773543305e-08,
                6.691586246038699e-10,
                3.77513463158077e-11
            ],
            [
                8.062458072163688e-09,
                0.010986941720710304,
                0.989012996981194,
                5.257383075382484e-08,
                6.618068597587982e-10
            ],
            [
                0.00020342687301485587,
                0.9997964841498813,
                8.762460810378679e-08,
                1.2498979061768066e-09,
                1.0259786790853715e-10
            ],
            [
                0.9997388096367815,
                0.00026119032766368255,
                2.5939318851652654e-11,
                4.5075777272701535e-12,
                5.107754728734655e-12
            ]
        ],
        [
            [
                0.9999999993742872,
                4.05865211818662e-10,
                1.1399918507161253e-12,
                1.4637785111364025e-12,
                2.172439930642196e-10
            ],
            [
                1.6701399156060975e-05,
                0.9999822250672507,
                1.067684727206489e-06,
                5.602700593690119e-09,
                2.4616548409678814e-10
            ],
            [
                1.9019648106526062e-07,
                0.095349287497005,
                0.9046488680631186,
                1.5924956385619655e-06,
                6.174775686071251e-08
            ],
            [
                0.22270013780398,
                0.7772998344445625,
                2.211679919232871e-08,
                2.993183282981093e-09,
                2.6414749760988047e-09
            ],
            [
                0.9999962733509066,
                3.7266391137196285e-06,
                2.413353667707131e-12,
                1.0060354841189304e-12,
                6.560175420573284e-12
            ]
        ],
        [
            [
                0.9999999905781493,
                1.2501528508588293e-09,
                5.789356256822148e-12,
                1.3887943692464487e-11,
                8.152020613215453e-09
            ],
            [
                6.1441662740258e-06,
                0.999992785036167,
                1.0676960026526915e-06,
                2.9989383337689763e-09,
                1.0261802671429742e-10
            ],
            [
                6.475840984826193e-07,
                0.999982638471813,
                1.670141402483578e-05,
                1.1860916497894128e-08,
                6.691471197878494e-10
            ],
            [
                0.017986211538085235,
                0.9820137876651219,
                6.571227250707472e-10,
                1.1419080726644643e-10,
                2.5479413112840676e-11
            ],
            [
                0.9999996940245629,
                3.059023587962979e-07,
                8.423464808962439e-12,
                2.4133630739507435e-12,
                6.224145402079161e-11
            ]
        ],
        [
            [
                0.9999999864528666,
                1.0261879476210182e-10,
                1.0060392640394461e-12,
                3.0988190917673983e-12,
                1.3440409747481074e-08
            ],
            [
                7.889242818988254e-06,
                0.9999891746202303,
                2.9022902395152137e-06,
                3.22415014758424e-08,
                1.605209838260352e-09
            ],
            [
                2.260262636528581e-06,
                0.9999701496950982,
                2.7535635919113147e-05,
                5.315623155995529e-08,
                1.2501147444901992e-09
            ],
            [
                0.0001233946223881021,
                0.9998765631874585,
                4.1394244818703896e-08,
                7.581620401712364e-10,
                3.7746665327924554e-11
            ],
            [
                0.7772994269237474,
                0.2227000149666477,
                4.131954353165271e-08,
                1.3414491757671793e-08,
                5.033755695895068e-07
            ]
        ],
        [
            [
                0.9999999962786554,
                3.160881438073231e-10,
                1.879528806882152e-12,
                5.109089001813064e-12,
                3.3982678020349295e-09
            ],
            [
                6.475921134983226e-07,
                0.9999956101367924,
                3.7266353092976543e-06,
                1.5229921267987185e-08,
                4.0586365429562105e-10
            ],
            [
                1.92568881935401e-06,
                0.14804682093980334,
                0.8519506663820722,
                5.517190840049599e-07,
                3.527022102736091e-08
            ],
            [
                0.0003353500497512417,
                0.999664634389198,
                1.5224868658893387e-08,
                3.1598206822937523e-10,
                2.0200057801575905e-11
            ],
            [
                0.9997965728064179,
                0.00020342706255156473,
                5.491667962670681e-11,
                1.3885111079755306e-11,
                6.222875056656931e-11
            ]
        ],
        [
            [
                0.9999999467211975,
                1.1628232397853723e-10,
                6.914399730920893e-13,
                3.978962319453067e-12,
                5.315784965341078e-08
            ],
            [
                7.889257933144632e-06,
                0.9999919244168528,
                1.8553756306419917e-07,
                7.582503366165214e-10,
                2.9400556140442176e-11
            ],
            [
                5.2201719636798046e-08,
                0.0179862101884002,
                0.9820137093165807,
                2.7941567023940345e-08,
                3.517324201738643e-10
            ],
            [
                7.889264623915254e-06,
                0.9999920571563302,
                5.315744689770093e-08,
                4.058621154979918e-10,
                1.5736982017341494e-11
            ],
            [
                0.8175744806584521,
                0.1824255145402772,
                9.019932760524177e-10,
                3.318247823345619e-10,
                3.567452610345791e-09
            ]
        ],
        [
            [
                0.9999999936144356,
                5.602796380185327e-09,
                1.2256067318642621e-11,
                1.2256067318642621e-11,
                7.582560350294495e-10
            ],
            [
                3.7266176177133088e-06,
                0.9999900287317058,
                6.144153734089771e-06,
                6.82553825624318e-08,
                3.224155976703508e-08
            ],
            [
                8.314899034259195e-07,
                0.9999537254515484,
                4.539781049829297e-05,
                4.139748414875342e-08,
                3.8505658427028374e-09
            ],
            [
                2.1444938895331643e-05,
                0.9999781574600811,
                3.927777567978644e-07,
                4.3633709017988315e-09,
                4.598959095253996e-10
            ],
            [
                0.9999417086823191,
                5.8291277337364596e-05,
                2.939904112834095e-11,
                3.5112147461531294e-12,
                7.433241675936842e-12
            ]
        ],
        [
            [
                0.9999999964037951,
                5.905303971957834e-10,
                2.734698279094782e-12,
                3.978962517654077e-12,
                2.9989608111525813e-09
            ],
            [
                2.144493904330325e-05,
                0.9999780453741368,
                5.04336626318013e-07,
                4.944337591061958e-09,
                4.058559443584119e-10
            ],
            [
                4.64483099868531e-06,
                0.970682447476081,
                0.02931207292317254,
                8.071505993024156e-07,
                2.7619148362577206e-08
            ],
            [
                0.00015843624644015997,
                0.9998415616554449,
                1.8186738119465418e-09,
                2.1720961166972534e-10,
                6.223159566751543e-11
            ],
            [
                0.9999999468377936,
                5.315784966649994e-08,
                8.87826499782742e-13,
                3.7010114782353465e-13,
                3.0988189709646904e-12
            ]
        ],
        [
            [
                0.999999999211868,
                2.9400777332917565e-11,
                0.0,
                4.752193053084829e-13,
                7.582560412456489e-10
            ],
            [
                2.2603230350256698e-06,
                0.9999973456156211,
                3.927852472682892e-07,
                1.2501505343936998e-09,
                2.5946046583793138e-11
            ],
            [
                1.7286803876928998e-06,
                0.982011835367445,
                0.017986177342416157,
                2.3395144989399604e-07,
                2.4658301403951043e-08
            ],
            [
                0.9999546017767259,
                4.539785615657626e-05,
                6.223860274873939e-11,
                2.594490964380787e-11,
                2.78934065692138e-10
            ],
            [
                0.07585817168108976,
                0.9241417729170126,
                2.9796054638442006e-08,
                7.533622411359817e-09,
                1.80722206766879e-08
            ]
        ],
        [
            [
                0.999999995952422,
                1.9171715029209134e-10,
                1.1399918466002026e-12,
                3.978962513344936e-12,
                3.85074190100012e-09
            ],
            [
                2.9023121937735734e-06,
                0.9999968573281267,
                2.3823629243202848e-07,
                2.0611458227806545e-09,
                6.224121069981756e-11
            ],
            [
                2.1759507585326117e-06,
                0.9626702031442904,
                0.03732677525694169,
                8.004875490655533e-07,
                4.516046030746964e-08
            ],
            [
                2.1444939051478016e-05,
                0.9999785222558485,
                3.2241192608589995e-08,
                5.21130342244958e-10,
                4.2776983426049284e-11
            ],
            [
                0.999796572906546,
                0.00020342706416512786,
                2.0202717410276682e-11,
                3.978150928934519e-12,
                5.108046904171872e-12
            ]
        ],
        [
            [
                0.9999999989998236,
                2.5946094934520676e-11,
                0.0,
                6.101936666259425e-13,
                9.736200294906142e-10
            ],
            [
                3.7266392994563983e-06,
                0.9999959652291835,
                3.0590118176764563e-07,
                2.0611459497080057e-09,
                1.6918916244543625e-10
            ],
            [
                3.701695273913244e-06,
                0.9933028178248394,
                0.0066928220937190275,
                6.4325818519978e-07,
                1.5127982519326067e-08
            ],
            [
                9.610239680557554e-05,
                0.9999038722044218,
                2.51075974871165e-08,
