{
    "[['A', 'B', 'C', 'D', 'E'], ['A', 'B', 'C', 'D', 'E']]": [
        [
            [
                0.9999984505617209,
                6.475940285164541e-07,
                2.061149837896504e-09,
                6.825590843652813e-08,
                8.315271923103331e-07
            ],
            [
                9.610139599601007e-05,
                0.9998934621166522,
                1.0129012617292115e-05,
                3.058696776938719e-07,
                1.6050567614502725e-09
            ],
            [
                3.053127221538862e-07,
                0.0019267333827429037,
                0.9980724111077781,
                5.033755792304704e-07,
                4.6821177731068115e-08
            ],
            [
                0.9914225059571532,
                6.294337494434007e-09,
                3.5510222216984535e-10,
                1.8033578852122933e-09,
                0.008577485590049165
            ],
            [
                0.9999962728592451,
                4.599038027407549e-10,
                8.423431974555303e-12,
                3.33153197296686e-11,
                3.7266391122194108e-06
            ]
        ],
        [
            [
                0.9997385813939429,
                6.02200076186744e-08,
                4.3623227204975454e-09,
                1.6369495241950786e-07,
                0.00026119032877449733
            ],
            [
                2.1442607796175096e-05,
                0.9998693533932721,
                9.60991009996637e-05,
                1.3005599052573336e-05,
                9.929887944027714e-08
            ],
            [
                1.3516712708145165e-06,
                0.014063552876017635,
                0.9859309824058451,
                3.674223453505245e-06,
                4.388234131273289e-07
            ],
            [
                0.9994472186721851,
                2.3343017351806323e-09,
                5.4897514959219194e-11,
                3.5797676520468486e-10,
                0.0005527785806388068
            ],
            [
                0.9999832978180156,
                6.691471623349873e-10,
                1.783216786141114e-11,
                7.991823180492002e-11,
                1.6701415086780674e-05
            ]
        ],
        [
            [
                0.9999976424659004,
                2.2603231636461286e-06,
                1.4166062247588396e-09,
                8.152005971843594e-09,
                8.764232369626367e-08
            ],
            [
                4.784962363831394e-06,
                0.9999671733301874,
                2.7535557223490846e-05,
                5.043313227055344e-07,
                1.8189027568078332e-09
            ],
            [
                1.6586783260741623e-12,
                1.955568070066879e-08,
                0.9999999802715913,
                1.6918978891173493e-10,
                1.8795287793264097e-12
            ],
            [
                0.002472622895825395,
                7.176343893450306e-09,
                6.675039616493443e-10,
                1.721515406700959e-08,
                0.9975273520451726
            ],
            [
                0.9046505216946208,
                6.508178133020366e-09,
                2.2269760934908865e-10,
                2.394224934619733e-09,
                0.09534946918027842
            ]
        ],
        [
            [
                0.9998857162349093,
                1.6699789171320337e-05,
                1.1252229433225783e-07,
                1.3708021711472298e-06,
                9.610065145401152e-05
            ],
            [
                4.784907711948943e-06,
                0.9999561104923845,
                3.5355951511796644e-05,
                3.726489872990241e-06,
                2.2158518761492065e-08
            ],
            [
                6.10193660266759e-13,
                1.1861120005677705e-08,
                0.9999999880351126,
                1.0261879505675998e-10,
                5.384940151621717e-13
            ],
            [
                0.7772997806417269,
                6.01196946402926e-08,
                2.0571828240627665e-09,
                4.131962157046018e-08,
                0.22270011586177388
            ],
            [
                0.9999546012923002,
                7.582214020034079e-10,
                1.388730939680417e-11,
                7.99159478173688e-11,
                4.539785567504802e-05
            ]
        ],
        [
            [
                0.999971141175765,
                1.0676735279538416e-06,
                1.7257335291009886e-08,
                2.3823016527857974e-07,
                2.7535663206518298e-05
            ],
            [
                3.535464030683842e-05,
                0.99991867045486,
                4.539625675183342e-05,
                5.714545372661339e-07,
                7.193544139888832e-09
            ],
            [
                5.3155424065071094e-08,
                4.5397855698567436e-05,
                0.9999541252321343,
                2.3822608306161407e-07,
                1.8553066003641858e-07
            ],
            [
                0.18242551044540203,
                1.4109548538427508e-08,
                7.024730577223851e-10,
                9.697341439042057e-09,
                0.8175744650452349
            ],
            [
                0.9996646488503255,
                9.732933045957287e-10,
                2.0200058093789515e-11,
                1.0258435957564424e-10,
                0.00033535005359670676
            ]
        ],
        [
            [
                0.9912653410729303,
                1.3589846518212308e-06,
                9.844442410724315e-08,
                0.0001570772686641862,
                0.008576124229329657
            ],
            [
                6.144096114536004e-06,
                0.9999807709190338,
                1.3007051576542592e-05,
                7.734275584096527e-08,
                5.905192279920516e-10
            ],
            [
                1.6267877797105487e-06,
                0.07585712530379568,
                0.9241290761674248,
                1.2020426165336082e-05,
                1.5131483438392606e-07
            ],
            [
                0.9999989320937945,
                1.9171680082644897e-10,
                3.97895526041692e-12,
                7.433667080077587e-12,
                1.0677030760087512e-06
            ],
            [
                0.9999982395344175,
                1.1628212030321297e-10,
                1.6586753634394212e-12,
                4.508747099750081e-12,
                1.7603431330750613e-06
            ]
        ],
        [
            [
                0.9999977571306975,
                8.315272113126478e-07,
                3.850734940310399e-09,
                3.653475588950088e-08,
                1.3709566004571227e-06
            ],
            [
                0.00015843050321069367,
                0.9998055642112463,
                3.535062355379841e-05,
                6.474692555029526e-07,
                7.192733718000624e-09
            ],
            [
                5.384940081646764e-13,
                2.5109990922771227e-08,
                0.9999999748407424,
                4.8473685837503946e-11,
                2.5436655830844e-13
            ],
            [
                0.9999921103389611,
                3.5817207882393035e-10,
                8.423399922499657e-12,
                2.940055459738129e-11,
                7.889265042870116e-06
            ],
            [
                0.9999970975279605,
                1.4930890283757569e-10,
                3.098807417042452e-12,
                7.433652553505135e-12,
                2.902312198111868e-06
            ]
        ],
        [
            [
                0.9999997603938606,
                2.3823698398685107e-07,
                7.05288036139467e-11,
                4.847369056981954e-11,
                1.2501529568364817e-09
            ],
            [
                2.7533589710202716e-05,
                0.9998958449341875,
                7.484405658149099e-05,
                1.760163501516271e-06,
                1.7256019318879495e-08
            ],
            [
                2.2897350842084477e-11,
                8.764249132573132e-08,
                0.9999999106916317,
                1.6052282224311128e-09,
                3.7751349376028166e-11
            ],
            [
                0.9947798676356822,
                4.9186398075392775e-09,
                1.907163621469091e-10,
                1.596848549564625e-09,
                0.005220125658113143
            ],
            [
                0.9859363635820249,
                8.037369944936812e-09,
                1.4720956552662798e-10,
                1.0877397379754615e-09,
                0.014063627145655793
            ]
        ],
        [
            [
                0.9999991111473746,
                5.31578535399685e-08,
                3.1608815135216224e-10,
                3.850741994897642e-09,
                8.315279416720967e-07
            ],
            [
                3.7262764952368653e-06,
                0.9998990937236331,
                9.61019374376056e-05,
                1.0675960903127391e-06,
                1.0466343787018182e-08
            ],
            [
                0.001277457775468646,
                0.14765402737403355,
                0.8496902692175173,
                0.000774817307310031,
                0.0006034283256703294
            ],
            [
                0.9999999316060839,
                1.317651591317514e-10,
                2.129785436534879e-12,
                3.978963032004308e-12,
                6.825604227471213e-08
            ],
            [
                0.9999991679276984,
                5.211412885811805e-10,
                7.433681239959242e-12,
                1.5737103308487045e-11,
                8.315279895886139e-07
            ]
        ],
        [
            [
                0.9999951588256751,
                4.7850945755361545e-06,
                1.1032497196115025e-09,
                1.8189512796174365e-09,
                5.31575483797804e-08
            ],
            [
                5.828860599272447e-05,
                0.9998956605029279,
                4.5395211991274403e-05,
                6.475279221921459e-07,
                8.151165816941272e-09
            ],
            [
                4.508755451603258e-12,
                5.043472049978452e-07,
                0.9999994953309064,
                3.1608816010502326e-10,
                1.2917800647538662e-12
            ],
            [
                0.9992903279178422,
                1.4156040171771143e-09,
                4.8439305742236216e-11,
                2.7874895844813226e-10,
                0.0007096703393655313
            ],
            [
                0.22270013434729813,
                1.722458027663322e-08,
                1.1011305772684013e-09,
                2.506161642290334e-08,
                0.7772998222653746
            ]
        ],
        [
            [
                0.9998792126372119,
                1.6699678517399612e-05,
                9.930001294749256e-08,
                7.888369573147235e-06,
                9.610001468466321e-05
            ],
            [
                0.00033532925252950494,
                0.9996023239571616,
                4.538187936860218e-05,
                1.6695060421431176e-05,
                2.698505187709051e-07
            ],
            [
                5.211372951325704e-10,
                7.889264974561905e-06,
                0.9999921014714034,
                8.151958868880328e-09,
                5.905259198149023e-10
            ],
            [
                0.07585817200010762,
                2.3205190826264073e-08,
                1.1553184221565385e-09,
                2.6294926087901646e-08,
                0.9241417773444571
            ],
            [
                0.9975273726950754,
                2.991545271526008e-09,
                1.159947980961547e-10,
                1.2470616038480237e-09,
                0.0024726229503228433
            ]
        ],
        [
            [
                0.3199286167357771,
                1.131188032037055e-05,
                3.240907973294547e-06,
                0.0027679245332834952,
                0.6772889059426458
            ],
            [
                2.7535085075401432e-05,
                0.9999506234389656,
                2.144434581866039e-05,
                3.9276689421972045e-07,
                4.363246068223057e-09
            ],
            [
                2.129785436794898e-12,
                6.825604228304529e-08,
                0.9999999313762193,
                3.5817483773558275e-10,
                7.433681600221863e-12
            ],
            [
                0.9999962732741989,
                7.991929744956347e-11,
                1.6586721018969502e-12,
                5.109069755093272e-12,
                3.7266391140588186e-06
            ],
            [
                0.9999996939738363,
                1.1628234489246108e-10,
                2.413363074644221e-12,
                5.109089669114232e-12,
                3.059023588841986e-07
            ]
        ],
        [
            [
                0.4978439430085689,
                3.927651628099136e-06,
                9.9306585011044e-07,
                0.004307193010129033,
                0.49784394326382375
            ],
            [
                1.669797378507461e-05,
                0.9997769242426797,
                0.00020342296479265636,
                2.9016727522645707e-06,
                5.314599030375731e-08
            ],
            [
                0.0007268919723935484,
                0.37653934587101084,
                0.6208084279278157,
                0.0011984422563864137,
                0.0007268919723935484
            ],
            [
                0.9997965723558674,
                5.210349495037415e-10,
                1.3885111084968272e-11,
                4.846379968899435e-11,
                0.00020342706074879307
            ],
            [
                0.9999970971451373,
                5.211392773059818e-10,
                5.78933442753425e-12,
                1.57370425732387e-11,
                2.9023121970007926e-06
            ]
        ],
        [
            [
                0.9999993494990637,
                6.475946121792021e-07,
                1.6918979544615682e-10,
                9.056077160134566e-11,
                2.6465736887253275e-09
            ],
            [
                2.901789196668875e-06,
                0.9998171561621768,
                0.00015843232192428434,
                2.144148316145722e-05,
                6.824354085497143e-08
            ],
            [
                9.545034411018597e-12,
                5.315784969382405e-08,
                0.9999999465099569,
                3.160881284821514e-10,
                6.560199816383984e-12
            ],
            [
                0.9999832981755336,
                3.581686662251428e-10,
                8.42331966586866e-12,
                4.277714694740077e-11,
                1.6701415097239267e-05
            ],
            [
                0.8519527630469944,
                2.7468526279431028e-08,
                1.3675773958385e-09,
                1.0105106097480164e-08,
                0.14804719801179594
            ]
        ],
        [
            [
                0.999996212539546,
                3.726638884643346e-06,
                2.06114572028139e-09,
                5.602774957247033e-09,
                5.315764874492478e-08
            ],
            [
                0.0001233789755069385,
                0.9997499256644183,
                0.0001233789755069385,
                3.287938327544223e-06,
                2.8446240256570835e-08
            ],
            [
                0.0,
                5.4927883485730224e-11,
                0.999999999924577,
                2.020683908146053e-11,
                2.8823507921946065e-13
            ],
            [
                0.9997965720096845,
                8.590414034967274e-10,
                1.573389213691745e-11,
                5.4916679613554064e-11,
                0.00020342706062369777
            ],
            [
                0.9997965709701998,
                1.6049006276810542e-09,
                4.846379960880442e-11,
                3.1602367113293895e-10,
                0.00020342706041219543
            ]
        ],
        [
            [
                0.9992766413375611,
                6.471266392940639e-07,
                5.311943995456292e-08,
                1.2997886007519269e-05,
                0.0007096605303522432
            ],
            [
                2.1435491113807493e-05,
                0.9995378486563192,
                0.00043054355353215715,
                1.01254090437399e-05,
                4.6889991143100974e-08
            ],
            [
                1.7482341272807095e-13,
                4.5990553760470234e-10,
                0.9999999995240763,
                1.5737102097948078e-11,
                1.0603575985517086e-13
            ],
            [
                0.9999970974793212,
                1.9171642615252686e-10,
                4.508738186677465e-12,
                1.2256021082124739e-11,
                2.902312197677682e-06
            ],
            [
                0.9990889441936445,
                3.847232721251647e-09,
                1.0252527926424696e-10,
                4.594864235119334e-10,
                0.0009110513971110881
            ]
        ],
        [
            [
                0.9999920750694558,
                7.889264758720612e-06,
                1.6052158331500361e-09,
                1.8189478381723402e-09,
                3.22416218864205e-08
            ],
            [
                2.1444305497602882e-05,
                0.999948743191089,
                2.753503330213877e-05,
                2.2602131707150683e-06,
                1.7256940513117764e-08
            ],
            [
                0.00032712900128068785,
                0.022933508057567744,
                0.9751576020202627,
                0.0008892288197432495,
                0.0006925321011457038
            ],
            [
                0.999972463242806,
                9.735941038324688e-10,
                1.3887574029488845e-11,
                7.991747067332419e-11,
                2.7535689794940104e-05
            ],
            [
                0.9997388069527221,
                2.3349830642548104e-09,
                7.051037887592267e-11,
                3.160055943536186e-10,
                0.0002611903257789466
            ]
        ],
        [
            [
                0.9997368580156741,
                0.00026118984690057245,
                7.732387771927136e-08,
                5.042150202898922e-07,
                1.3705985272901227e-06
            ],
            [
                7.483270278708088e-05,
                0.9997449138498742,
                0.00015842083304342156,
                2.143992831051159e-05,
                3.9268598473567897e-07
            ],
            [
                0.0,
                4.277787867937462e-11,
                0.9999999999505793,
                6.560200166571867e-12,
                8.258073283564587e-14
            ],
            [
                6.475946120081734e-07,
                2.4616969975015485e-10,
                5.4927884528942935e-11,
                2.9989608805144484e-09,
                0.9999993491053295
            ],
            [
                0.008577485333252742,
                5.554733177896182e-09,
                3.5510221163684083e-10,
                3.196528241001919e-08,
                0.9914224767916295
            ]
        ],
        [
            [
                0.9999999461392786,
                5.315784964081667e-08,
                2.2897347205825772e-11,
                1.0815940966530024e-11,
                6.691585725805192e-10
            ],
            [
                9.609506090257627e-05,
                0.9998276834489072,
                7.483890868022074e-05,
                1.370722426213877e-06,
                1.1859083949382862e-08
            ],
            [
                2.734698494093688e-12,
                2.382369843914031e-07,
                0.9999997615116979,
                2.4616971341017076e-10,
                2.413362950540437e-12
            ],
            [
                0.9999970975028457,
                1.691891522581734e-10,
                3.51140883053096e-12,
                1.2256021082413056e-11,
                2.902312197745958e-06
            ],
            [
                0.06008665163018069,
                1.431485820132099e-08,
                1.1750351157567397e-09,
                3.0304555050004616e-08,
                0.939913302575371
            ]
        ],
        [
            [
                0.9625828676513125,
                1.0277533020593583e-06,
                2.023766244051503e-07,
                9.251540393602211e-05,
                0.03732338681482504
            ],
            [
                5.8289942451854456e-05,
                0.9999194196959584,
                2.144367145510375e-05,
                8.314613736753574e-07,
                1.5228760793439836e-08
            ],
            [
                3.92766142653511e-07,
                2.1444304784535724e-05,
                0.9999488297054278,
                7.88891886044509e-06,
                2.1444304784535724e-05
            ],
            [
                0.9997388091740984,
                4.057592158671419e-10,
                1.38843168545907e-11,
                7.98987269259391e-11,
                0.00026119032635930016
            ],
            [
                0.9890130503054457,
                4.890128278127289e-09,
                2.1485724156602628e-10,
                2.3099330372003415e-09,
                0.010986942279635694
            ]
        ],
        [
            [
                0.9999996067241003,
                3.9278636913571095e-07,
                1.388794438074535e-11,
                1.5737102691319715e-11,
                4.5990555494556347e-10
            ],
            [
                9.609974336200197e-05,
                0.9998761551831165,
                2.7533037450246773e-05,
                2.1021733506403398e-07,
                1.8187363093863058e-09
            ],
            [
                1.6679750783181373e-05,
                0.0007092410507922667,
                0.9986856496867451,
                0.0001582530692471191,
                0.0004301764424323148
            ],
            [
                0.9999952139708118,
                8.592117934375214e-10,
                2.0206724594549423e-11,
                5.4927572278040166e-11,
                4.785094842192237e-06
            ],
            [
                0.9999996938421768,
                2.461697259253036e-10,
                2.7346986331242554e-12,
                6.5602009874473694e-12,
                3.0590235870550924e-07
            ]
        ],
        [
            [
                0.9999999857268487,
                4.9444504280571325e-09,
                4.2777878050489666e-11,
                4.8473686338393705e-11,
                9.23744952394176e-09
            ],
            [
                2.753277365799694e-05,
                0.9998662201092476,
                9.609882263658052e-05,
                1.0128741387203721e-05,
                1.9553070705708212e-08
            ],
            [
                2.172340687023073e-10,
                4.539785566381996e-05,
                0.9999546005039982,
                1.4165440687811108e-09,
                6.559900464993853e-12
            ],
            [
                0.017986210559249066,
                1.3198662045808846e-08,
                7.446175592395632e-10,
                4.065474121667534e-08,
                0.9820137348427302
            ],
            [
                0.9990889469781603,
                1.4153178276799878e-09,
                3.77169425517232e-11,
                1.6903560920062652e-10,
                0.0009110513997692445
            ]
        ],
        [
            [
                0.9999400125137605,
                1.3708769409115348e-06,
                1.9554490696991045e-08,
                3.058839913693804e-07,
                5.829117081649459e-05
            ],
            [
                7.889084009726266e-06,
                0.9999692847779625,
                2.144475370682573e-05,
                1.370917238581983e-06,
                1.0467082282832762e-08
            ],
            [
                1.981008783477231e-13,
                7.194132977407346e-09,
                0.9999999927760437,
                2.9400777176580804e-11,
                2.2447770385090199e-13
            ],
            [
                0.9998766036355592,
                1.6050291169389354e-09,
                2.939713371175744e-11,
                1.0260607862039667e-10,
                0.0001233946274084678
            ],
            [
                0.0005527785812071621,
                6.687886451359508e-10,
                3.7730473502532046e-11,
                1.2494616826518134e-09,
                0.999447219462812
            ]
        ],
        [
            [
                0.9999998925674437,
                8.764248965078133e-08,
                1.3176515391111594e-10,
                1.0261880504750128e-10,
                1.9555682751585944e-08
            ],
            [
                0.00026118086513790805,
                0.9997029635886566,
                3.534698635942232e-05,
                5.04197681409006e-07,
                4.362164661670843e-09
            ],
            [
                7.87701052796789e-06,
                0.0011690520167399693,
                0.9984390030329782,
                0.00026085076371703425,
                0.00012321717603687644
            ],
            [
                0.9999898696332835,
                3.581714043414898e-10,
                6.560138102189525e-12,
                1.3887812471316666e-11,
                1.0129988097239355e-05
            ],
            [
                0.9994472205602779,
                7.578368194966215e-10,
                2.0195667167839526e-11,
                7.987541311937345e-11,
                0.0005527785818141533
            ]
        ],
        [
            [
                0.999999078633908,
                8.315280132844642e-07,
                5.905293354668246e-10,
                1.605225161771465e-09,
                8.764232421937667e-08
            ],
            [
                2.753469091225673e-05,
                0.9999357140862126,
                3.535524297197861e-05,
                1.3708715389365277e-06,
                2.510836412479133e-08
            ],
            [
                1.4565009341924128e-05,
                0.3208155691435581,
                0.6791665634246072,
                3.2498928670269073e-06,
                5.25296257683083e-08
            ],
            [
                0.9999251530611202,
                6.691088906274471e-10,
                1.7831147954951674e-11,
                5.492380236639245e-11,
                7.484619701588919e-05
            ],
            [
                0.999998628877802,
                1.4930920268866272e-10,
                3.978955475663803e-12,
                1.2256045697234305e-11,
                1.3709566537879396e-06
            ]
        ],
        [
            [
                0.999985932804337,
                3.7266001204982574e-06,
                2.5109658045127326e-08,
                1.8553649497893675e-07,
                1.0129949389483701e-05
            ],
            [
                7.484497962338127e-05,
                0.9999080564953955,
                1.670017228967103e-05,
                3.9275040766004906e-07,
                5.6022836827177524e-09
            ],
            [
                1.7576891012047623e-06,
                0.0015011704944943448,
                0.9984909250324122,
                4.777894343885418e-06,
                1.3688896484143428e-06
            ],
            [
                0.9999962730200854,
                3.1608695288968387e-10,
                4.508738231601279e-12,
                2.0206762853582824e-11,
                3.7266391121105294e-06
            ],
            [
                0.9999785542817974,
                6.691446263327723e-10,
                2.9400163031642774e-11,
                7.991792892264794e-11,
                2.1444939739973467e-05
            ]
        ],
        [
            [
                0.999988751454599,
                4.7850633352392705e-06,
                1.3440258116456951e-08,
                3.0589886476048134e-07,
                6.144142942907839e-06
            ],
            [
                0.00015843412336189914,
                0.9998280484001332,
                1.3005064798140103e-05,
                5.042610853480962e-07,
                8.150621324046603e-09
            ],
            [
                3.331519296087017e-11,
                7.889265042761371e-06,
                0.9999921099349685,
                7.582502968100052e-10,
                8.423399922383549e-12
            ],
            [
                0.9999993521513724,
                2.46169700574948e-10,
                2.7346983515072425e-12,
                5.1090891399999695e-12,
                6.475946141779434e-07
            ],
            [
                0.9999998143851413,
                7.052880745386239e-11,
                1.6586785692273365e-12,
                3.511422558609359e-12,
                1.8553915978714253e-07
            ]
        ],
        [
            [
                0.9999999871599665,
                5.602796360142178e-09,
                2.0206838811091896e-11,
                2.289734814015949e-11,
                7.194132930948122e-09
            ],
            [
                2.1437577855033495e-05,
                0.9996352233449172,
                0.00033534013887491325,
                7.886444161379009e-06,
                1.124941915109417e-07
            ],
            [
                0.0018082817386870828,
                0.26837274664920757,
                0.729512780535045,
                0.00011559958401341168,
                0.00019059149304699832
            ],
            [
                0.8175744682231713,
                1.2451632931853655e-08,
                5.47086569629888e-10,
                7.55229713665675e-09,
                0.1824255112258121
            ],
            [
                0.9999417079936282,
                5.904955258626953e-10,
                2.2895996243502125e-11,
                1.1627546319820481e-10,
                5.8291276704807384e-05
            ]
        ],
        [
            [
                0.9213085988845316,
                0.00011369846731021661,
                1.9757831028767865e-05,
                0.0756256212988946,
                0.00293232351823483
            ],
            [
                0.00043055097501772024,
                0.9995550715692774,
                1.3001506675860196e-05,
                1.3703487217715672e-06,
                5.600307357738528e-09
            ],
            [
                4.752193054945048e-13,
                1.4166087843102672e-09,
                0.9999999985448764,
                3.775134538062053e-11,
                2.8823507886976146e-13
            ],
            [
                0.9997388091084709,
                5.21005146318035e-10,
                1.081311684062087e-11,
                3.330674468179971e-11,
                0.0002611903264040865
            ],
            [
                0.5621764564875786,
                6.326464832472288e-08,
                1.487841920970625e-09,
                1.4116251112429508e-08,
                0.43782346464368
            ]
        ],
        [
            [
                0.9999999266821272,
                5.315784858036811e-08,
                2.4616967682515033e-10,
                3.58174766319931e-10,
                1.955567962962197e-08
            ],
            [
                5.829066827077811e-05,
                0.9999313914072625,
                1.0129399291774851e-05,
                1.8552641958794794e-07,
                2.998755278971588e-09
            ],
            [
                2.2582180727553515e-06,
                0.0009110301925351811,
                0.9990658344860809,
                1.299514776448245e-05,
                7.881955546654695e-06
            ],
            [
                0.9706877465795329,
                1.6751956468850077e-08,
                5.732204284029911e-10,
                8.966676150004633e-09,
                0.029312227128614067
            ],
            [
                0.9999417081790121,
                4.5987837788727193e-10,
                1.3887123704695829e-11,
                7.052463339360208e-11,
                5.8291276697866843e-05
            ]
        ],
        [
            [
                0.9999760913857085,
                1.3709265693360531e-06,
                2.5109372040755714e-08,
                1.0676786857323127e-06,
                2.1444899664376847e-05
            ],
            [
                4.539646709440524e-05,
                0.9999241386335447,
                2.7534349135392463e-05,
                2.9020990476860054e-06,
                2.845117794330064e-08
            ],
            [
                6.431393934947214e-14,
                6.691586084524835e-10,
                0.9999999993046766,
                2.594609495652249e-11,
                1.542811201631471e-13
            ],
            [
                0.9999832978356933,
                6.691471623468164e-10,
                1.7832167861726375e-11,
                6.224038151245404e-11,
                1.670141508707592e-05
            ],
            [
                0.9626731027577893,
                7.84772656408624e-09,
                6.44180624213753e-10,
                5.393658330379586e-09,
                0.037326883356645114
            ]
        ],
        [
            [
                0.9999990133201101,
                1.4449789252024002e-07,
                1.4166061406901551e-09,
                9.237432408189413e-09,
                8.315279589741616e-07
            ],
            [
                5.828154349645127e-05,
                0.9997753687200867,
                0.0001584256606209489,
                7.887549196559194e-06,
                3.6526599336011076e-08
            ],
            [
                2.0611183257872955e-09,
                1.670141477851812e-05,
                0.9999832794754537,
                1.5229718935776345e-08,
                1.8189305383676353e-09
            ],
            [
                0.9859363675274057,
                4.302094134846024e-09,
                1.2991198610885298e-10,
                8.471325629786685e-10,
                0.01406362719345576
            ],
            [
                0.9999546003969783,
                1.6051547195807103e-09,
                2.5944909623111727e-11,
                1.162770178888087e-10,
                4.5397855645164984e-05
            ]
        ],
        [
            [
                0.999999599396391,
                3.9278636645465336e-07,
                2.1724400009322811e-10,
                4.0586522495057874e-10,
                7.194133248401443e-09
            ],
            [
                4.53962558639693e-05,
                0.9999190082404759,
                3.535463961536915e-05,
                2.3821768790012468e-07,
                2.646356946466716e-09
            ],
            [
                5.904955242479854e-10,
                5.82912765454099e-05,
                0.9999417051112792,
                2.998783711710601e-09,
                2.2895996180893028e-11
            ],
            [
                0.9046505206149,
                8.356666130743906e-09,
                2.859493903528874e-10,
                1.6455251269269329e-09,
                0.09534946909695935
            ],
            [
                0.22270014173604544,
                5.5920026730988306e-09,
                3.1547920291103943e-10,
                4.355056060746758e-09,
                0.7772998480014166
            ]
        ],
        [
            [
                0.9998132902211594,
                0.00015843170852053014,
                9.929338161062022e-08,
                6.474741813287667e-07,
                2.753130275720401e-05
            ],
            [
                2.1443958833548093e-05,
                0.999932579566336,
                4.5396861206862826e-05,
                5.714621462320231e-07,
                8.15147749784334e-09
            ],
            [
                2.335486266184438e-09,
                4.539785428566314e-05,
                0.9999545706890527,
                2.8452047333097818e-08,
                6.691280182629362e-10
            ],
            [
                0.9994472202244811,
                9.730817372795488e-10,
                2.938452232188633e-11,
                1.9161115499832336e-10,
                0.0005527785814415485
            ],
            [
                0.9998766041779841,
                9.734993692935947e-10,
                2.939713371594391e-11,
                1.9169339161782809e-10,
                0.00012339462742604052
            ]
        ],
        [
            [
                0.7772408602400575,
                1.065565892378978e-06,
                1.4420866185238295e-07,
                7.470193626779467e-05,
                0.22268322804912064
            ],
            [
                2.7534349347049137e-05,
                0.9999241449263399,
                4.53964674433681e-05,
                2.9020990699944544e-06,
                2.215779983187353e-08
            ],
            [
                4.139621993150743e-08,
                7.484619281317464e-05,
                0.9999246203498238,
                3.927567738958114e-07,
                9.930436925732153e-08
            ],
            [
                0.9999785548170151,
                2.1723945405770722e-10,
                5.7892353564805665e-12,
                2.0206416855581034e-11,
                2.1444939749765246e-05
            ],
            [
                0.9770226152681144,
                1.3131592616956482e-08,
                4.493383897876171e-10,
                3.762264275171889e-09,
                0.022977367388690426
            ]
        ],
        [
            [
                0.9999249437774119,
                7.484619909728778e-05,
                4.944083266629513e-09,
                1.9554228644027516e-08,
                1.8552517892760568e-07
            ],
            [
                0.00012338886275263495,
                0.9998303770581282,
                4.539222587621914e-05,
                8.313876175046853e-07,
                1.0465625587747289e-08
            ],
            [
                2.33550864526924e-09,
                3.535625697275316e-05,
                0.9999646284436109,
