{
    "[['A', 'B', 'C', 'D', 'E'], ['A', 'B', 'C', 'D', 'E']]": [
        [
            [
                0.9999999999740539,
                2.5946094940404092e-11,
                0.0,
                0.0,
                0.0
            ],
            [
                0.9999999998280755,
                1.6918979183726669e-10,
                0.0,
                0.0,
                2.7346982847345707e-12
            ],
            [
                1.1628212362639179e-10,
                1.3709566496932322e-06,
                0.9999986254488871,
                3.3982617795423175e-09,
                7.991945688346547e-11
            ],
            [
                8.422404002630323e-12,
                4.59847677375365e-10,
                1.760126522437772e-06,
                0.9998748450095696,
                0.00012339439563784175
            ],
            [
                4.427658097865096e-12,
                1.2939513673829248e-10,
                1.141908073810533e-10,
                0.017986211605747142,
                0.9820137881462392
            ]
        ],
        [
            [
                0.9999999998655003,
                1.3176514217583872e-10,
                0.0,
                0.0,
                2.734698280693441e-12
            ],
            [
                0.9999999997796571,
                2.1724399251209759e-10,
                0.0,
                0.0,
                3.0988191245174425e-12
            ],
            [
                0.0,
                2.94007773795158e-11,
                0.9999999999525124,
                1.783247290006199e-11,
                2.543665646223745e-13
            ],
            [
                5.5987587682899405e-09,
                1.01227836675326e-05,
                0.9992788393862769,
                0.0007096622615019455,
                1.3699697947884815e-06
            ],
            [
                0.0,
                1.3887653675082844e-11,
                3.098754388607165e-12,
                2.1444939761286025e-05,
                0.9999785550432523
            ]
        ],
        [
            [
                0.9999999997487212,
                2.4616969417174527e-10,
                0.0,
                0.0,
                5.109089007105736e-12
            ],
            [
                0.9999999996824482,
                3.160881446791283e-10,
                0.0,
                0.0,
                1.4637785106423424e-12
            ],
            [
                0.0,
                6.224144620178476e-11,
                0.9999999999196716,
                1.7832472900326792e-11,
                2.5436656462615174e-13
            ],
            [
                1.6120710696409194e-08,
                9.462622315218368e-06,
                0.4999930252679547,
                0.49999302616273644,
                4.4698262829299e-06
            ],
            [
                1.1397593252354646e-12,
                2.5940802674227984e-11,
                1.081373539486033e-11,
                0.00020342706205510547,
                0.9997965729000505
            ]
        ],
        [
            [
                0.9999999999073095,
                9.056076970150466e-11,
                0.0,
                0.0,
                2.1297851663645567e-12
            ],
            [
                0.999999999990455,
                9.545034910807165e-12,
                0.0,
                0.0,
                0.0
            ],
            [
                0.0,
                1.6052280523000483e-09,
                0.999999998351706,
                4.277787861279232e-11,
                2.8823507882630636e-13
            ],
            [
                9.543523815646816e-12,
                4.598327286432267e-10,
                6.474920770688632e-07,
                0.9998409159510829,
                0.00015843608746375366
            ],
            [
                0.0,
                2.932807800267128e-11,
                9.521432886445372e-12,
                0.002472622972600758,
                0.9975273769885498
            ]
        ],
        [
            [
                0.9999999999572222,
                4.27778786099861e-11,
                0.0,
                0.0,
                0.0
            ],
            [
                0.9999999997814641,
                2.1724399306526762e-10,
                0.0,
                0.0,
                1.2917800021539977e-12
            ],
            [
                0.0,
                1.3176514261795619e-10,
                0.9999999998300084,
                3.775134541901152e-11,
                4.752193059777761e-13
            ],
            [
                3.309245862275328e-11,
                7.531808866407386e-10,
                5.98325687885702e-08,
                0.9933070875817505,
                0.006692851799407308
            ],
            [
                3.2661314164248815e-13,
                6.560200316058519e-12,
                8.878265678626957e-13,
                6.475946145901055e-07,
                0.9999993523976107
            ]
        ],
        [
            [
                0.9999999999377585,
                6.224144603839395e-11,
                0.0,
                0.0,
                0.0
            ],
            [
                0.9999999998973812,
                1.026187960347072e-10,
                0.0,
                0.0,
                0.0
            ],
            [
                0.0,
                3.77513454361702e-11,
                0.9999999999563864,
                5.789356327715322e-12,
                7.287724094541581e-14
            ],
            [
                1.4869644672261838e-10,
                1.1812421869636179e-08,
                0.004069994293887092,
                0.9958947813780947,
                3.521236689971228e-05
            ],
            [
                1.9968376099704276e-11,
                6.612617994228568e-10,
                2.036829736128139e-09,
                0.6791787104434938,
                0.3208212868384463
            ]
        ],
        [
            [
                0.9999999999666846,
                3.331544533230202e-11,
                0.0,
                0.0,
                0.0
            ],
            [
                0.9999999999740539,
                2.5946094934896513e-11,
                0.0,
                0.0,
                0.0
            ],
            [
                2.6464478164604527e-09,
                4.5397814670120344e-05,
                0.9999532214498749,
                1.37089521612898e-06,
                7.193791009449567e-09
            ],
            [
                1.2172497935600531e-08,
                3.3750963109570914e-06,
                0.6224533044338316,
                0.3775370027873206,
                6.305510038889993e-06
            ],
            [
                3.964964226998727e-11,
                9.024216985607732e-10,
                5.884528666575868e-09,
                0.43782349665202014,
                0.5621764965213799
            ]
        ],
        [
            [
                0.9999999998257012,
                1.6918979192402607e-10,
                0.0,
                0.0,
                5.109089017872102e-12
            ],
            [
                0.9999999997523665,
                2.4616969467280537e-10,
                0.0,
                0.0,
                1.4637785111008715e-12
            ],
            [
                1.5428111918034159e-13,
                7.194132977220906e-09,
                0.9999999927346455,
                7.052879799050362e-11,
                5.384940178004363e-13
            ],
            [
                7.052853209979568e-11,
                8.315247851317927e-07,
                0.9999954336171551,
                3.726635541240363e-06,
                8.151989921507671e-09
            ],
            [
                4.959328560020245e-12,
                1.8609743127226237e-10,
                3.939682650949555e-10,
                0.02931222792077706,
                0.9706877714941979
            ]
        ],
        [
            [
                0.9999999999740539,
                2.5946094949631847e-11,
                0.0,
                0.0,
                0.0
            ],
            [
                0.999999999868235,
                1.3176514237559521e-10,
                0.0,
                0.0,
                0.0
            ],
            [
                9.357622947054405e-14,
                2.0611536176399227e-09,
                0.9999999977881515,
                1.4930946727210443e-10,
                1.2917800017785633e-12
            ],
            [
                5.10894349834827e-12,
                2.789388636336756e-10,
                3.058938987580585e-07,
                0.999972158130805,
                2.7535691248532677e-05
            ],
            [
                8.304995456574651e-12,
                3.5313739281915957e-10,
                9.599269578497253e-10,
                0.014063627291959034,
                0.9859363713866717
            ]
        ],
        [
            [
                0.9999999999377585,
                6.224144607971615e-11,
                0.0,
                0.0,
                0.0
            ],
            [
                0.9999999999377585,
                6.224144609682354e-11,
                0.0,
                0.0,
                0.0
            ],
            [
                0.0,
                1.3887943862868947e-11,
                0.9999999999809095,
                5.109089027292591e-12,
                9.357622967428525e-14
            ],
            [
                2.594401829126069e-11,
                1.4164954031288899e-09,
                4.784734397592053e-06,
                0.9999203679843178,
                7.484583884514533e-05
            ],
            [
                1.6584158539643507e-12,
                4.277110859780261e-11,
                1.2254127780298567e-11,
                0.00015843624678637898,
                0.99984156369653
            ]
        ],
        [
            [
                0.9999999999450722,
                5.4927883361055837e-11,
                0.0,
                0.0,
                0.0
            ],
            [
                0.9999996940831622,
                3.059023585206352e-07,
                6.56020098348267e-12,
                2.1297854356543215e-12,
                5.789357048255873e-12
            ],
            [
                2.1720919193116373e-10,
                2.259965156417091e-06,
                0.9998390341141079,
                0.00015843578917976706,
                2.6991434681025446e-07
            ],
            [
                1.635180011615446e-07,
                0.0009106583542481267,
                0.9986580725991027,
                0.0004301645475209934,
                9.409811270593327e-07
            ],
            [
                4.1937880854027025e-13,
                5.789345874558589e-12,
                2.1297813250808086e-12,
                1.7603431333980843e-06,
                0.9999982396485281
            ]
        ],
        [
            [
                0.9999999999666846,
                3.331544534269412e-11,
                0.0,
                0.0,
                0.0
            ],
            [
                0.9999999998082829,
                1.917171508913025e-10,
                0.0,
                0.0,
                0.0
            ],
            [
                0.0,
                4.0586521242107155e-10,
                0.9999999995737034,
                2.0206839078945508e-11,
                2.2447770537682502e-13
            ],
            [
                4.847008409002517e-11,
                3.8504557031962145e-09,
                5.829027519052641e-05,
                0.9999250053824313,
                1.670044345238635e-05
            ],
            [
                7.83468385253897e-13,
                2.0205915970072375e-11,
                7.433341075427346e-12,
                4.5397855732510344e-05,
                0.9999546021158447
            ]
        ],
        [
            [
                0.9999999999484275,
                4.847368693191346e-11,
                0.0,
                0.0,
                3.0988191303607586e-12
            ],
            [
                0.999999999868235,
                1.3176514244374665e-10,
                0.0,
                0.0,
                0.0
            ],
            [
                7.287724091150909e-14,
                4.5990553757059934e-10,
                0.9999999994911284,
                4.8473687031648535e-11,
                4.1937956556928454e-13
            ],
            [
                1.2255109691392972e-11,
                6.691063176033135e-10,
                3.726361952062294e-06,
                0.9999214269761091,
                7.484598057730888e-05
            ],
            [
                5.778203829693858e-12,
                1.913478313297589e-10,
                2.784094517906109e-10,
                0.1192029236761092,
                0.8807970758483553
            ]
        ],
        [
            [
                0.9999999999294713,
                7.052879829448398e-11,
                0.0,
                0.0,
                0.0
            ],
            [
                0.9999999999294713,
                7.052879829446397e-11,
                0.0,
                0.0,
                0.0
            ],
            [
                0.0,
                3.3315445413700846e-11,
                0.9999999999526905,
                1.3887943861644434e-11,
                1.0603575988989309e-13
            ],
            [
                1.57345824467536e-11,
                5.904358503463463e-10,
                1.3707395827614996e-06,
                0.9998401927003001,
                0.00015843595394658368
            ],
            [
                6.912079787682833e-13,
                1.2251954579806076e-11,
                6.557998710536784e-12,
                0.00033535005596681847,
                0.9996646499245321
            ]
        ],
        [
            [
                0.9999999999184217,
                7.991959873620974e-11,
                0.0,
                0.0,
                1.6586783549018039e-12
            ],
            [
                0.9999999994772,
                5.211412471362982e-10,
                0.0,
                0.0,
                1.6586783536545086e-12
            ],
            [
                1.0261273287027576e-10,
                5.829127485929995e-05,
                0.999941676024412,
                3.2239962294231496e-08,
                3.581536295196802e-10
            ],
            [
                3.5805461529650243e-10,
                1.343590031501869e-08,
                0.00026117064862493146,
                0.9996639889137899,
                7.482664363013007e-05
            ],
            [
                4.7215225686903246e-12,
                1.0746135834511063e-10,
                6.517860857067566e-11,
                0.07585817603527233,
                0.9241418237873662
            ]
        ],
        [
            [
                0.9999999999059279,
                9.056076958028946e-11,
                0.0,
                0.0,
                3.511422101106832e-12
            ],
            [
                0.9999999999405633,
                5.4927883319622444e-11,
                0.0,
                0.0,
                4.508755226704882e-12
            ],
            [
                1.3615261074670469e-13,
                3.160881452868266e-10,
                0.9999999996453328,
                3.7751345425527815e-11,
                6.914400103778345e-13
            ],
            [
                5.487740743965605e-11,
                2.6441415656626488e-09,
                7.882074919031094e-06,
                0.9990810712359561,
                0.0009110439901058996
            ],
            [
                0.0,
                1.4637784767735905e-12,
                4.1937955513633603e-13,
                2.51099909166896e-08,
                0.9999999748881259
            ]
        ],
        [
            [
                0.9999999999332496,
                6.2241446096634e-11,
                0.0,
                0.0,
                4.508755232700626e-12
            ],
            [
                0.9999999997498512,
                2.4616969461256584e-10,
                0.0,
                0.0,
                3.978962526640654e-12
            ],
            [
                0.0,
                1.6918979217852268e-10,
                0.9999999997267277,
                1.0261879626668271e-10,
                1.4637785134079016e-12
            ],
            [
                1.1519639433543862e-11,
                3.366532118633904e-10,
                1.0369648954239866e-09,
                0.939913344373581,
                0.06008665424128128
            ],
            [
                5.685225532903554e-12,
                1.2939513671192447e-10,
                8.893189018979782e-11,
                0.017986211624372847,
                0.9820137881516149
            ]
        ],
        [
            [
                0.9999999999280076,
                7.052879840613235e-11,
                0.0,
                0.0,
                1.4637785119469264e-12
            ],
            [
                0.9999999999450722,
                5.4927883418277594e-11,
                0.0,
                0.0,
                0.0
            ],
            [
                1.0261861924730577e-10,
                1.370956720781087e-06,
                0.9999984390383898,
                1.8553881611204615e-07,
                4.36345472374791e-09
            ],
            [
                1.782261466499352e-11,
                6.687886812841267e-10,
                1.8543656552286394e-07,
                0.9994470352657382,
                0.0005527786110849681
            ],
            [
                0.0,
                3.7678620031715925e-11,
                2.2853238264898302e-11,
                0.001926734337821813,
                0.9980732656016463
            ]
        ],
        [
            [
                0.9999999998506905,
                1.493094672484493e-10,
                0.0,
                0.0,
                0.0
            ],
            [
                0.9999999999666846,
                3.331544534274288e-11,
                0.0,
                0.0,
                0.0
            ],
            [
                0.0,
                6.224144621536732e-11,
                0.9999999999114857,
                2.594609497704928e-11,
                3.266131342067986e-13
            ],
            [
                1.2241723574951859e-11,
                5.205313319526297e-10,
                3.055445995947743e-07,
                0.9988301840791555,
                0.0011695098434718857
            ],
            [
                9.463153634243546e-12,
                4.5596027644107206e-10,
                1.3325112511684222e-08,
                0.9914225006648322,
                0.008577485544631832
            ]
        ],
        [
            [
                0.999999999987744,
                1.2256067383269352e-11,
                0.0,
                0.0,
                0.0
            ],
            [
                0.9999999999515263,
                4.847368699975334e-11,
                0.0,
                0.0,
                0.0
            ],
            [
                1.9171608868114927e-10,
                6.1441724362082e-06,
                0.9999936682789652,
                1.8553793086901977e-07,
                1.818951604986629e-09
            ],
            [
                8.42213080873157e-12,
                2.7890266818637274e-10,
                9.929622780122826e-08,
                0.9998414641665684,
                0.0001584362498790124
            ],
            [
                8.87818148854818e-13,
                1.7832304209899572e-11,
                3.511388894722127e-12,
                1.0129988105496802e-05,
                0.999989869989663
            ]
        ],
        [
            [
                0.9999999998973812,
                1.0261879606664233e-10,
                0.0,
                0.0,
                0.0
            ],
            [
                0.9999999998949678,
                1.0261879591108212e-10,
                0.0,
                0.0,
                2.413362762286496e-12
            ],
            [
                5.789357345503726e-12,
                6.825604575101941e-08,
                0.9999998629609779,
                6.825604575101941e-08,
                5.211413403158493e-10
            ],
            [
                8.564400118562216e-10,
                5.298606728790353e-08,
                0.0031724983272556737,
                0.9967693414964999,
                5.810633373712815e-05
            ],
            [
                3.5061486158563067e-12,
                1.1610769604842508e-10,
                1.6893570092155813e-10,
                0.0015011820334784427,
                0.998498817677972
            ]
        ],
        [
            [
                0.9999999998272988,
                1.691897917841122e-10,
                0.0,
                0.0,
                3.5114221034683736e-12
            ],
            [
                0.9999999999337794,
                6.224144609666698e-11,
                0.0,
                0.0,
                3.978962527372497e-12
            ],
            [
                1.748234126377861e-13,
                7.582560419700608e-10,
                0.999999999108798,
                1.3176514255826368e-10,
                1.0060392781938578e-12
            ],
            [
                1.0814229245834058e-11,
                5.904369108568642e-10,
                6.474920769088469e-07,
                0.9998409158192475,
                0.00015843608742459894
            ],
            [
                1.950744459364018e-11,
                4.439873924940356e-10,
                9.399213172856915e-10,
                0.14804720371174312,
                0.8519527948848409
            ]
        ],
        [
            [
                0.9999999998965976,
                1.0261879619319308e-10,
                0.0,
                0.0,
                7.835041775610171e-13
            ],
            [
                0.9999999998973812,
                1.0261879606666234e-10,
                0.0,
                0.0,
                0.0
            ],
            [
                0.0,
                1.3176514260990128e-10,
                0.9999999998301135,
                3.775134541670374e-11,
                3.70101167603517e-13
            ],
            [
                1.0812312511133462e-11,
                5.209663915530167e-10,
                6.823313198495212e-08,
                0.9996645811641337,
                0.00033535007095566094
            ],
            [
                2.5436658362644184e-13,
                4.5087555771059224e-12,
                4.752193415659453e-13,
                2.3823698444117988e-07,
                0.9999997617577773
            ]
        ],
        [
            [
                0.9999999999515263,
                4.847368696037019e-11,
                0.0,
                0.0,
                0.0
            ],
            [
                0.9999999998506905,
                1.4930946720198394e-10,
                0.0,
                0.0,
                0.0
            ],
            [
                0.0,
                2.172439933814168e-10,
                0.9999999997338629,
                4.8473687034479955e-11,
                4.1937956559378113e-13
            ],
            [
                1.5735121861304023e-11,
                6.690744069454888e-10,
                2.2600449831246555e-06,
                0.999874344995137,
                0.00012339427507029486
            ],
            [
                1.5192413110463242e-11,
                3.918174982812674e-10,
                8.294776503705797e-10,
                0.8519527954754139,
                0.14804720328809864
            ]
        ],
        [
            [
                0.9999999999572222,
                4.277787860996831e-11,
                0.0,
                0.0,
                0.0
            ],
            [
                0.9999999999294713,
                7.052879836067337e-11,
                0.0,
                0.0,
                0.0
            ],
            [
                5.211223938912692e-10,
                3.535622161554048e-05,
                0.9999639864483589,
                6.475717875802972e-07,
                9.237115450914139e-09
            ],
            [
                1.0809962004486615e-11,
                3.5797677743486574e-10,
                8.759402937625605e-08,
                0.9994471334376596,
                0.0005527785995243398
            ],
            [
                4.193739916867356e-13,
                6.560112973758195e-12,
                2.7346619435600272e-12,
                1.300712476857205e-05,
                0.9999869928655173
            ]
        ],
        [
            [
                0.9999999999063405,
                9.056076964857105e-11,
                0.0,
                0.0,
                3.0988191302303388e-12
            ],
            [
                0.9999999998291516,
                1.6918979192457687e-10,
                0.0,
                0.0,
                1.658678355611025e-12
            ],
            [
                2.6454280728674587e-09,
                0.00043055588890842533,
                0.9995664721777979,
                2.901061376274908e-06,
                6.822648922573673e-08
            ],
            [
                8.422644824380428e-12,
                3.5813997123488453e-10,
                1.0676002077315239e-06,
                0.9999028297251538,
                9.610230807583296e-05
            ],
            [
                8.877165197869355e-13,
                2.93971337639418e-11,
                1.0814601141121048e-11,
                0.0001233946276275119,
                0.999876605331273
            ]
        ],
        [
            [
                0.9999999997159441,
                2.7894680825972e-10,
                0.0,
                0.0,
                5.109089009250005e-12
            ],
            [
                0.9999999999572222,
                4.277787852313347e-11,
                0.0,
                0.0,
                0.0
            ],
            [
                1.250095681776956e-09,
                4.539785307463522e-05,
                0.9999544253060287,
                1.637302233532378e-07,
                1.1860577598872269e-08
            ],
            [
                8.410813145974227e-12,
                3.1561343484981565e-10,
                1.7231909668406225e-08,
                0.9984988004428553,
                0.001501182001210678
            ],
            [
                6.442204495833362e-12,
                2.1333651348984135e-10,
                3.337144547977732e-09,
                0.982013784967575,
                0.017986211475501807
            ]
        ],
        [
            [
                0.9999999998658216,
                1.3176514244342865e-10,
                0.0,
                0.0,
                2.4133627671164604e-12
            ],
            [
                0.9999999998490319,
                1.493094673854438e-10,
                0.0,
                0.0,
                1.6586783563116975e-12
            ],
            [
                1.361526100120879e-13,
                5.602796404745078e-09,
                0.9999999943163642,
                7.991959846178386e-11,
                7.835041739207257e-13
            ],
            [
                1.0229049433417796e-10,
                7.171117284444083e-09,
                0.003172595296680612,
                0.9967999491024019,
                2.7448327509734738e-05
            ],
            [
                3.9649642470819237e-11,
                7.028067290595892e-10,
                1.6859456987748767e-09,
                0.43782349825945915,
                0.5621764993121388
            ]
        ],
        [
            [
                0.9999999998957225,
                1.026187961414213e-10,
                0.0,
                0.0,
                1.6586783560759603e-12
            ],
            [
                0.9999999998467115,
                1.4930946714905573e-10,
                0.0,
                0.0,
                3.978962523294558e-12
            ],
            [
                9.056060708050012e-11,
                1.0677031086854197e-06,
                0.9999988433138555,
                8.764232462490127e-08,
                1.250150618778037e-09
            ],
            [
                9.542542521120736e-12,
                3.1600560842195235e-10,
                7.732402293109812e-08,
                0.999738732013022,
                0.0002611903374069454
            ],
            [
                1.224929157878059e-11,
                4.0564082680512297e-10,
                9.92570377162015e-08,
                0.9994471217320603,
                0.0005527785930117988
            ]
        ],
        [
            [
                0.9999999998952513,
                1.0261879611945987e-10,
                0.0,
                0.0,
                2.129785166855578e-12
            ],
            [
                0.9999999998973812,
                1.026187960347072e-10,
                0.0,
                0.0,
                0.0
            ],
            [
                7.580016317570136e-10,
                0.00033535007615169654,
                0.9996645884293522,
                6.021552800712945e-08,
                5.209663948126579e-10
            ],
            [
                3.368961873820534e-09,
                4.5008453257173554e-05,
                0.9913766997849859,
                0.008577088958143254,
                1.1994346518092243e-06
            ],
            [
                7.329132770419586e-12,
                3.116426555203585e-10,
                5.138118750138877e-10,
                0.014063627287680928,
                0.9859363718795353
            ]
        ],
        [
            [
                0.9999999998806188,
                1.1628232989316927e-10,
                0.0,
                0.0,
                3.0988191278212673e-12
            ],
            [
                0.9999999999200804,
                7.991959873629964e-11,
                0.0,
                0.0,
                0.0
            ],
            [
                0.0,
                1.6918979215691944e-10,
                0.9999999997876623,
                4.277787866324458e-11,
                3.7010116763046963e-13
            ],
            [
                1.1076664927373416e-10,
                7.367550998478361e-08,
                0.9525668962238072,
                0.04742551488358944,
                7.515106326730057e-06
            ],
            [
                0.0,
                2.7346984948606953e-12,
                8.8782661383769e-13,
                2.38236984458222e-07,
                0.999999761759393
            ]
        ],
        [
            [
                0.9999999999598352,
                3.775134534136299e-11,
                0.0,
                0.0,
                2.4133627653491393e-12
            ],
            [
                0.9999999998837177,
                1.1628233001690704e-10,
                0.0,
                0.0,
                0.0
            ],
            [
                9.222485647461943e-09,
                0.0007090239566077664,
                0.9983802925190439,
                0.0009104047813248785,
                2.695205377297941e-07
            ],
            [
                2.93993218864609e-11,
                1.8188716385617286e-09,
                2.75351123977653e-05,
                0.9999510186722339,
                2.1444367097338764e-05
            ],
            [
                3.4930920426594247e-12,
                1.0208311312865266e-10,
                1.1567532172597858e-10,
                0.005220125713955598,
                0.9947798740647928
            ]
        ],
        [
            [
                0.9999999998637261,
                1.3176514210804628e-10,
                0.0,
                0.0,
                4.508755222006616e-12
            ],
            [
                0.9999999999294713,
                7.0528798377767e-11,
                0.0,
                0.0,
                0.0
            ],
            [
                0.0,
                5.492788347963527e-11,
                0.9999999999153448,
                2.940077737683422e-11,
                3.266131341008841e-13
            ],
            [
                2.349867196979982e-11,
                6.06038737703754e-10,
                2.115283040093362e-09,
                0.622459322835261,
                0.37754067441991873
            ],
            [
                3.9581918451868735e-12,
                7.950240845556127e-11,
                9.008803115650623e-11,
                0.005220125718677132,
                0.9947798741077742
            ]
        ],
        [
            [
                0.9999999999200804,
                7.991959875827539e-11,
                0.0,
                0.0,
                0.0
            ],
            [
                0.9999999998490319,
                1.493094670222232e-10,
                0.0,
                0.0,
                1.6586783522766814e-12
            ],
            [
                2.0239551296001958e-07,
                0.03732685276294752,
                0.962672229519148,
                7.064297532818812e-07,
                8.892638218599877e-09
            ],
            [
                8.41578729464657e-12,
                2.7869259985044166e-10,
                1.7242100607036232e-08,
                0.9990889310858774,
                0.000911051384913562
            ],
            [
                3.862328966733274e-12,
                1.8609743130508079e-10,
                1.4493282522797388e-10,
                0.0293122279534355,
                0.9706877717116719
            ]
        ],
        [
            [
                0.9999999999564386,
                4.277787864063157e-11,
                0.0,
                0.0,
                7.835041776079028e-13
            ],
            [
                0.999999999987744,
                1.2256067430427693e-11,
                0.0,
                0.0,
                0.0
            ],
            [
                7.991960116443223e-11,
                3.9278636553208594e-07,
                0.9999995963502245,
                1.0467402087457864e-08,
                3.160881542705422e-10
            ],
            [
                1.8667165449642817e-09,
                1.0957354155918767e-06,
                0.6224547223806064,
                0.3775378744953066,
                6.305521954759265e-06
            ],
            [
                1.1974462657560477e-11,
                2.725375138874297e-10,
                2.5857639372618264e-09,
                0.9770226294182294,
                0.02297736771149478
            ]
        ],
        [
            [
                0.9999999998268312,
                1.691897917248211e-10,
                0.0,
                0.0,
                3.978962523215455e-12
            ],
            [
                0.9999999998642559,
                1.317651420315621e-10,
                0.0,
                0.0,
                3.978962515623337e-12
            ],
            [
                0.0,
                2.9400777379445e-11,
                0.9999999999501041,
                2.020683908101268e-11,
                2.882350792130724e-13
            ],
            [
                7.433596607844973e-12,
                4.5990033697833466e-10,
                1.370943582758749e-06,
                0.9999884986100418,
                1.012997904147337e-05
            ],
            [
                3.0552370907428204e-12,
                6.953687567115839e-11,
                7.879560309787336e-11,
                0.014063627300540888,
                0.9859363725480713
            ]
        ],
        [
            [
                0.999999999979793,
                2.0206839067504702e-11,
                0.0,
                0.0,
                0.0
            ],
            [
                0.9999999998488109,
                1.493094672484163e-10,
                0.0,
                0.0,
                1.8795288118651044e-12
            ],
            [
                7.287724089440443e-14,
                5.211412483326772e-10,
                0.9999999994407462,
                3.775134540974565e-11,
                2.882350790921345e-13
            ],
            [
                2.759846325014778e-11,
                1.0356246930922174e-09,
                5.259336156773296e-09,
                0.7310585860171012,
                0.26894140766033947
            ],
            [
                1.0759480813529797e-11,
                4.5750476595020274e-10,
                1.3370249111396196e-08,
                0.9947798605455973,
                0.005220125615889292
            ]
        ],
        [
            [
                0.9999999999063405,
                9.056076949308829e-11,
                0.0,
                0.0,
                3.0988191249100112e-12
            ],
            [
                0.9999999997528242,
                2.4616969472525214e-10,
                0.0,
                0.0,
                1.0060392774185792e-12
            ],
            [
                2.3354506296944287e-09,
                5.8291164896373975e-05,
                0.999939909726402,
                1.7602406565093978e-06,
                3.653259448400541e-08
            ],
            [
                2.5477304319900864e-09,
                1.6945999639934708e-06,
                0.037326057042007296,
                0.9626516013564711,
                2.0644453827158783e-05
            ],
            [
                9.521432696812942e-12,
                2.45560985749482e-10,
                1.950732530823398e-08,
                0.9975273573259663,
                0.0024726229116259868
            ]
        ],
        [
            [
                0.9999999997144928,
                2.789468086322989e-10,
                0.0,
                0.0,
                6.560200152759214e-12
            ],
            [
                0.9999999996824482,
                3.1608814475563435e-10,
                0.0,
                0.0,
                1.4637785109966356e-12
            ],
            [
                1.2499526291557002e-09,
                0.00015843609543043414,
                0.9998404901769445,
                1.0675340137523124e-06,
                4.9436585483270866e-09
            ],
            [
                1.783101153498414e-11,
                9.735402430297899e-10,
                7.888670772916229e-06,
                0.9999172647134624,
                7.484562439343141e-05
            ],
            [
                3.08264290823959e-12,
                9.008803114660515e-11,
                7.95024084468236e-11,
