{
    "[['A', 'B', 'C', 'D', 'E'], ['A', 'B', 'C', 'D', 'E']]": [
        [
            [
                0.999999999782756,
                2.1724399288547389e-10,
                0.0,
                0.0,
                0.0
            ],
            [
                0.9995694427400463,
                0.00043055711717992747,
                1.1623221837703434e-10,
                1.5730320195275762e-11,
                1.0811280422162141e-11
            ],
            [
                6.431393938904807e-14,
                2.4616969508404147e-10,
                0.9999999997202262,
                3.3315445408469336e-11,
                2.2447770541319166e-13
            ],
            [
                3.298655855137458e-09,
                8.966676269360186e-09,
                2.3125362891422774e-07,
                0.9706875359416431,
                0.02931222053939581
            ],
            [
                1.8795290517028943e-12,
                1.3887945602602614e-11,
                5.10908966730484e-12,
                6.825604230344072e-08,
                0.9999999317230811
            ]
        ],
        [
            [
                0.9999999996418252,
                3.5817479182551637e-10,
                0.0,
                0.0,
                0.0
            ],
            [
                0.9999998144513568,
                1.8553915924422009e-07,
                4.5087558007916505e-12,
                1.4637786954432812e-12,
                3.5114225483342766e-12
            ],
            [
                6.431393939769792e-14,
                2.5946094975978157e-11,
                0.9999999999556821,
                1.7832472903482095e-11,
                4.75219306152816e-13
            ],
            [
                1.7761300744197432e-10,
                1.6851452957106335e-09,
                3.5674526190141813e-09,
                0.18242551411819666,
                0.8175744804515924
            ],
            [
                1.062139961958688e-11,
                3.104027966367078e-10,
                3.104027966367078e-10,
                0.01798621157230125,
                0.9820137877962717
            ]
        ],
        [
            [
                0.999999999407811,
                5.905303977737208e-10,
                0.0,
                0.0,
                1.6586783529576687e-12
            ],
            [
                0.9999994956482529,
                5.04347204046403e-07,
                2.1297852658082855e-12,
                0.0,
                2.413362879315178e-12
            ],
            [
                4.752193045184057e-13,
                3.3982678069186327e-09,
                0.9999999964309272,
                1.6918979163536906e-10,
                1.1399918488254303e-12
            ],
            [
                4.267210166852341e-11,
                3.5728913287349094e-10,
                3.153065530879917e-10,
                0.002472622969082978,
                0.9975273763156493
            ],
            [
                8.410813291740027e-12,
                1.9142922817124321e-10,
                1.4908523280251886e-10,
                0.0015011820302021355,
                0.9984988176208726
            ]
        ],
        [
            [
                0.9999999997199132,
                2.789468086338109e-10,
                0.0,
                0.0,
                1.1399918503753602e-12
            ],
            [
                0.9997965729020074,
                0.00020342706075561314,
                2.939478039853215e-11,
                5.108046906712778e-12,
                2.734140484229091e-12
            ],
            [
                9.357622955100972e-14,
                1.2501528645512226e-09,
                0.9999999987009534,
                4.847368699153172e-11,
                3.2661313379919944e-13
            ],
            [
                3.511388894660902e-12,
                3.7750988307941435e-11,
                1.388781248239515e-11,
                1.0129988105320175e-05,
                0.9999898699567444
            ],
            [
                4.508592393591712e-12,
                3.7749981927293734e-11,
                1.2255624775429023e-11,
                3.535625788500463e-05,
                0.9999646436876009
            ]
        ],
        [
            [
                0.9999999990263799,
                9.73620027043289e-10,
                0.0,
                0.0,
                0.0
            ],
            [
                0.9999251537807222,
                7.484619705363351e-05,
                1.7831147963943777e-11,
                2.7344951048176115e-12,
                1.6585551199059927e-12
            ],
            [
                1.0603575984317612e-13,
                4.5990553755267795e-10,
                0.9999999994366782,
                1.0261879624727874e-10,
                6.914400102241148e-13
            ],
            [
                4.50854926656475e-12,
                4.847147261491251e-11,
                2.5944909674277184e-11,
                4.539785598904816e-05,
                0.999954602065086
            ],
            [
                5.789091849144118e-12,
                6.223860280555556e-11,
                2.939943425467753e-11,
                4.5397856332987084e-05,
                0.9999546020462399
            ]
        ],
        [
            [
                0.9999999994081779,
                5.905303979820328e-10,
                0.0,
                0.0,
                1.2917800006027012e-12
            ],
            [
                0.9999999987485553,
                1.2501528600082294e-09,
                0.0,
                0.0,
                1.2917799981950935e-12
            ],
            [
                1.0603575967473097e-13,
                1.8189616834273254e-09,
                0.9999999980900014,
                9.056076969132114e-11,
                3.701011670198136e-13
            ],
            [
                3.9789096508502474e-12,
                4.277731012249748e-11,
                1.78322358940782e-11,
                1.30071247721264e-05,
                0.9999869928106394
            ],
            [
                2.4133536445827716e-12,
                2.5945996855574806e-11,
                8.423431897234345e-12,
                2.9023122000392027e-06,
                0.9999970976510171
            ]
        ],
        [
            [
                0.9999999994094697,
                5.905303981664391e-10,
                0.0,
                0.0,
                0.0
            ],
            [
                0.9999997617575037,
                2.3823698402537545e-07,
                2.4133629468325427e-12,
                0.0,
                3.0988193634254115e-12
            ],
            [
                9.545017466878371e-12,
                1.0677030756579369e-06,
                0.9999989315225645,
                7.582546560923497e-10,
                6.5601881708580675e-12
            ],
            [
                2.7346985807435945e-12,
                1.2256068739987587e-11,
                3.5114224846546694e-12,
                8.764249146126281e-08,
                0.9999999123390064
            ],
            [
                1.2873760597239139e-10,
                9.512493925720296e-10,
                2.013794979877783e-09,
                0.022977367747104536,
                0.9770226291591135
            ]
        ],
        [
            [
                0.999999999240452,
                7.582560396385017e-10,
                0.0,
                0.0,
                1.2917799994150126e-12
            ],
            [
                0.9999999677532692,
                3.224186622330602e-08,
                2.1297850950395957e-12,
                0.0,
                2.734698194113558e-12
            ],
            [
                1.783247363818983e-11,
                5.043472022321696e-07,
                0.9999994899616398,
                5.602796666910099e-09,
                7.052880139849942e-11
            ],
            [
                4.835382571614403e-11,
                5.890701897638329e-10,
                5.588942349552835e-09,
                0.997527370829737,
                0.0024726229438965614
            ],
            [
                1.2255624774493066e-11,
                7.052625112341992e-11,
                4.8471936270446276e-11,
                3.535625751221668e-05,
                0.9999646436112339
            ]
        ],
        [
            [
                0.9999999993293778,
                6.69158606909548e-10,
                0.0,
                0.0,
                1.4637785092702689e-12
            ],
            [
                0.9997388095547751,
                0.00026119032604677005,
                9.053711870980351e-11,
                1.782781571330839e-11,
                1.0813116825828192e-11
            ],
            [
                5.675685230317694e-14,
                2.461696950811295e-10,
                0.9999999997414242,
                1.2256067439100414e-11,
                9.357622965023338e-14
            ],
            [
                7.415299386362103e-12,
                1.6877143612069457e-10,
                1.1599479861190882e-10,
                0.002472622966628483,
                0.99752737674119
            ],
            [
                1.0815137945500274e-11,
                7.99136609969751e-11,
                4.277470034342321e-11,
                7.484619710550875e-05,
                0.9999251536693909
            ]
        ],
        [
            [
                0.9999999988952804,
                1.1032560291179848e-09,
                0.0,
                0.0,
                1.463778509846287e-12
            ],
            [
                0.9999646437219062,
                3.535625749288193e-05,
                1.573653369923146e-11,
                2.734599517156272e-12,
                2.1297082453479904e-12
            ],
            [
                2.2447770461446646e-13,
                3.398267806057622e-09,
                0.9999999964516597,
                1.4930946702931612e-10,
                5.384940196460876e-13
            ],
            [
                1.9742551340485755e-11,
                3.499450957498411e-10,
                2.72537514601974e-10,
                0.02297736782090302,
                0.9770226315368719
            ],
            [
                3.5482987435736925e-11,
                8.075890716422994e-10,
                2.818762828729846e-09,
                0.06008665426034321,
                0.939913342077822
            ]
        ],
        [
            [
                0.9999999976629432,
                2.3355930263365716e-09,
                0.0,
                0.0,
                1.463778506315161e-12
            ],
            [
                0.9999999226514793,
                7.734422785907695e-08,
                2.4133630460335986e-12,
                0.0,
                1.8795290300865578e-12
            ],
            [
                9.055887532690515e-11,
                2.144493921802853e-05,
                0.9999785296690438,
                2.5109466245736662e-08,
                1.9171314057148335e-10
            ],
            [
                5.784080483473106e-12,
                1.1617636211748825e-10,
                9.047824179148695e-11,
                0.000911051405156112,
                0.9990889483824053
            ],
            [
                6.560138107047415e-12,
                5.4927363878265246e-11,
                1.7832304208568706e-11,
                1.0129988104740777e-05,
                0.9999898699325754
            ]
        ],
        [
            [
                0.9999999992406039,
                7.582560408361353e-10,
                0.0,
                0.0,
                1.1399918501050486e-12
            ],
            [
                0.9999999965986333,
                3.398267786361393e-09,
                0.0,
                0.0,
                3.0988191085078222e-12
            ],
            [
                0.0,
                7.052879849586224e-11,
                0.9999999999154086,
                1.3887943861959274e-11,
                1.748234127892815e-13
            ],
            [
                2.717048638408418e-11,
                5.457338074884906e-10,
                7.94038004562656e-10,
                0.07585817584700355,
                0.9241418227860542
            ],
            [
                3.0987898230958632e-12,
                2.9400499253929714e-11,
                1.5736953229829927e-11,
                1.0129988104626067e-05,
                0.9999898699636591
            ]
        ],
        [
            [
                0.9999999997523665,
                2.4616969417264265e-10,
                0.0,
                0.0,
                1.463778508126795e-12
            ],
            [
                0.9999999397611312,
                6.023574631604124e-08,
                1.4637787070058946e-12,
                0.0,
                1.6586785774758886e-12
            ],
            [
                2.882350776632244e-13,
                5.602796404857339e-09,
                0.9999999943165205,
                7.991959846338518e-11,
                4.752193035052614e-13
            ],
            [
                1.7819824759634315e-11,
                1.9158117096439841e-10,
                1.3167168482205133e-10,
                0.0007096703425359537,
                0.9992903293163914
            ],
            [
                8.423078939436082e-12,
                5.4925374200324684e-11,
                2.9399434256405885e-11,
                4.5397856263959604e-05,
                0.9999546020509881
            ]
        ],
        [
            [
                0.9999999991391246,
                8.592166569293784e-10,
                0.0,
                0.0,
                1.6586783492850631e-12
            ],
            [
                0.9997965728835723,
                0.0002034270607219794,
                4.846379968260635e-11,
                4.507835572685545e-12,
                2.7341404837770404e-12
            ],
            [
                0.0,
                2.289734844913125e-11,
                0.9999999999590723,
                1.7832472902442235e-11,
                1.9810087974153052e-13
            ],
            [
                4.6664288388342515e-11,
                1.363730406310308e-09,
                2.8870172928141317e-09,
                0.03732688375093915,
                0.9626731119516488
            ],
            [
                1.8787188359810044e-12,
                4.2759443617160306e-11,
                2.288748087319844e-11,
                0.00043055711980880684,
                0.9995694428126656
            ]
        ],
        [
            [
                0.9999999996405333,
                3.581747916823923e-10,
                0.0,
                0.0,
                1.2917799999318297e-12
            ],
            [
                0.9998415637046421,
                0.00015843624666294847,
                4.277110856448158e-11,
                3.5108663876580964e-12,
                2.4129808275049987e-12
            ],
            [
                1.201542571236648e-13,
                1.2501528643677047e-09,
                0.9999999987010553,
                4.847368698441596e-11,
                1.9810087948495855e-13
            ],
            [
                1.0193193837529842e-10,
                1.4071270052314268e-09,
                4.1122278917122474e-08,
                0.9933071062420485,
                0.006692851126613643
            ],
            [
                7.43352534534416e-12,
                9.055887762639142e-11,
                4.84726742033787e-11,
                2.144493976256205e-05,
                0.9999785549137724
            ]
        ],
        [
            [
                0.9999999992398643,
                7.582560384656538e-10,
                0.0,
                0.0,
                1.879528805817149e-12
            ],
            [
                0.9995694427792491,
                0.0004305571176918694,
                9.052174279779325e-11,
                7.43047713298978e-12,
                5.106887269805356e-12
            ],
            [
                1.2015425723756578e-13,
                3.5817479278938817e-10,
                0.9999999995790934,
                6.224144618755803e-11,
                3.7010116761238147e-13
            ],
            [
                1.223766113022833e-11,
                1.9142922818359992e-10,
                1.689357009361867e-10,
                0.0015011820291706071,
                0.9984988175982268
            ],
            [
                5.10906970612248e-12,
                4.2777716909060016e-11,
                1.5737042591095156e-11,
                2.9023122002939784e-06,
                0.9999970976241759
            ]
        ],
        [
            [
                0.9999999996418252,
                3.5817479206301564e-10,
                0.0,
                0.0,
                0.0
            ],
            [
                0.9999952148777088,
                4.7850948410299345e-06,
                2.0206724589641195e-11,
                2.7346827956233173e-12,
                4.508729693761855e-12
            ],
            [
                0.0,
                1.388794386260554e-11,
                0.9999999999794873,
                6.560200167039711e-12,
                6.431393940359806e-14
            ],
            [
                1.3522551793880274e-10,
                2.3969296575095983e-09,
                2.0069246308579858e-08,
                0.6224593104347376,
                0.3775406669638609
            ],
            [
                5.789312462573684e-12,
                4.847331977586707e-11,
                2.0206685982290128e-11,
                7.889265049507922e-06,
                0.9999921106604811
            ]
        ],
        [
            [
                0.9999999994094697,
                5.905303979821225e-10,
                0.0,
                0.0,
                0.0
            ],
            [
                0.9998415636607629,
                0.00015843624641147784,
                7.051763634975934e-11,
                1.3885745905071278e-11,
                8.42213062440488e-12
            ],
            [
                6.431393933436762e-14,
                8.592166608465969e-10,
                0.9999999990698203,
                7.052879842322384e-11,
                3.701011673980221e-13
            ],
            [
                4.0238351696512823e-10,
                2.9732343801403454e-09,
                4.650921091394782e-08,
                0.991422464886763,
                0.008577485228408184
            ],
            [
                5.109021122175144e-12,
                6.224061896600518e-11,
                2.289704412337866e-11,
                1.3007124771564463e-05,
                0.9999869927849818
            ]
        ],
        [
            [
                0.999999999592843,
                4.058652115343825e-10,
                0.0,
                0.0,
                1.2917800012429665e-12
            ],
            [
                0.9999999865567917,
                1.3440409739061464e-08,
                1.6586783327422748e-12,
                0.0,
                1.1399918350566504e-12
            ],
            [
                1.5737102371921936e-11,
                6.475946108969846e-07,
                0.9999993467319276,
                5.6027965319048205e-09,
                5.492788443469376e-11
            ],
            [
                1.7761300644327294e-10,
                2.7783348776360606e-09,
                7.552297211252089e-09,
                0.8175744766181141,
                0.18242551287364078
            ],
            [
                4.508041680173141e-12,
                5.491919054330882e-11,
                2.5941988716269722e-11,
                0.00015843624740749258,
                0.9998415636672232
            ]
        ],
        [
            [
                0.9999999998298041,
                1.6918979196112946e-10,
                0.0,
                0.0,
                1.0060392774971708e-12
            ],
            [
                0.9999952148918005,
                4.785094841097364e-06,
                7.433638550047197e-12,
                2.4133490967229684e-12,
                3.5114022162085094e-12
            ],
            [
                0.0,
                6.224144621420651e-11,
                0.9999999999302605,
                7.433680670576063e-12,
                6.431393939915352e-14
            ],
            [
                5.788804500408354e-12,
                4.2773801199259546e-11,
                2.0204913020123712e-11,
                9.610240004957605e-05,
                0.9999038975311829
            ],
            [
                4.508755809773376e-12,
                2.5946098248378257e-11,
                8.423464814658156e-12,
                3.0590235900314073e-07,
                0.9999996940587627
            ]
        ],
        [
            [
                0.9999999995389546,
                4.5990553627395563e-10,
                0.0,
                0.0,
                1.1399918490999763e-12
            ],
            [
                0.9999921107138302,
                7.889265038442678e-06,
                1.388783861604517e-11,
                2.7346775668509507e-12,
                4.508721072973633e-12
            ],
            [
                2.7346984875815766e-12,
                1.1253518278440306e-07,
                0.9999998782044253,
                9.237450323997924e-09,
                2.0206840538401074e-11
            ],
            [
                3.767862002622375e-11,
                2.456954658946529e-10,
                1.688638595569479e-10,
                0.0019267343337925217,
                0.9980732652139696
            ],
            [
                3.978332819486639e-12,
                7.051763652173099e-11,
                3.331017287121394e-11,
                0.00015843624758123714,
                0.9998415636446126
            ]
        ],
        [
            [
                0.9999999995400946,
                4.5990553434411746e-10,
                0.0,
                0.0,
                0.0
            ],
            [
                0.9999785550263003,
                2.1444939734179484e-05,
                2.2896869985284097e-11,
                4.508661025734922e-12,
                6.560063083868004e-12
            ],
            [
                4.193795551270815e-13,
                2.5109990916135495e-08,
                0.999999974609503,
                2.789468021626449e-10,
                1.1399918239291841e-12
            ],
            [
                8.949205291188197e-11,
                1.3998912402608598e-09,
                1.7974959330934697e-09,
                0.3208212870013155,
                0.6791787097118053
            ],
            [
                1.2917751324743626e-12,
                1.3887891482677403e-11,
                3.0988074506538232e-12,
                3.7266391159580177e-06,
                0.9999962733426057
            ]
        ],
        [
            [
                0.9999999995941349,
                4.058652115345888e-10,
                0.0,
                0.0,
                0.0
            ],
            [
                0.9999999226512094,
                7.734422790433495e-08,
                3.098819492615364e-12,
                0.0,
                1.4637786812933798e-12
            ],
            [
                1.8795287371700654e-12,
                4.1399375439632714e-08,
                0.9999999579211631,
                6.691585808719505e-10,
                8.423463398761387e-12
            ],
            [
                4.5936723806252804e-10,
                5.596238603441782e-09,
                6.468372350222463e-07,
                0.9988298373921852,
                0.001169509714973919
            ],
            [
                5.1090796877012106e-12,
                3.775127642633133e-11,
                1.7832440307079265e-11,
                1.0677030763143853e-06,
                0.9999989322362309
            ]
        ],
        [
            [
                0.9999999998488109,
                1.4930946702219021e-10,
                0.0,
                0.0,
                1.8795288090173385e-12
            ],
            [
                0.9990889484659244,
                0.0009110514038581123,
                1.1617636206410138e-10,
                9.536336520161329e-12,
                4.504646407806852e-12
            ],
            [
                1.5428112022596013e-13,
                4.05865212402314e-10,
                0.9999999995450317,
                4.8473687033410986e-11,
                4.752193059899508e-13
            ],
            [
                1.0803282618769648e-11,
                1.1614623388730198e-10,
                1.0249869165240996e-10,
                0.0011695103468629395,
                0.9988304894236889
            ],
            [
                8.423239451118152e-12,
                9.055835840844981e-11,
                4.2776739583284727e-11,
                2.753568983810498e-05,
                0.9999724641684036
            ]
        ],
        [
            [
                0.9999999996410416,
                3.581747920631977e-10,
                0.0,
                0.0,
                7.835041763952466e-13
            ],
            [
                0.999999989528055,
                1.0467401657427854e-08,
                2.4133627401734696e-12,
                0.0,
                2.129785143016159e-12
            ],
            [
                8.258073280286694e-14,
                3.5817479279977766e-10,
                0.9999999995791744,
                6.224144618936345e-11,
                3.2661313407034283e-13
            ],
            [
                6.554221852795869e-12,
                9.04782417988627e-11,
                7.046452556387818e-11,
                0.0009110514057596905,
                0.9990889484267432
            ],
            [
                5.201372711737111e-10,
                2.993183332586556e-09,
                9.219653732933732e-09,
                0.2227001413512071,
                0.7772998459158187
            ]
        ],
        [
            [
                0.9999999996824482,
                3.1608814449444437e-10,
                0.0,
                0.0,
                1.4637785097870859e-12
            ],
            [
                0.9999999397608322,
                6.023574630314883e-08,
                1.291780174725503e-12,
                0.0,
                2.1297854511386648e-12
            ],
            [
                7.287724089655101e-14,
                5.90530399394882e-10,
                0.9999999993713571,
                3.7751345410857605e-11,
                2.8823507910062447e-13
            ],
            [
                9.543524310375169e-12,
                1.0260255570248369e-10,
                6.223159579842965e-11,
                0.00015843624777933625,
                0.9998415635778429
            ],
            [
                1.5736773278499353e-11,
                7.991792900131791e-11,
                4.277698484152467e-11,
                2.144493976108353e-05,
                0.9999785549218072
            ]
        ],
        [
            [
                0.9999999969997473,
                2.9989608096783478e-09,
                0.0,
                0.0,
                1.2917799982477725e-12
            ],
            [
                0.9999970976829144,
                2.9023121971339572e-06,
                3.0988074159983337e-12,
                7.835012145377696e-13,
                1.006035473472211e-12
            ],
            [
                8.258073274388885e-14,
                9.736200299843722e-10,
                0.9999999989638313,
                6.224144614491141e-11,
                2.2447770519854594e-13
            ],
            [
                6.170751387181346e-11,
                9.65267923985213e-10,
                1.4044565422048195e-09,
                0.008577485676968557,
                0.9914225118915995
            ],
            [
                1.6581217433842497e-12,
                3.773867693172117e-11,
                1.5731821085752022e-11,
                0.00033535005525262457,
                0.9996646498896188
            ]
        ],
        [
            [
                0.9999999987481885,
                1.2501528615131652e-09,
                0.0,
                0.0,
                1.658678352448064e-12
            ],
            [
                0.9999952148993864,
                4.7850948451787e-06,
                3.978939992785844e-12,
                7.834997395164242e-13,
                1.0060335795073134e-12
            ],
            [
                1.7482341180918522e-13,
                5.6027964049146285e-09,
                0.9999999942937186,
                1.0261879571951442e-10,
                6.914400066680667e-13
            ],
            [
                5.789091848932154e-12,
                7.991594789854023e-11,
                4.8471472600462044e-11,
                4.539785619635667e-05,
                0.999954602009627
            ],
            [
                5.850155616571398e-11,
                1.0369648948027895e-09,
                1.9373054727144417e-09,
                0.06008665432882692,
                0.9399133426384011
            ]
        ],
        [
            [
                0.9999999995941349,
                4.058652109193665e-10,
                0.0,
                0.0,
                0.0
            ],
            [
                0.9999785550252421,
                2.1444939724379492e-05,
                2.5945552792040222e-11,
                3.97887938819667e-12,
                5.108982264379494e-12
            ],
            [
                7.287724088108881e-14,
                8.592166610083127e-10,
                0.999999999111135,
                2.940077736173709e-11,
                1.7482341264213295e-13
            ],
            [
                1.0746135780155123e-10,
                1.3091473424263932e-09,
                4.032457701858039e-09,
                0.07585817557095509,
                0.9241418189799785
            ],
            [
                1.0620743531996744e-09,
                6.111815915039901e-09,
                6.57082134934653e-08,
                0.962673041821712,
                0.03732688529618421
            ]
        ],
        [
            [
                0.9999999993291828,
                6.691586066736146e-10,
                0.0,
                0.0,
                1.6586783528272498e-12
            ],
            [
                0.9998766053165703,
                0.000123394627435668,
                3.77466668719852e-11,
                7.43275940713726e-12,
                1.0814601124307387e-11
            ],
            [
                0.0,
                1.2256067439425004e-11,
                0.9999999999767737,
                1.081594155316048e-11,
                1.5428112026034578e-13
            ],
            [
                1.2254127777600223e-11,
                1.3174428932084453e-10,
                1.3174428932084453e-10,
                0.00015843624789130292,
                0.999841563476366
            ],
            [
                2.2645786806151275e-11,
                5.154157320183747e-10,
                5.840425394229272e-10,
                0.010986942371108989,
                0.989013056506787
            ]
        ],
        [
            [
                0.9999999995390885,
                4.599055371458624e-10,
                0.0,
                0.0,
                1.006039277709703e-12
            ],
            [
                0.9999999956314287,
                4.36346222488784e-09,
                0.0,
                0.0,
                5.109088995213288e-12
            ],
            [
                6.43139393743873e-14,
                1.6918979215593652e-10,
                0.9999999997818527,
                4.847368703245438e-11,
                4.193795655762564e-13
            ],
            [
                1.1225759228982152e-10,
                1.9898134341912087e-09,
                4.773314286885117e-09,
                0.14804720283647152,
                0.8519527902881432
            ],
            [
                7.430477135524762e-12,
                7.988515766286558e-11,
                6.221462334362235e-11,
                0.00043055712025108104,
                0.9995694427302186
            ]
        ],
        [
            [
                0.9999999993250521,
                6.691586049284715e-10,
                0.0,
                0.0,
                5.789356292386553e-12
            ],
            [
                0.999903897584999,
                9.610239920812846e-05,
                1.2254899216133593e-11,
                1.879349662978107e-12,
                1.6585202564515827e-12
            ],
            [
                2.543665635385601e-13,
                4.363462232373514e-09,
                0.9999999954175756,
                2.1724399248377236e-10,
                1.4637785072253796e-12
            ],
            [
                4.969055360198924e-11,
                7.772910381174382e-10,
                1.2815362680688046e-09,
                0.09534947003683034,
                0.9046505278546518
            ],
            [
                2.020433485530543e-11,
                1.4929096368743173e-10,
                1.317488130380278e-10,
                0.00012339462836306276,
                0.9998766050703928
            ]
        ],
        [
            [
                0.9999999998293465,
                1.6918979178486697e-10,
                0.0,
                0.0,
                1.4637785100021125e-12
            ],
            [
                0.9999546020725771,
                4.5397855651323794e-05,
                5.492537411059321e-11,
                8.423078925675313e-12,
                8.423078925675313e-12
            ],
            [
                0.0,
                7.052879849334355e-11,
                0.9999999999171219,
                1.2256067441010122e-11,
                9.357622966481419e-14
            ],
            [
                6.21479743414184e-11,
                1.2482754333358793e-09,
                6.815352939196047e-08,
                0.9984987484346244,
                0.0015011821014227949
            ],
            [
                1.6719316528494268e-10,
                2.308030453579369e-09,
                5.5366772328152234e-09,
                0.320821285485428,
                0.6791787065026711
            ]
        ],
        [
            [
                0.9999999996383138,
                3.5817479133588904e-10,
                0.0,
                0.0,
                3.5114220967845208e-12
            ],
            [
                0.9999999778383809,
                2.2159489196945335e-08,
                0.0,
                0.0,
                2.1297851155550445e-12
            ],
            [
                1.9810087957921809e-13,
                9.73620030191792e-10,
                0.9999999989634019,
                6.224144615817132e-11,
                5.38494021161942e-13
            ],
            [
                3.5110874121842758e-12,
                5.492264790200549e-11,
                3.331226986516807e-11,
                9.610240003874079e-05,
                0.9999038975082152
            ],
            [
                5.789279380175081e-12,
                7.052786108580807e-11,
                3.775084367517854e-11,
                1.3007124769085333e-05,
                0.9999869927611629
            ]
        ],
        [
            [
                0.9999999997210531,
                2.7894680813492895e-10,
                0.0,
                0.0,
                0.0
            ],
            [
                0.9999999847683619,
                1.5229979467060976e-08,
                0.0,
                0.0,
                1.6586783286755314e-12
            ],
            [
                0.0,
                1.1628233027354074e-10,
                0.9999999998697362,
                1.3887943861540002e-11,
                9.357622966533089e-14
            ],
            [
                1.4720956520982812e-10,
                2.609351978080168e-09,
                1.2572561909511861e-07,
                0.9859362444177237,
                0.014063627100095741
            ],
            [
                2.0076424674641213e-10,
                2.1584190640633635e-09,
                5.867191320043022e-09,
                0.07585817534363808,
                0.9241418164299873
            ]
        ],
        [
            [
                0.9999999995924762,
                4.0586521110293086e-10,
                0.0,
                0.0,
                1.658678352601647e-12
            ],
            [
                0.9999785550487089,
                2.1444939745424815e-05,
                8.423287739178501e-12,
                1.6586436994485872e-12,
                1.4637479272548329e-12
            ],
            [
                6.43139393583529e-14,
                4.599055374635838e-10,
                0.9999999994848479,
                5.4927883461576835e-11,
                2.543665645155471e-13
            ],
            [
                2.4326461767671477e-10,
                2.3080304308494223e-09,
                1.5050248963786657e-08,
                0.32082128250840153,
                0.6791786998900544
            ],
            [
                2.280416425220665e-11,
                1.909369295861426e-10,
                1.158091018653877e-10,
                0.004070137777254839,
                0.995929861893195
            ]
        ],
        [
            [
                0.9999999981801506,
                1.8189616809341881e-09,
                0.0,
                0.0,
                8.878265446153328e-13
            ],
            [
                0.9999999994764452,
                5.211412469531257e-10,
                0.0,
                0.0,
                2.413362763332106e-12
            ],
            [
                0.0,
                3.775134542875139e-11,
                0.9999999999441918,
                1.783247290151456e-11,
                2.2447770541861498e-13
            ],
            [
                8.40263503036581e-12,
                9.033684000924994e-11,
                5.4792063167164976e-11,
                0.0024726229671235022,
                0.9975273768793449
            ],
            [
                4.666428844957708e-11,
                9.372772886482601e-10,
                1.9842160356390494e-09,
                0.037326883816939105,
                0.9626731132149033
            ]
        ],
        [
            [
                0.9999999993308415,
                6.691586061047479e-10,
                0.0,
                0.0,
                0.0
            ],
            [
                0.9999999881384048,
                1.1861119989077103e-08,
                4.752192997758506e-13,
                0.0,
                0.0
