{
    "[['A', 'B', 'C', 'D', 'E'], ['A', 'B', 'C', 'D', 'E']]": [
        [
            [
                0.9999970976759041,
                2.9023121979161947e-06,
                5.789334429360232e-12,
                2.129777114627633e-12,
                3.978947484634738e-12
            ],
            [
                0.9997965728746843,
                0.00020342706075005375,
                4.2769153113282844e-11,
                1.2253567524603467e-11,
                9.543087983579517e-12
            ],
            [
                7.613969977197509e-09,
                3.071694721590699e-06,
                0.4999331538180463,
                0.4999331550901262,
                0.00013061178313591813
            ],
            [
                3.2661313353310836e-13,
                2.7346982853487374e-12,
                1.0060392769865952e-12,
                1.8189616834004755e-09,
                0.9999999981769709
            ],
            [
                0.0,
                1.879528811796254e-12,
                4.752193050779403e-13,
                2.061153617237414e-09,
                0.9999999979364915
            ]
        ],
        [
            [
                0.9999998554992132,
                1.4449803158333513e-07,
                1.1399919080519679e-12,
                4.752193292076997e-13,
                1.1399919080519679e-12
            ],
            [
                0.9996646498075313,
                0.0003353500581743983,
                9.053037959814878e-11,
                2.593738801644351e-11,
                1.7826488703543067e-11
            ],
            [
                1.0446459786183236e-08,
                0.0019265900796323141,
                0.997998570206632,
                7.470200346414056e-05,
                1.272638118876223e-07
            ],
            [
                1.8795254227802305e-12,
                4.277780144809452e-11,
                5.492778432937504e-11,
                1.7603431335984222e-06,
                0.9999982395572813
            ],
            [
                1.7482341011528523e-13,
                2.1297851379190485e-12,
                5.384940134224084e-13,
                1.5229979508468695e-08,
                0.9999999847671774
            ]
        ],
        [
            [
                0.9999977396626969,
                2.260325271975446e-06,
                4.508746994059787e-12,
                2.413358356871145e-12,
                5.10907968158855e-12
            ],
            [
                0.9999832985801016,
                1.670141510399624e-05,
                2.129748740514047e-12,
                1.0060220707611382e-12,
                1.658649986857678e-12
            ],
            [
                1.0957113510211008e-06,
                0.3775295160209574,
                0.6224409614667196,
                2.825876819396103e-05,
                1.6803277790745267e-07
            ],
            [
                1.291779950823647e-12,
                1.0815941105464477e-11,
                3.978962369621503e-12,
                4.1399375458449114e-08,
                0.9999999585845378
            ],
            [
                6.914400040835797e-13,
                4.5087551991893375e-12,
                1.6586783430566086e-12,
                9.237449573656914e-09,
                0.9999999907556917
            ]
        ],
        [
            [
                0.9999970976770352,
                2.9023121971168938e-06,
                3.098807415980115e-12,
                1.87952170633682e-12,
                5.78933442776584e-12
            ],
            [
                0.9994472212953186,
                0.0005527785817256975,
                9.051070079980817e-11,
                2.0195667164607813e-11,
                1.2249291328686345e-11
            ],
            [
                6.690756668252041e-10,
                0.0001233946251022685,
                0.9998765850499588,
                1.9553257158418765e-08,
                1.0260607670272758e-10
            ],
            [
                4.508695315556821e-12,
                4.8473042789552076e-11,
                1.783223589329983e-11,
                1.3007124771558644e-05,
                0.9999869928044145
            ],
            [
                1.4637784851137033e-12,
                1.2256067201183259e-11,
                4.50875515293094e-12,
                1.9555680700255353e-08,
                0.9999999804260907
            ]
        ],
        [
            [
                0.9999999123553789,
                8.764249137217102e-08,
                0.0,
                0.0,
                2.1297853939823666e-12
            ],
            [
                0.9999982396503473,
                1.760343132376565e-06,
                2.129781323844906e-12,
                1.2917776713952966e-12,
                3.0988135412085256e-12
            ],
            [
                2.76733450089741e-07,
                0.09534901290615633,
                0.9046463115517969,
                4.328839489795179e-06,
                6.996910693857105e-08
            ],
            [
                5.38493066607004e-13,
                5.789346059702592e-12,
                3.0988136421071968e-12,
                1.370956654608162e-06,
                0.9999986290339188
            ],
            [
                1.1399918432182476e-12,
                4.508755203431815e-12,
                1.8795288003385704e-12,
                8.152020644204197e-09,
                0.9999999918404511
            ]
        ],
        [
            [
                0.9999982396469161,
                1.7603431323705251e-06,
                4.50874709794556e-12,
                1.4637758700428252e-12,
                3.97895534847424e-12
            ],
            [
                0.9999938558177284,
                6.144172121800221e-06,
                4.508730019391813e-12,
                2.129773256500039e-12,
                3.511402469759894e-12
            ],
            [
                6.691190700708536e-10,
                5.8291274822801047e-05,
                0.9999416755000263,
                3.2239962274044544e-08,
                3.1606946850264256e-10
            ],
            [
                7.432504205379665e-12,
                1.1626392726243461e-10,
                1.9168680989270846e-10,
                0.00015843624736646786,
                0.9998415634372503
            ],
            [
                2.4133627102008843e-12,
                1.3887943510294452e-11,
                5.789356180882379e-12,
                2.5109990916182194e-08,
                0.9999999748679185
            ]
        ],
        [
            [
                0.9999993524032951,
                6.475946142833883e-07,
                8.878265674421987e-13,
                4.193795750945594e-13,
                7.835041958000537e-13
            ],
            [
                0.9999546021051304,
                4.539785570217339e-05,
                2.5944909655692077e-11,
                5.789091846511116e-12,
                7.433341070460043e-12
            ],
            [
                9.0559910761653e-11,
                1.0129987835391026e-05,
                0.9999897244514779,
                1.4449651597933464e-07,
                9.736107947284296e-10
            ],
            [
                7.835027638429353e-13,
                1.2256045315039058e-11,
                2.7346933539310776e-12,
                1.7603431337459582e-06,
                0.999998239641092
            ],
            [
                4.1937954834057913e-13,
                4.508755054180312e-12,
                1.6586782897107694e-12,
                4.139937546058477e-08,
                0.9999999585940378
            ]
        ],
        [
            [
                0.9999998144566419,
                1.8553915961287611e-07,
                1.4637786983517284e-12,
                0.0,
                2.734698635771017e-12
            ],
            [
                0.9859363717080882,
                0.014063627272690926,
                8.47132566570779e-10,
                1.2991198665972096e-10,
                4.2176247008503425e-11
            ],
            [
                4.942300609054711e-09,
                0.0004305554550334108,
                0.9995657027103619,
                3.7250363412253014e-06,
                1.1855962826419886e-08
            ],
            [
                1.0060392590029316e-12,
                9.54503473042569e-12,
                1.8795287786503354e-12,
                1.9555680693634527e-08,
                0.9999999804318886
            ],
            [
                6.914400074790047e-13,
                4.50875522133029e-12,
                2.12978516105284e-12,
                4.3634622326547414e-09,
                0.9999999956292078
            ]
        ],
        [
            [
                0.999999694085084,
                3.0590235884569557e-07,
                5.1090896684711654e-12,
                1.6586785668242166e-12,
                5.789357054407805e-12
            ],
            [
                0.9999921107138436,
                7.889265042402978e-06,
                1.0815859594774681e-11,
                4.508721075236947e-12,
                5.789312457359923e-12
            ],
            [
                9.73599645668471e-10,
                2.1444938841655375e-05,
                0.9999785124718088,
                4.139851036870112e-08,
                2.1723944485846045e-10
            ],
            [
                1.879521708339365e-12,
                1.783240546742519e-11,
                6.560175358098952e-12,
                2.9023122002091756e-06,
                0.9999970976615277
            ],
            [
                4.752193039530669e-13,
                4.5087552202448686e-12,
                8.87826543504072e-13,
                4.363462231604297e-09,
                0.999999995630666
            ]
        ],
        [
            [
                0.9999991684648851,
                8.315279895631956e-07,
                3.0988193752409236e-12,
                1.291780103381825e-12,
                2.734698500319246e-12
            ],
            [
                0.9933071480859336,
                0.006692851420185167,
                3.557774380377686e-10,
                8.995462362991765e-11,
                4.8149240346037836e-11
            ],
            [
                1.2256044805795985e-11,
                1.7603430606030706e-06,
                0.9999981979664363,
                4.139930071865225e-08,
                2.789462940414798e-10
            ],
            [
                1.87952879847993e-12,
                8.423463673533138e-12,
                2.413362748644802e-12,
                9.23744957321403e-09,
                0.9999999907498341
            ],
            [
                6.101937321987745e-13,
                6.56020086093017e-12,
                1.8795290150228423e-12,
                8.76424914497397e-08,
                0.9999999123484586
            ]
        ],
        [
            [
                0.9999999468404683,
                5.3157849682826644e-08,
                7.835041363314352e-13,
                2.8823506382912195e-13,
                6.101936349146065e-13
            ],
            [
                0.9999898699941516,
                1.0129988095701074e-05,
                9.54494461594606e-12,
                3.0987898203656845e-12,
                5.109040690265933e-12
            ],
            [
                6.691088869766642e-10,
                7.484619660751438e-05,
                0.9999249093128662,
                2.3821903725418373e-07,
                5.602380119050542e-09
            ],
            [
                1.1399919452317783e-12,
                1.3887944988036745e-11,
                3.978962857602962e-12,
                1.1253518381961166e-07,
                0.9999998874458093
            ],
            [
                6.101937321989192e-13,
                5.789356940105043e-12,
                2.4133630266919776e-12,
                8.764249144976047e-08,
                0.9999999123486957
            ]
        ],
        [
            [
                0.999997739670522,
                2.2603252730158834e-06,
                2.129781275745781e-12,
                7.835027455387594e-13,
                1.2917776422217025e-12
            ],
            [
                0.437823492587709,
                0.5621764922858401,
                1.4116250328535604e-08,
                9.024216917617643e-10,
                1.0777890127538224e-10
            ],
            [
                2.9400610086043566e-11,
                4.785094725565249e-06,
                0.9999951894499387,
                2.510984866760026e-08,
                3.160863467137439e-10
            ],
            [
                4.508695314950183e-12,
                6.224061895760295e-11,
                9.055956622383515e-11,
                1.3007124769808554e-05,
                0.9999869927179214
            ],
            [
                7.835041776262645e-13,
                4.508755237229771e-12,
                1.658678357050902e-12,
                7.582560419393796e-10,
                0.999999999234793
            ]
        ],
        [
            [
                0.9999998724717217,
                1.2751906731291313e-07,
                2.129785307311471e-12,
                1.2917800874899002e-12,
                5.789356699383835e-12
            ],
            [
                0.989013057013614,
                0.010986942372138599,
                5.154157316792403e-10,
                6.975393403141596e-11,
                2.9077765820857492e-11
            ],
            [
                2.0448029414926355e-06,
                0.9046477972604862,
                0.09534917434906091,
                9.65896516507563e-07,
                1.7690994928783258e-08
            ],
            [
                4.1937954828001324e-13,
                5.1090888141638125e-12,
                1.6586782894712267e-12,
                4.139937545460597e-08,
                0.9999999585934374
            ],
            [
                1.2917799925568047e-12,
                7.43368060197805e-12,
                3.5114220801341226e-12,
                9.2374495745203e-09,
                0.9999999907503135
            ]
        ],
        [
            [
                0.9999991684625262,
                8.315279898144026e-07,
                4.5087555877901895e-12,
                1.4637786262918314e-12,
                3.511422382448572e-12
            ],
            [
                0.9999898699952804,
                1.012998809702572e-05,
                9.544944617194202e-12,
                3.0987898207708972e-12,
                3.978924890843083e-12
            ],
            [
                3.1608152738692373e-10,
                2.1444938855322292e-05,
                0.9999785130304712,
                4.1398510395084504e-08,
                3.1608152738692373e-10
            ],
            [
                5.108602041070898e-12,
                6.223551351298365e-11,
                4.277380119752434e-11,
                9.610239926224797e-05,
                0.9999038974906198
            ],
            [
                4.1937956525648597e-13,
                2.7346982878002236e-12,
                1.1399918514637602e-12,
                1.1032560308138929e-09,
                0.99999999889245
            ]
        ],
        [
            [
                0.9999998144572467,
                1.8553915964387246e-07,
                1.4637786985962688e-12,
                0.0,
                2.129785439358575e-12
            ],
            [
                0.999290329472154,
                0.0007096703400012489,
                1.3167168470024314e-10,
                3.3291815538539495e-11,
                2.2881107891124894e-11
            ],
            [
                1.3424652897275814e-08,
                0.001169506933114552,
                0.9988275743830431,
                2.898917832452055e-06,
                6.3413570108308515e-09
            ],
            [
                1.658672085544446e-12,
                2.2897261855256934e-11,
                9.544998822090075e-12,
                2.9023121994995504e-06,
                0.9999970976536995
            ],
            [
                6.914400066216643e-13,
                5.109088997972458e-12,
                2.1297851584120455e-12,
                5.602796404538625e-09,
                0.9999999943892732
            ]
        ],
        [
            [
                0.9999996072081994,
                3.927863696188818e-07,
                2.129785252673286e-12,
                8.878265819108882e-13,
                2.4133628644312734e-12
            ],
            [
                0.9999724642894426,
                2.753568981426094e-05,
                1.22557410740376e-11,
                3.978856578991378e-12,
                4.508635177458844e-12
            ],
            [
                6.346064022851499e-09,
                0.00043055670149511164,
                0.9995683578535803,
                1.0672428521081254e-06,
                1.1856008456298379e-08
            ],
            [
                1.0060392635383984e-12,
                1.0815941388011866e-11,
                2.7346982487927487e-12,
                1.5229979506357333e-08,
                0.9999999847554637
            ],
            [
                1.4637785015081928e-12,
                5.109088984023169e-12,
                1.4637785015081928e-12,
                8.152020644200053e-09,
                0.9999999918399428
            ]
        ],
        [
            [
                0.9999998554988635,
                1.4449803158319643e-07,
                6.914400440571601e-13,
                0.0,
                2.413362888282014e-12
            ],
            [
                0.9999921107305123,
                7.88926504657951e-06,
                2.4133444848026174e-12,
                8.878198204233693e-13,
                1.1399832148627526e-12
            ],
            [
                1.207473100819825e-06,
                0.11919661080456496,
                0.8807505333625906,
                5.134306273282986e-05,
                3.052970107563885e-07
            ],
            [
                6.914400970828096e-13,
                6.5602009877877914e-12,
                3.0988195258895185e-12,
                6.825604229128464e-08,
                0.9999999317336072
            ],
            [
                6.101936618708555e-13,
                6.5602001048337845e-12,
                1.6586783429044294e-12,
                9.237449572809403e-09,
                0.9999999907537215
            ]
        ],
        [
            [
                0.9999977396665506,
                2.2603252719841566e-06,
                2.734693288794974e-12,
                1.4637758363216934e-12,
                3.9789552568107006e-12
            ],
            [
                0.9999417087103509,
                5.8291276746588504e-05,
                7.433241678408356e-12,
                2.7345367947451396e-12,
                2.7345367947451396e-12
            ],
            [
                2.0939788548439645e-06,
                0.18241984331831776,
                0.8175490045290622,
                2.890648644574933e-05,
                1.516873194797569e-07
            ],
            [
                3.9789323861069116e-12,
                4.2777554549541657e-11,
                2.02066859772577e-11,
                7.88926504754312e-06,
                0.9999921106679893
            ],
            [
                5.384940176500128e-13,
                5.109088988922707e-12,
                1.2917799948896981e-12,
                7.19413297521129e-09,
                0.9999999927989276
            ]
        ],
        [
            [
                0.9999999976625273,
                2.3355930300313306e-09,
                0.0,
                0.0,
                1.879528809483179e-12
            ],
            [
                0.9933071483963256,
                0.0066928514154167,
                1.4831010156470277e-10,
                2.920399054880978e-11,
                1.0743547723072227e-11
            ],
            [
                5.905180779849523e-10,
                2.1444940388754904e-05,
                0.9999784654118604,
                8.764065346092847e-08,
                1.4165792279190381e-09
            ],
            [
                9.544908055350427e-12,
                1.317633913492744e-10,
                9.055956621149542e-11,
                1.300712476803619e-05,
                0.9999869926433641
            ],
            [
                1.0060394049774348e-12,
                7.433681601113076e-12,
                2.734698633263911e-12,
                6.825604229122841e-08,
                0.9999999317327832
            ]
        ],
        [
            [
                0.999999922646742,
                7.734422793925262e-08,
                1.4637786819542145e-12,
                1.006039394629912e-12,
                6.560200920308062e-12
            ],
            [
                0.9999970976715846,
                2.9023121960705366e-06,
                6.5601753487442725e-12,
                3.098807414862916e-12,
                6.5601753487442725e-12
            ],
            [
                1.0261665268051225e-10,
                2.1444939885170997e-05,
                0.999978441666434,
                1.125328239363863e-07,
                7.582402033407873e-10
            ],
            [
                3.2661313116930894e-13,
                2.7346982655568874e-12,
                7.835041710472902e-13,
                9.237449574027845e-09,
                0.9999999907587057
            ],
            [
                4.752193055104343e-13,
                3.511422107711463e-12,
                1.0060392776602532e-12,
                1.2501528643698454e-09,
                0.9999999987448545
            ]
        ],
        [
            [
                0.9999998144560476,
                1.8553915971618396e-07,
                1.879529054136236e-12,
                7.835042775516679e-13,
                2.129785440188631e-12
            ],
            [
                0.9999982396541822,
                1.7603431332858888e-06,
                1.1399897944231644e-12,
                5.384930493516081e-13,
                1.0060374625564922e-12
            ],
            [
                1.25005755258723e-09,
                7.484619443462044e-05,
                0.9999246418975005,
                5.043096911837181e-07,
                6.348316072629729e-09
            ],
            [
                2.129756863549567e-12,
                2.940038662115557e-11,
                2.5945750127959368e-11,
                1.3007124771439121e-05,
                0.9999869928177527
            ],
            [
                6.101936636891579e-13,
                5.109088993974124e-12,
                1.658678347847088e-12,
                6.348800073682797e-09,
                0.999999993643822
            ]
        ],
        [
            [
                0.9999952148968859,
                4.785094845166736e-06,
                3.0988015821679968e-12,
                1.6586689615681488e-12,
                3.511402219194699e-12
            ],
            [
                0.9959298618517274,
                0.0040701377791917655,
                2.778115929366327e-10,
                6.198814522304126e-11,
                2.928112646981739e-11
            ],
            [
                1.1854562231637382e-08,
                0.000552778052781004,
                0.999446374082759,
                8.310681808696538e-07,
                4.941716754284925e-09
            ],
            [
                2.1296269303223094e-12,
                4.847008552248511e-11,
                4.847008552248511e-11,
                7.484619710232474e-05,
                0.9999251537038278
            ],
            [
                1.463778585638856e-12,
                7.4336810355249e-12,
                4.5087554625702094e-12,
                1.4449803167038018e-07,
                0.9999998554885621
            ]
        ],
        [
            [
                0.9999999634612003,
                3.653482074362519e-08,
                0.0,
                0.0,
                3.978962384063583e-12
            ],
            [
                0.999841563652744,
                0.00015843624665472464,
                7.05176364580249e-11,
                1.7829650699153067e-11,
                1.2254127770115866e-11
            ],
            [
                3.331538436880499e-11,
                2.260325264771003e-06,
                0.9999977357479072,
                3.850734866016576e-09,
                4.277780029626709e-11
            ],
            [
                3.978583269842931e-12,
                7.991198116840693e-11,
                6.223551351074267e-11,
                9.610239925878751e-05,
                0.9999038974546152
            ],
            [
                4.1937955518739277e-13,
                4.508755127790496e-12,
                2.12978511686777e-12,
                2.5109990919746578e-08,
                0.9999999748829511
            ]
        ],
        [
            [
                0.9999999123561355,
                8.76424914300483e-08,
                5.384940785209645e-13,
                2.2447772915716656e-13,
                6.10193732061677e-13
            ],
            [
                0.994779874009501,
                0.0052201257033904404,
                2.161099520196727e-10,
                4.822064820381906e-11,
                2.2777821362975212e-11
            ],
            [
                0.0,
                4.8473687046062616e-11,
                0.999999999935669,
                1.5737102101460704e-11,
                1.2015425727647157e-13
            ],
            [
                5.1090892266462865e-12,
                2.594609599125216e-11,
                1.7832473601269032e-11,
                3.927863698151461e-07,
                0.9999996071647425
            ],
            [
                7.835041699396441e-13,
                3.9789624923314655e-12,
                1.8795287959884106e-12,
                1.0467401680294618e-08,
                0.9999999895259563
            ]
        ],
        [
            [
                0.9999999123555063,
                8.764249139641821e-08,
                5.384940783143342e-13,
                0.0,
                1.4637786678146565e-12
            ],
            [
                0.9999869928585097,
                1.3007124756036947e-05,
                7.433581860993895e-12,
                3.511375438195823e-12,
                5.7892793743674364e-12
            ],
            [
                3.775069949354057e-11,
                1.6701415013646724e-05,
                0.9999832928960621,
                5.602700570168395e-09,
                4.847285764744714e-11
            ],
            [
                1.2917776432112946e-12,
                2.2897306596542355e-11,
                6.560188175087858e-12,
                1.0677030763463561e-06,
                0.9999989322661743
            ],
            [
                1.658678333036634e-12,
                8.423463623051365e-12,
                3.0988190903761092e-12,
                1.5229979507104608e-08,
                0.9999999847568395
            ]
        ],
        [
            [
                0.9999999677574753,
                3.224186631143321e-08,
                2.8823506985813714e-13,
                0.0,
                3.701011556786148e-13
            ],
            [
                0.9999832985560723,
                1.6701415100793655e-05,
                2.0206493443939856e-11,
                3.511362049058995e-12,
                5.109001634997013e-12
            ],
            [
                6.690947974778173e-10,
                9.610239564366554e-05,
                0.9999038546806974,
                4.139542930077114e-08,
                8.591347261350545e-10
            ],
            [
                1.0814910602280458e-11,
                1.9169887726111327e-10,
                1.9169887726111327e-10,
                9.610239984097841e-05,
                0.9999038972059464
            ],
            [
                6.914399737138504e-13,
                5.78935601909948e-12,
                2.4133626427597382e-12,
                5.315784970121172e-08,
                0.9999999468332561
            ]
        ],
        [
            [
                0.9999998144596103,
                1.8553915976669682e-07,
                5.384940899947321e-13,
                0.0,
                6.91440098289372e-13
            ],
            [
                0.9999724642888314,
                2.7535689814244107e-05,
                1.0815653536710372e-11,
                3.9788565789889455e-12,
                6.56002547484422e-12
            ],
            [
                1.7832441148483158e-11,
                8.315280311561162e-07,
                0.99999886021648,
                3.059020674201017e-07,
                2.3355888791043393e-09
            ],
            [
                6.91440008146918e-13,
                3.9789625211796785e-12,
                1.8795288096153416e-12,
                3.3982678069766524e-09,
                0.9999999965951822
            ],
            [
                7.835041763907019e-13,
                4.508755230119599e-12,
                1.2917800012977355e-12,
                2.3355930324924137e-09,
                0.9999999976578229
            ]
        ],
        [
            [
                0.999998629036049,
                1.370956653709635e-06,
                2.734693439054168e-12,
                1.4637759167496441e-12,
                3.0988136400762297e-12
            ],
            [
                0.9999952148925241,
                4.785094844525544e-06,
                5.109060081514984e-12,
                2.4133490984519605e-12,
                5.109060081514984e-12
            ],
            [
                3.213951570041784e-08,
                0.0031726786109935986,
                0.996825914516366,
                1.3666069825397723e-06,
                8.126142159053951e-09
            ],
            [
                3.701011671467809e-13,
                2.7346982863272734e-12,
                6.914400093629206e-13,
                1.6052280520953674e-09,
                0.9999999983909758
            ],
            [
                6.101936478001979e-13,
                7.433680429185535e-12,
                1.6586783046564167e-12,
                3.2241866317888324e-08,
                0.9999999677484313
            ]
        ],
        [
            [
                0.9999999468368794,
                5.315784966645134e-08,
                1.291779934853237e-12,
                0.0,
                3.978962320429177e-12
            ],
            [
                0.9990889484229521,
                0.0009110514056050323,
                1.3164506491807915e-10,
                2.5922450265383844e-11,
                1.3875287759761835e-11
            ],
            [
                3.526879464972889e-05,
                0.9974909791274698,
                0.002472533414729805,
                1.2068317880342772e-06,
                1.1831362536152102e-08
            ],
            [
                5.384940653263013e-13,
                7.433681273553788e-12,
                2.4133629670147964e-12,
                1.1253518382058187e-07,
                0.9999998874544307
            ],
            [
                6.101936915249986e-13,
                5.109089227040765e-12,
                3.0988192594077435e-12,
                3.9278636984547353e-07,
                0.9999996072048121
            ]
        ],
        [
            [
                0.9999999969993805,
                2.998960812936645e-09,
                0.0,
                0.0,
                1.6586783523210991e-12
            ],
            [
                0.9999989322897743,
                1.0677030755310928e-06,
                1.8795253790330236e-12,
                1.2917776422249355e-12,
                3.9789552586368544e-12
            ],
            [
                8.258073270686258e-14,
                1.605228052295204e-09,
                0.9999999983685686,
                2.5946094936045577e-11,
                1.7482341251231495e-13
            ],
            [
                2.413298507793427e-12,
                4.847239628495858e-11,
                1.2255741084376423e-11,
                2.7535689837489774e-05,
                0.999972464247021
            ],
            [
                3.2661313372363586e-13,
                3.098819133455099e-12,
                6.101936667234525e-13,
                1.4166087842355401e-09,
                0.9999999985793555
            ]
        ],
        [
            [
                0.9999999585957577,
                4.139937540728639e-08,
                8.878265096610164e-13,
                0.0,
                3.978962364704169e-12
            ],
            [
                0.9999952148984644,
                4.785094847339441e-06,
                4.508729699706954e-12,
                8.878215182121989e-13,
                1.2917726867120464e-12
            ],
            [
                2.508620194199018e-08,
                0.0009110189025259504,
                0.9990534683922656,
                3.53240362651685e-05,
                1.6358274128437657e-07
            ],
            [
                4.752193294207846e-13,
                5.109089276881219e-12,
                2.1297852746785148e-12,
                1.44498031648127e-07,
                0.9999998554942543
            ],
            [
                1.1399918352070948e-12,
                7.433680556038639e-12,
                2.413362734071733e-12,
                1.5229979506411702e-08,
                0.9999999847590335
            ]
        ],
        [
            [
                0.9999999748881294,
                2.5109990895489632e-08,
                0.0,
                0.0,
                1.8795287669909007e-12
            ],
            [
                0.9994472212651349,
                0.000552778581882218,
                1.1621804034208057e-10,
                2.2884689012707693e-11,
                1.3880265524196049e-11
            ],
            [
                7.1763306746918016e-09,
                0.002472619536011832,
                0.9975259985434648,
                1.3675678621149434e-06,
                7.1763306746918016e-09
            ],
            [
                9.51145501875587e-11,
                2.453036580408058e-09,
                3.386312545537937e-08,
                0.4378234834393202,
                0.5621764801494032
            ],
            [
                1.0060393261484727e-12,
                7.433681018641453e-12,
                5.109089266064224e-12,
                5.043472050791249e-07,
                0.9999994956392461
            ]
        ],
        [
            [
                0.9999998144598107,
                1.85539159766734e-07,
                4.1937961896730496e-13,
                0.0,
                6.101937450632813e-13
            ],
            [
                0.9999993523966039,
                6.475946140556348e-07,
                3.5114221896461787e-12,
                1.2917800328440386e-12,
                3.978962622262095e-12
            ],
            [
                6.224133554839111e-11,
                2.260323231943039e-06,
                0.999997670837474,
                6.825591238723764e-08,
                5.211403220708102e-10
            ],
            [
                6.914400836781104e-13,
                7.433681457005103e-12,
                2.4133630265727186e-12,
                8.764249144542953e-08,
                0.99999991234697
            ],
            [
                8.878265189918155e-13,
                8.42346348070809e-12,
                2.413362693399501e-12,
                3.224186632471436e-08,
                0.999999967746409
            ]
        ],
        [
            [
                0.9999991684676887,
                8.315279896606566e-07,
                1.8795289602154616e-12,
                7.835042383996643e-13,
                1.6586784857081902e-12
            ],
            [
                0.999796572863634,
                0.00020342706077417682,
                5.4916679654177027e-11,
                1.2253567526056537e-11,
                8.421745587599874e-12
            ],
            [
                0.0,
                4.5990553754805226e-10,
                0.999999999502055,
                3.7751345416755306e-11,
                2.882350791456539e-13
            ],
            [
                5.108280455385229e-12,
                7.990695072478426e-11,
                1.6916301601183643e-10,
                0.00015843624765829207,
                0.9998415634981634
            ],
            [
                4.1937956362952974e-13,
                3.511422094885598e-12,
                1.4637785064177494e-12,
                4.944450475901499e-09,
                0.999999995050155
            ]
        ],
        [
            [
                0.9999994956452575,
                5.043472047317999e-07,
                3.5114222745337933e-12,
                1.291780064072447e-12,
                2.734698417101292e-12
            ],
            [
                0.9999417086984945,
                5.8291276720593266e-05,
                1.3887123710110096e-11,
                5.108787309953989e-12,
                5.789014437321796e-12
            ],
            [
                2.0792621871554053e-07,
                0.010986555208376502,
                0.9889782329199209,
                3.496781335939991e-05,
                3.613212451464365e-08
            ],
            [
                3.978894475937148e-12,
                4.847285792338072e-11,
                4.277714697680665e-11,
                1.6701415108720162e-05,
                0.9999832984896624
            ],
            [
                6.914400069528485e-13,
                4.50875521789932e-12,
                1.1399918468762059e-12,
                4.944450475185726e-09,
                0.9999999950492093
            ]
        ],
        [
            [
                0.999999495650174,
                5.04347204842898e-07,
                1.1399919056155827e-12,
                4.752193281920633e-13,
                1.0060393256772622e-12
            ],
            [
                0.9890130573792482,
                0.010986942360823707,
                2.1485724315371395e-10,
                3.294942540023053e-11,
                1.2121416203156936e-11
            ],
            [
                8.13609987846141e-09,
                2.2559150004093876e-06,
                0.8807737087677626,
                0.11919977380922113,
                2.4253371916068773e-05
            ],
            [
                1.1399918391486603e-12,
                7.433680581740876e-12,
                3.511422070574758e-12,
                1.186112000676516e-08,
                0.9999999881267948
            ],
            [
                7.835041528768194e-13,
