{
    "[['A', 'B', 'C', 'D', 'E'], ['A', 'B', 'C', 'D', 'E']]": [
        [
            [
                0.9999999990066679,
                9.736200274139802e-10,
                1.8795288090354537e-12,
                0.0,
                1.7832472836953933e-11
            ],
            [
                2.1769353999816847e-05,
                0.25665895557925295,
                0.5433469794242934,
                0.19988619617717607,
                8.609946527769357e-05
            ],
            [
                1.4290885985634802e-07,
                0.9890021943061308,
                0.010986821716753779,
                1.0018684548224308e-05,
                8.223837073542684e-07
            ],
            [
                6.678682113235209e-10,
                1.3414491618361884e-08,
                3.920292837040862e-07,
                0.777299555951399,
                0.22270003793695745
            ],
            [
                1.175035219657315e-09,
                9.8384494391298e-09,
                1.7439068900613212e-07,
                0.9399131720023478,
                0.060086642593478526
            ]
        ],
        [
            [
                0.9999999976390963,
                2.335593021737003e-09,
                2.4133627542027444e-12,
                0.0,
                2.2897348289182294e-11
            ],
            [
                1.1252423350385626e-07,
                0.9999029444837206,
                9.61023076205072e-05,
                8.314478738491657e-07,
                9.236551552319309e-09
            ],
            [
                1.2498263316967786e-09,
                0.0002611903193195433,
                0.9997387758814026,
                3.223344593191841e-08,
                3.1600558453234254e-10
            ],
            [
                1.1908627595114424e-09,
                1.4507678375774818e-08,
                1.0719804938384323e-07,
                0.04742586404960357,
                0.9525740130538058
            ],
            [
                2.7749068455255044e-10,
                6.315658869846965e-09,
                3.043054858353385e-07,
                0.9947795656540869,
                0.005220123447277651
            ]
        ],
        [
            [
                0.9999999996782754,
                2.7894680812299625e-10,
                0.0,
                0.0,
                4.277787851120071e-11
            ],
            [
                4.855211725032753e-07,
                0.03732683787007545,
                0.9626718631809543,
                8.00489084481416e-07,
                1.2938713324213926e-08
            ],
            [
                3.0988190597246113e-12,
                2.5109990917318763e-08,
                0.999999974639082,
                2.4616968890601244e-10,
                1.6586783166300696e-12
            ],
            [
                6.634182922052824e-10,
                1.3325112603607306e-08,
                8.243955247996498e-07,
                0.9914216841922647,
                0.008577477423679675
            ],
            [
                1.6809783446001784e-09,
                2.0478508531164997e-08,
                5.98469173986254e-07,
                0.9241412454018527,
                0.07585813396948637
            ]
        ],
        [
            [
                0.9999999992102133,
                7.582560401855497e-10,
                2.129785163637076e-12,
                0.0,
                2.940077729181306e-11
            ],
            [
                3.7187008508820497e-06,
                0.7771388774202103,
                0.22265402379889385,
                0.0002030341869848393,
                3.4589306017205353e-07
            ],
            [
                2.333464611330291e-09,
                0.0009110509720252953,
                0.999088829902403,
                1.1243262134068356e-07,
                4.359485826928967e-09
            ],
            [
                1.8508147635331202e-10,
                2.554970970786119e-09,
                2.4240889640383192e-08,
                0.8519527734563502,
                0.14804719956270773
            ],
            [
                8.742493924727408e-08,
                3.7174030105838483e-06,
                6.1289614153142835e-06,
                0.9975174678754217,
                0.002472598335213133
            ]
        ],
        [
            [
                0.999999999615879,
                3.5817479223922946e-10,
                0.0,
                0.0,
                2.5946094925603278e-11
            ],
            [
                1.5434518078489765e-05,
                0.560512357909977,
                0.43652746514977864,
                0.002941298515675059,
                3.4439064906672568e-06
            ],
            [
                2.7893406260980046e-10,
                4.539785533398753e-05,
                0.9999545899025397,
                1.186057814884197e-08,
                1.0261410707657349e-10
            ],
            [
                7.937525577616155e-08,
                1.9041134003375314e-07,
                2.319685000010653e-06,
                0.6224577194631111,
                0.37753969106529295
            ],
            [
                9.821991069437578e-08,
                1.3558840437293954e-06,
                7.802573946398648e-06,
                0.9890039010970539,
                0.010986842225045151
            ]
        ],
        [
            [
                0.9999999999319691,
                6.224144606011692e-11,
                0.0,
                0.0,
                5.789356313014839e-12
            ],
            [
                4.3745037302588566e-07,
                0.014019542418966809,
                0.9828457986064848,
                0.003128182708048036,
                6.038816127158562e-06
            ],
            [
                1.4930919373435972e-10,
                2.2603252607528496e-06,
                0.9999977338932432,
                5.60278616006508e-09,
                2.940072346162032e-11
            ],
            [
                3.3665322935073067e-10,
                4.6473544795512224e-09,
                6.415474968191607e-08,
                0.9399132878198291,
                0.060086643041413514
            ],
            [
                9.151182729230814e-10,
                1.4314858273829808e-08,
                3.6918506074851424e-07,
                0.9399129923133874,
                0.06008662327157518
            ]
        ],
        [
            [
                0.9999999979038723,
                2.0611536111137646e-09,
                1.658678349800796e-12,
                0.0,
                3.331544523861588e-11
            ],
            [
                0.9975273195829703,
                0.002472622822916311,
                2.504790050640461e-08,
                1.0441518393806161e-08,
                2.2104694613149188e-08
            ],
            [
                4.969662622044646e-07,
                0.9853642111033477,
                0.014055462483773389,
                0.0005449894218823984,
                3.484002473423618e-05
            ],
            [
                3.436275476724627e-06,
                0.9220804747278183,
                0.0013862918086480853,
                0.0756889687028033,
                0.0008408284852535431
            ],
            [
                1.1847124894749054e-08,
                8.305467837975795e-07,
                1.0118131177695707e-05,
                0.9988195419612325,
                0.0011694975136810881
            ]
        ],
        [
            [
                0.9999999991237543,
                8.592166588905458e-10,
                1.2917800002352884e-12,
                0.0,
                1.573710205142393e-11
            ],
            [
                1.2868435332734624e-06,
                0.7310171967323893,
                0.2689261905828342,
                5.471797939957141e-05,
                6.078618437294527e-07
            ],
            [
                1.1252423494787688e-07,
                0.9999023611884136,
                9.610230885378565e-05,
                1.3708258126852887e-06,
                5.315268496214861e-08
            ],
            [
                1.8552978797917598e-07,
                0.9999495443136193,
                4.53976423131957e-05,
                4.7848762967477074e-06,
                8.763798280036152e-08
            ],
            [
                7.614986308678486e-09,
                4.382122058966822e-08,
                4.1576416498156727e-07,
                0.4999997665606516,
                0.4999997662389765
            ]
        ],
        [
            [
                0.9999999983261381,
                1.6052280454943295e-09,
                3.9789625118149536e-12,
                2.4133627572629605e-12,
                6.224144585330604e-11
            ],
            [
                6.789920915564938e-08,
                0.0052200833247572,
                0.9947719595115714,
                7.848081510217602e-06,
                4.11829521231421e-08
            ],
            [
                2.1723406635084477e-10,
                4.539785517240828e-05,
                0.9999545898208569,
                1.1860578146933431e-08,
                2.46158446238876e-10
            ],
            [
                1.8125624699610683e-08,
                4.348111327961587e-08,
                2.8353220444944855e-07,
                0.4378233483075826,
                0.562176306553475
            ],
            [
                2.9110534688820627e-09,
                2.4373952277406786e-08,
                4.895639184318681e-07,
                0.9706872706802765,
                0.029312212470799306
            ]
        ],
        [
            [
                0.9999999976319074,
                2.3355930230771644e-09,
                3.0988191178619546e-12,
                0.0,
                2.940077719493178e-11
            ],
            [
                5.762795279297737e-06,
                0.3044988716060054,
                0.3909842918120206,
                0.3044988739489927,
                1.2199837702008751e-05
            ],
            [
                4.051583394041545e-06,
                0.14713534043712342,
                0.002694878080145911,
                0.8467054379495546,
                0.0034602919497820138
            ],
            [
                8.065453986710608e-10,
                9.825734448343373e-09,
                6.407183706204372e-08,
                0.7310585241638771,
                0.268941401132006
            ],
            [
                2.0205337737167423e-11,
                1.6917722158629215e-10,
                1.3175535264924892e-10,
                7.484619768385475e-05,
                0.9999251534811783
            ]
        ],
        [
            [
                0.9999999999311981,
                6.224144612488379e-11,
                0.0,
                0.0,
                6.560200157171808e-12
            ],
            [
                0.9947782735455349,
                0.005220117797718898,
                3.907351808823058e-07,
                8.271863844189977e-07,
                3.907351808823058e-07
            ],
            [
                9.734214131950885e-10,
                0.00020342705668571193,
                0.9997965467157447,
                2.5104869128975775e-08,
                1.4927900854667622e-10
            ],
            [
                1.5968456803831307e-09,
                1.945356285744292e-08,
                1.0621295564950662e-06,
                0.9947787955648864,
                0.005220121255148634
            ],
            [
                7.65228868440471e-09,
                2.357070853848818e-08,
                1.7416512158555037e-07,
                0.26894136635868765,
                0.7310584282531936
            ]
        ],
        [
            [
                0.9999999995763025,
                4.0586521125843136e-10,
                0.0,
                0.0,
                1.7832472847111927e-11
            ],
            [
                0.0229735163281374,
                0.9768587453308604,
                0.00012055388825432157,
                4.434929704204432e-05,
                2.8351557059188564e-06
            ],
            [
                3.1608636925462864e-10,
                6.144171967951678e-06,
                0.9999938299962323,
                2.5109850458244526e-08,
                4.0586293199148986e-10
            ],
            [
                1.3292594440791798e-08,
                4.988014021574229e-07,
                1.0018693980370697e-05,
                0.989002642410293,
                0.01098682680172995
            ],
            [
                9.20812568154036e-09,
                6.803935722690576e-08,
                1.0643156337472654e-06,
                0.9968261797566161,
                0.0031726786802671763
            ]
        ],
        [
            [
                0.999999994381527,
                5.602796392972255e-09,
                5.789356282681729e-12,
                1.463778502482918e-12,
                8.423463687467861e-12
            ],
            [
                9.906600971848744e-08,
                0.9975243135977957,
                0.0024726150475665267,
                2.8951359421031294e-06,
                7.715268594451744e-08
            ],
            [
                3.557135215515786e-07,
                0.6224200189837346,
                0.3775168251337319,
                5.982181616089196e-05,
                2.978352851092116e-06
            ],
            [
                1.722455059818727e-08,
                8.747348566470577e-08,
                1.06564521083196e-06,
                0.7772989463758019,
                0.22269988328095106
            ],
            [
                3.602092577875692e-08,
                1.1095226249735292e-07,
                1.35167655685899e-06,
                0.9859348937669584,
                0.0140636075832965
            ]
        ],
        [
            [
                0.9999999943408107,
                5.60279639274413e-09,
                5.789356282446008e-12,
                2.1297851539286163e-12,
                4.847368667516598e-11
            ],
            [
                0.0040695962140375975,
                0.9957975480356559,
                7.453725467927242e-05,
                5.8049672312210094e-05,
                2.688233149860799e-07
            ],
            [
                5.211343138518191e-10,
                1.3007124563201304e-05,
                0.9999869769328107,
                1.522977707614471e-08,
                1.917146001550702e-10
            ],
            [
                3.907153028625621e-10,
                6.111815654198152e-09,
                1.0833452462285078e-07,
                0.9626730014560386,
                0.03732688370690574
            ],
            [
                3.459639820171912e-07,
                4.4422654616857424e-07,
                1.990885256717727e-06,
                0.8807946159355614,
                0.11920260298865357
            ]
        ],
        [
            [
                0.9999999992239115,
                7.582560379543626e-10,
                0.0,
                0.0,
                1.7832472794395096e-11
            ],
            [
                0.0066882829959347126,
                0.9926291587561931,
                0.00033298983021468965,
                0.00033298983021468965,
                1.6578587442702158e-05
            ],
            [
                7.582112446238112e-10,
                5.8291275242220625e-05,
                0.9999416826408073,
                2.5108508045880124e-08,
                2.1723115861805694e-10
            ],
            [
                2.696531914215929e-07,
                0.0001582824947714108,
                0.0007093725885875839,
                0.9988711115475405,
                0.00026096371590910686
            ],
            [
                1.1298569240691229e-08,
                1.0719784028448432e-07,
                2.7646661027335094e-06,
                0.9525713792292922,
                0.04742573760819555
            ]
        ],
        [
            [
                0.9999999997480409,
                2.461696945445615e-10,
                0.0,
                0.0,
                5.78935631375039e-12
            ],
            [
                1.1252831895342067e-07,
                0.9999397235346664,
                5.829116794700481e-05,
                1.7602407486304666e-06,
                1.1252831895342067e-07
            ],
            [
                8.589283190619074e-10,
                0.00033535005194026057,
                0.9996646397998723,
                9.234349684128966e-09,
                5.490945036750026e-11
            ],
            [
                4.0910740410367086e-08,
                1.2601407209005122e-07,
                1.5351656722007012e-06,
                0.6791775498081092,
                0.32082074810140604
            ],
            [
                4.5343738387713744e-10,
                2.609351982660413e-09,
                7.092954078519382e-09,
                0.014063627158881221,
                0.9859363626853753
            ]
        ],
        [
            [
                0.9999999989690387,
                9.736200269885703e-10,
                2.413362761143877e-12,
                0.0,
                5.492788326625865e-11
            ],
            [
                6.078896385247693e-07,
                0.731050795714226,
                0.2689385509415707,
                9.508993841655178e-06,
                5.364607231113783e-07
            ],
            [
                9.214555250241902e-09,
                0.002472611124264699,
                0.997522494142571,
                4.773262345375843e-06,
                1.1225626368664047e-07
            ],
            [
                1.2461866029563201e-09,
                1.0434192677630822e-08,
                2.3748113072852227e-07,
                0.9968270693148845,
                0.0031726815236054985
            ],
            [
                3.4596363828390916e-07,
                5.703976093274862e-07,
                3.2824116090232233e-06,
                0.8807933735126611,
                0.11920242771448233
            ]
        ],
        [
            [
                0.999999999730933,
                2.4616969416736633e-10,
                0.0,
                0.0,
                2.289734836212283e-11
            ],
            [
                7.445687228668276e-08,
                0.037326705464775504,
                0.9626683537194013,
                4.606479178928515e-06,
                2.5987977197967686e-07
            ],
            [
                2.191599363339875e-08,
                0.010986927110745209,
                0.989011811501184,
                1.0559717089876946e-06,
                1.8350036804289754e-07
            ],
            [
                5.4385638957354735e-09,
                4.5536537981623175e-08,
                1.0364058389900375e-06,
                0.9706867140104327,
                0.029312198608626463
            ],
            [
                5.033678911362387e-07,
                2.2559383760644018e-06,
                1.2982029015804228e-05,
                0.7772876152087038,
                0.2226966434560132
            ]
        ],
        [
            [
                0.9999999985257286,
                1.4166087797407143e-09,
                2.7346982782669497e-12,
                0.0,
                5.492788324190857e-11
            ],
            [
                2.2069468719149221e-07,
                0.18241237671394303,
                0.8175155764057427,
                6.119252009970348e-05,
                1.0633665527396098e-05
            ],
            [
                3.425280311195531e-07,
                0.3208080036802381,
                0.67915052783019,
                3.9590857407459815e-05,
                1.5351041333529177e-06
            ],
            [
                1.1011307814331585e-09,
                1.1838271550782446e-08,
                1.6342229785758384e-07,
                0.8807969242924649,
                0.1192028993458349
            ],
            [
                1.5068250044455088e-09,
                1.6199895491903226e-08,
                1.7416512394962578e-07,
                0.26894137000923296,
                0.7310584381189226
            ]
        ],
        [
            [
                0.9999999999385119,
                5.492788339295461e-11,
                0.0,
                0.0,
                6.560200154228823e-12
            ],
            [
                2.121757595648029e-06,
                0.26894026466789883,
                0.7310554756171062,
                2.121757595648029e-06,
                1.619980370301039e-08
            ],
            [
                3.129677614921933e-08,
                0.029312221393220428,
                0.9706874466365919,
                2.9693554463343897e-07,
                3.737866872680339e-09
            ],
            [
                2.966012867355801e-09,
                1.1730808451561845e-08,
                1.8350054331186676e-07,
                0.9890128590164621,
                0.010986942786173242
            ],
            [
                4.647345441428466e-09,
                4.409278588857829e-08,
                1.2885813163993634e-06,
                0.9399120935103653,
                0.060086569168186985
            ]
        ],
        [
            [
                0.9999999995023432,
                4.599055365622044e-10,
                0.0,
                0.0,
                3.775134533583198e-11
            ],
            [
                5.025493884729931e-06,
                0.5621497224280942,
                0.4378026444497385,
                4.207794512405417e-05,
                5.29683158490926e-07
            ],
            [
                8.03737034794864e-09,
                0.014063627876005819,
                0.9859362962767341,
                6.729607799748773e-08,
                5.138118960705675e-10
            ],
            [
                4.369050453432679e-07,
                0.017979016502822822,
                0.00019972883167918788,
                0.9816210889287734,
                0.00019972883167918788
            ],
            [
                2.6327534163308327e-09,
                3.634403984936057e-08,
                1.7511539067414127e-06,
                0.994778093637065,
                0.005220116232235002
            ]
        ],
        [
            [
                0.9999999976231442,
                2.335593023056697e-09,
                3.51142208970841e-12,
                0.0,
                3.7751345188334905e-11
            ],
            [
                2.5109275875155584e-08,
                0.9999705913180309,
                2.753563824877986e-05,
                1.7602944602061072e-06,
                8.763998421781581e-08
            ],
            [
                8.307456015671394e-07,
                0.9990583773647699,
                0.0009110231728971218,
                2.751051605859155e-05,
                2.258200672812233e-06
            ],
            [
                5.037534937985951e-07,
                0.9988219716732832,
                0.0011695002149667603,
                7.880030463865093e-06,
                1.4432779240837751e-07
            ],
            [
                1.2214260452299714e-09,
                1.9106317999292213e-08,
                8.124213143671796e-07,
                0.9770218163965034,
                0.02297735085443817
            ]
        ],
        [
            [
                0.999999999670024,
                3.160881435560902e-10,
                0.0,
                0.0,
                1.388794378257001e-11
            ],
            [
                6.62550159105163e-08,
                0.029312120574450432,
                0.9706840865331804,
                3.6174012991307277e-06,
                1.0923605402224364e-07
            ],
            [
                4.349618514076211e-09,
                0.0031726829606037055,
                0.996827280030715,
                3.21395752094565e-08,
                5.194878499640003e-10
            ],
            [
                9.717445035333768e-10,
                1.1838271545642159e-08,
                2.69437818467498e-07,
                0.8807968184687102,
                0.11920289928345522
            ],
            [
                4.493383909862349e-10,
                2.9300543714414086e-09,
                1.1588589841379598e-08,
                0.022977367461516945,
                0.9770226175705005
            ]
        ],
        [
            [
                0.9999999961395989,
                3.850741897710936e-09,
                3.0988191185578877e-12,
                0.0,
                6.5602001254667225e-12
            ],
            [
                2.502999228580651e-08,
                0.003172640633419386,
                0.9968142563029401,
                1.2965857005397443e-05,
                1.1217664285794511e-07
            ],
            [
                1.6049006041442875e-09,
                0.00020342705872034012,
                0.9997965560389916,
                1.5226872975733205e-08,
                7.051441131645403e-11
            ],
            [
                3.6343967386260084e-08,
                3.9073447260401123e-07,
                3.707185458225725e-06,
                0.9947757624009251,
                0.005220103335176608
            ],
            [
                8.575614223810032e-10,
                8.136316239002834e-09,
                5.3055446500342075e-08,
                0.2227001253210063,
                0.7772998126296695
            ]
        ],
        [
            [
                0.9999999993937325,
                5.905303981571459e-10,
                0.0,
                0.0,
                1.5737102060566542e-11
            ],
            [
                1.2561613333709275e-06,
                0.49044124142428336,
                0.4904412427110392,
                0.019016470448569266,
                9.978925477474113e-05
            ],
            [
                1.4930862069680876e-10,
                4.785094813093662e-06,
                0.999995207499545,
                7.1940922232944485e-09,
                6.224109317908403e-11
            ],
            [
                4.358338802392717e-09,
                6.01650113256451e-08,
                4.779498846369231e-06,
                0.9988256511677035,
                0.0011695048100999837
            ],
            [
                1.2977139886983754e-05,
                0.0019259774083654998,
                4.52946688125309e-05,
                0.9976810659340968,
                0.00033468484883827535
            ]
        ],
        [
            [
                0.9999999996085098,
                3.58174791813944e-10,
                0.0,
                0.0,
                3.331544530870973e-11
            ],
            [
                0.013180647034318696,
                0.2647403772481538,
                0.0017838065996313398,
                0.7196389433428658,
                0.000656225775030308
            ],
            [
                9.732932638588407e-10,
                0.0003353500412188564,
                0.999664607009673,
                4.1385482682650505e-08,
                5.903322054221648e-10
            ],
            [
                9.717425717547002e-10,
                2.2116758991050844e-08,
                1.7569517856651123e-06,
                0.9980714883713836,
                0.0019267315883291613
            ],
            [
                5.767435845017425e-06,
                3.498126667928708e-06,
                1.2209661779714422e-05,
                0.26893563447338037,
                0.7310428903023269
            ]
        ],
        [
            [
                0.9999999995262066,
                4.5990553564055097e-10,
                0.0,
                0.0,
                1.3887943797784486e-11
            ],
            [
                9.719970129052396e-05,
                0.6133971406010786,
                0.3720441871934844,
                0.014425714732353455,
                3.575777179278908e-05
            ],
            [
                1.444684108015891e-07,
                0.9997954849914048,
                0.00020342666966214522,
                8.313583033971198e-07,
                1.1251221876132116e-07
            ],
            [
                3.985650998787132e-10,
                6.234607139287402e-09,
                3.004001947558155e-07,
                0.9820134891190961,
                0.017986203847536773
            ],
            [
                6.441805963174651e-10,
                5.393658096806827e-09,
                5.117360321413946e-08,
                0.962673061069162,
                0.03732688171939607
            ]
        ],
        [
            [
                0.999999999671656,
                3.160881445893303e-10,
                0.0,
                0.0,
                1.225606741145009e-11
            ],
            [
                2.4999470975433214e-07,
                0.4374352628366478,
                0.5616779958124095,
                0.0008444487105025723,
                4.2042645730437045e-05
            ],
            [
                2.369919960900655e-07,
                0.9947745135624589,
                0.00522009860031204,
                4.760111487966958e-06,
                3.907337449393726e-07
            ],
            [
                1.7531889796336642e-06,
                0.0004289914036098913,
                0.0011661195369979075,
                0.9959344607912157,
                0.002468675079196935
            ],
            [
                1.864624350329942e-09,
                1.377781392802006e-08,
                2.7673452645732005e-07,
                0.9046502789903644,
                0.0953494286326708
            ]
        ],
        [
            [
                0.9999999995933515,
                3.5817479180851466e-10,
                0.0,
                0.0,
                4.847368689762012e-11
            ],
            [
                6.168462238860591e-07,
                0.9525183169048869,
                0.04742309984721966,
                5.5526727527782454e-05,
                2.439674141713207e-06
            ],
            [
                1.335044913873427e-08,
                0.00669284787313778,
                0.9933067382217585,
                3.901573142373139e-07,
                1.0397340243601213e-08
            ],
            [
                1.8173007671103962e-09,
                3.2212426853289365e-08,
                2.258265467237372e-06,
                0.9990866583908323,
                0.0009110493139728315
            ],
            [
                3.2806478273474864e-09,
                3.112591995799648e-08,
                5.517201324261552e-07,
                0.8519522951778068,
                0.14804711869549306
            ]
        ],
        [
            [
                0.9999999226099331,
                7.734422790114247e-08,
                1.7832474943927034e-11,
                5.109089611324246e-12,
                2.289735107044962e-11
            ],
            [
                2.1112052519484015e-06,
                0.4999478466829668,
                0.49994784747253007,
                0.0001017235656852131,
                4.71073565973453e-07
            ],
            [
                1.1730807440394284e-08,
                0.010986936642347251,
                0.9890125424682946,
                4.988061494011117e-07,
                1.0352401230964282e-08
            ],
            [
                3.395851214815286e-09,
                6.820749496082414e-08,
                2.258719868513766e-06,
                0.9992880009888913,
                0.0007096686878940803
            ],
            [
                9.219637413602875e-09,
                4.682118215713856e-08,
                3.9202933234278186e-07,
                0.22270003922768428,
                0.7772995127021639
            ]
        ],
        [
            [
                0.9999999998223867,
                1.6918979172406914e-10,
                0.0,
                0.0,
                8.423463727710891e-12
            ],
            [
                1.5051183622497027e-06,
                0.21618110593805695,
                0.7545461773409746,
                0.02925693143718271,
                1.4280165423477756e-05
            ],
            [
                6.10193658316246e-13,
                1.5229979508990272e-08,
                0.9999999847141943,
                5.492788265939927e-11,
                2.882350748832737e-13
            ],
            [
                4.928735522384509e-09,
                8.736392751677921e-08,
                4.769913370987555e-06,
                0.9968224698209407,
                0.003172667973025115
            ],
            [
                2.6153410790286977e-09,
                1.9324901950780865e-08,
                2.667720426180272e-07,
                0.3208212020090897,
                0.6791785092786247
            ]
        ],
        [
            [
                0.9999999993916373,
                5.905303972611671e-10,
                0.0,
                0.0,
                1.7832472828629526e-11
            ],
            [
                1.3197671376742397e-06,
                0.9626596933266462,
                0.037326369700637525,
                1.2521601967760199e-05,
                9.560361079491141e-08
            ],
            [
                1.1784523643907136e-07,
                0.07585790314972868,
                0.9241384432844405,
                3.44394263196215e-06,
                9.177796241998363e-08
            ],
            [
                9.947573975638257e-06,
                6.033508605984096e-06,
                1.640077680549783e-05,
                0.9819819909939986,
                0.017985627146614107
            ],
            [
                1.6660504196090665e-08,
                8.460902167844545e-08,
                9.096327077259873e-07,
                0.8519519426688327,
                0.14804704642893377
            ]
        ],
        [
            [
                0.9999999998432569,
                1.4930946732472498e-10,
                0.0,
                0.0,
                7.43368065766543e-12
            ],
            [
                1.5762578615601262e-07,
                0.03732686201660854,
                0.9626723490878017,
                6.234220777577021e-07,
                7.847725791887703e-09
            ],
            [
                3.1608515441619554e-10,
                1.0129988080909344e-05,
                0.9999898676224438,
                2.0611341185696236e-09,
                1.2255951469855508e-11
            ],
            [
                2.2440957949379696e-06,
                0.00015732326104959463,
                0.000333053346255552,
                0.9928178239802168,
                0.006689555316683272
            ],
            [
                4.886100271649054e-09,
                4.0910816691228306e-08,
                7.251615770073938e-07,
                0.6791781887069016,
                0.3208210403346045
            ]
        ],
        [
            [
                0.9999999961080235,
                3.8507418962323955e-09,
                5.7893562888365605e-12,
                2.129785156279569e-12,
                3.3315445192089473e-11
            ],
            [
                9.86270961437657e-08,
                0.006691489143130538,
                0.9931048039803377,
                0.0002020654606055543,
                1.542788830100743e-06
            ],
            [
                3.397380241490224e-09,
                0.0002611903212634647,
                0.9997387858717907,
                1.9550573429088637e-08,
                8.589922470534203e-10
            ],
            [
                6.447064066361962e-07,
                5.803462125645808e-05,
                0.00033396618678339273,
                0.9955388153542638,
                0.0040685391312896835
            ],
            [
                5.732204281317144e-10,
                4.799515882847267e-09,
                2.1509937875070547e-08,
                0.029312227159980116,
                0.9706877459573456
            ]
        ],
        [
            [
                0.9999999988234807,
                1.1032560267971977e-09,
                2.734698277843832e-12,
                0.0,
                7.052879815655491e-11
            ],
            [
                1.1985534979795695e-07,
                0.060085890427356105,
                0.9399014766212085,
                1.22255780481886e-05,
                2.875180374801034e-07
            ],
            [
                9.056042673380458e-11,
                2.9023121787149353e-06,
                0.9999970903326266,
                7.194105769517755e-09,
                7.05285312555676e-11
            ],
            [
                3.835056188535735e-09,
                5.294131766237726e-08,
                2.8904980046828225e-06,
                0.995926926524949,
                0.004070126200672601
            ],
            [
                3.9653973087055046e-10,
                6.20292503746307e-09,
                1.411777884879747e-07,
                0.9770224852087369,
                0.02297736701400985
            ]
        ],
        [
            [
                0.9999999996322801,
                3.5817479194867416e-10,
                0.0,
                0.0,
                9.545034894069093e-12
            ],
            [
                3.6399209579963695e-07,
                0.43773858704611784,
                0.5620674716321946,
                0.0001885525737021197,
                5.024755889608129e-06
            ],
            [
                2.4172697432480964e-08,
                0.037326862384946445,
                0.962672468687942,
                6.23422083499144e-07,
                2.1332330611279053e-08
            ],
            [
                3.0253894450969227e-07,
                1.355885480960702e-06,
                6.076657140651649e-06,
                0.9890054058111023,
                0.010986859107331584
            ],
            [
                2.6294874748335425e-08,
                1.3353626515204532e-07,
                2.682147584295985e-06,
                0.9241391883884325,
                0.07585796963284336
            ]
        ],
        [
            [
                0.9999999998398745,
                1.4930946732421996e-10,
                0.0,
                0.0,
                1.0815941535880002e-11
            ],
            [
                3.553317727959174e-07,
                0.9046436763316014,
                0.09534874146524153,
                7.137029442474129e-06,
                8.984194181030375e-08
            ],
            [
                2.0596915786873326e-09,
                0.0007096703032313364,
                0.999290273267665,
