{
    "[['A', 'B', 'C', 'D', 'E'], ['A', 'B', 'C', 'D', 'E']]": [
        [
            [
                0.9999999992764128,
                5.905303989597101e-10,
                1.2917800027413617e-12,
                0.0,
                1.3176514249239627e-10
            ],
            [
                3.0466194663656166e-06,
                0.18241374933626678,
                0.8175217276767308,
                6.119298778258891e-05,
                2.83379753483262e-07
            ],
            [
                1.5229718667413163e-08,
                1.6701414484222153e-05,
                0.9999832627000554,
                1.7257532148622192e-08,
                3.3982095652754305e-09
            ],
            [
                0.9999999965679329,
                3.3982678055580083e-09,
                3.978962519518617e-12,
                4.1937956411798424e-13,
                2.94007772722655e-11
            ],
            [
                0.9999999995791069,
                4.0586521208158495e-10,
                1.1399918514546217e-12,
                0.0,
                1.38879438455971e-11
            ]
        ],
        [
            [
                0.9999999943628188,
                5.6027964017049344e-09,
                4.508755213459364e-12,
                4.7521930323788e-13,
                2.94007772048139e-11
            ],
            [
                9.36153549395084e-06,
                0.9241315493134472,
                0.07585734451577882,
                1.6267909395351483e-06,
                1.178443404054478e-07
            ],
            [
                1.1243262856898542e-07,
                0.000911051035028736,
                0.9990887756328288,
                4.13616525673947e-08,
                1.9537861238931773e-08
            ],
            [
                0.9999999991699233,
                7.582560416543865e-10,
                1.291780002849314e-12,
                0.0,
                7.052879840538234e-11
            ],
            [
                0.9999999995206437,
                4.5990553733702333e-10,
                1.2917800033023675e-12,
                3.266131339036247e-13,
                1.783247288766553e-11
            ]
        ],
        [
            [
                0.9999999997596714,
                1.691897920561253e-10,
                6.101936670197886e-13,
                0.0,
                7.052879842550325e-11
            ],
            [
                1.270648700222111e-06,
                0.4378043956709462,
                0.5621519720543171,
                4.207810598858015e-05,
                2.8352004797295387e-07
            ],
            [
                0.9999999983443131,
                1.6052280511486179e-09,
                1.658678354742815e-12,
                3.266131334573442e-13,
                4.847368694079591e-11
            ],
            [
                0.9999999978709573,
                2.0611536166710353e-09,
                5.109089013767066e-12,
                5.38494020268589e-13,
                6.224144605491373e-11
            ],
            [
                0.9999999983293764,
                1.6052280512867058e-09,
                2.734698284949621e-12,
                4.193795648193319e-13,
                6.224144607790084e-11
            ]
        ],
        [
            [
                0.9999999994290931,
                5.211412482197425e-10,
                1.29178000337531e-12,
                0.0,
                4.847368700976695e-11
            ],
            [
                3.3866761457912344e-07,
                0.022977336220096133,
                0.9770212063756376,
                1.043169692609494e-06,
                7.556695907812652e-08
            ],
            [
                0.6791786239343158,
                0.3208212653962921,
                6.745054065030148e-08,
                2.3080305801578555e-09,
                4.0910820918601154e-08
            ],
            [
                0.9999999991165942,
                8.592166607106006e-10,
                1.2917800029716302e-12,
                0.0,
                2.2897348424295126e-11
            ],
            [
                0.9999999996030677,
                3.581747924909885e-10,
                1.0060392777740687e-12,
                0.0,
                3.7751345386156855e-11
            ]
        ],
        [
            [
                0.9999999996798621,
                3.1608814516545086e-10,
                5.384940213223797e-13,
                0.0,
                3.5114221104224252e-12
            ],
            [
                3.04276021008558e-06,
                0.8164859998487802,
                0.18218265793100816,
                0.0012275370804425269,
                0.00010076237955890955
            ],
            [
                0.2226978475806647,
                0.7772918863599491,
                1.0110462978518138e-05,
                6.812376368547099e-08,
                8.747264405257413e-08
            ],
            [
                0.9999999995299393,
                4.5990553730032195e-10,
                6.101936670110212e-13,
                0.0,
                9.545034911116301e-12
            ],
            [
                0.9999999994623656,
                5.211412481135119e-10,
                2.1297851681958166e-12,
                4.75219305661283e-13,
                1.3887943846966766e-11
            ]
        ],
        [
            [
                0.9999999965717994,
                3.3982678055711477e-09,
                3.5114220989889543e-12,
                4.752193043299711e-13,
                2.59460948764542e-11
            ],
            [
                2.8828807477175086e-06,
                0.9933017548064503,
                0.006692813269622779,
                2.245189783823873e-06,
                3.038533953137531e-07
            ],
            [
                0.9947798162595005,
                0.0052201254230805835,
                5.288035857887809e-08,
                5.184207936778822e-10,
                4.918639542491072e-09
            ],
            [
                0.9999999942018492,
                5.602796400237393e-09,
                3.0988191180918478e-12,
                5.384940181904509e-13,
                1.9171715009949965e-10
            ],
            [
                0.9999999998452749,
                1.1628233018430618e-10,
                6.914400099929404e-13,
                0.0,
                3.775134540451331e-11
            ]
        ],
        [
            [
                0.9999999996493023,
                3.1608814504892965e-10,
                1.0060392780660956e-12,
                2.8823507899569895e-13,
                3.3315445381355286e-11
            ],
            [
                1.027846395770608e-06,
                0.03732674097252097,
                0.9626693488024383,
                2.1759508369216552e-06,
                7.064278080570813e-07
            ],
            [
                0.999999984755779,
                1.52299794994576e-08,
                3.098819088820185e-12,
                3.266131290191505e-13,
                1.0815941383111852e-11
            ],
            [
                0.9999999992578563,
                6.691586081252727e-10,
                2.129785167760256e-12,
                3.2661313378869444e-13,
                7.05287984053002e-11
            ],
            [
                0.9999999999043303,
                9.056076972333819e-11,
                0.0,
                0.0,
                5.109089018281303e-12
            ]
        ],
        [
            [
                0.9999999991973074,
                7.582560409653704e-10,
                1.6586783549202656e-12,
                0.0,
                4.277787858668425e-11
            ],
            [
                3.719442151638528e-06,
                0.22269835572432573,
                0.7772936349964431,
                3.719442151638528e-06,
                5.703949278461559e-07
            ],
            [
                1.3591970952766304e-06,
                0.008577469222265256,
                0.9914208362683593,
                2.676417769635958e-07,
                6.767050324352983e-08
            ],
            [
                0.9999999990773678,
                4.5990553678940175e-10,
                2.129785165973704e-12,
                6.914400090765754e-13,
                4.5990553678940175e-10
            ],
            [
                0.9999999995123965,
                4.5990553729225394e-10,
                1.4637785123022463e-12,
                2.882350789853383e-13,
                2.5946094950439473e-11
            ]
        ],
        [
            [
                0.9999999990969994,
                8.592166604032845e-10,
                1.0060392775104572e-12,
                0.0,
                4.2777878614306066e-11
            ],
            [
                1.614348956948261e-07,
                0.014063614320487455,
                0.9859356952017154,
                4.972544857225283e-07,
                3.1788415747682544e-08
            ],
            [
                0.999999990656638,
                9.237449567724787e-09,
                1.3887943723271181e-11,
                1.4637784991915935e-12,
                9.05607689727753e-11
            ],
            [
                0.999999992759676,
                7.194132972056209e-09,
                7.433680612142789e-12,
                1.0060392711348609e-12,
                3.7751345137022417e-11
            ],
            [
                0.9999999993070006,
                5.211412480789773e-10,
                2.1297851680546814e-12,
                5.384940210418896e-13,
                1.6918979203104982e-10
            ]
        ],
        [
            [
                0.9999999995189999,
                4.5990553724885855e-10,
                8.878265466560857e-13,
                0.0,
                2.0206839063140627e-11
            ],
            [
                3.0363815849179895e-07,
                0.006688078803000646,
                0.9925988683186124,
                0.0007049183089090234,
                7.830931319334035e-06
            ],
            [
                0.04739376338764523,
                0.9519292330137987,
                0.0006760358808922957,
                4.2368953363336185e-07,
                5.440281299698122e-07
            ],
            [
                0.999999983887498,
                1.5229979491382578e-08,
                2.0206838754108816e-11,
                3.098819087177173e-12,
                8.592166476255075e-10
            ],
            [
                0.9999999997336722,
                2.172439931784554e-10,
                6.101936668351855e-13,
                0.0,
                4.847368698919315e-11
            ]
        ],
        [
            [
                0.9999999993244382,
                6.691586083284939e-10,
                1.1399918516801235e-12,
                1.5428112013456006e-13,
                5.1090890219492624e-12
            ],
            [
                8.922205563406277e-06,
                0.11919823064727184,
                0.8807624619416851,
                2.4253069252783476e-05,
                6.132136226898299e-06
            ],
            [
                3.2240701299362114e-08,
                3.5356255814205e-05,
                0.9999645962446647,
                1.3439923859503602e-08,
                1.8188959022044288e-09
            ],
            [
                0.9999999985356294,
                1.4166087831895171e-09,
                4.508755231302522e-12,
                4.75219305118535e-13,
                4.277787858539791e-11
            ],
            [
                0.9999999996282312,
                3.581747927085002e-10,
                1.139991852026445e-12,
                1.9810087962801167e-13,
                1.2256067433155916e-11
            ]
        ],
        [
            [
                0.9999999997096987,
                2.7894680899440073e-10,
                5.384940212107616e-13,
                0.0,
                1.0815941545944557e-11
            ],
            [
                2.6900479964489153e-06,
                0.4378181258502643,
                0.5621696000452363,
                9.389190079639809e-06,
                1.948664232732344e-07
            ],
            [
                0.9999999985701291,
                1.4166087834004546e-09,
                1.0060392769804049e-12,
                0.0,
                1.2256067416044271e-11
            ],
            [
                0.9999999996998401,
                2.789468089916507e-10,
                1.0060392782185089e-12,
                0.0,
                2.0206839068834928e-11
            ],
            [
                0.9999999938022825,
                5.905303959267136e-10,
                3.0988191179012974e-12,
                1.2917799961067086e-12,
                5.6027963998928696e-09
            ]
        ],
        [
            [
                0.9999999995901512,
                2.1724399325413792e-10,
                8.878265468088913e-13,
                0.0,
                1.9171715115188543e-10
            ],
            [
                1.442802025169358e-07,
                0.001501172862553157,
                0.998492362647475,
                6.134950322208292e-06,
                1.852594471566002e-07
            ],
            [
                0.9999724631310241,
                2.7535689782362207e-05,
                1.9171204586700624e-10,
                1.3887574023145205e-11,
                9.735941033877453e-10
            ],
            [
                0.9999999991022483,
                8.592166605710956e-10,
                7.835041772787583e-13,
                0.0,
                3.775134538363801e-11
            ],
            [
                0.9999999994228113,
                4.0586521214172036e-10,
                1.658678356846942e-12,
                4.75219305684827e-13,
                1.6918979205064382e-10
            ]
        ],
        [
            [
                0.9999999999689406,
                2.940077736666992e-11,
                0.0,
                0.0,
                1.6586783574375497e-12
            ],
            [
                4.1361572979780857e-08,
                0.0009110488488425671,
                0.999086259099067,
                2.2582632135082667e-06,
                3.92427303960406e-07
            ],
            [
                0.9999952048667762,
                4.78509479717148e-06,
                7.582517392387257e-10,
                4.277763589987376e-11,
                9.237397233968681e-09
            ],
            [
                0.9999999976574183,
                2.3355930317651375e-09,
                1.8795288108784306e-12,
                0.0,
                5.109089012676077e-12
            ],
            [
                0.9999999997081057,
                2.789468089657937e-10,
                6.914400098980962e-13,
                0.0,
                1.225606742999139e-11
            ]
        ],
        [
            [
                0.999999999743675,
                2.4616969487876327e-10,
                6.101936670100277e-13,
                0.0,
                9.545034911100759e-12
            ],
            [
                1.0466784000649101e-08,
                5.8291278725899154e-05,
                0.9999415045745881,
                1.8552836253278431e-07,
                8.151539575944773e-09
            ],
            [
                1.493006499675917e-10,
                5.829127726965833e-05,
                0.9999417073055192,
                1.2500790370894167e-09,
                1.7831419789779993e-11
            ],
            [
                0.999999994363753,
                5.602796401144507e-09,
                3.511422090568197e-12,
                5.384940182776352e-13,
                2.9400777201873047e-11
            ],
            [
                0.9999999994003479,
                5.905303991451327e-10,
                1.4637785122686512e-12,
                2.244777052172777e-13,
                7.433680662920255e-12
            ]
        ],
        [
            [
                4.139937489503469e-08,
                1.691897828912941e-10,
                1.5737101235296772e-11,
                1.344040920676633e-08,
                0.9999999449752889
            ],
            [
                7.299338377337955e-07,
                0.005219717877924256,
                0.9947022099682914,
                7.445527561574448e-05,
                2.8869443308930204e-06
            ],
            [
                0.0474247907659243,
                0.9525524013332489,
                2.0427884359259285e-05,
                2.2693329663062553e-07,
                2.1530831709053655e-06
            ],
            [
                0.9999999996870463,
                2.789468089880819e-10,
                6.91440009953343e-13,
                0.0,
                3.331544538597629e-11
            ],
            [
                0.9999999998379594,
                1.4930946745015152e-10,
                4.752193057374274e-13,
                0.0,
                1.2256067430180749e-11
            ]
        ],
        [
            [
                0.9999999997423228,
                2.4616969476937995e-10,
                6.91440009536352e-13,
                0.0,
                1.0815941539176713e-11
            ],
            [
                6.80859609114388e-08,
                0.002472575924885528,
                0.9975084412064505,
                1.666008533548614e-05,
                2.254697367624154e-06
            ],
            [
                0.9980732587606421,
                0.0019267343277105282,
                6.336569528881249e-09,
                1.1605831928434543e-10,
                4.59019557102799e-10
            ],
            [
                0.9999999926647908,
                7.194132972099917e-09,
                8.423463686293634e-12,
                8.878265406603724e-13,
                1.3176514163451803e-10
            ],
            [
                0.9999999965829336,
                3.3982678045743425e-09,
                2.734698279584672e-12,
                3.2661313284468886e-13,
                1.573710203776622e-11
            ]
        ],
        [
            [
                0.999999998857334,
                1.1032560303446476e-09,
                1.6586783559089972e-12,
                0.0,
                3.775134537439217e-11
            ],
            [
                2.2934241398447037e-07,
                0.03732657702010569,
                0.9626650486959373,
                7.594777692393253e-06,
                5.501638507661203e-07
            ],
            [
                0.999999974872652,
                2.51099909049174e-08,
                3.0988190581941616e-12,
                3.701011582416093e-13,
                1.388794350406407e-11
            ],
            [
                0.9999999992202451,
                7.582560415484305e-10,
                1.2917800026688053e-12,
                0.0,
                2.0206839057103736e-11
            ],
            [
                0.9999999980737491,
                1.818961682042489e-09,
                3.978962523782945e-12,
                6.914400085992981e-13,
                1.0261879600613456e-10
            ]
        ],
        [
            [
                0.9999999995751603,
                4.058652121264155e-10,
                8.878265467059465e-13,
                2.5436656441107125e-13,
                1.7832472885248488e-11
            ],
            [
                2.2496542005141983e-06,
                0.11886890535622043,
                0.8783291134134368,
                0.00279552866877654,
                4.2029073657310694e-06
            ],
            [
                0.008576381750961487,
                0.9912949558446006,
                0.0001223355147031663,
                2.3616310036627307e-07,
                6.090726634344364e-06
            ],
            [
                0.9999999993093427,
                6.691586083183927e-10,
                1.2917800032206188e-12,
                0.0,
                2.020683906573555e-11
            ],
            [
                0.9999999997694939,
                2.1724399334461083e-10,
                1.00603927852713e-12,
                0.0,
                1.2256067434887242e-11
            ]
        ],
        [
            [
                0.9999999991909712,
                7.582560416703461e-10,
                1.8795288137607875e-12,
                4.1937956521803287e-13,
                4.847368699104937e-11
            ],
            [
                8.027449767247959e-07,
                0.1480464461401435,
                0.8519484714737924,
                4.076675371799885e-06,
                2.0296571544938803e-07
            ],
            [
                0.9999999965799788,
                3.3982678061019453e-09,
                1.2917799996948812e-12,
                2.543665637351923e-13,
                2.0206839010583735e-11
            ],
            [
                0.9999999664667181,
                3.2241866263688955e-08,
                3.7751344144427886e-11,
                3.511421992609932e-12,
                1.250152823390862e-09
            ],
            [
                0.9999999992341775,
                7.58256041762728e-10,
                1.0060392779187726e-12,
                0.0,
                6.560200159255832e-12
            ]
        ],
        [
            [
                0.9999999997154689,
                2.7894680896784766e-10,
                4.752193057335843e-13,
                0.0,
                5.109089022219816e-12
            ],
            [
                2.366405744061772e-07,
                0.006692793828881151,
                0.9932988964303968,
                7.836459573225115e-06,
                2.366405744061772e-07
            ],
            [
                9.237291521666804e-09,
                1.6701414865868972e-05,
                0.9999832847055131,
                4.3633875527535505e-09,
                2.789420338635044e-10
            ],
            [
                0.9999999973448528,
                2.6465736293053173e-09,
                1.1399918489075902e-12,
                0.0,
                7.433680645377092e-12
            ],
            [
                0.9999999995269508,
                4.5990553719990047e-10,
                8.878265465615745e-13,
                0.0,
                1.2256067426369007e-11
            ]
        ],
        [
            [
                0.9999999997792446,
                2.1724399315219416e-10,
                0.0,
                0.0,
                3.5114221076270346e-12
            ],
            [
                5.661183268584297e-08,
                5.4787484824518174e-05,
                0.9398374743244111,
                0.06008180180359176,
                2.5879775339908305e-05
            ],
            [
                0.8807967656745918,
                0.11920287650171647,
                1.634223045885215e-07,
                9.219655533694822e-09,
                1.8518173164109886e-07
            ],
            [
                0.9999999906636584,
                9.237449567789638e-09,
                1.783247272633437e-11,
                1.139991841421502e-12,
                7.99195981147144e-11
            ],
            [
                0.9999999997510467,
                2.46169694933594e-10,
                3.7010116748649785e-13,
                0.0,
                2.413362769402452e-12
            ]
        ],
        [
            [
                0.9999999988326194,
                1.1032560302190836e-09,
                1.4637785113072031e-12,
                4.1937956503038177e-13,
                6.224144610922341e-11
            ],
            [
                1.7568210423947156e-06,
                0.11919379264590345,
                0.8807296044363707,
                6.592422325682336e-05,
                8.921873426615879e-06
            ],
            [
                6.823820073750203e-08,
                0.0002611903010305002,
                0.9997387053775891,
                3.223344364762321e-08,
                3.8497358522936774e-09
            ],
            [
                0.9999999987402837,
                1.2501528637377523e-09,
                1.139991850628789e-12,
                0.0,
                8.423463736619891e-12
            ],
            [
                0.9999999992294997,
                7.582560415554479e-10,
                1.1399918511864912e-12,
                2.8823507887469713e-13,
                1.0815941539658768e-11
            ]
        ],
        [
            [
                0.9999999994653108,
                5.211412482705296e-10,
                1.2917800035011986e-12,
                0.0,
                1.2256067431909665e-11
            ],
            [
                2.0610477606937386e-09,
                8.763798083850424e-08,
                3.535565115602467e-05,
                0.999947853822759,
                1.6700827056485248e-05
            ],
            [
                5.315592962007592e-08,
                3.535625555182523e-05,
                0.9999645883102033,
                2.061079062577212e-09,
                2.1723613495633238e-10
            ],
            [
                0.9999999803896908,
                1.9555680691271692e-08,
                1.5737101787722846e-11,
                1.1399918299259275e-12,
                3.775134467721379e-11
            ],
            [
                0.9999999998168367,
                1.493094674469977e-10,
                5.384940211524826e-13,
                0.0,
                3.331544538312537e-11
            ]
        ],
        [
            [
                0.9999999991237543,
                8.592166600903738e-10,
                1.2917800020391569e-12,
                0.0,
                1.5737102073399548e-11
            ],
            [
                2.2557295408930546e-06,
                0.22267603037208597,
                0.7772156883591657,
                9.591606077827755e-05,
                1.0109478429059103e-05
            ],
            [
                0.9999952145706462,
                4.78509484298532e-06,
                2.461683003794967e-10,
                8.42341602696736e-12,
                7.991914610361497e-11
            ],
            [
                0.999999995405574,
                4.3634622299762495e-09,
                1.2256067379588638e-11,
                1.4637785064211872e-12,
                2.172439923644196e-10
            ],
            [
                0.9999999976332605,
                2.3355930312648165e-09,
                4.508755227749778e-12,
                6.914400084634652e-13,
                2.5946094899063702e-11
            ]
        ],
        [
            [
                0.9999999994623379,
                5.211412480608828e-10,
                7.835041774119785e-13,
                0.0,
                1.5737102084880075e-11
            ],
            [
                4.6868623826958766e-08,
                0.0009110453800118023,
                0.9990824635573737,
                6.138572463690631e-06,
                3.0562152693085245e-07
            ],
            [
                0.9999970974614679,
                2.902312198177474e-06,
                1.0261840815062839e-10,
                7.43365255367317e-12,
                1.1628189045206475e-10
            ],
            [
                0.9999999880939582,
                1.1861120004669845e-08,
                6.56020008703069e-12,
                6.101936602149097e-13,
                3.775134497595983e-11
            ],
            [
                0.999999998858325,
                8.592166600999142e-10,
                3.511422105948818e-12,
                0.0,
                2.7894680869683765e-10
            ]
        ],
        [
            [
                0.9999999990955875,
                8.59216660303774e-10,
                1.879528813009267e-12,
                5.384940207640942e-13,
                4.277787860935173e-11
            ],
            [
                3.0102681565873247e-07,
                0.014036889168102239,
                0.984061932875137,
                0.0018996863457934696,
                1.1905841515867563e-06
            ],
            [
                0.01079142899708786,
                0.017792058272982164,
                0.9714136597088633,
                9.153099298798814e-07,
                1.937711136761455e-06
            ],
            [
                0.9999999990162185,
                5.211412477687712e-10,
                2.734698286238972e-12,
                0.0,
                4.5990553696501183e-10
            ],
            [
                0.9999999983648469,
                1.6052280509979358e-09,
                3.978962525457029e-12,
                0.0,
                2.5946094915077192e-11
            ]
        ],
        [
            [
                0.999999999710361,
                2.46169694898725e-10,
                6.914400098996555e-13,
                0.0,
                4.277787864054437e-11
            ],
            [
                2.1820600334945067e-06,
                0.8519383560531174,
                0.148044681356884,
                1.4228818788119145e-05,
                5.517111768904426e-07
            ],
            [
                0.9999993521522977,
                6.47594613981375e-07,
                7.991960065626454e-11,
                3.978962621805826e-12,
                1.6918979591699036e-10
            ],
            [
                0.9999999968984505,
                2.335593030338206e-09,
                6.560200144388202e-12,
                1.1399918489145174e-12,
                7.582560400442634e-10
            ],
            [
                0.9999999990907766,
                5.905303989623214e-10,
                2.1297851675941708e-12,
                4.752193055270378e-13,
                3.160881449324615e-10
            ]
        ],
        [
            [
                0.9999999997043505,
                2.461696949633879e-10,
                1.0060392783917852e-12,
                0.0,
                4.8473687019746156e-11
            ],
            [
                1.2708128395744387e-07,
                0.003171852778760718,
                0.9965665944493505,
                0.000260361652041683,
                1.0640385632352695e-06
            ],
            [
                0.9770225821588184,
                0.02297736666631069,
                4.5833760193839223e-08,
                1.0779067238639777e-09,
                4.263203793033996e-09
            ],
            [
                0.9999999993741255,
                5.905303988732998e-10,
                1.6586783560461602e-12,
                3.70101167219314e-13,
                3.331544536405737e-11
            ],
            [
                0.9999999996163786,
                3.5817479258316485e-10,
                2.129785168308807e-12,
                4.193795653167336e-13,
                2.2897348427997835e-11
            ]
        ],
        [
            [
                0.9999999995614304,
                7.99195988338895e-11,
                4.752193057083606e-13,
                0.0,
                3.581747925996453e-10
            ],
            [
                6.895502935672016e-07,
                0.06007112813186016,
                0.939670462837157,
                0.0002454969092826991,
                1.222257140655703e-05
            ],
            [
                0.14202256026850738,
                0.8172833549353848,
                0.04069014416958982,
                2.093297743208284e-06,
                1.8473287745686345e-06
            ],
            [
                0.9999999997107245,
                2.789468089665242e-10,
                7.835041776065905e-13,
                0.0,
                9.54503491187823e-12
            ],
            [
                0.9999999994669027,
                5.211412480632617e-10,
                1.1399918514571287e-12,
                0.0,
                1.0815941542226507e-11
            ]
        ],
        [
            [
                0.9999999995864779,
                3.581747926405292e-10,
                4.1937956538390036e-13,
                0.0,
                5.492788345007748e-11
            ],
            [
                3.905943875353136e-07,
                0.001495049163439672,
                0.994419269537569,
                0.004063964973630957,
                2.1325730972757136e-05
            ],
            [
                0.9999994899561939,
                5.043472018625352e-07,
                7.991960214279422e-11,
                1.3887944423343997e-11,
                5.602796662803828e-09
            ],
            [
                0.9999999998577715,
                1.1628233014030035e-10,
                0.0,
                0.0,
                2.594609494663781e-11
            ],
            [
                0.9999999995445212,
                4.058652120675478e-10,
                1.1399918514151943e-12,
                0.0,
                4.847368699342887e-11
            ]
        ],
        [
            [
                0.9999999996327102,
                3.581747925890144e-10,
                6.914400098459647e-13,
                0.0,
                8.423463744137215e-12
            ],
            [
                4.1356129045108675e-08,
                0.0003351121845721536,
                0.9989550219212484,
                0.0007094321620226622,
                3.923760275943453e-07
            ],
            [
                2.877417353957707e-06,
                0.008577460373967248,
                0.9914194830820462,
                1.2642489528768038e-07,
                5.2701737187266375e-08
            ],
            [
                0.9999999926802735,
                7.194132973917137e-09,
                8.42346368842138e-12,
                8.878265408846351e-13,
                1.1628232939045531e-10
            ],
            [
                0.9999999985332588,
                1.4166087825586172e-09,
                1.658678354131681e-12,
                0.0,
                4.847368692293595e-11
            ]
        ],
        [
            [
                0.9999999996153899,
                1.9171715118888005e-10,
                8.878265469802103e-13,
                2.882350790633691e-13,
                1.9171715118888005e-10
            ],
            [
                9.361535864117847e-06,
                0.9241309735986972,
                0.07585729333055413,
                2.0888409965958846e-06,
                2.8269388791055234e-07
            ],
            [
                0.9999989320860048,
                1.0677030755740886e-06,
                3.7751276400156317e-11,
                3.978955258797085e-12,
                1.6918948283389188e-10
            ],
            [
                0.9999999980943233,
                1.8189616825238107e-09,
                5.789356312723699e-12,
                1.0060392765017256e-12,
                7.991959870857015e-11
            ],
            [
                0.9999999993156616,
                6.69158608019841e-10,
                1.2917800026442785e-12,
                0.0,
                1.3887943841938387e-11
            ]
        ],
        [
            [
                0.99999999968685,
                2.789468088508141e-10,
                8.878265464580241e-13,
                0.0,
                3.331544536958199e-11
            ],
            [
                3.221236277625731e-08,
                0.0009110479445302403,
                0.9990851600988134,
                3.7232429044239133e-06,
                3.6501389049543386e-08
            ],
            [
                0.9999921106755577,
                7.889265042100926e-06,
                4.277755452003273e-11,
                2.734677568119019e-12,
                1.3887838622484953e-11
            ],
            [
                0.9999999998449676,
                1.3176514258061506e-10,
                3.7010116752125806e-13,
                0.0,
                2.2897348435543645e-11
            ],
            [
                0.9999999993001465,
                6.691586080860129e-10,
                1.006039277714831e-12,
                2.8823507889506e-13,
                2.940077734700685e-11
            ]
        ],
        [
            [
                0.9999999991590467,
                6.691586080591534e-10,
                2.1297851675498124e-12,
                4.752193055171401e-13,
                1.6918979199094314e-10
            ],
            [
                5.131228657471313e-08,
                3.011953592342092e-05,
                0.14803061002449974,
                0.8518573457401082,
                8.187338718225451e-05
            ],
            [
                0.9041961789201722,
                0.09530156545920646,
                0.0005000968338525776,
                3.551559633433481e-07,
                1.8036308054108898e-06
            ],
            [
                0.9999999671389226,
                3.224186628861724e-08,
                2.5946094110474248e-11,
                2.7346981996531405e-12,
                5.905303800411654e-10
            ],
            [
                0.9999999997108167,
                2.7894680885749954e-10,
                6.914400096296617e-13,
                0.0,
                9.54503490814761e-12
            ]
        ],
        [
            [
                4.363462230896204e-09,
                1.3887943794791669e-11,
                1.139991847284258e-12,
                3.5817479121854933e-10,
                0.9999999952633349
            ],
            [
                1.274632585238652e-07,
                7.481907573386546e-05,
                0.0003353158339692607,
                0.9995622132272683,
                2.7524399769938245e-05
            ],
            [
                0.0002583204680272988,
                0.010984060919820349,
                0.9887537305859863,
                2.5324847572316796e-06,
                1.355541408858397e-06
            ],
            [
                0.9999999906852809,
                9.237449569745027e-09,
                1.388794372630849e-11,
                1.1399918416628162e-12,
                6.224144560766684e-11
            ],
            [
                0.9999999997164304,
                1.9171715123329427e-10,
                1.29178000382559e-12,
                0.0,
                9.0560769829399e-11
            ]
        ],
        [
            [
                0.9999999998124007,
                1.4930946747849124e-10,
                5.384940212660661e-13,
                0.0,
                3.7751345407083665e-11
            ],
            [
                1.1643883207649743e-06,
                0.03731668847639791,
                0.9624100699931476,
                0.00025143786530595896,
                2.063927682763569e-05
            ],
            [
                6.916888167448442e-05,
                0.07585285380016861,
                0.924077015925096,
                3.629649792376571e-07,
                5.984280817883557e-07
            ],
