{
    "[['A', 'B', 'C', 'D', 'E'], ['A', 'B', 'C', 'D', 'E']]": [
        [
            [
                0.4481888584483422,
                0.35945310445211687,
                6.246259199786282e-06,
                0.0003249078996657875,
                0.19202688294067546
            ],
            [
                3.2401037326399245e-05,
                0.9999432191037702,
                8.512097939068348e-06,
                1.5867760964353503e-05,
                0.0
            ],
            [
                0.0,
                0.055180562244303205,
                0.9284562473055795,
                0.0163574173989629,
                5.773051154303594e-06
            ],
            [
                0.09402109665423376,
                0.11396142222408386,
                1.884630113846024e-05,
                0.00591176474216719,
                0.7860868700783767
            ],
            [
                0.3953896419540055,
                0.11618393453265338,
                2.8077612673901174e-05,
                0.001420189023401271,
                0.48697815687726603
            ]
        ],
        [
            [
                0.10473009971264283,
                0.756187534503234,
                8.051864993905248e-06,
                0.001194766133297183,
                0.13787954778583222
            ],
            [
                0.0006065482182089519,
                0.9993868125045735,
                1.8971622700154418e-06,
                4.742114947408046e-06,
                0.0
            ],
            [
                7.130656910205058e-06,
                0.4153322675018827,
                0.5703019825408477,
                0.014355958528207213,
                2.6607721521976617e-06
            ],
            [
                0.1934709873270279,
                0.033614198185137605,
                1.50001773104602e-05,
                0.0008222833319446955,
                0.7720775309785793
            ],
            [
                0.015966558659756713,
                0.0179173129837606,
                5.162999609087975e-06,
                0.001034768832160432,
                0.9650761965247132
            ]
        ],
        [
            [
                0.07121987506003741,
                0.18492265961098361,
                6.932726079765555e-05,
                0.013779085837296708,
                0.7300090522308846
            ],
            [
                0.00022016319306622113,
                0.9997499646030554,
                2.7414529622051583e-06,
                2.3163275178872942e-05,
                3.967475737267652e-06
            ],
            [
                1.7064350720673804e-05,
                0.7242698726621477,
                0.0189010874080241,
                0.2567714154908923,
                4.0560088215087705e-05
            ],
            [
                0.1601655334758082,
                0.1576841946275761,
                4.01900416033125e-05,
                0.009357117322080532,
                0.6727529645329319
            ],
            [
                0.0018829644915195245,
                0.014586805571101506,
                4.887493415446146e-05,
                0.004527754368088621,
                0.9789536006351359
            ]
        ],
        [
            [
                0.08282115745539408,
                0.10537529897584175,
                0.00012093474862237986,
                0.0343771484216939,
                0.7773054603984478
            ],
            [
                0.00034925298846812515,
                0.9996424091772901,
                2.345306870405669e-06,
                5.992527371348297e-06,
                0.0
            ],
            [
                1.7528657102554671e-06,
                0.004625508997163594,
                0.9953452560340019,
                2.748210312426273e-05,
                0.0
            ],
            [
                0.0005278304979145128,
                0.9994616826633712,
                9.1971697281783e-07,
                8.86232110010919e-06,
                7.04800641262061e-07
            ],
            [
                0.3246147425474299,
                0.02374807825314775,
                2.8924679439082995e-05,
                0.0021106224659686195,
                0.6494976320540147
            ]
        ],
        [
            [
                0.017699378271818802,
                0.07709556951570615,
                5.0763733495341e-05,
                0.005908601751036325,
                0.8992456867279434
            ],
            [
                0.02657632992464116,
                0.5063106668375268,
                0.00010544037699135256,
                0.08562498891964943,
                0.38138257394119124
            ],
            [
                1.2024449569057632e-06,
                0.000922757018608133,
                0.9990726168155145,
                3.423720920407112e-06,
                0.0
            ],
            [
                0.0004202285865437713,
                0.999567073833963,
                1.5495203274893776e-06,
                1.1148059165726072e-05,
                0.0
            ],
            [
                0.014324377169544208,
                0.009848784859830232,
                1.2913530815365409e-05,
                0.0002367244158113118,
                0.9755772000239988
            ]
        ],
        [
            [
                0.0015860198885951104,
                0.0037038123839947586,
                6.576529944761905e-06,
                0.00043106472041833614,
                0.994272526477047
            ],
            [
                0.00045664612026154037,
                0.9995300291422105,
                2.8021437157410468e-06,
                1.0522593812202052e-05,
                0.0
            ],
            [
                1.707709832687231e-05,
                0.9999516599840874,
                7.998762056292732e-06,
                2.32641555294652e-05,
                0.0
            ],
            [
                0.5166745712950898,
                0.15105557078003856,
                2.3298329588144377e-05,
                0.0010257011089796254,
                0.3312208584863038
            ],
            [
                0.04404356256784726,
                0.10352059749238449,
                2.2062388513671036e-05,
                0.00108429792356521,
                0.8513294796276895
            ]
        ],
        [
            [
                0.06754354824450932,
                0.5878725770544627,
                4.131690044528035e-05,
                0.005483586452514666,
                0.33905897134806795
            ],
            [
                0.0046613398990945475,
                0.9953198798896605,
                1.002161951438948e-06,
                1.649525259158913e-05,
                1.2827967018586884e-06
            ],
            [
                0.0,
                0.000242770336160801,
                0.9997414127023256,
                1.5816961513696905e-05,
                0.0
            ],
            [
                0.08787915840876531,
                0.042174774045629096,
                2.6950863828770922e-05,
                0.014798869176753627,
                0.8551202475050232
            ],
            [
                0.4449708486594622,
                0.01697513463598133,
                2.6931399776971825e-05,
                0.006429261020649259,
                0.5315978242841303
            ]
        ],
        [
            [
                0.02691297391370645,
                0.008136807238771242,
                5.702850576344337e-06,
                0.00048022471516503913,
                0.9644642912817809
            ],
            [
                0.0011315380020533782,
                0.9988632448564707,
                1.2335609278632945e-06,
                3.98358054807851e-06,
                0.0
            ],
            [
                1.9439586522710453e-06,
                0.0074115052580922955,
                0.9925714893793868,
                1.5061403868757124e-05,
                0.0
            ],
            [
                0.4492969334443608,
                0.24879064602578868,
                4.494618346524388e-05,
                0.005553809407887649,
                0.2963136649384977
            ],
            [
                0.02763831659527119,
                0.04726818711597613,
                1.5498988618384673e-05,
                0.007921788431457681,
                0.9171562088686765
            ]
        ],
        [
            [
                0.01131956047020185,
                0.10517464396471182,
                0.00017044071493780953,
                0.29387730323679495,
                0.5894580516133536
            ],
            [
                7.00656204424592e-05,
                0.999914402454377,
                1.307287314333848e-06,
                1.3858215557583273e-05,
                3.6642230857895123e-07
            ],
            [
                8.198401730984357e-06,
                0.9994884882335257,
                7.304906344761473e-06,
                0.0004909211991657319,
                5.087259232883282e-06
            ],
            [
                0.0007603138619963632,
                0.9991949027718167,
                1.7834796655822727e-06,
                4.195565907703117e-05,
                1.0442274443861542e-06
            ],
            [
                0.019536731460440205,
                0.08545577750700889,
                2.7736677569232983e-05,
                0.006014372120363791,
                0.888965382234618
            ]
        ],
        [
            [
                0.12526629250465451,
                0.05385098588299938,
                7.31701084719015e-06,
                0.0006052035758049501,
                0.8202702010256939
            ],
            [
                0.00012784744962029526,
                0.9998479614614175,
                7.142699265652876e-06,
                1.7048389696565097e-05,
                0.0
            ],
            [
                5.691146613143608e-06,
                0.999919280479091,
                1.9383123050001866e-05,
                5.5645251245821084e-05,
                0.0
            ],
            [
                0.17728200606475888,
                0.0707099726831237,
                0.00011503478930100616,
                0.008586045930852854,
                0.7433069405319636
            ],
            [
                0.15044083224881963,
                0.033782927309258325,
                1.3642307977552697e-05,
                0.0016395784492995117,
                0.814123019684645
            ]
        ],
        [
            [
                0.5236946020143516,
                0.11861646786208635,
                1.2204398359435206e-05,
                0.001452660683429363,
                0.35622406504177323
            ],
            [
                0.0006453930115764455,
                0.9993379521164977,
                1.4885023072294998e-06,
                1.5166369618583702e-05,
                0.0
            ],
            [
                1.1027001447625653e-05,
                0.4794856481808905,
                0.39995491692740043,
                0.12051894531148469,
                2.9462578776772335e-05
            ],
            [
                0.0001989799361054894,
                0.9997896652140205,
                2.4525063362714033e-06,
                8.370775194565268e-06,
                5.315683432025461e-07
            ],
            [
                0.1760743289319399,
                0.0355928580907352,
                1.9132626687864413e-05,
                0.000442351927480614,
                0.7878713284231564
            ]
        ],
        [
            [
                0.0038527681193994277,
                0.00930597048679439,
                3.846495449846363e-06,
                0.0006298643388145812,
                0.9862075505595417
            ],
            [
                7.63924616335542e-06,
                0.999962344536383,
                4.620084193331276e-06,
                2.5396133260378486e-05,
                0.0
            ],
            [
                4.753724695691337e-06,
                0.022412341752895262,
                0.9775797770802865,
                3.1274421226037863e-06,
                0.0
            ],
            [
                0.26580269261245953,
                0.10469994707476786,
                3.765636101980256e-05,
                0.0037749340501229064,
                0.6256847699016299
            ],
            [
                0.01306105938210541,
                0.09777415097095976,
                6.981602137953106e-05,
                0.008814927904664743,
                0.8802800457208906
            ]
        ],
        [
            [
                0.01845862236594388,
                0.06653484518856984,
                7.830326315875962e-05,
                0.08085494915809079,
                0.8340732800242368
            ],
            [
                0.01977655734592753,
                0.7928321414038869,
                5.5805785276630436e-05,
                0.053598123804863756,
                0.13373737166004498
            ],
            [
                1.2808032452456907e-05,
                0.9952374037398339,
                0.0004903747081907136,
                0.004257721808410163,
                1.6917111127405288e-06
            ],
            [
                0.009913601735119204,
                0.2071995523271014,
                2.8310212514987685e-05,
                0.016529201868079182,
                0.7663293338571852
            ],
            [
                0.1565462122838072,
                0.13820432841909147,
                2.4081163359193345e-05,
                0.002832596982580643,
                0.7023927811511614
            ]
        ],
        [
            [
                0.010276823044115454,
                0.004572696935320463,
                3.982291294784018e-05,
                0.006311195816077254,
                0.9787994612915389
            ],
            [
                1.9453768548377068e-05,
                0.9999732578253987,
                2.894437544484126e-06,
                4.393968508466206e-06,
                0.0
            ],
            [
                1.7999601629780876e-06,
                0.003276557255695635,
                0.9967138705665111,
                7.772217630418782e-06,
                0.0
            ],
            [
                0.13534704971460745,
                0.20988530879238856,
                5.97536034243775e-05,
                0.010111937113306423,
                0.6445959507762731
            ],
            [
                0.01922907691356611,
                0.07660131594471305,
                1.5627235150377653e-05,
                0.0014462879739734087,
                0.902707691932597
            ]
        ],
        [
            [
                0.0048616093531670575,
                0.9951276507530605,
                2.039016950509023e-06,
                8.700876821876427e-06,
                0.0
            ],
            [
                0.0003414177420441955,
                0.999650404195814,
                1.516336574628602e-06,
                6.06005440343248e-06,
                6.016711637737661e-07
            ],
            [
                1.0102855684652076e-05,
                0.2675379287370359,
                0.41177796161474456,
                0.32064100921585126,
                3.299757668354631e-05
            ],
            [
                0.24305550066078574,
                0.44043764606167535,
                8.970639807709356e-05,
                0.007676987480335547,
                0.30874015939912625
            ],
            [
                0.028879050948915526,
                0.035826876487079634,
                9.92909593978034e-06,
                0.00017252746317089274,
                0.9351116160048941
            ]
        ],
        [
            [
                0.05436932945181623,
                0.006402459401463506,
                4.262246961639185e-06,
                0.00041361015558256237,
                0.9388103387441761
            ],
            [
                2.57956171301778e-05,
                0.9999650659198297,
                2.830936565620373e-06,
                6.307526474450879e-06,
                0.0
            ],
            [
                2.1575875654949205e-05,
                0.164782311157015,
                0.8351961129673301,
                0.0,
                0.0
            ],
            [
                0.04603617205691245,
                0.018531738125927833,
                7.331950036598249e-06,
                0.0006000833219696979,
                0.9348246745451534
            ],
            [
                0.17545016113472328,
                0.398761433246357,
                0.0002849642117051062,
                0.14402135978799996,
                0.28148208161921473
            ]
        ],
        [
            [
                0.02422353924803145,
                0.007569594933707301,
                3.328650063890312e-06,
                0.0012698966974858874,
                0.9669336404707115
            ],
            [
                0.00015290271476352168,
                0.9998314105357996,
                5.915351737049498e-07,
                1.4697095187044751e-05,
                3.9811907617904975e-07
            ],
            [
                0.0,
                0.9953947830150951,
                0.0004277782840138198,
                0.004173903772530711,
                3.534928360434673e-06
            ],
            [
                0.07246344812688663,
                0.19625734500022607,
                5.3658857319511295e-05,
                0.00918562048877029,
                0.7220399275267976
            ],
            [
                0.04115131842451185,
                0.08494343514520139,
                8.352895498743202e-06,
                0.001305696566869764,
                0.8725911969679183
            ]
        ],
        [
            [
                0.40879037268022755,
                0.16843335617767924,
                1.8087846311703506e-05,
                0.01043966255128401,
                0.41231852074449743
            ],
            [
                0.0005389258994323589,
                0.9994340392256854,
                2.027983771739348e-06,
                2.4656192441280917e-05,
                3.50698669247531e-07
            ],
            [
                0.00013916795350107797,
                0.9998571920118413,
                2.5412205631791797e-06,
                1.0988140944588694e-06,
                0.0
            ],
            [
                0.17418831161753054,
                0.5506528937706171,
                6.075989208817683e-05,
                0.007534320303065898,
                0.26756371441669835
            ],
            [
                0.016428297278796508,
                0.009507132361313229,
                1.6194627813215085e-05,
                0.002385541855913825,
                0.9716628338761633
            ]
        ],
        [
            [
                0.1468012657886588,
                0.23829658508960716,
                0.0002437763283196364,
                0.0882354084395773,
                0.5264229643538371
            ],
            [
                0.0021759618944203695,
                0.9977945168025796,
                5.204339496183e-06,
                2.1965648386484376e-05,
                2.351315117439758e-06
            ],
            [
                2.408636551334238e-06,
                0.00507821368068655,
                0.9948663447555544,
                5.1954941902328917e-05,
                1.0779853054364818e-06
            ],
            [
                0.009920202424435759,
                0.03252684429716799,
                3.260517459745957e-05,
                0.002510426670081604,
                0.9550099214337172
            ],
            [
                0.03220255926833475,
                0.05848729959776128,
                4.498618347591288e-05,
                0.0024416949011401012,
                0.906823460049288
            ]
        ],
        [
            [
                0.02462713518043153,
                0.020118608667666817,
                2.016206099990907e-05,
                0.002755041183505627,
                0.9524790529073961
            ],
            [
                0.000146021858014762,
                0.9998459837570742,
                2.000739421397281e-06,
                5.993645489587526e-06,
                0.0
            ],
            [
                1.6423018630104737e-05,
                0.5439224515335134,
                0.011439996119690784,
                0.4445385984152022,
                8.253091296356869e-05
            ],
            [
                0.01564347540823178,
                0.01920195166783317,
                1.1590330839702303e-05,
                0.0005752058071388808,
                0.9645677767859565
            ],
            [
                0.08401787554866647,
                0.005874132445966831,
                7.292555689949768e-06,
                0.0001908996809309514,
                0.9099097997687458
            ]
        ],
        [
            [
                0.07961281394836196,
                0.062455565952753644,
                4.751260945999928e-05,
                0.07294417766803965,
                0.7849399298213847
            ],
            [
                0.000675730983189479,
                0.9993177057738127,
                7.462553411183581e-07,
                5.816987656618136e-06,
                0.0
            ],
            [
                0.0,
                0.19216026031074826,
                0.7968028797269591,
                0.011032029483015508,
                4.830479277169178e-06
            ],
            [
                0.001018503560420224,
                0.0013772206580795346,
                1.0625191428090296e-05,
                0.0021630884803121933,
                0.99543056210976
            ],
            [
                0.030204934185903223,
                0.053465104816403035,
                1.451434939683254e-05,
                0.0008205991741882943,
                0.9154948474741086
            ]
        ],
        [
            [
                0.46886934130551683,
                0.060780362301540096,
                2.1613253777423038e-05,
                0.0028771449002127926,
                0.4674515382389528
            ],
            [
                5.740264788666157e-05,
                0.999874776531479,
                3.6615275828139105e-06,
                6.337132250487453e-05,
                7.879705465410343e-07
            ],
            [
                7.22337366347599e-06,
                0.9582388480444396,
                0.024994615738110296,
                0.0167551643674867,
                4.148476299923643e-06
            ],
            [
                0.05084102089582121,
                0.3368255796108055,
                6.636599525593103e-05,
                0.031337721343755176,
                0.5809293121543622
            ],
            [
                0.10324811637329305,
                0.04906467806882744,
                3.419358889546409e-05,
                0.007255532550914469,
                0.8403974794180696
            ]
        ],
        [
            [
                0.2938577732879286,
                0.06708133148448214,
                1.6810993794916626e-05,
                0.0012908194973772998,
                0.637753264736417
            ],
            [
                0.1131511505264357,
                0.04092009817115683,
                7.786918568398641e-06,
                0.00043518325540181483,
                0.8454857811284372
            ],
            [
                1.5812539035227804e-05,
                0.008286770737239164,
                0.00013544087999592752,
                0.8685156206173149,
                0.12304635522641474
            ],
            [
                0.00033201841239901506,
                0.9996549892545669,
                1.5307800260107493e-06,
                1.0544015274594783e-05,
                9.175377333902935e-07
            ],
            [
                0.5380195847912932,
                0.13832933007785395,
                4.3106330726541345e-05,
                0.0039074238382300385,
                0.31970055496189625
            ]
        ],
        [
            [
                0.04989613973255508,
                0.1086703882374428,
                5.002680284385723e-05,
                0.015270298080416769,
                0.8261131471467414
            ],
            [
                0.000577262170683007,
                0.9994132118245438,
                1.3301875294961855e-06,
                8.195817243848704e-06,
                0.0
            ],
            [
                4.975571589076472e-05,
                0.5303181720524747,
                0.4695221476126103,
                0.00010992461902422145,
                0.0
            ],
            [
                0.5494546215275091,
                0.25954940826030437,
                5.047617652160128e-05,
                0.004811801248434965,
                0.18613369278722988
            ],
            [
                0.3483671652408043,
                0.07934104105829062,
                2.8288190350814576e-05,
                0.004618281362754645,
                0.5676452241477996
            ]
        ],
        [
            [
                0.08671099464141407,
                0.01390200797337257,
                2.619041123012537e-06,
                9.405373493646726e-05,
                0.8992903246091539
            ],
            [
                0.22879287550566604,
                0.05639710475761365,
                1.118953204129744e-05,
                0.0012881320208657713,
                0.7135106981838133
            ],
            [
                9.104769652157902e-07,
                0.0015381211541863784,
                0.9984545314349705,
                6.436933877840067e-06,
                0.0
            ],
            [
                0.10118124137479965,
                0.10288522821391977,
                1.677890020278485e-05,
                0.001834755954359787,
                0.7940819955567181
            ],
            [
                0.030893764890544222,
                0.10741415603701464,
                1.9960065631860554e-05,
                0.0028130147698568033,
                0.8588591042369524
            ]
        ],
        [
            [
                0.039238658215324594,
                0.02840299904601858,
                1.3134911938637018e-05,
                0.0013983045119565693,
                0.9309469033147616
            ],
            [
                0.0018141335750307699,
                0.9981795980022053,
                1.2173620499912404e-06,
                5.051060713925688e-06,
                0.0
            ],
            [
                1.5696019535242784e-06,
                0.0005759251212573041,
                0.9991715960934162,
                0.0002509091833729812,
                0.0
            ],
            [
                0.21456267971402537,
                0.3328128353288814,
                6.181282627198205e-05,
                0.003659819791116216,
                0.448902852339705
            ],
            [
                0.46902218791060196,
                0.08603839967093944,
                3.382866714420674e-05,
                0.002702894685348871,
                0.44220268906596555
            ]
        ],
        [
            [
                0.009007542118241068,
                0.02518631117378106,
                1.2769436197470187e-05,
                0.0008319845063890674,
                0.9649613927653914
            ],
            [
                0.006467802044323022,
                0.8319535827710591,
                0.00011134924517572146,
                0.01898807851867915,
                0.1424791874207629
            ],
            [
                3.658174576059101e-06,
                0.0060635230606791045,
                0.0025951465637330147,
                0.990647290749383,
                0.0006903814516289032
            ],
            [
                0.0004598854426004568,
                0.9995169671372218,
                2.156798444747453e-06,
                1.8710313963113278e-05,
                2.280307769873276e-06
            ],
            [
                0.029180152139774908,
                0.060359494367531706,
                1.5209139588999801e-05,
                0.0023424995825384112,
                0.908102644770566
            ]
        ],
        [
            [
                0.376118080970356,
                0.05016344218534864,
                6.477049593680615e-06,
                0.0001939363664102132,
                0.5735180634282915
            ],
            [
                0.009863486514689901,
                0.7443897845892544,
                0.00022763306920844885,
                0.07415390331600163,
                0.17136519251084548
            ],
            [
                5.041958738203427e-05,
                0.9998887366685923,
                8.213036739716398e-06,
                5.263070728583176e-05,
                0.0
            ],
            [
                0.23385363906335227,
                0.7312319924271128,
                4.748083351015123e-05,
                0.0036675756046191826,
                0.031199312071405548
            ],
            [
                0.2742697855064952,
                0.13553573996544271,
                2.32596906676537e-05,
                0.0006375673051113396,
                0.589533647532283
            ]
        ],
        [
            [
                0.003203402179072147,
                0.009561348044764951,
                6.125552797254554e-06,
                0.00037765006201459175,
                0.986851474161351
            ],
            [
                0.0008009326306999992,
                0.9991924870746677,
                1.4056144484454947e-06,
                5.174680183952594e-06,
                0.0
            ],
            [
                1.4722001387157891e-05,
                0.9977154415622504,
                0.0002816342005877059,
                0.001986787055298661,
                1.4151804760305784e-06
            ],
            [
                0.18332594152960427,
                0.11671024191489375,
                2.5298881295598958e-05,
                0.0034917529854639733,
                0.6964467646887423
            ],
            [
                0.05908546287842461,
                0.5081608132884108,
                9.344123146070607e-05,
                0.002435112895636528,
                0.4302251697060675
            ]
        ],
        [
            [
                0.2886936483898513,
                0.06877381568746531,
                2.6084932937321502e-05,
                0.003104160121608047,
                0.639402290868138
            ],
            [
                0.0008324990135523374,
                0.9991603744370863,
                6.656764328446153e-07,
                6.460872928600107e-06,
                0.0
            ],
            [
                1.4333144457392557e-06,
                0.003586950065796202,
                0.9964019230228346,
                9.693596923428196e-06,
                0.0
            ],
            [
                0.023783742202050966,
                0.036099761060840285,
                2.0225893207119247e-05,
                0.0010523711397145206,
                0.9390438997041871
            ],
            [
                0.33717871312082276,
                0.0749443267948107,
                2.8931914896092985e-05,
                0.0009944249272070852,
                0.5868536032422633
            ]
        ],
        [
            [
                0.06941674430450082,
                0.06248463026939169,
                1.317439126799858e-05,
                0.0010263799612660908,
                0.8670590710735734
            ],
            [
                0.0002185627629017302,
                0.8933354018228734,
                0.003096146391569331,
                0.10327235675413632,
                7.753226851908375e-05
            ],
            [
                3.873520243074785e-06,
                0.6399419301754758,
                0.3145868020241631,
                0.04546025547282145,
                7.138807296704885e-06
            ],
            [
                0.32042967493315294,
                0.1343381237234158,
                3.396009680834175e-05,
                0.002005160150470092,
                0.5431930810961528
            ],
            [
                0.27066716904978405,
                0.10008274510358907,
                1.8829714373439705e-05,
                0.004957960144097701,
                0.6242732959881557
            ]
        ],
        [
            [
                0.748140643374898,
                0.2483243982467679,
                5.161810695047523e-06,
                8.219721558543709e-05,
                0.003447599352053571
            ],
            [
                1.668150602412284e-05,
                0.9999779240203306,
                2.3180902580783322e-06,
                3.0763833870849585e-06,
                0.0
            ],
            [
                6.9532039930231055e-06,
                0.9988404285231892,
                0.0001850832195866935,
                0.0009639485863595812,
                3.586466871480417e-06
            ],
            [
                0.631858919025029,
                0.1529959330220471,
                1.3414780522525493e-05,
                0.0010333071090473836,
                0.21409842606335405
            ],
            [
                0.08481224518227581,
                0.03667290625021846,
                3.7239786231123955e-05,
                0.0015503060035751642,
                0.8769273027776994
            ]
        ],
        [
            [
                0.5699209611118163,
                0.39719743190366935,
                7.777650308198494e-06,
                0.00018525537445032025,
                0.0326885739597558
            ],
            [
                0.0005037258571332836,
                0.9994762735445175,
                4.547802666278377e-06,
                1.4796729636209573e-05,
                6.560660466914829e-07
            ],
            [
                1.1539584286145902e-06,
                0.00015851260923816025,
                0.9997911576563736,
                4.91757759596443e-05,
                0.0
            ],
            [
                0.012562455045196845,
                0.0642737501313742,
                0.00019862127808965385,
                0.04280975115322451,
                0.8801554223921148
            ],
            [
                0.3079640910423794,
                0.06679546012912731,
                2.0063089729527086e-05,
                0.0011808594444208428,
                0.6240395262943429
            ]
        ],
        [
            [
                0.4949336270283316,
                0.05888510613686984,
                2.5833607762964377e-05,
                0.0010941742746619935,
                0.44506125895237364
            ],
            [
                0.0008876208359814457,
                0.9991068367309728,
                6.195321796562241e-07,
                4.2278363681175286e-06,
                6.950644981012439e-07
            ],
            [
                1.2892074110926427e-06,
                0.0004927171216179454,
                0.9993222930046312,
                0.00018370066633982283,
                0.0
            ],
            [
                0.1342572179231413,
                0.378508352345202,
                9.218601848339998e-05,
                0.018949694248118213,
                0.46819254946505506
            ],
            [
                0.03078251030006829,
                0.04113439287951731,
                4.547312809974812e-05,
                0.0020496289592743942,
                0.9259879947330403
            ]
        ],
        [
            [
                0.030615114038178563,
                0.17105694756351789,
                4.526446505639547e-05,
                0.011792267379413714,
                0.7864904065538335
            ],
            [
                0.00018308281814020347,
                0.9998067759990792,
                8.083675854782008e-07,
                8.994538938987836e-06,
                3.382762561674284e-07
            ],
            [
                1.0475224414469928e-05,
                0.9986512198469928,
                9.564695775744089e-05,
                0.001242657970835232,
                0.0
            ],
            [
                0.0021752403170370634,
                0.9978165180907349,
                2.1384428586022455e-06,
                6.1031493693873235e-06,
                0.0
            ],
            [
                0.2949556535140349,
                0.19783582044997708,
                3.158392460311673e-05,
                0.004962642182955608,
                0.5022142999284293
            ]
        ],
        [
            [
                0.026276455464908328,
                0.14631220203551212,
                7.775249089162405e-05,
                0.026871222240054834,
                0.8004623677686331
            ],
            [
                0.000441540641667403,
                0.5452584188095824,
                0.0004075507111238875,
                0.4150422367827292,
                0.038850253054897026
            ],
            [
                0.0,
                0.0012644155689240594,
                0.9984452870154178,
                0.0002889811882854098,
                1.3162273726588785e-06
            ],
            [
                0.3716003406948744,
                0.10279885808891662,
                3.193384515047834e-05,
                0.0020273816742292007,
                0.5235414856968293
            ],
            [
                0.1050607648888685,
                0.1311103981933821,
                9.023395297000864e-05,
                0.012311077859065964,
                0.7514275251057134
            ]
        ],
        [
            [
                0.05669802630429782,
                0.0916855824506606,
                2.361106314834485e-05,
                0.02127993480257184,
                0.8303128453793214
            ],
            [
                0.000125018751376279,
                0.9998533779682346,
                1.9352678430085324e-06,
                1.913593033157269e-05,
                5.320822145577388e-07
            ],
            [
                2.7271546359894657e-05,
                0.9860831714095022,
                0.004775423312333848,
                0.009110810010929303,
                3.3237208747979137e-06
            ],
            [
                0.4385108283773616,
                0.559775859381041,
                2.7554621873248057e-05,
                0.0005002186408900986,
                0.001185538978834129
