{
    "[['A', 'B', 'C', 'D', 'E'], ['A', 'B', 'C', 'D', 'E']]": [
        [
            [
                0.45247069526529493,
                0.3875066136369644,
                1.4966745471276187e-05,
                0.0008098705105817454,
                0.15919785384168758
            ],
            [
                0.0004215140001094615,
                0.9155645896705575,
                5.317602792379325e-05,
                0.04465228192132748,
                0.03930843838008173
            ],
            [
                0.0,
                0.00013408491510127094,
                0.9996993424501912,
                0.00016557401146485187,
                9.986232426379379e-07
            ],
            [
                0.0003146816171383162,
                0.8853566157197866,
                0.00018846096221555893,
                0.10093493582053151,
                0.013205305880327936
            ],
            [
                0.000864566381927527,
                0.8462540412467345,
                0.00024051130355581522,
                0.14856860078057194,
                0.0040722802872101786
            ]
        ],
        [
            [
                0.41226350391716154,
                0.33053093547274337,
                1.8043531157703514e-05,
                0.0018855173829394273,
                0.25530199969599804
            ],
            [
                0.0,
                0.780374629727922,
                0.00024027625496502155,
                0.21910790924705587,
                0.00027718477005695536
            ],
            [
                0.0,
                0.0033117484570704507,
                0.5159148511360779,
                0.4806636170913855,
                0.0001097833154661118
            ],
            [
                0.0021436635462663387,
                0.8800896020908233,
                0.00011454432681453796,
                0.09471684888007757,
                0.02293534115601819
            ],
            [
                0.0003278025649149247,
                0.776081475092816,
                2.6856704475288846e-05,
                0.17619924206474855,
                0.047364623573045245
            ]
        ],
        [
            [
                0.38109219006327594,
                0.2276143648070475,
                3.532023020850663e-05,
                0.0005015425721896118,
                0.39075658232727833
            ],
            [
                0.00039172045277300395,
                0.9667326100852716,
                4.433152967532106e-05,
                0.03213364383217009,
                0.0006976941001101502
            ],
            [
                0.0,
                0.0033766122169850894,
                0.47614184530900944,
                0.5204240729848741,
                5.7469489131272616e-05
            ],
            [
                0.0011355071547524108,
                0.9970577992816598,
                9.090509547933792e-06,
                0.0016868935198373035,
                0.00011070953420252083
            ],
            [
                0.005754172055756662,
                0.9526579972484746,
                1.2034270392639692e-05,
                0.0029238410110439417,
                0.038651955414332244
            ]
        ],
        [
            [
                0.2571029797007947,
                0.1828639079657358,
                2.0452184183892096e-05,
                0.0006803608252757194,
                0.5593322993240099
            ],
            [
                0.00010985436042634647,
                0.5856920054446828,
                9.186609176131884e-05,
                0.30422936693966673,
                0.10987690716346285
            ],
            [
                0.0,
                8.500877367111672e-05,
                0.9997835503066276,
                0.0001314409197013473,
                0.0
            ],
            [
                0.00027156113211632414,
                0.7969118730817465,
                3.343366339087564e-05,
                0.0380629778361507,
                0.16472015428659548
            ],
            [
                0.00026993417912437353,
                0.2634061320146303,
                3.792381004683558e-05,
                0.023452940213607366,
                0.7128330697825912
            ]
        ],
        [
            [
                0.4020803612370228,
                0.2614731626451774,
                2.031132736524511e-05,
                0.0005297746506696025,
                0.33589639013976486
            ],
            [
                0.0007417137882624333,
                0.9655234146718663,
                2.4039106425355214e-05,
                0.026486070669057924,
                0.0072247617643879485
            ],
            [
                0.0,
                0.05947560425200321,
                0.001877112732810021,
                0.9383811697319681,
                0.00026611328321876653
            ],
            [
                0.0,
                0.0962282786823328,
                0.0005091356330263226,
                0.8974207249112435,
                0.005841860773397309
            ],
            [
                0.0011806415935699394,
                0.9407758371386236,
                2.537174093514857e-05,
                0.024246566362953272,
                0.03377158316391807
            ]
        ],
        [
            [
                0.3726839336892093,
                0.5045698851535843,
                1.5182743376167807e-05,
                0.0005132105442976942,
                0.12221778786953254
            ],
            [
                8.41838785019369e-05,
                0.7943158413373049,
                0.00014659217862085072,
                0.204004949786916,
                0.0014484328186562241
            ],
            [
                0.0,
                0.0083266555643543,
                0.29794460581045823,
                0.6935881792270939,
                0.00014055939809350947
            ],
            [
                0.0,
                0.017137439551658248,
                5.809214150434056e-05,
                0.9695323745432964,
                0.013272093763541003
            ],
            [
                0.0014246276015809386,
                0.8609392180560128,
                8.436382756035129e-05,
                0.11564377341735363,
                0.021908017097492304
            ]
        ],
        [
            [
                0.3684336139355206,
                0.3536257657665809,
                1.6456327835208907e-05,
                0.00041093747504446844,
                0.27751322649501886
            ],
            [
                0.00020266446880237235,
                0.30855332148608844,
                0.0004028434997820366,
                0.5463417684880533,
                0.1444994020572738
            ],
            [
                0.0,
                7.782439878111377e-06,
                0.9999585608880481,
                3.2754878015798e-05,
                9.017940580883877e-07
            ],
            [
                0.0006105672167819354,
                0.9575169754437797,
                4.383087109739577e-05,
                0.03791008265066075,
                0.003918543817680246
            ],
            [
                0.030692843962225984,
                0.7208825791359827,
                0.0,
                0.00022724281393542682,
                0.24819733408785596
            ]
        ],
        [
            [
                0.36209151548346963,
                0.2531183295399673,
                1.5021092259942705e-05,
                0.0010194212711804023,
                0.3837557126131228
            ],
            [
                0.0,
                0.06565602441911458,
                0.0008143788221603322,
                0.9325950194589784,
                0.0009345772997466168
            ],
            [
                0.0,
                0.005944520328284075,
                0.399711362142696,
                0.5941136565128305,
                0.00023046101618939884
            ],
            [
                0.003985059188755698,
                0.9892794732848074,
                9.290262828738405e-06,
                0.0018250503305160307,
                0.004901126933092221
            ],
            [
                0.005527120622249075,
                0.900833208312309,
                8.866108515657761e-06,
                0.0010528452873820404,
                0.09257795966954441
            ]
        ],
        [
            [
                0.5012604911819625,
                0.41434438316078526,
                1.2567371455556992e-05,
                0.0007301506540126636,
                0.08365240763178411
            ],
            [
                0.0003035512705146367,
                0.7411344464973711,
                5.420504726540178e-05,
                0.09312889004342553,
                0.1653789071414233
            ],
            [
                0.0,
                0.02235742714700032,
                0.6054034992806555,
                0.37215750927320657,
                8.156429913765667e-05
            ],
            [
                0.0006768915238606313,
                0.9448804773100552,
                6.173543204897343e-05,
                0.049371026817162454,
                0.005009868916872701
            ],
            [
                0.002687718420652369,
                0.7488819065675701,
                1.6232063944642553e-05,
                0.008212857080212105,
                0.24020128586762085
            ]
        ],
        [
            [
                0.45147508444874757,
                0.10630637957581027,
                2.277177151292297e-05,
                0.0006081273257256828,
                0.4415876368782035
            ],
            [
                0.0005166086032668747,
                0.8686997427850809,
                0.00011380723932865295,
                0.07194549764231345,
                0.058724343730010134
            ],
            [
                3.306322637444227e-05,
                0.23135279583061352,
                0.6171667706264726,
                0.15141554338996535,
                3.182692657421946e-05
            ],
            [
                0.0006887884005399149,
                0.8848465754367506,
                8.747362443312384e-05,
                0.09546414518399422,
                0.01891301735428218
            ],
            [
                0.22787731698903976,
                0.7712277238507834,
                0.0,
                1.5680400861408977e-05,
                0.0008792787593154406
            ]
        ],
        [
            [
                0.2793948664565974,
                0.6112672794849731,
                2.297875635054585e-05,
                0.0007363254085361453,
                0.10857854989354292
            ],
            [
                8.714431207154834e-05,
                0.8567380005624708,
                0.00011259761157328386,
                0.1379297813543809,
                0.00513247615950353
            ],
            [
                0.0,
                1.4564806539166933e-05,
                0.9999255822548313,
                5.791318667238747e-05,
                1.939751957106825e-06
            ],
            [
                0.00011176342046803544,
                0.9508681587019135,
                2.1927450950721858e-05,
                0.01016737780950186,
                0.03883077261716588
            ],
            [
                0.00015058994944661743,
                0.696310789576508,
                0.00016577535295882726,
                0.20590487646582487,
                0.09746796865526174
            ]
        ],
        [
            [
                0.769745380418294,
                0.12392362488926853,
                8.811160068517363e-06,
                0.00032433165137658843,
                0.10599785188099235
            ],
            [
                0.00023544562059725746,
                0.8913017125528159,
                5.489800320593947e-05,
                0.07295666957088877,
                0.0354512742524922
            ],
            [
                0.0,
                0.0023346548720648095,
                0.08021652762877765,
                0.9171578582113966,
                0.00029095928776093366
            ],
            [
                3.1802810242808866e-05,
                0.16316785876869502,
                0.0001394438705016668,
                0.7024006581447872,
                0.13426023640577325
            ],
            [
                0.0021893550872317084,
                0.7963465454782584,
                3.864876027061913e-05,
                0.008851773370062715,
                0.19257367730417657
            ]
        ],
        [
            [
                0.0565462437016815,
                0.12002734309876724,
                9.71036677946916e-06,
                0.0005561338790727697,
                0.8228605689536991
            ],
            [
                0.0,
                0.38590571814109487,
                0.0005932344747176833,
                0.6120084662200919,
                0.0014925811640956097
            ],
            [
                0.0,
                0.0068069084954071515,
                0.4360665248564054,
                0.5570645999985878,
                6.196664959972488e-05
            ],
            [
                0.00020284004432928097,
                0.534898725308366,
                9.824169417038839e-05,
                0.12914143905241485,
                0.3356587539007195
            ],
            [
                0.004306679334192689,
                0.6076844276201803,
                0.0,
                0.006452094785706025,
                0.381556798259921
            ]
        ],
        [
            [
                0.6018823138242263,
                0.1969428734396319,
                9.758643285478258e-06,
                0.0004220699181479253,
                0.20074298417470848
            ],
            [
                0.00010932358848977328,
                0.2460305480025366,
                0.0003102915024337812,
                0.7490770937269994,
                0.004472743179540525
            ],
            [
                0.0,
                7.018533140077976e-05,
                0.999782717800739,
                0.00014709686786033532,
                0.0
            ],
            [
                0.0008297409250974729,
                0.9105135897497934,
                7.179356252644195e-05,
                0.0265418049337735,
                0.0620430708288092
            ],
            [
                0.0005855783204172228,
                0.8677920930502548,
                1.4644990635062265e-05,
                0.019552287002884403,
                0.11205539663580849
            ]
        ],
        [
            [
                0.4250510366174065,
                0.3285985759880022,
                1.83405114028971e-05,
                0.0009374358707796724,
                0.24539461101240864
            ],
            [
                0.0,
                0.5145284937876455,
                0.0007866798079507832,
                0.48459914074178856,
                8.568566261506816e-05
            ],
            [
                0.0,
                0.0025285490131401692,
                0.039388729639515285,
                0.957738847108902,
                0.00034387423844246096
            ],
            [
                0.01906386828306215,
                0.9400696145701564,
                1.713794154770227e-05,
                0.004269591821749771,
                0.03657978738348409
            ],
            [
                0.000604314361290868,
                0.8237728951759122,
                0.00015359657591620197,
                0.13974461095757337,
                0.03572458292930735
            ]
        ],
        [
            [
                0.4404412409703127,
                0.5456659753670955,
                1.1239151022283722e-05,
                0.0005072782703789326,
                0.013374266241190536
            ],
            [
                0.00015323084669092237,
                0.9209147335974113,
                0.00014505965711637678,
                0.07566863995803431,
                0.0031183359407470725
            ],
            [
                0.0,
                5.0610914721854344e-05,
                0.9997427692930091,
                0.0002042974988059913,
                2.3222934629694707e-06
            ],
            [
                0.00023833743641984965,
                0.9043231187520098,
                1.3478198708984187e-05,
                0.0011770576301145098,
                0.09424800798274702
            ],
            [
                0.0031647480931271694,
                0.9081844847486195,
                2.8708829972158787e-05,
                0.03670515325972824,
                0.05191690506855289
            ]
        ],
        [
            [
                0.6650562112467395,
                0.14915285815295615,
                1.3400379838372724e-05,
                0.0002214095275845117,
                0.18555612069288138
            ],
            [
                0.0,
                0.06271325106618053,
                0.00045511345752304933,
                0.9359368606060041,
                0.0008947748702923077
            ],
            [
                0.0,
                6.972482586540735e-05,
                0.9998000512731009,
                0.00012768489053904684,
                2.539010494570552e-06
            ],
            [
                0.0006038156500531577,
                0.9452107608780765,
                1.5208202739462248e-05,
                0.039127074007091964,
                0.015043141262038873
            ],
            [
                0.0005894019514417982,
                0.16987140374017531,
                1.907231259856666e-05,
                0.00780107700877292,
                0.8217190449870114
            ]
        ],
        [
            [
                0.27476574787448255,
                0.12519133021017892,
                1.3995300402546741e-05,
                0.0003544439373358989,
                0.5996744826776002
            ],
            [
                5.6863917262335195e-06,
                0.992012666161031,
                0.0008998876335940647,
                0.007072428573710917,
                9.33123993776575e-06
            ],
            [
                0.0,
                0.005994628888786616,
                0.023514884017516276,
                0.9704255456393226,
                6.494145437458158e-05
            ],
            [
                0.00013948174767974955,
                0.20795482585277583,
                4.897401012069242e-05,
                0.10858912590664756,
                0.6832675924827762
            ],
            [
                5.7300039138927095e-05,
                0.4909424827174871,
                0.00011283406710093585,
                0.39676373904948287,
                0.1121236441267901
            ]
        ],
        [
            [
                0.4051524881040517,
                0.390521937745759,
                1.8178528689253202e-05,
                0.0009833731538536389,
                0.20332402246764653
            ],
            [
                2.8936888916572283e-05,
                0.29086581246991156,
                0.001015615096436532,
                0.6943839817248142,
                0.01370565381992121
            ],
            [
                0.0,
                0.002858593504899095,
                0.03205085058614338,
                0.9649445614014271,
                0.00014599450753039942
            ],
            [
                0.006652351676439066,
                0.8383791347485391,
                1.8578290222673978e-05,
                0.00749574875906993,
                0.14745418652572928
            ],
            [
                0.0001134540871412682,
                0.9749948662861153,
                4.826862368891577e-05,
                0.0220062753864081,
                0.0028371356166465235
            ]
        ],
        [
            [
                0.6239435679437775,
                0.2270012869090823,
                1.287492299615149e-05,
                0.0002441504089864586,
                0.14879811981515761
            ],
            [
                0.0001811622479403635,
                0.9803029962695913,
                1.2108007701206897e-05,
                0.008147228012395584,
                0.01135650546237169
            ],
            [
                0.0,
                5.866211604616019e-06,
                0.9999712860373645,
                2.2163527733796778e-05,
                6.842232970037146e-07
            ],
            [
                4.2599910777394065e-05,
                0.49883440145585484,
                0.0005272702148819677,
                0.49751079251638797,
                0.0030849359020977524
            ],
            [
                0.0004613148907790457,
                0.9755434208439504,
                4.495265703516863e-05,
                0.018764635183916654,
                0.005185676424318666
            ]
        ],
        [
            [
                0.11134517421644434,
                0.04224155084864465,
                1.0328263153858196e-05,
                0.0007389841204829883,
                0.8456639625512742
            ],
            [
                0.00015384649216143307,
                0.9044773668870577,
                5.980123429495521e-05,
                0.07807884286613416,
                0.017230142520351644
            ],
            [
                0.0,
                0.0014264305451038865,
                0.7131601941885959,
                0.28538610033588624,
                2.7274930414000486e-05
            ],
            [
                0.001080728341503125,
                0.7069968243195831,
                3.7075255635824114e-05,
                0.07913908737549065,
                0.21274628470778717
            ],
            [
                0.0001731531026101988,
                0.8590688673714896,
                9.281554989832738e-05,
                0.12774548810918132,
                0.012919675866820657
            ]
        ],
        [
            [
                0.39853075864582915,
                0.3380392378657081,
                2.0200221225154423e-05,
                0.00045973041166657127,
                0.2629500728555709
            ],
            [
                0.016865136001453365,
                0.9824112480322834,
                5.881725737295871e-06,
                0.0004969799640927654,
                0.00022075427643322297
            ],
            [
                0.0,
                0.009707455328573759,
                0.08576990444087801,
                0.9034023232306656,
                0.00112031699988263
            ],
            [
                0.0006617447508380276,
                0.9411735404133613,
                6.228647508163311e-05,
                0.04888926437040638,
                0.009213163990312698
            ],
            [
                0.0004398841227159054,
                0.8894871189553574,
                0.00010395746600489542,
                0.1008710890705119,
                0.00909795038540995
            ]
        ],
        [
            [
                0.31843576617955693,
                0.1749293746270662,
                2.9047842089002287e-05,
                0.0009181953778600293,
                0.5056876159734278
            ],
            [
                1.93254041161587e-05,
                0.8972891489209939,
                0.00018142285206121446,
                0.10156857913652692,
                0.000941523686301848
            ],
            [
                0.0,
                0.0032497860662592474,
                0.9967234268868048,
                2.6787046935890324e-05,
                0.0
            ],
            [
                0.0007613767657791184,
                0.8190452063755252,
                3.86274563628926e-05,
                0.028755560273737477,
                0.15139922912859516
            ],
            [
                0.04470182303604996,
                0.9486540469372022,
                1.1150301786283822e-05,
                0.00011144141909744295,
                0.006521538305864004
            ]
        ],
        [
            [
                0.7093512566438117,
                0.23577473176564906,
                1.2524462122539377e-05,
                0.0005788225776822362,
                0.054282664550734466
            ],
            [
                1.4093304497230988e-05,
                0.845666249192823,
                0.00037924571754157423,
                0.15363788651057647,
                0.00030252527456172925
            ],
            [
                0.0,
                9.777467220829494e-06,
                0.9999356432388014,
                5.311378372820429e-05,
                1.4655102496881736e-06
            ],
            [
                0.022031974044116002,
                0.7818813665722109,
                1.68571675943115e-05,
                0.0062982553337003295,
                0.18977154688237835
            ],
            [
                0.00011504570124555347,
                0.4149261997848664,
                0.00016410565391004235,
                0.3631039919988098,
                0.22169065686116818
            ]
        ],
        [
            [
                0.7199550236408546,
                0.10589221993629791,
                1.22897989271392e-05,
                0.0013822398785634518,
                0.1727582267453569
            ],
            [
                0.0004271282361627226,
                0.47951365334242924,
                0.0002565971350366189,
                0.25418976847459335,
                0.26561285281177804
            ],
            [
                0.0,
                5.835253748682847e-05,
                0.9998400020027365,
                0.0001006412129391204,
                1.004246837500224e-06
            ],
            [
                0.00013581353262591384,
                0.45315688150882005,
                0.0004248061135022717,
                0.44629473846218604,
                0.09998776038286576
            ],
            [
                0.0020242837137026543,
                0.9732768182518162,
                2.7607975416256597e-05,
                0.01226271939604547,
                0.012408570663019286
            ]
        ],
        [
            [
                0.4863928643150719,
                0.11274951933061243,
                6.8261334067922935e-06,
                0.00016791273236143754,
                0.4006828774885475
            ],
            [
                0.0002855369101048083,
                0.7965713415071448,
                0.00022926379941567334,
                0.20242728266123378,
                0.00048657512210102953
            ],
            [
                0.0,
                0.0004140178589699941,
                0.3223069110563271,
                0.6772347285614051,
                4.434252329782128e-05
            ],
            [
                0.00010194095561921618,
                0.33734815576067756,
                3.592400658808174e-05,
                0.09023940554291036,
                0.5722745737342048
            ],
            [
                0.0034909730257543644,
                0.9744752888190441,
                8.474176498942115e-06,
                0.0011536823858417106,
                0.02087158159286084
            ]
        ],
        [
            [
                0.6302488935529267,
                0.3277443517990526,
                1.164961558493204e-05,
                0.000278522872222065,
                0.04171658216021363
            ],
            [
                0.0008791372788920365,
                0.9588355370754161,
                7.804866650711565e-05,
                0.039329567226034416,
                0.0008777097531503192
            ],
            [
                0.0,
                0.8129621661021122,
                0.0016357659730360278,
                0.18498095608188114,
                0.0004211118429706742
            ],
            [
                0.001438275739521021,
                0.9682352349177729,
                5.386130259918551e-05,
                0.027175463609735766,
                0.00309716443037117
            ],
            [
                0.0012112021703286969,
                0.9389116863152234,
                3.888105346679663e-05,
                0.03311883307264353,
                0.02671939738833757
            ]
        ],
        [
            [
                0.05027817443773741,
                0.38423228368735596,
                2.5756317945570342e-05,
                0.005837297746661885,
                0.5596264878102992
            ],
            [
                0.0011646101927917203,
                0.9962516416222258,
                1.24160167380996e-05,
                0.002548147010731761,
                2.3185157512557165e-05
            ],
            [
                0.0,
                0.0033634572815001373,
                0.04147759068061752,
                0.9550706257056195,
                8.832633226286615e-05
            ],
            [
                0.0010073927406939775,
                0.9642007008154051,
                2.824558966364897e-05,
                0.030697187816274996,
                0.00406647303796223
            ],
            [
                0.0013134957504633911,
                0.8779167794005934,
                0.00012064918944852837,
                0.10951946487353532,
                0.011129610785959311
            ]
        ],
        [
            [
                0.6248805175220264,
                0.2758041514840169,
                1.888026689007751e-05,
                0.0006454854031235094,
                0.09865096532394317
            ],
            [
                0.0001638409860733199,
                0.8857503841586962,
                0.0001595631646342848,
                0.11299983757984584,
                0.0009263741107502986
            ],
            [
                0.0,
                1.7264119747639203e-05,
                0.9999179699118712,
                6.290007428796472e-05,
                1.8658940931919574e-06
            ],
            [
                0.00012883661900002475,
                0.33311963951764134,
                0.00021800654434474224,
                0.5625344424838187,
                0.10399907483519515
            ],
            [
                0.00012384608322673677,
                0.47797242919319105,
                0.00017973104343164942,
                0.22392291234677197,
                0.2978010813333786
            ]
        ],
        [
            [
                0.6181749572996789,
                0.21542843600042919,
                0.0,
                0.00034290355536666176,
                0.16605370314452525
            ],
            [
                0.00088165174387904,
                0.9983599785827949,
                1.0254853747305945e-05,
                0.0005224781317348238,
                0.000225636687843971
            ],
            [
                0.0,
                0.011131067847870635,
                0.017384762495232808,
                0.971186132733492,
                0.00029803692340460897
            ],
            [
                0.0010965620865826975,
                0.9329412031999406,
                6.027199022482892e-05,
                0.026913467443522483,
                0.038988495279729404
            ],
            [
                0.013962707497001623,
                0.9732603679834811,
                6.553474088890267e-06,
                0.0014350633940951574,
                0.01133530765133318
            ]
        ],
        [
            [
                0.3499744779903074,
                0.6481820900284612,
                1.569986804095372e-05,
                0.00014542904541435967,
                0.001682303067776153
            ],
            [
                0.00014214010991014443,
                0.804081579980614,
                0.0001284543079121281,
                0.17507295655884259,
                0.02057486904272107
            ],
            [
                0.0,
                0.0015935647230833198,
                0.2791717184991606,
                0.7192065503785512,
                2.8166399204900068e-05
            ],
            [
                0.00041902123164849097,
                0.9494159287193701,
                3.610851069330148e-05,
                0.03283911422729842,
                0.017289827310989703
            ],
            [
                0.00013327362168915173,
                0.531646843986207,
                9.756475591730674e-05,
                0.11728106768432657,
                0.3508412499518601
            ]
        ],
        [
            [
                0.3600978138829769,
                0.593119738329904,
                1.1987141928639001e-05,
                0.001569095424202473,
                0.04520136522098798
            ],
            [
                0.0006121465282529338,
                0.9708237735704829,
                2.1204520267281475e-05,
                0.0066310031678661775,
                0.02191187221313075
            ],
            [
                0.0,
                0.0010289001301650445,
                0.9969178156487936,
                0.0020495480325347835,
                3.7361885065935854e-06
            ],
            [
                0.00032700714999256636,
                0.7210199502103266,
                0.00010698343785494817,
                0.046477194763484976,
                0.23206886443834088
            ],
            [
                0.004540198524837408,
                0.9405609165531111,
                4.1039130665232125e-05,
                0.029169453218006052,
                0.025688392573380164
            ]
        ],
        [
            [
                0.1402081928279906,
                0.08611654985353102,
                1.11199555175507e-05,
                0.001226611647115747,
                0.772437525715845
            ],
            [
                0.0005728184371412623,
                0.9114479272866458,
                3.931986267891741e-05,
                0.08539049748131666,
                0.00254943693221745
            ],
            [
                0.0,
                0.0042235623593377515,
                0.5505355506554553,
                0.44516343879402703,
                7.744819117979582e-05
            ],
            [
                0.00015260250792050717,
                0.8936084477455326,
                2.499701838908159e-05,
                0.08009210415221354,
                0.02612184857594418
            ],
            [
                0.0018522655257166179,
                0.9795196846631923,
                2.3597636939745712e-05,
                0.009479019648977105,
                0.009125432525174428
            ]
        ],
        [
            [
                0.35171101701709534,
                0.19922016849591584,
                2.372498865900006e-05,
                0.0012278428969916136,
                0.44781724660133815
            ],
            [
                0.0,
                0.7679943853348642,
                0.0002775882606418605,
                0.2316757720650485,
                5.225433944547412e-05
            ],
            [
                0.0,
                0.014972113579303743,
                0.10410820345597337,
                0.8807269677254641,
                0.0001927152392587268
            ],
            [
                0.0009418959370527764,
                0.8833500054884915,
                7.386497750667231e-05,
                0.033639114747033134,
                0.08199511884991585
            ],
            [
                0.044809172509755656,
                0.9316891153016899,
                0.0,
                0.00033946302841557797,
                0.023162249160139047
            ]
        ],
        [
            [
                0.26416950563634556,
                0.1502140052145294,
                1.4384342055699378e-05,
                0.0005580202531760621,
                0.5850440845538932
            ],
            [
                1.4636091062990368e-05,
                0.14708987433721155,
                0.00022428026862742837,
                0.8466908551447969,
                0.005980354158301048
            ],
            [
                0.0,
                0.014030978199411938,
                0.36183815045835,
                0.6239506530965195,
                0.00018021824571848807
            ],
            [
                0.000568348857244564,
                0.9554495237356102,
                8.589796303330567e-05,
                0.0390091110883053,
                0.004887118355806531
            ],
            [
                0.0007508395872394639,
                0.8280512354919323,
                0.00011305393775184333,
                0.10516391741153462,
                0.06592095357154192
            ]
        ],
        [
            [
                0.5717410750190617,
                0.1981152253858177,
                1.0089070414759902e-05,
                0.0003313455209163028,
                0.22980226500378945
            ],
            [
                0.0006240175493260883,
                0.9425968068745776,
                9.346532313053031e-05,
                0.049691615313872575,
                0.006994094939093286
            ],
            [
                0.0,
                1.6878565547212638e-05,
                0.9999605803525629,
                2.254108188994498e-05,
                0.0
            ],
            [
                0.0044822070676308785,
                0.8860278027041131,
                2.7117987500827835e-05,
                0.01148394041979752,
                0.09797893182095756
            ],
            [
                0.006241099761712357,
                0.9838073951590134,
                1.535221387009593e-05,
                0.005314886785978669,
                0.004621266079425502
            ]
        ],
        [
            [
                0.16121134137375343,
                0.3005083120981687,
                1.6752294977981245e-05,
                0.0014789476440095972,
                0.5367846465890902
            ],
            [
                0.0,
                0.04531440877258836,
                0.00023479916584919476,
                0.9533297664887116,
                0.0011210255728509365
            ],
            [
                0.0,
                0.07642468775049806,
                0.05277823459103927,
                0.8705232799725563,
                0.0002737976859063688
            ],
            [
                3.847361447316027e-05,
                0.1566934719573289,
                0.0004932708269738242,
                0.7774934728737308,
                0.06528131072749338
            ],
            [
                0.0006347080907970703,
                0.715906029537089,
                0.00015027143022086514,
                0.23628256890804286,
