{
    "[['A', 'B', 'C', 'D', 'E'], ['A', 'B', 'C', 'D', 'E']]": [
        [
            [
                0.04582782789370272,
                0.9460239738416633,
                1.2401015712105992e-05,
                0.0004895184151172878,
                0.007646278833804691
            ],
            [
                3.860894346822889e-05,
                0.9301404953809362,
                0.0001365833356205132,
                0.0694925718303192,
                0.000191740509655693
            ],
            [
                8.759659744333409e-06,
                0.5148814825665047,
                0.000905987548184539,
                0.466535657335406,
                0.017668112890160483
            ],
            [
                0.0,
                0.0006622961379180512,
                9.530108418564162e-06,
                0.0033784560499322477,
                0.9959497177037311
            ],
            [
                0.0,
                5.3802435807647996e-05,
                7.504454228420832e-06,
                0.0018642317956019442,
                0.998074461314362
            ]
        ],
        [
            [
                0.04938676795318926,
                0.9463742374812038,
                9.096893777297101e-06,
                0.00014687839684668878,
                0.004083019274983007
            ],
            [
                0.0,
                0.0012771039277607102,
                5.453668693771557e-06,
                0.010521417673265684,
                0.9881960247302798
            ],
            [
                0.0,
                0.04459513238706435,
                0.0009838996328841705,
                0.9487840158680404,
                0.0056369521120110885
            ],
            [
                0.0,
                0.0006688933715869897,
                3.243612149153615e-05,
                0.05429696779511955,
                0.945001702711802
            ],
            [
                0.0,
                0.004902253342278126,
                1.1461794007180896e-05,
                0.0047594269159282054,
                0.9903268579477865
            ]
        ],
        [
            [
                0.047675307452535,
                0.9503440424130144,
                3.854762047285373e-06,
                0.00010734213744243667,
                0.0018694532349609152
            ],
            [
                0.0,
                0.2268593093261792,
                0.00014903964160714047,
                0.769417773883152,
                0.003573877149061667
            ],
            [
                7.842748861008838e-06,
                0.6231631322030565,
                0.159529524863108,
                0.217175637150686,
                0.00012386303428837527
            ],
            [
                0.0,
                0.00010498653269840367,
                8.828593142487363e-07,
                0.00029777482554837,
                0.999596355782439
            ],
            [
                2.6430049454183213e-05,
                0.02231144377870974,
                8.99813739451349e-06,
                0.00044385955718688133,
                0.9772092684772546
            ]
        ],
        [
            [
                0.041766070064649635,
                0.9564548523693591,
                7.0200817828438796e-06,
                6.286916795580102e-05,
                0.0017091883162525456
            ],
            [
                0.0,
                0.12771319680318222,
                0.000295873790193346,
                0.8625462524297458,
                0.00944467697687866
            ],
            [
                0.0004503401681072185,
                0.9338005600686229,
                0.0004625283379510561,
                0.04427917372069976,
                0.02100739770461912
            ],
            [
                5.372555654616541e-06,
                0.010019291951772888,
                2.044022368249768e-05,
                0.013504641344639736,
                0.9764502539242502
            ],
            [
                2.1207483669104264e-06,
                0.0005763073024645566,
                0.0,
                0.0003919900001534935,
                0.9990295819490151
            ]
        ],
        [
            [
                0.001864127433068177,
                0.9511261435417064,
                4.871394617984234e-05,
                0.04035693613931969,
                0.006604078939725773
            ],
            [
                1.593842215573845e-05,
                0.9550815664221476,
                5.3886807114870054e-05,
                0.04329778171150175,
                0.0015508266370800594
            ],
            [
                0.0,
                0.009812570218743573,
                0.0041316545291459105,
                0.985545748837304,
                0.0005100264148065013
            ],
            [
                9.136242514577434e-06,
                0.02608526820853474,
                2.704786833326308e-05,
                0.0207624676848633,
                0.9531160799957541
            ],
            [
                2.4554051066813316e-06,
                0.004944401772688872,
                1.013920670151716e-05,
                0.0057295602441280475,
                0.9893134433713748
            ]
        ],
        [
            [
                0.002025927426966312,
                0.9969283255547523,
                1.3127219032384882e-05,
                0.00014209329704789446,
                0.0008905265022010736
            ],
            [
                0.0,
                0.7114017751098269,
                0.00026522956085833744,
                0.2874283866800858,
                0.0009046086492289554
            ],
            [
                0.0,
                0.002669122882862493,
                0.035125420887706926,
                0.9621512009019975,
                5.425532743318218e-05
            ],
            [
                2.880092875845455e-06,
                0.001158641575395455,
                2.473233842221829e-06,
                0.00021927673060141172,
                0.9986167283672851
            ],
            [
                0.0,
                0.00014137966250658251,
                0.0,
                0.00021676783881305185,
                0.9996418524986804
            ]
        ],
        [
            [
                0.02600789766121498,
                0.9731666577124941,
                4.136855371354782e-06,
                6.413767386491064e-05,
                0.0007571700970545712
            ],
            [
                3.492771134492692e-05,
                0.47099527235475547,
                0.0003276652590155772,
                0.4852775166162391,
                0.043364618058644805
            ],
            [
                0.0,
                0.0002204166360945856,
                0.9651837195733924,
                0.03459346103656989,
                2.402753943112577e-06
            ],
            [
                9.777947913029603e-06,
                0.011647596598893641,
                1.6784379079864596e-05,
                0.00720676636915184,
                0.9811190747049616
            ],
            [
                3.391646554115411e-05,
                0.7374820114515247,
                8.839563633035886e-05,
                0.2549544563515964,
                0.007441220095007365
            ]
        ],
        [
            [
                0.0061021320338763415,
                0.9897730664073935,
                1.2813675459102756e-06,
                2.9961760027834352e-05,
                0.004093558431156444
            ],
            [
                0.0,
                0.1974885565887581,
                0.0002024393671686966,
                0.7982313446685001,
                0.004077659375573166
            ],
            [
                2.4932703769024487e-05,
                0.5809959099220023,
                0.013781311939400166,
                0.4048816762877041,
                0.00031616914712440195
            ],
            [
                0.0004866601031862752,
                0.34013121184607126,
                5.666150365914835e-06,
                0.00032606897519509183,
                0.6590503929251814
            ],
            [
                1.7242569311328344e-05,
                0.48124452414095287,
                0.0002313515201498524,
                0.4969690284380818,
                0.021537853331504285
            ]
        ],
        [
            [
                0.07260310147969644,
                0.925603816236357,
                4.1253353770395116e-06,
                5.7574762463293696e-05,
                0.0017313821861061696
            ],
            [
                3.139105386416619e-05,
                0.8955104550685306,
                0.0003357912353623285,
                0.10403473820320047,
                8.762443904238101e-05
            ],
            [
                0.0,
                0.08924784597322209,
                0.0005604519235404019,
                0.844232540586488,
                0.06595916151674953
            ],
            [
                1.2409792647029884e-05,
                0.01700527536583616,
                4.2699699833004135e-05,
                0.006377171187904979,
                0.9765624439537788
            ],
            [
                1.6487299981818235e-05,
                0.011965531091745673,
                2.19920799543116e-05,
                0.004644668986879412,
                0.9833513205414388
            ]
        ],
        [
            [
                0.0041644222348693515,
                0.9923438331515795,
                7.81802782031486e-06,
                0.0002963741942979467,
                0.003187552391432839
            ],
            [
                6.429727404437645e-06,
                0.5988370737478886,
                0.00010722271748440975,
                0.3774297520302306,
                0.02361952177699193
            ],
            [
                0.0,
                0.0010548091852952085,
                0.4325288085643026,
                0.5663912441871289,
                2.513806327318856e-05
            ],
            [
                1.414932813642979e-06,
                0.0002597230960894701,
                6.12910691484031e-06,
                0.002119699576536614,
                0.9976130332876454
            ],
            [
                4.406876397738398e-05,
                0.00271407841201936,
                3.3717865305552696e-06,
                0.0005637527290304435,
                0.9966747283084422
            ]
        ],
        [
            [
                0.025894506575270614,
                0.9735844053146397,
                9.974755227217682e-06,
                0.00011348315636633463,
                0.00039763019849605157
            ],
            [
                4.379650276016189e-06,
                0.16471600292669503,
                0.0009087107852796519,
                0.8343230077216601,
                4.7898916089163154e-05
            ],
            [
                8.260293575796188e-06,
                0.08544072407043252,
                0.3763642971692279,
                0.5380044867349751,
                0.00018223173178862358
            ],
            [
                1.8924364496294692e-06,
                0.0007228011325786433,
                1.3372912671285327e-06,
                0.0003240499354412711,
                0.9989499192042633
            ],
            [
                0.0,
                0.042628175336762615,
                6.232211299248132e-05,
                0.832271623033111,
                0.12503787951713397
            ]
        ],
        [
            [
                0.04999721446169385,
                0.9481711753180068,
                1.2692472130509828e-05,
                0.0005918948921591823,
                0.0012270228560097851
            ],
            [
                1.9840909939803783e-05,
                0.8584904324028334,
                9.354185327106586e-05,
                0.11741018821802651,
                0.023985996615929314
            ],
            [
                2.2832255113296656e-05,
                0.12612682586350935,
                0.05953039099564543,
                0.8141361440805491,
                0.00018380680518276859
            ],
            [
                1.319637221214683e-06,
                0.0012706568702530376,
                7.287152501918121e-06,
                0.0013632445914603692,
                0.9973574917485635
            ],
            [
                0.0025164817110240227,
                0.9676370622907364,
                2.2989225705030752e-05,
                0.020091982996067174,
                0.009731483776467388
            ]
        ],
        [
            [
                0.03614129771024965,
                0.9622368303277233,
                3.6883373408272656e-06,
                7.43503047211716e-05,
                0.0015438333199649888
            ],
            [
                0.0,
                0.22045810814222142,
                0.0003015311326589073,
                0.7788573187150353,
                0.00038304201008439257
            ],
            [
                0.0,
                0.017537633360932614,
                0.0008190282108249368,
                0.9599700652703643,
                0.02167327315787816
            ],
            [
                0.0,
                0.0002362890623462702,
                1.3496736236694285e-05,
                0.010516358708150458,
                0.9892338554932665
            ],
            [
                0.0,
                0.0008110368631464785,
                4.484998706136254e-06,
                0.0014798369725728658,
                0.9977046411655746
            ]
        ],
        [
            [
                0.06311818497282126,
                0.9260340312674339,
                2.196229676896252e-05,
                0.0005196640784905369,
                0.010306157384485407
            ],
            [
                1.2102144842386376e-05,
                0.6772093589782319,
                0.00042328304678020524,
                0.3073888374354733,
                0.014966418394672306
            ],
            [
                0.0,
                3.839020342117153e-05,
                0.0020796392243197133,
                0.9978387824155329,
                4.318815672608196e-05
            ],
            [
                0.0,
                0.0010305513743664543,
                6.543489284368279e-06,
                0.002786100015219289,
                0.9961768051211299
            ],
            [
                2.935201479375775e-05,
                0.021225491998766027,
                1.329112063797799e-05,
                0.0025195071628078824,
                0.9762123577029943
            ]
        ],
        [
            [
                0.027787124844947806,
                0.9570087948147284,
                4.995355383036726e-06,
                0.00014671311148408184,
                0.01505237187345657
            ],
            [
                0.0,
                0.006329591446410202,
                0.00014349486787516838,
                0.911038619745287,
                0.08248829394042759
            ],
            [
                5.2053702794098414e-05,
                0.9699626314719756,
                0.01437258615202739,
                0.0155547903569517,
                5.7938316251288964e-05
            ],
            [
                0.0,
                0.002008372737537702,
                1.1386525582148848e-05,
                0.007706093741462387,
                0.9902741469954178
            ],
            [
                0.0023339513070544946,
                0.9862010165460491,
                5.7816080722968305e-05,
                0.00650540240678775,
                0.004901813659385861
            ]
        ],
        [
            [
                0.16188188799772119,
                0.8174392032274166,
                6.542597526148309e-06,
                0.00010105008266078309,
                0.02057131609467539
            ],
            [
                4.999418847673557e-05,
                0.9388058413081658,
                4.164818408270776e-05,
                0.016017498633617552,
                0.045085017685657196
            ],
            [
                8.09099904462251e-06,
                0.08002170703168872,
                0.0007303349136444065,
                0.8928477350467772,
                0.026392132008845
            ],
            [
                2.4104084238545862e-05,
                0.42474243827832053,
                0.00011084726875115579,
                0.5570199842417207,
                0.018102626126969078
            ],
            [
                0.0,
                0.00026584923946202104,
                4.32717705548362e-06,
                0.0006531973990094105,
                0.999076626184473
            ]
        ],
        [
            [
                0.03699551469044327,
                0.9623099012336309,
                5.6882512285503825e-06,
                6.84843916167985e-05,
                0.0006204114330804068
            ],
            [
                0.016771116741901106,
                0.9831082025597114,
                1.8282156641000814e-06,
                1.5967628343965703e-05,
                0.00010288485437941052
            ],
            [
                0.0,
                0.05744955897030209,
                0.0014966610009291357,
                0.7914839869083277,
                0.1495697931204411
            ],
            [
                1.4624829063643633e-06,
                0.002664984744250191,
                4.618027251670885e-06,
                0.0007849798997963195,
                0.9965439548457955
            ],
            [
                2.406184698266148e-05,
                0.6448873138444063,
                8.038957256404814e-05,
                0.3357226908401849,
                0.019285543895862095
            ]
        ],
        [
            [
                0.039685744564330716,
                0.9587493825214591,
                2.397609077778076e-06,
                9.192697604283449e-05,
                0.0014705483290896263
            ],
            [
                0.017558330128133317,
                0.9823507912409738,
                0.0,
                1.8082473739114683e-05,
                7.279615715365238e-05
            ],
            [
                0.0,
                0.00013280179273927135,
                0.9991230339871039,
                0.0007441642201568208,
                0.0
            ],
            [
                1.0912795348290564e-05,
                0.061702429549589224,
                6.810066552953238e-05,
                0.02252614662958335,
                0.9156924103599495
            ],
            [
                0.0,
                0.003837667338210333,
                7.773922762296466e-06,
                0.011654108957135144,
                0.9845004497818923
            ]
        ],
        [
            [
                0.15595737764311246,
                0.8281748668189435,
                1.4362502563461441e-06,
                2.4544105624813926e-05,
                0.01584177518206286
            ],
            [
                0.0001122302735324683,
                0.9806648024407099,
                0.00018790335739992875,
                0.0188143541155943,
                0.0002207098127634057
            ],
            [
                0.0,
                0.0268776444319973,
                0.00016206540009549612,
                0.24351376704009897,
                0.7294465231278082
            ],
            [
                0.000818848182570633,
                0.093203168549073,
                7.500607351049157e-06,
                0.00045441310053925116,
                0.905516069560466
            ],
            [
                3.5481224178554244e-06,
                0.002837254298471898,
                4.61519475359594e-06,
                0.0038288380969005308,
                0.9933257442874561
            ]
        ],
        [
            [
                0.012525305871011482,
                0.9797195329466837,
                1.3197060910358658e-05,
                0.0016468781533806327,
                0.006095085968013754
            ],
            [
                3.5187893321641964e-06,
                0.9862336597962214,
                9.58562804157813e-05,
                0.013646303945487954,
                2.0661188542659174e-05
            ],
            [
                0.0002618650878699001,
                0.9884526256872813,
                7.466843450731599e-05,
                0.011157087658112314,
                5.3753132229327977e-05
            ],
            [
                1.2842254949200746e-06,
                0.000177325284049524,
                0.0,
                0.0008956653133133768,
                0.9989257251771422
            ],
            [
                0.0020123426390904007,
                0.31086814011319164,
                0.00022574291656875614,
                0.03787701771815313,
                0.649016756612996
            ]
        ],
        [
            [
                0.19372274435652195,
                0.799220532850338,
                3.7279607302294127e-06,
                6.905583380971609e-05,
                0.006983938998599982
            ],
            [
                0.0,
                0.01563504342872022,
                0.0009929837978509615,
                0.9832659254600085,
                0.00010604731342036222
            ],
            [
                1.225813383466193e-05,
                0.3932123607890228,
                0.034692912805289744,
                0.5720387673497271,
                4.3700922125644436e-05
            ],
            [
                0.0,
                4.9059192106021594e-05,
                1.6203749469954555e-06,
                0.0010604923614814942,
                0.9988888280714655
            ],
            [
                1.360745054485279e-06,
                0.0010655414832619,
                0.0,
                0.0009074701598786301,
                0.9980256276118049
            ]
        ],
        [
            [
                0.004053642490943173,
                0.9901482543298059,
                1.0622699103348412e-05,
                0.0004598698139982424,
                0.005327610666149392
            ],
            [
                1.2677668978512328e-05,
                0.44978033476903434,
                0.00047070209424317786,
                0.5492491527058575,
                0.00048713276188644845
            ],
            [
                8.938487764646567e-06,
                0.061387924231272206,
                0.11270848899715831,
                0.8256431200056942,
                0.0002515282781105973
            ],
            [
                0.0,
                3.955555753579337e-05,
                5.898471228828379e-06,
                0.02010247465389339,
                0.979852071317342
            ],
            [
                2.624117663438298e-05,
                0.0851298148800616,
                3.676082736047018e-05,
                0.005274405783492542,
                0.909532777332451
            ]
        ],
        [
            [
                0.03537296051360412,
                0.962789581316436,
                5.423112865186922e-06,
                0.00027325733765376996,
                0.0015587777194409735
            ],
            [
                5.854028555587123e-06,
                0.921900764883909,
                0.00019809209844678474,
                0.07748390886375364,
                0.00041138012533490254
            ],
            [
                8.19981848116564e-06,
                0.008709685990436,
                9.62994894936647e-05,
                0.9599766703957403,
                0.031209144305848965
            ],
            [
                0.0,
                0.0006866543572740942,
                5.2131149003163765e-06,
                0.001232254930327741,
                0.9980758775974978
            ],
            [
                0.0,
                0.001082900010160988,
                1.3873699368305255e-05,
                0.006513965021094783,
                0.9923892612693759
            ]
        ],
        [
            [
                0.0919604089607344,
                0.9073330045400411,
                3.470472410428195e-06,
                5.249058005769933e-05,
                0.0006506254467563101
            ],
            [
                8.636989838018135e-06,
                0.6095258408062474,
                0.00011172048963147307,
                0.3895292055870402,
                0.0008245961272428863
            ],
            [
                0.0,
                0.0007249058495980726,
                8.741560239185096e-05,
                0.3772277078879189,
                0.6219599706600911
            ],
            [
                0.0,
                0.002463401280553647,
                7.662961404299835e-05,
                0.8388363644722573,
                0.15862360463314604
            ],
            [
                0.0,
                0.0006324819507577675,
                2.983610916249402e-06,
                0.0007855438526628923,
                0.998578990585663
            ]
        ],
        [
            [
                0.011635103960310204,
                0.9869697799085385,
                1.8171839286263524e-06,
                4.695365309524111e-05,
                0.001346345294127537
            ],
            [
                0.00034437908784797875,
                0.9824234705404954,
                8.460108149638536e-05,
                0.009579867597754215,
                0.0075676816924061165
            ],
            [
                0.0,
                0.018538023643452993,
                0.004120069593551818,
                0.9772205895350019,
                0.00012131722799333271
            ],
            [
                0.0,
                0.0023652407282525427,
                1.5325289672337674e-05,
                0.024575725921208345,
                0.9730437080608667
            ],
            [
                0.0,
                0.00019801903869928162,
                1.939765677756943e-06,
                0.0009592028559316148,
                0.9988408383396914
            ]
        ],
        [
            [
                0.10378211994532441,
                0.8620836766296491,
                1.2510106942562141e-06,
                2.3808407628915848e-05,
                0.03410914400670347
            ],
            [
                0.0,
                0.02245052012190828,
                2.747156201081973e-05,
                0.06494824239994641,
                0.9125737659161345
            ],
            [
                0.0,
                0.8272396320222086,
                0.00039021025430870625,
                0.16601068080477097,
                0.006359476918711605
            ],
            [
                5.311705474470648e-06,
                0.0018025277517917714,
                9.73279935499471e-07,
                0.00014280041632165104,
                0.9980483868464767
            ],
            [
                0.0008873880434350475,
                0.7256985775450557,
                0.00011940559571558468,
                0.00931654438840737,
                0.26397808442738635
            ]
        ],
        [
            [
                0.025407798760727476,
                0.9704818881321112,
                1.4375370161227266e-06,
                3.492385931787304e-05,
                0.004073951710827378
            ],
            [
                0.0,
                0.018661372245398548,
                0.001267362833049446,
                0.9195173555585874,
                0.06055390936296462
            ],
            [
                0.0,
                0.00015851082650696223,
                0.008123856810253237,
                0.9916991500007754,
                1.8482362464338736e-05
            ],
            [
                3.9740573252509625e-05,
                0.1997836204478074,
                6.631802046165881e-05,
                0.03777662341378616,
                0.7623336975446924
            ],
            [
                0.0,
                0.00022607393914318724,
                1.2051018788305486e-06,
                0.00046632047395799887,
                0.99930640048502
            ]
        ],
        [
            [
                0.039644501853821325,
                0.9591686341359587,
                4.345284136399627e-06,
                0.00010187363273422308,
                0.0010806450933492895
            ],
            [
                1.2709481353739989e-05,
                0.3686675314915163,
                0.00021810863802238845,
                0.6268053082333532,
                0.004296342155754379
            ],
            [
                0.0,
                0.0010773977475515752,
                0.0074450489472593475,
                0.9913224442394177,
                0.00015510906577127982
            ],
            [
                1.3433608584887473e-05,
                0.003259981078701912,
                1.7135301714574783e-06,
                0.0003951850239390996,
                0.9963296867586026
            ],
            [
                0.0005868307391566034,
                0.23059685059366813,
                1.9542450130898257e-05,
                0.01642186617786763,
                0.7523749100391767
            ]
        ],
        [
            [
                0.012257770114899584,
                0.9866216172919388,
                5.095782872814279e-06,
                0.00011887283520147688,
                0.0009966439750874053
            ],
            [
                1.1905856294633896e-05,
                0.15555942697918126,
                0.0004124938120877731,
                0.3835591037729345,
                0.4604570695795018
            ],
            [
                9.549837908175854e-06,
                0.06085016325876368,
                0.00033487863459154597,
                0.9168648280017396,
                0.021940580266997
            ],
            [
                0.0,
                0.01274570437638346,
                7.555248514057714e-05,
                0.3372940167265333,
                0.6498847264119426
            ],
            [
                6.49295348022173e-05,
                0.9592308626256847,
                1.7828041838901585e-05,
                0.04056204280006982,
                0.0001243369976043428
            ]
        ],
        [
            [
                0.018495530597580873,
                0.9745277424886178,
                1.9721389054305775e-06,
                5.0389342408066576e-05,
                0.006924365432487751
            ],
            [
                1.4752582426761644e-05,
                0.8955243369808866,
                0.00017507442115048831,
                0.10394194979540071,
                0.0003438862201354661
            ],
            [
                0.0,
                0.5472628255194634,
                0.0004346315164595253,
                0.36616520250417695,
                0.08613734045990008
            ],
            [
                0.0,
                0.000572092330760879,
                1.0733491456733403e-05,
                0.004112055876836615,
                0.9953051183009458
            ],
            [
                0.00033902441292346316,
                0.4841264286193137,
                5.137712935778806e-05,
                0.0030370669795422157,
                0.5124461028588629
            ]
        ],
        [
            [
                0.003985457150625224,
                0.9926902034988281,
                1.308216556615927e-06,
                2.5418628290729945e-05,
                0.003297612505699392
            ],
            [
                0.0,
                0.16249367919227298,
                0.0002277741078337602,
                0.6852261458704986,
                0.15205240082939472
            ],
            [
                0.0,
                0.046241955157216505,
                0.37381669475199225,
                0.5799114191550631,
                2.993093572817501e-05
            ],
            [
                0.0001166318334460634,
                0.01777210284181792,
                8.938647136956669e-06,
                0.003750831211386336,
                0.9783514954662127
            ],
            [
                2.2670268008356137e-05,
                0.625833741787817,
                8.110035079781123e-05,
                0.19939043901900513,
                0.1746720485743717
            ]
        ],
        [
            [
                0.014917718786444639,
                0.9709369937543637,
                3.567317688813089e-06,
                5.089781349293562e-05,
                0.014090822328009902
            ],
            [
                0.0,
                0.2539136913453466,
                0.0006337391220901785,
                0.7452193464595637,
                0.00023322307299953162
            ],
            [
                0.0,
                0.004617502964685578,
                0.5136631575613846,
                0.4817032281277713,
                1.6111346158520073e-05
            ],
            [
                1.524139304177431e-06,
                0.0009740843095678305,
                3.6426333213653907e-06,
                0.0051181082125939786,
                0.9939026407052126
            ],
            [
                2.8723438904816464e-06,
                0.0005331644872574742,
                5.111083326627476e-06,
                0.00045253480759501277,
                0.9990063172779303
            ]
        ],
        [
            [
                0.04645164318564152,
                0.9308376606179384,
                8.963494113377337e-06,
                0.000657133450576912,
                0.02204459925172988
            ],
            [
                1.1165636499713188e-05,
                0.778246503914563,
                9.392718854282537e-05,
                0.21539497013395728,
                0.006253433126437155
            ],
            [
                0.0,
                0.0036192689575607717,
                0.000849540860139261,
                0.9729021066702931,
                0.022629083512006837
            ],
            [
                0.0,
                0.0019313793108225567,
                1.4453544743807461e-05,
                0.04251681805020245,
                0.9555373490942312
            ],
            [
                0.0,
                0.0005013869497126094,
                2.743120545793711e-06,
                0.00041978688158163024,
                0.99907608304816
            ]
        ],
        [
            [
                0.01575509625143373,
                0.9791360058262821,
                1.390088856225238e-05,
                0.0012120302965077058,
                0.003882966737214088
            ],
            [
                0.0,
                0.18967039654483686,
                0.00022387207381719694,
                0.8059826222977802,
                0.004123109083565784
            ],
            [
                0.0,
                4.5159323920628485e-05,
                0.002195174384099772,
                0.9977359788562775,
                2.368743570202847e-05
            ],
            [
                0.0,
                0.000361426739773148,
                4.361633594533418e-06,
                0.0015849436994552551,
                0.9980492679271771
            ],
            [
                8.417086843154692e-05,
                0.7668116482456067,
                5.592216877816985e-05,
                0.007404085939221562,
                0.22564417277796223
            ]
        ],
        [
            [
                0.034904387390742725,
                0.96277060981488,
                4.743534407767456e-06,
                0.00019922413819580578,
                0.0021210351217736635
            ],
            [
                0.0,
                0.3307239011406107,
                0.00019271869190609013,
                0.646653056203417,
                0.022430323964066304
            ],
            [
                0.0,
                0.0060030279970360485,
                9.681439453311694e-05,
                0.9163557783468342,
                0.07754437926159655
            ],
            [
                0.0,
                0.00029657508794409416,
                1.3081322298533216e-05,
                0.010809335458881138,
                0.9888810081308763
            ],
            [
                1.9208803695598848e-05,
                0.5217434337215107,
                7.579283019782315e-05,
                0.10103044638522585,
                0.37713111825937007
            ]
        ],
        [
            [
                0.1090887844024739,
                0.8715008059449211,
                2.3733362494587203e-06,
                6.622027371036936e-05,
                0.01934181604264518
            ],
            [
                1.3926580290716537e-05,
                0.9440644920446897,
                0.0001221556761417535,
                0.0547397746166143,
                0.0010596510822635517
            ],
            [
                2.3393390021208114e-05,
                0.25027950810539196,
                0.0007681562052609714,
                0.731671970471604,
                0.017256971827721655
            ],
            [
                0.0,
                0.0011748816268259193,
                1.4529581553566115e-05,
                0.059077379371599265,
                0.9397332094200213
            ],
            [
                9.569427997705335e-06,
                0.001209195006520387,
                0.0,
                0.0018942891593112627,
                0.9968869464061706
            ]
        ],
        [
            [
                0.054257211682469914,
                0.9411800183433487,
                9.16443559557572e-06,
                0.00022173684520830023,
                0.004331868693377491
            ],
            [
                0.0,
                0.17402605896969392,
                0.0002973522405478778,
                0.8252663107272035,
                0.00041027806255474126
            ],
            [
                7.303027845500311e-06,
                0.07311005850472908,
                6.79494492619582e-05,
                0.041694138548286463,
                0.8851205504698769
            ],
            [
                0.0,
                0.0007694435087270534,
                8.141443818972276e-06,
                0.006995371098260132,
                0.9922270439491939
            ],
            [
                0.00017562122910915801,
                0.8910017421569566,
                3.8418632704651695e-05,
                0.024257236606059215,
                0.08452698137517037
            ]
        ],
        [
            [
                0.008632487116784235,
                0.9900841586859362,
                7.197808011729953e-06,
