{
    "[['A', 'B', 'C', 'D', 'E'], ['A', 'B', 'C', 'D', 'E']]": [
        [
            [
                0.3562279842285513,
                0.6378138731170774,
                7.944724448470292e-05,
                0.000910811727362427,
                0.004967883682524223
            ],
            [
                0.03072088197873414,
                0.9691003449250221,
                2.779651344252109e-05,
                0.0001284172331860819,
                2.25593496150627e-05
            ],
            [
                0.0009379036787428411,
                0.9855358507192845,
                3.366279615348599e-05,
                0.013473812366497924,
                1.87704393212637e-05
            ],
            [
                0.005853774696299188,
                0.2108013878537352,
                1.2351909658934096e-05,
                0.004084979869496156,
                0.7792475056708105
            ],
            [
                0.0001339638280809851,
                0.001564945571564597,
                0.0,
                0.0004321536186741025,
                0.9978689369816803
            ]
        ],
        [
            [
                0.4981941123010924,
                0.501641069021222,
                1.6178125450772403e-05,
                4.887070068789168e-05,
                9.976985154691923e-05
            ],
            [
                0.0001159001088489288,
                0.8203414331003269,
                0.00012810774779979837,
                0.06340750377584822,
                0.11600705526717613
            ],
            [
                7.726907041262722e-06,
                0.8215527956008996,
                7.621525644762983e-05,
                0.07497532650806636,
                0.10338793572754532
            ],
            [
                9.598565618593851e-05,
                0.014475856411688855,
                4.315554258677925e-06,
                0.00198174840242729,
                0.9834420939754392
            ],
            [
                0.02989307060702601,
                0.3600640402353261,
                0.0,
                0.0030889767934437055,
                0.6069539123642042
            ]
        ],
        [
            [
                0.5425563925871434,
                0.4568705834584958,
                2.245961354040374e-05,
                0.00011997426273746664,
                0.0004305900780829168
            ],
            [
                0.028194380167922767,
                0.9715382924285116,
                4.4000652011027463e-05,
                0.0002024818903629228,
                2.0844861191692583e-05
            ],
            [
                2.068014173959153e-05,
                0.9860016870684201,
                1.314214055557835e-05,
                0.006520242865665585,
                0.007444247783619242
            ],
            [
                0.00011365305990886154,
                0.023743504418886847,
                1.8154609109573316e-05,
                0.015507731327970377,
                0.9606169565841243
            ],
            [
                0.26481552641073264,
                0.6353490524873643,
                4.956031579934719e-06,
                0.0006628146150703237,
                0.09916765045525286
            ]
        ],
        [
            [
                0.5417256920067103,
                0.45806678177659743,
                1.4507931852971556e-05,
                0.00011455619907610359,
                7.846208576322624e-05
            ],
            [
                0.052524912235420954,
                0.9463809034944825,
                1.52662598512845e-05,
                0.0005100456108716862,
                0.0005688723993736323
            ],
            [
                5.7920786532703294e-05,
                0.9793828521921609,
                3.0076084697404297e-05,
                0.020339423532335046,
                0.00018972740427389623
            ],
            [
                0.009873808161920346,
                0.9645217410888364,
                2.5479002536427025e-06,
                0.00037944174863517463,
                0.02522246110035457
            ],
            [
                0.005304767415281412,
                0.03946751105614347,
                4.975209138113236e-06,
                0.000426182393135667,
                0.9547965639263013
            ]
        ],
        [
            [
                0.1546465797384153,
                0.8426855093653526,
                2.666873916638325e-05,
                0.000834186552772981,
                0.001807055604292777
            ],
            [
                0.05858404123329075,
                0.9413870974975311,
                1.052179483629991e-05,
                1.8339474341763505e-05,
                0.0
            ],
            [
                2.861529412808195e-05,
                0.9755200853898618,
                3.122425930820392e-05,
                0.023663445077787285,
                0.0007566299789146142
            ],
            [
                5.2500488878770605e-05,
                0.01127490661136492,
                5.931543593196186e-06,
                0.005119171464151405,
                0.9835474898920117
            ],
            [
                0.00020774966687310054,
                0.0016473928564413405,
                6.615179438691022e-07,
                0.00013183403623043144,
                0.9980123619225113
            ]
        ],
        [
            [
                0.7137605783185222,
                0.2859669188893061,
                1.0539350458570955e-05,
                9.022512309981175e-05,
                0.00017173831861323942
            ],
            [
                3.4175151733489634e-06,
                0.9979509538301142,
                2.838184903895862e-06,
                0.0020427904698084795,
                0.0
            ],
            [
                3.288683394963174e-05,
                0.5036428645407108,
                0.00011746358771547119,
                0.221567041649301,
                0.27463974338832303
            ],
            [
                0.000635623962635542,
                0.9929144796989494,
                1.1042993282523288e-05,
                0.0016027811768289729,
                0.004836072168303492
            ],
            [
                0.006778828988996447,
                0.06558987710035238,
                0.0,
                0.0011461509991778657,
                0.9264851429114733
            ]
        ],
        [
            [
                0.6289004877216585,
                0.37030763075464646,
                2.169153702334494e-05,
                0.00016056585750660386,
                0.0006096241291651125
            ],
            [
                0.0,
                0.17934896206239326,
                0.00012691318826079317,
                0.8173787249108032,
                0.003145399838542634
            ],
            [
                3.286010842610451e-05,
                0.8724222111967318,
                5.855581560349428e-05,
                0.11869708377195623,
                0.008789289107282274
            ],
            [
                0.004856271357945368,
                0.9814554434810567,
                2.971338759832476e-06,
                0.0007224799091093132,
                0.012962833913128824
            ],
            [
                0.00024266685156166637,
                0.008100685133435528,
                2.16961345740727e-06,
                0.0015094105984515124,
                0.9901450678030939
            ]
        ],
        [
            [
                0.5231935269761856,
                0.47537254406007234,
                5.278104441151847e-05,
                0.0004730291993823792,
                0.0009081187199482038
            ],
            [
                0.00023459793311059196,
                0.9549067954842958,
                3.182541313786289e-05,
                0.0357624066082099,
                0.009064374561245911
            ],
            [
                1.4572298188883457e-05,
                0.9771329532727399,
                4.88548834653866e-05,
                0.020793571222566042,
                0.0020100483230397806
            ],
            [
                0.012414819068281313,
                0.03562493611114002,
                0.0,
                0.0002718042462234474,
                0.9516884405743553
            ],
            [
                0.0015007890948793533,
                0.005674353482211684,
                0.0,
                5.415185946567725e-05,
                0.9927707055634433
            ]
        ],
        [
            [
                0.23734375548262804,
                0.7551408239072046,
                3.077573375373585e-05,
                0.0007559968536348668,
                0.006728648022778651
            ],
            [
                0.7583971966243395,
                0.2413836581546447,
                1.2519693558645104e-05,
                9.435685170152866e-05,
                0.00011226867575567196
            ],
            [
                6.565413215983416e-06,
                0.5539574834121956,
                0.0002587727977749258,
                0.4076500839555287,
                0.03812709442128481
            ],
            [
                0.002761010398533082,
                0.9542701455576452,
                6.166174800432268e-06,
                0.022612134775785178,
                0.02035054309323606
            ],
            [
                0.005898533006579707,
                0.0978411433319855,
                7.641358916583491e-06,
                0.0009419606077477528,
                0.8953107216947704
            ]
        ],
        [
            [
                0.267448483673825,
                0.7295136174587619,
                2.7944288799099488e-05,
                0.0007200962202912195,
                0.0022898583583227023
            ],
            [
                0.00010324673043638361,
                0.9914990879467482,
                2.7008093081895473e-05,
                0.008031539963769013,
                0.00033911726596442567
            ],
            [
                0.00023216272720791347,
                0.9788604371376748,
                9.62063755290108e-06,
                0.019703160555987396,
                0.0011946189415769453
            ],
            [
                0.0017162994369520478,
                0.8705712826731516,
                1.35807080763026e-05,
                0.017818669980136106,
                0.10988016720168392
            ],
            [
                0.00801044929261439,
                0.6004833120063897,
                1.262227524830149e-05,
                0.009255348965837495,
                0.3822382674599101
            ]
        ],
        [
            [
                0.2634941405110328,
                0.7349876220935824,
                2.3164256199958672e-05,
                0.0005972748600694978,
                0.0008977982791153918
            ],
            [
                0.009168550759504466,
                0.990275112968841,
                3.2631337879024347e-05,
                0.0005111568607341074,
                1.2548073041351283e-05
            ],
            [
                0.00018012560516889116,
                0.8800051459386883,
                1.0831530961378927e-05,
                0.015495127738338511,
                0.10430876918684293
            ],
            [
                0.006389800151381577,
                0.07338939865428872,
                0.0,
                0.0010701079087481605,
                0.9191506932855815
            ],
            [
                0.0023966297368470876,
                0.03053270102838369,
                0.0,
                0.00013768875689155108,
                0.9669329804778777
            ]
        ],
        [
            [
                0.23447110050958742,
                0.7653401038042135,
                1.212571762342006e-05,
                9.027653950387769e-05,
                8.639342907186126e-05
            ],
            [
                0.0005369534094412185,
                0.9608589062249004,
                3.5340722923505743e-06,
                0.02719531323573848,
                0.011405293057627611
            ],
            [
                1.1134681607264468e-05,
                0.9549953428631522,
                4.7347485156721444e-05,
                0.03746758006483548,
                0.007478594905248241
            ],
            [
                0.044762675228346094,
                0.35694808460864774,
                9.648201538578374e-06,
                0.0006214330170794534,
                0.5976581589443881
            ],
            [
                0.023596198002612218,
                0.37504722353516856,
                9.943183852276747e-06,
                0.0024433962994277114,
                0.5989032389789393
            ]
        ],
        [
            [
                0.6695998832372281,
                0.3297192880326973,
                4.594279010614496e-05,
                0.0003841884660210084,
                0.00025069747394743466
            ],
            [
                0.005582688217262576,
                0.9587197720386187,
                4.333103369172009e-06,
                0.0017311160562865223,
                0.03396209058446301
            ],
            [
                7.082161506335903e-05,
                0.9327765116607256,
                0.00014118262309845413,
                0.061418762867242294,
                0.005592721233870234
            ],
            [
                0.0038758154014676203,
                0.1112306047869706,
                0.0,
                0.00022866872622593132,
                0.8846649110853358
            ],
            [
                0.0035241895066454375,
                0.24510276770935424,
                6.495503456663249e-06,
                0.0036096491621937397,
                0.74775689811835
            ]
        ],
        [
            [
                0.5139024587824776,
                0.4857920824741856,
                1.5487218448324214e-05,
                8.285354801392035e-05,
                0.0002071179768745159
            ],
            [
                0.00012050410556963474,
                0.9757436902405191,
                1.1942265417993234e-05,
                0.022989634593185503,
                0.001134228795307726
            ],
            [
                0.00013070968144940958,
                0.9647507510125244,
                4.477577209640307e-05,
                0.03460065846743775,
                0.0004731050664921345
            ],
            [
                0.0016269776690527671,
                0.9698579233358195,
                1.594862122460665e-05,
                0.01316534637525434,
                0.015333803998648587
            ],
            [
                0.004297571331800015,
                0.1352185903274273,
                3.822273243561352e-06,
                0.00046623245282596766,
                0.8600137836147032
            ]
        ],
        [
            [
                0.8728548111384319,
                0.12654415279507686,
                1.7548355822661678e-05,
                8.190362573966552e-05,
                0.0005015840849289031
            ],
            [
                0.00263640934427036,
                0.9932898011785458,
                5.397855113719031e-06,
                0.002223371849048896,
                0.001845019773021104
            ],
            [
                2.17767630595561e-05,
                0.9569572834438252,
                7.844898073916419e-05,
                0.030297127547912712,
                0.012645363264463317
            ],
            [
                0.009145404063002101,
                0.4763348221822786,
                1.1260147745372295e-05,
                0.0025744140759463,
                0.5119340995310276
            ],
            [
                0.010004383614337295,
                0.7917959164389179,
                1.0998431122043066e-05,
                0.008708837880555294,
                0.18947986363506752
            ]
        ],
        [
            [
                0.18653355620005102,
                0.8116104856160201,
                3.136768829449775e-05,
                0.0005463100806856868,
                0.0012782804149487654
            ],
            [
                0.04134207489936227,
                0.9585086883316403,
                0.0,
                0.00012488938469146796,
                2.434738430596549e-05
            ],
            [
                5.094226198194371e-05,
                0.9904293609306872,
                2.218522159736975e-05,
                0.007551019554020363,
                0.0019464920317130406
            ],
            [
                0.005247666595378648,
                0.20131308233514694,
                0.0,
                0.0009758684561177945,
                0.7924633826133566
            ],
            [
                0.017493896137267467,
                0.6573220150951797,
                3.85230167340145e-06,
                0.002506590662270415,
                0.322673645803609
            ]
        ],
        [
            [
                0.2894462801647361,
                0.708300127894467,
                3.5659678547877004e-05,
                0.0003321998009637238,
                0.0018857324612853116
            ],
            [
                2.186938853722652e-05,
                0.9931460853105084,
                9.298116709738663e-06,
                0.006744791627784771,
                7.795555645995772e-05
            ],
            [
                5.986834972552253e-05,
                0.8904227854674084,
                0.00020066562794231058,
                0.08438843796467735,
                0.024928242590246345
            ],
            [
                0.19468265417760428,
                0.7975274425900529,
                0.0,
                0.00015505303154369736,
                0.007634850200799057
            ],
            [
                0.1276529813915598,
                0.7472662613069292,
                0.0,
                0.0008596253702770729,
                0.12422113193123394
            ]
        ],
        [
            [
                0.9001687556200445,
                0.09939042621249082,
                8.605348015376138e-06,
                6.0384525527267363e-05,
                0.00037182829392214643
            ],
            [
                0.7719653591892985,
                0.22615773481907092,
                3.173812616968858e-05,
                0.0005126045429651747,
                0.0013325633224957804
            ],
            [
                4.6050692089860113e-05,
                0.8767659677853433,
                3.778487127471446e-05,
                0.12201079356962363,
                0.0011394030816685376
            ],
            [
                0.0038633201390560136,
                0.26406860938606413,
                5.438588348338677e-06,
                0.015519134608214278,
                0.7165434972783172
            ],
            [
                0.0030465594547181983,
                0.06405742241072387,
                2.04610131575135e-06,
                0.0004817598653529366,
                0.9324122121678892
            ]
        ],
        [
            [
                0.5616367916888022,
                0.4375222000736804,
                1.3189685635482646e-05,
                0.00010297565827737022,
                0.0007248428936045908
            ],
            [
                0.018099910371949135,
                0.9808311330752063,
                7.424354704458743e-05,
                0.0009575346088509584,
                3.717839694904829e-05
            ],
            [
                0.0,
                0.977890572963625,
                9.144013664903343e-05,
                0.02182711566940145,
                0.00019087123032443106
            ],
            [
                0.004634452138521978,
                0.9352321797386923,
                5.389909907585494e-06,
                0.012251353137143038,
                0.04787662507573509
            ],
            [
                0.014049440834355898,
                0.15892377690182752,
                2.601563409617258e-06,
                0.00042338332556727767,
                0.8266007973748397
            ]
        ],
        [
            [
                0.8199468885663103,
                0.17973094224310515,
                8.282986123203118e-06,
                3.346618567683383e-05,
                0.00028042001878452084
            ],
            [
                0.015489620883758845,
                0.9842136911206941,
                2.7781670208325578e-05,
                0.0002429375606363246,
                2.5968764702292092e-05
            ],
            [
                2.814231877675909e-05,
                0.9263548414616604,
                6.331608787737435e-05,
                0.06822468644976379,
                0.005329013681921778
            ],
            [
                0.00878157022952023,
                0.9883860654088362,
                4.677444025177956e-06,
                0.0007445486622188502,
                0.002083138255399641
            ],
            [
                0.013567429974044958,
                0.4446022515093327,
                7.194589927507055e-06,
                0.0029650267835326996,
                0.5388580971431621
            ]
        ],
        [
            [
                0.8348515296657013,
                0.1644649644039146,
                5.793212908492222e-06,
                3.865310252612652e-05,
                0.0006390596149494986
            ],
            [
                0.00016580765369197907,
                0.5139325467547823,
                8.463488186519774e-06,
                0.049770046384588755,
                0.43612313571875044
            ],
            [
                0.0,
                0.90760782793099,
                0.00010667793834233436,
                0.08281975289883207,
                0.009465741231835443
            ],
            [
                0.00568648226918788,
                0.9905486354353548,
                2.711896228628396e-06,
                0.0006506003848474044,
                0.003111570014381411
            ],
            [
                0.005995236139697361,
                0.00853153396532828,
                1.4940782419562368e-06,
                0.0006393161926217459,
                0.9848324196241106
            ]
        ],
        [
            [
                0.9889521621185089,
                0.010954433936898919,
                2.96840146019994e-06,
                2.1929868784402895e-05,
                6.850567434759494e-05
            ],
            [
                0.617281725903035,
                0.38241795801444955,
                1.7985763357943007e-05,
                0.00011402486291852361,
                0.00016830545623893318
            ],
            [
                7.141962046086924e-05,
                0.9917753702151351,
                6.9114857418969e-06,
                0.0027299747197373193,
                0.0054163239589249445
            ],
            [
                0.11140913904163047,
                0.7580093056907762,
                1.5901953148114024e-05,
                0.0018893386783472646,
                0.12867631463609785
            ],
            [
                0.2730625748985793,
                0.2680263458266677,
                0.0,
                0.00016186757456438175,
                0.4587492117001885
            ]
        ],
        [
            [
                0.8210555507046581,
                0.1781829316127634,
                3.0621513186124527e-05,
                0.00010720906506509839,
                0.0006236871043274217
            ],
            [
                0.0007290879070318106,
                0.9938183289663767,
                3.079447847173148e-06,
                0.0004069091779399763,
                0.0050425945008043815
            ],
            [
                8.311659077815578e-06,
                0.7702252529079205,
                7.745562852936581e-05,
                0.2074366222987799,
                0.02225235750569237
            ],
            [
                0.15122492345284133,
                0.3535047731573632,
                4.912054405365543e-06,
                0.001073054213797198,
                0.494192337121593
            ],
            [
                0.05461520329642446,
                0.12341929894563118,
                0.0,
                0.0015760099307351014,
                0.8203894878272092
            ]
        ],
        [
            [
                0.7021282864376525,
                0.29760751428395765,
                1.68461059842337e-05,
                5.845671297718396e-05,
                0.00018889645942851777
            ],
            [
                2.9286294064681463e-05,
                0.9647926067811498,
                1.5235048977252684e-05,
                0.027264447067523016,
                0.007898424808285252
            ],
            [
                8.01948949636404e-05,
                0.9631662352320306,
                3.916826525194736e-05,
                0.02549888893514629,
                0.011215512672607569
            ],
            [
                0.04296660960933673,
                0.350963768093188,
                1.0589034370529861e-05,
                0.0011936396793428624,
                0.6048653935837619
            ],
            [
                0.003360855125418523,
                0.38137526702776786,
                8.387468294404605e-06,
                0.005256657892776333,
                0.6099988324857429
            ]
        ],
        [
            [
                0.1336191582026823,
                0.8662103495117832,
                7.247614857195054e-06,
                3.6533857359490244e-05,
                0.00012671081331783383
            ],
            [
                5.070784394300605e-05,
                0.91270771702672,
                3.095153554123715e-05,
                0.0846047263884994,
                0.002605897205296299
            ],
            [
                0.0,
                0.0460324618487073,
                4.975059975708167e-05,
                0.525160326598479,
                0.42875746095305656
            ],
            [
                8.663690936679866e-05,
                0.0299752413006922,
                6.828069133822077e-06,
                0.004789462302497525,
                0.9651418314183096
            ],
            [
                0.008758408490445981,
                0.004163325730262731,
                0.0,
                0.00013424338900313475,
                0.9869440223902881
            ]
        ],
        [
            [
                0.1946389215629131,
                0.8040468490890028,
                8.267885860609598e-06,
                0.00012297214136684258,
                0.0011829893208565576
            ],
            [
                0.0,
                0.4019997621899917,
                0.00022387340056501145,
                0.5966641539532902,
                0.0011122104561531391
            ],
            [
                2.8619873405427797e-06,
                0.9880068782449538,
                3.864928431686989e-05,
                0.011627383687627162,
                0.00032422679576152584
            ],
            [
                0.04670868656584031,
                0.6813482905055889,
                7.674423941647485e-06,
                0.0040615267722879725,
                0.2678738217323411
            ],
            [
                0.0031256191817359068,
                0.9402368488384022,
                3.998399198723396e-06,
                0.003125237879455646,
                0.05350829570120756
            ]
        ],
        [
            [
                0.8090601928126848,
                0.18952550518609665,
                1.0593583487456524e-05,
                6.664529733086678e-05,
                0.0013370631204002962
            ],
            [
                0.0020354089021490333,
                0.029319456306935346,
                0.0,
                0.00019370711705537925,
                0.9684514276738603
            ],
            [
                0.0,
                0.13397309129477136,
                0.0002835443214221898,
                0.858644471297524,
                0.007098893086282493
            ],
            [
                0.007719879577054093,
                0.9704577872448371,
                1.0064677773963783e-05,
                0.002224050460240114,
                0.019588218040094658
            ],
            [
                0.0007683397607823261,
                0.17452455589245588,
                0.0,
                0.0018453071732275797,
                0.8228617971735341
            ]
        ],
        [
            [
                0.8488451269768628,
                0.1506882550259417,
                1.6256809147194697e-05,
                0.0001630115154839668,
                0.0002873496725644365
            ],
            [
                0.007905667223749361,
                0.9283710054464578,
                5.35570555414255e-06,
                0.001215114331518849,
                0.0625028572927198
            ],
            [
                2.0557954314005637e-05,
                0.750607559786726,
                7.278150984452166e-05,
                0.12461234248487607,
                0.12468675826423947
            ],
            [
                0.0015883316032247888,
                0.5886556979552526,
                1.76639252472504e-05,
                0.008929725534315982,
                0.4008085809819593
            ],
            [
                0.006312656917915628,
                0.2493583584977225,
                1.0802283333560867e-05,
                0.010657979416241414,
                0.733660202884787
            ]
        ],
        [
            [
                0.8163405421171056,
                0.1821066548396782,
                3.280594700297256e-05,
                0.00021836474569301268,
                0.0013016323505202398
            ],
            [
                0.0,
                0.9969143334292807,
                1.2260612368832249e-05,
                0.003068408118057183,
                4.9978402932911966e-06
            ],
            [
                9.190137868070088e-06,
                0.7717668597242489,
                8.244438445707909e-05,
                0.18470226665859035,
                0.04343923909483578
            ],
            [
                0.0025951697148669226,
                0.8777370151581253,
                1.3811411823713093e-05,
                0.020213957177621818,
                0.09944004653756229
            ],
            [
                0.0014951268946708299,
                0.013786379094785554,
                1.543918031213769e-06,
                0.0007990192687844594,
                0.9839179308237279
            ]
        ],
        [
            [
                0.49301816010532873,
                0.506343118496791,
                1.9354763952315614e-05,
                9.28077907448078e-05,
                0.0005265588431830809
            ],
            [
                2.064574641842008e-05,
                0.7419870146092944,
                0.0003203904196753872,
                0.25491948102953166,
                0.002752468195080187
            ],
            [
                7.612969939065002e-05,
                0.9974359266347099,
                5.492433713624112e-06,
                0.0024391928312123092,
                4.3258400973552225e-05
            ],
            [
                0.046299898654006605,
                0.6637245933383337,
                6.666840444182874e-06,
                0.002390684608966249,
                0.2875781565582493
            ],
            [
                4.4930026046356e-06,
                2.4884676434568065e-05,
                0.0,
                7.927843976717867e-05,
                0.9998913438811936
            ]
        ],
        [
            [
                0.6350126316266932,
                0.36177042415881644,
                3.3171709933042215e-05,
                0.0006491438898480127,
                0.0025346286147093556
            ],
            [
                1.882048183198517e-05,
                0.76276548999353,
                0.00013691670331992698,
                0.17148449544865735,
                0.06559427737266071
            ],
            [
                0.0,
                0.9326976189977224,
                0.00011306307465016617,
                0.05813263829199633,
                0.009056679635631048
            ],
            [
                0.01582178264449554,
                0.6771284364028706,
                1.9511673313789025e-05,
                0.007692937029042989,
                0.29933733225027714
            ],
            [
                0.004304241466327062,
                0.03804868881005086,
                4.821634136337072e-06,
                0.0019694604540741044,
                0.9556727876354116
            ]
        ],
        [
            [
                0.5313430946338367,
                0.4685492326442995,
                9.647910089178136e-06,
                4.3299336900993716e-05,
                5.472547487373006e-05
            ],
            [
                0.0001494620687163724,
                0.9983309265489436,
                8.21320840685683e-06,
                0.0014230683648212632,
                8.83298091120428e-05
            ],
            [
                4.3887138690836846e-05,
                0.9475423184902847,
                5.59323714826084e-05,
                0.04198937583005863,
                0.010368486169483259
            ],
            [
                0.0007746962413194081,
                0.9941202808783608,
                0.0,
                0.0017307885724078857,
                0.003374234307911882
            ],
            [
                0.0026860127794788922,
                0.5887095135592411,
                0.0,
                0.0009687155656325572,
                0.4076357580956475
            ]
        ],
        [
            [
                0.9089567610708472,
                0.09081276911357337,
                0.0,
                1.9572747865874225e-05,
                0.00021089706771348582
            ],
            [
                8.503186420624114e-06,
                0.9171634394314578,
                2.1102467278231437e-05,
                0.08217853916701609,
                0.0006284157478272134
            ],
            [
                4.942087433329151e-06,
                0.8099460614056118,
                0.0002266347745984098,
                0.18179648012722424,
                0.008025881605132259
            ],
            [
                0.007895822416722298,
                0.9875022338745834,
                3.823732694106224e-06,
                0.0016902937182160435,
                0.0029078262577842628
            ],
            [
                0.002244345395222029,
                0.9894881688254308,
                5.260337426609262e-06,
                0.001830580070891541,
                0.006431645371029114
            ]
        ],
        [
            [
                0.5727172922459219,
                0.4264989873271218,
                1.6083410089851568e-05,
                0.00019924820553492031,
                0.0005683888113315064
            ],
            [
                0.7201151135742397,
                0.2770321777535639,
                2.1840565504357437e-05,
                0.0006103834972215576,
                0.002220484609470263
            ],
            [
                7.922868027918845e-06,
                0.9720123099121175,
                6.136669522925457e-05,
                0.027674106317704065,
                0.0002442942069213525
            ],
            [
                0.047572986684709336,
                0.17555393076761552,
                4.26835271809661e-06,
                0.0010775508058884632,
                0.7757912633890687
            ],
            [
                0.0037184801136390857,
                0.9693706311771723,
                1.3026966982605554e-05,
                0.005029443356089662,
                0.021868418386116275
            ]
        ],
        [
            [
                0.5076075687970987,
                0.4922985527286504,
                0.0,
                3.604530175997486e-05,
                5.783317249093268e-05
            ],
            [
                0.9132835808986719,
                0.08192683211924626,
                8.181596777916657e-06,
                0.00027880966276278967,
                0.004502595722541155
            ],
            [
                0.0005139657763765284,
                0.9965684045618443,
                1.4203517998741348e-05,
                0.0025677853639833113,
                0.0003356407797971821
            ],
            [
                0.00033702450024980155,
                0.004918968970811804,
                1.8019280467865924e-06,
                0.0007551385397307538,
                0.9939870660611608
            ],
            [
                0.008032682250763442,
                0.054300775082714456,
                0.0,
                0.0007497927086814419,
                0.9369167499578407
            ]
        ],
        [
            [
                0.7193756578771671,
                0.2799171305058418,
                2.876185631698432e-05,
                0.00027538829287701143,
                0.0004030614677969999
            ],
            [
                0.06090992383039393,
                0.938384809727443,
                4.97786408435149e-05,
                0.0006158095189943498,
                3.967828232513383e-05
            ],
            [
                2.876475927813863e-05,
                0.9934797697720303,
                1.2156888960152665e-05,
                0.005297459270696991,
                0.001181849309034358
            ],
            [
                0.08260261571469736,
                0.7794438614773869,
                3.298688701285185e-06,
                0.0005970053210030562,
                0.13735321879821144
            ],
            [
                0.0011729566171784869,
                0.9769253352489483,
                4.556058398644791e-06,
                0.004285220822174033,
                0.017611931253300465
            ]
        ],
        [
            [
                0.8892115114956569,
                0.10837315119528086,
                2.2469428559476306e-05,
                0.00011976597790941432,
                0.0022731019025933573
            ],
            [
                0.19324077917003382,
                0.8057521200268495,
                3.9728374320202326e-05,
                0.000499725001838929,
                0.00046764742695751125
            ],
            [
                0.0,
                0.1077665105866459,
                0.00012192314981847641,
                0.5846756239863067,
