{
    "[['A', 'B', 'C', 'D', 'E'], ['A', 'B', 'C', 'D', 'E']]": [
        [
            [
                0.9785644225871674,
                0.021433258067851874,
                0.0,
                0.0,
                2.319344980778621e-06
            ],
            [
                0.9746833537749263,
                0.025316646225073743,
                0.0,
                0.0,
                0.0
            ],
            [
                0.0005278615488949702,
                0.9929723894570293,
                0.003479994635760359,
                0.003016023833103164,
                3.7305252122580766e-06
            ],
            [
                3.558907122199619e-05,
                0.026609500764083818,
                0.0003281072716343134,
                0.34167166210723066,
                0.6313551407858292
            ],
            [
                0.00012728380310564924,
                0.004185338917100628,
                5.7417737049308314e-05,
                0.03209202909290536,
                0.963537930449839
            ]
        ],
        [
            [
                0.9849686479141408,
                0.015029920616270264,
                0.0,
                0.0,
                1.4314695888094918e-06
            ],
            [
                0.5127586503658262,
                0.48724134963417365,
                0.0,
                0.0,
                0.0
            ],
            [
                1.2459377772517165e-05,
                0.022824892007168137,
                0.0006617306328494201,
                0.813513665009071,
                0.16298725297313899
            ],
            [
                4.265099684024165e-05,
                0.004218161490060312,
                8.317273969461738e-05,
                0.035582682300034744,
                0.96007333247337
            ],
            [
                5.359410033050608e-05,
                0.020912373443432754,
                3.8107838411506074e-05,
                0.08032067136816945,
                0.8986752532496558
            ]
        ],
        [
            [
                0.8571143141430626,
                0.1428856858569375,
                0.0,
                0.0,
                0.0
            ],
            [
                0.9023560882916787,
                0.0976439117083213,
                0.0,
                0.0,
                0.0
            ],
            [
                5.089971575387002e-06,
                0.0025027571074294273,
                0.00021874184535013811,
                0.6456608230955336,
                0.3516125879801114
            ],
            [
                7.386064092977616e-05,
                0.037580094478104266,
                0.00013055898108779376,
                0.5062846943713027,
                0.45593079152857535
            ],
            [
                4.217394670545068e-05,
                0.01896268071503443,
                0.00021968718622791765,
                0.32798293341409,
                0.6527925247379422
            ]
        ],
        [
            [
                0.5567612088659243,
                0.44323879113407566,
                0.0,
                0.0,
                0.0
            ],
            [
                0.8782466957380878,
                0.12175330426191222,
                0.0,
                0.0,
                0.0
            ],
            [
                3.1817512216973735e-05,
                0.23120818949732314,
                0.09905031544776649,
                0.6694021705471095,
                0.00030750699558393407
            ],
            [
                0.00013807459348409013,
                0.08359495677669805,
                0.0002569095485081207,
                0.26082614979200225,
                0.6551839092893075
            ],
            [
                7.806824290682959e-05,
                0.016539113226114885,
                9.422272111004466e-05,
                0.11502822974236779,
                0.8682603660675005
            ]
        ],
        [
            [
                0.5108455892227006,
                0.48915441077729943,
                0.0,
                0.0,
                0.0
            ],
            [
                0.44853400248012326,
                0.5514659975198768,
                0.0,
                0.0,
                0.0
            ],
            [
                8.133613025171619e-06,
                0.010420718130227777,
                0.0020023715486271396,
                0.9565187194512794,
                0.031050057256840527
            ],
            [
                0.00010911387630544158,
                0.1016275535399369,
                0.00033570945667888964,
                0.75903963122468,
                0.1388879919023989
            ],
            [
                2.9596353078384627e-05,
                0.002343500772336503,
                3.005425195349262e-05,
                0.014503229778184185,
                0.9830936188444475
            ]
        ],
        [
            [
                0.949001487090995,
                0.05099851290900503,
                0.0,
                0.0,
                0.0
            ],
            [
                0.9795553080203993,
                0.020443540651379367,
                0.0,
                0.0,
                1.1513282213692666e-06
            ],
            [
                0.0016217417829036994,
                0.9982354315232067,
                0.00010567860134058452,
                3.7148092549093556e-05,
                0.0
            ],
            [
                0.0002714146826735871,
                0.03867795373226236,
                0.00011473691887295976,
                0.10506480672942817,
                0.8558710879367629
            ],
            [
                5.3565575776155994e-05,
                0.00584525569431132,
                2.7648338030566957e-05,
                0.2178322867316181,
                0.7762412436602638
            ]
        ],
        [
            [
                0.9852557781600456,
                0.014742565945148396,
                0.0,
                0.0,
                1.6558948059968659e-06
            ],
            [
                0.7300550533275743,
                0.2699449466724258,
                0.0,
                0.0,
                0.0
            ],
            [
                0.00036414317301444824,
                0.9996233388852097,
                1.1546572304608795e-05,
                9.71369471154985e-07,
                0.0
            ],
            [
                4.85462249923782e-05,
                0.010618381018070402,
                3.805762417094549e-05,
                0.13771570584895407,
                0.8515793092838122
            ],
            [
                0.0038347208439913866,
                0.4097556346970898,
                0.00017911300499965548,
                0.08509734534115378,
                0.5011331861127654
            ]
        ],
        [
            [
                0.8963604710963391,
                0.10363952890366092,
                0.0,
                0.0,
                0.0
            ],
            [
                0.2680890581762505,
                0.7319109418237495,
                0.0,
                0.0,
                0.0
            ],
            [
                5.114366880930604e-05,
                0.9936008219587337,
                0.0037379727866253586,
                0.0026085698704691237,
                1.4917153625226948e-06
            ],
            [
                8.672364426395012e-05,
                0.01307842964585425,
                0.00014113848339880787,
                0.45375150453964996,
                0.532942203686833
            ],
            [
                3.6932180553435895e-05,
                0.0010192713341516412,
                1.4506782123166008e-05,
                0.008174895989649466,
                0.9907543937135223
            ]
        ],
        [
            [
                0.9567301527902937,
                0.04326653712493218,
                0.0,
                0.0,
                3.3100847740242496e-06
            ],
            [
                0.9477477432563474,
                0.0522500312895883,
                0.0,
                0.0,
                2.22545406436678e-06
            ],
            [
                0.0002979621864898009,
                0.7784421960600705,
                0.019663340395444946,
                0.20143785229887354,
                0.000158649059121197
            ],
            [
                1.3403687254281662e-05,
                0.0008085575335469486,
                3.316273604724202e-05,
                0.09670569153240156,
                0.90243918451075
            ],
            [
                4.426471843167348e-05,
                0.005357120749169707,
                6.484708345697597e-05,
                0.08886156035825557,
                0.9056722070906861
            ]
        ],
        [
            [
                0.938626017323072,
                0.061369713596154535,
                0.0,
                0.0,
                4.269080773482058e-06
            ],
            [
                0.7049196535971504,
                0.2950803464028496,
                0.0,
                0.0,
                0.0
            ],
            [
                3.200899877859418e-06,
                0.0007056338536736758,
                6.692087705829623e-05,
                0.9279505081834465,
                0.07127373618594372
            ],
            [
                9.113862181061243e-05,
                0.011187246063011427,
                5.6435458854511364e-05,
                0.09408113846094683,
                0.8945840413953766
            ],
            [
                1.8051043435143937e-05,
                0.0009142458256535521,
                1.9752646673415456e-05,
                0.014720663870283465,
                0.9843272866139544
            ]
        ],
        [
            [
                0.8863584320826321,
                0.11363818119963871,
                0.0,
                0.0,
                3.3867177292703652e-06
            ],
            [
                0.9683179423153471,
                0.031682057684652966,
                0.0,
                0.0,
                0.0
            ],
            [
                7.294990940869776e-06,
                0.009870136283128798,
                0.00031731848058436416,
                0.5372330263759969,
                0.4525722238693491
            ],
            [
                1.1062202951542794e-05,
                0.00619431155118461,
                3.782469356053515e-05,
                0.23556280107257402,
                0.7581940004797294
            ],
            [
                2.50001747379196e-05,
                0.0015986308359623872,
                4.759533795698359e-05,
                0.199932925016226,
                0.7983958486351167
            ]
        ],
        [
            [
                0.9940871496076717,
                0.005911070826740014,
                0.0,
                0.0,
                1.779565588199252e-06
            ],
            [
                0.9543152785999522,
                0.045684721400047826,
                0.0,
                0.0,
                0.0
            ],
            [
                0.0006569334541124353,
                0.9993407542960046,
                2.312249883005597e-06,
                0.0,
                0.0
            ],
            [
                1.0530823592353175e-05,
                0.000523403426653432,
                2.016679695620387e-05,
                0.032535365209277294,
                0.9669105337435208
            ],
            [
                9.379522757665986e-05,
                0.010932044044637986,
                5.499179410465611e-05,
                0.04213121424753825,
                0.9467879546861424
            ]
        ],
        [
            [
                0.9261119906524106,
                0.07388800934758943,
                0.0,
                0.0,
                0.0
            ],
            [
                0.7590349156332505,
                0.24096508436674952,
                0.0,
                0.0,
                0.0
            ],
            [
                0.00041928127117972047,
                0.9921807629357314,
                0.0011766638721406161,
                0.0062119366505738625,
                1.1355270374257582e-05
            ],
            [
                0.00035917159961819254,
                0.025151546574453943,
                0.0002121662716810033,
                0.07124154807966482,
                0.903035567474582
            ],
            [
                2.2792028426825836e-05,
                0.0028176208691420056,
                6.837592879049079e-05,
                0.13010400452954182,
                0.8669872066440988
            ]
        ],
        [
            [
                0.835023199172553,
                0.16497680082744703,
                0.0,
                0.0,
                0.0
            ],
            [
                0.31790833825619114,
                0.6820916617438088,
                0.0,
                0.0,
                0.0
            ],
            [
                0.0,
                0.0010842301618321137,
                6.593687769829798e-05,
                0.46396972646309437,
                0.5348801064973752
            ],
            [
                0.00011959334447844351,
                0.020352796300902566,
                0.00021363772182419157,
                0.0721076767890628,
                0.907206295843732
            ],
            [
                0.00012037681833844139,
                0.008290884818109774,
                5.718622087768909e-05,
                0.07287905574992781,
                0.9186524963927463
            ]
        ],
        [
            [
                0.8023585024200031,
                0.19764149757999694,
                0.0,
                0.0,
                0.0
            ],
            [
                0.8354770841541782,
                0.16452291584582185,
                0.0,
                0.0,
                0.0
            ],
            [
                0.0001660382372143808,
                0.9574306078543101,
                0.04118748415316871,
                0.0012125142878017484,
                3.355467505092925e-06
            ],
            [
                0.0006950330159042579,
                0.11430049143982503,
                0.0005359102748201737,
                0.3074721058203425,
                0.576996459449108
            ],
            [
                9.588034260587893e-05,
                0.0179830330289108,
                4.951620465837322e-05,
                0.13715083476215964,
                0.8447207356616653
            ]
        ],
        [
            [
                0.9591263150947514,
                0.04087240612429057,
                0.0,
                0.0,
                1.2787809578499878e-06
            ],
            [
                0.8276660781498609,
                0.17233392185013907,
                0.0,
                0.0,
                0.0
            ],
            [
                6.044875897671858e-07,
                9.573078739680101e-06,
                0.99998868973288,
                1.1327007904993681e-06,
                0.0
            ],
            [
                2.2725326337766912e-05,
                0.0029504736632493286,
                7.556385045624156e-05,
                0.3558575538970068,
                0.6410936832629498
            ],
            [
                4.8520920894437234e-05,
                0.004262071819246049,
                4.5922034832465524e-05,
                0.13456259546896704,
                0.86108088975606
            ]
        ],
        [
            [
                0.9521437974070448,
                0.047847572256776036,
                0.0,
                0.0,
                8.630336179249412e-06
            ],
            [
                0.89714463583525,
                0.10285536416475001,
                0.0,
                0.0,
                0.0
            ],
            [
                3.8245750802579664e-06,
                0.0022199376102466127,
                0.0004540371264315958,
                0.9566597698064105,
                0.0406624308818311
            ],
            [
                2.6670407544169175e-05,
                0.019745622872812195,
                8.86914612405427e-05,
                0.19650652563400411,
                0.783632489624399
            ],
            [
                6.727684273804128e-05,
                0.04330409955114368,
                7.947774833812623e-05,
                0.6916813952598109,
                0.2648677505979693
            ]
        ],
        [
            [
                0.917451991383231,
                0.08254800861676909,
                0.0,
                0.0,
                0.0
            ],
            [
                0.5347471394098445,
                0.46525286059015547,
                0.0,
                0.0,
                0.0
            ],
            [
                1.0649825758904532e-05,
                0.01217176533022234,
                0.00016253307692360632,
                0.846656185121238,
                0.14099886664585717
            ],
            [
                0.0002261759114699282,
                0.0036170247182423284,
                3.198087493456405e-05,
                0.01465295888663977,
                0.9814718596087134
            ],
            [
                4.3711640544776226e-05,
                0.01674004681530274,
                6.32487548123528e-05,
                0.06387028065159123,
                0.9192827121377489
            ]
        ],
        [
            [
                0.9814074082076477,
                0.018585043682108227,
                0.0,
                0.0,
                7.548110244011329e-06
            ],
            [
                0.6000151023877287,
                0.3999848976122714,
                0.0,
                0.0,
                0.0
            ],
            [
                0.00010662125967627362,
                0.9910539657096352,
                0.005333675815822438,
                0.0035020620318710898,
                3.675182994911336e-06
            ],
            [
                1.9936298690326345e-05,
                0.025550754485294952,
                9.005919037140543e-05,
                0.5243715259553661,
                0.44996772407027724
            ],
            [
                4.7008474786433104e-05,
                0.0202585640678278,
                0.0001672125738140664,
                0.041608410448608565,
                0.9379188044349631
            ]
        ],
        [
            [
                0.9832539843206387,
                0.016744079175928257,
                0.0,
                0.0,
                1.9365034329467967e-06
            ],
            [
                0.5651948367831402,
                0.43480516321685975,
                0.0,
                0.0,
                0.0
            ],
            [
                3.407732704333462e-05,
                0.013884220619574466,
                0.00035207994527103646,
                0.6219375812403626,
                0.3637920408677487
            ],
            [
                3.452363248860719e-05,
                0.002636028188426281,
                7.063756528645254e-05,
                0.03678476666743515,
                0.9604740439463636
            ],
            [
                1.518210685558903e-05,
                0.007229990157986988,
                3.655107340453219e-05,
                0.06488173005399571,
                0.9278365466077572
            ]
        ],
        [
            [
                0.8943133553759078,
                0.10568310469705114,
                0.0,
                0.0,
                3.5399270410083695e-06
            ],
            [
                0.7465650609081594,
                0.25343493909184056,
                0.0,
                0.0,
                0.0
            ],
            [
                0.00033018693088408173,
                0.9996673440870384,
                2.468982077459842e-06,
                0.0,
                0.0
            ],
            [
                1.4069334089703414e-05,
                0.0035366182100218914,
                1.5222453497257582e-05,
                0.006022200732174167,
                0.9904118892702171
            ],
            [
                0.00017151809669868978,
                0.01566366974962371,
                4.022106169345386e-05,
                0.14110658152413838,
                0.8430180095678457
            ]
        ],
        [
            [
                0.9557983515984918,
                0.04418920240964863,
                0.0,
                2.966381170712403e-06,
                9.479610688860836e-06
            ],
            [
                0.6587496714646163,
                0.3412503285353837,
                0.0,
                0.0,
                0.0
            ],
            [
                6.807778147565743e-06,
                0.002285286786390084,
                4.613197468996675e-05,
                0.5769008684253087,
                0.42076090503546365
            ],
            [
                2.199068507120656e-05,
                0.004748333331332395,
                6.20648594151506e-05,
                0.06029168370369682,
                0.9348759274204844
            ],
            [
                0.00019047932238429433,
                0.05046920588233137,
                0.00011117901441986806,
                0.1837161063385995,
                0.7655130294422651
            ]
        ],
        [
            [
                0.9788254739126356,
                0.02116890829598118,
                0.0,
                0.0,
                5.617791383209514e-06
            ],
            [
                0.8303197733239148,
                0.16968022667608523,
                0.0,
                0.0,
                0.0
            ],
            [
                0.00017501413085951984,
                0.9935612823022221,
                0.006154631202302769,
                0.00010799702910213271,
                1.0753355134635113e-06
            ],
            [
                7.088068047307981e-06,
                0.0002563677183401717,
                6.8153731209825785e-06,
                0.005955657062241607,
                0.99377407177825
            ],
            [
                5.101736595239057e-05,
                0.013290251607697506,
                3.7999275115431494e-05,
                0.025956755535484377,
                0.9606639762157503
            ]
        ],
        [
            [
                0.9431105595214083,
                0.0568869615534709,
                0.0,
                0.0,
                2.4789251207434067e-06
            ],
            [
                0.6775086148708512,
                0.3224913851291487,
                0.0,
                0.0,
                0.0
            ],
            [
                1.6215880732573318e-05,
                0.018023174016638277,
                0.0005548800999049425,
                0.9530023181043542,
                0.028403411898369924
            ],
            [
                2.359167329977084e-05,
                0.005973529414993498,
                6.195329678284439e-05,
                0.028984848980398603,
                0.9649560766345253
            ],
            [
                6.939303788328954e-05,
                0.011068887721174968,
                3.906174283152956e-05,
                0.03819436779473448,
                0.9506282897033758
            ]
        ],
        [
            [
                0.9694791042985806,
                0.030516180607507125,
                0.0,
                0.0,
                4.715093912230806e-06
            ],
            [
                0.8506308690078025,
                0.1493691309921975,
                0.0,
                0.0,
                0.0
            ],
            [
                1.5518929203467703e-05,
                0.03470108098492033,
                0.0014772765723134276,
                0.8890195149711648,
                0.07478660854239796
            ],
            [
                9.736303637809125e-05,
                0.007574391789310944,
                9.721068518524208e-05,
                0.17660207826961521,
                0.8156289562195105
            ],
            [
                0.0006404036814385787,
                0.2552688620724879,
                0.0005839844348161154,
                0.17131895461396293,
                0.5721877951972945
            ]
        ],
        [
            [
                0.9292455324672857,
                0.07074936659156039,
                0.0,
                0.0,
                5.100941153954473e-06
            ],
            [
                0.9261216042952326,
                0.07387839570476745,
                0.0,
                0.0,
                0.0
            ],
            [
                5.6856827134973345e-06,
                0.0015886409961282674,
                0.00010805498417666386,
                0.629205937277737,
                0.3690916810592445
            ],
            [
                3.660466627791949e-05,
                0.007002519040373945,
                4.158349052900006e-05,
                0.7209856035043313,
                0.2719336892984879
            ],
            [
                9.658168559533533e-05,
                0.014167645148053564,
                4.5133652035527204e-05,
                0.21613472803716574,
                0.7695559114771497
            ]
        ],
        [
            [
                0.8258120585544486,
                0.17418794144555136,
                0.0,
                0.0,
                0.0
            ],
            [
                0.9504742429358798,
                0.04952575706412026,
                0.0,
                0.0,
                0.0
            ],
            [
                0.00043949218306897967,
                0.9989256480264352,
                0.00048472112763777104,
                0.00014940686632850355,
                7.317965293738786e-07
            ],
            [
                4.857936264037714e-05,
                0.012318534827714467,
                8.953179411387838e-05,
                0.21885942438609873,
                0.7686839296294325
            ],
            [
                6.519608061597924e-05,
                0.008194722707984747,
                2.447307060062023e-05,
                0.03995970114472872,
                0.9517559069960699
            ]
        ],
        [
            [
                0.9923345550517115,
                0.007664135875294546,
                0.0,
                0.0,
                1.3090729939654552e-06
            ],
            [
                0.8566781543236421,
                0.14332184567635783,
                0.0,
                0.0,
                0.0
            ],
            [
                2.6892942512948014e-05,
                0.0031495428429711295,
                6.12040211283793e-05,
                0.1589601613200342,
                0.8378021988733533
            ],
            [
                0.00010444358371972475,
                0.03266731307870746,
                0.00010424553780285321,
                0.41257825832768885,
                0.5545457394720811
            ],
            [
                2.81728971112609e-05,
                0.02061404503862346,
                5.977278281338558e-05,
                0.1272589696644082,
                0.8520390396170436
            ]
        ],
        [
            [
                0.8124087494628122,
                0.1875864972907894,
                0.0,
                0.0,
                4.753246398437276e-06
            ],
            [
                0.9445450465149604,
                0.055454953485039635,
                0.0,
                0.0,
                0.0
            ],
            [
                2.811003428241571e-05,
                0.9803850047471906,
                0.010173754597083475,
                0.009407513942215867,
                5.61667922761552e-06
            ],
            [
                4.700441984769029e-05,
                0.018436486398994374,
                0.00021328144607973064,
                0.37201927134383656,
                0.6092839563912417
            ],
            [
                0.0,
                0.0002331761988222967,
                6.724861872678415e-06,
                0.001878138462776398,
                0.9978819604765286
            ]
        ],
        [
            [
                0.6551266400684403,
                0.3448733599315597,
                0.0,
                0.0,
                0.0
            ],
            [
                0.8746232476883805,
                0.12537675231161946,
                0.0,
                0.0,
                0.0
            ],
            [
                4.285907791590713e-05,
                0.9982542735077938,
                0.0009692047365020441,
                0.0007328034167559989,
                8.59261032157679e-07
            ],
            [
                0.0001277263330593409,
                0.07395103412201065,
                0.00012650602710249955,
                0.4000791382361481,
                0.5257155952816794
            ],
            [
                3.479959864753479e-05,
                0.04378657548448564,
                0.00012663055782342154,
                0.3220248793503013,
                0.6340271150087422
            ]
        ],
        [
            [
                0.9054778150877539,
                0.09451701087591009,
                0.0,
                0.0,
                5.174036336028366e-06
            ],
            [
                0.7595570619336101,
                0.24044293806639003,
                0.0,
                0.0,
                0.0
            ],
            [
                2.5036114162692207e-05,
                0.08379367857788804,
                0.013317975579110302,
                0.9016385238082628,
                0.0012247859205761923
            ],
            [
                0.00015191228647249818,
                0.025206003811227007,
                0.00029074055083722734,
                0.2057883086732683,
                0.768563034678195
            ],
            [
                2.4991575317438195e-05,
                0.01963403817874832,
                5.731364802420482e-05,
                0.14410046094567508,
                0.8361831956522349
            ]
        ],
        [
            [
                0.9814170848137455,
                0.018582915186254535,
                0.0,
                0.0,
                0.0
            ],
            [
                0.8481828182741529,
                0.15181718172584716,
                0.0,
                0.0,
                0.0
            ],
            [
                6.409628514520283e-06,
                0.00308863342628035,
                0.0010300692533238552,
                0.9547301788674178,
                0.04114470882446356
            ],
            [
                5.4468781519121574e-05,
                0.0563055293400558,
                6.049270149929991e-05,
                0.3513302086942655,
                0.5922493004826602
            ],
            [
                4.915580201600488e-05,
                0.01856471261855173,
                0.00011105947701234567,
                0.2010171861756234,
                0.7802578859267966
            ]
        ],
        [
            [
                0.9748167714009724,
                0.02518322859902755,
                0.0,
                0.0,
                0.0
            ],
            [
                0.8239541312907477,
                0.17604586870925232,
                0.0,
                0.0,
                0.0
            ],
            [
                7.765043342254198e-06,
                0.005177334555946115,
                0.0003221360714197335,
                0.7282732369413552,
                0.26621952738793686
            ],
            [
                8.14843453923849e-05,
                0.04610952947387874,
                9.391300929136411e-05,
                0.29881191924260575,
                0.6549031539288318
            ],
            [
                6.0668121383511006e-05,
                0.03351475863181224,
                4.710011190727935e-05,
                0.11643153268753123,
                0.8499459404473657
            ]
        ],
        [
            [
                0.9538348276416173,
                0.046158258325003705,
                0.0,
                0.0,
                6.9140333788672e-06
            ],
            [
                0.15311821753716345,
                0.8468817824628366,
                0.0,
                0.0,
                0.0
            ],
            [
                0.0014248906936445464,
                0.9976298331981492,
                0.0007111567598898503,
                0.00023323694858590877,
                8.823997305055246e-07
            ],
            [
                9.740329963603974e-05,
                0.008004926048635352,
                9.042141104901256e-05,
                0.2970500990535718,
                0.6947571501871078
            ],
            [
                0.0001317982198291085,
                0.08037485965167636,
                0.00015665393164654477,
                0.7257580291854343,
                0.1935786590114137
            ]
        ],
        [
            [
                0.9798882188691791,
                0.020109643791452747,
                0.0,
                0.0,
                2.13733936815551e-06
            ],
            [
                0.6055145480160526,
                0.3944854519839474,
                0.0,
                0.0,
                0.0
            ],
            [
                0.001062685587908036,
                0.9989030477201691,
                2.9075257550773685e-05,
                4.837120262262683e-06,
                3.543141097924754e-07
            ],
            [
                0.00013787190314714927,
                0.009803802660851794,
                6.200096912760517e-05,
                0.03780461696247301,
                0.9521917075044004
            ],
            [
                2.598491377913163e-06,
                0.00015556653802423437,
                4.9683040147750655e-06,
                0.00093829109563466,
                0.9988985755709484
            ]
        ],
        [
            [
                0.957790043883056,
                0.04220457231372305,
                0.0,
                0.0,
                5.383803220974007e-06
            ],
            [
                0.8729310979896593,
                0.1270689020103407,
                0.0,
                0.0,
                0.0
            ],
            [
                8.696996005712791e-05,
                0.7780237027312861,
                0.09210012434303481,
                0.12976486647800115,
                2.4336487620761215e-05
            ],
            [
                3.046039523943031e-05,
                0.005278038561244248,
                0.00013846482511324203,
                0.5958694783867606,
                0.3986835578316424
            ],
            [
                1.1334395450410736e-05,
                0.004664232831475702,
                2.2823482673848726e-05,
                0.19666667070932328,
                0.7986349385810768
            ]
        ],
        [
            [
                0.9648892457065924,
                0.03510757073401532,
                0.0,
                0.0,
                3.1835593924042435e-06
            ],
            [
                0.6465268501216501,
                0.3534731498783498,
                0.0,
                0.0,
                0.0
            ],
            [
                3.266543812629246e-05,
                0.30188483450129716,
                0.016045605347110622,
                0.6811028749659869,
                0.0009340197474789802
            ],
            [
                0.00013446043349968134,
                0.023119538951433014,
                4.187056110402374e-05,
                0.018071919089896627,
                0.9586322109640667
            ],
            [
                1.0065619906407195e-05,
                0.0008962604463789942,
                1.1557685737667524e-05,
                0.008013201495194331,
                0.9910689147527827
            ]
        ],
        [
            [
                0.3275198498096827,
                0.6724801501903173,
                0.0,
                0.0,
                0.0
            ],
            [
                0.9032806435233727,
                0.09671935647662731,
                0.0,
                0.0,
                0.0
            ],
            [
                0.0002045146258689813,
                0.9997166595487653,
                4.683351097069762e-05,
                3.1343001141090824e-05,
                6.493132539941366e-07
            ],
            [
                6.915571728743835e-05,
                0.059421270720780794,
                0.0001660957175942385,
                0.3604896386414001,
                0.5798538392029374
            ],
            [
                0.000313682186254789,
                0.054114682720804407,
                0.0004069613947125151,
                0.1757685281873824,
                0.7693961455108459
            ]
        ],
        [
            [
                0.8128333374107054,
                0.1871666625892945,
                0.0,
                0.0,
                0.0
            ],
            [
                0.4601774897616216,
                0.5398225102383785,
                0.0,
                0.0,
                0.0
            ],
            [
                9.040215509156805e-06,
                0.014728307681671894,
                0.00024495340618664645,
                0.8852317943184936,
                0.09978590437813861
            ],
            [
                0.0001195671773354452,
                0.03604003081907602,
                0.0004847742733657327,
                0.5393601834977281,
                0.4239954442324947
            ],
            [
                7.028839787662148e-05,
                0.014466063657343854,
                0.00026907462241517263,
                0.5318111228328323,
                0.45338345048953205
            ]
        ],
        [
            [
                0.9195925761405471,
                0.08040742385945293,
                0.0,
                0.0,
                0.0
            ],
            [
                0.47089741501962273,
                0.5291025849803773,
                0.0,
                0.0,
                0.0
            ],
            [
                1.0511141269884359e-05,
                0.0020107594548928994,
                0.00011873198996325959,
                0.5117010672794076,
                0.4861589301344663
            ],
            [
