{
    "[['A', 'B', 'C', 'D', 'E'], ['A', 'B', 'C', 'D', 'E']]": [
        [
            [
                0.6038033436943194,
                0.38901914403308185,
                0.0,
                0.00010224233970871523,
                0.007075269932890054
            ],
            [
                0.7163179236194083,
                0.28361692222328017,
                0.0,
                8.10166617542385e-06,
                5.7052491136158376e-05
            ],
            [
                0.0,
                0.003002156148519926,
                0.9544257341690223,
                0.042566844268717374,
                5.2654137404023075e-06
            ],
            [
                0.00021565971013887527,
                0.009496805419335171,
                2.682420762456638e-05,
                0.24610165207695348,
                0.7441590585859479
            ],
            [
                1.020271375215759e-05,
                0.0002554290650087603,
                4.563065876926018e-06,
                0.016582558662977375,
                0.9831472464923848
            ]
        ],
        [
            [
                0.783425182024498,
                0.2111855324216281,
                0.0,
                0.00010795403413616911,
                0.005281331519737812
            ],
            [
                1.1115110763275597e-05,
                0.024966158144194863,
                0.00019851715361171137,
                0.9666195705292416,
                0.008204639062188544
            ],
            [
                2.840797504935453e-06,
                0.004443328889314677,
                0.7298509209188768,
                0.26569115037173213,
                1.175902257152364e-05
            ],
            [
                4.44084292690061e-06,
                3.655219381987982e-05,
                2.1336309650347146e-06,
                0.00681588302697304,
                0.9931409903053151
            ],
            [
                9.554171449806343e-06,
                0.00032329003456632626,
                8.061880646639352e-06,
                0.10379500842325405,
                0.8958640854900831
            ]
        ],
        [
            [
                0.8696050812031013,
                0.12649252700984753,
                0.0,
                3.6966422861048916e-05,
                0.0038654253641900943
            ],
            [
                0.0504889703150344,
                0.9494972917550897,
                2.5695427937219667e-06,
                4.645239732497259e-06,
                6.5231473496548894e-06
            ],
            [
                1.4656343008198554e-06,
                0.00012612344109628047,
                4.014862573755375e-06,
                0.04329493439624622,
                0.9565734616657829
            ],
            [
                0.00013652854329066698,
                0.0023764705436251847,
                8.774981851296258e-06,
                0.06052914122071972,
                0.9369490847105132
            ],
            [
                1.5867221918211406e-05,
                0.00011132028165604506,
                4.444642626749553e-06,
                0.003472103435969023,
                0.99639626441783
            ]
        ],
        [
            [
                0.7621604691166076,
                0.22872007584210302,
                0.0,
                7.110179329121613e-05,
                0.009048353247998223
            ],
            [
                0.00010977969131625703,
                0.9997946100623379,
                2.8232973029973902e-05,
                6.618312699845089e-05,
                1.194146317315988e-06
            ],
            [
                0.0,
                0.0031583461042022187,
                0.8540271850038123,
                0.14280940453698668,
                5.064354998737952e-06
            ],
            [
                2.1546259536589272e-05,
                0.0007294349768245842,
                1.7041307166303828e-05,
                0.9917272214698581,
                0.007504755986614356
            ],
            [
                8.154074678070904e-06,
                0.00016906812882217577,
                1.9291792816741452e-05,
                0.3848563638749483,
                0.6149471221287347
            ]
        ],
        [
            [
                0.42497169761791187,
                0.5743213452824936,
                0.0,
                3.03314104366034e-05,
                0.0006766256891580296
            ],
            [
                1.7207728005617503e-05,
                0.990546101432421,
                9.009814584677094e-05,
                0.009337395010900916,
                9.197682825754096e-06
            ],
            [
                0.0,
                0.0006134506823997139,
                0.0005669532073673184,
                0.9987859334447647,
                3.366266546827352e-05
            ],
            [
                4.346778123335697e-05,
                0.0037597321696372548,
                6.98917769673385e-05,
                0.9239115513246572,
                0.07221535694750497
            ],
            [
                1.0975241286904964e-05,
                0.0001309902566685302,
                4.5039191675345514e-06,
                0.01454226249490639,
                0.9853112680879706
            ]
        ],
        [
            [
                0.8518918754182937,
                0.1453423985828589,
                0.0,
                1.5577999139941128e-05,
                0.0027501479997074623
            ],
            [
                0.19244228577354666,
                0.8075419237375093,
                0.0,
                4.537799366910824e-06,
                1.1252689577059737e-05
            ],
            [
                2.8726935141841356e-07,
                1.690102047665072e-05,
                0.9999724103040261,
                1.04014061458531e-05,
                0.0
            ],
            [
                1.748687006210915e-05,
                0.00048051863835652577,
                1.6767899543600548e-05,
                0.8680260527702953,
                0.13145917382174235
            ],
            [
                0.00014850771993170703,
                0.00802189007234815,
                4.551217820328027e-05,
                0.1678001627574176,
                0.8239839272720992
            ]
        ],
        [
            [
                0.396925499052774,
                0.6004853392176559,
                0.0,
                4.437569251153958e-05,
                0.0025447860370584655
            ],
            [
                7.2058085174455e-06,
                0.9999368322827735,
                1.266481200041098e-05,
                4.2716251256600685e-05,
                5.808454521598739e-07
            ],
            [
                0.0,
                0.00390785749077481,
                4.680977489878403e-05,
                0.9726049880985838,
                0.023440344635742526
            ],
            [
                5.0149773235886694e-05,
                0.00344654649482178,
                2.509154640211779e-05,
                0.43475663453738067,
                0.5617215776481596
            ],
            [
                0.0001535221315909542,
                0.0008937907938007205,
                6.643857452043854e-06,
                0.00929342775569329,
                0.989652615461463
            ]
        ],
        [
            [
                0.3536367116698893,
                0.6449077716941553,
                1.2891184774360648e-05,
                8.001344851253527e-05,
                0.001362612002668536
            ],
            [
                0.6019244318531933,
                0.3971592499370828,
                0.0,
                6.97258422179691e-05,
                0.0008465923675060191
            ],
            [
                4.950768601458901e-06,
                0.0006722418943272794,
                2.7025472239616948e-05,
                0.7563969908823077,
                0.24289879098252384
            ],
            [
                2.363732665202934e-05,
                0.0009863650312676713,
                1.848375245190837e-05,
                0.37469548698146027,
                0.6242760269081681
            ],
            [
                4.185652980192131e-06,
                5.3794902870207844e-05,
                6.159235855938083e-06,
                0.05601643565468008,
                0.9439194245536137
            ]
        ],
        [
            [
                0.6752703688994981,
                0.32430639078037815,
                0.0,
                1.8778154480650923e-05,
                0.0004044621656431792
            ],
            [
                0.3333554180494617,
                0.6665410413901082,
                0.0,
                1.2594470988843348e-05,
                9.094608944131017e-05
            ],
            [
                0.0,
                0.00013683307495456512,
                1.2262744357977588e-05,
                0.3899688144457514,
                0.6098820897349361
            ],
            [
                1.6407675692028568e-05,
                0.002051029118802621,
                2.887104689325444e-05,
                0.9603248953617894,
                0.037578796796822724
            ],
            [
                6.646126063846345e-06,
                2.154655920480275e-05,
                4.661545931742339e-06,
                0.0046902545645896845,
                0.9952768912042099
            ]
        ],
        [
            [
                0.8473512052180755,
                0.14558015057554438,
                0.0,
                1.9420501316745105e-05,
                0.0070492237050633275
            ],
            [
                7.308086911493467e-05,
                0.9998796865262506,
                1.1092898447750027e-05,
                3.4383356481608554e-05,
                1.7563497051253317e-06
            ],
            [
                0.0,
                0.00031137063808866155,
                6.762102564477378e-05,
                0.9868784774646817,
                0.0127425308715849
            ],
            [
                8.710349753083716e-05,
                0.0007431219316101475,
                1.2456823417005721e-05,
                0.013404128538855437,
                0.9857531892085866
            ],
            [
                0.0002513099528319938,
                0.0007064283271058941,
                8.065656014165678e-06,
                0.008419826060669579,
                0.9906143700033784
            ]
        ],
        [
            [
                0.6990836969866904,
                0.30040943286510535,
                0.0,
                2.06087676514334e-05,
                0.00048626138055288433
            ],
            [
                0.23893134901619617,
                0.7604095128675121,
                2.00572733193558e-05,
                0.00027314228422235375,
                0.0003659385587500182
            ],
            [
                0.0,
                0.010348256552918772,
                0.9821703321685625,
                0.0074767227169412545,
                4.68856157744499e-06
            ],
            [
                9.177279601236595e-05,
                0.0014263046446753459,
                6.339974973098427e-05,
                0.6792454399967575,
                0.31917308281282386
            ],
            [
                0.00010443096416847293,
                0.001102829824500379,
                2.1257307596010488e-05,
                0.08882193578903305,
                0.9099495461147021
            ]
        ],
        [
            [
                0.19040815942215902,
                0.8090733722832701,
                6.762032797425917e-06,
                5.987443111823815e-05,
                0.0004518318306549907
            ],
            [
                0.0,
                0.00015862804837145743,
                1.1193162975906277e-05,
                0.9863708175834393,
                0.013459361205213408
            ],
            [
                6.755898924083098e-06,
                0.02959693352811049,
                0.38638232515519827,
                0.5840071692933849,
                6.816124382197259e-06
            ],
            [
                0.00022159470510181752,
                0.05441515946407874,
                5.334755037869035e-05,
                0.7423925019379332,
                0.2029173963425077
            ],
            [
                0.00010121110970835777,
                7.215167717041247e-05,
                2.42033395977587e-06,
                0.0012708982724246656,
                0.9985533186067368
            ]
        ],
        [
            [
                0.8002858148860578,
                0.19752395749236318,
                0.0,
                1.0359934969386675e-05,
                0.0021798676866096487
            ],
            [
                0.251398412852358,
                0.7481632779325653,
                6.542028345014745e-06,
                5.04662735099869e-05,
                0.0003813009132216069
            ],
            [
                0.0,
                0.0015871742678716073,
                0.977270527330607,
                0.021138162267566776,
                4.136133954447904e-06
            ],
            [
                1.7770309330990446e-05,
                0.0010060550285373748,
                3.285155399182775e-05,
                0.9286614390730114,
                0.0702818840351285
            ],
            [
                3.0098126821335194e-05,
                7.04087776534383e-05,
                1.4576607692600454e-06,
                0.0019260083696648704,
                0.997972027065091
            ]
        ],
        [
            [
                0.7877657070112626,
                0.2114704105127373,
                0.0,
                4.108883231163421e-05,
                0.0007227936436886049
            ],
            [
                0.1682888783906561,
                0.8316222755761804,
                5.101444301158829e-06,
                1.4643209255387596e-05,
                6.910137960700539e-05
            ],
            [
                0.0,
                0.0006436290340590315,
                0.00013330133285716734,
                0.9111929039949571,
                0.08803016563812656
            ],
            [
                5.094270987501038e-05,
                0.00023419653722919263,
                3.08033748959256e-06,
                0.010058355544451633,
                0.9896534248709546
            ],
            [
                0.00011210407701364439,
                0.0013421441134688016,
                4.0842806031265285e-05,
                0.6973355322747857,
                0.3011693767287006
            ]
        ],
        [
            [
                0.7458001218467939,
                0.2507907079658075,
                0.0,
                4.319656756054782e-05,
                0.0033659736198380086
            ],
            [
                1.1615163335580223e-05,
                0.007410496562979522,
                6.195475921386467e-05,
                0.9918522778558215,
                0.0006636556586494706
            ],
            [
                1.1853511123793594e-05,
                0.002926525379680918,
                7.009308336533247e-05,
                0.9870609782458818,
                0.00993054977994814
            ],
            [
                3.601395458855759e-05,
                0.004305778302184208,
                1.6320312388548243e-05,
                0.1286037165965688,
                0.8670381708342699
            ],
            [
                9.837332512810539e-05,
                8.715408823660728e-05,
                5.004385766256202e-06,
                0.0023372181613555165,
                0.9974722500395136
            ]
        ],
        [
            [
                0.8723787214331533,
                0.125237957437391,
                6.219326157778246e-06,
                5.3065901523972195e-05,
                0.002324035901773982
            ],
            [
                0.2181231757613216,
                0.7818198295599974,
                0.0,
                1.3348793532058183e-05,
                4.364588514898298e-05
            ],
            [
                0.0,
                0.00034161552742231153,
                0.00021605383567486566,
                0.9986905023049855,
                0.0007518283319173381
            ],
            [
                2.1235836928403604e-05,
                0.000657693209524616,
                2.485813779702664e-05,
                0.1731741779029144,
                0.8261220349128356
            ],
            [
                1.0752850062965515e-05,
                0.00012182563992912882,
                2.09357230046831e-06,
                0.0034635260598484376,
                0.9964018018778591
            ]
        ],
        [
            [
                0.8199740750788982,
                0.17899691437312756,
                0.0,
                9.143752448285275e-05,
                0.0009375730234914363
            ],
            [
                2.5377541213250314e-05,
                0.009898735282133768,
                0.00045703632736308235,
                0.9713862618047471,
                0.018232589044542936
            ],
            [
                2.043851271718286e-06,
                0.022661671729854237,
                0.00010139379605003894,
                0.9745571868465431,
                0.002677703776280816
            ],
            [
                1.5030897315349008e-05,
                0.0002826343191490944,
                1.4369084609947605e-06,
                0.003721335557257637,
                0.9959795623178169
            ],
            [
                1.3512091377728989e-05,
                0.00020124879771462367,
                1.2739697964271653e-05,
                0.08231104997160216,
                0.9174614494413412
            ]
        ],
        [
            [
                0.6770760225481341,
                0.3150206287106168,
                0.0,
                0.00011812342195311486,
                0.007785225319295803
            ],
            [
                8.734490997523185e-06,
                0.4480304018120858,
                5.135265660488219e-05,
                0.5488357362142952,
                0.0030737748260165473
            ],
            [
                0.0,
                2.1318758253318896e-05,
                0.9885487855921328,
                0.011427732484771153,
                2.1631648427851246e-06
            ],
            [
                8.909765456151049e-06,
                0.0003618420958927528,
                2.2719280324021825e-05,
                0.8417090840973179,
                0.15789744476100917
            ],
            [
                7.086826953706347e-05,
                0.0011146812795544438,
                7.120983123952761e-06,
                0.15845759468727444,
                0.8403497347805101
            ]
        ],
        [
            [
                0.7819202586008438,
                0.21665799061169116,
                0.0,
                1.0586880110421196e-05,
                0.0014111639073546081
            ],
            [
                7.3193281306487406e-06,
                0.10092995479318798,
                4.042072054767952e-05,
                0.8988481364287713,
                0.00017416872936246294
            ],
            [
                5.015416837597611e-06,
                0.0318719099853276,
                0.9429507950809624,
                0.025168601794882152,
                3.6777219902766684e-06
            ],
            [
                0.00015573590918744497,
                0.020950338502735602,
                3.118052442826969e-05,
                0.04245375661462587,
                0.9364089884490228
            ],
            [
                1.940039193457489e-05,
                0.00014531870103760475,
                3.6414329387626543e-06,
                0.00536564713106231,
                0.9944659923430268
            ]
        ],
        [
            [
                0.6854192584607166,
                0.3116026254364645,
                0.0,
                4.686672890083157e-05,
                0.002931249373918013
            ],
            [
                4.504729511615504e-06,
                0.0006964742677403481,
                1.7903824467741858e-05,
                0.9682506054894069,
                0.031030511688873382
            ],
            [
                0.0,
                0.011603100165000057,
                0.9007370178422068,
                0.08765738102294227,
                2.500969850866844e-06
            ],
            [
                0.0011371547059412536,
                0.0031537211419670357,
                2.2732575720003194e-05,
                0.06101111560126486,
                0.9346752759751068
            ],
            [
                1.1782445757075735e-05,
                5.795215614716059e-05,
                5.7885844285278716e-06,
                0.16388421905622585,
                0.8360402577574414
            ]
        ],
        [
            [
                0.5219106840534747,
                0.4712572290093014,
                0.0,
                3.3957247526416024e-05,
                0.006798129689697484
            ],
            [
                0.0002062340048100286,
                0.5797929129356071,
                0.00012135479798244094,
                0.3901681463867887,
                0.029711351874811567
            ],
            [
                4.635332125350008e-06,
                0.00031700509693437234,
                3.1090672432197125e-05,
                0.9064730955380473,
                0.09317417336046065
            ],
            [
                4.944154647533018e-06,
                0.0020132980947641823,
                1.910561936754803e-05,
                0.9807314085975063,
                0.017231243533714455
            ],
            [
                3.162944630194448e-06,
                4.6974478270339464e-05,
                1.9051275061462729e-06,
                0.014351753928465003,
                0.9855962035211283
            ]
        ],
        [
            [
                0.5808041662161778,
                0.41355856382796957,
                0.0,
                0.00011040314855864184,
                0.005526866807293961
            ],
            [
                2.1326620652849453e-05,
                0.8388033089787778,
                6.911737098669477e-05,
                0.16086117232315023,
                0.0002450747064324853
            ],
            [
                0.0,
                0.005885446827185297,
                0.125664701947112,
                0.8684447427608274,
                5.108464875185167e-06
            ],
            [
                5.428705803103864e-06,
                0.00011251896256435203,
                5.129815858801965e-06,
                0.050968718642232215,
                0.9489082038735416
            ],
            [
                5.739030360174058e-05,
                0.0018359096546391904,
                2.0292195667616558e-05,
                0.07177295137461685,
                0.9263134564714747
            ]
        ],
        [
            [
                0.6014743689740101,
                0.3965191369937689,
                0.0,
                7.259295827677744e-05,
                0.0019339010739443092
            ],
            [
                7.397288531457653e-05,
                0.07714156438635175,
                0.0001953946992179756,
                0.9150557293109706,
                0.007533338718145054
            ],
            [
                0.0,
                2.387535651787629e-05,
                4.376449266841775e-05,
                0.9992785609192564,
                0.0006537992315573472
            ],
            [
                2.2373461942958726e-05,
                0.0005755233621236524,
                1.064528979781767e-05,
                0.14143102506065913,
                0.8579604328254765
            ],
            [
                8.07900484402786e-06,
                5.9720939367693654e-05,
                1.7419474335908872e-06,
                0.009833962179571889,
                0.9900964959287828
            ]
        ],
        [
            [
                0.8165093213856125,
                0.18227925595636796,
                0.0,
                3.974539015761017e-05,
                0.0011716772678618424
            ],
            [
                0.7206071872118617,
                0.27920003836948293,
                0.0,
                9.067751128995692e-06,
                0.00018370666752641918
            ],
            [
                5.269905780591012e-06,
                0.00016847282889611336,
                2.9685582313352978e-05,
                0.32265540784766167,
                0.6771411638353484
            ],
            [
                1.3040145940930213e-05,
                0.00033852178516389527,
                2.023552550769306e-05,
                0.8885209282996999,
                0.11110727424368756
            ],
            [
                9.986307620886312e-05,
                0.004020528376088453,
                1.6112365325014974e-05,
                0.7849486813401667,
                0.21091481484221092
            ]
        ],
        [
            [
                0.8296059975363134,
                0.16498508089706915,
                0.0,
                4.706359771873863e-05,
                0.0053618579688987705
            ],
            [
                0.0,
                0.0027486957090510277,
                8.785782505079941e-06,
                0.9748606204099911,
                0.022381898098452684
            ],
            [
                0.0,
                0.0003614583631257391,
                0.0013511666141471606,
                0.9969327374048149,
                0.0013546376179121137
            ],
            [
                9.842546125712708e-06,
                4.833705400514806e-05,
                1.2594012759416737e-06,
                0.006483735765208003,
                0.9934568252333852
            ],
            [
                0.00021643105860830178,
                0.03206204018948734,
                0.00016993806731162674,
                0.8727365473382784,
                0.09481504334631433
            ]
        ],
        [
            [
                0.7368586073772534,
                0.26245216593251935,
                0.0,
                1.923995140275136e-05,
                0.0006699867388244784
            ],
            [
                1.400888455252577e-06,
                0.016295419682541303,
                4.5737459563047894e-05,
                0.9835402023762164,
                0.00011723959322396663
            ],
            [
                0.0,
                0.00037022306968793417,
                1.3452332552925123e-05,
                0.8735401561196602,
                0.12607616847809897
            ],
            [
                1.015332493683489e-05,
                0.0004135382163463996,
                5.284601592115694e-06,
                0.05152190993593278,
                0.9480491139211918
            ],
            [
                3.618066620197822e-05,
                0.00037613626826830455,
                4.911870828356709e-06,
                0.02355838043701303,
                0.9760243907576883
            ]
        ],
        [
            [
                0.777188057379437,
                0.2215387273836083,
                0.0,
                1.5497428309527206e-05,
                0.0012577178086452118
            ],
            [
                1.7094329400692062e-05,
                0.6910699270497266,
                5.407142157976237e-05,
                0.308600239352327,
                0.00025866784696608637
            ],
            [
                0.0,
                0.0006772289606499872,
                9.400479650546942e-06,
                0.9836930129945256,
                0.015620357565173808
            ],
            [
                0.0007656440183363229,
                0.002375401212310526,
                9.963043863577666e-06,
                0.032641443523599364,
                0.9642075482018901
            ],
            [
                4.801955001239326e-05,
                0.000414528288657277,
                3.291522487559113e-06,
                0.0461375125758687,
                0.9533966480629741
            ]
        ],
        [
            [
                0.693685618691308,
                0.2969371741736984,
                0.0,
                5.179481048914625e-05,
                0.009325412324504501
            ],
            [
                1.4112185457607497e-05,
                0.00023678951899165876,
                1.7753552575885078e-05,
                0.6041198237994084,
                0.3956115209435665
            ],
            [
                0.0,
                7.782510893793069e-05,
                8.369934200440525e-05,
                0.997267158759611,
                0.002571316789446659
            ],
            [
                4.000296380637872e-05,
                0.0013951455790164916,
                3.456921501392033e-05,
                0.8372272203495316,
                0.16130306189263166
            ],
            [
                0.00013557096916079668,
                0.0030721510434569732,
                4.363978615954812e-05,
                0.3991313983578127,
                0.59761723984341
            ]
        ],
        [
            [
                0.7272446406255525,
                0.267595106208894,
                0.0,
                4.337335963589714e-05,
                0.005116879805917659
            ],
            [
                6.9463513449726875e-06,
                0.988273840209275,
                4.7526599101231656e-05,
                0.011662006572776882,
                9.680267501781883e-06
            ],
            [
                0.0,
                2.003525010580193e-05,
                1.5517171158930108e-05,
                0.9978146982405073,
                0.0021497493382280556
            ],
            [
                0.0005234153747816489,
                0.0032725224713601136,
                1.9904192033314924e-05,
                0.1652452419876264,
                0.8309389159741984
            ],
            [
                2.3618893597375098e-05,
                0.0006058088867321057,
                5.656650699748233e-06,
                0.04110025759164754,
                0.9582646579773232
            ]
        ],
        [
            [
                0.4919901595626788,
                0.5055088936508514,
                0.0,
                3.603115068319556e-05,
                0.0024649156357866974
            ],
            [
                6.058294269231112e-06,
                0.9999617627564213,
                7.944995922207088e-06,
                2.3430117951980534e-05,
                8.038354352614097e-07
            ],
            [
                0.0001499417038894677,
                0.016208816114911227,
                0.00041066162469393795,
                0.9517279957807966,
                0.03150258477570873
            ],
            [
                0.0015146165216584407,
                0.0059628024834419095,
                3.435238899562745e-05,
                0.32602526745807786,
                0.6664629611478262
            ],
            [
                1.1538176831192181e-05,
                0.00012645825601099458,
                0.0,
                0.02159898629319321,
                0.9782630172739646
            ]
        ],
        [
            [
                0.3525464223204109,
                0.6428294172631085,
                7.107987040685464e-06,
                5.918653620707212e-05,
                0.004557865893232717
            ],
            [
                1.0799365513005596e-05,
                0.9999143521426704,
                6.929019962223973e-06,
                6.668255560838377e-05,
                1.2369162458107794e-06
            ],
            [
                2.9103138635192815e-06,
                0.05210617445056826,
                0.9440554833195098,
                0.0038354319160584602,
                0.0
            ],
            [
                2.9504600970659373e-05,
                0.0008325707608758831,
                5.3996558296636434e-06,
                0.018982432331384146,
                0.9801500926509397
            ],
            [
                0.0006167536327663346,
                0.00030288135027463115,
                2.0091899794912596e-06,
                0.0005366344548919711,
                0.9985417213720875
            ]
        ],
        [
            [
                0.7180965367473366,
                0.2816352667095336,
                0.0,
                1.5413032724216694e-05,
                0.00025278351040556576
            ],
            [
                1.0793137727665291e-05,
                0.07337697230717108,
                0.0001939323790287885,
                0.9211225752362082,
                0.005295726939864302
            ],
            [
                0.0,
                7.26784698234167e-05,
                8.499804724919325e-06,
                0.9966311306727308,
                0.0032876910527207875
            ],
            [
                0.00015862638265605588,
                0.0014811804386094455,
                2.384161641412099e-05,
                0.08964568466404972,
                0.9086906668982707
            ],
            [
                6.389791261598215e-06,
                4.408671991726072e-05,
                5.0595907543386725e-06,
                0.13816972523383814,
                0.8617747386642287
            ]
        ],
        [
            [
                0.7375267942892976,
                0.23468747400248202,
                0.0,
                5.616785455037723e-05,
                0.02772956385367002
            ],
            [
                0.3802537599004706,
                0.6197111798580728,
                0.0,
                0.0,
                3.506024145664299e-05
            ],
            [
                7.867779224462115e-06,
                0.03250664926633971,
                0.8642013289004231,
                0.10327794626472525,
                6.207789287425537e-06
            ],
            [
                0.0005644233253508546,
                0.0010961717339784934,
                8.846779962966444e-06,
                0.0018714206865278664,
                0.9964591374741798
            ],
            [
                1.809560604623833e-05,
                0.00029739735758253566,
                1.94187899010142e-05,
                0.1423193633449699,
                0.8573457249015003
            ]
        ],
        [
            [
                0.6787226157470897,
                0.3157734448561732,
                0.0,
                4.499514921699927e-05,
                0.0054589442475201635
            ],
            [
                6.073363052307588e-06,
                0.9997880501353167,
                7.579191233289093e-06,
                0.0001966317119340979,
                1.6655984636976892e-06
            ],
            [
                0.0,
                0.0003548576766482575,
                4.450131762298824e-05,
                0.8979085513102792,
                0.10169208969544957
            ],
            [
                4.8349515716483137e-05,
                0.0009219446651451794,
                3.855126055274711e-06,
                0.00840340706559741,
                0.9906224436274857
            ],
            [
                4.733184671934312e-05,
                0.001044418302515409,
                9.705632247782926e-06,
                0.10037591440566457,
                0.8985226298128528
            ]
        ],
        [
            [
                0.7122081932881771,
                0.2839352169313745,
                8.087754937374984e-06,
                3.6366251272787554e-05,
                0.003812135774238089
            ],
            [
                9.87277918591042e-06,
                0.9999548183718069,
                1.2827924457389081e-05,
                2.0463573291014582e-05,
                2.0173512587733245e-06
            ],
            [
                0.0,
                1.5480012886104595e-05,
                1.3231769266571707e-05,
                0.7329166375472638,
                0.2670546506705836
            ],
            [
                0.00011638005386114766,
                0.0017503902849654743,
                1.3572173927795348e-05,
                0.02570326645010006,
                0.9724163910371455
            ],
            [
                2.107659209947996e-05,
                0.00024828345209631695,
                1.7722535919057542e-05,
                0.2506017852932355,
                0.7491111321266496
            ]
        ],
        [
            [
                0.794605104414712,
                0.2012827942134137,
                0.0,
                2.022324817909605e-05,
                0.0040918781236952365
            ],
            [
                0.24059311716335305,
                0.7593847445756376,
                0.0,
                5.8309783397773484e-06,
                1.6307282669408034e-05
            ],
            [
                0.0,
                8.646158718746784e-05,
                2.2737470275372622e-05,
                0.9902264470754254,
                0.00966435386711182
            ],
            [
                8.372139367410116e-06,
                0.00020816925011336358,
                9.762548189061032e-06,
                0.8580568858157457,
                0.1417168102465845
            ],
            [
                6.176597930636488e-06,
                2.8383858565796812e-05,
                1.782002306232569e-06,
                0.0022162649948469513,
                0.9977473925463504
            ]
        ],
        [
            [
                0.47133777506078084,
                0.5261644764779058,
                0.0,
                4.343675776546995e-05,
                0.0024543117035479493
            ],
            [
                0.23314915283384677,
                0.7667951974951582,
                0.0,
                1.3570146486444526e-05,
                4.2079524508507144e-05
            ],
            [
                1.4353279452567993e-06,
                3.999831612615977e-05,
                0.00012081728419884246,
                0.9998087892371237,
                2.8959834605982922e-05
            ],
            [
                0.0001180337633463816,
                0.015576024400451038,
                0.00012313406406969197,
                0.8913759315182729,
                0.09280687625385996
            ],
            [
                0.00016933391110295697,
                0.000844063366804481,
                2.9253278823456135e-06,
                0.0025956716088752422,
                0.996388005785335
            ]
        ],
