{
    "[['A', 'B', 'C', 'D', 'E'], ['A', 'B', 'C', 'D', 'E']]": [
        [
            [
                0.50361301490535,
                0.45449584339920956,
                7.5599334860875594e-06,
                4.923842881113186e-05,
                0.04183434333314331
            ],
            [
                9.870696877345777e-06,
                0.993785057176551,
                2.3277260889623772e-05,
                0.006168703446954989,
                1.3091418727076288e-05
            ],
            [
                4.441297740908291e-06,
                0.9713791219089778,
                0.00010399154707632252,
                0.028476475880709565,
                3.596936549545499e-05
            ],
            [
                0.00023760437832302513,
                0.9988025539020906,
                5.737846780489911e-06,
                0.0005686582932371277,
                0.00038544557956868807
            ],
            [
                7.815625513202453e-06,
                0.9755158959961999,
                2.4579604181851057e-05,
                0.024339156249198145,
                0.00011255252490690028
            ]
        ],
        [
            [
                0.5526191522218963,
                0.27113173116351824,
                2.9421654916819152e-05,
                0.00042948660993993875,
                0.1757902083497287
            ],
            [
                6.20115897101352e-05,
                0.9708372159626645,
                2.883527022319074e-05,
                0.021896088627826427,
                0.007175848549575798
            ],
            [
                0.0,
                0.9927362432901241,
                4.0041092372951104e-05,
                0.007218245783680892,
                5.469833822188747e-06
            ],
            [
                3.109720789103125e-05,
                0.7645160192494421,
                7.143329211059792e-05,
                0.2349861221569987,
                0.0003953280935575441
            ],
            [
                0.0006142709419364728,
                0.5160122086337808,
                2.183792428199631e-05,
                0.027289290213370607,
                0.4560623922866302
            ]
        ],
        [
            [
                0.3946046813365913,
                0.275253241936955,
                1.1681252808734363e-05,
                0.00013382771083889593,
                0.32999656776280617
            ],
            [
                0.0,
                0.9575071372795649,
                4.493428122229535e-05,
                0.042434127232862315,
                1.3801206350414807e-05
            ],
            [
                0.0,
                0.21289107903645024,
                0.0012489764412691045,
                0.7857073150632087,
                0.00015262945907203922
            ],
            [
                7.894820792672386e-06,
                0.9761691717635466,
                4.81076375154469e-05,
                0.023706134863161758,
                6.869091498340749e-05
            ],
            [
                1.2492860830796868e-05,
                0.9726982216682865,
                2.54334273857404e-05,
                0.0261417347193262,
                0.0011221173241708873
            ]
        ],
        [
            [
                0.4484573250610156,
                0.5041424148881639,
                1.3650764797549558e-05,
                0.000214667119989406,
                0.04717194216603347
            ],
            [
                3.298528635735199e-06,
                0.9940101366240794,
                1.576691096131232e-05,
                0.005933412564466803,
                3.7385371856718454e-05
            ],
            [
                0.0,
                0.7723066946746769,
                0.00030874487903287016,
                0.22735728496161023,
                2.727548467988749e-05
            ],
            [
                0.0,
                0.9195553165880155,
                3.81262546062607e-05,
                0.08034630968362454,
                6.024747375362742e-05
            ],
            [
                1.3074592730303913e-05,
                0.5409810452627519,
                9.553368050266753e-05,
                0.4576723942406238,
                0.001237952223391301
            ]
        ],
        [
            [
                0.21257480321657188,
                0.781575175782032,
                0.0,
                4.620726886908861e-05,
                0.005803813732527117
            ],
            [
                3.4320844050666854e-06,
                0.9663258544311195,
                8.130477719179975e-05,
                0.033540135485003,
                4.927322228050868e-05
            ],
            [
                0.0,
                0.0009228936729679983,
                0.09815714861754592,
                0.900880574816626,
                3.938289286017372e-05
            ],
            [
                7.4066277337978e-06,
                0.991675689776868,
                2.394726782512488e-05,
                0.008247193495307609,
                4.576283226534092e-05
            ],
            [
                5.3645949373009025e-05,
                0.9782496766510831,
                6.207690162617629e-05,
                0.020266779875997985,
                0.0013678206219197614
            ]
        ],
        [
            [
                0.43446246454654214,
                0.5608130372836232,
                7.38260252209576e-06,
                5.098366165631378e-05,
                0.004666131905656281
            ],
            [
                7.461200352134472e-06,
                0.998171073859348,
                1.0087321178330153e-05,
                0.0018063694955596154,
                5.00812356183444e-06
            ],
            [
                0.0,
                0.6912659694975273,
                0.00015137213177758002,
                0.3084753307261973,
                0.00010732764449787399
            ],
            [
                9.172462856149014e-06,
                0.6960734558013127,
                0.00017198939668957772,
                0.30073802856050535,
                0.0030073537786362192
            ],
            [
                1.0256723880449294e-05,
                0.9918970140080576,
                1.6504721291487312e-05,
                0.00804238113064909,
                3.3843416121321904e-05
            ]
        ],
        [
            [
                0.5888790290862024,
                0.3102424492197895,
                1.4516053328462416e-05,
                0.00038032987304647046,
                0.10048367576763302
            ],
            [
                0.0,
                0.9741972154290327,
                0.00013366934193047826,
                0.02560164670673229,
                6.74685223045239e-05
            ],
            [
                1.4766283160100136e-06,
                0.9987111948998987,
                5.3589241194852303e-05,
                0.0012265582113826653,
                7.181019207938169e-06
            ],
            [
                9.171256279617149e-06,
                0.9543784396322044,
                1.711217632248614e-05,
                0.04526058641793517,
                0.0003346905172584143
            ],
            [
                1.1390349086160404e-05,
                0.8151662796041403,
                4.455611586732196e-05,
                0.1796330477549308,
                0.0051447261759754144
            ]
        ],
        [
            [
                0.09762920664759568,
                0.3318490777080274,
                0.0,
                0.00028415702095889195,
                0.570237558623418
            ],
            [
                8.634413410725414e-06,
                0.989394317028175,
                6.635683552495937e-05,
                0.010519719029386145,
                1.0972693503077113e-05
            ],
            [
                0.0,
                0.058172776661924705,
                0.8902953751847319,
                0.05149646117994431,
                3.5386973399002254e-05
            ],
            [
                1.3390007134788915e-05,
                0.9358737174554537,
                5.1766679663258696e-05,
                0.06267818206050536,
                0.0013829437972428804
            ],
            [
                0.00010984500965508573,
                0.9543803735894082,
                2.5610396160749642e-05,
                0.014938465896021495,
                0.03054570510875441
            ]
        ],
        [
            [
                0.31561590192862965,
                0.4693615823799427,
                0.0,
                0.00016913714829835938,
                0.21485337854312933
            ],
            [
                5.168985866524854e-06,
                0.9724104130737071,
                5.703308351097818e-05,
                0.027503892303101976,
                2.3492553813358757e-05
            ],
            [
                0.0,
                0.972112204668773,
                4.5660289524979546e-05,
                0.027793584008195846,
                4.8551033506159656e-05
            ],
            [
                0.00013693382611648536,
                0.9976494392620088,
                1.0587962981488854e-05,
                0.001824152524612962,
                0.00037888642428037406
            ],
            [
                1.0235738071802364e-05,
                0.9729038430928997,
                2.013695791678786e-05,
                0.027015839714102083,
                4.9944497009674385e-05
            ]
        ],
        [
            [
                0.14373292237595073,
                0.10163151476654378,
                1.2562512121812952e-05,
                0.00011910365337445316,
                0.7545038966920092
            ],
            [
                0.0,
                0.9236413171939654,
                6.0602945299410214e-05,
                0.07615776281225538,
                0.00014031704847994222
            ],
            [
                0.0,
                0.9861921513935424,
                7.045572526444341e-05,
                0.01368961783284587,
                4.777504834724025e-05
            ],
            [
                4.492242099190157e-06,
                0.965360257779564,
                2.1838772193681566e-05,
                0.034549737485348765,
                6.367372079437954e-05
            ],
            [
                0.00017831998072268584,
                0.9978602866132131,
                8.985984457149116e-06,
                0.0007034961338686812,
                0.0012489112877383417
            ]
        ],
        [
            [
                0.5632293058795398,
                0.42209824934370116,
                1.1817213581124822e-05,
                5.559788975836218e-05,
                0.014605029673419524
            ],
            [
                3.896243625347403e-06,
                0.9736415382156092,
                8.156268910137301e-05,
                0.026210545689523197,
                6.245716214088377e-05
            ],
            [
                0.0,
                0.9382606480309936,
                0.0001916201325195187,
                0.061495663296060175,
                5.206854042661751e-05
            ],
            [
                6.060276306654183e-05,
                0.9207526462668095,
                0.00011653940861674977,
                0.0765339557381355,
                0.002536255823371799
            ],
            [
                5.7506769584661624e-05,
                0.990252925793494,
                2.3145391114397264e-05,
                0.00905461700390326,
                0.0006118050419036102
            ]
        ],
        [
            [
                0.20194505111368127,
                0.7455490725040657,
                9.281777174464398e-06,
                0.00011466089513714127,
                0.05238193370994155
            ],
            [
                0.00014504259779129426,
                0.999751215277235,
                5.508891796902505e-06,
                9.540103974098371e-05,
                2.8321934359323107e-06
            ],
            [
                0.0,
                0.7968526472519597,
                0.0005983302005722459,
                0.20241727760801917,
                0.0001317449394488222
            ],
            [
                9.742855762261373e-06,
                0.7408800389964602,
                4.863795893491705e-05,
                0.258893477964247,
                0.00016810222459567983
            ],
            [
                1.6919966236734136e-05,
                0.8738785899537184,
                4.852355541556652e-05,
                0.1149830676537316,
                0.01107289887089778
            ]
        ],
        [
            [
                0.2129970169237656,
                0.7775178064607817,
                0.0,
                5.427818219664578e-05,
                0.009430898433256066
            ],
            [
                0.0,
                0.9449972315435037,
                0.0001147429508665535,
                0.054835661396483305,
                5.236410914653821e-05
            ],
            [
                0.0,
                0.8475991687406953,
                0.00038514218170567356,
                0.15198695431100434,
                2.8734766594706022e-05
            ],
            [
                4.077074178224885e-05,
                0.9899992315311853,
                2.5364630687340975e-05,
                0.009494996085543744,
                0.00043963701080134234
            ],
            [
                5.248777431941705e-05,
                0.9711672522312031,
                3.569363110223752e-05,
                0.020820250470350188,
                0.007924315893025025
            ]
        ],
        [
            [
                0.5758377842361985,
                0.20694215651257908,
                7.941412295792231e-06,
                0.00012371618733392773,
                0.21708840165159277
            ],
            [
                0.0,
                0.6554606272109978,
                0.00012824555957213787,
                0.34420653899221804,
                0.00020458823721198352
            ],
            [
                0.0,
                0.0002778677924028933,
                0.9421809529764777,
                0.057526456480866524,
                1.472275025282891e-05
            ],
            [
                1.006269734719086e-05,
                0.9529672478932825,
                9.583512381632604e-05,
                0.04634698195783008,
                0.0005798723277239217
            ],
            [
                5.157008965543043e-06,
                0.9636708396652567,
                0.0001030767909430093,
                0.035431054261089216,
                0.0007898722737454553
            ]
        ],
        [
            [
                0.23735980449149366,
                0.7123129868989776,
                1.1272031073438278e-05,
                9.257179737563818e-05,
                0.05022336478107969
            ],
            [
                1.620934832564854e-05,
                0.9970855693307725,
                1.919444919760623e-05,
                0.002876067339747869,
                2.9595319562469746e-06
            ],
            [
                0.0,
                0.6903711186468481,
                0.001186297848559847,
                0.30813592671129264,
                0.0003066567932993444
            ],
            [
                0.00015148385559201756,
                0.9896634793852448,
                2.9629013157774627e-05,
                0.009467391084102654,
                0.0006880166619027809
            ],
            [
                8.961981984079415e-05,
                0.9444579984075686,
                3.746932128557106e-05,
                0.04044783099213634,
                0.014967081459168726
            ]
        ],
        [
            [
                0.37074776275760823,
                0.6018119941922413,
                1.731275123281672e-05,
                0.00016314319229156394,
                0.027259787106626056
            ],
            [
                9.920701378975272e-06,
                0.9952430020941414,
                3.2072104137405676e-05,
                0.004702617851524993,
                1.2387248817084527e-05
            ],
            [
                0.0,
                0.24117010250688956,
                0.0003919614852420956,
                0.7583060981809864,
                0.0001318378268818971
            ],
            [
                1.0520898951329069e-05,
                0.9974277786098968,
                1.2028112945612273e-05,
                0.002522885727503635,
                2.6786650702552195e-05
            ],
            [
                1.1578019369820614e-05,
                0.9581948728426379,
                2.32521690147829e-05,
                0.04133918087274482,
                0.0004311160962326261
            ]
        ],
        [
            [
                0.5379000594717599,
                0.22589117760655722,
                0.0,
                0.00012824468039741892,
                0.23608051824128534
            ],
            [
                1.266087876913434e-05,
                0.9111272989407532,
                1.7887360164447816e-05,
                0.0887512087844016,
                9.094403591162891e-05
            ],
            [
                0.0,
                0.6092282474369718,
                0.00017465334147240483,
                0.3905341918027077,
                6.290741884814731e-05
            ],
            [
                1.3513428465918079e-05,
                0.9812489162710033,
                1.831061400958959e-05,
                0.018653030258763314,
                6.622942775800028e-05
            ],
            [
                7.170161801743615e-05,
                0.9848592940323581,
                3.285488085131416e-05,
                0.01494169212784373,
                9.445734092933535e-05
            ]
        ],
        [
            [
                0.47654715859611496,
                0.2135552876799507,
                1.1417186830697051e-05,
                9.82402330664503e-05,
                0.3097878963040373
            ],
            [
                0.0,
                0.9468870434200106,
                5.048474933934981e-05,
                0.05301378735045881,
                4.8684480191142976e-05
            ],
            [
                0.0,
                0.9508765283925497,
                0.00012459767864676812,
                0.04898710972934279,
                1.1764199460837754e-05
            ],
            [
                0.0,
                0.8037899640040013,
                5.8507943718174584e-05,
                0.1942774430227081,
                0.0018740850295724672
            ],
            [
                1.0785983725772366e-05,
                0.9808457390702766,
                1.7807371273871155e-05,
                0.016439207931248773,
                0.0026864596434749972
            ]
        ],
        [
            [
                0.20834729507593042,
                0.767088010396262,
                1.2881983230277152e-05,
                7.40021899236316e-05,
                0.024477810354653712
            ],
            [
                3.5658951944945984e-06,
                0.9733618251031357,
                8.509609342227328e-05,
                0.026528824260563025,
                2.0688647684490803e-05
            ],
            [
                0.0,
                0.0006628200723991957,
                0.4190609984527823,
                0.5802659078905239,
                1.0273584294591515e-05
            ],
            [
                1.1265053690142957e-05,
                0.5888166948236367,
                0.00013521056985787955,
                0.3742818005102152,
                0.03675502904259994
            ],
            [
                1.2637215349055777e-05,
                0.9418169793607879,
                5.120217746655339e-05,
                0.05561906737148174,
                0.002500113874914605
            ]
        ],
        [
            [
                0.3609677183317588,
                0.5644749216568171,
                1.3930379216273838e-05,
                5.452885496244656e-05,
                0.07448890077724542
            ],
            [
                9.118976997373407e-06,
                0.9873492274212783,
                2.9443660579105294e-05,
                0.012564618990700703,
                4.759095044465287e-05
            ],
            [
                0.0,
                0.8859268545070059,
                8.51519957759575e-05,
                0.11389261903555274,
                9.537446166541434e-05
            ],
            [
                9.102964369683416e-06,
                0.6209072983536499,
                0.00020684528852344728,
                0.37627047621054643,
                0.0026062771829105562
            ],
            [
                3.322696546127344e-05,
                0.9059582794901048,
                6.4203694703913e-05,
                0.08266055968278979,
                0.01128373016694022
            ]
        ],
        [
            [
                0.4348087766565946,
                0.5381619228953869,
                1.3573246757472777e-05,
                0.00014601461291738961,
                0.02686971258834358
            ],
            [
                0.0,
                0.9687574746662538,
                2.814179683064462e-05,
                0.031162655036086652,
                5.172850082885321e-05
            ],
            [
                0.0,
                0.9808618949339629,
                3.8208842686048244e-05,
                0.01899536864202094,
                0.00010452758133001398
            ],
            [
                2.2076288970269378e-05,
                0.9664847589523416,
                5.5628804590752114e-05,
                0.0321601708341049,
                0.0012773651199924378
            ],
            [
                0.0,
                0.8397835962912326,
                2.7169962366328257e-05,
                0.03978956767992989,
                0.12039966606647128
            ]
        ],
        [
            [
                0.38036433696616573,
                0.27372326583592815,
                1.657554466718039e-05,
                9.691297358850819e-05,
                0.3457989086796505
            ],
            [
                0.0,
                0.9431686224096905,
                0.00012822125167754141,
                0.0566422640647838,
                6.0892273848191444e-05
            ],
            [
                0.0,
                0.009665188688187006,
                0.00012410404846553295,
                0.9897047727127453,
                0.0005059345506021953
            ],
            [
                7.809878482728226e-05,
                0.747537610128833,
                6.088717111110253e-05,
                0.21203431367936668,
                0.04028909023586187
            ],
            [
                9.894355281714202e-06,
                0.986125807968698,
                2.4401983524078202e-05,
                0.01380858281542515,
                3.131287707116785e-05
            ]
        ],
        [
            [
                0.20575847618706483,
                0.6913402621704449,
                9.064718632388645e-06,
                0.0002448470683498213,
                0.10264734985550802
            ],
            [
                4.70134956623517e-06,
                0.9892933016195421,
                7.547942550507589e-05,
                0.010592705779849873,
                3.381182553675801e-05
            ],
            [
                0.0,
                0.008847114639938291,
                0.1713462008964043,
                0.8197890380396778,
                1.7646423979490293e-05
            ],
            [
                6.884399119933566e-06,
                0.18892603241935693,
                0.00011526592550412038,
                0.6880994490992628,
                0.12285236815675628
            ],
            [
                1.802477263452664e-05,
                0.6068025138192664,
                8.544561307833687e-05,
                0.3718035748467061,
                0.021290440948314577
            ]
        ],
        [
            [
                0.5748242274999188,
                0.18774428467845847,
                1.2822184413372607e-05,
                0.0001577965946534982,
                0.23726086904255592
            ],
            [
                0.0,
                0.36379216780160073,
                0.00024938348595984,
                0.6357349727593158,
                0.0002234759531235516
            ],
            [
                0.0,
                0.73017813411821,
                0.00013705009866889743,
                0.2696189763765786,
                6.583940654250329e-05
            ],
            [
                0.0,
                0.9146857510247072,
                4.875984736787398e-05,
                0.08514662712578314,
                0.00011886200214181368
            ],
            [
                2.6607967874102506e-06,
                0.9395913407601896,
                1.8199272524060464e-05,
                0.06013706918074497,
                0.0002507299897539857
            ]
        ],
        [
            [
                0.17050144762483388,
                0.37770378264850557,
                1.9575513346640717e-05,
                0.00029637319856482106,
                0.451478821014749
            ],
            [
                1.0730597724182328e-05,
                0.9938545613440231,
                1.3638521620938353e-05,
                0.00604491838054137,
                7.615115609053236e-05
            ],
            [
                0.0,
                0.8123599771145619,
                0.00011303890711688735,
                0.18742448005540296,
                0.00010250392291831566
            ],
            [
                8.657005933979567e-06,
                0.6322238337091556,
                0.00010323861172427605,
                0.36223249197678115,
                0.005431778696405106
            ],
            [
                2.3827337710236827e-05,
                0.9804231816454082,
                3.097243343307524e-05,
                0.019047521455717163,
                0.00047449712773147996
            ]
        ],
        [
            [
                0.2220302383909585,
                0.750296306033244,
                8.148889688870973e-06,
                9.208137375766275e-05,
                0.027573225312350857
            ],
            [
                1.2307998864952252e-05,
                0.9962971593377901,
                2.4817185210813804e-05,
                0.003604420778988263,
                6.129469914603062e-05
            ],
            [
                0.0,
                0.9744545256020708,
                0.00011706396906972635,
                0.025413701318861677,
                1.4709109997786102e-05
            ],
            [
                1.6807736680861583e-05,
                0.9844373038667638,
                1.3970253192521021e-05,
                0.015301808409908435,
                0.00023010973345439966
            ],
            [
                9.170493373624971e-05,
                0.9858667129702722,
                3.4606695705017026e-05,
                0.010926028755870914,
                0.0030809466444155845
            ]
        ],
        [
            [
                0.391224355823614,
                0.5439021843487981,
                1.16575277284204e-05,
                0.00021922730814946935,
                0.06464257499171
            ],
            [
                0.0,
                0.9894127676327008,
                3.2032458108880604e-05,
                0.01051862952621001,
                3.657038298023952e-05
            ],
            [
                0.0,
                0.15601945937538814,
                0.0004951154749244429,
                0.8433138648137058,
                0.00017156033598162828
            ],
            [
                4.67873769662159e-06,
                0.955134157426961,
                4.534724162671994e-05,
                0.044700722804933965,
                0.0001150937887818051
            ],
            [
                1.0161189668488658e-05,
                0.9053689695793353,
                2.8894131974901498e-05,
                0.08846960526306326,
                0.006122369835957968
            ]
        ],
        [
            [
                0.1556214601022987,
                0.8336466874510636,
                5.270126676820895e-06,
                7.852439961483616e-05,
                0.010648057920345894
            ],
            [
                0.0,
                0.5781421435323432,
                0.0004928671230771048,
                0.41903189196670804,
                0.0023330973778717366
            ],
            [
                0.0,
                0.9228298941828886,
                0.00016413671803814582,
                0.07699385766795562,
                1.2111431117720724e-05
            ],
            [
                3.452903446401535e-05,
                0.9727869691321946,
                7.330974514117234e-05,
                0.026043183648480534,
                0.001062008439719682
            ],
            [
                3.4898445715118856e-05,
                0.8516911277829817,
                6.831257014990181e-05,
                0.14562300342665863,
                0.002582657774494683
            ]
        ],
        [
            [
                0.1340990842783276,
                0.8211030630778636,
                4.0134517139325536e-05,
                0.0007672858675498929,
                0.04399043225911952
            ],
            [
                4.884262481973761e-06,
                0.9945909623328656,
                1.0247372159605862e-05,
                0.005378327321566177,
                1.55787109267332e-05
            ],
            [
                0.0,
                0.002159599020631358,
                0.5528974082998285,
                0.44487532523778306,
                6.766744175724493e-05
            ],
            [
                3.9536715038331295e-05,
                0.5352741287487657,
                0.00016853757716921524,
                0.4615389992795134,
                0.0029787976795134256
            ],
            [
                2.4351107767244873e-05,
                0.9159389582907187,
                3.831227504187135e-05,
                0.08305696212196925,
                0.0009414162045029524
            ]
        ],
        [
            [
                0.3618925061009177,
                0.5728348029892748,
                1.050680606511507e-05,
                0.00010486986954243671,
                0.06515731423419985
            ],
            [
                0.0,
                0.6421034552626252,
                0.00043140460780948545,
                0.3572133191554267,
                0.0002518209741385761
            ],
            [
                0.0,
                0.99040491860311,
                4.3064881853930075e-05,
                0.009543765172994729,
                8.251342041396475e-06
            ],
            [
                5.1765931434162224e-05,
                0.8890094365768133,
                0.00010271172096060105,
                0.10973967384832017,
                0.0010964119224717288
            ],
            [
                8.296811730016461e-05,
                0.994828679415354,
                2.1260851101027335e-05,
                0.004748222920779748,
                0.0003188686954649728
            ]
        ],
        [
            [
                0.24208490167375477,
                0.7458078746447743,
                0.0,
                0.00010895431856085302,
                0.01199826936291009
            ],
            [
                7.3073496657127346e-06,
                0.9884101781962499,
                3.477169331137649e-05,
                0.011528028906617756,
                1.9713854155315785e-05
            ],
            [
                0.0,
                0.8963665777876829,
                0.00017980977633366008,
                0.10330804106421826,
                0.00014557137176533026
            ],
            [
                9.918358812383789e-06,
                0.9903113303171502,
                1.787804574349617e-05,
                0.009601306532295528,
                5.956674599834479e-05
            ],
            [
                0.00011216724957009838,
                0.9877369715886677,
                2.2901010979561447e-05,
                0.009720409801022942,
                0.0024075503497597815
            ]
        ],
        [
            [
                0.49200322963883136,
                0.38377599739002544,
                2.2367667953514542e-05,
                0.00010714783551804482,
                0.12409125746767159
            ],
            [
                3.7414978936663066e-06,
                0.996465381997885,
                1.2835914182968582e-05,
                0.0035041071732898246,
                1.3933416748415688e-05
            ],
            [
                0.0,
                0.0012378082465721483,
                0.7668059066734525,
                0.2319334953464274,
                2.278973354787557e-05
            ],
            [
                7.585318784768368e-06,
                0.9793497714563998,
                2.8600455384448575e-05,
                0.020575430324183838,
                3.8612445247031575e-05
            ],
            [
                8.661612229936138e-06,
                0.9512002138720727,
                2.646981097169433e-05,
                0.048568166014217935,
                0.0001964886905078381
            ]
        ],
        [
            [
                0.5716877852743824,
                0.2711023620739289,
                0.0,
                0.00011312521391160025,
                0.15709672743777706
            ],
            [
                3.529249622355101e-06,
                0.9912267340909309,
                2.587487127717199e-05,
                0.008716313613539665,
                2.7548174629954212e-05
            ],
            [
                0.0,
                0.001183995967333208,
                0.9347263636657249,
                0.06407732969640688,
                1.2310670535014882e-05
            ],
            [
                1.0581443547131499e-05,
                0.8836549363240064,
                9.43225091360451e-05,
                0.11583778175834643,
                0.00040237796496409505
            ],
            [
                5.366342818805218e-06,
                0.9221512211857943,
                4.943954634212809e-05,
                0.07742888933646203,
                0.00036508358858275235
            ]
        ],
        [
            [
                0.28290254993732195,
                0.16010773012583898,
                0.0,
                1.9599491078608428e-05,
                0.5569701204457604
            ],
            [
                4.790523321627508e-06,
                0.9946447343635357,
                9.022844673930463e-06,
                0.005271797465365865,
                6.965480310275225e-05
            ],
            [
                0.0,
                0.821505050565308,
                0.0001273668430799915,
                0.17831707251006926,
                5.051008154271264e-05
            ],
            [
                1.4068966907617855e-05,
                0.8187849182311666,
                0.00012789433858814635,
                0.17668162149397085,
                0.004391496969366686
            ],
            [
                6.983088970272421e-05,
                0.9913185489742898,
                1.0511222098902593e-05,
                0.006063548433377319,
                0.002537560480531148
            ]
        ],
        [
            [
                0.38800748289892867,
                0.5984191053237304,
                1.4503001394218147e-05,
                9.258893302224998e-05,
                0.013466319842924339
            ],
            [
                3.05590543347927e-05,
                0.9985804711606585,
                2.029663318379134e-05,
                0.0013537589631572556,
                1.491418866561694e-05
            ],
            [
                4.78785051318478e-06,
                0.9902548369832153,
                3.6839976226488066e-05,
                0.009697185483705694,
                6.34970633938433e-06
            ],
            [
                5.572641466242476e-05,
                0.9611669006923886,
                4.587357601942813e-05,
                0.03775011743165073,
                0.0009813818852786468
            ],
            [
                2.4825744368253105e-05,
                0.8498590184849684,
                2.6221513351125265e-05,
                0.09448651398119348,
                0.05560342027611872
            ]
        ],
        [
            [
                0.4952948818490327,
                0.2905441393380672,
                1.049409070660637e-05,
                0.00020162142571349443,
                0.21394886329647997
            ],
            [
                4.32708141592956e-06,
                0.9864814205211521,
                4.4472244561361854e-05,
                0.013433403423148681,
                3.637672972204568e-05
            ],
            [
                0.0,
                0.9367233032419819,
                4.903159224028636e-05,
                0.06312105249900295,
                0.0001066126667748956
            ],
            [
                0.0,
                0.8239315586503781,
                8.969556500517478e-05,
                0.1685181815476949,
                0.0074605642369216605
            ],
            [
                0.00017635275896497497,
                0.9994637543692435,
                5.218376307919873e-06,
                0.0003346132212549399,
                2.006127422862708e-05
            ]
        ],
        [
            [
                0.49112609644834543,
                0.1765250190324392,
                0.0,
                4.4466489011435956e-05,
                0.33230441803020394
            ],
            [
                8.828490662631628e-06,
                0.9902071663723152,
                1.832080074576737e-05,
                0.009745718770727668,
                1.9965565548692658e-05
            ],
            [
                4.305922145702354e-06,
                0.9924044633328662,
                5.0105576954696064e-05,
                0.0075248482127957894,
                1.6276955237452758e-05
            ],
            [
                4.133788876214157e-05,
                0.9863640888435828,
                1.661761841535977e-05,
                0.013392330654196724,
                0.00018562499504276637
            ],
            [
                4.1963542742251706e-05,
