{
    "[['A', 'B', 'C', 'D', 'E'], ['A', 'B', 'C', 'D', 'E']]": [
        [
            [
                0.9261758018875527,
                0.07351127095475943,
                1.1309736815288483e-05,
                4.964578634739652e-05,
                0.0002519716345251657
            ],
            [
                0.0,
                0.12055135821421077,
                4.9414314546059146e-05,
                0.8790592917480323,
                0.00033993572321077515
            ],
            [
                0.0,
                0.154314183337114,
                0.03545243984839728,
                0.8101764045902705,
                5.697222421831471e-05
            ],
            [
                0.0,
                0.04188525599987154,
                0.00016313807996231158,
                0.9559062871001386,
                0.0020453188200276503
            ],
            [
                2.6431162015579763e-05,
                0.7304157294556205,
                8.692778299504645e-05,
                0.2693833382523886,
                8.757334698026525e-05
            ]
        ],
        [
            [
                0.9611677885411414,
                0.038459912535085426,
                5.136637820755946e-06,
                3.9176016867677914e-05,
                0.0003279862690847664
            ],
            [
                3.660696988546394e-05,
                0.142677990627925,
                8.854807778430774e-05,
                0.8511834858048051,
                0.006013368519600136
            ],
            [
                0.0,
                0.0015585777318062458,
                0.5625702949216,
                0.43586306591648194,
                8.061430111778631e-06
            ],
            [
                0.0,
                0.006764388911832206,
                4.957277072552031e-05,
                0.9750588228365845,
                0.01812721548085767
            ],
            [
                0.00037752393680523993,
                0.6371434627432879,
                0.0001381922698749368,
                0.3483927712885158,
                0.013948049761515997
            ]
        ],
        [
            [
                0.8832976071952396,
                0.11645061202110644,
                0.0,
                3.773586258621859e-05,
                0.00021404492106767234
            ],
            [
                5.7631126368036145e-06,
                0.9758597919763762,
                5.654804987986938e-05,
                0.0240741328441865,
                3.7640169205784624e-06
            ],
            [
                0.0,
                0.010011268478192042,
                0.00022480797320378591,
                0.9897150588812961,
                4.8864667308086736e-05
            ],
            [
                0.0,
                0.042322739553192074,
                6.547902083103994e-05,
                0.9574520432940947,
                0.00015973813188220357
            ],
            [
                0.0010742129889877669,
                0.9763689324540722,
                4.4221719914930386e-05,
                0.02183610495006123,
                0.0006765278869636672
            ]
        ],
        [
            [
                0.9762760526504017,
                0.023385859707099613,
                3.5697759426874997e-06,
                2.213897948884447e-05,
                0.0003123788870671535
            ],
            [
                0.0,
                0.00194436305314947,
                3.08657366783506e-05,
                0.9975159354854121,
                0.0005088357247600629
            ],
            [
                0.00019415683386049225,
                0.22032007501128792,
                0.00015253426425170213,
                0.7792112151975853,
                0.00012201869301464908
            ],
            [
                6.586496916186549e-06,
                0.264210372805295,
                0.00018843340050461876,
                0.7334524083380611,
                0.002142198959223003
            ],
            [
                0.0002090632733482757,
                0.7610343314604506,
                0.00010982947651195489,
                0.2371397359277852,
                0.0015070398619038818
            ]
        ],
        [
            [
                0.9001286076327494,
                0.09905777312544989,
                0.0,
                2.5719283102596052e-05,
                0.0007878999586981725
            ],
            [
                7.913296716250088e-05,
                0.3502663227425316,
                0.00018434842225695475,
                0.6253576257242344,
                0.024112570143814658
            ],
            [
                0.0,
                0.00042539288958751354,
                0.9319443073401457,
                0.06762190770298894,
                8.392067277939769e-06
            ],
            [
                7.543197828479583e-06,
                0.17822477388708052,
                0.00014679546264521667,
                0.8206693422355632,
                0.0009515452168826347
            ],
            [
                1.8270497542319003e-05,
                0.1146395804488358,
                8.462685089892292e-05,
                0.8850304753030187,
                0.0002270468997042454
            ]
        ],
        [
            [
                0.8443125887738115,
                0.15515167808540123,
                1.3610117986215174e-05,
                0.00013448712717271523,
                0.00038763589562820896
            ],
            [
                0.0,
                0.004950094377885518,
                0.00015229218138055738,
                0.9907892751306542,
                0.0041083383100797115
            ],
            [
                1.7256074712974504e-05,
                0.1435651529628919,
                0.0008001559440695257,
                0.8554295323252598,
                0.0001879026930657997
            ],
            [
                3.7779912535894896e-05,
                0.21103560598811127,
                0.00022837717694536506,
                0.7873234286708264,
                0.0013748082515810665
            ],
            [
                7.854094957729679e-05,
                0.2364743772109861,
                0.00012637240454973193,
                0.7501664389124546,
                0.013154270522432312
            ]
        ],
        [
            [
                0.9390405471966792,
                0.05965115316881678,
                0.0,
                6.931573172404637e-05,
                0.0012389839027800035
            ],
            [
                9.341902864314949e-05,
                0.5696581296208064,
                6.215955563346895e-05,
                0.4301301246173471,
                5.616717756974196e-05
            ],
            [
                0.0,
                5.842678179486932e-05,
                0.999681012671094,
                0.00025918947996268125,
                1.371067148440306e-06
            ],
            [
                1.329528183948264e-05,
                0.008930230839088213,
                6.101332136587576e-05,
                0.9906873282616572,
                0.0003081322960492715
            ],
            [
                4.378871331518438e-06,
                0.0024706716217821755,
                4.7707136760033015e-05,
                0.995333917662085,
                0.002143324708041301
            ]
        ],
        [
            [
                0.7964791038118557,
                0.20210503137856117,
                0.0,
                7.161899976218626e-05,
                0.0013442458098209232
            ],
            [
                0.0,
                0.0417111138376663,
                0.0008647758074208284,
                0.9573916517140145,
                3.245864089837348e-05
            ],
            [
                0.0,
                0.10869886525157749,
                0.0005609650105474032,
                0.8906953233057624,
                4.4846432112824754e-05
            ],
            [
                5.71277749933127e-05,
                0.37336550522418455,
                7.281517822683113e-05,
                0.6263270924979728,
                0.00017745932462238196
            ],
            [
                5.693002316906834e-06,
                0.009709555250026633,
                4.9151076905517996e-05,
                0.9895917309189175,
                0.0006438697518334731
            ]
        ],
        [
            [
                0.725631306003596,
                0.27391158016976036,
                9.52799305561583e-06,
                0.00010794502861240883,
                0.00033964080497557827
            ],
            [
                1.8252427169647694e-05,
                0.00867032076999236,
                3.5510948833751054e-05,
                0.9882974308366741,
                0.00297848501733012
            ],
            [
                2.7684993951289395e-06,
                0.0016839704359475516,
                0.6755401275232603,
                0.32274397434236285,
                2.9159199034121307e-05
            ],
            [
                2.149447726426682e-05,
                0.39335137710095996,
                0.00010084957303294755,
                0.6060588852480583,
                0.0004673936006845196
            ],
            [
                5.852956476834772e-05,
                0.5396071788407172,
                0.00011965887750707107,
                0.458997548115232,
                0.0012170846017754374
            ]
        ],
        [
            [
                0.9496679568503674,
                0.04955102637939251,
                0.0,
                5.592534886032341e-05,
                0.0007250914213798057
            ],
            [
                3.678001657676384e-05,
                0.004302668410851119,
                7.941217308195608e-05,
                0.9945489421408426,
                0.001032197258647586
            ],
            [
                0.0,
                0.002114285204783396,
                0.0004493902526038965,
                0.9973189312151665,
                0.00011739332744623586
            ],
            [
                0.0,
                0.01755562044218185,
                5.1875594085697886e-05,
                0.9796292541611704,
                0.0027632498025620335
            ],
            [
                0.0004029234621183371,
                0.8791903249267522,
                0.0002062031037508699,
                0.12004496064185945,
                0.000155587865519117
            ]
        ],
        [
            [
                0.8549236089063633,
                0.1434505320262519,
                0.0,
                0.00011875111474475106,
                0.0015071079526399616
            ],
            [
                2.6022941341601435e-05,
                0.9216245927492455,
                0.00022135273348696945,
                0.07722623487445483,
                0.0009017967014711956
            ],
            [
                0.0,
                0.030613410721338646,
                0.00040336741679402796,
                0.9686803527158806,
                0.00030286914598671457
            ],
            [
                0.0,
                0.0003685870864571,
                1.9639424707009903e-05,
                0.9987530697166314,
                0.0008587037722044743
            ],
            [
                0.0,
                0.004814226174302927,
                2.314894251643337e-05,
                0.991519835067854,
                0.003642789815326554
            ]
        ],
        [
            [
                0.9363959631331206,
                0.061408890300911366,
                5.797157996318937e-06,
                6.760938446280844e-05,
                0.0021217400235090823
            ],
            [
                0.0,
                0.35437125952880005,
                9.90367306792459e-05,
                0.6454678994493616,
                6.1804291159251e-05
            ],
            [
                0.0,
                0.0006204530496780965,
                7.506293811380217e-05,
                0.9991485209908653,
                0.00015596302134288304
            ],
            [
                0.0013031800422165006,
                0.7387085648901056,
                0.00019706159458290082,
                0.2596227624440662,
                0.00016843102902895917
            ],
            [
                0.00020564910596156135,
                0.16079377901938768,
                6.261365261935857e-05,
                0.747537026865362,
                0.09140093135666945
            ]
        ],
        [
            [
                0.7999125929810943,
                0.1974959934435921,
                0.0,
                7.341291521547225e-05,
                0.0025180006600980433
            ],
            [
                0.0,
                0.022352275683000716,
                6.545117305587166e-05,
                0.9775209930894229,
                6.128005452050543e-05
            ],
            [
                0.0,
                3.207919074181545e-05,
                0.9998603843943461,
                0.00010626920627689176,
                1.2672086351730651e-06
            ],
            [
                0.0,
                0.0227378796903779,
                0.00014921355301541787,
                0.9767364702011831,
                0.00037643655542356344
            ],
            [
                6.407386127227852e-05,
                0.12616195280298104,
                9.797285987826388e-05,
                0.8731057838692249,
                0.0005702166066435975
            ]
        ],
        [
            [
                0.971163044039098,
                0.027682723415672895,
                0.0,
                5.046163750268313e-05,
                0.0011037709077263995
            ],
            [
                4.9677730857299924e-05,
                0.2300420417473156,
                0.00010091880285713392,
                0.7639798407953109,
                0.005827520923659101
            ],
            [
                0.0,
                0.01529934065540061,
                0.008542564308559875,
                0.9761094297476424,
                4.8665288397198256e-05
            ],
            [
                1.058759370546133e-05,
                0.670500240582146,
                9.077391009049574e-05,
                0.3288527991122027,
                0.0005455988018553211
            ],
            [
                1.5845468378129062e-05,
                0.23539142662758744,
                0.00023034900058713635,
                0.7613412448547312,
                0.0030211340487160906
            ]
        ],
        [
            [
                0.9458412862418043,
                0.05389677277727719,
                0.0,
                2.4385820822256357e-05,
                0.0002375551600962826
            ],
            [
                0.0,
                0.005694260371702504,
                9.988240002149163e-05,
                0.9940167971206676,
                0.00018906010760833512
            ],
            [
                0.0,
                0.000557504114268811,
                0.18862552571582197,
                0.8108108563615208,
                6.113808388364191e-06
            ],
            [
                2.6087341171844536e-05,
                0.08547068102245399,
                7.818495080628917e-05,
                0.9114013053873794,
                0.0030237412981884582
            ],
            [
                0.0,
                0.002503020644440991,
                2.3142756543381554e-05,
                0.995521035973733,
                0.0019528006252826605
            ]
        ],
        [
            [
                0.9590241096344908,
                0.037462231355309274,
                5.190423227459744e-06,
                5.794024614288523e-05,
                0.0034505283408295447
            ],
            [
                0.0,
                0.004013630834540922,
                0.00012545034910811282,
                0.9935612266421525,
                0.0022996921741984624
            ],
            [
                0.0,
                0.0013050624918790736,
                0.9574125627515551,
                0.041277771144600996,
                4.6036119647509845e-06
            ],
            [
                1.8032888332233883e-05,
                0.5180522683459671,
                4.973991454270825e-05,
                0.481742621581848,
                0.0001373372693098537
            ],
            [
                7.151374745067817e-05,
                0.6426440052070458,
                6.566175913257938e-05,
                0.3570472493967488,
                0.00017156988962222327
            ]
        ],
        [
            [
                0.9692305578258275,
                0.029930625711519825,
                6.827449013058275e-06,
                5.970096034554171e-05,
                0.0007722880532940662
            ],
            [
                9.263309212304398e-06,
                0.03924719482216528,
                0.0007972664596092981,
                0.9590544413781996,
                0.0008918340308135046
            ],
            [
                0.0,
                9.687609965461038e-06,
                0.9999732001029935,
                1.7112287040949215e-05,
                0.0
            ],
            [
                4.480137678648941e-06,
                0.0028090240189957262,
                3.298657886880647e-05,
                0.8727545145979065,
                0.12439899466655029
            ],
            [
                2.9830165714618006e-05,
                0.16395378262246582,
                9.764047924632902e-05,
                0.8339659171772428,
                0.0019528295553304803
            ]
        ],
        [
            [
                0.8987627620727597,
                0.09765301940997294,
                0.0,
                0.00013083018106460433,
                0.003453388336202775
            ],
            [
                0.0,
                0.46915668683014966,
                0.0007627331549246247,
                0.530052781704614,
                2.7798310311614465e-05
            ],
            [
                0.0,
                0.005201079644702366,
                0.09906057463462432,
                0.895676460307094,
                6.188541357932466e-05
            ],
            [
                0.0,
                0.23309111350797806,
                3.945180108811364e-05,
                0.7665026244347595,
                0.00036681025617433887
            ],
            [
                0.0022977512630691353,
                0.48188363943919804,
                0.0002417347889890643,
                0.506738774406818,
                0.008838100101925723
            ]
        ],
        [
            [
                0.962300354341814,
                0.03722030156757092,
                0.0,
                1.6952268038607338e-05,
                0.00046239182257654067
            ],
            [
                0.0,
                0.004294860505920766,
                6.0777117160729175e-05,
                0.9951427009942152,
                0.000501661382703262
            ],
            [
                0.0,
                0.0008356744868910228,
                0.00010808442854563373,
                0.9977912616199622,
                0.0012649794646012256
            ],
            [
                5.06828188446237e-06,
                0.008047221707723859,
                3.999345762519137e-05,
                0.9886104935417669,
                0.003297223010999572
            ],
            [
                2.2078130169049843e-05,
                0.0411306116991941,
                4.010197293395487e-05,
                0.9566661123968131,
                0.0021410958008897113
            ]
        ],
        [
            [
                0.9215067922243684,
                0.07766459444537423,
                6.265901436801584e-06,
                6.948955562931926e-05,
                0.0007528578731912949
            ],
            [
                0.0,
                0.03111278417350047,
                9.235019150910487e-05,
                0.9685098268438206,
                0.0002850387911698792
            ],
            [
                0.0,
                7.53587423412882e-05,
                0.9999135854934317,
                1.1055764226971862e-05,
                0.0
            ],
            [
                2.246977553938713e-05,
                0.07649268518919351,
                0.00016307025118144643,
                0.9226285552778845,
                0.0006932195062011846
            ],
            [
                2.4551258231794715e-05,
                0.219198108460224,
                0.00020767681654248446,
                0.7782180040200274,
                0.0023516594449743623
            ]
        ],
        [
            [
                0.9762055138494438,
                0.02316448153754584,
                7.797377165515423e-06,
                4.710374060885114e-05,
                0.0005751034952361562
            ],
            [
                0.0,
                0.008012222736903317,
                0.00010083882970735032,
                0.9910496685190463,
                0.0008372699143430086
            ],
            [
                0.0,
                0.012924792583628712,
                0.2141365450604127,
                0.7728890546267921,
                4.9607729166457975e-05
            ],
            [
                1.8050027025883747e-05,
                0.6209219707512165,
                9.976138474673294e-05,
                0.3785440335407327,
                0.00041618429627828625
            ],
            [
                3.261266847339801e-05,
                0.24188428179214377,
                3.869393294753721e-05,
                0.7390774929674828,
                0.018966918638952522
            ]
        ],
        [
            [
                0.8716709782911503,
                0.12724451557302308,
                1.8809292579518463e-05,
                0.00017023435284268612,
                0.0008954624904044983
            ],
            [
                0.0,
                0.028890959449072145,
                0.00010741389000094573,
                0.9703278032982872,
                0.000673823362639636
            ],
            [
                0.0,
                2.3716087183637674e-05,
                0.9999579194743595,
                1.8364438456827854e-05,
                0.0
            ],
            [
                0.0017454811436782432,
                0.7077684939972694,
                9.562272716614505e-05,
                0.20920956327235535,
                0.08118083885953101
            ],
            [
                1.233317881344289e-05,
                0.5754640600617562,
                6.44687167977216e-05,
                0.4242477566404016,
                0.0002113814022312239
            ]
        ],
        [
            [
                0.9380163984972196,
                0.054610986970074646,
                3.5437754426353487e-06,
                4.335628468051856e-05,
                0.007325714472582663
            ],
            [
                0.0,
                0.021691872827483,
                5.0914815162294295e-05,
                0.9782482055204476,
                9.006836907189537e-06
            ],
            [
                0.0,
                1.3799639147388807e-05,
                0.9999459183742336,
                3.949173632591271e-05,
                7.902502931573127e-07
            ],
            [
                0.00036074707559607467,
                0.6824862580855331,
                0.0002680769567024161,
                0.31560837083655296,
                0.001276547045615482
            ],
            [
                0.0,
                0.008845984122342604,
                4.229565929003335e-05,
                0.9472282557933203,
                0.04388346442504708
            ]
        ],
        [
            [
                0.9155367370590399,
                0.08404480606310614,
                0.0,
                5.430557766688756e-05,
                0.0003641513001869841
            ],
            [
                2.845559838034085e-05,
                0.09616857507241663,
                5.254610217033892e-05,
                0.903592922366675,
                0.0001575008603576633
            ],
            [
                0.0,
                0.0001699127997725398,
                0.1712453603542872,
                0.8285722873649807,
                1.2439480959600177e-05
            ],
            [
                1.2457415383652755e-05,
                0.010297717613581432,
                0.00011582767876737419,
                0.9885569587851729,
                0.0010170385070947332
            ],
            [
                0.0021800273446258853,
                0.8532083126561774,
                0.00016634446007936983,
                0.12884778161255434,
                0.015597533926563038
            ]
        ],
        [
            [
                0.9273258189126478,
                0.07220284885034856,
                6.049954684585492e-06,
                2.9706200107900658e-05,
                0.000435576082211202
            ],
            [
                0.0,
                0.0011744701888366192,
                2.827815000397453e-05,
                0.9977798664241526,
                0.001017385237006845
            ],
            [
                1.0263316974365055e-05,
                0.13286336912311014,
                0.0010578407479935894,
                0.8654298662703709,
                0.0006386605415511247
            ],
            [
                0.00039198178445804216,
                0.2336642115772848,
                0.00019367604080712097,
                0.7640379888143711,
                0.001712141783078877
            ],
            [
                0.000723612307477595,
                0.7708380372435498,
                6.124895340735547e-05,
                0.2265518377712476,
                0.0018252637243177175
            ]
        ],
        [
            [
                0.9415337765213632,
                0.058296254648788515,
                0.0,
                1.0847153238762337e-05,
                0.00015912167660964667
            ],
            [
                0.0,
                0.002157210326247089,
                9.205983539112958e-05,
                0.9951900244282874,
                0.0025607054100744066
            ],
            [
                0.0,
                0.016012855391611607,
                0.12257649224637854,
                0.8613963984878507,
                1.4253874159332874e-05
            ],
            [
                0.0,
                0.0009097963344590278,
                3.764844930107721e-05,
                0.9981644900140597,
                0.0008880652021802664
            ],
            [
                0.0,
                0.005910731912341284,
                2.3153302935808722e-05,
                0.9935186082234013,
                0.0005475065613216499
            ]
        ],
        [
            [
                0.9799590373883478,
                0.01714149579148224,
                4.334216940669579e-06,
                5.328138163011236e-05,
                0.0028418512215992
            ],
            [
                1.4510972707107211e-05,
                0.022434510546675848,
                6.699641440834525e-05,
                0.974852700216748,
                0.0026312818494607644
            ],
            [
                0.0,
                0.0013438338786922438,
                0.000193115201786761,
                0.9983963941298959,
                6.665678962509409e-05
            ],
            [
                3.019060427464683e-05,
                0.1034740420973996,
                0.0001056031034150499,
                0.8952147442540078,
                0.0011754199409028758
            ],
            [
                0.0004773457830115628,
                0.6152312179268103,
                0.00041291920333071883,
                0.3836398842936586,
                0.00023863279318893713
            ]
        ],
        [
            [
                0.9706356350465152,
                0.028908757769033042,
                0.0,
                2.8308371261042485e-05,
                0.0004272988131907989
            ],
            [
                0.0,
                0.005395916202275874,
                5.2237241938640774e-05,
                0.9943809952386901,
                0.00017085131709546506
            ],
            [
                6.352624579513695e-07,
                4.218652908666875e-05,
                0.9999165295044325,
                4.064870402273196e-05,
                0.0
            ],
            [
                0.0,
                0.014381798351064429,
                2.6476596256374524e-05,
                0.9851906632717319,
                0.00040106178094730024
            ],
            [
                1.6868059201643006e-05,
                0.020735986447525914,
                5.419029566152892e-05,
                0.9737701997762367,
                0.005422755421374231
            ]
        ],
        [
            [
                0.9054919334214281,
                0.09010146978021302,
                6.836876369682034e-06,
                0.00013514590278806184,
                0.004264614019201283
            ],
            [
                3.98951868440695e-05,
                0.01669737309188722,
                7.833705117395382e-05,
                0.9813246299090638,
                0.0018597647610309803
            ],
            [
                0.0,
                0.00018433317065681185,
                0.19684343200640728,
                0.8029622176608524,
                1.0017162083497744e-05
            ],
            [
                1.2529352196821566e-05,
                0.19342410018511758,
                0.0002381748499033,
                0.8050240972679259,
                0.001301098344856375
            ],
            [
                5.288118972639715e-05,
                0.40441078458998897,
                6.829343855126593e-05,
                0.5708776508134981,
                0.024590389968235465
            ]
        ],
        [
            [
                0.9226782175169843,
                0.07653452694946491,
                8.221918291746393e-06,
                0.00011023556220196986,
                0.0006687980530570969
            ],
            [
                0.0,
                0.001008689313588849,
                2.338114802638659e-05,
                0.9987671637377469,
                0.00020076580063779762
            ],
            [
                0.0,
                9.594751393888386e-05,
                0.9520776104300603,
                0.04782361873087727,
                2.8233251235364805e-06
            ],
            [
                0.0,
                0.07117028972872681,
                2.7193672871486572e-05,
                0.9286274862582443,
                0.00017503034015735382
            ],
            [
                2.2157209637834745e-05,
                0.3211456171013776,
                6.425785255617422e-05,
                0.6786720736906386,
                9.589414578970641e-05
            ]
        ],
        [
            [
                0.9382786688021436,
                0.06123261344540068,
                0.0,
                2.8985441519016312e-05,
                0.0004597323109367267
            ],
            [
                0.0,
                0.8628150929214312,
                0.0006377230247501723,
                0.13651318175758564,
                3.400229623289284e-05
            ],
            [
                0.0,
                7.928584096114433e-05,
                0.9997715764892814,
                0.0001479780663432595,
                1.1596034142531186e-06
            ],
            [
                5.575449155625751e-05,
                0.1576423396814804,
                0.00010183969640292036,
                0.8088744586742722,
                0.033325607456288237
            ],
            [
                3.1875026802250505e-05,
                0.2844800606014942,
                8.152419475365164e-05,
                0.7148895429326431,
                0.000516997244306727
            ]
        ],
        [
            [
                0.87436880043033,
                0.12479525870836575,
                0.0,
                4.762374317521545e-05,
                0.0007883171181290754
            ],
            [
                8.323510491777956e-06,
                0.03863343993413368,
                0.00038956475377471074,
                0.9606487895066163,
                0.00031988229498351544
            ],
            [
                0.0,
                0.0013606959037513334,
                0.9073946435854127,
                0.09124178516418355,
                2.875346652588661e-06
            ],
            [
                6.511750902499966e-06,
                0.012422968988278119,
                7.481417526344723e-05,
                0.9864175502473052,
                0.0010781548382508507
            ],
            [
                0.0,
                0.12961792130667962,
                3.353498207473985e-05,
                0.8701385805411105,
                0.00020996317013512674
            ]
        ],
        [
            [
                0.9719972960999471,
                0.027632154496582982,
                4.295072311891526e-06,
                2.105521749878166e-05,
                0.0003451991136591505
            ],
            [
                0.0,
                0.238822961846729,
                0.0009441655400697136,
                0.7602194807377829,
                1.3391875418391353e-05
            ],
            [
                0.0,
                0.017685560079910345,
                0.00013480038720431892,
                0.981979198506466,
                0.0002004410264194196
            ],
            [
                1.3807574065029181e-05,
                0.03305367012913412,
                0.00019121726351554438,
                0.9555327087644027,
                0.011208596268882612
            ],
            [
                0.0,
                0.016023104984922112,
                3.695301796760814e-05,
                0.9612073073401731,
                0.022732634656937215
            ]
        ],
        [
            [
                0.9104978009524256,
                0.08921047985262519,
                0.0,
                2.6349634938389058e-05,
                0.00026536956001086917
            ],
            [
                0.00111437081043453,
                0.9987216801467362,
                1.394374790629635e-05,
                0.00013928542277531064,
                1.071987214763704e-05
            ],
            [
                0.0,
                0.24401111250064855,
                0.0014439198989512159,
                0.754501349864852,
                4.361773554830025e-05
            ],
            [
                0.00039616430093042843,
                0.9881585158246967,
                2.0482269849934822e-05,
                0.011363695262199438,
                6.11423423233721e-05
            ],
            [
                0.0003544317661644392,
                0.24602082070886824,
                0.00014305051911005,
                0.6712151318549074,
                0.08226656515094995
            ]
        ],
        [
            [
                0.9113158868718673,
                0.08698281237613951,
                0.0,
                6.603253130975469e-05,
                0.00163526822068351
            ],
            [
                0.0,
                0.1420224038868332,
                0.00011115264068629003,
                0.8577497089406626,
                0.00011673453181793863
            ],
            [
                1.0708020969718007e-05,
                0.060586736834060954,
                8.627665778959353e-05,
                0.9392323079420629,
                8.397054511681144e-05
            ],
            [
                0.0,
                0.01212222213549344,
                0.00012779029336909236,
                0.986089217640714,
                0.0016607699304233858
            ],
            [
                0.00030079766530651333,
                0.7373713137700509,
                0.0001885689703526723,
                0.25986668550288045,
                0.0022726340914093744
            ]
        ],
        [
            [
                0.9756886021057497,
                0.023856190734939123,
                0.0,
                3.093682531939737e-05,
                0.00042427033399173133
            ],
            [
                0.0,
                0.08833078147825052,
                0.0008299420067446123,
                0.9107733916053358,
                6.588490966910966e-05
            ],
            [
                0.0002610566024431213,
                0.8392877642178072,
                6.35089125652792e-05,
                0.1601713968880855,
                0.00021627337909892454
            ],
            [
                8.015432516205727e-05,
                0.6052004115650076,
                0.0001790327662820859,
                0.39273726914681567,
                0.0018031321967326417
            ],
            [
                0.001117807156657412,
                0.6504795045831143,
                8.724315883705289e-05,
                0.28696216284227594,
                0.06135328225911529
            ]
        ],
        [
            [
                0.9871801902351356,
                0.012490786713839012,
                4.668288837742409e-06,
                4.785344392355845e-05,
                0.00027650131826409755
            ],
            [
                0.0,
                0.5216485634464492,
                0.0009267047275117986,
                0.47740782805914844,
                1.6903766890609576e-05
            ],
            [
                0.0,
                0.001467929730179216,
                0.32802429026275814,
                0.6704816343175403,
                2.6145689522375274e-05
            ],
            [
                5.824188830416929e-05,
                0.299918522825097,
                0.0001270528734463362,
                0.6995081513771318,
                0.0003880310360205408
            ],
            [
                7.688308436242613e-06,
                0.008183881188906327,
                2.6893396952913077e-05,
                0.9667082552557622,
                0.025073281849942296
            ]
        ],
        [
            [
                0.9605763662351244,
                0.03893263834390976,
                4.17756445224414e-06,
                1.5460082968381315e-05,
                0.00047135777354516894
            ],
            [
                7.164776867417004e-05,
                0.3059216222744235,
                6.069455628585578e-05,
                0.6922762372807969,
                0.0016697981198196248
            ],
