{
    "[['A', 'B', 'C', 'D', 'E'], ['A', 'B', 'C', 'D', 'E']]": [
        [
            [
                0.06704252650256928,
                0.9280564174087171,
                5.714056666770016e-06,
                0.00010808816329756713,
                0.004787253868749396
            ],
            [
                0.05653290937972737,
                0.94343358466733,
                3.7278979199633065e-06,
                1.2287438918879655e-05,
                1.7490616103689232e-05
            ],
            [
                0.0,
                0.0011202382457776603,
                1.3034968894961275e-05,
                0.88798053433163,
                0.11088619245369741
            ],
            [
                9.548042356453243e-05,
                0.010246487445796303,
                4.314403794885823e-05,
                0.9543955130459583,
                0.03521937504673203
            ],
            [
                1.7761833953912137e-05,
                0.0005958402507026112,
                1.292680413289415e-05,
                0.5052538596115596,
                0.49411961149965095
            ]
        ],
        [
            [
                0.6542350487047593,
                0.3313406382737393,
                0.0,
                3.502348116249841e-05,
                0.01438928954033895
            ],
            [
                1.0305686056638042e-05,
                0.9976815924553478,
                8.157401660050602e-05,
                0.00219880912781484,
                2.77187141801666e-05
            ],
            [
                0.0,
                3.8994006904438365e-05,
                6.505538982653501e-06,
                0.11831482572156794,
                0.881639674732545
            ],
            [
                1.2741444619454824e-05,
                0.0009290634503803726,
                2.122097408299009e-05,
                0.2490300961306482,
                0.7500068780002689
            ],
            [
                1.1582938139039848e-05,
                0.00012851121351906237,
                7.562317306656849e-06,
                0.008636466992520601,
                0.9912158765385146
            ]
        ],
        [
            [
                0.20087847037892093,
                0.7972828202037866,
                1.224086297633433e-05,
                0.00023996828750159652,
                0.0015865002668145377
            ],
            [
                6.543764505276801e-06,
                0.32669131470000035,
                0.000228814495577474,
                0.6718079985891998,
                0.0012653284507171993
            ],
            [
                0.0,
                5.759096914151293e-05,
                1.4940546664113871e-05,
                0.7392481751278713,
                0.26067929335632317
            ],
            [
                0.00012108860393834114,
                0.018776525811305213,
                5.81539347139366e-05,
                0.8969581830515322,
                0.0840860485985104
            ],
            [
                3.073813457483803e-05,
                7.274149938635922e-05,
                1.3036681687552076e-05,
                0.1008298631651427,
                0.8990536205192086
            ]
        ],
        [
            [
                0.20577891777246196,
                0.7726314696330786,
                1.1129997679175034e-05,
                0.0008548260148000791,
                0.02072365658198028
            ],
            [
                0.03544846277565234,
                0.9645414738198469,
                2.0853459564697094e-06,
                3.527525973452198e-06,
                4.450532570809825e-06
            ],
            [
                0.0,
                0.005208412016603625,
                0.16772898864507013,
                0.8270551949984875,
                7.404339838804937e-06
            ],
            [
                4.7662247924704145e-06,
                0.0003108152062392706,
                1.0174998088033938e-05,
                0.0342659059580347,
                0.9654083376128455
            ],
            [
                1.022617103243442e-05,
                6.183807170373944e-05,
                2.510078987496527e-06,
                0.008459831386861918,
                0.9914655942914143
            ]
        ],
        [
            [
                0.47841736026497556,
                0.5173490986999949,
                8.022059022372736e-06,
                0.00022048587301694235,
                0.004005033102990222
            ],
            [
                0.04717612339523493,
                0.9527844534582265,
                6.780546363636745e-06,
                2.6451971259925854e-05,
                6.190628915001706e-06
            ],
            [
                0.0,
                0.00017558080810197073,
                0.00020659500556189023,
                0.9424363994669719,
                0.05718142471936418
            ],
            [
                0.0005499222740069126,
                0.01800761761617149,
                5.7396765309953584e-05,
                0.6398401906230402,
                0.34154487272147144
            ],
            [
                0.00015722046446939035,
                0.00014656038863358704,
                1.3638867834291965e-06,
                3.468316992158886e-05,
                0.999660172090192
            ]
        ],
        [
            [
                0.033015372012372986,
                0.9656433968420264,
                2.9727063015205782e-06,
                5.171788969337492e-05,
                0.0012865405496058431
            ],
            [
                0.16119727151323202,
                0.8386474765648712,
                6.928286905191562e-06,
                4.303972742687796e-05,
                0.00010528390756475391
            ],
            [
                0.0,
                3.5100089541354026e-05,
                3.290161292035001e-05,
                0.9746819163156852,
                0.025250081981852995
            ],
            [
                0.00015818808419841915,
                0.0018283902819274803,
                4.8490394722668815e-05,
                0.24196540282228077,
                0.7559995284168707
            ],
            [
                1.1064592246334685e-05,
                5.559376874606912e-05,
                4.01180442764562e-06,
                0.07012722855450877,
                0.9298021012800711
            ]
        ],
        [
            [
                0.24862255866327507,
                0.7482746557527662,
                1.4031066357566597e-05,
                0.0004970244881203392,
                0.002591730029480787
            ],
            [
                0.08016941165060186,
                0.9198227138064906,
                0.0,
                3.5326677435473553e-06,
                4.34187516400337e-06
            ],
            [
                3.966070538445177e-06,
                0.009270770899018831,
                0.08324798603097583,
                0.9074608028440306,
                1.6474155436397598e-05
            ],
            [
                4.5204590162004975e-06,
                4.386643903091583e-05,
                6.237955852328077e-06,
                0.017870990611437043,
                0.9820743845346636
            ],
            [
                2.506586310104683e-06,
                2.344114453122541e-05,
                1.2907297958716583e-06,
                0.0035137242422688163,
                0.996459037297094
            ]
        ],
        [
            [
                0.08158362650770691,
                0.9170475776483457,
                6.1763319846891355e-06,
                0.00012585551784985663,
                0.0012367639941126473
            ],
            [
                0.03946864682319443,
                0.9605251489082779,
                0.0,
                4.086661936558518e-06,
                2.1176065909546115e-06
            ],
            [
                0.0,
                6.536994263213384e-05,
                9.886493770107484e-06,
                0.5460177481877957,
                0.453906995375802
            ],
            [
                4.4734573241923555e-06,
                5.843833292848633e-05,
                4.291018255066913e-06,
                0.03423807679367056,
                0.9656947203978217
            ],
            [
                5.853044154020998e-06,
                2.4764468253305344e-05,
                1.0214517442870918e-06,
                0.0005927163144781996,
                0.9993756447213702
            ]
        ],
        [
            [
                0.3413839915748853,
                0.6542069762560174,
                3.8221431706213995e-05,
                0.001034261472354451,
                0.0033365492650366396
            ],
            [
                0.0,
                0.0002811137404360365,
                3.070447341038847e-05,
                0.9871760079321286,
                0.012512173854025048
            ],
            [
                0.0,
                8.049147507682174e-05,
                2.514404977648642e-05,
                0.988630260837398,
                0.01126410363774863
            ],
            [
                4.7219312093580515e-05,
                0.026162463285702313,
                0.00015844950520875223,
                0.8966311777737171,
                0.0770006901232782
            ],
            [
                6.320880918600753e-06,
                0.00020315019540322746,
                2.9966997035542635e-06,
                0.0029693595959879374,
                0.9968181726279867
            ]
        ],
        [
            [
                0.2707962313721395,
                0.7280884285831234,
                7.132077049381119e-06,
                0.00012963612706332113,
                0.0009785718406244627
            ],
            [
                0.13735445462935925,
                0.8625652870427633,
                6.905955972423753e-06,
                3.399567204375594e-05,
                3.935669986135767e-05
            ],
            [
                0.0,
                0.00045325683876141343,
                8.214894736199562e-06,
                0.5200201177540629,
                0.47951841051243954
            ],
            [
                0.00012266288839932383,
                0.007154621910765266,
                8.944266879768908e-05,
                0.23223741036088547,
                0.7603958621711523
            ],
            [
                9.665540847611588e-06,
                0.0003137548882786812,
                4.339182952062319e-06,
                0.05840992310102894,
                0.9412623172868927
            ]
        ],
        [
            [
                0.13336006868800726,
                0.8663554014138013,
                7.195700770587741e-06,
                8.485006285701784e-05,
                0.00019248413456392989
            ],
            [
                0.04266177759810426,
                0.9573175540848533,
                2.4548512287511155e-06,
                8.962257605275859e-06,
                9.25120820844232e-06
            ],
            [
                7.230547243752925e-05,
                0.009048658711167527,
                0.00020095375701721841,
                0.9495648286041645,
                0.04111325345521314
            ],
            [
                0.00028578496719085895,
                0.0023935939616249098,
                9.057703988727363e-06,
                0.08188050153986236,
                0.9154310618273331
            ],
            [
                3.010471164366047e-05,
                0.000261014168820235,
                4.957327041320115e-06,
                0.05569749169617809,
                0.9440064320963167
            ]
        ],
        [
            [
                0.09206569782376399,
                0.9075656587787018,
                1.0690106717961822e-05,
                6.857936638706207e-05,
                0.00028937392442921145
            ],
            [
                0.025529602692737074,
                0.9744592544326615,
                4.657434908410963e-06,
                4.953881188052315e-06,
                1.531558505114948e-06
            ],
            [
                1.5189500063019122e-05,
                0.0017965506571076802,
                1.7614305842272495e-05,
                0.12922177636211007,
                0.8689488691748769
            ],
            [
                1.5861673814442125e-05,
                0.0003305611773103377,
                3.003993753465515e-05,
                0.4069918124891656,
                0.592631724722175
            ],
            [
                1.2151976952168905e-05,
                0.00030109049537911577,
                1.117128851790663e-06,
                0.0021010003525857397,
                0.9975846400462312
            ]
        ],
        [
            [
                0.07008046099071985,
                0.9295370866127046,
                7.383596153885641e-06,
                0.00015450559413140427,
                0.00022056320629013407
            ],
            [
                0.0,
                0.0023824854511502727,
                3.719722006168383e-05,
                0.9968949136142379,
                0.0006854037145501525
            ],
            [
                0.0,
                0.06278696086168968,
                0.5473663500126975,
                0.3898398923222952,
                6.796803317668286e-06
            ],
            [
                9.011362959840715e-06,
                0.006126709093003938,
                2.2932459035265646e-05,
                0.13977021505074372,
                0.8540711320342572
            ],
            [
                4.2052024650995414e-05,
                0.0008161282681050851,
                2.9936741355789945e-05,
                0.1726055191949692,
                0.8265063637709189
            ]
        ],
        [
            [
                0.08891062397706136,
                0.9012446913360276,
                1.4467741098553972e-05,
                0.00040526023615662996,
                0.009424956709655898
            ],
            [
                0.06031141521040421,
                0.9384611220193284,
                8.804999382088724e-06,
                0.00025351796079173397,
                0.0009651398100936792
            ],
            [
                5.537506968026437e-06,
                0.002049532287586297,
                0.22964993201232695,
                0.7682591834941913,
                3.581469892742451e-05
            ],
            [
                1.5046918626037981e-05,
                0.0005060951665435279,
                1.430214073451966e-05,
                0.8815929967496625,
                0.11787155902443347
            ],
            [
                5.755938350913854e-06,
                6.504791021158223e-05,
                4.213206844700294e-06,
                0.054011446675966183,
                0.9459135362686266
            ]
        ],
        [
            [
                0.26848042760606816,
                0.7312596721876684,
                0.0,
                4.1986183293223245e-05,
                0.00021791402297025004
            ],
            [
                1.838957443292209e-05,
                0.05242715163724401,
                4.4595408135664705e-05,
                0.9345085599259734,
                0.013001303454214054
            ],
            [
                0.0,
                0.00013766660702565722,
                2.639896674832062e-05,
                0.5832476560288093,
                0.4165882783974167
            ],
            [
                2.1370141155130933e-05,
                0.00024109141444107404,
                1.8545249685285224e-05,
                0.10612875169007394,
                0.8935902415046446
            ],
            [
                0.0,
                1.3392740416010485e-05,
                1.5631699834815213e-06,
                0.004424680715514098,
                0.9955603633740864
            ]
        ],
        [
            [
                0.24711569530117036,
                0.7430885000091193,
                7.065749578587436e-06,
                0.00013767049435985744,
                0.009651068445771885
            ],
            [
                0.04738365464093887,
                0.9525944007637709,
                5.099116091992388e-06,
                9.674786866915702e-06,
                7.170692331355979e-06
            ],
            [
                4.28202683045439e-06,
                0.0008732325983361692,
                2.487517842834287e-05,
                0.8403402060407905,
                0.1587574041556146
            ],
            [
                6.0427839100667126e-05,
                0.0004261621514346841,
                4.5267213380561095e-06,
                0.004492706625421339,
                0.9950161766627053
            ],
            [
                2.9781998333657484e-05,
                0.0007868338659397778,
                1.3722092540766273e-05,
                0.19779318196059506,
                0.8013764800825907
            ]
        ],
        [
            [
                0.042008918390499916,
                0.9518084243541358,
                1.3997758607797648e-05,
                0.0007185574189482693,
                0.005450102077808192
            ],
            [
                0.10063313885387187,
                0.8993431966865562,
                3.224290075766161e-06,
                6.421285263486119e-06,
                1.401888423274595e-05
            ],
            [
                7.499687335803759e-06,
                0.0023231865405409836,
                9.835805315616384e-06,
                0.4379831380933523,
                0.5596763398734552
            ],
            [
                3.010757311142736e-05,
                0.00011095921912052493,
                1.4060210129775783e-06,
                0.0012091171431226255,
                0.9986484100436325
            ],
            [
                8.161965070611714e-05,
                0.0011349948023243583,
                2.1080892267446816e-05,
                0.04656601445282758,
                0.9521962902018746
            ]
        ],
        [
            [
                0.32979083517027075,
                0.6588934274714029,
                0.0,
                0.00043451708775958203,
                0.010881220270566847
            ],
            [
                0.0677211766111488,
                0.9322715786481198,
                0.0,
                2.5010136845984685e-06,
                4.7437270468017955e-06
            ],
            [
                4.1228895491767004e-06,
                0.01738700321472444,
                0.5249187272857423,
                0.4576842269129884,
                5.919696995658327e-06
            ],
            [
                1.4516839649704201e-05,
                0.00024161663827635294,
                1.0287785633564748e-05,
                0.3972738024745107,
                0.6024597762619298
            ],
            [
                1.9744225445255986e-05,
                0.00046962972547609575,
                1.4053325611188251e-05,
                0.2543964016972724,
                0.7451001710261951
            ]
        ],
        [
            [
                0.261743481538407,
                0.7352148458333444,
                0.0,
                8.337234452180376e-05,
                0.002958300283726814
            ],
            [
                4.7339166040171975e-06,
                0.0034357066174476943,
                1.8977344909660655e-05,
                0.9955933855968598,
                0.0009471965241787395
            ],
            [
                4.06193156341989e-06,
                0.0005539960822743067,
                1.765412761093864e-05,
                0.6573750366646618,
                0.3420492511938896
            ],
            [
                2.8958185376598196e-05,
                0.0008567120854977158,
                3.0335993321040517e-05,
                0.19532259537683655,
                0.8037613983589681
            ],
            [
                7.25934414212442e-05,
                0.0005958537667746901,
                9.374212601910313e-06,
                0.00820019307904079,
                0.9911219855001614
            ]
        ],
        [
            [
                0.22154791914819064,
                0.7747678309694315,
                1.0629252652073014e-05,
                0.00014380265156010915,
                0.003529817978165679
            ],
            [
                0.23343185098869781,
                0.7664930008438362,
                5.135733388858351e-06,
                3.2391876134569945e-05,
                3.762055794253442e-05
            ],
            [
                0.0,
                0.002830196572962118,
                0.00035209796573920296,
                0.9964567314558634,
                0.00036097400543524586
            ],
            [
                1.7168811392538708e-05,
                0.0011963618592918497,
                7.633949610944673e-05,
                0.2276442418760934,
                0.7710658879571127
            ],
            [
                4.3385441823231266e-06,
                0.0006819873777526132,
                3.9769923790910855e-06,
                0.008814120792961847,
                0.9904955762927241
            ]
        ],
        [
            [
                0.05550149777145602,
                0.9356621957696203,
                2.0451816117420566e-05,
                0.0015898707239921344,
                0.007225983918814183
            ],
            [
                0.029845289133620074,
                0.9695726079077048,
                8.648323510954644e-06,
                0.00013640337498526807,
                0.0004370512601788973
            ],
            [
                0.0,
                1.8145921847746087e-05,
                1.3385457331867929e-05,
                0.963592077635836,
                0.03637639098498441
            ],
            [
                2.704422747572209e-05,
                0.0004930089265704128,
                8.99686857348105e-06,
                0.07509024835446852,
                0.9243807016229119
            ],
            [
                0.00011095516913693758,
                0.003923314997657247,
                7.2990064640809565e-06,
                0.012463512292853526,
                0.9834949185338883
            ]
        ],
        [
            [
                0.35340090217353576,
                0.6451842334268217,
                0.0,
                2.3233288500298327e-05,
                0.0013916311111422375
            ],
            [
                0.043591962715946814,
                0.9560461950080129,
                9.507495342719186e-06,
                0.00018612387952391638,
                0.00016621090117374597
            ],
            [
                1.2872855959789511e-05,
                0.0974811500318059,
                0.14659298343055352,
                0.7559014845945884,
                1.150908709239939e-05
            ],
            [
                6.988019916624406e-06,
                0.001082554323929122,
                9.214305687555286e-06,
                0.14601564352552845,
                0.8528855998249382
            ],
            [
                0.0,
                0.0005373373777162293,
                1.334813481879363e-05,
                0.15331614276919855,
                0.8461331717182664
            ]
        ],
        [
            [
                0.10002906921564086,
                0.8938090556765528,
                1.0465431784194828e-05,
                0.0003225969189242948,
                0.005828812757097934
            ],
            [
                0.2391448360665936,
                0.7608319090941152,
                0.0,
                8.069080667366418e-06,
                1.5185758623794571e-05
            ],
            [
                0.0,
                0.000178512506208173,
                0.5346912313231331,
                0.4651187654632011,
                1.149070745758157e-05
            ],
            [
                2.465948450336784e-05,
                0.0008020858069523864,
                1.135688983134604e-05,
                0.13597347288214173,
                0.8631884249365711
            ],
            [
                2.0338542401781476e-05,
                0.00035020031746981547,
                8.24588861465199e-06,
                0.033416822719162735,
                0.966204392532351
            ]
        ],
        [
            [
                0.40263365791637584,
                0.5933353730560952,
                0.0,
                9.461544111766147e-05,
                0.003936353586411327
            ],
            [
                2.282920866753439e-06,
                0.001003831748457231,
                5.650198131109053e-05,
                0.982916526506874,
                0.01602085684249101
            ],
            [
                0.0,
                7.748327604433303e-05,
                9.4097098612287e-06,
                0.9471710785847187,
                0.0527420284293756
            ],
            [
                1.2558585228199098e-05,
                0.0012740308025029178,
                1.0115961405721856e-05,
                0.21646364993155895,
                0.7822396447193042
            ],
            [
                1.4440534712596294e-05,
                0.00010109312914495293,
                9.841638020785355e-06,
                0.15776245995521188,
                0.8421121647429098
            ]
        ],
        [
            [
                0.15360832480910394,
                0.8458209828342192,
                8.807460938557543e-06,
                0.00011117918690779599,
                0.0004507057088305838
            ],
            [
                0.00010265960213584018,
                0.9997419909910688,
                3.426141115312719e-05,
                0.00011825894644764522,
                2.8290491946253118e-06
            ],
            [
                0.0,
                0.00031752968162509755,
                7.434528832886546e-05,
                0.9951773211940622,
                0.0044308038359838426
            ],
            [
                1.722390689798571e-05,
                0.0014291221514993013,
                4.725579796577199e-05,
                0.7836115616877534,
                0.21489483645588361
            ],
            [
                1.0624800242561161e-05,
                0.0004057320287319152,
                3.428287666512382e-06,
                0.011919654006927747,
                0.9876605608764312
            ]
        ],
        [
            [
                0.25359549308541646,
                0.7447726753712749,
                4.6303975560155945e-06,
                7.145984829392696e-05,
                0.0015557412974587235
            ],
            [
                1.3346467595677212e-05,
                0.004106901171582703,
                1.6639922039549744e-05,
                0.9609836052117109,
                0.03487950722707113
            ],
            [
                1.9782607677080694e-06,
                0.005115465896203301,
                0.00017923020813920612,
                0.9896841220155278,
                0.005019203619362041
            ],
            [
                9.666147446773861e-06,
                0.00011444814375903212,
                7.027329962380034e-06,
                0.01873882450816471,
                0.9811300338706671
            ],
            [
                1.636388650208925e-05,
                0.00014370633316076456,
                7.416608403562125e-06,
                0.024603885687265275,
                0.9752286274846683
            ]
        ],
        [
            [
                0.3662510979080954,
                0.6318383880564161,
                0.0,
                6.492552109370464e-05,
                0.0018455885143947497
            ],
            [
                7.707719720364468e-06,
                0.9997907522925217,
                9.233151098604792e-06,
                0.0001888300468909755,
                3.4767897684782353e-06
            ],
            [
                0.0,
                0.00016430778471587977,
                2.9165526281986902e-05,
                0.9104062903270544,
                0.08940023636194763
            ],
            [
                2.7658132386813806e-06,
                5.607223165655842e-05,
                2.7662889994726864e-06,
                0.02067007560947111,
                0.9792683200566341
            ],
            [
                8.912946196435233e-06,
                7.897551349042655e-05,
                1.3551421391928705e-06,
                0.0008460904329246709,
                0.9990646659652493
            ]
        ],
        [
            [
                0.09575994336871446,
                0.9026979851229979,
                9.271549788632794e-06,
                7.825185606691863e-05,
                0.0014545481024321391
            ],
            [
                0.2845541986844479,
                0.7148079193493994,
                1.740112778668417e-05,
                0.0002203962404858871,
                0.0004000845978802426
            ],
            [
                0.0,
                2.4220659351535947e-05,
                6.791690422152076e-05,
                0.9934295912522412,
                0.00647827118418576
            ],
            [
                0.00027426742669062676,
                0.0005473106954794756,
                1.0454564112319977e-05,
                0.015350243870528385,
                0.9838177234431892
            ],
            [
                1.376312201526538e-05,
                0.000318123189908546,
                4.623738626768606e-05,
                0.8065505053099924,
                0.1930713709918161
            ]
        ],
        [
            [
                0.14848954103834944,
                0.8491678739497923,
                5.18397949719806e-06,
                6.555955748137447e-05,
                0.002271841474879686
            ],
            [
                3.347320236497854e-06,
                0.9968291585059104,
                5.676171667694658e-05,
                0.0031063233284758726,
                4.409128700338371e-06
            ],
            [
                0.0,
                0.008365294003961755,
                0.014098383997905684,
                0.9774972960110483,
                3.902598708425397e-05
            ],
            [
                1.368587567323034e-05,
                0.00037742151064855764,
                1.2857706102134401e-05,
                0.8504889782093897,
                0.14910705669818625
            ],
            [
                1.9460686910335165e-05,
                0.00014203270879645629,
                2.090188753782284e-06,
                0.01555873310940008,
                0.9842776833061393
            ]
        ],
        [
            [
                0.12848276528738523,
                0.8710235211675244,
                1.6233966618158717e-05,
                0.00015127172939976598,
                0.00032620784907255734
            ],
            [
                0.05731822943001388,
                0.9424803269123943,
                2.4025942528476208e-06,
                6.884895810580318e-05,
                0.00013019210523326536
            ],
            [
                0.0,
                3.1575203814094415e-05,
                9.651227633202772e-06,
                0.27010869286403233,
                0.7298500807045204
            ],
            [
                4.950973016702244e-06,
                9.294167318017739e-05,
                3.103185381326496e-06,
                0.04893436191301148,
                0.9509646422554102
            ],
            [
                0.0,
                1.697456929579191e-05,
                4.783982220870449e-06,
                0.06382178063066277,
                0.9361564608178206
            ]
        ],
        [
            [
                0.40276901518553915,
                0.5950941576882302,
                0.0,
                9.94788801552015e-05,
                0.0020373482460756464
            ],
            [
                1.812496448135837e-06,
                0.9997582358536546,
                2.139020587976785e-05,
                0.00021446577061796096,
                4.09567339944957e-06
            ],
            [
                0.0,
                1.8114602142191255e-05,
                1.2282879242192576e-05,
                0.726837551328606,
                0.27313205119000966
            ],
            [
                3.639935116583369e-05,
                0.0007233025861739945,
                1.2450800890169135e-05,
                0.0828473179001541,
                0.916380529361616
            ],
            [
                4.400247363583349e-05,
                0.013763416204294991,
                3.1154847507180544e-05,
                0.42883351743084597,
                0.557327909043716
            ]
        ],
        [
            [
                0.11608014191807654,
                0.8815481662428599,
                5.865611329315293e-06,
                0.00016535302109082822,
                0.0022004732066434204
            ],
            [
                8.59258230564812e-06,
                0.3167784170091067,
                0.00015222844321303807,
                0.6827596740473761,
                0.00030108791799851576
            ],
            [
                0.0,
                0.0003855413070589914,
                4.547953020697421e-05,
                0.9903936922904584,
                0.009175286872275739
            ],
            [
                2.6633525669798615e-05,
                0.0002270941719191506,
                1.146197214270884e-05,
                0.5512770008748651,
                0.4484578094554032
            ],
            [
                2.5450270887838957e-05,
                0.0021475284180650198,
                1.3573995772802734e-05,
                0.16396962674221854,
                0.8338438205730558
            ]
        ],
        [
            [
                0.1433358233780391,
                0.8556546655704363,
                9.860874646832588e-06,
                0.0003091658521502804,
                0.0006904843247274875
            ],
            [
                4.578925666215174e-06,
                0.9997357483407235,
                1.1740112534482605e-05,
                0.00024648185985298645,
                1.450761222793163e-06
            ],
            [
                0.0,
                0.00016837401414769994,
                0.0002432238662708068,
                0.9879983228056884,
                0.011590079313893014
            ],
            [
                1.4663436720892532e-05,
                0.00036882884340454756,
                8.072490908526172e-06,
                0.025927965064648978,
                0.973680470164317
            ],
            [
                3.013698433512008e-05,
                0.0001902257705824314,
                1.2969469986927838e-05,
                0.18014913830462326,
                0.8196175294704723
            ]
        ],
        [
            [
                0.2890146475159923,
                0.710251128971762,
                9.480319794135337e-06,
                0.0001627883757930379,
                0.000561954816658334
            ],
            [
                6.8574913914309464e-06,
                0.9985106172260306,
                5.7850302836183115e-05,
                0.0014001944355249618,
                2.4480544216859876e-05
            ],
            [
                0.0,
                0.00012337047280700463,
                2.2712372101382058e-05,
                0.9352246782173315,
                0.06462923893776015
            ],
            [
                9.46933195947348e-06,
                8.003022388492154e-05,
                4.911922248776878e-06,
                0.04595548832480331,
                0.9539501001971035
            ],
            [
                5.03010998647078e-06,
                5.376538453551922e-05,
                3.4701952138504517e-06,
                0.0031117945048439225,
                0.9968259398054202
            ]
        ],
        [
            [
                0.22906011009995655,
                0.7661372751088097,
                3.091224357457935e-05,
                0.0019277342675006288,
                0.0028439682801585844
            ],
            [
                0.0,
                0.002519263765859771,
                5.3956301172829104e-05,
                0.9973596943621137,
                6.708557085366184e-05
            ],
            [
                7.009448402749505e-06,
                0.0007415288072232574,
                6.003351626957265e-05,
                0.9729022355019606,
                0.02628919272614375
            ],
            [
                3.527651141570176e-05,
                0.0011713724136425655,
                5.151491804338289e-06,
                0.030075324890900014,
                0.9687128746922373
            ],
            [
                2.6060047434821714e-05,
                5.6740848980307085e-05,
                5.353242177872024e-06,
                0.005405994405194952,
                0.9945058514562121
            ]
        ],
        [
            [
                0.7285931893606684,
                0.2609738751131773,
                8.818291871877564e-06,
                0.00015053358055981109,
                0.010273583653722574
            ],
            [
                0.05447513279214371,
                0.9443198846826834,
                1.1798932927162936e-05,
                0.00026634197342880996,
                0.0009268416188170017
            ],
            [
                0.0,
                0.0562470459768491,
                0.11113987284331116,
                0.832609166125134,
                3.915054705764646e-06
            ],
            [
                2.735668377526583e-05,
                0.0008798817983237068,
                0.00010363621955845853,
                0.4522214978899879,
                0.5467676274083547
            ],
            [
                1.4690573437553904e-05,
                0.00021928516922332283,
                2.5957978664370263e-05,
                0.41361895289321265,
                0.5861211133854621
            ]
        ],
        [
            [
                0.17972862650383048,
                0.813799105605239,
                2.4304379530975288e-05,
                0.0007842850682473647,
                0.005663678443152113
            ],
            [
                0.08516497395055864,
                0.9147046460633546,
                8.068561587298008e-06,
                4.8735914600547925e-05,
                7.357550989894452e-05
            ],
            [
                6.743552044589038e-05,
                0.15345339567623456,
                0.20784551963361528,
                0.6386006254563903,
