{
    "[['A', 'B', 'C', 'D', 'E'], ['A', 'B', 'C', 'D', 'E']]": [
        [
            [
                0.23898412057816004,
                0.18240279639372123,
                2.126026181206974e-05,
                0.0009822969813279303,
                0.5776095257849787
            ],
            [
                0.0,
                0.5511589511231517,
                0.0004406033220055088,
                0.4482967919441126,
                0.00010365361073023999
            ],
            [
                0.0,
                0.0008027223723266371,
                0.9990016870634849,
                0.00019559056418842668,
                0.0
            ],
            [
                0.0011645610418922522,
                0.9772580488300111,
                0.0,
                0.0023582910560561937,
                0.019219099072040398
            ],
            [
                1.1050924608600847e-05,
                0.140983705584196,
                1.1861562134607231e-05,
                0.1128047243212574,
                0.7461886576078034
            ]
        ],
        [
            [
                0.044908452103689274,
                0.03576346422365568,
                5.815376899158223e-06,
                0.00016561835892148392,
                0.9191566499368343
            ],
            [
                2.5422847935416036e-05,
                0.362066325888204,
                0.0046700651191570125,
                0.6317399934436211,
                0.0014981927010823928
            ],
            [
                0.0,
                0.8368577542083266,
                0.0004363824129863255,
                0.1626599741714518,
                4.5889207235320356e-05
            ],
            [
                9.82503383004452e-06,
                0.5996060294882033,
                6.916732721206038e-05,
                0.3154252479919588,
                0.08488973015879576
            ],
            [
                0.004417636433203425,
                0.887929403655692,
                9.37149268657185e-06,
                0.004175161789149636,
                0.10346842662926838
            ]
        ],
        [
            [
                0.414642682008107,
                0.20107616852094354,
                2.853860303187952e-05,
                0.001003899969307278,
                0.3832487108986105
            ],
            [
                1.1513682625281392e-05,
                0.895368318478649,
                0.00012450976189530327,
                0.10400661913515659,
                0.0004890389416736426
            ],
            [
                0.0,
                0.3671988497311925,
                0.0007623844874855108,
                0.6309020488460815,
                0.0011367169352403921
            ],
            [
                0.00021645863197219983,
                0.10641447105995461,
                6.472383626795222e-06,
                0.0015252024782397783,
                0.8918373954462065
            ],
            [
                0.001565295580563191,
                0.864197486936119,
                1.535419235772026e-05,
                0.00673351486502591,
                0.1274883484259343
            ]
        ],
        [
            [
                0.25783130550228694,
                0.2074982056237339,
                1.4495627772409224e-05,
                0.0018432497680256675,
                0.5328127434781811
            ],
            [
                3.488335449141998e-05,
                0.992663010852091,
                2.431264941009803e-05,
                0.00693158489603359,
                0.0003462082479740302
            ],
            [
                0.0,
                0.019925512882123294,
                0.000632195349667165,
                0.9784497213662989,
                0.0009925704019106546
            ],
            [
                2.6220803640050302e-05,
                0.8813183714607704,
                3.7620857891765035e-05,
                0.10734529006265066,
                0.011272496815047089
            ],
            [
                0.00023000230711635303,
                0.9644326553730057,
                7.857318101954521e-06,
                0.003933526929007249,
                0.03139595807276872
            ]
        ],
        [
            [
                0.19853674720080133,
                0.10042392818835073,
                2.1899035317285993e-05,
                0.0006445293022360148,
                0.7003728962732947
            ],
            [
                1.5192406018306911e-05,
                0.9979722194995747,
                6.981841442444178e-06,
                0.0019735971061808017,
                3.2009146783797395e-05
            ],
            [
                0.0,
                0.9576886714947147,
                0.01897738389130803,
                0.023322331817581723,
                1.1612796395463314e-05
            ],
            [
                0.00013800217933138343,
                0.9375242538720469,
                1.9850029182612305e-05,
                0.050099117757587346,
                0.012218776161851857
            ],
            [
                0.0011419885025736416,
                0.2931167645295331,
                3.8030631053007373e-06,
                0.0033214071828465124,
                0.7024160367219414
            ]
        ],
        [
            [
                0.6042198471014522,
                0.20152122623906568,
                1.7481028304010724e-05,
                0.00045405820558485656,
                0.19378738742559345
            ],
            [
                8.868752443127655e-05,
                0.9980025400545651,
                5.965687057523476e-06,
                0.0016870947240826106,
                0.00021571200986347073
            ],
            [
                0.0,
                0.6545478440136369,
                0.01523845615216211,
                0.3301332770499892,
                8.04227842117969e-05
            ],
            [
                1.9559117762824944e-05,
                0.8124735304776745,
                4.130805674195683e-05,
                0.10841140335312276,
                0.07905419899469808
            ],
            [
                0.0008880441999563864,
                0.9018255948089162,
                1.0645314225170542e-05,
                0.005700822926540371,
                0.09157489275036189
            ]
        ],
        [
            [
                0.82941515838724,
                0.11366352515122176,
                1.1589070193598449e-05,
                0.00017914426469392672,
                0.056730583126650705
            ],
            [
                4.162776669282789e-06,
                0.9160965101304654,
                0.006451341161514384,
                0.07738968795859105,
                5.829797275979973e-05
            ],
            [
                0.0,
                0.11989625476390788,
                0.8796435502793529,
                0.00046019495673928733,
                0.0
            ],
            [
                1.3156339622040056e-05,
                0.33935863346366263,
                1.6559090782079552e-05,
                0.037873265371326376,
                0.6227383857346068
            ],
            [
                0.00036039750911491975,
                0.6436566393977131,
                2.341473708916801e-05,
                0.01753436790428039,
                0.3384251804518025
            ]
        ],
        [
            [
                0.7057928835574495,
                0.07748333654012905,
                6.554187640828211e-06,
                0.0002892317239585658,
                0.21642799399082222
            ],
            [
                0.0,
                0.9949805908107308,
                4.092974151456511e-05,
                0.004970340735440279,
                8.138712314503941e-06
            ],
            [
                0.0,
                0.9554734470128055,
                0.0001979556197606673,
                0.044321508746146085,
                7.088621287912256e-06
            ],
            [
                0.00011661634468543363,
                0.9703610023116304,
                6.825106473741557e-06,
                0.007651763640543504,
                0.021863792596666924
            ],
            [
                0.009974071887430097,
                0.907142867800876,
                8.140586211388937e-06,
                0.0013279382010007307,
                0.08154698152448164
            ]
        ],
        [
            [
                0.138946278716117,
                0.17545536399914297,
                8.938613193222847e-06,
                0.00031178955385485264,
                0.6852776291176919
            ],
            [
                0.0,
                0.9059844239831136,
                6.184765279375173e-05,
                0.09387635735521396,
                7.737100887866977e-05
            ],
            [
                0.0,
                0.4216362407983158,
                0.010123455454786335,
                0.5680319139534998,
                0.0002083897933980339
            ],
            [
                5.2274957270359783e-05,
                0.2001454293252308,
                1.1343029654456573e-05,
                0.030732430002871413,
                0.769058522684973
            ],
            [
                0.0008119690045397195,
                0.07508705612347702,
                3.07042462904435e-06,
                0.002230028105379652,
                0.9218678763419746
            ]
        ],
        [
            [
                0.30153434057511386,
                0.04512501032774747,
                7.4001467012354984e-06,
                0.00024051460720124054,
                0.6530927343432362
            ],
            [
                5.3923502985218885e-06,
                0.5560811400032585,
                0.0008674629811138322,
                0.4427938531046873,
                0.00025215156064190036
            ],
            [
                0.0,
                0.0003582251977069804,
                0.9830027860859196,
                0.01663265536314071,
                6.333353232770441e-06
            ],
            [
                0.0024184590194091964,
                0.9730273494692446,
                7.252305711570601e-06,
                0.004260051155344608,
                0.0202868880502899
            ],
            [
                0.001608288582404887,
                0.8749315120263024,
                5.331695540775051e-06,
                0.00269998582048498,
                0.12075488187526699
            ]
        ],
        [
            [
                0.33112005385310406,
                0.27718520951659587,
                1.551328243333386e-05,
                0.00017358815844061742,
                0.39150563518942605
            ],
            [
                7.0222268813091525e-06,
                0.975731884630378,
                0.00012982298741178903,
                0.024124444192620567,
                6.825962708363009e-06
            ],
            [
                1.9353645253635217e-05,
                0.97579430501357,
                0.00010557565310103803,
                0.024025748464785522,
                5.501722328978134e-05
            ],
            [
                7.290339390466151e-05,
                0.9345204635991701,
                7.2689234072989635e-06,
                0.008600659742560508,
                0.056798704340957414
            ],
            [
                0.0001740057765990281,
                0.8068245855442276,
                8.979026757188492e-06,
                0.015027604630762597,
                0.17796482502165342
            ]
        ],
        [
            [
                0.3293806388702908,
                0.13734015368323418,
                2.511374237200508e-05,
                0.00034896031361715047,
                0.5329051333904858
            ],
            [
                0.002982751530978321,
                0.9900197948203644,
                4.160568759799032e-06,
                0.0008719629949575597,
                0.006121330084939865
            ],
            [
                0.0,
                0.13303471964607244,
                0.000143007192057951,
                0.8666321036346046,
                0.00019016952726507827
            ],
            [
                2.7234030525477386e-05,
                0.9211801084043574,
                1.7631539468583904e-05,
                0.051442291942221954,
                0.027332734083426694
            ],
            [
                0.011544012650272818,
                0.9293240438470699,
                0.0,
                0.0001828813709170676,
                0.05894906213174018
            ]
        ],
        [
            [
                0.3598669528903901,
                0.11188297559421385,
                1.120273274091509e-05,
                0.00042280219402805795,
                0.5278160665886271
            ],
            [
                3.432327801034418e-05,
                0.9906898259572876,
                8.595060606581818e-05,
                0.009031062322511992,
                0.00015883783612432158
            ],
            [
                5.4898706521811435e-06,
                0.9839443725526523,
                4.3398318435119073e-05,
                0.015894091170168916,
                0.00011264808809146104
            ],
            [
                2.64767306803586e-05,
                0.33879177334263305,
                2.8402559368442448e-05,
                0.1009103683479323,
                0.5602429790193858
            ],
            [
                0.00023774703668526234,
                0.03659157264784169,
                5.436188855705692e-06,
                0.0029957570124313705,
                0.9601694871141859
            ]
        ],
        [
            [
                0.6259403395122697,
                0.2524034450713611,
                1.5313651091601712e-05,
                0.00034059076665672995,
                0.12130031099862086
            ],
            [
                7.122846992268822e-05,
                0.9983146601251369,
                1.2027234223680736e-05,
                0.0015595085163166123,
                4.25756544003119e-05
            ],
            [
                0.0,
                0.08442238180670641,
                0.16583857139434027,
                0.7496507367476248,
                8.831005132849413e-05
            ],
            [
                0.013744282693892284,
                0.967176386071256,
                7.865883887165841e-06,
                0.0032424189266883987,
                0.015829046424276263
            ],
            [
                0.00684947452666045,
                0.9070385499337602,
                5.283786161995174e-06,
                0.0025604528513224808,
                0.08354623890209492
            ]
        ],
        [
            [
                0.33545057070593093,
                0.1161340248676879,
                1.2607094233695064e-05,
                0.00026138193494171507,
                0.5481414153972058
            ],
            [
                0.00011492565375980108,
                0.9922549432467418,
                7.467777491076603e-06,
                0.007499858481806331,
                0.00012280484020100243
            ],
            [
                0.0,
                0.6909049630069126,
                0.0003566972767771957,
                0.3086378178320281,
                0.00010052188428211792
            ],
            [
                0.006389383136506075,
                0.9117724186423961,
                8.29377892745014e-06,
                0.002260199600007032,
                0.07956970484216323
            ],
            [
                3.967120268713466e-05,
                0.04973583365392721,
                3.371590364727936e-06,
                0.0013787927154328176,
                0.9488423308375881
            ]
        ],
        [
            [
                0.39692698290999157,
                0.3081980841284933,
                1.695217400566964e-05,
                0.0006605407947707961,
                0.2941974399927386
            ],
            [
                3.658517856834295e-06,
                0.9836402269466822,
                0.00021416657674787234,
                0.016131826618287232,
                1.012134042596616e-05
            ],
            [
                0.0,
                0.09987338625732624,
                0.010754976162778236,
                0.8890943408041292,
                0.00027729677576638604
            ],
            [
                0.0005304278059147646,
                0.938114170865532,
                1.567222225059323e-05,
                0.007897310693237783,
                0.053442418413064956
            ],
            [
                0.00398528355913649,
                0.6882532639021854,
                4.37600297653248e-06,
                0.0010675362958427815,
                0.3066895402398588
            ]
        ],
        [
            [
                0.10988863827332211,
                0.03219619808409774,
                5.127714547675166e-06,
                0.00029625366172882577,
                0.8576137822663037
            ],
            [
                4.678641919829314e-05,
                0.7739981967124205,
                4.655586422709653e-05,
                0.13432049443132743,
                0.09158796657282677
            ],
            [
                0.0,
                0.5520544770460628,
                0.0004151117539850501,
                0.4475109746216419,
                1.9436578310201652e-05
            ],
            [
                2.1216406922709072e-05,
                0.062238296823163716,
                1.1955839185585615e-05,
                0.040894718178901474,
                0.8968338127518265
            ],
            [
                0.00010778455472290597,
                0.908593102615793,
                9.801783619017456e-06,
                0.022122261120659483,
                0.06916704992520564
            ]
        ],
        [
            [
                0.3528622210991578,
                0.2764497414154875,
                1.4031421623551182e-05,
                0.0007666307132512886,
                0.3699073753504799
            ],
            [
                1.7653030699178685e-06,
                0.9605935955834513,
                0.00012561207483646823,
                0.03926609829028511,
                1.2928748357226091e-05
            ],
            [
                0.0,
                0.45149965222218214,
                0.003684078559159682,
                0.5447579908656138,
                5.827835304445014e-05
            ],
            [
                0.0022823966710563397,
                0.8804348070691232,
                0.0,
                0.0007950526519828268,
                0.11648774360783763
            ],
            [
                0.0011257449038855323,
                0.9919759521627503,
                4.5315463203103665e-06,
                0.0012371507499027332,
                0.005656620637141145
            ]
        ],
        [
            [
                0.18949596216768028,
                0.23419043301164585,
                1.3955188791034713e-05,
                0.0003160563104870266,
                0.5759835933213958
            ],
            [
                5.913166300587538e-05,
                0.8674892892214299,
                2.423942728360764e-05,
                0.03737632396985253,
                0.09505101571842806
            ],
            [
                0.0,
                0.48607463582339666,
                0.00038125893463102366,
                0.5132512615000487,
                0.0002928437419235727
            ],
            [
                0.00037059425359330263,
                0.9888760113599867,
                5.745829044617212e-06,
                0.002949591331511614,
                0.007798057225863729
            ],
            [
                4.1073601009948695e-05,
                0.886237076008011,
                1.5791291290641932e-05,
                0.00781086977865724,
                0.105895189321031
            ]
        ],
        [
            [
                0.2843767910819737,
                0.2731583464585027,
                2.544579916206047e-05,
                0.0007471598615412919,
                0.44169225679882035
            ],
            [
                4.584013897872686e-06,
                0.9860913966492381,
                0.00023248576822769258,
                0.01364217002151444,
                2.9363547121975546e-05
            ],
            [
                0.0,
                0.571959145270176,
                0.025562062196935905,
                0.4023435826869602,
                0.00013520984592796728
            ],
            [
                0.005379737327441464,
                0.675265177368717,
                1.152893345269944e-05,
                0.003115026156287326,
                0.31622853021410163
            ],
            [
                0.0002649281672652199,
                0.4527245636673417,
                2.9716121866388537e-05,
                0.013029883410666148,
                0.5339509086328604
            ]
        ],
        [
            [
                0.6727542011353446,
                0.19890000746432213,
                1.3255536342999416e-05,
                0.0003175385735248392,
                0.1280149972904655
            ],
            [
                3.4576481648425356e-05,
                0.9960011536258064,
                2.918613389280984e-05,
                0.003850994593160679,
                8.408916549161263e-05
            ],
            [
                0.0,
                6.647174492107568e-06,
                0.9999053148839194,
                8.803794158846561e-05,
                0.0
            ],
            [
                0.00037711223677842784,
                0.739817211682883,
                2.0183576989976224e-05,
                0.016797683238785766,
                0.24298780926456295
            ],
            [
                3.6752729620777325e-05,
                0.6404936065461401,
                6.25043089956271e-05,
                0.07267698935046628,
                0.2867301470647772
            ]
        ],
        [
            [
                0.246333567374547,
                0.2014446557518524,
                3.294083459856996e-05,
                0.0008493799063915023,
                0.5513394561326106
            ],
            [
                0.002256733815018021,
                0.997544859287857,
                3.7226911432460128e-06,
                0.00018231989925094838,
                1.236430673081656e-05
            ],
            [
                5.5493331821273606e-06,
                0.7125574312756232,
                0.00024521276767904633,
                0.2865783277833641,
                0.0006134788401515458
            ],
            [
                0.00011082381277645644,
                0.9390760374640109,
                4.105498480186067e-06,
                0.001971963780242483,
                0.05883706944449003
            ],
            [
                0.0001832129394524401,
                0.8613530707787154,
                1.5551872975307792e-05,
                0.016787369714619273,
                0.12166079469423755
            ]
        ],
        [
            [
                0.094219316054275,
                0.11893003918473703,
                1.056713056390756e-05,
                0.0008051991138238706,
                0.7860348785166001
            ],
            [
                6.954873065274155e-06,
                0.9541002879095825,
                3.543097984693123e-05,
                0.043998678323617466,
                0.0018586479138877818
            ],
            [
                9.940285197184489e-06,
                0.9084490764154926,
                0.00011706715121054731,
                0.09092345813159639,
                0.0005004580165032726
            ],
            [
                3.545452129145079e-05,
                0.96757839395953,
                8.98677259695849e-06,
                0.013276888352928447,
                0.019100276393653044
            ],
            [
                0.0005182351588489985,
                0.5211541310101798,
                1.1532580467219026e-05,
                0.011095075207595428,
                0.46722102604290844
            ]
        ],
        [
            [
                0.44742940800771763,
                0.21530222324233797,
                2.7895880052454084e-05,
                0.0011155011106814404,
                0.33612497175921047
            ],
            [
                0.0,
                0.8361889179935582,
                0.0003277200510097547,
                0.16346340815264776,
                1.9953802784272757e-05
            ],
            [
                0.0,
                0.008319511210298218,
                0.002376919696710171,
                0.9860778661144218,
                0.003225702978569771
            ],
            [
                0.0007295188231473409,
                0.6111233930828465,
                8.066566043225767e-06,
                0.002074839064617516,
                0.3860641824633454
            ],
            [
                0.00015786945254289328,
                0.9906499876816768,
                7.820351025850856e-06,
                0.0038603743582776868,
                0.0053239481564767085
            ]
        ],
        [
            [
                0.1032768625858646,
                0.07053652553332695,
                1.3357672612850749e-05,
                0.0004337294476972822,
                0.8257395247604982
            ],
            [
                0.0,
                0.444400365000973,
                0.0011191659037895587,
                0.5544636106394498,
                1.6858455787584734e-05
            ],
            [
                0.0,
                0.13328164183427746,
                0.04616028503091135,
                0.8202889811220444,
                0.0002690920127667414
            ],
            [
                3.248792697833699e-05,
                0.7978233633388576,
                9.44268665293861e-06,
                0.03868010803973204,
                0.16345459800777898
            ],
            [
                0.00013291052152091434,
                0.2755258496462745,
                2.093317312035801e-05,
                0.022161462396168216,
                0.702158844262916
            ]
        ],
        [
            [
                0.1447897174518973,
                0.10971408617328295,
                1.6973953878178452e-05,
                0.0005478845252188226,
                0.7449313378957229
            ],
            [
                2.8536703950703924e-05,
                0.8706046216063082,
                5.004049695059019e-05,
                0.12850680210894072,
                0.0008099990838499074
            ],
            [
                0.0,
                0.15091447568992758,
                0.0002497469909431511,
                0.8485131056283188,
                0.00032267169081032817
            ],
            [
                0.0006115296827353749,
                0.9859907479854016,
                4.573356937184772e-06,
                0.0011643637678553868,
                0.012228785207070447
            ],
            [
                0.0010769533304789195,
                0.9261102539008292,
                1.1682609205440828e-05,
                0.006997936811152912,
                0.06580317334833362
            ]
        ],
        [
            [
                0.2054204269711637,
                0.2333083203812844,
                2.4499975590531622e-05,
                0.0005246636660730614,
                0.5607220890058884
            ],
            [
                0.0,
                0.9278310375395558,
                8.199269533806613e-05,
                0.07202339401169067,
                6.35757534155779e-05
            ],
            [
                0.0,
                0.0014465143192573682,
                0.9962786055212092,
                0.002272225265813898,
                2.6548937196043753e-06
            ],
            [
                0.00016396516674359383,
                0.9640438554913217,
                4.920981524021158e-06,
                0.008498568422057972,
                0.027288689938352758
            ],
            [
                0.0017463725345049726,
                0.732317563065343,
                1.0857114487030658e-05,
                0.005968190002106774,
                0.2599570172835583
            ]
        ],
        [
            [
                0.4259544258508201,
                0.07846107795709575,
                1.3189360193391496e-05,
                0.0002292837818964694,
                0.4953420230499943
            ],
            [
                5.0711650135294093e-05,
                0.9697518489371767,
                3.9346013851855026e-05,
                0.027115097902443992,
                0.0030429954963921606
            ],
            [
                0.0,
                0.07033049463794142,
                0.00022298360807708202,
                0.9292318250694621,
                0.0002146966845193165
            ],
            [
                0.000145816993161524,
                0.8097200454122706,
                1.3984399179624046e-05,
                0.015054321381716484,
                0.17506583181367177
            ],
            [
                9.086240500050462e-05,
                0.01325148670511962,
                1.965234013912221e-06,
                0.0007204156443605053,
                0.9859352700115055
            ]
        ],
        [
            [
                0.23752758167050203,
                0.43367100533939773,
                2.3465508722419885e-05,
                0.0020158256232840678,
                0.32676212185809367
            ],
            [
                6.660323789095915e-06,
                0.9581100104639619,
                0.000783989086797125,
                0.041091501393344,
                7.838732107891724e-06
            ],
            [
                0.0,
                0.20218345058570442,
                0.0003182403247182808,
                0.7893496404526229,
                0.008148668636954468
            ],
            [
                0.00025826626404464595,
                0.9667808160127105,
                1.809935104794554e-05,
                0.011809651311743686,
                0.021133167060453144
            ],
            [
                0.0005450734243817724,
                0.32814590121002013,
                1.0033801159828237e-05,
                0.002828074892677711,
                0.6684709166717606
            ]
        ],
        [
            [
                0.42414739050138545,
                0.23122611161426115,
                2.4608193311068537e-05,
                0.000479227507880602,
                0.3441226621831617
            ],
            [
                7.70229925641721e-05,
                0.9984526223318115,
                6.506599581280552e-06,
                0.0014472348025807145,
                1.661327346228704e-05
            ],
            [
                0.0,
                0.011080026188106494,
                0.00040318367358877465,
                0.988495536777809,
                2.1253360495793954e-05
            ],
            [
                2.262051955868019e-05,
                0.779526247718985,
                3.342280459883364e-05,
                0.09990807971755329,
                0.12050962923930435
            ],
            [
                0.0022141074576989576,
                0.9384999181738961,
                0.0,
                0.0009137148547193355,
                0.05837225951368555
            ]
        ],
        [
            [
                0.8227757936484139,
                0.11966626949949165,
                7.384897673171917e-06,
                0.00013284261210409903,
                0.05741770934231727
            ],
            [
                1.5566179056299213e-05,
                0.9950073316782551,
                0.00026413030251406036,
                0.004704561982491443,
                8.409857683187783e-06
            ],
            [
                1.0353406047341125e-05,
                0.963424887151801,
                7.868232571705804e-05,
                0.036442190142608556,
                4.388697382623077e-05
            ],
            [
                6.067991844606154e-05,
                0.7802575531266018,
                1.2305690657639229e-05,
                0.014262511642608925,
                0.20540694962168568
            ],
            [
                5.2387492367161004e-05,
                0.8887109558055992,
                2.9680725662681455e-05,
                0.03406968849588933,
                0.07713728748048161
            ]
        ],
        [
            [
                0.69611353229301,
                0.18216918907141966,
                1.7084725940929935e-05,
                0.00099824610541317,
                0.12070194780421634
            ],
            [
                0.0003245035876160526,
                0.988369357286382,
                5.390944448409116e-06,
                0.0011751153499271116,
                0.010125632831626532
            ],
            [
                4.634722784928977e-06,
                0.9626854678810481,
                6.384350714742248e-05,
                0.0371028100439734,
                0.00014324384504609756
            ],
            [
                0.0003157263034258088,
                0.6446405347010418,
                1.162016219841259e-05,
                0.0031780786971050555,
                0.351854040136229
            ],
            [
                0.0007863978489246942,
                0.8159419188101347,
                6.026574864287351e-06,
                0.003346080144142506,
                0.17991957662193386
            ]
        ],
        [
            [
                0.1696803514684509,
                0.06142122021882253,
                1.0898050942122807e-05,
                0.0003741403373532736,
                0.7685133899244311
            ],
            [
                0.0,
                0.8965957335198343,
                7.22034937534398e-05,
                0.10330884074654029,
                2.322223987196016e-05
            ],
            [
                0.0,
                0.0065028314730074055,
                0.0005755705860094778,
                0.9837715410827519,
                0.009150056858231288
            ],
            [
                0.0003403664795934582,
                0.7902411241141895,
                8.41041835984888e-06,
                0.006222753161519586,
                0.20318734582633755
            ],
            [
                0.00010088017037008983,
                0.231426655749726,
                1.3938159695243567e-05,
                0.026842976436755053,
                0.7416155494834537
            ]
        ],
        [
            [
                0.6212414598648479,
                0.1081825038900633,
                8.20746192020381e-06,
                0.00023752686449686315,
                0.2703303019186718
            ],
            [
                6.9818873385676955e-06,
                0.998456449126287,
                4.641405266642427e-05,
                0.00148814383283015,
                2.011100877868228e-06
            ],
            [
                0.0,
                0.4243091763847817,
                0.002110153595868656,
                0.5735419545045826,
                3.8715514767067335e-05
            ],
            [
                1.69386678376587e-05,
                0.18404096470679635,
                4.233884753702223e-05,
                0.022697163644652303,
                0.7932025941331767
            ],
            [
                0.0007976583295055532,
                0.051508393154635033,
                4.663605900261907e-06,
                0.0009973402117887029,
                0.9466919446981704
            ]
        ],
        [
            [
                0.09478802533426547,
                0.1490006614678055,
                2.0642725167881137e-05,
                0.0017164793202948212,
                0.7544741911524664
            ],
            [
                3.0432942410656124e-06,
                0.9331384529991261,
                0.0002442295497351401,
                0.06655512699779112,
                5.9147159106615654e-05
            ],
            [
                0.0,
                0.8530185142495929,
                0.004099847312326539,
                0.14287325836520276,
                8.380072877900166e-06
            ],
            [
                6.265976696818526e-05,
                0.9851322866222484,
                1.060252909501855e-05,
                0.012419462362769106,
                0.0023749887189192056
            ],
            [
                0.000793666255140357,
                0.9792527893639651,
                5.5605478595911575e-06,
                0.002254545409344379,
                0.017693438423690724
            ]
        ],
        [
            [
                0.35583533374001397,
                0.039259104463009356,
                1.2597395133557843e-05,
                0.0002509276265593747,
                0.6046420367752837
            ],
            [
                0.0001143606013759008,
                0.24150272268309902,
                6.143328068791904e-06,
                0.0010920699664153984,
                0.7572847034210408
            ],
            [
                4.775723247150669e-06,
                0.9749604755652809,
                0.000184050178162292,
                0.024835799707161665,
                1.4898826148004696e-05
            ],
            [
                5.427251975971077e-05,
                0.9544333447398501,
                1.1422053647219276e-05,
                0.006869262420390071,
                0.03863169826635291
            ],
            [
                0.0013518401824395108,
                0.7060831892700096,
                4.792111082472606e-06,
                0.0019395708987116121,
                0.2906206075377568
            ]
        ],
        [
            [
                0.642714734946102,
                0.1762718390494968,
                1.4549312846728763e-05,
                0.0002537342007778938,
                0.18074514249077656
            ],
            [
                0.002073234628754403,
                0.9261525538183185,
                8.98231181155631e-06,
                0.00204750977375344,
                0.0697177194673621
            ],
            [
                0.0,
                0.0007056239274106465,
                0.9991261017677403,
                0.00016827430484903476,
                0.0
            ],
            [
                2.1089639077028484e-05,
                0.02802371460509824,
                7.371799787101013e-06,
                0.0030188990196791084,
                0.9689289249363585
