{
    "[['A', 'B', 'C', 'D', 'E'], ['A', 'B', 'C', 'D', 'E']]": [
        [
            [
                0.9851959067209348,
                0.002780461277030791,
                3.305364715655573e-06,
                0.00020808357875071564,
                0.011812243058568078
            ],
            [
                0.0007835059107850359,
                0.9907125346189684,
                6.72353805894801e-05,
                0.008250399528437362,
                0.0001863245612196309
            ],
            [
                0.0002649340345946071,
                0.9804948245825693,
                0.004093736366023068,
                0.01513867291528055,
                7.83210153245594e-06
            ],
            [
                0.9858630349241169,
                0.010965086738912883,
                2.879809860608276e-06,
                5.768189068734384e-05,
                0.003111316636422177
            ],
            [
                0.002711597401609694,
                0.978983342642264,
                3.391850335992321e-05,
                0.017489405687547057,
                0.0007817357652192615
            ]
        ],
        [
            [
                0.97786729876447,
                0.00484750102320289,
                0.0,
                0.0003107154675890951,
                0.016974484744738012
            ],
            [
                0.8813972115101455,
                0.10927807739799965,
                5.936977000135021e-06,
                0.0003952513063839421,
                0.008923522808470731
            ],
            [
                5.309509573135697e-05,
                0.7334190908374937,
                0.10449362720825624,
                0.16202081034341864,
                1.3376515100042207e-05
            ],
            [
                0.9767927290537529,
                0.02283869260651113,
                8.358634034427137e-06,
                0.0001191562933344636,
                0.00024106341236711275
            ],
            [
                0.005869808383293636,
                0.9919389949942449,
                8.390585209644035e-06,
                0.0013872203404849607,
                0.0007955856967667839
            ]
        ],
        [
            [
                0.938078919482841,
                0.056437020620323214,
                7.402677181976504e-06,
                0.0008844332250096989,
                0.004592223994644229
            ],
            [
                0.005265393497116585,
                0.9764155576598519,
                1.6628296624194537e-05,
                0.017881051577709004,
                0.00042136896869835215
            ],
            [
                0.0003502536269154079,
                0.9458490698471247,
                0.004046526105862922,
                0.04971639517003998,
                3.775525005698716e-05
            ],
            [
                0.9831945169559584,
                0.01590806833084196,
                2.5365140108271005e-06,
                4.090423904026687e-05,
                0.0008539739601485781
            ],
            [
                0.8666507492453476,
                0.002391081302263647,
                0.0,
                4.127984929372627e-05,
                0.1309168896030951
            ]
        ],
        [
            [
                0.9607809252284999,
                0.030423629336835123,
                2.6850809226197477e-06,
                0.00013268791489077548,
                0.008660072438851668
            ],
            [
                2.0368335524120327e-05,
                0.995290021460069,
                0.0003845533437834106,
                0.004290096538348157,
                1.4960322275291876e-05
            ],
            [
                0.9603046874253269,
                0.03809496142868472,
                4.850615060026639e-05,
                0.001239352452415834,
                0.00031249254297234394
            ],
            [
                0.009980366012654368,
                0.02739671633065594,
                3.9086226294283335e-06,
                0.0003770586113920972,
                0.9622419504226682
            ],
            [
                0.989074759055478,
                0.0029325599369956464,
                0.0,
                4.663028949727218e-05,
                0.007946050718029011
            ]
        ],
        [
            [
                0.9822808122946065,
                0.011054868629064877,
                0.0,
                0.00017348570599996384,
                0.006490833370328726
            ],
            [
                0.0002079602275593199,
                0.8033582400081347,
                0.0022708569443483603,
                0.19054215740131972,
                0.0036207854186378523
            ],
            [
                9.618097300801614e-05,
                0.09765996237301218,
                0.4828633205352775,
                0.4193245378064276,
                5.5998312274745336e-05
            ],
            [
                0.0015438375838289842,
                0.00481527546920901,
                0.0,
                0.0008951967560099753,
                0.9927456901909519
            ],
            [
                0.9958380560478229,
                0.002679108853611649,
                1.2549099297687783e-06,
                0.0001262774917517749,
                0.0013553026968839404
            ]
        ],
        [
            [
                0.9842171870168586,
                0.011059914604936385,
                2.3771846182903716e-06,
                0.00022553060130569416,
                0.004494990592281122
            ],
            [
                0.6331371099500959,
                0.36248558586883095,
                4.991310978356372e-05,
                0.003665259033193682,
                0.0006621320380958451
            ],
            [
                2.0978843960425062e-05,
                0.8495986576318053,
                0.005405690637700355,
                0.14487285859328378,
                0.00010181429325015406
            ],
            [
                0.004925902866586698,
                0.039125369033705684,
                2.3517900626503438e-05,
                0.017538512566590038,
                0.938386697632491
            ],
            [
                0.08460975661493103,
                0.8290227159432658,
                2.3504534626438688e-05,
                0.002781227804177786,
                0.08356279510299898
            ]
        ],
        [
            [
                0.9864758380559585,
                0.012093781713920634,
                3.5374611888114345e-06,
                0.0003463761390094043,
                0.0010804666299227348
            ],
            [
                0.9348984714206668,
                0.03956625287969083,
                3.7181407089100512e-06,
                0.00013117958127939678,
                0.02540037797765393
            ],
            [
                0.5851007591603363,
                0.4125757906294499,
                2.732644358171249e-05,
                0.00068217700530461,
                0.0016139467613273109
            ],
            [
                0.0014090446936462317,
                0.003451210201343626,
                0.0,
                0.00028277321939861776,
                0.9948569718856115
            ],
            [
                0.05055463790112525,
                0.9387949813960319,
                8.740505006181488e-06,
                0.00039652844115253746,
                0.010245111756684131
            ]
        ],
        [
            [
                0.9878157561978811,
                0.010321429514218718,
                3.4493439317942526e-06,
                0.00019176660780604752,
                0.0016675983361624503
            ],
            [
                1.291813749381125e-05,
                0.9999544559157499,
                2.2132438352973732e-05,
                9.89697179579279e-06,
                5.965366074819923e-07
            ],
            [
                0.0075279292052357425,
                0.9246804235008246,
                0.055003619823855154,
                0.012780233225582057,
                7.794244502484548e-06
            ],
            [
                0.9607698600860062,
                0.01707816047835039,
                0.0,
                6.26252318260712e-05,
                0.02208935420381741
            ],
            [
                0.9885309611437884,
                0.0009659753152652299,
                0.0,
                5.482815724480339e-05,
                0.010448235383701635
            ]
        ],
        [
            [
                0.834218604245711,
                0.15977011360929505,
                1.3733322393560262e-05,
                0.0023753585443144066,
                0.003622190278286151
            ],
            [
                0.9398139588644162,
                0.038198202186921645,
                1.2117919776618615e-05,
                0.0009216686989708617,
                0.021054052329914676
            ],
            [
                0.07789805525848167,
                0.9156405263386652,
                0.004332254983985348,
                0.0021189129293019203,
                1.0250489565767915e-05
            ],
            [
                0.9744913754992199,
                0.014563091695967723,
                2.3578557864189593e-06,
                0.0004766186241288116,
                0.010466556324897099
            ],
            [
                0.0036665549528757655,
                0.8704178609365442,
                2.648058426598318e-05,
                0.03618860594074855,
                0.08970049758556554
            ]
        ],
        [
            [
                0.9838008537197895,
                0.0032211494964939167,
                0.0,
                0.000628327521345199,
                0.01234966926237134
            ],
            [
                0.0001429945525515102,
                0.9998055580619342,
                2.1393572693454525e-05,
                3.0053812820826462e-05,
                0.0
            ],
            [
                7.748132841723481e-06,
                0.9350153550879275,
                0.0013904001893429905,
                0.06349838113951534,
                8.811545037221056e-05
            ],
            [
                0.00954916848472475,
                0.01784795223719701,
                1.9404869893807577e-05,
                0.004603746281379474,
                0.967979728126805
            ],
            [
                0.001594265839761951,
                0.5207736017475804,
                4.951806837769797e-05,
                0.09500503989512736,
                0.3825775744491527
            ]
        ],
        [
            [
                0.9744454679854662,
                0.02370394755284468,
                4.047927722306194e-06,
                0.00047789071500939454,
                0.0013686458189573708
            ],
            [
                0.9034526659227542,
                0.09093638336651154,
                2.5242337823644797e-05,
                0.001983088302222644,
                0.0036026200706879468
            ],
            [
                0.0030061741858701204,
                0.9487808490709797,
                0.005976438582100064,
                0.042225121313557296,
                1.1416847492783971e-05
            ],
            [
                0.9838684057983189,
                0.01537956786270727,
                3.197212848108095e-06,
                3.5830534372418515e-05,
                0.0007129985917532135
            ],
            [
                0.9628759559227199,
                0.008618371146931154,
                0.0,
                5.659059377792152e-05,
                0.02844908233657108
            ]
        ],
        [
            [
                0.9893429899975452,
                0.008947814181012087,
                3.6048676452830634e-06,
                0.0006758026231738442,
                0.0010297883306234733
            ],
            [
                0.9375012169725037,
                0.049809808624681456,
                3.5382625831989185e-05,
                0.005598471561110451,
                0.007055120215872492
            ],
            [
                0.7877630121202799,
                0.21146884380117129,
                2.366500219199963e-05,
                0.0004680934034307435,
                0.0002763856729260616
            ],
            [
                0.00013264581764751914,
                0.005108681113963416,
                5.0580880231572e-06,
                0.002383013758902737,
                0.9923706012214631
            ],
            [
                0.9001533171502442,
                0.01142595903413878,
                7.16494119478128e-06,
                0.0008273480408545412,
                0.08758621083356774
            ]
        ],
        [
            [
                0.9932576802718788,
                0.0038451012170991135,
                0.0,
                0.0001684840701132991,
                0.00272873444090883
            ],
            [
                0.019086765675998933,
                0.9756286903650749,
                1.0714049068814244e-05,
                0.004362616091228229,
                0.0009112138186290383
            ],
            [
                0.001968701181514796,
                0.7030200350522083,
                0.15610477658823085,
                0.13878792194421452,
                0.00011856523383145944
            ],
            [
                0.0026596926301914775,
                0.014507939677843867,
                1.7259761069474313e-05,
                0.012427298732931077,
                0.9703878091979641
            ],
            [
                0.9682837860449107,
                0.002992833464385366,
                0.0,
                0.00022220346354659128,
                0.028501177027157393
            ]
        ],
        [
            [
                0.9538440871319861,
                0.03345456368395309,
                3.8076587131051617e-06,
                0.0001361341081562276,
                0.012561407417191533
            ],
            [
                0.9449023403713783,
                0.024200220957303755,
                4.880359780062881e-06,
                0.0002109111474321209,
                0.03068164716410585
            ],
            [
                0.9523238682065682,
                0.04616256837395293,
                1.3091504918082915e-05,
                0.00019495866082449616,
                0.0013055132537362674
            ],
            [
                0.0007808161137881723,
                0.012097119826969273,
                1.3482339885379734e-05,
                0.008849666665894986,
                0.9782589150534622
            ],
            [
                0.9788736804118923,
                0.004328661843069273,
                0.0,
                4.906145667343966e-05,
                0.01674859628836499
            ]
        ],
        [
            [
                0.9885573929373905,
                0.006923805898836576,
                2.138061083967331e-06,
                0.00014769825615610537,
                0.0043689648465328685
            ],
            [
                0.008696736813944526,
                0.9876684975812898,
                7.271249557786015e-06,
                0.0034896745385777097,
                0.00013781981663019775
            ],
            [
                0.0002948461317558861,
                0.9772156575810036,
                0.005344712497715973,
                0.017125735874786826,
                1.9047914737783115e-05
            ],
            [
                0.97197560707174,
                0.003912101159900286,
                3.679853308959632e-06,
                0.001504204385198075,
                0.022604407529852752
            ],
            [
                0.9959726961165802,
                0.0021186005367566955,
                0.0,
                9.050562699531452e-05,
                0.0018181977196677825
            ]
        ],
        [
            [
                0.9883087979111288,
                0.008958028926745508,
                3.7187883241565536e-06,
                0.0005263760577159113,
                0.0022030783160855404
            ],
            [
                0.7042128366753433,
                0.2900780762780541,
                8.074841183829733e-05,
                0.004288429213924308,
                0.0013399094208400152
            ],
            [
                6.729285627997074e-06,
                0.015248325772859892,
                0.9841871867590378,
                0.0005528750300951836,
                4.883152379043703e-06
            ],
            [
                0.0430866410116916,
                0.07699814231159587,
                9.808489387542762e-06,
                0.0020232962648625797,
                0.8778821119224625
            ],
            [
                0.9766051109583299,
                0.003570602490159945,
                2.4671450336126583e-06,
                0.0001028429045395679,
                0.019718976501936967
            ]
        ],
        [
            [
                0.9493954555566452,
                0.04939573473273824,
                1.1054566030082019e-05,
                0.0005367930068021519,
                0.0006609621377843087
            ],
            [
                0.1292651368777288,
                0.8375292146921386,
                0.0,
                0.01928940959590827,
                0.013916238834224241
            ],
            [
                0.02127317713750748,
                0.9610626368828412,
                0.00018001921025013836,
                0.01746689351064801,
                1.7273258753142894e-05
            ],
            [
                0.08585714963135561,
                0.10024094765269566,
                5.319034720432767e-06,
                0.0004897178178895716,
                0.8134068658633388
            ],
            [
                0.07891189933014225,
                0.5006925458752798,
                2.265735018578252e-05,
                0.011542582603261919,
                0.4088303148411303
            ]
        ],
        [
            [
                0.9768528015797647,
                0.022097045466107714,
                0.0,
                2.342304084134962e-05,
                0.0010267299132861705
            ],
            [
                0.9366553222290823,
                0.0614683452175155,
                1.0707259928412501e-05,
                0.0009470789037175063,
                0.0009185463897562698
            ],
            [
                0.000390231754437165,
                0.31197545841710855,
                0.6061122232443358,
                0.08149052255337128,
                3.1564030747123914e-05
            ],
            [
                0.9690375479709766,
                0.020655135245316994,
                5.770381796878924e-06,
                0.0007679123873232805,
                0.009533634014586236
            ],
            [
                0.8251728776158519,
                0.005174609077596567,
                0.0,
                0.00012070044014731785,
                0.1695318128664042
            ]
        ],
        [
            [
                0.8128306181142108,
                0.18535648211581304,
                2.1655199348203216e-05,
                0.0012468158748252436,
                0.0005444286958026711
            ],
            [
                0.000265957050196476,
                0.975327588069417,
                1.7298189283252916e-05,
                0.02435219164263063,
                3.696504847256558e-05
            ],
            [
                0.0,
                0.00043357458979555,
                0.9995513280477177,
                1.4555164011621391e-05,
                5.421984750406532e-07
            ],
            [
                0.9830709730019958,
                0.011040985409854393,
                0.0,
                2.4039650564787505e-05,
                0.005864001937585038
            ],
            [
                0.9898062441435868,
                0.0028292264807434644,
                0.0,
                0.00014060501185232107,
                0.00722392436381751
            ]
        ],
        [
            [
                0.9308147142441014,
                0.06583126299928435,
                9.333990465519338e-06,
                0.0007147505681165073,
                0.002629938198032016
            ],
            [
                0.004385368019706345,
                0.9887504504772876,
                1.5615278535148934e-05,
                0.006380162385206076,
                0.0004684038392647789
            ],
            [
                0.20523309268194315,
                0.6964859896799308,
                0.04918412312332692,
                0.04905745541423128,
                3.933910056786366e-05
            ],
            [
                0.9408691465924133,
                0.02465415114928094,
                6.296457470124082e-06,
                0.00022760010621236603,
                0.034242805694623325
            ],
            [
                0.05166533873926538,
                0.7505618475207412,
                2.1442094123044525e-05,
                0.00684001364215906,
                0.19091135800371142
            ]
        ],
        [
            [
                0.9890597500540299,
                0.00901768844664343,
                0.0,
                1.886688578350919e-05,
                0.0019036946135432213
            ],
            [
                0.9626210796306341,
                0.03370334821623912,
                0.0,
                0.0007951585788408177,
                0.002880413574285962
            ],
            [
                0.035089352066993734,
                0.9624563218091748,
                0.0017360472342444813,
                0.0007131343298040797,
                5.144559782948967e-06
            ],
            [
                0.025322712315669623,
                0.8355363575529696,
                6.637772889369354e-05,
                0.033624013964319376,
                0.10545053843814761
            ],
            [
                0.9094930241516483,
                0.04745015767971441,
                0.0,
                0.00011527849853529531,
                0.042941539670101996
            ]
        ],
        [
            [
                0.9262832577183372,
                0.04763585213527115,
                3.759304447147743e-06,
                0.0003163613120038227,
                0.025760769529940778
            ],
            [
                0.8329068792066183,
                0.12401753538123444,
                2.559615766357002e-05,
                0.0067982822499671886,
                0.036251707004516555
            ],
            [
                0.09036834872948686,
                0.7886593797422784,
                0.1153412910342689,
                0.005620136666072149,
                1.0843827893661738e-05
            ],
            [
                0.00417348971689268,
                0.03733624416902206,
                6.601063248986711e-05,
                0.009906676743923506,
                0.9485175787376718
            ],
            [
                0.023444653375589906,
                0.9577727830379777,
                1.7622300024025167e-05,
                0.002719246630479712,
                0.016045694655928464
            ]
        ],
        [
            [
                0.9836661231779552,
                0.00808012070262258,
                0.0,
                0.00015370145082762654,
                0.0081000546685945
            ],
            [
                0.6304309069931767,
                0.3686672276431252,
                6.026986900547675e-05,
                0.00033154955778428826,
                0.000510045936908197
            ],
            [
                0.0017920341087425652,
                0.8402608173691738,
                0.03416163901383816,
                0.12375340896584343,
                3.2100542401951046e-05
            ],
            [
                0.004446688491120661,
                0.008906315749622673,
                3.6022546418863996e-06,
                0.0007269690750258142,
                0.9859164244295889
            ],
            [
                0.001061760209132896,
                0.888812010633391,
                3.585411644313535e-05,
                0.10617350605910623,
                0.003916868981926768
            ]
        ],
        [
            [
                0.9573347008405853,
                0.004433903431309621,
                0.0,
                8.141960655736025e-05,
                0.03814997612154782
            ],
            [
                0.9683874707202863,
                0.005187887855987282,
                4.287453337981635e-06,
                0.00038798432105830783,
                0.026032369649330058
            ],
            [
                0.541065122986855,
                0.4162092153691626,
                0.04073692624304616,
                0.0019887354009362947,
                0.0
            ],
            [
                0.9834931442067564,
                0.010903944844488419,
                0.0,
                0.00020686833230894834,
                0.005396042616446184
            ],
            [
                0.9985988984513652,
                0.0001576270477372289,
                0.0,
                4.055742152512685e-05,
                0.0012029170793722965
            ]
        ],
        [
            [
                0.9844933747234664,
                0.008657673822732699,
                3.568246696702916e-06,
                0.00043120057530114013,
                0.006414182631802984
            ],
            [
                0.9492993168935503,
                0.04378287735799712,
                1.766271802763513e-05,
                0.0003691225091413175,
                0.00653102052128353
            ],
            [
                0.003032167468031257,
                0.6233748353717132,
                0.039423118168441226,
                0.3338766788426504,
                0.00029320014916377706
            ],
            [
                0.9835173543644192,
                0.014948833803414645,
                0.0,
                0.00013445378974187883,
                0.0013993580424241491
            ],
            [
                0.0015129970552673082,
                0.010911484828443837,
                5.246279546089666e-06,
                0.005296463790403468,
                0.9822738080463393
            ]
        ],
        [
            [
                0.9648580595338035,
                0.03211228110130229,
                7.536871117753378e-06,
                0.0006249981094021589,
                0.0023971243843742746
            ],
            [
                0.012993046215982492,
                0.9812994249742049,
                0.0003301594061823397,
                0.005369588670340976,
                7.780733289262207e-06
            ],
            [
                4.460309735731958e-06,
                0.0015919067826753934,
                0.998140284712087,
                0.0002568219931084001,
                6.526202393473968e-06
            ],
            [
                0.007608148081249608,
                0.004043108346904594,
                1.6662974478302437e-06,
                4.258197611795817e-05,
                0.98830449529828
            ],
            [
                0.9595817228669673,
                0.030609603645184814,
                7.496444813688471e-06,
                0.00021646240498102872,
                0.00958471463805304
            ]
        ],
        [
            [
                0.7413682770981019,
                0.0021057419873445424,
                0.0,
                0.00010352748904269488,
                0.2564224534255109
            ],
            [
                0.9754171712030301,
                0.015866348500488885,
                4.7506198243013165e-06,
                0.0010392349525248938,
                0.007672494724131941
            ],
            [
                0.17788866474464662,
                0.8129009016709646,
                0.007695134727894287,
                0.0015040346677622878,
                1.1264188732179866e-05
            ],
            [
                0.025748035541572546,
                0.7903292766849128,
                1.212637234527167e-05,
                0.0027566272857162477,
                0.18115393411545305
            ],
            [
                0.18228729205125155,
                0.7791306526787491,
                9.88281064208747e-06,
                0.0012144006589412813,
                0.03735777180041594
            ]
        ],
        [
            [
                0.8924986596100053,
                0.022439029163429665,
                5.549580809238897e-06,
                0.0002909822867485585,
                0.08476577935900721
            ],
            [
                0.9591649837038718,
                0.03928592286672093,
                5.471509493266761e-06,
                0.00034459628275788565,
                0.0011990256371559997
            ],
            [
                7.476243871958639e-06,
                0.004733473228060272,
                0.9952057968161407,
                5.32537119269534e-05,
                0.0
            ],
            [
                0.0014053277923893011,
                0.9966278080142424,
                1.5002875140204283e-05,
                0.0019332752392445703,
                1.8586078983478416e-05
            ],
            [
                0.016884007160091186,
                0.862632975915001,
                3.2054363827992895e-05,
                0.020634896593964353,
                0.0998160659671155
            ]
        ],
        [
            [
                0.9165671063741163,
                0.08069147672364126,
                0.0,
                3.449556040599997e-05,
                0.002706921341836505
            ],
            [
                0.9831588337932219,
                0.015792929787246588,
                2.284887838270521e-06,
                0.0001421848450855797,
                0.0009037666866075851
            ],
            [
                0.033927793349176366,
                0.9277210516352847,
                0.00019257213682256832,
                0.03792499302390335,
                0.00023358985481301695
            ],
            [
                0.0019456839798959308,
                0.006395197230189983,
                8.34738699242387e-06,
                0.003764278750119375,
                0.9878864926528024
            ],
            [
                0.8039818174884548,
                0.004715492186212106,
                0.0,
                8.911515207161632e-05,
                0.19121357517326149
            ]
        ],
        [
            [
                0.9778409433640224,
                0.012572698188370491,
                0.0,
                7.103063277731545e-05,
                0.009515327814829782
            ],
            [
                0.0022464988385417755,
                0.997685758801899,
                9.903602813590272e-06,
                4.6786776589977115e-05,
                1.1051980155499984e-05
            ],
            [
                0.027844811278747248,
                0.9713027260327118,
                2.4996710055723775e-05,
                0.0008201884397557104,
                7.277538729500838e-06
            ],
            [
                0.8637102368445095,
                0.04054617176639757,
                1.0091886128310622e-05,
                0.0006911602777829447,
                0.09504233922518161
            ],
            [
                0.0013693604542203393,
                0.004022456594335578,
                0.0,
                0.0010271929689985664,
                0.9935809899824456
            ]
        ],
        [
            [
                0.9915176596065625,
                0.0074067670181169895,
                4.784960276671467e-06,
                0.000633479553150255,
                0.00043730886189362154
            ],
            [
                0.7370814423352183,
                0.2574668771409845,
                6.766614493935575e-06,
                0.00023147546544113204,
                0.0052134384438621275
            ],
            [
                0.02716346201434608,
                0.9480907435330312,
                0.02382653229263563,
                0.0009166164704101596,
                2.6456895769162735e-06
            ],
            [
                0.042407238664125546,
                0.8044737209897583,
                2.0258274955483333e-05,
                0.008045219554525519,
                0.14505356251663504
            ],
            [
                0.964945617402268,
                0.0009214447459303002,
                0.0,
                0.00023626595873730308,
                0.03389667189306439
            ]
        ],
        [
            [
                0.9922861534794214,
                0.0017208947705713907,
                0.0,
                6.036714198176142e-05,
                0.005932584608025364
            ],
            [
                0.000538748766982692,
                0.9989716415515282,
                7.866874580605022e-06,
                0.0004552937671729664,
                2.6449039735576253e-05
            ],
            [
                6.40799811164892e-05,
                0.9102352970577318,
                0.011279824969840629,
                0.07835699385580629,
                6.380413550474129e-05
            ],
            [
                0.9966371526193398,
                0.0012687139307955317,
                1.0103476842592256e-06,
                0.00013343420547325469,
                0.001959688896707048
            ],
            [
                0.00542337524496987,
                0.8563378480310679,
                5.6072351030803486e-05,
                0.024612798221358888,
                0.1135699061515725
            ]
        ],
        [
            [
                0.9249954627203811,
                0.06750625853273197,
                4.7817624482379585e-06,
                0.0006350782321662135,
                0.006858418752272315
            ],
            [
                0.05220279501890562,
                0.9426505593292562,
                3.798570925895481e-05,
                0.004935750497802097,
                0.00017290944477720872
            ],
            [
                0.14554595558923425,
                0.8486170519429982,
                0.0016255219800864649,
                0.003857149282252621,
                0.00035432120542846086
            ],
            [
                0.012387461185731615,
                0.016786724510289466,
                3.864176700670162e-06,
                0.0001839455233996304,
                0.9706380046038786
            ],
            [
                0.011235767211787994,
                0.9487940165287988,
                1.732562240947556e-05,
                0.006173847287254174,
                0.03377904334974952
            ]
        ],
        [
            [
                0.9923828296261259,
                0.003126486449797188,
                0.0,
                0.00024679378589662494,
                0.004243890138180185
            ],
            [
                0.016304470850158147,
                0.974278966829292,
                1.595290484307062e-05,
                0.008661454421161487,
                0.0007391549945452258
            ],
            [
                0.08899954636786411,
                0.8904644297192348,
                0.00014601415246627656,
                0.020219127710556506,
                0.0001708820498783799
            ],
            [
                0.0009092939121539264,
                0.007064230539767227,
                6.915728965871183e-06,
                0.001338107227509355,
                0.9906814525916037
            ],
            [
                0.9948238327336641,
                0.002678796373710223,
                0.0,
                8.270942414404085e-06,
                0.002489099950211269
            ]
        ],
        [
            [
                0.9923176481114803,
                0.004788346160309052,
                0.0,
                7.941522190584436e-05,
                0.002814590506304912
            ],
            [
                0.00023321832356462964,
                0.998453681442532,
                1.832752495723926e-05,
                0.0012786250832061987,
                1.6147625739900186e-05
            ],
            [
                0.0025802816794391076,
                0.9873234393205876,
                0.00029796286064583284,
                0.009782465721678964,
                1.58504176484068e-05
            ],
            [
                0.0010861750264164998,
                0.0030508818337654825,
                1.1332863130832591e-06,
                0.00017060529185178807,
                0.9956912045616532
            ],
            [
                0.593545347483915,
                0.38813410758580796,
                5.286381561542649e-06,
                0.0008326005513755427,
                0.017482657997340053
            ]
        ],
        [
            [
                0.9897004421317971,
                0.00656008984994553,
                2.8583592702491694e-06,
                0.00025811023948379763,
                0.003478499419503373
            ],
            [
                3.997495708395672e-05,
                0.8286168675857597,
                0.0006737008604372286,
                0.16775074318672717,
                0.002918713409991783
            ],
            [
                0.04695514590607196,
                0.9482770601504219,
                2.9868514015381626e-05,
                0.00466072308060158,
                7.720234888918089e-05
            ],
            [
                0.04180903590303054,
                0.1459086711777655,
                1.0862473652918113e-05,
                0.0019385343272027517,
                0.8103328961183482
            ],
            [
                0.9943932059977522,
                0.004072120106682654,
                0.0,
                7.748761007219885e-05,
                0.0014571862854929273
            ]
        ],
        [
            [
                0.9818312113469156,
                0.0035420439890161224,
                0.0,
                0.00032944823420710546,
                0.014297296429861116
            ],
            [
                0.9486419739666457,
                0.04281101689887918,
                1.808919959344557e-05,
                0.0018078942561997598,
                0.006721025678681862
            ],
            [
                0.42177562524697315,
                0.5738138922124719,
                0.0029893685532906317,
                0.00141181114328254,
                9.302843981671564e-06
            ],
            [
                0.11916241157675977,
                0.03359508463962368,
                0.0,
