{
    "[['A', 'B', 'C', 'D', 'E'], ['A', 'B', 'C', 'D', 'E']]": [
        [
            [
                0.15079107124350247,
                0.8491083566698112,
                0.0,
                1.6627665816342834e-05,
                8.39444208699842e-05
            ],
            [
                0.00016966716230966777,
                0.5171864874335035,
                0.08151829472187387,
                0.40090588546471256,
                0.00021966521760047702
            ],
            [
                9.340411196137563e-06,
                0.022376441744018993,
                0.9334679577798369,
                0.044137801738991504,
                8.458325956487571e-06
            ],
            [
                0.1239136727060498,
                0.741599927517685,
                1.7126733653777715e-05,
                0.0006087566596912021,
                0.13386051638292015
            ],
            [
                0.012394711850311158,
                0.9595054281040168,
                1.10264463060038e-05,
                0.005957561886677423,
                0.022131271712688576
            ]
        ],
        [
            [
                0.17361649747247132,
                0.8261542994093772,
                9.199798744488373e-06,
                7.393446614621413e-05,
                0.000146068853260627
            ],
            [
                0.005706229801839862,
                0.9467879795597296,
                7.930045011129272e-05,
                0.0445183082406182,
                0.002908181947701059
            ],
            [
                1.366202898895421e-06,
                4.0718041941939734e-05,
                0.9999432825790782,
                1.4633176080981502e-05,
                0.0
            ],
            [
                0.031789010900010045,
                0.8385131101790594,
                2.0449657616176656e-05,
                0.0011327604851406544,
                0.12854466877817367
            ],
            [
                0.023558851641044615,
                0.8503266598940423,
                1.3004440742220145e-05,
                0.007572275492220519,
                0.11852920853195036
            ]
        ],
        [
            [
                0.4365944733671779,
                0.5631386132689057,
                0.0,
                5.693691391906614e-05,
                0.00020997644999728646
            ],
            [
                0.0057376759428480395,
                0.9925019268955014,
                0.0002566926665558301,
                0.00139454506016232,
                0.0001091594349323893
            ],
            [
                0.0005764874351147604,
                0.7367505929126694,
                0.010971033324864696,
                0.25160380939012933,
                9.807693722188255e-05
            ],
            [
                0.2572949432593288,
                0.6230939263700084,
                1.8266776992158423e-05,
                0.002160320663500952,
                0.11743254293016987
            ],
            [
                0.01143907650987246,
                0.9717182739748996,
                4.180632442034779e-06,
                0.0011659943683542135,
                0.015672474514431774
            ]
        ],
        [
            [
                0.12269232605857892,
                0.8771808692725931,
                6.107146155647182e-06,
                5.710813560346716e-05,
                6.358938706873454e-05
            ],
            [
                0.0009020177159898615,
                0.9580369024744165,
                0.0005360612680794498,
                0.039878613658945704,
                0.0006464048825684207
            ],
            [
                0.0012008041842656932,
                0.5355722353637655,
                6.982323017143505e-05,
                0.45753396202558494,
                0.005623175196212402
            ],
            [
                0.04424424542750705,
                0.938914325205061,
                2.1310365449020984e-05,
                0.004317679115731344,
                0.012502439886251581
            ],
            [
                0.040163130014063735,
                0.944095764543737,
                4.212621297512999e-06,
                0.00025977271871455816,
                0.015477120102187209
            ]
        ],
        [
            [
                0.026077960972990498,
                0.9729380130144781,
                1.0816865424214113e-05,
                0.0007505107159853844,
                0.00022269843112183996
            ],
            [
                0.00732213022810071,
                0.9926057186175578,
                7.4309787489405345e-06,
                3.562275358675142e-05,
                2.9097422005787346e-05
            ],
            [
                0.0,
                1.555085754056467e-05,
                0.9999799402895182,
                4.508852941223098e-06,
                0.0
            ],
            [
                0.12533632842780146,
                0.7533264909105941,
                1.9125471451139152e-05,
                0.0018710799012167842,
                0.11944697528893644
            ],
            [
                0.019568316976872842,
                0.18829484853776302,
                1.2420387261969862e-05,
                0.0037598737418769682,
                0.7883645403562252
            ]
        ],
        [
            [
                0.012825197453715097,
                0.9867853900298024,
                4.925810186273038e-06,
                0.00011470914674757336,
                0.0002697775595488107
            ],
            [
                0.0003282947704777551,
                0.6894148988408433,
                0.01174331586651687,
                0.29788044546796083,
                0.0006330450542011885
            ],
            [
                7.372639652691402e-06,
                0.007129783183553452,
                0.9807472520943219,
                0.012115592082471894,
                0.0
            ],
            [
                0.000929942628953398,
                0.29497730346254414,
                3.317082401897895e-05,
                0.08647928590593035,
                0.6175802971785531
            ],
            [
                0.32917350088606284,
                0.3480646610318392,
                5.323265597011788e-06,
                0.000787288646325319,
                0.3219692261701757
            ]
        ],
        [
            [
                0.6298249421832168,
                0.3694444494480495,
                0.0,
                0.00010707619333375734,
                0.0006235321754000386
            ],
            [
                0.00012026071589982344,
                0.9966923109849726,
                6.01697671001479e-05,
                0.003082679972358631,
                4.4578559668870824e-05
            ],
            [
                4.428747230654014e-05,
                0.2287056637957967,
                0.4850637452947573,
                0.2861655146274782,
                2.0788809661266195e-05
            ],
            [
                0.07879224966094082,
                0.7889475465538949,
                2.4213916175313742e-05,
                0.015012200504573508,
                0.11722378936441548
            ],
            [
                0.09481261944073113,
                0.8142438616483458,
                1.082811720393776e-05,
                0.002190057757712134,
                0.08874263303600693
            ]
        ],
        [
            [
                0.3769186338956451,
                0.621986343190374,
                0.0,
                6.931175162418672e-05,
                0.0010257111623565636
            ],
            [
                2.314796121501353e-05,
                0.8867928820648722,
                0.013321089142253441,
                0.09970785190731424,
                0.00015502892434509591
            ],
            [
                0.00022358320156316258,
                0.9989670866691832,
                4.201739130561199e-05,
                0.0007350735860538231,
                3.2239151894207614e-05
            ],
            [
                0.15345160896071314,
                0.7933107512277905,
                7.739050032399949e-06,
                0.001040643910480336,
                0.05218925685098375
            ],
            [
                0.2387281180879986,
                0.4168001803635461,
                7.214346422244906e-06,
                0.0004519771394681194,
                0.34401251006256495
            ]
        ],
        [
            [
                0.6434431747299566,
                0.3562366327271789,
                0.0,
                5.369844735014521e-05,
                0.00026649409551427595
            ],
            [
                0.0008362503461968404,
                0.9273879718912138,
                0.019920458051543317,
                0.05173422457010169,
                0.00012109514094431054
            ],
            [
                0.0,
                0.00020957931585356533,
                0.9997768144679217,
                1.360621622486445e-05,
                0.0
            ],
            [
                0.04871076430087482,
                0.9509122272626546,
                1.0126684986017376e-05,
                0.0002566718748298677,
                0.00011020987665471623
            ],
            [
                0.03606437925288694,
                0.18954643875797828,
                2.7563963047626062e-05,
                0.003792077241992914,
                0.7705695407840942
            ]
        ],
        [
            [
                0.6808794571545471,
                0.3189748708449452,
                0.0,
                1.8043487275065193e-05,
                0.00012762851323259102
            ],
            [
                0.31099411745269956,
                0.688922509801935,
                6.4272777144220525e-06,
                3.2243229268563596e-05,
                4.4702238382610574e-05
            ],
            [
                9.421388660788417e-06,
                0.004328364750717211,
                0.9943788191079697,
                0.0012796500152538527,
                3.744737398474803e-06
            ],
            [
                0.1594514361413809,
                0.526044000437049,
                6.315989154482998e-06,
                0.0005896664153216728,
                0.3139085810170939
            ],
            [
                0.5146762208118066,
                0.2993203703070816,
                1.0055925385428095e-05,
                0.0010633164735130312,
                0.18493003648221323
            ]
        ],
        [
            [
                0.1245786743607225,
                0.8752706205718465,
                0.0,
                3.396650587983267e-05,
                0.00011673856155123001
            ],
            [
                0.0014669397018387753,
                0.9668142732844361,
                0.000140217624199522,
                0.03061405738922728,
                0.0009645120002981908
            ],
            [
                1.5303877501879198e-06,
                8.755863075939708e-05,
                0.9998487497427081,
                6.216123878232402e-05,
                0.0
            ],
            [
                0.0016002782999213663,
                0.6536474224616646,
                2.2976726919008082e-05,
                0.13032708794274062,
                0.21440223456875435
            ],
            [
                0.10462017188912413,
                0.8341237464687616,
                4.272685105376583e-06,
                0.0007979639810550026,
                0.0604538449759539
            ]
        ],
        [
            [
                0.07687745063279255,
                0.9230833818266552,
                0.0,
                1.2682028122024129e-05,
                2.6485512430231878e-05
            ],
            [
                0.00020538056449642694,
                0.9834970028485402,
                6.981938339686886e-05,
                0.016026012628085874,
                0.0002017845754804426
            ],
            [
                0.0003641626154194935,
                0.9225616880529136,
                0.004846341713960603,
                0.07222080299713056,
                7.004620575656941e-06
            ],
            [
                0.4724469847573011,
                0.34227405869669936,
                6.039412545691168e-06,
                0.0006967575111499812,
                0.18457615962230386
            ],
            [
                0.5850367329793228,
                0.30724792927656197,
                4.970142878409834e-06,
                0.00042083321355783083,
                0.10728953438767899
            ]
        ],
        [
            [
                0.882983775788794,
                0.1165433062404884,
                0.0,
                2.6213690443406968e-05,
                0.00044670428027421174
            ],
            [
                0.0002593619700069589,
                0.9772440306981409,
                0.000420130826149071,
                0.021811592066180018,
                0.0002648844395230421
            ],
            [
                0.00011416544821556426,
                0.9873878044977983,
                0.010448126890650257,
                0.002030695646651222,
                1.9207516684662907e-05
            ],
            [
                0.017769359727193422,
                0.7751315277055573,
                3.030110829958925e-05,
                0.013752143603642995,
                0.1933166678553068
            ],
            [
                0.005230926723420349,
                0.39242226090538707,
                2.5812677188226772e-05,
                0.01809116606006587,
                0.5842298336339384
            ]
        ],
        [
            [
                0.3087751990276819,
                0.6910211172358066,
                0.0,
                3.421782748954711e-05,
                0.00016946590902198905
            ],
            [
                0.0003197349576019848,
                0.8216093972564048,
                0.09899120582347767,
                0.0790294696240367,
                5.0192338478768346e-05
            ],
            [
                1.1213889633559398e-06,
                0.00036195451791548746,
                0.999536540973404,
                0.0001003831197171452,
                0.0
            ],
            [
                0.26472610883654085,
                0.5049362789532329,
                1.3642388116231207e-05,
                0.004089431815314131,
                0.22623453800679597
            ],
            [
                0.06064002502174974,
                0.470939395593662,
                1.9429366000790134e-05,
                0.0006950749162659681,
                0.46770607510232154
            ]
        ],
        [
            [
                0.12222001869066972,
                0.8776465410579014,
                0.0,
                3.754781289504955e-05,
                9.589243853381878e-05
            ],
            [
                4.5884712625220366e-05,
                0.9779766618014379,
                0.017718046994297403,
                0.004256476580767787,
                2.929910871597226e-06
            ],
            [
                1.1252879864609474e-06,
                8.225539587707292e-05,
                0.9998137950897121,
                0.0001028242264243023,
                0.0
            ],
            [
                0.024908911564080184,
                0.9630270094351505,
                3.670685096974037e-05,
                0.0032721080263432944,
                0.008755264123456308
            ],
            [
                0.07648112347156395,
                0.07005249281531793,
                9.128688503547113e-06,
                0.00047046940830128774,
                0.8529867856163132
            ]
        ],
        [
            [
                0.06942932721505692,
                0.9302402448457259,
                1.1694862462293405e-05,
                0.00020278486516772353,
                0.00011594821158709041
            ],
            [
                5.759792445320163e-05,
                0.4033088131662176,
                0.3486314873873976,
                0.247899036967573,
                0.0001030645543585068
            ],
            [
                0.00013139536764579605,
                0.8394591057932138,
                0.001516899687509963,
                0.15800256587491787,
                0.0008900332767125814
            ],
            [
                0.058438422971783546,
                0.9380254703720359,
                3.0705723580710785e-06,
                0.0004165590715809504,
                0.0031164770122415293
            ],
            [
                0.006813480657739767,
                0.9399722552165398,
                3.34808180184772e-05,
                0.011539211133057253,
                0.041641572174644724
            ]
        ],
        [
            [
                0.5012603680186307,
                0.4980667791598749,
                1.3587619424705356e-05,
                0.00030882662698473757,
                0.0003504385750848686
            ],
            [
                0.00013095864751663854,
                0.9797455702793715,
                0.00014063622690708026,
                0.01985667507797304,
                0.00012615976823178766
            ],
            [
                0.00034149640535886876,
                0.8911446523416456,
                0.0053203961982604886,
                0.10316154668170058,
                3.190837303449366e-05
            ],
            [
                0.01652591943924707,
                0.9679791967961762,
                1.5506241223509704e-05,
                0.002357310436221483,
                0.01312206708713178
            ],
            [
                0.0046172965322760365,
                0.9835702124480791,
                4.134747020787402e-06,
                0.0018870105696009388,
                0.009921345703023107
            ]
        ],
        [
            [
                0.4247835541769935,
                0.5749015512516656,
                0.0,
                6.108376567092855e-05,
                0.00025381080567002666
            ],
            [
                9.099531459890962e-05,
                0.7696272734465583,
                0.0011394656657658815,
                0.2276401376198424,
                0.0015021279532343795
            ],
            [
                1.8249620581382236e-05,
                0.05927697856243003,
                0.6468838844461989,
                0.2938047440354868,
                1.614333530288646e-05
            ],
            [
                0.030912502933750117,
                0.9663432845508284,
                1.7204152975433637e-05,
                0.0013735814526123563,
                0.0013534269098338081
            ],
            [
                0.009276743764966051,
                0.12436385679125077,
                3.7830561066870298e-06,
                0.0013618806805423805,
                0.8649937357071341
            ]
        ],
        [
            [
                0.11327006472510824,
                0.8860815691902681,
                0.0,
                2.7620879756215617e-05,
                0.0006207452048672584
            ],
            [
                0.0002212574837240786,
                0.8726169986873451,
                0.005168419982155952,
                0.12181875545268561,
                0.000174568394089235
            ],
            [
                4.492370962595833e-06,
                0.9223692970212268,
                0.01069973887998976,
                0.0668927263782809,
                3.374534953986243e-05
            ],
            [
                0.036485247560090216,
                0.960651435872266,
                3.5530727356303e-05,
                0.0011451390863815032,
                0.0016826467539059922
            ],
            [
                0.15233977904706208,
                0.7933541474354087,
                8.592949088354665e-06,
                0.0011489203950780862,
                0.05314856017336284
            ]
        ],
        [
            [
                0.3149456616938628,
                0.6850150992472585,
                0.0,
                2.230811916610775e-05,
                1.6930939712578956e-05
            ],
            [
                0.07144911237177587,
                0.9244080239297033,
                7.410815351672359e-05,
                0.0037729880782757436,
                0.0002957674667282493
            ],
            [
                0.009142971217539347,
                0.8908364997468239,
                0.00010969930042841943,
                0.0977637262639581,
                0.002147103471250218
            ],
            [
                0.4442317016744559,
                0.5552901538886985,
                5.63644786494611e-06,
                6.0493689627301674e-05,
                0.00041201429935345445
            ],
            [
                0.030182922600020142,
                0.13878504365475047,
                1.299049019881877e-05,
                0.008116051663815665,
                0.8229029915912149
            ]
        ],
        [
            [
                0.23437516551400048,
                0.7653247699587822,
                0.0,
                0.00018816711581690103,
                0.00011189741140043979
            ],
            [
                0.00012866043119735382,
                0.8893360559704117,
                0.0017906515328228998,
                0.10870747276404022,
                3.715930152788204e-05
            ],
            [
                0.0019708749388333015,
                0.8301721011774831,
                0.0014387032334521848,
                0.16638474966515468,
                3.3570985076768276e-05
            ],
            [
                0.18459474883289348,
                0.7829278476059005,
                2.6845664974440195e-05,
                0.009976746902089313,
                0.022473810994142328
            ],
            [
                0.03490909685504174,
                0.21842900681007543,
                1.9483105961203045e-05,
                0.007915180121987588,
                0.7387272331069341
            ]
        ],
        [
            [
                0.16329794817668958,
                0.8366638557547287,
                0.0,
                2.3780875663952078e-05,
                1.441519291783394e-05
            ],
            [
                0.0006921111672641852,
                0.9431646434897503,
                0.018037301335506815,
                0.037713974798159244,
                0.0003919692093194448
            ],
            [
                8.742485036294153e-05,
                0.880127629866977,
                0.0052911133790852,
                0.1141677539183162,
                0.0003260779852585696
            ],
            [
                0.255498332725212,
                0.7201602586561563,
                1.1323881051263477e-05,
                0.0006452209801909276,
                0.023684863757389506
            ],
            [
                0.016503993851114,
                0.5600989540814755,
                5.411193519872491e-06,
                0.004147945299988483,
                0.41924369557390223
            ]
        ],
        [
            [
                0.05564523285682841,
                0.9438859669271483,
                6.826932082940052e-06,
                8.500434646661605e-05,
                0.00037696893747364796
            ],
            [
                3.1374329188129516e-05,
                0.9209233476654484,
                0.007020448730954656,
                0.07181373390548867,
                0.00021109536892022842
            ],
            [
                1.5519000234148003e-05,
                0.03417946809866105,
                0.8567535684058457,
                0.10904144243502908,
                1.0002060230030951e-05
            ],
            [
                0.05016688854261573,
                0.9329137194116758,
                3.204163969117926e-05,
                0.0042862465431083695,
                0.012601103862908901
            ],
            [
                0.27452373309690203,
                0.3164519826794722,
                6.828857586683442e-06,
                0.0005513176804569152,
                0.40846613768558204
            ]
        ],
        [
            [
                0.9695678801484547,
                0.03020198577744173,
                0.0,
                1.6560377679351563e-05,
                0.00021357369642408192
            ],
            [
                0.00010550469243725535,
                0.9679606260205277,
                0.0023239721401327276,
                0.02959576127843729,
                1.413586846496029e-05
            ],
            [
                0.00030224321297233036,
                0.6007467202930865,
                0.01698602174022311,
                0.38190082529298186,
                6.418946073604965e-05
            ],
            [
                0.18541389724429722,
                0.7345163059151552,
                8.038281266158964e-06,
                0.0009316842665298712,
                0.07913007429275154
            ],
            [
                0.027974366405963222,
                0.44688522994063723,
                1.1131811210446128e-05,
                0.030765757602641493,
                0.4943635142395476
            ]
        ],
        [
            [
                0.8009004793281032,
                0.19860217655034648,
                0.0,
                6.662715252296837e-05,
                0.0004307169690275011
            ],
            [
                0.0026687698983187905,
                0.9968977883230845,
                2.8006620621518663e-05,
                0.0003910580181502967,
                1.437713982495822e-05
            ],
            [
                3.414205612955914e-06,
                0.002460594703171366,
                0.996919090497122,
                0.0006151258302841527,
                1.77476380943505e-06
            ],
            [
                0.08993071092136204,
                0.04949263621475354,
                4.239326338333119e-06,
                0.00039017957198954887,
                0.8601822339655566
            ],
            [
                0.006366229534360597,
                0.5918668443515877,
                2.0283082485211646e-05,
                0.014845976481095776,
                0.38690066655047073
            ]
        ],
        [
            [
                0.43365923257768163,
                0.5639189397345951,
                1.3851248822750454e-05,
                0.00046104382164448906,
                0.0019469326172559256
            ],
            [
                7.025740937065727e-05,
                0.8395213985585243,
                0.007916418509386054,
                0.15126066323277051,
                0.0012312622899485232
            ],
            [
                1.8490887008881202e-05,
                0.13366819033965427,
                0.8644094483818573,
                0.0018946422560456903,
                9.228135433833975e-06
            ],
            [
                0.0596453241954824,
                0.9217322766735149,
                1.8585134432661213e-05,
                0.0028287090970547848,
                0.015775104899515422
            ],
            [
                0.0066256111840256445,
                0.07791485452598226,
                1.2210776735395819e-05,
                0.0015178261121856526,
                0.9139294974010711
            ]
        ],
        [
            [
                0.41963387536347885,
                0.5789583356203518,
                6.508950532899549e-06,
                7.318629925203869e-05,
                0.001328093766384466
            ],
            [
                0.0001935039543821209,
                0.9913481555113907,
                0.0001114333827636545,
                0.008242194813886753,
                0.00010471233757684011
            ],
            [
                0.00024968993650985674,
                0.6250194633815629,
                0.13837161319421892,
                0.23633443873877608,
                2.479474893228599e-05
            ],
            [
                0.4624148099082278,
                0.3655756392799427,
                5.755007723225579e-06,
                0.0004137108848832116,
                0.17159008491922306
            ],
            [
                0.051992816746836784,
                0.7559472192413395,
                3.088032496371337e-05,
                0.005529973201801829,
                0.1864991104850582
            ]
        ],
        [
            [
                0.0163972674452225,
                0.983544345995824,
                4.603325516801384e-06,
                2.7827617998611412e-05,
                2.595561543815839e-05
            ],
            [
                0.0003287942296846141,
                0.6154527245222998,
                0.2889050635810089,
                0.0953024038550959,
                1.1013811910756057e-05
            ],
            [
                0.0011308322189598765,
                0.4536444940825381,
                0.4975064585944711,
                0.047714476318562515,
                3.7387854683208653e-06
            ],
            [
                0.03268449114519673,
                0.6482952532720514,
                2.7210762290121124e-05,
                0.05014014519376186,
                0.2688528996266999
            ],
            [
                0.13652327066905548,
                0.693289758917814,
                7.5635560771220715e-06,
                0.0028316403740019035,
                0.1673477664830516
            ]
        ],
        [
            [
                0.0326864500090081,
                0.9671704327949187,
                4.807515382655434e-06,
                3.47968163428982e-05,
                0.00010351286434768387
            ],
            [
                7.148974845168197e-05,
                0.9446274648742652,
                0.011586327998111004,
                0.04370026132846278,
                1.4456050709311658e-05
            ],
            [
                0.0,
                0.03915620170855947,
                0.9502816273548115,
                0.010558042785254115,
                4.1281513748738955e-06
            ],
            [
                0.020150810276841104,
                0.8805299911242986,
                4.433873963693438e-05,
                0.017566191195347372,
                0.08170866866387587
            ],
            [
                0.014598663105438121,
                0.0586338958246888,
                2.7058598480766347e-06,
                0.0003103113770256684,
                0.9264544238329994
            ]
        ],
        [
            [
                0.8594860120209734,
                0.14020083199080077,
                0.0,
                2.1232019327265048e-05,
                0.00029192396889851554
            ],
            [
                0.00026163172256958524,
                0.998798274046707,
                7.035598649913001e-05,
                0.0007268391314961679,
                0.0001428991127281638
            ],
            [
                9.241115200707805e-05,
                0.6953378239547189,
                0.2252979357346644,
                0.07926581768648705,
                6.0114721226310635e-06
            ],
            [
                0.013065921987236296,
                0.6205503245421053,
                1.6593760392195368e-05,
                0.004462659397214258,
                0.3619045003130517
            ],
            [
                0.009093493035201006,
                0.06710485571267971,
                4.673681942974421e-06,
                0.004333100803726048,
                0.9194638767664502
            ]
        ],
        [
            [
                0.32507510087623587,
                0.6743089189500826,
                0.0,
                7.319396807583072e-05,
                0.0005427862056056609
            ],
            [
                0.00031566201647926617,
                0.9907942489265811,
                0.00027638700430745203,
                0.008454372761651424,
                0.00015932929098064953
            ],
            [
                0.0002714371671172841,
                0.6742448237504642,
                0.011816866850169175,
                0.31360919377857477,
                5.767845367460446e-05
            ],
            [
                0.100274174823354,
                0.8752179487062794,
                1.0528903203067242e-05,
                0.0013346786916685156,
                0.02316266887549493
            ],
            [
                0.05498119014135104,
                0.9299683549428178,
                3.7232535948231733e-06,
                0.001513486953426509,
                0.013533244708809938
            ]
        ],
        [
            [
                0.3089489342955514,
                0.6905321065395522,
                0.0,
                3.8073335483513365e-05,
                0.00048088582941291873
            ],
            [
                2.9991612217104118e-05,
                0.993416574342864,
                0.001480786655899527,
                0.005059339649964866,
                1.330773905462839e-05
            ],
            [
                3.6075807849251466e-05,
                0.3661888628519662,
                0.08032725829110694,
                0.5533027494246033,
                0.00014505362447424285
            ],
            [
                0.03137355943017253,
                0.9390503667034144,
                2.5951664776828118e-05,
                0.008675923554860455,
                0.020874198646775755
            ],
            [
                0.11012479238567864,
                0.8248208566847285,
                1.1031990484739981e-05,
                0.0009801251601769785,
                0.0640631937789311
            ]
        ],
        [
            [
                0.2895071532682424,
                0.7103252088153555,
                6.604762533116369e-06,
                2.1325509489257048e-05,
                0.00013970764437954425
            ],
            [
                0.00020603274830360374,
                0.9846406127683497,
                0.008695988692610393,
                0.0064533659636629645,
                3.999827073268131e-06
            ],
            [
                7.28726196999865e-05,
                0.22767261600986172,
                0.6712110394669734,
                0.10101407892020138,
                2.9392983263657936e-05
            ],
            [
                0.05412864389566358,
                0.9228772501778049,
                1.4600748386444103e-05,
                0.00578239240394455,
                0.01719711277420053
            ],
            [
                0.0007872430760230381,
                0.004041321271139544,
                1.9439182735481767e-06,
                0.0006722199979165012,
                0.9944972717366474
            ]
        ],
        [
            [
                0.5822043084774732,
                0.4171223144317617,
                0.0,
                3.455705678199445e-05,
                0.0006388200339831278
            ],
            [
                0.00012017036918466062,
                0.9910838691185238,
                0.00023087939603706577,
                0.008394676879255344,
                0.00017040423699923385
            ],
            [
                5.148313457910144e-05,
                0.18847142260020722,
                0.8101659975277131,
                0.001311096737500617,
                0.0
            ],
            [
                0.41203304448192135,
                0.5560746286539123,
                4.36672906079511e-06,
                0.000610595817323629,
                0.031277364317781865
            ],
            [
                0.08587808862885152,
                0.4365558235050021,
                6.980385855778123e-06,
                0.0005307415584143217,
                0.4770283659218762
            ]
        ],
        [
            [
                0.7756003454754097,
                0.22388850324649337,
                0.0,
                4.4071369483266674e-05,
                0.0004670799086136891
            ],
            [
                0.013330602893655275,
                0.986615059051106,
                8.207551461905325e-06,
                3.320151941811864e-05,
                1.2928984358618978e-05
            ],
            [
                0.00019800013137813815,
                0.6613425000415034,
                0.0006474105868427476,
                0.3376949979728445,
                0.00011709126743112889
            ],
            [
                0.041021166451527834,
                0.8233753210822822,
                1.703077612099469e-05,
                0.06186933049987625,
                0.07371715119019283
            ],
            [
                0.06686382892367511,
                0.6574614975158968,
                2.217050997095113e-05,
                0.03310580839272028,
                0.24254669465773698
            ]
        ],
        [
            [
                0.13961562299320707,
                0.8603417785236652,
                0.0,
                2.4664961545365062e-05,
                1.7933521582455045e-05
            ],
            [
                0.00022025563199179411,
                0.9970118091744204,
                8.518137744832647e-05,
                0.0026380685944763197,
                4.468522166321173e-05
            ],
            [
                0.0001675622913871486,
                0.19047550279159353,
                0.7473158287974692,
                0.06200735406905079,
                3.375205049937695e-05
            ],
            [
                0.025473430339953196,
                0.6135176690154153,
                1.2890066042573986e-05,
                0.009136118847281431,
                0.3518598917313075
            ],
            [
                0.345504769975254,
                0.6162797320641308,
                1.6801954654125093e-05,
                0.002803321457883985,
                0.03539537454807714
            ]
        ],
        [
            [
                0.4043211530989627,
                0.5953342884247237,
                0.0,
                0.00010244460101491259,
                0.00024211387529877865
            ],
            [
                0.00021593182215960493,
                0.9987603116369772,
                5.19880414339659e-05,
                0.0009424426981075,
                2.9325801321571284e-05
            ],
            [
                2.6078215550846225e-05,
                0.9403149496466174,
                0.00834928606162323,
                0.05118051194963351,
                0.00012917412657510377
            ],
            [
