{
    "[['A', 'B', 'C', 'D', 'E'], ['A', 'B', 'C', 'D', 'E']]": [
        [
            [
                0.13895715994964564,
                0.857854313402398,
                1.6688471685465782e-05,
                0.00041168856890964125,
                0.002760149607361208
            ],
            [
                0.0,
                0.04905743267655401,
                0.0006264730684896981,
                0.8725441768527165,
                0.07777191740223978
            ],
            [
                0.0,
                0.00034359665631018984,
                0.32765649220368304,
                0.6719613202646534,
                3.8590875353426864e-05
            ],
            [
                0.0,
                0.2108960181627859,
                0.0003075592913549777,
                0.7565981305643131,
                0.03219829198154594
            ],
            [
                1.0016588007514008e-05,
                0.7144244719204091,
                0.0004986580146699762,
                0.2728857038962981,
                0.012181149580615195
            ]
        ],
        [
            [
                0.5232183212781791,
                0.46520506878132983,
                1.524116125686407e-05,
                0.00033905086667484954,
                0.011222317912559296
            ],
            [
                2.7596757859397896e-05,
                0.8124248256165547,
                3.4724910004038834e-05,
                0.17461550072848178,
                0.012897351987100176
            ],
            [
                0.0,
                0.00013427812559383117,
                0.8993431830179629,
                0.10050597054017389,
                1.6568316269294213e-05
            ],
            [
                0.0,
                0.010832542406148189,
                0.00037801382473401666,
                0.578262078743719,
                0.4105273650253987
            ],
            [
                0.00020444120210336681,
                0.6822436657328182,
                0.0007545056856739799,
                0.2258614899099143,
                0.09093589746949013
            ]
        ],
        [
            [
                0.027367841082102606,
                0.972280286752656,
                2.127547327777301e-05,
                0.00012506691573365512,
                0.0002055297762299199
            ],
            [
                0.0,
                0.0787693962850016,
                0.00014665396443846253,
                0.5463947770712692,
                0.37468917267929075
            ],
            [
                0.0,
                0.003731977385835084,
                0.00334087892456237,
                0.9928674641523282,
                5.9679537274325265e-05
            ],
            [
                0.0,
                0.006096184281014083,
                0.00014522428300504982,
                0.9433366035382366,
                0.050421987897744366
            ],
            [
                3.080667968417091e-05,
                0.43708783063983286,
                0.0005476103748810094,
                0.39438292191033547,
                0.16795083039526637
            ]
        ],
        [
            [
                0.699172859780824,
                0.25706984074510497,
                1.0731352916913645e-05,
                0.000287594538575191,
                0.04345897358257885
            ],
            [
                0.0001921928529349337,
                0.08990975376415414,
                0.00011148001200291685,
                0.06744019001967003,
                0.8423463833512379
            ],
            [
                0.0,
                0.0016995840318943791,
                0.0008008018298153279,
                0.9972684036470784,
                0.00023121049121184635
            ],
            [
                0.00024239297301506654,
                0.2848622088342588,
                0.00028006207206954063,
                0.22963791494293712,
                0.4849774211777194
            ],
            [
                0.0,
                0.02578137924290952,
                0.00037453736670483835,
                0.5892523008869487,
                0.38459178250343695
            ]
        ],
        [
            [
                0.3144400726033401,
                0.6785617355640536,
                5.632744993622959e-06,
                8.12642254872763e-05,
                0.0069112948621254024
            ],
            [
                1.2361492126355765e-05,
                0.12700674406950102,
                6.118427223950744e-05,
                0.7220871138801538,
                0.15083259628597942
            ],
            [
                0.0,
                0.0002256963432812328,
                0.03884274063189329,
                0.9609010386822653,
                3.052434256015757e-05
            ],
            [
                3.46022034241257e-05,
                0.09133167711992363,
                0.00018031374526258342,
                0.283312657275598,
                0.6251407496557916
            ],
            [
                1.7256279909549778e-05,
                0.4348932727439942,
                0.00039418294539863305,
                0.4752586114193911,
                0.08943667661130653
            ]
        ],
        [
            [
                0.6494122976987159,
                0.3484612890644861,
                9.822238259188556e-06,
                0.00023417671555680064,
                0.0018824142829819972
            ],
            [
                2.1925518018755333e-05,
                0.2917954624756756,
                0.0004539219036408632,
                0.6519153067393245,
                0.05581338336334033
            ],
            [
                0.0,
                4.5293987193581975e-05,
                0.9998169569987331,
                0.0001377490140734202,
                0.0
            ],
            [
                0.0,
                0.002658068736931659,
                0.0002011588912153136,
                0.7398214996061551,
                0.2573192727656979
            ],
            [
                0.0,
                0.01632433875252258,
                0.0003644562249651066,
                0.5469295835438847,
                0.4363816214786277
            ]
        ],
        [
            [
                0.021844408305734538,
                0.9776547727568398,
                4.1143586073399925e-06,
                9.795948305738041e-05,
                0.0003987450957609995
            ],
            [
                0.0,
                0.36084482748814567,
                0.0004202321692632104,
                0.6374089255287508,
                0.0013260148138402991
            ],
            [
                0.0,
                0.00017773797791573499,
                0.062457364291520726,
                0.9372696960655192,
                9.520166504416485e-05
            ],
            [
                0.0,
                0.13292907086412892,
                0.00035761152201295194,
                0.7860557700642735,
                0.08065754754958455
            ],
            [
                0.00011325583118874518,
                0.27355105400959556,
                0.00010502277722269724,
                0.05495997393064885,
                0.6712706934513442
            ]
        ],
        [
            [
                0.2506621931947309,
                0.7140731678450142,
                6.113960696743159e-06,
                0.0003267485108535026,
                0.034931776488704665
            ],
            [
                1.1849499240144957e-05,
                0.3324576652690072,
                0.0006661828673637324,
                0.5863250856872092,
                0.08053921667717968
            ],
            [
                0.0,
                0.00034672851984823735,
                0.7854871580980247,
                0.2141472218816597,
                1.8891500467309338e-05
            ],
            [
                8.046326138626337e-05,
                0.44385637082894475,
                0.0003844417568953476,
                0.3320914958885656,
                0.22358722826420802
            ],
            [
                7.428258636023759e-05,
                0.040763447121452454,
                1.1920046408313767e-05,
                0.0193352968119904,
                0.9398150534337886
            ]
        ],
        [
            [
                0.013335219034665719,
                0.9831425355579899,
                3.325235378165314e-06,
                5.3842033935486674e-05,
                0.003465078138030699
            ],
            [
                3.962413235358158e-05,
                0.444443526121032,
                0.00024231180216208217,
                0.3934090682030932,
                0.16186546974135918
            ],
            [
                0.0,
                0.003610550383661546,
                0.10846538844389068,
                0.8876495129825969,
                0.0002745481898509091
            ],
            [
                0.0,
                0.01361763522671976,
                0.0003038095241000351,
                0.8943255757429726,
                0.09175297950620764
            ],
            [
                2.2849409571233005e-05,
                0.22898937353285395,
                0.0004257906006597147,
                0.529809759987574,
                0.2407522264693411
            ]
        ],
        [
            [
                0.2505402019536436,
                0.7479018689299058,
                8.395951017274212e-06,
                0.00017324548339955816,
                0.0013762876820337057
            ],
            [
                0.00024687705127030994,
                0.8984669505369334,
                0.00016237596931233057,
                0.08707189577321726,
                0.014051900669266834
            ],
            [
                0.0,
                0.00044079600711216825,
                0.5582179181937823,
                0.44132570394249654,
                1.5581856609073827e-05
            ],
            [
                1.085022349317985e-05,
                0.4207388360395717,
                0.00027209089362791543,
                0.39352119502558625,
                0.18545702781772105
            ],
            [
                6.839884169804067e-05,
                0.2372215492088596,
                0.0002100945968006669,
                0.2727431231183795,
                0.4897568342342622
            ]
        ],
        [
            [
                0.3019129947645657,
                0.6944617701473865,
                7.287318484680928e-06,
                0.00012922442786039937,
                0.003488723341702758
            ],
            [
                1.1452996178694288e-05,
                0.24701858872256133,
                0.0006108886319340976,
                0.7433591883185287,
                0.008999881330797228
            ],
            [
                0.0,
                2.3722561225529185e-05,
                0.9997086841596398,
                0.0002668905223777702,
                7.02756756947997e-07
            ],
            [
                0.0,
                0.05344266628022872,
                0.0014043162379587927,
                0.8940060030941119,
                0.05114701438770046
            ],
            [
                3.588209576688527e-05,
                0.39286618863278466,
                0.0005372028371132552,
                0.2724405068962943,
                0.33412021953804094
            ]
        ],
        [
            [
                0.8173044754303982,
                0.17126734946648778,
                9.37799667127209e-06,
                0.00020182624737025482,
                0.011216970859072556
            ],
            [
                5.5580564663320225e-05,
                0.6125765687134731,
                7.526058692244522e-05,
                0.3862425634219914,
                0.0010500267129496127
            ],
            [
                0.0,
                0.0031088057695439386,
                0.0005857270725000105,
                0.9962053081568322,
                0.00010015900112378203
            ],
            [
                1.4603565728985534e-05,
                0.16707894878558316,
                0.00034923160505776017,
                0.6729952022418974,
                0.1595620138017327
            ],
            [
                0.0006593254671572637,
                0.3018391965952275,
                0.00015486546820084863,
                0.1211003467585507,
                0.5762462657108637
            ]
        ],
        [
            [
                0.6764523924166363,
                0.30760352160576954,
                1.3076340901313663e-05,
                0.00033500637426019044,
                0.015596003262432686
            ],
            [
                9.592313260144117e-06,
                0.04623311409712183,
                0.0004876883504279451,
                0.6655020090510649,
                0.28776759618812503
            ],
            [
                0.0,
                0.0008381729957679504,
                0.004145533705059032,
                0.9947608872781896,
                0.0002554060209834512
            ],
            [
                2.1940810640319387e-05,
                0.24924444537487409,
                0.0008820404372862762,
                0.4735813593132668,
                0.27627021406393254
            ],
            [
                1.1569547969344947e-05,
                0.033481223603799314,
                0.00020314996928528104,
                0.6434540655355889,
                0.32284999134335707
            ]
        ],
        [
            [
                0.20673887004439528,
                0.7722296095649039,
                1.4009449672383404e-05,
                0.00020611331255741304,
                0.0208113976284711
            ],
            [
                0.0,
                0.009295879137664302,
                4.10870003163676e-05,
                0.9226026915595045,
                0.06806034230251486
            ],
            [
                0.0,
                0.0005147268774252702,
                0.9994127064961595,
                7.256662641520936e-05,
                0.0
            ],
            [
                7.12869630452562e-05,
                0.40315922582988434,
                0.0002410724387882667,
                0.11212978389842504,
                0.48439863086985707
            ],
            [
                3.347654826205613e-05,
                0.31910434921426645,
                0.0007921431669279748,
                0.6714012745018978,
                0.008668756568645698
            ]
        ],
        [
            [
                0.22322579978256812,
                0.7733624589164354,
                1.0774767879294832e-05,
                9.013189461241406e-05,
                0.0033108346385047564
            ],
            [
                3.287054808597229e-05,
                0.41986691117562386,
                0.000747757525677811,
                0.5484678605926532,
                0.03088460015795918
            ],
            [
                0.0,
                1.943293934223999e-05,
                0.9995491656059993,
                0.00043059567058348987,
                8.057840749091522e-07
            ],
            [
                0.0,
                0.03840998089373635,
                0.00033511455342993205,
                0.9109165176611571,
                0.05033838689167666
            ],
            [
                0.0,
                0.007474869185874405,
                4.548884349087834e-05,
                0.07635544297489408,
                0.9161241989957407
            ]
        ],
        [
            [
                0.5230762617819684,
                0.4232857768932606,
                2.3470681105294442e-05,
                0.0007109350174913686,
                0.05290355562617439
            ],
            [
                0.0,
                0.006770020810287503,
                3.627043475312362e-05,
                0.7393714481135223,
                0.2538222606414372
            ],
            [
                0.0,
                0.0003506514931868704,
                0.05598614527555192,
                0.9436325989217325,
                3.0604309528710626e-05
            ],
            [
                0.0,
                0.03982956007254717,
                0.00041972650936072454,
                0.585975870439274,
                0.3737748429788181
            ],
            [
                1.925584965944733e-05,
                0.1393951790286539,
                0.0007373575322810777,
                0.7820434863228806,
                0.077804721266525
            ]
        ],
        [
            [
                0.1600360975317441,
                0.8237169955027331,
                1.0752762285357252e-05,
                0.00013500579161139351,
                0.016101148411625958
            ],
            [
                0.0,
                0.44346545933526427,
                0.00012545865922057557,
                0.5557361419226899,
                0.0006729400828252047
            ],
            [
                0.0,
                0.0010249028482552489,
                0.06599883734644152,
                0.9329556081576672,
                2.0651647635959028e-05
            ],
            [
                0.0,
                0.005413020469439461,
                0.0004963201728856077,
                0.6790140702359211,
                0.3150765891217539
            ],
            [
                2.4812373704207105e-05,
                0.5299261670798872,
                0.0002932762414462323,
                0.35817775640581717,
                0.11157798789914529
            ]
        ],
        [
            [
                0.252758787914388,
                0.6306121999726414,
                1.635555153033174e-05,
                0.0001605246290546001,
                0.11645213193238567
            ],
            [
                1.598152498960688e-05,
                0.24301145640822505,
                0.0011405254621745704,
                0.7374898371195046,
                0.018342199485106174
            ],
            [
                3.983727974479956e-06,
                0.02375669009230504,
                0.003059379381561457,
                0.972933212249264,
                0.00024673454889505064
            ],
            [
                0.0,
                0.01069688946062415,
                0.0001617617499777537,
                0.8377305757530351,
                0.15141077303636302
            ],
            [
                8.404218380272054e-05,
                0.2499905661960721,
                0.0002615040735248878,
                0.5149882999873712,
                0.23467558755922904
            ]
        ],
        [
            [
                0.2757765616782687,
                0.4457946455889263,
                1.1245182983292416e-05,
                0.0001581735515443249,
                0.2782593739982774
            ],
            [
                0.0,
                0.1788381651246455,
                0.00021560308986967472,
                0.7362375250433056,
                0.08470870674217913
            ],
            [
                0.0,
                0.00028134861954632435,
                0.5360503859816949,
                0.4635918401945849,
                7.642520417387597e-05
            ],
            [
                0.0,
                0.009489691464623168,
                0.0002796255479632806,
                0.8872789979921412,
                0.1029516849952724
            ],
            [
                0.00013749789095762003,
                0.05070251929081765,
                2.7615275465025267e-05,
                0.010946571470496253,
                0.9381857960722634
            ]
        ],
        [
            [
                0.1289136162079065,
                0.6967335863123896,
                4.9870677771340315e-06,
                0.00017434360916319133,
                0.1741734668027636
            ],
            [
                0.0,
                0.002948997042366437,
                0.00013810253353290923,
                0.9816785446305704,
                0.015234355793530328
            ],
            [
                0.0,
                0.003964392399422456,
                0.08592843531624314,
                0.9100246275086796,
                8.254477565482782e-05
            ],
            [
                0.0,
                0.009463863116438615,
                0.00047526851637620367,
                0.8248778992987941,
                0.1651829690683911
            ],
            [
                2.1754144603965238e-05,
                0.5133712752860887,
                0.00027723978897482664,
                0.34445415921198635,
                0.14187557156834615
            ]
        ],
        [
            [
                0.4019953339057248,
                0.584447416940491,
                3.0792480215977476e-05,
                0.00037546415653124835,
                0.013150992517036908
            ],
            [
                0.0,
                0.08761793571301464,
                0.0004261396040190091,
                0.8168929063487396,
                0.09506301833422667
            ],
            [
                0.0,
                0.00023183510618362115,
                0.17916392892057878,
                0.8205396365572856,
                6.459941595192524e-05
            ],
            [
                2.716879823397801e-05,
                0.09193552462978373,
                0.0005144152358162292,
                0.47124329574205254,
                0.43627959559411345
            ],
            [
                5.511033331225297e-05,
                0.12222537261039049,
                5.9623645740524334e-05,
                0.07574944040892327,
                0.8019104530016335
            ]
        ],
        [
            [
                0.5687258899706156,
                0.4281405400718798,
                2.1133203373223877e-05,
                0.00018104080054234432,
                0.0029313959535890123
            ],
            [
                0.0,
                0.03619194699719253,
                0.00012860690634258805,
                0.9566403445876017,
                0.007039101508863112
            ],
            [
                0.0,
                0.0019837430505473216,
                0.12852780852312973,
                0.86941933663424,
                6.911179208295261e-05
            ],
            [
                0.0,
                0.17017284987665635,
                0.0007504198601738623,
                0.7831564578435735,
                0.04592027241959624
            ],
            [
                0.0,
                0.2761012657851665,
                0.0001539654739925784,
                0.48864170116032374,
                0.23510306758051722
            ]
        ],
        [
            [
                0.009014961756521715,
                0.990895399728428,
                1.9499844407151705e-06,
                9.460080508344478e-06,
                7.822845010119031e-05
            ],
            [
                0.0,
                0.14531614290904005,
                0.00032763338150417496,
                0.8537987595329221,
                0.0005574641765337647
            ],
            [
                0.0,
                0.0002982712241893776,
                0.8564004071792387,
                0.1432814018760735,
                1.9919720498497636e-05
            ],
            [
                0.00010748900849201671,
                0.5932567164919574,
                0.0006717034817535269,
                0.1359325105721239,
                0.27003158044567305
            ],
            [
                1.4850324340723783e-05,
                0.3018218755043913,
                0.0005969439400002939,
                0.6017437722152206,
                0.09582255801604712
            ]
        ],
        [
            [
                0.23962637124620373,
                0.7269703710299492,
                1.704602949852164e-05,
                0.00018106703152484023,
                0.03320514466282373
            ],
            [
                0.0,
                0.017790997786311383,
                0.00019032102773317735,
                0.9815173254173705,
                0.0005013557685850328
            ],
            [
                0.0,
                7.744373481958994e-05,
                0.05415565452639103,
                0.9457501202625991,
                1.6781476190203233e-05
            ],
            [
                0.0,
                0.002604577631341865,
                0.0003571452648510046,
                0.8058741383171226,
                0.1911641387866844
            ],
            [
                0.0,
                0.05025226705061815,
                0.00010893604210557662,
                0.2934210655992706,
                0.6562177313080056
            ]
        ],
        [
            [
                0.7961479774916648,
                0.1950922875659905,
                2.1486678997422582e-05,
                0.00016155976911529102,
                0.008576688494231882
            ],
            [
                0.0,
                0.04931346860617581,
                0.0008725534558059165,
                0.9479212524629484,
                0.0018927254750698082
            ],
            [
                0.0,
                0.01165482803812096,
                0.0007049173042647999,
                0.9870703102662741,
                0.000569944391340151
            ],
            [
                7.908174934080533e-05,
                0.4624217438866709,
                0.0002300442356195588,
                0.19307809420103358,
                0.34419103592733513
            ],
            [
                2.411032573775709e-05,
                0.537067110960066,
                0.0003255191207364703,
                0.4030840026812501,
                0.05949925691220969
            ]
        ],
        [
            [
                0.26698396948683534,
                0.7311222896757601,
                2.038613041908835e-05,
                0.0005386730433304261,
                0.0013346816636551821
            ],
            [
                3.35166387136219e-05,
                0.10955500090975612,
                0.00014776896304692394,
                0.7784057241348623,
                0.11185798935362094
            ],
            [
                0.0,
                0.0016292457394292002,
                0.020516361118620312,
                0.9778447498508565,
                9.6432910940711e-06
            ],
            [
                2.4312153525418405e-05,
                0.13205450993699486,
                0.00025203737005715835,
                0.697775314128654,
                0.1698938264107686
            ],
            [
                0.00021389121531678918,
                0.5452311957795589,
                0.00023921902291052787,
                0.07378605574065246,
                0.3805296382415613
            ]
        ],
        [
            [
                0.15349249213084593,
                0.8136037271446537,
                3.109595149225476e-05,
                0.001847851577209765,
                0.031024833195798265
            ],
            [
                0.0,
                0.5555542493281527,
                0.0007222663725411626,
                0.4432159215699653,
                0.0005075627293407885
            ],
            [
                0.0,
                0.0002586057243528595,
                0.9735082136477407,
                0.02622219325603084,
                1.0987371875693364e-05
            ],
            [
                2.430111269134714e-05,
                0.22393276713503793,
                0.0004171751422702943,
                0.3631190929038455,
                0.41250666370615496
            ],
            [
                3.3830974242015024e-05,
                0.0034318343068265944,
                3.705813072919933e-05,
                0.033428816636773204,
                0.963068459951429
            ]
        ],
        [
            [
                1.7749815705871246e-05,
                0.08321721638438959,
                0.00034567745631479277,
                0.48891146216653125,
                0.42750789417705853
            ],
            [
                0.0,
                0.34169799615921714,
                0.0005331248696576288,
                0.6292704262653225,
                0.028498452705802722
            ],
            [
                0.0,
                0.005713315345401489,
                0.3410610781602322,
                0.6531692637058832,
                5.634278848308367e-05
            ],
            [
                0.0,
                0.007754024043620103,
                0.0001214142459607028,
                0.5265084127327609,
                0.4656161489776583
            ],
            [
                1.9729212890863304e-05,
                0.035789277817070475,
                0.00043385992355284773,
                0.8337687420773826,
                0.1299883909691032
            ]
        ],
        [
            [
                0.32247336538082394,
                0.658488784441532,
                1.0750319498689895e-05,
                0.00022842284049298003,
                0.018798677017652202
            ],
            [
                0.0001592802249181606,
                0.7128328299782821,
                4.236434428796897e-05,
                0.07926794265443927,
                0.20769758279807243
            ],
            [
                0.0,
                0.0001856860373285631,
                0.6005211113271384,
                0.39922305554883136,
                7.014708670181996e-05
            ],
            [
                0.0,
                0.02353957183897343,
                0.00018951178110131436,
                0.5432472804274687,
                0.4330236359524565
            ],
            [
                0.0,
                0.029386602507016038,
                0.0002207165176212079,
                0.824358753680734,
                0.14603392729462866
            ]
        ],
        [
            [
                0.1638834387480748,
                0.8350514152601485,
                0.0,
                0.0001440423759280824,
                0.0009211036158487914
            ],
            [
                0.0,
                0.9639891969511414,
                6.217309834039329e-05,
                0.0357458337769315,
                0.00020279617358660902
            ],
            [
                0.0,
                8.020536436440389e-05,
                0.002965144068522567,
                0.9964455878628894,
                0.0005090627042236743
            ],
            [
                2.5263462568514737e-05,
                0.2816764032052848,
                0.0004719957043857449,
                0.5782469668396751,
                0.1395793707880858
            ],
            [
                4.0813028335062314e-05,
                0.026137191805109216,
                5.831587486175099e-05,
                0.20074215495701794,
                0.7730215243346761
            ]
        ],
        [
            [
                0.260871761875154,
                0.7341922625832562,
                1.8233199215570547e-05,
                0.0004998784981024019,
                0.004417863844271791
            ],
            [
                5.8461634094239336e-05,
                0.6750294588479245,
                0.00023388737864040744,
                0.31037248250568106,
                0.014305709633659748
            ],
            [
                0.0,
                0.00010964636429110753,
                0.9996776820091219,
                0.0002126716265870468,
                0.0
            ],
            [
                1.8583480676386777e-05,
                0.011971789072485013,
                0.0005004574351156853,
                0.45441129835377675,
                0.5330978716579462
            ],
            [
                2.4050142290862007e-05,
                0.004551078937677573,
                1.6170165572029956e-05,
                0.03214471122406787,
                0.9632639895303916
            ]
        ],
        [
            [
                0.025421027502266706,
                0.9704566787866754,
                9.506693837387452e-06,
                0.0004416020622685245,
                0.0036711849549520633
            ],
            [
                2.4102645695459303e-05,
                0.3733602142124182,
                4.808059254824783e-05,
                0.6118585910167941,
                0.014709011532544072
            ],
            [
                0.0,
                0.0009651040453043021,
                0.2699271035012724,
                0.7290798324255435,
                2.7960027879755203e-05
            ],
            [
                1.1999432149787263e-05,
                0.0511977071509722,
                0.00026679866967870106,
                0.9139237242561458,
                0.03459977049105358
            ],
            [
                0.0,
                0.026312376125407193,
                0.00010357526873885944,
                0.1503610652912227,
                0.8232229833146313
            ]
        ],
        [
            [
                0.4660524505089391,
                0.5314839860688156,
                1.9566472833625578e-05,
                0.00019562460298614713,
                0.002248372346425408
            ],
            [
                2.7751593616589175e-05,
                0.5430847674238095,
                5.016528562982859e-05,
                0.44919948985370994,
                0.007637825843234237
            ],
            [
                0.0,
                0.00026043062776901475,
                0.037954096496823894,
                0.961745403773088,
                4.006910231905921e-05
            ],
            [
                2.5231815825210443e-05,
                0.19833702932528122,
                0.0003973286336954498,
                0.758089446483869,
                0.04315096374132906
            ],
            [
                5.1105235977919984e-05,
                0.9241625347837372,
                7.788917299562568e-05,
                0.06885752937432738,
                0.006850941432961927
            ]
        ],
        [
            [
                0.1183301745488778,
                0.8743098200090273,
                1.556892725825953e-05,
                0.00039304813507660166,
                0.006951388379759808
            ],
            [
                1.4720007106847608e-05,
                0.8096871563746157,
                3.950532986528536e-05,
                0.18911281034326044,
                0.0011458079451517333
            ],
            [
                0.0,
                0.00013650555158304794,
                0.11614988925538329,
                0.8836896901354558,
                2.391505757791406e-05
            ],
            [
                2.4125707710483705e-05,
                0.11987523612504805,
                0.00010609511275658505,
                0.1461471079254522,
                0.7338474351290326
            ],
            [
                0.0,
                0.20483464034578444,
                0.00021984569197837638,
                0.7923224913511162,
                0.002623022611120929
            ]
        ],
        [
            [
                0.3893752072789307,
                0.6069745478813886,
                1.2135007157924183e-05,
                5.660251557651069e-05,
                0.0035815073169463136
            ],
            [
                0.0,
                0.04227816024395367,
                0.0003365796846677507,
                0.7362544678581514,
                0.2211307922132272
            ],
            [
                0.0,
                0.0010881742895013475,
                0.590565544722406,
                0.40832755702959056,
                1.872395850213826e-05
            ],
            [
                1.0054129451120107e-05,
                0.004110234824493282,
                4.501376990139656e-05,
                0.04065489560335532,
                0.9551798016727989
            ],
            [
                9.881501062189596e-06,
                0.040777365104294014,
                0.0003584973003443488,
                0.4498621536472868,
                0.5089921024470125
            ]
        ],
        [
            [
                0.2554566489961604,
                0.6884487728161581,
                1.0681149559378574e-05,
                0.0007373603868930149,
                0.05534653665122906
            ],
            [
                0.0,
                0.012863245308556362,
                0.00010695704687193,
                0.9864359860888536,
                0.0005938115557180027
            ],
            [
                0.0,
                2.819274783134809e-05,
                0.9984512701871462,
                0.0015186550335276278,
                1.8820314947922137e-06
            ],
            [
                1.2035826152546404e-05,
                0.4367938024175013,
                0.0006564989633641443,
                0.5320981345261668,
                0.030439528266815234
            ],
            [
                8.200906017595459e-06,
                0.043315986024919505,
                0.00027649220755314197,
                0.473340195394848,
                0.48305912546666174
            ]
        ],
        [
            [
                0.09211330064712368,
                0.9001747338831646,
                6.34134649677814e-06,
                0.0005538049932814991,
                0.00715181912993345
            ],
            [
                0.0,
                0.03255830395651782,
                0.0003922606447735333,
                0.9235667835710369,
                0.04348265182767166
            ],
            [
                0.0,
                0.00044622035558160403,
                0.2811581498406356,
                0.7183885450940657,
                7.084709717026997e-06
            ],
            [
                1.3596025734185606e-05,
                0.45794424716619053,
                0.0005983701393571661,
                0.38099257076273085,
                0.16045121590598727
            ],
            [
                0.0,
                0.09512098816041889,
                0.00031065187737769974,
                0.42228301499422877,
                0.48228534496797465
            ]
        ],
        [
            [
                0.4952877006774359,
                0.37461651974513144,
                1.978362016382949e-05,
                0.0005631527078466402,
                0.12951284324942222
            ],
            [
                0.0,
                0.009169460733037444,
                0.00021192055328546312,
                0.9901965093416892,
                0.00042210937198791925
            ],
            [
                0.0,
                0.0013801463163371944,
