{
    "[['A', 'B', 'C', 'D', 'E'], ['A', 'B', 'C', 'D', 'E']]": [
        [
            [
                0.38311344384178353,
                0.573053580130441,
                1.2997674706016742e-05,
                0.0038731773610467444,
                0.03994680099202247
            ],
            [
                0.006538228722097063,
                0.9933113147782565,
                4.350600015422079e-06,
                0.00011000537961288742,
                3.6100520018088394e-05
            ],
            [
                0.28722913637828584,
                0.7127637913555511,
                0.0,
                7.07226616298379e-06,
                0.0
            ],
            [
                0.00025348854138760153,
                0.06649134184731853,
                0.0,
                0.0022200624839258795,
                0.931035107127368
            ],
            [
                0.17303881698264226,
                0.5926378741648901,
                9.731045328016614e-06,
                0.000583381020264875,
                0.23373019678687484
            ]
        ],
        [
            [
                0.15455941116397895,
                0.35153233771582376,
                6.253023705774866e-06,
                0.0012777246267356623,
                0.4926242734697559
            ],
            [
                0.001280276757750213,
                0.9986787158571296,
                8.426702647969253e-06,
                3.258068247215605e-05,
                0.0
            ],
            [
                0.0,
                0.005776143966358801,
                0.8803765170088753,
                0.11383421393555872,
                1.3125089207095248e-05
            ],
            [
                0.0018280891117980781,
                0.040263655769160425,
                7.5093243804622955e-06,
                0.002041061917254998,
                0.955859683877406
            ],
            [
                0.02117957677122705,
                0.9783666531187211,
                3.943612717200761e-06,
                0.00019923045828177676,
                0.00025059603905297126
            ]
        ],
        [
            [
                0.21436707030068564,
                0.764506042355665,
                9.373817273149008e-06,
                0.001570083381813065,
                0.019547430144563113
            ],
            [
                0.02522880256549841,
                0.9735629200765546,
                1.2408887872473363e-05,
                0.0004855662228495987,
                0.0007103022472249809
            ],
            [
                0.0,
                0.1933047158694339,
                0.061780710168930476,
                0.7448727083836487,
                4.186557798702439e-05
            ],
            [
                0.0007093787239192162,
                0.0320413312592643,
                8.079257301957706e-06,
                0.003455852847723511,
                0.9637853579117911
            ],
            [
                0.04011922585239368,
                0.959583170106309,
                0.0,
                5.554875736047207e-05,
                0.00024205528393686143
            ]
        ],
        [
            [
                0.3517144971790057,
                0.5873018205426765,
                1.4479983353250294e-05,
                0.0007938668383689639,
                0.06017533545659549
            ],
            [
                0.04986757084007096,
                0.9494901568320457,
                2.3496674030194205e-06,
                8.735687916456418e-05,
                0.0005525657813157315
            ],
            [
                0.0,
                1.5729890681414715e-05,
                0.9992364822950502,
                0.000746433676704542,
                1.3541375637314389e-06
            ],
            [
                7.583509507778772e-05,
                0.0033416841026646144,
                3.4888011991064337e-06,
                0.0010880481492347733,
                0.9954909438518238
            ],
            [
                0.10189815292338938,
                0.4774688602696248,
                1.9151033688495166e-05,
                0.0026046893423017207,
                0.4180091464309956
            ]
        ],
        [
            [
                0.3934034122962785,
                0.5214858875502293,
                1.1118952989387041e-05,
                0.0004062850995316232,
                0.0846932961009712
            ],
            [
                0.021430787324787447,
                0.9771223005518949,
                3.067979578422558e-06,
                0.0003310095500801942,
                0.001112834593659035
            ],
            [
                0.0,
                0.0015758696323104622,
                0.9910961751602902,
                0.007321170850226471,
                6.78435717269801e-06
            ],
            [
                0.004510129320115891,
                0.1630172343109971,
                3.774931788155413e-05,
                0.03430983086297534,
                0.7981250561880301
            ],
            [
                0.08350281426121653,
                0.5553393314973565,
                0.00011312471854286618,
                0.014795256683105367,
                0.3462494728397787
            ]
        ],
        [
            [
                0.0857188023611026,
                0.9069796740979824,
                8.968873455762024e-06,
                0.001961590059079025,
                0.005330964608380312
            ],
            [
                0.24310860850550547,
                0.7558345171397595,
                3.745760140178986e-06,
                7.943996435657724e-05,
                0.0009736886302382156
            ],
            [
                0.0,
                0.6135919761542918,
                0.15041851865574107,
                0.23593353483291246,
                5.5970357054745946e-05
            ],
            [
                0.036079458191773044,
                0.010703706445092059,
                0.0,
                3.537218430602392e-05,
                0.9531814631788289
            ],
            [
                0.0017598850165896917,
                0.03106331607154575,
                6.708619247105888e-06,
                0.006638963656193328,
                0.9605311266364241
            ]
        ],
        [
            [
                0.36277540551085996,
                0.40884786278990815,
                1.1452135328229954e-05,
                0.0005971979925133605,
                0.22776808157139028
            ],
            [
                0.0028458334800887173,
                0.994686624000325,
                1.0727341544151064e-05,
                0.0024354425558367034,
                2.1372622205337713e-05
            ],
            [
                9.308621221191728e-06,
                0.0870514396955573,
                0.9069339157786777,
                0.005999255659589029,
                6.080244954766098e-06
            ],
            [
                0.0005590445475915265,
                0.018378826762042118,
                9.772123207729623e-06,
                0.0032516812899900556,
                0.9778006752771685
            ],
            [
                8.246008444670868e-05,
                0.0005254022456273366,
                6.290776068149099e-07,
                3.3409735895079545e-05,
                0.9993580988564241
            ]
        ],
        [
            [
                0.022232898149055238,
                0.9477513683557454,
                1.0910334611485102e-05,
                0.004547575303339929,
                0.02545724785724798
            ],
            [
                0.0957851836309737,
                0.9015225690787425,
                0.0,
                0.0004157658713681565,
                0.0022764814189156564
            ],
            [
                2.5872305175594172e-05,
                0.988662128793061,
                0.008711330366930298,
                0.0025926430017198313,
                8.025533113181108e-06
            ],
            [
                0.0006590511679252817,
                0.007562738781784397,
                3.2347953873464867e-06,
                0.00026319433516533,
                0.9915117809197376
            ],
            [
                0.010379244182743887,
                0.16924186748403888,
                1.167996918708073e-05,
                0.0016980368001898462,
                0.8186691715638403
            ]
        ],
        [
            [
                0.6505695163007259,
                0.249035197899958,
                0.0,
                0.000571933841218406,
                0.09982335195809763
            ],
            [
                0.012340268925095876,
                0.987529645789966,
                0.0,
                0.00011131085582962721,
                1.877442910841627e-05
            ],
            [
                0.0,
                0.0012943788843417462,
                0.9365518607293812,
                0.062141873557839886,
                1.188682843719987e-05
            ],
            [
                0.0012790621123397834,
                0.02017309093949989,
                0.0,
                0.0003786132227715101,
                0.9781692337253888
            ],
            [
                0.0002583446644182626,
                0.01038158561697316,
                7.3813061052718e-06,
                0.004618977327957204,
                0.9847337110845461
            ]
        ],
        [
            [
                0.08518637240944042,
                0.9008637885849627,
                6.448797967280931e-06,
                0.00043532712143656225,
                0.013508063086193105
            ],
            [
                0.0014250578276712583,
                0.9985666057268597,
                2.3441343173606747e-06,
                5.9923111515848785e-06,
                0.0
            ],
            [
                0.0,
                0.0003548058379781137,
                0.9988732916835602,
                0.0007652435158754479,
                6.658962586183026e-06
            ],
            [
                3.3561200600515656e-05,
                0.0028171611027234013,
                2.081028319054157e-06,
                0.0006933190311783165,
                0.9964538776371787
            ],
            [
                0.028604788075366077,
                0.9656673742689867,
                2.624307883942109e-06,
                0.0004190739927547952,
                0.005306139355008446
            ]
        ],
        [
            [
                0.10393803558520667,
                0.8662631916558863,
                8.702637919818715e-06,
                0.0002836134413188897,
                0.029506456679668364
            ],
            [
                0.06959862086334723,
                0.9292110155093354,
                4.369830542712879e-06,
                0.0003459846918754378,
                0.0008400091048992545
            ],
            [
                0.0,
                2.0553368404829942e-05,
                0.9999272328406056,
                5.137947841714339e-05,
                8.343125723515939e-07
            ],
            [
                0.007138251670317645,
                0.7745892681350806,
                2.530831913497378e-05,
                0.0059111173961319185,
                0.21233605447933487
            ],
            [
                0.0007589158016220657,
                0.002827221872356608,
                0.0,
                4.1117295083412084e-05,
                0.9963727450309379
            ]
        ],
        [
            [
                0.22864018550484122,
                0.4279488086962913,
                1.257113802965646e-05,
                0.000747490019905332,
                0.3426509446409325
            ],
            [
                0.03536117892598008,
                0.9615215466207677,
                1.0923800674334536e-05,
                0.0005579048660312506,
                0.0025484457865465283
            ],
            [
                0.00012091102228813806,
                0.9726260930763363,
                0.01631721430905581,
                0.010926583170554284,
                9.198421765414373e-06
            ],
            [
                0.0001555574006456134,
                0.01799227538497624,
                7.178445098355708e-06,
                0.0049783814118590595,
                0.9768666073574208
            ],
            [
                0.00021634529976494486,
                0.0026956888166799857,
                7.448262876656018e-07,
                0.0001010127494739739,
                0.9969862083077935
            ]
        ],
        [
            [
                0.04993830559653149,
                0.8904035353795708,
                1.8390501977680067e-05,
                0.0032380259048699865,
                0.05640174261705
            ],
            [
                0.13605912769615763,
                0.8639362658620106,
                0.0,
                2.203444532892124e-06,
                2.4029972989184614e-06
            ],
            [
                1.9759034998321134e-05,
                0.029577799884303497,
                0.7877225337599092,
                0.18262724738919742,
                5.265993159163351e-05
            ],
            [
                0.0014163122562455646,
                0.06795910253325281,
                2.1596251757574025e-05,
                0.0036745456446330275,
                0.9269284433141111
            ],
            [
                0.011414917253360394,
                0.9542823041909582,
                9.989902271685436e-06,
                0.001429166676945885,
                0.03286362197646387
            ]
        ],
        [
            [
                0.13872854766005732,
                0.8591089697099008,
                7.788337388811229e-06,
                0.0006062051185151664,
                0.0015484891741379988
            ],
            [
                0.10585245044568022,
                0.8936006528868802,
                4.5483436170111566e-06,
                7.80684594079434e-05,
                0.0004642798644146518
            ],
            [
                5.837291979695626e-06,
                0.007086879439673799,
                0.9316872144421781,
                0.061206231621054194,
                1.3837205114329972e-05
            ],
            [
                4.341650633632894e-05,
                0.005198948638009856,
                2.462459627803921e-06,
                0.004290379197876802,
                0.9904647931981492
            ],
            [
                0.35569320637374335,
                0.6028014182121969,
                5.5798682133739705e-06,
                0.00027384278338345825,
                0.04122595276246292
            ]
        ],
        [
            [
                0.6094634480925596,
                0.3518936610365729,
                1.5670991923031432e-05,
                0.00481493899867037,
                0.033812280880274
            ],
            [
                0.06149347250420372,
                0.937643318262109,
                8.834343621404458e-06,
                0.0004705521582830963,
                0.0003838227317827184
            ],
            [
                0.0,
                1.8786043104156635e-06,
                0.9999902165803293,
                7.904815360305913e-06,
                0.0
            ],
            [
                0.001959212384335846,
                0.01059972807783548,
                2.5273242306802826e-06,
                0.0006837317256583259,
                0.9867548004879397
            ],
            [
                0.05411968064016948,
                0.9094096016691314,
                0.0,
                0.00013828146110962553,
                0.03633243622958955
            ]
        ],
        [
            [
                0.24545048528703373,
                0.6683499985736413,
                6.262603020257396e-06,
                0.0019776989800770377,
                0.08421555455622765
            ],
            [
                0.020853930447332764,
                0.9784323176083731,
                2.8583968340305484e-06,
                0.0002611672273911934,
                0.0004497263200688181
            ],
            [
                8.421082403633041e-06,
                0.9833781378574835,
                9.630048657512998e-05,
                0.016370633549714686,
                0.0001465070238230623
            ],
            [
                0.000115502667366357,
                0.0046479550319537336,
                3.4497184664163582e-06,
                0.0045426250272460065,
                0.9906904675549675
            ],
            [
                0.14373491330672247,
                0.850873268453172,
                0.0,
                3.72170690786673e-05,
                0.005354601171026889
            ]
        ],
        [
            [
                0.4293371326238692,
                0.5060370390305662,
                9.835014198928703e-06,
                0.0009789771435769438,
                0.06363701618778884
            ],
            [
                0.010520998224451773,
                0.9852539037508441,
                2.2757575296696446e-05,
                0.0034640814062161882,
                0.0007382590431911306
            ],
            [
                0.0,
                0.001378742387834964,
                0.9921450172995059,
                0.006469069435034188,
                7.1708776249851395e-06
            ],
            [
                1.9512813249948726e-05,
                0.009887309444456718,
                0.0,
                0.027204917857393145,
                0.9628882598849002
            ],
            [
                0.0005568289745507723,
                0.002684511745869627,
                9.882309487977212e-07,
                8.222867991571688e-05,
                0.9966754423687151
            ]
        ],
        [
            [
                0.266832653639066,
                0.6618870714035937,
                1.9627176236718074e-05,
                0.0025403322246443784,
                0.06872031555645923
            ],
            [
                0.26115904515160243,
                0.7387353665489237,
                0.0,
                3.229725910224083e-05,
                7.329104037172209e-05
            ],
            [
                0.0,
                0.001012421546510678,
                0.9980752728205033,
                0.0009115936312923213,
                7.120016935801782e-07
            ],
            [
                4.788813729463448e-05,
                0.07033484511609836,
                3.432997290097883e-05,
                0.026566771392422705,
                0.9030161653812833
            ],
            [
                0.033085450035140615,
                0.17775158928411047,
                0.0,
                7.56617454615907e-05,
                0.7890872989352873
            ]
        ],
        [
            [
                0.3292117933839703,
                0.6054821892537379,
                8.851347183130981e-06,
                0.0002374085915052402,
                0.0650597574236035
            ],
            [
                0.030273364766157464,
                0.9693519376703958,
                0.0,
                0.00010390365279119055,
                0.0002707939106554561
            ],
            [
                0.03176141915787464,
                0.9596093532385763,
                1.5583770157561036e-05,
                0.004502166472218438,
                0.004111477361173029
            ],
            [
                0.00020727044257388562,
                0.012504782203659663,
                0.0,
                0.0001226840592015941,
                0.9871652632945648
            ],
            [
                0.004858762661282064,
                0.3410272919255601,
                4.8557899061996395e-06,
                0.0009410969735878185,
                0.6531679926496637
            ]
        ],
        [
            [
                0.38232609605033746,
                0.6123440999879264,
                4.021695090322643e-06,
                0.0002274361359800994,
                0.005098346130665739
            ],
            [
                0.024093000808709443,
                0.9701671322684827,
                7.895514823800708e-06,
                0.0016323481735773234,
                0.004099623234406674
            ],
            [
                0.0,
                0.0004371057254752127,
                0.9116492356047182,
                0.08790634809355995,
                7.310576246607147e-06
            ],
            [
                6.864042165476287e-06,
                0.0010412885391194865,
                2.4759780883224877e-06,
                0.002662895930240868,
                0.9962864755103858
            ],
            [
                0.000764066161852256,
                0.010413816204698802,
                0.0,
                0.00012308949404917998,
                0.9886990281393997
            ]
        ],
        [
            [
                0.5623875242468452,
                0.36001004055775176,
                7.721054084219799e-06,
                0.000739092730493456,
                0.07685562141082532
            ],
            [
                0.02851807572593077,
                0.9710209899219203,
                6.2671850670490034e-06,
                0.00029622648127944075,
                0.0001584406858023614
            ],
            [
                0.0,
                0.7199340180700374,
                0.10407103514693543,
                0.1759458709372093,
                4.907584581790621e-05
            ],
            [
                0.00014596729181186357,
                0.012044923549125909,
                4.635103681041135e-06,
                0.0017002844981989815,
                0.9861041895571823
            ],
            [
                0.07908391503634192,
                0.9059143381414152,
                0.0,
                0.00013503653660595276,
                0.01486671028563695
            ]
        ],
        [
            [
                0.8432498666311962,
                0.10624983294040576,
                3.89446188503424e-06,
                0.0002099017395814269,
                0.05028650422693162
            ],
            [
                0.04634352243216052,
                0.9493181456648198,
                1.3487712797903102e-05,
                0.0009367051028380155,
                0.003388139087383929
            ],
            [
                0.0,
                0.01029579900349279,
                0.9823616401951119,
                0.007334087118528115,
                8.473682867126343e-06
            ],
            [
                4.780821992967916e-05,
                0.0028322227029501336,
                3.3448140104230285e-06,
                0.0002132255636746771,
                0.9969033986994351
            ],
            [
                0.000453326202004038,
                0.0042215277140495834,
                9.427830929050284e-07,
                0.00020554108872110807,
                0.9951186622121324
            ]
        ],
        [
            [
                0.15521770888661515,
                0.6372350725061661,
                2.0359920437153595e-05,
                0.001711612151256598,
                0.2058152465355249
            ],
            [
                0.11827713666283861,
                0.8810452866894694,
                3.1210914536889714e-06,
                5.993009295612544e-05,
                0.0006145254632820881
            ],
            [
                0.0,
                0.23857502591788782,
                0.7605725950993697,
                0.0008475876993175925,
                4.791283424878186e-06
            ],
            [
                0.002481100373063848,
                0.07892148208679482,
                7.556003701916673e-06,
                0.0012751772143356436,
                0.9173146843221038
            ],
            [
                0.005289666966285471,
                0.029102220833122944,
                4.905554171322103e-06,
                0.0003377302728339436,
                0.9652654763735864
            ]
        ],
        [
            [
                0.0364966467329655,
                0.9440653757512764,
                3.921978994813901e-05,
                0.006751935375193753,
                0.012646822350616328
            ],
            [
                0.029489980796140576,
                0.9705056069406879,
                2.281307288065663e-06,
                2.130955883415522e-06,
                0.0
            ],
            [
                1.027915578575505e-05,
                0.9736319990799722,
                0.012565604198390529,
                0.013772114448386677,
                2.0003117464790785e-05
            ],
            [
                0.0027882681508666473,
                0.08674479947729663,
                1.3764973970809442e-05,
                0.005152372399191049,
                0.9053007949986749
            ],
            [
                0.008406704508578259,
                0.04524996258412624,
                0.0,
                8.805730733632287e-05,
                0.9462552755999591
            ]
        ],
        [
            [
                0.01118654995102901,
                0.9818050688324139,
                6.723947706662694e-06,
                0.0027296630029014167,
                0.004271994265949061
            ],
            [
                0.02025839750909775,
                0.9788534975840827,
                5.658373471454201e-06,
                0.00032209015099093663,
                0.0005603563823573202
            ],
            [
                7.095717826247106e-06,
                0.7847664048423949,
                0.2008355472022158,
                0.014380155991585491,
                1.0796245977525764e-05
            ],
            [
                0.00010742700075985084,
                0.012093586553939687,
                2.5061395823917225e-06,
                0.00200866992709489,
                0.9857878103786232
            ],
            [
                0.0003010383918719448,
                0.0025564593260062334,
                7.95908383683079e-07,
                0.00012703298845748019,
                0.9970146733852806
            ]
        ],
        [
            [
                0.0944687272546716,
                0.8990780004445663,
                6.621660240954531e-06,
                0.000629134729552742,
                0.005817515910968422
            ],
            [
                0.04244418049927874,
                0.9569246077167068,
                4.7604966052228136e-06,
                0.00016906825204179778,
                0.00045738303536740796
            ],
            [
                0.0,
                0.037032692633895394,
                0.9454796459837518,
                0.01744173168145459,
                4.5929700898262715e-05
            ],
            [
                0.00018580570346009406,
                0.0230836331254171,
                4.393145664130352e-06,
                0.005902843852598507,
                0.9708233241728602
            ],
            [
                0.25633061906393695,
                0.0335145372329097,
                0.0,
                4.5124664013283394e-05,
                0.71010971903914
            ]
        ],
        [
            [
                0.09825867133393086,
                0.8680682755363106,
                2.877123155858296e-05,
                0.00830543155264325,
                0.025338850345556736
            ],
            [
                0.03043124003634835,
                0.9692804580382823,
                4.180580834544279e-06,
                0.0001609703509629017,
                0.000123150993571962
            ],
            [
                0.0002534694310345588,
                0.62007533526093,
                0.28849822953713106,
                0.09112054034356874,
                5.242542733558933e-05
            ],
            [
                0.000279533542300631,
                0.010225545137041887,
                2.679583289996845e-06,
                0.0008723210158677099,
                0.9886199207214997
            ],
            [
                0.004249034913372,
                0.062271165024001505,
                6.904121533178345e-06,
                0.0019855010053664805,
                0.9314873949357269
            ]
        ],
        [
            [
                0.6804133552659656,
                0.30028508157882233,
                6.6437254928266095e-06,
                0.0003656874015557515,
                0.018929232028163403
            ],
            [
                0.042299983887696985,
                0.9574966948036511,
                2.878655037292324e-06,
                8.468565155074876e-05,
                0.00011575700206383239
            ],
            [
                0.0,
                0.7498040625778173,
                0.24922154786503856,
                0.0009720190765183539,
                2.370480625877196e-06
            ],
            [
                0.0015786463441408477,
                0.030309037507272447,
                7.334234287947835e-06,
                0.004469150007442373,
                0.9636358319068564
            ],
            [
                5.2583295640091605e-05,
                0.0020467173498243145,
                2.6510757364865188e-06,
                0.00035247528133608587,
                0.997545572997463
            ]
        ],
        [
            [
                0.1776903740044804,
                0.3537444055707515,
                7.590520322533809e-06,
                0.0008485241470219889,
                0.4677091057574235
            ],
            [
                0.047985779739799686,
                0.9507000154296327,
                8.560963057794043e-06,
                0.0006614111711596459,
                0.0006442326963502394
            ],
            [
                0.0,
                0.0006225568890687472,
                0.9951095445554035,
                0.004224123287008691,
                4.377526851901804e-05
            ],
            [
                0.0001979944887825383,
                0.010636701398326266,
                4.7598025956227e-06,
                0.0014946852011737534,
                0.9876658591091217
            ],
            [
                0.00018582418162551537,
                0.025177737905159085,
                2.7743735295514605e-06,
                0.004663545462017279,
                0.9699701180776685
            ]
        ],
        [
            [
                0.1997693810027019,
                0.7197190536111635,
                1.4400215693976661e-05,
                0.001410742986288867,
                0.0790864221841518
            ],
            [
                0.01846063540038184,
                0.9806764185830199,
                0.0,
                0.0001256379336389145,
                0.0007373080829594495
            ],
            [
                0.0,
                0.0003617947281555211,
                0.9917306833355012,
                0.007901424207984103,
                6.09772835925126e-06
            ],
            [
                0.004062106160878523,
                0.09302019293725322,
                2.428625559430964e-05,
                0.01328300764824071,
                0.8896104069980332
            ],
            [
                0.07669546704007853,
                0.9181072702944967,
                0.0,
                3.347369430507302e-05,
                0.005163788971119655
            ]
        ],
        [
            [
                0.1648908052665306,
                0.8111927322788167,
                1.2310318923556955e-05,
                0.0011161592696985053,
                0.022787992866030653
            ],
            [
                0.2623008355380034,
                0.737172546209176,
                0.0,
                3.515466587537882e-05,
                0.0004914635869453199
            ],
            [
                0.0,
                0.0010241053239603498,
                0.9962233611513204,
                0.002749286371578677,
                3.247153140636797e-06
            ],
            [
                0.0018039170899504524,
                0.04045137200929131,
                4.696111099437704e-06,
                0.0005693149184753132,
                0.9571706998711835
            ],
            [
                0.0009726515329026065,
                0.013736102727417973,
                1.5976883259739302e-05,
                0.0007640650131169998,
                0.9845112038433027
            ]
        ],
        [
            [
                0.06552433008027567,
                0.9172133132685255,
                1.2445767487400188e-05,
                0.0010211371153089966,
                0.016228773768402413
            ],
            [
                0.005046528845109449,
                0.9949424099892755,
                0.0,
                9.61138110951901e-06,
                1.4497845055515894e-06
            ],
            [
                0.08173878620856227,
                0.918256930719016,
                0.0,
                4.283072421673633e-06,
                0.0
            ],
            [
                0.00021583791982780602,
                0.01341537551776828,
                3.5518896400703867e-06,
                0.0012490221633540011,
                0.9851162125094098
            ],
            [
                0.306342186212702,
                0.6184400213565864,
                2.0597926425021186e-05,
                0.0018714159423518027,
                0.07332577856193497
            ]
        ],
        [
            [
                0.6359116993476507,
                0.3177526011528334,
                1.367163809828811e-05,
                0.0005455170034490587,
                0.04577651085796857
            ],
            [
                0.10398605155968615,
                0.8959975777186853,
                0.0,
                1.1133822522659348e-05,
                5.23689910604495e-06
            ],
            [
                0.0,
                0.000709273908010331,
                0.9954610881983564,
                0.0038158921972888367,
                1.3745696344363007e-05
            ],
            [
                0.000175929619003777,
                0.002460295203220613,
                1.0302423059148866e-06,
                0.00012316956990128807,
                0.9972395753655685
            ],
            [
                0.0009330648801614555,
                0.009314809553866293,
                0.0,
                0.00010191248325931758,
                0.989650213082713
            ]
        ],
        [
            [
                0.22788537641292914,
                0.7345755012502025,
                9.192289607213053e-06,
                0.0005868974170163224,
                0.036943032630244656
            ],
            [
                0.02105753060192886,
                0.9783896182667743,
                3.746829154305862e-06,
                0.0001266546287616688,
                0.000422449673380866
            ],
            [
                0.0,
                0.00023240669066117465,
                0.9977919856972038,
                0.0019705753087235637,
                5.032303411498995e-06
            ],
            [
                0.000938869840178217,
                0.025558564737671832,
                4.818900809536292e-06,
                0.001678425707577598,
                0.9718193208137628
            ],
            [
                4.972679281014587e-05,
                0.0013138094569430069,
                1.118993788742515e-06,
                0.0005169779783806228,
                0.9981183667780775
            ]
        ],
        [
            [
                0.44609521056693807,
                0.5093892423505065,
                4.309471112318042e-06,
                0.00017309977888992716,
                0.044338137832553214
            ],
            [
                0.027428319570964074,
                0.9662824430841718,
                1.281571714474625e-05,
                0.0005021966718715458,
                0.005774224955847742
            ],
            [
                2.4079085018763e-05,
                0.9986215740825733,
                0.0012292805052829786,
                0.00012193250112536618,
                3.1338259995881927e-06
            ],
            [
                0.0003596737629301032,
                0.003993457621799669,
                2.780896635641302e-06,
                0.0008896564762788285,
                0.9947544312423557
            ],
            [
                0.07310931236329342,
                0.9241141907813069,
                0.0,
                4.8684778741986874e-05,
                0.002727812076657805
            ]
        ],
        [
            [
                0.07208382015199633,
                0.8529784783200585,
                1.4519885005834431e-05,
                0.002246701657466434,
                0.07267647998547297
            ],
            [
                0.09313952444484697,
                0.9068585362498637,
                0.0,
                1.939305289434721e-06,
                0.0
            ],
            [
                2.103991856658196e-05,
                0.32015976552606135,
                0.009829157647472643,
                0.6698575638196227,
                0.00013247308827681783
            ],
            [
                0.002139863252694384,
                0.011522738296629509,
                3.015552926877507e-06,
                0.0006003211760197835,
                0.9857340617217295
            ],
            [
                0.064257667833775,
                0.9252682387728591,
                0.0,
                0.0001176719113148682,
                0.010356421482051043
            ]
        ],
        [
            [
                0.19079131037729957,
                0.7104735352747812,
                6.923616812551097e-06,
                0.00043801230073996103,
                0.0982902184303668
            ],
            [
                0.12505765208978803,
                0.8741465576470937,
                5.560247527883306e-06,
                9.883616958483935e-05,
                0.0006913938460056114
            ],
            [
                0.0,
                0.005919727319614228,
                0.21202677989614283,
                0.7817130949392261,
                0.0003403978450168056
            ],
            [
                0.00048495194251388217,
                0.002986006331307924,
                7.227184862671342e-07,
                0.00013389307028265193,
                0.9963944259374092
            ],
            [
                0.13685591516572865,
                0.8511252537555585,
                0.0,
                6.763147879110995e-05,
                0.011951199599921847
            ]
        ],
        [
            [
