{
    "[['A', 'B', 'C', 'D', 'E'], ['A', 'B', 'C', 'D', 'E']]": [
        [
            [
                0.005374913201063511,
                0.9893678979746718,
                8.93296801550814e-06,
                0.0019641976184137607,
                0.003284058237835487
            ],
            [
                0.01436721193317495,
                0.8650487738591941,
                5.822157207599334e-05,
                0.01640371217428016,
                0.1041220804612749
            ],
            [
                5.693856889112398e-06,
                0.0004944744863608015,
                4.515481211980615e-05,
                0.9894489663854427,
                0.010005710459187678
            ],
            [
                0.0,
                0.0009200448281438115,
                2.4735854619392516e-05,
                0.9581066318296253,
                0.04094858748761138
            ],
            [
                3.6328108562495326e-05,
                0.004801255773642573,
                3.3325430432600834e-05,
                0.4386297237109284,
                0.556499366976434
            ]
        ],
        [
            [
                0.0134107445066284,
                0.9298882659411438,
                3.239150488458114e-05,
                0.002908403527085561,
                0.0537601945202577
            ],
            [
                8.367988850829096e-06,
                0.003028320865109903,
                1.5644205220441153e-05,
                0.37052230893807625,
                0.6264253580027426
            ],
            [
                0.0,
                0.00012250598122863125,
                3.242253984472297e-05,
                0.9572009140336353,
                0.04264415744529137
            ],
            [
                1.626527784560554e-05,
                0.005168428944951005,
                4.5652695034656763e-05,
                0.7878696782270352,
                0.2068999748551335
            ],
            [
                3.3427627470435125e-05,
                0.019966068322639,
                4.6855656033816997e-05,
                0.916856552232547,
                0.06309709616130982
            ]
        ],
        [
            [
                0.00939789788404727,
                0.9738279625774623,
                2.419477531774126e-05,
                0.004015972099021593,
                0.012733972664151185
            ],
            [
                0.0,
                0.0022548595032728974,
                2.926929298456696e-05,
                0.9899531754370885,
                0.007762695766653967
            ],
            [
                9.164237428618594e-05,
                0.012737034944018523,
                3.393411213406622e-05,
                0.5679848166469486,
                0.4191525719226128
            ],
            [
                8.241116084867513e-05,
                0.0029611644787446074,
                2.971993030924901e-05,
                0.15532579216014863,
                0.8416009122699488
            ],
            [
                0.0010869695816333336,
                0.016070627452866398,
                1.5078801796412757e-05,
                0.009722502303472198,
                0.9731048218602316
            ]
        ],
        [
            [
                0.014122286728420969,
                0.8427625780402672,
                2.4051564527146062e-05,
                0.0012726407451568611,
                0.14181844292162768
            ],
            [
                9.303962900235804e-06,
                0.005170488382295009,
                1.3332390196767215e-05,
                0.962958538851727,
                0.03184833641288103
            ],
            [
                0.0,
                0.0015592073498233864,
                6.0131537963076684e-05,
                0.9321641474422755,
                0.06621651366993804
            ],
            [
                1.6042453889191318e-05,
                0.002702546015411526,
                1.3780431469057643e-05,
                0.1450393663098705,
                0.8522282647893596
            ],
            [
                3.067400062136191e-05,
                0.005086994229629835,
                3.335298956541998e-05,
                0.13423199802893884,
                0.8606169807512445
            ]
        ],
        [
            [
                0.06361326867628685,
                0.8724712404540698,
                1.3885909966567109e-05,
                0.002233869035421675,
                0.06166773592425509
            ],
            [
                0.0002315193533119112,
                0.016875260786759688,
                5.360800852263548e-05,
                0.268506625781196,
                0.7143329860702098
            ],
            [
                0.0,
                0.0037586535401491115,
                3.380061748896151e-05,
                0.995869161156817,
                0.0003383846855449846
            ],
            [
                2.070145795512749e-05,
                0.005583706769320785,
                3.131659442591905e-05,
                0.5262276855929171,
                0.46813658958538096
            ],
            [
                6.550788220204058e-06,
                0.00047221169026696804,
                1.4764658433003722e-05,
                0.17624636236002347,
                0.8232601105030563
            ]
        ],
        [
            [
                0.014937107787390262,
                0.9725898308252993,
                2.1071989599223935e-05,
                0.002648723623443184,
                0.009803265774268016
            ],
            [
                0.0,
                0.001440609860398789,
                1.731812805069109e-05,
                0.9958191201417694,
                0.0027229518697810024
            ],
            [
                0.0,
                6.979453795566723e-05,
                4.458795493916269e-05,
                0.880422047076755,
                0.11946357043035015
            ],
            [
                0.0002554865817817941,
                0.020392190558433443,
                7.178355356095902e-05,
                0.7239612666080579,
                0.2553192726981659
            ],
            [
                4.0164883701732854e-05,
                0.012502277092612119,
                2.4878601938480856e-05,
                0.1238541167422717,
                0.863578562679476
            ]
        ],
        [
            [
                0.015713503588306067,
                0.9143530690327497,
                9.042322207961186e-06,
                0.0005288559152485071,
                0.06939552914148771
            ],
            [
                1.404423104325304e-05,
                0.009913493714618901,
                5.833397642108029e-05,
                0.801398575410052,
                0.18861555266786478
            ],
            [
                0.0,
                9.014953924852797e-05,
                1.8493380156944038e-05,
                0.969741654462496,
                0.030149702618098507
            ],
            [
                1.4357610943693356e-05,
                0.003189220411989234,
                1.975483321106274e-05,
                0.14897638477978517,
                0.8478002823640708
            ],
            [
                0.0,
                4.5677241721034874e-05,
                5.408499409376161e-06,
                0.018937845018516374,
                0.9810110692403532
            ]
        ],
        [
            [
                0.049143187126843325,
                0.7777796354729,
                4.8166299791412926e-05,
                0.014972138237769574,
                0.15805687286269562
            ],
            [
                0.0,
                0.0007001691346763364,
                3.371326994693979e-05,
                0.5716073747085115,
                0.4276587428868652
            ],
            [
                0.0,
                0.0035543384073709328,
                0.987551908672451,
                0.008890416901034646,
                3.3360191434118715e-06
            ],
            [
                1.4640258063139128e-05,
                0.003634029750536134,
                6.649662108648893e-05,
                0.6423611321386458,
                0.35392370123166833
            ],
            [
                1.3676787476778644e-05,
                0.0011631266558856635,
                3.1162300629139025e-05,
                0.2892274700356573,
                0.7095645642203512
            ]
        ],
        [
            [
                0.14039190214585143,
                0.428497329361169,
                2.2393595255590208e-05,
                0.0019676180763562126,
                0.4291207568213678
            ],
            [
                0.0,
                0.0017083830109482288,
                2.0557865035208035e-05,
                0.9852344391883229,
                0.013036619935693656
            ],
            [
                0.0,
                0.00010715951872410005,
                7.17473954388137e-05,
                0.9983012314912884,
                0.0015198615945487305
            ],
            [
                0.00044293239792487506,
                0.09194259167978942,
                4.938008265539413e-05,
                0.1940086758223772,
                0.7135564200172532
            ],
            [
                3.6280827636620375e-05,
                0.00609599597722659,
                3.121708176495085e-05,
                0.0443939038120188,
                0.949442602301353
            ]
        ],
        [
            [
                0.049331716527720545,
                0.8983192979643024,
                1.6047911082045884e-05,
                0.0021417175733156103,
                0.05019122002357941
            ],
            [
                4.9570124635928424e-05,
                0.03881656340386804,
                2.178217176738097e-05,
                0.9422031684788164,
                0.018908915820912288
            ],
            [
                0.0,
                0.0003550996654035767,
                2.5077486656601452e-05,
                0.9454289867370038,
                0.05419083611093595
            ],
            [
                3.1431253662527355e-05,
                0.03943545002023899,
                4.545931442467183e-05,
                0.8765711257066254,
                0.08391653370504831
            ],
            [
                0.00015342336203875314,
                0.0026118137236301985,
                1.2405552718338853e-05,
                0.06205737704250311,
                0.9351649803191096
            ]
        ],
        [
            [
                0.009917534421866214,
                0.9533591510056908,
                1.4952785793852754e-05,
                0.0022138461543410215,
                0.034494515632308126
            ],
            [
                0.0,
                0.002377718024134593,
                4.575996093239665e-05,
                0.7199615907013168,
                0.27761493131361614
            ],
            [
                9.24615315215048e-06,
                0.0014631743832565524,
                5.027910531854658e-05,
                0.9755127506327225,
                0.02296454972555028
            ],
            [
                0.0003221533718007708,
                0.07563025965601206,
                5.434147470365325e-05,
                0.35783048300618436,
                0.5661627624912992
            ],
            [
                0.0,
                0.0004650267072417997,
                1.916548756445566e-05,
                0.4010920130187382,
                0.5984237947864556
            ]
        ],
        [
            [
                0.011255068758390203,
                0.7873976040906869,
                2.5475644101614085e-05,
                0.0009866475292819863,
                0.20033520397753923
            ],
            [
                9.31360161704156e-05,
                0.02999294793418879,
                4.3685881152847525e-05,
                0.16815797839937935,
                0.8017122517691087
            ],
            [
                0.0,
                0.0003210774127613841,
                0.09685903521610202,
                0.9028138141917473,
                6.073179389293684e-06
            ],
            [
                0.0010725791282000913,
                0.10905899216026956,
                2.751827769331405e-05,
                0.22415727999569954,
                0.6656836304381374
            ],
            [
                4.8896853848519775e-05,
                0.0008532085912022168,
                8.5744003101917e-06,
                0.012361215355800365,
                0.9867281047988388
            ]
        ],
        [
            [
                0.004218969072276081,
                0.1332509563243211,
                1.1045212559135568e-05,
                0.00024539449064510133,
                0.8622736349001986
            ],
            [
                5.685892409470131e-06,
                0.004537569480864667,
                1.4342886299632106e-05,
                0.9659559819265804,
                0.029486419813845813
            ],
            [
                0.0,
                0.0011383731983960982,
                4.792453102476956e-05,
                0.8937222521849454,
                0.10509145008563377
            ],
            [
                4.806119935011107e-05,
                0.013636307522617555,
                3.4411512884533346e-05,
                0.20977371587156246,
                0.7765075038935852
            ],
            [
                7.946166771711083e-05,
                0.015600846245925018,
                2.1709234831721087e-05,
                0.20023527683349887,
                0.7840627060180273
            ]
        ],
        [
            [
                0.026190382933486776,
                0.5705293604144456,
                5.451990469526027e-05,
                0.02253260969584317,
                0.38069312705152936
            ],
            [
                3.939215554330702e-05,
                0.022637235061395835,
                3.805854753357041e-05,
                0.9730444782355537,
                0.004240835999973507
            ],
            [
                0.0,
                0.00014966945828302755,
                0.7238744184370544,
                0.2759639033342431,
                1.2008770419497838e-05
            ],
            [
                0.00013074721303635647,
                0.030867267200244047,
                9.235028451814568e-05,
                0.43057516525661216,
                0.5383344700455893
            ],
            [
                0.00015863109224419926,
                0.019013876465699468,
                1.666420210090415e-05,
                0.16799551000707033,
                0.8128153182328851
            ]
        ],
        [
            [
                0.029689377696648457,
                0.9276625015580647,
                2.130733346318634e-05,
                0.0003116274199839325,
                0.04231518599183954
            ],
            [
                0.0,
                0.0038083677937626155,
                2.2202679410096205e-05,
                0.9697931000623596,
                0.026376329464467725
            ],
            [
                0.0,
                1.567019869922588e-05,
                0.00022956075830192558,
                0.9995870004283142,
                0.00016776861468464167
            ],
            [
                1.202231606881803e-05,
                0.002719861109057043,
                0.00011793322743892293,
                0.981390290015045,
                0.015759893332390258
            ],
            [
                5.272269609908697e-05,
                0.007063172052857233,
                2.706006510945591e-05,
                0.14623344013751374,
                0.8466236050484205
            ]
        ],
        [
            [
                0.016484069377151515,
                0.9776591921830313,
                5.954981571718925e-05,
                0.003302188142511868,
                0.0024950004815881915
            ],
            [
                0.0,
                0.0014336596711640723,
                2.414252153020264e-05,
                0.8968701225605052,
                0.1016720752468005
            ],
            [
                0.0,
                5.8399024283704667e-05,
                0.011873688518112102,
                0.987114448254008,
                0.0009534642035962535
            ],
            [
                1.7872374396661542e-05,
                0.002248697617387338,
                3.957276744425771e-05,
                0.8845682226203153,
                0.11312563462045652
            ],
            [
                6.324898662648177e-05,
                0.009882078130937453,
                4.272362755669693e-05,
                0.2598194136424851,
                0.7301925356123942
            ]
        ],
        [
            [
                0.011789852567761808,
                0.9796452516083004,
                2.648662764865911e-05,
                0.0026255481928613962,
                0.00591286100342762
            ],
            [
                0.0,
                0.001287552766259275,
                1.6186112398028727e-05,
                0.8518951278154062,
                0.14680113330593644
            ],
            [
                2.8938821687301746e-05,
                0.009183353341540091,
                0.00024899678996198545,
                0.9562218871794286,
                0.03431682386738194
            ],
            [
                1.5700918475195766e-05,
                0.0017472339426553075,
                4.864802502600334e-05,
                0.6281772697237362,
                0.3700111473901073
            ],
            [
                0.00026096942542667517,
                0.05287643505507028,
                3.0396675883674246e-05,
                0.16420968488391058,
                0.7826225139597088
            ]
        ],
        [
            [
                0.07465672842973534,
                0.759088091597911,
                1.8522731951572798e-05,
                0.0005797786147237613,
                0.1656568786256784
            ],
            [
                0.0008987705272561356,
                0.053534358866878066,
                8.678484837683376e-05,
                0.7246435723163869,
                0.22083651344110208
            ],
            [
                5.298038259390722e-06,
                0.0002395431606990515,
                0.00012064744468790843,
                0.9975977382735087,
                0.002036773082844843
            ],
            [
                4.1642489477649024e-05,
                0.0024762708740666225,
                3.7672335837765374e-05,
                0.6934373166392449,
                0.30400709766137307
            ],
            [
                1.3919171625650686e-05,
                0.0006173504441651001,
                4.540581331718093e-05,
                0.49872436306243145,
                0.5005989615084606
            ]
        ],
        [
            [
                0.024055383272790224,
                0.18327693376321472,
                1.9019110456836557e-05,
                0.010312203587429038,
                0.7823364602661091
            ],
            [
                1.4106919726655998e-05,
                0.007869678094816722,
                1.6058116741983178e-05,
                0.9543954341080566,
                0.03770472276065792
            ],
            [
                4.859721011323458e-06,
                0.0013457914144060811,
                0.00011499636638215946,
                0.9967298055677704,
                0.0018045469304300537
            ],
            [
                0.0001529614807555636,
                0.043898153203811754,
                5.559671573114108e-05,
                0.7707632756508118,
                0.18513001294888962
            ],
            [
                1.686436512150071e-05,
                0.0024860749565080355,
                2.5088029576246963e-05,
                0.3375005176486936,
                0.6599714550001006
            ]
        ],
        [
            [
                0.060811341024488506,
                0.7131483548424207,
                7.223671109306856e-05,
                0.022615918157238554,
                0.2033521492647592
            ],
            [
                6.590584405624081e-05,
                0.1968934145180424,
                2.2054973196376113e-05,
                0.7533629667856993,
                0.04965565787900579
            ],
            [
                8.285255543117971e-05,
                0.009717601302941761,
                7.22511025776683e-05,
                0.9015993727374937,
                0.08852792230155576
            ],
            [
                3.8815485988416516e-05,
                0.03424845696002565,
                7.747972509173697e-05,
                0.7994480232963982,
                0.16618722453249607
            ],
            [
                4.598288462271297e-05,
                0.019328994511078362,
                5.5729033218382934e-05,
                0.8050035157909384,
                0.17556577778014204
            ]
        ],
        [
            [
                0.004620536468386456,
                0.15994373818487842,
                6.439552196791129e-05,
                0.03912128988137253,
                0.7962500399433947
            ],
            [
                2.773994318100007e-05,
                0.01240128117245155,
                0.00012982499699903821,
                0.6908182383004404,
                0.29662291558692794
            ],
            [
                2.5944964979586476e-05,
                0.0019392140925074794,
                3.441596525703464e-05,
                0.9113040576089705,
                0.0866963673682853
            ],
            [
                5.2050571184259326e-05,
                0.01253641350334343,
                5.3654093634272155e-05,
                0.7134297471564085,
                0.2739281346754295
            ],
            [
                0.00016398528532460653,
                0.01036807238523565,
                2.4181229704725518e-05,
                0.09688916740739212,
                0.8925545936923429
            ]
        ],
        [
            [
                0.07184762263247899,
                0.6276949535721917,
                5.4234888630767904e-05,
                0.011476748557207693,
                0.28892644034949067
            ],
            [
                1.3867358711656353e-05,
                0.0022621165588149403,
                3.4544411444701836e-05,
                0.923596386867165,
                0.07409308480386366
            ],
            [
                0.0,
                0.00016363693648963293,
                0.9038853657002167,
                0.09594159230959945,
                9.40505369420814e-06
            ],
            [
                0.0006993910653973976,
                0.01277085690664686,
                5.591125171789169e-06,
                0.00548969155508136,
                0.9810344693477027
            ],
            [
                2.695964238506072e-05,
                0.028657355375072174,
                5.0577864560778675e-05,
                0.9037642873628704,
                0.06750081975511152
            ]
        ],
        [
            [
                0.01635580720629725,
                0.9745772379808529,
                1.5680967158971412e-05,
                0.0015837653029657608,
                0.007467508542725187
            ],
            [
                0.0,
                0.00139414216914082,
                3.150879056927842e-05,
                0.9822925055021099,
                0.016281843538180053
            ],
            [
                4.78513656659887e-05,
                0.02054100596236592,
                5.635408087782739e-05,
                0.7420024307263805,
                0.2373523578647099
            ],
            [
                0.0,
                0.0007053339972058346,
                3.209474936354913e-05,
                0.5027274460815379,
                0.4965351251718928
            ],
            [
                1.4929481222931148e-05,
                0.0031371378913234937,
                4.739543692440887e-06,
                0.037578165790818276,
                0.9592650272929428
            ]
        ],
        [
            [
                0.03746363051230253,
                0.8919379844904792,
                5.086968610798087e-05,
                0.005580784229054822,
                0.06496673108205556
            ],
            [
                1.7747550833800628e-05,
                0.01975753319515058,
                3.3285721631753265e-05,
                0.8923459637002568,
                0.08784546983212721
            ],
            [
                0.0,
                0.0010750167459413933,
                4.573285274422836e-05,
                0.7363571057425873,
                0.2625221446587271
            ],
            [
                7.1075259842173185e-06,
                0.0022626415121469673,
                3.544475263433467e-05,
                0.8999235195550298,
                0.09777128665420466
            ],
            [
                0.0005902515785831619,
                0.10148694519196455,
                8.528289018612365e-05,
                0.6202758146223499,
                0.27756170571691624
            ]
        ],
        [
            [
                0.03679323846284068,
                0.2657781324782976,
                2.5328789402827867e-05,
                0.02161214425817107,
                0.6757911560112878
            ],
            [
                7.09116888895916e-06,
                0.007230337477190984,
                8.449422521750913e-05,
                0.9846265167184856,
                0.008051560410216933
            ],
            [
                0.0,
                0.0006940442716038503,
                7.816928147844602e-05,
                0.9969269289655852,
                0.002300857481332564
            ],
            [
                1.3607369740629619e-05,
                0.0022958716140824057,
                5.741192524706414e-05,
                0.8085085464280146,
                0.18912456266291539
            ],
            [
                3.6718365304760355e-05,
                0.0018048243389991489,
                4.3215902758355855e-05,
                0.4995406958459859,
                0.49857454554695174
            ]
        ],
        [
            [
                0.014109609739278089,
                0.8945469210255235,
                3.2610818397797035e-05,
                0.010887247030288327,
                0.08042361138651223
            ],
            [
                0.00021355256088665612,
                0.01192169930010465,
                2.4492317310040346e-05,
                0.22344667840263577,
                0.7643935774190628
            ],
            [
                0.0,
                0.001707791932523158,
                6.924393413843581e-05,
                0.9934018971539658,
                0.00482106697937266
            ],
            [
                3.862795409659061e-05,
                0.010556227126767305,
                1.808764690366995e-05,
                0.09321081304671851,
                0.896176244225514
            ],
            [
                0.000979305172133871,
                0.07195020145002073,
                0.00014069104445601631,
                0.8285656498954459,
                0.0983641524379434
            ]
        ],
        [
            [
                0.0041794728332870896,
                0.9889036606985633,
                8.532337878308388e-06,
                0.0020915933044079555,
                0.004816740825863352
            ],
            [
                0.0,
                0.0012476688723468614,
                2.7014754699047657e-05,
                0.9936078098760613,
                0.005117506496892698
            ],
            [
                0.0,
                0.004617382724414705,
                8.741278152565331e-05,
                0.9903030617026854,
                0.004992142791374256
            ],
            [
                1.4986672122503892e-05,
                0.01300276467269146,
                6.58648740847845e-05,
                0.848939328951639,
                0.13797705482946218
            ],
            [
                0.0009161748415513654,
                0.0874532742827916,
                5.7536827527063685e-05,
                0.279098856248162,
                0.6324741577999681
            ]
        ],
        [
            [
                0.0,
                0.0004432693353361486,
                1.1315625585819071e-05,
                0.16844734135912975,
                0.8310980736799484
            ],
            [
                0.0,
                0.0012659934146195748,
                2.8952333375712252e-05,
                0.993743775492195,
                0.0049612787598097155
            ],
            [
                0.0,
                0.0016556330584261568,
                6.65268900321877e-05,
                0.9856174788361062,
                0.012660361215435468
            ],
            [
                7.210199954642534e-05,
                0.07877920750409621,
                6.102262987087717e-05,
                0.9016354382276028,
                0.019452229638883736
            ],
            [
                4.404184124628896e-05,
                0.002099959041511928,
                3.430695555519517e-05,
                0.8133715046765501,
                0.18445018748513653
            ]
        ],
        [
            [
                0.03682492732644538,
                0.8957005496422212,
                8.954933127283085e-06,
                0.0010212690175580663,
                0.06644429908064801
            ],
            [
                2.7332286245188748e-05,
                0.04745086102229448,
                3.7570311463114734e-05,
                0.9492293978398872,
                0.003254838540109977
            ],
            [
                4.876049013706789e-05,
                0.006439503736595463,
                4.9477368182778984e-05,
                0.9860913468904233,
                0.007370911514661412
            ],
            [
                0.00018469878071954756,
                0.047280975571083454,
                1.5443300516482854e-05,
                0.09848038652638111,
                0.8540384958212994
            ],
            [
                0.00014967203592705538,
                0.052034569419946934,
                6.331874869574932e-05,
                0.5259798448561215,
                0.42177259493930874
            ]
        ],
        [
            [
                0.5247711996151541,
                0.40694750507793404,
                3.0441590612369875e-05,
                0.0007207481614626587,
                0.06753010555483697
            ],
            [
                0.0,
                0.0023992587666546764,
                1.9310695654609726e-05,
                0.9869765911554891,
                0.010604839382201591
            ],
            [
                0.0,
                0.02089956304033551,
                0.00023920390102426527,
                0.9720966606609889,
                0.00676457239765126
            ],
            [
                3.3145293414595275e-05,
                0.003403758114959575,
                4.737926700758808e-05,
                0.8917844354905695,
                0.10473128183404876
            ],
            [
                0.0003721310066658474,
                0.17483959992382764,
                0.00013801153391142544,
                0.3946931121827773,
                0.42995714535281776
            ]
        ],
        [
            [
                0.09930178422716207,
                0.6529742937386013,
                3.002998306081926e-05,
                0.004699117564891654,
                0.24299477448628407
            ],
            [
                1.462276580821996e-05,
                0.004142917862196709,
                2.8035669669461718e-05,
                0.962571519488775,
                0.03324290421355064
            ],
            [
                7.005125050966683e-06,
                0.0014091754587634096,
                4.901865947830539e-05,
                0.9835578447694049,
                0.014976955987302323
            ],
            [
                2.1749933828887096e-05,
                0.015572816094618845,
                9.145853637277087e-05,
                0.9786261361547604,
                0.005687839280419043
            ],
            [
                3.80299442330681e-05,
                0.005374873702690457,
                3.190602474844492e-05,
                0.4065235970244838,
                0.5880315933038442
            ]
        ],
        [
            [
                0.03270942115834652,
                0.29516772238260847,
                9.847609459026677e-05,
                0.05194372106248616,
                0.6200806593019685
            ],
            [
                0.0,
                0.0026831024969243013,
                2.908230902586334e-05,
                0.9834468986390225,
                0.013840916555027356
            ],
            [
                0.0,
                0.001972873620499893,
                5.394967941825292e-05,
                0.9920326062121436,
                0.005940570487938283
            ],
            [
                9.00090651108762e-05,
                0.03451120002398456,
                2.653390604904225e-05,
                0.23821473379472488,
                0.7271575232101307
            ],
            [
                4.096441202875635e-05,
                0.008033288826102995,
                4.5452471176982086e-05,
                0.596060195719154,
                0.39582009857153716
            ]
        ],
        [
            [
                0.028465911646903968,
                0.9504395875730532,
                9.062508587932975e-06,
                0.0001499297675048563,
                0.020935508503949905
            ],
            [
                5.7129261526526836e-05,
                0.024216028956471205,
                8.283796298375169e-05,
                0.9161656486630614,
                0.05947835515595716
            ],
            [
                0.0,
                0.003029609499581266,
                6.73523646539141e-05,
                0.9544110249516832,
                0.042492013184081544
            ],
            [
                0.0,
                0.0004252426027525818,
                2.5230312183218384e-05,
                0.9879406060523366,
                0.011608921032727561
            ],
            [
                0.0,
                0.00024380436202433054,
                1.003175045520636e-05,
                0.09854960541847159,
                0.9011965584690489
            ]
        ],
        [
            [
                0.04087695750331754,
                0.5037805876996692,
                1.5962924219986845e-05,
                0.00028781295203655465,
                0.45503867892075683
            ],
            [
                4.4067412745173126e-05,
                0.0115731260472663,
                5.147898001397565e-05,
                0.9551086105140937,
                0.03322271704588096
            ],
            [
                0.0,
                0.0005276712090893142,
                5.878818384442974e-05,
                0.9615841019222994,
                0.037829438684766875
            ],
            [
                6.13908355807961e-05,
                0.0028628318359640733,
                7.723066292895743e-05,
                0.7232328038746222,
                0.273765742790904
            ],
            [
                0.0,
                0.0014818986002866248,
                2.2673188037298336e-05,
                0.19762312418090355,
                0.8008723040307726
            ]
        ],
        [
            [
                0.009942602317985032,
                0.9476024367266952,
                1.7752921039728296e-05,
                0.0033361788294778744,
                0.03910102920480209
            ],
            [
                2.4459193594503236e-05,
                0.007487252309779451,
                3.2859804443180876e-05,
                0.4072958568608486,
                0.5851595718313343
            ],
            [
                0.0,
                0.00021248290851148176,
                0.9871284303649048,
                0.012659086726583644,
                0.0
            ],
            [
                3.426875354373847e-05,
                0.0036737196764316444,
                7.828645163741636e-06,
                0.07702304667966854,
                0.9192611362451923
            ],
            [
                6.217101571688851e-05,
                0.00524602646852064,
                5.439378526486922e-05,
                0.5358128431666499,
                0.4588245655638478
            ]
        ],
        [
            [
                0.044187711501726165,
                0.9371376297164122,
                2.9287921896918907e-05,
                0.0015785320455958293,
                0.017066838814368743
            ],
            [
                3.944480788944334e-05,
                0.014641228913851292,
                5.643465534052749e-05,
                0.8726376853742938,
                0.112625206248625
            ],
            [
                0.0,
                0.001828353111190642,
                5.7956724422563046e-05,
                0.906153678896543,
                0.09196001126784385
            ],
            [
                0.00043641599494502584,
                0.03341917464199552,
                3.942470322809534e-05,
                0.4784495761450899,
                0.48765540851474143
            ],
            [
                8.076518216229035e-06,
                0.0003371326138417209,
                2.0704713213560747e-05,
                0.23253812424861117,
                0.7670959619061173
            ]
        ],
        [
            [
                0.017322087830211354,
                0.7575657217139316,
                3.897993861596543e-05,
                0.010175265662646945,
                0.21489794485459426
            ],
            [
                1.6252806772226332e-05,
                0.005105568155355591,
                2.3248779087879945e-05,
                0.960943665962392,
                0.03391126429639237
            ],
            [
                2.7852792311787532e-05,
                0.007203009644821443,
                4.11069506957744e-05,
                0.9423668705194063,
                0.05036116009276481
            ],
            [
                8.806012593267243e-06,
                0.003115966753765904,
                4.881646909649466e-05,
                0.25699760310921593,
                0.7398288076553284
            ],
            [
