{
    "[['A', 'B', 'C', 'D', 'E'], ['A', 'B', 'C', 'D', 'E']]": [
        [
            [
                0.6674507584001597,
                0.09451379395617507,
                1.1402257597012328e-05,
                0.00024320953861940804,
                0.23778083584744888
            ],
            [
                0.0005614465215958217,
                0.999429683713963,
                1.1358224653736725e-06,
                6.977279104056604e-06,
                7.566628718262081e-07
            ],
            [
                0.0,
                0.004985134452858391,
                0.0504928061943057,
                0.9444699649947124,
                5.2094358123445225e-05
            ],
            [
                1.816951939342498e-05,
                0.013294842160392282,
                5.816649091805895e-05,
                0.8360956226340132,
                0.15053319919528302
            ],
            [
                8.420340485174954e-06,
                0.21250786216928766,
                0.00029388154121474003,
                0.779221493589833,
                0.00796834235917954
            ]
        ],
        [
            [
                0.10007960479876503,
                0.8457038042818376,
                1.0703992431138509e-05,
                0.005586832654092864,
                0.04861905427287345
            ],
            [
                0.00017789791056600047,
                0.9998129484883602,
                1.1808374021338178e-06,
                6.888427637436595e-06,
                1.0843360341813085e-06
            ],
            [
                0.0,
                0.06156850523990656,
                0.030605090802600054,
                0.9077260125079017,
                0.00010039144959164722
            ],
            [
                0.000355272276709955,
                0.7587059033316517,
                4.7379932408510334e-05,
                0.2383501934244216,
                0.0025412510348082297
            ],
            [
                0.00015653857823016905,
                0.9779874775059677,
                9.766454327095933e-06,
                0.021010432642932196,
                0.0008357848185427939
            ]
        ],
        [
            [
                0.3660795190409976,
                0.6298485383171175,
                4.293095583342877e-06,
                0.00021707459580183792,
                0.003850574950499726
            ],
            [
                0.0,
                0.16458609321730003,
                0.00013663810690195218,
                0.8010712266350806,
                0.03420604204071742
            ],
            [
                0.0,
                0.0009724034139045558,
                0.8951344444503915,
                0.10388807048701885,
                5.0816486850502766e-06
            ],
            [
                8.747154337438316e-06,
                0.0008348948000052341,
                2.389881626132491e-05,
                0.5249377530346508,
                0.47419470619474524
            ],
            [
                0.0001510790226344259,
                0.9384759687222263,
                5.1935731870644746e-05,
                0.06082028387191014,
                0.0005007326513586421
            ]
        ],
        [
            [
                0.4335273265368439,
                0.5151742282625238,
                1.7948024811863367e-05,
                0.0035156864280553846,
                0.047764810747765014
            ],
            [
                8.485718159465854e-05,
                0.999913554927511,
                5.741639058344411e-07,
                1.0137269885036125e-06,
                0.0
            ],
            [
                0.0,
                0.003156097696980737,
                0.7102944756288133,
                0.28654295595904433,
                6.47071516166468e-06
            ],
            [
                2.1180571096374473e-05,
                0.391565413111762,
                0.00015173586875958972,
                0.5700590915113822,
                0.038202578936999715
            ],
            [
                0.00012163101632821915,
                0.39735128031460304,
                6.626070293118954e-05,
                0.595201590968902,
                0.007259236997235542
            ]
        ],
        [
            [
                0.5721999156380775,
                0.4172832437915421,
                1.0560061658756475e-05,
                0.00013184725812326567,
                0.010374433250598286
            ],
            [
                0.012483854842718368,
                0.9863809199405091,
                3.66490705867977e-06,
                0.00015236073654765033,
                0.0009791995731661498
            ],
            [
                0.0,
                0.06921811075594464,
                0.36658416655898085,
                0.5641786431438004,
                1.907954127404776e-05
            ],
            [
                0.0,
                0.00028579469774723214,
                9.33527012157072e-06,
                0.08618793770166014,
                0.913516932330471
            ],
            [
                0.00024509695072547137,
                0.9010698544677802,
                4.036947174792831e-05,
                0.09833318611490124,
                0.000311492994845174
            ]
        ],
        [
            [
                0.1624229157940057,
                0.8219515402253228,
                2.0041146874808465e-05,
                0.0025854144524552025,
                0.013020088381341525
            ],
            [
                0.0001761716084247161,
                0.9975707392976538,
                6.76266791961787e-05,
                0.0021706216232853,
                1.4840791440028363e-05
            ],
            [
                0.0,
                0.0006612390397115076,
                0.36605490248735834,
                0.6332768124142507,
                7.0460586794071915e-06
            ],
            [
                4.3742256813770515e-05,
                0.0242730536324613,
                1.7474568755626172e-05,
                0.05937217195824951,
                0.9162935575837198
            ],
            [
                0.00019737505032007326,
                0.9971606142069718,
                1.9456685286213776e-05,
                0.002608436888262157,
                1.4117169159663579e-05
            ]
        ],
        [
            [
                0.08430074540284209,
                0.748929862826756,
                1.9551141749102595e-05,
                0.0026177872692954183,
                0.16413205335935743
            ],
            [
                0.0,
                0.0004352168755138205,
                3.146745607337717e-05,
                0.9969632933263881,
                0.002570022342024782
            ],
            [
                0.0,
                0.0016597466503765377,
                0.7846682213389335,
                0.21364703207507527,
                2.4999935614573754e-05
            ],
            [
                0.0,
                0.0008650919499912607,
                3.8004645484640155e-05,
                0.8257155327560561,
                0.173381370648468
            ],
            [
                4.678616544241412e-06,
                0.00029787038911075636,
                1.686208239675105e-05,
                0.15802889199554562,
                0.8416516969164026
            ]
        ],
        [
            [
                0.37472742710329116,
                0.6222765120568466,
                0.0,
                4.9278075487836005e-05,
                0.0029467827643742794
            ],
            [
                3.1066666097089786e-06,
                0.9999496227547054,
                4.799526761481468e-06,
                4.20274224917075e-05,
                4.4362943170761033e-07
            ],
            [
                0.0,
                0.005765451481834536,
                0.8839324069229894,
                0.11029787549652861,
                4.266098647567368e-06
            ],
            [
                0.0,
                0.001161919579661977,
                4.740715783437478e-05,
                0.9823610344649689,
                0.016429638797534722
            ],
            [
                9.708729006688246e-05,
                0.8004408292398772,
                7.082432190475467e-05,
                0.19829426067170786,
                0.0010969984764433484
            ]
        ],
        [
            [
                0.4530845073944838,
                0.5443194201857813,
                0.0,
                6.803205705636986e-05,
                0.002528040362678576
            ],
            [
                4.7039717252054755e-05,
                0.8561312157245942,
                4.90217115472074e-05,
                0.1434818883710621,
                0.0002908344755444276
            ],
            [
                0.0,
                0.02367374520537165,
                0.0002671712706396517,
                0.9757842487993111,
                0.00027483472467760054
            ],
            [
                0.0,
                0.0007283403429020849,
                7.919806311773036e-05,
                0.8748291562149088,
                0.12436330537907139
            ],
            [
                6.176654819641173e-05,
                0.9744822951931619,
                4.618370021295224e-05,
                0.0252922758718171,
                0.00011747868661172062
            ]
        ],
        [
            [
                0.10397442486951033,
                0.8879403039232037,
                7.651817743676364e-06,
                0.0004230562856367729,
                0.0076545631039056415
            ],
            [
                0.0001973795254239331,
                0.9997932005308442,
                8.804918566534272e-07,
                7.723011667733112e-06,
                8.164402073917748e-07
            ],
            [
                3.0617587671862237e-06,
                0.38692062258365173,
                0.04475626488664065,
                0.5682306625862299,
                8.938818471056734e-05
            ],
            [
                7.889386615226465e-06,
                0.05753043492433041,
                0.00013530268635527845,
                0.8985313881037098,
                0.04379498489898938
            ],
            [
                9.33654409800709e-05,
                0.7653238877167855,
                9.95333999616533e-05,
                0.2339048682748858,
                0.0005783451673868391
            ]
        ],
        [
            [
                0.042677358947478386,
                0.9508082503194186,
                3.895341777279986e-06,
                5.3275652366250125e-05,
                0.006457219738959467
            ],
            [
                0.004295687721057781,
                0.9956301157326765,
                2.9176054921107803e-06,
                3.7501361647516884e-05,
                3.377757912610304e-05
            ],
            [
                0.0,
                0.003186911383055287,
                0.00024806343711525504,
                0.9961463214804942,
                0.00041870369933532644
            ],
            [
                5.28694491070708e-06,
                0.000833882543605278,
                9.02663415320391e-06,
                0.07227690017450526,
                0.9268749037028255
            ],
            [
                0.00029097528002346813,
                0.816108683132196,
                3.4669568551636655e-05,
                0.18143869647960947,
                0.0021269755396193272
            ]
        ],
        [
            [
                0.8680224579374313,
                0.1241043371095963,
                1.315759798627307e-05,
                0.0010038065329297356,
                0.006856240822056399
            ],
            [
                0.0,
                0.9246762172223758,
                2.3066388276648157e-05,
                0.07519017914634142,
                0.0001105372430060708
            ],
            [
                0.0,
                8.84774817024755e-06,
                0.9999649688947594,
                2.618335707037163e-05,
                0.0
            ],
            [
                0.00014382194092868404,
                0.018974199477960915,
                5.2393158148877665e-05,
                0.5304677338959439,
                0.4503618515270177
            ],
            [
                4.751269558082282e-05,
                0.6658718414263233,
                0.00011748139148649854,
                0.3302408945815302,
                0.003722269905079068
            ]
        ],
        [
            [
                0.20849809760234395,
                0.7875223448398919,
                5.721129757662333e-06,
                7.35655095732837e-05,
                0.0039002709184331776
            ],
            [
                0.06400755949037622,
                0.9353546292406019,
                6.356467334002655e-06,
                0.00030095410330362903,
                0.00033050069838423034
            ],
            [
                7.573190035941452e-06,
                0.22264607537089073,
                0.007175645370531899,
                0.770142093405495,
                2.8612663046409427e-05
            ],
            [
                3.291352340125821e-06,
                0.001131376742097977,
                3.7065240583672013e-06,
                0.020260556107139737,
                0.9786010692743637
            ],
            [
                1.905624728250145e-05,
                0.7572713246578024,
                0.00012134284747504781,
                0.2413649033548187,
                0.0012233728926213964
            ]
        ],
        [
            [
                0.7853157258312414,
                0.20777428013038182,
                8.512660173474438e-06,
                0.00018492077452901407,
                0.006716560603674229
            ],
            [
                0.0007757513523853853,
                0.9992103205692467,
                1.0709692147484543e-06,
                1.1953319791940445e-05,
                9.037893611239323e-07
            ],
            [
                0.0,
                0.008378765138975173,
                0.13302486232395364,
                0.858586828943258,
                9.543593813185598e-06
            ],
            [
                0.0,
                0.0005115156659218192,
                4.157402662659685e-05,
                0.9648099671643624,
                0.034636943143089176
            ],
            [
                0.001129600467799461,
                0.9924200841180917,
                1.3325830317483838e-05,
                0.006126266446819639,
                0.00031072313697173387
            ]
        ],
        [
            [
                0.04287615878918353,
                0.9432538718514488,
                1.3332113999892839e-05,
                0.0029658967510604738,
                0.010890740494307346
            ],
            [
                0.00028737752906208045,
                0.999680172265304,
                2.1376600230441506e-06,
                2.3960862823793767e-05,
                6.351682786905331e-06
            ],
            [
                0.0,
                0.0007368038896622897,
                0.03326612077927639,
                0.9659950190958076,
                2.056235253706737e-06
            ],
            [
                7.15134941721569e-05,
                0.07911232535853514,
                0.00011404477809427907,
                0.7659559431305422,
                0.15474617323865628
            ],
            [
                0.00010095148539953566,
                0.025002023957189,
                2.889524529333172e-05,
                0.912528110264775,
                0.0623400190473431
            ]
        ],
        [
            [
                0.050442337047135244,
                0.9492075901092382,
                5.246672794225021e-06,
                6.465517330590009e-05,
                0.00028017099752639037
            ],
            [
                0.00012047188525291201,
                0.9998722249234163,
                5.639399009871579e-07,
                6.366025969798881e-06,
                3.7322545994307945e-07
            ],
            [
                4.303570862719254e-06,
                0.02951846005724348,
                0.0001366005688219549,
                0.9605387770900254,
                0.009801858713046344
            ],
            [
                5.949368328236291e-06,
                0.01402328372845586,
                5.9470301328217e-05,
                0.9783975834473728,
                0.007513713154514816
            ],
            [
                4.503172759731957e-05,
                0.5830609230214362,
                9.960584016358652e-05,
                0.3675524097575403,
                0.04924202965326262
            ]
        ],
        [
            [
                0.34535440213233976,
                0.6499235139337084,
                0.0,
                0.0001735166532610362,
                0.004548567280690928
            ],
            [
                0.0001340186271340133,
                0.5858663663330285,
                9.59574437346338e-05,
                0.4095876900852106,
                0.004315967510892312
            ],
            [
                0.0,
                0.00994598345900637,
                0.000140532682333043,
                0.9897426750118731,
                0.00017080884678758032
            ],
            [
                2.17835886011572e-05,
                0.01707575448214746,
                6.113746600513122e-05,
                0.8778650999990086,
                0.10497622446423753
            ],
            [
                0.00044688788366034014,
                0.3176078877721258,
                3.216606592517933e-05,
                0.22832194321481314,
                0.45359111506347555
            ]
        ],
        [
            [
                0.6088206685915057,
                0.18254593622258264,
                8.671994631722693e-06,
                0.00031884937916781765,
                0.20830587381211202
            ],
            [
                0.0012038493708129005,
                0.9987856265536961,
                1.4030927548678934e-06,
                7.353378818154816e-06,
                1.7676039178358141e-06
            ],
            [
                0.0,
                0.009435478530974368,
                0.01542525955013075,
                0.9750567661772799,
                8.249574161501337e-05
            ],
            [
                4.019516187090475e-05,
                0.07749471635184563,
                0.00017146388081152168,
                0.781518739085161,
                0.14077488552031095
            ],
            [
                0.000653267235979517,
                0.9972665032886115,
                6.9697913509242365e-06,
                0.0020049144871274118,
                6.834519693057545e-05
            ]
        ],
        [
            [
                0.3329429765741047,
                0.6648133140710761,
                6.417490880846244e-06,
                0.0003738941787202417,
                0.001863397685218033
            ],
            [
                0.004962572549586458,
                0.9949625956305537,
                3.251810910695976e-06,
                3.556877137978829e-05,
                3.60112375694389e-05
            ],
            [
                0.0,
                0.0006833136870859001,
                0.7523332771441728,
                0.24697562646087484,
                7.782707866435516e-06
            ],
            [
                1.3547455691383435e-05,
                0.06169656636389174,
                9.987198918909402e-05,
                0.9341917493438197,
                0.003998264847408064
            ],
            [
                0.000490104178287636,
                0.7640178083662545,
                3.0650242591869356e-05,
                0.23415774174635995,
                0.0013036954665060917
            ]
        ],
        [
            [
                0.11625182374736348,
                0.8817893025868738,
                9.293270271326372e-06,
                0.00030467161104763356,
                0.0016449087844437906
            ],
            [
                0.001190386560505337,
                0.9987891857742883,
                1.1113516465422466e-06,
                1.766393471437127e-05,
                1.652378845410912e-06
            ],
            [
                0.0,
                0.00022424836453525105,
                0.9924346316016518,
                0.007339677680235802,
                1.4423535770496732e-06
            ],
            [
                0.0,
                0.01878097373070403,
                0.00018962704096281416,
                0.9524434611371285,
                0.02858593809120463
            ],
            [
                0.00010719053111398247,
                0.2336458568255552,
                8.371824340514076e-05,
                0.75790690887715,
                0.008256325522775757
            ]
        ],
        [
            [
                0.07419345249410195,
                0.4047834266077047,
                1.210231533070341e-05,
                0.0006507452756163498,
                0.5203602733072463
            ],
            [
                0.00021660560968788292,
                0.9997795970425328,
                5.192012183871988e-07,
                2.794254187980221e-06,
                4.838923729494807e-07
            ],
            [
                0.0,
                0.02980175101920811,
                0.22981412978028867,
                0.7403705253512479,
                1.3593849255292785e-05
            ],
            [
                1.80628703637897e-05,
                0.04623877312507808,
                0.0001497218845668275,
                0.9298936425474633,
                0.023699799572528057
            ],
            [
                0.01644707415017591,
                0.98260391128988,
                2.55490458149248e-06,
                0.0008342345327573781,
                0.00011222512260529533
            ]
        ],
        [
            [
                0.8336350596804758,
                0.160975884563817,
                1.1269031040047297e-05,
                0.00015309357678843682,
                0.005224693147878679
            ],
            [
                5.5597763157840324e-05,
                0.9999327546201153,
                1.3360419435216164e-06,
                9.86651271640538e-06,
                4.450620668266422e-07
            ],
            [
                0.0,
                0.007021153163203107,
                0.08386729874289112,
                0.9090319506682124,
                7.959742569337289e-05
            ],
            [
                0.00011773329765836476,
                0.14940279759583946,
                0.0001609106717323569,
                0.5592646512524238,
                0.291053907182346
            ],
            [
                4.529783140153262e-05,
                0.012347952754051705,
                1.513432222354169e-05,
                0.014045834576923903,
                0.9735457805153993
            ]
        ],
        [
            [
                0.5884881987016489,
                0.21261762572821594,
                1.129093562843217e-05,
                0.0003382631852391315,
                0.19854462144926766
            ],
            [
                0.0005439908915422641,
                0.9994400572369274,
                9.027230280852461e-07,
                1.3456826223720301e-05,
                1.5923222785777452e-06
            ],
            [
                0.0,
                0.004259533770449937,
                0.06462873400510712,
                0.9310998303918255,
                1.1901832617340717e-05
            ],
            [
                4.812794691986808e-05,
                0.04311716365317152,
                4.497298721568233e-05,
                0.6416690333916868,
                0.315120702021006
            ],
            [
                3.0676479338522246e-05,
                0.01868074541871552,
                5.0837598848301305e-05,
                0.5494140994251564,
                0.4318236410779413
            ]
        ],
        [
            [
                0.14747423306840318,
                0.8508129918312691,
                9.828964112967058e-06,
                0.000289681646251104,
                0.0014132644899635513
            ],
            [
                0.006194012271740924,
                0.9937254353400675,
                1.5732603808673839e-06,
                3.21032297956561e-05,
                4.6875898015054145e-05
            ],
            [
                0.0,
                0.0028936635979039537,
                0.8105743335976973,
                0.18652119527822675,
                1.0807526172050717e-05
            ],
            [
                0.0003466922283737298,
                0.23759203339885843,
                7.28706124574515e-05,
                0.3410731114768221,
                0.4209152922834883
            ],
            [
                1.7759823649618375e-05,
                0.008678784886984323,
                5.802655832382361e-05,
                0.3403815277403265,
                0.6508639009907158
            ]
        ],
        [
            [
                0.0413878671095922,
                0.9579982822980728,
                7.505832251503569e-06,
                0.00027544868554390574,
                0.0003308960745394459
            ],
            [
                0.00010495912323284007,
                0.9998911214012531,
                5.976027591128787e-07,
                2.8638502817744856e-06,
                4.580224730922353e-07
            ],
            [
                0.0,
                0.01124321264103473,
                0.003028512351288248,
                0.9856876434801731,
                4.0631527504006375e-05
            ],
            [
                1.1878035761636125e-05,
                0.0042487519515549965,
                5.869972020715653e-05,
                0.9409843092571496,
                0.054696361035326574
            ],
            [
                9.701019639126175e-06,
                0.7729875624148967,
                4.0609458092501076e-05,
                0.22667804764462723,
                0.00028407946274436156
            ]
        ],
        [
            [
                0.19356698382979273,
                0.7941190655148473,
                8.814294699185867e-06,
                0.00047937731495088196,
                0.011825759045709892
            ],
            [
                0.0026439083993233074,
                0.9973358690124257,
                1.0890566421997362e-06,
                9.08504682229646e-06,
                1.0048484786614082e-05
            ],
            [
                0.0,
                0.02473716932749706,
                0.02070683509477071,
                0.9545417539725576,
                1.4241605174581469e-05
            ],
            [
                1.0708762654943359e-05,
                0.0003127513125166161,
                8.855372580185261e-06,
                0.04654488272924941,
                0.9531228018229989
            ],
            [
                4.552174821059937e-05,
                0.42105461218674317,
                8.622823656675065e-05,
                0.5712591476249204,
                0.007554490203559089
            ]
        ],
        [
            [
                0.48923653895938457,
                0.5081339853896094,
                7.4037309821547435e-06,
                0.00028942467116608087,
                0.002332647248857623
            ],
            [
                3.464902061678912e-06,
                0.9999707106860299,
                6.887521990001822e-06,
                1.893688991828732e-05,
                0.0
            ],
            [
                0.0,
                0.011051069022047283,
                0.0016822600670763073,
                0.9872377854771041,
                2.8885433772477626e-05
            ],
            [
                1.9341333958927335e-05,
                0.004316637241251851,
                2.938268225178156e-05,
                0.5421763528374633,
                0.4534582859050741
            ],
            [
                0.00017576730095559471,
                0.7857453078673524,
                7.038343706778591e-05,
                0.19785287275277127,
                0.016155668641852916
            ]
        ],
        [
            [
                0.301594992144403,
                0.6826364576219686,
                9.83661805484862e-06,
                0.0005969276748358767,
                0.015161785940737728
            ],
            [
                0.0005024337076995226,
                0.9994924831380565,
                6.716282481122456e-07,
                4.017077733225599e-06,
                3.9444826272584814e-07
            ],
            [
                0.0,
                0.0006969994566519618,
                0.9936220893690508,
                0.005678815386265938,
                2.0957880312328475e-06
            ],
            [
                2.0083700047278484e-05,
                0.0005150858280322858,
                2.0684063885063025e-05,
                0.10920485960187933,
                0.8902392868061559
            ],
            [
                1.2080487145131543e-05,
                0.0032109438856573417,
                3.5576471921221766e-05,
                0.37150156592682976,
                0.6252398332284466
            ]
        ],
        [
            [
                0.5848858342999,
                0.24961938762408323,
                1.405920845629379e-05,
                0.0020228117687473963,
                0.16345790709881297
            ],
            [
                0.01959992734895009,
                0.9787119127844701,
                9.965744262429698e-06,
                0.0003336003229386095,
                0.001344593799378735
            ],
            [
                0.0,
                0.06261430834685185,
                0.36004093014315613,
                0.5773268206893585,
                1.7940820633495325e-05
            ],
            [
                0.0,
                0.0027258030149230157,
                2.0075750582729064e-05,
                0.5805659009055927,
                0.4166882203289016
            ],
            [
                0.00024329883980937436,
                0.05292685162490054,
                0.00015053362500862879,
                0.44292891846388255,
                0.5037503974463988
            ]
        ],
        [
            [
                0.039849052541772366,
                0.9598299192732178,
                8.33739409007493e-06,
                9.81794285637809e-05,
                0.0002145113623559334
            ],
            [
                1.8884992656240227e-05,
                0.7659281897741012,
                0.0001139119255947914,
                0.2339230437291692,
                1.5969578478532212e-05
            ],
            [
                0.0,
                0.0004805710287921189,
                0.9479737073183744,
                0.05153882263098724,
                6.899021846338881e-06
            ],
            [
                1.935802131824404e-05,
                0.015722386571554982,
                2.59900136014965e-05,
                0.8168966292058123,
                0.16733563618771297
            ],
            [
                0.0006919929536665561,
                0.980154862221341,
                3.5083669752841995e-05,
                0.018751225195111864,
                0.0003668359601278905
            ]
        ],
        [
            [
                0.71693504122093,
                0.21891529395965614,
                9.719475425105637e-06,
                0.00020043603098934186,
                0.06393950931299938
            ],
            [
                0.08952962032771114,
                0.9055899201365858,
                2.7315578921298298e-06,
                6.0381641066984596e-05,
                0.00481734633674398
            ],
            [
                0.0,
                0.1232697837122887,
                0.2093353092769712,
                0.667383602623565,
                1.13043871751489e-05
            ],
            [
                6.041224223922445e-06,
                0.007963936386246814,
                5.5196507286646946e-05,
                0.9804287526588062,
                0.011546073223436324
            ],
            [
                0.001395770651112084,
                0.9563129249153086,
                9.560990971433398e-06,
                0.04085129412818626,
                0.0014304493144216815
            ]
        ],
        [
            [
                0.05910194244291028,
                0.9365868288220731,
                3.2174257069174046e-06,
                0.00020798335862881826,
                0.004100027950680874
            ],
            [
                0.0008092350103234296,
                0.9991214437390988,
                2.3396851515808764e-06,
                5.2858174275370916e-05,
                1.412339115070691e-05
            ],
            [
                0.0,
                0.0009435139738543912,
                0.8761798660258138,
                0.12284813237553406,
                2.8487624797846378e-05
            ],
            [
                6.106010637963386e-05,
                0.030532364450495893,
                6.869715109011058e-05,
                0.6081546271107016,
                0.3611832511813327
            ],
            [
                0.00011217048995073273,
                0.9937889900524238,
                6.430735681203725e-06,
                0.005939973467392718,
                0.00015243525455144332
            ]
        ],
        [
            [
                0.4589894180733209,
                0.538539266854493,
                1.0234202669176176e-05,
                0.0002840809729947956,
                0.0021769998965220183
            ],
            [
                0.00046751256982122103,
                0.9993682668242974,
                3.7786176273171387e-06,
                0.00014638267226628566,
                1.4059315987837527e-05
            ],
            [
                0.0,
                0.008562465119220283,
                0.6220254634429042,
                0.3694063286693882,
                5.742768487178268e-06
            ],
            [
                0.0,
                0.00083753173772205,
                6.705804306557038e-05,
                0.9897984073156393,
                0.009297002903573097
            ],
            [
                1.3412085290852107e-05,
                0.6082791889342469,
                0.00022440729631167,
                0.38954376028436444,
                0.0019392313997861192
            ]
        ],
        [
            [
                0.14103771588259936,
                0.8570103118828949,
                1.4507052668686615e-05,
                0.000338616745004013,
                0.0015988484368330113
            ],
            [
                0.0025774329902654163,
                0.995384985509131,
                7.932766323251266e-06,
                0.0011435546653328777,
                0.0008860940689473753
            ],
            [
                0.0,
                0.0023755457116687237,
                9.903392452534021e-05,
                0.9956430304798041,
                0.0018823898840019367
            ],
            [
                2.7994091997474736e-05,
                0.008382248608244035,
                3.120478622886259e-05,
                0.2778197740963111,
                0.7137387784172186
            ],
            [
                2.4913813535389333e-05,
                0.5188859093318539,
                0.0001389508689844645,
                0.4774014213262287,
                0.0035488046593976077
            ]
        ],
        [
            [
                0.19861834624323185,
                0.7965923560393486,
                7.584464452580245e-06,
                0.00035781296444277466,
                0.004423900288524239
            ],
            [
                0.001888219399565073,
                0.9980650341558686,
                3.2663689246876935e-06,
                2.5680422915304137e-05,
                1.779965272632403e-05
            ],
            [
                0.0,
                0.000385734290961336,
                0.9561868012343717,
                0.04341905882157152,
                8.405653095443196e-06
            ],
            [
                4.476760947675456e-06,
                0.0004671313503168451,
                4.791343164226079e-06,
                0.025922605913094334,
                0.973600994632477
            ],
            [
                0.0,
                0.00198325712739644,
                3.0417648598746133e-05,
                0.866909184944306,
                0.13107714027969883
            ]
        ],
        [
            [
                0.07099458674835492,
                0.92843202740411,
                6.56451291070279e-06,
                0.00027562832514208127,
                0.00029119300948235894
            ],
            [
                0.0028491463543002067,
                0.9970994349427129,
                4.627559871554832e-06,
                3.582817888880102e-05,
                1.0962964226658363e-05
            ],
            [
                0.0,
                0.0010051980742279822,
                0.8630704752781541,
                0.13591807450458737,
                6.2521430305067005e-06
            ],
            [
                6.910255128319564e-05,
                0.020813303481622813,
                3.5011730122628644e-05,
                0.5349292379954508,
                0.44415334424152064
            ],
            [
                0.0012766436509373293,
                0.7203250124773546,
                6.91903059482655e-05,
                0.25255612124507076,
                0.025773032320689133
            ]
        ],
        [
            [
                0.5153777564659755,
                0.41315677434315407,
                1.4744145960998625e-05,
                0.0019980322895351904,
                0.06945269275537422
            ],
            [
                0.0,
                0.02116085833375067,
                0.0004312580130361836,
                0.9769212315665414,
                0.0014866520866717115
            ],
            [
                0.0,
                0.005506331518517696,
                0.23106873383171236,
                0.7634171118079368,
                7.822841833032893e-06
            ],
            [
                2.591772544527928e-05,
                0.01596306052361121,
                5.44233949014433e-05,
                0.956276717240855,
                0.02767988111518717
            ],
            [
                9.231622331249515e-05,
