{
    "[['A', 'B', 'C', 'D', 'E'], ['A', 'B', 'C', 'D', 'E']]": [
        [
            [
                0.00019752679541506853,
                0.9780990010828154,
                0.021700324811938794,
                1.7814298018833417e-06,
                1.3658800289350006e-06
            ],
            [
                0.0,
                7.463327400135837e-09,
                0.9999971143254133,
                2.613562213892164e-06,
                2.6464904532375077e-07
            ],
            [
                0.0,
                1.7662316388652664e-10,
                0.9999999692457054,
                1.7596764329026993e-08,
                1.2980906951435401e-08
            ],
            [
                1.6978517127797475e-11,
                1.928760635851236e-11,
                7.962567757484121e-10,
                2.9197614483679295e-09,
                0.9999999962477157
            ],
            [
                2.126210411388006e-11,
                6.554550217360642e-11,
                9.531890918627286e-10,
                3.98375270987454e-09,
                0.9999999949762506
            ]
        ],
        [
            [
                2.4206940699085805e-11,
                6.465214080705209e-11,
                9.129616466534809e-10,
                3.2704579877019047e-09,
                0.9999999957277212
            ],
            [
                0.0,
                1.9382441037928826e-09,
                0.9999996506906248,
                3.1615525705044197e-07,
                3.121587405352116e-08
            ],
            [
                0.0,
                1.962070854858729e-10,
                5.039954762395578e-08,
                3.0413202283998754e-05,
                0.9999695362019614
            ],
            [
                3.698460906045569e-11,
                9.186521159602517e-11,
                2.1721924285921047e-09,
                2.27059700486884e-09,
                0.9999999954283607
            ],
            [
                7.399676916624931e-11,
                2.2596350719243253e-10,
                3.4693796720466726e-09,
                1.5517069377011564e-08,
                0.9999999807135905
            ]
        ],
        [
            [
                7.432621095119267e-11,
                1.4337987572752467e-10,
                1.901734154336511e-09,
                3.0671000047649767e-09,
                0.9999999948134597
            ],
            [
                0.0,
                2.590809223374967e-09,
                0.9999996212803814,
                3.429114086348682e-07,
                3.3217400839430245e-08
            ],
            [
                0.0,
                1.5022864818513093e-11,
                0.9999999997157725,
                1.2338071369241338e-10,
                1.4582401386700249e-10
            ],
            [
                1.2877468583657107e-10,
                3.678230258611127e-10,
                4.664181675013413e-09,
                6.805151941497368e-09,
                0.9999999880340685
            ],
            [
                9.50494416831259e-11,
                8.718085596962752e-11,
                1.046905364768573e-09,
                3.0844356509721014e-09,
                0.9999999956864287
            ]
        ],
        [
            [
                9.592418984687467e-11,
                9.183245150580822e-11,
                1.9115384622068285e-09,
                2.282577232514733e-09,
                0.9999999956181276
            ],
            [
                0.0,
                9.542901677748148e-09,
                0.9999995462414628,
                3.777115770822515e-07,
                6.650405851590597e-08
            ],
            [
                0.0,
                2.0624413932417193e-11,
                0.9999999937522359,
                3.3192937578266163e-09,
                2.907845878755326e-09
            ],
            [
                2.8133347971942813e-11,
                2.93855840968319e-11,
                1.4038109772479519e-09,
                5.73996388074082e-09,
                0.9999999927987062
            ],
            [
                1.9463599567005908e-10,
                2.323058627015703e-10,
                1.3872099950120085e-09,
                4.726169641895104e-09,
                0.9999999934596784
            ]
        ],
        [
            [
                4.580817204765184e-11,
                1.0933469264425111e-10,
                1.0749195097975322e-09,
                1.4980846449169742e-09,
                0.999999997271853
            ],
            [
                0.0,
                5.0358776165781845e-09,
                0.999999271005809,
                6.668331135419036e-07,
                5.712519974926163e-08
            ],
            [
                0.0,
                1.993540107842116e-09,
                8.247430165846594e-07,
                0.00022205948627726114,
                0.999777113777166
            ],
            [
                0.0,
                1.537700966345745e-11,
                2.347677626744681e-10,
                1.770142243487466e-08,
                0.9999999820484328
            ],
            [
                3.1458930239154534e-10,
                3.4375237245970245e-10,
                3.0232372147126835e-09,
                1.3249208530301183e-08,
                0.9999999830692127
            ]
        ],
        [
            [
                6.909318341315053e-11,
                9.194269098412806e-11,
                9.916004098712954e-10,
                4.054785381268549e-09,
                0.9999999947925784
            ],
            [
                0.0,
                7.352998813987261e-10,
                0.9999998280315563,
                1.4388855835052244e-07,
                2.734458570531477e-08
            ],
            [
                0.0,
                1.0254084337977539e-08,
                0.008304558605369551,
                0.9914491474883,
                0.0002462836522461323
            ],
            [
                9.414549232392699e-11,
                1.70554494599148e-10,
                1.8673610045382317e-09,
                4.16347797362711e-09,
                0.999999993704461
            ],
            [
                9.376999988606286e-12,
                2.9811982930126534e-11,
                1.1692112074602488e-09,
                3.028980236519418e-09,
                0.9999999957626196
            ]
        ],
        [
            [
                6.554550231263697e-11,
                6.00859007576257e-11,
                1.3884938519414088e-09,
                1.3884938519414088e-09,
                0.999999997097381
            ],
            [
                0.0,
                4.345506116855106e-09,
                0.9999992508567854,
                6.805750135714681e-07,
                6.422269487972967e-08
            ],
            [
                0.0,
                4.270955778258583e-11,
                0.9999999730706125,
                1.6897775367917586e-08,
                9.988902565839864e-09
            ],
            [
                7.716731540570497e-10,
                7.548231809304883e-10,
                3.328949956259373e-09,
                4.298181608637696e-09,
                0.999999990846372
            ],
            [
                2.3801677219925e-10,
                2.328030949644354e-10,
                4.77122087626598e-09,
                5.914403564506652e-09,
                0.9999999888435557
            ]
        ],
        [
            [
                0.4804860162129895,
                0.5194614445050176,
                4.194032588225497e-05,
                6.171778687434998e-06,
                4.427177423148786e-06
            ],
            [
                0.0,
                1.7337331567936149e-09,
                0.999999913146425,
                7.30631315539468e-08,
                1.2056710390640741e-08
            ],
            [
                0.0,
                9.44217179873526e-11,
                0.999999920754787,
                6.729414913063353e-08,
                1.1856642059235161e-08
            ],
            [
                9.20233946170247e-11,
                2.130717773853159e-10,
                3.3763464490397516e-09,
                6.724253323810205e-09,
                0.9999999895943051
            ],
            [
                6.025380166598219e-11,
                1.2536934105632932e-10,
                1.2936756180634568e-09,
                1.5425789417142397e-09,
                0.9999999969781224
            ]
        ],
        [
            [
                4.154050279020887e-11,
                1.4425161990192466e-10,
                2.8091874324209197e-09,
                2.6880562586934225e-09,
                0.9999999943169642
            ],
            [
                0.0,
                1.5770630118980078e-08,
                0.9999983519701933,
                1.603229413170486e-06,
                2.902976342632481e-08
            ],
            [
                0.0,
                5.1235708170494726e-12,
                0.9999999998688085,
                4.844207733969117e-11,
                7.762564190468343e-11
            ],
            [
                1.5165604303451602e-11,
                7.086955816001757e-11,
                7.77605317197072e-10,
                6.7709456054872985e-09,
                0.999999992365414
            ],
            [
                1.861194249415788e-10,
                2.17238190303832e-10,
                5.011635082159017e-09,
                4.901080952288959e-09,
                0.9999999896839263
            ]
        ],
        [
            [
                0.00014358379585524528,
                0.0453769085635783,
                0.9541821411656688,
                0.00020744047933294625,
                8.99259955647436e-05
            ],
            [
                0.0,
                3.3217399753913524e-08,
                0.999999827019787,
                9.84530433744456e-08,
                4.130977005761063e-08
            ],
            [
                0.0,
                7.300116943390725e-11,
                0.9999999990309698,
                5.784439428548184e-10,
                3.1758503762889966e-10
            ],
            [
                2.2227153261310216e-10,
                3.0878069228579297e-10,
                4.472463120051143e-09,
                3.4262405583151563e-09,
                0.9999999915702441
            ],
            [
                1.4255145966643526e-10,
                1.7748837194713348e-10,
                4.737008408817944e-09,
                1.6856659569608775e-09,
                0.9999999932572858
            ]
        ],
        [
            [
                0.0003320619566010162,
                0.9995676344655423,
                9.984190436437288e-05,
                3.3479927635907783e-07,
                1.2687421600253124e-07
            ],
            [
                0.0,
                1.1842102658872968e-09,
                0.9999985246755314,
                1.4402221254797646e-06,
                3.3918132973468816e-08
            ],
            [
                0.0,
                8.759371473146725e-11,
                0.9999999736709548,
                1.9192222703871163e-08,
                7.049228762165357e-09
            ],
            [
                7.011063408399251e-10,
                7.831632037002892e-10,
                2.073935546214906e-08,
                8.171884828329113e-09,
                0.9999999696044901
            ],
            [
                1.4255145973623253e-10,
                2.1155441797857275e-10,
                2.3515912612453506e-09,
                3.547388477071601e-09,
                0.9999999937469144
            ]
        ],
        [
            [
                3.4982411967475324e-11,
                1.192316705547575e-10,
                1.4353618813001296e-09,
                4.670368674780855e-09,
                0.9999999937400552
            ],
            [
                0.0,
                1.0185547648941407e-08,
                0.9999993324616082,
                4.658931989998876e-07,
                1.9145964505360832e-07
            ],
            [
                0.0,
                1.0012087024066768e-10,
                0.9999999869094931,
                9.56905646327701e-09,
                3.4213297185687267e-09
            ],
            [
                1.4265162003954595e-09,
                1.1186820982839302e-09,
                1.8977239011073095e-08,
                1.8977239011073095e-08,
                0.9999999595003236
            ],
            [
                3.323244994307272e-10,
                2.7856187005290293e-10,
                2.9840116225585628e-09,
                2.6403115028709164e-09,
                0.9999999937647905
            ]
        ],
        [
            [
                1.7053846911641623e-11,
                3.698460912286795e-11,
                7.520166606071239e-10,
                2.0780644666448177e-09,
                0.9999999971158804
            ],
            [
                0.0,
                3.4697172394513307e-09,
                0.9999990465926087,
                8.928124733862207e-07,
                5.712520054932066e-08
            ],
            [
                0.0,
                1.2629738408009756e-11,
                0.9999999966922017,
                1.2191009089963493e-09,
                2.0760677745489797e-09
            ],
            [
                4.050437066508781e-11,
                9.589327256807839e-11,
                1.7948167516244096e-09,
                2.1996354705291533e-08,
                0.9999999760724309
            ],
            [
                2.1711836774325854e-11,
                5.63267471806531e-11,
                5.504033611188659e-10,
                1.5566477541793628e-09,
                0.9999999978149103
            ]
        ],
        [
            [
                4.377203419527919e-11,
                1.183940955080346e-10,
                1.7942691337584679e-09,
                3.484905494692716e-09,
                0.9999999945586593
            ],
            [
                0.0,
                6.0836807074024575e-09,
                0.999999761776034,
                1.5415613674991743e-07,
                7.798414862142327e-08
            ],
            [
                0.0,
                3.4757677703198964e-11,
                0.9999999935051525,
                3.230044856318875e-09,
                3.230044856318875e-09
            ],
            [
                8.581385415408076e-11,
                2.2053633200506074e-10,
                4.44121447901525e-09,
                1.0187684247795262e-08,
                0.9999999850647512
            ],
            [
                1.1184212869043043e-10,
                2.6769623844937293e-10,
                1.5220882353358814e-09,
                2.0745200744031458e-09,
                0.9999999960238533
            ]
        ],
        [
            [
                5.064075117254663e-11,
                1.0551560539913829e-10,
                3.368781654931434e-09,
                5.247001916196418e-09,
                0.99999999122806
            ],
            [
                0.0,
                2.5200277054936432e-09,
                0.9999999112303815,
                8.274180481060197e-08,
                3.50778602077088e-09
            ],
            [
                0.0,
                7.145854247727192e-10,
                0.9999942535436614,
                4.774177535364655e-06,
                9.715642177909503e-07
            ],
            [
                2.2271839470091904e-10,
                5.173204629426806e-10,
                1.1099410295806951e-08,
                1.963057170946485e-08,
                0.9999999685299791
            ],
            [
                1.3817035629317545e-10,
                2.230091546975475e-10,
                2.7912630820293625e-09,
                1.129026994764932e-09,
                0.9999999957185304
            ]
        ],
        [
            [
                1.2434436842689118e-10,
                7.725858527231086e-11,
                1.1808045828733988e-09,
                1.1053602232568176e-09,
                0.9999999975122322
            ],
            [
                0.0,
                1.1446938997190514e-08,
                0.9999994857584779,
                3.7084565105309596e-07,
                1.3194893206891924e-07
            ],
            [
                0.0,
                1.797604627978966e-10,
                0.9999999910183622,
                4.688835772555464e-09,
                4.1130416510463556e-09
            ],
            [
                1.0814776576856274e-09,
                3.598414754061092e-10,
                8.691479692861351e-09,
                3.992812660900635e-09,
                0.9999999858743884
            ],
            [
                1.0041424073046377e-10,
                1.701107036214687e-10,
                2.8001361363272614e-09,
                4.180530797380664e-09,
                0.9999999927488081
            ]
        ],
        [
            [
                4.3490689599665423e-10,
                6.778902178704736e-10,
                2.7238693907995875e-09,
                6.4642835001619e-09,
                0.99999998969905
            ],
            [
                0.0,
                2.037059893630111e-06,
                0.9999979077281489,
                4.538834202326668e-08,
                9.823615273439393e-09
            ],
            [
                0.0,
                9.756173964986561e-12,
                0.9999999996885911,
                1.8550169854655526e-10,
                1.1615110412832059e-10
            ],
            [
                2.597452973215941e-10,
                6.265096465019855e-10,
                5.378730502404915e-09,
                4.4029308399820694e-09,
                0.9999999893320838
            ],
            [
                2.5244509626893135e-11,
                1.0491896726926786e-10,
                1.547093028513653e-09,
                8.141842565302639e-09,
                0.999999990180901
            ]
        ],
        [
            [
                7.580179286369049e-05,
                0.9999172665554137,
                6.8173288572277315e-06,
                8.73276090639688e-08,
                2.6995256339869816e-08
            ],
            [
                0.0,
                3.5077860233624975e-09,
                0.9999994351320411,
                5.406703219201667e-07,
                2.068985076886754e-08
            ],
            [
                0.0,
                9.758723633556081e-12,
                0.9999999977645353,
                1.3029494528780196e-09,
                9.227565952807621e-10
            ],
            [
                4.6482644656216137e-10,
                6.341982852248354e-10,
                7.16708348029773e-09,
                1.0314676560483165e-08,
                0.9999999814192152
            ],
            [
                9.383928863998603e-11,
                1.3300239250184977e-10,
                4.2368585586898886e-09,
                2.9699582284732257e-09,
                0.9999999925663414
            ]
        ],
        [
            [
                2.9160968060589543e-07,
                0.006188202338092679,
                0.9938109678395821,
                3.364357732316399e-07,
                2.0177687141615962e-07
            ],
            [
                0.0,
                9.869798566413336e-09,
                0.9999841449959102,
                1.5431426845626026e-05,
                4.137074456589032e-07
            ],
            [
                0.0,
                9.186100452195705e-11,
                0.9999999745853545,
                1.8745346970893908e-08,
                6.5774374311019914e-09
            ],
            [
                1.0656144268576209e-10,
                1.8895664804732312e-10,
                7.1795751436214025e-09,
                1.61114579160939e-08,
                0.999999976413449
            ],
            [
                1.848721738004583e-11,
                3.69994966650015e-11,
                2.5393891132825257e-10,
                6.857632504610172e-10,
                0.9999999990048112
            ]
        ],
        [
            [
                7.483443292516609e-12,
                3.391866489389418e-11,
                4.5055876195756014e-10,
                1.664467843469725e-09,
                0.9999999978435712
            ],
            [
                0.0,
                1.4493206025106475e-09,
                0.999999765484854,
                2.1875200532864e-07,
                1.4313820110707577e-08
            ],
            [
                0.0,
                1.8528352598084843e-10,
                0.9999999007514556,
                7.473844487225806e-08,
                2.4324815860616558e-08
            ],
            [
                1.1902574683359789e-11,
                3.328533836965733e-11,
                6.440085463802497e-10,
                2.1156229676232556e-08,
                0.9999999781545739
            ],
            [
                2.2815128612886237e-11,
                1.2328520612107805e-10,
                2.3450563025160893e-09,
                2.3450563025160893e-09,
                0.999999995163787
            ]
        ],
        [
            [
                3.23353111370543e-07,
                9.918517421489615e-05,
                0.999599699078571,
                0.00029950758000359096,
                1.2848140991045459e-06
            ],
            [
                0.0,
                1.1058051478436682e-09,
                0.999999743011862,
                2.269519000070364e-07,
                2.8930432934025733e-08
            ],
            [
                0.0,
                7.226409284232557e-09,
                0.996969528130495,
                0.0030223366448490475,
                8.127998246753696e-06
            ],
            [
                9.917606830078556e-11,
                1.345103918223768e-10,
                1.2077095806435115e-09,
                1.8792950893118086e-09,
                0.999999996679309
            ],
            [
                5.699114379417168e-11,
                1.141971220719482e-10,
                1.779718671358972e-09,
                1.3648153292110355e-09,
                0.9999999966842776
            ]
        ],
        [
            [
                8.310594060652499e-07,
                0.003791178078992545,
                0.9961928309142263,
                1.2920606133996427e-05,
                2.239341241041457e-06
            ],
            [
                0.0,
                1.1885556961915358e-08,
                0.9999943741392744,
                5.535915116685149e-06,
                7.806005193147316e-08
            ],
            [
                0.0,
                1.756421188057906e-11,
                0.9999999996274094,
                1.293443040061746e-10,
                2.2568224940826917e-10
            ],
            [
                2.07379106443969e-10,
                4.692420964187516e-10,
                5.2238648242889e-09,
                1.02546895713203e-08,
                0.9999999838448244
            ],
            [
                6.450384091594906e-11,
                1.6585440076949025e-10,
                1.5006098264894696e-09,
                2.1419651532235385e-09,
                0.9999999961270667
            ]
        ],
        [
            [
                1.3594729775132452e-10,
                2.10410750502747e-10,
                2.8340133994533578e-09,
                3.953173113884101e-09,
                0.9999999928664554
            ],
            [
                0.0,
                4.107702694318194e-09,
                0.9999996390103859,
                3.048352817508654e-07,
                5.204662961484475e-08
            ],
            [
                0.0,
                8.43460928951408e-11,
                0.9999999774289879,
                1.6645893002013544e-08,
                5.840773172967387e-09
            ],
            [
                3.561581427732359e-11,
                5.249389035800273e-11,
                5.643355971675058e-10,
                1.0222774425191424e-09,
                0.9999999983252772
            ],
            [
                7.11481549991735e-11,
                1.2569640827133908e-10,
                1.3331485520261196e-09,
                7.47475285768525e-09,
                0.999999990995254
            ]
        ],
        [
            [
                1.3511292223450354e-07,
                2.1183920538787212e-05,
                0.9999768105874941,
                1.4538342561291106e-06,
                4.165447889055727e-07
            ],
            [
                0.0,
                6.447709195787822e-09,
                0.9999984569422785,
                1.4894000958233447e-06,
                4.720991637030455e-08
            ],
            [
                0.0,
                8.932713787299891e-11,
                0.9999999653598587,
                1.6897775237622995e-08,
                1.7653038789319168e-08
            ],
            [
                5.050214191772749e-11,
                1.1058130307720597e-10,
                1.657725716317119e-09,
                8.680495667763368e-09,
                0.9999999895006951
            ],
            [
                2.1454384456002928e-11,
                4.065917858816488e-11,
                2.712922662428929e-10,
                7.734222251307671e-10,
                0.999999998893172
            ]
        ],
        [
            [
                1.4458492131491712e-10,
                3.491457092702197e-10,
                2.0574339907720124e-09,
                4.4348573891709416e-09,
                0.999999993013978
            ],
            [
                0.0,
                1.650423058549789e-08,
                0.9999990806877301,
                7.615277469635578e-07,
                1.412802923291395e-07
            ],
            [
                0.0,
                5.174211547884739e-10,
                1.1113758406760133e-07,
                1.915908006715228e-05,
                0.9999807292649276
            ],
            [
                8.416883321477141e-11,
                1.550832533357994e-10,
                1.3410954504106584e-09,
                2.3337806336218396e-09,
                0.9999999960858719
            ],
            [
                1.6823471166138206e-10,
                2.0953487707470676e-10,
                1.5981740540852386e-09,
                5.611352109694622e-09,
                0.9999999924127042
            ]
        ],
        [
            [
                5.950924405670888e-11,
                1.1964993931790714e-10,
                1.925696900772639e-09,
                9.687094595925769e-10,
                0.9999999969264344
            ],
            [
                0.0,
                2.2695708411543674e-09,
                0.9999997608403519,
                2.1633526035705237e-07,
                2.0554817038451506e-08
            ],
            [
                0.0,
                1.1515777614261288e-10,
                0.9999999798903338,
                1.663792582041333e-08,
                3.356582569026352e-09
            ],
            [
                1.8293847880273575e-10,
                3.227567483291762e-10,
                3.1194847042633463e-09,
                1.208666521232199e-08,
                0.9999999842881548
            ],
            [
                7.486273745990771e-11,
                1.514685057254691e-10,
                3.788201015025739e-09,
                4.734641787549072e-09,
                0.9999999912508261
            ]
        ],
        [
            [
                9.114040173760074e-11,
                1.3872383987061327e-10,
                1.1446234918471156e-09,
                1.9872988341273206e-09,
                0.9999999966382134
            ],
            [
                0.0,
                3.96477924569567e-09,
                0.9999997610024086,
                1.9956269776942282e-07,
                3.547011420228586e-08
            ],
            [
                0.0,
                9.064571893382232e-09,
                4.779296178665541e-05,
                0.9997022236102504,
                0.00024997436339096275
            ],
            [
                2.1199754279821725e-10,
                7.807754003310601e-10,
                6.528218989919318e-09,
                1.753689948876846e-07,
                0.9999998171100132
            ],
            [
                3.4262240161301855e-11,
                1.0128309674093748e-10,
                2.057371209548666e-09,
                2.0123013479290576e-09,
                0.999999995794782
            ]
        ],
        [
            [
                1.2420682334748654e-11,
                3.09775698307839e-11,
                4.854328842365442e-10,
                5.704405533268925e-09,
                0.9999999937667632
            ],
            [
                0.0,
                8.407040079594308e-09,
                0.9999999421828996,
                4.310917719579003e-08,
                6.300883050743842e-09
            ],
            [
                0.0,
                1.3416294633171363e-10,
                0.9999999813496377,
                1.3233145985209864e-08,
                5.2830533767124294e-09
            ],
            [
                3.6088673048782593e-11,
                3.6088673048782593e-11,
                2.2403160381571753e-09,
                2.5509891660395878e-08,
                0.999999972177615
            ],
            [
                3.8918308294406056e-10,
                4.252011298963742e-10,
                8.187220896339188e-09,
                1.7122742222847183e-08,
                0.9999999738756526
            ]
        ],
        [
            [
                5.409569952529575e-11,
                1.4792644484868448e-10,
                9.64230015589451e-10,
                4.826919322047652e-09,
                0.9999999940068285
            ],
            [
                0.0,
                2.285814231264396e-09,
                0.9999996066400377,
                3.408547173641016e-07,
                5.02194306437613e-08
            ],
            [
                0.0,
                1.356654682395766e-10,
                0.9999999572017726,
                3.154777130029264e-08,
                1.1114790559429617e-08
            ],
            [
                9.214124486933423e-11,
                1.3043063996438803e-10,
                1.7362679771902217e-09,
                3.372684167918021e-09,
                0.9999999946684759
            ],
            [
                1.807230525848917e-10,
                3.141156321624485e-10,
                6.995958966902661e-09,
                1.6811523341707496e-08,
                0.9999999756976791
            ]
        ],
        [
            [
                0.0023438705508425097,
                0.5195871303537432,
                0.47803019680338904,
                1.610562921483313e-05,
                2.2696662810591894e-05
            ],
            [
                5.105999408661684e-09,
                5.7288876650702686e-08,
                0.9999717256925633,
                2.76694681321501e-05,
                5.42444428503795e-07
            ],
            [
                0.0,
                1.6053725743697002e-12,
                0.9999999999638272,
                1.742825740861839e-11,
                1.7139249958764606e-11
            ],
            [
                8.370375624170378e-11,
                3.656425470934915e-11,
                8.257617549123611e-10,
                2.1432074992342724e-09,
                0.9999999969107627
            ],
            [
                1.3199832332837533e-10,
                2.393342266874403e-10,
                2.8082017094753e-09,
                4.483694871668821e-09,
                0.999999992336771
            ]
        ],
        [
            [
                3.848887573232846e-11,
                7.026187295095096e-11,
                1.304543425818782e-09,
                1.521995338861844e-09,
                0.9999999970647104
            ],
            [
                0.0,
                1.3241024295213976e-08,
                0.9999954089809427,
                4.337964311855359e-06,
                2.3981372120736137e-07
            ],
            [
                0.0,
                5.979593459996661e-12,
                0.9999999997700693,
                8.652105542703563e-11,
                1.3742995823632067e-10
            ],
            [
                2.0591367656335145e-10,
                2.1511145726441247e-10,
                2.4765282259079475e-09,
                6.219344748157985e-09,
                0.999999990883102
            ],
            [
                4.630387589423484e-11,
                1.2606688308716297e-10,
                1.2708115075110381e-09,
                3.604592138815278e-09,
                0.9999999949522256
            ]
        ],
        [
            [
                4.835714748804111e-11,
                1.206764891811519e-10,
                9.119626679130792e-10,
                1.8114175605654557e-09,
                0.9999999971075861
            ],
            [
                0.0,
                1.097580622228939e-09,
                0.9999999569155523,
                3.798505800898321e-08,
                4.001809174652046e-09
            ],
            [
                0.0,
                3.9288725675436694e-12,
                0.9999999999266413,
                4.786803115999204e-11,
                2.1561948058530742e-11
            ],
            [
                9.258783690527089e-11,
                1.2885404366544914e-10,
                4.254552690206113e-09,
                1.757512955176363e-08,
                0.9999999779488757
            ],
            [
                1.332390348812231e-10,
                2.0648631531941779e-10,
                1.5710785926067741e-09,
                1.406311367470808e-09,
                0.9999999966828848
            ]
        ],
        [
            [
                6.703948827544622e-11,
                1.3481938554593957e-10,
                1.6637092541680787e-09,
                2.7110256593466394e-09,
                0.9999999954234062
            ],
            [
                0.0,
                1.3082342264897438e-08,
                0.9999990654207825,
                8.690501473140692e-07,
                5.244672791931386e-08
            ],
            [
                0.0,
                2.14606270567272e-09,
                0.0016746918671123787,
                0.9982523249906603,
                7.298099616464423e-05
            ],
            [
                5.632674678634363e-11,
                1.6063298242474775e-10,
                1.5915426082214346e-09,
                7.376982121994515e-09,
                0.9999999908145155
            ],
            [
                5.333562877037544e-10,
                5.103270033901378e-10,
                1.3498084856964564e-08,
                7.151420961406293e-09,
                0.9999999783068108
            ]
        ],
        [
            [
                3.135671567232861e-11,
                1.260668831688049e-10,
                1.4195894793115529e-09,
                2.8231530955196923e-09,
                0.9999999955998338
            ],
            [
                0.0,
                1.969510524979549e-09,
                0.999999580975264,
                3.981971312431735e-07,
                1.8858094311785737e-08
            ],
            [
                0.0,
                7.608507069288677e-10,
                2.812240671013553e-07,
                4.7897401731544e-05,
                0.9999518206133505
            ],
            [
                3.520170092177947e-10,
                1.630232227235349e-10,
                2.3106687731052815e-09,
                3.2612015810745745e-09,
                0.9999999939130895
            ],
            [
                4.9609106324318175e-11,
                1.7332362493889813e-10,
                2.2146633207904027e-09,
                6.41697601116333e-09,
                0.9999999911454279
            ]
        ],
        [
            [
                2.8273595983053597e-05,
                0.11116827069760239,
                0.8882019028865398,
                0.000406676059564718,
                0.00019487676031010854
            ],
            [
                0.0,
                1.3114347244725587e-08,
                0.9999999052641149,
                7.153853308881286e-08,
                1.0083004771553982e-08
            ],
            [
                0.0,
                6.160648823120604e-11,
                0.9999999837429459,
                1.1751208096315551e-08,
                4.444239630112276e-09
            ],
            [
                1.6865430568612102e-10,
                3.8140891109468264e-10,
                6.406165474875046e-09,
                4.056734766289933e-09,
                0.9999999889870365
            ],
            [
                2.407728354538593e-10,
                1.976249089384553e-10,
                2.675707965883306e-09,
                9.509704815079055e-09,
                0.9999999873761894
            ]
        ],
        [
            [
                3.500964584386148e-11,
                1.1370830793076217e-10,
                1.5705303081926307e-09,
                3.695383238671103e-09,
                0.9999999945853684
            ],
            [
                0.0,
                8.118229515749755e-08,
                0.9999992347746591,
                6.436484774496514e-07,
                4.039456805684697e-08
            ],
            [
                0.0,
                5.2311979443803004e-11,
                0.9999999814498336,
                1.4438031171768397e-08,
                4.059823216154108e-09
            ],
            [
                5.213818455303362e-10,
                4.2734596322637447e-10,
                6.134729429252945e-09,
                5.02002527484019e-09,
                0.9999999878965175
            ],
            [
                1.0238028168608503e-10,
                2.738072655741975e-10,
                5.350520321468166e-09,
                1.2466104059221887e-08,
                0.999999981807188
            ]
        ],
        [
            [
                4.934458893062893e-11,
                2.3132649172247623e-10,
                2.670548205075772e-09,
                6.741191454504112e-09,
                0.9999999903075892
            ],
            [
                0.0,
                5.060568608315962e-08,
                0.9999989986669462,
                7.499130232636925e-07,
                2.0081434458401695e-07
            ],
            [
                0.0,
                5.437723389220988e-09,
                3.400550439469786e-05,
                0.9994632210825036,
                0.0005027679753781996
            ],
            [
                2.0695986035387456e-10,
