{
    "[['A', 'B', 'C', 'D', 'E'], ['A', 'B', 'C', 'D', 'E']]": [
        [
            [
                2.0114285706098232e-07,
                5.082545980488606e-08,
                1.1541336075089088e-07,
                7.581050500441537e-06,
                0.9999920515678219
            ],
            [
                0.0,
                6.543565326418705e-09,
                0.9999998814637729,
                9.467993824216023e-08,
                1.7312723477335877e-08
            ],
            [
                0.0,
                0.0,
                0.9999999998348073,
                4.203930926276272e-11,
                1.2315359419067387e-10
            ],
            [
                6.957598155581647e-06,
                1.235837409061778e-06,
                0.0021639294301316115,
                0.013266513104223205,
                0.9845613640300805
            ],
            [
                3.9342475621611045e-09,
                5.364550414650398e-09,
                5.669481015052254e-08,
                2.1993974088441678e-07,
                0.999999714066651
            ]
        ],
        [
            [
                0.002420346079738383,
                0.9975796122154377,
                4.15983660753305e-08,
                8.994192422412839e-11,
                1.6515918907991894e-11
            ],
            [
                0.0,
                5.917528113710769e-06,
                0.6909695228313737,
                0.2157811997056794,
                0.09324335993483326
            ],
            [
                0.0,
                2.2416602342897197e-11,
                0.9999999979593777,
                1.6591491785370052e-09,
                3.5905647434718437e-10
            ],
            [
                0.00016143543659082507,
                0.9998328580909992,
                5.419048372883981e-06,
                1.8778100199146777e-07,
                9.964303502399808e-08
            ],
            [
                8.728068597293659e-11,
                8.558391616980292e-10,
                2.4182197079366363e-08,
                7.181113013330977e-08,
                0.999999903063553
            ]
        ],
        [
            [
                0.0004114356603572659,
                0.9995885514807827,
                1.2752872386199136e-08,
                8.003049589496197e-11,
                2.5957083761018112e-11
            ],
            [
                0.0,
                3.3959301948849557e-08,
                0.9999982513067336,
                1.6822541570803964e-06,
                3.2479807422397614e-08
            ],
            [
                0.0,
                8.398869808017375e-12,
                0.9999999996580087,
                2.43432167435161e-10,
                9.016023149803256e-11
            ],
            [
                2.0795125820143137e-08,
                2.0795125820143137e-08,
                1.1180432612042276e-07,
                9.34300940685563e-06,
                0.9999905035960154
            ],
            [
                0.0,
                1.0138056478155904e-09,
                2.533281850107307e-08,
                3.7350787848024334e-06,
                0.9999962385745911
            ]
        ],
        [
            [
                1.7084768753945746e-08,
                5.350938551377661e-09,
                1.063451573380267e-07,
                4.8803352770812176e-05,
                0.9999510678663646
            ],
            [
                3.697914695969778e-09,
                9.454436574486074e-07,
                0.999998981428397,
                6.943003086992197e-08,
                0.0
            ],
            [
                0.0,
                3.8383015092043e-11,
                0.9999999973980118,
                9.219297569000014e-10,
                1.641675284036178e-09
            ],
            [
                5.9115639698014976e-08,
                7.475686555560578e-07,
                1.1730421192153013e-05,
                3.071520064462934e-05,
                0.9999567476938679
            ],
            [
                0.0,
                2.400181254062865e-10,
                7.75728839559364e-09,
                8.246388246262711e-08,
                0.999999909538811
            ]
        ],
        [
            [
                0.0002732709838694571,
                0.9997267262678249,
                2.6614309219601988e-09,
                7.195649077550895e-11,
                1.4918328717318913e-11
            ],
            [
                0.0,
                1.2407164367111412e-08,
                0.9999993425782706,
                6.268814962165342e-07,
                1.81330687320956e-08
            ],
            [
                0.0,
                1.052921951144965e-11,
                0.9999999998419562,
                5.839631151966246e-11,
                8.911816160275353e-11
            ],
            [
                1.0524817776388649e-08,
                2.264711459194632e-08,
                6.972094754462436e-07,
                4.8669077001105705e-05,
                0.9999506005415911
            ],
            [
                0.0,
                1.4124296334674465e-09,
                2.8510498263722962e-08,
                0.00029112690753330914,
                0.9997088431695388
            ]
        ],
        [
            [
                0.00023048204337149187,
                5.495374950013576e-06,
                9.510113656738898e-07,
                0.01864069756294376,
                0.9811223740073691
            ],
            [
                0.0,
                1.5209283151363694e-08,
                0.9999987663991375,
                1.1506887982384945e-06,
                6.770278104539968e-08
            ],
            [
                0.0,
                3.3565856210360456e-11,
                0.9999999994274982,
                3.023581727576561e-10,
                2.365779357956395e-10
            ],
            [
                1.3747827691334086e-07,
                1.3165116737115045e-07,
                4.2613384766161214e-07,
                0.997288347056067,
                0.002710957680641019
            ],
            [
                7.392750405058943e-11,
                7.520166586953951e-10,
                6.81369805433572e-09,
                2.3620519143100927e-07,
                0.9999997561551663
            ]
        ],
        [
            [
                0.00036178208586530055,
                0.9996382169698029,
                9.26090817565986e-10,
                1.0083623975310717e-11,
                8.157312249678311e-12
            ],
            [
                0.0,
                7.027910898582519e-09,
                0.9999998816615426,
                9.97109204284572e-08,
                1.1599626115915036e-08
            ],
            [
                0.0,
                1.0766358433502574e-11,
                0.9999999996113427,
                1.074359394133806e-10,
                2.704552929156484e-10
            ],
            [
                1.1040138265128734e-09,
                5.677348220449886e-08,
                1.8816373135893688e-07,
                9.56714087991187e-07,
                0.9999987972446847
            ],
            [
                1.5122458557137992e-10,
                6.270189395977552e-10,
                4.267452982182039e-08,
                4.173721110322245e-08,
                0.9999999148100156
            ]
        ],
        [
            [
                0.0004004629430381558,
                0.9995995219143905,
                1.509046195019912e-08,
                2.642722188288739e-11,
                2.5682140430047546e-11
            ],
            [
                0.0,
                1.0194274594299311e-08,
                0.9999998397930456,
                1.434142951024968e-07,
                6.598384689872576e-09
            ],
            [
                0.0,
                7.315026976456566e-12,
                0.9999999994304274,
                3.026524341045669e-10,
                2.596051325472577e-10
            ],
            [
                3.158949888015477e-08,
                4.389232140695862e-08,
                1.2267078508077973e-06,
                8.741593586559337e-06,
                0.9999899562167424
            ],
            [
                0.0,
                8.428003900049245e-10,
                2.1579630321490538e-08,
                2.631734119545169e-07,
                0.9999997144041574
            ]
        ],
        [
            [
                2.036327740550098e-06,
                0.9999979617696282,
                1.875163143233576e-09,
                9.545435345430026e-12,
                1.7922595347016297e-11
            ],
            [
                0.0,
                7.243908179714609e-09,
                0.9999999623299053,
                2.6503635507835804e-08,
                3.922551306075874e-09
            ],
            [
                0.0,
                0.0,
                0.9999999996004194,
                1.9547121467660672e-10,
                2.04109484230183e-10
            ],
            [
                8.75779799523726e-08,
                1.3051165038629509e-08,
                1.4158943809238968e-07,
                4.410807322255551e-05,
                0.9999556497081945
            ],
            [
                0.0,
                1.7406738288994108e-10,
                1.4550180022128963e-09,
                3.403932651627296e-08,
                0.9999999643315881
            ]
        ],
        [
            [
                1.9031885169397141e-06,
                0.9999980852961562,
                1.1237274859749332e-08,
                2.3745948393058245e-10,
                4.059269379629018e-11
            ],
            [
                0.0,
                7.66438909513916e-08,
                0.9999993757909337,
                5.169963581170213e-07,
                3.0568817347374404e-08
            ],
            [
                0.0,
                0.0,
                0.9999999995556352,
                1.5853641931838682e-10,
                2.858283080255259e-10
            ],
            [
                1.3800607927918451e-07,
                5.046707401552876e-06,
                0.0001179329885950549,
                0.9918874659664675,
                0.007989416331456542
            ],
            [
                7.261150527889523e-11,
                1.6404732358415306e-09,
                9.104410758956072e-08,
                1.5141406928545445e-06,
                0.9999983931021148
            ]
        ],
        [
            [
                0.809854107564054,
                0.18998168380303646,
                3.099776083060633e-05,
                4.881350402304574e-05,
                8.439736805586585e-05
            ],
            [
                0.0,
                7.875611793789593e-10,
                0.9999998224757082,
                1.6488693986045326e-07,
                1.1849790605065027e-08
            ],
            [
                0.0,
                6.889325730048101e-12,
                0.9999999995350455,
                2.0974840362710608e-10,
                2.483167809975343e-10
            ],
            [
                2.4145925630734653e-08,
                1.2043851850767653e-06,
                0.0016738082054407596,
                0.9983044229538759,
                2.0540309572720824e-05
            ],
            [
                1.744574463864539e-08,
                5.205705409676844e-08,
                2.211184536151847e-06,
                0.00027887823586994715,
                0.9997188410767953
            ]
        ],
        [
            [
                1.0961543565466122e-08,
                1.2458069576925389e-08,
                2.1620696117986257e-07,
                0.00012855481983297743,
                0.9998712055535927
            ],
            [
                0.0,
                1.109692824192269e-09,
                0.9999999917876484,
                5.738650251805445e-09,
                1.3640085756791729e-09
            ],
            [
                0.0,
                6.588652754462912e-12,
                0.9999999997717244,
                1.449297744392798e-10,
                7.675713603814875e-11
            ],
            [
                2.2478219276325888e-05,
                2.5284162501046773e-06,
                2.349791602429445e-05,
                0.0005608140896310385,
                0.9993906813588181
            ],
            [
                0.5201742627276688,
                0.4798257165344282,
                1.167121838854486e-08,
                5.514102766424548e-09,
                3.5525818707308033e-09
            ]
        ],
        [
            [
                1.5422413152445284e-08,
                4.905572322378024e-08,
                4.3126716272130033e-07,
                3.5002955840724847e-06,
                0.9999960039591167
            ],
            [
                0.0,
                1.2982714520688212e-08,
                0.999999732984901,
                2.460865013708204e-07,
                7.945882984220315e-09
            ],
            [
                0.0,
                0.0,
                0.9999999968256277,
                2.420571877106525e-09,
                7.538002447180062e-10
            ],
            [
                7.735224125049389e-07,
                1.230658156372142e-06,
                9.750834386840595e-05,
                0.036532049518469736,
                0.9633684379570929
            ],
            [
                0.0,
                7.401921632821289e-11,
                3.563963536055851e-09,
                2.1523101498160737e-07,
                0.9999997811310022
            ]
        ],
        [
            [
                1.2591344885560296e-08,
                1.1096573567634578e-08,
                1.375353138391722e-07,
                0.000181627421949426,
                0.9998182113548182
            ],
            [
                0.0,
                4.624091128595655e-09,
                0.9999998475365242,
                1.274614392086191e-07,
                2.0377945422213477e-08
            ],
            [
                0.0,
                9.001834209559643e-10,
                0.9999999740800489,
                1.6474665540754905e-08,
                8.545101961283339e-09
            ],
            [
                2.3703210840603667e-08,
                4.002254173020438e-08,
                5.631628143762557e-07,
                0.00011451428685209154,
                0.9998848588245809
            ],
            [
                0.0,
                6.681905805869376e-10,
                9.094808664049938e-09,
                1.39429139914295e-05,
                0.9999860473230093
            ]
        ],
        [
            [
                4.00698056891483e-05,
                0.9999599294952034,
                6.852350157992789e-10,
                7.821130056549595e-12,
                6.051452288417909e-12
            ],
            [
                0.0,
                8.370415552895462e-09,
                0.9999999348198547,
                4.7859884712171295e-08,
                8.949844961401916e-09
            ],
            [
                0.0,
                1.506280395484446e-11,
                0.9999999993028317,
                2.1964721743072577e-10,
                4.624582307414807e-10
            ],
            [
                4.929950283618864e-08,
                5.3681044311243914e-08,
                1.6366283979870796e-06,
                0.000310833233494873,
                0.9996874271575601
            ],
            [
                0.0,
                2.741841979605521e-09,
                7.317846546891199e-08,
                2.2271353654926925e-06,
                0.9999976969443272
            ]
        ],
        [
            [
                1.7401305935273576e-05,
                0.9999825961490426,
                2.4658523672363955e-09,
                6.42776151688234e-11,
                1.489214497851222e-11
            ],
            [
                0.0,
                5.1969168267477964e-08,
                0.9999998629678929,
                7.506576177559706e-08,
                9.997177170439919e-09
            ],
            [
                0.0,
                7.527420319764918e-12,
                0.9999999996527265,
                1.2346098732915682e-10,
                2.1628521448454723e-10
            ],
            [
                2.3837091425858685e-08,
                2.0061514047040327e-08,
                2.6735628129136424e-07,
                2.07417598231131e-05,
                0.9999789469852902
            ],
            [
                0.0,
                1.6230869130085066e-10,
                3.170261385156867e-08,
                5.829007438876663e-06,
                0.9999941391276387
            ]
        ],
        [
            [
                2.0337748058007054e-05,
                0.9999796481791571,
                1.4048054736397759e-08,
                1.3499661307177706e-11,
                1.1230572938119889e-11
            ],
            [
                0.0,
                1.4586413789966003e-09,
                0.9999999486598046,
                4.4277935078333015e-08,
                5.603619069705915e-09
            ],
            [
                0.0,
                5.204513408030632e-12,
                0.999999999843965,
                9.395570122650605e-11,
                5.687462602174611e-11
            ],
            [
                1.2939089547425162e-07,
                8.841752510383066e-08,
                1.9388646057284996e-06,
                1.0678390119775267e-05,
                0.9999871649368539
            ],
            [
                0.0,
                8.808208461810149e-11,
                7.88470927412941e-09,
                3.8351551494052793e-07,
                0.9999996085116937
            ]
        ],
        [
            [
                0.13072901662323375,
                0.8692702922430376,
                6.601525115164996e-07,
                2.352157585652973e-08,
                7.459641258374553e-09
            ],
            [
                0.0,
                3.088167808336463e-09,
                0.9999997636098694,
                2.1225356075974695e-07,
                2.104840207557383e-08
            ],
            [
                0.0,
                0.0,
                0.9999999987135701,
                1.045851581110895e-09,
                2.405782000943111e-10
            ],
            [
                4.859231770420807e-09,
                3.9775744480821094e-08,
                9.56209251496896e-06,
                0.000489284838144787,
                0.999501108434364
            ],
            [
                0.0,
                5.454098525085753e-11,
                2.172030775860547e-09,
                1.5688492541145606e-07,
                0.9999998408885028
            ]
        ],
        [
            [
                4.935452480676261e-07,
                0.9999994969725517,
                9.194681614625897e-09,
                2.0346541402889817e-10,
                8.405300173443718e-11
            ],
            [
                0.0,
                7.873738929107155e-09,
                0.9999996599314045,
                3.243649079842408e-07,
                7.829948623600942e-09
            ],
            [
                0.0,
                6.250898045094712e-12,
                0.999999999444342,
                1.7071266802305855e-10,
                3.786942104724809e-10
            ],
            [
                1.308276091209322e-07,
                1.7018478182096525e-07,
                2.6341685110000275e-06,
                0.0003885682497240536,
                0.9996084965693741
            ],
            [
                0.0,
                2.407809710414433e-11,
                8.513796624420165e-10,
                2.84726066154762e-07,
                0.9999997143984761
            ]
        ],
        [
            [
                0.9730424236714245,
                0.026957444916622747,
                4.983908007155786e-08,
                7.280647174185866e-08,
                8.766400942221417e-09
            ],
            [
                0.0,
                3.2230044441820995e-09,
                0.9999999575261709,
                3.4546428936672937e-08,
                4.704395792395273e-09
            ],
            [
                0.0,
                4.336846379067656e-12,
                0.9999999997699327,
                8.572813154505827e-11,
                1.4000239693581592e-10
            ],
            [
                7.596606177938589e-09,
                8.615506952739632e-09,
                1.3566523604110037e-06,
                1.5822725523766036e-06,
                0.999997044862974
            ],
            [
                0.0,
                3.4374056698165026e-10,
                1.9840313079949582e-08,
                8.424979265754792e-07,
                0.9999991373180198
            ]
        ],
        [
            [
                2.629226895851153e-06,
                1.0832443941639726e-06,
                7.438571365562858e-07,
                0.013700403996812363,
                0.9862951396747609
            ],
            [
                0.0,
                4.583461317771369e-09,
                0.999999650466119,
                3.1004173915643475e-07,
                3.490868059134541e-08
            ],
            [
                0.0,
                5.7386524831580205e-12,
                0.9999999997055395,
                1.221917093185574e-10,
                1.6652989838717222e-10
            ],
            [
                5.3647888893232935e-06,
                1.0217063942747438e-05,
                0.9262355230094924,
                0.07002264865640742,
                0.003726246481268034
            ],
            [
                3.007653248355514e-11,
                3.32204706666873e-10,
                5.600734036399597e-09,
                5.224547533512696e-07,
                0.9999994715822313
            ]
        ],
        [
            [
                3.6554876121019495e-09,
                4.526227361150909e-09,
                1.942728081709789e-07,
                3.312253340926174e-06,
                0.999996485292136
            ],
            [
                0.0,
                5.447742380909561e-09,
                0.9999999332364632,
                5.776089375567202e-08,
                3.554900663299353e-09
            ],
            [
                0.0,
                7.53537853295825e-12,
                0.999999999851461,
                6.44252720366077e-11,
                7.657829431387241e-11
            ],
            [
                1.044788506987032e-06,
                1.9769694767347106e-06,
                7.613204382954401e-06,
                0.00039365134040521196,
                0.9995957136972281
            ],
            [
                0.0,
                1.703379707163435e-10,
                2.2598904567381863e-09,
                1.2373375214543165e-06,
                0.99999876023225
            ]
        ],
        [
            [
                0.0007781061675574014,
                0.9992218772987406,
                1.6450895253941327e-08,
                5.594482579373698e-11,
                2.6862134383203338e-11
            ],
            [
                0.0,
                1.7146330332237685e-09,
                0.9999996608120523,
                3.264711977664676e-07,
                1.100211700216964e-08
            ],
            [
                0.0,
                3.745354239269388e-12,
                0.999999999822438,
                4.321861076837136e-11,
                1.3059792576675003e-10
            ],
            [
                1.64337334633201e-07,
                5.748117812763887e-08,
                3.397081970859627e-07,
                8.296802893764477e-06,
                0.9999911416703964
            ],
            [
                2.116659182031326e-09,
                9.084510173613123e-09,
                3.1638326805976064e-07,
                2.983786934938141e-07,
                0.9999993740368692
            ]
        ],
        [
            [
                5.333463917431044e-09,
                2.0180793918958423e-08,
                3.5231443755900724e-07,
                2.0733533869505217e-05,
                0.999978888637435
            ],
            [
                0.0,
                5.117737562267262e-09,
                0.9999839317249186,
                1.602088318448987e-05,
                4.2274159200516124e-08
            ],
            [
                0.0,
                1.502186196414182e-11,
                0.9999999994879796,
                2.3767245247061806e-10,
                2.5932601389233015e-10
            ],
            [
                1.2468839126535293e-08,
                1.1447267078158533e-08,
                4.894691468535093e-07,
                1.997763641320919e-05,
                0.9999795089783338
            ],
            [
                2.7566685760652997e-11,
                2.846976670143713e-10,
                8.513248923117976e-09,
                7.45671134995208e-07,
                0.9999992455033518
            ]
        ],
        [
            [
                0.0,
                1.705083005132144e-10,
                9.514076838441333e-09,
                3.612557466213177e-06,
                0.9999963777579486
            ],
            [
                0.0,
                2.0170972449339567e-09,
                0.9999982906958704,
                1.64089842698124e-06,
                6.638860546182933e-08
            ],
            [
                0.0,
                1.038002638797606e-11,
                0.9999999993126885,
                2.69648158703893e-10,
                4.0728356220724513e-10
            ],
            [
                0.0,
                1.8509862072890005e-08,
                1.4263062184970289e-06,
                0.00639443524544358,
                0.993604119938476
            ],
            [
                6.140518094590647e-11,
                4.798469816256671e-10,
                8.744090298537627e-09,
                9.752882200998209e-08,
                0.9999998931858355
            ]
        ],
        [
            [
                4.034319773475603e-05,
                1.8071877309532585e-06,
                1.175180835584314e-07,
                0.0014217317852729487,
                0.9985360003111777
            ],
            [
                0.0,
                8.178807935306204e-09,
                0.999999457382983,
                5.24884872809153e-07,
                9.553336070196106e-09
            ],
            [
                0.0,
                0.0,
                0.9999999971079081,
                2.232612216996714e-09,
                6.594794929507032e-10
            ],
            [
                1.699528598975589e-09,
                1.2124249166775143e-09,
                3.586024058515244e-08,
                3.8514237424349845e-06,
                0.9999961098040634
            ],
            [
                0.0,
                1.175420597395707e-09,
                4.213256939189668e-08,
                2.8102488770842257e-05,
                0.9999718542032392
            ]
        ],
        [
            [
                0.6291619682507956,
                0.370837971689455,
                5.97666336398127e-08,
                2.2370952187153044e-10,
                6.940621547597865e-11
            ],
            [
                0.0,
                2.944315109731512e-08,
                0.9999999434063366,
                1.9308737476592316e-08,
                7.841774775441555e-09
            ],
            [
                0.0,
                0.0,
                0.9999999988686445,
                4.0903596952267073e-10,
                7.223195622750028e-10
            ],
            [
                1.6794184072177564e-08,
                7.480856849953877e-09,
                2.454344583485157e-07,
                5.332813253375422e-05,
                0.9999464021579669
            ],
            [
                9.932525767434471e-05,
                6.739211950236644e-07,
                6.124619368402821e-08,
                1.7508089811008964e-05,
                0.9998824314851259
            ]
        ],
        [
            [
                1.705292206788183e-07,
                5.970215112261646e-08,
                1.4950219167362028e-07,
                2.131997664024562e-05,
                0.9999783002897963
            ],
            [
                0.0,
                3.529038990330448e-09,
                0.9999999753511893,
                2.0091498333816963e-08,
                1.0282731409455714e-09
            ],
            [
                0.0,
                8.634955474185567e-12,
                0.9999999996468114,
                7.075893844865512e-11,
                2.7379473684353877e-10
            ],
            [
                3.163017107997604e-06,
                1.3619440572101568e-06,
                1.166496664008693e-06,
                0.0004768931668311317,
                0.9995174153753397
            ],
            [
                1.8838909054832259e-07,
                3.897057161943531e-08,
                7.246814853137215e-08,
                1.400860335380958e-06,
                0.9999982993118539
            ]
        ],
        [
            [
                0.9381056333424858,
                0.00046951725958797755,
                2.7035939237405236e-06,
                0.00017421638909195577,
                0.06124792941491057
            ],
            [
                0.0,
                3.670929462076486e-09,
                0.9999999781892714,
                1.1545591249194643e-08,
                6.594207779621997e-09
            ],
            [
                0.0,
                1.6872951209708176e-11,
                0.9999999993185054,
                2.853832474696691e-10,
                3.792384945098245e-10
            ],
            [
                1.9162885974069755e-08,
                9.091148545525036e-09,
                1.6349100962345926e-07,
                4.4142469980941854e-06,
                0.9999953940079579
            ],
            [
                0.0,
                8.738133671147928e-10,
                3.320910262311222e-08,
                4.477251619684527e-07,
                0.9999995181919221
            ]
        ],
        [
            [
                3.423232628397761e-07,
                2.1184092201607375e-06,
                0.0010655033811550446,
                0.07236421618553612,
                0.9265678197008258
            ],
            [
                0.0,
                2.886064384586594e-09,
                0.9999999722329059,
                2.0295399965112357e-08,
                4.585629746334051e-09
            ],
            [
                0.0,
                1.6385078534507226e-11,
                0.9999999989569681,
                4.365757681437459e-10,
                5.900710283238025e-10
            ],
            [
                9.515539003571333e-05,
                5.338578360505073e-07,
                4.3696837911337136e-07,
                5.76966108720516e-05,
                0.9998461771728772
            ],
            [
                0.0,
                5.898850329868718e-11,
                3.932207046774088e-09,
                1.5299951626737288e-07,
                0.9999998430092881
            ]
        ],
        [
            [
                2.7625061399437677e-07,
                0.9999997212355837,
                2.422137413619803e-09,
                6.171503943126246e-11,
                2.9949905581479666e-11
            ],
            [
                0.0,
                3.751967034924939e-09,
                0.9999998875129904,
                1.0295362173561176e-07,
                5.781420867390129e-09
            ],
            [
                0.0,
                0.0,
                0.9999999998554849,
                5.0793399552657757e-11,
                9.372177032673983e-11
            ],
            [
                1.7951858664021077e-06,
                1.3758629204192637e-06,
                1.7864834737663306e-05,
                2.5815213044458695e-05,
                0.9999531489034309
            ],
            [
                1.6910042147900566e-10,
                1.6289586495576355e-09,
                2.834944661688397e-08,
                1.3131267464491896e-06,
                0.9999986567257478
            ]
        ],
        [
            [
                0.9999993153125596,
                5.815950262189837e-07,
                2.1955362434697216e-08,
                8.903228685293973e-09,
                7.22338230762125e-08
            ],
            [
                0.0,
                2.0676320189403504e-08,
                0.9999997083739312,
                2.631122093172844e-07,
                7.837539376394849e-09
            ],
            [
                0.0,
                4.250182710379178e-12,
                0.9999999998275646,
                4.97043877311355e-11,
                1.1848084232124515e-10
            ],
            [
                4.2999327946168546e-05,
                5.6728077482474936e-06,
                0.0003629800734064466,
                0.004441789278378957,
                0.9951465585125202
            ],
            [
                0.0,
                3.014569757003058e-10,
                4.167045077919957e-09,
                4.843127384433864e-07,
                0.9999995112187595
            ]
        ],
        [
            [
                8.305443683667296e-07,
                4.3405873401539106e-08,
                6.992013909510095e-08,
                5.606030625260811e-05,
                0.9999429958233665
            ],
            [
                9.824810319093665e-10,
                4.5476757635903094e-07,
                0.9999991812129486,
                3.547859057344001e-07,
                8.251088173906274e-09
            ],
            [
                0.0,
                0.0,
                0.9999999982825638,
                1.2119809396434957e-09,
                5.054553302346481e-10
            ],
            [
                0.0001359915460870522,
                1.249740613008902e-05,
                7.726066045990373e-07,
                0.004423818588411962,
                0.9954269198527663
            ],
            [
                0.0,
                3.7246864122373513e-09,
                5.106695925829073e-07,
                4.7228183746544316e-05,
                0.9999522574219745
            ]
        ],
        [
            [
                1.3658702351217049e-05,
                0.9999847646532833,
                1.5220804394275463e-06,
                4.493371444631501e-08,
                9.6302115019873e-09
            ],
            [
                0.0,
                7.540220619320713e-09,
                0.9999998590722539,
                1.2165412294932497e-07,
                1.1733402682843777e-08
            ],
            [
                0.0,
                1.0647118623336441e-11,
                0.9999999993451876,
                3.0235817273276884e-10,
                3.418073262435676e-10
            ],
            [
                2.867318862900873e-07,
                4.819311761529913e-07,
                8.125007602804712e-06,
                4.141811915632664e-05,
                0.9999496882101784
            ],
            [
                5.442815480857254e-10,
                8.260929655132467e-09,
                5.7658844132696516e-08,
                0.0002700406493134425,
                0.9997298928866312
            ]
        ],
        [
            [
                7.875560706782931e-08,
                5.855190788206238e-07,
                6.229778694393116e-06,
                0.9856576977860533,
                0.014335408160566469
            ],
            [
                0.0,
                1.157961385272224e-07,
                0.9999996171577031,
                2.5799385430755316e-07,
                9.052303955181061e-09
            ],
            [
                0.0,
                7.0801023058013325e-12,
                0.9999999992129793,
                3.606818576727028e-10,
                4.1925863784052874e-10
            ],
            [
                1.476939337118309e-07,
                2.8175866807674063e-08,
                3.626359260991873e-07,
                2.973646994036167e-06,
                0.9999964878472795
            ],
            [
                2.068117084087606e-08,
                2.6896629829019584e-08,
                2.899866445949068e-06,
                3.4331098056644e-05,
                0.9999627214576967
            ]
        ],
        [
            [
                0.0,
                2.300260330527375e-09,
                6.035474438264275e-05,
                0.9983977645461682,
                0.0015418784091888091
            ],
            [
                0.0,
                1.4069955807011116e-07,
                0.9999998517025063,
                6.3374273170619795e-09,
                1.2605083483812718e-09
            ],
            [
                0.0,
                0.0,
                0.9999999975670757,
                1.4242108271104476e-09,
                1.0087135053759945e-09
            ],
            [
                1.1441416252158158e-08,
                2.109267817390029e-09,
                2.269762340819597e-08,
                1.8262186099933277e-05,
                0.9999817015655926
            ],
            [
                0.0,
                1.4032373603527773e-10,
                4.521602542625397e-09,
                3.7630718170806e-07,
                0.999999619030892
            ]
        ],
        [
            [
                0.0001739559088376376,
                0.9998260430412133,
                9.40681813830789e-10,
                6.967773810806869e-11,
                3.9589567013729826e-11
            ],
            [
                0.0,
                4.938422950986456e-08,
                0.9999999200693983,
                2.6020185914762734e-08,
                4.526186253245561e-09
            ],
            [
                0.0,
                0.0,
                0.9999999998954336,
                4.705387303317447e-11,
                5.7512457086121263e-11
            ],
            [
                4.151876112978838e-09,
                7.95768280573503e-09,
                1.6114370370006814e-07,
                3.06946895468428e-06,
                0.9999967572777827
            ],
            [
                0.0,
                8.765739894735622e-11,
                1.5560214886067522e-09,
                6.695921363785472e-08,
                0.9999999313971075
            ]
        ],
        [
            [
                3.7463030472963863e-07,
                4.727758588934062e-08,
                1.4789901427222174e-07,
                1.844782174447142e-05,
                0.9999809823713507
            ],
            [
                0.0,
