{
    "[['A', 'B', 'C', 'D', 'E'], ['A', 'B', 'C', 'D', 'E']]": [
        [
            [
                0.9999990539410468,
                9.460217446207996e-07,
                3.490236905506976e-11,
                2.1733287967573637e-12,
                1.3276419769712383e-13
            ],
            [
                0.46501497554391646,
                0.5349850241259746,
                3.0705812293548457e-10,
                1.7765288729732456e-11,
                5.285585374958869e-12
            ],
            [
                0.0,
                3.2689969871802963e-10,
                0.9999999977253728,
                9.955232000024148e-10,
                9.522042130051524e-10
            ],
            [
                0.9999362510114648,
                6.37471949641724e-05,
                1.4971791784851069e-09,
                2.0014982034981742e-10,
                9.624197232768408e-11
            ],
            [
                0.9999989105558887,
                1.0883556193756122e-06,
                8.279791875940147e-10,
                1.5387814492309482e-10,
                1.0663443510832212e-10
            ]
        ],
        [
            [
                0.9999942360651077,
                5.763894548954827e-06,
                3.7881536822912985e-11,
                1.899943780825773e-12,
                5.618130165310563e-13
            ],
            [
                0.9999426160365816,
                5.7383880901372635e-05,
                7.799384375172708e-11,
                4.199272516387453e-12,
                3.2397374855435357e-13
            ],
            [
                0.0,
                1.1249798416451856e-08,
                0.999999946125985,
                2.8014462416854705e-08,
                1.4609754142238194e-08
            ],
            [
                0.9999905138680498,
                9.485481759816752e-06,
                5.023097530355326e-10,
                1.1190294807675641e-10,
                3.597761189464436e-11
            ],
            [
                0.9999964960285013,
                3.4980231006862303e-06,
                7.410442989623591e-10,
                1.3807294561580452e-09,
                3.826624119820137e-09
            ]
        ],
        [
            [
                0.9999952259147227,
                4.773731450439745e-06,
                3.2396189717923814e-10,
                2.3242097615494713e-11,
                6.6229991862511256e-12
            ],
            [
                0.9980323807428058,
                0.001967618614922955,
                6.315788023488012e-10,
                9.974418232995372e-12,
                7.180204269988516e-13
            ],
            [
                0.0,
                3.556225645533304e-11,
                0.9999999994094173,
                2.2925109407298787e-10,
                3.2576936076373586e-10
            ],
            [
                0.9999991217880093,
                8.74672589247177e-07,
                2.9454015669728494e-09,
                3.9732785230204695e-10,
                1.966720424188678e-10
            ],
            [
                0.9999973905690639,
                2.608888098957133e-06,
                3.8521210660805387e-10,
                7.15694036456635e-11,
                8.605561997742702e-11
            ]
        ],
        [
            [
                0.9999901624489634,
                9.837412891354722e-06,
                1.208100701045087e-10,
                1.6301226742455548e-11,
                1.0339612997480903e-12
            ],
            [
                0.6022324679126413,
                0.39776753085558303,
                1.18045784294553e-09,
                4.528261058960063e-11,
                6.035188430885863e-12
            ],
            [
                0.9997656644230933,
                0.0002343343029334355,
                1.227425664901396e-09,
                3.928177594736468e-11,
                7.265912837385797e-12
            ],
            [
                0.9999953037116501,
                4.69403271065221e-06,
                2.183757483367101e-09,
                5.927836752405231e-11,
                1.2603147194825786e-11
            ],
            [
                0.9999860621316133,
                1.3936466644526738e-05,
                7.424718648313848e-10,
                4.158412517211933e-10,
                2.4342891971148985e-10
            ]
        ],
        [
            [
                0.999980044235149,
                1.9955527884817152e-05,
                2.183531462348572e-10,
                1.8039440997917693e-11,
                5.736810723526499e-13
            ],
            [
                0.9999978064292806,
                2.1931338143244126e-06,
                3.786797468184676e-10,
                4.939195078402537e-11,
                8.833423566182589e-12
            ],
            [
                0.0,
                4.141552540031791e-10,
                0.9999999944112841,
                2.8692361962893153e-09,
                2.3053245613375813e-09
            ],
            [
                0.9999833657951754,
                1.663259022324194e-05,
                6.685360921870223e-10,
                3.837249606818062e-10,
                5.623403183775185e-10
            ],
            [
                0.9999861873601502,
                1.3802241733558061e-05,
                7.3437105321441714e-09,
                1.9835195791896682e-09,
                1.0708860804845623e-09
            ]
        ],
        [
            [
                0.9999993549271492,
                6.448188890041103e-07,
                2.4346512382528704e-10,
                9.591407444234767e-12,
                9.052872374353606e-13
            ],
            [
                0.9071823773543317,
                0.09281762073336619,
                1.7968823419331858e-09,
                1.088112699567514e-10,
                6.608349583404191e-12
            ],
            [
                0.0,
                2.674558589584001e-10,
                0.9999999976483842,
                9.20954338489205e-10,
                1.1632054351451472e-09
            ],
            [
                0.9991452534694975,
                0.000854741811192026,
                4.568841291022278e-09,
                1.2589147280761837e-10,
                2.4577781950075194e-11
            ],
            [
                0.9999408980891978,
                5.907735690949748e-05,
                2.6333610077821566e-09,
                2.435702368983773e-09,
                1.9484829304501622e-08
            ]
        ],
        [
            [
                0.9999997204458559,
                2.794845785674631e-07,
                6.554424963736682e-11,
                3.202978469565589e-12,
                8.182083712623826e-13
            ],
            [
                0.9689041841627675,
                0.031095811123243552,
                3.8336520420916295e-09,
                7.209390246477662e-10,
                1.5939782230517323e-10
            ],
            [
                6.919905915725115e-08,
                0.998975240516513,
                0.0010246484284138911,
                4.152044478008713e-08,
                3.3556910225817095e-10
            ],
            [
                0.9999936583033334,
                6.341106705071442e-06,
                3.8469298575914175e-10,
                1.0556854718826217e-10,
                9.970010421039751e-11
            ],
            [
                0.9999850699904345,
                1.4928805863154114e-05,
                9.955079831849244e-10,
                1.7800436262582322e-10,
                3.0190045542315534e-11
            ]
        ],
        [
            [
                0.9999983485239372,
                1.6511709394773786e-06,
                2.7112208397950224e-10,
                2.6190473870254664e-11,
                7.810665156598151e-12
            ],
            [
                0.9444746780227703,
                0.05552532084056403,
                1.1165227508230774e-09,
                1.5884264346310906e-11,
                4.258654319809799e-12
            ],
            [
                0.0,
                1.944126386393247e-10,
                0.9999999955690853,
                2.7089839348798542e-09,
                1.5275180832945556e-09
            ],
            [
                0.9999244293572975,
                7.556858341026631e-05,
                1.733961301180897e-09,
                1.7708868022421996e-10,
                1.482422241791311e-10
            ],
            [
                0.9999988474654586,
                1.1467066757832894e-06,
                1.0021588131347927e-09,
                6.481169500490028e-10,
                4.177589721844048e-09
            ]
        ],
        [
            [
                0.9999972540818325,
                2.745637763389611e-06,
                2.505910673097506e-10,
                2.8673622522213273e-11,
                1.1393831895791045e-12
            ],
            [
                0.9866362545387767,
                0.013363745051240113,
                4.0310560045517294e-10,
                6.35833998637947e-12,
                5.193672226749217e-13
            ],
            [
                0.0,
                3.5024673722374595e-11,
                0.9999999986999331,
                7.911022267553799e-10,
                4.739400936871526e-10
            ],
            [
                0.999998446017734,
                1.5383605510918492e-06,
                6.031560931454537e-09,
                1.4554982413476538e-09,
                8.13465570351848e-09
            ],
            [
                0.9999953662884673,
                4.629591426438703e-06,
                2.0755808170532492e-09,
                4.4734164740042656e-10,
                1.5971837084699384e-09
            ]
        ],
        [
            [
                0.9999985822133971,
                1.4174691026359726e-06,
                3.1064148335278455e-10,
                6.366859110427721e-12,
                4.918376770438172e-13
            ],
            [
                0.9999882719565064,
                1.1727714871919671e-05,
                2.849573460437997e-10,
                3.516738883632769e-11,
                8.49665710004897e-12
            ],
            [
                0.0,
                3.4270264742762894e-08,
                0.9999999560484981,
                6.895909263242576e-09,
                2.7853278049824203e-09
            ],
            [
                0.9997871235861947,
                0.00021287236437654482,
                3.916705035963264e-09,
                1.064336747114189e-10,
                2.6289769889189218e-11
            ],
            [
                0.9999982021098555,
                1.7942564645755156e-06,
                3.13358812806347e-09,
                2.694548438826083e-10,
                2.3063701155131932e-10
            ]
        ],
        [
            [
                0.9999972264297411,
                2.7732774010147014e-06,
                2.752403864030395e-10,
                1.660435921945468e-11,
                1.013111993779747e-12
            ],
            [
                0.9996721903062592,
                0.0003278091749434038,
                4.782634986858356e-10,
                3.644011878884338e-11,
                4.093727340382941e-12
            ],
            [
                0.0,
                1.0484095151010443e-10,
                0.9999999984725543,
                6.40259538430007e-10,
                7.8234507057312e-10
            ],
            [
                0.999998817552195,
                1.1797303341042637e-06,
                2.365667779347966e-09,
                1.9335906122317846e-10,
                1.584439183419986e-10
            ],
            [
                0.9999981913572513,
                1.8049606052864293e-06,
                1.566760424808207e-09,
                9.408432598508855e-10,
                1.174539836834337e-09
            ]
        ],
        [
            [
                0.9999994077989199,
                5.918393149702256e-07,
                2.4883736909107555e-10,
                4.147732396651224e-11,
                7.145033082805265e-11
            ],
            [
                0.7235300436158871,
                0.2764699549095777,
                1.4291442927815211e-09,
                3.898954148125756e-11,
                6.401355513166754e-12
            ],
            [
                0.0,
                1.0412636448077303e-09,
                0.9999999922706434,
                3.8181671293649285e-09,
                2.8699258248618296e-09
            ],
            [
                0.9897245116797531,
                0.01027546994908269,
                1.262221994374818e-08,
                3.335324581000086e-09,
                2.4136196281986136e-09
            ],
            [
                0.9999916384515853,
                8.359667045684294e-06,
                1.6737447108982288e-09,
                1.8361279939556102e-10,
                2.4011369117909237e-11
            ]
        ],
        [
            [
                0.9999992146783895,
                7.846589062725939e-07,
                6.502603288340576e-10,
                1.0993185602147221e-11,
                1.4506846909888898e-12
            ],
            [
                0.6993554778407234,
                0.300644520769299,
                1.3286199358077865e-09,
                5.7050634159342913e-11,
                4.307128483598966e-12
            ],
            [
                0.0,
                2.4833146334640296e-10,
                0.9999999974730245,
                1.777686502020774e-09,
                5.009577822482577e-10
            ],
            [
                0.999929526489691,
                7.047273677249682e-05,
                4.6319003509860937e-10,
                1.281855701537243e-10,
                1.821606323152846e-10
            ],
            [
                0.9999101830414331,
                8.981406368309752e-05,
                1.5168079786016726e-09,
                9.310197640566068e-10,
                4.4705592745720835e-10
            ]
        ],
        [
            [
                0.9999990404006415,
                9.5904261303026e-07,
                5.249601949476673e-10,
                2.7136561456100108e-11,
                4.648827243419475e-12
            ],
            [
                0.9992237491194744,
                0.000776250331481056,
                5.422475425531552e-10,
                6.3382521852430616e-12,
                4.587659083179722e-13
            ],
            [
                0.0,
                9.625349531566667e-08,
                0.999999848898908,
                4.2013320459680886e-08,
                1.2834276099580065e-08
            ],
            [
                0.9999867942189778,
                1.32046508132009e-05,
                8.663074837740649e-10,
                1.50186899834241e-10,
                1.1371460128839766e-10
            ],
            [
                0.999997611733386,
                2.3815962419069254e-06,
                2.769240215909812e-09,
                1.3087852546787268e-09,
                2.592346553646047e-09
            ]
        ],
        [
            [
                0.999937038878315,
                6.296084748286609e-05,
                2.518008349163785e-10,
                2.0121342372034184e-11,
                2.2802630905989283e-12
            ],
            [
                0.9999996128049494,
                3.86079905293362e-07,
                9.257552232835996e-10,
                1.6317627421914577e-10,
                2.6213611724024126e-11
            ],
            [
                0.0,
                2.029073510758823e-10,
                0.999999997253596,
                1.635730441600616e-09,
                9.077664084449357e-10
            ],
            [
                0.9996136176167396,
                0.000386381221646745,
                9.550088146039955e-10,
                1.1334949378145817e-10,
                9.325511289932197e-11
            ],
            [
                0.999997465038721,
                2.5234030609324316e-06,
                3.4441145159674774e-09,
                4.8892604688022184e-09,
                3.22484307412326e-09
            ]
        ],
        [
            [
                0.9999995857674683,
                4.137141295817434e-07,
                4.522488478414244e-10,
                4.9945960818321567e-11,
                1.6207256566080468e-11
            ],
            [
                0.9999997674572487,
                2.322608080083696e-07,
                2.407760545937595e-10,
                3.602437212514303e-11,
                5.1428097148149e-12
            ],
            [
                8.548867920127961e-09,
                0.00013567882625600933,
                0.9998642155676066,
                8.989987142015885e-08,
                7.157398007644247e-09
            ],
            [
                0.999998752575193,
                1.2445791448832538e-06,
                8.663173270837885e-10,
                2.2410413748545323e-10,
                1.7552406878268778e-09
            ],
            [
                0.9999986631839443,
                1.3347420248495811e-06,
                1.0967372976973617e-09,
                6.740275076172582e-10,
                3.0326610191791237e-10
            ]
        ],
        [
            [
                0.9999985102430292,
                1.4893999976589457e-06,
                3.230850210462719e-10,
                3.088865490618334e-11,
                2.9992878509863267e-12
            ],
            [
                0.9995700232272261,
                0.00042997544059629277,
                1.2421689494164956e-09,
                6.980463446937991e-11,
                2.020402477759031e-11
            ],
            [
                0.0,
                3.121987864213155e-07,
                0.9999996282203193,
                5.390174029838114e-08,
                5.679153989003896e-09
            ],
            [
                0.9999098791305215,
                9.011348604808647e-05,
                2.879900257358189e-09,
                3.1834328542779797e-09,
                1.3200972167989372e-09
            ],
            [
                0.9999929101071634,
                7.085135380698019e-06,
                4.1435534637651015e-09,
                4.13425184064314e-10,
                2.0047723539166097e-10
            ]
        ],
        [
            [
                0.9999968973781995,
                3.10256926575309e-06,
                4.6051184704241667e-11,
                5.775591882628391e-12,
                7.078208348493909e-13
            ],
            [
                0.9999612959584155,
                3.8702811517088334e-05,
                9.975056710226719e-10,
                1.5411136845191778e-10,
                7.845039132741782e-11
            ],
            [
                0.0,
                4.6277020244678925e-08,
                0.9999999353052611,
                1.4810615909545902e-08,
                3.6071026804528785e-09
            ],
            [
                0.9999966310959116,
                3.3631242388617278e-06,
                2.37464581280793e-09,
                2.172760053811984e-09,
                1.2324435665889867e-09
            ],
            [
                0.9999981369861767,
                1.8621320111729655e-06,
                6.943009195076044e-10,
                1.483335858214606e-10,
                3.917762291238964e-11
            ]
        ],
        [
            [
                0.9999937354123817,
                6.264392674252614e-06,
                1.6233223290010712e-10,
                2.9274037316135696e-11,
                3.3378080064010652e-12
            ],
            [
                0.999988874960514,
                1.1124256102868386e-05,
                7.298073860595369e-10,
                3.691061225541642e-11,
                1.666515041682853e-11
            ],
            [
                0.0,
                6.878493471324344e-12,
                0.9999999998085018,
                5.842594668007575e-11,
                1.2619366640154784e-10
            ],
            [
                0.9998813238450464,
                0.00011867594363841049,
                1.7543128798998789e-10,
                3.0830446027033e-11,
                5.053536270807527e-12
            ],
            [
                0.9999980233197924,
                1.9728015941493845e-06,
                1.5613400856892323e-09,
                7.211646203661638e-10,
                1.5961087510438699e-09
            ]
        ],
        [
            [
                0.9999989452960785,
                1.0536498930869172e-06,
                1.031280286161867e-09,
                2.138693057619711e-11,
                1.361241195872177e-12
            ],
            [
                0.9882348511441229,
                0.011765148576769116,
                2.683557045545223e-10,
                8.84758776976607e-12,
                1.9044754008795117e-12
            ],
            [
                0.0,
                3.3786849206047606e-09,
                0.9999999864517894,
                5.028650112731374e-09,
                5.140875620921905e-09
            ],
            [
                0.9999918384248702,
                8.157671084426395e-06,
                2.84768408376802e-09,
                9.46381187941169e-10,
                1.099801370952025e-10
            ],
            [
                0.9999906878305423,
                9.31010929152848e-06,
                1.7988917414817986e-09,
                1.8459003583234522e-10,
                7.668411484196935e-11
            ]
        ],
        [
            [
                0.9998271056042098,
                0.00017289426520395004,
                1.2594935913184712e-10,
                3.947312887924793e-12,
                6.895067078746946e-13
            ],
            [
                0.9999984586347799,
                1.540991852448999e-06,
                3.6300216714297347e-10,
                9.419034855249846e-12,
                9.464718669993942e-13
            ],
            [
                0.0,
                6.643717449434684e-10,
                0.9999999939829918,
                2.910947901039584e-09,
                2.441688694753171e-09
            ],
            [
                0.9999950534198566,
                4.945650898353616e-06,
                8.552597921380838e-10,
                5.482101763859404e-11,
                1.916431911540491e-11
            ],
            [
                0.9998957993814355,
                0.00010419914532190891,
                6.508112037556884e-10,
                6.259005062910363e-10,
                1.9653105335244393e-10
            ]
        ],
        [
            [
                0.9999978869417622,
                2.113022094637729e-06,
                3.2393702941407194e-11,
                3.5161069073948136e-12,
                2.332209628947539e-13
            ],
            [
                0.92956913346425,
                0.07043086602260255,
                4.87317918140325e-10,
                2.47936136832265e-11,
                1.0357909586651957e-12
            ],
            [
                0.01288146460690133,
                0.9871185334469329,
                1.9116771203167743e-09,
                2.979657900329524e-11,
                4.69204956633962e-12
            ],
            [
                0.9661147021213984,
                0.03388528451503012,
                1.1166170524363859e-08,
                8.345495265857364e-10,
                1.362851351775062e-09
            ],
            [
                0.9998730753069868,
                0.00012692378180664406,
                7.863454462404249e-10,
                1.135806409094815e-10,
                1.1280551016272796e-11
            ]
        ],
        [
            [
                0.9999892031910862,
                1.0796641645514353e-05,
                1.6041224172519885e-10,
                5.446735990811618e-12,
                1.4093247736326083e-12
            ],
            [
                0.9999186380693483,
                8.13614688721401e-05,
                4.446891701530897e-10,
                1.506702874441205e-11,
                2.023239913908768e-12
            ],
            [
                0.0,
                3.0688215801900264e-12,
                0.999999999907625,
                2.991764859546506e-11,
                5.938848423457705e-11
            ],
            [
                0.9999169608870515,
                8.303140211163202e-05,
                3.97711745382754e-09,
                2.464145802845803e-09,
                1.2695735775241314e-09
            ],
            [
                0.9999997145179774,
                2.843678642611296e-07,
                8.697030279302313e-10,
                1.3374546016685346e-10,
                1.1070982217161784e-10
            ]
        ],
        [
            [
                0.9999719615513822,
                2.8038240499994534e-05,
                2.04791906537202e-10,
                2.925493054064555e-12,
                4.0038166797888754e-13
            ],
            [
                0.9999637582720727,
                3.6241642873759144e-05,
                7.680194817152584e-11,
                7.559289252601127e-12,
                6.923070152334864e-13
            ],
            [
                5.021854382177277e-09,
                1.831349716649753e-05,
                0.9999816218898654,
                5.9591113668285775e-08,
                0.0
            ],
            [
                0.9999784777375342,
                2.1521071648251713e-05,
                1.03057244280006e-09,
                9.897689615230106e-11,
                6.126807092662539e-11
            ],
            [
                0.999999182512509,
                8.123810453177732e-07,
                3.878287211221199e-09,
                8.054277142329841e-10,
                4.2273072686244825e-10
            ]
        ],
        [
            [
                0.9999980169523732,
                1.9821951791053707e-06,
                7.298144059858469e-10,
                7.838368407803751e-11,
                4.424967325867157e-11
            ],
            [
                0.999948460825308,
                5.1539093573542594e-05,
                7.556179115399191e-11,
                5.343678855037557e-12,
                2.1301130673881297e-13
            ],
            [
                0.0,
                1.7520682841577647e-07,
                0.9999997376320157,
                6.541783194385087e-08,
                2.174332399342016e-08
            ],
            [
                0.9999845524262941,
                1.5446077537164573e-05,
                1.1405156168942427e-09,
                2.714869105999882e-10,
                8.416610859775938e-11
            ],
            [
                0.9999994963779444,
                5.03291074837481e-07,
                2.2820710503221748e-10,
                4.795255787044419e-11,
                5.4821333093927365e-11
            ]
        ],
        [
            [
                0.9927833466672512,
                0.0072166529032309905,
                4.0059771697982996e-10,
                2.559001955033922e-11,
                3.3301516511539255e-12
            ],
            [
                0.9992653346835009,
                0.00073466323555729,
                1.960668791652423e-09,
                1.0075131147280525e-10,
                1.952147679707402e-11
            ],
            [
                0.0,
                1.1299161480957496e-10,
                0.9999999990779089,
                4.47246940853417e-10,
                3.618525738379505e-10
            ],
            [
                0.9998135618567281,
                0.00018643299905959752,
                3.29039229112748e-09,
                1.109385912550949e-09,
                7.444343616800532e-10
            ],
            [
                0.9998722275543045,
                0.00012777051037608154,
                1.7614990497938789e-09,
                1.532013663877111e-10,
                2.0618907894377875e-11
            ]
        ],
        [
            [
                0.9999993027748896,
                6.971184338257149e-07,
                9.402059801032272e-11,
                1.1997392648044971e-11,
                6.587418086007228e-13
            ],
            [
                0.03007737332263751,
                0.9699226233021802,
                3.044276528274485e-09,
                1.7094302188611399e-10,
                1.5996278777392297e-10
            ],
            [
                0.9847419621357089,
                0.015258033931596568,
                3.1257445304183554e-09,
                3.8570028776008617e-10,
                4.212497526516592e-10
            ],
            [
                0.999823111167365,
                0.00017688042391347797,
                5.687544089120664e-09,
                2.235279461516408e-09,
                4.858978861714407e-10
            ],
            [
                0.999998545780549,
                1.4502491325916288e-06,
                6.448173061087253e-10,
                8.988040421121001e-10,
                2.4266969224610247e-09
            ]
        ],
        [
            [
                0.9999928752345717,
                7.123517471814586e-06,
                1.230120988482978e-09,
                1.5752418224089494e-11,
                2.083021753623732e-12
            ],
            [
                0.6756643060982443,
                0.3243356927499201,
                1.117319522410363e-09,
                3.121308726382593e-11,
                3.302818336585373e-12
            ],
            [
                0.0,
                3.0792041306453256e-09,
                0.9999999930344774,
                2.261895773443648e-09,
                1.6244225952859265e-09
            ],
            [
                0.9998033750097867,
                0.00019662070583337195,
                3.5212530939269894e-09,
                5.779333498664695e-10,
                1.851934291134241e-10
            ],
            [
                0.9999998508028607,
                1.4377512308996604e-07,
                1.077197664564908e-09,
                1.8094379545515357e-10,
                4.163874954110246e-09
            ]
        ],
        [
            [
                0.9999993345289987,
                6.649629352828795e-07,
                4.679863240747579e-10,
                3.760897459949964e-11,
                2.4706412669718636e-12
            ],
            [
                0.9097063470879186,
                0.09029365095532592,
                1.901922769315919e-09,
                4.4959191366992234e-11,
                9.873417303391448e-12
            ],
            [
                7.520586502418448e-09,
                0.7560370063467684,
                0.24396297277638831,
                1.3356256778172536e-08,
                0.0
            ],
            [
                0.9999142277364688,
                8.573076927639606e-05,
                9.897902353065834e-10,
                1.030745963861708e-08,
                3.019700501551598e-08
            ],
            [
                0.9999786904869153,
                2.1303026925862445e-05,
                4.482677466935144e-09,
                1.1885595455125095e-09,
                8.149218510149504e-10
            ]
        ],
        [
            [
                0.9999989294050856,
                1.0704241409363158e-06,
                1.518616362066654e-10,
                1.7340587474666448e-11,
                1.571276987624339e-12
            ],
            [
                0.6485980770938664,
                0.3514019218398845,
                1.029279806152459e-09,
                3.374495356527663e-11,
                3.2243462609470293e-12
            ],
            [
                0.0,
                8.31528611602412e-11,
                0.999999998620388,
                5.026451667922833e-10,
                7.938138438343987e-10
            ],
            [
                0.9999985805189344,
                1.4174691002341205e-06,
                1.6232797391937655e-09,
                1.7075272455430358e-10,
                2.1793292363374947e-10
            ],
            [
                0.9999879090436373,
                1.208902339622427e-05,
                1.3023183070592145e-09,
                4.396617714355268e-10,
                1.9098609909649626e-10
            ]
        ],
        [
            [
                0.9999865727249679,
                1.3427094347909395e-05,
                1.4959053653087092e-10,
                2.7801714664952976e-11,
                3.2918439251253434e-12
            ],
            [
                0.9993929831501688,
                0.0006070166777063515,
                1.5536510880498738e-10,
                1.5788272540013517e-11,
                9.713926543480303e-13
            ],
            [
                0.0,
                1.014626708087267e-11,
                0.9999999993153985,
                2.3476239338194166e-10,
                4.3969282234020155e-10
            ],
            [
                0.9334893276850057,
                0.06651066231064168,
                9.019162162136686e-09,
                6.777634869064505e-10,
                3.0742670825076154e-10
            ],
            [
                0.9999987526824694,
                1.244579145016768e-06,
                9.891390202430777e-10,
                5.689960765336753e-10,
                1.1802506079131368e-09
            ]
        ],
        [
            [
                0.999746929818936,
                0.0002530700607588505,
                1.1623886176687621e-10,
                2.8346198372431186e-12,
                1.231609798369649e-12
            ],
            [
                0.9999987200739066,
                1.2795926901255154e-06,
                2.8780977474068807e-10,
                4.2307010415721905e-11,
                3.286467440283395e-12
            ],
            [
                0.0,
                5.405503494196303e-12,
                0.9999999998619358,
                6.300480421737842e-11,
                6.965395108573286e-11
            ],
            [
                0.8734762209918182,
                0.1265237669779087,
                6.574088863985415e-09,
                3.853504554017169e-09,
                1.6026796722962847e-09
            ],
            [
                0.9999995816752613,
                4.116424779179533e-07,
                5.7522941088015395e-09,
                4.6498343463879647e-10,
                4.6498343463879647e-10
            ]
        ],
        [
            [
                0.9999470963533524,
                5.2902892133767776e-05,
                7.390188537042364e-10,
                1.4527454761737399e-11,
                9.674874721113436e-13
            ],
            [
                0.6327962227443894,
                0.3672037764411758,
                7.640282192564573e-10,
                4.648483794856775e-11,
                3.921804814828542e-12
            ],
            [
                0.0015840286029526686,
                0.9984159656384749,
                5.663696141706882e-09,
                7.107057641288837e-11,
                2.3805661184833717e-11
            ],
            [
                0.9999915280881562,
                8.467691534391828e-06,
                1.1087069404446168e-09,
                6.423426160138936e-10,
                2.4692598436744057e-09
            ],
            [
                0.9999973805256575,
                2.6169892086921122e-06,
                1.6784697903891963e-09,
                5.001939670600929e-10,
                3.064700896592834e-10
            ]
        ],
        [
            [
                0.9999999017198075,
                9.79529411850391e-08,
                3.0423073984940353e-10,
                2.1877034024149745e-11,
                1.1435350586494284e-12
            ],
            [
                0.44738012550280576,
                0.5526198733103377,
                1.1181915271116987e-09,
                5.5960304330938466e-11,
                1.2704588419431992e-11
            ],
            [
                0.0,
                2.506449565416071e-11,
                0.9999999996879461,
                1.0124755785136797e-10,
                1.8574209552380385e-10
            ],
            [
                0.999990435731384,
                9.562739737744837e-06,
                1.4401251835339384e-09,
                4.721920836759475e-11,
                4.1534084568810706e-11
            ],
            [
                0.9999997891848518,
                2.1011971663464198e-07,
                5.579002856861897e-10,
                6.26802188199484e-11,
                7.485117513780302e-11
            ]
        ],
        [
            [
                0.9999994765146105,
                5.227508012717934e-07,
                6.822953808945618e-10,
                4.8365447138819575e-11,
                3.927366433645209e-12
            ],
            [
                0.001703947965206923,
                0.998296051958023,
                6.815822643585505e-11,
                6.508154948067223e-12,
                2.1038324313582737e-12
            ],
            [
                0.0,
                9.18486961319788e-12,
                0.9999999995435493,
                1.2868261341689517e-10,
                3.1858305381740367e-10
            ],
            [
                0.1203451022493994,
                0.8796548966600528,
                7.801501492322535e-10,
                2.7599214405982676e-10,
                3.440552541808153e-11
            ],
            [
                0.9999946299705423,
                5.366974143481514e-06,
                2.819569133954201e-09,
                1.36751940631354e-10,
                9.899293808369818e-11
            ]
        ],
        [
            [
                0.9982332242555794,
                0.001766774596385756,
                9.26286913725878e-10,
                1.6782736977942042e-10,
                5.3920477519408146e-11
            ],
            [
                0.4482861730409425,
                0.5517138259146062,
                9.928286360139419e-10,
                4.4537646746324845e-11,
                7.0848978575004996e-12
            ],
            [
                0.0,
                2.9408658668511683e-09,
                0.9999999811564119,
                7.25483170404753e-09,
                8.64789055237562e-09
            ],
            [
                0.9999361791336205,
                6.382006328439066e-05,
                7.22272690588404e-10,
                6.135834692353111e-11,
                1.946410867744709e-11
            ],
            [
                0.9999896661886305,
                1.0331261607208716e-05,
                7.077476944339228e-10,
                7.73674552838198e-10,
                1.0683400289637486e-09
            ]
        ],
        [
