{
    "[['A', 'B', 'C', 'D', 'E'], ['A', 'B', 'C', 'D', 'E']]": [
        [
            [
                2.6564104930877204e-05,
                0.9999734311819861,
                4.680061837537496e-09,
                3.09837750330806e-11,
                2.0373355478064096e-12
            ],
            [
                1.2915048410773438e-07,
                0.9999994755280966,
                3.949231711233505e-07,
                3.658296700080913e-10,
                3.241860970124342e-11
            ],
            [
                0.0,
                3.71289190918342e-12,
                0.9999999998821474,
                3.994423503875833e-11,
                7.419561794099748e-11
            ],
            [
                0.0,
                2.4478508247674836e-11,
                2.2403802734857398e-09,
                2.109524705560805e-06,
                0.9999978882104357
            ],
            [
                0.0,
                1.6860661294987736e-11,
                3.193101727806066e-09,
                7.506220118505005e-07,
                0.9999992461680258
            ]
        ],
        [
            [
                8.999234190853504e-06,
                0.9999909949768993,
                5.77771582090709e-09,
                1.0047261598296234e-11,
                1.1468375742938521e-12
            ],
            [
                4.09063918615169e-05,
                0.9999590893375884,
                4.243571177514549e-09,
                2.4997559613613116e-11,
                1.981274273670439e-12
            ],
            [
                0.0,
                5.422024978118312e-12,
                0.9999999997587983,
                8.170146827374124e-11,
                1.5407815030415052e-10
            ],
            [
                0.0,
                5.394565018352411e-12,
                1.4234422389635862e-09,
                5.028156432330769e-07,
                0.9999994957555198
            ],
            [
                0.0,
                3.0733583600512024e-10,
                3.4694741917729685e-06,
                1.9459536545282617e-06,
                0.9999945842648178
            ]
        ],
        [
            [
                0.005021321121701399,
                0.9949786558188018,
                2.2991472154471296e-08,
                6.269802859288619e-11,
                5.32641039493723e-12
            ],
            [
                2.6675320115026147e-07,
                0.9999994866796488,
                2.4616489716421365e-07,
                3.848037920496284e-10,
                1.7449078544378553e-11
            ],
            [
                0.0,
                8.607572259695063e-13,
                0.9999999999467182,
                1.8318734298347016e-11,
                3.4102180996812346e-11
            ],
            [
                0.0,
                1.2184789498125939e-11,
                2.008520421722827e-09,
                3.0353086838118814e-08,
                0.9999999676262078
            ],
            [
                0.0,
                1.2019608982579292e-11,
                1.0039647637774595e-09,
                2.0845243265846366e-06,
                0.9999979144596891
            ]
        ],
        [
            [
                0.3108193791375814,
                0.6891805756209297,
                4.510295570287406e-08,
                1.2863059386377774e-10,
                9.902707234522441e-12
            ],
            [
                0.00027914378473817655,
                0.9997208512272582,
                4.976021315621051e-09,
                1.1092853747866125e-11,
                8.894282309571158e-13
            ],
            [
                0.0,
                2.679304302786348e-12,
                0.9999999998641758,
                3.012981722574024e-11,
                1.0301493317795975e-10
            ],
            [
                0.0,
                2.1811745577762286e-11,
                3.934187863366006e-09,
                7.82269798046049e-08,
                0.9999999178170206
            ],
            [
                0.0,
                1.9224444681187474e-10,
                4.3275368485816966e-07,
                4.191451640567934e-06,
                0.9999953756024301
            ]
        ],
        [
            [
                0.001684745454306789,
                0.9983152461371557,
                8.380880166512106e-09,
                2.6079213082649997e-11,
                1.578043741990372e-12
            ],
            [
                8.258256265646485e-08,
                0.9999997926958495,
                1.2464957874980677e-07,
                6.674209271400184e-11,
                5.2669978056249215e-12
            ],
            [
                0.0,
                3.663327490718199e-12,
                0.9999999998842402,
                2.5313506756080712e-11,
                8.678301713145422e-11
            ],
            [
                0.0,
                4.295151229657509e-12,
                2.398840313725714e-10,
                7.61363977421362e-08,
                0.9999999236194231
            ],
            [
                0.0,
                2.1018922642852428e-11,
                2.9366059351761022e-09,
                1.0800352426632025e-08,
                0.9999999862420228
            ]
        ],
        [
            [
                0.9943375368397734,
                0.005662457869737734,
                5.268121107333195e-09,
                2.039229949481855e-11,
                1.975403014737872e-12
            ],
            [
                3.5360687547894727e-06,
                0.9999964573176827,
                6.547397507641184e-09,
                6.247635486964453e-11,
                3.688638600906195e-12
            ],
            [
                0.0,
                2.406169623346069e-12,
                0.999999999893108,
                3.025293481175261e-11,
                7.423312940231408e-11
            ],
            [
                0.0,
                1.3555424834762682e-10,
                1.0007729988158345e-07,
                5.248328354953026e-07,
                0.9999993749543102
            ],
            [
                0.0,
                5.5869542278710666e-11,
                8.876657713903066e-09,
                2.7187165854278007e-08,
                0.999999963880307
            ]
        ],
        [
            [
                0.04408756252577409,
                0.955912409398068,
                2.7749941430716377e-08,
                3.0967895372892584e-10,
                1.653738475268777e-11
            ],
            [
                1.5008955464526337e-06,
                0.9999984768966006,
                2.208569051502892e-08,
                1.1581772485057038e-10,
                6.344723153507116e-12
            ],
            [
                0.0,
                3.6129841692758595e-12,
                0.999999999914517,
                3.672697234896374e-11,
                4.5142905819929924e-11
            ],
            [
                0.0,
                1.3232670971340713e-11,
                7.898101056399715e-10,
                5.323783246326794e-07,
                0.9999994668186326
            ],
            [
                0.0,
                1.1608288762148237e-10,
                6.486208955472895e-08,
                5.488280603490041e-07,
                0.9999993861937673
            ]
        ],
        [
            [
                0.3122635002221182,
                0.6877364957539167,
                3.986466244238524e-09,
                3.272357752820764e-11,
                4.775310521965815e-12
            ],
            [
                1.2521581664107328e-06,
                0.9999987018341119,
                4.596411734686505e-08,
                4.124727492327031e-11,
                2.357088630813136e-12
            ],
            [
                0.0,
                9.577057743078155e-12,
                0.9999999997428293,
                1.0192785782428679e-10,
                1.4566583963239595e-10
            ],
            [
                0.0,
                3.893239737600576e-11,
                8.210334261051509e-09,
                7.321993708747841e-08,
                0.9999999185307962
            ],
            [
                0.0,
                2.056235271833856e-11,
                6.705438802809271e-09,
                3.923503557419443e-08,
                0.9999999540389634
            ]
        ],
        [
            [
                0.04889928192513606,
                0.9511007004921571,
                1.7540066291647547e-08,
                3.7726005531011873e-11,
                4.914196687679003e-12
            ],
            [
                7.632498319459161e-08,
                0.9999998528148947,
                7.044918542770281e-08,
                3.7337464803252817e-10,
                3.7561948455902667e-11
            ],
            [
                0.0,
                1.4117817684647472e-11,
                0.9999999995974374,
                1.9313900911529528e-10,
                1.953057474511255e-10
            ],
            [
                0.0,
                4.403850277958591e-11,
                6.730467230266026e-08,
                5.09748706092627e-08,
                0.9999998816764186
            ],
            [
                0.0,
                2.350678617909595e-11,
                5.508731257616346e-09,
                2.0114439028751118e-07,
                0.9999997933233716
            ]
        ],
        [
            [
                0.999451814283188,
                0.0005481813150244715,
                4.346127412246441e-09,
                5.281214463917379e-11,
                2.84800036700539e-12
            ],
            [
                2.78072186212621e-08,
                0.9999891642182025,
                1.0807818686792827e-05,
                1.4347289002632549e-10,
                1.2419190148134656e-11
            ],
            [
                0.0,
                2.607352901440602e-12,
                0.9999999999045255,
                3.193445770249742e-11,
                6.093278337366549e-11
            ],
            [
                0.0,
                3.116686466840556e-11,
                3.240689907396757e-09,
                6.042313444590474e-06,
                0.9999939544146986
            ],
            [
                0.0,
                8.627876719811797e-12,
                4.0175850628201003e-10,
                7.435099951082221e-08,
                0.9999999252386141
            ]
        ],
        [
            [
                0.5645885163934996,
                0.43541147212432174,
                1.1326641019050718e-08,
                1.5209382106130028e-10,
                3.4436494639370985e-12
            ],
            [
                2.232067299948192e-07,
                0.9999996148478475,
                1.6170190637049558e-07,
                2.258437215421667e-10,
                1.767231568223059e-11
            ],
            [
                0.0,
                3.5626123331652537e-12,
                0.9999999998598752,
                5.6040625700944644e-11,
                8.052137828790955e-11
            ],
            [
                0.0,
                1.953380685374115e-11,
                1.9391797183027485e-09,
                7.218024949295248e-08,
                0.999999925861037
            ],
            [
                0.0,
                1.2371668536358016e-11,
                1.8214092139576593e-09,
                2.1037203618698e-08,
                0.9999999771290154
            ]
        ],
        [
            [
                0.7140699084029507,
                0.28593006599177484,
                2.5457638918960367e-08,
                1.3506157103051092e-10,
                1.2574237754613615e-11
            ],
            [
                9.313207838490194e-08,
                0.9999998585054017,
                4.8327530109633966e-08,
                3.168799597319181e-11,
                3.301741222261902e-12
            ],
            [
                0.0,
                3.631458363903656e-12,
                0.9999999998524747,
                9.197706976124719e-11,
                5.191666776707327e-11
            ],
            [
                0.0,
                1.6331693294299186e-11,
                1.6856691684851453e-09,
                7.195024933388893e-09,
                0.9999999911029743
            ],
            [
                0.0,
                2.0428503770881035e-11,
                4.879273967689783e-09,
                5.719707898517544e-07,
                0.9999994231295076
            ]
        ],
        [
            [
                0.10432300377848876,
                0.8956763680567073,
                6.266056520417824e-07,
                1.2654540140679046e-09,
                2.9369799444714225e-10
            ],
            [
                3.0648050193790083e-07,
                0.9999996684212027,
                2.493626361249221e-08,
                1.4577646399425312e-10,
                1.6255274789035052e-11
            ],
            [
                0.0,
                2.2718541656165813e-12,
                0.9999999998889819,
                4.160774631168095e-11,
                6.713840319001374e-11
            ],
            [
                0.0,
                8.130144799552473e-12,
                1.1156286689699425e-09,
                2.858569410209796e-08,
                0.9999999702905471
            ],
            [
                0.0,
                5.259932907099311e-11,
                9.829239070539153e-09,
                1.8530749248455628e-07,
                0.9999998048106691
            ]
        ],
        [
            [
                0.001220691977057835,
                0.9987783231117408,
                9.845928799057702e-07,
                2.7719706882738355e-10,
                4.112417466481432e-11
            ],
            [
                7.80716276847239e-07,
                0.9999990961081571,
                1.2310470459543796e-07,
                6.697111760069889e-11,
                3.89043929763841e-12
            ],
            [
                0.0,
                6.1968611022256136e-12,
                0.9999999997960578,
                9.308789520003396e-11,
                1.0465734179856687e-10
            ],
            [
                0.0,
                6.661097005300973e-11,
                1.3852514287987467e-08,
                6.241293541635436e-07,
                0.9999993619515205
            ],
            [
                0.0,
                7.821458337434503e-12,
                1.8544934021143633e-10,
                4.952614843751311e-09,
                0.9999999948541143
            ]
        ],
        [
            [
                4.996214568443824e-06,
                0.9999949993528661,
                4.422322308330798e-09,
                9.520016769968687e-12,
                7.23140048875485e-13
            ],
            [
                1.1279265807690054e-06,
                0.9999988266703035,
                4.518871425426743e-08,
                2.034009879290522e-10,
                1.1000441222805977e-11
            ],
            [
                0.0,
                5.570647183901672e-13,
                0.9999999999757578,
                6.920578447886446e-12,
                1.6764459962038993e-11
            ],
            [
                0.0,
                3.7245120200370656e-11,
                6.943502645215761e-09,
                2.5830173669921904e-06,
                0.9999974100018852
            ],
            [
                0.0,
                9.696383258567517e-12,
                8.752028333624251e-10,
                1.0434124231500626e-06,
                0.9999989557026776
            ]
        ],
        [
            [
                0.19473184864182727,
                0.8052681370757464,
                1.4218935252135835e-08,
                5.312979297015669e-11,
                1.0361195088605072e-11
            ],
            [
                2.372380142972822e-07,
                0.9999997305920866,
                3.202856730111808e-08,
                1.337416358830606e-10,
                7.590047790662746e-12
            ],
            [
                0.0,
                3.5950290646115822e-12,
                0.9999999998607845,
                3.4443476158519163e-11,
                1.0117690266643368e-10
            ],
            [
                0.0,
                1.344867807855005e-10,
                1.5778594811996666e-07,
                0.00038633479915730446,
                0.9996135072804078
            ],
            [
                0.0,
                1.4745902293597568e-11,
                3.412257960694706e-09,
                3.1747815100558274e-08,
                0.999999964825181
            ]
        ],
        [
            [
                0.9878315621774301,
                0.01216842591315185,
                1.1883561384755713e-08,
                2.3769001895017424e-11,
                2.0877032882891977e-12
            ],
            [
                9.935059592457397e-08,
                0.999999792728008,
                1.0788828538333369e-07,
                3.12179706114025e-11,
                1.892774997221971e-12
            ],
            [
                0.0,
                2.6874011135783057e-12,
                0.9999999998450111,
                5.872973542589589e-11,
                9.357191054952817e-11
            ],
            [
                0.0,
                2.3040518124984697e-11,
                1.7371954880007437e-09,
                5.861933679913389e-09,
                0.9999999923778303
            ],
            [
                0.0,
                3.1838122987063935e-11,
                4.067015793776467e-09,
                4.3035141953032447e-07,
                0.9999995655497266
            ]
        ],
        [
            [
                4.328791510893719e-05,
                0.9999524817845815,
                4.229501120400384e-06,
                7.20302601164723e-10,
                7.888672204839167e-11
            ],
            [
                1.9716663487440246e-07,
                0.9999997719092232,
                3.079064799006346e-08,
                1.2525915545673493e-10,
                8.234834519014321e-12
            ],
            [
                0.0,
                1.7156216011332437e-12,
                0.999999999905844,
                4.930516999451032e-11,
                4.313535135286359e-11
            ],
            [
                0.0,
                9.903254716267899e-12,
                6.373511652477484e-10,
                1.183519433758586e-07,
                0.9999998810008023
            ],
            [
                0.0,
                4.069013369214314e-11,
                1.4219017280456568e-08,
                1.5712975786109993e-05,
                0.9999842727645064
            ]
        ],
        [
            [
                0.004949801289807594,
                0.9950501885395977,
                1.0083042351503382e-08,
                8.10634926441743e-11,
                6.488484579386157e-12
            ],
            [
                1.677556273239309e-05,
                0.9999832106533099,
                1.3732502796828666e-08,
                5.014049121792314e-11,
                1.314474722764314e-12
            ],
            [
                0.0,
                6.325570913361242e-12,
                0.9999999997371471,
                1.2589291550340591e-10,
                1.3063429880300034e-10
            ],
            [
                0.0,
                1.7715378349817552e-11,
                2.006096883109871e-09,
                2.744599565554989e-07,
                0.9999997235162311
            ],
            [
                0.0,
                4.755026977904314e-11,
                1.093567085487981e-08,
                5.7979436058253215e-08,
                0.9999999310373429
            ]
        ],
        [
            [
                3.4046004163076655e-05,
                0.9999659497033749,
                4.247474542712746e-09,
                4.005723011324386e-11,
                4.930204376813085e-12
            ],
            [
                8.311608858935963e-07,
                0.9999990955452083,
                7.321058157730295e-08,
                7.751763775269475e-11,
                5.806575062653651e-12
            ],
            [
                0.0,
                7.1887999974251865e-12,
                0.9999999997364932,
                8.455662385510529e-11,
                1.7176140542017227e-10
            ],
            [
                0.0,
                1.4872169234122575e-10,
                1.803455903104471e-07,
                0.00013666800549204036,
                0.9998631515001959
            ],
            [
                0.0,
                7.464853538113766e-12,
                4.737412496553563e-10,
                2.7359663527336015e-08,
                0.9999999721591303
            ]
        ],
        [
            [
                0.13785518036807684,
                0.8621447929412219,
                2.664012147678159e-08,
                4.8355024625838026e-11,
                2.2246173520175464e-12
            ],
            [
                8.064492545757076e-08,
                0.9999997981308273,
                1.2094316644740036e-07,
                2.609674162003964e-10,
                2.011347744456931e-11
            ],
            [
                0.0,
                1.8056265790698115e-12,
                0.9999999999342177,
                3.163189758062846e-11,
                3.234480424415505e-11
            ],
            [
                0.0,
                1.2392599765567866e-10,
                1.9703448927798432e-07,
                4.550094048719714e-08,
                0.9999997573406442
            ],
            [
                0.0,
                2.3520689352876264e-11,
                1.1338632420883895e-09,
                8.56058808918801e-08,
                0.9999999132367352
            ]
        ],
        [
            [
                0.9655367936944133,
                0.03446319087029924,
                1.537870467417298e-08,
                5.296194049684911e-11,
                3.6212008006397535e-12
            ],
            [
                6.330448134055953e-06,
                0.9999936563422167,
                1.3164569828760573e-08,
                4.310738611102579e-11,
                1.9721690144364903e-12
            ],
            [
                0.0,
                2.2693769165031495e-12,
                0.9999999998700608,
                5.674200169350886e-11,
                7.09279774732994e-11
            ],
            [
                0.0,
                1.947264901607341e-11,
                1.2935997169705544e-08,
                4.367719172115637e-08,
                0.9999999433673384
            ],
            [
                0.0,
                1.981539849968015e-11,
                1.4761789034332202e-09,
                9.403396234213188e-09,
                0.9999999891006094
            ]
        ],
        [
            [
                0.00020808183314940132,
                0.999791909974057,
                8.134919425006967e-09,
                5.428546868058362e-11,
                3.5888425103084154e-12
            ],
            [
                6.469452796192985e-05,
                0.9999353028855543,
                2.5809007336900244e-09,
                4.978472762096252e-12,
                6.044804839908981e-13
            ],
            [
                0.0,
                3.0016745040524473e-12,
                0.9999999998585538,
                6.42115677669057e-11,
                7.423312939974902e-11
            ],
            [
                0.0,
                1.4328685323395144e-11,
                1.3056038523716804e-09,
                3.4816967759367133e-07,
                0.9999996505103899
            ],
            [
                0.0,
                9.125416705792653e-11,
                1.8657172831195908e-08,
                4.576388097304183e-08,
                0.9999999354876921
            ]
        ],
        [
            [
                7.869460686043435e-07,
                0.9999992098610274,
                3.149533112372406e-09,
                3.602437351028931e-11,
                7.346557516130519e-12
            ],
            [
                3.1137012706133085e-07,
                0.9999996021575879,
                8.62067324062957e-08,
                2.371453872451054e-10,
                2.8407214459343637e-11
            ],
            [
                0.0,
                1.8741233800216346e-12,
                0.9999999999477109,
                1.598937739239493e-11,
                3.4425677222617454e-11
            ],
            [
                0.0,
                9.912027768388313e-11,
                4.700900081264311e-08,
                6.544285750741624e-06,
                0.9999934086061282
            ],
            [
                0.0,
                8.875362633773158e-11,
                3.794038504239533e-08,
                6.45139408439548e-07,
                0.9999993168314529
            ]
        ],
        [
            [
                0.9997009648384272,
                0.000299029490756244,
                5.639119159021596e-09,
                3.102049365808433e-11,
                6.769769274350734e-13
            ],
            [
                2.1237303622193445e-07,
                0.999999708451462,
                7.911121386135334e-08,
                5.629796587002144e-11,
                7.989898754219018e-12
            ],
            [
                0.0,
                2.1621116401612344e-12,
                0.9999999999007276,
                4.129923120878417e-11,
                5.581117844024405e-11
            ],
            [
                0.0,
                5.0318497983831365e-11,
                7.736203495272353e-09,
                7.940782279187695e-06,
                0.9999920514311988
            ],
            [
                0.0,
                4.731432055269981e-11,
                1.1795625784985382e-08,
                1.4467258450681133e-07,
                0.9999998434844753
            ]
        ],
        [
            [
                0.0022726620191322816,
                0.9977273317866258,
                6.170427598773335e-09,
                1.7898613951970936e-11,
                5.915748439412749e-12
            ],
            [
                2.3435897452683152e-07,
                0.9999997249808431,
                4.047022199389489e-08,
                1.8030988114170095e-10,
                9.650403983583579e-12
            ],
            [
                0.0,
                4.488873543319789e-12,
                0.9999999999113465,
                3.3124662285725174e-11,
                5.1040073631565364e-11
            ],
            [
                0.0,
                2.8078401563986204e-11,
                9.5032321862739e-09,
                3.0303472244123345e-07,
                0.9999996874339669
            ],
            [
                0.0,
                9.49709240634753e-12,
                1.0315123737386755e-09,
                2.5226834706475722e-08,
                0.9999999737321559
            ]
        ],
        [
            [
                0.9991667961020687,
                0.0008332032905155217,
                6.050731123121612e-10,
                2.1096709896768074e-12,
                2.3302707670639065e-13
            ],
            [
                8.273895975667695e-08,
                0.9999996197744271,
                2.9731238197362135e-07,
                1.6367532263743088e-10,
                1.0556104367371515e-11
            ],
            [
                0.0,
                2.4469999031353844e-12,
                0.999999999918616,
                2.93640135337387e-11,
                4.957297437303874e-11
            ],
            [
                0.0,
                3.323357513964396e-11,
                2.3386421695138524e-09,
                5.655762177027142e-07,
                0.9999994320519066
            ],
            [
                0.0,
                3.3746931201074228e-12,
                3.3673859303684456e-10,
                2.1926098362186175e-09,
                0.9999999974672769
            ]
        ],
        [
            [
                0.9511007149892884,
                0.048899282670482276,
                2.3198141262471375e-09,
                1.878106994800108e-11,
                1.6341312478147525e-12
            ],
            [
                1.8311174916388785e-07,
                0.99999935407168,
                4.6194632939661423e-07,
                8.196420432724627e-10,
                5.059952816968798e-11
            ],
            [
                0.0,
                5.7131948985914906e-12,
                0.9999999997188636,
                1.668300117528066e-10,
                1.0859315053011344e-10
            ],
            [
                0.0,
                3.617233378110314e-11,
                1.1854628655196478e-08,
                1.6897985846008272e-06,
                0.9999982983106144
            ],
            [
                0.0,
                3.356777585677542e-11,
                3.998330153845161e-09,
                2.666036595624651e-07,
                0.9999997293644426
            ]
        ],
        [
            [
                0.999978239209672,
                2.1742425785564236e-05,
                1.8278347080152618e-08,
                8.17906579749592e-11,
                4.404696722176288e-12
            ],
            [
                9.992528578142886e-08,
                0.9999991717544008,
                7.282171271704275e-07,
                9.423747736733916e-11,
                8.948790702186725e-12
            ],
            [
                0.0,
                1.7216639165786277e-11,
                0.9999999995353328,
                1.811872761110929e-10,
                2.662632879363705e-10
            ],
            [
                0.0,
                7.813708450461887e-11,
                1.1803610208189642e-07,
                3.919660973121331e-07,
                0.9999994899196635
            ],
            [
                0.0,
                6.598163130638089e-11,
                6.993517257061188e-09,
                5.053960468988406e-08,
                0.9999999424008965
            ]
        ],
        [
            [
                0.46749934107927266,
                0.5325006295353598,
                2.930760056965155e-08,
                7.260832269609719e-11,
                5.158508488412901e-12
            ],
            [
                1.0316281042106925e-06,
                0.9999989368397167,
                3.139177135059942e-08,
                1.2971365516218988e-10,
                1.0693949597222125e-11
            ],
            [
                0.0,
                6.642164939066814e-12,
                0.9999999998592342,
                6.183640454997066e-11,
                7.228732490906711e-11
            ],
            [
                0.0,
                1.0212921685829698e-11,
                2.2400681855020798e-09,
                3.836938441196541e-08,
                0.9999999593803345
            ],
            [
                0.0,
                4.4935703437019095e-11,
                3.625048881145708e-09,
                3.164279480896789e-07,
                0.9999996799020674
            ]
        ],
        [
            [
                0.002892731807216354,
                0.9971072408611511,
                2.7265475000828817e-08,
                6.403556402124332e-11,
                2.1219552245159427e-12
            ],
            [
                2.50159025506098e-07,
                0.9999996370622793,
                1.1270712773080298e-07,
                6.511200396694882e-11,
                6.455587122135446e-12
            ],
            [
                0.0,
                5.222213179728605e-12,
                0.9999999999005078,
                4.203065032654097e-11,
                5.223939302607557e-11
            ],
            [
                0.0,
                5.707403819315673e-11,
                1.1478976405951509e-07,
                2.069284274473422e-05,
                0.9999791923104172
            ],
            [
                0.0,
                2.6675215830988282e-11,
                6.561586691682126e-09,
                1.1589568288473363e-07,
                0.9999998775160552
            ]
        ],
        [
            [
                2.825002370326278e-06,
                0.999997165584713,
                9.391656133253771e-09,
                1.823027081743851e-11,
                3.0302354224428426e-12
            ],
            [
                1.3230604074293454e-07,
                0.9999997712115987,
                9.597045490654302e-08,
                5.00177751821531e-10,
                1.1727836298126563e-11
            ],
            [
                0.0,
                1.3651985746211301e-12,
                0.9999999999645244,
                1.4325187419108e-11,
                1.9785299084532037e-11
            ],
            [
                0.0,
                5.922582140872364e-11,
                7.761654542296967e-09,
                6.437673065609321e-08,
                0.9999999278023889
            ],
            [
                0.0,
                1.6739282280604057e-11,
                6.155930243810221e-10,
                2.2463536872878973e-07,
                0.999999774732299
            ]
        ],
        [
            [
                0.014154044936525738,
                0.9858459521004383,
                2.930641142226035e-09,
                2.9054755521700215e-11,
                3.340062175185144e-12
            ],
            [
                1.1905868763802385e-07,
                0.9999997615974514,
                1.1905868763802385e-07,
                2.700295343056231e-10,
                1.5143694281906696e-11
            ],
            [
                0.0,
                1.111008425847537e-12,
                0.999999999961606,
                1.1218262464167153e-11,
                2.606454246435537e-11
            ],
            [
                0.0,
                3.6078558762370424e-11,
                3.01014735450628e-09,
                3.4029529401510885e-06,
                0.999996594000834
            ],
            [
                0.0,
                1.1554296606989408e-11,
                1.382197216877442e-09,
                8.971145468676144e-08,
                0.9999999088947938
            ]
        ],
        [
            [
                0.49999999370132286,
                0.49999999370132286,
                1.2230795262100839e-08,
                3.5946418584123813e-10,
                7.094728892999305e-12
            ],
            [
                3.743174825675252e-07,
                0.9999995140560478,
                1.115002274783057e-07,
                1.14674256216962e-10,
                1.1567967863248968e-11
            ],
            [
                0.0,
                2.46884167243348e-12,
                0.9999999998783471,
                6.27467238232833e-11,
                5.643719091518998e-11
            ],
            [
                0.0,
                2.692065765269614e-11,
                2.8892863987131296e-09,
                4.2411619183920695e-08,
                0.9999999546721737
            ],
            [
                0.0,
                9.520312568826109e-11,
                3.21184364458013e-08,
                5.133091754114886e-07,
                0.9999994544771851
            ]
        ],
        [
            [
                0.7307234896647997,
                0.2692764150364062,
                9.491914440766676e-08,
                3.6094611986073056e-10,
                1.8703568816773406e-11
            ],
            [
                1.1127289968403748e-07,
                0.9999984128680365,
                1.4751369024490809e-06,
                7.000466949017215e-10,
                2.2114740804319616e-11
            ],
            [
                0.0,
                1.7104983176865334e-12,
                0.9999999998863922,
                3.474627705357699e-11,
                7.715108819892452e-11
            ],
            [
                0.0,
                1.5026110921776134e-10,
                6.986495155861271e-08,
                2.537910219327318e-06,
                0.999997392074568
            ],
            [
                0.0,
                2.5988987778512713e-11,
                2.0060970025538463e-09,
                3.341205023954135e-07,
                0.9999996638474116
            ]
        ],
        [
            [
                0.0002353187693561022,
                0.9997646779585373,
                3.2479171959268357e-09,
                2.3089481044207814e-11,
                1.0998652745709297e-12
            ],
            [
                3.715878703924349e-06,
                0.9999962806208873,
                3.4902603186687612e-09,
                9.022503833731284e-12,
                1.126040220927556e-12
            ],
            [
                0.0,
                4.336672673396162e-12,
                0.9999999998363187,
                8.638040286071626e-11,
                7.296414139758305e-11
            ],
            [
                0.0,
                8.705241161362791e-11,
                1.4184236612646725e-08,
                1.2433222398253275e-07,
                0.9999998613964869
            ],
            [
                0.0,
                1.4407007633364687e-11,
                6.308612763170043e-10,
                7.933299737502989e-07,
                0.9999992060247579
            ]
        ],
        [
            [
                0.8445302430756548,
                0.15546972551949728,
                3.125662622713014e-08,
                1.4467513221147262e-10,
                3.5466186888039983e-12
            ],
            [
                4.0576809928446924e-08,
                0.9999992895038187,
                6.696665249560558e-07,
                2.461265032510859e-10,
                6.720063356089528e-12
            ],
            [
                0.0,
                1.325982507177609e-12,
                0.9999999999561922,
                1.7726025883703763e-11,
                2.4755859105780536e-11
            ],
            [
                0.0,
                2.024155657211974e-11,
                2.9311235364342132e-08,
                3.107951586765295e-07,
                0.9999996598733644
            ],
            [
                0.0,
                1.6483850357993488e-11,
                1.1402551311678216e-08,
                2.233773081800904e-07,
                0.9999997652036566
            ]
        ],
        [
            [
                0.991538936613627,
                0.008461056979260471,
                6.355306151179655e-09,
                4.886002102342563e-11,
                2.9462624691960822e-12
            ],
            [
                0.046543228073775846,
                0.9534567506090147,
