{
    "[['A', 'B', 'C', 'D', 'E'], ['A', 'B', 'C', 'D', 'E']]": [
        [
            [
                0.0,
                1.2461201027858426e-09,
                2.2135918361720898e-08,
                3.536374015355523e-05,
                0.999964612877808
            ],
            [
                0.0,
                7.730956871946849e-08,
                1.1151247871660692e-05,
                0.18615221040190902,
                0.8138365610406506
            ],
            [
                0.0,
                4.8097470081546955e-11,
                6.334925730157102e-09,
                1.7998485837316623e-06,
                0.999998193768393
            ],
            [
                0.0,
                8.503973782880271e-11,
                6.103319406924433e-10,
                1.3558955557974194e-08,
                0.9999999857456727
            ],
            [
                0.0,
                8.867087751441907e-11,
                2.917143563774378e-10,
                5.196509018675681e-08,
                0.9999999476545246
            ]
        ],
        [
            [
                0.0,
                4.796456884797916e-10,
                6.855988450677093e-09,
                1.0913287948589032e-05,
                0.9999890793764172
            ],
            [
                0.0,
                9.117683409896138e-09,
                3.2275262971503844e-07,
                0.0045868991661629725,
                0.9954127689635239
            ],
            [
                0.0,
                1.477512530466643e-11,
                5.544991129598138e-10,
                5.287958088800745e-07,
                0.9999994706349169
            ],
            [
                0.0,
                2.2775823492169343e-11,
                1.8576228793083107e-10,
                1.2817885592576134e-08,
                0.9999999869735763
            ],
            [
                0.0,
                2.795741198361062e-11,
                2.6654580118796984e-10,
                7.340783863489111e-07,
                0.9999992656271104
            ]
        ],
        [
            [
                0.0,
                3.53877418022312e-08,
                1.20169474377424e-06,
                0.026276075091630186,
                0.9737226878258843
            ],
            [
                0.0,
                1.09192879861125e-08,
                5.225564283901542e-07,
                0.0009758004817151833,
                0.9990236660425684
            ],
            [
                0.0,
                5.511342330410451e-11,
                2.1880018556203002e-09,
                1.2165412502115652e-07,
                0.9999998761027596
            ],
            [
                0.0,
                8.294013105913897e-11,
                3.64233202225823e-10,
                1.1404530433271938e-08,
                0.9999999881482963
            ],
            [
                0.0,
                2.0911994562387445e-11,
                9.714381362897109e-11,
                3.0762062850300965e-06,
                0.9999969236756591
            ]
        ],
        [
            [
                0.0,
                3.158082556321495e-08,
                3.0974591171911553e-07,
                0.001972962605410944,
                0.9980266960678518
            ],
            [
                0.0,
                4.748098465001769e-09,
                2.850765763733622e-07,
                0.00042975818617611416,
                0.9995699519891491
            ],
            [
                0.0,
                5.222355200784684e-11,
                4.333454513250193e-09,
                3.351001758651016e-05,
                0.9999664855967354
            ],
            [
                2.6463135958358196e-11,
                3.830288174803052e-10,
                2.548449426802965e-09,
                8.517736650302891e-08,
                0.9999999118646921
            ],
            [
                0.0,
                5.154380147964954e-11,
                1.847587496062967e-10,
                5.926749101522492e-08,
                0.9999999404962066
            ]
        ],
        [
            [
                0.0,
                6.674435875441403e-08,
                2.5630554856538517e-06,
                0.08742745774162439,
                0.9125699124585311
            ],
            [
                0.0,
                1.573655581137157e-08,
                4.5728214942884594e-07,
                0.005820756093750887,
                0.9941787708875439
            ],
            [
                0.0,
                8.301309698100437e-11,
                1.4411859667709753e-09,
                1.2540344412959646e-06,
                0.9999987444413597
            ],
            [
                0.0,
                5.236299446604426e-11,
                5.544949439673466e-10,
                6.974386704883159e-06,
                0.9999930250064372
            ],
            [
                4.680110409015874e-11,
                4.0350942865758185e-10,
                1.608271180062997e-09,
                3.1224507183901376e-08,
                0.999999966716911
            ]
        ],
        [
            [
                0.0,
                3.9789361163047386e-10,
                1.4354611422544606e-08,
                3.57760911256458e-05,
                0.9999642091563693
            ],
            [
                0.0,
                2.893319131794261e-08,
                3.3947033175927015e-06,
                0.03853525424299372,
                0.9614613221204974
            ],
            [
                0.0,
                7.905648199027759e-11,
                1.8274745842233342e-09,
                1.9349649560285324e-08,
                0.9999999787438194
            ],
            [
                0.0,
                3.0130450837567485e-11,
                3.6614732584952503e-10,
                7.06099390578144e-08,
                0.9999999289937831
            ],
            [
                0.0,
                3.0681089771211775e-11,
                1.537467087732053e-10,
                1.6575724191014867e-07,
                0.9999998340583303
            ]
        ],
        [
            [
                0.0,
                2.654424766870279e-09,
                6.853507631531641e-08,
                0.0005146530116623623,
                0.9994852757988366
            ],
            [
                0.0,
                1.1845023955138325e-08,
                9.02119389473157e-07,
                0.015187964265832415,
                0.9848111217697542
            ],
            [
                0.0,
                1.3172669637488585e-10,
                7.2880067649073805e-09,
                5.592838030044626e-06,
                0.9999943997422365
            ],
            [
                0.0,
                1.2264158215400293e-11,
                2.1689455144923606e-10,
                1.6040933454137465e-08,
                0.9999999837299078
            ],
            [
                0.0,
                1.833684217390907e-11,
                7.072736403642752e-11,
                5.3415880045228715e-09,
                0.9999999945693478
            ]
        ],
        [
            [
                0.0,
                5.108217541564657e-10,
                8.588091741087307e-09,
                1.1381503428471876e-05,
                0.999988609397658
            ],
            [
                0.0,
                1.7443427038634114e-07,
                2.017361197846364e-05,
                0.7670648066930009,
                0.2329148452607503
            ],
            [
                0.0,
                3.448863717200268e-11,
                1.1901996279766714e-09,
                4.3192221907030264e-08,
                0.9999999555830899
            ],
            [
                0.0,
                4.3772036568399265e-11,
                2.70958213599358e-10,
                7.012047362717339e-08,
                0.9999999295647961
            ],
            [
                0.0,
                2.269122804439323e-11,
                1.1013449348727037e-09,
                4.3173180322652836e-07,
                0.9999995671441607
            ]
        ],
        [
            [
                0.0,
                3.680084610966211e-09,
                1.0479692321811018e-07,
                0.00049394011022178,
                0.9995059514127703
            ],
            [
                0.0,
                3.9563962265945546e-08,
                9.760931812426672e-06,
                0.843573003236308,
                0.15641719626791728
            ],
            [
                0.0,
                2.777749088979304e-11,
                1.909720029041629e-09,
                2.5253617150278388e-05,
                0.9999747444453523
            ],
            [
                0.0,
                3.493813598502042e-11,
                2.78058642734192e-10,
                3.497974807895753e-07,
                0.9999996498895224
            ],
            [
                0.0,
                4.1365372136886235e-11,
                1.5843303112000063e-10,
                4.1375693330153284e-08,
                0.9999999584245083
            ]
        ],
        [
            [
                0.0,
                4.109591464062652e-09,
                8.529474559187095e-08,
                0.00016784484970823818,
                0.9998320657459547
            ],
            [
                0.0,
                1.1998858997144856e-07,
                2.7793620086027133e-06,
                0.029508041084212632,
                0.9704890595651888
            ],
            [
                0.0,
                1.5574063868399795e-11,
                6.85924129221413e-10,
                2.720009480609287e-07,
                0.9999997272975538
            ],
            [
                0.0,
                2.1531494318488245e-11,
                2.1845395903628528e-10,
                3.636768240383505e-08,
                0.9999999633923322
            ],
            [
                0.0,
                9.02438483539894e-11,
                4.3887591145878364e-10,
                1.7641445265603448e-06,
                0.9999982353263537
            ]
        ],
        [
            [
                0.0,
                1.6600829153218392e-09,
                6.766352756585836e-08,
                0.0002483509203753814,
                0.999751579756014
            ],
            [
                0.0,
                7.439737988653973e-08,
                1.0509838790667241e-05,
                0.967058731180237,
                0.032930684583592315
            ],
            [
                0.0,
                2.4167081414753177e-11,
                6.873202033416735e-10,
                6.131425125136831e-07,
                0.9999993861460001
            ],
            [
                0.0,
                1.187554413320669e-11,
                2.452141728917317e-10,
                2.8064628474921256e-08,
                0.9999999716782818
            ],
            [
                0.0,
                8.984055034078036e-12,
                2.41169484726475e-10,
                9.289572233662201e-09,
                0.9999999904602742
            ]
        ],
        [
            [
                0.0,
                6.660833621311185e-10,
                3.901124671161747e-08,
                0.00014209570043403002,
                0.9998578646222359
            ],
            [
                0.0,
                1.3779240002377522e-07,
                7.565450891412279e-06,
                0.7480820927307651,
                0.2519102040259435
            ],
            [
                0.0,
                2.2351760553453965e-10,
                1.523279746193467e-08,
                0.005366209449892798,
                0.9946337750937921
            ],
            [
                0.0,
                2.9725451023965265e-11,
                2.376751693031453e-10,
                1.3261641772505158e-07,
                0.9999998671161816
            ],
            [
                3.520040695498198e-11,
                4.788513105205533e-10,
                1.85808448198671e-09,
                1.4597916474569309e-08,
                0.9999999830299474
            ]
        ],
        [
            [
                0.0,
                1.515838242747613e-10,
                3.755933276222379e-09,
                5.5926407056711984e-06,
                0.9999944034517773
            ],
            [
                0.0,
                3.36186069225253e-10,
                1.5673202832826477e-08,
                9.158819510895521e-05,
                0.9999083957955022
            ],
            [
                0.0,
                6.241084531549243e-11,
                2.5107152613905305e-09,
                2.5251459902510537e-06,
                0.9999974722808838
            ],
            [
                6.105222652953984e-12,
                7.81755465263523e-11,
                1.447375775479225e-09,
                1.1030019895285519e-08,
                0.9999999874383235
            ],
            [
                0.0,
                6.310594903386023e-11,
                5.869012330218866e-10,
                1.6028944434341915e-08,
                0.9999999833210483
            ]
        ],
        [
            [
                0.0,
                5.008928329904971e-10,
                6.7789059594759136e-09,
                2.9343401872877182e-06,
                0.999997058380014
            ],
            [
                0.0,
                5.885954421092404e-09,
                2.0223132309416655e-07,
                0.0009463588723000068,
                0.9990534330104225
            ],
            [
                0.0,
                3.0905863129547873e-11,
                5.839533558750116e-10,
                5.4580404747179693e-08,
                0.999999944804736
            ],
            [
                0.0,
                6.480202025045799e-11,
                9.118392117876065e-10,
                1.5131476890872254e-06,
                0.9999984858756698
            ],
            [
                0.0,
                3.066846892529244e-10,
                1.0071428410157316e-09,
                3.650394832095144e-07,
                0.9999996336466893
            ]
        ],
        [
            [
                0.0,
                1.9877651530922267e-09,
                5.322724973558638e-08,
                0.00018202209638263915,
                0.9998179226886025
            ],
            [
                0.0,
                1.0882942853794578e-08,
                5.920571947171619e-07,
                0.9999488170673191,
                5.057999254319673e-05
            ],
            [
                0.0,
                1.75596230365236e-11,
                5.985419085860165e-10,
                2.2657518442835254e-07,
                0.999999772808714
            ],
            [
                0.0,
                2.5463622567854193e-11,
                2.1784314751440386e-10,
                3.010585019270375e-08,
                0.999999969650843
            ],
            [
                0.0,
                4.6299370832607185e-11,
                7.051901289320316e-10,
                2.7651669243856887e-08,
                0.9999999715968412
            ]
        ],
        [
            [
                0.0,
                2.4487462412277357e-08,
                7.330639495828659e-07,
                0.020552060760348934,
                0.9794471816882391
            ],
            [
                0.0,
                1.3223111603168505e-07,
                8.170869167834605e-06,
                0.9704897125981096,
                0.029501984301606606
            ],
            [
                0.0,
                3.896538006933872e-11,
                2.915219189161791e-10,
                3.62418132606965e-07,
                0.9999996372513801
            ],
            [
                0.0,
                2.941463333554781e-11,
                3.301707042141363e-10,
                6.687204147475112e-08,
                0.9999999327683733
            ],
            [
                0.0,
                2.956063715440551e-11,
                1.4726908818414748e-10,
                5.7452568890016746e-08,
                0.9999999423706014
            ]
        ],
        [
            [
                0.0,
                1.1845451925519006e-08,
                3.917284193045844e-07,
                0.03684044607533952,
                0.9631591503507893
            ],
            [
                0.0,
                1.488049738740364e-08,
                1.4109602105531049e-06,
                0.9980256145110201,
                0.0019729596482718635
            ],
            [
                0.0,
                2.9987749050464846e-11,
                1.092130354473168e-09,
                3.8089737712561815e-05,
                0.9999619091401692
            ],
            [
                0.0,
                3.030092375373955e-11,
                1.4500249332537718e-10,
                6.01393913189993e-09,
                0.9999999938107573
            ],
            [
                2.836223614504024e-10,
                1.1783836746191583e-09,
                7.603607434868095e-09,
                1.0092586320322078e-08,
                0.9999999808418002
            ]
        ],
        [
            [
                0.0,
                1.997361513396752e-09,
                4.957305286586715e-08,
                0.0001530755113357526,
                0.9998468729182498
            ],
            [
                0.0,
                1.1670534506557028e-07,
                1.3552822940316093e-05,
                0.9043787275543844,
                0.09560760291733013
            ],
            [
                1.7227248404307998e-11,
                2.716091182971381e-10,
                5.500027363036355e-09,
                3.800389984821909e-08,
                0.9999999562072365
            ],
            [
                0.0,
                2.296562522217828e-11,
                3.0202561534911907e-10,
                6.36191957794381e-08,
                0.9999999360558129
            ],
            [
                0.0,
                1.848721672665883e-11,
                1.3424562367348951e-10,
                1.5539438443704482e-07,
                0.9999998444528827
            ]
        ],
        [
            [
                0.0,
                1.5539838828472818e-09,
                2.2844687802224286e-08,
                1.793241345882661e-05,
                0.9999820431878694
            ],
            [
                0.0,
                4.003705145402215e-08,
                1.4954705773510998e-06,
                0.0672371847009995,
                0.9327612797913717
            ],
            [
                0.0,
                4.228256342624235e-11,
                1.2609098843035019e-09,
                2.933680864830071e-07,
                0.999999705328721
            ],
            [
                0.0,
                1.6551332860799194e-11,
                6.385618615858201e-10,
                3.793806673425547e-08,
                0.9999999614068201
            ],
            [
                1.079689580359654e-11,
                2.7218476257038615e-10,
                4.860128119460755e-10,
                5.7800224590048524e-08,
                0.9999999414307809
            ]
        ],
        [
            [
                0.0,
                1.8186608196449632e-08,
                8.789757374255731e-07,
                0.0007700188939890241,
                0.9992290839436653
            ],
            [
                0.0,
                1.7843317914174015e-08,
                7.306842321188232e-06,
                0.9999212342428481,
                7.14410715126535e-05
            ],
            [
                0.0,
                2.1400845072431833e-11,
                6.726315248270565e-10,
                1.8984680928741433e-06,
                0.9999981008378748
            ],
            [
                0.0,
                7.919155309443219e-11,
                5.722241430469363e-10,
                1.6252415738668716e-08,
                0.9999999830961687
            ],
            [
                0.0,
                2.140088645383367e-11,
                9.867624212197814e-11,
                8.461919395921108e-08,
                0.999999915260729
            ]
        ],
        [
            [
                0.0,
                9.738443205562537e-11,
                3.795209179790984e-09,
                8.638977231558339e-06,
                0.9999913571301748
            ],
            [
                0.0,
                3.676417417190193e-08,
                1.0920600912897e-06,
                0.05007637412593945,
                0.9499224970497951
            ],
            [
                0.0,
                1.5223277312057856e-11,
                2.7468972889496487e-10,
                1.998908926929183e-07,
                0.9999997998191943
            ],
            [
                1.2731902484608536e-11,
                3.640394248222341e-10,
                9.58370046748972e-10,
                1.6478971178353887e-08,
                0.9999999821858875
            ],
            [
                0.0,
                1.1442120061751604e-11,
                6.566124875957904e-11,
                6.783504461408562e-07,
                0.9999993215724505
            ]
        ],
        [
            [
                0.0,
                3.0476099413111075e-10,
                1.4575854085811266e-08,
                4.2475781829271865e-06,
                0.9999957375412021
            ],
            [
                0.0,
                1.6619307949819644e-08,
                7.359148559732526e-07,
                0.002179858633545608,
                0.9978193888322906
            ],
            [
                0.0,
                3.8468104637885e-11,
                2.2538338871067704e-09,
                3.152984524402426e-08,
                0.9999999661778527
            ],
            [
                0.0,
                3.224415385141063e-11,
                4.109542053055755e-10,
                2.768479806536345e-07,
                0.999999722708821
            ],
            [
                0.0,
                1.6057040332778646e-11,
                7.314346666780589e-11,
                5.5198191778529184e-08,
                0.9999999447126078
            ]
        ],
        [
            [
                0.0,
                2.492407801753348e-09,
                4.9890818368505556e-08,
                0.00040433812065474375,
                0.999595609496119
            ],
            [
                0.0,
                7.284407144972759e-09,
                3.3608621407542767e-07,
                0.00034229032685464825,
                0.9996573663025241
            ],
            [
                0.0,
                5.079843824207489e-11,
                1.157204040487791e-09,
                1.0550610889133862e-07,
                0.9999998932858887
            ],
            [
                0.0,
                3.102055399185195e-11,
                4.672228377773022e-10,
                2.0167326092885602e-08,
                0.9999999793344305
            ],
            [
                0.0,
                2.3591812480690973e-11,
                1.3817009207368946e-10,
                1.558767023035081e-06,
                0.9999984410712149
            ]
        ],
        [
            [
                0.0,
                4.4984861705103914e-10,
                3.079323149689277e-08,
                0.0004557764275433815,
                0.9995441923293765
            ],
            [
                0.0,
                2.3157791855197634e-08,
                1.0851127660177294e-06,
                0.002354891844113745,
                0.9976439998853284
            ],
            [
                0.0,
                2.669506572384034e-11,
                8.080835943756504e-10,
                2.5113668115905276e-07,
                0.9999997480285402
            ],
            [
                0.0,
                4.040067078786581e-11,
                5.075981662426227e-10,
                4.427405067822669e-08,
                0.9999999551779504
            ],
            [
                2.0129595266703762e-11,
                3.4512739918847153e-10,
                1.0626111089223155e-09,
                2.4972388116229942e-08,
                0.9999999735997438
            ]
        ],
        [
            [
                0.0,
                8.133519072458751e-10,
                1.4475725557748524e-08,
                1.3570334544364313e-05,
                0.9999864143763783
            ],
            [
                0.0,
                1.0660317549021701e-09,
                3.8980976482768376e-08,
                0.0001761950434250754,
                0.9998237649095667
            ],
            [
                0.0,
                2.043676533023927e-11,
                5.34851779267521e-10,
                4.655758367102318e-06,
                0.9999953436863445
            ],
            [
                0.0,
                2.717571824964504e-11,
                5.796488628104664e-10,
                4.051720138499911e-07,
                0.9999995942211615
            ],
            [
                0.0,
                8.350996078262573e-12,
                4.017467881400432e-11,
                4.015311663768898e-09,
                0.9999999959361627
            ]
        ],
        [
            [
                0.0,
                1.5696827816785768e-09,
                3.421860073318755e-08,
                8.569062860359932e-05,
                0.9999142735831129
            ],
            [
                0.0,
                1.2899575773493727e-09,
                2.129225002129248e-08,
                4.949180594447399e-06,
                0.9999950282371979
            ],
            [
                0.0,
                1.80249269184019e-11,
                4.2286940598419944e-10,
                6.409343338321624e-07,
                0.9999993586247717
            ],
            [
                0.0,
                1.8487217195631667e-11,
                1.5314001017853305e-10,
                1.0798786967357512e-08,
                0.9999999890295858
            ],
            [
                0.0,
                3.159113708185865e-11,
                1.5778465773034546e-10,
                5.162298416076337e-08,
                0.99999994818764
            ]
        ],
        [
            [
                0.0,
                9.555044967625469e-10,
                2.9330137889989365e-08,
                5.9200814620324954e-05,
                0.9999407688997373
            ],
            [
                0.0,
                5.99159297905088e-08,
                5.0412215525293756e-05,
                0.9966311877797611,
                0.003318340088783706
            ],
            [
                0.0,
                3.348918084719898e-11,
                2.141932416356916e-09,
                1.5166170961957485e-05,
                0.9999848316536164
            ],
            [
                0.0,
                3.09076917882291e-11,
                2.499800159284394e-10,
                1.3501606528028595e-07,
                0.999999864703047
            ],
            [
                0.0,
                4.886698679393663e-12,
                3.551223373365383e-11,
                1.302736505202362e-06,
                0.9999986972230959
            ]
        ],
        [
            [
                0.0,
                2.568437138696844e-09,
                1.3138576922708844e-07,
                0.00010856345534898367,
                0.9998913025904447
            ],
            [
                0.0,
                5.960237317910713e-08,
                6.481257130903912e-06,
                0.9914159980564803,
                0.00857746108401559
            ],
            [
                0.0,
                2.743246508851216e-11,
                1.593279995269804e-09,
                2.234204636067725e-06,
                0.9999977641746515
            ],
            [
                1.433841778690939e-11,
                2.4154651453445044e-10,
                4.757941314999722e-10,
                8.472476750267544e-09,
                0.9999999907958442
            ],
            [
                0.0,
                6.014644297895255e-11,
                4.7042679991583e-10,
                1.1447207300641881e-07,
                0.9999998849973538
            ]
        ],
        [
            [
                0.0,
                1.0111657226180334e-09,
                5.7761546424019815e-08,
                4.127986687194959e-05,
                0.999958661360416
            ],
            [
                0.0,
                1.1618253559561805e-07,
                3.3520680290698133e-06,
                0.17505051682741055,
                0.8249460149220248
            ],
            [
                0.0,
                2.2423358739416858e-11,
                6.73722900399075e-10,
                9.304712601431657e-06,
                0.9999906945912524
            ],
            [
                7.999734085800735e-12,
                1.4905196526994084e-10,
                1.1270089161243199e-09,
                7.799739096756153e-08,
                0.9999999207185484
            ],
            [
                0.0,
                2.1764245674814886e-11,
                1.7190955549699388e-10,
                7.848583241210968e-08,
                0.9999999213204938
            ]
        ],
        [
            [
                0.0,
                1.632532594522203e-09,
                6.777655261387002e-08,
                1.9692254744845922e-05,
                0.99998023833617
            ],
            [
                0.0,
                1.0741433020600332e-08,
                5.466956940690307e-07,
                0.006445918232881975,
                0.993553524329991
            ],
            [
                0.0,
                9.404082024074553e-12,
                2.8386917100332795e-10,
                6.261507421838142e-08,
                0.9999999370916525
            ],
            [
                0.0,
                5.1646936480532546e-11,
                3.918593492309271e-10,
                4.00347552835731e-08,
                0.9999999595217385
            ],
            [
                0.0,
                4.355043383105184e-11,
                2.905421675142669e-10,
                1.0238448751008651e-08,
                0.9999999894274586
            ]
        ],
        [
            [
                0.0,
                1.2933228332149696e-09,
                2.6135122907270643e-08,
                4.9552612457584725e-05,
                0.9999504199590967
            ],
            [
                0.0,
                1.0587725047281621e-07,
                3.6614635761182615e-06,
                0.6565779712538955,
                0.3434182614052779
            ],
            [
                0.0,
                1.0808131466259634e-10,
                5.130952494409784e-09,
                1.40050626172371e-06,
                0.9999985942547044
            ],
            [
                0.0,
                7.136329647152207e-11,
                5.424792148393521e-10,
                1.0058542654686726e-06,
                0.9999989935318921
            ],
            [
                0.0,
                4.121683870749276e-11,
                3.221073200779009e-10,
                1.1361433525692787e-08,
                0.9999999882752423
            ]
        ],
        [
            [
                0.0,
                2.0935960292027776e-09,
                6.818537606675005e-08,
                0.0005957697145068559,
                0.9994041600065211
            ],
            [
                0.0,
                1.1639250481054976e-08,
                1.052758919904447e-06,
                0.9936404456696236,
                0.006358489932206094
            ],
            [
                0.0,
                2.8711437412517472e-11,
                4.839758533364969e-10,
                4.0390543996470805e-07,
                0.9999995955818728
            ],
            [
                0.0,
                6.48283508529593e-11,
                8.42937089332839e-10,
                4.643282892829192e-07,
                0.9999995347639452
            ],
            [
                5.465530150877729e-12,
                2.1896831794695264e-10,
                4.566974437138318e-10,
                2.2888082346377576e-08,
                0.9999999764307864
            ]
        ],
        [
            [
                0.0,
                1.0128913498073842e-09,
                2.0707891945246577e-08,
                9.358272447963024e-05,
                0.9999063955547371
            ],
            [
                0.0,
                7.3439204249795076e-09,
                1.8296161462731022e-07,
                0.00032133083222192645,
                0.9996784788622429
            ],
            [
                0.0,
                8.581319856248231e-11,
                1.8445005388405779e-09,
                7.5335187680069205e-06,
                0.9999924645509184
            ],
            [
                0.0,
                2.07078319793411e-10,
                5.141373197099747e-10,
                1.1447207298459558e-07,
                0.9999998848067114
            ],
            [
                0.0,
                1.4730245073872408e-11,
                3.073403827021664e-11,
                7.453071026325614e-09,
                0.9999999925014648
            ]
        ],
        [
            [
                0.0,
                6.256093051537787e-10,
                2.025394580867539e-08,
                0.0003708175931332184,
                0.9996291615273116
            ],
            [
                0.0,
                4.550024816135913e-08,
                1.427496978511747e-06,
                0.17499248124780856,
                0.8250060457549647
            ],
            [
                0.0,
                5.448775262764351e-11,
                2.9790755656034258e-09,
                6.876514242590444e-06,
                0.9999931204521941
            ],
            [
                0.0,
                9.681621641327082e-11,
                2.484732404907399e-09,
                4.993717844853839e-08,
                0.999999947481273
            ],
            [
                0.0,
                2.113324968785762e-11,
                1.3014585278218053e-10,
                3.22721704020835e-06,
                0.9999967726316806
            ]
        ],
        [
            [
                0.0,
                7.71059662429332e-10,
                3.335803533004109e-08,
                0.0005124224603985274,
                0.9994875434105065
            ],
            [
                0.0,
                1.43557973623186e-07,
                6.973575313175919e-06,
                0.8062367934230686,
                0.19375608944364459
            ],
            [
                0.0,
                1.3662255900185896e-11,
                3.1748268211782656e-10,
                3.615354366032531e-07,
                0.9999996381334184
            ],
            [
                0.0,
                3.525007803546428e-10,
                1.828095249089697e-09,
                1.2662744267265173e-06,
                0.9999987315449772
            ],
            [
                0.0,
                1.4526706094291228e-11,
                1.2696939344368586e-10,
                1.2154586521440837e-08,
                0.9999999877039173
            ]
        ],
        [
            [
                0.0,
                1.8291564795765056e-08,
                2.124385682436248e-06,
                0.998571200597857,
                0.0014266567248959212
            ],
            [
                0.0,
                3.131339410338271e-07,
                2.6620561286682784e-05,
                0.6296682694632366,
                0.37030479684153567
            ],
            [
                0.0,
                2.7481324658564834e-11,
                1.0421756234445202e-09,
                1.4386002272393888e-07,
                0.9999998550703204
            ],
            [
                0.0,
                1.2042373486597992e-11,
                1.0019958092766458e-10,
                1.1204300343495301e-07,
                0.9999998878447546
            ],
            [
                0.0,
                1.649655662036475e-11,
                8.842429851025303e-11,
                3.1087472647975166e-08,
                0.9999999688076066
            ]
        ],
        [
            [
                0.0,
                8.140658281900429e-10,
                2.082473733692946e-08,
                5.005579024139583e-05,
                0.9999499225709555
            ],
            [
                0.0,
                3.916580526435932e-08,
                1.8241327023696474e-06,
                0.050406168861536226,
                0.9495919678399561
            ],
            [
                0.0,
                2.1196669699188037e-11,
                4.832158357120157e-10,
                4.64854655087582e-07,
                0.9999995346409324
            ],
            [
                0.0,
                9.320083733752851e-12,
                1.2245722026089094e-10,
                4.923638470616879e-07,
                0.9999995075043756
            ],
            [
                0.0,
                9.960273899114311e-12,
                1.0802133822607182e-10,
                1.0257271779040333e-08,
                0.9999999896247466
            ]
        ],
        [
            [
                0.0,
                2.6378700615604526e-09,
                7.083452708506677e-08,
                0.000900363442642148,
                0.9990995630849607
            ],
            [
                0.0,
                4.705609761756053e-08,
                0.00027216691334933004,
                0.9995931716698243,
                0.00013461436072865712
            ],
            [
                0.0,
                1.429917934554844e-10,
                2.494053112681792e-09,
                8.361066157103198e-07,
                0.9999991612563393
            ],
            [
                3.591405373137166e-11,
                1.2357861194810536e-09,
                7.325132618843042e-09,
                1.1327316807455347e-07,
                0.9999998781299991
            ],
            [
                4.9867216195261255e-12,
                1.1797616614387045e-10,
                1.9600658515353712e-10,
                1.0710581850958629e-08,
                0.9999999889704486
            ]
        ],
        [
            [
                0.0,
                5.369021453571954e-10,
                2.7962576064343373e-08,
                0.00015919080238752432,
                0.9998407806981343
            ],
            [
                0.0,
                2.569423373976702e-08,
                2.3900695943592964e-06,
                0.05269770474686609,
                0.9472998794893058
            ],
