{
    "[['A', 'B', 'C', 'D', 'E'], ['A', 'B', 'C', 'D', 'E']]": [
        [
            [
                0.9999999980633654,
                1.746158193495005e-09,
                1.850331304722293e-10,
                4.895113079853411e-12,
                5.482786655173015e-13
            ],
            [
                0.9999868883619544,
                1.3080604520113125e-05,
                3.0601596154429706e-08,
                4.142587517589361e-10,
                1.7670664614152822e-11
            ],
            [
                2.580738533044836e-05,
                0.9999736543811035,
                5.375736074259637e-07,
                6.240076104553654e-10,
                3.595099463421028e-11
            ],
            [
                0.9999990963763656,
                9.028225467091563e-07,
                7.770790168639768e-10,
                2.1441417519613722e-11,
                2.5673263792710878e-12
            ],
            [
                0.9999991228672082,
                8.746725901911234e-07,
                2.272108877695762e-09,
                1.3225764115600013e-10,
                5.5835345757492086e-11
            ]
        ],
        [
            [
                0.9999999985672647,
                1.1757008858134135e-09,
                2.5307388568388276e-10,
                3.259896847387662e-12,
                7.008606164992212e-13
            ],
            [
                0.9999996386156909,
                3.590042924682438e-07,
                2.344604591725453e-09,
                3.271977062443518e-11,
                2.6923161197558225e-12
            ],
            [
                0.9105083960172725,
                0.08949123634686103,
                3.6454267318012136e-07,
                2.8221461584284235e-09,
                2.7104708899199644e-10
            ],
            [
                0.9999973246245883,
                2.674617462592708e-06,
                7.01951979392881e-10,
                5.341510998575643e-11,
                2.582038883423727e-12
            ],
            [
                0.9999999858462665,
                1.3897875359252476e-08,
                2.490733623966444e-10,
                6.153892868127839e-12,
                6.308410268407253e-13
            ]
        ],
        [
            [
                0.9999999977236773,
                2.044224416620444e-09,
                2.205039479200323e-10,
                7.767388451270555e-12,
                3.8271147929665695e-12
            ],
            [
                0.9999791812565242,
                2.080793570300393e-05,
                1.0754758664248169e-08,
                4.895115789950257e-11,
                4.062977840780139e-12
            ],
            [
                2.2284792880139747e-05,
                0.9999776878116559,
                2.7351159002578854e-08,
                3.8865694700326455e-11,
                5.4392296595713455e-12
            ],
            [
                0.9999999176736281,
                8.100875418152182e-08,
                1.2845780941808373e-09,
                3.1067273695633354e-11,
                1.9725415725540424e-12
            ],
            [
                0.9999999941727187,
                5.435784420244973e-09,
                3.8745661210887466e-10,
                3.5345642300965544e-12,
                5.057776259645402e-13
            ]
        ],
        [
            [
                0.9999999320763628,
                6.714055805934542e-08,
                7.693687878194235e-10,
                1.3084670026485925e-11,
                6.255821177376484e-13
            ],
            [
                0.999974738679258,
                2.523618640534404e-05,
                2.4995739176805247e-08,
                1.2936774455207937e-10,
                9.229756968435811e-12
            ],
            [
                0.9985350660940654,
                0.0014648032790949455,
                1.2970717579671399e-07,
                8.407693999988567e-10,
                7.889455464267523e-11
            ],
            [
                0.9999998694973312,
                1.2984306252685756e-07,
                6.437408287942007e-10,
                1.5226993632010705e-11,
                6.383197940882873e-13
            ],
            [
                0.9999998365365094,
                1.6195269073772852e-07,
                1.4344586583449585e-09,
                7.248807330088654e-11,
                3.85321918201325e-12
            ]
        ],
        [
            [
                0.9999999996872491,
                2.6936389363254143e-10,
                4.278016332251267e-11,
                5.002084667416975e-13,
                1.0666804194601233e-13
            ],
            [
                0.9999993961824953,
                6.028415693180976e-07,
                9.594802620368814e-10,
                1.5756564468226144e-11,
                6.985784325631156e-13
            ],
            [
                1.209430482038628e-05,
                0.9999876700375491,
                2.3433326972128096e-07,
                1.2819492259066446e-09,
                4.241171597502917e-11
            ],
            [
                0.9999998348257322,
                1.6376081772568442e-07,
                1.3104537974769752e-09,
                9.984434967316264e-11,
                3.1516072142298036e-12
            ],
            [
                0.9999999761000918,
                2.3130466385608344e-08,
                7.540705764122136e-10,
                1.2430944369703796e-11,
                2.9404238741437965e-12
            ]
        ],
        [
            [
                0.9999999939393691,
                5.50294469456662e-09,
                5.443833124439988e-10,
                1.2243146928906641e-11,
                1.0597394361915622e-12
            ],
            [
                0.9999751094670197,
                2.4883871914953404e-05,
                6.498229742045108e-09,
                1.352348071701368e-10,
                2.76006746613578e-11
            ],
            [
                0.0,
                1.917781305907983e-11,
                0.9999999996649229,
                2.0646189921257518e-10,
                1.0943734243582035e-10
            ],
            [
                0.9999998953399055,
                1.0352682862690589e-07,
                1.055913606260649e-09,
                7.128399051441867e-11,
                6.068269743245405e-12
            ],
            [
                0.9999999839454823,
                1.5832142651660127e-08,
                2.1252181223887838e-10,
                8.905541454179577e-12,
                9.476550227368011e-13
            ]
        ],
        [
            [
                0.999999998588843,
                1.2779163019652866e-09,
                1.2851214369533568e-10,
                3.750901847466675e-12,
                9.777237825014758e-13
            ],
            [
                0.9997353424100641,
                0.0002646371013727799,
                2.0297685517930177e-08,
                1.8753053674797207e-10,
                3.3469562290055793e-12
            ],
            [
                0.00028575180148316786,
                0.9997141647651883,
                8.326329685318913e-08,
                1.619447426799861e-10,
                8.087057777836982e-12
            ],
            [
                0.9999990872754801,
                9.110470102221449e-07,
                1.5475033290180767e-09,
                1.220710477585333e-10,
                7.935360416579411e-12
            ],
            [
                0.9999992256668024,
                7.678305897834579e-07,
                6.146875155774157e-09,
                2.8837517658066326e-10,
                6.735760457910381e-11
            ]
        ],
        [
            [
                0.9999999718450739,
                2.492508766116565e-08,
                3.168379750795247e-09,
                5.377442699722305e-11,
                7.684190873389335e-12
            ],
            [
                0.9999998662106475,
                1.3261224406588014e-07,
                1.1516859853694068e-09,
                2.3043374651278905e-11,
                2.379016998139634e-12
            ],
            [
                3.954402636678123e-07,
                0.9999977394981953,
                1.8621319369479192e-06,
                2.8736944090215614e-09,
                5.590973313185419e-11
            ],
            [
                0.9999972894440692,
                2.708239057445737e-06,
                2.109195593916447e-09,
                1.9521488083845396e-10,
                1.246304254050812e-11
            ],
            [
                0.999999937955816,
                5.989365368997007e-08,
                2.0616098260149802e-09,
                7.902814507443571e-11,
                9.892456686670546e-12
            ]
        ],
        [
            [
                0.9999999869021627,
                1.1965234204290217e-08,
                1.1206254973044027e-09,
                1.1491438847723186e-11,
                4.859629639527026e-13
            ],
            [
                0.999998449198764,
                1.548227468651741e-06,
                2.531507755389882e-09,
                3.89539365405767e-11,
                3.305547217471108e-12
            ],
            [
                0.01412626066648589,
                0.9858736724956614,
                6.61220881446641e-08,
                6.733080330027017e-10,
                4.2456561046274984e-11
            ],
            [
                0.9999999707121776,
                2.907337078446614e-08,
                2.0346541339865999e-10,
                8.706398997980098e-12,
                2.2796933848271414e-12
            ],
            [
                0.9999997783163463,
                2.2092021208134158e-07,
                7.425341834488194e-10,
                1.9767193723112853e-11,
                1.1402745742213673e-12
            ]
        ],
        [
            [
                0.9999999846651044,
                1.4675050650891354e-08,
                6.472287066969601e-10,
                1.1221108472811229e-11,
                1.395032577537492e-12
            ],
            [
                0.9999999544929378,
                4.50530842493492e-08,
                4.373158148051571e-10,
                1.5582353641339528e-11,
                1.079736411040899e-12
            ],
            [
                0.0009702527403587473,
                0.9990296220113105,
                1.2505166140880384e-07,
                1.7890806744830013e-10,
                1.7761256503572357e-11
            ],
            [
                0.9999994135453416,
                5.824875790038028e-07,
                3.8249241151692774e-09,
                1.236608398448467e-10,
                1.849448288624508e-11
            ],
            [
                0.9999998918842433,
                1.0445269535257019e-07,
                3.468413783704858e-09,
                1.5622239526900288e-10,
                3.842520763064016e-11
            ]
        ],
        [
            [
                0.9999999983592647,
                1.52612606465731e-09,
                1.1231756460046037e-10,
                2.0150982421407146e-12,
                2.7657454533871795e-13
            ],
            [
                0.9999992764306087,
                7.213238807167993e-07,
                2.2153477376015245e-09,
                2.833886189614255e-11,
                1.824156513388567e-12
            ],
            [
                0.9997787211524352,
                0.00022125917432027424,
                1.9304124690879173e-08,
                3.5896199070462697e-10,
                1.01578274292489e-11
            ],
            [
                0.9999996982800069,
                3.00804981085761e-07,
                8.874419420205081e-10,
                2.462954502236343e-11,
                2.9405699311897657e-12
            ],
            [
                0.9999999568391448,
                4.231506133486873e-08,
                8.233915814448402e-10,
                1.9457167584397312e-11,
                2.9452847168919244e-12
            ]
        ],
        [
            [
                0.9999999987566335,
                1.0805539521078921e-09,
                1.6009190533286386e-10,
                2.451297569240783e-12,
                2.692592070793812e-13
            ],
            [
                0.9982613204811096,
                0.0017386610744385162,
                1.811162921242541e-08,
                3.059380448745965e-10,
                2.6884638622197616e-11
            ],
            [
                0.0002671202042481214,
                0.9997328080251153,
                7.131837047417959e-08,
                4.3719908121442427e-10,
                1.506711432055568e-11
            ],
            [
                0.9999996725943284,
                3.263018726638575e-07,
                1.0559136228099794e-09,
                3.7531223576593936e-11,
                1.0354162769750371e-11
            ],
            [
                0.9999999880145501,
                1.1184224160807736e-08,
                7.863919069587046e-10,
                1.412465878855779e-11,
                7.091194271014494e-13
            ]
        ],
        [
            [
                0.9999999961672741,
                2.854977230534155e-09,
                9.680482199750286e-10,
                8.762592290137483e-12,
                9.379928852708363e-13
            ],
            [
                0.9999998630980289,
                1.364078896067145e-07,
                4.779853379120345e-10,
                1.37816278587642e-11,
                2.314445316059846e-12
            ],
            [
                0.0,
                1.4517227568723239e-08,
                0.999999979219887,
                3.6075289941943923e-09,
                2.6553563940745036e-09
            ],
            [
                0.9999999055077747,
                9.348500065789682e-08,
                9.854162491861816e-10,
                2.0864862103294885e-11,
                9.435464890301853e-13
            ],
            [
                0.9999994822972965,
                5.149310498916135e-07,
                2.706840389317486e-09,
                4.555896627288486e-11,
                1.92543777751994e-11
            ]
        ],
        [
            [
                0.9999999852916834,
                1.1478312964189956e-08,
                3.209949393020032e-09,
                1.5944000665617974e-11,
                4.1102513195624795e-12
            ],
            [
                0.9999988259101873,
                1.1664832261288016e-06,
                7.444120763759741e-09,
                1.5528482594349608e-10,
                7.181084670476088e-12
            ],
            [
                5.8862934831084106e-08,
                0.9996458372060053,
                0.0003541000459648014,
                3.804949940847245e-09,
                8.014520612400191e-11
            ],
            [
                0.9999998274664713,
                1.692234446992493e-07,
                3.2688862533768287e-09,
                3.4609294006328866e-11,
                6.5886147041684434e-12
            ],
            [
                0.9999996279360697,
                3.661796391036116e-07,
                5.830277273932121e-09,
                4.92638081008702e-11,
                4.7501926696298186e-12
            ]
        ],
        [
            [
                0.9999999881741396,
                1.0450066470026084e-08,
                1.3412847404642278e-09,
                2.6024602597016898e-11,
                8.484640974403797e-12
            ],
            [
                0.9999997206573138,
                2.7612629194707576e-07,
                3.171178949943459e-09,
                4.0510705460368666e-11,
                4.704675760580899e-12
            ],
            [
                0.0,
                1.2778327786204656e-10,
                0.999999996108599,
                2.2695708340044664e-09,
                1.494046916212652e-09
            ],
            [
                0.9999998216483882,
                1.7719672016638733e-07,
                1.1254449825895748e-09,
                2.710929678629099e-11,
                2.337470010788833e-12
            ],
            [
                0.99999993086898,
                6.839521974139088e-08,
                7.138975127470172e-10,
                1.972693101035112e-11,
                2.175904642930017e-12
            ]
        ],
        [
            [
                0.999999989057711,
                9.64706952149998e-09,
                1.2779162897852977e-09,
                1.342473511604271e-11,
                3.878473515841686e-12
            ],
            [
                0.9999969319954733,
                3.060930456624937e-06,
                6.952713098257607e-09,
                1.1833946432894794e-10,
                3.0174776384249548e-12
            ],
            [
                0.0004880886801907604,
                0.9995116232995379,
                2.8726941721580664e-07,
                7.249501980483224e-10,
                2.590401217045425e-11
            ],
            [
                0.9999998704539612,
                1.2897915350919098e-07,
                5.443833101161546e-10,
                2.176852072398796e-11,
                7.333883058233902e-13
            ],
            [
                0.9999955868981338,
                4.410586356056101e-06,
                2.219755037996181e-09,
                2.754741094943578e-10,
                2.0281090409230896e-11
            ]
        ],
        [
            [
                0.9999999965033546,
                3.192176239517734e-09,
                2.932647142081878e-10,
                8.353560926803973e-12,
                2.8509243479129254e-12
            ],
            [
                0.9999995322097324,
                4.6739960175134856e-07,
                3.8400462963729104e-10,
                5.7180243871049595e-12,
                9.43395313899694e-13
            ],
            [
                7.876436586806393e-05,
                0.9999149610315793,
                6.271542026407269e-06,
                2.9964452817235363e-09,
                6.408090374347991e-11
            ],
            [
                0.999999861139509,
                1.3765079125635476e-07,
                1.1563479298043318e-09,
                4.890663907174695e-11,
                4.445402769938432e-12
            ],
            [
                0.999999886159256,
                1.1304417021339667e-07,
                7.660346041350677e-10,
                2.6261705259122864e-11,
                4.277532786729552e-12
            ]
        ],
        [
            [
                0.999999998671109,
                1.1838105946172587e-09,
                1.4119979228371305e-10,
                3.529693394989859e-12,
                3.5101145518630805e-13
            ],
            [
                0.9999992041230424,
                7.834729769508917e-07,
                1.2139851668966204e-08,
                2.2781397442088495e-10,
                3.631481131745006e-11
            ],
            [
                3.30941058572375e-05,
                0.9999668120446964,
                9.359383650804452e-08,
                2.461185391575996e-10,
                9.491316640364272e-12
            ],
            [
                0.9999999445945587,
                5.45836320507901e-08,
                8.099074288676022e-10,
                1.0381966237495879e-11,
                1.5198027699093052e-12
            ],
            [
                0.9999999839114384,
                1.5166408350462158e-08,
                9.095792767955951e-10,
                1.0811073852917717e-11,
                1.7627835663216038e-12
            ]
        ],
        [
            [
                0.999999998151629,
                1.6642646742733632e-09,
                1.810546189224234e-10,
                2.438003954047802e-12,
                6.136097885060033e-13
            ],
            [
                0.9999989506869352,
                1.041049802057014e-06,
                7.740424643545694e-09,
                5.023011168083623e-10,
                2.0537033902975657e-11
            ],
            [
                7.808499567934948e-06,
                0.9999919396854389,
                2.5136888139596945e-07,
                4.2947623985393335e-10,
                1.663561681103996e-11
            ],
            [
                0.9999999610352264,
                3.813620052646817e-08,
                8.134992632918685e-10,
                1.3979845546043871e-11,
                1.0939465319659555e-12
            ],
            [
                0.9999999825272011,
                1.6918608907058875e-08,
                5.243077587196266e-10,
                2.4673600138922057e-11,
                5.208684253293881e-12
            ]
        ],
        [
            [
                0.9999999960967385,
                3.3099875296692113e-09,
                5.886973024177012e-10,
                3.893200465914204e-12,
                6.834340208912451e-13
            ],
            [
                0.9999999829796254,
                1.6342998386235416e-08,
                6.611192490545953e-10,
                1.5096858488849932e-11,
                1.1602720889098095e-12
            ],
            [
                0.047756548757396704,
                0.9522359501472079,
                7.499991880131189e-06,
                1.064753578699638e-09,
                3.876183009655573e-11
            ],
            [
                0.9999999615579366,
                3.7156055544290845e-08,
                1.2747223420498563e-09,
                1.0387116218080669e-11,
                8.987083736960924e-13
            ],
            [
                0.9999968917647075,
                3.1066314346359434e-06,
                1.4634569063861084e-09,
                1.0872039884990905e-10,
                3.1680683997704155e-11
            ]
        ],
        [
            [
                0.9999999758658685,
                2.3555113501929997e-08,
                5.688116275655033e-10,
                9.483570704809264e-12,
                7.227167119265991e-13
            ],
            [
                0.999998870402452,
                1.127926630095716e-06,
                1.6449725740214333e-09,
                2.4464643308175815e-11,
                1.4808239641854837e-12
            ],
            [
                0.0,
                3.237321010780596e-10,
                0.9999999456396093,
                3.746426223196723e-08,
                1.6572396317835827e-08
            ],
            [
                0.9999627090405424,
                3.7290335434215645e-05,
                6.028809120927696e-10,
                2.038335522049557e-11,
                7.590623424027631e-13
            ],
            [
                0.9999999760674158,
                2.3054620049113745e-08,
                8.342232540187237e-10,
                3.9043047307468394e-11,
                4.697798230956129e-12
            ]
        ],
        [
            [
                0.9999999952686736,
                4.0279836207864345e-09,
                6.925695731780772e-10,
                9.361684881060086e-12,
                1.4115629474190196e-12
            ],
            [
                0.9999990799804912,
                9.143729054440386e-07,
                5.592685657661093e-09,
                5.391780406824763e-11,
                0.0
            ],
            [
                0.0,
                2.766203463907648e-10,
                0.9999990736655985,
                9.069544140867486e-07,
                1.9103367031926525e-08
            ],
            [
                0.999999842323155,
                1.562342472920882e-07,
                1.4004733163486636e-09,
                4.05107055598858e-11,
                1.6137535879581449e-12
            ],
            [
                0.9999999840539218,
                1.5570761298071666e-08,
                3.611795802982453e-10,
                1.0695173218122538e-11,
                3.44210631446983e-12
            ]
        ],
        [
            [
                0.9999999960589705,
                3.690853911101656e-09,
                2.4766875862571194e-10,
                2.175265487134307e-12,
                3.316179925596085e-13
            ],
            [
                0.9999996721194191,
                3.189367900170676e-07,
                8.881366331887506e-09,
                6.065808095335748e-11,
                1.7664725197917224e-12
            ],
            [
                0.0,
                3.032666871663961e-10,
                0.9999999969539848,
                1.5964405336576973e-09,
                1.1463079746329307e-09
            ],
            [
                0.999999853032436,
                1.4670090471181042e-07,
                2.54718449102351e-10,
                1.1251283646298856e-11,
                6.897210753120204e-13
            ],
            [
                0.9999997374278907,
                2.5993154135692407e-07,
                2.490554346328406e-09,
                1.2640975187123553e-10,
                2.3603739562000714e-11
            ]
        ],
        [
            [
                0.9999999871600375,
                1.229122459047255e-08,
                5.408613184534124e-10,
                6.2731015001625515e-12,
                1.6033957166180682e-12
            ],
            [
                0.9999971871129457,
                2.8122342443746106e-06,
                6.325360488829556e-10,
                1.9222382067278516e-11,
                1.051426353967238e-12
            ],
            [
                0.0,
                3.2830983151613324e-11,
                0.999999999380796,
                2.997180885663088e-10,
                2.8665489466692407e-10
            ],
            [
                0.9999999532091453,
                4.602218851792384e-08,
                7.520811764635167e-10,
                1.4979773355832828e-11,
                1.6051826662230652e-12
            ],
            [
                0.9999998623958807,
                1.3530737945046385e-07,
                2.19776397971693e-09,
                9.331899629043867e-11,
                5.656928878150746e-12
            ]
        ],
        [
            [
                0.9999999959917907,
                3.4964170121414187e-09,
                5.024582499172316e-10,
                7.74880292086376e-12,
                1.5852174365934938e-12
            ],
            [
                0.9999994830510274,
                5.151358699113377e-07,
                1.7868784844024943e-09,
                2.458453277243724e-11,
                1.6396199061805475e-12
            ],
            [
                0.0001261486897239968,
                0.9998736468246,
                2.0440296265908788e-07,
                7.401554492278155e-11,
                8.697751827521873e-12
            ],
            [
                0.999999628044264,
                3.661796391432302e-07,
                5.587663393838117e-09,
                1.5458828611465218e-10,
                3.384512173504728e-11
            ],
            [
                0.9999998664998887,
                1.31216218861899e-07,
                2.185899510973704e-09,
                7.232538799176247e-11,
                2.5667497643339372e-11
            ]
        ],
        [
            [
                0.9999999942993434,
                5.296250125092945e-09,
                3.978078715975959e-10,
                6.145377305869072e-12,
                4.5349202463779716e-13
            ],
            [
                0.9900975984023108,
                0.009902364666010488,
                3.682796900512924e-08,
                9.688031626794449e-11,
                6.829378700887428e-12
            ],
            [
                0.9999614878624519,
                3.846007962293273e-05,
                5.120054564671796e-08,
                8.225078967371893e-10,
                3.487169279057479e-11
            ],
            [
                0.9999998818893846,
                1.1714781431148007e-07,
                9.369679504574012e-10,
                2.1416647655955313e-11,
                4.416499284496695e-12
            ],
            [
                0.999998187625285,
                1.8114859333022546e-06,
                8.579425802446916e-10,
                2.396150092138139e-11,
                6.877627461240956e-12
            ]
        ],
        [
            [
                0.9999999968488564,
                2.9913627718713816e-09,
                1.5660575483030382e-10,
                2.8156202252950743e-12,
                3.5946981050815784e-13
            ],
            [
                0.9999958255134372,
                4.1633255248398445e-06,
                1.1029851706535024e-08,
                1.2101023919340684e-10,
                1.0175958406592729e-11
            ],
            [
                5.647112032803697e-07,
                0.9999981580690115,
                1.273304091600845e-06,
                3.886892531557217e-09,
                2.880106251573319e-11
            ],
            [
                0.999998245003005,
                1.7523299559929762e-06,
                2.5378991312286893e-09,
                1.1899244613108613e-10,
                1.0147370574806102e-11
            ],
            [
                0.9999988480039994,
                1.146066014797829e-06,
                5.507848780367056e-09,
                3.8339281739171843e-10,
                3.8744386971696974e-11
            ]
        ],
        [
            [
                0.9999999890508066,
                1.0081889031412409e-08,
                8.558799438283125e-10,
                9.850656806146133e-12,
                1.573916517620967e-12
            ],
            [
                0.9998291206159926,
                0.00017086646875136326,
                1.2887360351397563e-08,
                2.7088780335000487e-11,
                8.069503677185549e-13
            ],
            [
                8.594290262674847e-06,
                0.999991298051612,
                1.075702035469582e-07,
                8.476444489883893e-11,
                3.1573954565681255e-12
            ],
            [
                0.9999996944232178,
                3.0416071846480817e-07,
                1.3498207712703194e-09,
                6.237395882233244e-11,
                3.869008999877032e-12
            ],
            [
                0.9999999954906538,
                4.278542918912368e-09,
                2.2540004675818944e-10,
                4.918932702115607e-12,
                4.842216679969087e-13
            ]
        ],
        [
            [
                0.9999999962124251,
                3.288353413996566e-09,
                4.857922636096185e-10,
                1.2398456827375079e-11,
                1.030765428001942e-12
            ],
            [
                0.9999996445592166,
                3.5350553123964524e-07,
                1.9147094501488467e-09,
                1.9698880930357687e-11,
                8.437432829889259e-13
            ],
            [
                0.022936701371073846,
                0.9770621568908453,
                1.1412724614221815e-06,
                4.468112651948627e-10,
                1.8808244713553156e-11
            ],
            [
                0.9999998830005805,
                1.153990487610178e-07,
                1.5267083524830637e-09,
                6.990416580590724e-11,
                3.758256505038418e-12
            ],
            [
                0.9999997992430392,
                1.9678473999841346e-07,
                3.80691776231093e-09,
                1.3663748850784015e-10,
                2.8665530653780803e-11
            ]
        ],
        [
            [
                0.9999999836318392,
                1.5756828812491835e-08,
                5.936133380300869e-10,
                1.6693591938318685e-11,
                1.0248685320695256e-12
            ],
            [
                0.9999912816293972,
                8.717716913356616e-06,
                6.110890840825612e-10,
                3.7533727401349556e-11,
                5.066681092129476e-12
            ],
            [
                0.8119768265575585,
                0.18802296586069592,
                2.0139526732527227e-07,
                6.14106335997945e-09,
                4.541477656709051e-11
            ],
            [
                0.9999997763951715,
                2.2147627842447216e-07,
                2.0284322351673162e-09,
                8.91103442273299e-11,
                1.100751558948825e-11
            ],
            [
                0.9999999312522118,
                6.755714512643807e-08,
                1.1696573752009452e-09,
                1.9528591566212807e-11,
                1.4570487882871632e-12
            ]
        ],
        [
            [
                0.9999999945443301,
                5.205454531119222e-09,
                2.4639987178421435e-10,
                3.200499210054526e-12,
                6.150310859534428e-13
            ],
            [
                0.9999922778808421,
                7.717041897251918e-06,
                4.809440215475258e-09,
                2.557856467745211e-10,
                1.2034773379342182e-11
            ],
            [
                5.819118093660004e-07,
                0.9999030970373344,
                9.631893479136866e-05,
                2.0649115015148482e-09,
                5.1153419492091855e-11
            ],
            [
                0.9999998609050554,
                1.3808006889729293e-07,
                9.785162785700814e-10,
                2.6732923553886437e-11,
                9.626523457037513e-12
            ],
            [
                0.9999999815825752,
                1.7776127851160804e-08,
                6.330284367733219e-10,
                7.753607690544927e-12,
                5.150188728449058e-13
            ]
        ],
        [
            [
                0.9999999865491855,
                1.2433951316517004e-08,
                9.931070419613523e-10,
                2.1268877572333028e-11,
                2.4870947176690698e-12
            ],
            [
                0.9999991560673929,
                8.368093925306028e-07,
                7.084165484170262e-09,
                3.7289473625311295e-11,
                1.759595695552439e-12
            ],
            [
                0.9999750807607,
                2.4873455424325453e-05,
                4.5223811800319184e-08,
                5.137069949500733e-10,
                4.6356896833408494e-11
            ],
            [
                0.9999994018485975,
                5.965852731075975e-07,
                1.399928550317954e-09,
                1.425612488956e-10,
                2.3639468400820268e-11
            ],
            [
                0.9999999533402937,
                4.508299843883384e-08,
                1.559899238576244e-09,
                1.3521357936936179e-11,
                3.2874702870649928e-12
            ]
        ],
        [
            [
                0.9999999878829658,
                1.1112819495642904e-08,
                9.849013555956692e-10,
                1.728573733607044e-11,
                2.02766318245407e-12
            ],
            [
                0.9999960178571279,
                3.974984525674902e-06,
                7.035353248818272e-09,
                1.175908800804159e-10,
                5.402308023369054e-12
            ],
            [
                0.9980705689727909,
                0.0019292781397185466,
                1.5249608598844696e-07,
                3.812860028417841e-10,
                1.0118418782383712e-11
            ],
            [
                0.9999998213189991,
                1.752994146463131e-07,
                3.2641822672689327e-09,
                1.0746729006122924e-10,
                9.936668269569553e-12
            ],
            [
                0.999999986672691,
                1.3140486997649474e-08,
                1.8160210711462372e-10,
                5.220141720711356e-12,
                0.0
            ]
        ],
        [
            [
                0.9999999906815161,
                7.947732332002943e-09,
                1.3499030774633038e-09,
                1.9155439736981306e-11,
                1.6931971805384929e-12
            ],
            [
                0.9999976449835083,
                2.3537129543283635e-06,
                1.2829595633827468e-09,
                1.9134407234811425e-11,
                1.4433762199688943e-12
            ],
            [
                6.016076336435677e-06,
                0.9999910255267666,
                2.958146913877951e-06,
                2.2751824147378472e-10,
                2.2464968325376377e-11
            ],
            [
                0.999999704397152,
                2.942352770900492e-07,
                1.3470018330655575e-09,
                1.859603519412388e-11,
                1.9730493661559432e-12
            ],
            [
                0.999999715837418,
                2.820400209323799e-07,
                1.8920161446886405e-09,
                1.4612777088972096e-10,
                8.44172287340134e-11
            ]
        ],
        [
            [
                0.9999999857459207,
                1.3729307203990249e-08,
                5.113295900236819e-10,
                1.1949821097715015e-11,
                1.4924923602330065e-12
            ],
            [
                0.9999999492654287,
                5.024251961336511e-08,
                4.791171490065483e-10,
                1.1989636922622673e-11,
                9.448358632412587e-13
            ],
            [
                3.7574473832882867e-06,
                0.9999960918828653,
                1.5043842048312515e-07,
                2.2156509384161827e-10,
                9.765762267119243e-12
            ],
            [
                0.9999996794030057,
                3.1804138255446056e-07,
                2.5199988828400836e-09,
                3.1361023456935926e-11,
                4.251796384211832e-12
            ],
            [
                0.9999998842875917,
                1.1258809725253718e-07,
                3.0381395802156243e-09,
                5.896836958663237e-11,
                2.720315345050745e-11
            ]
        ],
        [
            [
                0.9999999966032467,
                3.1384451063490105e-09,
                2.532510981511827e-10,
                4.774691237571369e-12,
                2.8236697193012747e-13
            ],
            [
                0.999999966919521,
                3.233923898101639e-08,
                7.29555482075419e-10,
                1.099406538262288e-11,
                6.905424563951943e-13
            ],
            [
                3.5360415905994867e-06,
                0.9999886560476916,
                7.80545392751777e-06,
                2.311704679210532e-09,
                1.4508548629159642e-10
