{
    "[['A', 'B', 'C', 'D', 'E'], ['A', 'B', 'C', 'D', 'E']]": [
        [
            [
                0.9999998885122521,
                1.099031433412788e-07,
                1.4485385053553602e-09,
                1.0364738916911903e-10,
                3.241861149581836e-11
            ],
            [
                0.9999992819925656,
                7.084179496772763e-07,
                9.0313331529731e-09,
                4.185834580912107e-10,
                1.395680742917226e-10
            ],
            [
                0.0,
                1.6764988472707982e-09,
                0.9999999899357669,
                6.711235240519858e-09,
                1.6764988472707982e-09
            ],
            [
                0.9999972620872033,
                2.7332204838262127e-06,
                4.1957004127955465e-09,
                4.470951248432647e-10,
                4.951740860366029e-11
            ],
            [
                0.9999998966086288,
                9.807707466493836e-08,
                3.5956106423996163e-09,
                5.898999914482616e-10,
                1.1287858570258505e-09
            ]
        ],
        [
            [
                0.9999999810400179,
                1.8231028030950738e-08,
                7.110871146764101e-10,
                1.4270508897986879e-11,
                3.5961605756530064e-12
            ],
            [
                0.999997524367285,
                2.4711483188169456e-06,
                4.159438003911895e-09,
                2.9869655815492633e-10,
                2.6261655757044715e-11
            ],
            [
                0.0,
                1.0258636127177244e-09,
                0.999999987958112,
                8.409831044811437e-09,
                2.606193395498176e-09
            ],
            [
                0.9999994996550836,
                4.932394012687948e-07,
                5.0733129151418065e-09,
                1.2033981642825745e-09,
                8.288039582316118e-10
            ],
            [
                0.9999999141752876,
                7.911121127483143e-08,
                6.3344910863411835e-09,
                3.493802138751197e-10,
                2.962995863689974e-11
            ]
        ],
        [
            [
                0.9999999239635322,
                7.545260268918504e-08,
                5.502176008735616e-10,
                3.082985758367905e-11,
                2.817613467966958e-12
            ],
            [
                0.999978463557008,
                2.1481311899139775e-05,
                5.321496823986131e-08,
                1.8589601666206734e-09,
                5.716435382003407e-11
            ],
            [
                0.0,
                1.2153838495203709e-09,
                0.9999999870653391,
                7.364104790115361e-09,
                4.355172405321704e-09
            ],
            [
                0.9999999258004013,
                6.663013783515277e-08,
                5.805576147683043e-09,
                7.877265150170818e-10,
                9.761582277035692e-10
            ],
            [
                0.9999998774574996,
                8.290324876709467e-08,
                6.2510267970838784e-09,
                3.13703270273797e-09,
                3.025119215385362e-08
            ]
        ],
        [
            [
                0.9999995689514584,
                4.273967718144555e-07,
                3.5379624884515677e-09,
                1.0827589013806879e-10,
                5.531496631780689e-12
            ],
            [
                0.9999960266676305,
                3.9608131840091994e-06,
                1.1775551815426343e-08,
                6.06649340784966e-10,
                1.369842750739782e-10
            ],
            [
                0.0,
                4.4671472354190495e-11,
                0.9999999994835136,
                2.3459409085628753e-10,
                2.372209176763167e-10
            ],
            [
                0.9999993637428186,
                6.128203926364198e-07,
                2.077427405552665e-08,
                2.1167318312149865e-09,
                5.457826798726451e-10
            ],
            [
                0.9999999272509756,
                6.144440773631219e-08,
                7.935629881196095e-09,
                9.033224049191606e-10,
                2.4656643576246693e-09
            ]
        ],
        [
            [
                0.9999999306601228,
                6.825082984351716e-08,
                9.662976179807076e-10,
                5.1996544435511714e-11,
                7.075313887556647e-11
            ],
            [
                0.9999845855571629,
                1.5401022441331136e-05,
                1.26679241740667e-08,
                6.386714887751868e-10,
                1.1380008224422917e-10
            ],
            [
                0.0,
                2.529855668678837e-10,
                0.9999999981454046,
                1.155809919272619e-09,
                4.4579994438693965e-10
            ],
            [
                0.9999995909227293,
                3.4677093121288454e-07,
                5.85678136233199e-09,
                2.936062565030563e-09,
                5.351349560109537e-08
            ],
            [
                0.9999991761211402,
                8.159130197155239e-07,
                4.8831748979910605e-09,
                1.0627266803901362e-09,
                2.0199384194165986e-09
            ]
        ],
        [
            [
                0.999999872694881,
                1.2533988399278634e-07,
                1.812478548216624e-09,
                1.2533993173611694e-10,
                2.7416457816716788e-11
            ],
            [
                0.9999958683307248,
                4.062087514533667e-06,
                4.419424052039732e-08,
                1.7547798057982315e-08,
                7.839722023930155e-09
            ],
            [
                0.0,
                4.264413515159174e-10,
                0.999999995096263,
                3.7182552540701733e-09,
                7.590403165611473e-10
            ],
            [
                0.9999921258831499,
                7.8650826468859e-06,
                8.25673976210607e-09,
                5.909743438166591e-10,
                1.8648898652287226e-10
            ],
            [
                0.9999992684675377,
                7.224749747334803e-07,
                8.258519449921685e-09,
                6.121436590561922e-10,
                1.8682435479468911e-10
            ]
        ],
        [
            [
                0.9999999444271974,
                5.523104958355607e-08,
                3.165466567199235e-10,
                2.2334957431251537e-11,
                2.8714653732286733e-12
            ],
            [
                0.9999877933134176,
                1.2022569193409893e-05,
                1.751221300386995e-07,
                5.288517579531308e-09,
                3.7067413533102118e-09
            ],
            [
                0.0,
                3.0110644203552576e-10,
                0.9999999958278174,
                1.8078141221340982e-09,
                2.0632618887918073e-09
            ],
            [
                0.9999978914382504,
                2.093747124243369e-06,
                1.3822559332872486e-08,
                9.061472747228865e-10,
                8.591883971323259e-11
            ],
            [
                0.9999997448851319,
                2.059573927401833e-07,
                3.149342296237481e-08,
                2.131259428298798e-09,
                1.553279309921214e-08
            ]
        ],
        [
            [
                0.9999999008056888,
                9.722904576840132e-08,
                1.2395324927206772e-09,
                2.2178410851093259e-10,
                5.039488063397705e-10
            ],
            [
                0.9999836013588065,
                1.6362518485152155e-05,
                3.486343502302923e-08,
                1.1469510225383986e-09,
                1.1232228378402665e-10
            ],
            [
                0.0,
                1.0823851133284956e-10,
                0.9999999981143946,
                9.96243109484095e-10,
                7.811239086095147e-10
            ],
            [
                0.9999995573770227,
                4.300892406617593e-07,
                1.1648223609840044e-08,
                6.955309269101001e-10,
                1.899822651634195e-10
            ],
            [
                0.9999984457540595,
                1.5503550907755221e-06,
                3.584401396014827e-09,
                2.112870616014178e-10,
                9.516118342668157e-11
            ]
        ],
        [
            [
                0.9999998730038694,
                1.2094316108523412e-07,
                4.6107216733441326e-09,
                7.056031927313994e-10,
                7.366447121352692e-10
            ],
            [
                0.9999987041851708,
                1.2420808966463548e-06,
                5.326442013027856e-08,
                4.006489041292595e-10,
                6.886360265541647e-11
            ],
            [
                0.0,
                1.8140556383826883e-09,
                0.9999999915955163,
                4.377867470659178e-09,
                2.2125607012830827e-09
            ],
            [
                0.9999997061879314,
                2.8793812388569237e-07,
                5.027777161693506e-09,
                6.336456985416839e-10,
                2.1252180387848586e-10
            ],
            [
                0.9999997581648777,
                2.3011732365459244e-07,
                1.11842242566443e-08,
                4.4703713722571007e-10,
                8.65372291928994e-11
            ]
        ],
        [
            [
                0.9999999634866108,
                3.511147847238346e-08,
                1.3298596799613802e-09,
                6.129763794658939e-11,
                1.0753449149934817e-11
            ],
            [
                0.9999970803840535,
                2.9036906568280715e-06,
                1.5050132739677088e-08,
                6.386787836866256e-10,
                2.36478219800816e-10
            ],
            [
                0.0,
                4.926646405372488e-10,
                0.9999999823976954,
                1.1733760811638561e-08,
                5.375879187361142e-09
            ],
            [
                0.9999993202614645,
                6.755769391311551e-07,
                3.729250058144419e-09,
                3.547542444083423e-10,
                7.759204251581085e-11
            ],
            [
                0.9999994760237096,
                4.94504947656301e-07,
                2.7242135924667252e-08,
                1.812478477451423e-09,
                4.167281257940331e-10
            ]
        ],
        [
            [
                0.9999998962877993,
                1.01750088861941e-07,
                9.351718403813318e-10,
                1.3139421380959423e-10,
                8.955459075876521e-10
            ],
            [
                0.9999918596803478,
                8.101686589557658e-06,
                3.5895480058787024e-08,
                2.149790776024634e-09,
                5.877918409442612e-10
            ],
            [
                0.0,
                8.006091815650148e-10,
                0.9999999922785413,
                3.986975726040296e-09,
                2.933873872493009e-09
            ],
            [
                0.9999985437229497,
                1.4402221529123183e-06,
                1.0561215629525804e-08,
                2.2407861290888254e-09,
                3.2528956399958465e-09
            ],
            [
                0.999999079462209,
                9.11047003103881e-07,
                6.124826903185911e-09,
                1.0194774505001683e-09,
                2.346483661720115e-09
            ]
        ],
        [
            [
                0.9999999662577295,
                3.233923895961456e-08,
                1.2741827048358276e-09,
                9.497187739412005e-11,
                3.3877155233376715e-11
            ],
            [
                0.6376031740473612,
                0.36239497370815554,
                1.8425728128631213e-06,
                9.27477071358485e-09,
                3.9689988554402774e-10
            ],
            [
                0.0,
                8.237513331276004e-10,
                0.9999999930363255,
                5.156244097733873e-09,
                9.836791833855242e-10
            ],
            [
                0.9999959576353269,
                4.016531925736991e-06,
                2.3812736268404923e-08,
                1.2301256600687214e-09,
                7.898854843906848e-10
            ],
            [
                0.9999995634098352,
                4.300892432564082e-07,
                2.4649778171978075e-09,
                1.2281704555701493e-09,
                2.8077733791112055e-09
            ]
        ],
        [
            [
                0.9999998112520267,
                1.8751633781802255e-07,
                1.1495177961819848e-09,
                6.981196450474203e-11,
                1.2305773708027355e-11
            ],
            [
                0.9999980164651477,
                1.972801580626504e-06,
                9.828245486092433e-09,
                5.653893091660571e-10,
                3.396367635398324e-10
            ],
            [
                0.0,
                1.921499551798036e-09,
                0.9999999729294072,
                1.7012482574304394e-08,
                8.13661072154183e-09
            ],
            [
                0.9999982973297167,
                1.6936318899061918e-06,
                6.498378099840778e-09,
                7.655773879257311e-10,
                1.7744377681617052e-09
            ],
            [
                0.9999998939457271,
                1.0144372154062541e-07,
                4.124763159158181e-09,
                2.2717091828676483e-10,
                2.5861720085649147e-10
            ]
        ],
        [
            [
                0.9999999536455774,
                4.553358186839015e-08,
                7.056031655179861e-10,
                8.397688329732844e-11,
                3.126080937280684e-11
            ],
            [
                0.9999977571600767,
                2.1707172067033603e-06,
                7.026224999171032e-08,
                1.4123272798404436e-09,
                4.481392835346978e-10
            ],
            [
                0.0,
                5.207229382726051e-10,
                0.9999999898053337,
                3.0282581393970557e-09,
                6.645685235682026e-09
            ],
            [
                0.9999994971592499,
                4.895783697901546e-07,
                7.93376779507694e-09,
                1.5616020549365679e-09,
                3.76701047939837e-09
            ],
            [
                0.999999889902136,
                1.044526951455337e-07,
                4.866633512284736e-09,
                3.892677289526199e-10,
                3.892677289526199e-10
            ]
        ],
        [
            [
                0.9999997928679291,
                2.0363792263939356e-07,
                3.0871313952174567e-09,
                2.4954699292371264e-10,
                1.5746989021031362e-10
            ],
            [
                0.999858711001153,
                0.00014104544687818475,
                2.3743583849480314e-07,
                5.651911679585093e-09,
                4.6421864278878713e-10
            ],
            [
                0.0,
                3.1870885922137056e-10,
                0.9999999908730824,
                4.977407250882559e-09,
                3.8308014027459394e-09
            ],
            [
                0.9999989329247957,
                1.0543012168492928e-06,
                1.1882699823692157e-08,
                8.154986963901282e-10,
                7.578898464076441e-11
            ],
            [
                0.9999998447896623,
                1.433259521811965e-07,
                9.690647377202746e-09,
                7.360730626895076e-10,
                1.4576651978548228e-09
            ]
        ],
        [
            [
                0.9999999542292736,
                3.975511243017076e-08,
                4.526823137531325e-09,
                9.32823820792406e-10,
                5.559669216467368e-10
            ],
            [
                0.9999961650609294,
                3.8293424974182465e-06,
                5.274636022817827e-09,
                3.144033465739326e-10,
                7.533696975707877e-12
            ],
            [
                0.0,
                2.3281120365013905e-09,
                0.9999999778100965,
                1.451722754825699e-08,
                5.3445637185643474e-09
            ],
            [
                0.9999989933139498,
                9.987655095069253e-07,
                4.825565912026469e-09,
                8.8411861905552e-10,
                2.2108563290272033e-09
            ],
            [
                0.9999981096848131,
                1.8812346106374747e-06,
                8.507081298612377e-09,
                4.98182135231822e-10,
                7.53128741823117e-11
            ]
        ],
        [
            [
                0.9999998610129793,
                1.3754581207101446e-07,
                1.2211348526402788e-09,
                1.3375490282067574e-10,
                8.631863917936303e-11
            ],
            [
                0.9999984656302894,
                1.5049374129109623e-06,
                2.8865504347427196e-08,
                4.2806141390200207e-10,
                1.3873204514571064e-10
            ],
            [
                0.0,
                3.2013388986904384e-10,
                0.9999999975150766,
                1.6922763851780926e-09,
                4.725130708417269e-10
            ],
            [
                0.9999996023612655,
                3.736629911155799e-07,
                1.5669853344501564e-08,
                2.6304392230785455e-09,
                5.675450462959046e-09
            ],
            [
                0.9999999825344313,
                9.46685007326142e-09,
                1.1027700282653465e-09,
                1.647147550788017e-10,
                6.731233966725087e-09
            ]
        ],
        [
            [
                0.9999999872693642,
                1.1395332862321083e-08,
                1.2065928771146109e-09,
                6.017122663588005e-11,
                6.85390217948292e-11
            ],
            [
                0.999989685108682,
                1.0285263914225369e-05,
                2.6244471212786344e-08,
                1.895910555999558e-09,
                1.487022042803115e-09
            ],
            [
                0.0,
                6.21836582513388e-11,
                0.9999999990032804,
                3.902006400674748e-10,
                5.443355541724568e-10
            ],
            [
                0.9999998580239887,
                1.2897915190598345e-07,
                1.1269191393248419e-08,
                1.4675043074980344e-09,
                2.6016376947783505e-10
            ],
            [
                0.9999998081309751,
                1.8685084451528553e-07,
                4.159120754219277e-09,
                5.559669729737676e-10,
                3.030926431422784e-10
            ]
        ],
        [
            [
                0.99999907171152,
                9.209109780189784e-07,
                5.261112103566779e-09,
                6.226107073414613e-10,
                1.4937791151339403e-09
            ],
            [
                0.9999857364223154,
                1.4182040846939879e-05,
                7.92527247612571e-08,
                1.4504240564129937e-09,
                8.336888519377e-10
            ],
            [
                0.0,
                7.011100166545034e-11,
                0.9999999992348265,
                2.714874147377451e-10,
                4.235749456575091e-10
            ],
            [
                0.9999727492242638,
                2.7240179704646658e-05,
                6.079922561601814e-09,
                1.8120085552406487e-09,
                2.704100524164098e-09
            ],
            [
                0.9999995677668579,
                3.7449746232012883e-07,
                2.3039543753907253e-08,
                8.451414672302096e-09,
                2.6244721193349003e-08
            ]
        ],
        [
            [
                0.9999999290591612,
                6.867600859844404e-08,
                1.977207874350897e-09,
                1.4223261949120358e-10,
                1.4538966248088093e-10
            ],
            [
                0.9999976008643828,
                2.3877843594002412e-06,
                9.149790530476012e-09,
                2.06160574513762e-09,
                1.3986147222436436e-10
            ],
            [
                0.0,
                2.5774360894871495e-10,
                0.999999997250621,
                1.6191577773079155e-09,
                8.7247772415887e-10
            ],
            [
                0.9999997758135905,
                2.1237302521099334e-07,
                1.1493188372150074e-08,
                2.686624875888902e-10,
                5.153348355320492e-11
            ],
            [
                0.9999995988222067,
                3.89618163315577e-07,
                1.1090077920985616e-08,
                4.21626715147517e-10,
                4.792521765205102e-11
            ]
        ],
        [
            [
                0.9999999031530432,
                9.530755566918518e-08,
                1.493801904051727e-09,
                4.010975259915502e-11,
                5.489402760863926e-12
            ],
            [
                0.9999987767352733,
                1.2078415467720951e-06,
                1.3025276660111392e-08,
                1.6868173334720193e-09,
                7.110857497029488e-10
            ],
            [
                0.0,
                9.725861680113628e-10,
                0.9999999534663053,
                2.942864856155399e-08,
                1.6132459927248945e-08
            ],
            [
                0.9999996972492254,
                2.8204004931156415e-07,
                1.7936816160964607e-08,
                1.9750067183167e-09,
                7.989022951137066e-10
            ],
            [
                0.9999976410581747,
                2.353712945089233e-06,
                4.720115959910658e-09,
                4.5843596049130885e-10,
                5.032828771300737e-11
            ]
        ],
        [
            [
                0.9999999484491375,
                5.024251957235258e-08,
                1.1780128427089952e-09,
                1.0074958062172824e-10,
                2.958054703762653e-11
            ],
            [
                0.9999988636758157,
                1.1299637708418922e-06,
                5.712986002381507e-09,
                4.3999822086524215e-10,
                2.074293615681851e-10
            ],
            [
                2.2889281535210334e-10,
                4.336298734233514e-09,
                0.99999998051309,
                1.2128117089771685e-08,
                2.7936012156131184e-09
            ],
            [
                0.9999997356259718,
                2.6235598726458967e-07,
                1.8042453453902374e-09,
                1.5583104917130365e-10,
                5.796452639772178e-11
            ],
            [
                0.9999998110199184,
                1.8574469109352315e-07,
                3.0754243395456702e-09,
                1.3822466342773078e-10,
                2.1741633581027585e-11
            ]
        ],
        [
            [
                0.9999997771979553,
                2.196724849023108e-07,
                2.926295677134987e-09,
                1.878093755072017e-10,
                1.5454900153009337e-11
            ],
            [
                0.9999931544849647,
                6.784658945405805e-06,
                5.99405031620882e-08,
                7.42000391041065e-10,
                1.735863038870595e-10
            ],
            [
                0.0,
                8.124522065526442e-11,
                0.9999999988887298,
                7.877400010236319e-10,
                2.422847838917228e-10
            ],
            [
                0.9999996234829096,
                3.675886346271643e-07,
                8.769544317228182e-09,
                1.1832230530671704e-10,
                4.0589286796642016e-11
            ],
            [
                0.9999998364596664,
                1.564859551630708e-07,
                6.538449100280508e-09,
                3.7276335668665045e-10,
                1.431658986953928e-10
            ]
        ],
        [
            [
                0.9999999165050053,
                7.950208052044152e-08,
                2.630439422269073e-09,
                4.669288748770089e-10,
                8.955459256930901e-10
            ],
            [
                0.9999978955529496,
                2.101825565714192e-06,
                2.3303068357975573e-09,
                1.937559374692226e-10,
                9.742195822715971e-11
            ],
            [
                0.0,
                4.001809141863516e-09,
                0.999999948722126,
                3.6391482140742935e-08,
                1.0884582725736291e-08
            ],
            [
                0.9999996341204013,
                3.543743639169151e-07,
                1.072393020699681e-08,
                4.37726407679344e-10,
                3.435780152823073e-10
            ],
            [
                0.9999999286865164,
                6.867600857285229e-08,
                1.1283230956639168e-09,
                3.8082884625331004e-10,
                1.1283230956639168e-09
            ]
        ],
        [
            [
                0.9999999207792037,
                7.711104640555385e-08,
                1.6668125071860949e-09,
                1.8827312752470208e-10,
                2.5466405843542636e-10
            ],
            [
                0.9999983166468768,
                1.6468713213897257e-06,
                3.115009200579137e-08,
                2.5531101963311034e-09,
                2.7785996608606045e-09
            ],
            [
                0.0,
                3.067272399859747e-11,
                0.9999999982493353,
                3.7855122124887285e-10,
                1.3414408192128624e-09
            ],
            [
                0.9999990339048463,
                9.258193381823319e-07,
                3.4241517136790777e-08,
                1.8488928616371273e-09,
                4.185405564554133e-09
            ],
            [
                0.999999941817058,
                3.8326156485616104e-08,
                1.2435112892695724e-08,
                8.130866196448431e-10,
                6.608585857537194e-09
            ]
        ],
        [
            [
                0.999999987614511,
                1.1691471218905944e-08,
                6.211884554710617e-10,
                4.271689061466468e-11,
                3.0112466498583756e-11
            ],
            [
                0.9999951732171867,
                4.705623376035076e-06,
                1.1925970813696615e-07,
                1.42420259800919e-09,
                4.755264693440601e-10
            ],
            [
                0.0,
                2.744095581361697e-10,
                0.9999999957192152,
                3.3018155957360303e-09,
                7.045596026270149e-10
            ],
            [
                0.9999993055844759,
                6.915977744043836e-07,
                2.5537531639143103e-09,
                2.1316812313165353e-10,
                5.082848355064382e-11
            ],
            [
                0.9999969777249544,
                3.0142049593566506e-06,
                7.137888863715536e-09,
                8.838067141329434e-10,
                4.83906381066651e-11
            ]
        ],
        [
            [
                0.9999999174910765,
                7.948676661728491e-08,
                2.8625401668477736e-09,
                1.2342849950424548e-10,
                3.6188208223721775e-11
            ],
            [
                0.9997241766715764,
                0.0002756975502662535,
                1.2360313215764154e-07,
                1.6878922678239836e-09,
                4.871329975122098e-10
            ],
            [
                0.0,
                2.558144251344446e-10,
                0.9999999962615325,
                2.4478438856386007e-09,
                1.0348092043679332e-09
            ],
            [
                0.9999999062429743,
                7.948676572320955e-08,
                1.3005392751495051e-08,
                4.349052525109361e-10,
                8.299619658899297e-10
            ],
            [
                0.9999999513582348,
                4.755995230893821e-08,
                9.628148893619925e-10,
                7.488072809163406e-11,
                4.411710765401037e-11
            ]
        ],
        [
            [
                0.9999998833129861,
                1.1487386348396166e-07,
                1.6575297141169996e-09,
                1.4347453055496174e-10,
                1.2146132465411803e-11
            ],
            [
                0.9999966273643304,
                3.1119895946548926e-06,
                3.471976342929743e-08,
                5.143435369243789e-09,
                2.2078287617921e-07
            ],
            [
                0.0,
                1.0876354063500869e-10,
                0.9999999980611547,
                1.1802529219554878e-09,
                6.498288237955365e-10
            ],
            [
                0.9999996183651619,
                3.3864626797460425e-07,
                7.380936876308348e-09,
                1.8724111672820576e-09,
                3.3735222000838604e-08
            ],
            [
                0.9999999392654683,
                5.421850184018998e-08,
                5.658902023856954e-09,
                3.4579820682796074e-10,
                5.113296272120961e-10
            ]
        ],
        [
            [
                0.9999999943926337,
                4.761393524902146e-09,
                7.682923861249549e-10,
                2.536207624404946e-11,
                5.231836625039784e-11
            ],
            [
                0.9999960608673341,
                3.8515263994355994e-06,
                3.789200195569174e-08,
                4.541057596630851e-09,
                4.517320690474371e-08
            ],
            [
                0.0,
                2.705627459376085e-09,
                0.9999999875719531,
                7.244336691648706e-09,
                2.4780827707031866e-09
            ],
            [
                0.9999999600704594,
                3.809447113372889e-08,
                1.358517147905532e-09,
                2.94772681067492e-10,
                1.817795347094393e-10
            ],
            [
                0.9999999343835171,
                4.910749840510189e-08,
                1.4103010659544837e-08,
                1.3062913994046585e-09,
                1.0996824876149577e-09
            ]
        ],
        [
            [
                0.9999998738695708,
                1.2476874378532548e-07,
                1.277916294923998e-09,
                7.240710088957502e-11,
                1.1361936334026011e-11
            ],
            [
                0.9999913237347445,
                8.523652856369449e-06,
                1.1959776166962443e-07,
                2.711817001025864e-09,
                3.0302820462961884e-08
            ],
            [
                9.205762741863595e-11,
                2.8702323715874865e-09,
                0.9999999885094512,
                6.172452171091712e-09,
                2.3558067235484566e-09
            ],
            [
                0.9999992496749827,
                7.100574754869941e-07,
                2.8092155698593637e-08,
                2.9848426185762885e-09,
                9.19054362303672e-09
            ],
            [
                0.9999999329481851,
                6.142378506830733e-08,
                5.337300771639411e-09,
                1.735015834654637e-10,
                1.1722743721608574e-10
            ]
        ],
        [
            [
                0.9999999794976229,
                1.901180201215879e-08,
                1.4086764591080012e-09,
                6.843921795153794e-11,
                1.3459501188657075e-11
            ],
            [
                0.9997681553003298,
                0.00023175048812680934,
                9.197948693924038e-08,
                1.65121556148696e-09,
                5.808408131685e-10
            ],
            [
                0.0,
                1.888741372933226e-10,
                0.9999999988882458,
                5.023145174760384e-10,
                4.2056573635223015e-10
            ],
            [
                0.999999502538161,
                4.957472895564656e-07,
                1.382078519682813e-09,
                1.6992099785967156e-10,
                1.6255003263211223e-10
            ],
            [
                0.9999998646187664,
                1.326122438547772e-07,
                2.508824414542581e-09,
                1.1581794079978057e-10,
                1.443471229203419e-10
            ]
        ],
        [
            [
                0.9999998919074797,
                1.0644338309434582e-07,
                1.4618444400793036e-09,
                8.441723353404407e-11,
                1.0287552412446938e-10
            ],
            [
                0.9993680316986715,
                0.000631344683239088,
                6.2146377113868e-07,
                2.0606033491963857e-09,
                9.371480080595494e-11
            ],
            [
                0.0,
                3.832538846986058e-10,
                0.999999993782436,
                2.692469147510195e-09,
                3.141841057257368e-09
            ],
            [
                0.9999980007033645,
                1.972801549531571e-06,
                1.8850076610426107e-08,
                1.5613400503772272e-09,
                6.083669268378424e-09
            ],
            [
                0.9999993740440482,
                5.51335106408176e-07,
                3.0389987751579364e-08,
                4.9787554284192715e-09,
                3.925210227004081e-08
            ]
        ],
        [
            [
                0.9999999364621599,
                6.185171900874193e-08,
                1.5989852021377157e-09,
                6.848936791028262e-11,
                1.8646578416775866e-11
            ],
            [
                0.9999659122463092,
                3.407497737828504e-05,
                1.2012706568143005e-08,
                6.951118217711274e-10,
                6.849406746836104e-11
            ],
            [
                0.0,
                1.0162972925789854e-09,
                0.9999999947645557,
                2.6077746451093796e-09,
                1.6113724205796086e-09
            ],
            [
                0.9999933269761287,
                6.659634273426319e-06,
                1.2307857573650128e-08,
                6.962503047730455e-10,
                3.8548993208234916e-10
            ],
            [
                0.9999998514176841,
                1.439937128025526e-07,
                4.387664665160064e-09,
                1.412049054438492e-10,
                5.973349557606487e-11
            ]
        ],
        [
            [
                0.9999999753536281,
                2.3250867471481823e-08,
                1.073630654644152e-09,
                1.4695258577292577e-10,
                1.7492106980667268e-10
            ],
            [
                0.9999939933304923,
                5.975752024635881e-06,
                2.7471670693822475e-08,
                2.163855830037672e-09,
                1.281956567967165e-09
            ],
            [
                0.0,
                6.177218979214927e-10,
                0.9999999944523221,
                3.2248493089350576e-09,
                1.705106707091191e-09
            ],
            [
                0.9999997262475974,
                2.6546678166439457e-07,
                7.0732290529649885e-09,
                8.971717566011966e-10,
                3.1521996095017213e-10
            ],
            [
                0.9999999252241896,
                6.393083920348626e-08,
                8.640059739642698e-09,
                8.233916535692911e-10,
                1.3815198681534568e-09
            ]
        ],
        [
            [
                0.9999999550857852,
                4.307391798448278e-08,
                1.7191979321805522e-09,
                9.351035300023912e-11,
                2.758846202287904e-11
            ],
            [
                0.9977520027199748,
                0.0022466688657885618,
                1.316812436514562e-06,
                9.717059449775158e-09,
                1.8847405972277046e-09
            ],
            [
                0.0,
                2.2913961895841103e-10,
                0.9999999973280025,
                1.7170056792563357e-09,
                7.258523679842196e-10
            ],
            [
                0.9999985553383419,
                1.4305946467060036e-06,
                8.749829190729068e-09,
                2.041080280504384e-09,
                3.2761018845243305e-09
            ],
            [
                0.9999998688634826,
                1.035268258858855e-07,
                9.878311085550054e-09,
                3.8576594523924755e-09,
                1.3873721023185673e-08
            ]
        ],
        [
            [
                0.9999999459350153,
                5.1578497934775565e-08,
                2.2397263741854593e-09,
                6.645031755876833e-11,
                1.8030987799269728e-10
            ],
            [
                0.9999920534966543,
                7.93634580418352e-06,
                9.615638376554585e-09,
                4.998744830024104e-10,
                4.20287280672516e-11
            ],
            [
                0.0,
                1.9695105822573067e-09,
                0.9999999676853314,
                2.239800186681104e-08,
                7.947156124460742e-09
            ],
            [
                0.9999987211376853,
                1.2738190242845903e-06,
                4.2581818361175494e-09,
                5.786867378589431e-10,
                2.0642174281328404e-10
            ],
            [
                0.9999998031312916,
                1.8825887209465612e-07,
                7.726235136309352e-09,
                5.178802682294879e-10,
                3.657208675208605e-10
            ]
        ],
        [
