{
    "[['A', 'B', 'C', 'D', 'E'], ['A', 'B', 'C', 'D', 'E']]": [
        [
            [
                0.9999927837730037,
                7.214894107188273e-06,
                1.3107389036218525e-09,
                2.1721779193521108e-11,
                4.2848391356281217e-13
            ],
            [
                2.5477993072912132e-08,
                0.9999998512756885,
                1.231252418605642e-07,
                1.1420321802705255e-10,
                6.873299836041399e-12
            ],
            [
                0.0,
                0.0,
                0.9999999999603426,
                1.851410624854795e-11,
                2.114341004856934e-11
            ],
            [
                0.0,
                4.8250642661640786e-11,
                4.014735284175875e-10,
                8.33841166792168e-07,
                0.9999991657091091
            ],
            [
                0.0,
                7.71491783628369e-11,
                9.006952814826094e-10,
                1.9682171475844832e-07,
                0.9999998022004408
            ]
        ],
        [
            [
                0.5696277678625354,
                0.4303722292965228,
                2.777132012553152e-09,
                6.10309511596068e-11,
                2.7788710171716314e-12
            ],
            [
                2.213181082939238e-09,
                0.9999984131195502,
                1.5846161133488702e-06,
                5.1155368250357446e-11,
                0.0
            ],
            [
                0.0,
                2.284294103301711e-12,
                0.9999999998968203,
                3.8588918966318054e-11,
                6.230641783697918e-11
            ],
            [
                0.0,
                2.810005779375002e-10,
                3.758154512139336e-09,
                1.836821717012853e-06,
                0.9999981591391278
            ],
            [
                0.0,
                1.246345236811235e-10,
                1.1235211587549882e-09,
                8.95903913022255e-06,
                0.9999910397127142
            ]
        ],
        [
            [
                0.9999953706979244,
                4.628898324517639e-06,
                3.9037781960043134e-10,
                1.3014827263926617e-11,
                3.583601220036564e-13
            ],
            [
                1.0207270681166337e-08,
                0.9999996415266085,
                3.4817631533864786e-07,
                8.515270543399251e-11,
                4.652783602289416e-12
            ],
            [
                0.0,
                0.0,
                0.9999999999551672,
                2.56149721513664e-11,
                1.9217798714618454e-11
            ],
            [
                0.0,
                1.0743142856170415e-10,
                1.515668391861975e-09,
                5.508035418286373e-06,
                0.9999944903414818
            ],
            [
                0.0,
                1.3535712604978688e-10,
                1.0801830650817997e-09,
                1.285355743451337e-06,
                0.9999987134287163
            ]
        ],
        [
            [
                0.8887761097536349,
                0.11122386168328423,
                2.790838766567666e-08,
                6.458697672574793e-10,
                8.823506262353099e-12
            ],
            [
                5.1310427713624055e-08,
                0.9999994674037153,
                4.810132759933905e-07,
                2.657782044042802e-10,
                6.8028052970253405e-12
            ],
            [
                0.0,
                0.0,
                0.9999999999390441,
                2.4953067557595774e-11,
                3.600280310531325e-11
            ],
            [
                0.0,
                2.5420738394058665e-10,
                3.765530766791731e-09,
                1.2033673632773311e-05,
                0.9999879623066291
            ],
            [
                0.0,
                4.681315644538395e-11,
                5.937016469221775e-10,
                3.2536296738031965e-06,
                0.9999967457298113
            ]
        ],
        [
            [
                0.9986448570356009,
                0.0013551414452904914,
                1.480430891547179e-09,
                3.7699320538780756e-11,
                9.783971994697566e-13
            ],
            [
                3.063459078971765e-08,
                0.999999968380961,
                9.765343238950599e-10,
                6.937693300057928e-12,
                9.760021397905012e-13
            ],
            [
                0.0,
                0.0,
                0.9999999999678033,
                1.1926117840877233e-11,
                2.0270610042407603e-11
            ],
            [
                0.0,
                1.4154520217527626e-10,
                1.00616549609921e-09,
                1.8398266367505387e-06,
                0.9999981590256526
            ],
            [
                0.0,
                2.1489288640416605e-10,
                6.917734948373368e-10,
                4.666967420781555e-07,
                0.9999995323965916
            ]
        ],
        [
            [
                0.99995221977214,
                4.777723747992645e-05,
                2.9410286619635084e-09,
                4.888360591172134e-11,
                4.678481550335583e-13
            ],
            [
                5.328690009253494e-07,
                0.999999461379758,
                5.742011229476476e-09,
                8.928161067896836e-12,
                3.017101745399175e-13
            ],
            [
                0.0,
                0.0,
                0.9999999998330611,
                6.784616145595827e-11,
                9.909268265569705e-11
            ],
            [
                0.0,
                1.8043752348371312e-10,
                4.750118409333134e-09,
                1.3712108262334822e-05,
                0.9999862829611817
            ],
            [
                0.0,
                4.01749097635943e-11,
                3.350536402546512e-10,
                1.6460454648614272e-06,
                0.9999983535793066
            ]
        ],
        [
            [
                0.8605441060478385,
                0.13945589073182924,
                3.111545807092484e-09,
                1.0673007467395544e-10,
                2.0563794778016037e-12
            ],
            [
                1.0399963622768655e-07,
                0.9999998478788067,
                4.810680929617426e-08,
                1.3977072803983191e-11,
                7.707555414362638e-13
            ],
            [
                0.0,
                0.0,
                0.9999999999723894,
                9.963371111142027e-12,
                1.7647289405628238e-11
            ],
            [
                0.0,
                2.7716484280079866e-10,
                3.5620130722906253e-09,
                6.786063535122154e-06,
                0.999993210097287
            ],
            [
                0.0,
                3.9077242129972343e-11,
                2.42620965820218e-10,
                2.947950540740444e-07,
                0.9999997049232477
            ]
        ],
        [
            [
                0.8033049070378077,
                0.19669508339071823,
                9.25911111229178e-09,
                3.052467425250515e-10,
                7.116223342714796e-12
            ],
            [
                1.0990314121841259e-07,
                0.9999997499871816,
                1.3998191546107487e-07,
                1.2342849354331325e-10,
                4.333133846509248e-12
            ],
            [
                0.0,
                0.0,
                0.9999999998960234,
                4.3952322479538266e-11,
                6.002427518851889e-11
            ],
            [
                0.0,
                1.1668447058331119e-10,
                1.7836165566276408e-09,
                4.327186138160014e-07,
                0.9999995653810851
            ],
            [
                0.0,
                7.491201651738482e-11,
                9.259406700825272e-10,
                2.3849464494084233e-06,
                0.9999976140526978
            ]
        ],
        [
            [
                0.003284447350706439,
                0.9967155512353749,
                1.3831017434328992e-09,
                2.984338749033973e-11,
                9.73586981555074e-13
            ],
            [
                2.7742783011497367e-09,
                0.9999968426575186,
                3.1542658584802216e-06,
                2.9284994815880314e-10,
                9.494538337882869e-12
            ],
            [
                0.0,
                3.2633495355740626e-12,
                0.9999999999015345,
                5.3135774232122125e-11,
                4.206633983156393e-11
            ],
            [
                0.0,
                2.014032097639235e-10,
                2.5366166106741347e-09,
                1.298560755980914e-05,
                0.9999870116544203
            ],
            [
                0.0,
                1.21101444258873e-10,
                1.120929076572782e-09,
                5.864702037730782e-07,
                0.9999994122877657
            ]
        ],
        [
            [
                0.6004505842687033,
                0.399549409693491,
                5.887874635377948e-09,
                1.4374598563638052e-10,
                6.185041252086682e-12
            ],
            [
                2.4177169690652798e-08,
                0.9999959522687599,
                4.023194769706329e-06,
                3.512303189423663e-10,
                8.070400036371111e-12
            ],
            [
                0.0,
                0.0,
                0.9999999998999327,
                3.293993471806344e-11,
                6.712751928401703e-11
            ],
            [
                0.0,
                2.444753689886278e-10,
                2.326256589860383e-09,
                7.312217219287597e-06,
                0.9999926852120489
            ],
            [
                0.0,
                1.3722303931616523e-10,
                1.116390791173343e-09,
                1.2712959475376917e-06,
                0.9999987274504386
            ]
        ],
        [
            [
                0.9999967830371089,
                3.215760661162501e-06,
                1.1828175215670612e-09,
                1.9013441542585462e-11,
                3.9891583574515915e-13
            ],
            [
                1.5025150775811785e-08,
                0.9999998271553499,
                1.5746681338594725e-07,
                3.407618853252696e-10,
                1.1924206584540123e-11
            ],
            [
                0.0,
                5.546823523513217e-13,
                0.9999999999631031,
                1.4980545510653002e-11,
                2.1361816866101482e-11
            ],
            [
                0.0,
                1.9567190084577139e-10,
                5.166147386438476e-09,
                5.599226145233532e-06,
                0.9999943954120355
            ],
            [
                0.0,
                8.941919168151255e-11,
                8.963798354147278e-10,
                2.4641105660471404e-07,
                0.9999997526031443
            ]
        ],
        [
            [
                0.9999935338675332,
                6.465631154353202e-06,
                4.886088345679641e-10,
                1.2328114298700998e-11,
                3.7552736454294387e-13
            ],
            [
                7.567192042408509e-09,
                0.9999838340549028,
                1.6158276752728834e-05,
                1.0115240194149282e-10,
                0.0
            ],
            [
                0.0,
                0.0,
                0.9999999999162927,
                3.403194006066923e-11,
                4.967529155113056e-11
            ],
            [
                0.0,
                2.5803087287623953e-10,
                3.3349747901017645e-09,
                0.00020603099082430146,
                0.99979396541617
            ],
            [
                0.0,
                1.51703562385253e-10,
                2.5886999949273608e-09,
                4.799985159611195e-06,
                0.9999951972744368
            ]
        ],
        [
            [
                0.43375330492521114,
                0.5662466889438331,
                5.791264859028018e-09,
                3.34824931616571e-10,
                4.865957839470357e-12
            ],
            [
                3.757447446796953e-06,
                0.9999962279941643,
                1.4423911786194156e-08,
                1.2227681189218278e-10,
                1.2200231976103927e-11
            ],
            [
                0.0,
                0.0,
                0.9999999999516591,
                1.9149266308354165e-11,
                2.919145962510369e-11
            ],
            [
                0.0,
                1.1170526493773488e-10,
                7.69986826955348e-10,
                1.626271266784769e-06,
                0.9999983728470412
            ],
            [
                0.0,
                5.5182532354289946e-11,
                1.8774526700885418e-10,
                1.1678657085040627e-06,
                0.9999988318913637
            ]
        ],
        [
            [
                0.9999751957450324,
                2.4803860050456213e-05,
                3.8359687555027186e-10,
                1.1046256447722178e-11,
                2.7408325730909016e-13
            ],
            [
                2.3477976717863106e-07,
                0.9999997583491801,
                6.837587690827117e-09,
                3.106727244936442e-11,
                2.3975707055393675e-12
            ],
            [
                0.0,
                1.609401095207074e-12,
                0.9999999998895928,
                3.836369266794989e-11,
                7.043415786081615e-11
            ],
            [
                0.0,
                4.9628036826668095e-11,
                3.6150697480049747e-10,
                1.9608167968495904e-07,
                0.9999998035071853
            ],
            [
                0.0,
                1.2499924665193733e-10,
                1.4756187072418725e-09,
                2.468598521758054e-05,
                0.9999753124141646
            ]
        ],
        [
            [
                0.00016673493462644626,
                0.9998332646326501,
                4.238683333722275e-10,
                8.0890319950534e-12,
                7.660846001219768e-13
            ],
            [
                1.838508771928034e-07,
                0.9999995143075328,
                3.017494186326409e-07,
                8.78591037266579e-11,
                4.312381733011924e-12
            ],
            [
                0.0,
                0.0,
                0.9999999999546427,
                1.7258558743623853e-11,
                2.8098651499706702e-11
            ],
            [
                0.0,
                1.2549183556908158e-10,
                4.593420898027775e-09,
                1.689641623245829e-05,
                0.9999830988648548
            ],
            [
                0.0,
                5.164683922601825e-11,
                1.214934205572026e-09,
                1.6838593519461673e-06,
                0.999998314874067
            ]
        ],
        [
            [
                0.9999716629213486,
                2.8336193100157237e-05,
                8.613793813795575e-10,
                2.389186104848064e-11,
                2.799559144931057e-13
            ],
            [
                5.0880355801003715e-08,
                0.9999997464987944,
                2.0249996043978968e-07,
                1.1615353938530196e-10,
                4.7358718841109594e-12
            ],
            [
                0.0,
                0.0,
                0.9999999998945583,
                4.3135351352376773e-11,
                6.230641783683825e-11
            ],
            [
                0.0,
                1.2874202527245632e-10,
                1.2394710090941092e-09,
                1.540774365156014e-06,
                0.9999984578574218
            ],
            [
                0.0,
                2.399192678472775e-10,
                1.6110836406360968e-09,
                4.1916734916040007e-07,
                0.9999995789816479
            ]
        ],
        [
            [
                0.9999985334424386,
                1.465003518409004e-06,
                1.5337539854633345e-09,
                1.9876606650685566e-11,
                4.1249591173395424e-13
            ],
            [
                1.5966522081460752e-07,
                0.9999998358015209,
                4.520559028210128e-09,
                1.1210946525412891e-11,
                1.4883646197524944e-12
            ],
            [
                0.0,
                1.518626399173755e-12,
                0.9999999998738751,
                6.645678539781056e-11,
                5.81494550604962e-11
            ],
            [
                0.0,
                7.725858320348469e-11,
                7.12234097320823e-10,
                8.629412156225705e-07,
                0.9999991362692917
            ],
            [
                0.0,
                1.6583731360815607e-10,
                1.9610203543144405e-09,
                2.518845717510495e-05,
                0.9999748094159673
            ]
        ],
        [
            [
                0.9997865260486563,
                0.0002134710715415152,
                2.807173441662073e-09,
                7.175761887606809e-11,
                8.709782873926798e-13
            ],
            [
                2.7789892196932785e-07,
                0.9999996829536454,
                3.909444750962042e-08,
                5.161305862868239e-11,
                1.3719514279250284e-12
            ],
            [
                0.0,
                1.816289442240855e-12,
                0.9999999999112448,
                3.818221534069404e-11,
                4.875668634662871e-11
            ],
            [
                0.0,
                6.515536035461517e-11,
                5.400799196553482e-10,
                6.130635780426056e-07,
                0.9999993863311866
            ],
            [
                0.0,
                1.7326942640004101e-10,
                3.775772257366456e-09,
                2.334209454267865e-06,
                0.9999976618415041
            ]
        ],
        [
            [
                0.012409704050327767,
                0.9875902897934046,
                6.015682825415982e-09,
                1.3904595770647688e-10,
                1.538771068152373e-12
            ],
            [
                1.8106050786750947e-06,
                0.9999981824480508,
                6.94294600232869e-09,
                3.826246130292327e-12,
                9.846119583771098e-14
            ],
            [
                0.0,
                1.3800007506254738e-12,
                0.9999999999258262,
                3.7611124788606546e-11,
                3.5182754302673504e-11
            ],
            [
                0.0,
                2.157397075163821e-10,
                1.313732926821686e-08,
                3.732078803835931e-05,
                0.9999626658588927
            ],
            [
                0.0,
                1.5305679111307833e-10,
                5.916352629298626e-10,
                7.134306870546377e-06,
                0.9999928649484374
            ]
        ],
        [
            [
                0.9999992770042538,
                7.224749809010485e-07,
                5.137197310804715e-10,
                6.727386053469319e-12,
                3.18240035986792e-13
            ],
            [
                9.985207659607421e-07,
                0.9999988923220738,
                1.0899484051834522e-07,
                1.5659678907827875e-10,
                5.72306505177803e-12
            ],
            [
                0.0,
                0.0,
                0.999999999937683,
                2.3057135990748192e-11,
                3.92599802651971e-11
            ],
            [
                0.0,
                2.006926363133731e-10,
                2.774172550748073e-09,
                6.416144471335865e-05,
                0.9999358355804215
            ],
            [
                0.0,
                7.915530892164551e-11,
                7.625097796833671e-10,
                4.087529026388769e-06,
                0.9999959116293085
            ]
        ],
        [
            [
                0.4019583058249638,
                0.5980416923018989,
                1.805990919351124e-09,
                6.08615798055732e-11,
                6.2848859495234094e-12
            ],
            [
                7.62475706029152e-08,
                0.9999999170927316,
                6.623476988984253e-09,
                3.387185954548453e-11,
                2.348848851120014e-12
            ],
            [
                0.0,
                0.0,
                0.9999999999532909,
                1.977134114871066e-11,
                2.69378142609243e-11
            ],
            [
                0.0,
                2.1275054724325332e-10,
                2.567829562991051e-09,
                7.623989538337971e-07,
                0.999999234820466
            ],
            [
                0.0,
                6.240965688408623e-11,
                4.014712338806498e-10,
                5.595457536831111e-06,
                0.9999944040785822
            ]
        ],
        [
            [
                0.001962661513705129,
                0.9980373367658698,
                1.6540177608732639e-09,
                6.362309573628666e-11,
                2.7841124999912396e-12
            ],
            [
                7.98499380534372e-08,
                0.9999990685072433,
                8.515052569929202e-07,
                1.3271984163900655e-10,
                4.841794444816669e-12
            ],
            [
                0.0,
                0.0,
                0.9999999999119318,
                4.4034219109372484e-11,
                4.4034219109372484e-11
            ],
            [
                0.0,
                8.241281347410209e-11,
                1.1521958051498184e-09,
                2.0893887992379222e-06,
                0.9999979093765922
            ],
            [
                0.0,
                2.9873926905376297e-10,
                3.564418790663968e-09,
                0.00022039718038502335,
                0.9997795989564568
            ]
        ],
        [
            [
                0.11886868010286934,
                0.8811313166404455,
                3.145510752976301e-09,
                1.0732083981541115e-10,
                3.853704533877775e-12
            ],
            [
                1.2517312773875526e-07,
                0.9999997645296399,
                1.1023947341819256e-07,
                5.572948380383222e-11,
                2.02937722210112e-12
            ],
            [
                0.0,
                0.0,
                0.99999999992447,
                1.7477624729610193e-11,
                5.805248862788217e-11
            ],
            [
                0.0,
                9.509967868683362e-11,
                7.26833265836802e-10,
                1.6155657463298536e-05,
                0.9999838435206038
            ],
            [
                0.0,
                1.8454251993443135e-10,
                1.6653983533521862e-09,
                9.19864705888894e-07,
                0.9999990782853533
            ]
        ],
        [
            [
                0.9999283136417564,
                7.168553921629655e-05,
                8.062207526637686e-10,
                1.2614330170195044e-11,
                1.9200887830361388e-13
            ],
            [
                4.1814805053920433e-07,
                0.9999995064898595,
                7.535107196116292e-08,
                9.771073073438755e-12,
                1.2469124040781993e-12
            ],
            [
                0.0,
                0.0,
                0.9999999999309208,
                2.7896156509306677e-11,
                4.11830486474147e-11
            ],
            [
                0.0,
                6.820582897094186e-11,
                1.6903344746732873e-09,
                0.0006848069620998983,
                0.9993151912793597
            ],
            [
                0.0,
                9.765562531615565e-11,
                9.467062528907348e-10,
                5.500274734591066e-07,
                0.9999994489281647
            ]
        ],
        [
            [
                0.5960084023406125,
                0.40399159057587664,
                6.910050302351822e-09,
                1.7012043990270983e-10,
                3.340145119833741e-12
            ],
            [
                1.5504201406847506e-06,
                0.9999984412750935,
                8.1629276015695e-09,
                1.3663722151648558e-10,
                5.20087149330744e-12
            ],
            [
                0.0,
                0.0,
                0.9999999999491209,
                1.5299629244758682e-11,
                3.557962509761173e-11
            ],
            [
                0.0,
                7.527209197613134e-11,
                1.1975891472314306e-09,
                5.190338669403544e-06,
                0.9999948083884694
            ],
            [
                0.0,
                1.3601603035297504e-10,
                2.9136586510750317e-09,
                7.02988484747606e-06,
                0.9999929670654779
            ]
        ],
        [
            [
                0.9999951049673624,
                4.8944931415533885e-06,
                5.232138654224349e-10,
                1.58794481089743e-11,
                4.0261396522728183e-13
            ],
            [
                1.4234899033034241e-05,
                0.9999857648886101,
                2.0775956619038687e-10,
                4.336068679870421e-12,
                2.610526233829395e-13
            ],
            [
                0.0,
                1.8569302309217537e-12,
                0.9999999999102398,
                3.957839179582265e-11,
                4.832487651761934e-11
            ],
            [
                0.0,
                1.3129676405356436e-10,
                9.279173056029195e-10,
                9.091610280433728e-05,
                0.9999090828379815
            ],
            [
                0.0,
                1.4255145602938334e-10,
                2.1517311445447045e-09,
                3.875902390056073e-07,
                0.9999996101154783
            ]
        ],
        [
            [
                0.9999991855324659,
                8.119744074340605e-07,
                2.4530459399640454e-09,
                3.9506968281701045e-11,
                5.737566167053829e-13
            ],
            [
                2.103475673494182e-08,
                0.9999710385573898,
                2.893999802097939e-05,
                4.0983252489005353e-10,
                0.0
            ],
            [
                0.0,
                0.0,
                0.999999999898278,
                4.4115511036954176e-11,
                5.760632394569126e-11
            ],
            [
                0.0,
                1.4833811080773702e-10,
                1.7026303691520821e-09,
                2.1066428240223828e-05,
                0.9999789317207913
            ],
            [
                0.0,
                1.5799305361122096e-10,
                8.824743045272355e-10,
                1.953441362400877e-06,
                0.9999980455181703
            ]
        ],
        [
            [
                0.9992535170230962,
                0.0007464806309483001,
                2.2808278865868747e-09,
                6.298378172330479e-11,
                2.1439403113953435e-12
            ],
            [
                1.0024700174815322e-06,
                0.9999989355147161,
                6.198244992847569e-08,
                3.203530133134137e-11,
                7.811704017088994e-13
            ],
            [
                0.0,
                0.0,
                0.9999999999550266,
                1.572288088525918e-11,
                2.9250426733723565e-11
            ],
            [
                0.0,
                3.7291056218871336e-10,
                4.966472945044111e-09,
                2.6573566370437364e-06,
                0.9999973373039794
            ],
            [
                0.0,
                1.3552736044424174e-10,
                1.2257341831732916e-09,
                0.0001983429936036929,
                0.9998016556451348
            ]
        ],
        [
            [
                0.9999996061603726,
                3.927144255818399e-07,
                1.07415090637844e-09,
                4.971595332390809e-11,
                1.3346348344294067e-12
            ],
            [
                1.9997097223061495e-07,
                0.9999997926203237,
                7.3311431103684754e-09,
                7.450334835369062e-11,
                3.057615531909064e-12
            ],
            [
                0.0,
                1.6521613639581131e-12,
                0.9999999999189302,
                4.301244465387987e-11,
                3.640517445601586e-11
            ],
            [
                0.0,
                4.2543881347997433e-10,
                4.0846391244331184e-09,
                2.6625950136672504e-06,
                0.9999973328949084
            ],
            [
                0.0,
                9.24956961730549e-11,
                9.145022420835113e-10,
                2.9000915014806943e-07,
                0.9999997089838519
            ]
        ],
        [
            [
                0.008392206785651307,
                0.991607792666733,
                5.097948615618303e-10,
                3.602416604076812e-11,
                1.796598512459279e-12
            ],
            [
                1.0704241401711456e-06,
                0.9999989286902575,
                8.745436778794802e-10,
                1.0671638003968968e-11,
                3.8703280000371966e-13
            ],
            [
                0.0,
                8.906947012052691e-13,
                0.999999999948419,
                2.520438462823935e-11,
                2.548602303708867e-11
            ],
            [
                0.0,
                2.7249385318565684e-10,
                9.729578067406195e-09,
                7.93675079758265e-05,
                0.9999206224899523
            ],
            [
                0.0,
                1.203905589029841e-09,
                1.1940544062280588e-08,
                0.002557241167659187,
                0.9974427456878912
            ]
        ],
        [
            [
                0.9999958240416184,
                4.173960049160505e-06,
                1.9575673812279358e-09,
                4.0248768862441154e-11,
                5.164097564742732e-13
            ],
            [
                1.182230634117775e-06,
                0.9999988005065419,
                1.7200614941207396e-08,
                5.936243636936879e-11,
                2.8465286243778095e-12
            ],
            [
                0.0,
                7.173510536108447e-13,
                0.9999999999571745,
                2.0590061335214652e-11,
                2.151815211977219e-11
            ],
            [
                0.0,
                1.1071046736193451e-10,
                3.898066091694572e-09,
                1.8653216201158612e-05,
                0.9999813427750224
            ],
            [
                0.0,
                2.1418823718149973e-10,
                1.1717138260313845e-09,
                1.9022086785153502e-06,
                0.9999980964054195
            ]
        ],
        [
            [
                0.7196411232033553,
                0.2803588727564998,
                3.995951444237919e-09,
                4.227562889463751e-11,
                1.9178534086537894e-12
            ],
            [
                1.7953785181906722e-07,
                0.9999998133831774,
                7.042590444171075e-09,
                3.5393965512119597e-11,
                9.864151888842874e-13
            ],
            [
                0.0,
                0.0,
                0.9999999999635321,
                1.3318154580693073e-11,
                2.314967499026356e-11
            ],
            [
                0.0,
                1.1823477400659877e-10,
                8.374340127343054e-10,
                5.851754608308067e-06,
                0.999994147289723
            ],
            [
                0.0,
                1.4294598300440688e-10,
                1.3322766863910379e-09,
                4.675904198099747e-07,
                0.9999995309343575
            ]
        ],
        [
            [
                0.99963933693147,
                0.0003606587328951339,
                4.249249211111706e-09,
                8.572911816023398e-11,
                6.565842854737511e-13
            ],
            [
                8.478923725560512e-06,
                0.9999915179818782,
                3.065900943475198e-09,
                2.720491703907814e-11,
                1.2903123463057954e-12
            ],
            [
                0.0,
                8.27835817782611e-13,
                0.9999999999623708,
                1.7179375438976696e-11,
                1.9622007375944012e-11
            ],
            [
                0.0,
                3.028805531266624e-10,
                8.44977062045216e-09,
                1.1378806012335441e-06,
                0.9999988533667475
            ],
            [
                0.0,
                1.8831657108401016e-10,
                3.7225341087118927e-09,
                0.00021990589404937845,
                0.9997800901951001
            ]
        ],
        [
            [
                0.003367555446870464,
                0.9966324421485867,
                2.3500803201656342e-09,
                5.1991486483802454e-11,
                2.4708863111374466e-12
            ],
            [
                8.624368798888686e-07,
                0.9999991296640328,
                7.726234538137625e-09,
                1.6664904653137092e-10,
                6.203743692863654e-12
            ],
            [
                0.0,
                0.0,
                0.999999999933243,
                2.0207108881082643e-11,
                4.654996244885041e-11
            ],
            [
                0.0,
                1.1403845128597074e-10,
                1.5273753977107997e-09,
                7.4673333231257636e-06,
                0.9999925310252631
            ],
            [
                0.0,
                1.0992519600746832e-10,
                7.095115031423502e-10,
                1.2785051488339174e-07,
                0.9999998713300485
            ]
        ],
        [
            [
                0.9999770396479641,
                2.2958928487489387e-05,
                1.3723645927173774e-09,
                5.0523244448294445e-11,
                6.604414810172301e-13
            ],
            [
                7.652161538374416e-08,
                0.9999991799815916,
                7.433579173912795e-07,
                1.237316199939465e-10,
                1.5144041116065882e-11
            ],
            [
                0.0,
                0.0,
                0.9999999999760543,
                1.091845920854063e-11,
                1.3027269679243654e-11
            ],
            [
                0.0,
                1.1981322973656638e-10,
                1.685666047393123e-09,
                1.2625917460852485e-06,
                0.9999987356027746
            ],
            [
                0.0,
                9.305310603181806e-11,
                1.538177839001451e-09,
                7.223727329930321e-06,
                0.9999927746414392
            ]
        ],
        [
            [
                0.6877364942385449,
                0.3122634995340708,
                6.073802307876768e-09,
                1.4787876871153626e-10,
                5.7031348193489506e-12
            ],
            [
                7.224749852264069e-07,
                0.9999991637818583,
                1.1362967273477385e-07,
                1.0521555977390203e-10,
                8.268136955568014e-12
            ],
            [
                0.0,
                0.0,
                0.9999999998564992,
                4.305890421037222e-11,
                1.0044182482712819e-10
            ],
            [
                0.0,
                2.104103460512303e-10,
                2.7718559446474027e-09,
                2.164771496387187e-06,
                0.9999978322462374
            ],
            [
                0.0,
                2.9552649816455476e-10,
                4.278110610100663e-09,
                1.0295769077593649e-06,
                0.9999989658494551
            ]
        ],
        [
            [
                0.9998758122881652,
                0.00012418547654006874,
                2.192204280561023e-09,
                4.279036535152723e-11,
                3.002486156101718e-13
            ],
            [
                2.0432441998942773e-05,
                0.9999795627776192,
                4.754124464723585e-09,
                2.4843318118036913e-11,
                1.4141822643645744e-12
            ],
            [
                0.0,
                8.489314979888654e-13,
                0.9999999999587947,
                1.4946553544677487e-11,
                2.5409915276168748e-11
            ],
            [
                0.0,
                2.266316641268953e-10,
                2.699436644146652e-09,
                5.5344180485547213e-05,
                0.9999446528934463
            ],
            [
                0.0,
                2.2705440064004774e-10,
                1.4962999332007233e-09,
                1.020212365684265e-06,
                0.99999897806428
            ]
        ],
        [
            [
                0.9999670970636134,
                3.290242268415752e-05,
                4.950383504579449e-10,
                1.8476641932093277e-11,
                1.8735684424889146e-13
            ],
            [
                1.0170603916406792e-07,
                0.9999988965305198,
                1.0016920720655757e-06,
                6.268643223811412e-11,
                8.682568638821157e-12
            ],
            [
                0.0,
                1.60028547477654e-12,
                0.9999999999478069,
                1.9246667894715082e-11,
                3.134631091045339e-11
            ],
            [
                0.0,
                9.267763911726475e-10,
                1.3477684083578842e-08,
                0.0002693593160211037,
