{
    "[['A', 'B', 'C', 'D', 'E'], ['A', 'B', 'C', 'D', 'E']]": [
        [
            [
                0.9999999601135272,
                3.863854271160959e-08,
                1.2331960091482232e-09,
                1.3815552368075105e-11,
                9.185039766721978e-13
            ],
            [
                0.9999999842081155,
                1.5111401217874765e-08,
                6.758503920094758e-10,
                4.458377494354883e-12,
                1.743169688128178e-13
            ],
            [
                0.0012366929728618093,
                0.9987628339657155,
                4.7288885575090235e-07,
                1.6589046634033383e-10,
                6.676395512918982e-12
            ],
            [
                0.0,
                3.6262866251041065e-09,
                1.3702670190173142e-05,
                0.16522115877892724,
                0.8347651349245959
            ],
            [
                0.9999999525831889,
                4.6880689217663e-08,
                5.261088974124543e-10,
                9.04250547826997e-12,
                9.7042964112241e-13
            ]
        ],
        [
            [
                0.9999999813472166,
                1.6903771341788753e-08,
                1.7361785413189465e-09,
                1.2098455858430923e-11,
                7.349061970132723e-13
            ],
            [
                0.9999998479924882,
                1.5170567498733697e-07,
                2.9459844206214806e-10,
                6.9049802779896255e-12,
                3.334726123732722e-13
            ],
            [
                0.9999966895617389,
                3.307487250469491e-06,
                2.9468852777897374e-09,
                3.716888284174203e-12,
                4.083844308373468e-13
            ],
            [
                0.0,
                3.554321931399393e-10,
                1.3784015029971329e-08,
                9.118745385877445e-05,
                0.9999087984066939
            ],
            [
                0.9999999802943201,
                1.7914898485822314e-08,
                1.7753281323624056e-09,
                1.4556050111935144e-11,
                8.969958740168488e-13
            ]
        ],
        [
            [
                0.9999999746842747,
                2.492508773193298e-08,
                3.8480379634691913e-10,
                5.630534177221509e-12,
                2.032246369304112e-13
            ],
            [
                0.99999989879294,
                9.992528695882983e-08,
                1.261934922112122e-09,
                1.897058841273959e-11,
                8.674983164400762e-13
            ],
            [
                0.9999997905432201,
                2.0808132523500533e-07,
                1.36002873149628e-09,
                1.4917816775728283e-11,
                5.081301991730644e-13
            ],
            [
                0.0,
                2.5754473268235054e-09,
                9.903247781291295e-06,
                0.09477686318257669,
                0.9052132309941947
            ],
            [
                0.9999999972078073,
                2.553115095702091e-09,
                2.3160816319707665e-10,
                5.937656122649763e-12,
                1.5318572076058556e-12
            ]
        ],
        [
            [
                0.9999999223360702,
                7.603321716008868e-08,
                1.61890154054043e-09,
                1.1221836821948743e-11,
                5.89443599119004e-13
            ],
            [
                0.9999999510100674,
                4.755995229237938e-08,
                1.4199279128542273e-09,
                9.569990638171907e-12,
                4.825740194077368e-13
            ],
            [
                0.00018243553620334816,
                0.9998128014275494,
                4.762281914658505e-06,
                6.216803715433996e-10,
                1.326522693224532e-10
            ],
            [
                0.9999999887598451,
                1.0901661837487662e-08,
                3.340906677054149e-10,
                3.2214447122012335e-12,
                1.1807960135268828e-12
            ],
            [
                0.9999999980970016,
                1.6632111292512044e-09,
                2.3645387795360584e-10,
                3.0095742561650604e-12,
                3.237958470565269e-13
            ]
        ],
        [
            [
                0.9999999281155336,
                7.17149073472683e-08,
                1.6641940754842977e-10,
                2.7694315683440596e-12,
                3.7015907468431915e-13
            ],
            [
                0.9999999388667488,
                5.989365374452915e-08,
                1.2304706695959827e-09,
                8.658325352737386e-12,
                4.684651916583511e-13
            ],
            [
                1.729816448759465e-08,
                0.9997776995017951,
                0.00022228301632717172,
                1.7025319670812938e-10,
                1.3460194157262979e-11
            ],
            [
                0.0,
                2.537849410198841e-10,
                2.3846952718750647e-05,
                0.9999196767708821,
                5.647602261423917e-05
            ],
            [
                0.9999999732272105,
                2.6433159529207485e-08,
                3.2741199480966156e-10,
                1.0325329365353007e-11,
                1.8924139038613916e-12
            ]
        ],
        [
            [
                0.9999999802821071,
                1.830433725305349e-08,
                1.406603748336876e-09,
                6.324352335715005e-12,
                6.277239516476465e-13
            ],
            [
                0.9999998253718313,
                1.7358391931637437e-07,
                1.0354369911719546e-09,
                8.100101111635597e-12,
                7.121677876204243e-13
            ],
            [
                0.0002026905812559379,
                0.9997967918115525,
                5.175526963445804e-07,
                5.0459680093635484e-11,
                4.035698305681249e-12
            ],
            [
                0.0,
                2.416406553134619e-09,
                1.566328975346787e-05,
                0.05238732163468949,
                0.9475970126591504
            ],
            [
                0.9999999796448691,
                1.9708794651825948e-08,
                6.272844612130724e-10,
                1.8017537222506508e-11,
                1.0343675574247931e-12
            ]
        ],
        [
            [
                0.9999999529017192,
                4.674425771244717e-08,
                3.5013602181818656e-10,
                3.718689151372031e-12,
                1.6833716171546674e-13
            ],
            [
                0.9999999634804542,
                3.465704097895109e-08,
                1.8525604660666632e-09,
                9.353849081989549e-12,
                5.904968138025423e-13
            ],
            [
                2.936370899753402e-05,
                0.999969409784997,
                1.2265007475164892e-06,
                4.046311442772245e-12,
                1.2113734983597422e-12
            ],
            [
                0.9999999524031904,
                4.700640007288875e-08,
                5.740869493056853e-10,
                1.477867664995272e-11,
                1.5439599869904806e-12
            ],
            [
                0.9999999942782152,
                5.2283903720198135e-09,
                4.827128624111255e-10,
                9.878748271091447e-12,
                8.02979904527898e-13
            ]
        ],
        [
            [
                0.9999999664764663,
                3.304286807180253e-08,
                4.757732477657035e-10,
                4.410185795628749e-12,
                4.82263019457208e-13
            ],
            [
                0.9999999486164413,
                5.060703119747387e-08,
                7.686543903670807e-10,
                7.543186507817836e-12,
                3.2989759708983594e-13
            ],
            [
                0.9998632812157859,
                0.00013663699029568517,
                8.17768963958381e-08,
                1.6338205369230232e-11,
                6.838786874125797e-13
            ],
            [
                0.9999999842077032,
                1.4818894140255065e-08,
                9.521460839750158e-10,
                1.9013513740885738e-11,
                2.2431089685693367e-12
            ],
            [
                0.9999999491832082,
                5.015586826639699e-08,
                6.553940691780633e-10,
                4.9740588073525375e-12,
                5.552390970065867e-13
            ]
        ],
        [
            [
                0.9999999762224129,
                2.3555113510328438e-08,
                2.1932988240143055e-10,
                2.735632054073149e-12,
                4.080106939338711e-13
            ],
            [
                0.999999922775367,
                7.661216212705755e-08,
                6.06147420086016e-10,
                5.7839593940061115e-12,
                5.396075388749984e-13
            ],
            [
                0.9999429566229856,
                5.703481878703216e-05,
                8.551771360496734e-09,
                6.10544433798658e-12,
                3.5056854582938984e-13
            ],
            [
                0.0,
                1.516995146184161e-10,
                1.5659486092456923e-08,
                3.266144592169603e-05,
                0.9999673227428926
            ],
            [
                0.9999999951170468,
                4.419986406523373e-09,
                4.5835026376488743e-10,
                4.081759250431771e-12,
                5.347795585224865e-13
            ]
        ],
        [
            [
                0.9999999898819235,
                9.69806232406255e-09,
                4.1614751377541923e-10,
                3.623169905262559e-12,
                2.435056298455863e-13
            ],
            [
                0.9999998606418979,
                1.365956062223151e-07,
                2.7553204761847643e-09,
                6.500215334673174e-12,
                6.749424538764273e-13
            ],
            [
                0.0,
                4.103982829530767e-09,
                0.9999999941802646,
                1.2525252778228117e-09,
                4.632271490595212e-10
            ],
            [
                0.0,
                7.044503739089349e-11,
                6.073269238398305e-09,
                6.727133902234885e-05,
                0.9999327225172634
            ],
            [
                0.9999999940126698,
                5.274766887036239e-09,
                7.056974084806078e-10,
                6.433449350111281e-12,
                4.322623347419364e-13
            ]
        ],
        [
            [
                0.9999999973000808,
                2.547467652022791e-09,
                1.4821055801243004e-10,
                3.904347508542304e-12,
                3.3656727664350447e-13
            ],
            [
                0.9999998631292843,
                1.3599068402246422e-07,
                8.710942619971903e-10,
                8.46813398813495e-12,
                4.691187795166468e-13
            ],
            [
                0.9999999868477039,
                1.2400840683850996e-08,
                7.472610786478186e-10,
                3.742719094193034e-12,
                4.5172057705175426e-13
            ],
            [
                0.9999999656379465,
                3.36303741596795e-08,
                7.138974524652743e-10,
                1.651541468482655e-11,
                1.2665144238269833e-12
            ],
            [
                0.9999999936696988,
                5.833903689605908e-09,
                4.883172330764763e-10,
                6.046618085912122e-12,
                2.0334959630908693e-12
            ]
        ],
        [
            [
                0.9999999984420482,
                1.461844421550821e-09,
                9.422255908630382e-11,
                1.8847305427516272e-12,
                0.0
            ],
            [
                0.9999999866111469,
                1.2851447901162344e-08,
                5.348589170206459e-10,
                2.2855012656406895e-12,
                2.607938435320014e-13
            ],
            [
                0.9999646807898983,
                3.5318170861270624e-05,
                1.0332491211347344e-09,
                5.244052296447229e-12,
                7.472470955173064e-13
            ],
            [
                0.0,
                2.0064786567164416e-10,
                8.388432819137408e-08,
                8.071537315336685e-05,
                0.9999192005418706
            ],
            [
                0.9999999882818834,
                1.1432647406475167e-08,
                2.7786300533060295e-10,
                6.182363578261664e-12,
                1.42373062277413e-12
            ]
        ],
        [
            [
                0.9999999735651868,
                2.5921055449948724e-08,
                5.093856466360237e-10,
                4.112101852823194e-12,
                2.600894447899466e-13
            ],
            [
                0.999999924989494,
                7.432108291118059e-08,
                6.834663828782073e-10,
                5.55090128393952e-12,
                4.0574696106668884e-13
            ],
            [
                0.0,
                3.49187668226639e-10,
                0.9999999988915893,
                4.764916101384098e-10,
                2.827317138095489e-10
            ],
            [
                0.0,
                3.6776197801877165e-10,
                1.2177037048011713e-06,
                0.9979566957157117,
                0.0020420862128217093
            ],
            [
                0.9999999748698296,
                2.455860658133251e-08,
                5.620475354303942e-10,
                9.093233509079624e-12,
                4.232036231915171e-13
            ]
        ],
        [
            [
                0.9999999784029963,
                2.0202129444335782e-08,
                1.3859140921924102e-09,
                8.567839244446271e-12,
                3.9236433436446923e-13
            ],
            [
                0.9999999174572678,
                8.100875416399475e-08,
                1.5267317009876285e-09,
                6.9454259182172865e-12,
                3.009285839387423e-13
            ],
            [
                0.9999679317487868,
                3.206351839577592e-05,
                4.7062627260298265e-09,
                2.5785853990462197e-11,
                7.687236313568934e-13
            ],
            [
                0.0,
                9.933835796813762e-10,
                1.2760883146093636e-07,
                0.9711409149086855,
                0.02885895648909957
            ],
            [
                0.999999958726354,
                4.10034649152122e-08,
                2.6484304755485005e-10,
                4.859492942047192e-12,
                4.784789848582615e-13
            ]
        ],
        [
            [
                0.999999996635397,
                2.9602139040397798e-09,
                4.0064966075406875e-10,
                3.2948966311488516e-12,
                4.445909345296891e-13
            ],
            [
                0.999999915215063,
                8.100875398235652e-08,
                3.763549127151e-09,
                1.197382343628934e-11,
                6.600082807175365e-13
            ],
            [
                0.0,
                9.700536467541556e-10,
                0.999999998741214,
                1.30007661104825e-10,
                1.5872491653128243e-10
            ],
            [
                0.9999999869017402,
                1.294127893053749e-08,
                1.5371944424463678e-10,
                2.911820814315634e-12,
                3.4953896756433626e-13
            ],
            [
                0.9999999938604924,
                5.076652520830224e-09,
                1.0497586970611399e-09,
                1.091479450267154e-11,
                2.1813605734603926e-12
            ]
        ],
        [
            [
                0.9999999350740583,
                6.425479461386183e-08,
                6.654104235086958e-10,
                5.5099103982612055e-12,
                2.2674807979514674e-13
            ],
            [
                0.9999999879834466,
                1.1824662162902832e-08,
                1.8926613192554824e-10,
                2.3894673287297287e-12,
                2.3554290103230533e-13
            ],
            [
                0.00011054873346462961,
                0.9998892825021455,
                1.687604165162178e-07,
                3.2500314919967898e-12,
                7.235042000446283e-13
            ],
            [
                0.0,
                1.3411312476415283e-09,
                4.48847623099541e-06,
                0.01783883079208167,
                0.982156679390556
            ],
            [
                0.9999999957962937,
                3.915771426111314e-09,
                2.815649939581252e-10,
                5.803363843455608e-12,
                5.665337527378156e-13
            ]
        ],
        [
            [
                0.9999999238562711,
                7.545260268109192e-08,
                6.827081028100834e-10,
                8.183040591917318e-12,
                2.3508107630416187e-13
            ],
            [
                0.9999999832115666,
                1.6428162663131697e-08,
                3.5695196576226354e-10,
                3.1142662073521736e-12,
                2.0482675329142942e-13
            ],
            [
                3.197453728276897e-05,
                0.9999670951231535,
                9.303288226595632e-07,
                9.22231319491695e-12,
                1.5185771540876442e-12
            ],
            [
                0.9999999883815395,
                1.1176376664333035e-08,
                4.3731582962517927e-10,
                4.527541714558753e-12,
                2.407637428258277e-13
            ],
            [
                0.9999999887017977,
                1.0878937716461458e-08,
                4.128767388853725e-10,
                5.874090775962437e-12,
                5.136542796478091e-13
            ]
        ],
        [
            [
                0.9999999651746071,
                3.4209333422026995e-08,
                6.128177072171597e-10,
                3.0273063371519317e-12,
                2.1423243648192013e-13
            ],
            [
                0.9999999551958028,
                4.3237226233727014e-08,
                1.5598992414706515e-09,
                6.5602999756990765e-12,
                5.11453645261662e-13
            ],
            [
                0.999999959363118,
                4.00212417967049e-08,
                6.098141128589234e-10,
                5.4920939171309e-12,
                3.339538092959771e-13
            ],
            [
                0.0,
                5.9093629984923145e-09,
                1.667243419455765e-05,
                0.06731443939965412,
                0.9326688822567883
            ],
            [
                0.999999988353829,
                1.0557066946146355e-08,
                1.0736306686015664e-09,
                1.3122058231250885e-11,
                2.3514351638375033e-12
            ]
        ],
        [
            [
                0.999999965962296,
                3.3110246577682375e-08,
                9.224961199628801e-10,
                4.711958898077648e-12,
                2.492787670948838e-13
            ],
            [
                0.9999998779315452,
                1.2096311721430396e-07,
                1.0996824255357089e-09,
                5.377255483053677e-12,
                2.7799139884062974e-13
            ],
            [
                0.993024109394781,
                0.006975750606217296,
                1.399337327196478e-07,
                6.209370147123072e-11,
                3.175368641031324e-12
            ],
            [
                0.0,
                1.161168290863994e-09,
                2.3164983940078984e-05,
                0.00014951225797171528,
                0.9998273215969199
            ],
            [
                0.9999999876690217,
                1.1443642930014892e-08,
                8.735700612202536e-10,
                1.3096429234872497e-11,
                6.688845033905997e-13
            ]
        ],
        [
            [
                0.9999999885357113,
                1.0937401542323731e-08,
                5.223294289292036e-10,
                4.355921750007998e-12,
                2.0178587154141456e-13
            ],
            [
                0.999999990319261,
                9.312776902350315e-09,
                3.6582968389280186e-10,
                1.9033460608171e-12,
                2.291340230637217e-13
            ],
            [
                0.6867430902512829,
                0.3132562297195955,
                6.79982647894747e-07,
                3.783424284171282e-11,
                8.639403668736102e-12
            ],
            [
                0.0,
                4.4335187324130416e-10,
                1.378985952151118e-07,
                0.0019554023839977648,
                0.9980444592740552
            ],
            [
                0.9999999955801526,
                4.03542741215624e-09,
                3.755379747414529e-10,
                7.753607799076654e-12,
                1.1283557484806237e-12
            ]
        ],
        [
            [
                0.9999999970934055,
                2.743636432448179e-09,
                1.6033270262760235e-10,
                2.4584192941614716e-12,
                1.6693766219129215e-13
            ],
            [
                0.9999999703418223,
                2.8421887787651076e-08,
                1.2315717672530607e-09,
                4.403511928599514e-12,
                3.1471364930228493e-13
            ],
            [
                9.732574724459834e-11,
                7.676189844162742e-09,
                0.999999990156415,
                1.1147927425870295e-09,
                9.552766892855626e-10
            ],
            [
                0.0,
                2.3407963904420607e-10,
                1.0585280403229357e-07,
                6.962607098994262e-05,
                0.9999302678421265
            ],
            [
                0.9999999853015915,
                1.413470580352008e-08,
                5.39671118112829e-10,
                2.329717706962348e-11,
                7.342196768373859e-13
            ]
        ],
        [
            [
                0.9999999845003789,
                1.517621799644133e-08,
                3.185283653137098e-10,
                4.5011078715156224e-12,
                3.7375666111073785e-13
            ],
            [
                0.9999997174394293,
                2.819063728205056e-07,
                6.517639747793772e-10,
                2.2083537851682442e-12,
                2.2546892083824036e-13
            ],
            [
                0.9999999345567404,
                6.432689810709524e-08,
                1.1132501890618342e-09,
                2.7693734818050383e-12,
                3.417970440660068e-13
            ],
            [
                0.0,
                5.220067618531391e-10,
                3.3205700500206423e-07,
                0.001030676311365401,
                0.9989689911096228
            ],
            [
                0.9999999728110897,
                2.6683906745786903e-08,
                4.936118061402336e-10,
                1.0387116334968482e-11,
                1.0047371841647058e-12
            ]
        ],
        [
            [
                0.9999999883084031,
                1.1126563013510873e-08,
                5.576747179824319e-10,
                7.01386519844456e-12,
                3.4508277569010255e-13
            ],
            [
                0.9999996547320886,
                3.4475029382581844e-07,
                5.093856663975221e-10,
                7.927932138747866e-12,
                3.040643599766927e-13
            ],
            [
                3.921352800784179e-10,
                5.984477979110373e-08,
                0.9999999387412285,
                1.0218564248648738e-09,
                0.0
            ],
            [
                0.9999999672220996,
                3.1547290239291775e-08,
                1.2236388861238696e-09,
                5.7610468164617e-12,
                1.2104681645792771e-12
            ],
            [
                0.9999999940175379,
                5.055953961963504e-09,
                9.142825325102895e-10,
                1.0958726057619251e-11,
                1.2667294739508637e-12
            ]
        ],
        [
            [
                0.9999999107975165,
                8.878389936292089e-08,
                4.11517411243924e-10,
                6.634808571036296e-12,
                4.319862393964446e-13
            ],
            [
                0.9999998381410296,
                1.6003703660982668e-07,
                1.8124784855885015e-09,
                8.852820558274167e-12,
                6.023960385970516e-13
            ],
            [
                1.7247684888622156e-07,
                0.9999910557127328,
                8.771715834975202e-06,
                8.554878137548072e-11,
                9.03452394072712e-12
            ],
            [
                0.0,
                9.330569144106178e-10,
                2.3097248093495817e-06,
                0.02056456946840832,
                0.9794331198737255
            ],
            [
                0.9999999326574307,
                6.574456140975226e-08,
                1.5476656939888687e-09,
                4.747215504912438e-11,
                2.870052992730678e-12
            ]
        ],
        [
            [
                0.999999979387155,
                1.9957896022645087e-08,
                6.473595725329039e-10,
                6.953696786653037e-12,
                6.357184392109051e-13
            ],
            [
                0.9999998349159052,
                1.6448377885152097e-07,
                5.936133205145499e-10,
                6.153892672919769e-12,
                5.487096632682537e-13
            ],
            [
                0.999670953716394,
                0.0003290407022834091,
                5.5766435556726745e-09,
                4.388813016300315e-12,
                2.9024705285640775e-13
            ],
            [
                0.0,
                2.358894499638773e-10,
                6.32007243846128e-08,
                2.917630978716983e-06,
                0.9999970189324074
            ],
            [
                0.9999999782222948,
                2.1206002174486165e-08,
                5.648524870650546e-10,
                6.0672973590161866e-12,
                7.830246008613632e-13
            ]
        ],
        [
            [
                0.9999999883203058,
                1.1432647406914436e-08,
                2.438741242028436e-10,
                2.686012346828988e-12,
                4.866901984692508e-13
            ],
            [
                0.9999999333945038,
                6.567425091638286e-08,
                9.204187876725345e-10,
                1.0310275257724234e-11,
                5.161665543610143e-13
            ],
            [
                6.768341041536458e-08,
                0.9998477960291999,
                0.0001521362183957541,
                6.899389127222868e-11,
                0.0
            ],
            [
                0.0,
                8.278051112914025e-11,
                1.989044306853876e-08,
                5.1442310896327156e-05,
                0.99994853771588
            ],
            [
                0.9999999800808141,
                1.9461614525504444e-08,
                4.5011296024797837e-10,
                7.013865140737359e-12,
                4.4431541585505814e-13
            ]
        ],
        [
            [
                0.9999999596784969,
                4.028938303399041e-08,
                3.1673372283539097e-11,
                3.8751069818821857e-13,
                5.93601925720696e-14
            ],
            [
                0.9999999706979339,
                2.8571794158735695e-08,
                7.203658332966649e-10,
                9.423508943251605e-12,
                4.826347815687762e-13
            ],
            [
                1.9249898592587038e-11,
                2.5560824529482484e-09,
                0.9999999966980317,
                3.753868701004797e-10,
                3.5124907411483394e-10
            ],
            [
                0.9999999930779202,
                6.657484062880928e-09,
                2.618988711207524e-10,
                2.2755577337554737e-12,
                4.2111493357018217e-13
            ],
            [
                0.9999999818245645,
                1.7504073134944368e-08,
                6.522440208764619e-10,
                1.5707803359424754e-11,
                3.4102748434643714e-12
            ]
        ],
        [
            [
                0.9999999501361732,
                4.9107493324605034e-08,
                7.457745317506427e-10,
                9.904312058536971e-12,
                6.546721797476957e-13
            ],
            [
                0.9999999389432507,
                6.037031393634811e-08,
                6.834663924151316e-10,
                2.5722131411165114e-12,
                3.9679336698202276e-13
            ],
            [
                5.18296049975338e-07,
                0.9996416164868057,
                0.0003578651662191603,
                4.370670993945457e-11,
                7.218174850979249e-12
            ],
            [
                0.0,
                8.42266437086137e-11,
                1.0324458739377054e-08,
                2.900296379684055e-05,
                0.9999709866275177
            ],
            [
                0.9999999899769124,
                9.698062324983758e-09,
                3.2010335856494833e-10,
                4.095757860774604e-12,
                8.26277254653536e-13
            ]
        ],
        [
            [
                0.9999999938158164,
                5.988973545460611e-09,
                1.9172775495539048e-10,
                3.0542871938687066e-12,
                4.280607512749631e-13
            ],
            [
                0.9999998221147661,
                1.7546031434662347e-07,
                2.3908704434143178e-09,
                3.2902759641588807e-11,
                1.14618154275895e-12
            ],
            [
                0.008566678366687584,
                0.9914318001600155,
                1.5214100598002665e-06,
                6.022152184672492e-11,
                3.0156136400132857e-12
            ],
            [
                0.0,
                2.65516260287873e-10,
                7.25811564046772e-08,
                3.689865384578757e-05,
                0.9999630284994815
            ],
            [
                0.9999999936939661,
                5.618859801002167e-09,
                6.807251568459091e-10,
                5.757630613240147e-12,
                6.912949516645659e-13
            ]
        ],
        [
            [
                0.9999999808017254,
                1.8605324046276643e-08,
                5.897379721743464e-10,
                2.893335392538475e-12,
                3.19207836512315e-13
            ],
            [
                0.9999997633717338,
                2.3551801672362259e-07,
                1.1027700495001564e-09,
                6.783189387700342e-12,
                6.961350435832283e-13
            ],
            [
                0.9999819239115821,
                1.8073265950444692e-05,
                2.819531627998398e-09,
                2.7277490808117805e-12,
                2.081035150522054e-13
            ],
            [
                0.0,
                2.968536584131422e-09,
                1.973218231829042e-05,
                0.0004587040939795582,
                0.9995215607551655
            ],
            [
                0.9999999631823233,
                3.6609180188239115e-08,
                2.0489231523130485e-10,
                3.2093567176954133e-12,
                3.948063621998607e-13
            ]
        ],
        [
            [
                0.999999137763095,
                8.616139733320079e-07,
                6.1281771153966e-10,
                9.505628044914273e-12,
                6.082067058880242e-13
            ],
            [
                0.9999995537804269,
                4.461157858164549e-07,
                1.0245412721093682e-10,
                1.22550096822504e-12,
                1.0760127449674417e-13
            ],
            [
                0.999992156752585,
                7.834031329818936e-06,
                9.204227413140784e-09,
                1.1499113205047197e-11,
                3.587034138933433e-13
            ],
            [
                0.999999992691881,
                7.073229251197283e-09,
                2.3200033271089893e-10,
                2.6895034987308325e-12,
                1.9982909041251833e-13
            ],
            [
                0.9999999947345397,
                4.782819765874904e-09,
                4.726879438283657e-10,
                9.093233689714077e-12,
                8.59493990972851e-13
            ]
        ],
        [
            [
                0.9999999417464084,
                5.709208367672269e-08,
                1.1524857993420265e-09,
                8.69217891076705e-12,
                3.2993849729109184e-13
            ],
            [
                0.999999947999596,
                5.150624074127174e-08,
                4.865628346878428e-10,
                7.127959880609472e-12,
                4.725141286787127e-13
            ],
            [
                0.007645251043207733,
                0.9923541300298181,
                6.188773770159532e-07,
                4.64592207581549e-11,
                3.137961397819686e-12
            ],
            [
                0.0,
                3.516881726160837e-10,
                4.301839881243498e-07,
                0.9990652287311657,
                0.0009343407331580976
            ],
            [
                0.9999999815253923,
                1.7604586500465044e-08,
                8.655245847420866e-10,
                4.321438411324954e-12,
                1.7524573210843462e-13
            ]
        ],
        [
            [
                0.9999999921368411,
                7.61212539097341e-09,
                2.4639987119100937e-10,
                4.226424092658396e-12,
                4.075595831821679e-13
            ],
            [
                0.9999999577873808,
                4.137711384987382e-08,
                8.299619097306434e-10,
                5.29138511952257e-12,
                2.5228646729037095e-13
            ],
            [
                0.9999996812933571,
                3.177915556207137e-07,
                9.081647618623465e-10,
                6.350716351885769e-12,
                5.716974743340658e-13
            ],
            [
                0.0,
                6.411039630312241e-10,
                1.0847449472592524e-07,
                0.0032282271236342024,
                0.9967716637607672
            ],
            [
                0.9999999971289169,
                2.5771719464045287e-09,
                2.8976626800995917e-10,
                3.664473567662703e-12,
                4.804855006650115e-13
            ]
        ],
        [
            [
                0.999999974860559,
                2.4276796067314368e-08,
                8.48966776631279e-10,
                1.3213679819481149e-11,
                4.645075590136947e-13
            ],
            [
                0.9999999803907861,
                1.919643301446192e-08,
                4.036264353760935e-10,
                8.4050554780321e-12,
                7.492965855827254e-13
            ],
            [
                0.9260431207320944,
                0.07395669915958411,
                1.7991749012917995e-07,
                1.8263829464493676e-10,
                8.193081967056572e-12
            ],
            [
                0.0,
                1.3222013303591302e-09,
                1.873500916093907e-07,
                0.15449666113586003,
                0.8455031501918471
            ],
            [
                0.9999999927108445,
                6.7374380377494295e-09,
                5.447884106446837e-10,
                6.3633382490694065e-12,
                5.65456360519146e-13
            ]
        ],
        [
            [
                0.9999999164796758,
                8.312238666715897e-08,
                3.9323628398890154e-10,
                4.43042060847907e-12,
                2.7080073145480014e-13
            ],
            [
                0.9999997828888956,
                2.164570242764877e-07,
                6.421686840997799e-10,
                1.145351774359569e-11,
                4.579414913524058e-13
            ],
            [
                5.249081308531633e-10,
                1.235443287616315e-07,
                0.9999998748528268,
                8.338701074816623e-10,
                2.4406630946892323e-10
            ],
            [
                0.0,
                1.5493580282595024e-09,
                2.361840385552315e-05,
                0.9949523401489426,
                0.005024039897843834
            ],
            [
                0.9999999862778581,
                1.3140486992461179e-08,
                5.620475418422486e-10,
                1.888452211175278e-11,
                7.230269423813963e-13
            ]
        ],
        [
            [
                0.9999999790301559,
                1.970879463971069e-08,
                1.2512883667641667e-09,
                9.063070494786903e-12,
                6.980536421080988e-13
            ],
            [
                0.9999999580673178,
                4.087025904541946e-08,
                1.0518049544352419e-09,
                1.0338079093880705e-11,
                2.800584347150059e-13
            ],
            [
                0.9999997086755265,
                2.889126750583721e-07,
                2.405250874346154e-09,
                6.148460511107493e-12,
                3.98984298282594e-13
            ],
            [
                0.0,
                3.251286062528203e-11,
                1.196075672914974e-09,
                0.00014454070364706796,
                0.9998554580677644
            ],
            [
                0.9999999900242648,
                9.203331799589367e-09,
                7.639874164037493e-10,
                7.762500940951908e-12,
                6.535942277816602e-13
            ]
        ],
        [
            [
                0.9999999946896747,
