{
    "[['A', 'B', 'C', 'D', 'E'], ['A', 'B', 'C', 'D', 'E']]": [
        [
            [
                0.9999999987180781,
                1.1132055381943951e-09,
                1.6655531060738796e-10,
                1.8889628178347047e-12,
                2.72230571004229e-13
            ],
            [
                0.9999962389579053,
                3.7596590847781344e-06,
                1.372390777819306e-09,
                9.880614413386684e-12,
                7.383175249992988e-13
            ],
            [
                0.0,
                2.843134808725512e-10,
                0.9999999991856892,
                3.962395845976324e-10,
                1.3375796679899127e-10
            ],
            [
                0.0,
                7.423464521398476e-12,
                1.8847692720174713e-09,
                1.3621361010931423e-06,
                0.9999986359717061
            ],
            [
                0.0,
                4.0160637459849835e-12,
                1.7999856744696586e-10,
                1.3813341108860623e-07,
                0.9999998616825743
            ]
        ],
        [
            [
                0.9999999992281785,
                5.419362989989306e-10,
                2.2857739098798556e-10,
                1.1241046407787296e-12,
                1.836976435896956e-13
            ],
            [
                0.9999999742147487,
                2.560016244321184e-08,
                1.8221623090764114e-10,
                2.7064284614839275e-12,
                1.6616793503644897e-13
            ],
            [
                0.0,
                3.879690898569265e-10,
                0.9999999989296615,
                4.3343781997918805e-10,
                2.489318350979002e-10
            ],
            [
                0.0,
                1.627252128317569e-11,
                2.393416438044471e-09,
                1.114384105590769e-06,
                0.9999988832062054
            ],
            [
                0.0,
                1.2623855558225991e-12,
                6.09238348833756e-11,
                3.3604453564242673e-09,
                0.9999999965773685
            ]
        ],
        [
            [
                0.9999999934373922,
                6.375302110461034e-09,
                1.8595194357458173e-10,
                1.1400570782859829e-12,
                2.1376753414505068e-13
            ],
            [
                0.9999993140709512,
                6.855158446455363e-07,
                4.098442598503988e-10,
                2.9772248835261994e-12,
                3.826879385321839e-13
            ],
            [
                0.0,
                3.477177051252351e-09,
                0.9999999946808027,
                1.3271155205824555e-09,
                5.149047468782575e-10
            ],
            [
                0.0,
                4.1538341307388465e-12,
                4.295335510694584e-10,
                3.2517992766653694e-08,
                0.99999996704832
            ],
            [
                0.0,
                2.4206155625697303e-11,
                4.078699177979238e-09,
                3.326690730140922e-05,
                0.9999667289897933
            ]
        ],
        [
            [
                0.9999999911638308,
                8.626935012002191e-09,
                2.0751601144431472e-10,
                1.582580055430827e-12,
                1.3558197031470118e-13
            ],
            [
                0.9999994324358427,
                5.674152355593316e-07,
                1.4745770107889624e-10,
                1.2630334630270268e-12,
                2.010547881512935e-13
            ],
            [
                0.0,
                5.79704983266181e-11,
                0.9999999992156645,
                3.954332469747e-10,
                3.309316713993719e-10
            ],
            [
                0.0,
                3.253643402164984e-11,
                3.464803757032706e-09,
                9.292763864218753e-05,
                0.9999070688640177
            ],
            [
                0.0,
                6.451737197867286e-11,
                1.7408117927649338e-06,
                0.00031971014615332096,
                0.9996785489775366
            ]
        ],
        [
            [
                0.9999999989796624,
                8.906909633443307e-10,
                1.2735187964282877e-10,
                2.180466235764269e-12,
                1.1437504028611387e-13
            ],
            [
                0.999999857239305,
                1.4165142781869942e-07,
                1.1023893778550668e-09,
                6.5389755341867195e-12,
                3.385948567001349e-13
            ],
            [
                0.0,
                1.2711429809217108e-10,
                0.9999999990062993,
                6.746050082467987e-10,
                1.9198134784108782e-10
            ],
            [
                0.0,
                2.114953109075873e-12,
                3.431654300605398e-10,
                6.77991808811986e-08,
                0.9999999318555388
            ],
            [
                0.0,
                1.2988862462658275e-11,
                2.0939794889160144e-09,
                4.705194970878717e-07,
                0.9999995273735346
            ]
        ],
        [
            [
                0.999999998758146,
                1.1467540909129876e-09,
                9.461840245562522e-11,
                3.891876947462159e-13,
                9.243206987383793e-14
            ],
            [
                0.9999995291556933,
                4.7015751829183273e-07,
                6.821665928266749e-10,
                4.3635305228675655e-12,
                2.5833037170964257e-13
            ],
            [
                0.0,
                4.12231706183789e-09,
                0.9999999953305652,
                4.192194540968613e-10,
                1.2789812488152544e-10
            ],
            [
                0.0,
                1.2643555423410632e-10,
                1.8400564561270756e-08,
                4.9825370743062963e-05,
                0.9999501561022567
            ],
            [
                0.0,
                1.971499592242751e-12,
                6.241001296374111e-11,
                9.56059153433131e-09,
                0.9999999903750271
            ]
        ],
        [
            [
                0.9999999938243436,
                5.9980160058928325e-09,
                1.7657095924201253e-10,
                9.476622621602537e-13,
                1.217135174219178e-13
            ],
            [
                0.9999978456127557,
                2.1539354065359945e-06,
                4.477744367478891e-10,
                3.792453390385673e-12,
                2.7057406586389046e-13
            ],
            [
                0.0,
                1.638661828911351e-10,
                0.9999999986230608,
                5.664168482468263e-10,
                6.46656165390627e-10
            ],
            [
                0.0,
                1.8010434023705097e-10,
                9.180299317761186e-08,
                0.06463884158837181,
                0.9353610664285307
            ],
            [
                0.0,
                3.62893112117746e-12,
                2.7586162336074027e-10,
                5.864606962935193e-07,
                0.9999994132598131
            ]
        ],
        [
            [
                0.9999999940978066,
                5.375879250259528e-09,
                5.1490474657807e-10,
                1.1137162256549997e-11,
                2.7223056974644983e-13
            ],
            [
                0.999999962871289,
                3.696223855045089e-08,
                1.651869943697048e-10,
                1.2106736586006286e-12,
                7.489632687945179e-14
            ],
            [
                0.0,
                4.960913189806417e-10,
                0.9999999978377736,
                6.610877350063332e-10,
                1.0050473286761715e-09
            ],
            [
                0.0,
                3.3929776010195298e-12,
                4.5328083812717927e-10,
                2.9314085361268073e-08,
                0.9999999702292408
            ],
            [
                0.0,
                1.3945856499807724e-12,
                3.175939617656837e-11,
                2.7563034510253085e-09,
                0.9999999972105427
            ]
        ],
        [
            [
                0.9999999995567568,
                3.966653101216638e-10,
                4.6119131876478865e-11,
                4.253075579870011e-13,
                3.3632132877616124e-14
            ],
            [
                0.9999976760123522,
                2.322664487125232e-06,
                1.3135944005113781e-09,
                9.138456941379246e-12,
                4.2774813827108607e-13
            ],
            [
                0.0,
                1.157461706513939e-10,
                0.9999999993025253,
                3.5124907502965987e-10,
                2.3047958133632225e-10
            ],
            [
                0.0,
                3.636434927585003e-12,
                1.8809374798302272e-09,
                1.2012019778023942e-06,
                0.9999987969134482
            ],
            [
                0.0,
                2.44418711673629e-12,
                6.121877184790782e-11,
                1.361290658381007e-08,
                0.9999999863234306
            ]
        ],
        [
            [
                0.999999993823228,
                6.033528474250305e-09,
                1.4184249420179738e-10,
                1.2965514573719588e-12,
                1.0431977366240889e-13
            ],
            [
                0.99999978745796,
                2.1222340726899898e-07,
                3.1479939699814305e-10,
                3.6209662093538027e-12,
                2.1230595854598138e-13
            ],
            [
                0.0,
                2.7075141665042625e-11,
                0.9999999995960593,
                2.466368520274229e-10,
                1.3022854188187305e-10
            ],
            [
                0.0,
                3.8335382129643097e-11,
                1.0433157253229806e-08,
                0.00030989438072747256,
                0.9996900951477798
            ],
            [
                0.0,
                1.0951616044717782e-12,
                1.6228725098166835e-11,
                8.397136605987378e-09,
                0.9999999915855396
            ]
        ],
        [
            [
                0.9999999958675392,
                4.057988480306139e-09,
                7.359225045930957e-11,
                8.222839036130473e-13,
                5.784681400208462e-14
            ],
            [
                0.9999999433742982,
                5.564374476505386e-08,
                9.785162426193423e-10,
                3.1614086461502683e-12,
                2.792348868055023e-13
            ],
            [
                0.0,
                1.0924068195584148e-10,
                0.9999999984608614,
                8.54925494520673e-10,
                5.749724049344055e-10
            ],
            [
                0.0,
                5.95457703747989e-12,
                6.313908771708799e-10,
                2.8785275429684004e-05,
                0.9999712140872248
            ],
            [
                0.0,
                2.6453345885527754e-11,
                1.0299146625124513e-08,
                1.5024837860213076e-06,
                0.999998487190614
            ]
        ],
        [
            [
                0.9999999945373275,
                5.331755196224496e-09,
                1.271550358660465e-10,
                3.524896473173853e-12,
                2.3744779924980156e-13
            ],
            [
                0.9999152681930847,
                8.473059911076935e-05,
                1.2031067560714298e-09,
                4.441394246004389e-12,
                2.5625746344160024e-13
            ],
            [
                0.0,
                1.9812677665184684e-11,
                0.999999999676366,
                1.8766757176383797e-10,
                1.161537626451207e-10
            ],
            [
                0.0,
                4.57894125956263e-10,
                2.078771224917036e-06,
                0.2915190742317304,
                0.7084788465391506
            ],
            [
                0.0,
                6.897645081434463e-13,
                1.1189797643986542e-11,
                6.458487941071059e-10,
                0.9999999993422717
            ]
        ],
        [
            [
                0.9999999952655776,
                4.5266679098183086e-09,
                2.0233923535115014e-10,
                5.179844322173625e-12,
                2.352824746135764e-13
            ],
            [
                0.9999981506686285,
                1.8489733984757744e-06,
                3.512993458334606e-10,
                6.4677272913065365e-12,
                2.0598054703652255e-13
            ],
            [
                0.0,
                3.283580524182348e-11,
                0.999999998955768,
                6.271504852180336e-10,
                3.8424567108406743e-10
            ],
            [
                0.0,
                3.925981263152254e-12,
                2.4266681041649997e-10,
                6.536021653293803e-08,
                0.9999999343931907
            ],
            [
                0.0,
                1.1438459888957557e-10,
                2.0291405239561856e-07,
                0.014629493514983199,
                0.9853703034565797
            ]
        ],
        [
            [
                0.9999999984103989,
                1.4545324681721329e-09,
                1.3374010927218487e-10,
                1.1975278649421955e-12,
                1.3100313419366258e-13
            ],
            [
                0.9999963744500154,
                3.6253237653684614e-06,
                2.2410371139932197e-10,
                1.8154442611045047e-12,
                3.001449553369034e-13
            ],
            [
                0.0,
                6.295735408826991e-11,
                0.9999999996135602,
                2.425622157157073e-10,
                8.092014066937869e-11
            ],
            [
                0.0,
                3.565952242478859e-11,
                2.799171147532406e-08,
                1.674794044746381e-05,
                0.9999832240321815
            ],
            [
                0.0,
                1.3089711471520488e-11,
                5.737260298735803e-09,
                2.6301849367722724e-06,
                0.9999973640647132
            ]
        ],
        [
            [
                0.9999999955113141,
                4.41591637353152e-09,
                7.203022839592208e-11,
                6.524383800544011e-13,
                8.712021649690866e-14
            ],
            [
                0.9999999545263759,
                4.5082998492305985e-08,
                3.874565967476369e-10,
                2.8280044820209134e-12,
                3.413162271739425e-13
            ],
            [
                0.0,
                2.577436094433537e-10,
                0.9999999991697326,
                3.1478017534733234e-10,
                2.577436094433537e-10
            ],
            [
                0.0,
                4.2281033956522506e-11,
                8.086606757654011e-09,
                1.0546250292395615e-06,
                0.999998937246083
            ],
            [
                0.0,
                2.347576687010193e-12,
                5.338995218784026e-11,
                3.509366906358629e-08,
                0.9999999648505934
            ]
        ],
        [
            [
                0.9999999977645464,
                2.1249638757959836e-09,
                1.0871065371762195e-10,
                1.7040864664366372e-12,
                7.482436596829506e-14
            ],
            [
                0.9999990981440471,
                9.010162604288252e-07,
                8.256940773576651e-10,
                1.35117172681089e-11,
                4.865983375428672e-13
            ],
            [
                0.0,
                8.054549419136656e-11,
                0.9999999981877072,
                1.3007816975684621e-09,
                4.3096557281465205e-10
            ],
            [
                0.0,
                1.2252129949360035e-09,
                0.00011824754076024285,
                0.1153572859585007,
                0.8845244652755261
            ],
            [
                0.0,
                3.4169552171379206e-12,
                1.0362208919589953e-10,
                9.713210413161543e-08,
                0.9999999027608568
            ]
        ],
        [
            [
                0.999999999306814,
                6.187253726750682e-10,
                7.361064096615726e-11,
                7.612806894370222e-13,
                8.851511840628556e-14
            ],
            [
                0.9999995585355678,
                4.412637411372717e-07,
                1.976317034533654e-10,
                2.726557884220959e-12,
                3.3277117627465016e-13
            ],
            [
                0.0,
                1.2469366936590122e-11,
                0.9999999998289093,
                1.1486273314068931e-10,
                4.375851137346069e-11
            ],
            [
                0.0,
                2.0093384364347088e-11,
                3.22179377858492e-09,
                7.175872986352297e-05,
                0.9999282380282494
            ],
            [
                0.0,
                3.770379970006996e-10,
                7.330982620817211e-07,
                0.002739401478045113,
                0.9972598650466549
            ]
        ],
        [
            [
                0.9999999986516355,
                1.109667433246584e-09,
                2.3690892336223215e-10,
                1.6964653861403371e-12,
                9.166239230162249e-14
            ],
            [
                0.9999998907236725,
                1.0899505328476175e-07,
                2.7773690434279454e-10,
                3.1072946156458305e-12,
                4.2999276973625713e-13
            ],
            [
                0.0,
                2.877235926701613e-10,
                0.9999999991875161,
                1.8873765238158914e-10,
                3.360225738146263e-10
            ],
            [
                0.0,
                5.63169405265984e-12,
                3.5876072816911373e-10,
                4.2411619292147286e-08,
                0.9999999572239882
            ],
            [
                0.0,
                2.21688302284462e-12,
                3.363994792548024e-11,
                9.374444229720333e-08,
                0.9999999062197009
            ]
        ],
        [
            [
                0.9999999958345502,
                4.033980642802565e-09,
                1.3020991338214977e-10,
                1.1547108180790072e-12,
                1.0468014018821326e-13
            ],
            [
                0.9999999945626112,
                5.212210370695965e-09,
                2.2233895144011633e-10,
                2.7535510794026005e-12,
                8.576234488653487e-14
            ],
            [
                0.0,
                9.64791114221033e-10,
                0.9999999971023656,
                1.3107488272071543e-09,
                6.22094325967313e-10
            ],
            [
                0.0,
                3.925980844228723e-12,
                6.654915838602431e-10,
                5.2433527532682434e-08,
                0.999999946897055
            ],
            [
                0.0,
                1.970906516956707e-11,
                1.7945908196937002e-09,
                8.597138387746844e-07,
                0.9999991384718614
            ]
        ],
        [
            [
                0.999999966348845,
                3.34756290547483e-08,
                1.7352738288012968e-10,
                1.816168134931515e-12,
                1.8218884450029459e-13
            ],
            [
                0.9999999703259259,
                2.819500588855687e-08,
                1.4760831488385457e-09,
                2.8105336405868824e-12,
                1.742754109434683e-13
            ],
            [
                0.0,
                2.1308844253948816e-10,
                0.9999999990455282,
                4.6322715131324335e-10,
                2.781562427816358e-10
            ],
            [
                0.0,
                7.2058227286051036e-12,
                1.7060209071210061e-09,
                3.159617574173144e-07,
                0.9999996823250159
            ],
            [
                0.0,
                1.570435870530946e-11,
                6.149428848531926e-10,
                2.3064374622454459e-07,
                0.9999997687256065
            ]
        ],
        [
            [
                0.9999999972027342,
                2.6959532626793456e-09,
                9.949247478057327e-11,
                1.7245716640551946e-12,
                9.547301165526707e-14
            ],
            [
                0.9999996769087703,
                3.222995677423391e-07,
                7.856213606064299e-10,
                5.560183636234215e-12,
                4.802912697943802e-13
            ],
            [
                0.0,
                2.381384724309175e-10,
                0.999999998214312,
                9.578072201359155e-10,
                5.897424818041119e-10
            ],
            [
                0.0,
                6.4468139924273444e-12,
                8.502372699866392e-10,
                2.252086328503243e-06,
                0.9999977470569874
            ],
            [
                0.0,
                2.0998716297125874e-12,
                2.917381481729381e-11,
                4.2836872338879255e-09,
                0.9999999956850392
            ]
        ],
        [
            [
                0.999999998467088,
                1.408074762854961e-09,
                1.229304096051927e-10,
                1.755800632082834e-12,
                1.5119954576480315e-13
            ],
            [
                0.999999722240076,
                2.7727338374747776e-07,
                4.821092435745064e-10,
                4.1546581581450776e-12,
                2.7613387621474954e-13
            ],
            [
                0.0,
                1.0802958094352727e-10,
                0.9999999991498485,
                5.051026006965004e-10,
                2.3701920491073677e-10
            ],
            [
                0.0,
                7.608605328431178e-11,
                2.5698939139024707e-08,
                0.0037543584495517103,
                0.9962456157754231
            ],
            [
                0.0,
                4.7953634064568e-12,
                6.77421062816162e-10,
                8.204186363050321e-08,
                0.99999991727592
            ]
        ],
        [
            [
                0.999999996372918,
                3.3885914958832162e-09,
                2.3690892282238363e-10,
                1.4034902468029417e-12,
                1.7818480951545872e-13
            ],
            [
                0.9999310309874131,
                6.896857889226413e-05,
                4.3093600546561454e-10,
                2.4812243078176822e-12,
                2.774812749029074e-13
            ],
            [
                0.0,
                8.107416683806624e-11,
                0.9999999980586982,
                9.711218167626042e-10,
                8.891056414900656e-10
            ],
            [
                0.0,
                8.468279166951968e-12,
                1.8166108863251323e-09,
                3.956156464042302e-07,
                0.9999996025592744
            ],
            [
                0.0,
                2.2238465271447527e-11,
                6.2729678058552615e-09,
                4.341769723050521e-07,
                0.9999995595278215
            ]
        ],
        [
            [
                0.9999999835928319,
                1.582906280928277e-08,
                5.688615405661726e-10,
                8.720026797894731e-12,
                5.234017085813921e-13
            ],
            [
                0.999981914351022,
                1.8084472656899576e-05,
                1.162730785891278e-09,
                1.296252973685679e-11,
                6.277455370327906e-13
            ],
            [
                0.0,
                8.215537834622e-12,
                0.9999999997281741,
                1.262933536061169e-10,
                1.373170279857448e-10
            ],
            [
                0.0,
                7.798908607545518e-11,
                3.54862867706934e-08,
                4.2295398337877326e-05,
                0.9999576690373863
            ],
            [
                0.0,
                9.189438934196138e-13,
                2.599488803057761e-11,
                6.903243485346924e-08,
                0.9999999309406513
            ]
        ],
        [
            [
                0.9999999926115102,
                7.223116590325027e-09,
                1.6228300024050978e-10,
                2.800163906861902e-12,
                2.9002238348736414e-13
            ],
            [
                0.9999997455200152,
                2.5420146412937963e-07,
                2.754751565718394e-10,
                2.66282312069785e-12,
                3.8268792116268785e-13
            ],
            [
                0.0,
                4.926646481404655e-10,
                0.9999999978305394,
                1.088999760963414e-09,
                5.877963442190335e-10
            ],
            [
                0.0,
                3.2839938915258717e-11,
                6.1368009128844514e-09,
                8.34325216825676e-06,
                0.9999916505781908
            ],
            [
                0.0,
                1.1919698691996623e-12,
                2.3029226713181023e-11,
                6.738337646377694e-09,
                0.999999993237441
            ]
        ],
        [
            [
                0.9999999955995722,
                4.290359540302736e-09,
                1.0886046267209917e-10,
                1.0910001807389094e-12,
                1.167350412035641e-13
            ],
            [
                0.9999984555502496,
                1.5440280983407739e-06,
                4.188925503488674e-10,
                2.429536883121759e-12,
                3.3005559026312705e-13
            ],
            [
                0.0,
                5.249611984147707e-10,
                0.9999999982353327,
                9.307444950889691e-10,
                3.089615556885065e-10
            ],
            [
                0.0,
                1.0353886565925551e-11,
                2.444899735908397e-09,
                5.963773750814389e-08,
                0.9999999379070089
            ],
            [
                0.0,
                1.0388107039838067e-11,
                2.535130357483579e-10,
                2.066535782668935e-08,
                0.999999979070741
            ]
        ],
        [
            [
                0.9999999989470088,
                9.825953320847633e-10,
                6.927013330322348e-11,
                1.05784919945439e-12,
                6.790794214798786e-14
            ],
            [
                0.9999878089210456,
                1.2189394360577119e-05,
                1.6795713841173638e-09,
                4.7087066117472496e-12,
                3.1373972219117835e-13
            ],
            [
                0.0,
                8.826338138451214e-11,
                0.9999999995907789,
                1.9214070033349569e-10,
                1.2881694058978597e-10
            ],
            [
                0.0,
                8.315425117451815e-12,
                2.9972683362558315e-09,
                5.8674741329427234e-08,
                0.9999999383196749
            ],
            [
                0.0,
                9.389487333684835e-13,
                1.584199617985535e-11,
                1.1298095340130375e-08,
                0.9999999886851237
            ]
        ],
        [
            [
                0.999999997042698,
                2.707429125212648e-09,
                2.4685522403642557e-10,
                2.8784625417824373e-12,
                1.3924320363193754e-13
            ],
            [
                0.9999974762219267,
                2.5234030891522384e-06,
                3.711408734936844e-10,
                3.2228397676512163e-12,
                6.203622306571275e-13
            ],
            [
                0.0,
                1.5784998545775897e-10,
                0.9999999987697747,
                8.234434439320519e-10,
                2.489318350580993e-10
            ],
            [
                0.0,
                2.2245762284799193e-11,
                1.285873082680476e-08,
                2.6049613790589326e-05,
                0.9999739375052328
            ],
            [
                0.0,
                1.6885765582383128e-11,
                1.2218292143758015e-09,
                1.3805170792747326e-06,
                0.9999986182442058
            ]
        ],
        [
            [
                0.9999999622236005,
                3.735865501473044e-08,
                4.137281043943854e-10,
                3.913502946200618e-12,
                1.0270871088540431e-13
            ],
            [
                0.9999832403953204,
                1.6758581506283255e-05,
                1.0206292601086572e-09,
                2.1295456162624644e-12,
                4.143980165568161e-13
            ],
            [
                0.0,
                3.3422834042218243e-10,
                0.9999999984716741,
                8.288498214419739e-10,
                3.6524751702177557e-10
            ],
            [
                0.0,
                1.4501486244631427e-11,
                1.1512275428142383e-08,
                1.365702051850067e-07,
                0.9999998519030179
            ],
            [
                0.0,
                1.8759661558116372e-11,
                2.6707570713277092e-09,
                3.9458627563212e-05,
                0.9999605386829201
            ]
        ],
        [
            [
                0.9999999952962724,
                4.4795661858349705e-09,
                2.227685328967794e-10,
                1.264033570597364e-12,
                1.2868634358011202e-13
            ],
            [
                0.9999999876881868,
                1.1916949529942458e-08,
                3.924921815996581e-10,
                2.0422415213373893e-12,
                3.293047796211881e-13
            ],
            [
                0.0,
                1.888107440288889e-10,
                0.9999999982965837,
                1.1628704697552174e-09,
                3.517351276333428e-10
            ],
            [
                0.0,
                4.045987844758666e-12,
                7.998476042439073e-10,
                4.168082985216942e-07,
                0.9999995823878078
            ],
            [
                0.0,
                3.4496448241867144e-12,
                2.1362478518220297e-10,
                5.310201286176382e-08,
                0.9999999466809129
            ]
        ],
        [
            [
                0.9999999909482401,
                8.299306996005231e-09,
                7.49101966262135e-10,
                3.1469400766522064e-12,
                2.0398852129834987e-13
            ],
            [
                0.9999730232148787,
                2.6976303728284237e-05,
                4.786294123402625e-10,
                2.5972273341433228e-12,
                1.6660334481407247e-13
            ],
            [
                0.0,
                6.007295195465606e-11,
                0.9999999994193844,
                2.5450671918990455e-10,
                2.6603586518547104e-10
            ],
            [
                0.0,
                1.2432136735440355e-10,
                6.523545240965303e-07,
                5.452700861175072e-05,
                0.9999448205125427
            ],
            [
                0.0,
                4.868935401572926e-13,
                2.4622967649312626e-11,
                3.077207930505287e-09,
                0.9999999968976823
            ]
        ],
        [
            [
                0.9999999975678697,
                2.3602098390790983e-09,
                7.019945026031761e-11,
                1.6160483792571277e-12,
                1.0500669593344686e-13
            ],
            [
                0.9999999438396321,
                5.604060121505818e-08,
                1.1890667552159965e-10,
                7.968267684627638e-13,
                6.316015812055376e-14
            ],
            [
                0.0,
                5.045968088488749e-11,
                0.9999999997260542,
                1.414057007870614e-10,
                8.208023903459893e-11
            ],
            [
                0.0,
                3.352158328408096e-11,
                4.247201194665235e-08,
                1.1224840760689098e-06,
                0.9999988350103904
            ],
            [
                0.0,
                7.256214765284497e-13,
                2.2367102509023268e-11,
                3.934863108173212e-09,
                0.9999999960420443
            ]
        ],
        [
            [
                0.999999998406284,
                1.5288763866274867e-09,
                6.382583603888243e-11,
                9.389576970518547e-13,
                7.481951382447076e-14
            ],
            [
                0.9999988555166308,
                1.1441614615005476e-06,
                3.1870826941542544e-10,
                2.9487418877998155e-12,
                2.505624994784026e-13
            ],
            [
                0.0,
                9.062976162565589e-10,
                0.9999999970251199,
                1.5340436784946037e-09,
                5.345386874913092e-10
            ],
            [
                0.0,
                2.863184808644998e-09,
                8.400326797977697e-05,
                0.2709332529997543,
                0.7289827408690811
            ],
            [
                0.0,
                3.2555907273710517e-12,
                8.500941130767159e-11,
                1.9456529745673877e-08,
                0.9999999804552052
            ]
        ],
        [
            [
                0.9999999933396548,
                6.525342900481623e-09,
                1.3171438454522752e-10,
                3.0961132781081943e-12,
                1.9151511334823157e-13
            ],
            [
                0.9999989650269361,
                1.0322038386614391e-06,
                2.7605336201853784e-09,
                7.993419634381868e-12,
                6.983013734466589e-13
            ],
            [
                0.0,
                4.1566123961412085e-10,
                0.9999999974323206,
                1.0050473282686722e-09,
                1.1469706485627261e-09
            ],
            [
                0.0,
                4.306660243627877e-12,
                1.678078378344538e-10,
                1.3351945928195706e-07,
                0.9999998663084261
            ],
            [
                0.0,
                2.5287882997211474e-11,
                1.8348021889817946e-09,
                2.9648308995981323e-05,
                0.999970349830914
            ]
        ],
        [
            [
                0.9999999961789685,
                3.5711082116974856e-09,
                2.4416734863456855e-10,
                5.623182618454433e-12,
                1.3264523253366329e-13
            ],
            [
                0.9999999158778219,
                8.29032519522646e-08,
                1.2075783333377376e-09,
                1.0974079402385406e-11,
                3.7372032468720323e-13
            ],
            [
                0.0,
                2.0166911063201905e-11,
                0.9999999997353901,
                9.585249638495524e-11,
                1.4859041323026116e-10
            ],
            [
                0.0,
                2.5688607753208963e-11,
                7.280490494847779e-09,
                1.993640213775524e-06,
                0.9999979990536071
            ],
            [
                0.0,
                2.0424675614368395e-12,
                1.3229801977640454e-10,
                8.13781046718892e-08,
                0.9999999184875548
            ]
        ],
        [
            [
                0.9999999906314231,
                9.029662335393887e-09,
                3.3609179658602076e-10,
                2.5507553475218918e-12,
                2.7190364494280567e-13
            ],
            [
                0.9999969030260918,
                3.096134569225994e-06,
                8.363071045913168e-10,
                2.699324500283444e-12,
                3.3248630224885813e-13
            ],
            [
                0.0,
                5.513287423855954e-11,
                0.9999999990873203,
                5.774364104097033e-10,
                2.801106929698472e-10
            ],
            [
                0.0,
                2.141116339527466e-12,
                5.978741100251629e-11,
                1.2758686995561534e-08,
                0.9999999871793844
            ],
            [
                0.0,
                4.125173602580481e-12,
                1.971114246400724e-10,
                4.748499150054898e-08,
                0.9999999523137719
            ]
        ],
        [
            [
                0.9999999486081601,
                5.126474445617136e-08,
                1.2455633388448748e-10,
                2.2421379042509417e-12,
                2.969447934781384e-13
            ],
            [
                0.9999991842651372,
                8.153887451655629e-07,
                3.4401409088977684e-10,
                1.826868953958193e-12,
                2.7661306291255504e-13
            ],
            [
                0.0,
                2.5262572605735493e-11,
                0.9999999996624127,
                2.0242300070247498e-10,
                1.0990171696283868e-10
            ],
            [
                0.0,
                2.0403864876980705e-10,
                2.074210745646793e-06,
                0.0005944184729149566,
                0.9994035071123007
            ],
            [
                0.0,
                1.2890676612484615e-12,
                1.0215337817430418e-11,
                3.873142063166898e-09,
                0.9999999961153536
            ]
        ],
        [
            [
                0.9999999929377625,
                6.9168675707236156e-09,
                1.4206911949017596e-10,
                3.161481162573825e-12,
                1.3938562959051714e-13
            ],
            [
