{
    "[['A', 'B', 'C', 'D', 'E'], ['A', 'B', 'C', 'D', 'E']]": [
        [
            [
                0.9999990141645725,
                9.853509760780564e-07,
                4.814228319920615e-10,
                2.3468514272353714e-12,
                6.819547754246718e-13
            ],
            [
                2.1237384196576148e-05,
                0.9999787621729241,
                4.423163519930126e-10,
                4.339955432902149e-13,
                1.286787330789458e-13
            ],
            [
                0.0,
                3.26507579553281e-11,
                0.999999999737023,
                1.499653403140575e-10,
                8.036073801943401e-11
            ],
            [
                0.0,
                8.333906446765048e-12,
                3.560170449278321e-10,
                2.6378815256726655e-08,
                0.9999999732568337
            ],
            [
                0.0,
                2.6976311466669593e-12,
                9.714418179925822e-11,
                1.5364419112803523e-09,
                0.9999999983637162
            ]
        ],
        [
            [
                0.9999707798413645,
                2.9219902436721233e-05,
                2.511355792259952e-10,
                4.686369848774773e-12,
                3.7683970037940415e-13
            ],
            [
                0.00018105102202906675,
                0.999818947618557,
                1.3569685233840566e-09,
                1.974623097471348e-12,
                4.706953212785596e-13
            ],
            [
                0.0,
                4.754224434876055e-09,
                0.9999999945976292,
                4.200574690084703e-10,
                2.2808874703658828e-10
            ],
            [
                0.0,
                4.5190091830119156e-12,
                1.3555425151491946e-10,
                5.493694977386162e-09,
                0.9999999943662317
            ],
            [
                0.0,
                2.8262519792964604e-12,
                1.0086840899564713e-10,
                4.5034526790196726e-08,
                0.9999999548617786
            ]
        ],
        [
            [
                0.9999998291179688,
                1.6972285718907904e-07,
                1.151685942650283e-09,
                7.251845945331788e-12,
                2.362218052240237e-13
            ],
            [
                0.29794647092228227,
                0.7020535269837487,
                2.086476303268992e-09,
                5.951908856366232e-12,
                1.5410855720610163e-12
            ],
            [
                0.0,
                3.450767242937096e-10,
                0.9999999991312094,
                4.303913769598714e-10,
                9.332273582993502e-11
            ],
            [
                0.0,
                6.349710765560151e-12,
                1.7141023959626138e-10,
                5.690419774843696e-09,
                0.9999999941318203
            ],
            [
                0.0,
                8.57182773572132e-12,
                2.037119983001796e-10,
                3.851065087803442e-09,
                0.999999995936651
            ]
        ],
        [
            [
                0.999999969155905,
                3.065539925807896e-08,
                1.850613610918284e-10,
                3.340801257051159e-12,
                2.9345002393358243e-13
            ],
            [
                0.9979319991899002,
                0.002067998110053297,
                2.691868493553478e-09,
                7.875649634288412e-12,
                3.022925638482982e-13
            ],
            [
                0.0,
                8.494567158204972e-12,
                0.9999999999362168,
                3.558614051757032e-11,
                1.9702525768634834e-11
            ],
            [
                0.0,
                1.886100673832936e-12,
                7.785116675101648e-11,
                1.5093620600147843e-09,
                0.9999999984109007
            ],
            [
                0.0,
                1.7943348405188022e-12,
                7.562682105328896e-11,
                6.2211599867226085e-09,
                0.9999999937014188
            ]
        ],
        [
            [
                0.9999967715964682,
                3.228217448945909e-06,
                1.8341153825860177e-10,
                2.4803582444419355e-12,
                1.908565410131126e-13
            ],
            [
                0.6680699510875658,
                0.33193004629279027,
                2.607645571871952e-09,
                9.636260829457306e-12,
                2.362084423175195e-12
            ],
            [
                0.0,
                6.686935097898718e-12,
                0.9999999998990492,
                3.3230404952988e-11,
                6.103362952648274e-11
            ],
            [
                0.0,
                1.4649970801876438e-11,
                6.491673090620562e-10,
                9.786946355861811e-08,
                0.9999999014667192
            ],
            [
                0.0,
                2.371799581581812e-12,
                1.7435048911754887e-10,
                2.6940088763823785e-10,
                0.9999999995538769
            ]
        ],
        [
            [
                0.999996885567131,
                3.114121284011705e-06,
                3.090676433435092e-10,
                2.2951030013125005e-12,
                2.2235218081551357e-13
            ],
            [
                1.0454339247396466e-05,
                0.9999895444345914,
                1.2175486772526062e-09,
                5.7442047938958094e-12,
                2.8684166272618e-12
            ],
            [
                0.0,
                8.320854902380278e-11,
                0.9999999998176683,
                6.769260083488764e-11,
                3.1430725930740446e-11
            ],
            [
                0.0,
                3.8709278911575155e-12,
                1.1839409413953406e-10,
                1.6877933545799403e-08,
                0.9999999829998015
            ],
            [
                0.0,
                1.3686974961715139e-12,
                5.3023699815557547e-11,
                9.300630477705665e-10,
                0.9999999990155446
            ]
        ],
        [
            [
                0.9999998809504778,
                1.1845933067715632e-07,
                5.859080346016225e-10,
                4.005155456550817e-12,
                2.784100633451386e-13
            ],
            [
                0.029502223853493607,
                0.9704977736048542,
                2.533415840307243e-09,
                7.887254897180818e-12,
                3.491904820904258e-13
            ],
            [
                0.0,
                1.4567938009781734e-11,
                0.9999999998202618,
                8.022413212476528e-11,
                8.494636288048256e-11
            ],
            [
                0.0,
                9.267153649564337e-12,
                3.8786180511850827e-10,
                2.450226181080634e-09,
                0.9999999971526448
            ],
            [
                0.0,
                2.83600439024357e-12,
                1.4406986829353383e-10,
                4.8485756959741604e-09,
                0.9999999950045184
            ]
        ],
        [
            [
                0.999999987891243,
                1.1825609457390058e-08,
                2.8187288536278674e-10,
                1.179072094875149e-12,
                9.552310148899013e-14
            ],
            [
                0.000253794438338696,
                0.999746204501131,
                1.0566369269510298e-09,
                2.898179485801358e-12,
                9.950737254628498e-13
            ],
            [
                5.1731304562692245e-12,
                1.642554568076009e-10,
                0.9999999995412112,
                1.519300093045885e-10,
                1.374299582048687e-10
            ],
            [
                0.0,
                3.471214492595882e-12,
                1.64211599452378e-10,
                1.412589269945074e-08,
                0.9999999857064246
            ],
            [
                0.0,
                3.0797045472540085e-12,
                1.1506841597106595e-10,
                1.0677517886655115e-08,
                0.999999989204334
            ]
        ],
        [
            [
                0.9999977538232268,
                2.245922141864399e-06,
                2.531250621917004e-10,
                1.2162122165872226e-12,
                2.9007937358219194e-13
            ],
            [
                0.44707976019780254,
                0.5529202310617471,
                8.720223555479477e-09,
                1.677584783651745e-11,
                3.450961332112531e-12
            ],
            [
                0.0,
                1.369852558587943e-11,
                0.9999999998015205,
                1.3274591495937014e-10,
                5.203513543013672e-11
            ],
            [
                0.0,
                6.721588531302334e-12,
                6.541102704275826e-10,
                3.6360677112784644e-08,
                0.999999962978491
            ],
            [
                0.0,
                2.41037250428546e-12,
                1.0158858779628478e-10,
                3.756121287635479e-08,
                0.9999999623347883
            ]
        ],
        [
            [
                0.9999999938766129,
                5.856714602633651e-09,
                2.644785909891427e-10,
                2.107828951180436e-12,
                8.598477262989327e-14
            ],
            [
                0.0007538007202468267,
                0.9992461986628506,
                6.118354826661853e-10,
                4.140979462696518e-12,
                9.26057555857214e-13
            ],
            [
                0.0,
                2.518709688875609e-10,
                0.9999999992394142,
                3.360225738320652e-10,
                1.726923627492921e-10
            ],
            [
                0.0,
                1.0756130872374015e-12,
                3.672753133590055e-11,
                3.888673789913937e-08,
                0.9999999610754591
            ],
            [
                0.0,
                1.0534115489088524e-12,
                2.462268586891227e-11,
                2.853703285331157e-09,
                0.9999999971206206
            ]
        ],
        [
            [
                0.9999992323906279,
                7.662593097161103e-07,
                1.3451404553210563e-09,
                4.763002837722419e-12,
                1.5907198938586722e-13
            ],
            [
                2.6947634560132424e-05,
                0.9999730511961744,
                1.1659620204296666e-09,
                2.7277281300821616e-12,
                5.75648568251842e-13
            ],
            [
                0.0,
                1.3207570640123614e-09,
                0.9999999985676467,
                6.394220190392917e-11,
                4.765413560948545e-11
            ],
            [
                0.0,
                2.6045792972005867e-12,
                4.185507149286248e-10,
                1.4704309073518194e-07,
                0.9999998525357541
            ],
            [
                0.0,
                1.7299119556468484e-12,
                1.1614578622316456e-10,
                9.24472910448344e-09,
                0.9999999906373952
            ]
        ],
        [
            [
                0.999994602027609,
                5.397056609896077e-06,
                8.971666245543811e-10,
                1.7933126916294772e-11,
                6.813333110234206e-13
            ],
            [
                0.00016200701141535866,
                0.9998379924096926,
                5.770939843956918e-10,
                1.3025995860403581e-12,
                4.956687281011389e-13
            ],
            [
                0.0,
                2.0253190764954783e-10,
                0.9999999993305053,
                2.796062638110692e-10,
                1.8735641562240292e-10
            ],
            [
                0.0,
                1.8154928274385086e-12,
                1.2432824226091322e-10,
                6.213768781206569e-10,
                0.9999999992524793
            ],
            [
                0.0,
                4.065326441848381e-12,
                1.3623074798605683e-10,
                1.4232386652635578e-09,
                0.9999999984364654
            ]
        ],
        [
            [
                0.9999998612476844,
                1.3787992366416465e-07,
                8.651103178490051e-10,
                6.8811309004309125e-12,
                4.003282167181021e-13
            ],
            [
                7.970481606009514e-07,
                0.99999920194983,
                1.0009152176988982e-09,
                5.257811083744004e-13,
                5.683596458346948e-13
            ],
            [
                0.0,
                1.6502796710710437e-10,
                0.999999999675014,
                1.0694301687310691e-10,
                5.301490186322806e-11
            ],
            [
                0.0,
                2.7441974766994552e-12,
                7.09955164005422e-11,
                1.66789689487684e-09,
                0.9999999982583634
            ],
            [
                0.0,
                4.7051873010585486e-12,
                4.5938826454872296e-10,
                3.501277004843705e-08,
                0.9999999645231364
            ]
        ],
        [
            [
                0.9999997516971606,
                2.479917522665422e-07,
                3.080724066916386e-10,
                2.654683915807452e-12,
                3.5999538777110324e-13
            ],
            [
                8.52379132795559e-06,
                0.999991475916774,
                2.907789126693345e-10,
                9.052787017665373e-13,
                2.139592668211054e-13
            ],
            [
                0.0,
                3.219450068911697e-11,
                0.9999999998511355,
                6.593885997463515e-11,
                5.073124019481907e-11
            ],
            [
                0.0,
                9.168691809000596e-13,
                4.6161198086321446e-11,
                8.180446553145963e-09,
                0.9999999917724754
            ],
            [
                0.0,
                3.394362808477524e-12,
                2.0340333031295982e-10,
                2.8308381554186334e-08,
                0.9999999714848208
            ]
        ],
        [
            [
                0.999998903529704,
                1.0958701489137826e-06,
                5.978390578364676e-10,
                2.2463200403813707e-12,
                6.144597380874826e-14
            ],
            [
                0.9633674206826824,
                0.03663257764076991,
                1.6701124557873856e-09,
                5.955826575714142e-12,
                4.793513369067495e-13
            ],
            [
                0.0,
                1.0889997617257312e-09,
                0.9999999985305552,
                2.712043140858867e-10,
                1.0924068196345487e-10
            ],
            [
                0.0,
                9.058179922018551e-12,
                3.9902069622337927e-10,
                1.9829975217997783e-09,
                0.9999999976089236
            ],
            [
                0.0,
                3.1172673976044625e-12,
                1.4316672411454177e-10,
                7.740996320505792e-10,
                0.9999999990796165
            ]
        ],
        [
            [
                0.9999999820722903,
                1.7602101907223397e-08,
                3.214150526130667e-10,
                3.955120396933657e-12,
                2.3753522125619926e-13
            ],
            [
                0.7801107027393865,
                0.2198892896208803,
                7.620769632704958e-09,
                1.783972023353874e-11,
                1.1237231356086408e-12
            ],
            [
                0.0,
                6.0476446484408244e-12,
                0.9999999998911293,
                8.254227784655043e-11,
                2.028097440585417e-11
            ],
            [
                0.0,
                1.835723451739517e-12,
                5.2493890341268394e-11,
                1.939179627037493e-09,
                0.9999999980064909
            ],
            [
                0.0,
                1.467742834592845e-12,
                6.490481087428732e-11,
                2.1721924336599913e-09,
                0.9999999977614351
            ]
        ],
        [
            [
                0.9209185401420709,
                0.07908144802817592,
                1.1812624889555381e-08,
                1.5135233746724234e-11,
                1.992917450155781e-12
            ],
            [
                0.06754848493692196,
                0.9324514768058426,
                3.8210902618525394e-08,
                4.00787769925926e-11,
                6.254177191115156e-12
            ],
            [
                0.0,
                9.986873327718309e-11,
                0.9999999997575706,
                7.287081935766334e-11,
                6.968983099592157e-11
            ],
            [
                0.0,
                5.23433913276302e-12,
                1.3709457918206013e-10,
                3.2532013028933935e-08,
                0.9999999673256581
            ],
            [
                0.0,
                1.3430747088833807e-12,
                7.468717053355358e-11,
                1.189169488358124e-09,
                0.9999999987348003
            ]
        ],
        [
            [
                0.9999998640840522,
                1.3518304307897658e-07,
                7.266835053942515e-10,
                5.905083889005613e-12,
                3.158610525282172e-13
            ],
            [
                0.02131040890806229,
                0.9786895856984226,
                5.387077547150262e-09,
                5.529734580335285e-12,
                9.077650012283788e-13
            ],
            [
                0.0,
                2.0277580903707992e-10,
                0.9999999993445039,
                3.058359293179355e-10,
                1.468842144941112e-10
            ],
            [
                0.0,
                2.8797916261926542e-12,
                1.022429070078724e-10,
                7.286259503844305e-08,
                0.9999999270322824
            ],
            [
                0.0,
                1.9226624799650398e-12,
                9.926936986696631e-11,
                1.4005161078259213e-09,
                0.9999999984982919
            ]
        ],
        [
            [
                0.9999969778024795,
                3.0219705352378197e-06,
                2.2568137911375108e-10,
                1.0956755466102509e-12,
                2.081066726515701e-13
            ],
            [
                0.00010706498179482722,
                0.9998929336728589,
                1.3438147154598863e-09,
                1.105305814289581e-12,
                4.2603664180115233e-13
            ],
            [
                0.0,
                4.726435303413163e-11,
                0.9999999997914348,
                1.0464057522609166e-10,
                5.666024120552168e-11
            ],
            [
                0.0,
                2.2878128621035335e-12,
                2.4048965508519436e-10,
                1.3468760229242043e-09,
                0.9999999984103465
            ],
            [
                0.0,
                7.235787721233429e-13,
                6.121877129347893e-11,
                2.2671144821543957e-08,
                0.9999999772669129
            ]
        ],
        [
            [
                0.9999983262901919,
                1.6734153073403572e-06,
                2.9078111260278644e-10,
                3.523572252708077e-12,
                1.9583737875676589e-13
            ],
            [
                0.8593926805427847,
                0.1406072986551373,
                2.0777127430330876e-08,
                2.1957630975213604e-11,
                2.993024621637186e-12
            ],
            [
                0.0,
                9.39315114820154e-11,
                0.9999999997227196,
                1.1226273557980358e-10,
                7.108630134509264e-11
            ],
            [
                0.0,
                2.065692116012551e-12,
                1.1478891945612529e-10,
                5.5317077932375957e-08,
                0.9999999445660674
            ],
            [
                0.0,
                4.6222317489341034e-12,
                1.986323853439297e-10,
                3.211175702469587e-08,
                0.9999999676849883
            ]
        ],
        [
            [
                0.9999993096045686,
                6.900456005048687e-07,
                3.4507673317223793e-10,
                4.300963458245987e-12,
                4.530787724889424e-13
            ],
            [
                4.009189829381182e-05,
                0.999959906729365,
                1.3705203227401215e-09,
                1.1552064323675384e-12,
                6.657063972689007e-13
            ],
            [
                0.0,
                1.6842341182952206e-11,
                0.9999999998911977,
                5.835789732976553e-11,
                3.360198394409e-11
            ],
            [
                0.0,
                5.662812436917525e-12,
                5.689505274025047e-10,
                9.609747624469263e-10,
                0.9999999984644119
            ],
            [
                0.0,
                9.245045374857668e-13,
                6.19905124347089e-11,
                3.372433301146737e-09,
                0.9999999965646518
            ]
        ],
        [
            [
                0.9999999636435062,
                3.604559484100467e-08,
                3.0792142196547856e-10,
                2.6845269744323775e-12,
                2.9304507085801014e-13
            ],
            [
                0.0005716981441236854,
                0.9994283009348793,
                9.148529282951279e-10,
                5.365013009916247e-12,
                7.791585344301058e-13
            ],
            [
                0.0,
                1.5215765975382496e-10,
                0.999999999678217,
                8.150395508630607e-11,
                8.812157718533769e-11
            ],
            [
                0.0,
                6.84901122241925e-12,
                2.650927160175967e-10,
                1.1811565689393486e-08,
                0.9999999879164926
            ],
            [
                0.0,
                7.9554359295311e-13,
                1.642353235778541e-11,
                1.4981675127469403e-09,
                0.9999999984846135
            ]
        ],
        [
            [
                0.9999999276427153,
                7.202168718437535e-08,
                3.301518105431616e-10,
                5.161618914973798e-12,
                2.840360882473566e-13
            ],
            [
                0.9446207356018983,
                0.055379258516017625,
                5.861788418817064e-09,
                1.844569085090128e-11,
                1.8499130371883765e-12
            ],
            [
                0.0,
                1.96142617204135e-11,
                0.9999999999188085,
                3.5884952856444756e-11,
                2.5692429153610823e-11
            ],
            [
                0.0,
                7.488069056925465e-12,
                4.487662309198691e-10,
                5.173054605590436e-07,
                0.999999482238285
            ],
            [
                0.0,
                1.9990962785745295e-12,
                1.3908945977412487e-10,
                1.6102057346782107e-08,
                0.9999999837568541
            ]
        ],
        [
            [
                0.999999575823878,
                4.2332927506600566e-07,
                8.426252732993649e-10,
                3.584532866100411e-12,
                6.371180791150993e-13
            ],
            [
                3.3284963703989685e-05,
                0.9999667147623835,
                2.7119551383739716e-10,
                2.2579783591114287e-12,
                4.589645521105414e-13
            ],
            [
                0.0,
                1.5897639299245915e-10,
                0.9999999996412867,
                1.293329560904539e-10,
                7.040380298239768e-11
            ],
            [
                0.0,
                5.274587823138155e-12,
                1.684896860509619e-10,
                2.2881131006690154e-09,
                0.9999999975381226
            ],
            [
                0.0,
                1.0154625613438106e-12,
                3.379454929058256e-11,
                1.866602522923021e-09,
                0.9999999980985874
            ]
        ],
        [
            [
                0.9999993775530258,
                6.218846835064245e-07,
                5.51951893821406e-10,
                9.953797625133397e-12,
                3.851270183749116e-13
            ],
            [
                0.21056586430328095,
                0.7894341305551634,
                5.1297972540599995e-09,
                9.16960518893281e-12,
                2.588927988177398e-12
            ],
            [
                0.0,
                1.1593281135947582e-11,
                0.999999999906364,
                4.517761877276558e-11,
                3.686509205834666e-11
            ],
            [
                0.0,
                4.99601345698236e-12,
                9.839057370893372e-11,
                1.1567229568414154e-09,
                0.9999999987398904
            ],
            [
                0.0,
                4.625730759880996e-13,
                3.274418035608287e-11,
                3.125298800555147e-08,
                0.9999999687138054
            ]
        ],
        [
            [
                0.999999811297883,
                1.8768898774118087e-07,
                1.0060466215861346e-09,
                6.8798452749981535e-12,
                2.0280103773064579e-13
            ],
            [
                3.070489601530864e-05,
                0.9999692929590186,
                2.1416466230744572e-09,
                2.7749200019865838e-12,
                5.445143949600991e-13
            ],
            [
                0.0,
                1.2497135632588462e-10,
                0.9999999996771745,
                1.0935033447925961e-10,
                8.850377389400922e-11
            ],
            [
                0.0,
                3.8253924382722736e-12,
                1.3555425101997237e-10,
                9.145672874765363e-09,
                0.9999999907149476
            ],
            [
                0.0,
                2.697631134132129e-12,
                1.2046583516888364e-10,
                6.159726932879175e-09,
                0.9999999937171096
            ]
        ],
        [
            [
                0.9999992564516943,
                7.433578856207695e-07,
                1.8873764719506403e-10,
                1.5127952389443842e-12,
                1.6959015503035915e-13
            ],
            [
                0.09281762011189751,
                0.907182371280211,
                8.589205575545506e-09,
                1.6080733522635314e-11,
                2.6052104687653243e-12
            ],
            [
                0.0,
                4.018172928550426e-11,
                0.9999999998686984,
                3.846759233271187e-11,
                5.2652224780490776e-11
            ],
            [
                0.0,
                4.4394483408977434e-11,
                3.930107660191641e-09,
                3.7161957852102547e-07,
                0.9999996244059194
            ],
            [
                0.0,
                3.4712145218877967e-12,
                1.5726637869622278e-10,
                5.694317556807722e-09,
                0.9999999941449449
            ]
        ],
        [
            [
                0.9999999268015498,
                7.290721945418077e-08,
                2.8704281661137306e-10,
                4.024084401303937e-12,
                1.6380969127544107e-13
            ],
            [
                0.0001448913929562076,
                0.9998551076579428,
                9.470223230033283e-10,
                1.1486087122162368e-12,
                9.3001202121248e-13
            ],
            [
                4.995308354747507e-12,
                8.126164844790352e-11,
                0.9999999996050186,
                1.8323321354978855e-10,
                1.254911141153644e-10
            ],
            [
                0.0,
                6.245415961234001e-12,
                1.585288580003532e-10,
                1.2218740408097812e-08,
                0.9999999876164852
            ],
            [
                0.0,
                2.770440533700933e-12,
                1.4995904762501097e-10,
                2.7671163054670253e-10,
                0.9999999995705589
            ]
        ],
        [
            [
                0.9999988435029719,
                1.1546648352836245e-06,
                1.8232375943339266e-09,
                8.54155340837577e-12,
                4.136478095158679e-13
            ],
            [
                0.06152616155258157,
                0.9384738370983214,
                1.3384583702823456e-09,
                8.83099886723023e-12,
                1.807666701616853e-12
            ],
            [
                0.0,
                2.4977412747668053e-10,
                0.9999999995165771,
                1.1357955389875941e-10,
                1.200689882683131e-10
            ],
            [
                0.0,
                2.2409879064882288e-12,
                1.0708017683734565e-10,
                8.413007689205647e-09,
                0.9999999914776713
            ],
            [
                0.0,
                3.956403110018614e-12,
                1.2353141658021119e-10,
                2.570559178665883e-09,
                0.9999999973019531
            ]
        ],
        [
            [
                0.9999998759655814,
                1.2221543686759563e-07,
                1.8140591049157023e-09,
                4.70467593041497e-12,
                2.1774727600226643e-13
            ],
            [
                0.002455945582636642,
                0.9975440528816458,
                1.5286782025876974e-09,
                5.5720743214667935e-12,
                1.4672391065041704e-12
            ],
            [
                0.0,
                3.2716292712131465e-10,
                0.9999999993963318,
                2.1469009159106068e-10,
                6.181529622379015e-11
            ],
            [
                0.0,
                1.9802391414778558e-12,
                1.6975061053940405e-10,
                2.5048893158195416e-09,
                0.9999999973233797
            ],
            [
                0.0,
                9.200346927027459e-13,
                5.355895812728628e-11,
                1.0571433696804863e-08,
                0.9999999893740873
            ]
        ],
        [
            [
                0.9999999721660767,
                2.72433835251672e-08,
                5.859080181998901e-10,
                4.306356267661592e-12,
                3.2541301282086933e-13
            ],
            [
                3.2289858525873205e-05,
                0.9999677097146881,
                4.2582933042551316e-10,
                6.630503831901461e-13,
                2.9367400755108865e-13
            ],
            [
                0.0,
                1.1282637879726391e-11,
                0.9999999998677849,
                6.896112997424642e-11,
                5.197155560660778e-11
            ],
            [
                0.0,
                3.9307538002316875e-12,
                4.405398166061254e-10,
                3.6208421321815287e-08,
                0.9999999633471082
            ],
            [
                0.0,
                1.0016761415670427e-11,
                1.9621305517705028e-10,
                3.859125812580128e-08,
                0.9999999612025121
            ]
        ],
        [
            [
                0.9968276005987786,
                0.0031723988881251584,
                5.072294808775914e-10,
                5.310211326369305e-12,
                5.565050857273152e-13
            ],
            [
                0.02292668410107469,
                0.9770733153193744,
                5.753047958659485e-10,
                3.3319876980820995e-12,
                9.141904699324955e-13
            ],
            [
                0.0,
                1.3920099994027434e-09,
                0.9999999982627479,
                2.0848084765601822e-10,
                1.367613314941329e-10
            ],
            [
                0.0,
                1.991694779365735e-11,
                1.1415188135481014e-09,
                2.431832019613695e-08,
                0.9999999745202441
            ],
            [
                0.0,
                1.904101312837937e-12,
                4.3727640422289657e-11,
                3.7222255529362914e-07,
                0.999999627731813
            ]
        ],
        [
            [
                0.9999998661806575,
                1.3261224406190308e-07,
                1.2027556626127997e-09,
                4.018032875296607e-12,
                3.2460589947647553e-13
            ],
            [
                0.002017108116954357,
                0.9979828911404393,
                7.367304535428772e-10,
                5.0489501334565415e-12,
                8.270072988830942e-13
            ],
            [
                1.8076906891838943e-12,
                1.4812351565948228e-10,
                0.9999999996801727,
                9.91236841930292e-11,
                7.07725709224842e-11
            ],
            [
                0.0,
                4.1113647464283685e-12,
                3.415179834945043e-10,
                4.337134233088173e-09,
                0.9999999953172365
            ],
            [
                0.0,
                1.1789955940044e-12,
                5.454098488405766e-11,
                4.657170044088527e-08,
                0.9999999533725796
            ]
        ],
        [
            [
                0.9999996908344289,
                3.086236763471988e-07,
                5.333756541045589e-10,
                8.191113906125576e-12,
                3.2799969046730854e-13
            ],
            [
                1.2089023390357584e-05,
                0.999987908558353,
                2.4165353648154952e-09,
                1.1454559732510128e-12,
                5.75657326805125e-13
            ],
            [
                0.0,
                2.5539209981496774e-11,
                0.9999999997214852,
                1.5965919814034167e-10,
                9.331650612821954e-11
            ],
            [
                0.0,
                6.052860658251659e-12,
                3.357093116969891e-10,
                6.9164454101586665e-09,
                0.9999999927417924
            ],
            [
                0.0,
                4.594806883676092e-12,
                3.6214808120230145e-10,
                2.777737309769874e-08,
                0.999999971855884
            ]
        ],
        [
            [
                0.9999999185717046,
                8.115133959668028e-08,
                2.6941168882289116e-10,
                7.204943149609868e-12,
                3.3913844665353645e-13
            ],
            [
                4.3933097949120014e-05,
                0.9999560655406401,
                1.3577142511471121e-09,
                2.741173962217992e-12,
                9.553281325947344e-13
            ],
            [
                0.0,
                1.1371611648974367e-10,
                0.9999999995190056,
                2.1199308308577177e-10,
                1.5528511925577797e-10
            ],
            [
                0.0,
                2.4750841837467e-12,
                1.0971405678072221e-10,
                2.6375632903122314e-09,
                0.9999999972502476
            ],
            [
                0.0,
                1.1439320658289485e-12,
                1.9055010583051934e-11,
                1.407395447484466e-09,
                0.9999999985724055
            ]
        ],
        [
            [
                0.9999998155448924,
                1.8385104215928493e-07,
                5.975871537451634e-10,
                6.127925925271264e-12,
                3.503887220125392e-13
            ],
            [
                9.340809161777167e-06,
                0.9999906562275137,
                2.9453734725587733e-09,
                1.5748782002376194e-11,
                2.2024311010640885e-12
            ],
            [
                0.0,
                6.758413784584414e-10,
                0.9999999989526629,
                3.0490052539415494e-10,
                6.65952204007896e-11
            ],
            [
                0.0,
                2.0216235085029955e-12,
                7.565596486624274e-11,
                1.4244526144828963e-09,
                0.9999999984978698
            ],
            [
                0.0,
                5.599088729993581e-13,
                2.2607505050995795e-11,
                1.3331078783780568e-09,
                0.9999999986437247
            ]
        ],
        [
            [
                0.9999919640482762,
                8.035748990822136e-06,
                2.0101251747420428e-10,
                1.574616081016867e-12,
                1.4600078652081592e-13
            ],
            [
                0.0001063875312858697,
                0.9998936122204182,
                2.446601201509247e-10,
                2.7058248115534992e-12,
                9.300474989967459e-13
            ],
            [
                1.542726652440855e-12,
                1.1160623085810871e-10,
                0.999999999751509,
                8.30590221577268e-11,
                5.228285357516951e-11
            ],
            [
                0.0,
                4.2449975833974665e-12,
                2.69400368729899e-10,
                1.8982452384555128e-08,
                0.9999999807439023
            ],
            [
                0.0,
                2.9718292426553788e-12,
                3.3034894408397637e-10,
                3.1448642926350354e-08,
                0.9999999682180364
            ]
        ],
        [
            [
                0.9999998515100773,
                1.4823664866555958e-07,
                2.4977412028388333e-10,
                3.2602014410655643e-12,
                2.396888142872037e-13
            ],
            [
