{
    "[['A', 'B', 'C', 'D', 'E'], ['A', 'B', 'C', 'D', 'E']]": [
        [
            [
                0.05141351950505023,
                6.903571679070078e-08,
                2.536738610471249e-08,
                1.2002697593775788e-06,
                0.9485851858220875
            ],
            [
                0.0,
                2.4197040920942725e-09,
                0.9999998907524259,
                9.011841980245659e-08,
                1.6709450115487528e-08
            ],
            [
                0.0,
                7.436496066332751e-10,
                0.9999999904997822,
                5.6708734811590096e-09,
                3.085694874085749e-09
            ],
            [
                7.1679994042484566e-09,
                2.169237311741028e-08,
                1.587002616498453e-06,
                0.0007156300148160301,
                0.9992827541221949
            ],
            [
                5.913879483433665e-07,
                1.963559027614815e-08,
                6.881840697977e-08,
                1.941060591892088e-06,
                0.9999973790974626
            ]
        ],
        [
            [
                1.5580203986479085e-05,
                3.6742990218890223e-07,
                2.200709026462506e-07,
                2.034808952097735e-05,
                0.9999634842056877
            ],
            [
                0.0,
                2.028432166354882e-09,
                0.9999999808898034,
                1.4208064378334801e-08,
                2.8736998223881405e-09
            ],
            [
                0.0,
                3.644988616322137e-09,
                0.9999999725539418,
                1.793359906728033e-08,
                5.867470648910196e-09
            ],
            [
                3.136009933103595e-07,
                3.6919736704017623e-07,
                2.7228257124922666e-05,
                6.654377637046292e-06,
                0.9999654345668777
            ],
            [
                0.9535312497275777,
                1.1600605406746557e-05,
                6.865364780709391e-07,
                4.2972356101136806e-05,
                0.046413490774436364
            ]
        ],
        [
            [
                8.781072208338764e-10,
                0.0,
                9.349796825030365e-09,
                6.664952270508732e-06,
                0.9999933248198255
            ],
            [
                0.0,
                5.038682865307421e-09,
                0.9999999379664944,
                4.854240923201265e-08,
                8.452413257295403e-09
            ],
            [
                0.0,
                7.78605599054263e-10,
                0.9999999746372954,
                1.9478957221377872e-08,
                5.105141828273921e-09
            ],
            [
                3.43793059631618e-06,
                6.489881252844029e-07,
                5.077875426785447e-06,
                0.0007556083488022187,
                0.9992352268570495
            ],
            [
                1.572509344099754e-08,
                1.9822486782432935e-09,
                5.8996468925564295e-08,
                1.5238188465257088e-06,
                0.9999983994773425
            ]
        ],
        [
            [
                4.2526103187631034e-07,
                1.2666935042649634e-08,
                2.256007255881196e-08,
                7.923142183630053e-06,
                0.999991616369777
            ],
            [
                0.0,
                1.2524870840827014e-09,
                0.9999998986954926,
                8.916743691113472e-08,
                1.0884583478760774e-08
            ],
            [
                0.0,
                5.877963313454164e-10,
                0.9999999759290471,
                1.5873324873290512e-08,
                7.60983161490177e-09
            ],
            [
                0.0,
                1.2363543926817387e-07,
                0.0001174084809575995,
                0.0004450719241178433,
                0.9994373959594853
            ],
            [
                0.9976311192875857,
                0.002364549570332065,
                1.3435925960521844e-06,
                1.51872669534466e-06,
                1.4688227907751422e-06
            ]
        ],
        [
            [
                1.61455047369943e-05,
                3.56165444008978e-08,
                2.376894438562178e-08,
                3.2088399112969267e-06,
                0.999980586269863
            ],
            [
                0.0,
                1.1584097327500484e-09,
                0.9999999589253766,
                3.391819779403604e-08,
                5.9980157965682694e-09
            ],
            [
                0.0,
                1.154487965220435e-09,
                0.9999997673941939,
                1.181913273708554e-07,
                1.132599906641568e-07
            ],
            [
                7.688766783230115e-08,
                7.143521917586528e-07,
                0.00012178258800101223,
                4.1387600521557545e-05,
                0.9998360385716178
            ],
            [
                1.0289373816809693e-07,
                5.352674398391316e-09,
                3.1736011694493484e-08,
                5.330001838564265e-07,
                0.9999993270173919
            ]
        ],
        [
            [
                1.7550306597757113e-08,
                1.0379283962705322e-09,
                1.2353247693947932e-08,
                4.088207238673521e-06,
                0.9999958808512786
            ],
            [
                0.0,
                2.2065214559180695e-09,
                0.9999999626949031,
                2.619505866263949e-08,
                8.903516772200003e-09
            ],
            [
                0.0,
                1.780159989983968e-09,
                0.999999981625847,
                1.3515293892428166e-08,
                3.078699048986779e-09
            ],
            [
                1.3848861613179295e-09,
                4.291038660670764e-09,
                2.2833654544388924e-07,
                7.790023049067632e-06,
                0.9999919759644808
            ],
            [
                0.0010809025331381377,
                0.00014760362827212319,
                3.285717538089085e-05,
                0.00012634433640553767,
                0.9986122923268034
            ]
        ],
        [
            [
                1.0974069380314235e-09,
                6.792932653630131e-10,
                1.0571413767959101e-08,
                1.0489747255110657e-06,
                0.9999989386771605
            ],
            [
                0.0,
                1.2387123364665453e-07,
                0.9999995636179104,
                2.9045089119817793e-07,
                2.2059964739177653e-08
            ],
            [
                0.0,
                2.301189473003772e-10,
                0.9999999956578525,
                2.5692112160417817e-09,
                1.5428172791906647e-09
            ],
            [
                4.258108935966853e-09,
                1.7695651645482443e-08,
                2.4198684130742607e-05,
                0.0001279312190515724,
                0.999847848143057
            ],
            [
                3.714518144573704e-06,
                3.5143236845790596e-08,
                1.3385131989901959e-07,
                1.031476566102305e-06,
                0.9999950850107325
            ]
        ],
        [
            [
                7.313312021776432e-08,
                4.227156176519242e-09,
                4.612536052481269e-08,
                9.288824687368335e-06,
                0.9999905876896757
            ],
            [
                0.0,
                9.257057953466846e-10,
                0.9999999827539557,
                1.0578129998746936e-08,
                5.7422086249125556e-09
            ],
            [
                0.0,
                1.3271154930420043e-09,
                0.9999999739286898,
                1.8063432487975863e-08,
                6.680762138915364e-09
            ],
            [
                4.0943016941055625e-10,
                9.336569597125274e-10,
                1.937539195281237e-08,
                1.1185025588190058e-06,
                0.999998860778962
            ],
            [
                1.9311416983764743e-06,
                2.7611720984782232e-08,
                9.801007617132603e-09,
                1.3681379060132312e-06,
                0.999996663307667
            ]
        ],
        [
            [
                0.00423084141161112,
                2.0501148438830914e-07,
                1.1868345835120102e-07,
                1.2574181635178468e-05,
                0.995756260711811
            ],
            [
                0.0,
                2.8694223282809157e-09,
                0.9999998948613952,
                8.750685069249184e-08,
                1.47623318855852e-08
            ],
            [
                0.0,
                5.848138670977357e-10,
                0.9999999828006542,
                1.2133461913377226e-08,
                4.481070142892166e-09
            ],
            [
                6.522808229657153e-08,
                1.7047337431249635e-08,
                2.4088070945632137e-07,
                3.0717168570021444e-05,
                0.9999689596753009
            ],
            [
                0.081408480672755,
                1.1441220357290594e-06,
                4.959988441869602e-07,
                6.693753534982176e-05,
                0.9185229416710153
            ]
        ],
        [
            [
                1.1104795057166045e-07,
                1.644851169429239e-08,
                3.7350890888991524e-08,
                1.6747940152517788e-05,
                0.9999830872124943
            ],
            [
                0.0,
                5.32364332563256e-10,
                0.999999983088243,
                1.1690556913562231e-08,
                4.688835735372437e-09
            ],
            [
                0.0,
                9.444445542245962e-10,
                0.9999999834934334,
                1.1744508322438956e-08,
                3.817613660205593e-09
            ],
            [
                1.0156743135191302e-07,
                4.5608072407915434e-08,
                6.709418063640734e-07,
                4.341436250055349e-06,
                0.9999948404464397
            ],
            [
                2.436050859981396e-05,
                1.8126652098996034e-07,
                2.39393696315891e-07,
                2.0089103411433185e-06,
                0.9999732099208417
            ]
        ],
        [
            [
                1.915522540057761e-05,
                1.2864441069455341e-07,
                6.774669880182869e-08,
                1.2304520460362751e-05,
                0.9999683438630296
            ],
            [
                0.0,
                9.006492545109957e-09,
                0.9999999273119953,
                4.510019834467641e-08,
                1.858131396660746e-08
            ],
            [
                0.0,
                8.90690925664587e-10,
                0.9999999566757151,
                2.9428648656002588e-08,
                1.3004945359998788e-08
            ],
            [
                2.2479063037298428e-06,
                1.7221075804480924e-05,
                0.21695023552894996,
                0.000624696329174103,
                0.7824055991597677
            ],
            [
                0.9980520056895871,
                1.7691854804567722e-06,
                2.856753201956062e-07,
                6.103733578168214e-06,
                0.0019398357160341144
            ]
        ],
        [
            [
                3.907782235225024e-08,
                1.4959002256557762e-09,
                3.2280121664250113e-09,
                6.38804616890772e-07,
                0.9999993173936483
            ],
            [
                0.0,
                2.3026055106567185e-08,
                0.9999998536220904,
                1.164899534137239e-07,
                6.861901188479254e-09
            ],
            [
                0.0,
                2.4649775636178223e-09,
                0.9999999373738776,
                5.377727660002642e-08,
                6.38386808892624e-09
            ],
            [
                3.120504006148044e-08,
                5.015374165801029e-09,
                2.162734756284079e-08,
                4.453330176955795e-06,
                0.9999954888220612
            ],
            [
                0.0002465762205910547,
                7.915860253769428e-08,
                1.1000107952225679e-07,
                2.5217949669839786e-05,
                0.9997280166700571
            ]
        ],
        [
            [
                3.6052814107003666e-08,
                9.547215777303203e-09,
                1.0368135260445725e-07,
                5.619275418038781e-06,
                0.9999942314431995
            ],
            [
                3.624539074766504e-08,
                1.392342759292569e-06,
                0.9999883457693991,
                8.015214755465998e-06,
                2.2104276954787267e-06
            ],
            [
                0.0,
                5.501514518030741e-10,
                0.999999975436998,
                1.456157047219768e-08,
                9.45127999254558e-09
            ],
            [
                1.3205978803194913e-06,
                1.1233879099262991e-06,
                4.399218939567837e-06,
                9.328200192728662e-05,
                0.9998998747933429
            ],
            [
                0.006939260436229831,
                1.9912981405355043e-07,
                5.3448621803696306e-08,
                1.091974697485589e-06,
                0.9930593950106368
            ]
        ],
        [
            [
                0.0003828201861325828,
                2.4181909701922313e-07,
                2.5144607971391495e-07,
                6.22039568656731e-05,
                0.999554482591825
            ],
            [
                0.0,
                3.652692918144317e-09,
                0.9999999766129549,
                1.2385499434685295e-08,
                7.348852619930588e-09
            ],
            [
                0.0,
                1.0550922235126488e-09,
                0.999999902657305,
                8.198914479550248e-08,
                1.4298457903764605e-08
            ],
            [
                2.4409589510607392e-08,
                1.9547477423155207e-08,
                1.8223146372963873e-07,
                3.6819229614149496e-06,
                0.9999960918885079
            ],
            [
                6.373356730926382e-09,
                4.306206814661117e-09,
                7.641616113544834e-08,
                1.1254574771948446e-06,
                0.999998787446798
            ]
        ],
        [
            [
                2.417287336819319e-05,
                7.592294125758032e-06,
                8.48759708934244e-06,
                0.0002527709935563354,
                0.9997069762418604
            ],
            [
                0.0,
                2.7869622185546434e-07,
                0.999996666410766,
                2.738655433658643e-06,
                3.162375784840758e-07
            ],
            [
                0.0,
                8.317146046361981e-10,
                0.9999999810541694,
                1.3226030152318687e-08,
                4.888085655615804e-09
            ],
            [
                3.360075317397451e-08,
                2.3039894096795874e-08,
                3.9059104223907783e-07,
                2.1018586027548812e-05,
                0.999978534182283
            ],
            [
                0.0009406509932948174,
                5.716989284077584e-06,
                3.204014810066311e-06,
                0.0006063137125060989,
                0.998444114290105
            ]
        ],
        [
            [
                7.633210946243754e-08,
                8.064380429314082e-09,
                8.800379883918756e-08,
                8.893279338949581e-06,
                0.9999909343203722
            ],
            [
                0.0,
                1.1042581059003778e-09,
                0.9999999772107114,
                1.8977601312734568e-08,
                2.70742907151895e-09
            ],
            [
                0.0,
                3.516346708564529e-09,
                0.9999999475053346,
                4.0959691411553796e-08,
                8.01862706866234e-09
            ],
            [
                2.7344482237799523e-06,
                1.4394565881060719e-05,
                0.0002895384065089381,
                0.047200579734472635,
                0.9524927528449137
            ],
            [
                2.959268700901781e-05,
                1.0477209155339573e-08,
                1.2659229201433669e-08,
                7.22351340977764e-06,
                0.9999631606631427
            ]
        ],
        [
            [
                2.3341902502992316e-09,
                3.77648519974125e-09,
                5.333110767933777e-08,
                9.924732898045524e-07,
                0.9999989480849271
            ],
            [
                0.0,
                8.995243646970892e-10,
                0.9999999922908652,
                4.103982821776704e-09,
                2.7056274721437035e-09
            ],
            [
                0.0,
                1.6563216071556097e-10,
                0.9999999928531982,
                5.777771252135279e-09,
                1.2033981839713334e-09
            ],
            [
                0.0,
                2.1211045524462067e-06,
                0.01792610942184048,
                0.024455501966342885,
                0.9576162675072643
            ],
            [
                4.429297358234022e-06,
                2.220423152276339e-06,
                1.6497865439549775e-05,
                6.487109505318145e-05,
                0.9999119813189967
            ]
        ],
        [
            [
                5.2016360242406605e-08,
                1.2173797230477438e-08,
                8.580465621624565e-08,
                3.5585042791548248e-06,
                0.9999962915009072
            ],
            [
                0.0,
                4.801200166170015e-09,
                0.9999999561589142,
                2.9428648640793837e-08,
                9.611236883129256e-09
            ],
            [
                0.0,
                5.653903565008401e-10,
                0.9999999880862901,
                7.244336695374737e-09,
                4.1039828045212e-09
            ],
            [
                8.40464045058461e-08,
                1.3589981223883936e-07,
                5.380355170260869e-06,
                0.0001284461345622098,
                0.9998659535640508
            ],
            [
                9.343610234968245e-09,
                4.025256977679526e-09,
                7.830459864290305e-08,
                7.930485045294485e-07,
                0.9999991152780296
            ]
        ],
        [
            [
                6.579630424931171e-06,
                6.149821677280225e-08,
                5.659951217342434e-08,
                3.3903516508664735e-06,
                0.9999899119201952
            ],
            [
                0.0,
                7.755512421111805e-09,
                0.9999997032628891,
                2.4799174025523935e-07,
                4.09898582993479e-08
            ],
            [
                0.0,
                3.6047709544158214e-09,
                0.9999998911688865,
                8.65662522626929e-08,
                1.8660090262522055e-08
            ],
            [
                9.471980718965805e-05,
                7.446109492762273e-05,
                4.8052685749258e-05,
                0.01856391182031376,
                0.9812188545918198
            ],
            [
                5.378004686727825e-08,
                6.418530349126071e-09,
                1.4321445775267032e-07,
                4.971238111372553e-06,
                0.9999948253488538
            ]
        ],
        [
            [
                2.7354865964260207e-06,
                1.5174626527864698e-08,
                6.787318808725559e-08,
                9.204381841891179e-06,
                0.9999879770837471
            ],
            [
                0.0,
                6.570052003742972e-09,
                0.9999999294072576,
                5.196598128606958e-08,
                1.2056709149420918e-08
            ],
            [
                0.0,
                8.965815656047922e-10,
                0.9999999484606026,
                3.69164414941982e-08,
                1.3726374109006427e-08
            ],
            [
                6.750613343421875e-08,
                2.0127352153307522e-07,
                5.965380832086533e-05,
                0.00012814428266041104,
                0.9998119331293638
            ],
            [
                0.9999813461260254,
                3.764561313429077e-07,
                7.794618425353725e-09,
                1.7098713895621377e-07,
                1.8098636085867824e-05
            ]
        ],
        [
            [
                0.0,
                5.251123991518631e-10,
                2.3982066793445888e-08,
                7.515865519189697e-06,
                0.9999924596273017
            ],
            [
                0.0,
                1.3520881894758128e-09,
                0.9999999680352153,
                2.179826069137338e-08,
                8.814435762255617e-09
            ],
            [
                0.0,
                1.376054951633928e-09,
                0.99999994252827,
                4.4212953373305587e-08,
                1.1882721736224805e-08
            ],
            [
                1.8402258626385755e-07,
                3.5729990523379976e-07,
                6.275116328618447e-05,
                0.00012382076202410757,
                0.9998128867521981
            ],
            [
                0.5205952739137124,
                4.132015660795088e-05,
                7.711678112978743e-06,
                0.0003121340563025956,
                0.4790435601952639
            ]
        ],
        [
            [
                5.528952840208029e-07,
                1.914564448294907e-08,
                4.238558360474005e-08,
                4.219176248817808e-06,
                0.9999951663972391
            ],
            [
                0.0,
                1.8788901568691146e-09,
                0.9999997950508137,
                1.9145982491592062e-07,
                1.1610471198111825e-08
            ],
            [
                0.0,
                6.974837625563965e-10,
                0.9999999881241511,
                6.073223094927386e-09,
                5.105141897126234e-09
            ],
            [
                4.748227668002299e-08,
                5.546731832898452e-08,
                7.752193163170389e-07,
                2.4872079720115046e-05,
                0.9999742497513685
            ],
            [
                0.00259238802607124,
                8.035228302913507e-08,
                2.6209804643735962e-08,
                3.9964610405677195e-06,
                0.9974035089508005
            ]
        ],
        [
            [
                4.775682329621884e-09,
                1.1918262333601582e-09,
                2.7006329610521588e-08,
                1.1321793336946469e-06,
                0.999998834846828
            ],
            [
                0.0,
                5.121341391617011e-09,
                0.9999999111782704,
                7.87987275412122e-08,
                4.901660766418402e-09
            ],
            [
                0.0,
                1.703630830566982e-09,
                0.9999997549387923,
                2.0379897389615683e-07,
                3.955860308397043e-08
            ],
            [
                3.1972631669974697e-06,
                1.6959756258680188e-06,
                2.4500840488696303e-05,
                0.004456000728182252,
                0.9955146051925362
            ],
            [
                3.673820734866634e-06,
                9.572526065339547e-07,
                6.831706167804731e-06,
                9.948296027311522e-06,
                0.9999785889244635
            ]
        ],
        [
            [
                1.2770708519230908e-09,
                3.3625083137131706e-10,
                6.128414454153517e-09,
                1.139562767110425e-06,
                0.9999988526954967
            ],
            [
                0.0,
                3.4192420047162316e-09,
                0.9999999468258668,
                4.127306926076851e-08,
                8.481821988793384e-09
            ],
            [
                0.0,
                2.632977871117648e-10,
                0.9999999892167347,
                7.790085654116706e-09,
                2.7298818615355596e-09
            ],
            [
                4.410354487276927e-08,
                7.314246199576375e-08,
                1.7046572181336226e-06,
                0.00012614832031490248,
                0.9998720297764601
            ],
            [
                1.877211997776435e-05,
                1.9054857939259631e-06,
                4.987820992929121e-06,
                8.967574255303731e-05,
                0.9998846588306823
            ]
        ],
        [
            [
                5.935401100213166e-07,
                1.653775837479949e-08,
                4.485134244016123e-08,
                3.973089832834216e-06,
                0.9999953719809563
            ],
            [
                0.0,
                1.5049445175832298e-08,
                0.9999999126187693,
                5.7907818883414746e-08,
                1.4423966652460866e-08
            ],
            [
                0.0,
                3.247029920973474e-10,
                0.9999999770718974,
                1.1057171246257646e-08,
                1.1546228500100509e-08
            ],
            [
                2.3470173563907648e-08,
                3.801448484232877e-08,
                1.0052319213747358e-06,
                1.3269979565306761e-05,
                0.999985663303855
            ],
            [
                0.0021037919652610263,
                4.178141509676143e-08,
                4.568024600361475e-08,
                2.2528639186261943e-06,
                0.9978938677091593
            ]
        ],
        [
            [
                3.1239849906889762e-06,
                3.099972326773532e-08,
                1.453556348730708e-07,
                1.3142750710590729e-05,
                0.9999835569089406
            ],
            [
                0.0,
                4.726881680596461e-09,
                0.9999999602966998,
                2.6327092996908007e-08,
                8.649325516196611e-09
            ],
            [
                0.0,
                9.104974783571827e-10,
                0.9999999667238577,
                2.275440780226465e-08,
                9.611236984671434e-09
            ],
            [
                0.11148983527172157,
                0.8804110684122884,
                0.0003545231516498566,
                5.5618316769331816e-05,
                0.007688954847570813
            ],
            [
                0.4613405246958332,
                1.281287611230805e-06,
                1.568740152648635e-07,
                3.6361375535819946e-06,
                0.5386544010049866
            ]
        ],
        [
            [
                4.9853024545882775e-09,
                3.1638186902153126e-10,
                4.276095161055614e-09,
                2.9327940798481155e-07,
                0.9999996971428124
            ],
            [
                0.0,
                3.35828117990777e-08,
                0.9999994725071487,
                4.36002225446016e-07,
                5.7907814106958693e-08
            ],
            [
                0.0,
                5.137197235945461e-10,
                0.9999999776880113,
                1.7076136065102324e-08,
                4.722132817314732e-09
            ],
            [
                5.787394806296649e-07,
                5.295497956454469e-07,
                5.8029554333291136e-06,
                0.0003240151052248429,
                0.9996690736500655
            ],
            [
                5.281000667191131e-08,
                4.282641344258069e-09,
                2.1266678182491072e-08,
                2.0995464734315382e-07,
                0.9999997116860264
            ]
        ],
        [
            [
                1.6266534991313448e-07,
                7.998845799771968e-09,
                2.1520770842276607e-08,
                4.097899751860178e-06,
                0.9999957099152816
            ],
            [
                0.0,
                1.5859094447433904e-09,
                0.9999999179170624,
                6.37197468234989e-08,
                1.6777281343037242e-08
            ],
            [
                0.0,
                4.05798852374009e-09,
                0.999999887361562,
                9.44746416640606e-08,
                1.4105807806988153e-08
            ],
            [
                6.305740208603413e-09,
                3.3423376288594774e-08,
                2.157892224275779e-05,
                0.00030030065231970366,
                0.9996780806963211
            ],
            [
                1.0452987476051135e-06,
                6.818690277122963e-09,
                1.9358619928563176e-08,
                8.569528081780477e-07,
                0.9999980715711341
            ]
        ],
        [
            [
                1.6133230221036887e-08,
                3.263566206554317e-09,
                8.092690259786805e-08,
                9.062113228176998e-06,
                0.9999908375630728
            ],
            [
                0.0,
                6.247686023593596e-10,
                0.9999999842774996,
                1.020964600215014e-08,
                4.888085671371719e-09
            ],
            [
                0.0,
                1.8857428718655914e-10,
                0.9999999930562689,
                2.827065115469416e-09,
                3.928091773704523e-09
            ],
            [
                1.5355967394820697e-07,
                8.992748009035133e-08,
                2.234468725301845e-06,
                6.585962128974973e-05,
                0.9999316624228308
            ],
            [
                2.0824976280945786e-08,
                5.838130777172385e-10,
                7.913124125102378e-09,
                3.079427598222275e-07,
                0.9999996627353267
            ]
        ],
        [
            [
                3.735621372971073e-09,
                2.1942958019399094e-09,
                1.959417415181925e-08,
                1.433473508411788e-06,
                0.9999985410024002
            ],
            [
                0.0,
                1.0518957582168022e-08,
                0.9999998270185586,
                1.1356509922127369e-07,
                4.889738473051577e-08
            ],
            [
                0.0,
                6.858770391306815e-10,
                0.9999999758702826,
                1.9947696693082876e-08,
                3.496143528150005e-09
            ],
            [
                3.55602765164776e-08,
                6.729603864536923e-09,
                4.3934705198722596e-08,
                2.8774147068295684e-06,
                0.9999970363607076
            ],
            [
                7.045076245210755e-07,
                4.149709201247155e-08,
                3.454789877659711e-07,
                1.0677300448269482e-05,
                0.9999882312158475
            ]
        ],
        [
            [
                3.472883549421097e-08,
                1.2434435857766918e-10,
                4.3979343592985284e-10,
                4.640402673960202e-08,
                0.999999918303
            ],
            [
                0.0,
                1.54750614406237e-09,
                0.9999999526872625,
                3.589575344591171e-08,
                9.869478078819621e-09
            ],
            [
                0.0,
                1.93311947457992e-09,
                0.9999999523038485,
                3.8086842360901725e-08,
                7.676189553599254e-09
            ],
            [
                2.009145220248814e-07,
                1.3754129809592765e-06,
                6.0461497160754164e-05,
                0.004324117449484635,
                0.9956138447258516
            ],
            [
                1.937954152813293e-05,
                6.0088346025111945e-06,
                0.00017846470156060966,
                0.00015723041870793476,
                0.9996389165036008
            ]
        ],
        [
            [
                3.0181210164617084e-09,
                1.2823968067913498e-09,
                5.4406830010311836e-08,
                1.0686386726124955e-05,
                0.9999892549059262
            ],
            [
                0.0,
                1.9346613495888148e-09,
                0.9999999724388927,
                2.205651590254503e-08,
                3.5699299580715505e-09
            ],
            [
                0.0,
                2.224794717196947e-09,
                0.9999999629941378,
                2.975329016381501e-08,
                5.027777254142471e-09
            ],
            [
                1.1491784838424727e-08,
                2.2266594985027412e-08,
                2.8909155172037533e-07,
                8.778711730431386e-06,
                0.999990898438338
            ],
            [
                4.2144305840756475e-06,
                6.506737518328217e-09,
                6.01841422933022e-09,
                4.502445875620002e-07,
                0.9999953227996766
            ]
        ],
        [
            [
                1.0007209953303078e-08,
                2.5406016067763287e-09,
                4.014486733604578e-08,
                1.7218883508624473e-06,
                0.9999982254189702
            ],
            [
                0.0,
                5.372732137850964e-09,
                0.9999999651841546,
                2.1179000347639703e-08,
                8.264113106209714e-09
            ],
            [
                0.0,
                1.0777396949971924e-10,
                0.9999999979036782,
                1.3984260617215082e-09,
                5.901216760784059e-10
            ],
            [
                7.081994603236587e-08,
                7.240100296601352e-08,
                1.6962571506593395e-06,
                2.6098128146266794e-05,
                0.9999720623937541
            ],
            [
                0.8957156246267722,
                0.0002180732916734902,
                6.576801379892873e-06,
                0.00047984934141210537,
                0.10357987593876226
            ]
        ],
        [
            [
                0.5409928723589325,
                1.1567887208041195e-06,
                5.09729525738739e-07,
                2.443850924388671e-05,
                0.45898102261357693
            ],
            [
                0.0,
                3.564384943320584e-09,
                0.9999998789181344,
                9.850564212724278e-08,
                1.9011838628514848e-08
            ],
            [
                0.0,
                7.100001739297082e-10,
                0.9999999431944154,
                3.726620736081639e-08,
                1.8829377086616293e-08
            ],
            [
                2.8463877286635893e-08,
                9.961827715532794e-09,
                1.7850859852249738e-06,
                2.46837950928569e-05,
                0.9999734926932168
            ],
            [
                0.9999961504415024,
                3.816909534207727e-06,
                1.8355590694188685e-08,
                1.2455646269519245e-08,
                1.837726564805177e-09
            ]
        ],
        [
            [
                0.0,
                3.1567183710760043e-10,
                1.0492968662338116e-08,
                5.394445377567021e-07,
                0.9999994497468218
            ],
            [
                0.0,
                1.819662602447313e-09,
                0.9999999792621552,
                1.0884583058151782e-08,
                8.033599125938942e-09
            ],
            [
                0.0,
                1.3820784733391247e-09,
                0.999999707424866,
                2.5474774016879644e-07,
                3.64453155281033e-08
            ],
            [
                4.313190422020453e-07,
                1.0250237055793772e-07,
                2.953321402490993e-06,
                5.867267505244824e-06,
                0.9999906455896794
            ],
            [
                5.649460693601678e-05,
                7.379505120994113e-08,
                8.627351005325774e-08,
                5.07797260219429e-06,
                0.9999382673519005
            ]
        ],
        [
            [
                1.264219403055079e-08,
                2.253782391709653e-09,
                2.1784129965034612e-08,
                2.4605260795273405e-06,
                0.9999975027938142
            ],
            [
                0.0,
                2.1415780390926786e-08,
                0.999999821400499,
                1.4646437189767094e-07,
                1.071934888016465e-08
            ],
            [
                0.0,
                9.916003855147794e-10,
                0.9999999702297449,
                2.2155178414139256e-08,
                6.623476551355991e-09
            ],
            [
                4.898805632099575e-07,
                2.4043475785247136e-07,
                5.752127059032002e-06,
                2.0092545218748184e-05,
                0.9999734250124012
            ],
            [
                5.246981621395096e-09,
                8.209765525683559e-10,
                1.6112748016394646e-08,
                3.1392280049696646e-06,
                0.9999968385912889
            ]
        ],
        [
            [
                4.863821958815901e-09,
                4.399287908879105e-09,
                1.9513578984256093e-08,
                1.9493808250733545e-06,
                0.9999980218424861
            ],
            [
                0.0,
                1.2603461730556435e-07,
                0.9999986747457729,
                1.162735831392861e-06,
                3.6483778474517723e-08
            ],
            [
                0.0,
                3.5709718028298824e-09,
                0.9999999445127585,
                4.30610208146418e-08,
                8.855248905266671e-09
            ],
            [
                7.111940216596342e-07,
                5.805396581831903e-06,
                0.0056588219022378336,
                8.107271457835073e-05,
