{
    "[['A', 'B', 'C', 'D', 'E'], ['A', 'B', 'C', 'D', 'E']]": [
        [
            [
                0.9999877181156898,
                1.2281295652074882e-05,
                5.836371518564211e-10,
                4.671760326091942e-12,
                3.491684863320105e-13
            ],
            [
                0.008035371192293497,
                0.9919646239901021,
                4.813450704477759e-09,
                3.842401680226789e-12,
                3.112726741767678e-13
            ],
            [
                0.0,
                3.711900591964925e-12,
                0.9999999997537758,
                1.377172870725181e-10,
                1.0479476915434605e-10
            ],
            [
                0.0,
                2.9530279934860164e-10,
                1.0195445891125967e-07,
                0.0007587647334356667,
                0.9992411330168026
            ],
            [
                0.0,
                8.485567793628251e-11,
                9.476479191629427e-09,
                2.467729962187918e-05,
                0.9999753131390432
            ]
        ],
        [
            [
                0.9998420772105737,
                0.00015792184332291505,
                9.371770939958408e-10,
                8.012698778057695e-12,
                9.13507226427705e-13
            ],
            [
                2.611218065527061e-06,
                0.9999973216011466,
                6.714043081339044e-08,
                3.864556328991296e-11,
                1.7115492794393296e-12
            ],
            [
                0.0,
                3.395256466258182e-12,
                0.9999999997585678,
                6.030392997686338e-11,
                1.7773296172714812e-10
            ],
            [
                0.0,
                1.1974102532773734e-10,
                1.0383472643889616e-07,
                2.28381854481389e-05,
                0.9999770578600844
            ],
            [
                0.0,
                3.53154046353065e-11,
                1.6265410345365408e-08,
                4.599069280317335e-06,
                0.9999953846299939
            ]
        ],
        [
            [
                0.9999969869703633,
                3.0119808910891358e-06,
                1.0354330647238684e-09,
                1.291100768879408e-11,
                4.0153569866804167e-13
            ],
            [
                1.2019823485605533e-06,
                0.9999987920035726,
                5.988962064201907e-09,
                2.275242052467709e-11,
                2.3642792844679566e-12
            ],
            [
                0.0,
                1.8693190812668235e-11,
                0.9999999998452886,
                7.722042888222119e-11,
                5.879765762922612e-11
            ],
            [
                0.0,
                3.8644085215311664e-11,
                8.081286852360232e-09,
                1.936513897223523e-06,
                0.9999980553661719
            ],
            [
                0.0,
                5.5826296922823956e-11,
                1.021293775128396e-08,
                5.34815640644475e-06,
                0.9999946415748295
            ]
        ],
        [
            [
                0.9995908855165435,
                0.0004091109324936812,
                3.5386167861913005e-09,
                1.1696917655954566e-11,
                6.489657184768289e-13
            ],
            [
                0.00010387618719077862,
                0.9998961220543956,
                1.7515619220443808e-09,
                6.461130108413925e-12,
                3.905991472703704e-13
            ],
            [
                0.0,
                5.802876849627552e-12,
                0.9999999998307878,
                9.802362381408245e-11,
                6.538579918770022e-11
            ],
            [
                0.0,
                1.6202661088556747e-10,
                5.135752844893857e-08,
                1.3493460079587501e-05,
                0.9999864550203653
            ],
            [
                0.0,
                3.5661630863107044e-11,
                3.485949342208473e-09,
                1.5162751114268155e-06,
                0.9999984802032775
            ]
        ],
        [
            [
                0.96862461454552,
                0.03137538187531589,
                3.5519923017969032e-09,
                2.5302403446157797e-11,
                1.8694999057510576e-12
            ],
            [
                4.247262293348633e-06,
                0.9999957520340516,
                7.000454163593932e-10,
                2.7676520044360737e-12,
                8.419379939321005e-13
            ],
            [
                0.0,
                7.785049369538319e-13,
                0.9999999999783977,
                8.248306083223506e-12,
                1.2575533698429776e-11
            ],
            [
                0.0,
                1.640093170932511e-11,
                2.3590082862818353e-09,
                2.6966903539116e-06,
                0.9999973009342369
            ],
            [
                0.0,
                6.288462530368462e-11,
                1.2104521710403493e-08,
                3.5415004879434075e-05,
                0.9999645728277142
            ]
        ],
        [
            [
                0.9999801434367088,
                1.9855998971717148e-05,
                5.588204482895204e-10,
                5.096339518748629e-12,
                4.026831081216336e-13
            ],
            [
                2.1492027165157985e-05,
                0.9999785047769729,
                3.1683132464704935e-09,
                2.6557385913569927e-11,
                9.911261457136868e-13
            ],
            [
                0.0,
                2.114844086950598e-12,
                0.9999999999022626,
                4.342452267716618e-11,
                5.219805931219949e-11
            ],
            [
                0.0,
                2.831098457041778e-11,
                2.296880106439135e-09,
                9.655979976283455e-07,
                0.9999990320768113
            ],
            [
                0.0,
                3.0130450477081115e-11,
                3.399953597822903e-09,
                3.1795889325362827e-07,
                0.9999996786110227
            ]
        ],
        [
            [
                0.9999116427523023,
                8.835704804066432e-05,
                1.9420546117689167e-10,
                5.222731035155527e-12,
                2.2867340798763386e-13
            ],
            [
                6.183677221762797e-05,
                0.9999381621325666,
                1.0825859742263093e-09,
                1.1423824216747756e-11,
                1.2060825890235634e-12
            ],
            [
                0.0,
                5.3992666865213e-13,
                0.9999999999882843,
                4.48326048447384e-12,
                6.692511058303795e-12
            ],
            [
                0.0,
                1.2532247911627177e-10,
                3.655824281743854e-08,
                8.259898849736743e-05,
                0.9999173643279373
            ],
            [
                0.0,
                3.4258252956255025e-11,
                5.669553892590496e-09,
                1.4937278352079824e-07,
                0.9999998449234042
            ]
        ],
        [
            [
                0.999995001221955,
                4.9985260216376675e-06,
                2.485883195438952e-10,
                3.0687221003594454e-12,
                3.66259905574065e-13
            ],
            [
                2.2033235398096873e-05,
                0.9999779663871009,
                3.727171692392271e-10,
                4.072031504835473e-12,
                7.117998230390709e-13
            ],
            [
                0.0,
                9.330560207758129e-12,
                0.9999999997920936,
                9.292912254946526e-11,
                1.0564670471320217e-10
            ],
            [
                0.0,
                5.0269954991388557e-11,
                9.464936212424428e-09,
                5.2591233332661556e-06,
                0.9999947313614606
            ],
            [
                0.0,
                4.1874297106389746e-11,
                1.7275843538090976e-08,
                3.2787388186836852e-06,
                0.9999967039434635
            ]
        ],
        [
            [
                0.9999391508118736,
                6.084876463826683e-05,
                4.198379788938537e-10,
                3.4084929365028494e-12,
                2.417683010067863e-13
            ],
            [
                6.066983539762117e-05,
                0.9999393277069087,
                2.4513060023691423e-09,
                5.748106355784341e-12,
                6.395726208320882e-13
            ],
            [
                0.0,
                1.0576232436685376e-12,
                0.9999999999375468,
                1.6944192560887862e-11,
                4.4451253227680525e-11
            ],
            [
                0.0,
                6.670047391156007e-11,
                1.3691232133228867e-08,
                3.030231573420762e-05,
                0.9999696839263331
            ],
            [
                0.0,
                8.7456156014413e-11,
                2.0128128740647175e-08,
                4.890485107512231e-06,
                0.9999950892993076
            ]
        ],
        [
            [
                0.026334608226572125,
                0.9736653907463262,
                1.0159387867722816e-09,
                1.0412407835655855e-11,
                7.503835834021966e-13
            ],
            [
                0.9999953732645366,
                4.624583005846819e-06,
                2.130966847822929e-09,
                2.09467245792387e-11,
                5.438905523003671e-13
            ],
            [
                0.0,
                1.962502912993433e-12,
                0.9999999998880702,
                5.3298484405666204e-11,
                5.666888753733133e-11
            ],
            [
                0.0,
                1.013820538958728e-10,
                1.279194796620231e-08,
                4.171880817849341e-05,
                0.9999582682984914
            ],
            [
                0.0,
                7.203792237951326e-11,
                7.75245139313334e-09,
                3.3357145723829165e-06,
                0.9999966564609383
            ]
        ],
        [
            [
                0.23655859053307052,
                0.7634414024106698,
                7.002313309596911e-09,
                5.238776368314375e-11,
                1.5586031526630909e-12
            ],
            [
                1.5177826263875948e-06,
                0.9999984802386039,
                1.9732106147271317e-09,
                4.8754710127735676e-12,
                6.835161724288197e-13
            ],
            [
                0.0,
                1.848216627601669e-12,
                0.9999999999068854,
                1.6170636230330373e-11,
                7.509570367755929e-11
            ],
            [
                0.0,
                1.390586856745335e-10,
                1.6324803780227858e-08,
                5.2710284173924355e-06,
                0.9999947125077202
            ],
            [
                0.0,
                3.543962715533381e-11,
                8.465546610489572e-09,
                3.6639238371100764e-05,
                0.9999633522606427
            ]
        ],
        [
            [
                0.9985893448162371,
                0.001410654325393379,
                8.511491499539979e-10,
                6.815494439240262e-12,
                4.0480928969995657e-13
            ],
            [
                0.46764038915849865,
                0.5323595993907206,
                1.1410100358733843e-08,
                3.6346615874868286e-11,
                4.33334045024316e-12
            ],
            [
                0.0,
                5.4167016224217e-12,
                0.9999999998868241,
                4.496905454834217e-11,
                6.279006289984648e-11
            ],
            [
                0.0,
                1.0104710631388252e-10,
                2.7436691156013652e-08,
                3.115437119912165e-06,
                0.9999968570251418
            ],
            [
                0.0,
                1.3073424715384631e-10,
                3.795731965151699e-08,
                4.1247556032886455e-05,
                0.9999587143559132
            ]
        ],
        [
            [
                0.999989765825037,
                1.0232988440962529e-05,
                1.1828107725365108e-09,
                3.465128794100865e-12,
                2.4623365792108406e-13
            ],
            [
                2.2828985207203006e-06,
                0.9999977146215369,
                2.4775817854057607e-09,
                1.7866099726208094e-12,
                5.739787903718881e-13
            ],
            [
                0.0,
                8.928838266369396e-13,
                0.9999999999227327,
                2.7248955229770357e-11,
                4.9125501477311386e-11
            ],
            [
                0.0,
                8.862573320865853e-11,
                7.122561866226182e-09,
                4.5647759861053275e-06,
                0.9999954280128264
            ],
            [
                0.0,
                3.326306285737144e-11,
                1.3050617518519908e-08,
                1.8698240270634094e-05,
                0.9999812886758488
            ]
        ],
        [
            [
                0.9999920610178396,
                7.93634586387472e-06,
                2.6307053778834975e-09,
                5.3247350025898214e-12,
                2.665098269469684e-13
            ],
            [
                2.120680375178781e-05,
                0.99997879174012,
                1.4449264270089634e-09,
                1.0639424884751227e-11,
                5.623995027394043e-13
            ],
            [
                0.0,
                6.1968611019031674e-12,
                0.9999999997440241,
                1.3046024841415914e-10,
                1.1931880356031376e-10
            ],
            [
                0.0,
                1.03312446491606e-10,
                2.1473945160072184e-08,
                2.733882593002336e-06,
                0.9999972445401494
            ],
            [
                0.0,
                7.252998370815504e-11,
                1.085617860441467e-08,
                8.17349196245824e-05,
                0.9999182541516668
            ]
        ],
        [
            [
                0.9998304390664174,
                0.00016955892855542942,
                1.987336892751568e-09,
                1.5224410304905898e-11,
                2.4657547208857345e-12
            ],
            [
                1.2185512389594215e-05,
                0.9999878142253864,
                2.6071118138194124e-10,
                1.3593393319838653e-12,
                1.534628749074714e-13
            ],
            [
                0.0,
                1.2226082401238762e-12,
                0.9999999999487119,
                2.211693512645571e-11,
                2.7948615353134615e-11
            ],
            [
                0.0,
                2.045417947271886e-09,
                7.936985076014739e-07,
                0.015168791499433733,
                0.9848304127566407
            ],
            [
                0.0,
                9.801726882162908e-11,
                3.6647029005779925e-09,
                5.701934198852065e-06,
                0.999994294303081
            ]
        ],
        [
            [
                0.9999632371980243,
                3.6761248688583394e-05,
                1.533701313309904e-09,
                1.859536149459878e-11,
                9.905421683705622e-13
            ],
            [
                0.9984329646595275,
                0.0015670335166529208,
                1.804982040963993e-09,
                1.8300714575088325e-11,
                5.369689104199216e-13
            ],
            [
                0.0,
                6.253816596077821e-13,
                0.9999999999470923,
                2.3964152417811916e-11,
                2.8318221752162064e-11
            ],
            [
                0.0,
                1.6302695365707872e-10,
                2.3967525712966267e-08,
                4.385351952171775e-05,
                0.9999561223499257
            ],
            [
                0.0,
                7.163481862690539e-11,
                1.792067419435221e-08,
                1.1561948050000614e-05,
                0.999988420059641
            ]
        ],
        [
            [
                0.9999493226725171,
                5.067699470614692e-05,
                3.303010667468945e-10,
                2.314829415418842e-12,
                1.607053656528763e-13
            ],
            [
                0.0005433320685669041,
                0.999456663781839,
                4.1439329036458745e-09,
                5.220350675272728e-12,
                4.4099816458710203e-13
            ],
            [
                0.0,
                2.6874011135613562e-12,
                0.9999999998387041,
                1.0117420098549355e-10,
                5.743418722797585e-11
            ],
            [
                0.0,
                2.2742573245791526e-11,
                5.5754953993787e-09,
                5.643545035180625e-08,
                0.9999999379663117
            ],
            [
                0.0,
                8.694090439459824e-11,
                3.766064107148925e-08,
                0.00013886377264434927,
                0.9998610984797736
            ]
        ],
        [
            [
                0.9999829306151407,
                1.7067565761455775e-05,
                1.8073969132814473e-09,
                1.0988803410655217e-11,
                7.123838218638852e-13
            ],
            [
                0.9998348700045109,
                0.00016512686077642472,
                3.129066873039541e-09,
                5.1200147569677305e-12,
                5.2574096363291e-13
            ],
            [
                0.0,
                3.0427859036203493e-12,
                0.9999999998718172,
                7.242588617738239e-11,
                5.2714324733410074e-11
            ],
            [
                0.0,
                8.60415070310653e-11,
                1.2741081017000553e-08,
                2.576033357294808e-06,
                0.9999974111395201
            ],
            [
                0.0,
                1.503751336723505e-11,
                7.508141635921939e-10,
                2.3111570549697094e-06,
                0.9999976880770933
            ]
        ],
        [
            [
                0.9999668297605687,
                3.316708876248832e-05,
                3.1383432604747808e-09,
                1.1500209270050369e-11,
                8.253841298226649e-13
            ],
            [
                2.9654751408613094e-07,
                0.9999996915654797,
                1.187297985070961e-08,
                1.3429882045070633e-11,
                5.966010488904985e-13
            ],
            [
                0.0,
                1.1193869181121092e-12,
                0.9999999999361922,
                1.5486089461728234e-11,
                4.72025508570321e-11
            ],
            [
                0.0,
                5.792937865761647e-11,
                2.1988750684091893e-09,
                1.5868497363206619e-06,
                0.9999984108934592
            ],
            [
                0.0,
                5.182584413678943e-11,
                9.749231800877168e-09,
                1.1670601903079942e-05,
                0.9999883195970393
            ]
        ],
        [
            [
                0.9999368592668086,
                6.314051896316977e-05,
                2.1215610527858741e-10,
                1.9234511671880252e-12,
                1.4867949444155287e-13
            ],
            [
                1.3634324533744438e-07,
                0.9999998227237427,
                4.0870258386007013e-08,
                6.112659381982432e-11,
                1.6269192115026505e-12
            ],
            [
                0.0,
                1.3470229769033337e-12,
                0.9999999999554918,
                1.2275579037230306e-11,
                3.0885652193663545e-11
            ],
            [
                0.0,
                5.0035212091241845e-11,
                6.840418525318113e-09,
                1.2244527527117395e-05,
                0.9999877485820191
            ],
            [
                0.0,
                9.730663248759273e-11,
                2.132727513683851e-09,
                2.0820896224830461e-07,
                0.9999997895610037
            ]
        ],
        [
            [
                0.9998090885344416,
                0.00019091093744479827,
                5.221571107792176e-10,
                5.561031937941285e-12,
                3.9560690959432413e-13
            ],
            [
                0.032546594929319564,
                0.9674534004523423,
                4.599487193996327e-09,
                1.6240924312667558e-11,
                2.610139131162485e-12
            ],
            [
                0.0,
                1.2674527445052146e-11,
                0.9999999997772802,
                8.45566238585541e-11,
                1.2548872060675847e-10
            ],
            [
                0.0,
                2.7096324345957563e-11,
                3.2722426831099586e-09,
                2.5721449217312877e-06,
                0.9999974245557393
            ],
            [
                0.0,
                3.4271653319046786e-11,
                8.395503498644938e-09,
                2.8141980938408715e-06,
                0.999997177372131
            ]
        ],
        [
            [
                0.9999981581002362,
                1.8410306813111292e-06,
                8.558782747271392e-10,
                1.2850128686952264e-11,
                3.54100639810201e-13
            ],
            [
                0.012560273225911928,
                0.9874397261873733,
                5.772117599743816e-10,
                8.884063072390437e-12,
                6.190478511918271e-13
            ],
            [
                0.0,
                0.0,
                0.9999999999410756,
                1.8950299968759788e-11,
                3.99740354965221e-11
            ],
            [
                0.0,
                1.5156560456273968e-10,
                1.0712543639990228e-06,
                0.0009147279102437594,
                0.9990842006838268
            ],
            [
                0.0,
                1.8276190786373103e-11,
                1.7695977932807483e-09,
                2.4299867579196306e-06,
                0.9999975682253681
            ]
        ],
        [
            [
                0.9999704721476894,
                2.9527623932895916e-05,
                2.2624556382368825e-10,
                2.009674771368178e-12,
                1.2235524623731262e-13
            ],
            [
                1.9857021536590758e-05,
                0.999980142737019,
                2.3987076489320014e-10,
                1.3630599070796494e-12,
                2.1065217854108844e-13
            ],
            [
                0.0,
                0.0,
                0.9999999999423503,
                1.9398546354526163e-11,
                3.8251098724906086e-11
            ],
            [
                0.0,
                1.140954542414204e-10,
                1.3323536539841118e-08,
                7.87355996473979e-05,
                0.9999212509627207
            ],
            [
                0.0,
                1.470649601425735e-11,
                3.933810710876673e-10,
                3.139436311063831e-07,
                0.9999996856482812
            ]
        ],
        [
            [
                0.9999996904607678,
                3.0831184780943e-07,
                1.2108603583229929e-09,
                1.6178226178197677e-11,
                3.459342305948278e-13
            ],
            [
                0.0006086339782519498,
                0.9993913625965695,
                3.41716255587374e-09,
                7.40420553257977e-12,
                6.11681746002656e-13
            ],
            [
                0.0,
                2.2565318120372754e-12,
                0.9999999998495197,
                4.026589200480149e-11,
                1.0795789938571507e-10
            ],
            [
                0.0,
                1.4513898607134277e-09,
                6.685619630955001e-07,
                0.002489698860543925,
                0.9975096311261031
            ],
            [
                0.0,
                3.936233007310223e-11,
                1.5913704944948713e-08,
                2.3159141940406726e-06,
                0.9999976681327387
            ]
        ],
        [
            [
                0.9999987253426826,
                1.2740121988364412e-06,
                6.398798828509309e-10,
                5.105397265243433e-12,
                1.3332857595018145e-13
            ],
            [
                2.3955200044507313e-05,
                0.9999760440206706,
                7.754754588023892e-10,
                3.2988205319876185e-12,
                5.105365293226431e-13
            ],
            [
                0.0,
                2.578913633683527e-12,
                0.9999999999211089,
                4.3627920522039704e-11,
                3.268434218973963e-11
            ],
            [
                0.0,
                1.2086399967648965e-10,
                2.7092644574977144e-08,
                0.0001277278717016963,
                0.9998722449147898
            ],
            [
                0.0,
                1.7501141748080275e-11,
                2.031339779925224e-09,
                2.417410384782221e-06,
                0.9999975805407743
            ]
        ],
        [
            [
                0.9999937033608448,
                6.295553431023768e-06,
                1.0671669430424067e-09,
                1.7933127902755835e-11,
                6.24006671562441e-13
            ],
            [
                0.9998670069137393,
                0.0001329920243688412,
                1.0552552666978974e-09,
                6.4424259088013315e-12,
                1.9415332641889327e-13
            ],
            [
                0.0,
                2.6044005341881013e-12,
                0.9999999998186897,
                3.735859939361124e-11,
                1.4134745544561762e-10
            ],
            [
                0.0,
                9.288145717035803e-11,
                1.8241220113379924e-08,
                0.00010760453712654282,
                0.9998923771287719
            ],
            [
                0.0,
                2.732718411473987e-11,
                4.931810745029521e-09,
                2.8568651790323352e-05,
                0.9999714263890718
            ]
        ],
        [
            [
                0.9999480728487418,
                5.1926781582194774e-05,
                3.5903526275508133e-10,
                1.0086317265029037e-11,
                5.546114994118932e-13
            ],
            [
                0.8931460429186988,
                0.10685394728452402,
                9.730375990967255e-09,
                6.550563428440269e-11,
                8.954540070830139e-13
            ],
            [
                0.0,
                2.3587841219464427e-12,
                0.9999999999347811,
                3.046620277271306e-11,
                3.2393763665870317e-11
            ],
            [
                0.0,
                2.2423071882570952e-10,
                7.490041866074405e-08,
                3.3141575098844686e-05,
                0.9999667833002518
            ],
            [
                0.0,
                1.9771464361072862e-10,
                1.1780831593493912e-08,
                1.727242615530574e-05,
                0.9999827155952984
            ]
        ],
        [
            [
                0.9999910049376762,
                8.994532387683937e-06,
                5.243027392118051e-10,
                5.266947125637925e-12,
                3.6630948564128633e-13
            ],
            [
                0.924632675097606,
                0.0753673211774677,
                3.707271834518622e-09,
                1.6618617564467788e-11,
                1.0358621461399247e-12
            ],
            [
                0.0,
                0.0,
                0.9999999999558793,
                1.56230955422234e-11,
                2.8497569404932198e-11
            ],
            [
                0.0,
                4.197657076829879e-11,
                6.505471695031227e-09,
                9.849263158860864e-07,
                0.9999990085262358
            ],
            [
                0.0,
                1.8607531270169254e-11,
                2.1365383053932573e-09,
                1.695542109535646e-06,
                0.9999983023027446
            ]
        ],
        [
            [
                0.9998211362742605,
                0.00017886289749162752,
                8.153540565299525e-10,
                1.2128700392507558e-11,
                7.650697236771995e-13
            ],
            [
                0.7342952204532668,
                0.26570477587489943,
                3.663207408303474e-09,
                7.774073160590673e-12,
                8.522996602635095e-13
            ],
            [
                0.0,
                3.879487161538446e-12,
                0.9999999998614948,
                8.901945827106347e-11,
                4.560617755303509e-11
            ],
            [
                0.0,
                7.652398107905912e-11,
                3.1658564955849377e-08,
                2.91763107121034e-06,
                0.9999970506338398
            ],
            [
                0.0,
                9.431839134184806e-11,
                6.693235807452175e-09,
                1.9117974984927425e-05,
                0.9999808752374608
            ]
        ],
        [
            [
                0.9669660836849732,
                0.03303391119947424,
                5.087353736623801e-09,
                2.6696746125184756e-11,
                1.502062219617661e-12
            ],
            [
                0.010857138323751079,
                0.9891428591314579,
                2.513901961925661e-09,
                2.8027462592309648e-11,
                2.861585904521505e-12
            ],
            [
                0.0,
                1.1317375623699757e-12,
                0.9999999999032745,
                5.270758867760655e-11,
                4.288612524545483e-11
            ],
            [
                0.0,
                1.482376985130624e-10,
                8.593158683718336e-08,
                0.00014857159540690006,
                0.9998513423247685
            ],
            [
                0.0,
                8.420030965392861e-11,
                3.9490756876310305e-08,
                3.0061528538802964e-06,
                0.9999969542721889
            ]
        ],
        [
            [
                0.9999822136540288,
                1.778488764867587e-05,
                1.4372192409653244e-09,
                2.0464888921940605e-11,
                6.383112634424421e-13
            ],
            [
                0.9005518221083336,
                0.0994481758884937,
                1.981284831783784e-09,
                1.9460879275369935e-11,
                2.42704498839853e-12
            ],
            [
                0.0,
                2.1401446297848437e-12,
                0.9999999999112497,
                4.571521526881543e-11,
                4.0895151173380554e-11
            ],
            [
                0.0,
                1.8829933780324501e-10,
                3.668971036367304e-08,
                0.00021304175053554612,
                0.9997869213714548
            ],
            [
                0.0,
                4.824456702890873e-11,
                1.1478334556527041e-08,
                1.9698921433219107e-05,
                0.9999802895519877
            ]
        ],
        [
            [
                0.8867730569235348,
                0.11322693820246572,
                4.801603354704319e-09,
                6.985245253523549e-11,
                2.543662104997977e-12
            ],
            [
                0.2578398843185955,
                0.7421601086068774,
                7.004571464709885e-09,
                6.705944200594982e-11,
                2.89614591295957e-12
            ],
            [
                0.0,
                9.703778619399686e-13,
                0.9999999999542655,
                1.5400080072212616e-11,
                2.936401353478552e-11
            ],
            [
                0.0,
                1.3665130561325303e-10,
                2.2414030087727236e-08,
                9.504103682189753e-05,
                0.9999049364124967
            ],
            [
                0.0,
                5.2360596135839654e-11,
                7.413642384254914e-09,
                5.372425760762349e-05,
                0.9999462682763893
            ]
        ],
        [
            [
                0.9999986776985484,
                1.3217645900534288e-06,
                5.323298130810919e-10,
                4.0398571082091985e-12,
                4.919174108409609e-13
            ],
            [
                2.7880626475537953e-07,
                0.9999997156648983,
                5.50799538399882e-09,
                1.7257603353834093e-11,
                3.583992434134683e-12
            ],
            [
                0.0,
                9.776291779434625e-12,
                0.999999999870042,
                6.956698580976408e-11,
                5.0614582601012284e-11
            ],
            [
                0.0,
                5.583534589938108e-11,
                2.6697536300602283e-09,
                9.910752931919467e-07,
                0.9999990061991179
            ],
            [
                0.0,
                6.36382749991327e-11,
                4.704073320869216e-09,
                0.0002932368262923003,
                0.9997067584059961
            ]
        ],
        [
            [
                0.9999964474444137,
                3.549634290148762e-06,
                2.909549171259004e-09,
                1.120432046773638e-11,
                5.426191651272102e-13
            ],
            [
                0.060360518659126075,
                0.9396394750528435,
                6.258458960092083e-09,
                2.793646279494337e-11,
                1.6348639037245566e-12
            ],
            [
                0.0,
                3.877221592185932e-13,
                0.9999999999537006,
                1.2837904866879538e-11,
                3.307384118801062e-11
            ],
            [
                0.0,
                6.923632184830302e-11,
                1.2351811942763269e-08,
                1.69836225526405e-05,
                0.999983003956399
            ],
            [
                0.0,
                7.598800799046597e-11,
                2.7987065434875032e-08,
                2.3771736132862647e-06,
                0.9999975947633333
            ]
        ],
        [
            [
                0.9920820455852445,
                0.00791795333699411,
                1.0651781458949254e-09,
                1.1639744297610197e-11,
                9.436166993513675e-13
            ],
            [
                0.003375336062058933,
                0.9966246604031799,
                3.505210822129163e-09,
                2.76706198830592e-11,
                1.879804785464436e-12
            ],
            [
                0.0,
                1.2970832640902887e-12,
                0.9999999999300888,
                2.2146737589780564e-11,
                4.646719783493984e-11
            ],
            [
                0.0,
                4.27702086977604e-11,
                2.46641205689747e-09,
                1.0511302525386513e-05,
                0.9999894861882922
            ],
            [
                0.0,
                1.11339401177491e-10,
                3.743726483270593e-08,
                0.0001364108384421286,
                0.9998635516129537
            ]
        ],
        [
            [
                0.9999778985715526,
                2.210040808888363e-05,
                1.0053291178142117e-09,
                1.4590266679495602e-11,
                4.390342858536865e-13
            ],
            [
                1.5774676635618245e-06,
                0.9999984215280032,
                1.0021587446777274e-09,
                1.729898723976027e-12,
                4.4459007525394507e-13
            ],
            [
                0.0,
                4.74745490775721e-13,
                0.9999999999688172,
                9.078520625354377e-12,
                2.162954180276507e-11
            ],
            [
                0.0,
                5.174297605919132e-11,
                1.3267011599786755e-08,
                3.0250027241101746e-05,
                0.9999697366540042
            ],
            [
                0.0,
                2.085925180540368e-11,
                2.5098870888371234e-09,
                4.966911942248636e-06,
                0.9999950305573114
            ]
        ],
        [
            [
                0.9999080018384734,
                9.199717951088521e-05,
                9.67020352337457e-10,
                1.4213383050927836e-11,
                7.819500598303016e-13
            ],
            [
                2.1347299515710198e-07,
                0.9999997789722566,
                7.546479606334876e-09,
                7.537448602937825e-12,
                7.312582140835422e-13
            ],
            [
                0.0,
                2.620740007943737e-12,
                0.9999999998340532,
                2.9796065985565395e-11,
                1.3352982651534566e-10
            ],
            [
                0.0,
                2.0643788417654938e-10,
                2.720619298595114e-07,
                3.7135320160192475e-05,
                0.999962592411472
            ],
            [
                0.0,
                4.615987593224339e-11,
                5.677345162247196e-09,
                1.6366465385291284e-05,
                0.9999836278111096
            ]
        ],
        [
            [
                0.9998623292966368,
                0.00013766977977720457,
                9.200659541839852e-10,
                3.309748959622133e-12,
                2.1027482970567435e-13
            ],
            [
                0.00010312022406403497,
                0.999896878226987,
                1.5310182968801976e-09,
