{
    "[['A', 'B', 'C', 'D', 'E'], ['A', 'B', 'C', 'D', 'E']]": [
        [
            [
                0.0,
                3.3277694329858205e-07,
                0.9998946265197604,
                9.857195110403897e-05,
                6.468752192318805e-06
            ],
            [
                0.0,
                3.24015815398319e-09,
                0.9999999661233119,
                2.166487600741127e-08,
                8.971653695462363e-09
            ],
            [
                0.0,
                3.266721849618421e-10,
                0.9999999634742063,
                2.0447401261950057e-08,
                1.5751720183000593e-08
            ],
            [
                3.9549002040943365e-09,
                2.2306414722899236e-09,
                4.527145133640646e-08,
                6.606232922679194e-08,
                0.9999998824806777
            ],
            [
                3.03166067750551e-10,
                3.5027164671804556e-10,
                4.23799833751196e-09,
                1.9822130580434726e-07,
                0.9999997968872582
            ]
        ],
        [
            [
                6.427339357933694e-07,
                2.2924621096790487e-05,
                0.00013230825984165664,
                0.014627212156958596,
                0.9852169122281671
            ],
            [
                0.0,
                3.657958706847669e-08,
                0.9999995228425597,
                3.724981263562204e-07,
                6.807972683737153e-08
            ],
            [
                0.0,
                1.7515076494177662e-10,
                0.9999999939777542,
                4.180403224789632e-09,
                1.6666916255611836e-09
            ],
            [
                1.920236517681694e-08,
                2.3651623698207662e-09,
                9.409173042914548e-09,
                2.410677497801101e-07,
                0.9999997279555495
            ],
            [
                1.929535417882901e-09,
                1.7524643576442485e-09,
                2.6522652190091624e-08,
                3.924609917224836e-07,
                0.9999995773343563
            ]
        ],
        [
            [
                4.343606119703762e-06,
                2.32871619083486e-05,
                2.2426355466066153e-05,
                0.0009156172277708147,
                0.999034325648735
            ],
            [
                0.0,
                5.411894567546582e-10,
                0.999999962149558,
                3.5331086731814564e-08,
                1.9781658271469112e-09
            ],
            [
                0.0,
                3.934545859954103e-10,
                0.9999999852770891,
                9.224139133008977e-09,
                5.105317156737363e-09
            ],
            [
                1.515855563295214e-10,
                1.387701505490184e-10,
                1.5067359152190157e-09,
                1.288981191216927e-07,
                0.9999998693047893
            ],
            [
                9.833096684693347e-10,
                1.695439360939785e-09,
                6.721586383710297e-09,
                8.542629726418858e-08,
                0.9999999051733673
            ]
        ],
        [
            [
                0.0,
                7.877685139624886e-05,
                0.9471786810445356,
                0.05114825216890936,
                0.0015942899351587237
            ],
            [
                7.176217128450521e-10,
                8.911787469540369e-06,
                0.999990779301257,
                2.626907168139339e-07,
                4.550293491335155e-08
            ],
            [
                0.0,
                2.1793333419085036e-10,
                0.9999999875491185,
                8.163597091485059e-09,
                4.06935116332511e-09
            ],
            [
                5.880590257063721e-09,
                2.7036722381004865e-09,
                2.817129964634422e-08,
                2.4004571624759324e-07,
                0.9999997231987217
            ],
            [
                3.390078413793256e-09,
                1.167016645541702e-09,
                1.668410026877022e-08,
                6.829031731622102e-07,
                0.9999992958556315
            ]
        ],
        [
            [
                3.102610251986422e-08,
                3.168388852893182e-07,
                4.264263267658622e-06,
                0.009458003190528657,
                0.9905373846812159
            ],
            [
                0.0,
                7.871650889772705e-09,
                0.9999991982758556,
                7.66314092670315e-07,
                2.7538400826325414e-08
            ],
            [
                0.0,
                3.0901930825141883e-10,
                0.99999998535545,
                1.0185547013750742e-08,
                4.149983924445546e-09
            ],
            [
                1.5438210341067044e-09,
                2.529224864382558e-09,
                1.2934986031627906e-08,
                1.2527487279635076e-07,
                0.9999998577170954
            ],
            [
                2.347677706656383e-10,
                1.5407550791589165e-10,
                2.9702698756958358e-09,
                2.1897241975064684e-07,
                0.9999997776684671
            ]
        ],
        [
            [
                3.1886591969611705e-07,
                2.078634523202192e-06,
                3.39516322925939e-06,
                0.0007498719225777621,
                0.9992443354137501
            ],
            [
                0.0,
                1.705868805807589e-08,
                0.999999778535303,
                1.9296550828201938e-07,
                1.14405006062423e-08
            ],
            [
                0.0,
                1.0045317507035973e-09,
                0.9999999542465089,
                3.3052827002710564e-08,
                1.1696132397435672e-08
            ],
            [
                0.0,
                1.6377917944566858e-08,
                1.2603108344043783e-06,
                0.016677367055602483,
                0.9833213562556452
            ],
            [
                8.93181522576264e-10,
                5.411244224773997e-10,
                4.548720505725696e-09,
                4.5274903008588205e-08,
                0.9999999487420705
            ]
        ],
        [
            [
                8.957057340634135e-08,
                0.08063921384613014,
                0.9193449060582877,
                1.518500121812425e-05,
                6.055237906915985e-07
            ],
            [
                0.0,
                3.504562451847933e-09,
                0.9999999746034796,
                1.875500301359219e-08,
                3.136954850095209e-09
            ],
            [
                0.0,
                6.978719819598818e-11,
                0.9999999962074502,
                1.5964405324658992e-09,
                2.1263220770853054e-09
            ],
            [
                2.5862423408663435e-09,
                2.3261147029587417e-09,
                1.5213779040305618e-08,
                1.0246796015261387e-07,
                0.9999998774059038
            ],
            [
                2.3597946249877555e-10,
                5.690699366639418e-10,
                7.744988129544711e-09,
                1.8542222143590363e-07,
                0.999999806027741
            ]
        ],
        [
            [
                0.0,
                3.929392432573308e-07,
                2.8342395667314964e-06,
                0.9531158233672109,
                0.04688094945397918
            ],
            [
                0.0,
                1.3669724309174653e-09,
                0.9999999724451335,
                1.780602334501721e-08,
                8.381870819772372e-09
            ],
            [
                0.0,
                4.326201347796253e-10,
                0.9999999814092765,
                9.86994898691292e-09,
                8.288154498191142e-09
            ],
            [
                1.275167421837354e-09,
                1.322259348111158e-09,
                1.5430535258751087e-08,
                3.255605328714449e-07,
                0.9999996564115051
            ],
            [
                3.3638807949303645e-10,
                2.604313669180502e-10,
                5.027777242834453e-09,
                3.363037399512886e-08,
                0.9999999607450294
            ]
        ],
        [
            [
                0.0,
                3.0192180650442933e-07,
                0.9999411017154197,
                3.369456824353915e-05,
                2.4901794530170444e-05
            ],
            [
                0.0,
                3.1225222049571374e-08,
                0.9999997342306616,
                2.2067909862156008e-07,
                1.3865017534843338e-08
            ],
            [
                0.0,
                3.690040679164147e-11,
                0.9999999974289009,
                1.225203639705372e-09,
                1.3089949634740488e-09
            ],
            [
                6.536541515798707e-09,
                2.7150567436079777e-09,
                3.906940374063144e-08,
                6.782617904890168e-07,
                0.9999992734172074
            ],
            [
                2.6036259029346888e-08,
                4.2091742201510345e-09,
                1.3684261199458717e-08,
                1.5634193642665317e-06,
                0.9999983926509413
            ]
        ],
        [
            [
                2.796512170075511e-07,
                1.8371230801835413e-06,
                0.00015779056001762685,
                0.0015646045996534558,
                0.9982754880660316
            ],
            [
                0.0,
                1.0328171161015686e-10,
                0.9999999940109612,
                4.810164802929807e-09,
                1.075592197461908e-09
            ],
            [
                0.0,
                4.7156477023503456e-11,
                0.9999999979627088,
                9.619595409702358e-10,
                1.0281751051015917e-09
            ],
            [
                1.1873450769534984e-09,
                9.524948937183702e-10,
                1.7468787106116553e-08,
                5.284235507672914e-08,
                0.9999999275490178
            ],
            [
                7.643984574535211e-10,
                3.0769539852724226e-10,
                1.3825142688466198e-08,
                2.2978596230438892e-07,
                0.9999997553168012
            ]
        ],
        [
            [
                0.0,
                8.870704436899244e-08,
                1.1671903575392385e-05,
                0.004509599171913426,
                0.9954786402174668
            ],
            [
                0.0,
                7.630415602711463e-08,
                0.9999917045719607,
                7.948486813071051e-06,
                2.706370701510827e-07
            ],
            [
                0.0,
                3.7935115900905125e-11,
                0.9999999984875865,
                5.92019050705167e-10,
                8.824591962403921e-10
            ],
            [
                2.4846994884658243e-09,
                9.640811134371654e-10,
                6.705516193456192e-09,
                2.961191202287575e-07,
                0.9999996937265829
            ],
            [
                3.2406078674222564e-10,
                5.650270731044347e-10,
                1.3339733878623953e-08,
                8.245648977419675e-08,
                0.9999999033146885
            ]
        ],
        [
            [
                0.0,
                1.0470179750061537e-05,
                0.2970751529835798,
                0.6704498387437637,
                0.03246453809290643
            ],
            [
                0.0,
                4.2474686204059906e-08,
                0.9999999285758249,
                2.609552410874713e-08,
                2.853964706224828e-09
            ],
            [
                0.0,
                8.52351302113529e-10,
                0.9999999606915271,
                3.0715682844470626e-08,
                7.740438920536808e-09
            ],
            [
                2.843613341445358e-09,
                2.9240246843107775e-09,
                5.4763308501010146e-08,
                9.519595509617255e-07,
                0.9999989875095026
            ],
            [
                6.170542018528995e-10,
                2.911223989621666e-10,
                1.1236846010324788e-08,
                1.208182484715976e-08,
                0.9999999757731525
            ]
        ],
        [
            [
                0.0,
                5.167680392935333e-07,
                0.9955649163694571,
                0.0039874481847998675,
                0.0004471186777037308
            ],
            [
                0.0,
                5.257470478740352e-09,
                0.9999999755071983,
                1.780602339954041e-08,
                1.4293078365497986e-09
            ],
            [
                0.0,
                1.0519107804848999e-10,
                0.9999999860996325,
                5.99886260206562e-09,
                7.796313791655592e-09
            ],
            [
                7.026592972898152e-10,
                1.5197182187671761e-09,
                7.952296636765658e-09,
                3.433551511256323e-07,
                0.9999996464701747
            ],
            [
                3.949788899929495e-09,
                1.9236483813629834e-09,
                8.003469473596598e-09,
                1.5489561706242117e-07,
                0.9999998312274762
            ]
        ],
        [
            [
                1.3873265623484674e-07,
                0.0003591116900438503,
                0.9992174236783923,
                0.0001960428984224797,
                0.00022728300048531833
            ],
            [
                0.0,
                5.486765458509062e-08,
                0.9999996380346601,
                2.1813037184242705e-07,
                8.89673133866018e-08
            ],
            [
                0.0,
                1.896564111026213e-10,
                0.9999999939060937,
                3.496143591205791e-09,
                2.4081061999335115e-09
            ],
            [
                6.634683080942585e-08,
                1.4275268700459906e-08,
                6.003215615866905e-08,
                3.493319584563901e-06,
                0.9999963660261598
            ],
            [
                3.96847905328989e-09,
                1.8076107726252678e-09,
                2.069565277852582e-08,
                1.7251419884041395e-07,
                0.9999998010140585
            ]
        ],
        [
            [
                0.0,
                9.062012456009603e-06,
                0.24960191461237907,
                0.7206041323696201,
                0.029784891005544923
            ],
            [
                0.0,
                4.119479571578595e-09,
                0.9999999870643304,
                7.002193345830262e-09,
                1.8139968104955389e-09
            ],
            [
                0.0,
                3.6716343660034783e-10,
                0.9999999688481519,
                2.022344896745824e-08,
                1.05612357165799e-08
            ],
            [
                5.906309738671778e-09,
                2.445757872553687e-09,
                2.8686467856326874e-08,
                4.0588713500870705e-07,
                0.9999995570743295
            ],
            [
                1.1974376880750976e-10,
                1.460489175830018e-10,
                4.371200709210833e-09,
                2.5988778245575154e-08,
                0.9999999693742283
            ]
        ],
        [
            [
                3.0831215200436345e-07,
                0.00017586769563812974,
                0.0028120066497205423,
                0.058178625769731145,
                0.9388331915727581
            ],
            [
                0.0,
                1.461965823094689e-07,
                0.9999997697879836,
                7.031963068216196e-08,
                1.3695803455740802e-08
            ],
            [
                0.0,
                1.400833981465288e-09,
                0.9999999671852422,
                2.2343385930850292e-08,
                9.07053774971017e-09
            ],
            [
                1.2849596065148535e-10,
                2.8254301905442787e-10,
                1.9296750722168424e-09,
                4.817402108417893e-08,
                0.9999999494852648
            ],
            [
                3.2148145083891113e-09,
                2.262504265298968e-09,
                2.342049307287405e-08,
                2.895109417807149e-07,
                0.9999996815912464
            ]
        ],
        [
            [
                0.0,
                5.00290013120315e-06,
                0.0012092105664373613,
                0.9927262723248591,
                0.006059514208572331
            ],
            [
                0.0,
                3.866685521924295e-08,
                0.9999989500107502,
                7.63308401725292e-07,
                2.4801399270889255e-07
            ],
            [
                0.0,
                4.361504566151058e-10,
                0.9999999806076562,
                1.4342542374889521e-08,
                4.613651036482548e-09
            ],
            [
                6.821734191270376e-09,
                5.114146974738036e-09,
                5.004521166362979e-08,
                5.668846011700649e-07,
                0.999999371134306
            ],
            [
                4.826940097086798e-08,
                1.0012860979738423e-08,
                6.018738733493644e-08,
                1.6951864134700497e-06,
                0.9999981863439372
            ]
        ],
        [
            [
                2.1718477240715984e-06,
                1.7994702033381763e-05,
                3.249615611829804e-05,
                0.0012336214969380923,
                0.9987137157971862
            ],
            [
                0.0,
                1.8201207498060048e-09,
                0.9999999535453882,
                3.892317241221511e-08,
                5.711318473416461e-09
            ],
            [
                0.0,
                2.1011667801606204e-11,
                0.9999999991472035,
                5.068155456740636e-10,
                3.249694168861968e-10
            ],
            [
                1.9934402898480764e-10,
                3.946564025538136e-10,
                9.186653235894664e-09,
                1.8941259978322355e-06,
                0.9999980960933486
            ],
            [
                1.217992905222911e-08,
                1.3482485635807379e-09,
                8.821550566063142e-09,
                8.656922432251959e-08,
                0.9999998910810475
            ]
        ],
        [
            [
                2.7073997132140175e-06,
                0.4233752867360398,
                0.576561823831871,
                3.33891493033211e-05,
                2.6792883072563363e-05
            ],
            [
                0.0,
                1.2305311523678917e-06,
                0.999998093541827,
                6.244080042701418e-07,
                5.1519016296158934e-08
            ],
            [
                0.0,
                4.287314201354268e-10,
                0.9999999763390114,
                1.3119900815403603e-08,
                1.0112356195568723e-08
            ],
            [
                3.395222866440302e-09,
                2.6863751811723168e-09,
                7.539142383258162e-09,
                8.433094334818672e-08,
                0.9999999020483162
            ],
            [
                5.0752776129217746e-09,
                3.0383249206400934e-09,
                3.164075481744448e-08,
                1.0839651554967686e-07,
                0.9999998518491272
            ]
        ],
        [
            [
                1.7588862823386304e-06,
                0.9999920855038623,
                3.7987052749410104e-06,
                1.720529107966083e-06,
                6.363754725200842e-07
            ],
            [
                0.0,
                1.8619986946352295e-08,
                0.9999999185928482,
                5.876747749955616e-08,
                4.019687274413284e-09
            ],
            [
                0.0,
                2.5452127870414995e-10,
                0.9999999841212541,
                1.1696132746854663e-08,
                3.928091738606965e-09
            ],
            [
                1.1425976566497182e-08,
                4.249824316895466e-09,
                3.6933979403881266e-08,
                2.095393899713175e-07,
                0.9999997378508296
            ],
            [
                1.3183156872736434e-09,
                1.1277420647249334e-09,
                1.403857148624505e-08,
                1.5418229963249816e-07,
                0.9999998293330711
            ]
        ],
        [
            [
                0.0,
                1.259064551041073e-07,
                5.0034487036475385e-06,
                0.48083190566392875,
                0.5191629649809124
            ],
            [
                0.0,
                1.4719323406562463e-07,
                0.999999149486154,
                6.419064299533957e-07,
                6.141418211290484e-08
            ],
            [
                0.0,
                2.3813847013036054e-10,
                0.9999999885537268,
                6.570052392338378e-09,
                4.638082292378161e-09
            ],
            [
                1.2626186130876288e-09,
                1.1613077914190425e-09,
                6.1368709528635405e-09,
                3.8488659154940873e-07,
                0.999999606552611
            ],
            [
                1.1664136166069795e-09,
                6.542750282875857e-10,
                9.93291357074396e-09,
                6.534949549503088e-08,
                0.9999999228969023
            ]
        ],
        [
            [
                2.9742470475418976e-07,
                0.9982524961668398,
                0.001742252107874948,
                4.413906554771573e-06,
                5.403940257893159e-07
            ],
            [
                0.0,
                8.856148544289325e-08,
                0.9999992196784674,
                6.436484677330031e-07,
                4.8111579321582956e-08
            ],
            [
                0.0,
                5.061402724531875e-10,
                0.9999999628422183,
                2.443595380147415e-08,
                1.2215687479734207e-08
            ],
            [
                1.3990450551000945e-09,
                2.7842922505828497e-09,
                1.2240667661593654e-08,
                1.7408717228336454e-06,
                0.9999982427042722
            ],
            [
                4.948750556356137e-10,
                2.454041561506354e-10,
                3.289664716907714e-09,
                6.242797035255424e-08,
                0.9999999335420857
            ]
        ],
        [
            [
                0.0,
                1.7892490964543374e-07,
                1.0850772017041743e-05,
                0.7494806017048398,
                0.25050836859823356
            ],
            [
                0.0,
                3.6481463327746682e-09,
                0.9999999784714888,
                1.519623301166683e-08,
                2.6841317554464012e-09
            ],
            [
                0.0,
                8.507205893598725e-10,
                0.9999997937726433,
                1.575626470509223e-07,
                4.781398908778664e-08
            ],
            [
                1.071310954077369e-09,
                6.071413026100453e-10,
                1.0170850814009825e-08,
                1.4935127375383082e-07,
                0.9999998387994232
            ],
            [
                5.267254203639511e-10,
                2.672738069313152e-10,
                2.4733985006837013e-09,
                1.0724672224725325e-07,
                0.99999988948588
            ]
        ],
        [
            [
                0.0,
                3.572062924645651e-05,
                0.9796944514390986,
                0.018605716637870463,
                0.0016641112937844818
            ],
            [
                0.0,
                1.9756921792578635e-09,
                4.809875784780775e-07,
                0.016344317633479082,
                0.9836551994032503
            ],
            [
                0.0,
                3.9476837371679086e-11,
                0.9999999951635978,
                1.3007816936347561e-09,
                3.4961435956022056e-09
            ],
            [
                1.0968607284388232e-09,
                8.533907925168217e-10,
                1.0330900388482674e-08,
                1.2876419716665606e-07,
                0.999999858954651
            ],
            [
                8.577642576482589e-10,
                6.870567674334884e-10,
                1.6977345045268857e-08,
                9.462901544687917e-08,
                0.9999998868488185
            ]
        ],
        [
            [
                0.0,
                9.93863889366924e-07,
                0.06067093741736584,
                0.9321258668953026,
                0.007202201823442214
            ],
            [
                0.0,
                8.278027283519189e-09,
                1.164143211927215e-07,
                0.9895578764956461,
                0.010441998812005518
            ],
            [
                0.0,
                6.409495606847652e-11,
                0.9999999977068494,
                1.2008805877186502e-09,
                1.0281751048385237e-09
            ],
            [
                6.107511769079494e-10,
                4.894081822400567e-10,
                5.221035991513857e-09,
                1.0975901637947776e-07,
                0.9999998839197883
            ],
            [
                8.519877024085858e-09,
                2.420918229940551e-09,
                3.600739138402274e-08,
                1.6883577363975166e-07,
                0.9999997842160397
            ]
        ],
        [
            [
                0.0,
                7.327152676082066e-07,
                0.9999923056284583,
                6.253028141240922e-06,
                7.086281328210717e-07
            ],
            [
                0.0,
                1.4329082287457894e-09,
                0.9999999913995165,
                5.669510792081569e-09,
                1.4980646346654637e-09
            ],
            [
                0.0,
                9.048829140512844e-10,
                0.9999999272817168,
                4.34398284347759e-08,
                2.83735719573444e-08
            ],
            [
                8.361443646722057e-10,
                4.6043388786528976e-10,
                4.217113709297846e-09,
                5.488502644847754e-08,
                0.9999999396012816
            ],
            [
                1.3644619860039084e-08,
                2.355312438556356e-09,
                3.53385001639778e-08,
                1.0862231331075324e-07,
                0.9999998400392544
            ]
        ],
        [
            [
                0.0,
                3.839515532042112e-08,
                2.1469430964034072e-07,
                0.000524804122025489,
                0.9994749427885096
            ],
            [
                0.0,
                5.550846003589344e-09,
                0.9999994069505657,
                4.606015098925453e-07,
                1.268970784152952e-07
            ],
            [
                0.0,
                3.6158625770989043e-10,
                0.9999999850413421,
                1.2792826266474393e-08,
                1.8042453652311585e-09
            ],
            [
                3.5800625711947758e-09,
                1.3445735751170011e-09,
                4.440649086208997e-08,
                1.1527167211796444e-07,
                0.9999998353972009
            ],
            [
                2.1180646582537875e-09,
                1.348053122800624e-09,
                5.913489949530403e-09,
                1.1056312465948333e-07,
                0.9999998800572677
            ]
        ],
        [
            [
                0.0,
                1.8460279344406372e-06,
                0.0014065689265136243,
                0.17051717015614354,
                0.8280744148894085
            ],
            [
                0.0,
                4.4743196674134273e-07,
                0.9999986688902632,
                8.088111974668018e-07,
                7.486657245076507e-08
            ],
            [
                0.0,
                2.7572155567481794e-11,
                0.9999999977268001,
                1.3323071667507542e-09,
                9.133204342072023e-10
            ],
            [
                2.353377164617393e-09,
                1.0689168400213912e-09,
                1.1865329131364187e-08,
                7.85256614857102e-08,
                0.9999999061867154
            ],
            [
                1.409625944627421e-08,
                1.6412431940827178e-09,
                8.443358040052785e-09,
                1.1878298098171356e-07,
                0.9999998570361585
            ]
        ],
        [
            [
                7.270873668707347e-05,
                0.9999269574647882,
                2.806683590014486e-07,
                2.9502157989159562e-08,
                2.3628007649607786e-08
            ],
            [
                0.0,
                2.0421394335605074e-09,
                0.999999970312333,
                2.3113002174141878e-08,
                4.532525390518917e-09
            ],
            [
                0.0,
                3.3705585618667066e-11,
                0.999999997001876,
                2.030572844618413e-09,
                9.338456924105905e-10
            ],
            [
                4.1942281808879665e-09,
                4.159279237535307e-09,
                2.529848606946181e-08,
                6.399794200850899e-06,
                0.9999935665538057
            ],
            [
                1.0920891686675809e-08,
                2.1179434287874442e-09,
                2.1438340897325468e-08,
                4.6023354424856344e-07,
                0.9999995052892798
            ]
        ],
        [
            [
                2.385028337051016e-06,
                0.0007958773375837019,
                0.0002813379718749352,
                0.29556712388849743,
                0.7033532757737069
            ],
            [
                0.0,
                9.330889782010583e-10,
                0.9999999712896545,
                2.1193669207188813e-08,
                6.583587561408271e-09
            ],
            [
                0.0,
                5.249611741864655e-10,
                0.9999999520827688,
                4.142567824925963e-08,
                5.966591754483185e-09
            ],
            [
                1.9762565796373413e-10,
                2.358903412361623e-10,
                2.7194308975868075e-09,
                3.403932646440174e-08,
                0.9999999628077265
            ],
            [
                1.1701816637768338e-09,
                1.0762570663650834e-09,
                6.171227748981288e-09,
                2.732195998083112e-08,
                0.9999999642603736
            ]
        ],
        [
            [
                0.0,
                1.8713901951467875e-07,
                4.886638960702432e-06,
                0.019870221141299285,
                0.9801247050807206
            ],
            [
                0.0,
                5.6176834266042144e-08,
                0.9999994327109303,
                4.5493540101440863e-07,
                5.6176834266042144e-08
            ],
            [
                0.0,
                5.3017126489140715e-11,
                0.9999999994001072,
                4.0229141531637405e-10,
                1.445843706915996e-10
            ],
            [
                4.4270378078646964e-10,
                9.085493841437429e-10,
                7.871336549430933e-09,
                7.91403792227675e-07,
                0.999999199373618
            ],
            [
                3.078740231747098e-09,
                1.357545871540544e-09,
                1.606717574019332e-08,
                2.111429608520916e-07,
                0.9999997683535773
            ]
        ],
        [
            [
                0.0,
                1.4705217722115813e-06,
                0.850433179945275,
                0.14925217030000829,
                0.000313179232944487
            ],
            [
                0.0,
                2.4034419683387595e-07,
                0.999999745397896,
                1.0063311018745242e-08,
                4.1945961063234e-09
            ],
            [
                0.0,
                1.852835214383596e-10,
                0.9999999954443337,
                3.050653030740064e-09,
                1.3197296488814316e-09
            ],
            [
                6.251157903775684e-09,
                6.628342275992463e-09,
                1.1379353031482832e-07,
                1.3146015533886387e-06,
                0.9999985587254161
            ],
            [
                4.630601997345333e-10,
                1.0439920995535281e-09,
                1.222088500585344e-08,
                9.225076595254452e-08,
                0.9999998940212967
            ]
        ],
        [
            [
                4.342287787704801e-05,
                0.9705456645933036,
                4.439466549789311e-05,
                0.00037886698207892426,
                0.028987650881242485
            ],
            [
                0.0,
                8.079441782988406e-08,
                0.9999998766535826,
                3.888102853746451e-08,
                3.6709711000359908e-09
            ],
            [
                0.0,
                6.302307291442371e-11,
                0.9999999980470728,
                9.554133600256283e-10,
                9.344906993254517e-10
            ],
            [
                2.4450895136493574e-10,
                3.807394882942069e-10,
                1.4200776457442787e-08,
                1.0745439561153736e-06,
                0.9999989106300191
            ],
            [
                2.4754891387684277e-09,
                2.2144646940864424e-09,
                9.788079399450137e-09,
                8.745658147342453e-07,
                0.999999110956152
            ]
        ],
        [
            [
                0.0,
                9.762566162244316e-07,
                4.556417340254593e-06,
                0.12496693844774269,
                0.8750275288783008
            ],
            [
                0.0,
                8.642234815128047e-09,
                0.9999998666298969,
                1.1224727538313454e-07,
                1.2480592841570472e-08
            ],
            [
                0.0,
                8.983631167017005e-11,
                0.9999999843234519,
                1.0640110535553689e-08,
                4.946601112326164e-09
            ],
            [
                5.90246351716646e-11,
                1.188014999023404e-10,
                5.0467626904983575e-09,
                3.126293283248059e-07,
                0.9999996821460828
            ],
            [
                1.2926225336598925e-07,
                1.0227460478546079e-08,
                5.735928490537254e-08,
                3.8488624378776127e-07,
                0.9999994182647575
            ]
        ],
        [
            [
                0.0,
                0.0012390263765130773,
                0.9859597302834682,
                0.012549426822117205,
                0.00025181651790151
            ],
            [
                5.199768908337071e-09,
                8.033941527318408e-06,
                0.999990766763078,
                1.0950981868383046e-06,
                9.899743901441552e-08
            ],
            [
                0.0,
                4.229514845808006e-11,
                0.9999999942486875,
                3.7084952942157654e-09,
                2.000522098409043e-09
            ],
            [
                1.043156097770557e-09,
                7.423401707444121e-10,
                1.0802000755984464e-08,
                3.402259871087686e-07,
                0.9999996471865159
            ],
            [
                4.760982360870242e-10,
                2.931763430716798e-10,
                2.2609123067629076e-09,
                2.052241942608159e-08,
                0.9999999764473936
            ]
        ],
        [
            [
                0.0,
                2.7492430658740114e-08,
                1.890908879357737e-07,
                0.00014171705213167915,
                0.9998580663645498
            ],
            [
                0.0,
                3.7369701628456006e-08,
                0.9999996127337084,
                2.9566506119077435e-07,
                5.423152873929302e-08
            ],
            [
                0.0,
                3.0260941173932205e-12,
                0.9999999996869682,
                6.994551065211335e-11,
                2.400602395637667e-10
            ],
            [
                1.5016683659741534e-10,
                9.700993564016331e-11,
                1.6577256400103561e-09,
                5.46253960752745e-08,
                0.9999999434697014
            ],
            [
                9.690975231821204e-10,
                2.936671613567786e-10,
                1.1076443026472734e-08,
                1.3484054737306037e-07,
                0.9999998528202448
            ]
        ],
        [
            [
                5.073164728293919e-05,
                0.4158187979368316,
                0.10292957254797629,
                0.026579716167340933,
                0.45462118170056826
            ],
            [
                0.0,
                1.598615722871149e-06,
                0.0007360382267256498,
                0.8911723476396689,
                0.10809001551788262
            ],
            [
                0.0,
                2.693638865977039e-10,
                0.9999999735707661,
                1.336089355752888e-08,
                1.2798976493320275e-08
            ],
            [
                1.4789858307023745e-09,
                9.366927221783937e-10,
                1.4321602309983393e-08,
                3.716179584702931e-08,
                0.9999999461009232
            ],
            [
                2.4740779397072766e-09,
                1.6723279260113227e-09,
                1.6370702859842636e-08,
                4.449838191840651e-07,
                0.9999995344990721
            ]
        ],
        [
            [
