{
    "[['A', 'B', 'C', 'D', 'E'], ['A', 'B', 'C', 'D', 'E']]": [
        [
            [
                0.9994339439195641,
                0.0005659830967265955,
                4.0605533492501146e-08,
                2.78612105943971e-08,
                4.516965211128678e-09
            ],
            [
                0.0,
                4.33629900169235e-09,
                0.9999999229828486,
                6.293056028893997e-08,
                9.750292174819054e-09
            ],
            [
                0.0,
                5.605845049017144e-12,
                0.9999999999391254,
                2.7403387967463317e-11,
                2.7865578855058583e-11
            ],
            [
                3.6491783386322217e-06,
                0.9999962676132386,
                4.917094620007144e-08,
                2.198607791571346e-08,
                1.2051398569246589e-08
            ],
            [
                0.555906091100901,
                0.44409291719591676,
                8.599935218817768e-07,
                7.80121202810787e-08,
                5.369754016915082e-08
            ]
        ],
        [
            [
                0.9992977476608125,
                0.0007022444264860198,
                6.6793353646719e-09,
                8.853387266301805e-10,
                3.480273944305545e-10
            ],
            [
                0.0,
                1.1964589371534843e-07,
                0.9999998246673717,
                4.323104105193719e-08,
                1.2455693519297e-08
            ],
            [
                0.0,
                2.5168259218111968e-11,
                0.9999999993285158,
                2.881569133603908e-10,
                3.581590803558257e-10
            ],
            [
                0.003927599588818038,
                0.9960714802806537,
                6.834542935272691e-07,
                5.90304590800871e-08,
                1.776457755143144e-07
            ],
            [
                0.9999773025970553,
                1.7378286225722074e-05,
                5.362609401869163e-08,
                5.8797071705353e-08,
                5.206693553229368e-06
            ]
        ],
        [
            [
                0.9472854826012281,
                0.05271168856138509,
                1.9057694418423063e-06,
                3.884402367491887e-07,
                5.346277082020221e-07
            ],
            [
                0.0,
                9.685288626433746e-09,
                0.9999999604405243,
                2.377116741710422e-08,
                6.1030196951778396e-09
            ],
            [
                0.0,
                2.450715692655719e-10,
                0.9999999966042257,
                2.1112844766468425e-09,
                1.0394182574116005e-09
            ],
            [
                0.6893908579544457,
                0.31059947172046787,
                3.0430825348855802e-06,
                1.3193139023342278e-06,
                5.307928649237632e-06
            ],
            [
                0.9896394447427967,
                0.010333331930110256,
                3.158631003290223e-06,
                1.8982599620538911e-06,
                2.216643612757622e-05
            ]
        ],
        [
            [
                0.4072065508902886,
                0.5927928862334914,
                5.432846457665434e-07,
                1.65729983367039e-08,
                3.0185759683851666e-09
            ],
            [
                0.0,
                4.749384572830066e-09,
                0.9999999872895678,
                5.65640887211633e-09,
                2.30463870597067e-09
            ],
            [
                0.0,
                5.645326024541585e-10,
                0.9999999850399024,
                5.350785683343154e-09,
                9.044779244977451e-09
            ],
            [
                0.978730681269199,
                0.01992303197167503,
                6.063503724163642e-06,
                3.992285516261052e-06,
                0.0013362309698854553
            ],
            [
                0.999929675525381,
                4.7417458629609574e-05,
                1.4457825013478678e-07,
                2.761797678261383e-07,
                2.248625797148497e-05
            ]
        ],
        [
            [
                0.9999748791417987,
                2.4438346614016367e-05,
                4.74661603835522e-08,
                7.078429119667125e-08,
                5.642611357472157e-07
            ],
            [
                0.0,
                1.2471686632274536e-09,
                0.9999999836366726,
                1.1546228575898906e-08,
                3.5699299980468416e-09
            ],
            [
                0.0,
                5.391430575976888e-11,
                0.9999999991527477,
                4.939574668718675e-10,
                2.993804237190316e-10
            ],
            [
                2.989119080810537e-05,
                0.999969316712164,
                4.667025577360983e-07,
                1.1122856340428918e-07,
                2.141659065543454e-07
            ],
            [
                0.999998119003631,
                1.8169533729540337e-06,
                1.577063020496251e-08,
                8.928141424856539e-09,
                3.934422450033564e-08
            ]
        ],
        [
            [
                0.9970327717966181,
                0.0029671561243333703,
                5.098546991504865e-08,
                2.0088701760728945e-08,
                1.0048767447964284e-09
            ],
            [
                0.0,
                2.496270744237495e-09,
                0.9999999439174219,
                4.7078539677603074e-08,
                6.507767498564818e-09
            ],
            [
                0.0,
                2.6463236075078614e-11,
                0.9999999996218865,
                1.9123616637313515e-10,
                1.6041406922828953e-10
            ],
            [
                0.999999247333055,
                5.401343023802282e-07,
                5.902629686446252e-08,
                2.400151492060906e-08,
                1.2950483087319564e-07
            ],
            [
                0.35578827396528406,
                0.0011196349670718401,
                3.385749412377876e-05,
                1.380681017713738e-05,
                0.6430444267633432
            ]
        ],
        [
            [
                0.7523935605990708,
                0.24760487472887843,
                1.445705928221685e-06,
                1.158751203301738e-07,
                3.09100211340861e-09
            ],
            [
                0.0,
                1.6572704706528153e-09,
                0.9999999893684924,
                5.908844732598418e-09,
                3.065392255207254e-09
            ],
            [
                0.0,
                3.2230013003063653e-11,
                0.9999999997021098,
                1.736657923142686e-10,
                9.199443918876474e-11
            ],
            [
                0.9829520283248973,
                8.352323856953345e-05,
                1.7004519297607564e-06,
                1.574720831527447e-05,
                0.01694700077628801
            ],
            [
                0.9999694996394989,
                1.4756316033979802e-05,
                1.4887659891733752e-07,
                1.8997276838277682e-07,
                1.54051950998662e-05
            ]
        ],
        [
            [
                0.9999982797903243,
                1.67155545235589e-06,
                2.439227434732941e-08,
                6.284308099767712e-09,
                1.7977641066068532e-08
            ],
            [
                0.0,
                1.2464695073423146e-09,
                0.999999992449322,
                4.603638951576574e-09,
                1.7005693819398578e-09
            ],
            [
                0.0,
                9.620448028489803e-12,
                0.9999999998136999,
                6.20950043330345e-11,
                1.1458461554198188e-10
            ],
            [
                0.9998799738116895,
                0.00011515549631383609,
                2.3243985264195717e-07,
                1.8543583304681831e-07,
                4.452816310998513e-06
            ],
            [
                0.9999351957508923,
                6.477225256002327e-05,
                1.6125631869068228e-08,
                1.1606508021867889e-08,
                4.264407766626903e-09
            ]
        ],
        [
            [
                0.9997638299553862,
                0.00023554399265747318,
                5.830383627118374e-07,
                2.990497310790553e-08,
                1.3108620618757821e-08
            ],
            [
                0.0,
                9.49426790006706e-08,
                0.9999998212976173,
                5.6631692758406284e-08,
                2.7128010797505088e-08
            ],
            [
                0.0,
                3.1644871822353207e-11,
                0.9999999991281885,
                3.1505227204533077e-10,
                5.251144176947077e-10
            ],
            [
                0.9999352147036189,
                3.259339407268621e-05,
                2.781805278344946e-07,
                7.079519022718358e-07,
                3.120576987840019e-05
            ],
            [
                0.9999879376362297,
                3.2691671469086454e-07,
                1.1588390648354763e-08,
                9.068259057771097e-08,
                1.163317607445945e-05
            ]
        ],
        [
            [
                0.9999951132351843,
                4.882283592509857e-06,
                3.3996551852281006e-09,
                9.922096104168702e-10,
                8.935832565634816e-11
            ],
            [
                0.0,
                1.0909982995095495e-08,
                0.9999999315194021,
                5.230717405768399e-08,
                5.2634408199188545e-09
            ],
            [
                0.0,
                5.87166307415403e-11,
                0.9999999993136606,
                3.3125121385309144e-10,
                2.9637150938214255e-10
            ],
            [
                0.0001931928198318972,
                0.9998061326941141,
                4.002480979071657e-07,
                4.609949798449e-08,
                2.281384583012477e-07
            ],
            [
                0.9998699052366549,
                0.00012998065542608182,
                6.31471019443444e-08,
                2.058746090644446e-08,
                3.037335632084422e-08
            ]
        ],
        [
            [
                0.999907525186938,
                8.897678593358e-05,
                1.7125920145125344e-07,
                1.1866500812970486e-07,
                3.208102918722955e-06
            ],
            [
                1.2368903001410158e-08,
                0.9999944714646126,
                5.4751563093367484e-06,
                1.6337855393580024e-08,
                2.4672319445532782e-08
            ],
            [
                0.0,
                1.402332326059304e-11,
                0.9999999995747202,
                1.6324071714324536e-10,
                2.4801573707467156e-10
            ],
            [
                0.038980937828181204,
                0.9609858646217433,
                3.922972792773624e-06,
                2.377393635431291e-06,
                2.689718364739609e-05
            ],
            [
                0.47964590918927746,
                0.5203524101330467,
                1.5962161100027008e-06,
                5.577252764359578e-08,
                2.8689038051185088e-08
            ]
        ],
        [
            [
                1.189228053553492e-06,
                0.9999984864687242,
                3.177909486139127e-07,
                6.0732118030962716e-09,
                4.390617902349125e-10
            ],
            [
                5.18632938269087e-08,
                0.9994182213643161,
                0.0005815445019933382,
                1.7240906728038087e-07,
                9.861329342175635e-09
            ],
            [
                0.0,
                3.599966236871629e-10,
                0.9999999894675767,
                5.697326835570248e-09,
                4.475099826409675e-09
            ],
            [
                0.00024608945298244827,
                0.9997536026886412,
                1.2248122916887402e-07,
                4.0655438772042695e-08,
                1.4472170832556695e-07
            ],
            [
                0.9999572424799978,
                4.2503601483767276e-05,
                8.363478650945737e-08,
                3.115027190079004e-08,
                1.3913345986919885e-07
            ]
        ],
        [
            [
                0.9999618854008502,
                3.8100054563342754e-05,
                1.2935060763650972e-08,
                1.143674236303794e-09,
                4.658516059968052e-10
            ],
            [
                0.0,
                1.2579522382652702e-10,
                0.999999999129283,
                3.238970248747123e-10,
                4.210248254978744e-10
            ],
            [
                0.0,
                1.7537957747347168e-12,
                0.9999999999455083,
                1.3717062774652627e-11,
                3.902108615112103e-11
            ],
            [
                0.8404929490434024,
                0.15826921068542799,
                5.6419521234937715e-06,
                2.777921734532495e-05,
                0.0012044191017008073
            ],
            [
                0.9996779363836101,
                1.3614764776497604e-06,
                4.9940326334103504e-08,
                1.9414373474499582e-07,
                0.0003204580558510959
            ]
        ],
        [
            [
                0.9999978189408106,
                2.1707170820420134e-06,
                7.1403807897710866e-09,
                1.2375504294694492e-09,
                1.964176009422479e-09
            ],
            [
                7.113729848973721e-11,
                5.961052236162573e-09,
                0.9999999770676168,
                1.2622556776310296e-08,
                4.277637101286709e-09
            ],
            [
                0.0,
                3.259587635081097e-11,
                0.9999999992853128,
                4.899284005663533e-10,
                1.921630568127708e-10
            ],
            [
                0.9810288922359012,
                0.01897080684635036,
                2.683502455117788e-07,
                2.7151929071658545e-08,
                5.415573749746392e-09
            ],
            [
                0.9244991337141356,
                0.034480510502458775,
                3.7098594714511046e-06,
                7.655731625483294e-06,
                0.0410089901923086
            ]
        ],
        [
            [
                0.9999950040589072,
                4.882283641495675e-06,
                5.301983726852618e-08,
                1.98248423507635e-08,
                4.081277174229917e-08
            ],
            [
                0.0,
                1.778352048951433e-08,
                0.9999999676328105,
                9.29804530390974e-09,
                5.285623468472149e-09
            ],
            [
                0.0,
                4.690244285058944e-11,
                0.999999999514219,
                2.243303821597507e-10,
                2.1454804599610542e-10
            ],
            [
                8.317222914252243e-05,
                0.9999165568213516,
                1.0419560924470313e-07,
                4.221993309340777e-08,
                1.2453396346320563e-07
            ],
            [
                0.9999571172587567,
                3.5320194167436036e-05,
                3.617018364012648e-08,
                8.93192728125755e-08,
                7.4370576194109355e-06
            ]
        ],
        [
            [
                0.9999483848053918,
                5.1539095799469204e-05,
                6.190990365213241e-08,
                9.899813773292581e-09,
                4.2890913592948074e-09
            ],
            [
                9.432699572424036e-08,
                0.9999984500016916,
                1.403415568288501e-06,
                3.8880954527924575e-08,
                1.3374789844222343e-08
            ],
            [
                0.0,
                6.110949176868368e-10,
                0.9999999933609911,
                4.371626042342169e-09,
                1.6562877000907568e-09
            ],
            [
                0.003425193996015529,
                0.9885586008093352,
                6.551807610644675e-05,
                9.874482894590472e-06,
                0.007940812635648092
            ],
            [
                0.16245668202103922,
                0.005951896881222122,
                8.443999777663087e-06,
                9.228109273375072e-05,
                0.8314906960052272
            ]
        ],
        [
            [
                0.9999924054537047,
                7.16613795683047e-06,
                8.422035329612354e-08,
                4.7300590711085194e-08,
                2.9688739431425947e-07
            ],
            [
                0.0,
                1.0865535564655258e-09,
                0.9999999495695261,
                4.640305460545122e-08,
                2.940865773958372e-09
            ],
            [
                0.0,
                9.554128747661163e-11,
                0.9999999989542359,
                4.4072052589443026e-10,
                5.095022620373881e-10
            ],
            [
                2.3342213778101004e-07,
                0.010581239174848003,
                0.9894181503905607,
                3.645037400410934e-07,
                1.2508713627380798e-08
            ],
            [
                0.9994931103834576,
                0.0005065105019481855,
                2.544614781623412e-07,
                5.81741707046093e-08,
                6.647894535315594e-08
            ]
        ],
        [
            [
                0.9999987370940596,
                6.991171161888888e-07,
                4.729779465432325e-08,
                2.0965863228783695e-08,
                4.955251662653206e-07
            ],
            [
                0.0,
                7.286713794770585e-09,
                0.9999999595964114,
                2.8976986814189345e-08,
                4.139888067534824e-09
            ],
            [
                0.0,
                4.8966563723230434e-11,
                0.9999999991159252,
                2.3172570095184173e-10,
                6.033824652617386e-10
            ],
            [
                1.9369229673841567e-05,
                0.9999801213274567,
                4.52093851047766e-07,
                2.5886517931319456e-08,
                3.1462500344294615e-08
            ],
            [
                0.9922042831243499,
                0.007795069910940252,
                4.151868454237974e-07,
                1.3124024602135168e-07,
                1.0053761847875455e-07
            ]
        ],
        [
            [
                0.9999959074014336,
                3.994688745906115e-06,
                8.206783759311627e-08,
                1.1612286400724419e-08,
                4.229696488606795e-09
            ],
            [
                0.0,
                5.189582917554706e-09,
                0.9999999668300887,
                2.0931099758015766e-08,
                7.0492287139425255e-09
            ],
            [
                0.0,
                1.7956700929269533e-12,
                0.9999999999545639,
                2.2304817835725077e-11,
                2.1335593560353033e-11
            ],
            [
                0.9999942391651329,
                5.511130158650825e-06,
                5.202330429834525e-08,
                5.684813927314246e-08,
                1.4083326502454496e-07
            ],
            [
                4.108698323063515e-05,
                0.9999588598048785,
                4.700622238466301e-08,
                5.366228921520486e-09,
                8.394393961309116e-10
            ]
        ],
        [
            [
                0.999994880535681,
                5.0890502533688184e-06,
                1.9802922917986797e-08,
                7.879041969038801e-09,
                2.73210092255937e-09
            ],
            [
                0.0,
                6.796344557848718e-09,
                0.9999998973919598,
                8.901535096009965e-08,
                6.796344557848718e-09
            ],
            [
                0.0,
                7.588036006646762e-12,
                0.999999999823521,
                4.4009533376880296e-11,
                1.2488176363073755e-10
            ],
            [
                7.381648745750714e-05,
                8.910895222787823e-06,
                8.380716605896392e-06,
                1.859508161367879e-05,
                0.9998902968191
            ],
            [
                0.9998986189924999,
                0.00010130495523762376,
                2.4739472074827634e-08,
                2.366264796133342e-08,
                2.7650142399422302e-08
            ]
        ],
        [
            [
                0.9999995681839579,
                4.2821192730868924e-07,
                2.8824117666399986e-09,
                5.166637704944407e-10,
                2.0503932591955773e-10
            ],
            [
                0.0,
                1.0769783756689551e-08,
                0.9999999532819861,
                2.8014462617326238e-08,
                7.933767630733622e-09
            ],
            [
                0.0,
                9.742418390644265e-11,
                0.9999999986418926,
                7.138021667931867e-10,
                5.468810164792447e-10
            ],
            [
                1.8452661982316093e-05,
                0.9999541207086877,
                1.319044677314334e-06,
                9.027140369154585e-07,
                2.5204870615758832e-05
            ],
            [
                0.9999428768723654,
                5.705869760525671e-05,
                2.0150984590917826e-08,
                1.992776995839987e-08,
                2.4351274888110355e-08
            ]
        ],
        [
            [
                0.999995711067433,
                4.280169683036274e-06,
                6.7073322579378255e-09,
                1.6684887216168525e-09,
                3.8706292061431585e-10
            ],
            [
                2.0306079106082482e-05,
                0.5327936929039865,
                0.44670894303115716,
                0.002966996136555683,
                0.017510061849194663
            ],
            [
                0.0,
                8.358071254020951e-12,
                0.9999999998222884,
                9.997927542196352e-11,
                6.937432401083142e-11
            ],
            [
                0.8676296485021677,
                0.13236932695979564,
                9.173819085620824e-07,
                8.475406652104466e-08,
                2.2402061572960476e-08
            ],
            [
                0.31700656536123417,
                0.6829928134726853,
                3.200824830208538e-07,
                1.4424922764025398e-07,
                1.5683436979637686e-07
            ]
        ],
        [
            [
                0.9857976187409341,
                0.014201876936176255,
                3.764823752987321e-07,
                1.090849022191858e-07,
                1.8755612291522057e-08
            ],
            [
                0.0,
                6.660494042705843e-09,
                0.9999999689957938,
                1.7385321605593226e-08,
                6.9583907951770985e-09
            ],
            [
                0.0,
                2.277638852875353e-11,
                0.9999999997463318,
                1.4519539188426286e-10,
                8.569641580492345e-11
            ],
            [
                0.999940211062279,
                5.958745833874436e-05,
                4.694968583931281e-08,
                2.1054787456454174e-08,
                1.3347490894913026e-07
            ],
            [
                0.2166325372160922,
                4.4394787333101665e-05,
                8.529140995843657e-06,
                1.2744696693403438e-05,
                0.7833017941588855
            ]
        ],
        [
            [
                0.9999977758401599,
                2.2104488035720015e-06,
                7.989240236606438e-09,
                1.7776831884073904e-09,
                3.944112986173067e-09
            ],
            [
                0.0,
                1.4193431044368292e-09,
                0.9999999956561583,
                2.1621066835172243e-09,
                7.623920082185725e-10
            ],
            [
                0.0,
                3.709451759343403e-12,
                0.9999999999350726,
                2.35870883992517e-11,
                3.7630857783733035e-11
            ],
            [
                0.999969883143575,
                2.9991729875361153e-05,
                9.231149294497986e-08,
                2.4482281250460036e-08,
                8.332775338861098e-09
            ],
            [
                0.9999145530174597,
                8.51124544374063e-05,
                2.0158415125977744e-07,
                1.1322079097340755e-07,
                1.9723160769576395e-08
            ]
        ],
        [
            [
                0.9993969239562615,
                0.0006029761791027543,
                8.654297402214014e-08,
                9.920398086177547e-09,
                3.4012636887900866e-09
            ],
            [
                0.0,
                2.515225589670958e-09,
                0.9999999805774845,
                1.4160799931372447e-08,
                2.7464898937507548e-09
            ],
            [
                0.0,
                3.034952527265469e-10,
                0.999999988799399,
                5.868455662367832e-09,
                5.028650124536682e-09
            ],
            [
                0.9998936517055764,
                0.00010603968231734654,
                1.9272568131320685e-07,
                4.1899844668395566e-08,
                7.398658019182629e-08
            ],
            [
                0.9999933928681715,
                6.083213950817487e-06,
                1.29711618668006e-07,
                3.95052927003022e-08,
                3.5470096647986447e-07
            ]
        ],
        [
            [
                0.9999850966208825,
                1.4894349304915195e-05,
                6.071138435769357e-09,
                2.5186389068883337e-09,
                4.4003512301877154e-10
            ],
            [
                0.0,
                4.64345287208537e-10,
                0.9999999979559995,
                1.130567763056526e-09,
                4.49087345821722e-10
            ],
            [
                0.0,
                1.3311279067555746e-10,
                0.9999999981379215,
                9.314335485794776e-10,
                7.975320195966368e-10
            ],
            [
                0.9999659309216604,
                3.401215540296713e-05,
                1.7163877497711568e-08,
                2.6166596790283807e-08,
                1.3592462402177358e-08
            ],
            [
                0.9996353020131405,
                0.0003645569725393156,
                5.83220425276734e-08,
                2.0340353561903144e-08,
                6.235192417150352e-08
            ]
        ],
        [
            [
                0.9896774299038669,
                0.010322226355237748,
                3.0856303623353175e-07,
                3.0621097219534914e-08,
                4.556761812482051e-09
            ],
            [
                0.0,
                8.744235786725068e-10,
                0.9999999933905603,
                3.753526937219155e-09,
                1.981488962764477e-09
            ],
            [
                0.0,
                2.737007495871115e-10,
                0.9999999871233319,
                9.282204249745508e-09,
                3.320762864533269e-09
            ],
            [
                0.00030098477208408467,
                0.9995948712238466,
                2.4641283015973915e-06,
                6.429595489160857e-07,
                0.00010103691621877277
            ],
            [
                0.8999120237654691,
                0.1000876326662133,
                1.5288911056739366e-07,
                6.275172825485671e-08,
                1.2792747886078052e-07
            ]
        ],
        [
            [
                8.325067325430867e-06,
                0.9999878770962022,
                2.5834189353598923e-06,
                9.953709661977472e-07,
                2.190465708326885e-07
            ],
            [
                0.0,
                6.290532296940053e-09,
                0.9999999793810028,
                1.1057171271789822e-08,
                3.2712939201336255e-09
            ],
            [
                0.0,
                7.204740404052413e-11,
                0.9999999990160986,
                4.912880602061816e-10,
                4.2056573640600066e-10
            ],
            [
                4.198658883599152e-07,
                0.9858767243590622,
                0.014122596125370465,
                2.1857059195197745e-07,
                4.107908696823369e-08
            ],
            [
                0.9999895231057593,
                1.0331261360567911e-05,
                5.025891244575314e-08,
                1.0582549831153306e-08,
                8.479141780324951e-08
            ]
        ],
        [
            [
                0.9998568405220997,
                0.0001431073730997435,
                2.804178198317333e-08,
                1.3434489590129828e-08,
                1.0628529023185366e-08
            ],
            [
                0.0,
                2.085024343501634e-09,
                0.9999635520361487,
                3.642994538074961e-05,
                1.5933446264907325e-08
            ],
            [
                0.0,
                1.5930565001526006e-11,
                0.999999999789501,
                8.433370813031358e-11,
                1.1023467906814047e-10
            ],
            [
                4.606760059378985e-06,
                0.9999872911860805,
                4.989517466182431e-07,
                5.991341950437257e-08,
                7.54318869395754e-06
            ],
            [
                0.9987413937555107,
                0.0012190272563544716,
                2.7208162810362184e-07,
                5.906979924755671e-07,
                3.871620851414369e-05
            ]
        ],
        [
            [
                0.921694401051534,
                0.0783039085987833,
                1.6128923609303442e-06,
                6.948540414771683e-08,
                7.971917613878147e-09
            ],
            [
                6.760015702150696e-09,
                2.1470731335613537e-06,
                0.9999978307279259,
                1.5438924911285957e-08,
                0.0
            ],
            [
                0.0,
                1.590075471809927e-11,
                0.9999999997338858,
                1.2772406632384202e-10,
                1.224894588570919e-10
            ],
            [
                1.6286474383467678e-06,
                0.999998109023264,
                2.448093889878706e-07,
                9.914023661805302e-09,
                7.6058849747061e-09
            ],
            [
                0.9999929686458201,
                9.009534905697028e-07,
                2.772724608444313e-08,
                5.276057555766283e-08,
                6.049912867630761e-06
            ]
        ],
        [
            [
                0.9999849983019758,
                1.4927027026240505e-05,
                7.679909821373713e-09,
                1.3481875443476432e-08,
                5.3509212631487495e-08
            ],
            [
                0.0,
                3.3470249592142215e-09,
                0.9999999816537465,
                1.2428071108255764e-08,
                2.5711573682414514e-09
            ],
            [
                0.0,
                1.242535663157377e-10,
                0.9999999982048016,
                6.704476535485846e-10,
                1.0004971751324839e-09
            ],
            [
                0.9979517615754048,
                0.002047986864283866,
                1.1555895120617068e-07,
                9.044110797324558e-08,
                4.5560252239519404e-08
            ],
            [
                0.9999900280605711,
                9.938576109209118e-06,
                2.1762867556260034e-08,
                9.850202655160297e-09,
                1.7502496187336067e-09
            ]
        ],
        [
            [
                0.999997665540524,
                2.3292616959138646e-06,
                2.831042120910669e-09,
                1.0390020640457717e-09,
                1.3277359002257038e-09
            ],
            [
                5.239144855080427e-06,
                0.9999946695883826,
                7.797478101447417e-08,
                8.580527123189215e-09,
                4.711454159391213e-09
            ],
            [
                0.0,
                3.3341190706789425e-11,
                0.9999999986209493,
                5.221969478459435e-10,
                8.235125528333689e-10
            ],
            [
                0.6810808552392932,
                0.3189130961603842,
                2.1631928972871893e-06,
                5.454781147941163e-07,
                3.339929310621791e-06
            ],
            [
                0.9988571005873575,
                0.0009456551184446763,
                2.9900808960752658e-06,
                2.780963228258014e-06,
                0.00019147325007343833
            ]
        ],
        [
            [
                0.9989133354833026,
                0.001077511839294103,
                3.0069757452865667e-06,
                7.463691421132692e-07,
                5.399332515925547e-06
            ],
            [
                0.0,
                7.166604851775226e-09,
                0.9999999549001626,
                2.73445859147556e-08,
                1.0588646719190188e-08
            ],
            [
                0.0,
                7.476156880825359e-11,
                0.9999999988598711,
                6.378509927827908e-10,
                4.2751635730017916e-10
            ],
            [
                7.782629996862332e-05,
                0.9890076548493456,
                0.006833709013592615,
                2.7164966597778227e-05,
                0.004053644870495306
            ],
            [
                0.99961601649756,
                8.655486402197117e-06,
                5.78866985049651e-07,
                9.340956175374286e-07,
                0.00037381505343526706
            ]
        ],
        [
            [
                0.9998887641633369,
                0.0001110354091929346,
                3.657979589440242e-08,
                1.557595950483628e-08,
                1.4827171477319006e-07
            ],
            [
                4.575695798318368e-09,
                9.545709361850114e-08,
                0.9999998371148109,
                5.175963488284781e-08,
                1.1092764630890749e-08
            ],
            [
                0.0,
                8.987311496656572e-12,
                0.9999999998956024,
                5.0888528512760235e-11,
                4.4521764626378586e-11
            ],
            [
                0.9998871029134361,
                5.514637089420515e-06,
                1.1657697457224245e-07,
                1.674959991135572e-07,
                0.0001070983765007685
            ],
            [
                0.9791119526171447,
                0.02088773920212376,
                1.511616631354777e-07,
                1.0020604463166195e-07,
                5.681302378050061e-08
            ]
        ],
        [
            [
                0.9999987874348648,
                1.2017508128337544e-06,
                7.088531118217353e-09,
                1.4187070363117454e-09,
                2.307084021168434e-09
            ],
            [
                0.0,
                1.0274262373011262e-09,
                0.9999999932076256,
                4.366900829333312e-09,
                1.3980473518259461e-09
            ],
            [
                0.0,
                2.4395855131537598e-12,
                0.9999999999349272,
                2.4959731635104434e-11,
                3.76735163926181e-11
            ],
            [
                0.008245870290362792,
                0.9917536967586479,
                2.821460294580943e-07,
                1.2200209737954661e-07,
                2.8802862510181274e-08
            ],
            [
                0.9976124990094828,
                2.2237557299320774e-05,
                1.978900068397092e-07,
                5.600008444443131e-07,
                0.0023645055423664914
            ]
        ],
        [
            [
                0.004271541178178844,
                0.9956090256793927,
                0.00010561820752306273,
                6.5227392262873475e-06,
                7.292195679210573e-06
            ],
            [
                0.0,
                2.5444485897845026e-08,
                0.9999999144194773,
                4.8445479291840085e-08,
                1.1690557504409241e-08
            ],
            [
                0.0,
                3.762023653029941e-11,
                0.9999999991859354,
                3.3677777484653816e-10,
                4.396668249792603e-10
            ],
            [
                0.999768481285803,
                0.00023137972200046024,
                1.1939536963742343e-07,
                1.4623499940253969e-08,
                4.97332692549697e-09
            ],
            [
                0.9998173926487449,
                0.0001823287306792008,
                9.203055362095803e-08,
                2.420785409253088e-08,
                1.6238216813803358e-07
            ]
        ],
        [
            [
                0.9986375607186139,
                0.0013594059615257394,
                3.4024482649425295e-07,
                2.395643359413416e-07,
                2.453510697849377e-06
            ],
            [
                0.0,
                9.954344353141497e-09,
                0.9999999664661676,
                1.9157478106757145e-08,
                4.422010052205377e-09
            ],
            [
                0.0,
                3.212751494390169e-11,
                0.9999999989883426,
                4.2999424153599757e-10,
                5.495358523600948e-10
            ],
            [
