{
    "[['A', 'B', 'C', 'D', 'E'], ['A', 'B', 'C', 'D', 'E']]": [
        [
            [
                0.9999968074295137,
                3.190902856113152e-06,
                1.2153792606259406e-09,
                3.440127811112625e-10,
                1.082381014634782e-10
            ],
            [
                0.011155401296892173,
                0.9888445859590966,
                9.20238414070554e-09,
                2.6964778513092155e-09,
                8.451490699587351e-10
            ],
            [
                0.0,
                0.0,
                0.9999999998970786,
                5.74511695293863e-11,
                4.547033279323655e-11
            ],
            [
                0.999996645406527,
                3.3087080304669226e-06,
                1.4615488750690642e-09,
                3.0911083656210163e-09,
                4.1332785299543254e-08
            ],
            [
                0.9938329443794658,
                0.006040775445147163,
                4.5425738991374473e-07,
                1.0237907931553476e-05,
                0.00011558801006552939
            ]
        ],
        [
            [
                0.9999984916224514,
                1.5079846348581373e-06,
                1.6100076426870576e-10,
                1.3392722603797373e-10,
                9.798568128784786e-11
            ],
            [
                3.257117759290808e-07,
                0.9999996711603616,
                2.479652590361047e-09,
                2.9595180971405177e-10,
                3.522581435250432e-10
            ],
            [
                0.0,
                0.0,
                0.9999999999532216,
                2.1064515016699463e-11,
                2.5713902058473085e-11
            ],
            [
                0.9998961757804323,
                0.00010277081556090664,
                1.896167227540355e-09,
                1.3240190222021441e-08,
                1.038267649281925e-06
            ],
            [
                5.0237224482450834e-09,
                1.3108994643630502e-08,
                1.446316134352721e-07,
                2.3117776920743992e-05,
                0.9999767194587489
            ]
        ],
        [
            [
                0.9999996767067464,
                3.222995676772268e-07,
                8.206478608601686e-10,
                9.129455454903602e-11,
                8.174355689554897e-11
            ],
            [
                0.9988978952442328,
                0.0011020926408830361,
                2.4283823237713028e-09,
                4.310027781613723e-09,
                5.376473948341605e-09
            ],
            [
                0.0,
                3.549339024476797e-12,
                0.9999999997836193,
                6.790144044316386e-11,
                1.4492977444100374e-10
            ],
            [
                0.9280270390674396,
                0.07194256477455123,
                4.2736189373101136e-08,
                1.5726497110523058e-07,
                3.0196156848781413e-05
            ],
            [
                0.0,
                1.3875944511715718e-08,
                6.431659074657512e-08,
                2.0163242319253384e-05,
                0.9999797585651455
            ]
        ],
        [
            [
                0.999747216247467,
                0.00025278351571524283,
                2.1367125161986638e-10,
                1.8717844262336648e-11,
                4.428561759944817e-12
            ],
            [
                0.00019282451810028814,
                0.9998071746532226,
                4.802965647118329e-10,
                2.5465287553569936e-10,
                9.372766920432513e-11
            ],
            [
                0.0,
                0.0,
                0.9999999998759461,
                5.310801201155487e-11,
                7.09459725787505e-11
            ],
            [
                0.999777840076754,
                0.00022213743466150128,
                1.879391853550747e-09,
                2.912125182320332e-09,
                1.769706765184294e-08
            ],
            [
                0.9999953596367657,
                4.636156918643969e-06,
                5.47676436612209e-10,
                3.9958276701644045e-10,
                3.2590563498115027e-09
            ]
        ],
        [
            [
                0.9999986158428155,
                1.3838348471318696e-06,
                1.6137769131395734e-10,
                7.672157201892289e-11,
                8.423821901116572e-11
            ],
            [
                0.36354535286514894,
                0.6364545626783059,
                6.09350827188876e-08,
                1.553036369639032e-08,
                7.99109894670483e-09
            ],
            [
                0.0,
                0.0,
                0.999999999920709,
                3.095612958023195e-11,
                4.8334832161302747e-11
            ],
            [
                0.998092533873909,
                0.0019074489110272868,
                4.157510750584228e-09,
                6.347008571513873e-09,
                6.710544520135769e-09
            ],
            [
                1.3702925766653556e-06,
                6.736289106924216e-07,
                1.0171236303063628e-05,
                0.0004920668090640699,
                0.9994957180331455
            ]
        ],
        [
            [
                0.9999997278353917,
                2.7102683268272243e-07,
                7.29275840350578e-10,
                3.032840314110881e-10,
                1.0521555640774968e-10
            ],
            [
                0.9999991694771597,
                8.298856501173198e-07,
                4.2535931842380335e-10,
                1.7669494045053278e-10,
                3.513587875988206e-11
            ],
            [
                0.0,
                9.815097991798986e-12,
                0.9999999998309665,
                7.34104209475606e-11,
                8.580796325368716e-11
            ],
            [
                0.9956432591339175,
                0.00435672487868279,
                4.786780601597702e-09,
                2.794043562427493e-09,
                8.4065755665676e-09
            ],
            [
                0.9999999285141746,
                6.972544019894795e-08,
                8.645973573486812e-10,
                4.2820024886889044e-10,
                4.675874951077191e-10
            ]
        ],
        [
            [
                0.9999998068890702,
                1.9256585512308914e-07,
                4.019616257437677e-10,
                9.528269289442291e-11,
                4.783043208476889e-11
            ],
            [
                0.9810490467261612,
                0.018950906070037694,
                2.1837586661962482e-08,
                1.5400661464194812e-08,
                9.965552829276628e-09
            ],
            [
                0.0,
                0.0,
                0.9999999999256188,
                3.1870748416856494e-11,
                4.2510361499356656e-11
            ],
            [
                0.9996065626029875,
                0.000393270291177182,
                4.186587325262691e-09,
                1.3626779083185692e-08,
                1.4929246891440273e-07
            ],
            [
                3.886809346091581e-06,
                2.605623392420746e-06,
                1.4316633659123102e-06,
                0.0006063360055703607,
                0.9993857398983252
            ]
        ],
        [
            [
                0.999999449192806,
                5.503790324492198e-07,
                1.6417809930758291e-10,
                1.7359194913595742e-10,
                9.039148334359115e-11
            ],
            [
                0.9999989735832481,
                1.025477888638211e-06,
                7.771842546070747e-10,
                1.4938040291964627e-10,
                1.2298616973299995e-11
            ],
            [
                0.0,
                0.0,
                0.9999999999351443,
                3.170939968239707e-11,
                3.314627699105492e-11
            ],
            [
                0.9999895446170305,
                1.0435413334992077e-05,
                3.491185989978653e-09,
                2.0557747914376704e-09,
                1.4422673714619575e-08
            ],
            [
                0.999989664409824,
                1.0331261588831212e-05,
                1.2906540589342206e-09,
                1.883094953614218e-09,
                1.15483817249214e-09
            ]
        ],
        [
            [
                0.9999997965185047,
                2.0079920839482107e-07,
                6.674390915921897e-10,
                9.081647582440907e-10,
                1.1066829641135215e-09
            ],
            [
                0.9913395905445512,
                0.008660408116873854,
                9.235859070477242e-10,
                3.630852458396596e-10,
                5.190389358531593e-11
            ],
            [
                0.0,
                3.5440539231986835e-13,
                0.9999999999915041,
                5.413675327933301e-12,
                2.72791025210486e-12
            ],
            [
                0.999996513479165,
                3.4679558844237284e-06,
                2.515393479471699e-09,
                1.2184476568317053e-09,
                1.4831109362091627e-08
            ],
            [
                0.999999640807819,
                3.5437436628676536e-07,
                9.033223615374674e-10,
                1.3392269048572593e-09,
                2.5752654159524533e-09
            ]
        ],
        [
            [
                0.9999997955902253,
                2.007992082084233e-07,
                9.489714889644887e-10,
                8.691044680043404e-10,
                1.7924904923753947e-09
            ],
            [
                4.046547935630173e-06,
                0.9999959530799135,
                3.2113930596541076e-10,
                3.0274292608633664e-11,
                2.0737188589109705e-11
            ],
            [
                0.0,
                6.590575764713974e-12,
                0.9999999998365454,
                8.670409738481286e-11,
                7.0159828736908e-11
            ],
            [
                0.9999988281563958,
                2.5912839309879894e-07,
                7.688905224866711e-10,
                3.7801893924556245e-09,
                9.081661311631838e-07
            ],
            [
                0.0012563580634713657,
                0.3688885224515326,
                0.0002483080868726799,
                0.17928017546989947,
                0.45032663592822386
            ]
        ],
        [
            [
                0.999999934356133,
                6.450849540853964e-08,
                7.472611285033839e-10,
                2.0473451091508867e-10,
                1.8337587070624655e-10
            ],
            [
                0.00010199108532244092,
                0.9998980002766482,
                2.0255983508327194e-09,
                4.299526538504989e-09,
                2.312904444611972e-09
            ],
            [
                0.0,
                1.5813339065337633e-12,
                0.999999999948987,
                2.3345217580370423e-11,
                2.608632636831195e-11
            ],
            [
                0.9989044981931499,
                0.001095355199709026,
                2.315654424809882e-09,
                8.436903101116176e-09,
                1.3585458351529566e-07
            ],
            [
                5.708084637165677e-07,
                4.0926602877515363e-07,
                2.628185237861832e-07,
                1.1873712131638479e-05,
                0.999986883394852
            ]
        ],
        [
            [
                0.9999992016818003,
                7.980163863044418e-07,
                1.5570092903199532e-10,
                9.410097391620992e-11,
                5.201152138476083e-11
            ],
            [
                0.9999969131900759,
                3.0859262527656567e-06,
                6.123608835601665e-10,
                2.360902043637061e-10,
                3.52203540626584e-11
            ],
            [
                0.0,
                0.0,
                0.9999999999453553,
                2.8530908383305784e-11,
                2.6113855796757423e-11
            ],
            [
                0.984780348424375,
                0.003932245598974069,
                2.1314974997158662e-07,
                2.25378590319035e-06,
                0.011284939040997798
            ],
            [
                9.733425661909823e-06,
                4.771432962180067e-06,
                3.6940358448688666e-06,
                0.00022874600154724792,
                0.9997530551039838
            ]
        ],
        [
            [
                0.9999996821493129,
                3.171950691891108e-07,
                4.096090351788374e-10,
                1.2981216529488223e-10,
                1.1619675512726686e-10
            ],
            [
                2.85609814755916e-06,
                0.99999714373387,
                1.3257208611781662e-10,
                2.390494253338029e-11,
                1.1505299695455253e-11
            ],
            [
                0.0,
                0.0,
                0.9999999999741953,
                8.40167370384596e-12,
                1.7403078358436846e-11
            ],
            [
                0.9991728152633196,
                0.000827137317718439,
                1.7849277539730088e-08,
                1.2736052000286007e-08,
                1.6833632507617404e-08
            ],
            [
                0.9999999354016785,
                6.316059887541376e-08,
                5.688116723566403e-10,
                3.6919083616256005e-10,
                4.997200574489279e-10
            ]
        ],
        [
            [
                0.9999994700553653,
                5.286178209944013e-07,
                4.871840925086443e-10,
                3.415160127806941e-10,
                4.981136900860556e-10
            ],
            [
                1.747018001063107e-05,
                0.9999825288437368,
                6.523784390224996e-10,
                1.7597083523587752e-10,
                1.4790331924659511e-10
            ],
            [
                0.0,
                0.0,
                0.9999999995759297,
                2.0257749610624345e-10,
                2.214928348977791e-10
            ],
            [
                0.6996248647402722,
                0.3003702170558132,
                9.281394436089939e-08,
                4.040050183568487e-08,
                4.784989468420738e-06
            ],
            [
                6.40369214763758e-07,
                4.955643686694846e-07,
                4.6351775111267847e-07,
                1.6636428423794374e-05,
                0.9999817641202416
            ]
        ],
        [
            [
                0.9999996469259296,
                3.514292069977413e-07,
                7.011852677843831e-10,
                4.926646514527747e-10,
                4.510136025338891e-10
            ],
            [
                3.8513260082017953e-07,
                0.9999996139748347,
                5.458711783115422e-10,
                1.7334676429667184e-10,
                1.7334676429667184e-10
            ],
            [
                0.0,
                6.160865917398464e-13,
                0.9999999999891585,
                2.8212432478683916e-12,
                7.404021608398817e-12
            ],
            [
                0.9980460570125481,
                0.0019539382127603724,
                2.2483038811190564e-09,
                1.7502462365377677e-09,
                7.761413493715393e-10
            ],
            [
                0.9999994985322335,
                4.925183503950446e-07,
                1.2819639310604796e-09,
                6.943670884731147e-10,
                6.973085250653834e-09
            ]
        ],
        [
            [
                0.9999998198541371,
                1.7953785298084964e-07,
                4.287895187596365e-10,
                7.970191918796357e-11,
                9.951848231169354e-11
            ],
            [
                0.1850131024567179,
                0.8149860023686144,
                1.3250781650261715e-07,
                8.355266584147901e-08,
                6.791141852447013e-07
            ],
            [
                0.0,
                4.092329851832453e-12,
                0.9999999998516218,
                5.5544200282646534e-11,
                8.874160511922534e-11
            ],
            [
                0.9983017231364848,
                0.0016982739706589243,
                7.665680690169162e-10,
                1.1576786447847746e-09,
                9.686096730134293e-10
            ],
            [
                0.8848913370520712,
                0.009320428842777357,
                6.854900289214304e-06,
                0.00046667942857681657,
                0.10531469977628537
            ]
        ],
        [
            [
                0.9999997734668905,
                2.256752790418464e-07,
                6.899655734288433e-10,
                1.1181162958753449e-10,
                5.6053240697775746e-11
            ],
            [
                0.9774843538978479,
                0.022515643641899858,
                1.518339194883592e-09,
                8.716760501173812e-10,
                7.023708983021907e-11
            ],
            [
                0.0,
                2.917252029794318e-12,
                0.9999999998859244,
                5.310598614084342e-11,
                5.80524886256445e-11
            ],
            [
                0.9999946412716948,
                5.356011682709666e-06,
                1.379502847824678e-09,
                6.927743612691889e-10,
                6.443452196620295e-10
            ],
            [
                0.9999998885012139,
                1.1050767742338896e-07,
                6.892040243043471e-10,
                2.2540735821113399e-10,
                7.649727367105312e-11
            ]
        ],
        [
            [
                0.9999998878741397,
                1.1164451268689043e-07,
                3.528458479184656e-10,
                9.389246338145608e-11,
                3.460929609699598e-11
            ],
            [
                3.883015583904327e-06,
                0.9999961165490492,
                2.517595523040643e-10,
                1.0186333865111424e-10,
                8.174402595508137e-11
            ],
            [
                0.0,
                1.2160892536545166e-12,
                0.9999999999777072,
                7.0596864088435835e-12,
                1.4017012308255664e-11
            ],
            [
                0.99995068931259,
                4.924160302616751e-05,
                3.7726551871782516e-09,
                4.6505461982209825e-09,
                6.066118246311826e-08
            ],
            [
                0.9999995759489222,
                3.814993721020713e-07,
                4.576342116428401e-09,
                2.1224404439661357e-09,
                3.58529230733386e-08
            ]
        ],
        [
            [
                0.9999997874058087,
                2.1164414374012723e-07,
                5.859080496387294e-10,
                1.6009190966619322e-10,
                2.040475990029608e-10
            ],
            [
                6.869173315584499e-06,
                0.9999931293916738,
                1.1413534314560178e-09,
                2.4033696812152584e-10,
                5.3320246154565505e-11
            ],
            [
                0.0,
                2.609332959053329e-12,
                0.9999999999113087,
                2.3318338474171606e-11,
                6.276372066965214e-11
            ],
            [
                0.9999819455612731,
                1.6560493374976433e-05,
                4.410713998779588e-09,
                2.1998745596193522e-08,
                1.4675358922405452e-06
            ],
            [
                0.9999968807822006,
                3.117675245085342e-06,
                7.879954518490167e-10,
                2.7112362526292107e-10,
                4.834352257312454e-10
            ]
        ],
        [
            [
                0.9999999199953159,
                7.911121173526096e-08,
                6.437408613018193e-10,
                1.621802762813971e-10,
                8.755129452181286e-11
            ],
            [
                1.6124986331497703e-06,
                0.9999983344773307,
                5.14426231640114e-08,
                9.560842092998632e-10,
                6.25328941661675e-10
            ],
            [
                0.0,
                0.0,
                0.9999999999817291,
                5.167124966484751e-12,
                1.3103650449137426e-11
            ],
            [
                0.9996475639010437,
                0.0003523882147491035,
                3.0823006754741976e-09,
                2.8212689280457967e-09,
                4.198063758063034e-08
            ],
            [
                0.0009163419641119416,
                9.273698349409768e-06,
                1.87044919286349e-06,
                0.00035585862240939434,
                0.9987166552659364
            ]
        ],
        [
            [
                0.9999996232062988,
                3.752786217283172e-07,
                3.016197377913285e-10,
                1.7732527220477542e-10,
                1.036134417065642e-09
            ],
            [
                3.005114980819709e-06,
                0.999996994375005,
                3.1748146430381293e-10,
                1.0050985535955473e-10,
                9.202304219715029e-11
            ],
            [
                0.0,
                0.0,
                0.9999999999798808,
                1.1282099895719377e-11,
                8.837063996581885e-12
            ],
            [
                0.999361095932797,
                0.0006386564064490155,
                1.2542639304053497e-08,
                2.6485191516551667e-08,
                2.0863292311827616e-07
            ],
            [
                0.9999996166856947,
                3.3516087640730807e-07,
                1.086553583351231e-09,
                2.6334412369585596e-09,
                4.4433434081442024e-08
            ]
        ],
        [
            [
                0.9999997040197807,
                2.933717232304684e-07,
                2.414139766678931e-09,
                1.4663227897739444e-10,
                4.7724080972168624e-11
            ],
            [
                0.9999817684090347,
                1.8231178046450774e-05,
                3.5027898602231167e-10,
                4.741025989496382e-11,
                1.5229520883946696e-11
            ],
            [
                0.0,
                0.0,
                0.9999999998649483,
                5.523528764081534e-11,
                7.981646733664922e-11
            ],
            [
                0.9999504544991429,
                1.4248930740978407e-05,
                2.3847905379396456e-09,
                1.0249703803293897e-08,
                3.528393562180864e-05
            ],
            [
                1.9157726675806498e-07,
                8.409001654091625e-08,
                4.178197449080711e-08,
                4.6544977513974694e-06,
                0.9999950280529909
            ]
        ],
        [
            [
                0.9999996512903764,
                3.4740781565225277e-07,
                2.4347442556790245e-10,
                3.547542349722293e-10,
                7.03579290773923e-10
            ],
            [
                0.001145688535831881,
                0.9988542946136919,
                1.572986412509332e-08,
                9.690994133192913e-10,
                1.5151271798430883e-10
            ],
            [
                0.0,
                1.8975717170783568e-12,
                0.9999999999048239,
                4.612089123135116e-11,
                4.7157646399531215e-11
            ],
            [
                0.9999981063694109,
                1.8877332149583614e-06,
                2.3904283157071993e-09,
                1.0897602630965067e-09,
                2.41718550311789e-09
            ],
            [
                0.9999996682920463,
                3.004242498762729e-07,
                2.0716573663092317e-09,
                1.7402167118984662e-09,
                2.747182986984541e-08
            ]
        ],
        [
            [
                0.9999998398036644,
                1.5966522145361076e-07,
                2.88843088198203e-10,
                1.1177537471585572e-10,
                1.3049558219545664e-10
            ],
            [
                0.9982157173117354,
                0.001784281045587651,
                1.1575549331391594e-09,
                4.293836317068259e-10,
                5.573851518157907e-11
            ],
            [
                0.0,
                6.79116380825198e-12,
                0.9999999997385076,
                1.177756187248695e-10,
                1.369255057759707e-10
            ],
            [
                0.9999402783427545,
                5.9427758374335165e-05,
                4.171896243169464e-09,
                3.2148344204826584e-08,
                2.575786307470156e-07
            ],
            [
                0.999999666464016,
                3.2983067910229327e-07,
                1.2525253152878737e-09,
                1.1723308354860157e-09,
                1.2804488951343786e-09
            ]
        ],
        [
            [
                0.9999995264402846,
                4.702288143872204e-07,
                1.2424889035840038e-09,
                6.709465656816574e-10,
                1.4174655737666283e-09
            ],
            [
                0.004413974029721337,
                0.9955860144416427,
                9.45407458691938e-09,
                1.4828754185301902e-09,
                5.916860215542208e-10
            ],
            [
                0.0,
                2.609332959161429e-12,
                0.9999999999527369,
                2.1335593560314055e-11,
                2.3318338475137643e-11
            ],
            [
                0.9973323388851915,
                0.0026675146542483766,
                4.903336922351879e-08,
                3.364506784437814e-08,
                6.378212310339263e-08
            ],
            [
                6.915143293010492e-08,
                2.9786168494384296e-08,
                5.8499633552371784e-08,
                5.773230717495478e-06,
                0.9999940693320475
            ]
        ],
        [
            [
                0.9999997762311018,
                2.233496185634834e-07,
                3.0612365377738887e-10,
                5.468838762594075e-11,
                5.846752895367982e-11
            ],
            [
                9.623923083369647e-05,
                0.9999037586348378,
                1.921477538276651e-09,
                1.649074493471502e-10,
                4.794350335467413e-11
            ],
            [
                0.0,
                0.0,
                0.9999999999880391,
                5.3294594399946e-12,
                6.6314050788872964e-12
            ],
            [
                0.9999993487927443,
                6.41654164002047e-07,
                9.202800097454425e-10,
                9.407786268840533e-10,
                7.692032928301413e-09
            ],
            [
                0.9999995792138026,
                3.552873707727149e-07,
                6.42967798601983e-10,
                1.7483644999113855e-09,
                6.310749435032465e-08
            ]
        ],
        [
            [
                0.9999992716196857,
                7.248981309998763e-07,
                1.0805024156710832e-09,
                7.586871404114545e-10,
                1.6429940511973377e-09
            ],
            [
                0.0002326735054962277,
                0.9997673024977304,
                1.2803200047956285e-08,
                5.46798864191999e-09,
                5.725584847101095e-09
            ],
            [
                0.0,
                0.0,
                0.9999999999478413,
                1.996692787798761e-11,
                3.219186033662173e-11
            ],
            [
                0.9999928379581525,
                7.146795775212365e-06,
                1.8805285403269006e-09,
                8.727806405486093e-10,
                1.2492763104006278e-08
            ],
            [
                1.3667959362949494e-06,
                1.262222615039674e-07,
                2.8869247345892387e-08,
                3.984207053152823e-06,
                0.9999944939055018
            ]
        ],
        [
            [
                0.9999996579711535,
                3.4164295081237425e-07,
                2.940219478343259e-10,
                4.1593147199210614e-11,
                5.0280505116588504e-11
            ],
            [
                0.7904710922871135,
                0.20952889851379786,
                7.315987115215382e-09,
                1.3570125961980774e-09,
                5.260888639802756e-10
            ],
            [
                0.0,
                6.616190509605068e-13,
                0.9999999999679736,
                1.2436280593983723e-11,
                1.89283727539082e-11
            ],
            [
                0.9920433064552164,
                0.00795664860780602,
                4.766663768181743e-09,
                6.499952568099785e-09,
                3.367036097219305e-08
            ],
            [
                0.9999986376139994,
                1.3347419907202556e-06,
                1.4941693864629929e-09,
                2.5923464317976865e-09,
                2.3557494161539694e-08
            ]
        ],
        [
            [
                0.9999985540004872,
                1.4455446877508314e-06,
                2.200325611764399e-10,
                9.936218908108099e-11,
                1.354302033493246e-10
            ],
            [
                7.45168605352812e-05,
                0.9999254822340085,
                5.189897143593916e-10,
                2.843053435449267e-10,
                1.0216141816858032e-10
            ],
            [
                0.0,
                0.0,
                0.99999999993833,
                3.254748058034674e-11,
                2.912250012499028e-11
            ],
            [
                0.9999920626261041,
                7.695604116362412e-06,
                2.9301383461685435e-09,
                6.468267589395464e-09,
                2.3237137356610302e-07
            ],
            [
                0.9998313866937437,
                0.00016858890162832398,
                2.079567358744771e-09,
                2.7410474786097e-09,
                1.9584013240398475e-08
            ]
        ],
        [
            [
                0.999996906784411,
                3.09159370250983e-06,
                1.7135369053736747e-10,
                2.9768644354982285e-10,
                1.1528464335896247e-09
            ],
            [
                0.9999977944166318,
                2.204520544574216e-06,
                7.857232816052669e-10,
                1.8288825388424092e-10,
                9.421196222433115e-11
            ],
            [
                0.0,
                2.1851958807919147e-12,
                0.9999999998711002,
                5.947871925189936e-11,
                6.723605306601981e-11
            ],
            [
                0.9991134315918219,
                0.0008865615145383349,
                3.8969807061316415e-09,
                2.011629892423797e-09,
                9.85029167173535e-10
            ],
            [
                0.9999993201988745,
                6.715205355281502e-07,
                4.2430593723958907e-10,
                8.442001580959625e-10,
                7.012083824854485e-09
            ]
        ],
        [
            [
                0.9999997206500985,
                2.7789893244513483e-07,
                8.482448734003005e-10,
                3.3766344344684385e-10,
                2.6506085595848943e-10
            ],
            [
                0.00026450133521951024,
                0.9997354983225746,
                2.888452933818017e-10,
                4.3784724959093725e-11,
                9.57561443450445e-12
            ],
            [
                0.0,
                1.1302426283204596e-12,
                0.9999999999690592,
                1.0266005138281898e-11,
                1.9544501882312512e-11
            ],
            [
                0.999938465035795,
                6.153310272299185e-05,
                1.0601837921021764e-09,
                4.418382582217975e-10,
                3.594600677095743e-10
            ],
            [
                7.581795666692079e-06,
                1.0362537155634822e-06,
                6.788119027211938e-07,
                8.668725597216997e-05,
                0.9999040158827428
            ]
        ],
        [
            [
                0.9999997605427549,
                2.3779320338372963e-07,
                1.2373522107657854e-09,
                1.6489172963455436e-10,
                2.6179798654153046e-10
            ],
            [
                0.13193329216387067,
                0.8680667006007706,
                6.953243114687852e-09,
                2.4572028646715576e-10,
                3.639531445830534e-11
            ],
            [
                0.0,
                0.0,
                0.9999999999656608,
                1.2192322187461979e-11,
                2.2146991041316612e-11
            ],
            [
                0.9999458612054639,
                5.4136015821724395e-05,
                9.869962798437964e-10,
                9.308314717074456e-10,
                8.608865919280965e-10
            ],
            [
                0.999999927080984,
                7.178045738569553e-08,
                4.60367198014777e-10,
                2.2781397617555177e-10,
                4.503774926329283e-10
            ]
        ],
        [
            [
                0.9999998816406637,
                1.1803453016460099e-07,
                2.3745993879743926e-10,
                4.5374339928124085e-11,
                4.197184888293196e-11
            ],
            [
                1.692227991685656e-07,
                0.9999998274918628,
                3.1173968553594776e-09,
                8.841788786123341e-11,
                7.952318423505299e-11
            ],
            [
                0.0,
                0.0,
                0.9999999997483044,
                5.745116952083906e-11,
                1.9424436336286285e-10
            ],
            [
                0.9999979543001313,
                2.0363277253397233e-06,
                2.0489164150366047e-09,
                1.4056301994161165e-09,
                5.917596853786327e-09
            ],
            [
                0.9999998839516235,
                1.1356510568688397e-07,
                7.580174500602512e-10,
                2.3083021378365683e-10,
                1.4944231303294838e-09
            ]
        ],
        [
            [
                0.9999994811884698,
                5.183034634923504e-07,
                3.280057920198214e-10,
                1.2730937324667169e-10,
                5.275153715617696e-11
            ],
            [
                4.187499912018735e-06,
                0.9999957849506891,
                1.9881338462180473e-08,
                4.551775520523559e-09,
                3.1162851915691576e-09
            ],
            [
                0.0,
                0.0,
                0.9999999997533406,
                1.4194046545960032e-10,
                1.0471884221258703e-10
            ],
            [
                0.9968719959455743,
                0.0031279128769164965,
                1.65732188855256e-08,
                1.8220703526004406e-08,
                5.638358681982039e-08
            ],
            [
                0.9999912330077634,
                8.755160209254971e-06,
                5.2203193087131605e-09,
                1.0332768029094984e-09,
                5.578431255258278e-09
            ]
        ],
        [
            [
                0.9999999117920854,
                8.68954513396273e-08,
                1.2566795059995357e-09,
                3.782544034797614e-11,
                1.795842319039936e-11
            ],
            [
                3.869160048670832e-06,
                0.9999934813916427,
                2.3158363078278714e-06,
                2.750022600327079e-07,
                5.8609740657528466e-08
            ],
            [
                0.0,
                0.0,
                0.9999999999670579,
                1.4659529985652547e-11,
                1.828253710741052e-11
            ],
            [
                0.9999952836802363,
                4.715034884442222e-06,
                5.961697763915669e-10,
                3.9675007685283553e-10,
                2.919593060457522e-10
            ],
            [
                0.9999996585298379,
                3.3554275119422537e-07,
                1.90917008919768e-09,
                6.516944018910484e-10,
                3.366546427295365e-09
            ]
        ],
        [
            [
                0.9999996213793041,
                3.77643486160252e-07,
                6.585317382767533e-10,
                2.3291812658079316e-10,
                8.576002081446803e-11
            ],
            [
                0.9999159467795709,
                8.40526183692524e-05,
                3.52229911833412e-10,
                2.43750425138094e-10,
                6.079565037859655e-12
            ],
            [
                0.0,
                0.0,
                0.999999999897075,
                3.115979032262591e-11,
                7.176528595140338e-11
            ],
            [
                0.9999982516953385,
                1.5959802701048602e-06,
                2.8200156632572975e-09,
                8.569928519523119e-09,
                1.4093444715534655e-07
            ],
            [
                0.9999989760949265,
                8.748395168351185e-07,
                9.33843959781111e-10,
                2.893991275340422e-09,
                1.4523772144466327e-07
            ]
        ],
        [
            [
                0.999998651188174,
                1.3478970107358245e-06,
                6.085731583091265e-10,
                2.0217064694240843e-10,
                1.040713092967059e-10
            ],
            [
                0.9772026528835677,
                0.022797342579443526,
                3.046762652504887e-09,
                1.1529804933061189e-09,
                3.372457114172675e-10
            ],
            [
