{
    "[['A', 'B', 'C', 'D', 'E'], ['A', 'B', 'C', 'D', 'E']]": [
        [
            [
                0.9999964034089193,
                3.059249340722953e-06,
                6.6309091491820515e-09,
                7.154699021799024e-08,
                4.591638406895213e-07
            ],
            [
                0.9997613899137994,
                0.0002384623624058103,
                1.2350050626819247e-07,
                2.3305968196323093e-08,
                9.173201260188077e-10
            ],
            [
                0.0,
                5.015926279864384e-10,
                0.999999979630154,
                1.6132952680467605e-08,
                3.7353007860932335e-09
            ],
            [
                0.9999579537063478,
                4.180403929227811e-05,
                9.186285564197855e-09,
                2.3122219168574122e-08,
                2.099458552168234e-07
            ],
            [
                0.9999982709675272,
                1.641734254764503e-06,
                9.82361649963333e-09,
                2.78894441721355e-08,
                4.9585157250954254e-08
            ]
        ],
        [
            [
                0.9999987732709249,
                1.2116822694424624e-06,
                4.46822533025827e-09,
                2.78379822481147e-09,
                7.794782140754151e-09
            ],
            [
                0.9967130300248672,
                1.3355232436507313e-05,
                1.9396809688125264e-07,
                2.2931015868376315e-06,
                0.0032711276730124136
            ],
            [
                0.0,
                5.947599627268296e-11,
                0.9999999944598208,
                4.094186400893442e-09,
                1.3865169455917696e-09
            ],
            [
                0.9939254943035813,
                0.006073415361136402,
                2.988457343476084e-07,
                4.221604826199458e-07,
                3.693290653079153e-07
            ],
            [
                0.9999983496107256,
                1.2183043333430164e-06,
                1.483787247040335e-08,
                3.423009076446794e-08,
                3.8301697785101976e-07
            ]
        ],
        [
            [
                0.2013219593057637,
                8.193189405668676e-05,
                2.8630303331028833e-06,
                0.0001191975837681684,
                0.7984740481860783
            ],
            [
                0.023971327465255137,
                0.9758294585507502,
                5.686048766605051e-05,
                5.9442047815192125e-05,
                8.291144851343325e-05
            ],
            [
                0.0,
                6.717183413510279e-11,
                0.9999999986884207,
                6.429910630518589e-10,
                6.014165519098469e-10
            ],
            [
                0.22487754437322893,
                0.7698090567072845,
                0.0002711973589944753,
                0.0002480834182644029,
                0.0047941181422276585
            ],
            [
                0.9999979354816835,
                1.6447664825733605e-06,
                9.058141595332411e-09,
                1.1300444168538294e-08,
                3.993932483887747e-07
            ]
        ],
        [
            [
                0.9999970988134101,
                2.812233996054934e-06,
                3.486389728162556e-08,
                2.9363945164356612e-08,
                2.4724751546060364e-08
            ],
            [
                0.9999141202436732,
                8.563384843715914e-05,
                2.202344280225479e-07,
                2.4323097593589132e-08,
                1.3503639801693607e-09
            ],
            [
                0.0,
                9.38965816077845e-11,
                0.9999999981987824,
                8.631209930930143e-10,
                8.442001266445411e-10
            ],
            [
                0.997906461989834,
                0.0020924537837921117,
                2.9008398367166897e-08,
                7.197526868660166e-08,
                9.83242706879658e-07
            ],
            [
                0.9997580438815661,
                0.00024055300519850746,
                1.1733621271901121e-07,
                6.855210403202666e-07,
                6.002559823641527e-07
            ]
        ],
        [
            [
                0.9999984989448877,
                1.4928101817275135e-06,
                4.148947390582971e-09,
                2.692469295281898e-09,
                1.4035138782965756e-09
            ],
            [
                0.9322745689449088,
                0.0007498530074949425,
                2.3400212553208378e-05,
                0.0002175112655312286,
                0.06673466656951171
            ],
            [
                0.0,
                4.78642205924345e-10,
                0.9999999908998435,
                7.406433984377776e-09,
                1.2150802130606636e-09
            ],
            [
                0.9989745526201455,
                0.001016053270320211,
                1.4869227744734072e-07,
                9.196357340015812e-07,
                8.325781522991849e-06
            ],
            [
                0.8462756616063619,
                2.2498955764852065e-05,
                9.172900132403671e-07,
                5.5817574687670117e-05,
                0.1536451045731721
            ]
        ],
        [
            [
                0.8900546046750332,
                3.843950982169412e-05,
                5.611103999253739e-06,
                8.38024180607626e-05,
                0.10981754229308516
            ],
            [
                0.27300293129550623,
                0.7268748824852764,
                0.00012175923517778606,
                3.96712819550803e-07,
                3.027122010027159e-08
            ],
            [
                0.0,
                1.623492534113981e-10,
                0.9999999936902386,
                3.705723558237104e-09,
                2.4416886940383593e-09
            ],
            [
                0.9988397764343384,
                0.0005135251169244898,
                1.3914672126357658e-07,
                7.711325297244609e-06,
                0.0006388479767185958
            ],
            [
                0.9999982486320843,
                1.601896740810599e-06,
                1.9882553540394133e-08,
                3.857801405821111e-08,
                9.101060730702087e-08
            ]
        ],
        [
            [
                0.9997949806296293,
                0.00016293667423541522,
                2.513440578741739e-06,
                3.741335069444847e-06,
                3.582792048697318e-05
            ],
            [
                0.9995006975449008,
                0.0004946934894992049,
                3.5167750510025667e-06,
                3.9376114787384327e-07,
                6.984294010823496e-07
            ],
            [
                0.0,
                1.0805024022320425e-09,
                0.999999974437672,
                1.63378245476954e-08,
                8.1440013004453e-09
            ],
            [
                0.9999969561407192,
                2.987877735486975e-06,
                3.041022662720222e-08,
                1.4053441788855027e-08,
                1.1517877033262188e-08
            ],
            [
                0.9998738159848567,
                0.00012493337439368796,
                3.497739699780587e-08,
                2.0887422422386254e-07,
                1.0067891284091158e-06
            ]
        ],
        [
            [
                0.9999982766116587,
                1.7087670333172983e-06,
                8.626918163865851e-09,
                3.0621605608031586e-09,
                2.9322289960711572e-09
            ],
            [
                0.08452121414854105,
                0.00016447650733146274,
                0.00047328683788615044,
                0.00022038688974838913,
                0.9146206356164929
            ],
            [
                0.0,
                7.203369863271876e-10,
                0.9999999793288996,
                1.5259405287201166e-08,
                4.691358391042331e-09
            ],
            [
                0.9999996669598764,
                3.276170957024477e-07,
                2.6321909664949514e-09,
                2.310937701939218e-09,
                4.798991587354492e-10
            ],
            [
                0.9999981849214463,
                1.785538906981504e-06,
                3.6070955066453216e-09,
                3.941104747331097e-09,
                2.1991446484834014e-08
            ]
        ],
        [
            [
                0.993261562959616,
                4.559633680637244e-06,
                3.2861687137127685e-07,
                2.197545318953592e-06,
                0.006731351244512888
            ],
            [
                0.000963082433687482,
                2.7425761198341476e-06,
                7.541865404693443e-06,
                8.996073730887392e-05,
                0.9989366723874791
            ],
            [
                0.0,
                1.5492988295400919e-09,
                0.9999999567266887,
                3.3687639765055144e-08,
                8.036372863878156e-09
            ],
            [
                0.9916446756059311,
                0.00835118563517302,
                5.064935505669469e-07,
                1.3439654519690636e-06,
                2.2882998934044545e-06
            ],
            [
                0.9999662101550078,
                2.8633948704163973e-05,
                4.812810050817676e-08,
                2.1889202032697477e-07,
                4.888876167215068e-06
            ]
        ],
        [
            [
                0.9999991349279367,
                8.076887971915152e-07,
                7.1736754248812315e-09,
                1.9308395016043724e-08,
                3.0901195557378264e-08
            ],
            [
                0.9993012028118966,
                0.0006972993490752514,
                8.909234057276921e-07,
                1.0112921019565552e-07,
                5.057864121618578e-07
            ],
            [
                0.0,
                4.0439163125600635e-10,
                0.9999999906228879,
                6.220341272898608e-09,
                2.7523790772283564e-09
            ],
            [
                0.9999716182113475,
                2.8054208837857326e-05,
                1.3964963576750702e-07,
                7.994060641653506e-08,
                1.0798957250382682e-07
            ],
            [
                0.9999238277126161,
                6.396136502185815e-05,
                1.3476810393032755e-08,
                4.721345210983206e-07,
                1.1725311030657207e-05
            ]
        ],
        [
            [
                0.999957546314197,
                4.1886005181918376e-05,
                1.9024634780451908e-07,
                2.032719731604197e-07,
                1.7416230007668658e-07
            ],
            [
                0.9999904014022525,
                9.565814395758888e-06,
                1.944725585641164e-08,
                9.358682570379752e-09,
                3.977413339260894e-09
            ],
            [
                0.0,
                4.2312517863490477e-10,
                0.9999999925204229,
                5.350785723369817e-09,
                1.705666179629738e-09
            ],
            [
                0.999957892293102,
                4.207553470998363e-05,
                1.4912689516459655e-08,
                1.5079527971758984e-08,
                2.1799704950807123e-09
            ],
            [
                0.999924809122726,
                3.219579739737781e-05,
                3.306991865496896e-08,
                9.853482184057552e-07,
                4.197666173954058e-05
            ]
        ],
        [
            [
                0.9999969829246357,
                3.0142049750296028e-06,
                1.7036242802932022e-09,
                7.748322837616381e-10,
                3.919326039163098e-10
            ],
            [
                0.9999323076346206,
                6.704986076910584e-05,
                5.048751053297578e-07,
                4.8042533471650996e-08,
                8.958697144952329e-08
            ],
            [
                0.0,
                4.2780021457248787e-10,
                0.9999999894205055,
                6.014111168136546e-09,
                4.137583139613487e-09
            ],
            [
                0.9999881425791688,
                1.180819310496315e-05,
                9.973101364091077e-09,
                2.3049167285071182e-08,
                1.6205457559510398e-08
            ],
            [
                0.9999279908197013,
                4.830228392562956e-06,
                3.461119683442071e-08,
                2.0981124848727517e-06,
                6.504622822454708e-05
            ]
        ],
        [
            [
                0.999998796973169,
                1.1932018305062624e-06,
                6.952726064923786e-09,
                2.0967810878953547e-09,
                7.754931958050045e-10
            ],
            [
                0.008694532625523449,
                0.41461328941591646,
                0.04395423346452167,
                0.016940659542642827,
                0.5157972849513955
            ],
            [
                0.0,
                2.8664013123025344e-10,
                0.9999999939921498,
                4.047452555509799e-09,
                1.6737574988340644e-09
            ],
            [
                0.9999719289380375,
                2.7175982395289364e-05,
                1.1508735303366982e-07,
                2.660075883902552e-07,
                5.139846258571686e-07
            ],
            [
                0.9999986743584942,
                1.181882291179681e-06,
                5.5077672405043585e-08,
                2.3344139719992274e-08,
                6.533740243113203e-08
            ]
        ],
        [
            [
                0.9998457895239737,
                1.1392802432720205e-06,
                6.202987749580637e-08,
                9.759223586213525e-07,
                0.00015203324354701617
            ],
            [
                0.9999986994077454,
                1.218090559298616e-06,
                1.0705047305745334e-08,
                1.738618450882627e-08,
                5.441046364666173e-08
            ],
            [
                0.0,
                5.48945004566865e-10,
                0.9999999891396288,
                7.093630172597813e-09,
                3.2177957700968093e-09
            ],
            [
                0.9992121162797039,
                0.0007878516979242009,
                9.810265185175853e-09,
                1.632178396981193e-08,
                5.890322917378042e-09
            ],
            [
                0.9992408439054536,
                1.3890429230310875e-06,
                2.549487418905076e-07,
                1.2999961504822223e-06,
                0.0007562121067308857
            ]
        ],
        [
            [
                0.9999959478949968,
                3.7041887125882607e-06,
                1.0750328302661913e-08,
                2.9043719412171667e-08,
                3.0812224285661206e-07
            ],
            [
                0.9999159894485957,
                8.37551191865755e-05,
                2.0858180170895813e-07,
                4.1680966509544776e-08,
                5.1694495865138045e-09
            ],
            [
                0.0,
                9.744634430349155e-10,
                0.9999999524752332,
                4.179607905360768e-08,
                4.75422423461673e-09
            ],
            [
                0.9992634836116776,
                0.0007341989063925638,
                2.8563473320784146e-07,
                5.000816964724998e-07,
                1.5317655001628693e-06
            ],
            [
                0.9999866620081787,
                6.956245344325788e-06,
                9.98835554936156e-08,
                1.5841681331306512e-07,
                6.123446107990994e-06
            ]
        ],
        [
            [
                0.9999989595868367,
                1.002139309825787e-06,
                1.9645368264232507e-08,
                1.0719329419333594e-08,
                7.909155734560565e-09
            ],
            [
                0.9910971801545339,
                0.008884137583677109,
                4.0532411097769456e-06,
                8.328139868201394e-06,
                6.300880810916643e-06
            ],
            [
                0.0,
                2.1678867425157988e-10,
                0.9999999952314591,
                3.439709543321115e-09,
                1.1120425896520136e-09
            ],
            [
                1.0806727040410975e-05,
                5.470616220138173e-06,
                1.833816722573566e-06,
                0.00026414467845425893,
                0.9997177441615627
            ],
            [
                3.728005849358875e-05,
                0.999933960890523,
                5.344944103052924e-06,
                1.1592752707897524e-05,
                1.1821354172375171e-05
            ]
        ],
        [
            [
                0.9998270678182278,
                0.0001728192523541098,
                2.3727409879634497e-08,
                7.802744333015459e-08,
                1.1174564761441046e-08
            ],
            [
                3.9951381106748635e-08,
                0.006731565815828594,
                0.9932617299210532,
                6.301752221811289e-06,
                3.6255951522562493e-07
            ],
            [
                0.0,
                5.40051078497029e-10,
                0.9999999850643839,
                9.04477924519888e-09,
                5.3507856834741496e-09
            ],
            [
                0.9999657241865472,
                3.397850403201515e-05,
                5.2174551541127536e-08,
                1.2933353088402918e-07,
                1.1580133839675526e-07
            ],
            [
                0.9999974854558052,
                1.0331531726968424e-06,
                2.3779013190267997e-08,
                6.263370365487465e-08,
                1.394978305396875e-06
            ]
        ],
        [
            [
                0.9999996316570257,
                3.5392280150683305e-07,
                1.1516859898206053e-09,
                1.1708587634341929e-08,
                1.5598992946461847e-09
            ],
            [
                0.9880347773370868,
                2.9456604867392305e-05,
                2.2918128729449582e-05,
                2.1314894093242432e-05,
                0.011891533035223247
            ],
            [
                0.0,
                2.618099658428345e-10,
                0.9999999793526204,
                1.2589256080607957e-08,
                7.796313739053767e-09
            ],
            [
                0.9550306710122458,
                0.04492554040624826,
                1.3366515859045385e-06,
                1.1889865276963645e-06,
                4.1262943392211856e-05
            ],
            [
                0.9881254958563184,
                4.865369633599013e-06,
                1.1510635499195016e-07,
                8.988805169278321e-06,
                0.011860534862523784
            ]
        ],
        [
            [
                0.9999984500618598,
                1.4894000855756327e-06,
                9.542883253814426e-09,
                3.347556632433022e-08,
                1.7519604998175965e-08
            ],
            [
                0.3413708519029125,
                0.0022674586449402912,
                0.0006506105688304704,
                0.00202850025739608,
                0.6536825786259208
            ],
            [
                0.0,
                4.570111424684934e-10,
                0.9999999804121676,
                1.562216555417651e-08,
                3.508655727296258e-09
            ],
            [
                0.9999944767805155,
                5.347778746425436e-06,
                7.001485346903304e-09,
                2.688411325878127e-08,
                1.4155513959620418e-07
            ],
            [
                0.9999986171768794,
                1.3797655245867107e-06,
                2.0442206197144735e-09,
                7.199606760453079e-10,
                2.934146755052041e-10
            ]
        ],
        [
            [
                0.9999990869739432,
                8.656200612060888e-07,
                1.7032938718244888e-08,
                1.2589569013469034e-08,
                1.7783487868643177e-08
            ],
            [
                0.06214617285495849,
                0.11472826286119868,
                0.07767208778029135,
                0.003268540744823847,
                0.7421849357587277
            ],
            [
                0.0,
                1.4074081496418624e-10,
                0.9999999958949017,
                2.876644749606685e-09,
                1.0877127166406019e-09
            ],
            [
                0.999832910602551,
                5.2766948141565005e-05,
                1.745926925257001e-07,
                4.387307647429272e-06,
                0.0001097605489674148
            ],
            [
                0.9999419341184269,
                5.745068682252993e-05,
                1.2960688997876248e-07,
                2.507910780722766e-07,
                2.347967826420715e-07
            ]
        ],
        [
            [
                0.9999687531565113,
                3.0970604283237764e-05,
                9.777691504091334e-08,
                1.2465361494383037e-07,
                5.380867541385119e-08
            ],
            [
                0.43909189107072916,
                0.06470784436794237,
                0.010792961723923208,
                0.005526955190607081,
                0.4798803476467983
            ],
            [
                0.0,
                5.402488792402552e-10,
                0.999999970096846,
                1.961668554423474e-08,
                9.746219534452439e-09
            ],
            [
                0.9999817980793849,
                1.7912039716218755e-05,
                2.1172499155063267e-08,
                5.1518133786698464e-08,
                2.1719026583769913e-07
            ],
            [
                0.9999939791118376,
                6.010370909821537e-06,
                5.0801302187702335e-09,
                3.3286708175327127e-09,
                2.1084515335541797e-09
            ]
        ],
        [
            [
                0.9999889146114157,
                1.033125137930965e-05,
                2.0477376228270525e-08,
                1.4275220645371456e-07,
                5.909076223836906e-07
            ],
            [
                0.4999322842636414,
                0.4999322842636414,
                5.5704200779544955e-05,
                6.732929767367394e-05,
                1.2397974264109258e-05
            ],
            [
                0.0,
                8.611230746572127e-10,
                0.9999999830250997,
                1.3832897308292128e-08,
                2.280879903631872e-09
            ],
            [
                0.9973700848521444,
                3.266976668028655e-05,
                3.779476125176339e-07,
                4.565899837268762e-06,
                0.0025923015337255217
            ],
            [
                0.9999068289127184,
                9.294855581122092e-05,
                1.1321787843929287e-07,
                7.971420272906609e-08,
                2.9599389208576557e-08
            ]
        ],
        [
            [
                0.9999996017320336,
                3.7764347874058547e-07,
                7.166604883736264e-09,
                1.0588646766412569e-08,
                2.8692360957185594e-09
            ],
            [
                0.02759111553606568,
                0.9724006663881579,
                3.3065473235236314e-06,
                3.058671788172257e-06,
                1.8528566646927914e-06
            ],
            [
                0.0,
                8.479213788307786e-10,
                0.9999999867366829,
                8.934409971570238e-09,
                3.480985984703918e-09
            ],
            [
                0.9999918075727886,
                7.086899788833691e-06,
                5.104492367055619e-08,
                2.5297365757843695e-07,
                8.015088413690592e-07
            ],
            [
                0.9999372983749666,
                6.265447088126967e-05,
                2.9279943861108593e-08,
                1.2875394286065563e-08,
                4.998813924120724e-09
            ]
        ],
        [
            [
                0.9936700997161604,
                1.9962485149650272e-06,
                2.3007848243304033e-07,
                5.140927631265298e-06,
                0.006322533029210841
            ],
            [
                0.04024420431584083,
                0.20169752523734183,
                0.4272105602112273,
                0.06609077882786549,
                0.26475693140772466
            ],
            [
                0.0,
                2.9286001770098037e-10,
                0.9999999938796011,
                4.278665323865122e-09,
                1.5488734178846034e-09
            ],
            [
                0.999997251044029,
                2.6597526730319023e-06,
                1.2386066612041606e-08,
                2.4870571016936788e-08,
                5.194666031354636e-08
            ],
            [
                2.9811222490768017e-05,
                1.9813258030926443e-06,
                3.9994768483110486e-06,
                9.147855299204603e-05,
                0.9998727294218658
            ]
        ],
        [
            [
                0.9912335512322794,
                6.02765743047527e-05,
                7.914188793776945e-07,
                1.864729272693685e-05,
                0.008686733481809508
            ],
            [
                1.4845510669862062e-05,
                7.986990020423481e-06,
                0.00028824823683988257,
                0.00011485356097313056,
                0.9995740657014968
            ],
            [
                0.0,
                5.107126036605262e-10,
                0.9999999774175331,
                1.8441848798028268e-08,
                3.629905704790183e-09
            ],
            [
                0.9999632985201797,
                3.53404434084428e-05,
                1.7287256698787306e-07,
                2.947841109956036e-07,
                8.933797339036597e-07
            ],
            [
                0.9999951651342396,
                4.742580315998764e-06,
                1.2228603365341848e-08,
                3.870205169111718e-08,
                4.135478927779886e-08
            ]
        ],
        [
            [
                0.999963689170429,
                3.4778542306115695e-05,
                2.6477503664319136e-07,
                3.7708569377782553e-07,
                8.904265345492495e-07
            ],
            [
                0.00022930470732683772,
                0.9997704551032385,
                2.3034523186893797e-07,
                8.923459355024938e-09,
                9.20743568237033e-10
            ],
            [
                0.0,
                2.4605012440740176e-09,
                0.9999999028811618,
                7.628102591769762e-08,
                1.8377311097163546e-08
            ],
            [
                0.9988992755927361,
                0.0011005891833144137,
                5.098449969551652e-08,
                4.43493604719867e-08,
                3.9890089354538816e-08
            ],
            [
                0.9999926953609548,
                7.242696598909501e-06,
                6.195227653362916e-09,
                2.910038886381766e-08,
                2.6646829548314664e-08
            ]
        ],
        [
            [
                0.9999993713671192,
                6.238330127796321e-07,
                2.8079659757142847e-09,
                1.7703439051004082e-09,
                2.2155831938104724e-10
            ],
            [
                0.9865403167867138,
                0.010447586729962911,
                0.0024046114236026496,
                0.00022280192000341615,
                0.0003846831397172739
            ],
            [
                0.0,
                3.5063793583141427e-10,
                0.9999999905605507,
                5.946970417612299e-09,
                3.141841047134716e-09
            ],
            [
                0.9994791736291734,
                0.00048558829383279605,
                1.0307832615681906e-06,
                2.143165681483227e-06,
                3.2064128050806676e-05
            ],
            [
                0.9999868948843088,
                9.115558583701546e-06,
                4.703223116345534e-08,
                1.038465702872988e-06,
                2.904059173607823e-06
            ]
        ],
        [
            [
                0.9999991713157316,
                8.076872860388449e-07,
                4.0486030322641215e-09,
                6.836022931902445e-09,
                1.0112356493294139e-08
            ],
            [
                0.9885580832043914,
                0.00010534570611423765,
                4.88765300480759e-05,
                0.0002465846953795395,
                0.011041109864066765
            ],
            [
                0.0,
                3.6633469027543208e-09,
                0.9999999577525525,
                2.8457905970956847e-08,
                1.0126194812505914e-08
            ],
            [
                0.996671439484119,
                0.0033279729552460648,
                4.5112054187823815e-07,
                1.013802759509011e-07,
                3.505981713656983e-08
            ],
            [
                0.9992604006088139,
                0.0007395259155169521,
                1.0872880924861116e-08,
                4.669008513259812e-08,
                1.5912703047652895e-08
            ]
        ],
        [
            [
                0.9999971226402035,
                2.514615442037179e-06,
                6.377746661374104e-09,
                7.688282180043872e-08,
                2.79483785887643e-07
            ],
            [
                0.9997844510171385,
                0.00021553452612903286,
                8.253827197653046e-09,
                5.1881284498901275e-09,
                1.0147768080243558e-09
            ],
            [
                0.0,
                4.7101194031523196e-11,
                0.99999999882177,
                6.983090716277768e-10,
                4.328198765053121e-10
            ],
            [
                0.999976479541685,
                2.3379108931742984e-05,
                4.817209223330692e-08,
                3.700173960592273e-08,
                5.617555154109867e-08
            ],
            [
                0.999995088883839,
                4.589569961653415e-06,
                8.225055829672382e-08,
                6.927988309594866e-08,
                1.7001575788846744e-07
            ]
        ],
        [
            [
                0.9999796376461336,
                2.0356259654314085e-05,
                2.2853871393521974e-09,
                3.272017922847613e-09,
                5.368069045142061e-10
            ],
            [
                0.9629665948900749,
                0.03699152614999892,
                4.0510523121425074e-05,
                8.695302668206097e-07,
                4.989065381188359e-07
            ],
            [
                0.0,
                2.8070328642144125e-10,
                0.9999999909697243,
                6.4928649710683595e-09,
                2.256707403001228e-09
            ],
            [
                0.026767458891886545,
                3.862362305963082e-06,
                1.030792094885685e-06,
                6.262543335485519e-05,
                0.9731650225203576
            ],
            [
                0.2423564414989819,
                6.54113846222387e-05,
                5.0754066370985124e-06,
                3.7590227248327284e-05,
                0.7575354814825105
            ]
        ],
        [
            [
                0.9626343295892066,
                0.0004901631042101966,
                7.87551966941134e-05,
                0.00033667010406013807,
                0.03646008200582901
            ],
            [
                0.006364515252127855,
                0.9935948235669289,
                3.9664404778777145e-05,
                9.000269776497359e-07,
                9.674918686442367e-08
            ],
            [
                0.0,
                1.7056661247702654e-09,
                0.9999999603573462,
                3.477715950190999e-08,
                3.159828054860833e-09
            ],
            [
                0.9999800199692382,
                1.9578832594733746e-05,
                1.612994668398471e-07,
                1.8413372109737456e-07,
                5.5764979052426575e-08
            ],
            [
                0.999995679695487,
                3.2094430594772075e-06,
                3.930941771407868e-08,
                9.321809298273987e-08,
                9.783339428996463e-07
            ]
        ],
        [
            [
                0.9999660442966793,
                2.2164723338532382e-05,
                5.832685899209341e-07,
                6.09672613261902e-07,
                1.0598038778898035e-05
            ],
            [
                0.9827093565800131,
                0.017157488665474018,
                0.00011770444612432358,
                4.168271471329654e-06,
                1.1282036917177169e-05
            ],
            [
                0.0,
                1.0175755066037387e-09,
                0.9999999784010474,
                1.5350512901398572e-08,
                5.230864020068082e-09
            ],
            [
                0.9998751045456786,
                0.00011968397568221486,
                4.793699655349665e-08,
                9.746034906240953e-07,
                4.188938152112814e-06
            ],
            [
                0.03825090551943517,
                0.9617483325105715,
                3.600369706154833e-07,
                1.5685993291532612e-07,
                2.4507308983796847e-07
            ]
        ],
        [
            [
                0.9832277571669834,
                2.180661222669006e-05,
                1.0649359787333008e-06,
                2.5968404703579743e-05,
                0.01672340288010751
            ],
            [
                0.9999868058393075,
                5.724054539470722e-06,
                4.0428931000664774e-07,
                6.745674641789853e-07,
                6.391249378880802e-06
            ],
            [
                0.0,
                6.407307674416784e-11,
                0.9999999968628279,
                1.7051067112013605e-09,
                1.3679922961169922e-09
            ],
            [
                0.9999911585846194,
                8.789275404104148e-06,
                3.5771208194190633e-09,
                2.881918289511814e-08,
                1.9743672845374635e-08
            ],
            [
                0.9999985507640765,
                1.3803774374298433e-06,
                1.2438766506721655e-08,
                2.4632822419611717e-08,
                3.1786897086185115e-08
            ]
        ],
        [
            [
                0.9996824317581599,
                9.309296796283752e-07,
                3.191471692815428e-08,
                2.8833755729329667e-06,
                0.00031372202187065427
            ],
            [
                0.00010865128200547222,
                1.8615894795988525e-05,
                0.00090242271366936,
                0.007623685280381329,
                0.9913466248291479
            ],
            [
                0.0,
                4.994468100278449e-09,
                0.9999995274807706,
                4.4346251114710075e-07,
                2.4062250152359106e-08
            ],
            [
                0.9999876953249142,
                1.194157521892722e-05,
                1.0589550401938225e-09,
                3.329053186686819e-08,
                3.287503799703758e-07
            ],
            [
                0.9999956088817438,
                2.0370542394043977e-06,
                4.538825932536547e-08,
                1.819062454794632e-07,
                2.126769511954187e-06
            ]
        ],
        [
            [
                0.9999974823181355,
                2.313285057467138e-06,
                1.6037598906466697e-08,
                5.928592269475449e-08,
                1.2907328547398797e-07
            ],
            [
                0.8174543512286848,
                0.1794542144855229,
                0.003069678666521077,
                2.0343237319911035e-05,
                1.4123819512644417e-06
            ],
            [
                0.0,
                5.075664792280316e-09,
                0.9999998423202329,
                1.3625199956538045e-07,
                1.635210273498127e-08
            ],
            [
                0.9999405274496883,
                5.941296874646461e-05,
                3.8856045418195557e-08,
                6.553019460668116e-09,
                1.4172500369156445e-08
            ],
            [
                0.9980285944537884,
                0.0004911614430982036,
                8.244992614543901e-07,
                2.0504473061572888e-05,
                0.0014589151307903825
            ]
        ],
        [
            [
                0.9999993094324217,
                6.55013334861671e-07,
                7.947156577471491e-09,
                1.5873325647260485e-08,
                1.1733761307865294e-08
            ],
            [
                0.8981488015144801,
                0.10180664922753531,
                8.97260061440862e-06,
                1.1153990886468812e-05,
                2.4422666483663256e-05
            ],
            [
                0.0,
                1.5010184112386813e-10,
                0.9999999961613864,
                2.2067361790993766e-09,
                1.4817756229147435e-09
            ],
            [
                0.9999609097967285,
                3.744181948750564e-05,
                4.993411154825366e-07,
                4.993411154825366e-07,
                6.497015531427918e-07
            ],
            [
                0.9999718025415509,
                8.371303216604492e-07,
                5.6086481589083265e-08,
                2.7122595280769256e-07,
                2.7033015693023656e-05
            ]
        ],
        [
            [
                0.9999994043005525,
                5.160932856532635e-07,
