{
    "[['A', 'B', 'C', 'D', 'E'], ['A', 'B', 'C', 'D', 'E']]": [
        [
            [
                0.00038951978263685545,
                0.9995402567124716,
                7.014974287496388e-05,
                6.735732911612913e-08,
                6.404687543076021e-09
            ],
            [
                1.7034595287940544e-06,
                0.9999680059350453,
                3.027201604950779e-05,
                1.704086609851438e-08,
                1.5485100270694914e-09
            ],
            [
                0.0,
                4.2804775135219075e-09,
                0.9999990600160622,
                5.429893896316463e-07,
                3.927140706576413e-07
            ],
            [
                1.2366939659382064e-09,
                5.3425663527185905e-09,
                2.9035411942559537e-08,
                1.2571435552123187e-05,
                0.9999873929497757
            ],
            [
                0.0,
                5.7075229612171695e-11,
                1.4089881221159146e-09,
                2.8909430569405806e-07,
                0.9999997094396309
            ]
        ],
        [
            [
                0.9987697818643455,
                0.0012300720197373366,
                1.438165536943321e-07,
                1.7739033064803995e-09,
                5.254601184499587e-10
            ],
            [
                0.00010568088879038273,
                0.9998935758525533,
                7.406745538677173e-07,
                2.2183118368983563e-09,
                3.6579062557805385e-10
            ],
            [
                0.0,
                2.1866072749596068e-10,
                0.9999999789963008,
                8.390204319714766e-09,
                1.2394834249049327e-08
            ],
            [
                5.440618002176258e-09,
                1.3695124030421303e-08,
                1.1436742607003749e-07,
                4.88353153504331e-06,
                0.9999949829652969
            ],
            [
                0.0,
                1.2304770244497776e-10,
                4.022563293015484e-09,
                2.7282672351840904e-06,
                0.9999972675871539
            ]
        ],
        [
            [
                0.9613783090812476,
                0.038621477416242125,
                2.1012232293762803e-07,
                3.217028822459234e-09,
                1.631585451583553e-10
            ],
            [
                0.009020377395274413,
                0.9909792081602472,
                4.1408559534874086e-07,
                2.556310346000669e-10,
                1.0325197175712068e-10
            ],
            [
                0.0,
                0.0,
                0.9999999935643145,
                5.056330068868624e-09,
                1.3793554921672848e-09
            ],
            [
                0.9958610831351369,
                0.001387731567799075,
                1.135957056076441e-06,
                0.00012385819859842323,
                0.002626191141409528
            ],
            [
                0.0,
                5.883153585337522e-11,
                1.0219148362199034e-09,
                2.3948185810484313e-07,
                0.9999997594373956
            ]
        ],
        [
            [
                0.9995133003959316,
                0.00048659568356724517,
                1.0165678427874051e-07,
                1.8736652324418796e-09,
                3.9005183156641884e-10
            ],
            [
                2.3231275203663372e-06,
                0.999956922972667,
                4.063406586718607e-05,
                1.0843911293935054e-07,
                1.1394832632297024e-08
            ],
            [
                0.0,
                4.1084213594095553e-10,
                0.9999998503431341,
                1.1698213412702648e-07,
                3.2263889648865795e-08
            ],
            [
                0.0,
                9.45008584578808e-10,
                1.7048181830935946e-08,
                1.1650863082005416e-05,
                0.9999883311437275
            ],
            [
                0.0,
                2.4349531948127217e-10,
                1.5016986066186083e-08,
                1.7875946326074825e-05,
                0.9999821087931926
            ]
        ],
        [
            [
                0.999608195909384,
                0.00039168457584006346,
                1.1886672473186527e-07,
                5.441694496466242e-10,
                1.0388171747847896e-10
            ],
            [
                9.085459686545836e-06,
                0.9999900669789134,
                8.439389645754134e-07,
                3.2362546614252545e-09,
                3.861809473584837e-10
            ],
            [
                0.0,
                2.8226130794587796e-10,
                0.9999987477043965,
                1.0958701087873063e-06,
                1.5614323350063207e-07
            ],
            [
                2.031332198771748e-09,
                2.6514545681361063e-09,
                4.542827412111684e-08,
                5.982241476993855e-06,
                0.9999939676474622
            ],
            [
                0.0,
                2.595194810916582e-10,
                7.573978268286693e-09,
                8.047187758177371e-05,
                0.9999195202889205
            ]
        ],
        [
            [
                0.9989764279116888,
                0.0010235448040205864,
                2.5081318696749516e-08,
                1.981485115000244e-09,
                2.2148691146686098e-10
            ],
            [
                1.3037345816821545e-06,
                0.9999963576407572,
                2.333063323382753e-06,
                4.142684657189452e-09,
                1.4186530223800367e-09
            ],
            [
                0.0,
                8.598987021348953e-10,
                0.9999999019256415,
                6.090208709578786e-08,
                3.631237265762213e-08
            ],
            [
                2.1122884399317264e-08,
                1.1650600317646606e-08,
                1.9397086768754694e-07,
                0.0011145914825592153,
                0.9988851817730885
            ],
            [
                0.0,
                1.5369921483224812e-10,
                3.4794127862378253e-09,
                2.5402214931403572e-05,
                0.9999745941519566
            ]
        ],
        [
            [
                0.9666139919962816,
                0.033384694185012956,
                1.2876843871600458e-06,
                2.4540345294576262e-08,
                1.5939729529095887e-09
            ],
            [
                0.0,
                2.491599782856396e-07,
                0.9999996100701051,
                1.2616016208026264e-07,
                1.460975445739939e-08
            ],
            [
                0.0,
                3.471524465164049e-09,
                0.9999998960516513,
                7.334881150763144e-08,
                2.712801282543369e-08
            ],
            [
                0.0,
                2.661801635467847e-09,
                1.7161488404666825e-08,
                1.3034741769771158e-05,
                0.9999869454349402
            ],
            [
                0.0,
                4.7283832165392456e-11,
                6.030672480066584e-10,
                1.7863045864626012e-07,
                0.9999998207191904
            ]
        ],
        [
            [
                0.0007697527091733678,
                0.9992257072263306,
                4.5335049949301896e-06,
                6.109472056088755e-09,
                4.5002882907266193e-10
            ],
            [
                3.291479407273572e-07,
                0.10681821066885192,
                0.8931812472571017,
                2.1292610566771146e-07,
                0.0
            ],
            [
                0.0,
                6.418637277878147e-10,
                0.9999999532667232,
                2.698804758923438e-08,
                1.9103365616878696e-08
            ],
            [
                9.077543070239097e-10,
                2.6842649727813464e-09,
                6.22664777543723e-08,
                3.7312193861417575e-06,
                0.9999962029221168
            ],
            [
                0.0,
                7.21405007029859e-11,
                1.85843549394667e-09,
                5.457851228026257e-07,
                0.9999994522843012
            ]
        ],
        [
            [
                0.9997759575056104,
                0.00022395293103037646,
                8.87639176186238e-08,
                7.230404758832275e-10,
                7.640103593723826e-11
            ],
            [
                5.40319305346916e-07,
                0.9993497014376035,
                0.0006497564769620156,
                1.548962131135814e-09,
                2.1716694658421894e-10
            ],
            [
                0.0,
                1.7703337981685138e-09,
                0.9999936623291,
                5.958191166429614e-06,
                3.7770939969340616e-07
            ],
            [
                5.309034437447398e-09,
                3.57003233455423e-09,
                5.096242904651045e-08,
                5.2829838223831625e-05,
                0.9999471103202803
            ],
            [
                0.0,
                2.70047685974203e-09,
                2.845611467425927e-08,
                2.183135155751173e-05,
                0.9999781374918509
            ]
        ],
        [
            [
                0.99981372085147,
                0.00018618763130802721,
                9.015985193273543e-08,
                1.2598906311795647e-09,
                9.747938734607154e-11
            ],
            [
                1.0262189243294546e-07,
                0.9999881129894926,
                1.1777390063910162e-05,
                5.754357003638978e-09,
                1.2441940396009815e-09
            ],
            [
                0.0,
                6.601099607344368e-10,
                0.9999999669288946,
                2.3402406593637767e-08,
                9.008588925453134e-09
            ],
            [
                0.0,
                5.351762636153584e-10,
                1.1180960415608829e-08,
                2.300353683768184e-06,
                0.9999976879301796
            ],
            [
                0.0,
                5.17445560399064e-11,
                7.27168817034388e-10,
                8.548791066639194e-08,
                0.9999999137331759
            ]
        ],
        [
            [
                0.0006952088016392487,
                0.9993031874220967,
                3.374142051617472e-07,
                9.431661729499889e-07,
                3.231958860397518e-07
            ],
            [
                4.579723190267873e-08,
                0.9999911215705686,
                8.825341638797243e-06,
                5.4094616856203516e-09,
                1.8810988424837635e-09
            ],
            [
                0.0,
                2.5743618340584457e-09,
                0.999999185125667,
                5.498045721685961e-07,
                2.624953988481854e-07
            ],
            [
                5.359029315203747e-07,
                1.0119347638565388e-07,
                5.603080805607757e-07,
                0.00140967883706875,
                0.9985891237584428
            ],
            [
                0.0,
                2.0017043827978492e-10,
                2.1250652906066496e-09,
                6.74592554214825e-07,
                0.9999993230822101
            ]
        ],
        [
            [
                0.9981027811379872,
                0.001895743453854,
                1.447499386059357e-06,
                2.5641503697612966e-08,
                2.2672689135603476e-09
            ],
            [
                0.0,
                1.176511009690498e-07,
                0.9999991276944437,
                5.465732928463123e-07,
                2.0808116250342792e-07
            ],
            [
                0.0,
                2.075648069849743e-09,
                0.9999998727065359,
                7.804813368342875e-08,
                4.716968236932915e-08
            ],
            [
                6.174948502638296e-09,
                1.0737417921327944e-08,
                1.2821303000266348e-07,
                0.00023406159661993283,
                0.9997657932779836
            ],
            [
                0.0,
                3.7891006688850886e-11,
                8.502389244074737e-10,
                3.062225325453444e-07,
                0.9999996928893375
            ]
        ],
        [
            [
                0.9992218686944362,
                0.0007781058826753108,
                2.5209905780480667e-08,
                1.8921561411532186e-10,
                2.3767053429793147e-11
            ],
            [
                4.441581349667865e-06,
                0.9887557616840972,
                0.011239442067578166,
                3.3905571112913465e-07,
                1.5611263976063366e-08
            ],
            [
                0.0,
                6.052150891621217e-10,
                0.9999999625031656,
                2.8129097576317847e-08,
                8.762521804395956e-09
            ],
            [
                5.306128752579774e-09,
                1.1761522961781056e-08,
                8.888369411465486e-08,
                0.0006001238247698952,
                0.9993997702238844
            ],
            [
                0.0,
                5.858353731451653e-10,
                1.3329203517899853e-08,
                1.8192159310847217e-06,
                0.99999816686903
            ]
        ],
        [
            [
                0.0003349949144287819,
                0.9996649211290075,
                7.951769941580399e-08,
                2.6279821145184075e-09,
                1.8108821526418957e-09
            ],
            [
                1.3656179707144827e-08,
                0.0006893908063927434,
                0.9993105596810353,
                2.622660395107293e-08,
                9.629788306711667e-09
            ],
            [
                0.0,
                3.16301222131688e-09,
                0.999999717704869,
                1.9256586090489742e-07,
                8.656625788556681e-08
            ],
            [
                1.1476271818153537e-09,
                6.8546023772536505e-09,
                1.1124850329676273e-07,
                0.00015267166551738524,
                0.9998472090837498
            ],
            [
                0.0,
                4.4557553463860157e-10,
                9.26791046128326e-09,
                1.2601696267452102e-05,
                0.9999873885902466
            ]
        ],
        [
            [
                0.9999866853904585,
                1.3265286209762566e-05,
                4.856269488685011e-08,
                7.209954427848985e-10,
                3.9641401847022904e-11
            ],
            [
                5.311407069231511e-08,
                0.711588627809343,
                0.2884113104630513,
                8.613535163536804e-09,
                0.0
            ],
            [
                0.0,
                2.212863304101348e-10,
                0.9999999278380695,
                2.4138508868722735e-08,
                4.7802135534593417e-08
            ],
            [
                7.129464551232431e-06,
                9.569806173960222e-07,
                6.034228642663651e-06,
                0.19080967459261006,
                0.8091762047335787
            ],
            [
                0.0,
                1.5071605935586978e-10,
                3.482819083442011e-09,
                4.499874814425284e-07,
                0.9999995463789834
            ]
        ],
        [
            [
                0.9915296188481649,
                0.008470293395598186,
                8.615938684221642e-08,
                1.4201203341940916e-09,
                1.767296622808584e-10
            ],
            [
                1.2549292234247904e-08,
                0.00026463709951753405,
                0.9997353354013915,
                1.4949798741603445e-08,
                0.0
            ],
            [
                0.0,
                9.543733904812072e-10,
                0.999999522230351,
                3.3707904457949836e-07,
                1.3973623104420153e-07
            ],
            [
                0.000203067670164974,
                1.3925505327071902e-05,
                1.5392021557782978e-05,
                0.006732933259616286,
                0.993034681543334
            ],
            [
                0.0,
                2.0198758284510529e-10,
                4.2759814675399815e-09,
                1.8529451096523796e-06,
                0.9999981425769213
            ]
        ],
        [
            [
                0.999989897884945,
                1.0075916565697147e-05,
                2.558625156554856e-08,
                5.447832358442484e-10,
                6.745455004683104e-11
            ],
            [
                0.0,
                3.104327188570964e-08,
                0.9999999008382237,
                3.8364191041930225e-08,
                2.9754313377086326e-08
            ],
            [
                0.0,
                3.886358543565989e-09,
                0.9999996457312155,
                2.5590778461604603e-07,
                9.447464136062871e-08
            ],
            [
                2.8231220796229324e-08,
                9.317667244084617e-08,
                1.2494062025290639e-06,
                0.0002457458723738789,
                0.9997528833135304
            ],
            [
                0.0,
                9.108096426909041e-11,
                6.045966594323792e-10,
                1.2470741806905278e-06,
                0.9999987522301417
            ]
        ],
        [
            [
                0.9998789106523851,
                0.00012107421689410715,
                1.4402935611446078e-08,
                6.903604985085757e-10,
                3.74247844286247e-11
            ],
            [
                0.0,
                8.983864531778169e-05,
                0.9999101357856562,
                1.6350637859454578e-08,
                9.218388119790149e-09
            ],
            [
                0.0,
                4.6241673826832473e-10,
                0.9999999191049597,
                4.108832835564209e-08,
                3.9344295323988093e-08
            ],
            [
                2.933146374154272e-09,
                4.9425173292401605e-09,
                1.0985514386774073e-07,
                5.7031766827833135e-05,
                0.9999428505023645
            ],
            [
                0.0,
                1.3817035654382645e-10,
                1.3173153654920441e-09,
                8.354769294674985e-07,
                0.999999163067585
            ]
        ],
        [
            [
                0.9991529303719163,
                0.0008468810931183227,
                1.8816571323470448e-07,
                3.303180920178517e-10,
                3.893403083900454e-11
            ],
            [
                2.253602098300932e-05,
                0.9999604103216554,
                1.7035887970892825e-05,
                1.6948420149587397e-08,
                8.209703298992881e-10
            ],
            [
                0.0,
                3.1458165655288063e-09,
                0.999999488464802,
                3.5435610529802876e-07,
                1.5403327602673287e-07
            ],
            [
                2.8387571408361183e-06,
                1.1139018659132715e-06,
                3.506171051570935e-07,
                0.00025983456500093646,
                0.9997358621588872
            ],
            [
                0.0,
                1.7378144025775033e-10,
                3.288159116834081e-09,
                9.735886216466938e-06,
                0.9999902606518429
            ]
        ],
        [
            [
                0.9978600177831721,
                0.0021397860671377037,
                1.9520195565241627e-07,
                8.194684765766766e-10,
                1.2826603722611429e-10
            ],
            [
                0.29046651797395906,
                0.7095148680393797,
                1.8576418108884225e-05,
                3.529801587279717e-08,
                2.2705363953796826e-09
            ],
            [
                0.0,
                5.856714535632496e-09,
                0.9999993863901248,
                4.668218128796659e-07,
                1.4093134777210652e-07
            ],
            [
                1.390014827433706e-07,
                4.044606710273708e-08,
                9.159363289744509e-08,
                7.251719488371203e-05,
                0.9999272117639336
            ],
            [
                0.0,
                2.0408224818076007e-10,
                7.931650268397028e-09,
                0.00038413676880146296,
                0.999615855095466
            ]
        ],
        [
            [
                0.1642573051123445,
                0.8357424693784646,
                2.2482718190128377e-07,
                6.091468656250924e-10,
                7.286192434086958e-11
            ],
            [
                4.2714904711572524e-07,
                0.9999744687936366,
                2.5092916246282207e-05,
                9.915045644585124e-09,
                1.2260242871736882e-09
            ],
            [
                0.0,
                0.0,
                0.9999826419908862,
                1.683583929371125e-05,
                5.221698201013997e-07
            ],
            [
                1.6744256937927705e-08,
                1.1759347120587956e-08,
                5.7929137204232583e-08,
                0.0010246484536431274,
                0.9989752651136156
            ],
            [
                0.0,
                5.34770192690542e-10,
                1.1805957836568104e-08,
                2.1048584640929666e-06,
                0.9999978828008078
            ]
        ],
        [
            [
                0.0948969896320109,
                0.9051029180364881,
                8.645569759352116e-08,
                5.447170024519863e-09,
                4.2863331578706445e-10
            ],
            [
                1.0600797235078679e-07,
                0.9897948861403857,
                0.010204946141502752,
                5.800100021648256e-08,
                3.7091389605057066e-09
            ],
            [
                0.0,
                7.094695103870241e-10,
                0.9999998119393433,
                1.3457833685222468e-07,
                5.277285045052843e-08
            ],
            [
                2.9595009882279287e-10,
                1.5960812245067387e-09,
                4.484637867923813e-08,
                4.632585636126165e-06,
                0.9999953206759539
            ],
            [
                0.0,
                3.806959218611137e-10,
                7.963741291235808e-09,
                3.063639125490314e-05,
                0.9999693552643079
            ]
        ],
        [
            [
                0.6403158370503043,
                0.35968372362641154,
                4.3258280417900716e-07,
                5.701065725840706e-09,
                1.0394141916570954e-09
            ],
            [
                5.245436586107748e-05,
                0.9999471806882718,
                3.620471156230658e-07,
                2.7836549370094824e-09,
                1.1509651241347966e-10
            ],
            [
                0.0,
                4.726881957925127e-09,
                0.9999998997579312,
                6.684933952477088e-08,
                2.8665847251596953e-08
            ],
            [
                0.0,
                1.080094472757465e-09,
                1.6759722204740734e-08,
                0.00010260002984702237,
                0.9998973821303363
            ],
            [
                0.0,
                4.435317966872769e-11,
                6.155929886311411e-10,
                4.018909079363687e-07,
                0.9999995974491459
            ]
        ],
        [
            [
                0.1869684345888858,
                0.8130311611804247,
                4.0043293729395067e-07,
                3.0948074152529938e-09,
                7.029448426684587e-10
            ],
            [
                1.7023567944996037e-06,
                0.9962463371128522,
                0.0037517362710051787,
                2.040395254104104e-07,
                2.0219822819227514e-08
            ],
            [
                0.0,
                2.79506180681125e-09,
                0.9999997072664628,
                2.2189171857465822e-07,
                6.804675691257611e-08
            ],
            [
                1.219910340269568e-09,
                4.1418547612314716e-09,
                6.348488361809166e-08,
                2.9518443531093693e-05,
                0.9999704127098201
            ],
            [
                0.0,
                1.33165360026937e-10,
                3.6497263661356042e-09,
                1.0467252962031155e-06,
                0.999998949491812
            ]
        ],
        [
            [
                0.0017992919495413043,
                0.9981953882785377,
                5.3132567047641475e-06,
                4.5017245741886945e-09,
                2.0134916148743857e-09
            ],
            [
                0.0,
                9.458334057805596e-07,
                0.9999985516900727,
                3.8607926549733366e-07,
                1.163972561272957e-07
            ],
            [
                0.0,
                5.76639851360337e-09,
                0.999999744989106,
                2.0153089765428542e-07,
                4.771359785733793e-08
            ],
            [
                5.538802124781008e-08,
                4.383024222009114e-08,
                4.4001643473214465e-07,
                0.0005197609576105062,
                0.9994796998076914
            ],
            [
                0.0,
                1.331656160130735e-10,
                1.7670548415586309e-09,
                5.568035282406447e-07,
                0.9999994412962513
            ]
        ],
        [
            [
                3.1623626220057007e-06,
                6.505011036029474e-06,
                0.9999776901479694,
                1.172993132091976e-05,
                9.125470516226795e-07
            ],
            [
                1.3223230904603564e-08,
                0.9932381185838477,
                0.006761864620123364,
                3.007782755791861e-09,
                5.650152212976348e-10
            ],
            [
                0.0,
                1.1194510513145222e-08,
                0.9999998238748091,
                1.1851514504175576e-07,
                4.641553544185514e-08
            ],
            [
                1.495881159258513e-08,
                4.259375818942131e-09,
                1.2799831414787742e-08,
                0.00011976309744945097,
                0.9998802048845318
            ],
            [
                0.0,
                1.1105603534468725e-10,
                1.5928544846325519e-09,
                1.5915510542203796e-06,
                0.9999984067450353
            ]
        ],
        [
            [
                0.10241817452779371,
                0.8560692940023981,
                0.04151072265038148,
                1.6646496976471549e-06,
                1.4416972921526122e-07
            ],
            [
                0.0,
                5.306066632696752e-06,
                0.9999943846904797,
                2.61429162797498e-07,
                4.781372475887934e-08
            ],
            [
                0.0,
                4.89801580604067e-09,
                0.9999997638860466,
                1.9683522235545228e-07,
                3.438071526636678e-08
            ],
            [
                4.2766481057649533e-10,
                2.510777695692404e-09,
                5.388077455179422e-08,
                1.4320533004033608e-05,
                0.9999856226477789
            ],
            [
                0.0,
                3.260880885166115e-11,
                3.9788752948249923e-10,
                5.481911486500391e-08,
                0.9999999447503888
            ]
        ],
        [
            [
                0.9994545315770996,
                0.0005454617387046896,
                6.39315337828333e-09,
                2.63569111075514e-10,
                2.7473096487658886e-11
            ],
            [
                4.098594888537414e-08,
                0.9995726237374476,
                0.0004273242169096754,
                9.848041193251668e-09,
                1.2116526434791955e-09
            ],
            [
                0.0,
                3.671634627545677e-10,
                0.99999992087203,
                7.026238526728669e-08,
                8.49842123765373e-09
            ],
            [
                5.553395099923659e-10,
                1.985468810592444e-09,
                4.4344535032658836e-08,
                8.335752053415344e-06,
                0.9999916173626031
            ],
            [
                0.0,
                7.354832518493976e-11,
                2.5332947802930335e-09,
                6.013707133372709e-06,
                0.9999939836860237
            ]
        ],
        [
            [
                0.02675970674731196,
                0.9732393152389851,
                9.718004949708186e-07,
                3.7038861502588117e-09,
                2.5093220441837383e-09
            ],
            [
                0.2811417844060707,
                0.7188565767676903,
                1.6372748028781886e-06,
                1.2307991353733764e-09,
                3.206367945537118e-10
            ],
            [
                0.0,
                1.339226895068375e-09,
                0.999999633498467,
                2.3433618491525935e-07,
                1.3082612119952179e-07
            ],
            [
                7.775637680889131e-10,
                1.7555688433120163e-09,
                2.4044356763281335e-08,
                5.365303275428474e-05,
                0.9999463203897564
            ],
            [
                0.0,
                4.1276867864139236e-11,
                6.912723088745424e-10,
                3.173089929350733e-06,
                0.9999968261775214
            ]
        ],
        [
            [
                0.9999975729421661,
                2.3877660754489174e-06,
                3.907476824255956e-08,
                1.7798127451341075e-10,
                3.9008954795600233e-11
            ],
            [
                2.5459694116122227e-05,
                0.9999384721263096,
                3.60581999555602e-05,
                8.95732539486723e-09,
                1.022293026830572e-09
            ],
            [
                0.0,
                2.4346513111181016e-10,
                0.9999999809019654,
                1.2215687700346441e-08,
                6.6388818433583554e-09
            ],
            [
                7.138326367534038e-05,
                1.5924599871037604e-05,
                3.932783585600308e-06,
                0.009518731141118049,
                0.9903900282117499
            ],
            [
                0.0,
                7.908890575304012e-11,
                1.3768504489947243e-09,
                6.457382735809085e-07,
                0.9999993528057871
            ]
        ],
        [
            [
                0.9006964035743656,
                0.09930339194142832,
                2.0128216385719295e-07,
                2.8003978914331833e-09,
                4.016443300154819e-10
            ],
            [
                3.786447702785227e-08,
                0.9986763855203937,
                0.0013235641398432812,
                1.2475285991129326e-08,
                0.0
            ],
            [
                0.0,
                4.703456403839548e-08,
                0.9999989443502466,
                8.06908926981183e-07,
                2.0170626242009715e-07
            ],
            [
                0.0,
                1.0379551774792272e-11,
                2.121014860768724e-10,
                1.8725882170945723e-07,
                0.9999998125186973
            ],
            [
                0.0,
                7.41149981463584e-11,
                2.1724120648087798e-09,
                5.802720138417488e-07,
                0.999999417481459
            ]
        ],
        [
            [
                0.9997620393517218,
                0.00023793217779595493,
                2.7977993848542193e-08,
                4.5770293499872545e-10,
                3.4785534404840704e-11
            ],
            [
                0.0,
                3.328439700419163e-05,
                0.999966616632811,
                6.921689010630606e-08,
                2.9753294670012117e-08
            ],
            [
                0.0,
                3.991333751947391e-10,
                0.9999994628900032,
                4.770807466366351e-07,
                5.963011685650273e-08
            ],
            [
                4.6443167474684375e-08,
                5.07704242628607e-08,
                1.0789090832289405e-06,
                0.00014724763692854176,
                0.9998515762403964
            ],
            [
                0.0,
                3.5342154952754915e-11,
                4.3915725265021737e-10,
                4.4118105520324185e-06,
                0.9999955877149486
            ]
        ],
        [
            [
                0.999992309083927,
                7.603619625621307e-06,
                8.62478469440751e-08,
                9.799975071989594e-10,
                6.8602982345528e-11
            ],
            [
                6.80494441066469e-07,
                0.9999910043649752,
                8.274685335064563e-06,
                3.471135346589861e-08,
                5.743895324788445e-09
            ],
            [
                0.0,
                3.6703884245083344e-10,
                0.9999997192116502,
                2.0908388946368412e-07,
                7.13374214412429e-08
            ],
            [
                3.930184454394899e-08,
                2.3672079625314477e-08,
                2.7943393566913595e-07,
                0.030188037939162277,
                0.9698116196529779
            ],
            [
                0.0,
                2.0016738709642069e-10,
                5.373337262285033e-09,
                1.4841504468284065e-05,
                0.999985152922027
            ]
        ],
        [
            [
                0.5645884831522497,
                0.4354114205360784,
                9.478725415864837e-08,
                1.3968398917301833e-09,
                1.275777345707056e-10
            ],
            [
                3.0726687220127415e-07,
                0.9144025657233753,
                0.08559705963569261,
                5.732384955434436e-08,
                1.0050210305937966e-08
            ],
            [
                0.0,
                2.8281004613806622e-09,
                0.9999998222760791,
                1.2836008205455546e-07,
                4.6535738249236913e-08
            ],
            [
                1.5807627003590062e-06,
                2.4629276664808144e-06,
                2.0009287133360353e-05,
                0.002498626835508872,
                0.9974773201869909
            ],
            [
                0.0,
                1.0596172220740442e-10,
                2.4206226545899643e-09,
                1.6216691659709933e-05,
                0.999983780781756
            ]
        ],
        [
            [
                0.01532168253545256,
                0.9846779622924396,
                3.538897477948579e-07,
                9.486131903827866e-10,
                3.3374676336498433e-10
            ],
            [
                3.156595386759671e-08,
                0.00012208400396058057,
                0.9998778134385142,
                7.099157128251992e-08,
                0.0
            ],
            [
                0.0,
                1.1341875958964009e-09,
                0.9999999500275567,
                3.5038957700657994e-08,
                1.3799297922459852e-08
            ],
            [
                0.0,
                1.1039296457451778e-09,
                4.755786971651833e-08,
                7.716832431856712e-05,
                0.999922783013882
            ],
            [
                0.0,
                1.001923188524782e-10,
                2.1724120518705174e-09,
                3.477830650472933e-07,
                0.9999996499443305
            ]
        ],
        [
            [
                0.9861878848744852,
                0.013811743231214356,
                3.654473763269937e-07,
                5.807757782224363e-09,
                6.391662862813422e-10
            ],
            [
                9.778274737918715e-05,
                0.9998997972843748,
                2.41733192519827e-06,
                2.452802440519225e-09,
                1.8351825688149084e-10
            ],
            [
                0.0,
                1.5049774042033504e-10,
                0.9999998942020348,
                6.818498900138069e-08,
                3.746247837822151e-08
            ],
            [
                1.188007127702206e-06,
                3.9457607643782576e-07,
                1.958578679254619e-06,
                0.0014341012533316108,
                0.998562357584785
            ],
            [
                0.0,
                9.446494844126105e-11,
                1.9505791163415017e-09,
                2.127818365487572e-06,
                0.9999978701365905
            ]
        ],
        [
            [
                0.10216098115541679,
                0.8978389656453265,
                5.12242798229348e-08,
                1.4865256241885498e-09,
                4.88451351734482e-10
            ],
            [
                6.02563162352941e-08,
                0.0003901365869973701,
                0.999609678220632,
                1.249360544202143e-07,
                0.0
            ],
            [
                0.0,
                1.2107338886057443e-08,
                0.5202419817929628,
                0.4796886572300579,
                6.934886964045962e-05
            ],
            [
                0.0006162903403443288,
                3.8107681542148394e-05,
                1.1715183474655252e-05,
                0.017295940159652676,
                0.9820379466349861
            ],
            [
                0.0,
                2.6749768061314014e-10,
                6.537339237675068e-09,
                9.69787328152312e-06,
                0.9999902953218816
            ]
        ],
        [
            [
