{
    "[['A', 'B', 'C', 'D', 'E'], ['A', 'B', 'C', 'D', 'E']]": [
        [
            [
                0.9954029241339675,
                0.004597074324841956,
                1.5249447052635117e-09,
                1.570603596092165e-11,
                5.400162667533356e-13
            ],
            [
                2.0262708157209816e-07,
                0.9999997906411617,
                6.701207280831398e-09,
                2.9060964718774343e-11,
                1.4885208738280492e-12
            ],
            [
                0.0,
                2.667393040050853e-12,
                0.9999999998985174,
                4.2037705623647256e-11,
                5.6777511185146493e-11
            ],
            [
                0.0,
                2.274821270401561e-11,
                2.580717305510029e-10,
                6.74637590978394e-07,
                0.9999993250815891
            ],
            [
                0.0,
                2.5839667431599272e-11,
                5.669389170278165e-10,
                8.97039261903034e-08,
                0.9999999097032952
            ]
        ],
        [
            [
                0.9999159584397241,
                8.40386728711396e-05,
                2.760307119645379e-09,
                1.2417017246490915e-10,
                2.9275472649548568e-12
            ],
            [
                2.7727338376335174e-07,
                0.9999997222973263,
                4.2287182822541024e-10,
                6.001061987007099e-12,
                4.172229754801047e-13
            ],
            [
                0.0,
                0.0,
                0.9999999998941125,
                6.311317239583198e-11,
                4.277437035890947e-11
            ],
            [
                0.0,
                3.566006641000897e-11,
                1.945696611249653e-09,
                1.9959611355130044e-06,
                0.9999980020575078
            ],
            [
                0.0,
                7.054884309908355e-11,
                1.7964812540990724e-09,
                6.943294284635207e-06,
                0.9999930548386853
            ]
        ],
        [
            [
                0.3016705396765053,
                0.6983294565607302,
                3.6751747013284422e-09,
                8.43190737490194e-11,
                3.2707275669317873e-12
            ],
            [
                3.059873679911618e-08,
                0.9999998997821536,
                6.954308082013726e-08,
                6.511386844532632e-11,
                1.0914794776970807e-11
            ],
            [
                0.0,
                0.0,
                0.9999999999064784,
                5.373044543931698e-11,
                3.97913152751248e-11
            ],
            [
                0.0,
                1.3755367156231323e-11,
                3.645863050052778e-10,
                2.7145043528720934e-06,
                0.9999972851173055
            ],
            [
                0.0,
                6.381755986800376e-11,
                7.679891288503418e-10,
                0.00047085419193941444,
                0.9995291449762539
            ]
        ],
        [
            [
                0.05965378455007655,
                0.940346212864773,
                2.5137963359932082e-09,
                6.759544609949962e-11,
                3.758478601284959e-12
            ],
            [
                5.164071029974002e-08,
                0.9999999433683356,
                4.924835464112558e-09,
                6.290825631790541e-11,
                3.2103607145070468e-12
            ],
            [
                0.0,
                3.5337823058706523e-12,
                0.9999999998981886,
                3.2127514973132776e-11,
                6.615011125174176e-11
            ],
            [
                0.0,
                5.556761723148455e-11,
                5.193828461279778e-10,
                3.239866506831255e-06,
                0.9999967595585426
            ],
            [
                0.0,
                2.7050415740446783e-11,
                1.5498980517166465e-10,
                5.077495205054206e-07,
                0.9999994920684392
            ]
        ],
        [
            [
                0.9999636748418869,
                3.632177990781986e-05,
                3.3428526370255856e-09,
                3.397298843409322e-11,
                1.3796297149924407e-12
            ],
            [
                6.330448215339587e-06,
                0.9999936691822428,
                3.611775147812436e-10,
                8.013921173602827e-12,
                3.5066147663877246e-13
            ],
            [
                0.0,
                3.183907707078593e-12,
                0.9999999998799782,
                7.061050125513558e-11,
                4.622754435384264e-11
            ],
            [
                0.0,
                3.6289312247849794e-12,
                3.418847558025657e-11,
                8.131480102147176e-08,
                0.9999999186473816
            ],
            [
                0.0,
                9.504889445643674e-11,
                3.5964659758570107e-10,
                1.583234661948666e-07,
                0.9999998412218384
            ]
        ],
        [
            [
                0.9930888310867192,
                0.006911165722184454,
                3.084006381619481e-09,
                1.058908127408088e-10,
                1.1990226619843656e-12
            ],
            [
                2.5017916722724346e-08,
                0.9999999536130301,
                2.1298340920406034e-08,
                6.868716323586023e-11,
                2.025081294482884e-12
            ],
            [
                0.0,
                1.5065181078878837e-12,
                0.9999999999062108,
                3.976263696029256e-11,
                5.252002934985456e-11
            ],
            [
                0.0,
                3.6212304885606003e-11,
                1.0338287449853436e-09,
                3.79264954062993e-06,
                0.9999962062804183
            ],
            [
                0.0,
                4.86537530223568e-11,
                1.9067681110534328e-09,
                3.5078111553634763e-06,
                0.9999964902334229
            ]
        ],
        [
            [
                0.9999968445559224,
                3.153977096022445e-06,
                1.3797606437057188e-09,
                8.653689452955013e-11,
                6.8385516065029e-13
            ],
            [
                2.1943629492446413e-07,
                0.9999997519426123,
                2.857179472055019e-08,
                4.4235831545376e-11,
                5.062305256463468e-12
            ],
            [
                0.0,
                3.3277450732358304e-12,
                0.9999999997953062,
                1.2753467494348954e-10,
                7.383140118855708e-11
            ],
            [
                0.0,
                1.4845323199870298e-11,
                2.531772104317017e-10,
                2.839138695752806e-06,
                0.9999971605932817
            ],
            [
                0.0,
                4.593959353076201e-11,
                6.270165294109048e-10,
                4.166824996133098e-06,
                0.9999958325020478
            ]
        ],
        [
            [
                0.9999009394428198,
                9.905953720850271e-05,
                9.6701294649127e-10,
                5.160794396909458e-11,
                1.3509261650303982e-12
            ],
            [
                8.185601626322599e-08,
                0.9999999103712226,
                7.736778917874834e-09,
                3.293648034021164e-11,
                3.0457589161007066e-12
            ],
            [
                0.0,
                0.0,
                0.9999999998585303,
                8.585134562975371e-11,
                5.5618409320012634e-11
            ],
            [
                0.0,
                1.1564156415701661e-10,
                7.243904159814718e-10,
                0.0003083581497822379,
                0.9996916410101858
            ],
            [
                0.0,
                1.46765966376524e-11,
                2.91699361457871e-10,
                1.1497881588908525e-06,
                0.9999988499054652
            ]
        ],
        [
            [
                0.9996601096538206,
                0.0003398897060330645,
                6.27612371529402e-10,
                1.2230939721231016e-11,
                3.031285815459944e-13
            ],
            [
                1.0859890973899554e-07,
                0.9999998889866754,
                2.36827272147585e-09,
                4.326875944132047e-11,
                2.8734872385950443e-12
            ],
            [
                0.0,
                2.102841580557839e-12,
                0.9999999998635674,
                6.940754454167027e-11,
                6.492239243808734e-11
            ],
            [
                0.0,
                1.2334535288028136e-11,
                8.840288195163269e-11,
                7.445952722853994e-07,
                0.9999992553039901
            ],
            [
                0.0,
                2.8981143933300506e-11,
                1.4233037912514028e-09,
                2.7436655185919298e-05,
                0.9999725618925293
            ]
        ],
        [
            [
                0.9999882769912168,
                1.172141979235323e-05,
                1.5603634596302044e-09,
                2.816717321800366e-11,
                4.5999254547152e-13
            ],
            [
                5.375874806429791e-07,
                0.9999994611506343,
                1.2491995106429938e-09,
                1.1862890096561293e-11,
                8.22710664674026e-13
            ],
            [
                0.0,
                2.2366280654360453e-12,
                0.9999999998997915,
                5.2256633371423454e-11,
                4.571521526829162e-11
            ],
            [
                0.0,
                4.599368988904605e-11,
                4.5019197464392944e-10,
                2.2323985363868368e-06,
                0.999997767105278
            ],
            [
                0.0,
                3.8171654755204294e-11,
                6.244361944514783e-10,
                5.328537583586511e-07,
                0.9999994664836338
            ]
        ],
        [
            [
                0.9955308996672092,
                0.004469097833328724,
                2.4670096252178116e-09,
                3.177733178126208e-11,
                6.750029732488597e-13
            ],
            [
                1.1763133176426077e-07,
                0.9999998814621842,
                8.925872073864564e-10,
                1.2647818372732258e-11,
                1.2489974062023767e-12
            ],
            [
                0.0,
                1.540042471958976e-12,
                0.9999999999162996,
                4.336674880297251e-11,
                3.879355946280472e-11
            ],
            [
                0.0,
                1.8411034562928615e-11,
                1.4050372098892224e-10,
                6.577676764191161e-07,
                0.9999993420734088
            ],
            [
                0.0,
                1.5306721950310797e-11,
                2.1548186025169597e-10,
                3.940107442600699e-06,
                0.9999960596617687
            ]
        ],
        [
            [
                0.999751968197131,
                0.0002480283167862221,
                3.2431569498560152e-09,
                2.421526493520926e-10,
                7.729299522017363e-13
            ],
            [
                2.1080566088133413e-06,
                0.9999978909702109,
                9.674372919026013e-10,
                5.2264682728557155e-12,
                5.166127217268134e-13
            ],
            [
                0.0,
                0.0,
                0.9999999998866687,
                5.492809303696844e-11,
                5.84032176223545e-11
            ],
            [
                0.0,
                4.099245755869745e-11,
                4.9922370494116e-10,
                4.8585303591057705e-06,
                0.9999951409294248
            ],
            [
                0.0,
                4.9995047776779986e-11,
                5.272299792870362e-10,
                4.074957357616636e-06,
                0.9999959244654174
            ]
        ],
        [
            [
                0.9970533419038847,
                0.0029466565992141204,
                1.4636662203680332e-09,
                3.2658168287181246e-11,
                5.767772603568977e-13
            ],
            [
                8.592646515222644e-07,
                0.9999991308415206,
                9.878310860657789e-09,
                1.4136085922732891e-11,
                1.380932795919329e-12
            ],
            [
                0.0,
                1.6791204400148171e-12,
                0.9999999998575655,
                8.580796325596956e-11,
                5.4947478354599216e-11
            ],
            [
                0.0,
                7.318770737805436e-11,
                2.031541295111389e-09,
                0.0005690626831011729,
                0.9994309352121697
            ],
            [
                0.0,
                5.889822605912294e-11,
                2.2415929030774892e-10,
                3.2484085968090473e-06,
                0.9999967513083458
            ]
        ],
        [
            [
                0.0001262236623602205,
                0.9998737699752679,
                6.346427202178186e-09,
                1.4588764885862113e-11,
                1.3558773157782898e-12
            ],
            [
                3.9066889099783556e-07,
                0.999999606584237,
                2.7157403331263697e-09,
                3.0058181300710837e-11,
                1.0733116441214351e-12
            ],
            [
                0.0,
                1.0035636646744375e-11,
                0.9999999995595572,
                2.473765222168279e-10,
                1.8303062164278644e-10
            ],
            [
                0.0,
                3.2637307794789925e-11,
                3.4002758754111e-10,
                1.9826422033933272e-05,
                0.9999801732053012
            ],
            [
                0.0,
                4.0582477796947535e-11,
                3.086806077569658e-10,
                3.1768431411908995e-05,
                0.999968231219325
            ]
        ],
        [
            [
                0.01000858122254662,
                0.9899914145269619,
                4.1873778394362594e-09,
                5.960671044925292e-11,
                3.50685065350229e-12
            ],
            [
                6.755714469613607e-08,
                0.99999992488276,
                7.552974190057398e-09,
                6.460637768417839e-12,
                6.604162857059071e-13
            ],
            [
                0.0,
                0.0,
                0.9999999998217466,
                9.43372873497557e-11,
                8.391620346821997e-11
            ],
            [
                0.0,
                5.727567090592777e-11,
                5.216782674070555e-10,
                7.303477788435082e-06,
                0.9999926959432576
            ],
            [
                0.0,
                1.5674284016829203e-11,
                2.0324704845778344e-10,
                9.50582476135769e-07,
                0.9999990491986025
            ]
        ],
        [
            [
                0.9899853113117353,
                0.01001468682667879,
                1.8159145804658647e-09,
                4.489971718548921e-11,
                7.715630467031707e-13
            ],
            [
                4.6580654892645386e-07,
                0.9999995330848831,
                1.0960932327519517e-09,
                1.2217603423304588e-11,
                2.571421946728655e-13
            ],
            [
                0.0,
                1.1928779561076974e-11,
                0.9999999994029696,
                3.402689469271526e-10,
                2.448328260487446e-10
            ],
            [
                0.0,
                1.1787983848734388e-11,
                8.734746665815527e-11,
                2.2983067480208466e-07,
                0.9999997700701897
            ],
            [
                0.0,
                4.6523002514295456e-10,
                8.190126147958676e-09,
                0.848454591580565,
                0.1515453997640787
            ]
        ],
        [
            [
                0.44131085245451623,
                0.5586891110243557,
                3.629824875187417e-08,
                2.1810052165316793e-10,
                4.778818932561796e-12
            ],
            [
                2.6558934101808095e-07,
                0.9999997162537311,
                1.8136067452149525e-08,
                1.8685347639069794e-11,
                2.1752653971073095e-12
            ],
            [
                0.0,
                1.1142702312127023e-12,
                0.9999999999412252,
                2.8510073751090815e-11,
                2.915045355282013e-11
            ],
            [
                0.0,
                4.784539321702089e-11,
                1.6469599049841355e-09,
                2.9814149201639324e-05,
                0.999970184155993
            ],
            [
                0.0,
                6.637748676626653e-11,
                1.5518779270679705e-09,
                9.352607668993233e-05,
                0.9999064723050547
            ]
        ],
        [
            [
                0.9887864150499952,
                0.011213580199174754,
                4.689327510718017e-09,
                6.0367797554216e-11,
                1.1348415366214695e-12
            ],
            [
                1.1024609733079707e-05,
                0.9999889750333649,
                3.4516754569114025e-10,
                1.1375900567069401e-11,
                3.58281498296549e-13
            ],
            [
                0.0,
                2.6134122316795274e-12,
                0.999999999886438,
                4.1574190367793516e-11,
                6.937432401528175e-11
            ],
            [
                0.0,
                1.5544327629174107e-11,
                2.552018260012666e-10,
                2.674228627521269e-05,
                0.9999732574429787
            ],
            [
                0.0,
                1.2472887468705345e-11,
                1.322662248727197e-10,
                7.082578573726083e-07,
                0.9999992915974035
            ]
        ],
        [
            [
                0.0008254241769273923,
                0.9991745750484504,
                7.612513902841108e-10,
                1.2756867511624682e-11,
                6.138884248326854e-13
            ],
            [
                2.2202294286314953e-07,
                0.999999762449108,
                1.547164654184044e-08,
                5.3842473216909773e-11,
                2.4600281781675077e-12
            ],
            [
                0.0,
                1.3272805759494809e-12,
                0.9999999998896862,
                3.5604811085564703e-11,
                7.338158264892255e-11
            ],
            [
                0.0,
                8.914365939493528e-11,
                5.994227259296658e-10,
                4.441242363521413e-06,
                0.99999555806907
            ],
            [
                0.0,
                3.0187628166422234e-11,
                3.954536138269695e-10,
                3.6949820123408524e-05,
                0.9999630497542353
            ]
        ],
        [
            [
                0.67665577900445,
                0.3233442162981558,
                4.642835405618936e-09,
                5.295305483543824e-11,
                1.6057125234783597e-12
            ],
            [
                3.028703192557322e-07,
                0.999999658301403,
                3.8774533813499086e-08,
                4.845261239911439e-11,
                5.2912945953024886e-12
            ],
            [
                0.0,
                0.0,
                0.9999999997567857,
                9.075080029944979e-11,
                1.524635661025768e-10
            ],
            [
                0.0,
                3.47822800645624e-11,
                3.587566170425368e-10,
                1.1620900792146082e-05,
                0.9999883787056688
            ],
            [
                0.0,
                5.146727521484654e-11,
                1.1862245069672224e-09,
                4.949291388020616e-05,
                0.9999505058484279
            ]
        ],
        [
            [
                0.6259969145329446,
                0.3740030814632693,
                3.856629298046837e-09,
                1.4498229728701924e-10,
                2.1746679926078497e-12
            ],
            [
                5.046045588747807e-07,
                0.9999994949285855,
                4.606060636162939e-10,
                6.000375325563299e-12,
                2.493715007816587e-13
            ],
            [
                0.0,
                6.34317416654774e-12,
                0.9999999996033269,
                2.1522760327447423e-10,
                1.7510233195677317e-10
            ],
            [
                0.0,
                1.6986915826676605e-10,
                3.834485879509299e-09,
                1.3080966638411778e-05,
                0.9999869150290066
            ],
            [
                0.0,
                2.955240854433002e-11,
                3.171806617322145e-10,
                0.00031446099152548294,
                0.9996855386617415
            ]
        ],
        [
            [
                0.9998706667241763,
                0.0001293318720195513,
                1.3496456528996122e-09,
                5.340828766777244e-11,
                7.501288455712396e-13
            ],
            [
                2.06642547178422e-08,
                0.9999997653740149,
                2.139433809485696e-07,
                1.6013457951966618e-11,
                2.3360751043927126e-12
            ],
            [
                0.0,
                0.0,
                0.9999999996768603,
                2.16727900472967e-10,
                1.0641175527781303e-10
            ],
            [
                0.0,
                2.3787415238732412e-11,
                7.189314839196614e-10,
                3.669891686331151e-06,
                0.9999963293655947
            ],
            [
                0.0,
                1.1542341972206212e-10,
                2.8689517228003814e-09,
                1.1635522931282965e-06,
                0.9999988334633316
            ]
        ],
        [
            [
                0.9991516885943447,
                0.0008483073468997073,
                4.020055079865282e-09,
                3.8182797271538305e-11,
                5.177915421622452e-13
            ],
            [
                5.185432501271082e-07,
                0.9999994796924572,
                1.7461581209704708e-09,
                1.664183555058859e-11,
                1.4927940976707603e-12
            ],
            [
                0.0,
                7.527420320766688e-12,
                0.9999999997858093,
                9.49947075264974e-11,
                1.1166861978704815e-10
            ],
            [
                0.0,
                3.608867532581589e-11,
                5.435574523195278e-10,
                4.409844038070141e-07,
                0.9999995584359501
            ],
            [
                0.0,
                8.012091586046386e-11,
                2.320040001955702e-09,
                2.467928862105078e-06,
                0.999997529670977
            ]
        ],
        [
            [
                0.7637774320150802,
                0.23622255714274323,
                1.0778908716100251e-08,
                6.145591492571989e-11,
                1.8119089438145143e-12
            ],
            [
                7.362462003474858e-07,
                0.9999992624715139,
                1.2747223626612595e-09,
                6.664919058887827e-12,
                8.987083882276027e-13
            ],
            [
                0.0,
                5.054133628966214e-12,
                0.9999999996746296,
                1.2415146368276132e-10,
                1.9616479083814193e-10
            ],
            [
                0.0,
                9.455093230650006e-11,
                1.879510206927737e-09,
                0.00457165792570154,
                0.9954283401002373
            ],
            [
                0.0,
                7.562408491100849e-11,
                2.2046328003061355e-09,
                3.642261633246705e-05,
                0.9999635751034107
            ]
        ],
        [
            [
                0.9674533940033934,
                0.03254659871346937,
                7.124423832873092e-09,
                1.563258290415282e-10,
                2.387526714765997e-12
            ],
            [
                1.206445678431043e-07,
                0.9999998716601463,
                7.687706439966063e-09,
                6.178155310759561e-12,
                1.4012514235109032e-12
            ],
            [
                0.0,
                2.5622972858735555e-12,
                0.9999999997792148,
                1.361961938943261e-10,
                8.202671447220642e-11
            ],
            [
                0.0,
                3.6211888313157333e-11,
                8.116053837070596e-10,
                1.5296553227123553e-05,
                0.9999847025989556
            ],
            [
                0.0,
                2.7668155343923857e-10,
                1.190211658261166e-08,
                0.00010952339811755363,
                0.9998904644230843
            ]
        ],
        [
            [
                0.9998683924046062,
                0.00013160680455846468,
                7.785031551291404e-10,
                1.2078235365400193e-11,
                2.5378164312923937e-13
            ],
            [
                2.1532896535503663e-05,
                0.99997846668237,
                4.167194203798057e-10,
                3.9754655938429765e-12,
                3.9943434267573107e-13
            ],
            [
                0.0,
                1.9605723836477167e-12,
                0.9999999998639808,
                6.070113336390429e-11,
                7.335723290636705e-11
            ],
            [
                0.0,
                6.210471789680814e-11,
                1.8767554526743496e-09,
                3.145364146121544e-05,
                0.9999685444196786
            ],
            [
                0.0,
                6.649457340737674e-11,
                9.363909408844657e-10,
                5.1855691917288326e-06,
                0.9999948134279228
            ]
        ],
        [
            [
                0.997601845366204,
                0.0023981534808434324,
                1.120901316605444e-09,
                3.1497882111313953e-11,
                5.533192665775013e-13
            ],
            [
                1.6379064883878172e-07,
                0.9999998291440474,
                7.0346152256124395e-09,
                2.8734008381321733e-11,
                1.9546839594089034e-12
            ],
            [
                0.0,
                0.0,
                0.9999999998794393,
                6.53087716455008e-11,
                5.5251725147211825e-11
            ],
            [
                0.0,
                2.26229054870036e-11,
                2.716884181142631e-10,
                4.26243637103991e-05,
                0.9999573753419784
            ],
            [
                0.0,
                2.0822362832643878e-11,
                4.304718426031645e-10,
                5.748680242805719e-07,
                0.9999994246806816
            ]
        ],
        [
            [
                0.9996917317566736,
                0.0003082670285325262,
                1.1790019544010305e-09,
                3.538302921735304e-11,
                4.0901038369913377e-13
            ],
            [
                6.540944082487736e-07,
                0.9999993393995488,
                6.44042012842869e-09,
                6.289661806247647e-11,
                2.7263027993716447e-12
            ],
            [
                0.0,
                0.0,
                0.9999999998369515,
                7.743680042485719e-11,
                8.561178900178054e-11
            ],
            [
                0.0,
                1.0392902841384723e-11,
                1.6394370676626177e-10,
                0.0002182555474453539,
                0.9997817442782181
            ],
            [
                0.0,
                2.170616290171978e-11,
                2.483049268702675e-10,
                5.32378324916454e-07,
                0.9999994673516641
            ]
        ],
        [
            [
                0.9779853116606486,
                0.022014681399540197,
                6.857714818343859e-09,
                8.123050459915983e-11,
                8.658469502123061e-13
            ],
            [
                1.570980458892793e-08,
                0.9999999657859312,
                1.8483930690233003e-08,
                1.8539583698291232e-11,
                1.793869401399231e-12
            ],
            [
                0.0,
                2.0076709605904776e-12,
                0.9999999998519282,
                6.937432401288766e-11,
                7.668967410075558e-11
            ],
            [
                0.0,
                1.2184789480362998e-11,
                2.832736482990933e-10,
                3.9116397934472314e-07,
                0.9999996085405621
            ],
            [
                0.0,
                1.2892386434071087e-10,
                1.5878071259379058e-09,
                7.855439201174962e-05,
                0.9999214438912573
            ]
        ],
        [
            [
                0.9971428876613362,
                0.0028571105783757487,
                1.712100374052859e-09,
                4.7551357472833894e-11,
                6.36282555165874e-13
            ],
            [
                6.089915338028565e-07,
                0.9999993814883122,
                9.436005569049402e-09,
                8.177552075985332e-11,
                2.3728900274829228e-12
            ],
            [
                0.0,
                4.106255085526207e-12,
                0.9999999998780462,
                7.212495041315056e-11,
                4.5722453013013075e-11
            ],
            [
                0.0,
                3.2778110311498353e-11,
                5.048906734906244e-10,
                4.454990790843792e-06,
                0.9999955444715404
            ],
            [
                0.0,
                5.008342673354985e-11,
                6.105252026559849e-10,
                7.482648545730018e-07,
                0.9999992510745367
            ]
        ],
        [
            [
                0.9999159597124732,
                8.403867297810873e-05,
                1.5648192310908898e-09,
                4.9409102029790515e-11,
                3.20246995589384e-13
            ],
            [
                9.391314897669236e-09,
                0.9999996932435514,
                2.9731236837450325e-07,
                5.037534184544669e-11,
                2.3900962184161996e-12
            ],
            [
                0.0,
                3.0518356219565084e-12,
                0.9999999994690045,
                3.276000285100585e-10,
                2.0034384040730195e-10
            ],
            [
                0.0,
                9.607043465015536e-12,
                1.0428789931473905e-10,
                1.2438464934261616e-05,
                0.999987561421171
            ],
            [
                0.0,
                2.567436479425936e-10,
                1.6243171933176479e-09,
                1.6235073357570154e-07,
                0.9999998357682057
            ]
        ],
        [
            [
                0.9979086584567846,
                0.002091336447389296,
                4.942215647101147e-09,
                1.512646705894719e-10,
                2.3456341500954824e-12
            ],
            [
                9.319316750269971e-07,
                0.9999990666063053,
                1.449854245883009e-09,
                1.1604320727023736e-11,
                5.609425374371596e-13
            ],
            [
                0.0,
                3.4737843683420764e-12,
                0.9999999996017535,
                2.0467983715586772e-10,
                1.9009281127344349e-10
            ],
            [
                0.0,
                2.3864078610569534e-11,
                8.319811729464798e-10,
                1.1867598212301341e-07,
                0.9999998804681727
            ],
            [
                0.0,
                1.4221273924491754e-11,
                7.142621372799885e-11,
                1.0617993328134738e-06,
                0.9999989381150197
            ]
        ],
        [
            [
                0.9999906579839553,
                9.340809178183907e-06,
                1.1846440173848634e-09,
                2.150112523412741e-11,
                7.214840171605731e-13
            ],
            [
                7.270630995190497e-07,
                0.9999992641693043,
                8.748110338966223e-09,
                1.6538457951036672e-11,
                2.9473696820911924e-12
            ],
            [
                0.0,
                4.489275966910464e-12,
                0.9999999996335376,
                1.212040429494553e-10,
                2.4076916453117206e-10
            ],
            [
                0.0,
                4.4038336998782455e-11,
                5.27230018061298e-10,
                4.120629518858208e-06,
                0.9999958787992128
            ],
            [
                0.0,
                2.8022703415778445e-11,
                5.897593320070523e-10,
                2.0662264820427234e-06,
                0.9999979331557358
            ]
        ],
        [
            [
                0.9999922976654587,
                7.69961228239573e-06,
                2.688533257282055e-09,
                3.33685486215434e-11,
                3.5703791939727627e-13
            ],
            [
                5.178573075820254e-07,
                0.9999994778371445,
                4.286792967813131e-09,
                1.6989595345942635e-11,
                1.7654450560255484e-12
            ],
            [
                0.0,
                6.33577411509885e-12,
                0.9999999994708264,
                2.318685051072698e-10,
                2.90969191142212e-10
            ],
            [
                0.0,
                3.384162040512152e-12,
                3.0860803363342085e-11,
                3.23173061950803e-07,
                0.9999996767926931
            ],
            [
                0.0,
                4.7549449400568395e-11,
                1.2027831653333865e-09,
                1.660547082187385e-05,
                0.9999833932788454
            ]
        ],
        [
            [
                0.9999965219465773,
                3.4766086665971067e-06,
                1.4065983807985057e-09,
                3.7805675460532645e-11,
                3.5185938985632074e-13
            ],
            [
                2.5710164174010064e-08,
                0.9999999644513536,
                9.805700559015984e-09,
                3.0957427480337297e-11,
                1.8241564637076366e-12
            ],
            [
                0.0,
                7.062447329902342e-12,
                0.9999999997319704,
                1.8024593106823013e-10,
                8.072128305545857e-11
            ],
            [
                0.0,
                5.366807025760668e-11,
                5.170344174858747e-10,
                3.565675581352791e-06,
                0.9999964337537162
            ],
            [
                0.0,
                1.73533258252257e-11,
                1.1403866418720277e-10,
                5.721129112143496e-06,
                0.9999942787394959
            ]
        ],
        [
            [
                0.9985672564574903,
                0.0014327411732277385,
                2.316674924168396e-09,
                5.235200809320926e-11,
                2.5505352339315816e-13
            ],
            [
                3.2028566814945e-08,
                0.999999953831301,
                1.4120046827688642e-08,
                1.832663164348154e-11,
                1.7584985080693448e-12
            ],
            [
                0.0,
                5.4075143525485915e-12,
                0.9999999997475975,
                1.2315359417993368e-10,
                1.2384164275330432e-10
            ],
            [
                0.0,
                7.58799634466816e-11,
                2.04596410846712e-09,
                0.00010682326618843836,
                0.9998931746119674
            ],
            [
                0.0,
                2.0362448162196634e-11,
                2.3687005581707176e-10,
                3.143137404226136e-06,
                0.9999968566053632
            ]
        ],
        [
            [
                0.00010251796701196781,
                0.9998974815911297,
                4.346863050517035e-10,
                6.6857363108412085e-12,
                4.862466855187462e-13
            ],
            [
                1.6379064793774105e-07,
                0.9999998236428757,
                1.2518762104211403e-08,
                4.4460917120723424e-11,
                3.2534862491611213e-12
            ],
            [
                0.0,
                2.0910707108092145e-12,
                0.9999999998393752,
                8.081325170239177e-11,
                7.77206058653497e-11
            ],
            [
                0.0,
                4.8914850559377894e-11,
                6.179092782014208e-10,
                6.554357869268109e-05,
                0.9999344557544833
            ],
            [
                0.0,
                4.2550192061925874e-11,
                6.752976222395991e-10,
                7.852746297044544e-06,
                0.9999921465358551
            ]
        ],
        [
            [
                0.999858077168315,
                0.000141921280066171,
                1.5137126335158934e-09,
                3.754289471340219e-11,
                3.633507527302348e-13
            ],
            [
                5.469679379732989e-07,
                0.9999994476777094,
                5.274767149252848e-09,
                7.81372395534399e-11,
                1.4480474020467546e-12
            ],
            [
                0.0,
