{
    "[['A', 'B', 'C', 'D', 'E'], ['A', 'B', 'C', 'D', 'E']]": [
        [
            [
                0.9998178877876805,
                0.00018209813823968015,
                1.361384125349094e-08,
                4.5405442264484625e-10,
                6.183932051509822e-12
            ],
            [
                7.69961221362535e-06,
                0.9999922887338596,
                1.164813477767158e-08,
                4.995213266194628e-12,
                7.9677972973333e-13
            ],
            [
                0.0,
                8.455932262560227e-12,
                0.9999999998378426,
                5.3081782955712874e-11,
                1.0061976625039125e-10
            ],
            [
                0.0,
                4.230474809731078e-11,
                2.7045903131175077e-09,
                3.53874686146883e-08,
                0.9999999618656362
            ],
            [
                0.0,
                2.0647714992585344e-11,
                4.134041218526828e-09,
                9.730431469342227e-09,
                0.9999999861148796
            ]
        ],
        [
            [
                0.9999685849951734,
                3.135989358498269e-05,
                5.356670569417468e-08,
                1.5266822275226467e-09,
                1.7853880766214467e-11
            ],
            [
                1.85041984107754e-06,
                0.9999981268727417,
                2.2687324307975896e-08,
                1.8206780581266066e-11,
                1.886179886972496e-12
            ],
            [
                0.0,
                2.006266088987419e-12,
                0.9999999999426852,
                1.9023562210034687e-11,
                3.628496896505308e-11
            ],
            [
                0.0,
                1.2257079168198e-10,
                5.510005502235103e-08,
                4.09647754281564e-06,
                0.9999958482998313
            ],
            [
                0.0,
                6.396241485886052e-12,
                8.396603468152383e-10,
                4.869904194693984e-08,
                0.9999999504549015
            ]
        ],
        [
            [
                0.9994763758889535,
                0.0005236140530400168,
                9.59248370250615e-09,
                4.5904668584093027e-10,
                6.475911014376317e-12
            ],
            [
                0.99875709428686,
                0.0012428908571621782,
                1.4381413293951317e-08,
                4.728863216442413e-10,
                1.6781630656460091e-12
            ],
            [
                1.3303290783038861e-09,
                0.9875024659672647,
                0.012497532265646403,
                4.367598389585427e-10,
                0.0
            ],
            [
                0.0,
                5.299164748857655e-11,
                9.692532786274463e-09,
                1.0287077660383415e-05,
                0.9999897031768152
            ],
            [
                0.0,
                1.3955336243845518e-11,
                6.93677785175009e-09,
                2.3666314364563357e-07,
                0.999999756386123
            ]
        ],
        [
            [
                0.002151658650717919,
                0.9978483314654295,
                9.590562189863738e-09,
                2.8850336220271586e-10,
                4.786754742474272e-12
            ],
            [
                8.722851452835823e-07,
                0.9999990916905988,
                3.5926027099000766e-08,
                9.38924557829381e-11,
                4.336506926100418e-12
            ],
            [
                0.0,
                3.987045716720288e-12,
                0.9999999999056395,
                2.927420325491814e-11,
                6.109943799138317e-11
            ],
            [
                0.0,
                1.1902574529230568e-11,
                3.944902660839321e-09,
                2.6925642507635025e-07,
                0.9999997267867697
            ],
            [
                0.0,
                9.682522085200968e-12,
                3.4663503221672164e-09,
                9.528315485771011e-07,
                0.9999990436924185
            ]
        ],
        [
            [
                0.9963447802827872,
                0.0036552132575086507,
                6.2296382841680095e-09,
                2.254254221996289e-10,
                4.640491132206275e-12
            ],
            [
                1.0691009339291928e-06,
                0.9999989282670647,
                2.6063624466229777e-09,
                2.1847010677593788e-11,
                3.7919398815231455e-12
            ],
            [
                1.6073512701000067e-09,
                0.9986489622920276,
                0.0013510354481792348,
                6.524418813323598e-10,
                0.0
            ],
            [
                0.0,
                1.7523930803404197e-10,
                1.0484870489827369e-07,
                7.031962615773754e-08,
                0.9999998246564298
            ],
            [
                0.0,
                3.8488582796341416e-11,
                1.206085024105834e-08,
                6.528907341471038e-06,
                0.9999934589933197
            ]
        ],
        [
            [
                0.9403794739293688,
                0.05962051694485521,
                8.887788899262516e-09,
                2.334171284883305e-10,
                4.56990653763356e-12
            ],
            [
                0.9491272539652552,
                0.05087271225892906,
                3.2631694460548594e-08,
                1.1181125841094838e-09,
                2.600877315266424e-11
            ],
            [
                0.0,
                0.0,
                0.9999999999148514,
                3.8198386313001434e-11,
                4.6950328027988605e-11
            ],
            [
                0.0,
                1.4860074739505514e-12,
                2.2385807490273294e-10,
                8.740355031369e-09,
                0.9999999910343008
            ],
            [
                0.0,
                5.854650374335448e-12,
                4.205683385326583e-09,
                4.0444448143794476e-08,
                0.9999999553440138
            ]
        ],
        [
            [
                0.9849761137345842,
                0.015023857755933779,
                2.825233823028761e-08,
                2.5221228854716424e-10,
                4.93147382037361e-12
            ],
            [
                8.784401643387584e-07,
                0.9999990731674097,
                4.832752672272733e-08,
                6.002644494683904e-11,
                4.873081102015391e-12
            ],
            [
                2.1315845660189175e-09,
                0.9704923050519932,
                0.02950768654130105,
                6.275121225928141e-09,
                0.0
            ],
            [
                0.0,
                6.12477343293036e-11,
                5.715004543042541e-08,
                3.5038273804979767e-07,
                0.9999995924059687
            ],
            [
                0.0,
                7.471666764571577e-11,
                4.695864105425207e-08,
                2.688397529292742e-07,
                0.9999996841268893
            ]
        ],
        [
            [
                0.9999813630350832,
                1.862772223336293e-05,
                9.006321053082959e-09,
                2.345327885079118e-10,
                1.829456157545916e-12
            ],
            [
                0.2792956814660241,
                0.7207042467031671,
                7.037410945518456e-08,
                1.4241755957906931e-09,
                3.252365262390655e-11
            ],
            [
                0.0,
                1.2603195860300889e-11,
                0.9999999995439182,
                2.7386367880000095e-10,
                1.6961500397409732e-10
            ],
            [
                0.0,
                2.9799774477718193e-10,
                7.876412694823286e-07,
                0.00245048480091915,
                0.9975487272598137
            ],
            [
                0.0,
                2.4198262950457633e-11,
                2.2513432262986683e-08,
                6.551035891022809e-08,
                0.9999999119520105
            ]
        ],
        [
            [
                0.9995133979019858,
                0.000486595673001322,
                6.264406737645554e-09,
                1.5841641991000128e-10,
                2.1898313837992135e-12
            ],
            [
                1.647580624065287e-05,
                0.9999835231272265,
                1.0595732784403874e-09,
                5.9787151724137195e-12,
                9.8084304003491e-13
            ],
            [
                1.4013398808546064e-08,
                0.82025370633755,
                0.1797462745845262,
                5.064524879224112e-09,
                0.0
            ],
            [
                0.0,
                2.971791152652807e-11,
                2.5827289047183156e-08,
                2.1882044056763776e-07,
                0.9999997553225526
            ],
            [
                0.0,
                1.736094045416729e-11,
                7.823201135123511e-09,
                2.1682353853179796e-07,
                0.9999997753358993
            ]
        ],
        [
            [
                0.9995920044401743,
                0.00040799389442743223,
                1.6054148287382017e-09,
                5.834086946359487e-11,
                1.6424902372207075e-12
            ],
            [
                2.599315309788132e-07,
                0.9999996975015776,
                4.252932001874374e-08,
                3.218571875129328e-11,
                5.385599994363852e-12
            ],
            [
                0.0,
                0.0,
                0.9999999999602474,
                1.578170915874357e-11,
                2.3971146761620104e-11
            ],
            [
                0.0,
                1.5674313253750026e-11,
                1.9078386476258526e-08,
                3.777317260715573e-07,
                0.9999996031742131
            ],
            [
                0.0,
                2.466434253132683e-10,
                4.4102535729958636e-08,
                3.6524108964148684e-07,
                0.9999995904097312
            ]
        ],
        [
            [
                0.006756923329603278,
                0.9932430319842279,
                4.4145796043311135e-08,
                5.345070802559856e-10,
                5.8658393000215854e-12
            ],
            [
                4.0197560153446597e-07,
                0.9999995510040403,
                4.6980494112218154e-08,
                3.787532167490318e-11,
                1.9888465310315142e-12
            ],
            [
                0.0,
                0.0,
                0.9999999999362283,
                2.6038455588072613e-11,
                3.773313257592015e-11
            ],
            [
                0.0,
                4.2671288233364925e-11,
                5.366996602477692e-09,
                8.456171373237129e-07,
                0.9999991489731949
            ],
            [
                0.0,
                3.847711209538453e-12,
                5.251745149168664e-10,
                1.852023518381856e-09,
                0.9999999976189542
            ]
        ],
        [
            [
                0.9999005657403383,
                9.942827742879138e-05,
                5.714576738622646e-09,
                2.645648644916764e-10,
                3.0913984612415245e-12
            ],
            [
                2.7006563414467253e-06,
                0.9999972954445094,
                3.866676234940896e-09,
                2.807663407558235e-11,
                4.396185968664376e-12
            ],
            [
                0.0,
                1.0258273614015471e-11,
                0.9999999998700397,
                5.4853758793342186e-11,
                6.484826084207616e-11
            ],
            [
                0.0,
                2.7604161790229244e-10,
                2.1663110202753238e-07,
                0.0005965801899423316,
                0.999403202902914
            ],
            [
                0.0,
                3.00608194423413e-11,
                4.5078591936713755e-09,
                5.299028825604524e-09,
                0.9999999901630511
            ]
        ],
        [
            [
                0.9624638265969306,
                0.03753614491694397,
                2.7606612036217014e-08,
                8.714847854562658e-10,
                8.028424636107778e-12
            ],
            [
                4.96095825513885e-07,
                0.9999994492071064,
                5.4583631038245694e-08,
                1.1078269413557202e-10,
                2.654420461589131e-12
            ],
            [
                5.803059598629661e-10,
                0.9417697393053246,
                0.058230254934396354,
                5.053543482673991e-09,
                1.264292806969325e-10
            ],
            [
                0.0,
                9.55024269516271e-12,
                2.0134683940433955e-09,
                2.867573052863421e-07,
                0.999999711219676
            ],
            [
                0.0,
                1.5519828635438553e-11,
                2.0258069471769677e-09,
                9.574885674173472e-08,
                0.9999999022098165
            ]
        ],
        [
            [
                0.9999806989569049,
                1.9297711344964176e-05,
                3.2483573027348937e-09,
                8.138061698744213e-11,
                2.0124019394380245e-12
            ],
            [
                1.331646654014212e-07,
                0.9999998361721543,
                3.059873485273036e-08,
                6.09649821220706e-11,
                3.480542386360868e-12
            ],
            [
                0.0,
                5.066729492430584e-12,
                0.999999999782748,
                7.45467003100992e-11,
                1.3763850715400816e-10
            ],
            [
                0.0,
                4.4162849562714954e-10,
                6.138136124327781e-07,
                4.964769188907396e-05,
                0.99994973805287
            ],
            [
                0.0,
                1.3527575849322129e-11,
                1.2755055678851907e-09,
                8.272854959831226e-08,
                0.9999999159824172
            ]
        ],
        [
            [
                0.9999680161271579,
                3.1969840615606825e-05,
                1.3584971155871259e-08,
                4.409820171205068e-10,
                6.2731372512999496e-12
            ],
            [
                0.03432099275781254,
                0.9656789852661243,
                2.1804831381850028e-08,
                1.6393714623266406e-10,
                7.29468490134461e-12
            ],
            [
                0.0,
                8.241842601422102e-12,
                0.9999999998475704,
                5.318555962497899e-11,
                9.100230672207317e-11
            ],
            [
                0.0,
                4.864224756933947e-11,
                2.8178393024609462e-08,
                1.737166485240184e-08,
                0.9999999544013
            ],
            [
                0.0,
                1.0263485202775952e-10,
                5.33691661896969e-08,
                2.0818582775062657e-08,
                0.9999999257096162
            ]
        ],
        [
            [
                0.011450014755520354,
                0.988549979964863,
                5.214258606710423e-09,
                6.314809017146577e-11,
                2.209824334080298e-12
            ],
            [
                1.9002096870956296e-07,
                0.9999997915443558,
                1.8354051486140028e-08,
                7.735162732442242e-11,
                3.272512260599922e-12
            ],
            [
                0.0,
                5.971102643643518e-12,
                0.9999999999058582,
                1.8651984120281425e-11,
                6.951883655888367e-11
            ],
            [
                0.0,
                9.918344850852024e-11,
                8.384529792847323e-08,
                2.5116159972557733e-07,
                0.9999996648939189
            ],
            [
                0.0,
                7.54630969679649e-12,
                7.656650393012192e-10,
                8.243545870568858e-07,
                0.9999991748722017
            ]
        ],
        [
            [
                0.9999857370399307,
                1.4254761497107715e-05,
                7.552858927071899e-09,
                6.411834581896656e-10,
                4.5298396106931865e-12
            ],
            [
                0.00038222248041978727,
                0.9996177759612397,
                1.5282934027943846e-09,
                2.8332865257003045e-11,
                1.7143198621520591e-12
            ],
            [
                0.0,
                3.0803272946853017e-12,
                0.9999999999292424,
                3.073532817713943e-11,
                3.694181468050617e-11
            ],
            [
                0.0,
                1.0585586973397283e-10,
                7.587052691390569e-08,
                1.3180606957911873e-05,
                0.9999867434166593
            ],
            [
                0.0,
                1.727670562031364e-11,
                4.258352130539169e-09,
                1.6000164413444603e-05,
                0.9999839955599577
            ]
        ],
        [
            [
                0.6233307177989273,
                0.3766692313980238,
                4.914282078292272e-08,
                1.6373442529342654e-09,
                2.2883814019997102e-11
            ],
            [
                1.3486409148176259e-05,
                0.9999865068260053,
                6.6630734870281934e-09,
                9.845984442148784e-11,
                3.313140566449332e-12
            ],
            [
                0.0,
                1.385608046891965e-12,
                0.9999999999555778,
                9.36606066650159e-12,
                3.367063101907255e-11
            ],
            [
                0.0,
                9.492026744177422e-11,
                2.346927875699209e-08,
                4.040166113274915e-06,
                0.9999959362696879
            ],
            [
                0.0,
                5.665008168926881e-11,
                3.0372024083274704e-08,
                5.970445734058172e-07,
                0.9999993725267524
            ]
        ],
        [
            [
                0.9997263108039962,
                0.00027368774274389194,
                1.4390707664208571e-09,
                1.353673751551127e-11,
                6.522591811571261e-13
            ],
            [
                1.6903078730414451e-06,
                0.9999982818445594,
                2.7759100033688372e-08,
                8.012106208583119e-11,
                8.34642554141834e-12
            ],
            [
                0.0,
                5.288775115050473e-07,
                0.9999994704057171,
                6.118599826319611e-10,
                1.049113585923005e-10
            ],
            [
                0.0,
                7.680301378565728e-10,
                4.156289799082401e-07,
                1.6726885110728056e-07,
                0.9999994163341388
            ],
            [
                0.0,
                3.585252573142191e-11,
                4.643517396328475e-09,
                8.117719226517131e-08,
                0.9999999141434378
            ]
        ],
        [
            [
                0.9999604338976696,
                3.955142143612726e-05,
                1.2967643393485742e-08,
                1.690269931690944e-09,
                2.298078521087425e-11
            ],
            [
                1.3316467143637447e-07,
                0.9999997622823433,
                1.0445269426703316e-07,
                9.246289251485977e-11,
                7.828069959859075e-12
            ],
            [
                0.0,
                2.9469200439272816e-12,
                0.9999999999375282,
                2.629538733055393e-11,
                3.3229517618569536e-11
            ],
            [
                0.0,
                2.5587822740555233e-11,
                3.1047460297290367e-09,
                2.155639992659718e-07,
                0.9999997813056669
            ],
            [
                0.0,
                5.427374236561976e-12,
                1.050191273166824e-09,
                5.324184282242612e-09,
                0.9999999936201971
            ]
        ],
        [
            [
                0.9999646411144468,
                3.535537821921261e-05,
                3.401140575212855e-09,
                1.0318326683927227e-10,
                3.010194418237919e-12
            ],
            [
                9.313208195807642e-08,
                0.9999997776628545,
                1.2897915691658562e-07,
                2.092130067176434e-10,
                1.6693592480019047e-11
            ],
            [
                0.0,
                1.987379199215611e-12,
                0.9999999999460671,
                2.1389908233797025e-11,
                3.055547354092383e-11
            ],
            [
                0.0,
                2.537863893209242e-10,
                5.2194157192165396e-08,
                1.7739185163522883e-07,
                0.9999997701602048
            ],
            [
                0.0,
                3.865881107694373e-12,
                7.222451652494591e-10,
                6.267968267348275e-09,
                0.9999999930059207
            ]
        ],
        [
            [
                0.9999355595214655,
                6.442768397396048e-05,
                1.178370872293235e-08,
                9.916118143836416e-10,
                1.9239988811704082e-11
            ],
            [
                0.10118348185372665,
                0.8988163679708329,
                1.4933858715062315e-07,
                7.752150887438104e-10,
                6.163833434905784e-11
            ],
            [
                0.0,
                4.14783522587903e-11,
                0.9999999996794393,
                1.511709404263737e-10,
                1.2791154318882315e-10
            ],
            [
                0.0,
                1.1161219122379459e-10,
                1.8423154921192082e-07,
                1.009872978246398e-06,
                0.9999988057838604
            ],
            [
                0.0,
                2.2083770840376984e-10,
                4.9639752419120234e-08,
                2.3005764349926218e-05,
                0.99997694437506
            ]
        ],
        [
            [
                0.9999886986739073,
                1.1280068973195472e-05,
                1.9825258548807976e-08,
                1.4199117661722527e-09,
                1.1949274542653203e-11
            ],
            [
                0.08169716319762829,
                0.9183027874121533,
                4.8528986356517656e-08,
                8.542995134659128e-10,
                6.932560800721617e-12
            ],
            [
                0.0,
                4.294569427838841e-12,
                0.9999999999157452,
                2.352302153540035e-11,
                5.643719091730062e-11
            ],
            [
                0.0,
                4.9364171000608794e-11,
                1.3202087131957287e-08,
                2.9285853793250805e-05,
                0.9999707008947554
            ],
            [
                0.0,
                2.8285078035340492e-11,
                2.3975835767985394e-09,
                4.5033436179548853e-07,
                0.9999995472397696
            ]
        ],
        [
            [
                0.9999880606379029,
                1.1930920549078167e-05,
                7.792715976917558e-09,
                6.425460199815294e-10,
                6.286024984834414e-12
            ],
            [
                0.11820285142031518,
                0.8817970559410016,
                9.168680580682364e-08,
                9.393944623058822e-10,
                1.2482955146545933e-11
            ],
            [
                0.0,
                6.982657416879172e-12,
                0.9999999998757114,
                4.6205065949445186e-11,
                7.110081057697277e-11
            ],
            [
                0.0,
                2.3602028933082148e-11,
                4.0987180901712765e-09,
                4.93039057504833e-07,
                0.9999995028386223
            ],
            [
                0.0,
                2.758562243459667e-11,
                6.595619449988347e-08,
                6.416787308679501e-05,
                0.9999357661431332
            ]
        ],
        [
            [
                0.9999920735001154,
                7.924312364442745e-06,
                2.1309585459937953e-09,
                5.5487017722577515e-11,
                1.0744176659449258e-12
            ],
            [
                1.3797655056766214e-06,
                0.9999986034716064,
                1.6717643306846863e-08,
                4.3016794444551484e-11,
                2.2278743599864186e-12
            ],
            [
                0.0,
                2.845698080066602e-12,
                0.9999999999201945,
                1.4896008481580696e-11,
                6.206374488958935e-11
            ],
            [
                0.0,
                3.687360054393676e-11,
                5.234519603057952e-08,
                6.50511904923186e-05,
                0.9999348964274379
            ],
            [
                0.0,
                6.673432259927223e-11,
                1.1536212243726908e-08,
                1.827481741458341e-05,
                0.9999817135796388
            ]
        ],
        [
            [
                0.9996654203645952,
                0.0003345753933122331,
                4.098186772819748e-09,
                1.3909689609276911e-10,
                4.809001819119842e-12
            ],
            [
                5.326451815552544e-08,
                0.9999998292791489,
                1.1741075854927641e-07,
                4.138683760000708e-11,
                4.187626866119881e-12
            ],
            [
                0.0,
                1.2554395892969213e-11,
                0.9999999997638842,
                7.136044187090454e-11,
                1.5220090835002808e-10
            ],
            [
                0.0,
                4.082547756899868e-11,
                1.2048985745078357e-08,
                1.0359042969961503e-07,
                0.9999998843197591
            ],
            [
                0.0,
                4.2514797946909136e-12,
                3.7814997162057447e-10,
                3.8941588579916204e-08,
                0.9999999606760099
            ]
        ],
        [
            [
                0.9963789018901043,
                0.003621092997936959,
                5.089372198790582e-09,
                2.1643654419652666e-11,
                9.43046236209355e-13
            ],
            [
                1.7079296188527954e-06,
                0.9999982756696213,
                1.63818215124178e-08,
                1.647297457897568e-11,
                2.4653640795359534e-12
            ],
            [
                0.0,
                0.0,
                0.9999999999264932,
                3.046730687620049e-11,
                4.303928001287632e-11
            ],
            [
                0.0,
                1.8494104899176515e-10,
                5.9112942062104075e-08,
                9.70008916242565e-07,
                0.9999989706932007
            ],
            [
                0.0,
                1.3366660229465953e-11,
                7.108502119347081e-09,
                6.508081802805116e-08,
                0.9999999277973132
            ]
        ],
        [
            [
                0.9983520131526286,
                0.001647964926927326,
                2.1092649133689258e-08,
                8.196091260272768e-10,
                8.185802997701656e-12
            ],
            [
                0.13284355491123673,
                0.8671563339482277,
                1.102686969072236e-07,
                8.443079644701292e-10,
                2.7530901870181155e-11
            ],
            [
                0.0,
                1.6116996811745897e-11,
                0.9999999997907325,
                1.0623734905830348e-10,
                8.691321771443826e-11
            ],
            [
                0.0,
                1.9675496722585215e-10,
                1.4238917489042087e-07,
                6.430549118379348e-06,
                0.9999934268649516
            ],
            [
                0.0,
                2.6364943785304184e-11,
                2.366358277661802e-09,
                4.486852095995725e-07,
                0.9999995489220671
            ]
        ],
        [
            [
                0.9999668292201501,
                3.3167088744563614e-05,
                3.5695214245454625e-09,
                1.2004425375107446e-10,
                1.539748713195433e-12
            ],
            [
                3.684922812160825e-06,
                0.9999963118013901,
                3.268873981727459e-09,
                6.588589970004201e-12,
                3.3511256185843883e-13
            ],
            [
                0.0,
                3.324054760323079e-11,
                0.9999999995344724,
                1.609104999812667e-10,
                2.713766237055933e-10
            ],
            [
                0.0,
                4.797058136135092e-11,
                5.22556175910344e-08,
                5.1102885151642486e-08,
                0.9999998965935266
            ],
            [
                0.0,
                8.00406791900542e-12,
                2.29058885612891e-09,
                4.4319421358945094e-08,
                0.9999999533819857
            ]
        ],
        [
            [
                0.9998897912218989,
                0.00011020201687218074,
                6.6099607120040095e-09,
                1.485113707612731e-10,
                2.7568304470482956e-12
            ],
            [
                2.668390724885131e-08,
                0.9999995148266618,
                4.5812284325528564e-07,
                3.4891536867655494e-10,
                1.7672316021329057e-11
            ],
            [
                0.0,
                2.048526471788163e-12,
                0.9999999998818576,
                5.071711488762888e-11,
                6.537657104221553e-11
            ],
            [
                0.0,
                2.911988826787268e-11,
                1.2328015361444481e-08,
                7.467919987727422e-07,
                0.999999240850866
            ],
            [
                0.0,
                1.2184493813989794e-10,
                3.7027580028226993e-08,
                1.6443885419575181e-06,
                0.999998318462033
            ]
        ],
        [
            [
                0.9978203002576308,
                0.002179653002644249,
                4.52263154501193e-08,
                1.494691148943811e-09,
                1.871841629230662e-11
            ],
            [
                5.697373001099129e-08,
                0.9999997158247688,
                2.2714157291294195e-07,
                5.3774426050699704e-11,
                6.153892673646794e-12
            ],
            [
                5.6854183828951584e-09,
                0.29857921996944536,
                0.7014207713259962,
                3.019140099893777e-09,
                0.0
            ],
            [
                0.0,
                1.2434406823372942e-11,
                1.3549777963716115e-08,
                1.4174866573962026e-06,
                0.9999985689511303
            ],
            [
                0.0,
                2.6563908276724612e-12,
                2.7671162740264894e-10,
                1.151227562495677e-08,
                0.9999999882083562
            ]
        ],
        [
            [
                0.9999840024081296,
                1.5992216586857507e-05,
                5.157935867580136e-09,
                2.147728193483296e-10,
                2.5748144823049343e-12
            ],
            [
                0.00023281755880455337,
                0.9997671791753373,
                3.247663207467576e-09,
                1.6148751449012313e-11,
                2.045929662785689e-12
            ],
            [
                0.0,
                4.911725660735858e-11,
                0.9999999997273343,
                1.03077434471254e-10,
                1.2047112072681977e-10
            ],
            [
                0.0,
                1.193098728898615e-11,
                9.89307044197894e-10,
                7.298972832353089e-08,
                0.9999999260090336
            ],
            [
                0.0,
                3.881746778876425e-11,
                9.57657948658486e-09,
                1.7457796145358426e-06,
                0.9999982446049884
            ]
        ],
        [
            [
                0.7307234162417031,
                0.26927641205469816,
                1.658159024719941e-07,
                5.860267864703258e-09,
                2.742817334528705e-11
            ],
            [
                1.3530829044385964e-07,
                0.9999998002131949,
                6.443372937018204e-08,
                3.927825735996961e-11,
                5.5068739555039594e-12
            ],
            [
                0.0,
                1.4740756722534425e-11,
                0.99999999951078,
                3.460673907127181e-10,
                1.2841192986575113e-10
            ],
            [
                0.0,
                8.419500106707295e-11,
                6.869722516088097e-08,
                2.4302799935560593e-05,
                0.9999756284186444
            ],
            [
                0.0,
                5.387997024893786e-11,
                2.5162873635857103e-08,
                0.0004708541804576599,
                0.9995291206027888
            ]
        ],
        [
            [
                0.9999969440115783,
                3.0452135150626238e-06,
                1.0361053655094757e-08,
                4.0187806546051655e-10,
                1.1974714269510487e-11
            ],
            [
                5.185432478816848e-07,
                0.9999994753622066,
                6.06973716767877e-09,
                2.3216797540289452e-11,
                1.5917070853352615e-12
            ],
            [
                0.0,
                0.0,
                0.9999999999116511,
                3.401046137501104e-11,
                5.4338300992863097e-11
            ],
            [
                0.0,
                1.6209090192481962e-10,
                3.243140197034728e-08,
                2.5592598238041475e-06,
                0.9999974081466834
            ],
            [
                0.0,
                3.2391045321135896e-11,
                3.1893584894809797e-09,
                7.07961396089714e-07,
                0.9999992888168544
            ]
        ],
        [
            [
                0.9999153647059105,
                8.463231406800886e-05,
                2.865675748146714e-09,
                1.1265999518331749e-10,
                1.6858370277480512e-12
            ],
            [
                9.022239348554764e-06,
                0.9999909738796088,
                3.857622839404108e-09,
                2.2042647095689105e-11,
                1.3770717034093298e-12
            ],
            [
                1.6907986514738977e-09,
                0.9391426084601757,
                0.06085738924079253,
                6.082331483427981e-10,
                0.0
            ],
            [
                0.0,
                2.387283244211482e-10,
                5.370450489893047e-08,
                3.217220679098305e-08,
                0.99999991388456
            ],
            [
                0.0,
                4.469456824627576e-11,
                3.7234644189716968e-09,
                5.249804864647292e-09,
                0.9999999909820362
            ]
        ],
        [
            [
                0.2974392598562345,
                0.7025606852857931,
                5.108281090857418e-08,
                3.7434603337372606e-09,
                3.170123684056947e-11
            ],
            [
                1.116326373444642e-06,
                0.9999988638005981,
                1.9825445895812407e-08,
                4.610822257469953e-11,
                1.474364450247156e-12
            ],
            [
                0.0,
                2.8969744914452736e-12,
                0.9999999999282649,
                3.040391485688504e-11,
                3.843422296190678e-11
            ],
            [
                0.0,
                1.499570399031112e-10,
                1.7167036984931634e-06,
                1.2029760401868356e-05,
                0.9999862533859426
            ],
            [
                0.0,
                2.3717995132941206e-12,
                2.4691878899303726e-10,
                1.4819763582877742e-07,
                0.9999998515530736
            ]
        ],
        [
            [
                0.9999743644660734,
                2.562734065076238e-05,
                7.846213986324109e-09,
                3.3956743891170144e-10,
                7.494499142354782e-12
            ],
            [
                1.4564939849960087e-05,
                0.9999854315399219,
                3.490613161478316e-09,
                2.8441258476505418e-11,
                1.1735258805499229e-12
            ],
            [
                0.0,
                4.275803458384086e-12,
                0.9999999998070834,
                8.932714095007102e-11,
                9.931349632353708e-11
            ],
            [
                0.0,
                9.688988567884086e-12,
                3.1043967660774752e-09,
                6.259859504056607e-08,
                0.9999999342873191
            ],
            [
                0.0,
                2.0551620806165557e-10,
                4.32055719626889e-08,
                3.1215264581941233e-07,
                0.999999644436266
            ]
        ],
        [
            [
                0.9999483585284042,
                5.163547225528839e-05,
                5.964031863986115e-09,
                3.487122663744033e-11,
                4.375045412663543e-13
            ],
            [
                3.370910598946958e-08,
                0.999999793805054,
                1.7239280226215026e-07,
                8.548842214453711e-11,
