{
    "[['A', 'B', 'C', 'D', 'E'], ['A', 'B', 'C', 'D', 'E']]": [
        [
            [
                0.02138711871528139,
                4.003239013345411e-06,
                1.4339389852659207e-07,
                0.00011450193875714006,
                0.9784942327130495
            ],
            [
                3.071896240598588e-08,
                6.291096236913109e-07,
                2.621781551168792e-05,
                0.00039526777090452515,
                0.9995778545849977
            ],
            [
                0.0,
                4.5603741929050403e-11,
                0.999999998625398,
                8.442001270046901e-10,
                4.847981415786341e-10
            ],
            [
                5.856994347342708e-05,
                2.7505554476631247e-07,
                1.5764501813202707e-07,
                4.947632266289038e-06,
                0.9999360497236973
            ],
            [
                4.762754046425483e-06,
                1.0594087155122202e-05,
                7.130249005189956e-07,
                0.0007412943213205693,
                0.9992426358125772
            ]
        ],
        [
            [
                5.881417846897554e-06,
                0.9999932455508581,
                9.521465085136607e-09,
                1.4190114985585893e-07,
                7.216086800692285e-07
            ],
            [
                0.0,
                3.851912082539998e-08,
                0.9999003966616338,
                9.924052422813289e-05,
                3.2429501736894546e-07
            ],
            [
                0.0,
                7.632489429427346e-10,
                0.9999979175397998,
                2.036327650483488e-06,
                4.536930075754186e-08
            ],
            [
                2.902803056828875e-09,
                1.889621478817835e-09,
                4.313358367334315e-09,
                2.660355005231077e-07,
                0.9999997248587166
            ],
            [
                1.2879141404707295e-06,
                2.929484732880934e-07,
                1.2267365784081568e-07,
                2.056230905592998e-06,
                0.9999962402328229
            ]
        ],
        [
            [
                0.04862008448798601,
                0.00023676713053816164,
                8.549214936910287e-08,
                3.51231218728259e-05,
                0.9511079397674537
            ],
            [
                0.0,
                9.237172679298076e-08,
                0.9999538895622927,
                4.587209564515134e-05,
                1.4597033534419695e-07
            ],
            [
                0.0,
                2.07745997885147e-11,
                0.9999999995991602,
                2.396741009166763e-10,
                1.4039120233182932e-10
            ],
            [
                8.89737178009226e-09,
                4.318322345952838e-09,
                2.797073642149017e-08,
                2.3342138194928985e-06,
                0.99999762459975
            ],
            [
                1.5267638019682633e-07,
                5.963762140206701e-08,
                7.454297648599912e-08,
                2.1989309761533595e-06,
                0.9999975142120457
            ]
        ],
        [
            [
                2.594441649632809e-07,
                8.897376483181661e-08,
                1.2713656089775598e-07,
                7.602111267453013e-06,
                0.999991922334242
            ],
            [
                2.367324235857734e-09,
                2.6009371163166345e-07,
                0.9935064060636665,
                0.006387888982298059,
                0.00010544249299962902
            ],
            [
                0.0,
                7.306416836140376e-10,
                0.9999999816608146,
                1.6132460382095758e-08,
                1.4760831655697842e-09
            ],
            [
                3.376056958622737e-05,
                1.789721571688644e-07,
                1.7457194193505055e-08,
                6.268557407665447e-06,
                0.9999597744436547
            ],
            [
                5.529482215894516e-06,
                2.3759891572284375e-07,
                1.1475505120903852e-07,
                6.596676024465479e-06,
                0.9999875214877927
            ]
        ],
        [
            [
                5.0280297962289285e-06,
                1.5250198039207813e-06,
                5.494578209326101e-08,
                7.645360317626067e-05,
                0.9999169384014415
            ],
            [
                5.128792194218753e-08,
                1.2795467436293537e-07,
                1.9246990617802324e-06,
                7.117218720716366e-05,
                0.9999267238711348
            ],
            [
                0.0,
                8.453791700623291e-11,
                0.9999999931253789,
                5.184398912763693e-09,
                1.6056843066787476e-09
            ],
            [
                1.190118074914616e-07,
                1.0468445700971403e-07,
                5.129076481241341e-08,
                1.6977015227719053e-05,
                0.9999827479977429
            ],
            [
                1.5746457086717107e-07,
                4.897392447380871e-08,
                3.589294852426716e-08,
                2.8469473091057294e-06,
                0.999996910721247
            ]
        ],
        [
            [
                9.133383675508206e-07,
                2.1348540755339717e-07,
                4.2523563169115766e-08,
                1.291073953542792e-05,
                0.9999859199131262
            ],
            [
                3.6379518124576636e-06,
                2.7531804048209386e-05,
                1.930513099548666e-05,
                0.00016466784282195474,
                0.999784857270322
            ],
            [
                0.0,
                3.6736500513299384e-11,
                0.9999999991925621,
                4.397926326658776e-10,
                3.3090894889729506e-10
            ],
            [
                2.4996359476879933e-08,
                1.6086770681431034e-08,
                3.0134117112122285e-08,
                4.933871528786886e-07,
                0.9999994353955999
            ],
            [
                2.0579464315210618e-07,
                6.723167118725405e-08,
                4.290476553050611e-08,
                6.779679329939253e-06,
                0.9999929043895901
            ]
        ],
        [
            [
                0.9651234890558207,
                0.00021408433477297306,
                2.835276100003114e-07,
                6.450237820457963e-05,
                0.034597640703591795
            ],
            [
                2.3129483321212093e-09,
                4.7539001816667005e-08,
                2.6890653220206418e-06,
                7.849777190082739e-05,
                0.999918763310827
            ],
            [
                0.0,
                5.425314634430478e-12,
                0.9999999998935141,
                5.958488651424916e-11,
                4.147597892521761e-11
            ],
            [
                2.4145200094246766e-07,
                5.557501775403499e-08,
                4.888172225529746e-08,
                1.3066820854106505e-06,
                0.9999983474091737
            ],
            [
                2.504220664583536e-07,
                1.1256447607560708e-07,
                1.7040842847165486e-07,
                3.2931914303398213e-06,
                0.9999961734135987
            ]
        ],
        [
            [
                0.006931746261155428,
                0.00010997019360549777,
                2.8850600262405627e-07,
                0.0001189008008491063,
                0.9928390942383875
            ],
            [
                3.922822574568984e-08,
                3.421192749852643e-07,
                1.0642277761382441e-05,
                0.0009216674732857838,
                0.9990673089014521
            ],
            [
                0.0,
                7.355955252427443e-11,
                0.9999999971585769,
                1.8012985806700854e-09,
                9.6656484862487e-10
            ],
            [
                6.185363436823164e-07,
                8.024185298261144e-08,
                7.868983505364e-08,
                5.42565714655761e-06,
                0.9999937968748218
            ],
            [
                0.000567814269205747,
                6.689002977330516e-08,
                1.3007055497848035e-08,
                1.6719909155307375e-06,
                0.9994304338427934
            ]
        ],
        [
            [
                3.606002215042532e-07,
                6.431450613867863e-08,
                1.7517709953104696e-07,
                1.1403167200436499e-05,
                0.9999879967409724
            ],
            [
                0.0,
                7.928336781084869e-09,
                0.9999980262925654,
                1.9462580012427596e-06,
                1.9521096470585596e-08
            ],
            [
                0.0,
                3.966652956991032e-10,
                0.9999999631972358,
                3.0322418430730236e-08,
                6.083680482322227e-09
            ],
            [
                5.169096979995507e-08,
                1.4271809949779384e-08,
                5.2563000292560567e-08,
                3.005189498531289e-06,
                0.9999968762847214
            ],
            [
                0.00016121498407124798,
                4.2743855976062157e-08,
                3.3124652803324024e-08,
                9.776587959673765e-07,
                0.999837731488624
            ]
        ],
        [
            [
                0.10267793333111562,
                0.00032456623479487396,
                6.472186226814406e-07,
                0.0003783899720106277,
                0.8966184632434562
            ],
            [
                1.7898742132484722e-08,
                1.091555002628608e-06,
                0.9914684600543903,
                0.0067566650188073335,
                0.001773765473057731
            ],
            [
                0.0,
                9.791561725951164e-11,
                0.9999999977759002,
                1.3275864248035203e-09,
                7.985975505931575e-10
            ],
            [
                3.3462910831757564e-05,
                0.033543366833978745,
                0.0006544479303122637,
                0.008099427286612164,
                0.9576692950382651
            ],
            [
                9.485214225945783e-07,
                5.85732093739832e-08,
                3.925427509254854e-08,
                1.6466397718424205e-05,
                0.9999824872533746
            ]
        ],
        [
            [
                0.995645380564888,
                7.86341002760473e-06,
                2.9581721452942666e-08,
                5.8921073286558765e-06,
                0.004340834336034298
            ],
            [
                0.0,
                3.140087020324705e-08,
                0.999998349347221,
                1.5747169164071544e-06,
                4.453499243338161e-08
            ],
            [
                0.0,
                7.992249489151205e-11,
                0.9999999956617367,
                3.3996746207441536e-09,
                8.586661891567066e-10
            ],
            [
                4.092908363942649e-06,
                5.7776784721005085e-05,
                1.2873388287258398e-05,
                0.0012720643335820973,
                0.9986531925850457
            ],
            [
                5.1203184228386965e-06,
                8.241025949013918e-08,
                3.057055900105371e-08,
                3.0291205311945457e-06,
                0.9999917375802274
            ]
        ],
        [
            [
                0.0001198154102307099,
                1.1726444896109216e-06,
                8.15393704670369e-08,
                1.5014015286982906e-05,
                0.9998639163906223
            ],
            [
                7.844777476042726e-09,
                6.532369646867957e-08,
                5.171306384215024e-06,
                3.3617824527076064e-05,
                0.9999611377006147
            ],
            [
                0.0,
                2.274682338161265e-11,
                0.9999999997138147,
                1.4677275341665336e-10,
                1.1666554973085174e-10
            ],
            [
                2.3792305149104077e-08,
                9.022310936904049e-09,
                9.191950709919653e-08,
                1.9437205646887235e-06,
                0.9999979315453121
            ],
            [
                3.291196021329083e-07,
                1.1692369065797645e-07,
                9.865926141979225e-08,
                2.1055239642538765e-05,
                0.9999784000578033
            ]
        ],
        [
            [
                0.008139503166809888,
                0.00019572120133091862,
                7.979908049291782e-08,
                1.4870008171495583e-05,
                0.9916498258246073
            ],
            [
                0.0,
                1.0969790037836013e-07,
                0.6854753859369264,
                0.3145220437218433,
                2.4606433300941736e-06
            ],
            [
                0.0,
                9.444814383108446e-12,
                0.999999999768598,
                1.6359917065877205e-10,
                5.835789732261087e-11
            ],
            [
                2.4373510021557415e-06,
                6.414803905269646e-07,
                1.5849183325891013e-06,
                3.450630988100494e-05,
                0.9999608299403937
            ],
            [
                1.646047014908256e-06,
                6.48660215209003e-07,
                2.8646922691935177e-07,
                5.8085838582685765e-05,
                0.9999393329849603
            ]
        ],
        [
            [
                0.00020216897462843852,
                0.0013800703563521832,
                1.0394665233001857e-06,
                2.2567444838827567e-05,
                0.9983941537576573
            ],
            [
                6.2463937849947e-06,
                0.00043603262125078106,
                0.0006025662790351316,
                0.33121472795137785,
                0.6677404267545511
            ],
            [
                0.0,
                1.2693210387327838e-10,
                0.999999986815425,
                1.021046394170651e-08,
                2.8471791166518544e-09
            ],
            [
                1.5098322710651216e-06,
                1.7582114105840877e-05,
                4.8406595389974e-06,
                0.0010233120751242072,
                0.9989527553189599
            ],
            [
                0.008590727008544198,
                4.981449418564031e-05,
                1.2610767082778224e-06,
                0.00022677334006941576,
                0.9911314240804925
            ]
        ],
        [
            [
                2.93035622335706e-05,
                0.005664055697165353,
                6.368037608180084e-06,
                0.00021596431486586384,
                0.9940843083881271
            ],
            [
                6.86752212786019e-06,
                0.820513694645097,
                0.013897042743091682,
                0.07556817294767411,
                0.09001422214200928
            ],
            [
                0.0,
                3.6808480186819337e-10,
                0.9999999839655038,
                1.1476780531154138e-08,
                4.189630702209373e-09
            ],
            [
                7.550655647978717e-05,
                0.030709985139043907,
                0.0061573405687050855,
                0.06740095257958152,
                0.8956562151561898
            ],
            [
                1.721433528699101e-06,
                4.893816112014744e-08,
                3.1232966478618536e-08,
                4.153902429576029e-06,
                0.9999940444929141
            ]
        ],
        [
            [
                0.9370692310747033,
                0.03346532618178984,
                1.169678054949938e-06,
                8.592393262051755e-05,
                0.02937834913283126
            ],
            [
                0.0,
                2.1722307617808047e-08,
                0.9999985370452176,
                1.4081762428364566e-06,
                3.3056231954294773e-08
            ],
            [
                0.0,
                1.2038671326602701e-08,
                0.9999996384339102,
                3.001853891657664e-07,
                4.934202931704183e-08
            ],
            [
                4.4201889641774304e-05,
                0.01952062517803324,
                4.134471221481889e-05,
                0.00521906516747942,
                0.9751747630526307
            ],
            [
                0.0008931038323624209,
                1.9815590876664762e-07,
                1.8386777756232805e-08,
                4.88879266763102e-06,
                0.9991017908322835
            ]
        ],
        [
            [
                6.946400622742768e-06,
                3.195813359314065e-07,
                2.4323608684873473e-08,
                3.932906949220499e-06,
                0.9999887767874834
            ],
            [
                5.2235787541698746e-08,
                7.746617545533353e-06,
                0.13867373546796832,
                0.8594996614482538,
                0.0018188042304446708
            ],
            [
                0.0,
                1.3477882922784566e-09,
                0.9999894923886453,
                1.0464692722853795e-05,
                4.157084350441215e-08
            ],
            [
                6.530989546156233e-07,
                3.128115094352566e-07,
                8.133278398996896e-08,
                3.330863344819554e-06,
                0.9999956218934072
            ],
            [
                0.001806283290941828,
                9.19520857467473e-07,
                4.044375564665473e-08,
                1.7732606480301085e-05,
                0.9981750241379648
            ]
        ],
        [
            [
                0.09502256511663144,
                0.0008459587512996851,
                7.583884132533915e-06,
                0.0007077575247240468,
                0.9034161347232124
            ],
            [
                0.0,
                2.221318996737647e-08,
                0.9999988006656626,
                1.084164228779901e-06,
                9.295691862722187e-08
            ],
            [
                0.0,
                5.991023964867123e-11,
                0.9999999958411316,
                2.807205639148749e-09,
                1.2917524050323976e-09
            ],
            [
                4.532305449279871e-07,
                1.0918122739152812e-06,
                2.5814645654529363e-07,
                2.774323843361592e-05,
                0.999970453572291
            ],
            [
                1.0956314507640715e-05,
                2.0572477830740304e-07,
                6.792252958210021e-08,
                4.013003866559692e-05,
                0.9999486399995189
            ]
        ],
        [
            [
                3.7955872622098396e-08,
                1.4423415749309121e-08,
                7.48989857018055e-08,
                6.325547900304142e-06,
                0.9999935471738256
            ],
            [
                2.932836054879424e-07,
                2.5797109637336916e-06,
                0.003099248395804853,
                0.0006634591395264438,
                0.9962344194700995
            ],
            [
                0.0,
                4.057164006469229e-11,
                0.9999999987700321,
                4.211260206878166e-10,
                7.682704087809344e-10
            ],
            [
                1.0783047931857749e-07,
                4.15016839298185e-08,
                3.4353513867448206e-08,
                6.554286013359728e-06,
                0.9999932620283095
            ],
            [
                5.362257388430797e-06,
                1.8818455931522998e-07,
                1.1402644609739505e-07,
                3.943893355494535e-06,
                0.9999903916382507
            ]
        ],
        [
            [
                6.964343687837502e-06,
                0.006672836313003599,
                1.9836853360984963e-06,
                0.00030885026971130944,
                0.9930093653882611
            ],
            [
                1.762252901942475e-06,
                4.746754740171263e-05,
                8.109607228367232e-05,
                0.0007230234186279395,
                0.9991466507087847
            ],
            [
                0.0,
                2.047709262429958e-09,
                0.9999997731898097,
                2.0533002037649563e-07,
                1.9432460611594914e-08
            ],
            [
                9.16245656379016e-08,
                1.9308653188315395e-08,
                2.667434053243943e-08,
                3.926659504175643e-06,
                0.9999959357329364
            ],
            [
                3.545767242481895e-06,
                1.7154142524754014e-06,
                6.592195857221261e-07,
                6.089782640779894e-05,
                0.9999331817725116
            ]
        ],
        [
            [
                1.9040772576443782e-05,
                4.557018807130779e-05,
                1.9433378427271815e-07,
                0.00014184130523443064,
                0.9997933534003336
            ],
            [
                4.1003913967674445e-09,
                3.0985802884496482e-06,
                0.9946588623238184,
                0.005212790393284024,
                0.00012524460221787032
            ],
            [
                0.0,
                1.842747523621653e-11,
                0.9999999990290913,
                7.85556901840837e-10,
                1.6692422631726926e-10
            ],
            [
                7.143177823295766e-08,
                3.36320462579972e-08,
                1.01897310427611e-07,
                9.951816952224262e-06,
                0.9999898412219128
            ],
            [
                0.00023287596914033516,
                4.5274797568865773e-07,
                1.0221224805636179e-07,
                9.724332799962481e-06,
                0.999756844737836
            ]
        ],
        [
            [
                2.1655231322447746e-06,
                4.116779934307699e-06,
                1.4959817586386774e-07,
                1.0860585429594495e-05,
                0.999982707513328
            ],
            [
                0.0,
                2.9229040079206646e-09,
                0.9999921119574613,
                7.844557373296561e-06,
                4.056226142810139e-08
            ],
            [
                0.0,
                6.693225932391324e-12,
                0.9999999997803097,
                1.4477395084232743e-10,
                6.822299997867571e-11
            ],
            [
                3.658381292176215e-06,
                2.822364702194822e-07,
                6.484997165696581e-08,
                9.882651919354796e-06,
                0.9999861118803466
            ],
            [
                1.5656051796356215e-06,
                1.4078102441304636e-07,
                6.597040581221845e-08,
                3.5405799805884734e-06,
                0.9999946870634094
            ]
        ],
        [
            [
                6.066063523115401e-05,
                4.792785478469303e-06,
                1.0371735377789413e-07,
                3.054076679498461e-05,
                0.9999039020951416
            ],
            [
                0.0,
                6.27274279476306e-08,
                0.999992267181271,
                7.260628551387879e-06,
                4.09462749652817e-07
            ],
            [
                0.0,
                3.573509799264262e-11,
                0.9999999985495946,
                9.203695835688004e-10,
                4.943005279214648e-10
            ],
            [
                6.670487741407068e-07,
                1.059469350019172e-07,
                1.9139885234501433e-07,
                8.643023321234633e-06,
                0.9999903925821173
            ],
            [
                5.788813732053282e-07,
                4.8685490407403365e-06,
                1.8830968960531503e-07,
                8.443697938360223e-05,
                0.9999099272805129
            ]
        ],
        [
            [
                2.459117406289895e-05,
                8.078209462583095e-06,
                3.2788401443163904e-07,
                0.00013129039600772726,
                0.9998357123364524
            ],
            [
                4.688708021525267e-10,
                7.569577077784305e-08,
                0.9988416595174006,
                0.001157017153371558,
                1.2471645862162553e-06
            ],
            [
                0.0,
                1.3714211275278751e-11,
                0.9999999996015487,
                2.8510632039659304e-10,
                9.963072123465843e-11
            ],
            [
                1.1813294913066682e-09,
                9.901017467077588e-10,
                1.0044173759084095e-08,
                5.627767940038385e-07,
                0.999999425007601
            ],
            [
                1.0085504948230382e-06,
                1.280737080991478e-07,
                2.9110213868407436e-08,
                4.396142477140716e-05,
                0.9999548728408117
            ]
        ],
        [
            [
                3.302326190431342e-05,
                2.965393338374416e-07,
                3.2894340713671606e-08,
                1.4568232582302359e-05,
                0.9999520790718388
            ],
            [
                0.0,
                1.967153805732831e-08,
                0.9999988538500708,
                1.0776523955983827e-06,
                4.882599544191101e-08
            ],
            [
                0.0,
                9.820678379263054e-12,
                0.9999999997498072,
                1.0156824832394619e-10,
                1.3880377092844258e-10
            ],
            [
                4.542367925022129e-08,
                1.6459974743045816e-07,
                4.276723708992372e-07,
                7.626622785609778e-05,
                0.9999230960763463
            ],
            [
                1.9532971825073318e-05,
                1.2847374232241336e-07,
                3.5305894379854855e-08,
                3.648493024661714e-06,
                0.9999766547555136
            ]
        ],
        [
            [
                0.00010843432505998712,
                2.6102071939427605e-06,
                5.596209902243406e-08,
                5.955342864873232e-05,
                0.9998293460769982
            ],
            [
                3.6150663343090304e-08,
                9.773823143831698e-06,
                0.014182183452634015,
                0.10951429243947156,
                0.8762937141340872
            ],
            [
                0.0,
                9.386430266744522e-12,
                0.9999999994645064,
                3.698900192652633e-10,
                1.5621703007412204e-10
            ],
            [
                3.8838909938356454e-07,
                4.275853036957302e-06,
                2.50540908845801e-06,
                9.038459682446398e-05,
                0.9999024457519506
            ],
            [
                8.530329307784862e-06,
                3.21083908025184e-08,
                7.009182179400329e-09,
                2.598201631288801e-06,
                0.9999888323514879
            ]
        ],
        [
            [
                1.7496514049377845e-06,
                8.387196930674397e-07,
                4.3512494942544067e-07,
                1.9157599185761286e-05,
                0.9999778189047669
            ],
            [
                3.3280933355789363e-07,
                6.16075584409651e-07,
                1.0424944065165222e-06,
                5.934385566077638e-06,
                0.9999920742351095
            ],
            [
                0.0,
                3.9290993759910006e-11,
                0.9999999976230443,
                1.5319881106924553e-09,
                8.056766065874604e-10
            ],
            [
                1.6101167101546575e-08,
                5.100314587075238e-09,
                3.275472567864885e-08,
                7.728401956150938e-07,
                0.999999173203597
            ],
            [
                0.015191592316873627,
                1.2654341626458711e-06,
                1.7027100035039045e-07,
                2.9036507904106608e-05,
                0.9847779354700593
            ]
        ],
        [
            [
                0.0008731450017693962,
                7.325003744141743e-06,
                3.9813997501251775e-08,
                2.1715318808352372e-05,
                0.9990977748616805
            ],
            [
                1.2639975968665834e-08,
                9.108406333217138e-08,
                8.390045152446267e-07,
                0.00017695939727676205,
                0.9998220978741688
            ],
            [
                0.0,
                6.391891179129024e-11,
                0.99999999885548,
                5.523162845741504e-10,
                5.282849252563457e-10
            ],
            [
                1.7911527361864818e-07,
                1.1401590517758357e-07,
                1.1338201464607016e-07,
                9.738524168029575e-06,
                0.9999898549626386
            ],
            [
                1.1631191473179149e-05,
                2.0776129556393073e-07,
                1.098300161621655e-07,
                5.025628250882176e-06,
                0.9999830255889641
            ]
        ],
        [
            [
                1.2523915345536886e-07,
                1.4601014461190818e-07,
                1.0018730711816618e-07,
                3.962944155255211e-06,
                0.9999956656192396
            ],
            [
                1.4983528067365083e-06,
                8.21432987728326e-05,
                0.9553544030261922,
                0.03598334491135601,
                0.008578610410872224
            ],
            [
                0.0,
                1.31224217838712e-09,
                0.9999999729210091,
                2.0125940472467135e-08,
                5.6408082431780834e-09
            ],
            [
                3.5264769214540715e-08,
                6.53740129026361e-09,
                1.1367024887523979e-08,
                8.747851636084376e-07,
                0.999999072045641
            ],
            [
                2.8621375727555314e-06,
                2.5565895970486676e-07,
                2.688217833766367e-07,
                3.408950465754179e-05,
                0.9999625238770267
            ]
        ],
        [
            [
                0.00011807231533906374,
                1.6249007771611225e-06,
                1.2600517645854827e-07,
                3.131852815572315e-05,
                0.9998488582505516
            ],
            [
                0.0,
                1.2664735828400272e-08,
                0.9999997769642036,
                1.9998985000168765e-07,
                1.0381210568209859e-08
            ],
            [
                0.0,
                1.200227342552866e-10,
                0.9999999810810435,
                1.5080678611636818e-08,
                3.7182552019580094e-09
            ],
            [
                3.0106313118093957e-06,
                1.393287787770234e-07,
                1.232422556368817e-07,
                1.4107968664411152e-05,
                0.9999826188289894
            ],
            [
                5.597546916182884e-07,
                1.84969723821715e-07,
                6.861787157574017e-08,
                0.00013614609460141318,
                0.9998630405631116
            ]
        ],
        [
            [
                0.008780864543697071,
                3.6604488389769934e-05,
                2.519078593172363e-07,
                3.640073660047685e-05,
                0.9911458783234534
            ],
            [
                0.0,
                3.0057137374718095e-08,
                0.9999994697798923,
                4.5934996764263456e-07,
                4.081300265400743e-08
            ],
            [
                0.0,
                4.476478284397463e-11,
                0.9999999976163985,
                1.4371617065756968e-09,
                9.016750009535825e-10
            ],
            [
                1.0421369679530141e-07,
                4.06007320465979e-08,
                4.641863730580095e-08,
                7.664790087858324e-06,
                0.999992143976846
            ],
            [
                4.939973099997084e-07,
                5.868825346812416e-07,
                1.286147143508345e-07,
                6.444356198277126e-06,
                0.9999923461492427
            ]
        ],
        [
            [
                0.0012398436408285753,
                2.1246986961129322e-05,
                2.685978228790672e-07,
                2.4550518981973262e-05,
                0.9987140902554055
            ],
            [
                3.6970436610849014e-07,
                1.0155498918599384e-06,
                4.17798627558683e-06,
                3.642584392528809e-05,
                0.9999580109155412
            ],
            [
                0.0,
                4.954440239397204e-12,
                0.9999999998495963,
                8.625988449236498e-11,
                5.918922949429552e-11
            ],
            [
                2.537387385326056e-06,
                8.053624467173024e-08,
                3.153213094195168e-08,
                3.0951336869369877e-06,
                0.999994255410552
            ],
            [
                8.548391905478137e-06,
                3.591643795695784e-08,
                2.8922253373720633e-09,
                2.135810280006197e-06,
                0.9999892769891512
            ]
        ],
        [
            [
                0.39032632953597335,
                0.00732892153033015,
                1.9522570350215668e-06,
                0.000680808737166916,
                0.6016619879394945
            ],
            [
                1.3181612022586497e-07,
                2.0507043543826306e-06,
                1.1909412553362829e-05,
                0.00023452300084675622,
                0.9997513850661253
            ],
            [
                0.0,
                4.0117728934122925e-10,
                0.9999999922530188,
                4.615922007922653e-09,
                2.7298818698242563e-09
            ],
            [
                6.315071927640845e-06,
                1.3938518213623273e-08,
                3.331916378517831e-09,
                6.210703235012348e-07,
                0.9999930465873142
            ],
            [
                9.53119183188927e-08,
                5.224654862430272e-08,
                1.4885203876249146e-07,
                6.598344032177964e-06,
                0.9999931052454621
            ]
        ],
        [
            [
                0.15946752839537484,
                0.3482551723323206,
                3.9647323973850705e-06,
                0.0002796033867718211,
                0.4919937311531353
            ],
            [
                9.513241416931335e-09,
                1.2065744129064975e-07,
                0.0014639965458226622,
                0.9859861138964651,
                0.012549759387029482
            ],
            [
                0.0,
                8.341130557561707e-11,
                0.9999999863619153,
                1.2274473795200743e-08,
                1.2801997602932514e-09
            ],
            [
                5.2397891986985195e-06,
                2.6390806451171897e-07,
                1.203408585028215e-07,
                6.102508484873209e-05,
                0.9999333508770295
            ],
            [
                2.4373985930154675e-07,
                8.054883853111414e-08,
                1.9827290069844865e-07,
                4.6865829659912135e-05,
                0.9999526116087415
            ]
        ],
        [
            [
                2.413754397013426e-06,
                5.162908901309521e-08,
                1.0257877818912774e-08,
                2.4679427639284213e-06,
                0.9999950564158722
            ],
            [
                0.0,
                2.5358780258477403e-08,
                0.9999983211801857,
                1.4700168317243852e-06,
                1.834442022239664e-07
            ],
            [
                0.0,
                2.2097412210826963e-11,
                0.9999999991164985,
                5.801477269572228e-10,
                2.812563646655957e-10
            ],
            [
                1.5049712963998398e-05,
                0.031622988930850485,
                3.106482217002025e-05,
                0.00903625502853652,
                0.9592946415054789
            ],
            [
                2.106073218283049e-06,
                3.8062443630683057e-08,
                6.874831492739391e-09,
                1.0593233501790208e-06,
                0.9999967896661565
            ]
        ],
        [
            [
                5.774512823957538e-08,
                3.117830922424155e-09,
                7.91309330932471e-09,
                2.97066512074598e-06,
                0.9999969605588267
            ],
            [
                1.7757277490343369e-09,
                1.9344585490975192e-07,
                0.9999865117174521,
                1.2572298205754999e-05,
                7.207627593813564e-07
            ],
            [
                0.0,
                6.992953657867639e-10,
                0.9999999678043233,
                2.71412091040535e-08,
                4.355172321436659e-09
            ],
            [
                1.6947751133376115e-05,
                3.596149197051652e-07,
                1.0820276005984242e-07,
                7.98108851578217e-06,
                0.9999746033426712
            ],
            [
                0.460172184871813,
                0.015332052885161832,
                1.4394073404131875e-05,
                0.00036143671678311466,
                0.5241199314528379
            ]
        ],
        [
            [
                0.00030750275748194547,
                9.685734514075941e-05,
                1.1218185059439487e-06,
                2.375765405831832e-05,
                0.9995707604248131
            ],
            [
                0.0,
                5.564531499680781e-09,
                0.9999982727957677,
