{
    "[['A', 'B', 'C', 'D', 'E'], ['A', 'B', 'C', 'D', 'E']]": [
        [
            [
                0.9999999259041121,
                2.777885864409173e-08,
                7.763919897808392e-09,
                4.25819001192856e-09,
                3.4294919393453085e-08
            ],
            [
                0.0,
                4.179608114547389e-08,
                0.9999998833152749,
                7.308082983933362e-08,
                1.8078141342405856e-09
            ],
            [
                0.0,
                9.573811609300972e-11,
                0.9999999925690939,
                6.2196413271824985e-09,
                1.115526559642465e-09
            ],
            [
                0.9999904875735164,
                9.485481510398068e-06,
                2.11215158286161e-08,
                4.009418984475191e-09,
                1.8140383976403399e-09
            ],
            [
                0.9999986277370294,
                1.3308260591787367e-06,
                3.071562725553695e-08,
                6.50775583003448e-09,
                4.213528330944554e-09
            ]
        ],
        [
            [
                0.9999995142741599,
                4.550096342717032e-07,
                1.5852357730888683e-08,
                3.2232873449258416e-09,
                1.1640560687381339e-08
            ],
            [
                0.0,
                1.3773600696853324e-09,
                0.9999999898430333,
                8.144001425906586e-09,
                6.356054478357581e-10
            ],
            [
                0.0,
                8.185167340396042e-11,
                0.9999999981665908,
                1.1661444007809295e-09,
                5.854131763466072e-10
            ],
            [
                0.999985925980206,
                1.404372216968018e-05,
                2.55932302168408e-08,
                4.516448240141336e-09,
                1.879459018391835e-10
            ],
            [
                0.9999988806166987,
                1.0711859032998975e-06,
                3.121581280282719e-08,
                1.4910698297227408e-08,
                2.0708868419041645e-09
            ]
        ],
        [
            [
                0.9999997412609195,
                3.030796352115156e-08,
                5.0463196136145825e-09,
                5.638936528010456e-09,
                2.1774586078828117e-07
            ],
            [
                0.0,
                2.4371951838235824e-08,
                0.9999999592932435,
                1.3902329063404016e-08,
                2.432475561228816e-09
            ],
            [
                0.0,
                2.439587957717508e-10,
                0.9999999843498422,
                1.2523825707983341e-08,
                2.882373107670599e-09
            ],
            [
                0.0003593686295923012,
                0.9996386842252855,
                1.9358178642605937e-06,
                9.548764258065956e-09,
                1.7784936821370333e-09
            ],
            [
                0.9999996535869424,
                2.1885467115152901e-07,
                1.001908923723633e-08,
                8.212777361980654e-09,
                1.0932651979172324e-07
            ]
        ],
        [
            [
                0.9999996520564715,
                1.8558798100555634e-07,
                1.3241074164156636e-08,
                1.1612331269112439e-08,
                1.3750214214586365e-07
            ],
            [
                0.0,
                4.6888357484329274e-09,
                0.9999999858736872,
                8.627560262784011e-09,
                8.099167310082584e-10
            ],
            [
                0.0,
                4.3262011735707747e-10,
                0.999999941137116,
                5.352860353272534e-08,
                4.9016603289429635e-09
            ],
            [
                0.9999988185625239,
                1.1627358600047838e-06,
                1.1859220073465892e-08,
                3.346259070707119e-09,
                3.4961369814053328e-09
            ],
            [
                0.9999726168982135,
                3.901578871258191e-08,
                2.9637845425379355e-09,
                2.2114902705410585e-08,
                2.7319007310478348e-05
            ]
        ],
        [
            [
                0.9999996986742293,
                2.8709116722846703e-07,
                8.086267810612252e-09,
                2.419704204224296e-09,
                3.72863135772471e-09
            ],
            [
                1.9766345494085305e-09,
                1.869240800768733e-07,
                0.9999995986314651,
                2.1246782028868185e-07,
                0.0
            ],
            [
                0.0,
                5.583833005696518e-11,
                0.9999999983555281,
                1.1463079762395309e-09,
                4.42325639744894e-10
            ],
            [
                0.999998505513914,
                1.463134080502005e-06,
                2.9403179249719222e-08,
                1.775324879239664e-09,
                1.735012530716911e-10
            ],
            [
                0.9999963114273509,
                5.3509824370198295e-08,
                3.3548289225442705e-09,
                1.7416985580155294e-08,
                3.6142910102886625e-06
            ]
        ],
        [
            [
                0.9999987184290409,
                2.4872078894934486e-07,
                3.348706222395814e-08,
                9.568003211314858e-08,
                9.036830758888511e-07
            ],
            [
                3.106795684803375e-09,
                6.640224956217246e-07,
                0.9999993123796964,
                2.0491012376320604e-08,
                0.0
            ],
            [
                0.0,
                1.7581280949113153e-10,
                0.9999999879919054,
                1.0264199825365984e-08,
                1.568081849450561e-09
            ],
            [
                7.606981323379809e-05,
                0.9999237241015374,
                2.0079920500352072e-07,
                5.1025915183720254e-09,
                1.8343218447460356e-10
            ],
            [
                0.999991957149361,
                7.876131080833857e-06,
                3.041010723359021e-08,
                2.784675816715494e-08,
                1.0846269281058995e-07
            ]
        ],
        [
            [
                0.9999934483086581,
                1.6184739794504767e-07,
                6.318514409525306e-09,
                5.0063830474759435e-08,
                6.333461599137528e-06
            ],
            [
                0.0,
                3.90997992417958e-09,
                0.9999998648904299,
                1.2489910339546276e-07,
                6.300486733959087e-09
            ],
            [
                0.0,
                5.468525758004755e-11,
                0.9999999992747863,
                4.2112602090038173e-10,
                2.494023310543892e-10
            ],
            [
                0.9999983933735085,
                1.5951325616358298e-06,
                8.886245582318075e-09,
                2.441683913351751e-09,
                1.6600028983758675e-10
            ],
            [
                0.999998938998888,
                1.009737205839204e-06,
                3.2567526385730796e-08,
                1.380830317773032e-08,
                4.888076483032437e-09
            ]
        ],
        [
            [
                0.9999935480711953,
                4.940230069533014e-06,
                1.7805811881481748e-07,
                4.819911385623412e-08,
                1.2854415024762394e-06
            ],
            [
                2.626764465739416e-09,
                2.423364688023073e-07,
                0.9999996993484224,
                5.5688344399134054e-08,
                0.0
            ],
            [
                0.0,
                5.330905785225989e-11,
                0.9999999977049179,
                1.858286529087588e-09,
                3.834864143239485e-10
            ],
            [
                0.9999992170175356,
                7.662593892816016e-07,
                1.345662207899336e-08,
                2.828100772463896e-09,
                4.3835221850891405e-10
            ],
            [
                0.0,
                0.0,
                1.7875133870799847e-08,
                0.08371786564510769,
                0.9162821164797584
            ]
        ],
        [
            [
                0.9999990640319096,
                6.75181111211038e-08,
                5.230854248596005e-09,
                1.910544385728992e-08,
                8.441136811323186e-07
            ],
            [
                0.0,
                5.01461833344896e-09,
                0.9999999848769148,
                8.8144359107057e-09,
                1.2940309698248579e-09
            ],
            [
                0.0,
                3.1079778060867076e-11,
                0.9999999985050578,
                1.232960865441553e-09,
                2.3090154806722953e-10
            ],
            [
                0.3951729576979607,
                3.6637146207652344e-05,
                1.4053986100087263e-05,
                0.00011709695541555442,
                0.604659254214316
            ],
            [
                0.9999982065386452,
                1.0410522207493252e-07,
                2.0776047356027856e-09,
                1.2645111903355137e-08,
                1.6746334160704938e-06
            ]
        ],
        [
            [
                0.9999996827990679,
                2.9423530581071713e-07,
                1.2510313491993489e-08,
                5.115883938334209e-09,
                5.339428772643979e-09
            ],
            [
                0.0,
                1.327991624886181e-09,
                0.9999986797202046,
                1.2866925285067045e-06,
                3.225927528513906e-08
            ],
            [
                0.0,
                2.622202771805327e-10,
                0.9999999106619928,
                8.568249337485777e-08,
                3.39329363364716e-09
            ],
            [
                0.9999997570084413,
                2.3138884586212896e-07,
                7.286714055857981e-09,
                2.3464880488018074e-09,
                1.9695106368948563e-09
            ],
            [
                0.938666527282115,
                3.962048985780217e-06,
                2.64682387157332e-07,
                2.6921821189120185e-05,
                0.06130232416532298
            ]
        ],
        [
            [
                0.9791117010776124,
                0.0003124253403799697,
                2.343236943387126e-05,
                2.970360942463486e-05,
                0.020522737603149217
            ],
            [
                0.0,
                5.998015923059916e-09,
                0.9999999800142911,
                1.0112356232734461e-08,
                3.8753366897066585e-09
            ],
            [
                0.0,
                4.704166878711882e-11,
                0.9999999981542875,
                1.420794899592744e-09,
                3.77876004828458e-10
            ],
            [
                0.999999827946924,
                8.028226424102789e-08,
                8.123972064902199e-09,
                3.3645754706140537e-09,
                8.028226424102789e-08
            ],
            [
                0.9999757423125832,
                2.4215787414837998e-05,
                3.5472615439873456e-08,
                5.926350453847128e-09,
                5.010361115736004e-10
            ]
        ],
        [
            [
                0.9998497490771602,
                4.24995658254123e-08,
                1.713251174179569e-08,
                2.3792388035494605e-07,
                0.0001499533668818073
            ],
            [
                0.0,
                2.6308720215230682e-08,
                0.9999999403278514,
                3.1270159613108754e-08,
                2.0932685529535035e-09
            ],
            [
                0.0,
                5.135783949319025e-11,
                0.9999999983543191,
                1.0966139110529718e-09,
                4.977091475089149e-10
            ],
            [
                0.9751092615418814,
                0.024889532238162083,
                1.1792735356885337e-06,
                2.6458025532413354e-08,
                4.883954405403399e-10
            ],
            [
                0.9999976308287104,
                2.3162233361828e-06,
                4.517329398022341e-08,
                3.8873297661262256e-09,
                3.8873297661262256e-09
            ]
        ],
        [
            [
                0.999995423975855,
                4.4025550338245464e-08,
                3.23340576709468e-08,
                5.6087866623545616e-08,
                4.443576670483052e-06
            ],
            [
                0.0,
                4.296714296278006e-09,
                0.9999999681725401,
                2.544448423234476e-08,
                2.0862613872970798e-09
            ],
            [
                0.0,
                1.1615110376399574e-10,
                0.9999999965519455,
                1.9757601520718917e-09,
                1.3561431750520547e-09
            ],
            [
                0.08682341992867376,
                0.9131114585443052,
                5.881180182236815e-05,
                3.137279871789057e-06,
                3.172445326920601e-06
            ],
            [
                0.999993649751977,
                6.306140871396925e-06,
                2.88261643533089e-08,
                1.394873092807179e-08,
                1.332256304423739e-09
            ]
        ],
        [
            [
                0.9999991102836442,
                3.9955210464825693e-07,
                8.321656488839118e-09,
                7.127372559822459e-09,
                4.7471522218335964e-07
            ],
            [
                0.0,
                4.355172228365622e-09,
                0.9999999464340936,
                4.555651529500013e-08,
                3.65421889055819e-09
            ],
            [
                0.0,
                6.315905333245274e-11,
                0.9999999988837773,
                8.158767503449743e-10,
                2.3718698523667663e-10
            ],
            [
                0.997304502750779,
                0.002694684152909166,
                8.00805946003319e-07,
                1.2129783753213898e-08,
                1.6058214254020804e-10
            ],
            [
                0.9999949964965793,
                4.1086158424625645e-07,
                4.3556482073565564e-08,
                1.0307110442191295e-07,
                4.446014249990119e-06
            ]
        ],
        [
            [
                0.9999998666740889,
                1.2464957311177537e-07,
                4.538745556576509e-09,
                2.8331810623702646e-09,
                1.304411542285781e-09
            ],
            [
                3.3996679810641213e-09,
                1.122836234035891e-06,
                0.9999987578816829,
                1.1588241501769064e-07,
                0.0
            ],
            [
                0.0,
                2.1730823126268838e-10,
                0.9999998920868816,
                1.0259664330935311e-07,
                5.099166821531394e-09
            ],
            [
                0.999998188016053,
                1.7822027978835339e-06,
                2.0511657805309304e-08,
                6.941383587822728e-09,
                2.3281075921318793e-09
            ],
            [
                0.9999998439429054,
                9.186324625069315e-08,
                3.9371752457768e-09,
                2.7742889426098737e-09,
                5.748238414308599e-08
            ]
        ],
        [
            [
                0.9999961371891943,
                1.131646491016419e-07,
                9.18646002064672e-09,
                2.275206395358316e-08,
                3.717707632712405e-06
            ],
            [
                7.1306224556083945e-09,
                1.2025710482390852e-07,
                0.9999997199715097,
                1.4985976681566996e-07,
                2.7809961088886097e-09
            ],
            [
                0.0,
                3.6625206507448746e-10,
                0.9999999626006247,
                3.4938321025505166e-08,
                2.094802316884473e-09
            ],
            [
                0.9999953527331673,
                4.424396079073486e-06,
                1.2739787019689606e-07,
                1.9192150033182478e-08,
                7.628073338875094e-08
            ],
            [
                0.9999985642055458,
                1.171407232496369e-06,
                4.453499669311552e-08,
                2.5229481775004685e-08,
                1.946227432531482e-07
            ]
        ],
        [
            [
                0.9999969508632992,
                2.4004173905010074e-06,
                2.2748768326545643e-08,
                1.2735007255303481e-08,
                6.132355347164015e-07
            ],
            [
                3.871524657521416e-09,
                8.816084560593443e-07,
                0.9999990693457771,
                4.5174242125232454e-08,
                0.0
            ],
            [
                0.0,
                6.285776509403483e-11,
                0.9999999980656205,
                1.3882158052347607e-09,
                4.833061604560172e-10
            ],
            [
                0.9999969247361437,
                3.044261046801207e-06,
                1.8605324853301068e-08,
                8.375542732019495e-09,
                4.021941933572785e-09
            ],
            [
                0.9999977882400255,
                4.342937612127706e-07,
                9.794299300156146e-09,
                2.6800152237902813e-08,
                1.7408717617820281e-06
            ]
        ],
        [
            [
                0.9999993865909089,
                5.677784235153341e-07,
                3.398885305407791e-08,
                7.87659258452141e-09,
                3.765221871136848e-09
            ],
            [
                0.0,
                5.58277357857675e-09,
                0.9999999664312489,
                2.54444841880385e-08,
                2.541493273073351e-09
            ],
            [
                0.0,
                1.8964265782805107e-10,
                0.999999953732383,
                4.389232070186071e-08,
                2.1856534678496982e-09
            ],
            [
                0.9999816750198889,
                4.099922672243978e-07,
                6.128709734353103e-08,
                3.468787876836902e-07,
                1.750682195897385e-05
            ],
            [
                0.9999988386918477,
                1.0373338362560724e-07,
                2.6593315718765414e-08,
                4.316060180685341e-08,
                9.878208512124094e-07
            ]
        ],
        [
            [
                0.8674383175941068,
                5.765290784417591e-08,
                5.000752318910066e-08,
                2.607958861530649e-07,
                0.13256131394957585
            ],
            [
                0.0,
                7.674989122684746e-09,
                0.9999999589638079,
                3.112859070191497e-08,
                2.2326121318357297e-09
            ],
            [
                0.0,
                8.215698698970008e-11,
                0.9999999977387044,
                1.711897854339983e-09,
                4.672406698532982e-10
            ],
            [
                0.9999994556904044,
                4.96095887869487e-07,
                4.252932494435102e-08,
                4.538745855468757e-09,
                1.1456370063294544e-09
            ],
            [
                0.9999995535914794,
                4.204938017609682e-07,
                1.448848749710074e-08,
                7.819128736735372e-09,
                3.6071025935725247e-09
            ]
        ],
        [
            [
                0.9999873286818901,
                1.2643502922742562e-05,
                2.1000801136620713e-08,
                1.8361148862205552e-09,
                4.978271118626461e-09
            ],
            [
                0.0,
                5.999094680503229e-08,
                0.999999897430125,
                3.746247849915378e-08,
                5.1164497988378695e-09
            ],
            [
                0.0,
                2.962843177019248e-11,
                0.9999999992907287,
                5.298035775473501e-10,
                1.4983925132549775e-10
            ],
            [
                0.05124540179936099,
                0.9487477253950554,
                5.436311342558853e-06,
                6.663417419310204e-07,
                7.701524990875229e-07
            ],
            [
                0.9999410790991594,
                1.079814825582033e-08,
                1.7931811266099738e-09,
                3.792583994432078e-08,
                5.887038367130323e-05
            ]
        ],
        [
            [
                0.9917988266946355,
                6.24413013401108e-08,
                1.9726319489760078e-08,
                2.013871802095911e-07,
                0.008200889750563397
            ],
            [
                9.260824019114454e-09,
                1.3869144314971253e-06,
                0.9999985272480891,
                7.657665526202545e-08,
                0.0
            ],
            [
                0.0,
                3.7821850408828543e-10,
                0.999999977056759,
                2.0125940555702998e-08,
                2.439082040905345e-09
            ],
            [
                0.9999884448107628,
                1.1372378149972584e-05,
                1.681092320798979e-07,
                8.321577655003455e-09,
                6.380277553307684e-09
            ],
            [
                0.908439783369063,
                9.700436239583098e-06,
                2.093294824444436e-07,
                1.2643672543677246e-05,
                0.09153766319267138
            ]
        ],
        [
            [
                0.9999973187259416,
                2.666645615984024e-06,
                9.3652884148673e-09,
                3.1520508347413214e-09,
                2.111103154733912e-09
            ],
            [
                3.936109027282835e-09,
                1.2616016136117944e-07,
                0.9999996043703431,
                2.599429409488954e-07,
                5.590445593357467e-09
            ],
            [
                0.0,
                3.078673993226473e-10,
                0.9999999813751815,
                1.544702514922424e-08,
                2.869925793592662e-09
            ],
            [
                5.75618481149914e-05,
                1.2722910037545808e-05,
                0.0028966836387517574,
                0.00031214059415856147,
                0.9967208910089371
            ],
            [
                0.9999942639947557,
                5.59971202322979e-06,
                1.1010624404702833e-07,
                2.0153483177349668e-08,
                6.033493903265624e-09
            ]
        ],
        [
            [
                0.9999992158569049,
                3.774384519015114e-08,
                3.1728369736024803e-09,
                5.449310948034613e-09,
                7.377771021622912e-07
            ],
            [
                0.0,
                6.182597050371049e-09,
                0.9999999857223498,
                7.364104780225448e-09,
                7.309483403684249e-10
            ],
            [
                0.0,
                2.988177722200229e-11,
                0.9999999990473165,
                7.850176878829757e-10,
                1.37784022558773e-10
            ],
            [
                0.9998325401816393,
                0.0001550467614922239,
                4.878806856753489e-06,
                8.693229747194753e-07,
                6.664927037055427e-06
            ],
            [
                0.9999458896882771,
                4.1790421772114025e-08,
                7.616191931710715e-09,
                3.2013238805151066e-08,
                5.402889187021549e-05
            ]
        ],
        [
            [
                0.9999999305790154,
                4.3900446311931185e-08,
                6.623477078310351e-09,
                4.481070443068591e-09,
                1.4415990772912573e-08
            ],
            [
                0.0,
                1.4307679059463673e-08,
                0.9999999165659357,
                6.451046293397344e-08,
                4.615922208817817e-09
            ],
            [
                0.0,
                9.447539769618727e-11,
                0.9999999987208303,
                8.589249993530896e-10,
                3.2576936053941533e-10
            ],
            [
                0.9999126921398093,
                8.566055785204605e-05,
                1.1814855695346007e-06,
                2.2783255336835906e-07,
                2.3798421567188274e-07
            ],
            [
                0.9999990551804874,
                9.038425076631204e-07,
                1.2388145944853488e-08,
                1.134054123508737e-08,
                1.724831783733955e-08
            ]
        ],
        [
            [
                0.999998821277676,
                1.129963722933476e-06,
                4.142560177500777e-08,
                6.796331572905677e-09,
                5.36667670312066e-10
            ],
            [
                0.0,
                5.987336891460906e-10,
                0.9999183991050954,
                8.158904478464864e-05,
                1.1251386279235958e-08
            ],
            [
                0.0,
                2.958613469304929e-11,
                0.9999999993801241,
                4.525819579202256e-10,
                1.3770783105006035e-10
            ],
            [
                0.999996545814224,
                9.547162229981482e-07,
                7.928250631954453e-08,
                6.03337048832783e-08,
                2.3598533418241877e-06
            ],
            [
                0.999980695939229,
                2.5343546331842914e-08,
                1.8692996059296207e-09,
                6.0241453001442726e-09,
                1.9270823779703848e-05
            ]
        ],
        [
            [
                0.9966498428273602,
                1.975990256392395e-07,
                3.169505818940011e-08,
                6.733392058325415e-07,
                0.0033492545393500397
            ],
            [
                0.0,
                2.264762183656031e-09,
                0.9999999713231399,
                2.4336509255109304e-08,
                2.075588643189659e-09
            ],
            [
                0.0,
                1.161852259952098e-10,
                0.9999999962087245,
                2.7932282983508568e-09,
                8.818618756221855e-10
            ],
            [
                0.9999955287441237,
                4.424396330388103e-06,
                4.003285029348459e-08,
                6.458996692727379e-09,
                3.6769889548887416e-10
            ],
            [
                0.9999994165445257,
                4.825110958834881e-07,
                2.8623450059485753e-08,
                2.6244720353175113e-08,
                4.607620784946139e-08
            ]
        ],
        [
            [
                0.9999998160645192,
                4.3719620753960426e-08,
                5.638807886276155e-09,
                1.0019089670745316e-08,
                1.245579626441456e-07
            ],
            [
                0.0,
                2.001183357232021e-08,
                0.9999995257915834,
                4.294224060043984e-07,
                2.4774177120961845e-08
            ],
            [
                0.0,
                4.2428223657041837e-11,
                0.9999999983168602,
                1.163205435922722e-09,
                4.775060398901939e-10
            ],
            [
                0.9999932034087476,
                6.659634244403538e-06,
                7.645100530391614e-08,
                4.24842232187903e-09,
                5.6257580281219165e-08
            ],
            [
                0.9999896067597094,
                1.026583065579928e-05,
                3.39596925449667e-08,
                3.177822825997594e-08,
                6.167171421690038e-08
            ]
        ],
        [
            [
                0.9999998678582459,
                6.278417008955177e-08,
                5.739208477809608e-09,
                2.2025605624744354e-09,
                6.141581494044058e-08
            ],
            [
                0.0,
                1.302530770555175e-07,
                0.9999998169312115,
                4.532510251653286e-08,
                7.490608723255376e-09
            ],
            [
                0.0,
                6.376840109471905e-11,
                0.9999999920060382,
                6.934727353126405e-09,
                9.954662316443069e-10
            ],
            [
                0.9999990746835319,
                9.065298293110341e-07,
                9.20666800977054e-09,
                5.528625439806939e-09,
                4.051345396633291e-09
            ],
            [
                0.9999677019087323,
                3.2107367121026886e-05,
                1.5389379303733616e-07,
                2.3928015724403642e-08,
                1.2902337925838759e-08
            ]
        ],
        [
            [
                0.999999796539692,
                1.8031928323725036e-07,
                1.8304338253864607e-08,
                2.2622755518456294e-09,
                2.574410976144424e-09
            ],
            [
                0.0,
                2.6283329346164456e-09,
                0.9999999892435342,
                7.364104806155819e-09,
                7.640282182266982e-10
            ],
            [
                0.0,
                3.494053475789786e-11,
                0.9999999983331966,
                1.3471663468278917e-09,
                2.846965916782511e-10
            ],
            [
                0.9999985166811469,
                1.4341927310895256e-06,
                4.226166490667673e-08,
                2.5817424259236954e-09,
                4.282714848828613e-09
            ],
            [
                0.9999949336624857,
                3.7958986494716013e-06,
                4.556624798360123e-08,
                5.951250975926037e-08,
                1.1653601071539045e-06
            ]
        ],
        [
            [
                0.9999799076425159,
                8.675948734625799e-08,
                1.5866727323978033e-08,
                1.5282963755089014e-07,
                1.98369016319163e-05
            ],
            [
                0.0,
                6.014053763983776e-09,
                0.9999999812076278,
                1.0864215157855731e-08,
                1.914103270891888e-09
            ],
            [
                0.0,
                3.2366280440776274e-11,
                0.9999999989823196,
                7.186558963043006e-10,
                2.6665818516298567e-10
            ],
            [
                3.0305334045217825e-06,
                0.9999965998858121,
                3.677558737625651e-07,
                1.8062147918424374e-09,
                1.8694758512570127e-11
            ],
            [
                0.9999995725493381,
                3.355424423455512e-07,
                2.2527349845799058e-08,
                6.7441755231729996e-09,
                6.263669412555836e-08
            ]
        ],
        [
            [
                0.9999993101733762,
                2.7709324335734748e-08,
                4.180467144648867e-09,
                9.881326536025121e-09,
                6.480555057731791e-07
            ],
            [
                0.0,
                1.9732539730299884e-07,
                0.9999996471094678,
                1.5244533480362342e-07,
                3.1198001310793064e-09
            ],
            [
                0.0,
                2.8112428491410288e-11,
                0.9999999991261659,
                6.248460737892492e-10,
                2.2087563142316956e-10
            ],
            [
                0.9999895359860742,
                1.0258226939133503e-05,
                8.279405855160615e-08,
                7.591815580706329e-08,
                4.707477231380194e-08
            ],
            [
                0.9999962724011886,
                3.6994014944688884e-06,
                2.2799632724862147e-08,
                3.961536256921067e-09,
                1.436147789366163e-09
            ]
        ],
        [
            [
                0.9999630422563827,
                1.2743383750564274e-07,
                1.1622524025672746e-08,
                1.6602699215079503e-07,
                3.665266026373334e-05
            ],
            [
                0.0,
                2.5021089149069154e-10,
                5.299018987731021e-07,
                0.9999983080863588,
                1.1617615314488791e-06
            ],
            [
                0.0,
                2.425326055969627e-10,
                0.9999999902110005,
                8.603830867985999e-09,
                9.426359026511653e-10
            ],
            [
                0.9998018902059377,
                0.00019778501641895646,
                7.955774490890299e-08,
                8.365472209828706e-08,
                1.61565176498574e-07
            ],
            [
                0.9999995785151893,
                2.3308271063759985e-07,
                2.089998489501807e-08,
                3.3700303519694065e-08,
                1.3380181171524645e-07
            ]
        ],
        [
            [
                0.9999984161560435,
                1.5058216937668419e-06,
                2.4963768191307367e-08,
                6.6552620776276495e-09,
                4.6403232376104813e-08
            ],
            [
                0.0,
                1.3711739859529892e-09,
                5.166290706078313e-05,
                0.9999467881379862,
                1.5475837791641683e-06
            ],
            [
                0.0,
                7.862310398411483e-11,
                0.9999999986582144,
                1.053344847022991e-09,
                2.0981762581944704e-10
            ],
            [
                1.9519118781922002e-05,
                0.9999804190365056,
                6.127284109712773e-08,
                5.514573795348046e-10,
                2.041401561683657e-11
            ],
            [
                0.999999384631807,
                5.399530230796683e-07,
                7.929592387918342e-09,
                8.962845436020587e-09,
                5.852273213158568e-08
            ]
        ],
        [
            [
                0.9999993135461585,
                6.573964031614101e-07,
                8.027243046833925e-09,
                3.561408542214552e-09,
                1.746878679244047e-08
            ],
            [
                0.0,
                1.5259405200480087e-08,
                0.9999999736457765,
                9.86994891028757e-09,
                1.2248694808036532e-09
            ],
            [
                0.0,
                2.2568224563891013e-10,
                0.9999999829253469,
                1.4910727175904172e-08,
                1.9382440545747742e-09
            ],
            [
                0.9999488714949372,
                5.0969212929865545e-05,
                1.4179267161441086e-07,
                1.4860700522561333e-08,
                2.638760920922864e-09
            ],
            [
                0.9999939764274567,
                5.870916839918307e-06,
                1.084629118272609e-07,
                4.047439426505299e-08,
                3.718397323799646e-09
            ]
        ],
        [
            [
                0.9999997119310503,
                2.7866830075647445e-07,
                7.051541575032286e-09,
                1.5604110645905345e-09,
                7.886961292757001e-10
            ],
            [
                0.0,
                2.645074752267187e-09,
                0.9999934157245447,
                6.537330650077432e-06,
                4.4299730477137523e-08
            ],
            [
                0.0,
                4.672406900889601e-10,
                0.9999999218382651,
                7.414381563638481e-08,
                3.5506784973740414e-09
            ],
            [
                0.9999996469120407,
                3.0878882411377105e-07,
                3.454089606888577e-08,
                5.922158667138665e-09,
                3.836080507742088e-09
            ],
            [
                0.9999997334878253,
                2.178775544786945e-07,
                5.6888894945445396e-09,
                1.4409337076635448e-08,
                2.8536393500089276e-08
            ]
        ],
        [
            [
                0.9999820268845132,
                1.7785804484376054e-05,
                3.9510721385334885e-08,
                4.617122042630063e-08,
                1.0162906063340477e-07
            ],
            [
                7.206988324204941e-09,
                2.2147649535432292e-07,
                0.9999996829832515,
                8.554793671783389e-08,
                2.7853280405170734e-09
            ],
            [
                0.0,
                6.608109789533635e-12,
                0.9999999997567948,
                1.572150944725139e-10,
                7.938210112651188e-11
            ],
            [
                0.9304327028068042,
                0.0003606396308709216,
                0.0013493621563819775,
                6.565155544712223e-05,
                0.06779164385049576
            ],
            [
                0.9999976214607366,
                1.5868482944432005e-06,
                4.544352475715039e-08,
                2.7523962683176948e-08,
                7.187234815310216e-07
            ]
        ],
        [
            [
                0.9999998504804367,
                1.3876466918329584e-07,
                5.4968707120203096e-09,
                2.1445364019843358e-09,
                3.113486937624293e-09
            ],
            [
                0.0,
                2.287266582627277e-09,
                0.9999999913460268,
                5.014618365889089e-09,
                1.3520882209940866e-09
            ],
            [
                0.0,
                1.443182185378046e-10,
                0.9999999932035926,
                5.58832424757036e-09,
                1.0637649878355462e-09
            ],
            [
                0.9999704083752052,
