{
    "[['A', 'B', 'C', 'D', 'E'], ['A', 'B', 'C', 'D', 'E']]": [
        [
            [
                0.9999995518792528,
                4.388271981108349e-07,
                7.9721914981229e-09,
                1.2656615719177315e-09,
                5.569601219583228e-11
            ],
            [
                2.412596529648261e-10,
                1.3221616784241686e-06,
                0.9999986480857291,
                2.9511332924801896e-08,
                0.0
            ],
            [
                0.0,
                9.88570355162562e-12,
                0.9999999998580646,
                6.671561738903337e-11,
                6.533418817420538e-11
            ],
            [
                0.999997967848536,
                2.0257365714631014e-06,
                3.8292892333364e-09,
                2.0128310809594925e-09,
                5.727723102425254e-10
            ],
            [
                0.5977716165499414,
                0.4022272276721419,
                7.226933937833351e-07,
                3.6132446973143637e-07,
                7.176005328983765e-08
            ]
        ],
        [
            [
                0.9999996674177556,
                3.246202150833212e-07,
                6.837587884179518e-09,
                9.086984195337374e-10,
                2.1574300953932638e-10
            ],
            [
                9.710636255946505e-08,
                0.030324835655669367,
                0.9696736030639117,
                1.4554575738322738e-06,
                8.716482499946462e-09
            ],
            [
                0.0,
                7.53537853315608e-12,
                0.9999999998777145,
                7.572916162324119e-11,
                3.902108614847564e-11
            ],
            [
                0.9999883927221965,
                1.1592641608600488e-05,
                1.2251855173841556e-08,
                2.2162394059344956e-09,
                1.6810030959305785e-10
            ],
            [
                0.9999750396642011,
                2.490222108756289e-05,
                3.801499186112938e-08,
                1.8962765951802628e-08,
                1.1369534907351716e-09
            ]
        ],
        [
            [
                0.9999942015523171,
                5.788689665238502e-06,
                6.917989401254834e-09,
                2.6689850473368064e-09,
                1.7104316202012235e-10
            ],
            [
                4.5617668322078733e-07,
                0.9999987153182582,
                7.957956928105162e-07,
                3.2304470852193363e-08,
                4.048948565785671e-10
            ],
            [
                0.0,
                2.4511679071585807e-11,
                0.9999999990223001,
                6.921654763953847e-10,
                2.610226631528623e-10
            ],
            [
                0.9999717333093164,
                2.8204219969973365e-05,
                6.032461342888211e-08,
                1.8550992833617206e-09,
                2.91000822757867e-10
            ],
            [
                0.9999991866606603,
                7.968277428334937e-07,
                1.5166408914868818e-08,
                1.1785388159066494e-09,
                1.6664905602981282e-10
            ]
        ],
        [
            [
                0.9999999106402108,
                8.100875361175341e-08,
                7.767059816483905e-09,
                5.166637626558113e-10,
                6.73121459655868e-11
            ],
            [
                4.310572343564732e-08,
                0.9999977852619981,
                2.152855063154122e-06,
                1.8711981729718288e-08,
                6.523357225200255e-11
            ],
            [
                0.0,
                1.6685984061519404e-11,
                0.999999999717263,
                1.5109858549591254e-10,
                1.1495237314794971e-10
            ],
            [
                0.9997502753305517,
                0.0002496941418637893,
                1.6256290689564963e-08,
                1.3908827144009594e-08,
                3.624666490029678e-10
            ],
            [
                0.9999979377408149,
                1.9909250081092676e-06,
                2.3063987971716816e-08,
                2.5206200989376005e-08,
                2.3063987971716816e-08
            ]
        ],
        [
            [
                0.9999997506995011,
                2.4066530654776166e-07,
                8.124018891675201e-09,
                4.472938569307466e-10,
                6.387954454225234e-11
            ],
            [
                1.5276054320845437e-07,
                0.6027141872512456,
                0.3972812421871352,
                4.407562628419939e-06,
                1.0238447763719748e-08
            ],
            [
                0.0,
                2.6354334647339514e-11,
                0.9999999997154925,
                1.888766592081975e-10,
                6.927660765140926e-11
            ],
            [
                0.9994352234648523,
                0.0005647262874061761,
                3.55963088920609e-08,
                1.2892743495831719e-08,
                1.758689072114581e-09
            ],
            [
                0.9999952591365331,
                4.733272216062215e-06,
                7.326306546753174e-09,
                2.5161984907009845e-10,
                1.3324507053035139e-11
            ]
        ],
        [
            [
                0.9974884011495554,
                0.0025115420646662618,
                4.2901163463693024e-08,
                1.3591062453653046e-08,
                2.9355237266090737e-10
            ],
            [
                0.0,
                3.008703607736154e-07,
                0.9999995860055184,
                1.119532761472531e-07,
                1.17084471490413e-09
            ],
            [
                0.0,
                9.616687104735359e-12,
                0.9999999996417084,
                2.0959203720129223e-10,
                1.3908282983928578e-10
            ],
            [
                0.9999536105045125,
                4.6335777871285494e-05,
                1.6751540100763965e-08,
                3.264040873086895e-08,
                4.3256672362018564e-09
            ],
            [
                0.9999798506338643,
                2.011541795400178e-05,
                2.8199847049867032e-08,
                5.3944704921777025e-09,
                3.5386421418881687e-10
            ]
        ],
        [
            [
                0.9999964454647424,
                3.5399185533621503e-06,
                1.311985136274914e-08,
                1.4437528725557714e-09,
                5.310001143155551e-11
            ],
            [
                1.5984887965328987e-08,
                0.9999905285469611,
                9.43159326057882e-06,
                2.3827818673886146e-08,
                4.7071643987730324e-11
            ],
            [
                0.0,
                1.372952902657286e-10,
                0.9999999939693203,
                3.917624104936864e-09,
                1.975760146969244e-09
            ],
            [
                2.0115937015796747e-05,
                0.9999797860610794,
                6.112564453171942e-08,
                3.356795796223794e-08,
                3.308302491423929e-09
            ],
            [
                0.9999342503376177,
                6.570473476542951e-05,
                4.099502323211489e-08,
                3.6576291395935592e-09,
                2.7496440927089297e-10
            ]
        ],
        [
            [
                0.999999758805681,
                2.2431746028091311e-07,
                1.4706377533948424e-08,
                1.0143800568613498e-09,
                1.1561009531290285e-09
            ],
            [
                3.4828322234980815e-09,
                0.9999729208259605,
                2.7047815865311705e-05,
                2.7824460474005493e-08,
                5.088153957223801e-11
            ],
            [
                0.0,
                3.731444680383655e-11,
                0.9999999982164363,
                8.682693650198011e-10,
                8.779799389170273e-10
            ],
            [
                0.9998150413081011,
                0.00018495236365376867,
                5.573432355634633e-09,
                6.860837797269842e-10,
                6.872897107159054e-11
            ],
            [
                0.9999904913391313,
                9.485481546117078e-06,
                2.1121515908152356e-08,
                1.7356753477332022e-09,
                3.2213129425958136e-10
            ]
        ],
        [
            [
                0.9999511915306241,
                4.879213753371512e-05,
                1.5727073102320865e-08,
                5.740650475902744e-10,
                3.0704037848901166e-11
            ],
            [
                0.00018248147412083354,
                0.9965662572915782,
                0.00037620927466554705,
                0.0009490001673555938,
                0.0019260517922798015
            ],
            [
                0.0,
                2.0968720180919226e-10,
                0.9999999944863007,
                4.471405470413747e-09,
                8.326066336040398e-10
            ],
            [
                0.03226435841150826,
                0.9677351739026679,
                2.7283594946274e-07,
                1.8157433247439837e-07,
                1.3275541874167818e-08
            ],
            [
                0.9998541231439675,
                0.0001458520025140617,
                1.8776551464212204e-08,
                5.726633878232453e-09,
                3.5033311641141506e-10
            ]
        ],
        [
            [
                0.9999944496461765,
                5.459103374335368e-06,
                4.0538442530530905e-08,
                2.7184057116673966e-08,
                2.3527949654253282e-08
            ],
            [
                6.729218733381482e-09,
                5.987969239442297e-05,
                0.9999383748169536,
                1.7234819319195969e-06,
                1.5279501369797037e-08
            ],
            [
                0.0,
                1.2010219965821224e-10,
                0.999999998280444,
                1.1109168840988076e-09,
                4.885370931328762e-10
            ],
            [
                0.9999924641136368,
                7.418236187897827e-06,
                1.2859858175378094e-08,
                1.6618674138688235e-08,
                8.817164301311684e-08
            ],
            [
                0.9356745242218213,
                0.0643223393269915,
                7.806656408778224e-07,
                1.0926132997401564e-06,
                1.263172246578737e-06
            ]
        ],
        [
            [
                0.9999966802102357,
                3.309740132130648e-06,
                9.391656053075128e-09,
                6.395418889601524e-10,
                1.8434225166021822e-11
            ],
            [
                5.56328954752047e-09,
                0.9993251612215195,
                0.0006746154354700942,
                2.1762317463059584e-07,
                1.5654632573754027e-10
            ],
            [
                0.0,
                4.3262013316978016e-10,
                0.9999999776881248,
                1.4609754603353322e-08,
                7.2695003938243005e-09
            ],
            [
                0.9999997180595951,
                2.423364444479442e-07,
                1.7494259850342822e-08,
                6.085189109423356e-09,
                1.6024511563294687e-08
            ],
            [
                0.9999992841045948,
                6.971184208102993e-07,
                1.0884583276912367e-08,
                6.188708599999731e-09,
                1.7036925808537183e-09
            ]
        ],
        [
            [
                0.9999080004508909,
                9.199717938321978e-05,
                2.202359015870191e-09,
                1.5305328987730645e-10,
                1.4313689430264103e-11
            ],
            [
                2.6470734219799325e-09,
                5.823243133312435e-05,
                0.9999406299835244,
                1.1306406499380113e-06,
                4.297419273130108e-09
            ],
            [
                0.0,
                1.5635675646271277e-11,
                0.9999999996173963,
                2.536668526038627e-10,
                1.1330108555277841e-10
            ],
            [
                8.80022977437839e-06,
                0.9999857339858201,
                5.335334273269336e-06,
                1.2455617892507716e-07,
                5.8939533124471555e-09
            ],
            [
                0.9999974484673597,
                2.523403019116102e-06,
                2.551461123561292e-08,
                2.3715452431342126e-09,
                2.434646596692524e-10
            ]
        ],
        [
            [
                0.9999964572377283,
                3.5209395408461274e-06,
                2.0302989866799027e-08,
                1.4175710609943642e-09,
                1.0216980202894708e-10
            ],
            [
                2.49269700011722e-06,
                0.999996508387904,
                1.8261020716570093e-07,
                5.88682533439833e-07,
                2.2762235515759264e-07
            ],
            [
                0.0,
                2.1572931518390347e-11,
                0.9999999990337693,
                6.696041920170733e-10,
                2.750535656518452e-10
            ],
            [
                0.9999971115919402,
                2.881668357717603e-06,
                5.76550763907388e-09,
                9.242167815302546e-10,
                4.997788603722262e-11
            ],
            [
                0.9999986737176622,
                1.3059333234621104e-06,
                1.7783486879375865e-08,
                2.305320142633925e-09,
                2.602074427937848e-10
            ]
        ],
        [
            [
                0.9999993196910467,
                6.503779084895797e-07,
                2.475703102131694e-08,
                4.546188212193912e-09,
                6.278255245878729e-10
            ],
            [
                1.4382922444040403e-08,
                0.9970250708244682,
                0.0029746727889742074,
                2.4138476807301254e-07,
                6.188670031637845e-10
            ],
            [
                0.0,
                3.300880315018463e-11,
                0.9999999982619243,
                1.0881422560099248e-09,
                6.169247661833419e-10
            ],
            [
                0.9999305357487209,
                6.942411030501949e-05,
                8.499653200141724e-09,
                2.476057279189061e-08,
                6.880748046948773e-09
            ],
            [
                0.9999994302534747,
                5.550857075331307e-07,
                1.3357352471767575e-08,
                1.1132055688986665e-09,
                1.9025967324210303e-10
            ]
        ],
        [
            [
                0.9999977853100436,
                2.204022313282487e-06,
                8.677367536920275e-09,
                1.9253958430850405e-09,
                6.487993603473664e-11
            ],
            [
                4.684544934567325e-09,
                7.890679088977162e-06,
                0.9999916367417794,
                4.6315761435660934e-07,
                4.736972212242509e-09
            ],
            [
                0.0,
                2.1514007204184014e-11,
                0.9999999994727371,
                2.6626328791970357e-10,
                2.3948583233709667e-10
            ],
            [
                8.78433532605461e-07,
                0.9999959344403588,
                3.0911484724528022e-06,
                8.193427031305962e-08,
                1.404336583699555e-08
            ],
            [
                0.995533826123437,
                0.004465910972858166,
                2.1019988092585403e-07,
                5.088734452108736e-08,
                1.8164793010802682e-09
            ]
        ],
        [
            [
                0.9999962943104349,
                3.704188671055226e-06,
                1.3023233279150072e-09,
                1.8973383867607168e-10,
                8.837030195947965e-12
            ],
            [
                9.068647839718054e-10,
                1.0054769520257908e-05,
                0.9999898655048979,
                7.881871700111274e-08,
                0.0
            ],
            [
                0.0,
                5.1372829099287423e-11,
                0.9999999974077962,
                1.7721750559318264e-09,
                7.68655893964142e-10
            ],
            [
                0.9999970925892053,
                2.8447515113655864e-06,
                2.358865298196509e-08,
                3.0653995520902425e-08,
                8.41663466999075e-09
            ],
            [
                0.9999962996590526,
                3.6383608833138433e-06,
                2.055266078091853e-08,
                3.746412117217215e-08,
                3.963282192633879e-09
            ]
        ],
        [
            [
                0.999987911856844,
                1.2054428406546308e-05,
                3.138907527683318e-08,
                1.9757374533874713e-09,
                3.4993639682163886e-10
            ],
            [
                3.315693804084399e-07,
                0.9999994724460121,
                1.9006664848625686e-07,
                5.840038485271338e-09,
                7.792054761545413e-11
            ],
            [
                0.0,
                2.151753648085739e-11,
                0.9999999995644198,
                2.9268970013345784e-10,
                1.2137315219106577e-10
            ],
            [
                7.625341867683526e-07,
                0.9999979025402733,
                1.3263848572820877e-06,
                8.075246617240302e-09,
                4.6543590608294967e-10
            ],
            [
                0.9996691379017943,
                0.0003308184351065127,
                3.075583962626675e-08,
                1.0554147156985353e-08,
                2.3531121532249206e-09
            ]
        ],
        [
            [
                0.9999458847333776,
                5.410515227619834e-05,
                9.801101132206425e-09,
                3.0984736080717235e-10,
                3.397731196292179e-12
            ],
            [
                1.8964284742443557e-08,
                0.0062212557485494474,
                0.9937773307645303,
                1.3884720514613889e-06,
                6.0505840882494946e-09
            ],
            [
                0.0,
                1.523149615779518e-11,
                0.9999999996399176,
                1.9051858583837318e-10,
                1.5433227258603582e-10
            ],
            [
                0.9900335129251497,
                0.009966201829639693,
                9.788701668488342e-08,
                9.680418873318934e-08,
                9.055400514640175e-08
            ],
            [
                0.9999996963837999,
                2.8190640049065557e-07,
                1.5550698887051672e-08,
                4.736909311256952e-09,
                1.4221912895802623e-09
            ]
        ],
        [
            [
                0.999997855711649,
                2.1392879948142535e-06,
                4.776811844084647e-09,
                2.0506669452154613e-10,
                1.8477558280130032e-11
            ],
            [
                2.9660023605841116e-08,
                0.9999741226135186,
                2.579867091187273e-05,
                4.893488773923216e-08,
                1.206580616976019e-10
            ],
            [
                0.0,
                2.7326870346282652e-11,
                0.9999999987285786,
                7.798838280922464e-10,
                4.6421068549082994e-10
            ],
            [
                0.9999883099031786,
                1.1655808336105016e-05,
                2.0860277380301814e-08,
                1.1976787712409639e-08,
                1.4514202542779374e-09
            ],
            [
                0.9999939256543677,
                6.0507783966899275e-06,
                1.9157369231598547e-08,
                3.7909838767273525e-09,
                6.188823529356902e-10
            ]
        ],
        [
            [
                0.9999995777994154,
                4.0849436443440516e-07,
                1.2669616791300906e-08,
                9.902453140258876e-10,
                4.6358049032917155e-11
            ],
            [
                0.0,
                8.576518288533654e-07,
                0.9999991253901164,
                1.6434618399664107e-08,
                5.234364387735055e-10
            ],
            [
                0.0,
                8.945262717874287e-11,
                0.999999999380141,
                3.750333368329244e-10,
                1.5537311046398978e-10
            ],
            [
                0.9985037426027319,
                0.0014962358388098712,
                2.102151966540716e-08,
                5.305801933233498e-10,
                6.358545552109756e-12
            ],
            [
                0.9999895211204567,
                1.0475616741409068e-05,
                2.976076839540368e-09,
                2.796825404741355e-10,
                7.042552545288765e-12
            ]
        ],
        [
            [
                0.9999997938801279,
                1.9570094586383138e-07,
                8.180805760716582e-09,
                1.903697591588809e-09,
                3.34422842741247e-10
            ],
            [
                5.579239550633039e-09,
                0.998301607297527,
                0.0016982739764434059,
                1.1303823832929668e-07,
                1.0855193855809245e-10
            ],
            [
                0.0,
                3.560270588890062e-11,
                0.9999999992020505,
                5.190342673114228e-10,
                2.433124048109323e-10
            ],
            [
                2.815563051707166e-05,
                0.9999717183531677,
                1.0627601521001775e-07,
                1.8468741995355002e-08,
                1.2715582515469292e-09
            ],
            [
                0.9999934490334031,
                6.541471876556043e-06,
                5.805121932765763e-09,
                2.9123918627603345e-09,
                7.7720645853969e-10
            ]
        ],
        [
            [
                0.9999954331863252,
                4.556933736666881e-06,
                9.636402984263219e-09,
                2.3334099380545476e-10,
                1.0194374524999e-11
            ],
            [
                9.717282183947037e-09,
                5.331671975022029e-06,
                0.9999928729639244,
                1.7735337738877783e-06,
                1.211304458825398e-08
            ],
            [
                0.0,
                2.0576124326319866e-11,
                0.9999999991376676,
                4.3495252604418024e-10,
                4.0680376295244835e-10
            ],
            [
                0.9999988170891246,
                1.17267812766639e-06,
                5.288568313925513e-09,
                3.2802161660958293e-09,
                1.663963158316693e-09
            ],
            [
                0.9999997266951515,
                2.698595122200238e-07,
                3.0653921808568682e-09,
                3.377362300673552e-10,
                4.2207870065944545e-11
            ]
        ],
        [
            [
                0.9993721058507717,
                0.0006278372493832275,
                5.082041312775827e-08,
                6.030042108821332e-09,
                4.9389594133114e-11
            ],
            [
                5.67612434679823e-08,
                0.9988031831853439,
                0.0011956657429377645,
                1.0930853018061525e-06,
                1.2251731719376326e-09
            ],
            [
                0.0,
                1.861289171260535e-11,
                0.9999999992869457,
                2.9438500613312017e-10,
                4.0005633482292893e-10
            ],
            [
                0.9999691060655356,
                3.0861013662631364e-05,
                2.5358051501263974e-08,
                6.205256206346974e-09,
                1.357494051645197e-09
            ],
            [
                0.9999997576308884,
                2.1164413743843837e-07,
                2.8421888518310878e-08,
                1.822072915226299e-09,
                4.810125666777085e-10
            ]
        ],
        [
            [
                0.9999998485307711,
                1.2767408243267599e-07,
                1.3025301489706671e-08,
                4.147404211505343e-09,
                6.622440687001517e-09
            ],
            [
                2.8998439632058798e-08,
                0.9999779205349952,
                2.203151142773518e-05,
                1.8775046213783538e-08,
                1.8009128652996232e-10
            ],
            [
                0.0,
                1.4922747142630646e-10,
                0.9999999961396602,
                2.2599552126667353e-09,
                1.4511572888893248e-09
            ],
            [
                1.8394678020082838e-05,
                0.9999808118228837,
                7.657960990159694e-07,
                2.5917345391012412e-08,
                1.7856518202863713e-09
            ],
            [
                0.9999980280045586,
                1.8942669974955262e-06,
                4.679359263139489e-08,
                2.6610973719055494e-08,
                4.32387754590026e-09
            ]
        ],
        [
            [
                0.9999913988913902,
                8.586392643385974e-06,
                1.0504361996975142e-08,
                3.928039284786846e-09,
                2.8356502509129225e-10
            ],
            [
                5.788575882635389e-07,
                0.9999949621029451,
                3.88128258814488e-06,
                5.338715889097522e-07,
                4.388528962205189e-08
            ],
            [
                0.0,
                3.8495263131520427e-11,
                0.9999999983884682,
                8.563093968859829e-10,
                7.167271339453705e-10
            ],
            [
                0.9507602571707569,
                0.049237920022206366,
                1.648395531514185e-06,
                1.593628066707898e-07,
                1.504869857964686e-08
            ],
            [
                0.9999942449558266,
                5.695482915194626e-06,
                5.5367113032247155e-08,
                3.92806919470261e-09,
                2.6607594600849065e-10
            ]
        ],
        [
            [
                0.9999982327356688,
                1.6032294131300668e-06,
                9.339125706682779e-08,
                1.9616649124510108e-08,
                5.102701186868735e-08
            ],
            [
                0.0008214590673551695,
                0.9986258368093053,
                0.00022225755231937525,
                0.00017432738475374723,
                0.00015611918626640432
            ],
            [
                0.0,
                9.42193240900521e-11,
                0.9999999965641444,
                1.8911900049746757e-09,
                1.4504461230642606e-09
            ],
            [
                0.9999954080763638,
                4.58957033237389e-06,
                1.8629462697854573e-09,
                4.4232397845528676e-10,
                4.803366596612211e-11
            ],
            [
                0.9999507872419852,
                4.9051919310046973e-05,
                6.99498881600322e-08,
                8.334718626389663e-08,
                7.541630490089453e-09
            ]
        ],
        [
            [
                0.999988089073427,
                1.1906210278624986e-05,
                4.3593279025111415e-09,
                3.5015140227262477e-10,
                6.815078481041633e-12
            ],
            [
                6.7801467764399976e-09,
                5.350837248505601e-05,
                0.9999450018016414,
                1.4762655799366542e-06,
                6.7801467764399976e-09
            ],
            [
                0.0,
                1.9098127604409456e-11,
                0.9999999997863052,
                6.351022167792173e-11,
                1.3108656715914725e-10
            ],
            [
                0.9878691261269643,
                0.012130769135211595,
                9.249690469699886e-08,
                1.190080026387609e-08,
                3.4011907295550935e-10
            ],
            [
                0.9999993827608904,
                5.965886754181622e-07,
                1.4830543733443555e-08,
                5.274656138980678e-09,
                5.452343600053888e-10
            ]
        ],
        [
            [
                0.999998822495647,
                1.1714083729155564e-06,
                5.17527013702555e-09,
                8.877974353818202e-10,
                3.291249083114843e-11
            ],
            [
                4.0460176725189274e-05,
                0.38123315010718456,
                0.5732812152464326,
                0.032920718416664815,
                0.012524456052992714
            ],
            [
                0.0,
                7.392256928297932e-11,
                0.9999999981044108,
                1.257324403151935e-09,
                5.643420553881946e-10
            ],
            [
                0.9876964886341486,
                0.012300925132129626,
                1.6682574084974896e-06,
                6.795418226820919e-07,
                2.384344906555116e-07
            ],
            [
                0.9954127006875894,
                0.0045868988515449195,
                3.683346633836384e-07,
                3.1559446198144976e-08,
                5.667561442557644e-10
            ]
        ],
        [
            [
                0.9999984163826997,
                1.5768825561209274e-06,
                6.383856096081314e-09,
                3.4446777465132276e-10,
                6.420296033552044e-12
            ],
            [
                2.467283799391062e-08,
                0.9973371540276856,
                0.0026625585459518807,
                2.6224692636100865e-07,
                5.065980868031513e-10
            ],
            [
                0.0,
                6.784616134790196e-11,
                0.9999999982403946,
                9.176788842959386e-10,
                7.740804374265443e-10
            ],
            [
                0.9044072705124513,
                0.09559219424796883,
                2.6952413672701025e-07,
                2.3073724735834762e-07,
                3.497819571499697e-08
            ],
            [
                0.9999928896932941,
                7.085129323773312e-06,
                2.0125788319630456e-08,
                4.834852965820439e-09,
                2.167407247249481e-10
            ]
        ],
        [
            [
                0.999999620820327,
                3.7764348594915783e-07,
                1.4229264906397446e-09,
                1.1197937687042514e-10,
                1.281367944776716e-12
            ],
            [
                4.3656643733470824e-07,
                0.9999989148767785,
                6.363797427181992e-07,
                1.2103806136051871e-08,
                7.323532508914786e-11
            ],
            [
                0.0,
                1.6820423105548122e-10,
                0.9999999950639609,
                2.8766447472163635e-09,
                1.8911900021375434e-09
            ],
            [
                0.9999787394757909,
                2.121873838699793e-05,
                3.09369921329206e-08,
                7.169503338553982e-09,
                3.6793266298381315e-09
            ],
            [
                0.9992219408298708,
                0.0007780446284944996,
                9.784346984018111e-09,
                4.636340016292549e-09,
                1.2094770885952878e-10
            ]
        ],
        [
            [
                0.9999905342461646,
                9.45664068713456e-06,
                5.567652136450092e-09,
                3.507752292156664e-09,
                3.7743711866723556e-11
            ],
            [
                8.095021220445272e-08,
                0.053101063606622596,
                0.9468964937437705,
                2.3578512080207455e-06,
                3.848186806587863e-09
            ],
            [
                0.0,
                5.415382090907095e-11,
                0.9999999977768825,
                1.198569411741056e-09,
                9.703941479762889e-10
            ],
            [
                0.9971956914848968,
                0.002804290855516123,
                1.7209639011325145e-08,
                4.373391776722118e-10,
                1.260874965628874e-11
            ],
            [
                0.9999992861531021,
                6.840875449224377e-07,
                2.204734730421343e-08,
                7.140394671038883e-09,
                5.716110979631391e-10
            ]
        ],
        [
            [
                0.9999995254682147,
                4.668218221548642e-07,
                7.583258539770472e-09,
                1.1944631818595836e-10,
                7.258239444375001e-12
            ],
            [
                0.0,
                8.256802521986082e-09,
                0.99999996532134,
                2.3402406556017117e-08,
                3.0194510305116697e-09
            ],
            [
                0.0,
                3.294037450109417e-11,
                0.9999999994299507,
                2.053614293650647e-10,
                3.317475574454128e-10
            ],
            [
                0.9917115785648507,
                0.008286515968373386,
                1.4078794762928394e-06,
                3.399703903679465e-07,
                1.5761690923009956e-07
            ],
            [
                0.9999997238161813,
                2.6293132847824035e-07,
                6.784208706829989e-09,
                2.465029342730592e-09,
                4.003252063753196e-09
            ]
        ],
        [
            [
                0.9999990818339919,
                9.103105249802511e-07,
                5.44940441173416e-09,
                2.2997954017702406e-09,
                1.0628315748178434e-10
            ],
            [
                2.119079922402619e-08,
                0.00017651643803228762,
                0.9998187091513598,
                4.748843702993691e-06,
                4.376105841722408e-09
            ],
            [
                0.0,
                1.1470110502873743e-11,
                0.9999999995372124,
                2.115116516756119e-10,
                2.3980579398488163e-10
            ],
            [
                0.9641578869275391,
                0.03584191380931733,
                1.931743167785567e-07,
                5.9831852965398796e-09,
                1.056414729080021e-10
            ],
            [
                0.9999793585739639,
                2.0511415371722434e-05,
                8.978642846914315e-08,
                2.6997676016046236e-08,
                1.3226559932200876e-08
            ]
        ],
        [
            [
                0.9999988713346571,
                1.063309124311197e-06,
                5.754403317805586e-08,
                7.354068490507957e-09,
                4.581168794622905e-10
            ],
            [
                4.284300511067406e-07,
                0.9999953868997962,
                4.108480930005508e-06,
                7.519041493060204e-08,
                9.988078896794926e-10
            ],
            [
                0.0,
                1.0909804845321997e-10,
                0.9999999979490328,
                1.1154818848792978e-09,
                8.263872737420761e-10
            ],
            [
                0.026118319246136012,
                0.9690320848286441,
                5.737096465054537e-05,
                2.903013681347285e-05,
                0.004763194823755965
            ],
            [
                0.9997933986615888,
                0.00020659506975978197,
                5.687641555900147e-09,
                5.382483584347187e-10,
                4.2761804973394186e-11
            ]
        ],
        [
            [
                0.9990109074949093,
                0.0009890718068401756,
                2.032150785290717e-08,
                3.4702912376862344e-10,
                2.9713660446127623e-11
            ],
            [
                4.023986964358593e-07,
                0.8202660064657029,
                0.1797318446618385,
                1.7431808960372763e-06,
                3.292866084900992e-09
            ],
            [
                0.0,
                1.8533078959479007e-11,
                0.9999999995803763,
                2.3760401039071883e-10,
                1.63486562724427e-10
            ],
            [
                0.9967577329872468,
                0.003242216123299785,
                3.859994804320511e-08,
                1.1991989206443107e-08,
                2.975161668875792e-10
            ],
            [
                0.9999984231730003,
                1.5723235348434214e-06,
                3.2990393965162594e-09,
                1.1212604762195743e-09,
                8.31650722327109e-11
            ]
        ],
        [
            [
                0.999997835226302,
                2.099009061076811e-06,
                5.748227552979924e-08,
                7.250156137412454e-09,
                1.0322051574761308e-09
            ],
            [
                0.0,
                9.092402061724242e-08,
                0.9999994828545784,
                4.1762591912339717e-07,
                8.595481711968787e-09
            ],
            [
                0.0,
                4.301958263673469e-11,
                0.9999999983925745,
                1.1337918375322007e-09,
                4.306138997826057e-10
            ],
            [
                0.9999923422534142,
                7.572783551668989e-06,
                1.744108631635263e-08,
                7.33490507917554e-09,
                6.018704277026862e-08
            ],
            [
                0.9999999474885274,
                4.419440499088767e-08,
                3.790361865891177e-09,
                1.4688176019967836e-09,
                3.0578882250483296e-09
            ]
        ],
        [
            [
                0.9999993135378694,
                6.395465315438462e-07,
                2.994903938281152e-08,
