{
    "[['A', 'B', 'C', 'D', 'E'], ['A', 'B', 'C', 'D', 'E']]": [
        [
            [
                0.9768690925054886,
                0.023130902618724625,
                4.8468376503835445e-09,
                2.8220951577753492e-11,
                7.281517388584677e-13
            ],
            [
                3.122869533413248e-05,
                0.999968767947696,
                3.3428716550686863e-09,
                1.305450618398935e-11,
                1.0437515698517203e-12
            ],
            [
                0.0,
                4.072701481664497e-11,
                0.9999999971249787,
                2.0645924719187267e-09,
                7.697019304284915e-10
            ],
            [
                0.0,
                8.28926877651992e-11,
                5.866027369936744e-09,
                1.0564168185070561e-06,
                0.9999989376342614
            ],
            [
                0.0,
                1.1035880639329586e-10,
                4.469035453923629e-09,
                2.9453739671160685e-07,
                0.999999700883209
            ]
        ],
        [
            [
                0.9342563482447745,
                0.06574364818201757,
                3.5556054163870754e-09,
                1.7114293204145092e-11,
                4.882773915899359e-13
            ],
            [
                0.00037550617637742385,
                0.9996244937321861,
                8.989613411555987e-11,
                1.451938599180561e-12,
                8.84818656297558e-14
            ],
            [
                0.0,
                2.916558049420706e-11,
                0.9999999929676358,
                5.557869833245591e-09,
                1.4453288298376306e-09
            ],
            [
                0.0,
                3.698335783306924e-10,
                4.9383738318978066e-08,
                3.1816075095741403e-06,
                0.9999967686389186
            ],
            [
                0.0,
                3.6453464821944324e-11,
                1.796632053179251e-09,
                2.5311047332024594e-07,
                0.9999997450564411
            ]
        ],
        [
            [
                0.11033459849595748,
                0.8896653991461629,
                2.25116160714938e-09,
                1.0363710620506483e-10,
                3.080926549112349e-12
            ],
            [
                1.1125497410003199e-05,
                0.9999888744711222,
                3.072495246181064e-11,
                6.626255546831196e-13,
                8.047120004086019e-14
            ],
            [
                0.0,
                3.8768981885464436e-12,
                0.9999999998191127,
                7.600685354386734e-11,
                1.0100356263367736e-10
            ],
            [
                0.0,
                7.747254971016297e-11,
                3.5255607128737946e-09,
                6.199341575940137e-07,
                0.999999376462809
            ],
            [
                0.0,
                1.2576739430540292e-10,
                1.3081669850299576e-08,
                1.739301028282158e-05,
                0.99998259378228
            ]
        ],
        [
            [
                0.18952577423214892,
                0.8104742249709811,
                7.496178935989218e-10,
                4.668840597247451e-11,
                5.637892341093119e-13
            ],
            [
                0.0010886790382243715,
                0.9989113174547615,
                3.4934637360638335e-09,
                1.296351747315071e-11,
                5.871007207865931e-13
            ],
            [
                0.0,
                1.3115677700473096e-11,
                0.999999999337285,
                4.1039416241136015e-10,
                2.392050754739396e-10
            ],
            [
                0.0,
                5.6894483109195996e-11,
                2.359413246313559e-09,
                9.19249081587176e-07,
                0.9999990783346107
            ],
            [
                0.0,
                1.560407438318328e-10,
                6.582344985599796e-09,
                6.268767239949143e-06,
                0.9999937244943743
            ]
        ],
        [
            [
                0.9998149010923296,
                0.00018509722799538994,
                1.6700455875343562e-09,
                9.344683369064955e-12,
                2.846309957187067e-13
            ],
            [
                0.0010188458212190038,
                0.998981153639809,
                5.349211447576651e-10,
                3.950822746397305e-12,
                9.986514978309873e-14
            ],
            [
                0.0,
                9.704537497291496e-13,
                0.9999999999723386,
                9.59999171339745e-12,
                1.7090740616770738e-11
            ],
            [
                0.0,
                2.5060015746703305e-10,
                1.1296738281209407e-08,
                2.1892482920894798e-05,
                0.9999780959697407
            ],
            [
                0.0,
                1.1635377573903643e-10,
                8.043811282800341e-09,
                9.136677994385901e-05,
                0.999908625059891
            ]
        ],
        [
            [
                0.7679798706460746,
                0.2320201250777279,
                4.2458787504097835e-09,
                2.913605718181019e-11,
                1.1827209840423624e-12
            ],
            [
                0.0001469513611085111,
                0.9998530477436809,
                8.727873362644682e-10,
                2.1718630171331288e-11,
                7.04679509157509e-13
            ],
            [
                0.0,
                2.988177713454475e-11,
                0.9999999961205315,
                2.524747279511423e-09,
                1.3248393319424416e-09
            ],
            [
                0.0,
                8.875362414518531e-11,
                3.337691988521391e-09,
                3.468179151244372e-07,
                0.9999996497556393
            ],
            [
                0.0,
                5.525699203564087e-11,
                3.836212014522442e-09,
                3.976789381262455e-06,
                0.9999960193191498
            ]
        ],
        [
            [
                0.9999786401642276,
                2.135951857185466e-05,
                3.032776720778862e-10,
                1.3802041133525696e-11,
                1.2081725012363976e-13
            ],
            [
                0.0005417857463844341,
                0.9994582132454659,
                9.89708962436917e-10,
                1.8220466679575577e-11,
                2.202240964120259e-13
            ],
            [
                0.0,
                3.816857973696344e-12,
                0.9999999998957407,
                6.147619659114431e-11,
                3.896627212179235e-11
            ],
            [
                0.0,
                9.606925946301487e-10,
                1.4646033879380723e-07,
                0.0002935835167686944,
                0.9997062690622
            ],
            [
                0.0,
                3.615028219587124e-10,
                1.023151864560605e-08,
                1.1911968338002253e-05,
                0.9999880774386405
            ]
        ],
        [
            [
                0.030772929637365016,
                0.969227062852894,
                7.463028560485545e-09,
                4.622992450154618e-11,
                4.825455044570225e-13
            ],
            [
                5.998411380911929e-05,
                0.9999400155848396,
                2.753611607947692e-10,
                2.563985171129214e-11,
                3.5024570546203594e-13
            ],
            [
                0.0,
                9.815753241702565e-12,
                0.9999999997852989,
                1.3926200880302897e-10,
                6.56235602409326e-11
            ],
            [
                0.0,
                8.728052108942936e-11,
                1.3596948478677732e-08,
                1.0186976240189553e-06,
                0.999998967618147
            ],
            [
                0.0,
                3.598874498930809e-10,
                1.4332150314518567e-08,
                1.2288775284217252e-06,
                0.9999987564304339
            ]
        ],
        [
            [
                0.9991946764376654,
                0.0008053172498017976,
                6.285471174480916e-09,
                2.66172260371221e-11,
                4.446418160177181e-13
            ],
            [
                0.00028647786896910765,
                0.9997135213042887,
                8.117726509941626e-10,
                1.4673377734451156e-11,
                2.9623656249019237e-13
            ],
            [
                0.0,
                1.567302829717938e-11,
                0.9999999949404061,
                3.4065485004254623e-09,
                1.637372333028133e-09
            ],
            [
                0.0,
                2.385744670369696e-10,
                1.384173936245503e-08,
                3.572689342741775e-05,
                0.9999642590262587
            ],
            [
                0.0,
                9.667266058276258e-11,
                1.117322226402942e-08,
                1.182868956764538e-06,
                0.9999988058611484
            ]
        ],
        [
            [
                0.8473909702167449,
                0.15260902858993924,
                1.186883141040165e-09,
                6.228606910778447e-12,
                2.0409633025033863e-13
            ],
            [
                4.7644740042876636e-05,
                0.9999523525196056,
                2.6879897204199864e-09,
                5.1139567923998077e-11,
                1.2222608747652427e-12
            ],
            [
                0.0,
                3.7946530538561495e-12,
                0.9999999999345353,
                3.254748058022323e-11,
                2.912250012487977e-11
            ],
            [
                0.0,
                2.6641553733970446e-11,
                1.2942580038532474e-09,
                5.812880363033718e-08,
                0.9999999405502968
            ],
            [
                0.0,
                1.5811304831472791e-10,
                7.294585020506229e-09,
                6.515677219227686e-06,
                0.9999934768700828
            ]
        ],
        [
            [
                0.0015399760426695385,
                0.9984600230860093,
                8.59321526248222e-10,
                1.1842949104733314e-11,
                1.56748056727838e-13
            ],
            [
                1.8115187298577403e-06,
                0.9999981724300683,
                1.5991444623417622e-08,
                5.5546846717648425e-11,
                4.210308051891761e-12
            ],
            [
                0.0,
                7.815512059572482e-11,
                0.9999999771975195,
                1.780602342963831e-08,
                4.918302176862148e-09
            ],
            [
                0.0,
                1.2201168933467837e-10,
                4.033426857117681e-09,
                4.373732411856818e-07,
                0.9999995584713203
            ],
            [
                0.0,
                2.0651771891245676e-11,
                8.135753214452926e-10,
                1.1996278744627695e-06,
                0.9999987995378985
            ]
        ],
        [
            [
                0.6884594090171202,
                0.3115405891634868,
                1.7879968399236893e-09,
                3.08714001018144e-11,
                5.247661981730399e-13
            ],
            [
                4.8072369447381135e-06,
                0.9999951839707827,
                8.62688531351501e-09,
                1.6277216822244224e-10,
                2.6150426088274195e-12
            ],
            [
                0.0,
                1.1726449377940403e-11,
                0.9999999994233868,
                4.066121568060028e-10,
                1.5827477071098618e-10
            ],
            [
                0.0,
                1.8774526163073705e-10,
                8.014116897467382e-09,
                1.665389716779113e-06,
                0.9999983264084211
            ],
            [
                0.0,
                7.959602500171493e-11,
                2.200712835871129e-09,
                4.558620257924932e-06,
                0.9999954390994331
            ]
        ],
        [
            [
                0.31154058909994903,
                0.688459408876711,
                1.976235090976799e-09,
                4.663465456580983e-11,
                4.702798597211833e-13
            ],
            [
                5.95743228149151e-07,
                0.9999992362069541,
                1.6694485094325174e-07,
                1.0844044975806957e-09,
                2.0562352665364218e-11
            ],
            [
                0.0,
                1.9162419558504435e-11,
                0.9999999987597752,
                8.403461199734353e-10,
                3.807162563136831e-10
            ],
            [
                0.0,
                2.6031418742244923e-10,
                1.513750929118307e-08,
                1.4844200506204284e-06,
                0.9999985001821259
            ],
            [
                0.0,
                2.917381463533974e-11,
                9.60974753782519e-10,
                3.6718956681260175e-07,
                0.9999996318202847
            ]
        ],
        [
            [
                0.7973007833297563,
                0.2026992126812778,
                3.93412031309814e-09,
                5.307581156675809e-11,
                1.7698720255419868e-12
            ],
            [
                1.8148639166706653e-05,
                0.9999818429642024,
                8.317245308975978e-09,
                7.582787692335432e-11,
                3.5577705566413487e-12
            ],
            [
                0.0,
                2.30047735972322e-11,
                0.9999999926263821,
                6.103846429224981e-09,
                1.246766724481511e-09
            ],
            [
                0.0,
                1.198849997800723e-10,
                1.8410850474277772e-08,
                3.343217810367511e-06,
                0.9999966382514541
            ],
            [
                0.0,
                1.8209081278765324e-10,
                2.4038167115702914e-08,
                9.515235082752443e-06,
                0.9999904605446592
            ]
        ],
        [
            [
                0.7075448169303267,
                0.2924551799046779,
                3.11654665713943e-09,
                4.797249887497807e-11,
                4.763908903169986e-13
            ],
            [
                6.557802695520471e-05,
                0.9999344211333744,
                8.286490606124537e-10,
                1.0485169571885292e-11,
                5.362544799286529e-13
            ],
            [
                0.0,
                9.108305222322721e-11,
                0.9999999800315309,
                1.6637227682258673e-08,
                3.2401581990480205e-09
            ],
            [
                0.0,
                1.9304215002162532e-10,
                1.4294585572796844e-08,
                3.67388715934678e-06,
                0.999996311625213
            ],
            [
                0.0,
                1.8792869659213888e-10,
                8.259039392845714e-09,
                3.6894342753694962e-06,
                0.9999963021187566
            ]
        ],
        [
            [
                0.9704977715725494,
                0.029502223791713442,
                4.6093941745196095e-09,
                2.568253331952694e-11,
                6.604742323265034e-13
            ],
            [
                1.6410760387169696e-05,
                0.9999835886278972,
                5.97800327037337e-10,
                1.3351422881878699e-11,
                5.639710587369917e-13
            ],
            [
                0.0,
                1.0042453317722617e-11,
                0.9999999993538864,
                4.6205618213370365e-10,
                1.740149397526258e-10
            ],
            [
                0.0,
                7.142608016001457e-11,
                9.084476229871696e-09,
                3.6380002343176254e-06,
                0.9999963528438633
            ],
            [
                0.0,
                6.616954602030512e-11,
                1.5036697972547937e-09,
                9.46084433698385e-08,
                0.9999999038217173
            ]
        ],
        [
            [
                0.9633199296736225,
                0.036680062279263646,
                7.931528961720635e-09,
                1.1381224576827092e-10,
                1.7725611709083652e-12
            ],
            [
                4.945049618331663e-07,
                0.9999995046924983,
                7.989022365162566e-10,
                3.4017774519217605e-12,
                2.3591383278155024e-13
            ],
            [
                0.0,
                5.671135288862536e-12,
                0.999999999242049,
                6.239849968190633e-10,
                1.2829466370103494e-10
            ],
            [
                0.0,
                9.596372197819193e-11,
                4.918180544652582e-09,
                1.8604385995186236e-06,
                0.9999981345472562
            ],
            [
                0.0,
                5.256813264070931e-11,
                1.253208672437787e-09,
                1.6079354075636128e-07,
                0.9999998379006826
            ]
        ],
        [
            [
                0.9987964350656364,
                0.0012035636627060681,
                1.2674032330840785e-09,
                3.995686273467228e-12,
                2.586241946391584e-13
            ],
            [
                1.2169502176429805e-08,
                0.9999985423544651,
                1.445092567774864e-06,
                3.755372499302454e-10,
                7.927916704326183e-12
            ],
            [
                0.0,
                1.678287952915394e-12,
                0.9999999999549991,
                2.417911564728023e-11,
                1.914349633423242e-11
            ],
            [
                0.0,
                2.7127416390694356e-10,
                8.584635931403735e-09,
                9.96225721539232e-05,
                0.999900368571936
            ],
            [
                0.0,
                2.648420633509757e-10,
                1.3912251168135811e-08,
                1.7167235074406152e-06,
                0.9999982690993994
            ]
        ],
        [
            [
                0.9989826148501052,
                0.0010173831172161786,
                2.0187251668887135e-09,
                1.3771642991779332e-11,
                1.817612373277387e-13
            ],
            [
                0.5939570800017656,
                0.4060429147199344,
                5.185744020830947e-09,
                9.094469989156347e-11,
                1.6113300361871698e-12
            ],
            [
                0.0,
                1.352878810333038e-11,
                0.9999999993345272,
                4.017554229950034e-10,
                2.501884678279128e-10
            ],
            [
                0.0,
                1.0742241599511995e-10,
                1.0770010247640638e-08,
                8.963205785443177e-05,
                0.9999103570647129
            ],
            [
                0.0,
                2.1087560002861424e-10,
                1.780042096854996e-08,
                2.1260759269620126e-06,
                0.9999978559127766
            ]
        ],
        [
            [
                0.00389639209956027,
                0.9961036076715077,
                2.2355640050487707e-10,
                5.2493361182471036e-12,
                1.2610997563412698e-13
            ],
            [
                1.4130779196214137e-05,
                0.9999858619268375,
                7.208679362052667e-09,
                8.17700675854146e-11,
                3.5169118256959094e-12
            ],
            [
                0.0,
                8.310418440682172e-11,
                0.9999999944460478,
                4.248454718356447e-09,
                1.2223932481023178e-09
            ],
            [
                0.0,
                1.2743959337489228e-10,
                6.50696083558979e-09,
                1.1477432609929918e-05,
                0.9999885159329897
            ],
            [
                0.0,
                8.090192816911072e-11,
                1.9391536895071004e-09,
                1.385241675570478e-05,
                0.9999861455631887
            ]
        ],
        [
            [
                0.0022942676743424456,
                0.9977057316186502,
                6.930756754185717e-10,
                1.3433238681942004e-11,
                4.985511204625614e-13
            ],
            [
                9.902151579634035e-06,
                0.9999900963550294,
                1.4659544768099376e-09,
                2.6021922349989067e-11,
                1.414748879992227e-12
            ],
            [
                0.0,
                2.5255972166354558e-11,
                0.999999998841991,
                8.058533481626524e-10,
                3.2689969908305177e-10
            ],
            [
                0.0,
                1.1725403728537802e-10,
                3.8488473076376e-09,
                2.7259484296074555e-07,
                0.9999997234390557
            ],
            [
                0.0,
                2.957097435381279e-10,
                2.016944270860589e-08,
                2.5944789135327926e-05,
                0.9999740347457122
            ]
        ],
        [
            [
                0.9998217698425077,
                0.0001782289510045065,
                1.198361312151089e-09,
                8.060215634273536e-12,
                6.642373078281421e-14
            ],
            [
                0.000623760516070862,
                0.9993762386445991,
                8.30980456483792e-10,
                8.171405028377322e-12,
                1.782235587052982e-13
            ],
            [
                0.0,
                9.768020869074358e-11,
                0.9999996210132874,
                3.228009504857978e-07,
                5.6088081968250305e-08
            ],
            [
                0.0,
                1.584097724521765e-10,
                9.658282023445053e-09,
                1.0539855531275928e-06,
                0.999998936197755
            ],
            [
                0.0,
                7.578045482724058e-11,
                8.150430636899679e-10,
                6.089886351687891e-07,
                0.9999993901205413
            ]
        ],
        [
            [
                0.971932446364016,
                0.02806755143737227,
                2.1758579989895093e-09,
                2.2389895078530418e-11,
                3.637529071006138e-13
            ],
            [
                0.002842816777459907,
                0.9971571825570171,
                6.525849714871863e-10,
                1.2607018174345224e-11,
                3.309065394878132e-13
            ],
            [
                0.0,
                5.066263063912265e-13,
                0.9999999999734985,
                1.9099949034214607e-11,
                6.894807437045303e-12
            ],
            [
                0.0,
                1.060037742993095e-10,
                4.355471723284386e-09,
                2.3325649665938252e-06,
                0.9999976629735579
            ],
            [
                0.0,
                3.433762297691827e-10,
                1.246814899869772e-08,
                0.00021095166717230137,
                0.9997890355213025
            ]
        ],
        [
            [
                0.256982384385966,
                0.7430176093034685,
                6.260584231125612e-09,
                4.6292130494449186e-11,
                3.689292768374367e-12
            ],
            [
                0.15251505953152117,
                0.8474849333442228,
                7.024090170377653e-09,
                9.764927997191978e-11,
                2.516661221032712e-12
            ],
            [
                0.0,
                2.931682230816337e-12,
                0.9999999999625764,
                1.9149266308563222e-11,
                1.5342586577337244e-11
            ],
            [
                0.0,
                1.8918852749784874e-10,
                2.462864062575678e-08,
                1.92675052007609e-06,
                0.9999980484316507
            ],
            [
                0.0,
                2.3222037538381053e-10,
                6.242329474728071e-09,
                1.374681273835336e-06,
                0.9999986188441763
            ]
        ],
        [
            [
                0.8728387002569614,
                0.12716129221269398,
                7.4259547498442455e-09,
                1.0273708856541516e-10,
                1.652842227131585e-12
            ],
            [
                0.0002562984840804109,
                0.9997437012587529,
                2.521064932713187e-10,
                4.8704800369684255e-12,
                1.8988597859503555e-13
            ],
            [
                0.0,
                4.894835469028296e-11,
                0.9999999962706998,
                2.403953037394233e-09,
                1.2763986807805073e-09
            ],
            [
                0.0,
                3.5541458453097383e-10,
                1.3375173070326311e-08,
                1.4249433485403972e-05,
                0.9999857368359268
            ],
            [
                0.0,
                1.012830915225112e-10,
                2.6842750155733486e-09,
                1.7215212016729865e-07,
                0.9999998250623217
            ]
        ],
        [
            [
                0.9999944499840259,
                5.549494437036792e-06,
                4.986508254526792e-10,
                2.2735460264700077e-11,
                1.5078397899093255e-13
            ],
            [
                1.6818605119936347e-05,
                0.999983180831992,
                5.382412047083587e-10,
                2.355458366396275e-11,
                1.0923598597314795e-12
            ],
            [
                0.0,
                1.9447790997584923e-10,
                0.9999970017072033,
                2.668200018220338e-06,
                3.29898300605231e-07
            ],
            [
                0.0,
                1.6694015569753035e-10,
                1.2331967546812656e-08,
                1.36215833275756e-06,
                0.9999986253427595
            ],
            [
                0.0,
                1.7493675503566938e-10,
                3.151992491664575e-08,
                1.0449170324963908e-06,
                0.9999989233881059
            ]
        ],
        [
            [
                0.9999874093044988,
                1.2589960494511216e-05,
                7.306319751958612e-10,
                4.3219579958249815e-12,
                5.275417793466545e-14
            ],
            [
                0.00146195488262598,
                0.9985380435093244,
                1.5924870246336146e-09,
                1.504457184240848e-11,
                5.180029566154138e-13
            ],
            [
                0.0,
                1.3206203031709473e-10,
                0.9999999515348156,
                2.990565484595939e-08,
                1.8427467341793392e-08
            ],
            [
                0.0,
                3.400120547013444e-10,
                2.596019453710089e-08,
                6.56018636417557e-05,
                0.9999343718361516
            ],
            [
                0.0,
                7.280583969470672e-10,
                8.171873827479826e-08,
                7.4057815959639656e-06,
                0.9999925117716073
            ]
        ],
        [
            [
                0.0004497095193390278,
                0.9995502895778607,
                8.961781264660238e-10,
                6.219738688769176e-12,
                4.0245273889878804e-13
            ],
            [
                0.00011326718161405714,
                0.9998867303546327,
                2.4341000043889237e-09,
                2.930274880951064e-11,
                3.503225390269824e-13
            ],
            [
                0.0,
                8.885762194718027e-11,
                0.9999999677203227,
                2.7846971277640216e-08,
                4.343848243118598e-09
            ],
            [
                0.0,
                2.381280179603336e-10,
                5.742394719342057e-09,
                2.174322147374009e-06,
                0.9999978196973298
            ],
            [
                0.0,
                4.036516224606719e-11,
                1.580588405498766e-09,
                2.900763652880729e-07,
                0.9999997083026813
            ]
        ],
        [
            [
                0.9988459935444148,
                0.0011540061080254351,
                3.3900639183738646e-10,
                8.433334848802076e-12,
                1.2004957654770138e-13
            ],
            [
                0.00025787938598234903,
                0.9997421202408263,
                3.6957409725197217e-10,
                3.527371605157097e-12,
                8.98545148081629e-14
            ],
            [
                0.0,
                1.6441397555604256e-11,
                0.9999999990337869,
                7.707685034741789e-10,
                1.7900330115849092e-10
            ],
            [
                0.0,
                3.5876004212017515e-10,
                5.996208460615635e-09,
                1.1142321371179492e-06,
                0.9999988794128943
            ],
            [
                0.0,
                5.088350715058017e-10,
                3.0217283761905335e-08,
                4.9446538737730554e-05,
                0.9999505227351434
            ]
        ],
        [
            [
                0.9997990557986904,
                0.00020094317885666256,
                9.763965161780871e-10,
                4.5624186625263853e-11,
                4.3237612252250557e-13
            ],
            [
                1.3452413704447895e-06,
                0.9999985769581058,
                7.75318001860001e-08,
                2.5839877166936e-10,
                1.0324719222856495e-11
            ],
            [
                0.0,
                4.48467678788682e-10,
                0.9998335937915703,
                0.00015489617662999027,
                1.150958333209948e-05
            ],
            [
                0.0,
                4.3099680448261465e-10,
                1.136574668390088e-08,
                0.00011265560978407096,
                0.9998873325934725
            ],
            [
                0.0,
                3.073276637624242e-10,
                7.919239505458351e-09,
                3.2952133916296054e-05,
                0.9999670396395166
            ]
        ],
        [
            [
                0.06034775930990955,
                0.9396522362737942,
                4.387104261244646e-09,
                2.853602509184974e-11,
                6.559721580782481e-13
            ],
            [
                0.3832629714514755,
                0.6167370280025269,
                5.39517803107648e-10,
                6.352800206437916e-12,
                1.2701983213606003e-13
            ],
            [
                0.0,
                8.264184149646537e-11,
                0.9999999234395424,
                6.703972164110581e-08,
                9.438094153847443e-09
            ],
            [
                0.0,
                2.336933088756589e-10,
                1.7732410030419906e-08,
                2.1575095660362823e-05,
                0.9999784069382364
            ],
            [
                0.0,
                1.4539908310168188e-10,
                8.760700515000234e-09,
                7.151663863865924e-06,
                0.9999928394300366
            ]
        ],
        [
            [
                0.17890517044992843,
                0.8210948286667414,
                8.562423986609164e-10,
                2.683693835396277e-11,
                2.507671055024173e-13
            ],
            [
                4.400670750326762e-06,
                0.9999955896696234,
                9.60158120866529e-09,
                5.6422337835172685e-11,
                1.6227757443962496e-12
            ],
            [
                0.0,
                2.946095391437506e-11,
                0.9999999968329163,
                2.634662141591741e-09,
                5.0296068361846e-10
            ],
            [
                0.0,
                4.5145942906435797e-10,
                3.7711389791954664e-08,
                9.37057438010331e-06,
                0.9999905912627706
            ],
            [
                0.0,
                8.254337985628066e-11,
                3.950248670436758e-09,
                8.312187102875137e-07,
                0.9999991647484976
            ]
        ],
        [
            [
                0.9987633033959565,
                0.0012366935534021545,
                3.0352608638470096e-09,
                1.5113251685296936e-11,
                2.6720508916442237e-13
            ],
            [
                0.9941306388819289,
                0.005869354987441121,
                6.0783219623267836e-09,
                5.1491920278937056e-11,
                8.163268905320215e-13
            ],
            [
                0.0,
                5.0299208452468925e-11,
                0.99999999332072,
                5.371656391034181e-09,
                1.257324397137284e-09
            ],
            [
                0.0,
                8.88025595577672e-11,
                1.8982416431958214e-08,
                1.4173406606864633e-06,
                0.9999985635881203
            ],
            [
                0.0,
                6.243382601083879e-11,
                3.5728864512552645e-09,
                2.2759348231738736e-05,
                0.9999772370164479
            ]
        ],
        [
            [
                0.9995002431691375,
                0.0004997563309428369,
                4.990151881342497e-10,
                8.578479950845964e-13,
                4.673537913627623e-14
            ],
            [
                0.001558121413682697,
                0.9984418760315403,
                2.5390804453034947e-09,
                1.499126428103261e-11,
                7.053249355472942e-13
            ],
            [
                0.0,
                1.0197316250830401e-10,
                0.999999728279233,
                2.544291991556174e-07,
                1.7189594684159682e-08
            ],
            [
                0.0,
                1.6288832315289747e-10,
                5.252388712945765e-09,
                5.405174366691241e-06,
                0.9999945894103563
            ],
            [
                0.0,
                2.0756747525254701e-10,
                1.2003132972169658e-08,
                4.603151995029926e-07,
                0.9999995274741
            ]
        ],
        [
            [
                0.9994730884026348,
                0.0005269106211085811,
                9.67843230318451e-10,
                8.340012289090704e-12,
                7.323646652594477e-14
            ],
            [
                1.904914597035034e-05,
                0.9999809499315666,
                8.830047297735021e-10,
                3.8642171207227486e-11,
                8.162101677878671e-13
            ],
            [
                0.0,
                5.401813709004684e-12,
                0.9999999997227456,
                1.6647209965819917e-10,
                1.0538044953989933e-10
            ],
            [
                0.0,
                1.521161661877772e-10,
                2.8876958297366088e-08,
                4.3559703223222826e-07,
                0.9999995353738933
            ],
            [
                0.0,
                9.622728933018956e-11,
                3.0866074163483413e-09,
                1.9434528256574517e-07,
                0.9999998024718827
            ]
        ],
        [
            [
                0.9986035649668751,
                0.0013964346818200414,
                3.455839113954354e-10,
                5.517987404279332e-12,
                2.0294691689702127e-13
            ],
            [
                0.06380083999393528,
                0.936199158805266,
                1.1879701964770707e-09,
                1.2551737776756307e-11,
                2.766943100346715e-13
            ],
            [
                0.0,
                2.362336524014575e-12,
                0.9999999999607705,
                1.0101487818131901e-11,
                2.676573012839519e-11
            ],
            [
                0.0,
                1.4721882992326025e-10,
                5.062747711491281e-09,
                1.6324183295433523e-06,
                0.9999983623717039
            ],
            [
                0.0,
                4.439188416899424e-10,
                1.0666160498738011e-08,
                1.4880116550660326e-06,
                0.9999985008782656
            ]
        ],
        [
            [
                0.09690257492067389,
                0.9030974223486791,
                2.650685951479713e-09,
                7.82914932625736e-11,
                1.669571779055361e-12
            ],
            [
                0.17876007787341167,
                0.8212399205253299,
                1.5744653395541612e-09,
                2.6293530699640393e-11,
                4.994000491753249e-13
            ],
            [
                0.0,
                9.18486960327962e-12,
                0.9999999984637016,
                1.2679303650307129e-09,
                2.5918310635829716e-10
            ],
            [
                0.0,
                1.8209046065314612e-10,
                5.8618664692715475e-09,
                1.1109625530658103e-05,
                0.9999888843305125
            ],
            [
                0.0,
                5.529505605275669e-11,
                1.5089993936090033e-09,
                1.0537915842028427e-06,
                0.9999989446441213
            ]
        ],
        [
            [
                0.03090296198768154,
                0.9690970372502136,
                7.302278875557977e-10,
                3.115990787265194e-11,
                7.169940019122599e-13
            ],
            [
                1.809358824550825e-06,
                0.9999981902212586,
                4.0946840606633493e-10,
