{
    "[['A', 'B', 'C', 'D', 'E'], ['A', 'B', 'C', 'D', 'E']]": [
        [
            [
                0.999999632259505,
                3.6617964068676614e-07,
                1.5476833097940505e-09,
                1.2772083313331079e-11,
                3.990307391905446e-13
            ],
            [
                7.187742510426896e-05,
                0.9999281225488776,
                2.4842040204966774e-11,
                1.1071119350158593e-12,
                6.891500402706988e-14
            ],
            [
                0.0,
                3.0188376549507914e-11,
                0.9999999998486022,
                7.16242998721987e-11,
                4.9585173200145764e-11
            ],
            [
                0.0,
                2.066116841983119e-09,
                1.4955359269344215e-06,
                0.01964808663201684,
                0.9803504157659394
            ],
            [
                0.0,
                8.426489230213157e-11,
                6.0382372432691465e-09,
                9.552321374773588e-08,
                0.9999998983542842
            ]
        ],
        [
            [
                0.999999572418257,
                4.259144726607228e-07,
                1.6575297915785936e-09,
                9.403723227402915e-12,
                3.3686850393091626e-13
            ],
            [
                1.7329638666019245e-06,
                0.9999982662989453,
                7.274712537912151e-10,
                9.342688098635282e-12,
                3.742881635766098e-13
            ],
            [
                0.0,
                5.156189711329092e-11,
                0.9999999996705966,
                2.1921863771100542e-10,
                5.862296733443229e-11
            ],
            [
                0.0,
                5.227174133603067e-09,
                1.5237776199358357e-05,
                0.45847643336243254,
                0.541508323634194
            ],
            [
                0.0,
                1.116241171350272e-10,
                7.639605397635952e-08,
                4.875622916823737e-07,
                0.9999994359300303
            ]
        ],
        [
            [
                0.9999982503699123,
                1.7490809192502966e-06,
                5.408603146160864e-10,
                8.100086422760026e-12,
                2.080832717279767e-13
            ],
            [
                0.0011202704348608602,
                0.9988797291955195,
                3.648381138805926e-10,
                4.398987300082019e-12,
                3.8257699507072895e-13
            ],
            [
                0.0,
                0.0,
                0.9999999997962636,
                1.282506248550737e-10,
                7.548587972368374e-11
            ],
            [
                0.0,
                1.0745110277071887e-10,
                5.277375917705081e-08,
                0.00010927758734716069,
                0.9998906695314426
            ],
            [
                0.0,
                3.719577881179831e-11,
                1.5392350763899968e-08,
                1.1896295470874262e-06,
                0.9999987949409065
            ]
        ],
        [
            [
                0.9999955569605887,
                4.442500479900674e-06,
                5.229953467442563e-10,
                1.5659581374011596e-11,
                2.7634463197617613e-13
            ],
            [
                0.2875470051897582,
                0.712452993234327,
                1.5479963720416375e-09,
                2.7216648897308353e-11,
                7.017461765019609e-13
            ],
            [
                0.0,
                4.5406782646030895e-12,
                0.9999999998629088,
                3.5604811084611294e-11,
                9.694575632640122e-11
            ],
            [
                0.0,
                2.5982160988026015e-10,
                2.4754847406361793e-07,
                6.554357812135582e-05,
                0.999934208613583
            ],
            [
                0.0,
                3.016962498477222e-10,
                1.1496525943653612e-07,
                3.2844610268466735e-05,
                0.9999670401227758
            ]
        ],
        [
            [
                0.9999997727271582,
                2.256494538665768e-07,
                1.6157703964504555e-09,
                7.329915351830197e-12,
                2.8749769328323534e-13
            ],
            [
                0.2843240379486954,
                0.7156759604380201,
                1.5607772742348693e-09,
                5.116044445257179e-11,
                1.3468020494791966e-12
            ],
            [
                0.0,
                0.0,
                0.9999999997703048,
                1.6530456309083396e-10,
                6.439038314857378e-11
            ],
            [
                0.0,
                3.064864411938922e-10,
                5.963238513409176e-08,
                0.00023405712537320468,
                0.9997658829357552
            ],
            [
                0.0,
                1.814248434414198e-10,
                2.5491846321177984e-08,
                1.91943103822694e-06,
                0.9999980548956905
            ]
        ],
        [
            [
                0.9999999240320819,
                7.535422941618499e-08,
                6.081833166114155e-10,
                5.253463233764375e-12,
                2.5176877022597995e-13
            ],
            [
                0.0027075123549206684,
                0.9972924873526265,
                2.888342935744296e-10,
                3.4521397046943038e-12,
                1.6628081306274612e-13
            ],
            [
                0.0,
                0.0,
                0.9999999999275087,
                3.282346961374998e-11,
                3.966779704860866e-11
            ],
            [
                0.0,
                5.522994298637756e-10,
                1.1275228139696488e-07,
                2.0329049667668525e-06,
                0.9999978537904525
            ],
            [
                0.0,
                1.0224446405132877e-10,
                9.581622036994408e-09,
                9.332359187425972e-08,
                0.9999998969925417
            ]
        ],
        [
            [
                0.9999997599042985,
                2.3779320323190898e-07,
                2.2721089708310647e-09,
                3.0005140274446805e-11,
                3.841593458289268e-13
            ],
            [
                5.96771983674154e-05,
                0.9999403213791277,
                1.4186259527804852e-09,
                3.708687882527344e-12,
                1.703062147847244e-13
            ],
            [
                0.0,
                1.3263271852339426e-11,
                0.9999999995821207,
                2.2811615764026838e-10,
                1.7649991347393205e-10
            ],
            [
                0.0,
                9.899506881442673e-10,
                1.5824407666887869e-07,
                0.00015180403929544245,
                0.9998480367266772
            ],
            [
                0.0,
                1.7340101169378863e-10,
                2.107158063880621e-08,
                2.8649220870460047e-05,
                0.9999713295341478
            ]
        ],
        [
            [
                0.9999987551738535,
                1.2420808119106433e-06,
                2.715496844433292e-09,
                2.902434660375185e-11,
                8.132978754215064e-13
            ],
            [
                0.20415435464582138,
                0.795845641539698,
                3.780268398372996e-09,
                3.2719144683385294e-11,
                1.4932468577517423e-12
            ],
            [
                1.3304002088662708e-09,
                0.11703179658519071,
                0.8829681916171676,
                9.902231696478415e-09,
                5.650098576348207e-10
            ],
            [
                0.0,
                2.6695217607839124e-11,
                2.554055006647337e-09,
                4.344347536292346e-08,
                0.9999999539757743
            ],
            [
                0.0,
                9.849253396705987e-11,
                9.930640471818096e-09,
                1.7254900662202313e-06,
                0.9999982644808008
            ]
        ],
        [
            [
                0.9999986129897307,
                1.3864054179445275e-06,
                5.996812140519176e-10,
                4.856213324681393e-12,
                3.1392291303133304e-13
            ],
            [
                0.00030068294307632307,
                0.9996993155216213,
                1.5260445064056956e-09,
                9.150107937360512e-12,
                1.0795999550380572e-13
            ],
            [
                0.0,
                8.908817160847056e-07,
                0.9999991084285443,
                6.137851010763759e-10,
                7.595438762583879e-11
            ],
            [
                0.0,
                1.2902429763895677e-09,
                3.117951846417731e-06,
                0.00015852359977916217,
                0.9998383571581314
            ],
            [
                0.0,
                2.013914039571479e-09,
                1.2721497223715476e-06,
                0.10961941240190685,
                0.8903793134344568
            ]
        ],
        [
            [
                0.9999980371128887,
                1.961062586292754e-06,
                1.7933281590818325e-09,
                3.053391587583096e-11,
                6.630503361337069e-13
            ],
            [
                0.0001648996384232381,
                0.999835100102912,
                2.5373220007495724e-10,
                4.6890258148360266e-12,
                2.435822995334123e-13
            ],
            [
                0.0,
                3.783849989109238e-11,
                0.9999999995021613,
                3.222996792181615e-10,
                1.3770047687163306e-10
            ],
            [
                0.0,
                2.3465584649317996e-10,
                2.5870368164320846e-07,
                2.845134184159629e-06,
                0.9999968959274782
            ],
            [
                0.0,
                1.3803969725203133e-10,
                3.387636660278416e-08,
                7.877843928036426e-06,
                0.9999920881416657
            ]
        ],
        [
            [
                0.9999966893315458,
                3.308449440658681e-06,
                2.1890204432859227e-09,
                2.945769583495694e-11,
                5.353470026638456e-13
            ],
            [
                0.029502223849151608,
                0.9704977734620209,
                2.648386593190499e-09,
                3.989908321191101e-11,
                5.418063054154203e-13
            ],
            [
                0.0,
                9.128701762840328e-12,
                0.9999999996495665,
                1.727948318012707e-10,
                1.6850993384328972e-10
            ],
            [
                0.0,
                3.9362402483362426e-11,
                7.227567874606163e-09,
                2.466005345146747e-07,
                0.9999997461325351
            ],
            [
                0.0,
                3.2680290123537334e-11,
                3.1557505876085103e-09,
                1.2188545321933946e-07,
                0.999999874926116
            ]
        ],
        [
            [
                0.9964713616036643,
                0.0035286374394559515,
                9.438178546090103e-10,
                1.2635472456437284e-11,
                4.2639269786066007e-13
            ],
            [
                0.00016467584896022266,
                0.9998353237618225,
                3.761372924057202e-10,
                1.2419427757317587e-11,
                6.606481186833252e-13
            ],
            [
                0.0,
                6.8151564051457324e-12,
                0.9999999999181111,
                3.419832231158216e-11,
                4.087534363917989e-11
            ],
            [
                0.0,
                1.9838638639108173e-09,
                1.33590091506507e-06,
                0.9674338161992652,
                0.032564845915955966
            ],
            [
                0.0,
                1.543405072306143e-10,
                2.8408229432258187e-08,
                3.0026197407788793e-06,
                0.9999969688176892
            ]
        ],
        [
            [
                0.9999998235645849,
                1.7529941503996302e-07,
                1.1205656015955551e-09,
                1.5136676155762122e-11,
                2.9786771881824545e-13
            ],
            [
                3.160663367530319e-05,
                0.9999683931106685,
                2.504257430534227e-10,
                5.11948748339934e-12,
                1.1101203028194346e-13
            ],
            [
                9.085107680938726e-11,
                5.7100668592455365e-05,
                0.9999428991957894,
                4.476708834524191e-11,
                0.0
            ],
            [
                0.0,
                5.21380872080098e-10,
                1.1407201676334584e-07,
                2.2414073437676985e-06,
                0.9999976439992586
            ],
            [
                0.0,
                6.412959751382425e-10,
                1.0824131614472325e-06,
                0.00086100462396892,
                0.9991379123215737
            ]
        ],
        [
            [
                0.9999992955759569,
                7.027789939190198e-07,
                1.630848866292054e-09,
                1.4066962638858014e-11,
                1.332756877530169e-13
            ],
            [
                4.700156165447489e-06,
                0.9999952997622308,
                7.801526781398036e-11,
                3.4663580861667746e-12,
                1.2202499096864288e-13
            ],
            [
                0.0,
                2.0077207425633267e-12,
                0.9999999998945954,
                2.616975055211812e-11,
                7.722720435211259e-11
            ],
            [
                0.0,
                1.0639942851508804e-09,
                2.9141506815859787e-07,
                0.003654493336496719,
                0.9963452141844408
            ],
            [
                0.0,
                3.5342039872676444e-10,
                4.34636416690018e-07,
                1.3702749177547876e-05,
                0.9999858622609853
            ]
        ],
        [
            [
                0.9998679963753595,
                0.00013200350584407033,
                1.1550379598484929e-10,
                3.2394487366310156e-12,
                5.324211184130901e-14
            ],
            [
                0.05624362800580709,
                0.9437563649693179,
                6.998855063425393e-09,
                2.4818690570626818e-11,
                1.2014652220343176e-12
            ],
            [
                0.0,
                2.185230335772346e-11,
                0.9999999996013802,
                2.6899115410156025e-10,
                1.0777643646132197e-10
            ],
            [
                0.0,
                2.916832035348232e-10,
                2.917815814721159e-07,
                0.00027494136157382536,
                0.9997247665651614
            ],
            [
                0.0,
                6.743927503780491e-10,
                2.380708403612694e-06,
                0.00036213884386069976,
                0.999635479773343
            ]
        ],
        [
            [
                0.9999996305632318,
                3.674351240830418e-07,
                1.9809523517177698e-09,
                2.0371461293647457e-11,
                3.2038628893725564e-13
            ],
            [
                6.670074735745818e-05,
                0.9999332989319815,
                3.194726944643845e-10,
                1.148698526898385e-12,
                3.9672505607343525e-14
            ],
            [
                0.0,
                1.3119036251276394e-10,
                0.9999999444921985,
                3.102793785002142e-08,
                2.4348673211445798e-08
            ],
            [
                0.0,
                1.5442385148244487e-10,
                2.3681610434424893e-08,
                3.440156247722255e-05,
                0.9999655746014885
            ],
            [
                0.0,
                1.0819041537101392e-10,
                2.0949232462040805e-08,
                3.1184483218364797e-06,
                0.9999968604942554
            ]
        ],
        [
            [
                0.9999810596852504,
                1.893930096301394e-05,
                1.004512650949675e-09,
                9.04542128187228e-12,
                2.286463761618094e-13
            ],
            [
                0.9704977726137739,
                0.029502223823365693,
                3.533383475557174e-09,
                2.9196416753546687e-11,
                2.804561632407235e-13
            ],
            [
                0.0,
                1.0555646896510379e-10,
                0.9999999995776343,
                1.947956949829592e-10,
                1.2201354673986414e-10
            ],
            [
                0.0,
                2.0066069431683586e-08,
                4.603529809702052e-05,
                0.06686540259504303,
                0.9330885420407905
            ],
            [
                0.0,
                6.77476568652607e-10,
                1.1566860616860586e-06,
                0.0026757925994547508,
                0.9973230500370069
            ]
        ],
        [
            [
                0.999961986068815,
                3.8012514454049776e-05,
                1.4007806102530319e-09,
                1.535904178588928e-11,
                5.911718727985398e-13
            ],
            [
                0.012266185197557688,
                0.9877338144101527,
                3.8593206768471764e-10,
                6.028457735483264e-12,
                3.289168384578956e-13
            ],
            [
                0.0,
                3.912995546660473e-12,
                0.9999999999773788,
                1.0903683246893245e-11,
                7.80449982280848e-12
            ],
            [
                0.0,
                4.8940419844965517e-11,
                7.51710156257319e-09,
                8.256118311185398e-07,
                0.9999991668221269
            ],
            [
                0.0,
                4.8338518067028644e-11,
                1.8409401129824817e-09,
                3.728910269515888e-08,
                0.9999999608216188
            ]
        ],
        [
            [
                0.9999999011878119,
                9.782038132066939e-08,
                9.738243462067267e-10,
                1.7515602570638832e-11,
                4.667456187468994e-13
            ],
            [
                0.4666609210248333,
                0.5333390687392142,
                1.0146727185095419e-08,
                8.634415949963823e-11,
                2.8810000110713593e-12
            ],
            [
                0.0,
                1.3373793267770044e-12,
                0.9999999998850815,
                7.276706772353354e-11,
                4.0814110213927544e-11
            ],
            [
                0.0,
                1.9005111445975137e-10,
                8.853311500885489e-08,
                3.0457986321986697e-05,
                0.9999694532905119
            ],
            [
                0.0,
                2.399128516170253e-10,
                4.316998689199446e-08,
                2.6048370914948887e-05,
                0.9999739082191853
            ]
        ],
        [
            [
                0.9999980808418205,
                1.9172339014879186e-06,
                1.8979401795560825e-09,
                2.5977736945772433e-11,
                3.600619970004646e-13
            ],
            [
                0.00021816044080367173,
                0.9997818394865752,
                7.201456349737221e-11,
                5.58377370654156e-13,
                4.811198293880904e-14
            ],
            [
                0.0,
                6.09421978779839e-11,
                0.9999999991191817,
                2.991212915509425e-10,
                5.207547264986778e-10
            ],
            [
                0.0,
                3.0555256528202955e-10,
                6.908133425613414e-07,
                1.5556083657156776e-06,
                0.9999977532727392
            ],
            [
                0.0,
                1.1018759697531826e-10,
                9.016312489361977e-08,
                8.165684855088544e-07,
                0.9999990931582019
            ]
        ],
        [
            [
                0.9999999270968194,
                7.188897233157526e-08,
                1.005352222754654e-09,
                8.563853340693456e-12,
                2.923511566357887e-13
            ],
            [
                0.007045328866333514,
                0.9929546706393143,
                4.887281522096479e-10,
                5.344769752820645e-12,
                2.790858147462324e-13
            ],
            [
                0.0,
                9.016930034034109e-12,
                0.9999999997711959,
                1.1540074324542045e-10,
                1.0438621306976735e-10
            ],
            [
                0.0,
                2.184636535364182e-09,
                4.310918082201187e-06,
                0.008975223959930454,
                0.9910204629373508
            ],
            [
                0.0,
                7.259309233474304e-11,
                2.437427738770914e-08,
                1.0101942607295986e-05,
                0.9999898736105222
            ]
        ],
        [
            [
                0.9999999735615341,
                2.6137863755394383e-08,
                2.9794204982452246e-10,
                2.4462905146340153e-12,
                2.1366888219698627e-13
            ],
            [
                6.63477539685346e-05,
                0.999933651776147,
                4.683908532698467e-10,
                1.3382316505343423e-12,
                1.5521471090096665e-13
            ],
            [
                0.0,
                3.702067402755256e-11,
                0.9999999996106792,
                1.7123933664859247e-10,
                1.8106083531034407e-10
            ],
            [
                0.0,
                2.1118029967417894e-10,
                1.0020489562432549e-07,
                3.2302609971630236e-05,
                0.9999675969739524
            ],
            [
                0.0,
                2.486167737013971e-10,
                6.337370436829619e-08,
                6.893504048766264e-05,
                0.9999310013371911
            ]
        ],
        [
            [
                0.9996913915671807,
                0.0003086073638476635,
                1.0623983734005512e-09,
                6.314288239165492e-12,
                2.588556630927752e-13
            ],
            [
                0.00017196124201277553,
                0.9998280381594312,
                5.944642939546697e-10,
                3.8229564851818745e-12,
                2.6879432909004703e-13
            ],
            [
                0.0,
                1.4886508657149835e-09,
                0.9999999976898677,
                6.616162735648397e-10,
                1.5986518999607158e-10
            ],
            [
                0.0,
                1.179788698225652e-10,
                4.014147812720275e-09,
                9.739274982554622e-08,
                0.9999998984751235
            ],
            [
                0.0,
                8.563052332259553e-12,
                1.5218116443901247e-10,
                3.147150496041245e-08,
                0.9999999683677508
            ]
        ],
        [
            [
                0.9999782572026952,
                2.1742423584806597e-05,
                3.6741002230952385e-10,
                6.190103704400658e-12,
                1.1966846645323605e-13
            ],
            [
                0.6603781906627034,
                0.3396218059163245,
                3.4005957442683885e-09,
                1.9292133067929063e-11,
                1.0841858067027023e-12
            ],
            [
                0.0,
                1.894744473124684e-11,
                0.9999999993519897,
                3.699591655896691e-10,
                2.591035280481815e-10
            ],
            [
                0.0,
                1.8936842380569733e-09,
                1.1594112831537317e-05,
                0.9988458349807208,
                0.0011425690127634179
            ],
            [
                0.0,
                5.320448625356447e-09,
                2.257535326604166e-06,
                0.2889690315556622,
                0.7110287055885625
            ]
        ],
        [
            [
                0.9999996971807458,
                3.0179717558192994e-07,
                1.0097511153451228e-09,
                1.1597616618971841e-11,
                7.299316305219264e-13
            ],
            [
                0.0035297836291360014,
                0.9964702155366366,
                8.307585913988547e-10,
                3.3063228144838776e-12,
                1.6240537422892415e-13
            ],
            [
                0.0,
                1.6063574131244795e-10,
                0.9999999996303492,
                1.3291008526499462e-10,
                7.610491751628046e-11
            ],
            [
                0.0,
                7.862348536918528e-09,
                1.3201515421224992e-05,
                0.18982434695133946,
                0.8101624436708907
            ],
            [
                0.0,
                2.501841765177685e-10,
                4.487241444307057e-07,
                0.000144138887713812,
                0.9998554121379576
            ]
        ],
        [
            [
                0.999998619080318,
                1.3803775317321783e-06,
                5.33928352865594e-10,
                7.823965432932283e-12,
                3.9796210294789354e-13
            ],
            [
                9.485481764102107e-06,
                0.9999905143198259,
                1.9528489771129667e-10,
                2.9819703620523853e-12,
                1.4306251173484848e-13
            ],
            [
                0.0,
                1.9043420222298773e-11,
                0.9999999998207374,
                1.207193091211393e-10,
                3.949996022496357e-11
            ],
            [
                0.0,
                2.1744369904154993e-11,
                1.5861030105667321e-09,
                8.199755263777195e-07,
                0.9999991784166263
            ],
            [
                0.0,
                2.0943098954509852e-10,
                3.391580490299616e-08,
                7.81877141507119e-05,
                0.9999217781606135
            ]
        ],
        [
            [
                0.9999884399010052,
                1.1558894388520939e-05,
                1.1790244378376046e-09,
                2.516845133492779e-11,
                4.135326224520401e-13
            ],
            [
                0.9994793603477403,
                0.0005206391284088742,
                5.163031990739481e-10,
                7.432617403185336e-12,
                1.149250142356597e-13
            ],
            [
                0.0,
                5.287198604528037e-12,
                0.9999999997743914,
                1.308043400128271e-10,
                8.951731456617188e-11
            ],
            [
                0.0,
                7.794536396420756e-11,
                5.427292005891442e-08,
                6.5288634808878955e-06,
                0.9999934167856537
            ],
            [
                0.0,
                4.3499235863820535e-10,
                9.164366606839549e-07,
                8.226982921889673e-05,
                0.9999168132991281
            ]
        ],
        [
            [
                0.9999974604949813,
                2.538805774123657e-06,
                6.84694125155543e-10,
                1.4176776758358822e-11,
                3.7371958526518044e-13
            ],
            [
                0.00013895412908222158,
                0.9998610457968035,
                7.215040804911446e-11,
                1.901673309337962e-12,
                6.226498291021764e-14
            ],
            [
                0.0,
                4.731540525679899e-11,
                0.9999999997398501,
                9.931387516850535e-11,
                1.1352042774385654e-10
            ],
            [
                0.0,
                1.4246462397017386e-08,
                0.00017120654607884168,
                0.9218231946238903,
                0.0780055845835685
            ],
            [
                0.0,
                5.7230024426203854e-11,
                1.6249028563617792e-09,
                3.768773083547707e-08,
                0.9999999606301362
            ]
        ],
        [
            [
                0.9999971062577814,
                2.8932669268301655e-06,
                4.692188190084631e-10,
                5.956826379640279e-12,
                1.1620964608689876e-13
            ],
            [
                7.190203613662981e-05,
                0.9999280976750232,
                2.7962225830685646e-10,
                8.827141594260822e-12,
                3.906110783469852e-13
            ],
            [
                0.0,
                2.0733718625451442e-10,
                0.999999999584541,
                1.5174466102465632e-10,
                5.637715671889382e-11
            ],
            [
                0.0,
                6.299654751744549e-10,
                5.198415514742935e-07,
                4.438065220297199e-05,
                0.9999550988762801
            ],
            [
                0.0,
                1.9522976019646475e-10,
                5.1890510124264664e-08,
                3.927003903043294e-06,
                0.999996020910357
            ]
        ],
        [
            [
                0.9999998937792866,
                1.045661176515701e-07,
                1.6407362041894776e-09,
                1.3058266708552662e-11,
                8.013963158223739e-13
            ],
            [
                0.6026262933443459,
                0.3973737035889961,
                2.9107647717611233e-09,
                1.530798565216878e-10,
                2.8132529644873875e-12
            ],
            [
                0.0,
                5.638695191421242e-07,
                0.9999994358651472,
                2.0494313975605156e-10,
                6.03904894846855e-11
            ],
            [
                0.0,
                1.6838502883367594e-09,
                2.7137017283252495e-06,
                0.04938771356906855,
                0.9506095710453529
            ],
            [
                0.0,
                1.7898291553204314e-09,
                2.7141626959985317e-06,
                0.0024711344475363034,
                0.9975261495999385
            ]
        ],
        [
            [
                0.9999919435847522,
                8.055484469149195e-06,
                9.239489455487711e-10,
                6.471503220559214e-12,
                3.5814830487969855e-13
            ],
            [
                0.9988977987074158,
                0.001102200928057622,
                3.498743489527264e-10,
                1.44814199563379e-11,
                1.707957848979607e-13
            ],
            [
                0.0,
                1.396143309092875e-11,
                0.9999999994131428,
                2.5384496490743266e-10,
                3.190506786808257e-10
            ],
            [
                0.0,
                5.643108483733078e-10,
                4.1497468416932433e-07,
                4.34418455442395e-05,
                0.9999561426154607
            ],
            [
                0.0,
                5.503980821379808e-10,
                1.0345950869988713e-07,
                8.893287368224556e-06,
                0.9999910027027249
            ]
        ],
        [
            [
                0.9999901707531252,
                9.827294166571418e-06,
                1.934642847993677e-09,
                1.7437101018574658e-11,
                6.282174067553374e-13
            ],
            [
                0.00033499490218472696,
                0.999665003818818,
                1.2744549486523636e-09,
                4.201684171172601e-12,
                3.4070418642067647e-13
            ],
            [
                0.0,
                2.355633609887746e-11,
                0.9999999988696315,
                7.717791407071146e-10,
                3.350331829073428e-10
            ],
            [
                0.0,
                1.3817009979180565e-10,
                4.041376110257274e-08,
                2.0585638097755412e-06,
                0.999997900884259
            ],
            [
                0.0,
                8.289284834083319e-11,
                2.083876426897401e-08,
                2.9638808497898354e-07,
                0.999999682690258
            ]
        ],
        [
            [
                0.9999023603510541,
                9.76393422692483e-05,
                2.9727734299477414e-10,
                9.300638694498108e-12,
                9.874217110616087e-14
            ],
            [
                0.25698238540441304,
                0.743017612248122,
                2.3312625125908673e-09,
                1.5623482696333804e-11,
                5.789110370359027e-13
            ],
            [
                0.0,
                0.0,
                0.999999999970455,
                1.6729164055083452e-11,
                1.2816008269536076e-11
            ],
            [
                0.0,
                5.956014754674578e-10,
                8.749016204139354e-08,
                6.330979706009537e-06,
                0.9999935809345305
            ],
            [
                0.0,
                4.5779459724292057e-10,
                8.609515369544081e-08,
                2.562186552882493e-07,
                0.9999996572283965
            ]
        ],
        [
            [
                0.999999693117202,
                3.0648050950674564e-07,
                3.954211998696513e-10,
                6.709766289276373e-12,
                1.5749788829329168e-13
            ],
            [
                5.940894266020165e-05,
                0.9999405908077689,
                2.476196252042323e-10,
                1.8443851148995342e-12,
                1.0701732670617287e-13
            ],
            [
                0.0,
                1.8740528423065856e-11,
                0.9999999996879791,
                2.2978079187505718e-10,
                6.349932035526854e-11
            ],
            [
                0.0,
                3.2531732349429843e-10,
                4.086987044073662e-08,
                1.0451741536486347e-06,
                0.9999989136306586
            ],
            [
                0.0,
                6.512243400436786e-11,
                3.765870065516223e-08,
                5.2568165772959445e-06,
                0.9999947054595996
            ]
        ],
        [
            [
                0.9999987556917479,
                1.2420808125539108e-06,
                2.1879808853187857e-09,
                3.8724214206928904e-11,
                7.345530232102209e-13
            ],
            [
                0.1011835123144537,
                0.8988164845303043,
                3.131807406124988e-09,
                2.2325204144482997e-11,
                1.1095365844922533e-12
            ],
            [
                0.0,
                8.016118588180836e-13,
                0.99999999997276,
                5.858526818585721e-12,
                2.0580010048776202e-11
            ],
            [
                0.0,
                1.328284851624594e-10,
                7.041841667638724e-08,
                2.3386000922721775e-05,
                0.9999765434478322
            ],
            [
                0.0,
                2.1668697873009443e-10,
                2.6278029420327598e-08,
                3.379893687345867e-07,
                0.999999635515915
            ]
        ],
        [
            [
                0.9999985940189774,
                1.405052083018131e-06,
                9.142808165538176e-10,
                1.4296908959980263e-11,
                3.6182442463705724e-13
            ],
            [
                0.8873001853113242,
                0.11269981320311412,
                1.461136366695686e-09,
                2.281769611803587e-11,
                1.6076155123152671e-12
            ],
            [
                0.0,
                8.358071251338632e-12,
                0.9999999995013626,
                3.5185053860777744e-10,
                1.3842886660439067e-10
            ],
            [
                0.0,
                9.671494444845259e-10,
                9.280987594850611e-08,
                0.21476134021817786,
                0.7852385660047968
            ],
            [
                0.0,
                3.908335553992395e-11,
                3.1385408107548605e-09,
                2.4051649960726275e-08,
                0.9999999727707259
            ]
        ],
        [
            [
                0.9999994375221395,
                5.620312742581547e-07,
                4.3473109257453695e-10,
                1.1533379458289297e-11,
                3.218188322776324e-13
            ],
            [
                0.0006055916596277135,
                0.9993944076603729,
                6.749949876034334e-10,
                4.890055174761664e-12,
                1.1425947664367718e-13
            ],
            [
                0.0,
                2.1485179120762893e-11,
                0.9999999988985706,
                7.707685033699585e-10,
                3.091755449210476e-10
            ],
            [
                0.0,
                2.4172948120953825e-10,
                2.388400292850792e-07,
                5.1586028786321234e-06,
                0.9999946023153626
            ],
            [
                0.0,
                1.54446239838975e-10,
                1.685959492822339e-08,
                3.0361905544175397e-07,
                0.9999996793669034
            ]
        ],
        [
            [
                0.9999831656737063,
                1.683349608300527e-05,
                8.107838145445751e-10,
                1.9181763484979032e-11,
                2.4524373435436285e-13
            ],
            [
                0.7670804139586855,
                0.23291958431778975,
                1.7105172232787084e-09,
