{
    "[['A', 'B', 'C', 'D', 'E'], ['A', 'B', 'C', 'D', 'E']]": [
        [
            [
                0.9999999762591051,
                2.3438858595030425e-08,
                2.9792557098249193e-10,
                3.9752302726718226e-12,
                1.3539771032777123e-13
            ],
            [
                0.9999999265926214,
                7.321072096533032e-08,
                1.949752420976456e-10,
                1.6305043046289124e-12,
                5.196315260037758e-14
            ],
            [
                0.0,
                4.232906583251385e-10,
                0.9999999988014416,
                5.407096991742787e-10,
                2.345578498256999e-10
            ],
            [
                0.0,
                1.7275562073403453e-10,
                8.853649719831083e-08,
                0.00010145190776568238,
                0.9998984593829815
            ],
            [
                0.0,
                1.4402343139221116e-10,
                1.4691847671005713e-07,
                0.0007397625172767914,
                0.9992600904202231
            ]
        ],
        [
            [
                0.9999999940806148,
                5.815927491998915e-09,
                1.0216005479316318e-10,
                1.238297061430196e-12,
                5.918372012477549e-14
            ],
            [
                0.9999999890418131,
                1.0557952974905555e-08,
                3.9835379096928037e-10,
                1.7945401892336466e-12,
                8.543629911183632e-14
            ],
            [
                1.9742721695527815e-09,
                0.9999583924784192,
                4.160553211962123e-05,
                1.3866160347408524e-11,
                1.3228198334891409e-12
            ],
            [
                0.0,
                2.3196448178456638e-10,
                2.908954099604922e-06,
                0.00048149178703874056,
                0.9995155990268971
            ],
            [
                0.0,
                2.827182256459213e-10,
                1.4175244740432781e-06,
                7.251705986526609e-05,
                0.9999260651329424
            ]
        ],
        [
            [
                0.9999999746238681,
                2.4859235740316788e-08,
                5.093856471753008e-10,
                7.253243282281211e-12,
                2.5720399095694554e-13
            ],
            [
                0.9999998000351352,
                1.9954329408470563e-07,
                4.155383891341522e-10,
                5.943616401878971e-12,
                8.87617867223031e-14
            ],
            [
                4.084664786615597e-08,
                0.8358855313962377,
                0.16411442768201717,
                7.509727981444374e-11,
                0.0
            ],
            [
                0.0,
                8.32346659142972e-09,
                9.045738052908474e-05,
                0.4798337288484765,
                0.5200758054475277
            ],
            [
                0.0,
                9.075828739497226e-10,
                4.858650561966243e-06,
                0.9924347136813241,
                0.007560426760531098
            ]
        ],
        [
            [
                0.9999999622566859,
                3.7391090559124075e-08,
                3.493801890244388e-10,
                2.7113989305028095e-12,
                1.3190248129004126e-13
            ],
            [
                0.9999999375468576,
                6.185171907583235e-08,
                5.936133814376603e-10,
                7.684191525862353e-12,
                1.2578040387392995e-13
            ],
            [
                0.0,
                4.9737010869473123e-11,
                0.9999999998278355,
                5.629270077384924e-11,
                6.613459399448047e-11
            ],
            [
                0.0,
                2.065517028973985e-10,
                1.5793665803547387e-07,
                0.000783171589229427,
                0.9992166702675607
            ],
            [
                0.0,
                1.6936898437575229e-10,
                1.297237460632528e-07,
                1.765230842259592e-05,
                0.9999822177984624
            ]
        ],
        [
            [
                0.9999999927115857,
                7.073229251336659e-09,
                2.125218141018666e-10,
                2.287956854269235e-12,
                3.7529322810862457e-13
            ],
            [
                0.9999999672724624,
                3.24731809423246e-08,
                2.5189930636913077e-10,
                2.3339060960447098e-12,
                1.2345373059485463e-13
            ],
            [
                1.1734684459037672e-07,
                0.9999956947397803,
                4.187683738995875e-06,
                2.1982785359153679e-10,
                9.8081923089498e-12
            ],
            [
                0.0,
                1.7044271601634346e-09,
                3.919524848326166e-06,
                0.49999803938536225,
                0.49999803938536225
            ],
            [
                0.0,
                2.902054193632445e-10,
                4.69984002759933e-07,
                1.2471158159772323e-06,
                0.9999982826099758
            ]
        ],
        [
            [
                0.9999999902786169,
                9.400831810671191e-09,
                3.1695870680122314e-10,
                3.480648727170627e-12,
                1.1213523173517972e-13
            ],
            [
                0.9999990996865914,
                8.997994899624014e-07,
                5.093847157076781e-10,
                4.396194424521741e-12,
                1.3772365125730956e-13
            ],
            [
                1.0588565900223266e-08,
                0.9999916070101036,
                8.382395045143701e-06,
                4.745402041229511e-12,
                1.5400982092105425e-12
            ],
            [
                0.0,
                2.0844993953868177e-09,
                5.8392728765073156e-06,
                0.10308051133932292,
                0.8969136473033011
            ],
            [
                0.0,
                7.17353158886687e-11,
                1.3699833930185325e-07,
                6.0520422889097785e-06,
                0.9999938108876364
            ]
        ],
        [
            [
                0.9999999738196803,
                2.6113247475824043e-08,
                6.609940809586742e-11,
                8.95313937351491e-13,
                7.746725988460039e-14
            ],
            [
                0.9999992018995437,
                7.96513212610235e-07,
                1.5796482301814751e-09,
                7.447290683705442e-12,
                1.4823719543594467e-13
            ],
            [
                2.2235134375569224e-09,
                0.08435829859359013,
                0.9156416985409348,
                6.419616463385627e-10,
                0.0
            ],
            [
                0.0,
                2.986585396588858e-09,
                9.214183328209235e-06,
                0.07331901555681415,
                0.9266717672732723
            ],
            [
                0.0,
                2.1311232525678558e-11,
                6.490797509233055e-09,
                5.787839590574726e-06,
                0.9999942056483007
            ]
        ],
        [
            [
                0.9999999862361344,
                1.3585411953879418e-08,
                1.763044276247211e-10,
                2.037246115555266e-12,
                1.1201979501068687e-13
            ],
            [
                0.999999902545983,
                9.722904593760849e-08,
                2.2178410889690222e-10,
                3.0518764366449934e-12,
                1.3503819325244575e-13
            ],
            [
                2.1548104067698717e-10,
                1.370188612521741e-05,
                0.9999862957391966,
                1.7347188255166508e-09,
                4.2447834001273105e-10
            ],
            [
                0.0,
                3.1976789409288224e-09,
                0.0181823884314536,
                9.616496219809477e-06,
                0.9818079918746476
            ],
            [
                0.0,
                1.3285501764272198e-11,
                2.4861701957754803e-08,
                9.94689083541188e-08,
                0.9999998756561042
            ]
        ],
        [
            [
                0.999999901316094,
                9.855995795281846e-08,
                1.214634736826863e-10,
                2.380247093179025e-12,
                1.0432813369839754e-13
            ],
            [
                0.9999985382896769,
                1.4615482972071964e-06,
                1.5851585364956024e-10,
                3.440124113305581e-12,
                7.004753507253065e-14
            ],
            [
                0.0,
                2.2047346779223576e-08,
                0.9999999775969405,
                2.2047240239592066e-10,
                1.3524047566359173e-10
            ],
            [
                0.0,
                5.962307075765815e-08,
                0.02267333677007474,
                0.24195801395492175,
                0.7353685896519327
            ],
            [
                0.0,
                1.905379428328124e-09,
                1.575721373737665e-05,
                0.1878965829662191,
                0.8120876579146641
            ]
        ],
        [
            [
                0.9999999954397616,
                4.348805759655444e-09,
                2.0943458804576535e-10,
                1.899675705380016e-12,
                9.827076584945608e-14
            ],
            [
                0.9999926612367476,
                7.338359273878904e-06,
                4.0121940077837965e-10,
                2.6713848799753313e-12,
                8.769773532160847e-14
            ],
            [
                0.0,
                1.247168680547422e-09,
                0.9999999975241032,
                1.000915178772529e-09,
                2.2781309602628223e-10
            ],
            [
                0.0,
                1.5523181875008156e-10,
                7.739144223303766e-08,
                3.5664732375909934e-05,
                0.99996425772095
            ],
            [
                0.0,
                2.8651918738652433e-11,
                2.038167535833562e-08,
                3.355910695710627e-07,
                0.9999996439986032
            ]
        ],
        [
            [
                0.9999999894509476,
                9.955882599592904e-09,
                5.898999758943807e-10,
                3.1466759813010307e-12,
                1.2318418020903228e-13
            ],
            [
                0.9999992153364239,
                7.844696074381056e-07,
                1.8916906046934e-10,
                4.704676187415457e-12,
                9.489731925971741e-14
            ],
            [
                0.0,
                1.5864198657030275e-10,
                0.9999999997190661,
                5.4519249751179835e-11,
                6.777256921440145e-11
            ],
            [
                0.0,
                0.0,
                1.0363489434712308e-07,
                0.9835769467106447,
                0.016422949654460915
            ],
            [
                0.0,
                5.817885599924239e-11,
                6.597440984964798e-07,
                1.241863615879997e-05,
                0.9999869215615639
            ]
        ],
        [
            [
                0.9999999937931072,
                6.118941672699189e-09,
                8.506017822320467e-11,
                2.7142707644074433e-12,
                1.764144920558212e-13
            ],
            [
                0.9999962414326651,
                3.7581821622445013e-06,
                3.813136487529801e-10,
                3.788354440695917e-12,
                7.071080435602026e-14
            ],
            [
                0.0,
                7.684381625299019e-12,
                0.9999999999468847,
                2.7332447988680355e-11,
                1.809865090855852e-11
            ],
            [
                0.0,
                1.343850582981985e-09,
                1.5235377553068576e-05,
                0.01731579548745691,
                0.9826689677911394
            ],
            [
                0.0,
                3.3573379837260243e-09,
                5.132944669188955e-05,
                0.15149089741918934,
                0.8484577697767808
            ]
        ],
        [
            [
                0.9999999796209602,
                2.0226419537385766e-08,
                1.5097384438280943e-10,
                1.5824200630601752e-12,
                6.400738492823262e-14
            ],
            [
                0.9999999255356765,
                7.408698762139728e-08,
                3.7272570933918436e-10,
                4.500884933473691e-12,
                1.0920010594773997e-13
            ],
            [
                0.0,
                5.7835649533867136e-11,
                0.9999999997908324,
                9.186100683735763e-11,
                5.94707785114696e-11
            ],
            [
                0.0,
                2.1410285629711716e-10,
                1.352445456188826e-07,
                0.0015551937897255496,
                0.998444670751626
            ],
            [
                0.0,
                1.5150808969383626e-10,
                1.5380715440068e-06,
                2.8875279514861852e-06,
                0.9999955742489963
            ]
        ],
        [
            [
                0.9999999533325747,
                4.6222234575854645e-08,
                4.404247112011505e-10,
                4.659763961644403e-12,
                1.0624042410911073e-13
            ],
            [
                0.9999992481147311,
                7.515689624155075e-07,
                3.112119777859526e-10,
                5.0219807320802835e-12,
                7.253581689060049e-14
            ],
            [
                0.0,
                9.050663974399384e-09,
                0.9999999892685426,
                1.327115513399761e-09,
                3.536779763674369e-10
            ],
            [
                0.0,
                1.6056903850684515e-09,
                4.3853496006728064e-06,
                0.6011478741378887,
                0.3988477389068201
            ],
            [
                0.0,
                1.7144415555811916e-11,
                2.6614118907836136e-08,
                1.0919439257336798e-07,
                0.9999998641743442
            ]
        ],
        [
            [
                0.9999999849006913,
                1.4931360435655173e-08,
                1.6466009922600706e-10,
                3.148795318636779e-12,
                1.3937685546576463e-13
            ],
            [
                0.999999953097058,
                4.618557375426527e-08,
                7.127763240679924e-10,
                4.395472926467743e-12,
                1.964314355898909e-13
            ],
            [
                1.004991208611403e-10,
                1.9803035705489646e-08,
                0.9999999799708434,
                1.2562162811458552e-10,
                0.0
            ],
            [
                0.0,
                3.955941323873418e-09,
                1.1186748197919335e-05,
                0.02731276991525241,
                0.9726760393806084
            ],
            [
                0.0,
                1.4161056765000136e-10,
                4.0195304574009e-07,
                9.073152544450645e-05,
                0.9999088663798992
            ]
        ],
        [
            [
                0.9999999450900167,
                5.4583632077834e-08,
                3.2444668369760254e-10,
                1.8371594754754236e-12,
                6.730022689670786e-14
            ],
            [
                0.9999992024017142,
                7.968277553764124e-07,
                7.650636159614791e-10,
                5.309330114521751e-12,
                1.5743931834114447e-13
            ],
            [
                2.7045749802307575e-09,
                0.9998737720421669,
                0.000126223662621145,
                1.5474885303049576e-09,
                4.31486001633856e-11
            ],
            [
                0.0,
                0.0,
                2.6468654081206542e-06,
                0.9249804550548796,
                0.07501689807971229
            ],
            [
                0.0,
                1.011925341873834e-10,
                1.993782743374216e-06,
                1.9504034695658936e-06,
                0.9999960557125945
            ]
        ],
        [
            [
                0.9999999747623591,
                2.485923574375957e-08,
                3.755379669235808e-10,
                2.723039255219191e-12,
                1.440053587073511e-13
            ],
            [
                0.9999998065280514,
                1.933844434790452e-07,
                8.549984812248153e-11,
                1.9073000809863867e-12,
                9.799151281676438e-14
            ],
            [
                0.0,
                5.7384912143377754e-11,
                0.9999999985170314,
                9.244883171070473e-10,
                5.010953938328569e-10
            ],
            [
                0.0,
                2.985308213960169e-10,
                3.171088700152142e-07,
                0.0002713746178304434,
                0.9997283079747686
            ],
            [
                0.0,
                2.0792488878647606e-10,
                2.0035714103476367e-07,
                1.2783272533035106e-05,
                0.999987016162401
            ]
        ],
        [
            [
                0.9999999916213521,
                8.29229741876601e-09,
                8.218441391708255e-11,
                4.095273549780567e-12,
                7.075707539065352e-14
            ],
            [
                0.9999999182128023,
                8.064492552794865e-08,
                1.1319141942060487e-09,
                1.0135029910511642e-11,
                2.229611888522166e-13
            ],
            [
                3.404122338723019e-11,
                4.25078099836177e-09,
                0.9999999946240252,
                7.035792807168088e-10,
                3.875733942242934e-10
            ],
            [
                0.0,
                5.817951992736497e-11,
                2.8401025332961388e-08,
                1.0421514024169948e-06,
                0.9999989293893927
            ],
            [
                0.0,
                3.856325685206307e-10,
                3.875146507197739e-06,
                0.00019879861453830623,
                0.9997973258533218
            ]
        ],
        [
            [
                0.9999999830029699,
                1.670944966502158e-08,
                2.84813902858047e-10,
                2.5971233540661457e-12,
                1.6944045757813843e-13
            ],
            [
                0.9999999252758197,
                7.408698760214527e-08,
                6.272845018863562e-10,
                9.686992816001308e-12,
                2.2114382669653205e-13
            ],
            [
                7.12320671315899e-11,
                6.395464840756706e-07,
                0.9999993585256262,
                1.3473127582355446e-09,
                5.093448324036819e-10
            ],
            [
                0.0,
                1.031675751933119e-09,
                2.298186415670646e-05,
                0.9992800737484632,
                0.0006969433557043804
            ],
            [
                0.0,
                2.236706000748319e-11,
                4.90590699723951e-09,
                1.8992123530985336e-06,
                0.9999980958593728
            ]
        ],
        [
            [
                0.999999877307068,
                1.2221543703154603e-07,
                4.735741265804686e-10,
                3.807412844078424e-12,
                1.1341701973630218e-13
            ],
            [
                0.9999997778969874,
                2.2136710687744687e-07,
                7.326456450597259e-10,
                3.146676065835295e-12,
                1.1330156281265866e-13
            ],
            [
                4.3432992086698433e-10,
                1.9462580525306977e-06,
                0.9999980526445891,
                6.630285948668278e-10,
                0.0
            ],
            [
                0.0,
                3.3382710781136727e-09,
                2.2322461486840818e-05,
                0.025559347540767732,
                0.9744183266594743
            ],
            [
                0.0,
                9.189530311949525e-12,
                4.716567384511561e-10,
                4.0882286102031665e-07,
                0.9999995906962927
            ]
        ],
        [
            [
                0.9999999935408175,
                6.1793904064659185e-09,
                2.766731032154207e-10,
                2.9439649648380494e-12,
                1.7503828492051998e-13
            ],
            [
                0.9999999448657421,
                5.4416790995048205e-08,
                7.127763182009051e-10,
                4.595201152014439e-12,
                9.550688332472253e-14
            ],
            [
                5.789417589998069e-10,
                0.7538083923270019,
                0.246191606926642,
                1.6741430324474212e-10,
                0.0
            ],
            [
                0.0,
                6.377685692162198e-09,
                0.0011666907606298928,
                0.9300559414463296,
                0.06877736141535466
            ],
            [
                0.0,
                2.3020071087089553e-09,
                1.8575301340907503e-05,
                0.8842655738525086,
                0.11571584854414342
            ]
        ],
        [
            [
                0.999999939020756,
                6.069868249185237e-08,
                2.7773691775667847e-10,
                2.710282358756497e-12,
                1.1428694716254322e-13
            ],
            [
                0.9999998557446387,
                1.4396927198727515e-07,
                2.8051809497758896e-10,
                5.4373003163107585e-12,
                1.3405607484209576e-13
            ],
            [
                1.4490205825753473e-11,
                1.2329661813185714e-08,
                0.9999999864585276,
                1.0404139550317049e-09,
                1.569065356603077e-10
            ],
            [
                0.0,
                4.08586643732647e-11,
                3.480244391865886e-08,
                3.545227972231928e-05,
                0.9999645128769751
            ],
            [
                0.0,
                1.1957527502395148e-11,
                3.5570432844187166e-09,
                4.821412599501605e-07,
                0.9999995142897392
            ]
        ],
        [
            [
                0.9999999862873186,
                1.3370198583065466e-08,
                3.352108747696709e-10,
                7.088966529207799e-12,
                1.8302754702888056e-13
            ],
            [
                0.9999998669274531,
                1.3265360593742241e-07,
                4.1553836739444137e-10,
                3.2214447037510714e-12,
                1.8114587695356436e-13
            ],
            [
                4.722270344516595e-08,
                0.004594295593784594,
                0.9954056562525154,
                9.309966003852764e-10,
                0.0
            ],
            [
                0.0,
                4.3708424108007794e-09,
                6.62361033949764e-05,
                0.21011063674103306,
                0.7898231227847295
            ],
            [
                0.0,
                4.411437839968696e-09,
                1.3264362386558728e-05,
                0.15193767980909073,
                0.8480490514170849
            ]
        ],
        [
            [
                0.9999999928438463,
                6.7042625221207685e-09,
                4.488826708748898e-10,
                2.8804177158616736e-12,
                1.281919777518355e-13
            ],
            [
                0.9999999451520626,
                5.458363208122069e-08,
                2.60714157592136e-10,
                3.449289534741841e-12,
                1.4194511426145541e-13
            ],
            [
                1.6233571862924875e-09,
                0.998099899865421,
                0.0019000984965483181,
                1.4673433644229455e-11,
                0.0
            ],
            [
                0.0,
                2.0280027523553377e-09,
                9.187192693307388e-06,
                0.05238766758339991,
                0.9476031431959041
            ],
            [
                0.0,
                4.674113336305295e-12,
                3.693760593704202e-10,
                3.0671000101182626e-09,
                0.9999999965588497
            ]
        ],
        [
            [
                0.9999999843188572,
                1.53357635776051e-08,
                3.416802153296517e-10,
                3.5237133514164887e-12,
                1.7543636138776777e-13
            ],
            [
                0.9999973763523918,
                2.6234837113385987e-06,
                1.6245240267732666e-10,
                1.399339105631679e-12,
                4.510599976798704e-14
            ],
            [
                0.0,
                7.556284143206203e-10,
                0.9999999984804744,
                3.9255732113041256e-10,
                3.7133985232021834e-10
            ],
            [
                0.0,
                4.241568277472403e-11,
                8.87160179025308e-08,
                2.57647686304985e-05,
                0.9999741464729359
            ],
            [
                0.0,
                2.04986810858009e-11,
                2.8754557965119805e-08,
                2.252354750630337e-06,
                0.9999977188701927
            ]
        ],
        [
            [
                0.9999998863974262,
                1.1327165666115896e-07,
                3.272977438955744e-10,
                3.5194482066543115e-12,
                9.986515276125507e-14
            ],
            [
                0.9999980384866113,
                1.961062588986715e-06,
                4.4711471293572113e-10,
                3.573787256502792e-12,
                1.113114040048723e-13
            ],
            [
                1.6977765624240028e-08,
                0.999995572428601,
                4.410586292236696e-06,
                5.947233532514711e-12,
                1.394048421777524e-12
            ],
            [
                0.0,
                3.915186909304046e-10,
                3.0707586475768876e-07,
                0.007332679046994161,
                0.9926670134856225
            ],
            [
                0.0,
                9.174171549554812e-12,
                1.2458592480942174e-08,
                1.4458872266279e-07,
                0.9999998429435106
            ]
        ],
        [
            [
                0.9999999904772726,
                9.36085993073106e-09,
                1.6096513820929695e-10,
                8.638739900706768e-13,
                3.8168322134669836e-14
            ],
            [
                0.9999996221699482,
                3.7727343482074677e-07,
                5.502175660035053e-10,
                6.270637149894533e-12,
                1.287207091345051e-13
            ],
            [
                0.0,
                2.1584807064262533e-09,
                0.9999999971819997,
                3.8251482874793694e-10,
                2.7700470596007157e-10
            ],
            [
                0.0,
                3.2506877034863357e-09,
                7.371005599673096e-05,
                0.12590928104809965,
                0.874017005645216
            ],
            [
                0.0,
                3.599698346406507e-10,
                1.5021097331661225e-06,
                0.00024905725154056497,
                0.9997494402787565
            ]
        ],
        [
            [
                0.9999999740418863,
                2.5586494127192694e-08,
                3.6919080641718994e-10,
                2.31518704404854e-12,
                1.1337419276730302e-13
            ],
            [
                0.9999999890810679,
                9.421294995301737e-09,
                1.4870247790932828e-09,
                1.0370982387612756e-11,
                2.414291527282224e-13
            ],
            [
                4.142907839854205e-08,
                0.9999848714442396,
                1.5087089077810017e-05,
                3.3900038378129173e-11,
                3.704177441269535e-12
            ],
            [
                0.0,
                1.6772856721276225e-09,
                6.945311292881609e-05,
                0.9478944520081536,
                0.05203609320163199
            ],
            [
                0.0,
                3.8218375885466935e-10,
                1.2053814182716565e-06,
                0.00015598126145218181,
                0.9998428129749458
            ]
        ],
        [
            [
                0.9999999763122595,
                2.3569225071237833e-08,
                1.1659547366381e-10,
                1.8045833182286024e-12,
                1.1539836331622946e-13
            ],
            [
                0.9999998958529482,
                1.0370865297716384e-07,
                4.3405334107909884e-10,
                4.162256882144294e-12,
                1.8317737634793585e-13
            ],
            [
                0.0,
                3.122148289892487e-11,
                0.999999999763892,
                1.0358552930759825e-10,
                1.0130106467891386e-10
            ],
            [
                0.0,
                2.0993943551704763e-09,
                3.7240242705769747e-06,
                0.1973813167728699,
                0.8026149571034652
            ],
            [
                0.0,
                1.737664292828406e-11,
                6.463901314628674e-09,
                3.580319013218134e-07,
                0.9999996354868207
            ]
        ],
        [
            [
                0.999999977192226,
                2.230919119613174e-08,
                4.946532516383429e-10,
                3.6822697165843804e-12,
                2.475526674049219e-13
            ],
            [
                0.9999999245659584,
                7.434348373700628e-08,
                1.0844045976848723e-09,
                5.953589617778533e-12,
                1.996070173067544e-13
            ],
            [
                1.3550868864633748e-11,
                2.1741179509767935e-07,
                0.9999997788618862,
                3.4731669696623695e-09,
                2.3960097358170225e-10
            ],
            [
                0.0,
                0.0,
                8.392325441826733e-07,
                0.1256740872344772,
                0.8743250735329786
            ],
            [
                0.0,
                2.1625891316512813e-09,
                1.1793124076108192e-05,
                0.18062178579509258,
                0.8193664189182421
            ]
        ],
        [
            [
                0.9999999960091868,
                3.833271874429216e-09,
                1.558197584858618e-10,
                1.5910120765112207e-12,
                1.3046403017309335e-13
            ],
            [
                0.999999680119825,
                3.191418635408538e-07,
                7.335545410043033e-10,
                4.527835558018079e-12,
                2.290195584532982e-13
            ],
            [
                0.0,
                1.3832897335131215e-08,
                0.9999999849653358,
                7.879984615552954e-10,
                4.137683610721344e-10
            ],
            [
                0.0,
                1.4110428940764085e-09,
                1.7725310326374447e-06,
                0.3276038339352138,
                0.6723943921227107
            ],
            [
                0.0,
                1.150297359316704e-11,
                1.7621408285616388e-09,
                1.154739587224161e-08,
                0.9999999866789604
            ]
        ],
        [
            [
                0.9999999733349765,
                2.6300994513339536e-08,
                3.6056766737488033e-10,
                3.281550207048389e-12,
                1.7975332805009522e-13
            ],
            [
                0.9999991791385532,
                8.20276648242896e-07,
                5.807987482219755e-10,
                3.86375080899e-12,
                1.3603087227614675e-13
            ],
            [
                0.0,
                1.5689404817075384e-09,
                0.9999999975929894,
                6.053028478302195e-10,
                2.3276713280937923e-10
            ],
            [
                0.0,
                3.584454261318986e-10,
                3.30964367774343e-07,
                0.0008787834485353248,
                0.9991208852286516
            ],
            [
                0.0,
                4.047612742949881e-10,
                1.4017075055308274e-06,
                0.00047755578384828864,
                0.9995210421038849
            ]
        ],
        [
            [
                0.9999999971767577,
                2.6712818121350883e-09,
                1.4861648920020726e-10,
                3.2214447393158524e-12,
                1.2261947248929243e-13
            ],
            [
                0.9999999160203233,
                8.324169678797431e-08,
                7.326456589170249e-10,
                5.192525891575382e-12,
                1.4161034777094892e-13
            ],
            [
                5.917086223026773e-10,
                7.006258921424743e-06,
                0.9999929930635193,
                8.585069291806576e-11,
                0.0
            ],
            [
                0.0,
                3.2978281044231934e-11,
                5.014477337663506e-08,
                4.153201158989385e-06,
                0.9999957966210893
            ],
            [
                0.0,
                5.736879358012556e-12,
                5.976007772769103e-10,
                3.6312024249577625e-08,
                0.9999999630846381
            ]
        ],
        [
            [
                0.9999999800160249,
                1.9807417661122884e-08,
                1.730923654225907e-10,
                3.2556155642220908e-12,
                2.092992897539494e-13
            ],
            [
                0.9999998662748005,
                1.3261224407438763e-07,
                1.1027700315181478e-09,
                1.0014316458939856e-11,
                1.7097243814289631e-13
            ],
            [
                2.0076346130091976e-10,
                6.446098409896241e-07,
                0.9999993551510148,
                3.8380524266642226e-11,
                0.0
            ],
            [
                0.0,
                5.563358387169968e-11,
                1.089474603372932e-07,
                1.7012087940724485e-05,
                0.9999828789089653
            ],
            [
                0.0,
                5.220575390854225e-10,
                0.0004570456835941651,
                0.0004771114887676087,
                0.9990658423055807
            ]
        ],
        [
            [
                0.999999936467545,
                6.322363581301961e-08,
                3.0614293513354395e-10,
                2.4929698449822153e-12,
                1.8317738378761194e-13
            ],
            [
                0.9999999264068961,
                7.287496476176902e-08,
                7.056974448970842e-10,
                1.2243147561593656e-11,
                1.9873896506783865e-13
            ],
            [
                0.0,
                1.1558099189419002e-09,
                0.9999999978592686,
                6.357339719687211e-10,
                3.491876678661653e-10
            ],
            [
                0.0,
                3.880366275919256e-09,
                5.022789039808114e-05,
                0.14815297698078944,
                0.8517967912484462
            ],
            [
                0.0,
                1.1131099391544283e-09,
                2.3132354080791212e-05,
                0.005905136066643853,
                0.9940717304661655
            ]
        ],
        [
            [
                0.9999999566424257,
                4.302924783398183e-08,
                3.209164084821423e-10,
                7.248305929546383e-12,
                1.618916635149155e-13
            ],
            [
                0.9999999579662655,
                4.174915074830498e-08,
                2.825505662640486e-10,
                1.9687225969023706e-12,
                6.444077880759258e-14
            ],
            [
                0.0,
                2.373862444100257e-09,
                0.9999999971916385,
                2.624789713520098e-10,
                1.7202008298333778e-10
            ],
            [
                0.0,
                2.0214097705179097e-10,
                1.0708851761596344e-07,
                0.0004987227384552754,
                0.9995011699708861
            ],
            [
                0.0,
                8.24662268782441e-12,
                6.4854015175225e-09,
                1.788495639948646e-08,
                0.9999999756213954
            ]
        ],
        [
            [
                0.9999999934864723,
                6.415825624734688e-09,
                9.592547037705094e-11,
                1.6823101097812952e-12,
                9.447795598829917e-14
            ],
            [
                0.9999998400774314,
                1.5939258915711153e-07,
                5.243077465344636e-10,
                5.506873518560731e-12,
                1.6499843795351395e-13
            ],
            [
                8.571390631157124e-11,
                6.836022831402039e-09,
                0.999999991079166,
                1.4758804842134834e-09,
                5.232168585161942e-10
            ],
            [
                0.0,
                3.4856483511821534e-10,
                6.461541356364622e-07,
                3.414097700023874e-05,
                0.9999652125202994
            ],
            [
                0.0,
                1.5174762538869927e-09,
                1.760681236358559e-05,
                0.1586263288484481,
                0.841356062821712
            ]
        ],
        [
            [
                0.9999999964035085,
                3.4197639489923404e-09,
                1.7443663956196022e-10,
                2.151830526561412e-12,
