{
    "[['A', 'B', 'C', 'D', 'E'], ['A', 'B', 'C', 'D', 'E']]": [
        [
            [
                0.99999351768636,
                6.481509741126958e-06,
                7.988976439699329e-10,
                4.8034827648851285e-12,
                1.978931637698438e-13
            ],
            [
                8.994429459411984e-06,
                0.9999910055373054,
                3.2381159993851605e-11,
                7.5911151190882e-13,
                9.477213849585613e-14
            ],
            [
                0.0,
                7.391805401233033e-11,
                0.9999999503113379,
                4.517337721865879e-08,
                4.441366804278619e-09
            ],
            [
                0.0,
                6.626805692109597e-11,
                1.9796879327248257e-08,
                1.7001324549804568e-06,
                0.9999982800043977
            ],
            [
                0.0,
                1.1800092188141188e-10,
                8.739288196572126e-09,
                2.514892550508137e-05,
                0.9999748422172058
            ]
        ],
        [
            [
                0.9999993758938677,
                6.232829447510417e-07,
                8.134992721631314e-10,
                9.47245277714484e-12,
                2.1606428700656338e-13
            ],
            [
                0.001106590231516724,
                0.9988934094315877,
                3.3060675215523667e-10,
                6.125681706046374e-12,
                1.6323205667047826e-13
            ],
            [
                0.0,
                7.051749895030944e-11,
                0.9999999924364408,
                6.4628287837748016e-09,
                1.0302127255567988e-09
            ],
            [
                0.0,
                6.992029941603609e-11,
                9.573109118102518e-09,
                1.5575633646748945e-06,
                0.9999984327936059
            ],
            [
                0.0,
                5.104026748278726e-11,
                4.056247302938943e-09,
                6.087122463501949e-07,
                0.9999993871804661
            ]
        ],
        [
            [
                0.9999999625493529,
                3.7146560274664264e-08,
                3.0258258209608676e-10,
                1.440153186280345e-12,
                6.411405229627428e-14
            ],
            [
                0.0002473890808603536,
                0.9997526101096519,
                7.987042069276047e-10,
                1.0112032692781592e-11,
                6.714768557739851e-13
            ],
            [
                0.0,
                2.7941846049599842e-11,
                0.9999999985611319,
                9.322493509722259e-10,
                4.786769024760377e-10
            ],
            [
                0.0,
                6.030603306034934e-10,
                3.0818866951846897e-07,
                1.0625667197252546e-05,
                0.9999890655410729
            ],
            [
                0.0,
                1.8112438026157026e-10,
                1.1050023733384314e-08,
                5.205965955036188e-07,
                0.9999994681722563
            ]
        ],
        [
            [
                0.9999994630712784,
                5.355764070629933e-07,
                1.341220879699721e-09,
                1.0573757508346735e-11,
                5.199540108505282e-13
            ],
            [
                0.00019316557394603366,
                0.9998068330794151,
                1.324490682098551e-09,
                2.1614365515498072e-11,
                5.338847471465682e-13
            ],
            [
                0.0,
                1.2279396077002827e-11,
                0.9999999995970239,
                2.456940503199448e-10,
                1.45002770734973e-10
            ],
            [
                0.0,
                1.1300390182963069e-10,
                1.0438811302527178e-08,
                4.49231537873317e-07,
                0.9999995402166468
            ],
            [
                0.0,
                2.0670018714748946e-11,
                6.430303401927225e-10,
                7.182962506609002e-08,
                0.9999999275066745
            ]
        ],
        [
            [
                0.9999723629303173,
                2.7636290203126423e-05,
                7.716614014487644e-10,
                7.643787458533731e-12,
                1.7427309269843697e-13
            ],
            [
                0.4085205370415799,
                0.5914794554718723,
                7.356692197586125e-09,
                1.2819852859590488e-10,
                1.6570529853247743e-12
            ],
            [
                0.0,
                8.037112055991244e-12,
                0.9999999996649245,
                2.144069122858411e-10,
                1.1263141910752844e-10
            ],
            [
                0.0,
                1.5688349394726842e-10,
                3.0768103926219984e-08,
                5.461107799401639e-06,
                0.9999945079672131
            ],
            [
                0.0,
                7.522993202201956e-10,
                2.9764234188401444e-07,
                7.868973411738538e-05,
                0.9999210118712415
            ]
        ],
        [
            [
                0.9997353132823016,
                0.0002646863118706614,
                4.0172094883375007e-10,
                4.0066989474096024e-12,
                1.0015089751247112e-13
            ],
            [
                0.01204226719919707,
                0.9879577293239704,
                3.4551551165764517e-09,
                2.0936058469381832e-11,
                7.413315631000775e-13
            ],
            [
                0.0,
                7.242574595906834e-11,
                0.9999992559380003,
                7.311572071561778e-07,
                1.2832366884961559e-08
            ],
            [
                0.0,
                1.503537099835298e-10,
                5.967653646313322e-08,
                7.657480491794038e-05,
                0.9999233653681919
            ],
            [
                0.0,
                2.789094138175247e-11,
                2.3791067729283496e-09,
                4.28614108610658e-08,
                0.9999999547315914
            ]
        ],
        [
            [
                0.9999946413123375,
                5.358213636361149e-06,
                4.679836256265309e-10,
                5.920071607917758e-12,
                1.2235827642828597e-13
            ],
            [
                0.9624638522065773,
                0.03753614591572168,
                1.8449087220260388e-09,
                3.1064487488439566e-11,
                1.7279564393707437e-12
            ],
            [
                0.0,
                5.877134279394914e-10,
                0.9999989958569075,
                9.038425617904226e-07,
                9.971281716225938e-08
            ],
            [
                0.0,
                3.442917423121863e-10,
                1.6965068784969193e-07,
                0.00036880484025950567,
                0.999631025164761
            ],
            [
                0.0,
                2.117331294154257e-11,
                1.7862582721104303e-09,
                2.9211847110231e-07,
                0.9999997060740974
            ]
        ],
        [
            [
                0.9999997845922509,
                2.141119821456745e-07,
                1.285676207396913e-09,
                9.629462100239843e-12,
                4.611820638282524e-13
            ],
            [
                0.9998251019740461,
                0.00017489774117291135,
                2.8366129714578045e-10,
                1.0902782613675654e-12,
                2.9575310898849e-14
            ],
            [
                0.0,
                2.2903257468362823e-10,
                0.9999999119548619,
                7.386729376964933e-08,
                1.3948811626817362e-08
            ],
            [
                0.0,
                3.2495312329004535e-11,
                7.123621598032448e-09,
                6.299832073419597e-07,
                0.9999993628606758
            ],
            [
                0.0,
                4.938969148416101e-11,
                2.0060931035579154e-09,
                1.2047883228219316e-06,
                0.9999987931561944
            ]
        ],
        [
            [
                0.9999842993108642,
                1.5699929633695575e-05,
                7.540591146630319e-10,
                5.219574475562672e-12,
                2.2340006760364675e-13
            ],
            [
                0.4089363289297722,
                0.5910636695140244,
                1.522526657795904e-09,
                3.269456713292749e-11,
                9.821984526526546e-13
            ],
            [
                0.0,
                5.077112143581364e-11,
                0.9999999912319478,
                7.68585910955982e-09,
                1.0314218928875743e-09
            ],
            [
                0.0,
                1.867327934256788e-10,
                7.318931580935617e-09,
                0.0001772382317608092,
                0.9998227542625748
            ],
            [
                0.0,
                1.236457469068704e-10,
                2.5485673602775683e-08,
                4.692146683522126e-05,
                0.9999530529238454
            ]
        ],
        [
            [
                0.9999989707381166,
                1.027787518520549e-06,
                1.4675016058835653e-09,
                6.7256800297660876e-12,
                1.3752152937350605e-13
            ],
            [
                0.8748114132957212,
                0.125188582518575,
                4.144344127995761e-09,
                3.9682780953140213e-11,
                1.6767713405635796e-12
            ],
            [
                0.0,
                3.230713182411709e-11,
                0.9999999979562157,
                1.3546515078973703e-09,
                6.568257369040212e-10
            ],
            [
                0.0,
                2.541816743715578e-10,
                3.9742830232626666e-08,
                1.8248415280923624e-05,
                0.9999817115877072
            ],
            [
                0.0,
                7.837172103599583e-11,
                6.880222855752961e-09,
                2.332910714242218e-07,
                0.9999997597503341
            ]
        ],
        [
            [
                0.9999956086611962,
                4.390040591884434e-06,
                1.289900969265701e-09,
                8.079271428180774e-12,
                2.315866114447755e-13
            ],
            [
                0.0001839879511314678,
                0.9998160119210733,
                1.2416188478819328e-10,
                3.470804115630862e-12,
                1.6259816302330398e-13
            ],
            [
                0.0,
                1.3918074611838605e-10,
                0.999999954436381,
                3.6402867573311933e-08,
                9.021570960393606e-09
            ],
            [
                0.0,
                1.93792159503263e-10,
                2.1046476142788845e-08,
                1.9717116821989634e-05,
                0.9999802616429098
            ],
            [
                0.0,
                1.0158762759363186e-10,
                3.507464946708817e-09,
                7.836979165445678e-07,
                0.9999992126930309
            ]
        ],
        [
            [
                0.999988136208467,
                1.1861116311035651e-05,
                2.665988355707421e-09,
                9.051531216284146e-12,
                1.8200755752583292e-13
            ],
            [
                0.4384897914789515,
                0.5615102022660512,
                6.069355277222708e-09,
                1.8382339708555463e-10,
                1.8186154295714552e-12
            ],
            [
                0.0,
                3.970875025452418e-11,
                0.9999999960964345,
                3.295630744520807e-09,
                5.682260827417265e-10
            ],
            [
                0.0,
                8.066464127917814e-11,
                6.176385448443512e-09,
                1.3430083144043494e-06,
                0.9999986507346356
            ],
            [
                0.0,
                8.251268252135747e-11,
                1.037265976320337e-08,
                4.907458516913987e-06,
                0.9999950820863106
            ]
        ],
        [
            [
                0.9999994565948929,
                5.429894107816112e-07,
                4.115182054663724e-10,
                3.878473762449207e-12,
                2.996416250878144e-13
            ],
            [
                0.9969326076995876,
                0.0030673857560001186,
                6.5267618363225145e-09,
                1.7129641330272073e-11,
                5.209108812803716e-13
            ],
            [
                0.0,
                5.572927032291283e-11,
                0.9999999869742913,
                1.0284757074085298e-08,
                2.6852224693005013e-09
            ],
            [
                0.0,
                1.303237041073803e-10,
                3.0119174555459017e-08,
                2.564905156168703e-05,
                0.9999743206989401
            ],
            [
                0.0,
                1.3283127534344005e-10,
                6.349696606518603e-09,
                1.8483492789364275e-06,
                0.9999981451681932
            ]
        ],
        [
            [
                0.9999990133965807,
                9.846811941691966e-07,
                1.9036974674147136e-09,
                1.8187689701699838e-11,
                3.4027880085301345e-13
            ],
            [
                0.2047366547466584,
                0.7952633402949113,
                4.8888688935036076e-09,
                6.868244918090903e-11,
                8.791029706511743e-13
            ],
            [
                0.0,
                9.935328126583415e-11,
                0.9999999759292489,
                1.8562328176655927e-08,
                5.409069803917853e-09
            ],
            [
                0.0,
                1.4038076140072085e-10,
                2.0354791866042665e-08,
                6.761270627940754e-06,
                0.9999932182341994
            ],
            [
                0.0,
                1.1498679751679447e-10,
                7.404696436836605e-09,
                2.6338733914984157e-07,
                0.9999997290929775
            ]
        ],
        [
            [
                0.9999978855389247,
                2.1128689469711584e-06,
                1.5626121891228933e-09,
                2.8971915605685172e-11,
                5.442330032308945e-13
            ],
            [
                0.13482774720265708,
                0.8651722497340646,
                3.040087172032429e-09,
                2.2647037354364125e-11,
                5.442350494830456e-13
            ],
            [
                0.0,
                3.408493115041483e-12,
                0.9999999999267697,
                3.588296800326783e-11,
                3.3938920457342026e-11
            ],
            [
                0.0,
                5.174445309724681e-11,
                5.57129579563423e-09,
                1.712457192752894e-06,
                0.9999982819197671
            ],
            [
                0.0,
                1.3304392822431487e-11,
                6.79294512740251e-10,
                2.972287387103524e-07,
                0.9999997020786624
            ]
        ],
        [
            [
                0.9999985202201168,
                1.4780292844466098e-06,
                1.7375566178646181e-09,
                1.2798736957408645e-11,
                2.4344432061449765e-13
            ],
            [
                0.0043986192479894505,
                0.99560137904314,
                1.697247911717766e-09,
                1.0593600076227603e-11,
                1.0290701064798702e-12
            ],
            [
                0.0,
                1.2055840750185758e-11,
                0.9999999989263364,
                7.766344561694944e-10,
                2.849731210267634e-10
            ],
            [
                0.0,
                4.8569103158913395e-11,
                7.677698099965054e-09,
                2.0199318473149115e-06,
                0.9999979723418855
            ],
            [
                0.0,
                1.2353093838745132e-10,
                1.6741286257896187e-08,
                3.022397046166352e-06,
                0.9999969607381367
            ]
        ],
        [
            [
                0.9999943019559312,
                5.6972542284874396e-06,
                7.805267171090248e-10,
                8.996195624481986e-12,
                3.1741741930784926e-13
            ],
            [
                0.0026086209541449695,
                0.9973913771301701,
                1.8861467900227133e-09,
                2.8975010384491044e-11,
                5.63080013758846e-13
            ],
            [
                0.0,
                3.194883570372033e-11,
                0.9999999990094497,
                4.446229910079183e-10,
                5.139784781414036e-10
            ],
            [
                0.0,
                1.1801104067030896e-10,
                1.7524883996437524e-08,
                0.000172863416188174,
                0.9998271189409167
            ],
            [
                0.0,
                1.1091357738885329e-10,
                7.978732592186332e-09,
                6.362845286837452e-05,
                0.9999363634574854
            ]
        ],
        [
            [
                0.9999994244135547,
                5.750550033010973e-07,
                5.261069261805736e-10,
                5.1919811258185826e-12,
                1.4305459434323166e-13
            ],
            [
                0.9361991636325114,
                0.06380082938978118,
                6.942814040783576e-09,
                3.367487117214635e-11,
                1.2185922991826574e-12
            ],
            [
                0.0,
                1.1049881015392884e-11,
                0.9999999998279685,
                9.482183046325809e-11,
                6.61597009627781e-11
            ],
            [
                0.0,
                2.2491894390073842e-11,
                1.75934337196111e-09,
                4.611852562350865e-05,
                0.9999538796925412
            ],
            [
                0.0,
                9.787098819929753e-11,
                1.2925909865337674e-08,
                2.662316905102016e-07,
                0.9999997207445287
            ]
        ],
        [
            [
                0.9997868193354003,
                0.000213180159572675,
                4.993008369091373e-10,
                5.612157198948053e-12,
                1.1398391065780019e-13
            ],
            [
                0.7100093620769423,
                0.2899906277546539,
                1.006319621606824e-08,
                1.0110842010335016e-10,
                4.099040353605907e-12
            ],
            [
                0.0,
                8.50108722131658e-11,
                0.9999999993905375,
                2.593042512750763e-10,
                2.651473321014681e-10
            ],
            [
                0.0,
                2.0224046754955622e-10,
                9.424697038019638e-08,
                6.553685785520402e-06,
                0.9999933518650036
            ],
            [
                0.0,
                6.103363298387466e-11,
                6.502681061939359e-09,
                5.609921331298467e-08,
                0.9999999373370719
            ]
        ],
        [
            [
                0.9999962482755502,
                3.749918777132627e-06,
                1.796193404516437e-09,
                9.29710873632662e-12,
                1.8222533129112677e-13
            ],
            [
                0.4368059941604138,
                0.5631940047758354,
                1.0372635759075562e-09,
                2.500309333510991e-11,
                1.4841579254061277e-12
            ],
            [
                0.0,
                2.1114886339016635e-10,
                0.9999994472516383,
                4.958801315330531e-07,
                5.6657081367627306e-08
            ],
            [
                0.0,
                4.63342905820189e-10,
                1.0016839430413708e-07,
                2.351051141465547e-05,
                0.9999763888568481
            ],
            [
                0.0,
                2.0249609133992505e-09,
                5.124370675344774e-07,
                0.0009385412391446273,
                0.9990609442988269
            ]
        ],
        [
            [
                0.9999987724457169,
                1.2265405629580516e-06,
                1.0088750983409764e-09,
                4.758235834127602e-12,
                8.688606509466759e-14
            ],
            [
                0.9504920876598453,
                0.04950790826405794,
                3.9782021839415425e-09,
                9.65722217142556e-11,
                1.3223909902255776e-12
            ],
            [
                0.0,
                1.637180968002388e-10,
                0.999999971939561,
                2.1047437944950565e-08,
                6.849282842012239e-09
            ],
            [
                0.0,
                9.135447283503876e-11,
                1.9885207780880695e-08,
                1.997168279091262e-06,
                0.9999979828551586
            ],
            [
                0.0,
                1.9142703104215403e-10,
                5.2047722613098794e-08,
                2.894402622903728e-07,
                0.9999996583205881
            ]
        ],
        [
            [
                0.9999959009618054,
                4.0983333755280055e-06,
                7.015879067831321e-10,
                3.146663866399106e-12,
                8.479406502868662e-14
            ],
            [
                0.9980011986129494,
                0.001998800530200848,
                8.456860580504313e-10,
                1.0889405418265308e-11,
                2.741501937903238e-13
            ],
            [
                0.0,
                1.80397858892375e-11,
                0.9999999972531082,
                1.8831128400468614e-09,
                8.457392528722313e-10
            ],
            [
                0.0,
                3.6797671435935896e-10,
                2.4565413294840277e-07,
                0.0010317246386117964,
                0.9989680293392785
            ],
            [
                0.0,
                1.3816692292325133e-10,
                1.3048550825270314e-08,
                2.4840219233528988e-05,
                0.9999751465940487
            ]
        ],
        [
            [
                0.9999793669604032,
                2.06321098195916e-05,
                9.224767877557688e-10,
                7.192818534916696e-12,
                1.0742839762869389e-13
            ],
            [
                0.014216802549250717,
                0.985783191691255,
                5.685277359371831e-09,
                7.286414610096335e-11,
                1.3529116304274715e-12
            ],
            [
                0.0,
                1.0465893481680634e-10,
                0.9999999621667192,
                3.230453038599033e-08,
                5.4240914410599135e-09
            ],
            [
                0.0,
                1.1136147899921649e-10,
                1.012712191111642e-08,
                2.0061602618021767e-05,
                0.9999799281588986
            ],
            [
                0.0,
                3.985588105559403e-11,
                2.732512742471118e-09,
                3.064369617818743e-07,
                0.9999996907906695
            ]
        ],
        [
            [
                0.9999972542783738,
                2.7447999896203235e-06,
                9.186035239609632e-10,
                2.9307373676879037e-12,
                1.0212911667842936e-13
            ],
            [
                9.802027432703185e-05,
                0.9999019794336844,
                2.878234810886305e-10,
                3.8298676395120364e-12,
                3.353516864647894e-13
            ],
            [
                0.0,
                3.787624500975725e-12,
                0.9999999998860372,
                7.574721901550568e-11,
                3.442810679165308e-11
            ],
            [
                0.0,
                8.335246303742635e-11,
                1.371815653184272e-08,
                6.954371219817562e-07,
                0.9999992907613691
            ],
            [
                0.0,
                7.007009117088533e-11,
                2.1942999779099297e-09,
                1.496789438834946e-07,
                0.9999998480566862
            ]
        ],
        [
            [
                0.9999963323858656,
                3.666369008567172e-06,
                1.2373475264256314e-09,
                7.637477262570475e-12,
                1.4093992916569394e-13
            ],
            [
                0.9943553930072013,
                0.005644605721862317,
                1.2630834771192678e-09,
                7.442831158184054e-12,
                4.0980608225032784e-13
            ],
            [
                0.0,
                2.78697779434638e-11,
                0.9999999989174362,
                7.001482054086286e-10,
                3.5454588750813e-10
            ],
            [
                0.0,
                4.3747020617555856e-10,
                4.014289948572496e-07,
                0.0006119004426105235,
                0.9993876976909244
            ],
            [
                0.0,
                8.80394300566232e-11,
                9.350813899953202e-09,
                1.245681236039063e-06,
                0.9999987448799107
            ]
        ],
        [
            [
                0.9999948416220039,
                5.156778024415303e-06,
                1.5932008867486285e-09,
                6.3431860623361434e-12,
                4.277375435516298e-13
            ],
            [
                4.58100775000522e-06,
                0.9999954180860433,
                8.959490538003382e-10,
                9.77713041454156e-12,
                4.8040025447823e-13
            ],
            [
                0.0,
                1.997127963401205e-10,
                0.9999999778455451,
                1.717651801880629e-08,
                4.778224151991269e-09
            ],
            [
                0.0,
                3.4025986684247377e-10,
                8.289629321916782e-08,
                0.00012912273354261523,
                0.9998707940299043
            ],
            [
                0.0,
                2.2987767291506523e-10,
                1.4412333660401032e-08,
                1.5352820744573346e-05,
                0.9999846325370442
            ]
        ],
        [
            [
                0.9998713336981595,
                0.00012866582136092424,
                4.727059596145568e-10,
                7.367661875084802e-12,
                4.0603801820142973e-13
            ],
            [
                1.9511803512561564e-05,
                0.9999804874364607,
                7.520668953786063e-10,
                7.428734260854288e-12,
                5.31007684934244e-13
            ],
            [
                0.0,
                1.5683734049783052e-11,
                0.999999999487744,
                4.0480990418434347e-10,
                9.176241598052792e-11
            ],
            [
                0.0,
                1.682976169078808e-10,
                2.541557659329469e-08,
                3.6695084800120356e-05,
                0.9999632793313256
            ],
            [
                0.0,
                2.924430379962324e-10,
                2.305369601920364e-08,
                6.231468260169441e-07,
                0.9999993535070351
            ]
        ],
        [
            [
                0.9999998980334698,
                1.010461103098174e-07,
                9.142825537447122e-10,
                5.886416987204657e-12,
                2.508747615421612e-13
            ],
            [
                0.7033946814452419,
                0.296605310676018,
                7.818173671874749e-09,
                5.918482374044518e-11,
                1.3816651968604703e-12
            ],
            [
                0.0,
                1.5338607229484494e-11,
                0.9999999995697004,
                2.686373756049292e-10,
                1.4632356762439348e-10
            ],
            [
                0.0,
                1.1453632862109079e-10,
                1.3538514965920917e-08,
                1.0325986414058305e-06,
                0.9999989537483073
            ],
            [
                0.0,
                4.6895018677777364e-11,
                1.714783459152378e-09,
                2.2941832213004608e-07,
                0.9999997688199994
            ]
        ],
        [
            [
                0.9999998926429815,
                1.0644338317263512e-07,
                9.095793022100056e-10,
                3.802405374303633e-12,
                2.5366066260281014e-13
            ],
            [
                5.308343965495936e-06,
                0.9999946909563562,
                6.681600344167463e-10,
                3.040229284171387e-11,
                1.1160612349275934e-12
            ],
            [
                0.0,
                1.8678123631549306e-10,
                0.9999999493848032,
                4.6055029908162624e-08,
                4.3733855674487275e-09
            ],
            [
                0.0,
                1.56067819110661e-10,
                7.306006142861773e-08,
                1.1397904231252242e-05,
                0.9999885288796396
            ],
            [
                0.0,
                1.3806603106505771e-10,
                5.498328260448128e-09,
                8.604680828720569e-06,
                0.9999913896827769
            ]
        ],
        [
            [
                0.9999974415934572,
                2.5576029053622414e-06,
                7.978636615537047e-10,
                5.559684715908562e-12,
                2.1413397834659004e-13
            ],
            [
                0.04524864710705836,
                0.9547513512368351,
                1.6363982062892865e-09,
                1.7534153279990575e-11,
                2.1739340292360167e-12
            ],
            [
                0.0,
                5.842594611074215e-11,
                0.9999999900639683,
                6.618829267194921e-09,
                3.2587765737115007e-09
            ],
            [
                0.0,
                2.6423202001895906e-10,
                6.089441729652967e-08,
                2.0004345300514148e-05,
                0.99997993449605
            ],
            [
                0.0,
                1.8579905785337803e-11,
                9.244037316062622e-10,
                3.040160080256916e-07,
                0.9999996950410083
            ]
        ],
        [
            [
                0.9999993571046256,
                6.408218740844867e-07,
                2.067551861220981e-09,
                5.7570703348184214e-12,
                1.911264708373996e-13
            ],
            [
                0.00041508116706805533,
                0.9995849182351911,
                5.859147077137062e-10,
                1.1494419629304632e-11,
                3.3171223329079824e-13
            ],
            [
                0.0,
                1.444043975528468e-10,
                0.9999999606399941,
                2.988774976035065e-08,
                9.327851593609196e-09
            ],
            [
                0.0,
                6.104783281508629e-11,
                1.1747600111904294e-08,
                1.3106995668920236e-06,
                0.9999986774917852
            ],
            [
                0.0,
                8.718069470516213e-11,
                1.192759259707892e-08,
                1.2460234159626042e-06,
                0.9999987419618107
            ]
        ],
        [
            [
                0.9999977133829439,
                2.2858678914713337e-06,
                7.4577313034804e-10,
                3.2595921255248985e-12,
                1.3199811999630518e-13
            ],
            [
                0.8425908659580185,
                0.15740912116596453,
                1.2836186023431164e-08,
                3.790256988603278e-11,
                1.9284653752199334e-12
            ],
            [
                0.0,
                6.937432330687319e-11,
                0.9999999896750439,
                8.892689015168065e-09,
                1.3628929257890262e-09
            ],
            [
                0.0,
                1.0478877387941677e-10,
                9.981513358101123e-09,
                4.5280545092100445e-05,
                0.9999547093686058
            ],
            [
                0.0,
                6.666740369001825e-11,
                2.2299947473959895e-09,
                3.67652804338618e-05,
                0.9999632324229039
            ]
        ],
        [
            [
                0.9999758814885215,
                2.4117906143474887e-05,
                6.004583090753698e-10,
                4.756920038765891e-12,
                1.2000606727256734e-13
            ],
            [
                0.012013826141268944,
                0.9879861730793876,
                7.692513807616225e-10,
                9.494865106714238e-12,
                5.971680625379393e-13
            ],
            [
                0.0,
                1.2575533690214373e-11,
                0.9999999993251132,
                4.85305130963131e-10,
                1.7700628201072394e-10
            ],
            [
                0.0,
                1.486184779221577e-10,
                2.8202752546262352e-08,
                2.1998151577853617e-05,
                0.9999779734970511
            ],
            [
                0.0,
                9.05025829341703e-11,
                1.640999997820057e-08,
                4.819512123019164e-06,
                0.9999951639873744
            ]
        ],
        [
            [
                0.9999997199698886,
                2.790499279511076e-07,
                9.738242858211918e-10,
                6.04661787257993e-12,
                3.1232051568716685e-13
            ],
            [
                0.04541141667061596,
                0.9545885812352912,
                2.0680645290133453e-09,
                2.5208950163648153e-11,
                8.19301499923736e-13
            ],
            [
                0.0,
                5.7882992885485556e-11,
                0.9999999966169113,
                2.8362359217132335e-09,
                4.889696437956594e-10
            ],
            [
                0.0,
                4.936558100345741e-11,
                5.997707036789538e-09,
                3.7255389581516665e-07,
                0.9999996213990316
            ],
            [
                0.0,
                1.277325863537734e-10,
                5.14949180781987e-09,
                2.4320663558625777e-06,
                0.9999975626564198
            ]
        ],
        [
            [
                0.9999998669551592,
                1.3230603763827728e-07,
                7.360730790049352e-10,
                2.4870947167122064e-12,
                2.4309771931537713e-13
            ],
            [
                0.9325401063269699,
                0.06745989000777705,
                3.623209979003142e-09,
                4.1266946770087177e-11,
                7.762274884553997e-13
            ],
            [
                0.0,
                2.1814407467207176e-11,
                0.9999999985347541,
                1.1822153070766747e-09,
                2.6121640290456825e-10
            ],
            [
                0.0,
                2.7987890180283464e-10,
                2.0815563132761008e-08,
                7.467919922470445e-07,
                0.9999992321125657
            ],
            [
                0.0,
                5.366817513263146e-11,
                3.917773799536455e-09,
                1.3697163443913567e-06,
                0.9999986263122136
            ]
        ],
        [
            [
                0.9999985784169522,
                1.4208512837985816e-06,
                7.260365320820226e-10,
                5.448855492830076e-12,
                2.786900566882027e-13
            ],
            [
                0.19768393317029315,
                0.8023160582438059,
                8.532171500100858e-09,
                5.1733603533795635e-11,
                1.9958656453398203e-12
            ],
            [
                0.0,
                4.275895338378602e-11,
                0.9999999982864372,
                1.1745488199659675e-09,
                4.962550421178687e-10
            ],
            [
                0.0,
                4.458694591548976e-11,
                2.0055307929736223e-09,
                9.267575195293609e-07,
                0.9999990711923628
            ],
            [
                0.0,
                5.832295610160349e-11,
                5.412465219828373e-09,
                7.874651843530068e-06,
                0.9999921198773684
            ]
        ],
        [
            [
                0.9999997860443661,
                2.134729966668067e-07,
                4.791171850349727e-10,
                3.3195610389973886e-12,
                2.0053010340299344e-13
            ],
            [
                0.43736630844257585,
                0.5626336896674954,
                1.870894056208879e-09,
                1.8414686441621837e-11,
                6.200180301349082e-13
            ],
            [
                0.0,
                5.596201003939164e-11,
                0.999999990160528,
                7.770675085125653e-09,
                2.012834911587444e-09
            ],
            [
                0.0,
                1.719120861485325e-11,
                2.042645939358818e-09,
                1.0595476524400296e-06,
                0.9999989383925104
            ],
            [
                0.0,
                4.78598386664036e-10,
                6.930354131582915e-08,
                1.7280078483729339e-06,
                0.9999982022100118
            ]
        ],
        [
            [
                0.9999997951704455,
                2.0415340994380182e-07,
                6.718442760807798e-10,
                4.065047450514744e-12,
                2.3525645665811137e-13
            ],
            [
                0.0018188684137804263,
                0.9981811312351208,
