{
    "[['A', 'B', 'C', 'D', 'E'], ['A', 'B', 'C', 'D', 'E']]": [
        [
            [
                0.9999981525459561,
                1.847138478123608e-06,
                3.109900473319259e-10,
                4.3752978329748314e-12,
                2.00238084088928e-13
            ],
            [
                0.14642139150086214,
                0.853578607292235,
                1.1835012805042863e-09,
                2.207457976301393e-11,
                1.3269970480450105e-12
            ],
            [
                0.0,
                2.5229671166856628e-12,
                0.9999999999634781,
                1.6434938787546644e-11,
                1.7564144884458582e-11
            ],
            [
                0.0,
                4.047155312181074e-11,
                2.9659859132522633e-08,
                0.00032941624384540824,
                0.999670554055824
            ],
            [
                0.785665626584699,
                0.21433437288473695,
                5.16557329972544e-10,
                1.2874858927515481e-11,
                1.132011742878987e-12
            ]
        ],
        [
            [
                0.9996650044609453,
                0.00033499490239990846,
                6.298957516515536e-10,
                6.530574775571762e-12,
                2.284597907773441e-13
            ],
            [
                1.2893402604803833e-05,
                0.9999871065392629,
                5.711476223359731e-11,
                9.601231844237498e-13,
                5.736446892983676e-14
            ],
            [
                0.0,
                2.5565661393372773e-12,
                0.9999999999430584,
                2.4931802017239877e-11,
                2.945308813280867e-11
            ],
            [
                0.0,
                0.0,
                8.640911692062493e-10,
                0.003153530847630578,
                0.9968464682882782
            ],
            [
                0.0,
                8.419158720448224e-12,
                5.400150151252196e-10,
                3.712014207770521e-08,
                0.9999999623314239
            ]
        ],
        [
            [
                0.971406037552706,
                0.028593961682805792,
                7.587884484103387e-10,
                5.290608245604178e-12,
                4.093225477029308e-13
            ],
            [
                2.235363108666176e-05,
                0.9999776462358706,
                1.3171137833835454e-10,
                1.169318774537992e-12,
                1.6205789084518568e-13
            ],
            [
                0.0,
                2.9147047314630493e-12,
                0.9999999999290257,
                3.3840345525560545e-11,
                3.4219332218787554e-11
            ],
            [
                0.0,
                0.0,
                5.365335792546037e-10,
                2.0398457797967112e-06,
                0.9999979596176867
            ],
            [
                0.0,
                8.343958722047189e-12,
                1.1787186262108045e-09,
                6.675056039716217e-09,
                0.9999999921378814
            ]
        ],
        [
            [
                0.9999994847095022,
                5.15135870765678e-07,
                1.532086628301107e-10,
                1.3264858448290437e-12,
                9.169106585507866e-14
            ],
            [
                0.8729398380744195,
                0.1270601599304629,
                1.9802195303056724e-09,
                1.489802603415436e-11,
                0.0
            ],
            [
                0.0,
                1.9238436798090493e-12,
                0.9999999999180125,
                4.025491094872213e-11,
                3.980877516452611e-11
            ],
            [
                0.0,
                1.4534771278530204e-11,
                1.9604444832135264e-09,
                5.797110976675201e-09,
                0.9999999922279098
            ],
            [
                0.0,
                2.679453841896423e-11,
                3.652351598528523e-09,
                1.2648266141601133e-07,
                0.9999998698381926
            ]
        ],
        [
            [
                0.9970533430571934,
                0.0029466566026225684,
                3.3350492234749286e-10,
                6.679197428326065e-12,
                0.0
            ],
            [
                0.9997146547866896,
                0.00028534465285155546,
                5.57329125676804e-10,
                3.1296470591890977e-12,
                0.0
            ],
            [
                0.0,
                4.060243007810981e-12,
                0.9999999998294629,
                8.393461209514967e-11,
                8.254227784146034e-11
            ],
            [
                0.0,
                1.1705829124809223e-10,
                1.5508097421842698e-07,
                9.796812829937546e-05,
                0.9999018766736681
            ],
            [
                0.0,
                0.0,
                1.731836004183308e-09,
                5.646922771047653e-09,
                0.9999999926212411
            ]
        ],
        [
            [
                0.9853263098852567,
                0.014673689511208942,
                5.964211100241587e-10,
                6.501443129787556e-12,
                6.117564031614554e-13
            ],
            [
                0.9997022931207813,
                0.00029770666155945203,
                2.163772325732853e-10,
                1.2820647296403398e-12,
                0.0
            ],
            [
                0.0,
                1.8092981236585452e-12,
                0.9999999999627542,
                1.4041737533631133e-11,
                2.1394886170797422e-11
            ],
            [
                0.0,
                2.7633703169016672e-11,
                3.819624169636015e-09,
                2.9677671617899266e-07,
                0.999999699376026
            ],
            [
                0.0,
                1.4557715728527982e-11,
                1.7966320121106891e-09,
                1.567817236361583e-07,
                0.9999998414070865
            ]
        ],
        [
            [
                0.999998613340744,
                1.386405418431175e-06,
                2.5001293221304405e-10,
                3.716399208699796e-12,
                1.0828811653450318e-13
            ],
            [
                4.199960351471907e-05,
                0.9999580002773749,
                1.1509782632082047e-10,
                3.813997830016003e-12,
                1.9835154357355584e-13
            ],
            [
                0.0,
                4.331646488343638e-12,
                0.9999999999335882,
                2.8800511298322017e-11,
                3.327956230204162e-11
            ],
            [
                0.0,
                5.908126127239685e-12,
                1.2130379036976664e-09,
                1.611540954244712e-06,
                0.9999983872400997
            ],
            [
                0.0,
                2.91987958328699e-12,
                3.350542787019312e-10,
                9.8204737968606e-08,
                0.9999999014572879
            ]
        ],
        [
            [
                0.999980749214334,
                1.9250525417792354e-05,
                2.579531043259576e-10,
                2.295111657532539e-12,
                0.0
            ],
            [
                0.019950325276717147,
                0.9800496734728267,
                1.22753800959543e-09,
                2.2510390229981724e-11,
                4.076746280278526e-13
            ],
            [
                0.0,
                2.2954182416745323e-12,
                0.9999999999452436,
                2.3321318570843242e-11,
                2.913955797443241e-11
            ],
            [
                0.0,
                0.0,
                1.5784124956773013e-10,
                1.5169193124230105e-07,
                0.9999998481502276
            ],
            [
                0.0,
                1.0016761281064064e-11,
                6.901563762744338e-10,
                5.153542638123575e-08,
                0.9999999477644005
            ]
        ],
        [
            [
                0.9967073572944803,
                0.003292642343315976,
                3.5605713384507654e-10,
                5.833794894323788e-12,
                3.1271037393261617e-13
            ],
            [
                0.9998090888559794,
                0.00019091093750619507,
                2.0210395552792905e-10,
                4.224771900487661e-12,
                1.8572657935600535e-13
            ],
            [
                0.0,
                3.111897104289507e-12,
                0.9999999998853921,
                7.930839902259504e-11,
                3.218756254447042e-11
            ],
            [
                0.0,
                2.967479247111962e-12,
                3.646829662712176e-10,
                3.418107588351778e-09,
                0.9999999962142418
            ],
            [
                0.0,
                1.2306288987549955e-11,
                7.401999315889038e-09,
                5.093101542063489e-07,
                0.9999994832755403
            ]
        ],
        [
            [
                0.9999993544434276,
                6.452482647411656e-07,
                3.0172502581233036e-10,
                6.237546736464697e-12,
                3.4516570494083727e-13
            ],
            [
                1.0531601190829447e-05,
                0.9999894683239168,
                7.454157871085772e-11,
                3.09757647240596e-13,
                4.118926859192347e-14
            ],
            [
                0.0,
                1.3471411672588182e-12,
                0.9999999999693965,
                1.0972320920695977e-11,
                1.828396688141604e-11
            ],
            [
                0.0,
                5.25083561995365e-13,
                1.0672009638046839e-10,
                1.5548829297995992e-08,
                0.9999999843439256
            ],
            [
                0.0,
                1.8536083602064984e-11,
                2.4960518385793647e-09,
                3.4695206406818453e-06,
                0.9999965279647713
            ]
        ],
        [
            [
                0.9976033644037813,
                0.0023966352817458344,
                3.0890145611160853e-10,
                5.451194382845141e-12,
                1.201157628279678e-13
            ],
            [
                0.623866658442301,
                0.3761333399805078,
                1.5554161801384956e-09,
                2.1172830852171033e-11,
                6.020974420770522e-13
            ],
            [
                0.0,
                1.2704630069383933e-12,
                0.9999999999666767,
                1.6736536507474694e-11,
                1.5316301088071783e-11
            ],
            [
                0.0,
                0.0,
                8.762312624381327e-11,
                4.533963418256314e-06,
                0.9999954659489586
            ],
            [
                0.0,
                3.195332866983171e-12,
                7.201707630160037e-10,
                1.5098753343465612e-08,
                0.9999999841778806
            ]
        ],
        [
            [
                0.9999930048323997,
                6.9948893223518945e-06,
                2.756049826061062e-10,
                2.6072933243485325e-12,
                6.561682908410486e-14
            ],
            [
                0.9996054856448097,
                0.0003945138605093579,
                4.812337311772785e-10,
                1.344726162603977e-11,
                0.0
            ],
            [
                0.0,
                2.0015648276445313e-12,
                0.9999999999201097,
                4.1963924152225466e-11,
                3.5924878553243987e-11
            ],
            [
                0.0,
                7.175238756820517e-12,
                7.209060728054237e-10,
                1.4957814617149745e-06,
                0.999998503490457
            ],
            [
                0.0,
                9.100677145498185e-12,
                1.6675128216445704e-08,
                5.168197247148029e-09,
                0.9999999781475739
            ]
        ],
        [
            [
                0.9999981869993226,
                1.81268180351293e-06,
                3.152193630175019e-10,
                3.654338877132138e-12,
                0.0
            ],
            [
                0.9998145830737538,
                0.000185416663278815,
                2.6207727019188484e-10,
                8.442632603512499e-13,
                4.588803052871746e-14
            ],
            [
                0.0,
                1.5318805862918293e-12,
                0.9999999999636595,
                1.1829110734680959e-11,
                2.2979426185229462e-11
            ],
            [
                0.0,
                8.218421330302587e-12,
                3.298875777451217e-09,
                1.491457441176026e-07,
                0.9999998475471616
            ],
            [
                0.0,
                2.3362978825770815e-12,
                2.3001626373166156e-10,
                3.6461777333013907e-09,
                0.9999999961214696
            ]
        ],
        [
            [
                0.9999993588050818,
                6.408218751741769e-07,
                3.684486410652259e-10,
                4.4583773634719864e-12,
                1.3599610131675614e-13
            ],
            [
                0.0039722643157329325,
                0.9960277353230438,
                3.5744388081397506e-10,
                3.6079709418637006e-12,
                1.713864457105215e-13
            ],
            [
                0.0,
                1.1581186052655266e-12,
                0.9999999999445264,
                1.95218871209803e-11,
                3.479356203792739e-11
            ],
            [
                0.0,
                1.7501174746944866e-11,
                4.9412919139762725e-09,
                5.2138633048970025e-08,
                0.9999999429025738
            ],
            [
                0.0,
                4.819984252156993e-12,
                9.379459905928447e-10,
                2.686986224325643e-08,
                0.9999999721873717
            ]
        ],
        [
            [
                0.9999103035470736,
                8.969601474849964e-05,
                4.3370573739329745e-10,
                4.4722769647899e-12,
                0.0
            ],
            [
                0.0016479649626787091,
                0.998352034811139,
                2.2245093385196404e-10,
                3.3755814584891786e-12,
                3.557185281987571e-13
            ],
            [
                0.0,
                7.050764567183335e-12,
                0.99999999980329,
                1.1003322789789435e-10,
                7.962594109169915e-11
            ],
            [
                0.0,
                5.128302693968519e-12,
                4.834315312875271e-10,
                3.198809041786841e-08,
                0.9999999675233497
            ],
            [
                0.0,
                1.2215482774286377e-11,
                6.877818215454392e-10,
                8.95852146242031e-09,
                0.9999999903414812
            ]
        ],
        [
            [
                0.999970272557527,
                2.972692996913966e-05,
                5.02286711957636e-10,
                9.974075455162955e-12,
                2.4312182404631596e-13
            ],
            [
                0.9983520345709189,
                0.0016479649622821815,
                4.617892175165511e-10,
                5.0094962166004735e-12,
                0.0
            ],
            [
                0.0,
                0.0,
                0.9999999999483533,
                2.1841219307705877e-11,
                2.9805387810511364e-11
            ],
            [
                0.0,
                0.0,
                1.926556515497394e-09,
                0.00030973455097479637,
                0.9996902635224688
            ],
            [
                0.0,
                1.2603555907939946e-11,
                1.3468759669743049e-09,
                1.6097996247575315e-07,
                0.999999837660558
            ]
        ],
        [
            [
                0.9999999777978381,
                2.20005925778558e-08,
                2.0028117727726761e-10,
                1.2880919026500146e-12,
                0.0
            ],
            [
                0.00029061928658265067,
                0.9997093806070226,
                1.0542508804966967e-10,
                9.227974970459456e-13,
                4.690398497215433e-14
            ],
            [
                0.0,
                8.928838266531598e-13,
                0.9999999999408988,
                1.7094131144579916e-11,
                4.111429592310902e-11
            ],
            [
                0.0,
                6.030470417910052e-12,
                1.251138037742615e-09,
                3.356486589814641e-09,
                0.999999995386345
            ],
            [
                0.0,
                0.0,
                7.525647855309073e-10,
                1.4304151295984265e-09,
                0.99999999781702
            ]
        ],
        [
            [
                0.9983964475209954,
                0.0016035521622787088,
                3.1429482743590426e-10,
                2.3377777765033475e-12,
                9.328041648482804e-14
            ],
            [
                1.5621444719904553e-05,
                0.9999843784451232,
                1.0746565609202804e-10,
                2.317533106478889e-12,
                3.7378446850381507e-13
            ],
            [
                0.0,
                1.1567167800544612e-12,
                0.9999999999589224,
                2.1064515016819546e-11,
                1.88564841176211e-11
            ],
            [
                0.0,
                1.3004975505442865e-11,
                1.576580947333625e-09,
                1.1998348831708236e-08,
                0.9999999864120652
            ],
            [
                0.0,
                7.118720919671391e-12,
                6.503644533765204e-10,
                5.2831465711861025e-08,
                0.9999999465110512
            ]
        ],
        [
            [
                0.919904735524567,
                0.08009526396811263,
                4.969028749777502e-10,
                9.974608224106427e-12,
                4.4278498736413746e-13
            ],
            [
                5.703446116798017e-06,
                0.9999942964800166,
                7.318729135917006e-11,
                4.723186313855053e-13,
                2.0697928775624306e-13
            ],
            [
                0.0,
                2.1962562897612824e-12,
                0.9999999999300004,
                1.9955886602698414e-11,
                4.784749283716158e-11
            ],
            [
                0.0,
                4.595630845241995e-12,
                2.767116277693465e-10,
                1.0185139089303193e-08,
                0.9999999895335537
            ],
            [
                0.0,
                1.1304307375362011e-11,
                1.1063874161216872e-09,
                2.83083815284004e-08,
                0.9999999705739269
            ]
        ],
        [
            [
                0.9999985860635932,
                1.4135111552489004e-06,
                4.222150128040298e-10,
                2.9428309872578122e-12,
                9.372252263675135e-14
            ],
            [
                8.413346056415467e-05,
                0.9999158662128499,
                3.217781982919601e-10,
                4.452080912975552e-12,
                3.5566223451046153e-13
            ],
            [
                0.0,
                4.4599340088198616e-12,
                0.9999999997613225,
                6.926511289439504e-11,
                1.6495244060112362e-10
            ],
            [
                0.0,
                5.879608945367274e-11,
                2.68020941853046e-08,
                6.069266095297493e-08,
                0.9999999124464488
            ],
            [
                0.0,
                2.0938335575841702e-11,
                1.4734306414249161e-09,
                2.4387403246205434e-07,
                0.9999997546315985
            ]
        ],
        [
            [
                0.9999625006140485,
                3.749896055963511e-05,
                4.206507966387426e-10,
                4.55959803801946e-12,
                1.816302469103404e-13
            ],
            [
                0.0003667871276689339,
                0.999633212644029,
                2.2709467278770538e-10,
                1.1109639479046217e-12,
                9.634375808472148e-14
            ],
            [
                0.0,
                0.0,
                0.9999999999273519,
                2.8179103748131277e-11,
                4.4469061441253536e-11
            ],
            [
                0.0,
                1.1443385937091817e-11,
                3.1015558567443763e-09,
                6.087541166615253e-05,
                0.9999391214753346
            ],
            [
                0.0,
                4.973034627489101e-12,
                9.290861293586647e-10,
                1.2929869052456628e-06,
                0.9999987060790355
            ]
        ],
        [
            [
                0.9999999254640939,
                7.355265344147625e-08,
                9.785574027833945e-10,
                4.6952813724327866e-12,
                0.0
            ],
            [
                0.0003185767190079855,
                0.999681423134241,
                1.4507330630427022e-10,
                1.5346148589435867e-12,
                1.4327576764762358e-13
            ],
            [
                0.0,
                2.398892675311179e-12,
                0.9999999999066587,
                5.4939618619653307e-11,
                3.600280310414728e-11
            ],
            [
                0.0,
                0.0,
                3.855710345104453e-09,
                0.0017459438153368373,
                0.9982540523289528
            ],
            [
                0.0,
                4.73694720748313e-12,
                4.2323416577444727e-10,
                1.9411540964904968e-07,
                0.9999998054566193
            ]
        ],
        [
            [
                0.9999073250898327,
                9.267424851669682e-05,
                6.553328198541947e-10,
                6.113052743132528e-12,
                2.0472910091204454e-13
            ],
            [
                8.742890148130519e-05,
                0.9999125710216763,
                7.455394857170978e-11,
                2.1257469690733605e-12,
                1.6261397073199139e-13
            ],
            [
                0.0,
                1.6521613639739899e-12,
                0.9999999999285398,
                2.7271208866228936e-11,
                4.25367213446797e-11
            ],
            [
                0.0,
                6.449322685227445e-12,
                9.681405232413974e-10,
                2.63389601554523e-07,
                0.9999997356358086
            ],
            [
                0.0,
                1.7109298261347632e-11,
                6.646179404861228e-09,
                3.3490700756996424e-08,
                0.9999999598460106
            ]
        ],
        [
            [
                0.7042292690057428,
                0.2957707291994989,
                1.774400518588958e-09,
                1.955516546179528e-11,
                8.023889070500021e-13
            ],
            [
                0.0002480283176105944,
                0.9997519715200089,
                1.5894546511605338e-10,
                3.106684153141216e-12,
                3.281010345603628e-13
            ],
            [
                0.0,
                2.9418376041828837e-12,
                0.999999999941042,
                2.6765730127867142e-11,
                2.925042673331451e-11
            ],
            [
                0.0,
                2.6045794394311487e-12,
                6.716828290216213e-10,
                5.690192400743466e-07,
                0.9999994303064725
            ],
            [
                0.0,
                8.095112740573e-12,
                1.7962894134192163e-09,
                1.0305650357808515e-08,
                0.9999999878899651
            ]
        ],
        [
            [
                0.9999662363609365,
                3.3763178441663025e-05,
                4.533716275687875e-10,
                7.022874186456348e-12,
                2.2767547618393073e-13
            ],
            [
                0.004383909702057916,
                0.9956160900724111,
                2.2184164485797153e-10,
                3.5495692493381567e-12,
                1.3971834996103115e-13
            ],
            [
                0.0,
                1.2802271252768477e-12,
                0.999999999945159,
                1.5378593803440404e-11,
                3.818221534198896e-11
            ],
            [
                0.0,
                1.719124056881966e-11,
                1.5701468746228863e-09,
                3.57481038890415e-08,
                0.999999962664558
            ],
            [
                0.0,
                2.4377899195828606e-12,
                3.1249438541694206e-10,
                1.7741992484536874e-07,
                0.999999822265143
            ]
        ],
        [
            [
                0.9999839997267452,
                1.599981352820772e-05,
                4.577395717858094e-10,
                1.9347026803511887e-12,
                5.2132210748536154e-14
            ],
            [
                1.473373300131525e-05,
                0.9999852662260286,
                3.963074272387563e-11,
                1.30534793215524e-12,
                3.39458622013085e-14
            ],
            [
                0.0,
                1.6595264412400417e-12,
                0.9999999999458475,
                2.7698079130993467e-11,
                2.4794750080509775e-11
            ],
            [
                0.0,
                3.0440572161824553e-12,
                2.469187999888192e-10,
                2.228742770031237e-07,
                0.9999997768757601
            ],
            [
                0.0,
                1.1092055169097199e-10,
                9.648141401511596e-08,
                6.5374548248629e-08,
                0.9999998380331172
            ]
        ],
        [
            [
                0.8335618242776801,
                0.16643817500389557,
                7.036933554075223e-10,
                1.4177831753398355e-11,
                5.531166462428519e-13
            ],
            [
                0.9999345639713622,
                6.543584164792922e-05,
                1.8275643398764817e-10,
                4.1005573435426115e-12,
                1.328140932092724e-13
            ],
            [
                0.0,
                0.0,
                0.9999999998381075,
                9.479072794065121e-11,
                6.710191704699118e-11
            ],
            [
                0.0,
                2.075284629794989e-12,
                6.388563593342477e-11,
                2.533291314532687e-08,
                0.9999999746011259
            ],
            [
                0.0,
                1.8215358938763977e-11,
                7.592390528113068e-09,
                2.1454662132696963e-08,
                0.999999970934732
            ]
        ],
        [
            [
                0.9999964853608694,
                3.514250070652166e-06,
                3.8199277855075963e-10,
                6.8564872828273355e-12,
                2.1041764270416424e-13
            ],
            [
                0.9377138664187543,
                0.06228613234722279,
                1.2238046460734337e-09,
                9.692074757806665e-12,
                5.262476208868253e-13
            ],
            [
                0.0,
                1.1606948769046875e-12,
                0.9999999999569547,
                1.4635950025835328e-11,
                2.7248955230702867e-11
            ],
            [
                0.0,
                0.0,
                3.0906353376104096e-10,
                2.9762362477725933e-05,
                0.9999702373284587
            ],
            [
                0.0,
                1.511679881900276e-11,
                9.156298343321384e-10,
                1.8482619673642724e-07,
                0.9999998142430566
            ]
        ],
        [
            [
                0.9999163934397881,
                8.360635815453157e-05,
                1.9886779584800587e-10,
                2.951116027850379e-12,
                2.3825395195276237e-13
            ],
            [
                0.034463191387343654,
                0.9655368081801701,
                4.228411863065533e-10,
                9.340246376027692e-12,
                3.0490993946333926e-13
            ],
            [
                0.0,
                2.138455348078676e-12,
                0.9999999999310729,
                4.49669103098372e-11,
                2.1821731678673393e-11
            ],
            [
                0.0,
                1.168646012088761e-11,
                5.193848682655123e-10,
                6.182694975635572e-08,
                0.9999999376419789
            ],
            [
                0.0,
                9.848326928441712e-12,
                2.5320133888473754e-10,
                4.746715247473474e-08,
                0.9999999522697979
            ]
        ],
        [
            [
                0.5877388610077293,
                0.4122611359998308,
                2.9597790746217196e-09,
                3.1684852699913366e-11,
                9.760579809622656e-13
            ],
            [
                6.696665522349252e-07,
                0.9999993302387951,
                9.333395476752325e-11,
                1.1672352896211367e-12,
                1.5152636333449862e-13
            ],
            [
                0.0,
                1.8355413934019305e-12,
                0.9999999999643034,
                1.2525335665031229e-11,
                2.1335593560560833e-11
            ],
            [
                0.0,
                4.590602350621766e-12,
                5.271897778335632e-10,
                5.772132167579848e-07,
                0.9999994222550029
            ],
            [
                0.0,
                1.3788963419022173e-11,
                6.046877775691388e-10,
                3.799107206712823e-08,
                0.9999999613904512
            ]
        ],
        [
            [
                0.9999687711856323,
                3.122869543525217e-05,
                1.175094982894295e-10,
                1.3567361714228655e-12,
                6.631524842431291e-14
            ],
            [
                0.0005403963931659926,
                0.9994596028627408,
                7.383580721153674e-10,
                5.348655415113675e-12,
                3.865178888838564e-13
            ],
            [
                0.0,
                1.8245288517685084e-12,
                0.9999999999230034,
                4.0915670664763525e-11,
                3.4256359304180695e-11
            ],
            [
                0.0,
                5.863121387642757e-12,
                1.0379265117208253e-09,
                5.576163107760642e-06,
                0.9999944227931026
            ],
            [
                0.0,
                4.15667159891766e-12,
                1.1300325320067327e-10,
                6.806758239356752e-10,
                0.9999999992021642
            ]
        ],
        [
            [
                0.999857827136932,
                0.00014217216195578237,
                6.908228467865947e-10,
                1.0289313640659113e-11,
                0.0
            ],
            [
                0.9999791919339398,
                2.0807935925183534e-05,
                1.2929966513947378e-10,
                8.008920881152514e-13,
                3.445965607355962e-14
            ],
            [
                0.0,
                1.6717672486089818e-12,
                0.9999999999507703,
                2.0118541316398515e-11,
                2.743942416556081e-11
            ],
            [
                0.0,
                0.0,
                5.04027341119856e-11,
                4.7045865995552574e-08,
                0.9999999529037313
            ],
            [
                0.0,
                9.752936549472376e-12,
                2.8855855662760706e-09,
                6.0859879065526e-06,
                0.9999939111167548
            ]
        ],
        [
            [
                0.9997147514346981,
                0.000285248364130419,
                1.9850022885539284e-10,
                2.588903721863072e-12,
                8.222772799946405e-14
            ],
            [
                0.0009110649186539353,
                0.9990889348460754,
                2.307958861431907e-10,
                4.344604283591409e-12,
                1.3016006027708787e-13
            ],
            [
                0.0,
                4.331646487961699e-12,
                0.9999999998454141,
                7.930839901942446e-11,
                7.094597257658437e-11
            ],
            [
                0.0,
                3.015511278977101e-11,
                3.003415766364625e-08,
                4.800124630993714e-07,
                0.9999994899232242
            ],
            [
                0.0,
                2.3710137609391156e-11,
                3.436070270644221e-09,
                2.3876920861020995e-07,
                0.9999997577710109
            ]
        ],
        [
            [
                0.9999603523282837,
                3.964719452188132e-05,
                4.734558377266321e-10,
                3.638627566558358e-12,
                9.98264976148597e-14
            ],
            [
                0.9921222623990565,
                0.007877736329973283,
                1.2644117089754832e-09,
                6.350570939889607e-12,
                2.0793092099620108e-13
            ],
            [
                0.0,
                8.547269063274394e-13,
                0.9999999999659981,
                9.822589175915657e-12,
                2.3324565975012246e-11
            ],
            [
                0.0,
                7.867931745543527e-12,
                2.500783796466721e-09,
                2.7278636924898048e-08,
                0.9999999702127114
            ],
            [
                0.0,
                1.3288036375036519e-11,
                2.3742428672955045e-09,
                2.1401909422666986e-07,
                0.9999997835933748
            ]
        ],
        [
            [
                0.9993913656939896,
                0.000608633980138293,
                3.2121957026164007e-10,
                4.407083308441871e-12,
                2.4544591044750423e-13
            ],
            [
                0.623866657558758,
                0.37613333944781385,
                2.955514581139386e-09,
                3.6453606753660265e-11,
                1.459889031281513e-12
            ],
            [
                0.0,
                1.3780622244268793e-12,
                0.9999999999470384,
                1.5989377392384178e-11,
                3.559421858067703e-11
            ],
            [
                0.0,
                2.4441870296749795e-12,
                4.2439169567562114e-10,
                1.6807876411346525e-07,
                0.9999998314944
            ],
            [
                0.0,
                1.6272552192146943e-11,
                1.6092254362902978e-09,
                2.885957159522991e-07,
                0.9999997097787859
            ]
        ],
        [
            [
                0.9999931479703036,
                6.851867187690242e-06,
                1.6129581965760804e-10,
                1.162569239389253e-12,
                5.0139167614945405e-14
            ],
            [
                0.9828905568511299,
                0.017109442748076114,
                3.940960068983689e-10,
                6.50516429090382e-12,
                1.9287292707204923e-13
            ],
            [
                0.0,
                2.236628065485165e-12,
                0.9999999999217528,
                3.130269579017728e-11,
                4.4707784058514356e-11
            ],
            [
                0.0,
                2.492890084519268e-11,
                5.21227987078428e-09,
                1.763833111903247e-08,
                0.9999999771244602
            ],
            [
                0.0,
                2.4040560331955737e-11,
                3.6172923303849627e-09,
                8.050779161637396e-09,
                0.9999999883078879
            ]
        ],
        [
            [
                0.999999533763271,
                4.658065492424515e-07,
                4.2221581559343047e-10,
                7.74880303406326e-12,
                2.1510128637098379e-13
            ],
            [
                0.005765979008294866,
                0.9942340205031037,
                4.806622246231272e-10,
                7.476580849346595e-12,
                4.625545604792203e-13
            ],
            [
                0.0,
                2.8779629824262107e-12,
                0.9999999999485301,
                2.6178387245344988e-11,
                2.2413566897437525e-11
            ],
            [
                0.0,
                0.0,
                7.478442314174921e-10,
                0.000108277450947302,
                0.9998917218012084
            ],
            [
                0.0,
                6.552171886974909e-12,
                1.1419064431492612e-09,
                1.647538842069764e-08,
                0.9999999823761531
            ]
        ],
        [
            [
                0.9999755115655657,
                2.4488200771418533e-05,
                2.30412759592103e-10,
                2.994246472350697e-12,
                2.557832851552252e-13
            ],
            [
                0.006080802320096374,
                0.9939191970642036,
                6.049843228393335e-10,
                1.0366474049807819e-11,
                3.4911923004742847e-13
            ],
            [
                0.0,
                0.0,
                0.9999999999381568,
                3.1264746335131744e-11,
                3.057832782021653e-11
            ],
            [
                0.0,
                9.670968388985773e-12,
                2.166680866134959e-09,
                1.2720861056056244e-05,
