{
    "[['A', 'B', 'C', 'D', 'E'], ['A', 'B', 'C', 'D', 'E']]": [
        [
            [
                0.9999999827479605,
                1.651465267839774e-08,
                7.219889746495637e-10,
                1.2569850101804153e-11,
                2.8278966840766106e-12
            ],
            [
                0.9999876787568377,
                1.2319313638343797e-05,
                1.8639945984455784e-09,
                6.171433301825957e-11,
                3.815052778634234e-12
            ],
            [
                0.0,
                3.966180015209001e-12,
                0.9999999998965023,
                4.1255693239985966e-11,
                5.827592033511776e-11
            ],
            [
                0.0,
                1.7704940861963324e-11,
                9.14500529767005e-10,
                2.7585349578001022e-06,
                0.9999972405328367
            ],
            [
                0.9999999624124803,
                3.707697855372e-08,
                4.606060593081301e-10,
                4.3154030011392585e-11,
                6.781132305359626e-12
            ]
        ],
        [
            [
                0.9999999891905044,
                1.0434431631141737e-08,
                3.6267343257542707e-10,
                1.1164982016108246e-11,
                1.2254050854457623e-12
            ],
            [
                0.9522815880780486,
                0.04771840526342697,
                6.522331220755049e-09,
                1.33030799498324e-10,
                3.162138304805936e-12
            ],
            [
                0.0,
                3.1556478791451236e-13,
                0.999999999989126,
                4.641880789435696e-12,
                5.91654963016175e-12
            ],
            [
                0.0,
                3.1855418879900056e-12,
                1.342453797580155e-10,
                1.1378806110366363e-06,
                0.9999988619819581
            ],
            [
                0.999999790748258,
                2.0415340904099697e-07,
                4.086260239765615e-09,
                7.650636100705501e-10,
                2.470092443399025e-10
            ]
        ],
        [
            [
                0.99999987544909,
                1.2282243579374312e-07,
                1.68170954156362e-09,
                4.1960562393085434e-11,
                4.803950235917582e-12
            ],
            [
                0.9999802427062866,
                1.9749071009678172e-05,
                8.01781718386147e-09,
                1.9391306228389767e-10,
                1.097338864816124e-11
            ],
            [
                0.0,
                2.6643828518704666e-12,
                0.9999999998667568,
                4.6549962445755484e-11,
                8.402895960702461e-11
            ],
            [
                0.0,
                1.723868685077093e-11,
                5.141363126538283e-10,
                1.4773472183350619e-06,
                0.9999985221214066
            ],
            [
                0.9999998960630305,
                1.0104611011071214e-07,
                2.7881025236943912e-09,
                8.530779262914224e-11,
                1.744907944746506e-11
            ]
        ],
        [
            [
                0.9999999909832326,
                8.53975787326815e-09,
                4.606060724679922e-10,
                1.3651185381376446e-11,
                2.752537623591536e-12
            ],
            [
                0.9999943622568599,
                5.627088913218964e-06,
                1.024272609087358e-08,
                4.018021555033157e-10,
                9.698787210700283e-12
            ],
            [
                0.0,
                4.682677367233444e-13,
                0.9999999999803721,
                3.81685797401937e-12,
                1.5342586577610278e-11
            ],
            [
                0.0,
                1.756813181540352e-11,
                8.722248104030002e-10,
                2.0510789638698743e-05,
                0.9999794883205683
            ],
            [
                0.9999996271502457,
                3.705656615785856e-07,
                2.1879851395064526e-09,
                8.589704230903846e-11,
                1.0210448335278463e-11
            ]
        ],
        [
            [
                0.9999999977540492,
                2.166796507490303e-09,
                7.669654912343234e-11,
                2.0630816600088736e-12,
                3.9449173333175486e-13
            ],
            [
                0.9999989991503279,
                9.95641458733922e-07,
                5.075151677732927e-09,
                1.2743983552932592e-10,
                5.6218954776384666e-12
            ],
            [
                0.0,
                8.06958009523285e-13,
                0.9999999999388809,
                1.219232218713547e-11,
                4.8119952169270734e-11
            ],
            [
                0.0,
                8.674028035852932e-12,
                4.0960043644876805e-10,
                1.7598595773563716e-06,
                0.9999982397221482
            ],
            [
                0.9999992597558031,
                7.319790742480866e-07,
                6.4497630896648394e-09,
                1.3117291862464424e-09,
                5.036307248775281e-10
            ]
        ],
        [
            [
                0.9999999512801102,
                4.6880689156573774e-08,
                1.8184273907307078e-09,
                1.8329428232145336e-11,
                2.4438141061931257e-12
            ],
            [
                0.9999865079734293,
                1.3489213293096358e-05,
                2.746406073442185e-09,
                6.280695035346505e-11,
                4.064651819731625e-12
            ],
            [
                0.0,
                6.538323843961259e-13,
                0.9999999999882678,
                3.876898189202241e-12,
                7.201274607218342e-12
            ],
            [
                0.0,
                3.0404960205536255e-11,
                4.339291899562765e-10,
                1.1394525064678139e-05,
                0.9999886050106012
            ],
            [
                0.9999998731009309,
                1.2310481492217271e-07,
                3.5447303884583764e-09,
                2.3358279481526056e-10,
                1.5941112016280557e-11
            ]
        ],
        [
            [
                0.9999999174253162,
                8.168476772201431e-08,
                8.735701039951324e-10,
                1.3687347927454917e-11,
                2.658514736912023e-12
            ],
            [
                0.9999945572466229,
                5.426407718186213e-06,
                1.586333797890768e-08,
                4.375953699928187e-10,
                4.472552626176064e-11
            ],
            [
                0.0,
                9.744192541110805e-13,
                0.9999999999751172,
                6.03875772558657e-12,
                1.7869755781050384e-11
            ],
            [
                0.0,
                8.950386954651009e-10,
                2.9263571146724636e-07,
                0.030832686751763386,
                0.9691670197174864
            ],
            [
                0.999999459449275,
                5.355764051231326e-07,
                4.6430835358984424e-09,
                3.0722744158339797e-10,
                2.4008943681943436e-11
            ]
        ],
        [
            [
                0.9999998951267189,
                1.0287587770883541e-07,
                1.8908437830477626e-09,
                8.773500775789077e-11,
                1.8824501900334488e-11
            ],
            [
                0.9999995007141095,
                4.963125845488055e-07,
                2.9454016297047935e-09,
                2.512034769116993e-11,
                2.784027644541717e-12
            ],
            [
                0.0,
                4.274154201245493e-13,
                0.9999999999847089,
                3.122885212081655e-12,
                1.174088460764043e-11
            ],
            [
                0.0,
                4.9020646934932455e-12,
                1.692911577794928e-10,
                1.0364523079714738e-06,
                0.9999989633734988
            ],
            [
                0.9999997117071822,
                2.870911367461731e-07,
                1.0595914420718224e-09,
                1.1536772582304569e-10,
                2.6722064300278587e-11
            ]
        ],
        [
            [
                0.999999841504613,
                1.571358843156868e-07,
                1.323329042106849e-09,
                3.3816728849948776e-11,
                2.357093003042585e-12
            ],
            [
                0.9999990122115201,
                9.846811930022884e-07,
                2.9291825726376925e-09,
                1.6946721635688256e-10,
                8.63709653122425e-12
            ],
            [
                0.0,
                0.0,
                0.9999999999506664,
                1.9792734761381738e-11,
                2.954074255252223e-11
            ],
            [
                0.0,
                2.01880394835013e-11,
                7.399356173861762e-10,
                1.0776524685957698e-06,
                0.9999989215874079
            ],
            [
                0.9999995269047562,
                4.6682182282547346e-07,
                5.8567146604119176e-09,
                3.9306679921697815e-10,
                2.363946853903739e-11
            ]
        ],
        [
            [
                0.9999999498445812,
                4.8989243212147e-08,
                1.141830178068879e-09,
                2.080267178255804e-11,
                3.5426227715366813e-12
            ],
            [
                0.04671603571009059,
                0.9532839437844832,
                1.9581845096195186e-08,
                8.708284619434285e-10,
                5.275264499502487e-11
            ],
            [
                0.0,
                3.181218582937657e-12,
                0.9999999998031188,
                6.489664097828784e-11,
                1.2880342789106574e-10
            ],
            [
                0.0,
                2.2080603048355265e-11,
                1.0775080463932174e-09,
                4.536054940416834e-05,
                0.9999546383510072
            ],
            [
                0.9999881657249224,
                1.1827849201390575e-05,
                6.265278764152442e-09,
                1.5453286072908938e-10,
                6.064508973789993e-12
            ]
        ],
        [
            [
                0.9999997722786436,
                2.2557909561562575e-07,
                2.0410842242754736e-09,
                9.217147952778269e-11,
                9.005139725221306e-12
            ],
            [
                0.9999526926685571,
                4.73034590185942e-05,
                3.666709550148554e-09,
                2.0278548230843724e-10,
                2.929245300635139e-12
            ],
            [
                0.0,
                0.0,
                0.9999999999630056,
                7.621280806958151e-12,
                2.937308813754618e-11
            ],
            [
                0.0,
                4.120096320108672e-11,
                3.234224707272709e-09,
                0.010877041779113347,
                0.989122954945461
            ],
            [
                0.999999935663359,
                6.206514520157607e-08,
                2.122298764937914e-09,
                1.4033712996403642e-10,
                8.859933037018868e-12
            ]
        ],
        [
            [
                0.9999998939885424,
                1.0445269557236992e-07,
                1.5438711492006858e-09,
                1.392367080969803e-11,
                9.672143892560384e-13
            ],
            [
                0.9999307401823371,
                6.923692592522034e-05,
                2.2556413519729996e-08,
                3.3142247952870947e-10,
                3.901756842759368e-12
            ],
            [
                0.0,
                5.729768612337718e-13,
                0.9999999999887295,
                3.6353115173178265e-12,
                7.062447331715689e-12
            ],
            [
                0.0,
                4.167970689482902e-11,
                2.1021308694593535e-09,
                5.268668621652039e-07,
                0.9999994709893273
            ],
            [
                0.999999764713859,
                2.3011732516162684e-07,
                4.586618337167882e-09,
                4.87699185387969e-10,
                9.449828597018516e-11
            ]
        ],
        [
            [
                0.9999999832539966,
                1.583214264071243e-08,
                8.97171773277672e-10,
                1.4362285292775284e-11,
                2.326559271568933e-12
            ],
            [
                0.9999930762526377,
                6.909006433716157e-06,
                1.4561459594415662e-08,
                1.7410889327299704e-10,
                5.359991097707443e-12
            ],
            [
                0.0,
                1.1110084258015015e-12,
                0.9999999999201703,
                2.8487352533406936e-11,
                5.0231234623731236e-11
            ],
            [
                0.0,
                2.7295355470307796e-11,
                1.3124500017759443e-09,
                5.459103214389972e-06,
                0.9999945395570403
            ],
            [
                0.9999983475265259,
                1.6476332792153459e-06,
                4.481061746751579e-09,
                3.294988033927357e-10,
                2.963436660673749e-11
            ]
        ],
        [
            [
                0.9999999351809349,
                6.185171892949596e-08,
                2.909560359557161e-09,
                4.410853006954544e-11,
                1.3677405190124557e-11
            ],
            [
                0.9999813575548252,
                1.863705097604896e-05,
                5.237343028456293e-09,
                1.4548451933579943e-10,
                1.1371366764368975e-11
            ],
            [
                0.0,
                4.706881546547208e-13,
                0.999999999980435,
                5.327061007429281e-12,
                1.3767309474372716e-11
            ],
            [
                0.0,
                0.0,
                1.3253455487015573e-08,
                0.06547773679584028,
                0.9345222499507042
            ],
            [
                0.9999999372243675,
                6.142378533096666e-08,
                1.2091248446618492e-09,
                1.224539591719543e-10,
                2.026829153238739e-11
            ]
        ],
        [
            [
                0.9999998832234429,
                1.1150022876496686e-07,
                5.125465081189329e-09,
                1.4275226102330285e-10,
                8.110939075859336e-12
            ],
            [
                0.9999952203681418,
                4.776390874148427e-06,
                3.011783910727581e-09,
                2.2084192875390643e-10,
                8.358182754425819e-12
            ],
            [
                0.0,
                1.0278505321744493e-11,
                0.9999999996272644,
                1.6534303334171328e-10,
                1.9711406570524007e-10
            ],
            [
                0.0,
                3.9813636469033613e-11,
                1.0759785495296823e-08,
                5.2521944796832106e-05,
                0.999947467255604
            ],
            [
                0.9999993117498546,
                6.836323410386307e-07,
                4.348805896929316e-09,
                1.7192070184289443e-10,
                9.707787418132531e-11
            ]
        ],
        [
            [
                0.9999999553418049,
                4.382029876508507e-08,
                7.94027323424258e-10,
                4.179593565485656e-11,
                2.073330114888493e-12
            ],
            [
                0.9948375682435312,
                0.005162395440037057,
                3.5011368422932755e-08,
                1.2791502220244216e-09,
                2.591300810084195e-11
            ],
            [
                0.0,
                0.0,
                0.9999999998726796,
                5.870666423571465e-11,
                6.861383977207501e-11
            ],
            [
                0.0,
                1.936841453099976e-11,
                9.119174266685569e-10,
                2.592042604247554e-07,
                0.9999997398644537
            ],
            [
                0.9999998981189941,
                9.98740306971303e-08,
                1.9190676375896618e-09,
                7.009469024470598e-11,
                1.7812892634852884e-11
            ]
        ],
        [
            [
                0.9999999644400551,
                3.441030146803379e-08,
                1.1383726297013384e-09,
                9.865548408815212e-12,
                1.405276860633099e-12
            ],
            [
                0.9998802404730891,
                0.0001197553353443815,
                3.868756605554156e-09,
                3.164851107837501e-10,
                6.324811151089384e-12
            ],
            [
                0.0,
                3.2089206157758455e-13,
                0.9999999999877056,
                4.1975029809410094e-12,
                7.776074981453836e-12
            ],
            [
                0.0,
                1.606310621108427e-11,
                5.310094824013439e-10,
                2.488916204662033e-07,
                0.9999997505613071
            ],
            [
                0.9999998168665697,
                1.8090768022284402e-07,
                2.0591261635130923e-09,
                1.4821056660643129e-10,
                1.8413387465158682e-11
            ]
        ],
        [
            [
                0.9999999838919784,
                1.5024119679818212e-08,
                1.0647779162618022e-09,
                1.7632485140296392e-11,
                1.491317131964559e-12
            ],
            [
                0.9999945940847755,
                5.402169992841852e-06,
                3.685170039443029e-09,
                5.773755208882026e-11,
                2.324048910540883e-12
            ],
            [
                0.0,
                2.5634655917378305e-12,
                0.9999999998474611,
                5.17315282398239e-11,
                9.82439290799411e-11
            ],
            [
                0.0,
                5.1707927583258956e-12,
                1.8895666133018392e-10,
                7.230591656369288e-08,
                0.9999999274999559
            ],
            [
                0.9999999512099754,
                4.804078922661585e-08,
                7.023135694167841e-10,
                4.3175435377812374e-11,
                3.746368599406914e-12
            ]
        ],
        [
            [
                0.9999999342087361,
                6.443373032291561e-08,
                1.304411630378766e-09,
                4.015660119176903e-11,
                1.296532410676113e-11
            ],
            [
                0.9341571545118769,
                0.06584281606135338,
                2.6526344454229874e-08,
                2.8755092821650508e-09,
                2.4915972177117403e-11
            ],
            [
                0.0,
                5.41462538119238e-12,
                0.9999999998829123,
                4.69570448051969e-11,
                6.471592594701577e-11
            ],
            [
                0.0,
                3.956882426698945e-10,
                3.955845082030609e-08,
                0.0014137039907727157,
                0.9985862560550883
            ],
            [
                0.0,
                6.591845694945009e-12,
                2.467055502479048e-10,
                7.018614458196334e-05,
                0.9999298136021206
            ]
        ],
        [
            [
                0.9999999164857689,
                8.258256303474531e-08,
                8.833399596072184e-10,
                4.105458529062402e-11,
                7.2734424469304405e-12
            ],
            [
                0.2530752884928464,
                0.7469247061049615,
                5.099137630429038e-09,
                2.984943708481294e-10,
                4.560137072352736e-12
            ],
            [
                0.0,
                0.0,
                0.9999999990989141,
                4.706394980785973e-10,
                4.3044638118955216e-10
            ],
            [
                0.0,
                5.7358865861377765e-11,
                1.915513951204169e-08,
                1.7785803233688018e-05,
                0.999982194984268
            ],
            [
                0.999999650601343,
                3.461223822200207e-07,
                3.05788841078655e-09,
                1.7708023621084723e-10,
                4.1306085288237346e-11
            ]
        ],
        [
            [
                0.9999999623310786,
                3.7477127399416735e-08,
                1.822162287422435e-10,
                9.002460241610162e-12,
                5.75443268515814e-13
            ],
            [
                0.0021422933417433363,
                0.997857695904017,
                1.0552556999435776e-08,
                1.9300053630387874e-10,
                8.682137870401756e-12
            ],
            [
                0.0,
                4.942736277958042e-12,
                0.9999999998670781,
                7.936711302552974e-11,
                4.861192092272274e-11
            ],
            [
                0.0,
                1.3528691618394505e-10,
                7.752052115986692e-09,
                0.0003675262780837119,
                0.9996324658345773
            ],
            [
                0.9999996030400883,
                3.962095667428205e-07,
                5.464649600452641e-10,
                1.557377466504978e-10,
                4.8142625656271706e-11
            ]
        ],
        [
            [
                0.9999990422764103,
                9.534442018235552e-07,
                4.1005244398836345e-09,
                1.6737438807824362e-10,
                1.148900629120799e-11
            ],
            [
                0.9999307919718446,
                6.919897296732572e-05,
                8.813831288883102e-09,
                2.168114299142363e-10,
                2.4545224729620467e-11
            ],
            [
                0.0,
                3.2482019619063495e-13,
                0.9999999999879001,
                3.884596202048794e-12,
                7.89042939626403e-12
            ],
            [
                0.0,
                1.5430983241073208e-11,
                5.188135776502029e-10,
                6.600480761817286e-07,
                0.9999993394176793
            ],
            [
                0.9999998011200462,
                1.9570094728069053e-07,
                3.057888506527284e-09,
                1.1157132975015171e-10,
                9.546692163636687e-12
            ]
        ],
        [
            [
                0.9999998880476694,
                1.0990461066528613e-07,
                2.0149091701193496e-09,
                2.9291070833432864e-11,
                3.51977715575563e-12
            ],
            [
                0.9998679927946788,
                0.0001320033952210037,
                3.687378212162022e-09,
                1.207768955838955e-10,
                1.9451297268925e-12
            ],
            [
                0.0,
                6.452349633231094e-12,
                0.9999999997333937,
                8.80060149743755e-11,
                1.721477625644252e-10
            ],
            [
                0.0,
                1.2161200799586518e-11,
                5.256816395727488e-10,
                1.2591617512797132e-05,
                0.9999874078446443
            ],
            [
                0.9999995958732367,
                3.968055109412671e-07,
                6.909456873293025e-09,
                3.7050571816750115e-10,
                4.128985648485407e-11
            ]
        ],
        [
            [
                0.9999999946478937,
                4.844887176199007e-09,
                4.95869005737371e-10,
                1.0573756826658103e-11,
                7.764999608694917e-13
            ],
            [
                0.9999912550144043,
                8.733810528634135e-06,
                1.0913686631331369e-08,
                2.536358785666711e-10,
                7.744650647014389e-12
            ],
            [
                0.0,
                3.7165691721963865e-12,
                0.999999999819178,
                1.0033498140211258e-10,
                7.677031340844516e-11
            ],
            [
                0.0,
                1.7046277854544702e-10,
                1.0121193789986126e-08,
                1.4802475527845218e-05,
                0.9999851872328155
            ],
            [
                0.9999993928486136,
                6.028415673082938e-07,
                3.833271847158787e-09,
                3.6703881017179154e-10,
                1.0950833422962181e-10
            ]
        ],
        [
            [
                0.9999999833597795,
                1.5991475489159608e-08,
                6.272844635433781e-10,
                1.5776111062696384e-11,
                5.6845639444182454e-12
            ],
            [
                0.9999931164600345,
                6.880272950246302e-06,
                2.9411464884682164e-09,
                3.0751118396305286e-10,
                1.835755958179348e-11
            ],
            [
                0.0,
                4.75693836643993e-12,
                0.9999999999033606,
                4.211900704922818e-11,
                4.976358039693926e-11
            ],
            [
                0.9999991286670028,
                8.49440213372365e-07,
                1.8860181089506855e-08,
                2.559028769495228e-09,
                4.735741107704936e-10
            ],
            [
                0.9999998627845728,
                1.365956065149951e-07,
                5.265506263810174e-10,
                8.848621808498302e-11,
                4.783651747051981e-12
            ]
        ],
        [
            [
                0.9999998030573964,
                1.9002097089728257e-07,
                6.707652356843417e-09,
                1.9815863163770275e-10,
                1.5821704729619265e-11
            ],
            [
                0.9978097176107369,
                0.0021902601733577573,
                2.1553140852874708e-08,
                6.434057295566707e-10,
                1.9358738664370743e-11
            ],
            [
                0.0,
                7.231290102457255e-13,
                0.9999999999583644,
                7.559563218942225e-12,
                3.3352830351884344e-11
            ],
            [
                0.0,
                3.7910236283183113e-11,
                7.731070439725993e-09,
                0.0005025139689499807,
                0.9994974782620694
            ],
            [
                0.9999998792506761,
                1.1741076441647233e-07,
                3.0906544676722547e-09,
                2.0742539331752855e-10,
                4.047957999965136e-11
            ]
        ],
        [
            [
                0.9999999806671528,
                1.8611925766864168e-08,
                7.127763437193042e-10,
                6.852630705078809e-12,
                1.2923615851503392e-12
            ],
            [
                0.03587905221719811,
                0.9641209371494944,
                1.036465068110104e-08,
                2.5728535180330364e-10,
                1.1371497576957873e-11
            ],
            [
                0.0,
                0.0,
                0.999999999948725,
                1.1483770194509546e-11,
                3.979131527680585e-11
            ],
            [
                0.0,
                9.265090849520405e-11,
                9.501075303616663e-09,
                0.00011654636492663052,
                0.9998834440413471
            ],
            [
                0.9999997891069867,
                2.058835625645563e-07,
                4.5098631551566065e-09,
                3.473224859399103e-10,
                1.522650824437589e-10
            ]
        ],
        [
            [
                0.9999999640148352,
                3.473274546163344e-08,
                1.2358237920728018e-09,
                1.4617090540277968e-11,
                1.978328832288274e-12
            ],
            [
                0.9987632993057338,
                0.001236693548337539,
                7.005092041676016e-09,
                1.342338474584909e-10,
                6.602389910428547e-12
            ],
            [
                0.0,
                6.664191253163429e-13,
                0.999999999964891,
                1.6650440520343907e-11,
                1.779211151436912e-11
            ],
            [
                0.0,
                1.021831994111922e-11,
                2.59478417659698e-10,
                3.020897387094885e-07,
                0.9999996976405645
            ],
            [
                0.9999998245050022,
                1.6711513301043323e-07,
                8.103173095218695e-09,
                2.355405545837101e-10,
                4.1151402673303644e-11
            ]
        ],
        [
            [
                0.9999999726108365,
                2.5710164383791716e-08,
                1.640736137940245e-09,
                3.38167292522641e-11,
                4.446191346234401e-12
            ],
            [
                0.9999928926033044,
                7.102333008732578e-06,
                4.857934611423099e-09,
                1.8096796927056047e-10,
                2.478439636498961e-11
            ],
            [
                0.0,
                8.161416524443036e-13,
                0.9999999999732376,
                9.600760786515293e-12,
                1.6345280589601503e-11
            ],
            [
                0.0,
                1.9304057957531252e-11,
                3.165297725232843e-10,
                1.179134793580252e-05,
                0.9999882083162304
            ],
            [
                0.9999996834444775,
                3.1482450102456785e-07,
                1.5473705116315017e-09,
                1.7016587905902453e-10,
                1.3484966991671115e-11
            ]
        ],
        [
            [
                0.9999999628233467,
                3.5111478449095277e-08,
                2.037544515571713e-09,
                2.3297176545943826e-11,
                4.333133735657235e-12
            ],
            [
                0.999995141797465,
                4.85538063490708e-06,
                2.6077598136103426e-09,
                2.074285648153554e-10,
                6.7117757113173125e-12
            ],
            [
                0.0,
                1.8327147499877826e-12,
                0.9999999999292497,
                2.8570770464494526e-11,
                4.034692178279196e-11
            ],
            [
                0.0,
                7.453230270624258e-12,
                2.2225160904978679e-10,
                3.6060467771380796e-07,
                0.9999996391656174
            ],
            [
                0.9999998649889922,
                1.3265360568027856e-07,
                2.15488543960673e-09,
                1.4223261037833497e-10,
                6.028391877190198e-11
            ]
        ],
        [
            [
                0.9999999891901236,
                1.0660180359319225e-08,
                1.4206911895775219e-10,
                6.006066196490382e-12,
                1.6208918443017614e-12
            ],
            [
                0.9999705926223981,
                2.9394476083568198e-05,
                1.2748568180050836e-08,
                1.4395231162941587e-10,
                8.997825985721463e-12
            ],
            [
                0.0,
                9.50852480083005e-13,
                0.9999999999741245,
                9.474512935456189e-12,
                1.5450302045704768e-11
            ],
            [
                0.0,
                1.4477304118544219e-11,
                2.761874942805093e-10,
                2.2106099391640353e-05,
                0.9999778936099435
            ],
            [
                0.9999995894396383,
                3.9795302997089835e-07,
                1.0361092180791682e-08,
                1.5989850284815649e-09,
                6.472546071874864e-10
            ]
        ],
        [
            [
                0.999999886973701,
                1.0962156075484092e-07,
                3.3062206678681108e-09,
                8.913465169545815e-11,
                9.382921959402135e-12
            ],
            [
                0.9999984104582806,
                1.5745308045210778e-06,
                1.4706348938986041e-08,
                2.976160319837402e-10,
                6.9498248992133456e-12
            ],
            [
                0.0,
                5.587271283393759e-12,
                0.999999999884563,
                5.461958565163657e-11,
                5.523012558855753e-11
            ],
            [
                0.0,
                1.1271947899155174e-11,
                6.777790594831697e-10,
                2.233026672346306e-06,
                0.9999977662842766
            ],
            [
                0.9999999049539944,
                9.335296734272569e-08,
                1.6015460010075365e-09,
                8.19454009605769e-11,
                9.546692016853048e-12
            ]
        ],
        [
            [
                0.9999999931029058,
                6.6106915463523566e-09,
                2.686624819122488e-10,
                1.627630888549599e-11,
                1.4639236918982696e-12
            ],
            [
                0.9999916997042294,
                8.295830393356146e-06,
                3.937145527333807e-09,
                4.872975192420134e-10,
                4.093417225084722e-11
            ],
            [
                0.0,
                5.49865282056932e-13,
                0.9999999999769473,
                4.2347030810092146e-12,
                1.8268245515840322e-11
            ],
            [
                0.0,
                1.3513392213778813e-11,
                4.4464250991461846e-10,
                1.9971683180728048e-06,
                0.999998002373526
            ],
            [
                0.999999893879619,
                1.0352682847572704e-07,
                2.0219428362488054e-09,
                3.7086915373637076e-10,
                2.0074049948486418e-10
            ]
        ],
        [
            [
                0.9999999727226015,
                2.702761035709328e-08,
                2.426686421973846e-10,
                6.562427608083975e-12,
                5.571592752125623e-13
            ],
            [
                0.9999493362968792,
                5.065858525954e-05,
                4.897763562410105e-09,
                2.1467903585906263e-10,
                5.418695978340618e-12
            ],
            [
                0.0,
                7.111772815941123e-12,
                0.9999999997751114,
                1.3836419388742954e-10,
                7.941238877291967e-11
            ],
            [
                0.0,
                5.2339228275081695e-11,
                3.6685354016495863e-09,
                4.97256614601937e-06,
                0.9999950237129793
            ],
            [
                0.9999995140031479,
                4.785110350132404e-07,
                6.538449330246561e-09,
                7.769070592519633e-10,
                1.7046083145644963e-10
            ]
        ],
        [
            [
                0.9999999835080118,
                1.5049444448642257e-08,
                1.4187773988955124e-09,
                2.0802672482847376e-11,
                2.9636159344408663e-12
            ],
            [
                0.11072743830329745,
                0.8892725574131694,
                3.527928568423156e-09,
                7.249350469149318e-10,
                3.066979857085261e-11
            ],
            [
                0.0,
                5.015904691188194e-11,
                0.9999999991049378,
                4.992646362661824e-10,
                3.4563861016637504e-10
            ],
            [
                0.0,
                2.1805629572205004e-11,
                5.740376920184108e-10,
                6.100759624421481e-06,
                0.9999938986445324
            ],
            [
                0.9999995651619411,
                4.315975987543602e-07,
                2.6427905025796404e-09,
                5.56042265563762e-10,
                4.1627354720824243e-11
            ]
        ],
        [
            [
                0.9999999462824527,
                5.3276405863079444e-08,
                4.2287182212191343e-10,
                1.5279651994591128e-11,
                2.9901715328218696e-12
            ],
            [
                0.999999165725692,
                8.317817271644472e-07,
                2.3752528877425123e-09,
                1.1119677950090947e-10,
                6.1310938870439675e-12
            ],
            [
                0.0,
                1.1553056336922869e-12,
                0.9999999999203069,
                1.5650713510851004e-11,
                6.28870255869751e-11
            ],
            [
                0.0,
                1.0998575425507987e-11,
                8.71484837269263e-10,
                2.0947246768122719e-07,
                0.9999997896450489
            ],
            [
                0.9999995544848704,
                4.3912527117985875e-07,
                5.579058922073996e-09,
                4.836658252939683e-10,
                3.27133610233035e-10
            ]
        ],
        [
            [
                0.9999999812643224,
                1.8354050592323082e-08,
                3.643985805403693e-10,
                1.480536708100254e-11,
                2.4231226191762876e-12
            ],
            [
                0.9999824095825133,
                1.7587548417807355e-05,
                2.729835173324021e-09,
                1.3674960110363587e-10,
                2.484221825821749e-12
            ],
            [
                0.0,
                3.041677607813634e-12,
                0.999999999913826,
                2.438684211749328e-11,
                5.874542005524848e-11
            ],
            [
                0.0,
                5.5869725849438595e-12,
                6.759586562129966e-10,
                2.94043686791986e-07,
