{
    "[['A', 'B', 'C', 'D', 'E'], ['A', 'B', 'C', 'D', 'E']]": [
        [
            [
                3.5107458919384746e-08,
                1.6025275074895366e-08,
                3.360677554065823e-08,
                4.169475998327165e-06,
                0.9999957457844921
            ],
            [
                1.0027538868528803e-08,
                3.394809958336335e-08,
                3.7454993550568196e-07,
                7.726776844483808e-06,
                0.9999918546975816
            ],
            [
                0.0,
                3.48221099927101e-11,
                0.9999999989291206,
                4.940611140349353e-10,
                5.419962545177365e-10
            ],
            [
                1.213373988565684e-08,
                3.2832584352000886e-07,
                5.704705171807997e-07,
                0.00015107700183453318,
                0.9998480120680648
            ],
            [
                2.0698810187510388e-08,
                3.5986587087020294e-08,
                8.760466685494966e-09,
                8.844480698997576e-07,
                0.9999990501060662
            ]
        ],
        [
            [
                4.134405716002095e-08,
                8.328392973905241e-08,
                1.5752703740407964e-07,
                6.369203835924808e-06,
                0.9999933486411398
            ],
            [
                3.6263781348120145e-08,
                2.7764979066516163e-06,
                1.032164359070755e-06,
                0.00017199287517286882,
                0.99982416219878
            ],
            [
                0.0,
                1.2668865373678396e-12,
                0.999999999956505,
                1.3100351757750651e-11,
                2.9127555319451334e-11
            ],
            [
                3.442289274682019e-07,
                1.2739769782389704e-06,
                1.0904273041985864e-06,
                3.3960426864447686e-05,
                0.9999633309399256
            ],
            [
                3.655942846530364e-08,
                3.203981020570644e-08,
                6.927525874855323e-08,
                3.098113451728702e-06,
                0.9999967640120507
            ]
        ],
        [
            [
                2.114125637832738e-05,
                1.967793876343704e-06,
                1.9647869298048052e-07,
                1.3848394408318173e-06,
                0.9999753096316116
            ],
            [
                1.7426754370114887e-08,
                8.028827878237139e-07,
                1.2177821621152455e-05,
                0.007123439592645911,
                0.9928635622761908
            ],
            [
                0.0,
                1.5771770856099293e-12,
                0.9999999999463425,
                1.9528627827588763e-11,
                3.2551702253072354e-11
            ],
            [
                1.4512265471284587e-09,
                4.054831958025783e-09,
                3.1170479323075046e-08,
                4.9326179115108315e-06,
                0.9999950307055507
            ],
            [
                3.686219290014154e-08,
                2.8927010654760738e-08,
                2.5911711924881133e-08,
                1.1637430651066027e-06,
                0.9999987445560194
            ]
        ],
        [
            [
                1.2796634614181771e-06,
                1.3523024181295824e-07,
                3.18709052454195e-07,
                4.560081483936242e-06,
                0.9999937063157603
            ],
            [
                1.2148080585126209e-07,
                5.4823880945341555e-06,
                1.056129751845814e-06,
                3.788967635842135e-05,
                0.9999554503249893
            ],
            [
                0.0,
                2.845243632270855e-11,
                0.9999999992199391,
                3.444500469713127e-10,
                4.0715851145991334e-10
            ],
            [
                4.334853708718286e-08,
                7.01632787986098e-08,
                1.5477173148814724e-07,
                7.159900566893512e-06,
                0.9999925718158859
            ],
            [
                1.995469829617425e-08,
                1.1106277198472859e-07,
                2.76397132921767e-07,
                2.2043721825826876e-05,
                0.999977548863571
            ]
        ],
        [
            [
                1.0821679531335844e-07,
                1.2369393483872665e-07,
                1.652650930855316e-07,
                1.235888817027814e-05,
                0.9999872439360066
            ],
            [
                4.666621926963942e-08,
                2.395648800997947e-06,
                5.559693766865763e-05,
                0.0012121573532932971,
                0.9987298033940177
            ],
            [
                0.0,
                1.3561521455803736e-11,
                0.9999999994961648,
                1.320879836991636e-10,
                3.5818572364187e-10
            ],
            [
                5.155368717521405e-09,
                1.4022140554277914e-08,
                1.598574192372652e-08,
                2.6256912610343032e-06,
                0.9999973391454878
            ],
            [
                2.6637938167115832e-08,
                1.162108347572792e-08,
                4.040058105830282e-08,
                3.7573451255992504e-07,
                0.9999995456058848
            ]
        ],
        [
            [
                5.8401519038745965e-08,
                6.664080478448161e-08,
                1.7206479369137597e-07,
                4.08755607711567e-06,
                0.9999956153368055
            ],
            [
                1.6100153912684487e-08,
                6.062969147884096e-07,
                4.760204413757242e-07,
                0.00011570491913864153,
                0.9998831966633513
            ],
            [
                0.0,
                4.7335239675055075e-12,
                0.9999999997961397,
                4.663367498485188e-11,
                1.5249323071388706e-10
            ],
            [
                0.013646237643973547,
                0.0006898492895782048,
                1.0735694621716823e-05,
                6.265029264357715e-05,
                0.9855905270791829
            ],
            [
                2.0562973292931838e-08,
                1.0816293620619334e-07,
                1.2340584924049695e-07,
                1.5248023934447071e-05,
                0.9999844998443069
            ]
        ],
        [
            [
                2.1931325757499784e-09,
                1.4457927256448323e-08,
                2.764021412311506e-07,
                2.954905902941589e-05,
                0.9999701578877697
            ],
            [
                2.4613507456198737e-09,
                6.694640513708347e-09,
                1.9588905599122038e-08,
                1.7715102881374207e-06,
                0.9999981997448149
            ],
            [
                0.0,
                5.052205997460381e-12,
                0.9999999996306397,
                5.855949112255225e-11,
                3.057484415600071e-10
            ],
            [
                2.1214822668701517e-08,
                1.3133947663562119e-08,
                1.944121021358727e-08,
                1.8205333689024574e-06,
                0.9999981256766505
            ],
            [
                2.3748914947587698e-08,
                6.78559656753623e-08,
                3.545856244609858e-07,
                2.979533047616474e-05,
                0.9999697584790188
            ]
        ],
        [
            [
                5.358619294709057e-09,
                1.065164405583871e-08,
                2.2036742685162433e-07,
                2.5642595705891194e-05,
                0.9999741210266039
            ],
            [
                8.03022917153542e-09,
                4.630951233965061e-08,
                3.391902599086789e-07,
                1.1740383305558166e-05,
                0.999987866086693
            ],
            [
                0.0,
                4.00145977502464e-12,
                0.9999999998131333,
                8.990573628555023e-11,
                9.295961424915429e-11
            ],
            [
                2.4813227961815326e-07,
                6.751579248706154e-08,
                3.1763382718809583e-08,
                4.412488044520799e-06,
                0.9999952401005007
            ],
            [
                3.970924476043626e-09,
                2.6905351208826127e-08,
                3.3342689080199836e-07,
                1.2522674440975276e-05,
                0.9999871130223925
            ]
        ],
        [
            [
                6.41658811380646e-08,
                1.2875352553058923e-07,
                6.182990254939521e-06,
                2.8604584397542405e-05,
                0.9999650195059409
            ],
            [
                4.783795773494706e-09,
                5.693592575324275e-08,
                2.894644070889973e-06,
                5.19694054892651e-06,
                0.9999918466956587
            ],
            [
                0.0,
                8.521700311803912e-12,
                0.9999999997760769,
                8.588328250860364e-11,
                1.295181007798603e-10
            ],
            [
                2.3702487840252236e-08,
                4.892350981920579e-08,
                1.4749083672483555e-07,
                2.7302167942463175e-06,
                0.9999970496663713
            ],
            [
                5.273187346270719e-09,
                2.3983072682851238e-08,
                2.294853708562017e-08,
                4.7397017430691656e-07,
                0.9999994738250286
            ]
        ],
        [
            [
                2.4795969823576212e-08,
                7.474371666883322e-08,
                2.4213593016080563e-07,
                2.1795352206077672e-06,
                0.9999974787891627
            ],
            [
                2.0756877988282333e-07,
                1.971180376426088e-06,
                1.2632757950999963e-06,
                3.3398830452506974e-05,
                0.9999631591445961
            ],
            [
                0.0,
                3.0688215801619547e-12,
                0.9999999998984777,
                2.7063266679218415e-11,
                7.13902560307358e-11
            ],
            [
                2.7408028506550103e-08,
                4.821400772583149e-08,
                7.138532377169043e-08,
                7.309320528973828e-05,
                0.9999267597873502
            ],
            [
                6.39961110738781e-08,
                3.359385200779263e-07,
                2.501136084255515e-06,
                3.160127145650068e-05,
                0.999965497657828
            ]
        ],
        [
            [
                1.3033676575946427e-08,
                3.554264453414286e-08,
                1.3581104969333696e-07,
                7.986832903242447e-07,
                0.9999990169293389
            ],
            [
                4.1145327512244657e-07,
                3.991550979545053e-06,
                3.296259813909926e-05,
                0.0029398317456142595,
                0.997022802651992
            ],
            [
                0.0,
                4.10846640533654e-11,
                0.999999998504032,
                6.311320442088472e-10,
                8.237513376316309e-10
            ],
            [
                1.5470141909128586e-08,
                6.721102615784388e-08,
                5.034836054563166e-07,
                8.57014194376362e-05,
                0.9999137124157889
            ],
            [
                1.7499532968176543e-08,
                1.998749555966495e-08,
                1.6016078242557527e-08,
                1.526353958940728e-06,
                0.9999984201429343
            ]
        ],
        [
            [
                1.2815728453929847e-09,
                2.912953058050059e-09,
                2.2213445161415983e-08,
                6.518458318563824e-07,
                0.9999993217461971
            ],
            [
                5.672769514920831e-08,
                5.785855054849837e-07,
                3.1496174335374226e-05,
                0.00011558304818730947,
                0.9998522854642767
            ],
            [
                0.0,
                2.42512932977711e-12,
                0.9999999998919824,
                1.692881594369479e-11,
                8.86636100142894e-11
            ],
            [
                5.0074978473155496e-09,
                3.8548076683977464e-08,
                9.2714510947467e-08,
                1.8855363321986793e-06,
                0.9999979781935823
            ],
            [
                8.46992364919995e-09,
                2.6439058811695e-08,
                6.96973790983979e-08,
                2.7905299939469804e-06,
                0.9999971048636445
            ]
        ],
        [
            [
                2.6779048552870687e-08,
                5.553051603350802e-08,
                1.8402575367860467e-07,
                2.0863084760881974e-06,
                0.9999976473562057
            ],
            [
                2.0089993331697562e-09,
                4.734102245200469e-08,
                3.0354346812585635e-07,
                1.7131203870762263e-06,
                0.9999979339861229
            ],
            [
                0.0,
                6.335846624582779e-12,
                0.999999999768886,
                6.720066741805424e-11,
                1.5757744725576362e-10
            ],
            [
                6.98145967976748e-08,
                2.927445792499346e-07,
                7.76617117238883e-07,
                0.00019979970586166422,
                0.9997990611178451
            ],
            [
                7.641601936625704e-08,
                4.1755466329811627e-07,
                3.8626333334825054e-07,
                2.6643834477522195e-06,
                0.9999964553825362
            ]
        ],
        [
            [
                1.7603647343537197e-08,
                1.820073228827248e-08,
                1.820073228827248e-08,
                1.458363416159189e-07,
                0.9999998001585465
            ],
            [
                1.433702520993276e-07,
                0.0004236156310373855,
                0.00017817883095310073,
                0.0027109370252804987,
                0.9966871251424769
            ],
            [
                0.0,
                3.252084286565406e-12,
                0.9999999999027023,
                2.2304817834568313e-11,
                7.174078835978503e-11
            ],
            [
                1.3357046756572527e-08,
                1.1454977208897287e-08,
                1.2234318815249337e-08,
                7.706065346435491e-07,
                0.9999991923471225
            ],
            [
                1.898352832999369e-09,
                7.632158524245373e-09,
                9.92291443832798e-09,
                6.280462054315356e-07,
                0.9999993525003688
            ]
        ],
        [
            [
                7.859019901816958e-09,
                2.0488432356819928e-08,
                2.9076477024832857e-08,
                7.821343972733603e-07,
                0.9999991604416735
            ],
            [
                1.3563689292310435e-08,
                2.9232164774012834e-07,
                6.029002195596157e-07,
                0.00021038731656375273,
                0.9997887038978797
            ],
            [
                0.0,
                8.194969205354255e-13,
                0.9999999999247646,
                1.1037390028366935e-11,
                6.337832045960147e-11
            ],
            [
                8.592126591202687e-08,
                1.9436381860475252e-07,
                8.592126591202687e-08,
                1.6038924449429782e-05,
                0.9999835948692002
            ],
            [
                6.84748393929282e-08,
                3.0773842264018816e-07,
                2.4656267821992033e-07,
                3.3094212955075806e-06,
                0.9999960678027642
            ]
        ],
        [
            [
                1.083635928004042e-08,
                1.4429744440568488e-08,
                2.6191561853324734e-08,
                3.5478133566076325e-06,
                0.9999964007289778
            ],
            [
                3.1382390809032836e-07,
                4.566627112963428e-06,
                1.4162558094666141e-06,
                6.120664742148335e-05,
                0.999932496645748
            ],
            [
                0.0,
                1.2544462396665453e-11,
                0.9999999997506721,
                7.07876911946716e-11,
                1.6599586661554133e-10
            ],
            [
                3.4155204490852974e-09,
                6.553732079566976e-09,
                2.3196441393033998e-07,
                1.273039358877625e-06,
                0.9999984850269746
            ],
            [
                8.869781826294349e-10,
                5.6461363438166415e-09,
                2.82536696944234e-09,
                3.777934960116248e-08,
                0.9999999528621688
            ]
        ],
        [
            [
                5.5918324067515615e-09,
                1.6331656793643878e-08,
                4.5962453091740465e-08,
                5.967386711469121e-06,
                0.9999939647273463
            ],
            [
                1.0226125790629087e-06,
                3.5978425552463155e-06,
                5.5889302758541216e-06,
                1.5802647910364583e-05,
                0.9999739879666795
            ],
            [
                0.0,
                2.1244683775295535e-10,
                0.9999999963009933,
                1.455986925280028e-09,
                2.03057284319522e-09
            ],
            [
                4.710240700593822e-09,
                1.2109231999606122e-08,
                1.1130855832770838e-07,
                1.9841969983880223e-05,
                0.9999800299019851
            ],
            [
                5.339337173460085e-09,
                9.439048374579396e-09,
                1.4650748081853288e-08,
                1.1114866514238284e-06,
                0.9999988590842149
            ]
        ],
        [
            [
                3.141697190357184e-09,
                1.1993315085042238e-08,
                1.1696897149313568e-07,
                7.995662204276198e-06,
                0.999991872233812
            ],
            [
                3.240133804005071e-07,
                3.642862237207438e-07,
                8.841819763963613e-08,
                2.9022900100877244e-06,
                0.9999963209921882
            ],
            [
                0.0,
                2.224542184568686e-11,
                0.9999999994631623,
                1.507154808408835e-10,
                3.6387698943896384e-10
            ],
            [
                1.1751511364711216e-06,
                5.108541614373767e-07,
                1.580914180250991e-07,
                3.91862221800952e-05,
                0.9999589696811039
            ],
            [
                1.6366074291388085e-09,
                3.3786464117944857e-09,
                1.5269596258272387e-08,
                2.9270426248345317e-06,
                0.999997052672525
            ]
        ],
        [
            [
                2.0523604461585584e-07,
                2.3931347161860435e-08,
                3.4916404408864236e-08,
                5.814125500702124e-07,
                0.9999991545036537
            ],
            [
                7.2489299843752e-08,
                2.776150073665088e-07,
                1.3430353845082659e-06,
                6.679728310266727e-06,
                0.9999916271319981
            ],
            [
                0.0,
                7.169010443500445e-13,
                0.9999999999759148,
                5.723370903591429e-12,
                1.7644798775997317e-11
            ],
            [
                2.769150351666672e-07,
                1.2957814884088295e-06,
                1.531232226394302e-06,
                1.820982056882417e-05,
                0.9999786862506812
            ],
            [
                8.221872368633966e-08,
                1.2526914732867587e-07,
                4.329970401418056e-08,
                5.303041154102986e-06,
                0.9999944461712709
            ]
        ],
        [
            [
                3.152112731554685e-08,
                6.807712958972976e-08,
                2.246537892868094e-07,
                2.3521769720802765e-05,
                0.9999761539782329
            ],
            [
                2.9030093704690982e-08,
                1.2267019820158836e-06,
                3.0672962540501846e-05,
                0.011887615023613376,
                0.9880804562817703
            ],
            [
                0.0,
                8.825530090990669e-11,
                0.999999998564316,
                7.688919723569564e-10,
                5.785366267275839e-10
            ],
            [
                1.406816516086185e-08,
                8.250431639819105e-08,
                5.04128403466535e-07,
                3.051839250609297e-06,
                0.9999963474598643
            ],
            [
                2.1120660412569134e-07,
                1.3078134220713472e-07,
                2.171772140397495e-07,
                1.6828785271654513e-06,
                0.9999977579563125
            ]
        ],
        [
            [
                1.0138094786392554e-09,
                3.3123432984933327e-09,
                1.0908734152577993e-08,
                6.827963778647314e-07,
                0.9999993019687352
            ],
            [
                1.741970934562492e-08,
                1.8139294422145276e-07,
                4.615310681556459e-05,
                5.833615040166266e-05,
                0.9998953119301293
            ],
            [
                0.0,
                6.030735000884393e-12,
                0.9999999997560955,
                5.314175411919015e-11,
                1.847319801440811e-10
            ],
            [
                7.467119396194998e-08,
                4.894827103237085e-07,
                3.8732570908025834e-07,
                3.998990782079954e-05,
                0.9999590586125658
            ],
            [
                3.8164363075760907e-08,
                1.215103499057352e-07,
                3.859118668928238e-08,
                2.5261047280950117e-06,
                0.9999972756293722
            ]
        ],
        [
            [
                1.304777486126305e-07,
                1.8124372775382618e-07,
                1.9357246481225443e-07,
                1.780735942547624e-05,
                0.9999816873466334
            ],
            [
                1.3890640900959605e-08,
                8.030202519107542e-08,
                4.6149100267633836e-07,
                0.00021633332396236846,
                0.9997831109923689
            ],
            [
                0.0,
                1.9825104290335403e-12,
                0.9999999999171665,
                1.7179375438200116e-11,
                6.367178015727815e-11
            ],
            [
                2.913686456521802e-07,
                6.200240104177425e-07,
                4.866041630355217e-08,
                1.7097736621418328e-05,
                0.9999819422103063
            ],
            [
                8.96666838613996e-07,
                1.0724192832048754e-05,
                9.121932932058113e-08,
                1.6921177043841846e-06,
                0.9999865958032956
            ]
        ],
        [
            [
                3.7630537883635083e-07,
                1.909880308134784e-07,
                2.1822295368311015e-07,
                3.6711656044316428e-06,
                0.9999955433180323
            ],
            [
                9.714353646653857e-09,
                3.412695793135982e-08,
                6.486196485630185e-08,
                1.3547375098420873e-06,
                0.9999985365592137
            ],
            [
                0.0,
                3.630469862033214e-11,
                0.999999999634247,
                1.6839844244446857e-10,
                1.6104989858342484e-10
            ],
            [
                1.5706598224018775e-08,
                1.788256787333245e-08,
                1.0214676023768307e-07,
                1.3164840457490387e-05,
                0.9999866994236163
            ],
            [
                1.95225422385016e-05,
                1.9278984978086958e-05,
                7.493317497990614e-07,
                1.649047279153361e-05,
                0.999943958668242
            ]
        ],
        [
            [
                3.7130905635080776e-08,
                8.004038532477488e-08,
                3.215918395793761e-07,
                6.31310613268544e-05,
                0.9999364301755427
            ],
            [
                0.0,
                1.1558479517342482e-08,
                8.715060633134222e-07,
                1.2260628703833373e-05,
                0.9999868563067533
            ],
            [
                0.0,
                2.665013083063351e-12,
                0.9999999999420783,
                1.6348336137216368e-11,
                3.890849228161266e-11
            ],
            [
                8.958726113103432e-09,
                5.066082420715413e-08,
                5.7745569110770943e-08,
                5.062489463232885e-06,
                0.9999948201454173
            ],
            [
                0.000576406261344374,
                1.7078588562840424e-05,
                8.630131953507248e-08,
                1.556773300403549e-06,
                0.9994048720754729
            ]
        ],
        [
            [
                9.17318805352205e-09,
                2.46891719973671e-08,
                9.522977629159969e-08,
                1.3552866835631336e-06,
                0.9999985156211801
            ],
            [
                1.2853083705825706e-09,
                4.586253154304395e-08,
                7.277356212386713e-08,
                8.244131611564855e-06,
                0.9999916359469865
            ],
            [
                0.0,
                2.7369107796031878e-12,
                0.999999999898632,
                3.7223600254579883e-11,
                6.140752264496449e-11
            ],
            [
                9.726089656509855e-09,
                2.770065726762905e-08,
                9.27286583660806e-08,
                6.549143346742029e-06,
                0.9999933207012479
            ],
            [
                1.1949497508793279e-08,
                1.2483259323006436e-08,
                5.086958503964403e-08,
                7.689679371374017e-07,
                0.9999991557297211
            ]
        ],
        [
            [
                2.2853391768347644e-09,
                1.4406149969909707e-08,
                2.515014763439287e-07,
                2.6775871363765126e-05,
                0.9999729559356707
            ],
            [
                2.0281740375088797e-08,
                1.2707158567668834e-07,
                7.288278289450868e-07,
                2.3414821139383136e-06,
                0.9999967823367311
            ],
            [
                0.0,
                4.0923298507794155e-12,
                0.9999999995943021,
                3.953086177715171e-11,
                3.6207487992618824e-10
            ],
            [
                4.803417097733432e-09,
                1.231210752016946e-08,
                2.4893636603247932e-08,
                2.0872497656190164e-06,
                0.9999978707410732
            ],
            [
                2.2802503569674652e-08,
                4.1252687095482327e-08,
                1.0885896729625351e-07,
                8.895764678075136e-06,
                0.999990931321164
            ]
        ],
        [
            [
                1.6131136749795425e-08,
                1.0607506499147673e-08,
                1.0843905657091472e-08,
                2.1616624810439506e-06,
                0.99999780075497
            ],
            [
                3.2991592068952355e-09,
                1.8386612065618179e-07,
                1.6025079526592694e-06,
                7.220875833726284e-06,
                0.9999909894509338
            ],
            [
                0.0,
                6.843213585334107e-12,
                0.9999999996661824,
                8.139613967732627e-11,
                2.455783274183678e-10
            ],
            [
                9.848192375359264e-09,
                1.5909880446130916e-08,
                1.1722531705713869e-08,
                1.7894230370584272e-07,
                0.9999997835770917
            ],
            [
                1.4736344894223167e-07,
                4.4563291562665435e-08,
                2.870366677118134e-07,
                1.8000271127396876e-06,
                0.999997721009479
            ]
        ],
        [
            [
                3.734793624080421e-06,
                1.062147713890807e-06,
                2.922444346033586e-07,
                4.688315338377201e-06,
                0.9999902224988891
            ],
            [
                8.412330815571665e-06,
                0.00035983726788976354,
                1.0719979501662493e-05,
                0.00044230063669586255,
                0.9991787297850971
            ],
            [
                0.0,
                3.4522120355408593e-12,
                0.9999999997853775,
                6.39069652336802e-11,
                1.4726347887651808e-10
            ],
            [
                7.42391128486722e-10,
                1.0492947985943308e-08,
                8.155057291599417e-08,
                2.4279692001019256e-06,
                0.9999974792448878
            ],
            [
                2.4658196461024436e-07,
                6.023596926882177e-08,
                1.5289158828341858e-07,
                2.3840585615917008e-05,
                0.9999756997048619
            ]
        ],
        [
            [
                1.688682145117631e-08,
                5.2606631817966437e-08,
                8.142612028945523e-07,
                8.69581720620688e-05,
                0.9999121580732818
            ],
            [
                4.3801732971926655e-07,
                2.0725735721850764e-06,
                1.0288226650566601e-05,
                6.116854125560222e-05,
                0.999926032641192
            ],
            [
                0.0,
                9.60532155501426e-12,
                0.9999999997722768,
                3.259830115317739e-11,
                1.8551939022622683e-10
            ],
            [
                8.152999836206333e-09,
                4.372036615077905e-08,
                2.619549602584216e-07,
                4.433276193759805e-05,
                0.9999553534097362
            ],
            [
                1.91751626137228e-09,
                8.348890709679562e-09,
                1.67827217105681e-08,
                8.022100606306354e-07,
                0.9999991707408107
            ]
        ],
        [
            [
                1.883324992226073e-07,
                3.1331894982040124e-08,
                4.858835988718576e-08,
                2.8966464520871558e-06,
                0.9999968351007938
            ],
            [
                4.486263460067616e-08,
                5.51528116534361e-07,
                1.0706272913401404e-06,
                0.0001294751469402536,
                0.9998688578350172
            ],
            [
                0.0,
                4.471586300514508e-12,
                0.9999999998819575,
                3.419832231034577e-11,
                7.937241152997359e-11
            ],
            [
                2.4673685905343124e-08,
                1.3282729411015413e-07,
                6.696397158580339e-07,
                2.6804639959452313e-05,
                0.9999723682193447
            ],
            [
                2.607341901425413e-09,
                3.539710440657241e-09,
                3.388307059105962e-09,
                2.5222349134423957e-07,
                0.9999997382411493
            ]
        ],
        [
            [
                6.16719531367057e-08,
                1.0711834049324683e-07,
                1.822295541558646e-07,
                1.4512820934510345e-05,
                0.9999851361592177
            ],
            [
                8.9889025710279e-09,
                1.248876732165934e-07,
                9.508155007972481e-07,
                1.904433229246201e-05,
                0.999979870975631
            ],
            [
                0.0,
                6.1535408346892194e-12,
                0.9999999996694537,
                5.6742001682126014e-11,
                2.676508007670846e-10
            ],
            [
                4.527212131386246e-09,
                1.67000515704048e-08,
                2.078378783031435e-08,
                2.172245582602044e-06,
                0.9999977857433658
            ],
            [
                2.6121455362085187e-09,
                1.3041038043612217e-08,
                1.3041038043612217e-08,
                1.0046061802454497e-06,
                0.9999989666995982
            ]
        ],
        [
            [
                9.75948802212206e-08,
                2.6230870861538044e-07,
                1.1039807729365985e-06,
                1.3204612609193334e-05,
                0.999985331503029
            ],
            [
                6.064379268788073e-09,
                1.6365324678333401e-07,
                8.159678483327588e-06,
                0.0006671690093419399,
                0.9993245015945487
            ],
            [
                0.0,
                1.3448242977781932e-10,
                0.9999999958895103,
                2.076067772882538e-09,
                1.899939505043706e-09
            ],
            [
                3.0962187891702553e-07,
                1.213966124181134e-07,
                1.2834859037865893e-07,
                4.575194746237082e-07,
                0.9999989831134436
            ],
            [
                0.9831615157823995,
                0.0036880787495030404,
                4.506735921203219e-06,
                2.0168512685923104e-05,
                0.013125730219490482
            ]
        ],
        [
            [
                5.742395204224192e-09,
                1.5932717222151613e-08,
                1.7608751879349963e-08,
                2.0565799783625537e-06,
                0.9999979041361573
            ],
            [
                1.6492209608123053e-08,
                4.353447280285461e-08,
                3.647835226569755e-08,
                1.7920180358634548e-06,
                0.9999981114769295
            ],
            [
                0.0,
                7.700667900177594e-12,
                0.9999999997451425,
                1.1910234155122495e-10,
                1.280543464178706e-10
            ],
            [
                2.1012099376557604e-08,
                2.1012099376557604e-08,
                4.2582567011417815e-08,
                2.15023579470423e-07,
                0.9999997003696547
            ],
            [
                7.895579723645722e-08,
                3.216956967155309e-08,
                7.392240595063216e-08,
                3.502404854440384e-05,
                0.9999647909036827
            ]
        ],
        [
            [
                7.253219987817999e-07,
                1.2301749257795092e-07,
                2.4582084719379214e-08,
                1.3318365495968122e-06,
                0.9999977952418743
            ],
            [
                4.8803721163738475e-09,
                0.7441807353808728,
                0.2558192241618583,
                3.5576896809316305e-08,
                0.0
            ],
            [
                0.0,
                1.1794685819211621e-11,
                0.9999999995939362,
                8.097186206811968e-11,
                3.132971008673512e-10
            ],
            [
                1.842436767074534e-07,
                1.542098094730273e-07,
                1.1550970716993378e-07,
                3.102669938786547e-06,
                0.9999964433668679
            ],
            [
                2.875613312676803e-09,
                3.720645889884773e-09,
                3.884127801333898e-09,
                7.471802477827537e-07,
                0.9999992423393652
            ]
        ],
        [
            [
                1.136992682714996e-07,
                8.725352213427106e-08,
                1.0181978622713993e-07,
                6.463523061263995e-06,
                0.9999932337043621
            ],
            [
                0.0,
                1.3500408615127278e-07,
                0.0001266192272502696,
                0.0043152147342653225,
                0.9955580310343982
            ],
            [
                0.0,
                3.630959693117166e-12,
                0.9999999998211346,
                7.501038489675126e-11,
                1.0022404597748801e-10
            ],
            [
                1.789655110031562e-05,
                1.3923234293301804e-05,
                1.942990321008952e-06,
                3.6082913348022723e-06,
                0.9999626289329505
            ],
            [
                1.1535575089836573e-08,
                1.5592487083656095e-08,
                3.704736187577314e-08,
                9.752943175011187e-07,
                0.9999989605302584
            ]
        ],
        [
            [
                1.157630698415871e-08,
                9.923293630929499e-09,
                7.622222942871354e-09,
                4.3303771544073336e-07,
                0.999999537840461
            ],
            [
                4.6327931004632134e-10,
                1.3186358808216143e-08,
                1.3242218077702206e-07,
                5.399018479202509e-06,
                0.999994454909702
            ],
            [
                0.0,
                4.842533192053538e-12,
                0.9999999998104223,
                4.858188895910107e-11,
                1.3615333799457762e-10
            ],
            [
                4.136630226905703e-08,
                6.895978403178491e-08,
                1.9901825748679984e-08,
                1.2444070429670004e-06,
                0.999998625365045
            ],
            [
                2.096632564194021e-06,
                1.5258040309852351e-06,
                6.068328941419473e-08,
                4.31789283844782e-06,
                0.999991998987277
            ]
        ],
        [
            [
                1.1663606938242656e-08,
