{
    "[['A', 'B', 'C', 'D', 'E'], ['A', 'B', 'C', 'D', 'E']]": [
        [
            [
                0.9897053085321673,
                0.010294635206182803,
                5.505372230503369e-08,
                1.1724604161983777e-09,
                3.5467080754411313e-11
            ],
            [
                4.258037521259296e-08,
                0.9998084544245411,
                0.00019150119118251744,
                1.8039012278446277e-09,
                0.0
            ],
            [
                0.0,
                1.0115771071491729e-08,
                0.8584864289507205,
                0.13987513858043882,
                0.0016384223530695667
            ],
            [
                0.0,
                4.686846133124698e-11,
                2.0034700238409743e-09,
                2.218752022359711e-07,
                0.9999997760744593
            ],
            [
                0.0,
                3.7327901466566267e-11,
                7.08558098344019e-10,
                9.896741625608443e-08,
                0.9999999002866977
            ]
        ],
        [
            [
                0.9531317844328876,
                0.04686795961727898,
                2.500597985952053e-07,
                5.837777245156092e-09,
                5.2257629537281684e-11
            ],
            [
                4.3289625397659213e-08,
                0.15737507891584748,
                0.8426248679259714,
                9.868555736094828e-09,
                0.0
            ],
            [
                0.0,
                2.2213590955521317e-10,
                0.9999999885381513,
                9.117126803580847e-09,
                2.122586049017545e-09
            ],
            [
                0.0,
                2.648481161056622e-10,
                5.943375983373458e-09,
                2.0921173135076639e-07,
                0.9999997845800445
            ],
            [
                0.0,
                6.38081529980667e-12,
                8.473389229055953e-11,
                7.322360147572288e-07,
                0.9999992676728705
            ]
        ],
        [
            [
                1.7061974655886564e-06,
                0.999930576589107,
                6.770823540781702e-05,
                8.119743038632198e-09,
                8.582764532772204e-10
            ],
            [
                2.0517997288341465e-08,
                0.999071126459901,
                0.0009288457660502852,
                6.9937311250190206e-09,
                2.62320318898597e-10
            ],
            [
                0.0,
                9.406956587195346e-11,
                0.9999999968458986,
                1.9112613908952882e-09,
                1.1487703254466536e-09
            ],
            [
                0.0,
                8.788574508913114e-11,
                2.097417145551667e-09,
                9.281465761483716e-08,
                0.9999999050000394
            ],
            [
                0.0,
                5.5084421053577113e-11,
                5.368816711443492e-10,
                6.202502750366676e-08,
                0.9999999373830064
            ]
        ],
        [
            [
                0.015631938015617856,
                0.9843670835232622,
                9.617757249332047e-07,
                1.6125754331886543e-08,
                5.596406773070159e-10
            ],
            [
                3.3834329408057003e-08,
                0.5935420679819309,
                0.40645788334827343,
                1.483546634613835e-08,
                0.0
            ],
            [
                0.0,
                2.366239532528196e-10,
                0.9999999438383005,
                5.104530856190902e-08,
                4.879766868247406e-09
            ],
            [
                0.0,
                3.2815207481700554e-11,
                1.0137031383431728e-09,
                4.516879413556125e-07,
                0.9999995472655403
            ],
            [
                0.0,
                1.0749394311420052e-10,
                1.3721420044787413e-09,
                3.322310302144534e-08,
                0.999999965297261
            ]
        ],
        [
            [
                7.301768638770506e-05,
                0.999925987817044,
                9.703826915806263e-07,
                2.3872401012242917e-08,
                2.414755813646652e-10
            ],
            [
                1.600859649700113e-08,
                0.22787715896758376,
                0.7721228128437745,
                1.2180045345706907e-08,
                0.0
            ],
            [
                0.0,
                1.1632647447320574e-10,
                0.9999999948066629,
                3.857909655133472e-09,
                1.2191009066976871e-09
            ],
            [
                0.0,
                1.0272115785854089e-11,
                1.828680048498099e-10,
                3.839229785620243e-08,
                0.9999999614145619
            ],
            [
                0.0,
                1.4844595117191045e-10,
                9.624312560221296e-10,
                6.001555542200862e-08,
                0.9999999388735674
            ]
        ],
        [
            [
                3.7024318970727506e-05,
                0.999962242076051,
                6.941338076765071e-07,
                3.411635177883397e-08,
                5.354818747116225e-09
            ],
            [
                6.600679152390531e-08,
                0.9999470543045075,
                5.2874700989644656e-05,
                4.929845464704105e-09,
                5.7865778695948346e-11
            ],
            [
                0.0,
                4.997076116714751e-10,
                0.9999999443339378,
                4.5691484476022244e-08,
                9.474870230070453e-09
            ],
            [
                0.0,
                7.465028831990806e-11,
                9.788672950631602e-10,
                5.37544929741976e-07,
                0.9999994614015526
            ],
            [
                0.0,
                2.2367101369209297e-11,
                4.701980244308193e-10,
                5.442478356173254e-08,
                0.9999999450826512
            ]
        ],
        [
            [
                0.0007649488348072905,
                0.9992294403675732,
                5.603323360841783e-06,
                6.866562362028142e-09,
                6.076962836300551e-10
            ],
            [
                3.5170393359978944e-08,
                0.9998356655901323,
                0.00016429668100520763,
                2.4244853826960362e-09,
                1.339836773668945e-10
            ],
            [
                0.0,
                3.2100931130974064e-11,
                0.9999999988630346,
                6.378814086154484e-10,
                4.669831871938145e-10
            ],
            [
                0.0,
                1.4523333627430375e-10,
                3.377525159492955e-09,
                1.2355045537035587e-07,
                0.9999998729267862
            ],
            [
                0.0,
                1.8103251393456522e-10,
                9.235136888276514e-10,
                2.80475043881729e-08,
                0.9999999708479494
            ]
        ],
        [
            [
                0.3853012267432586,
                0.6146981295062679,
                6.365041925290955e-07,
                7.080802041756029e-09,
                1.6547901642735145e-10
            ],
            [
                2.6675092235023085e-07,
                0.9999902286589781,
                9.49949495826633e-06,
                4.84607019883731e-09,
                2.490709915363154e-10
            ],
            [
                0.0,
                1.1005484505799603e-10,
                0.9999999838904887,
                1.4259674521180392e-08,
                1.739781877898369e-09
            ],
            [
                0.0,
                2.917381460895853e-11,
                1.0488940732328735e-09,
                1.295873621491848e-07,
                0.9999998693345699
            ],
            [
                0.0,
                1.7061330857841228e-11,
                6.79056230946124e-10,
                1.0194080548459402e-06,
                0.9999989798958275
            ]
        ],
        [
            [
                0.0004539298583861809,
                0.9995435589585233,
                2.4711649222970716e-06,
                3.8896830678463166e-08,
                1.1213375796670304e-09
            ],
            [
                7.533109690183956e-08,
                0.7282955739428416,
                0.2717043461712369,
                4.554824490749678e-09,
                0.0
            ],
            [
                0.0,
                3.276537668834294e-10,
                0.9999999905685372,
                6.1842482323082105e-09,
                2.9195609545618987e-09
            ],
            [
                0.0,
                1.5332910285524792e-10,
                2.81376146625889e-09,
                5.4359320592110666e-08,
                0.9999999426735888
            ],
            [
                0.0,
                1.521811665567666e-10,
                2.760970521097675e-09,
                1.3401238538879746e-07,
                0.9999998630744629
            ]
        ],
        [
            [
                0.02663085644932097,
                0.973368247308117,
                8.94056476867408e-07,
                2.1516245520356326e-09,
                3.4460496231468243e-11
            ],
            [
                2.7742969307884274e-07,
                0.9999932418152687,
                6.479284630630407e-06,
                1.3691981868485651e-09,
                1.0120951314815517e-10
            ],
            [
                0.0,
                3.6677637454348107e-10,
                0.999999981048373,
                1.4462533534768516e-08,
                4.122317002962165e-09
            ],
            [
                0.0,
                3.655288767529602e-11,
                5.465337601763475e-10,
                3.133105565734616e-08,
                0.9999999680858577
            ],
            [
                0.0,
                6.008589996214612e-11,
                5.863887604378106e-10,
                1.5495183493505985e-08,
                0.9999999838583418
            ]
        ],
        [
            [
                0.1202455470239103,
                0.879750882536704,
                3.5232065956152287e-06,
                4.5788062349990744e-08,
                1.4447279566552435e-09
            ],
            [
                1.2997178670851756e-07,
                0.9992562064299225,
                0.0007436589855542413,
                4.476235306480569e-09,
                1.365012512615476e-10
            ],
            [
                0.0,
                3.7088612201346347e-10,
                0.9999999884073608,
                7.98925505617591e-09,
                3.2324977777784028e-09
            ],
            [
                0.0,
                1.3815717626967242e-10,
                2.688056190475713e-09,
                5.05072046649181e-07,
                0.9999994921017399
            ],
            [
                0.0,
                5.6650083690548705e-11,
                5.187848549107791e-10,
                4.723615086631748e-07,
                0.9999995270630564
            ]
        ],
        [
            [
                2.979146740163939e-05,
                0.9999590672532457,
                1.1114266930466702e-05,
                2.5005847069803932e-08,
                2.006575219068204e-09
            ],
            [
                5.331170800130359e-07,
                0.9999977254488206,
                1.7321161366369427e-06,
                8.617659616503652e-09,
                7.003031260996238e-10
            ],
            [
                0.0,
                1.7483644492005725e-09,
                0.9999995502091001,
                4.2168368558801903e-07,
                2.635884973707028e-08
            ],
            [
                0.0,
                1.7111886498513017e-10,
                8.203415454423684e-09,
                7.514381968718558e-08,
                0.999999916481646
            ],
            [
                0.0,
                2.6725734741768667e-11,
                4.2323413357776283e-10,
                3.1747815195072917e-08,
                0.999999967802225
            ]
        ],
        [
            [
                0.001479880123454252,
                0.9985198035098249,
                3.111789546280897e-07,
                5.034274305184412e-09,
                1.534918142992686e-10
            ],
            [
                1.2151092894497885e-07,
                0.02538564724456702,
                0.9746142165726716,
                1.4671832539947507e-08,
                0.0
            ],
            [
                0.0,
                4.262897108601234e-08,
                0.5391173260530726,
                0.4565325969477599,
                0.004350034370196362
            ],
            [
                0.0,
                1.4431264759594798e-11,
                4.785144383118712e-10,
                1.9147388737238752e-07,
                0.999999808033167
            ],
            [
                0.0,
                8.034331086550428e-10,
                1.3585075879884461e-08,
                6.121665029269656e-08,
                0.9999999243948406
            ]
        ],
        [
            [
                3.429495146370035e-06,
                0.9999849422490401,
                1.1614452774440466e-05,
                1.213080054509058e-08,
                1.6722385349824795e-09
            ],
            [
                4.388168958967321e-08,
                0.9999163830295538,
                8.357144141974021e-05,
                1.6473368451635583e-09,
                0.0
            ],
            [
                0.0,
                1.9191508949457834e-10,
                0.9999999212459141,
                7.314400385194948e-08,
                5.418167055538981e-09
            ],
            [
                0.0,
                5.489279659542852e-11,
                6.155930016436541e-10,
                4.999514946103131e-07,
                0.9999994993780196
            ],
            [
                9.546642559700007e-11,
                2.8941016971727346e-09,
                1.4379933374740085e-08,
                4.501057261967988e-08,
                0.9999999376199259
            ]
        ],
        [
            [
                0.00628259562327462,
                0.993717044535717,
                3.567489949842829e-07,
                2.8859157547636486e-09,
                2.0609756096945623e-10
            ],
            [
                2.252445743226815e-09,
                0.0030223613237594688,
                0.996977633608659,
                2.8151357199641473e-09,
                0.0
            ],
            [
                0.0,
                6.923820249487018e-10,
                0.9999990478655053,
                9.0526587341649e-07,
                4.617623918401342e-08
            ],
            [
                0.0,
                9.360266030237416e-10,
                3.4279549203569385e-08,
                6.853367143926922e-07,
                0.9999992794477097
            ],
            [
                0.0,
                2.1064767394202131e-10,
                3.298750140234485e-09,
                1.9949030708550887e-06,
                0.9999980015875313
            ]
        ],
        [
            [
                1.6693483585780724e-05,
                0.9999793536050945,
                3.948499460325457e-06,
                3.9151888332968185e-09,
                4.966707327406624e-10
            ],
            [
                4.960958384438139e-07,
                0.9999993560611848,
                1.4686454176510275e-07,
                9.224961071819734e-10,
                5.593906371692706e-11
            ],
            [
                0.0,
                3.271766506260716e-10,
                0.9999999838511002,
                1.3887991329003127e-08,
                1.9337316965325145e-09
            ],
            [
                0.0,
                2.549924747120738e-11,
                2.909775033701566e-10,
                8.779335169553134e-07,
                0.9999991217500062
            ],
            [
                7.38636603147846e-11,
                2.2325058809480028e-09,
                2.112929304316085e-08,
                4.461900277701938e-08,
                0.9999999319453347
            ]
        ],
        [
            [
                0.01767773840839611,
                0.9823215018118095,
                7.542572156059924e-07,
                5.309661452068421e-09,
                2.1291737717749898e-10
            ],
            [
                1.6787043921138027e-08,
                0.46349734813992544,
                0.5365026039042166,
                3.116881411696228e-08,
                0.0
            ],
            [
                0.0,
                5.752313023127505e-10,
                0.9999999215491767,
                6.591368868193522e-08,
                1.196190331893339e-08
            ],
            [
                0.0,
                3.1029370576762804e-11,
                7.935519218119093e-10,
                3.764986722285747e-08,
                0.9999999615255514
            ],
            [
                0.0,
                6.370518355134099e-11,
                6.046866233688382e-10,
                2.7811621453310547e-06,
                0.9999972181694629
            ]
        ],
        [
            [
                1.515818969561414e-05,
                0.9999833170923104,
                1.5099402626633268e-06,
                1.3108020085448304e-08,
                1.6697112132191183e-09
            ],
            [
                7.759710984065951e-10,
                3.234069110100059e-06,
                0.9999967633427823,
                1.8121363167483597e-09,
                0.0
            ],
            [
                0.0,
                1.2736839798996114e-10,
                0.999999997208807,
                1.5877132362622655e-09,
                1.0761113630710581e-09
            ],
            [
                0.0,
                9.624312230832992e-10,
                1.7383465705775354e-08,
                7.922608796747139e-07,
                0.9999991893932234
            ],
            [
                0.0,
                7.118721061006346e-12,
                1.3714845598869815e-10,
                3.349070097532302e-08,
                0.9999999663650319
            ]
        ],
        [
            [
                1.6471156809060886e-05,
                0.9999833349629492,
                1.895436958362527e-07,
                3.923539254230408e-09,
                4.1300671150247135e-10
            ],
            [
                8.832910451649637e-10,
                9.919060114411105e-06,
                0.9999900784763738,
                1.5802206921305924e-09,
                0.0
            ],
            [
                0.0,
                6.422054327542033e-10,
                0.9997318637557004,
                0.00026437374456866333,
                3.7618575253779125e-06
            ],
            [
                0.0,
                7.347331794950752e-11,
                2.3742428606310236e-09,
                6.936030961597458e-07,
                0.9999993039491877
            ],
            [
                0.0,
                4.838849412159257e-12,
                8.980427910408695e-11,
                9.009006458681441e-08,
                0.9999999098152922
            ]
        ],
        [
            [
                0.9999778819057823,
                2.2089621773321155e-05,
                2.742560185344026e-08,
                1.0285654942585997e-09,
                1.827702929513831e-11
            ],
            [
                2.051534722368518e-07,
                0.9999983608078185,
                1.4288412675834345e-06,
                5.044404836516659e-09,
                1.5303694285137668e-10
            ],
            [
                0.0,
                2.703777140802685e-08,
                0.8823535774849366,
                0.11755964809779412,
                8.67473794979457e-05
            ],
            [
                0.0,
                9.266415931347016e-11,
                2.243313494998941e-09,
                2.479647918530891e-07,
                0.9999997496992304
            ],
            [
                0.0,
                1.130032502949637e-10,
                3.495056745346465e-09,
                2.290327945434824e-08,
                0.9999999734886604
            ]
        ],
        [
            [
                0.6855452838040382,
                0.31444555944362124,
                8.794884603199764e-06,
                3.548779274474397e-07,
                6.9898100661218055e-09
            ],
            [
                2.0180561932081712e-08,
                0.9991027682374095,
                0.0008972095517750899,
                1.9754284380282175e-09,
                5.482509553511268e-11
            ],
            [
                0.0,
                2.2167541004216784e-10,
                0.9999998598956834,
                1.290736539031968e-07,
                1.0808987215115378e-08
            ],
            [
                0.0,
                1.023802792505147e-10,
                4.236858412312354e-09,
                1.5685231194243363e-07,
                0.9999998388084493
            ],
            [
                0.0,
                2.1010586998571543e-11,
                3.3673861342246834e-10,
                2.9926443213992426e-07,
                0.9999997003778186
            ]
        ],
        [
            [
                0.8229859826497979,
                0.17701258729175334,
                1.4192343532009428e-06,
                1.0651949416665298e-08,
                1.7214612893774388e-10
            ],
            [
                7.414635501118041e-08,
                0.830266083354023,
                0.16973381723368675,
                2.5265935058883347e-08,
                0.0
            ],
            [
                0.0,
                2.692469215889741e-09,
                0.999999899969731,
                8.274180387887535e-08,
                1.459599593981057e-08
            ],
            [
                0.0,
                2.974133122336724e-11,
                3.4167827074492665e-10,
                4.6135898922145685e-07,
                0.9999995382695912
            ],
            [
                0.0,
                6.325441129758392e-11,
                1.2069933461518996e-09,
                6.405218775709977e-07,
                0.9999993582078746
            ]
        ],
        [
            [
                0.0006401052142597877,
                0.9993592138392262,
                6.730708301581822e-07,
                7.463071530127387e-09,
                4.126122380098299e-10
            ],
            [
                9.911546097556598e-09,
                0.9842582379494295,
                0.015741743913519984,
                7.948141257533472e-09,
                2.773631401982491e-10
            ],
            [
                0.0,
                7.806022287344679e-11,
                0.999999997801625,
                1.3030612907744315e-09,
                8.17253556530394e-10
            ],
            [
                0.0,
                8.602656762218828e-11,
                1.9750027582593843e-09,
                1.6001002454734183e-07,
                0.9999998379289462
            ],
            [
                0.0,
                6.616954339347085e-11,
                3.406541963413136e-09,
                1.3194811265254597e-08,
                0.9999999833324772
            ]
        ],
        [
            [
                6.095415142247518e-06,
                0.9999933098244085,
                5.896539560432862e-07,
                4.875673526221187e-09,
                2.308196433906688e-10
            ],
            [
                3.633828317626186e-08,
                0.9999931685488592,
                6.791851414914071e-06,
                3.2106902300800725e-09,
                5.075253049131628e-11
            ],
            [
                0.0,
                1.3472273188936997e-10,
                0.9999999892473975,
                8.104951050461898e-09,
                2.5129287004785462e-09
            ],
            [
                0.0,
                1.787333525092077e-11,
                2.44477248902797e-10,
                1.018075508246577e-07,
                0.9999998979300986
            ],
            [
                0.0,
                8.718085507421585e-11,
                2.701321803140911e-09,
                1.1795806041347704e-08,
                0.9999999854156914
            ]
        ],
        [
            [
                1.4132948430083101e-05,
                0.9999830780376742,
                2.772251511115682e-06,
                1.4020803979532131e-08,
                2.741580629827685e-09
            ],
            [
                1.6612375385379578e-07,
                0.9999602427301518,
                3.958847616670762e-05,
                2.5743076159871034e-09,
                9.561985544068595e-11
            ],
            [
                0.0,
                2.3233200593936923e-10,
                0.9999999915610952,
                5.926497697609429e-09,
                2.280075234938189e-09
            ],
            [
                0.0,
                9.952189819325452e-11,
                3.4849056861597203e-09,
                6.621709076795835e-07,
                0.9999993342446647
            ],
            [
                0.0,
                1.4458491839661913e-10,
                1.15456720225879e-09,
                3.834986934261016e-07,
                0.9999996152021544
            ]
        ],
        [
            [
                0.004809775460621559,
                0.9951877987003693,
                2.4168916114328053e-06,
                8.625223289125923e-09,
                3.2217427135673516e-10
            ],
            [
                1.1296592313021196e-07,
                0.9999929184075431,
                6.965498850006015e-06,
                2.990814952265344e-09,
                1.3686883820044763e-10
            ],
            [
                0.0,
                7.64614289797412e-10,
                0.9999997836719812,
                1.995859224186996e-07,
                1.5977482129169205e-08
            ],
            [
                0.0,
                6.016308163593745e-11,
                9.899695776403375e-10,
                7.2345581170148e-06,
                0.9999927643917502
            ],
            [
                0.0,
                5.642836609777189e-11,
                5.590624373474343e-10,
                9.363847181651588e-08,
                0.9999999057460374
            ]
        ],
        [
            [
                0.990835486571544,
                0.009164333164525173,
                1.749483780495206e-07,
                5.199193677751648e-09,
                1.1635910216221442e-10
            ],
            [
                2.1829049651353052e-08,
                0.029983980739941934,
                0.9700159878314051,
                9.5996033879417e-09,
                0.0
            ],
            [
                0.0,
                9.481748980892451e-11,
                0.9999999981958665,
                1.3181296937700888e-09,
                3.911865241034087e-10
            ],
            [
                0.0,
                1.461559250739e-10,
                2.647229851041084e-09,
                8.699200377086312e-07,
                0.9999991272865766
            ],
            [
                4.876784906894475e-11,
                3.186500770443354e-09,
                1.1812805444970478e-08,
                6.477258568870713e-08,
                0.9999999201793403
            ]
        ],
        [
            [
                0.00013949132189795374,
                0.999858613978812,
                1.8764325626026768e-06,
                1.6689256044533118e-08,
                1.5774713125770973e-09
            ],
            [
                2.4897136739932484e-09,
                0.0035470913959927577,
                0.9964529030107436,
                3.1035499120099917e-09,
                0.0
            ],
            [
                0.0,
                2.4375879520444534e-10,
                0.9999999951337812,
                3.6407919489149235e-09,
                9.816680609719883e-10
            ],
            [
                0.0,
                6.475086821183012e-11,
                8.749841617302924e-10,
                4.521493157759591e-06,
                0.9999954775671073
            ],
            [
                0.0,
                1.6371068818902375e-09,
                4.378103484377176e-08,
                8.756461681512252e-08,
                0.9999998670172414
            ]
        ],
        [
            [
                0.9602500731656185,
                0.0397495606466595,
                3.5504282039058054e-07,
                1.0921496565376364e-08,
                2.234051002198278e-10
            ],
            [
                8.273182338597702e-09,
                0.0034847684756299058,
                0.9965152161944114,
                7.0567762531944836e-09,
                0.0
            ],
            [
                0.0,
                3.33424178050399e-10,
                0.9999999345697357,
                6.124584825006068e-08,
                3.850991858017193e-09
            ],
            [
                0.0,
                9.952189913876911e-11,
                1.2884502651282207e-09,
                5.88202968897773e-08,
                0.999999939791731
            ],
            [
                0.0,
                2.8316115120343013e-11,
                7.859975294342126e-10,
                6.796992574108301e-09,
                0.9999999923886939
            ]
        ],
        [
            [
                4.445077245495064e-06,
                0.9999928389698345,
                2.694888011558366e-06,
                1.9245669254433705e-08,
                1.8192392448423012e-09
            ],
            [
                1.3543673421570406e-09,
                5.465448007688935e-06,
                0.999994530309264,
                2.888360890962273e-09,
                0.0
            ],
            [
                0.0,
                1.2891679117920339e-09,
                0.9999999425156125,
                4.4141752324702754e-08,
                1.205346725836626e-08
            ],
            [
                0.0,
                4.3905986479469196e-11,
                2.03449607017648e-09,
                3.4951905237347916e-05,
                0.9999650460163606
            ],
            [
                0.0,
                1.3950525999151364e-10,
                1.981526706953644e-09,
                3.873866238478328e-07,
                0.9999996104923441
            ]
        ],
        [
            [
                0.88277515813464,
                0.11722201908711048,
                2.7842593408265107e-06,
                3.61968233798258e-08,
                2.322085317565067e-09
            ],
            [
                2.253667351363692e-08,
                0.9999453533979399,
                5.462271892182679e-05,
                1.3126176391529437e-09,
                3.384692814276993e-11
            ],
            [
                0.0,
                8.001108738173712e-08,
                0.09217135798104133,
                0.8872351106236464,
                0.020593451384224852
            ],
            [
                0.0,
                9.214124185601625e-11,
                1.6983165364714668e-09,
                2.7466288424017014e-07,
                0.9999997235466581
            ],
            [
                0.0,
                2.9741330830872337e-11,
                2.873555914388945e-10,
                2.3619167778093946e-07,
                0.9999997634912253
            ]
        ],
        [
            [
                2.407303914637503e-06,
                0.9999972495659553,
                3.399830451923848e-07,
                2.765107557263256e-09,
                3.8197749709338006e-10
            ],
            [
                5.366927917351872e-08,
                0.8916209001523017,
                0.10837902190451329,
                2.330379107588175e-08,
                9.701147349578377e-10
            ],
            [
                0.0,
                1.3380555796451913e-08,
                0.023274343066326687,
                0.9587180735367108,
                0.01800757001640669
            ],
            [
                0.0,
                8.42158882947009e-11,
                1.4910237007584002e-09,
                7.504527695827285e-08,
                0.9999999233794835
            ],
            [
                0.0,
                6.155836381112853e-10,
                5.815273217472918e-09,
                8.847926865921583e-08,
                0.9999999050898745
            ]
        ],
        [
            [
                0.9997948590692571,
                0.00020506124928208795,
                7.836406486821807e-08,
                1.261674923417156e-09,
                5.572108461927397e-11
            ],
            [
                1.1039538735243849e-07,
                0.9999971177621813,
                2.770240215428018e-06,
                1.500712842701379e-09,
                1.0150298149144095e-10
            ],
            [
                0.0,
                8.691321692479945e-11,
                0.9999999907053617,
                8.096808279634087e-09,
                1.1109168756835208e-09
            ],
            [
                0.0,
                5.004933454259577e-11,
                1.1436654165530068e-09,
                4.8835123992917064e-08,
                0.9999999499711613
            ],
            [
                0.0,
                1.4205746712678375e-10,
                2.163723833752501e-09,
                1.3031210102792951e-07,
                0.9999998673821178
            ]
        ],
        [
            [
                0.871039827698161,
                0.12895981128854264,
                3.4253228470311984e-07,
                1.8162273662621813e-08,
                3.187380505294611e-10
            ],
            [
                1.3575032708347947e-07,
                0.9963183730782202,
                0.003681487958425007,
                3.037792001967123e-09,
                1.7523564700870717e-10
            ],
            [
                0.0,
                3.2434170089302996e-09,
                0.9989661560841944,
                0.0010299669072718891,
                3.873765116745458e-06
            ],
            [
                0.0,
                4.657065695966813e-11,
                2.8642442017230926e-09,
                1.4923233798892523e-06,
                0.9999985047658052
            ],
            [
                0.0,
                3.789100299574206e-11,
                4.6145374309387713e-10,
                4.645007568683629e-08,
                0.9999999530505796
            ]
        ],
        [
            [
                0.00015019337879504063,
                0.9998492578897581,
                5.433810379605886e-07,
                4.563520246158512e-09,
                7.868885931900402e-10
            ],
            [
                2.0896275614343192e-08,
                0.020173340504885298,
                0.97982663513276,
                3.4660790793973147e-09,
                0.0
            ],
            [
                0.0,
                1.285177791311503e-10,
                0.9999999799963677,
                1.72483502381658e-08,
                2.626764263531265e-09
            ],
            [
                0.0,
                1.376164558530534e-10,
                3.1929252115904367e-09,
                6.001958862996814e-07,
                0.9999993964735722
            ],
            [
                1.5704358307778267e-11,
                6.870567507879175e-10,
                5.948308983934283e-09,
                1.3072746767875498e-07,
                0.9999998626214621
            ]
        ],
        [
            [
                0.0001045272950816312,
                0.9998946503156679,
                8.123477435412954e-07,
                9.265347691650251e-09,
                7.761591254883083e-10
            ],
            [
                2.008877851415708e-08,
                0.002410354938329043,
                0.9975896044323799,
                2.05405124691005e-08,
                0.0
            ],
            [
                0.0,
                2.4568855867119974e-09,
                0.9998916658968943,
                0.00010667138173748296,
                1.6602644826758644e-06
            ],
            [
                0.0,
                3.434323865671654e-11,
                6.594115627635181e-10,
                5.619275583125028e-06,
                0.9999943800306621
            ],
            [
                0.0,
                1.8513022075172932e-10,
                2.504889467622295e-09,
                5.8593325090423455e-08,
                0.9999999387166553
            ]
        ],
        [
            [
                3.9524944889164946e-07,
                0.9998851111320041,
                0.00011446415868104676,
                2.649079709769696e-08,
                2.969068750410376e-09
            ],
            [
                2.4866966868159265e-08,
                0.05444338297049091,
                0.9455565443258166,
                4.65867181923809e-08,
                1.2500074525381118e-09
            ],
            [
                0.0,
                1.745596419270191e-08,
                0.98790019677671,
                0.011589145346214781,
                0.0005106404211110948
            ],
            [
                5.2796131792880855e-11,
                2.999115320877277e-09,
                5.100618808133602e-08,
                4.837299685382572e-08,
                0.9999998975689036
            ],
            [
                0.0,
                4.1589441500136647e-10,
                5.891862793169706e-09,
                5.867966552225728e-08,
                0.9999999350125772
            ]
        ],
        [
            [
                0.030893188059351415,
                0.9690937495861688,
                1.296307586529082e-05,
                9.692131553150377e-08,
                2.3572990396096568e-09
            ],
            [
                1.8190284845974772e-08,
                0.9998844597138581,
                0.00011551924203745749,
                2.7549999006080378e-09,
                9.881994486952365e-11
            ],
            [
                0.0,
                2.4119662631639845e-10,
                0.9999999921181474,
                5.409069891484736e-09,
