{
    "[['A', 'B', 'C', 'D', 'E'], ['A', 'B', 'C', 'D', 'E']]": [
        [
            [
                6.170254779492364e-08,
                5.051725310861476e-08,
                5.067395208369716e-07,
                3.1596028704756535e-05,
                0.9999677850119735
            ],
            [
                2.601924678463649e-05,
                1.0307385999181359e-05,
                0.0005223683756088389,
                3.5950143364572804e-05,
                0.9994053548482427
            ],
            [
                0.0,
                2.1755072558515002e-11,
                0.9999999993138451,
                3.7001491542324425e-10,
                2.943850061410389e-10
            ],
            [
                3.639438397351188e-07,
                1.9966054943734922e-07,
                1.3726605508367146e-05,
                8.93450060154324e-06,
                0.9999767752895009
            ],
            [
                3.8043571696673547e-08,
                2.7343752148216787e-08,
                3.2232506307958297e-07,
                8.333653782634494e-06,
                0.9999912786338304
            ]
        ],
        [
            [
                3.874132482241276e-07,
                1.1778254137198306e-07,
                7.278234791963062e-07,
                2.9851221694557683e-05,
                0.9999689157590367
            ],
            [
                0.9999761295735741,
                2.3149480076621646e-05,
                2.665708639070651e-07,
                2.9464553461828313e-07,
                1.5972995071740423e-07
            ],
            [
                0.0,
                1.1365051707470458e-12,
                0.9999999999872946,
                4.488873543660711e-12,
                7.080102311283564e-12
            ],
            [
                1.9869787699750994e-07,
                2.4080386305886975e-08,
                1.5311564923584938e-06,
                6.866294941048705e-05,
                0.9999295831158339
            ],
            [
                6.641117896256137e-07,
                1.0859311189831978e-07,
                3.937451852755298e-06,
                1.4338448374903428e-05,
                0.9999809513948709
            ]
        ],
        [
            [
                2.191640768291368e-08,
                1.2055772426281925e-07,
                0.9999930116294269,
                6.675645102226027e-06,
                1.7025133912320525e-07
            ],
            [
                2.625483354811945e-06,
                1.42374846707257e-06,
                0.0006118268312661154,
                2.0829038255985687e-05,
                0.999363294898656
            ],
            [
                0.0,
                1.657561956320149e-12,
                0.9999999998967957,
                3.72721237495172e-11,
                6.427455019442515e-11
            ],
            [
                6.533142360763923e-08,
                3.702526980956196e-07,
                0.00012655115062737963,
                0.0004161630873770627,
                0.9994568501778738
            ],
            [
                1.7565570206601904e-09,
                2.4918136185719516e-09,
                8.349054324733531e-08,
                1.6804648530547792e-06,
                0.999998231796233
            ]
        ],
        [
            [
                9.99176077563608e-07,
                1.645134206331219e-07,
                9.881062115816468e-07,
                1.8447785963455917e-05,
                0.9999794004183268
            ],
            [
                6.59600995725572e-08,
                7.209590909947502e-08,
                2.0219769458949187e-06,
                2.9877182949736647e-06,
                0.9999948522487504
            ],
            [
                0.0,
                8.453368233130509e-12,
                0.9999999997289817,
                9.788088639707818e-11,
                1.646839722784214e-10
            ],
            [
                2.311658630001182e-07,
                4.1973354934702546e-08,
                8.341800161199513e-07,
                1.9682030999143356e-06,
                0.999996924477666
            ],
            [
                1.3156669489306101e-07,
                4.0567290520602723e-08,
                2.785996274482147e-06,
                7.584141197918517e-07,
                0.9999962834556203
            ]
        ],
        [
            [
                1.7168019361054766e-06,
                2.92815214200392e-07,
                1.0419277660533856e-06,
                3.977967319802472e-05,
                0.9999571687818857
            ],
            [
                6.0769654774382536e-09,
                6.336197489790839e-08,
                0.9997471517343292,
                5.23707621967447e-06,
                0.00024754175051070284
            ],
            [
                0.0,
                3.9017662649418206e-11,
                0.9999999994743087,
                2.507966772596479e-10,
                2.358768525175312e-10
            ],
            [
                6.13908453356611e-05,
                3.925996720346806e-06,
                1.0175397371641195e-05,
                1.2023177265587905e-05,
                0.9999124845833067
            ],
            [
                0.001727805262052626,
                1.4298301470551701e-05,
                1.2753791245498448e-05,
                0.000138233508867719,
                0.9981069091363635
            ]
        ],
        [
            [
                0.057702810997355226,
                7.33141669965251e-05,
                0.00010289566005795535,
                0.003118141040766062,
                0.9390028381348242
            ],
            [
                1.4236685134290894e-06,
                2.534052776444237e-06,
                0.14205612698519743,
                0.00030562986073705923,
                0.8576342854327756
            ],
            [
                0.0,
                4.779598149440235e-10,
                0.9999999896749171,
                6.9647113166287345e-09,
                2.8824116071094088e-09
            ],
            [
                3.5685822272718863e-07,
                6.628269660809164e-08,
                2.9688539289377653e-07,
                5.867283740578108e-06,
                0.9999934126899472
            ],
            [
                3.14166898255215e-06,
                2.5852165889830485e-07,
                1.6303015207513962e-07,
                2.4333632871435723e-06,
                0.9999940034159194
            ]
        ],
        [
            [
                7.747005883681467e-05,
                4.098888823617892e-06,
                3.6690782760769406e-05,
                3.5109258320020944e-05,
                0.9998466310112587
            ],
            [
                1.3574585032980653e-08,
                4.94956709386755e-08,
                5.175976490537724e-05,
                0.0020609947805753782,
                0.9978871823842632
            ],
            [
                0.0,
                1.0886933637914293e-11,
                0.9999999996067226,
                1.497375426416034e-10,
                2.326530614438812e-10
            ],
            [
                3.481737884090311e-08,
                5.0743120263194906e-08,
                1.246783447178792e-05,
                0.002931751357424026,
                0.9970556952476051
            ],
            [
                1.90971722598142e-08,
                4.877142900671411e-09,
                4.1438322105003e-08,
                1.5367431221341596e-06,
                0.9999983978442407
            ]
        ],
        [
            [
                2.2568335251678985e-06,
                1.117834943027014e-06,
                1.7390920289027413e-05,
                0.007346198428489167,
                0.9926330359827537
            ],
            [
                0.0015004005155507625,
                0.012828270981162545,
                0.9770757191770141,
                0.00015551783057828734,
                0.008440091495694337
            ],
            [
                0.0,
                1.4485535965777945e-11,
                0.9999999994411124,
                3.597179597249203e-10,
                1.8468406693309128e-10
            ],
            [
                3.707091846199262e-07,
                7.14455718847083e-07,
                3.921783265456951e-06,
                1.3802110248918567e-05,
                0.9999811909415821
            ],
            [
                2.0762995679481073e-07,
                2.868869743639389e-07,
                9.104411832821902e-06,
                7.451177784631686e-06,
                0.9999829498934515
            ]
        ],
        [
            [
                3.51353301206793e-08,
                3.51353301206793e-08,
                7.4174584285473714e-06,
                0.0011675890886088827,
                0.9988249231823024
            ],
            [
                0.27473071550334643,
                0.7252674272030805,
                1.7392635472548445e-06,
                9.70661641309086e-08,
                2.0963861555056833e-08
            ],
            [
                0.0,
                3.8683097710758644e-11,
                0.9999999994701767,
                3.006347261181399e-10,
                1.905055043820447e-10
            ],
            [
                2.2901632382557884e-07,
                7.212042201888495e-07,
                0.01579007696062041,
                0.00023860295606369322,
                0.9839703698627719
            ],
            [
                4.595173867950448e-05,
                2.300520485544657e-06,
                3.246494684299294e-06,
                1.050768441534205e-05,
                0.9999379935617354
            ]
        ],
        [
            [
                0.9999966382314769,
                2.738655356485022e-06,
                1.0074781556437623e-07,
                5.018106128412792e-07,
                2.0554738151998653e-08
            ],
            [
                1.6768586946199277e-07,
                3.1308102590479986e-07,
                2.9169535295328894e-05,
                1.532319948822858e-05,
                0.9999550264983211
            ],
            [
                0.0,
                1.0160234946342655e-10,
                0.9999999961031365,
                2.06511233773632e-09,
                1.730148889638639e-09
            ],
            [
                8.972536647570436e-07,
                9.855169313709385e-08,
                1.47202496340952e-07,
                1.0373344199247703e-06,
                0.9999978196577258
            ],
            [
                3.134132582747482e-05,
                1.0736466830585815e-06,
                3.182323790348706e-06,
                3.7152375300284167e-06,
                0.9999606874661691
            ]
        ],
        [
            [
                1.2364452392264184e-07,
                4.1682239196282305e-08,
                1.0086664845838333e-07,
                6.395251969862105e-07,
                0.9999990942813914
            ],
            [
                0.9999735578481472,
                2.547509342632293e-05,
                2.0185616918346398e-07,
                6.887162456114854e-07,
                7.648601164174737e-08
            ],
            [
                0.0,
                3.064266791438851e-11,
                0.9999999988827866,
                3.6579968437156345e-10,
                7.207712943572794e-10
            ],
            [
                1.5289201906406346e-07,
                4.9359253858836844e-08,
                1.5612925207755507e-05,
                5.7867739673185245e-06,
                0.999978398049552
            ],
            [
                0.0002580717853423764,
                1.5011525978648022e-05,
                9.95358207339375e-06,
                1.8740265080111046e-05,
                0.9996982228415254
            ]
        ],
        [
            [
                0.9999904550867368,
                7.030444387040185e-07,
                7.927706173245202e-08,
                6.018234131299439e-06,
                2.7443576315227964e-06
            ],
            [
                1.0023466144250473e-08,
                4.55312184107442e-07,
                0.9989079134733991,
                2.1932730583542044e-05,
                0.0010696884603671165
            ],
            [
                0.0,
                4.411340741618543e-11,
                0.9999999980976932,
                8.87799114082108e-10,
                9.703941482876018e-10
            ],
            [
                1.3624180541070674e-06,
                5.357904137739053e-07,
                3.943361010277418e-05,
                3.689766813143335e-05,
                0.9999217705132978
            ],
            [
                6.807830065751183e-08,
                2.268632900021456e-08,
                3.9124235183706555e-07,
                4.612369315667223e-06,
                0.9999949056237029
            ]
        ],
        [
            [
                0.9994548487457419,
                0.0005450270737464053,
                1.120312553578169e-07,
                1.1106251388343972e-08,
                1.0430049440696694e-09
            ],
            [
                0.0655611038510752,
                0.9344385334942066,
                2.681841962353849e-07,
                7.181770360883779e-08,
                2.2652818319531082e-08
            ],
            [
                0.0,
                1.0798899671247808e-10,
                0.9999999992261439,
                3.273732873033748e-10,
                3.3849400278503236e-10
            ],
            [
                7.4645231257767e-09,
                1.2646486285503924e-08,
                1.4811844320538041e-06,
                4.2409014680229336e-05,
                0.9999560896898784
            ],
            [
                0.00011418276329272977,
                3.5162078721733496e-06,
                4.647396118301472e-06,
                0.0003081135867989719,
                0.9995695400459179
            ]
        ],
        [
            [
                2.37882566979646e-07,
                3.286256258657721e-07,
                1.1406103206249166e-05,
                0.0001651282796697374,
                0.9998228991089312
            ],
            [
                1.395141293435183e-07,
                2.7718391667866377e-06,
                0.9948719424350035,
                0.0010388773987378716,
                0.004086268812962416
            ],
            [
                0.0,
                1.6137360026144345e-11,
                0.9999999995844275,
                2.2080697244400992e-10,
                1.7862813109173321e-10
            ],
            [
                1.9522475390866378e-08,
                2.4248521140015195e-08,
                8.130421568309638e-07,
                0.00011954787996530924,
                0.9998795953068813
            ],
            [
                1.7096921002524997e-07,
                8.753890007089541e-08,
                1.3318213679648012e-06,
                1.1894304924601096e-05,
                0.9999865153655974
            ]
        ],
        [
            [
                0.00021780371901420907,
                0.012070765093549962,
                0.7825012552021616,
                0.0004343003912478362,
                0.20477587559402638
            ],
            [
                4.103693515792181e-07,
                2.0289131786466164e-06,
                0.003967170404812088,
                0.000975783744448542,
                0.9950546065682092
            ],
            [
                0.0,
                4.832358608747903e-11,
                0.9999999992077082,
                3.554186367593582e-10,
                3.885496779246446e-10
            ],
            [
                1.111070090154889e-06,
                3.386609806554129e-06,
                3.586244823366113e-05,
                5.632213840557708e-05,
                0.999903317733464
            ],
            [
                3.4931445566957524e-05,
                5.211378326004854e-06,
                3.068866046664256e-06,
                8.244230252351207e-05,
                0.999874346007537
            ]
        ],
        [
            [
                1.0233163876499623e-07,
                2.7248842530377102e-08,
                1.105364087470663e-06,
                1.9924704486346542e-05,
                0.9999788403509449
            ],
            [
                7.798068257402809e-09,
                2.838376258268216e-07,
                0.9999988586170945,
                3.4620554783499123e-07,
                5.03541663559199e-07
            ],
            [
                0.0,
                9.341017411279788e-11,
                0.9999999974234817,
                1.4193431069452675e-09,
                1.0637649923245164e-09
            ],
            [
                9.079971552503791e-07,
                0.008052626776807013,
                0.9466858829900832,
                0.0030650783418452385,
                0.04219550389410942
            ],
            [
                1.1528156782908386e-07,
                2.2534868560636348e-08,
                3.552798850204395e-07,
                3.577943474483486e-05,
                0.9999637274689337
            ]
        ],
        [
            [
                3.3263908580908037e-06,
                4.767255104269109e-07,
                3.264378784053567e-07,
                5.290710188069253e-06,
                0.9999905797355652
            ],
            [
                4.078629400774928e-09,
                6.05998916601958e-08,
                0.9999508132237018,
                4.3334512089218674e-05,
                5.787585687901225e-06
            ],
            [
                0.0,
                2.2545281890399783e-11,
                0.9999999996146025,
                1.5976856030665294e-10,
                2.030835198392596e-10
            ],
            [
                3.0515176110065344e-07,
                1.7969835843242e-07,
                3.490400854885521e-05,
                0.00044258208996791865,
                0.9995220290513638
            ],
            [
                2.714484541461885e-07,
                4.966143702575286e-08,
                6.342521135857598e-08,
                1.9673565257276523e-06,
                0.9999976481083718
            ]
        ],
        [
            [
                6.07059227834229e-06,
                8.150435910137237e-07,
                5.105804770982669e-07,
                3.98748401635372e-06,
                0.9999886162996372
            ],
            [
                1.2501677747672791e-08,
                6.682562468123119e-08,
                3.6093016759147e-05,
                0.00011620485927031999,
                0.999847622796668
            ],
            [
                0.0,
                2.824426702599613e-11,
                0.9999999991708701,
                2.87596850283159e-10,
                5.13288784731044e-10
            ],
            [
                3.047672627954309e-07,
                8.374700137966764e-08,
                2.8745704113829363e-06,
                1.354736949148701e-05,
                0.9999831895458329
            ],
            [
                1.328391926852391e-07,
                4.6895982256294646e-08,
                2.765914676051735e-07,
                6.383932737426044e-06,
                0.99999315974062
            ]
        ],
        [
            [
                2.092386790648117e-05,
                4.421548917135075e-06,
                3.932779537977945e-06,
                1.4818577978199085e-05,
                0.9999559032256602
            ],
            [
                0.6922660698055653,
                0.00024556712199499557,
                2.980374358856937e-05,
                0.30643048947436863,
                0.0010280698544825508
            ],
            [
                0.0,
                5.854184612599184e-11,
                0.9999999978590233,
                1.2633774835449799e-09,
                8.190575028991916e-10
            ],
            [
                1.6113002381392975e-07,
                2.811926830694522e-07,
                1.3939230680385716e-05,
                1.6655985725497966e-05,
                0.9999689624608873
            ],
            [
                1.1501253462452171e-07,
                1.8220356878760298e-08,
                7.547404848468917e-08,
                1.3044683359961526e-06,
                0.999998486824724
            ]
        ],
        [
            [
                2.2826569221323108e-06,
                4.87379575932952e-07,
                2.0878151301300833e-06,
                0.00042900227098451087,
                0.9995661398773873
            ],
            [
                3.255425370372924e-07,
                2.1731998368364314e-05,
                0.9999508157223118,
                8.537238947118397e-06,
                1.8589497835713027e-05
            ],
            [
                0.0,
                7.289834436132224e-11,
                0.9999999966717135,
                1.3590329375184932e-09,
                1.8963552830448906e-09
            ],
            [
                9.114184506166074e-06,
                1.002884949016157e-06,
                1.8903524971693893e-06,
                7.829672714170196e-05,
                0.999909695850906
            ],
            [
                2.4551955733623467e-08,
                5.101542857127983e-08,
                1.2961783048772367e-06,
                4.026326674144889e-06,
                0.9999946019276367
            ]
        ],
        [
            [
                1.2526132625527175e-06,
                7.915638236937858e-07,
                2.7180287776411862e-05,
                5.775172113538466e-05,
                0.9999130238140019
            ],
            [
                2.833289621324594e-05,
                0.0002581020507835124,
                0.9981305274982176,
                1.5867295870072246e-05,
                0.0015671702589154612
            ],
            [
                0.0,
                0.0,
                0.9999999993425703,
                4.2395725724260857e-10,
                2.334723326766664e-10
            ],
            [
                5.472196467356286e-08,
                1.0888118836591516e-07,
                4.927840719995943e-06,
                0.00036480374441519504,
                0.9996301048117117
            ],
            [
                4.978029345901003e-07,
                5.6860935947650235e-08,
                4.3578252406853485e-08,
                1.099161927218513e-06,
                0.9999983025959499
            ]
        ],
        [
            [
                7.4363377073664e-05,
                4.956222773467248e-06,
                4.686172052696677e-05,
                9.127989607108925e-06,
                0.9998646906900187
            ],
            [
                1.3745414460775938e-09,
                6.295538021516971e-07,
                0.9999991554655526,
                3.792258569623367e-08,
                1.7568351827404724e-07
            ],
            [
                0.0,
                9.831754913526594e-12,
                0.9999999998610072,
                7.423312939993114e-11,
                5.492809303555891e-11
            ],
            [
                1.1462610314649126e-07,
                1.0310492236384556e-07,
                8.353542279410518e-07,
                6.706977804517984e-06,
                0.9999922399369421
            ],
            [
                0.008514205073379126,
                6.885366510149213e-06,
                2.7201640602912716e-06,
                0.00027369663453046325,
                0.99120249276152
            ]
        ],
        [
            [
                2.68409621312756e-07,
                1.486673269947193e-07,
                5.683678784594497e-07,
                3.2818608418193176e-06,
                0.9999957326943314
            ],
            [
                1.2640073633357992e-06,
                5.60441133209757e-05,
                0.9999100480009241,
                1.2309485126416591e-05,
                2.0334393265176008e-05
            ],
            [
                0.0,
                0.0,
                0.9999999995069317,
                3.586765865476773e-10,
                1.3439165818512204e-10
            ],
            [
                1.3782641801142996e-07,
                1.2611024385620133e-07,
                1.573239315209368e-05,
                0.00016753555411425046,
                0.9998164681160718
            ],
            [
                3.548635567252197e-08,
                4.484133460739053e-08,
                3.208531246495502e-06,
                1.0635998069102577e-05,
                0.9999860751429942
            ]
        ],
        [
            [
                7.9990134947293e-09,
                5.665554312082081e-09,
                1.7086374977333108e-07,
                1.1414846437832525e-06,
                0.9999986739870386
            ],
            [
                5.682876809418832e-07,
                6.094595991930036e-06,
                0.002035267051922238,
                0.00015116636473899698,
                0.997806903699666
            ],
            [
                0.0,
                1.8123660955347793e-11,
                0.9999999991675697,
                3.4641674445705354e-10,
                4.678899081077637e-10
            ],
            [
                1.8468118027562402e-07,
                8.778703239695837e-08,
                1.8263997549633157e-07,
                3.7084444220660804e-06,
                0.9999958364473898
            ],
            [
                2.5984826415875636e-07,
                1.2505583454892196e-07,
                7.809828147094778e-07,
                3.581118259824127e-05,
                0.9999630229304883
            ]
        ],
        [
            [
                1.1914507866724835e-06,
                2.4931616309281635e-07,
                9.135457560279976e-07,
                1.7739288586617274e-05,
                0.9999799063987076
            ],
            [
                6.66628970632691e-07,
                1.1784876843843093e-06,
                0.9286339271563867,
                7.514084507789277e-05,
                0.07128908688188035
            ],
            [
                0.0,
                7.602406843130027e-12,
                0.9999999997513054,
                1.178558422183383e-10,
                1.23236305630467e-10
            ],
            [
                1.421629891326955e-07,
                4.7095585148127185e-07,
                0.00016276506533472506,
                5.3889178790563936e-05,
                0.999782732637034
            ],
            [
                0.02100308460665983,
                1.0570401701499221e-05,
                1.7868642769455844e-06,
                1.7827222475527594e-05,
                0.9789667309048862
            ]
        ],
        [
            [
                0.9999988323754594,
                8.304945082360073e-07,
                1.6352072575030524e-08,
                1.3625187820094353e-07,
                1.8452608159796351e-07
            ],
            [
                3.3378257918820645e-09,
                4.393026515229535e-08,
                0.9999950340566264,
                3.117803286331857e-06,
                1.8008719964083021e-06
            ],
            [
                0.0,
                2.8244267029326954e-11,
                0.9999999992887993,
                2.2883956328064736e-10,
                4.541167905865892e-10
            ],
            [
                5.390872757408959e-08,
                6.224005553063492e-06,
                0.9993133814031155,
                1.7155162987236233e-05,
                0.000663185519616762
            ],
            [
                2.595765429507938e-09,
                2.190503054504142e-09,
                3.135438687171816e-07,
                1.843901871706965e-06,
                0.9999978377679911
            ]
        ],
        [
            [
                6.513955804788993e-08,
                4.385291078891905e-08,
                2.9438265837418175e-07,
                3.1384739602749995e-06,
                0.9999964581509125
            ],
            [
                1.74397558551098e-06,
                0.9888744706834062,
                0.011122532844289065,
                9.765478698791086e-07,
                2.7594884948297394e-07
            ],
            [
                0.0,
                1.6756435980953417e-11,
                0.9999999994483035,
                3.2759065592535617e-10,
                2.0734944598196908e-10
            ],
            [
                1.156934907279285e-07,
                9.001140089786071e-08,
                5.518469834627712e-07,
                1.0759678864871222e-05,
                0.9999884827692601
            ],
            [
                1.1782124585592445e-06,
                2.807598186043981e-06,
                9.206611674322742e-06,
                9.206611674322742e-06,
                0.9999776009660067
            ]
        ],
        [
            [
                5.558034607551778e-07,
                2.4902363413833095e-07,
                2.2085502035735635e-06,
                2.105520021476867e-05,
                0.9999759314224868
            ],
            [
                9.250498312061291e-07,
                1.3472083450839997e-06,
                0.08950409498342078,
                0.0005511714608349298,
                0.909942461297568
            ],
            [
                0.0,
                2.9185391309831995e-11,
                0.9999999995260813,
                1.952867500375201e-10,
                2.494465748801625e-10
            ],
            [
                8.50934970762097e-06,
                2.8919262953823596e-06,
                1.1118942545781601e-05,
                0.0005298529357663734,
                0.9994476268456848
            ],
            [
                1.7279346535541224e-05,
                1.03583768375162e-06,
                6.303787069167634e-07,
                3.513739460070444e-05,
                0.999945917042473
            ]
        ],
        [
            [
                3.4218049087554806e-06,
                1.7914353492475195e-06,
                9.279054227825983e-07,
                0.00010471127393956865,
                0.9998891475803796
            ],
            [
                3.4910912758981833e-06,
                1.125296501341908e-06,
                1.7873099543328333e-05,
                5.226576357659632e-05,
                0.9999252447491028
            ],
            [
                0.0,
                4.602071591430058e-11,
                0.9999999990252475,
                3.799886155438252e-10,
                5.487429704867661e-10
            ],
            [
                0.00018931437028594229,
                0.011174455257267273,
                0.9595317882168898,
                0.00023111352777423073,
                0.02887332862778263
            ],
            [
                5.03550518380631e-08,
                2.4791346101198335e-07,
                7.619308725866905e-05,
                4.567351601239602e-05,
                0.999877835128216
            ]
        ],
        [
            [
                3.15643860001101e-06,
                2.8235274918169037e-07,
                5.450428346231034e-07,
                7.481767630631562e-06,
                0.9999885343981855
            ],
            [
                3.613762091668415e-05,
                1.574729108951195e-06,
                5.058696438548715e-06,
                8.238198036004118e-06,
                0.9999489907554998
            ],
            [
                0.0,
                1.9593845805481817e-11,
                0.9999999992552149,
                3.2931345149497964e-10,
                3.958777375383471e-10
            ],
            [
                1.6380018293178098e-05,
                2.393511302781094e-06,
                1.0609252381867712e-05,
                2.7324032877338345e-05,
                0.9999432931851449
            ],
            [
                6.245625639639232e-06,
                2.6571894609679952e-06,
                3.6672081301374835e-06,
                2.1534065924971077e-05,
                0.9999658959108442
            ]
        ],
        [
            [
                9.406187083968041e-07,
                4.0289715769699604e-07,
                7.703674249949476e-06,
                0.00016277253070691311,
                0.9998281802791771
            ],
            [
                1.0274311880843071e-05,
                0.996717666836157,
                0.001915077627857046,
                0.001356568894110023,
                4.123299950712616e-07
            ],
            [
                0.0,
                1.7806438161170585e-11,
                0.9999999994743429,
                2.8703021124354274e-10,
                2.208204498190586e-10
            ],
            [
                1.126806349799383e-06,
                4.774725965411228e-07,
                3.7901869549307025e-06,
                5.258378653256155e-05,
                0.9999420217475662
            ],
            [
                4.236450997179176e-05,
                1.7977831495652856e-06,
                6.155525800770507e-06,
                5.7698923631719266e-05,
                0.9998919832574461
            ]
        ],
        [
            [
                2.80259397193726e-07,
                1.2912474038053693e-07,
                9.045598713329724e-07,
                3.739068245984819e-05,
                0.9999612953735313
            ],
            [
                2.869878485249961e-06,
                1.3776874980061986e-05,
                0.11133630582684567,
                0.01598049594040394,
                0.8726665514792851
            ],
            [
                0.0,
                5.694822281857329e-11,
                0.9999999990743214,
                4.31945689919254e-10,
                4.367848264845815e-10
            ],
            [
                0.002415276705882464,
                0.0002509007775203089,
                0.1816553082321645,
                9.807216737265165e-05,
                0.8155804421170602
            ],
            [
                0.00852212968713981,
                0.08388262471502231,
                0.001459459258080131,
                0.0007735695605680793,
                0.9053622167791897
            ]
        ],
        [
            [
                7.048812902786347e-05,
                4.786157866225654e-06,
                5.003290340827179e-06,
                1.2131386138409843e-05,
                0.9999075910366266
            ],
            [
                4.0507719874872205e-06,
                0.6030807623715757,
                0.39690845838475397,
                3.5235796928935063e-06,
                3.2048919899420396e-06
            ],
            [
                0.0,
                1.2605022936013137e-11,
                0.9999999997797531,
                1.2730573626393252e-10,
                8.033621761356772e-11
            ],
            [
                5.756598618464399e-08,
                1.7320572858200088e-07,
                1.8687693066189673e-06,
                3.4715907272537055e-05,
                0.9999631845517061
            ],
            [
                0.0003227577599260972,
                0.114033701745567,
                0.7847870527633664,
                0.000956474779372359,
                0.09990001295176827
            ]
        ],
        [
            [
                8.944696533303242e-08,
                3.532495716350469e-08,
                7.758564873137491e-08,
                2.87063926877435e-06,
                0.99999692700316
            ],
            [
                0.0,
                2.9728431370995153e-09,
                0.9999999248023788,
                6.341034160520777e-08,
                8.814436431945312e-09
            ],
            [
                0.0,
                4.5235130356185016e-11,
                0.9999999992853028,
                3.983074499724022e-10,
                2.711546598436214e-10
            ],
            [
                1.9240927591594064e-07,
                4.07254309152399e-07,
                1.7390324745949862e-05,
                0.00015383138303539238,
                0.9998281786286336
            ],
            [
                1.6460172278998926e-06,
                1.1271224146966526e-06,
                5.84355703991956e-06,
                9.94587690113792e-06,
                0.9999814374264164
            ]
        ],
        [
            [
                2.363800323961997e-09,
                3.768411692615894e-09,
                6.90047824132328e-08,
                1.6523869138631352e-06,
                0.9999982724760916
            ],
            [
                9.702359466601165e-06,
                0.9999649786770558,
                2.308131685143396e-05,
                2.1946861836048483e-06,
                4.296044254659889e-08
            ],
            [
                0.0,
                1.632066997749522e-11,
                0.9999999999069888,
                4.54283759189423e-11,
                3.1262003347017114e-11
            ],
            [
                2.877112727818526e-06,
                3.362383422532098e-06,
                4.694744607982036e-06,
                9.710214617365642e-05,
                0.999891963613068
            ],
            [
                9.8642276632076e-07,
                2.726067881862414e-07,
                5.022347676051669e-07,
                4.958640787906701e-05,
                0.9999486523277988
            ]
        ],
        [
            [
                0.999998766859727,
                1.2079175618083286e-06,
                1.219794605206143e-08,
                1.1685540665167312e-08,
                1.3392242976103137e-09
            ],
            [
                1.0260374084813235e-06,
                5.221626617014373e-06,
                6.425764772458292e-05,
                0.0005075259284686249,
                0.9994219687597813
            ],
            [
                0.0,
                4.7388923310089063e-11,
                0.9999999988995796,
                6.855330828546122e-10,
                3.674983478358451e-10
            ],
            [
                3.398144821940439e-07,
                2.3007387164941583e-07,
                3.2725189694709733e-06,
                0.00013243298132693988,
                0.9998637246113498
            ],
            [
                1.646202407966668e-06,
                1.3298547353483256e-07,
                5.874817258404965e-07,
                3.1492690549815954e-05,
                0.9999661406398429
            ]
        ],
        [
            [
                0.92459114331603,
                0.07540778141926875,
                1.0436890821021128e-06,
                2.8791273714049933e-08,
