{
    "[['A', 'B', 'C', 'D', 'E'], ['A', 'B', 'C', 'D', 'E']]": [
        [
            [
                0.9999999776533135,
                2.2085731558771777e-08,
                2.5555741188562426e-10,
                5.308965249908308e-12,
                8.862712104421358e-14
            ],
            [
                0.9999983342489888,
                1.6654008475497299e-06,
                3.45404655856909e-10,
                4.661702136069733e-12,
                9.72524876887488e-14
            ],
            [
                0.0,
                2.0576124338404568e-11,
                0.9999999997249842,
                1.1784145639380574e-10,
                1.365981360778695e-10
            ],
            [
                0.0,
                3.6506346893595425e-11,
                3.6269924720126e-07,
                1.8815396367354547e-06,
                0.9999977557246098
            ],
            [
                0.0,
                8.739754561438387e-09,
                0.0002452649668777669,
                0.00945459460910278,
                0.990300131684265
            ]
        ],
        [
            [
                0.9999999814366,
                1.836833924437513e-08,
                1.9249247211598166e-10,
                2.5027125465992115e-12,
                6.563372334808991e-14
            ],
            [
                0.9999904285347148,
                9.571179149591121e-06,
                2.8175086342889705e-10,
                4.284791893216163e-12,
                9.999952580736884e-14
            ],
            [
                0.0,
                3.1965476015456884e-11,
                0.9999999997499673,
                6.602783820270185e-11,
                1.520392970021982e-10
            ],
            [
                0.0,
                4.5807999971848424e-11,
                1.6811556749089875e-08,
                3.6231120981421806e-06,
                0.9999963600305372
            ],
            [
                0.0,
                1.7320225803732703e-11,
                5.63493715178818e-09,
                9.292762959860835e-07,
                0.9999990650714466
            ]
        ],
        [
            [
                0.9999999916342371,
                8.267960280941476e-09,
                9.708490713361151e-11,
                6.747699788942838e-13,
                4.2928206438076304e-14
            ],
            [
                0.9997627201487161,
                0.00023727979228484568,
                5.740341313111818e-11,
                1.5051710694991372e-12,
                9.045222228885038e-14
            ],
            [
                0.0,
                1.282718431812746e-11,
                0.9999999998259481,
                6.634128417305767e-11,
                9.488316124876992e-11
            ],
            [
                0.0,
                1.836677901469767e-10,
                5.305997464479272e-07,
                7.001856729455834e-06,
                0.9999924673598563
            ],
            [
                0.0,
                6.196825513450371e-12,
                3.261591771412362e-10,
                2.0874764891691467e-08,
                0.999999978792879
            ]
        ],
        [
            [
                0.9999999753510355,
                2.4483400327403486e-08,
                1.6423540334352393e-10,
                1.2678945434211943e-12,
                6.093640801720745e-14
            ],
            [
                0.999996903559989,
                3.096134570879017e-06,
                3.0294062689980777e-10,
                2.4688322622784022e-12,
                3.0502089256532674e-14
            ],
            [
                0.0,
                2.223426562052538e-11,
                0.9999999997892055,
                7.789632070018775e-11,
                1.106640146345288e-10
            ],
            [
                0.0,
                4.126995748418977e-10,
                2.820872386446191e-06,
                4.371697302029614e-05,
                0.9999534617418937
            ],
            [
                0.0,
                7.832221486534126e-12,
                9.867571992589282e-10,
                2.3083067262021262e-06,
                0.9999976906986843
            ]
        ],
        [
            [
                0.9999980486088638,
                1.9511661733757036e-06,
                2.2274218206202268e-10,
                2.2205942512489453e-12,
                0.0
            ],
            [
                0.9999871064077407,
                1.2893402603108043e-05,
                1.8912719797247641e-10,
                5.288537227183017e-13,
                0.0
            ],
            [
                0.0,
                4.2725120995416823e-11,
                0.99999999959279,
                1.472031014278535e-10,
                2.1728170345506352e-10
            ],
            [
                0.0,
                1.4965511170830414e-09,
                0.0002706191940093217,
                2.6686698312384376e-05,
                0.9997026926111272
            ],
            [
                0.0,
                8.696831856722601e-10,
                5.519814714765862e-06,
                0.001035627379413942,
                0.998958851936188
            ]
        ],
        [
            [
                0.99999992216894,
                7.753860560161854e-08,
                2.8880565155120086e-10,
                3.4950116501784204e-12,
                1.5377258893625067e-13
            ],
            [
                0.9999986515254288,
                1.34789701119041e-06,
                5.697421586806866e-10,
                7.703679215486097e-12,
                1.1409287653998497e-13
            ],
            [
                0.0,
                4.7432238585616316e-11,
                0.9999999994017061,
                2.915341532378259e-10,
                2.5932749774955666e-10
            ],
            [
                0.0,
                3.224415544072484e-11,
                6.3842947386552625e-09,
                2.2158465789020347e-07,
                0.9999997719988033
            ],
            [
                0.0,
                2.7316435538603516e-12,
                1.5306263527961813e-10,
                6.625527376976601e-08,
                0.9999999335889319
            ]
        ],
        [
            [
                0.9999999920619586,
                7.763919485921158e-09,
                1.7309236750764992e-10,
                9.368253397824842e-13,
                9.286483836428584e-14
            ],
            [
                0.9999969033920914,
                3.0961345703591815e-06,
                4.713806635425198e-10,
                1.910143306892708e-12,
                4.7377283028772445e-14
            ],
            [
                0.0,
                5.346240660067663e-11,
                0.999999999532686,
                1.5077988720952595e-10,
                2.630718964789552e-10
            ],
            [
                0.0,
                4.8652735594962693e-11,
                1.7349853283504614e-07,
                2.4009611361697514e-05,
                0.9999758168414526
            ],
            [
                0.0,
                4.6216726116143935e-10,
                6.249942617101727e-07,
                0.00859479555873641,
                0.9914045789848346
            ]
        ],
        [
            [
                0.9999999764978499,
                2.3264619291455882e-08,
                2.354871066739609e-10,
                1.972541453441968e-12,
                7.103929385411663e-14
            ],
            [
                0.9999981909341752,
                1.8087015148901591e-06,
                3.590530433530937e-10,
                5.165400432266354e-12,
                9.150692190114536e-14
            ],
            [
                0.0,
                1.1474596270402519e-11,
                0.9999999998151643,
                7.303598746195144e-11,
                1.0032503045813671e-10
            ],
            [
                0.0,
                2.728114471547455e-11,
                3.744061800939118e-08,
                1.1699886918978922e-07,
                0.9999998455332316
            ],
            [
                0.0,
                3.614088680561283e-11,
                6.2190480931057025e-09,
                7.343024389391582e-07,
                0.999999259442372
            ]
        ],
        [
            [
                0.9999999544265431,
                4.5429136384799563e-08,
                1.425612426986772e-10,
                1.7040278884259087e-12,
                5.5178234357498415e-14
            ],
            [
                0.9955627599351604,
                0.004437239925358822,
                1.3806971718561424e-10,
                1.3255348874204811e-12,
                8.526487598014031e-14
            ],
            [
                0.0,
                1.0297284146222877e-11,
                0.9999999995904332,
                1.946252312386946e-10,
                2.0464431421798732e-10
            ],
            [
                0.0,
                6.943800249297228e-11,
                8.650271012521246e-08,
                1.1836352165921377e-06,
                0.9999987297926353
            ],
            [
                0.0,
                8.822870730819971e-11,
                5.244735945673312e-07,
                1.6891582175649615e-05,
                0.999982583856001
            ]
        ],
        [
            [
                0.9999999313105138,
                6.817419802432323e-08,
                5.114954482831746e-10,
                3.63362024578049e-12,
                1.5907200575015405e-13
            ],
            [
                0.9999969417080525,
                3.057957336958968e-06,
                3.311653124806099e-10,
                3.4451213018818057e-12,
                0.0
            ],
            [
                0.0,
                2.89400474711892e-11,
                0.9999999996331121,
                1.1872923303719157e-10,
                2.1921863770278813e-10
            ],
            [
                0.0,
                1.9167254952722294e-10,
                2.127231878547331e-08,
                6.986435712578282e-06,
                0.9999929921002961
            ],
            [
                0.0,
                1.8914236397798547e-10,
                1.2511918910222483e-07,
                1.6982229812134347e-05,
                0.9999828924618563
            ]
        ],
        [
            [
                0.9999999818166733,
                1.7809046412674113e-08,
                3.72023960465294e-10,
                2.135883147437826e-12,
                1.2060911168334036e-13
            ],
            [
                0.9999942479567262,
                5.751666059915891e-06,
                3.753847121046122e-10,
                1.7292191542223472e-12,
                9.977166845620535e-14
            ],
            [
                0.0,
                1.1132171463194425e-11,
                0.9999999998536764,
                7.412913479496768e-11,
                6.106227369603957e-11
            ],
            [
                0.0,
                8.978695603777925e-08,
                0.7867577532174833,
                0.1955248528189684,
                0.017717304176592265
            ],
            [
                0.0,
                1.7590463387130304e-11,
                4.46283189225381e-10,
                3.253023228303111e-07,
                0.9999996742338035
            ]
        ],
        [
            [
                0.9999999919001393,
                7.91176563870986e-09,
                1.868243563223234e-10,
                1.2151942439612714e-12,
                5.5531509389885905e-14
            ],
            [
                0.9989914388624225,
                0.001008560766601153,
                3.65430786956924e-10,
                5.277898820025526e-12,
                2.676458002509312e-13
            ],
            [
                0.0,
                1.4254948482464433e-11,
                0.9999999998782612,
                4.5122417893074274e-11,
                6.23614650866104e-11
            ],
            [
                0.0,
                1.002149200348341e-09,
                6.746658626024833e-07,
                0.0013862210369470515,
                0.9986131032950412
            ],
            [
                0.0,
                5.8387262413147594e-12,
                2.620617794471152e-10,
                3.2571488310396546e-07,
                0.9999996740172163
            ]
        ],
        [
            [
                0.9999999925218178,
                7.323777465498363e-09,
                1.5320866757577612e-10,
                1.147399944031853e-12,
                4.8607396018905975e-14
            ],
            [
                0.9999937398573132,
                6.259268943260751e-06,
                8.673358829351245e-10,
                6.2519834654420675e-12,
                1.5557987263033766e-13
            ],
            [
                0.0,
                2.2305243261516287e-11,
                0.9999999995553717,
                1.7674482550618887e-10,
                2.4557832739115506e-10
            ],
            [
                0.0,
                3.4377531977860223e-10,
                1.0853823268449982e-07,
                0.001424701480641578,
                0.9985751896373505
            ],
            [
                0.0,
                3.47121444055552e-12,
                1.9523050804403808e-10,
                2.908684899989723e-08,
                0.9999999707144493
            ]
        ],
        [
            [
                0.9999983310584031,
                1.6687490579732101e-06,
                1.8936254481085003e-10,
                3.080715086307262e-12,
                9.565893504402595e-14
            ],
            [
                0.9999971678728653,
                2.8315972157612292e-06,
                5.243057829594428e-10,
                5.506852894872916e-12,
                1.0624002686267755e-13
            ],
            [
                0.0,
                1.5922423864169168e-11,
                0.9999999997646536,
                1.2476510354723573e-10,
                9.465901707833561e-11
            ],
            [
                0.0,
                8.534123644973671e-09,
                0.9578492166407709,
                0.0021098265253704385,
                0.04004094829973494
            ],
            [
                0.0,
                3.597142340935326e-08,
                0.00033936842803024454,
                0.6292856181633439,
                0.37037497743720244
            ]
        ],
        [
            [
                0.9999999938728952,
                6.004391643650627e-09,
                1.216473262889793e-10,
                1.0394305457688868e-12,
                2.6499208357460014e-14
            ],
            [
                0.9999998919508063,
                1.078882832270256e-07,
                1.5976642902506123e-10,
                1.1141108574770843e-12,
                2.9965974941839415e-14
            ],
            [
                0.0,
                2.2590780551916907e-11,
                0.9999999997268785,
                1.7023794085328638e-10,
                8.029255916181356e-11
            ],
            [
                0.0,
                2.0674010604814e-10,
                9.485331733680036e-07,
                7.8710555555476e-06,
                0.999991180204531
            ],
            [
                0.0,
                2.698296376179916e-11,
                2.0853872866877697e-08,
                5.66333997223095e-07,
                0.9999994127851469
            ]
        ],
        [
            [
                0.9999997578568318,
                2.4147709645843235e-07,
                6.633208120626572e-10,
                2.5543191607689265e-12,
                1.9654350033176899e-13
            ],
            [
                0.9999897203368602,
                1.0279144185564373e-05,
                5.148998248818457e-10,
                3.8362574513193775e-12,
                2.180286242549098e-13
            ],
            [
                0.0,
                1.7745316915753508e-10,
                0.9999999992750104,
                2.7984635479793256e-10,
                2.676901123091409e-10
            ],
            [
                0.0,
                2.9960118205283146e-12,
                7.808319374194287e-10,
                1.4095022847497618e-08,
                0.9999999851211492
            ],
            [
                0.0,
                1.1219931772440262e-11,
                1.7580360458075184e-08,
                2.0238161986773143e-07,
                0.9999997800267997
            ]
        ],
        [
            [
                0.9999999899002466,
                9.69806232424025e-09,
                3.983537913112406e-10,
                3.2590761781589855e-12,
                7.815843094811937e-14
            ],
            [
                0.9999991713472555,
                8.280957630657308e-07,
                5.508528681240083e-10,
                5.942970059745506e-12,
                1.8550177034213315e-13
            ],
            [
                0.0,
                1.8349682490802163e-11,
                0.9999999994629132,
                2.838675305610747e-10,
                2.348694357341759e-10
            ],
            [
                0.0,
                5.467475432025956e-10,
                9.440143017680058e-06,
                6.486611873676414e-06,
                0.9999840726983611
            ],
            [
                0.0,
                0.0,
                0.9999999973261293,
                1.967475646149891e-09,
                7.063949890618164e-10
            ]
        ],
        [
            [
                0.9999999748732147,
                2.4936262336357534e-08,
                1.8926612944422532e-10,
                1.185132649662686e-12,
                7.166723455741212e-14
            ],
            [
                0.9999697891815282,
                3.0210528350719733e-05,
                2.878015168842479e-10,
                2.192121317502053e-12,
                1.2738204552600971e-13
            ],
            [
                0.0,
                3.275123949409052e-11,
                0.9999999995911657,
                1.7757912289474774e-10,
                1.9850399924089412e-10
            ],
            [
                0.0,
                3.3131313206431514e-10,
                7.165894753948471e-07,
                3.732694614755512e-05,
                0.9999619561330638
            ],
            [
                0.0,
                4.22929473734976e-12,
                1.6498893405293871e-10,
                4.0775888161408605e-08,
                0.9999999590548937
            ]
        ],
        [
            [
                0.9999999892416819,
                1.0667828189755232e-08,
                8.912547007209815e-11,
                1.3275869191657708e-12,
                3.6807633203651113e-14
            ],
            [
                0.9999942962456188,
                5.703446115461134e-06,
                3.065829323193254e-10,
                1.6299943093633807e-12,
                5.2693034630120713e-14
            ],
            [
                0.0,
                9.474512934061428e-12,
                0.9999999998269127,
                7.815825287740424e-11,
                8.545468358673383e-11
            ],
            [
                0.0,
                1.2462698414589191e-09,
                0.00016459984593839754,
                2.928104994279072e-05,
                0.9998061178578489
            ],
            [
                0.0,
                1.0544071616646822e-11,
                9.118931289682977e-10,
                8.210557668391681e-08,
                0.9999999169719861
            ]
        ],
        [
            [
                0.9999999297304343,
                6.949667337897286e-08,
                7.682924280330791e-10,
                4.4293644984953385e-12,
                1.7056953376542916e-13
            ],
            [
                0.9999999441802405,
                5.5643744809899515e-08,
                1.7443663045230882e-10,
                1.5142443757582287e-12,
                6.379737651631827e-14
            ],
            [
                0.0,
                6.132944955869211e-11,
                0.9999999996640865,
                1.7741492679618147e-10,
                9.716919900234128e-11
            ],
            [
                0.0,
                7.61969388940466e-09,
                8.435407802054056e-05,
                0.009172976329567116,
                0.9907426619727184
            ],
            [
                0.0,
                2.92972032123057e-12,
                4.8940515370804965e-11,
                7.334056000947437e-08,
                0.9999999266075698
            ]
        ],
        [
            [
                0.9999999893788322,
                1.0307439266997382e-08,
                3.112867871772808e-10,
                2.3657814390737395e-12,
                7.584352950093758e-14
            ],
            [
                0.999064343710468,
                0.0009356550270312926,
                1.2541603761834687e-09,
                8.060723219461954e-12,
                2.797210431733708e-13
            ],
            [
                0.0,
                1.837960555244042e-10,
                0.9999999995236226,
                1.6086876530331898e-10,
                1.3171237557305582e-10
            ],
            [
                0.0,
                1.3193352123481395e-08,
                0.9552934934374055,
                4.527320504930531e-05,
                0.044661220164192966
            ],
            [
                0.0,
                1.83572344374119e-12,
                7.104536562388082e-11,
                6.277671441947231e-09,
                0.9999999936494475
            ]
        ],
        [
            [
                0.9999999944872251,
                5.381727025880729e-09,
                1.3001981164633296e-10,
                9.57867870111024e-13,
                7.012787956134292e-14
            ],
            [
                0.9999026951233605,
                9.73046967481514e-05,
                1.7513372380117158e-10,
                4.6199929848289664e-12,
                1.377296816960007e-13
            ],
            [
                0.0,
                9.712472864642397e-11,
                0.9999999996041555,
                1.050038522062967e-10,
                1.9371602100550755e-10
            ],
            [
                0.0,
                1.4375969310752363e-10,
                5.662108792395679e-07,
                8.226845414164986e-06,
                0.9999912067999469
            ],
            [
                0.0,
                3.3144445114378944e-11,
                6.24651313635374e-08,
                1.3084047707949199e-07,
                0.9999998066612471
            ]
        ],
        [
            [
                0.9999999889732029,
                1.0721557743967111e-08,
                3.019305590450597e-10,
                3.218423077146193e-12,
                9.067522355391654e-14
            ],
            [
                0.9999466249657103,
                5.3374336827874824e-05,
                6.95159570068994e-10,
                2.0946833953585697e-12,
                2.075778535522081e-13
            ],
            [
                0.0,
                1.8833264457782626e-11,
                0.9999999997800066,
                1.0981119804921766e-10,
                9.134889629070085e-11
            ],
            [
                0.0,
                5.905856027030623e-10,
                5.916525655747878e-05,
                7.45655199530373e-06,
                0.9999333776008617
            ],
            [
                0.0,
                4.9213536977652055e-12,
                6.513526260108456e-10,
                4.1825585961892716e-08,
                0.99999995751814
            ]
        ],
        [
            [
                0.9999990759677607,
                9.239565053146093e-07,
                7.456035369469017e-11,
                1.1286657416514008e-12,
                4.4979366797590656e-14
            ],
            [
                0.9996016269361437,
                0.00039837247325366426,
                5.815059173044402e-10,
                8.928076159807163e-12,
                1.6878856087936992e-13
            ],
            [
                0.0,
                2.4567752397263784e-11,
                0.9999999994198352,
                2.001784483408276e-10,
                3.5541863683475207e-10
            ],
            [
                0.0,
                1.025037663632498e-10,
                1.4791326243090142e-07,
                4.4339589563422445e-06,
                0.9999954180252774
            ],
            [
                0.0,
                7.531775480504821e-11,
                1.3643299731768463e-07,
                0.00010098325654131793,
                0.9998988802351437
            ]
        ],
        [
            [
                0.9999999644539231,
                3.528017766911565e-08,
                2.6312307274967217e-10,
                2.5799959244818283e-12,
                1.96145029449594e-13
            ],
            [
                0.9999792835426891,
                2.0715825566257488e-05,
                6.273239743649775e-10,
                4.231231481112306e-12,
                1.893904348027447e-13
            ],
            [
                0.0,
                5.7066604062124706e-12,
                0.999999999811434,
                1.2700451519804643e-10,
                5.5854840568914594e-11
            ],
            [
                0.0,
                2.165827325901251e-11,
                6.574677826940103e-09,
                2.8470108432284864e-07,
                0.9999997087025797
            ],
            [
                0.0,
                6.5348238850640715e-12,
                2.6726973002903206e-10,
                4.62849865654736e-07,
                0.9999995368763298
            ]
        ],
        [
            [
                0.9999999985843311,
                1.2845780449832992e-09,
                1.3027077510609475e-10,
                7.813730554689875e-13,
                3.89579637054805e-14
            ],
            [
                0.999998845039952,
                1.1546648370583233e-06,
                2.9326416676584813e-10,
                1.8659981601532047e-12,
                8.081174412245473e-14
            ],
            [
                4.0593335152291933e-10,
                0.002221976228666,
                0.9977780232123593,
                1.5304132056619681e-10,
                0.0
            ],
            [
                0.0,
                1.6067948377015314e-11,
                2.3176604960422805e-09,
                9.843564550297074e-05,
                0.9999015620207686
            ],
            [
                0.0,
                4.689155353874725e-10,
                1.3521263894360213e-06,
                5.6898695078952985e-06,
                0.999992957535187
            ]
        ],
        [
            [
                0.999999994730127,
                5.01461838285906e-09,
                2.5317768652239115e-10,
                2.0166669910543236e-12,
                6.022659340032774e-14
            ],
            [
                0.9999989727039054,
                1.0270467756351979e-06,
                2.468208671659553e-10,
                2.402446021124913e-12,
                9.565893940598966e-14
            ],
            [
                0.0,
                4.9085039970407234e-11,
                0.999999999659412,
                1.3742497790134056e-10,
                1.5407815028883726e-10
            ],
            [
                0.0,
                3.9612904611133304e-11,
                3.97368431090421e-08,
                2.2547477371954016e-07,
                0.9999997347487704
            ],
            [
                0.0,
                6.371074371622056e-12,
                2.529688096704427e-09,
                1.1009280642502195e-07,
                0.9999998873711343
            ]
        ],
        [
            [
                0.9999999545034058,
                4.537094542585706e-08,
                1.2467042156584941e-10,
                9.16061562030854e-13,
                6.215628722975238e-14
            ],
            [
                0.20963525179215053,
                0.7903647434995049,
                4.684098292275547e-09,
                2.3288913823066827e-11,
                9.5722499191984e-13
            ],
            [
                0.0,
                2.0026809200304688e-11,
                0.9999999998113618,
                9.992360788659894e-11,
                6.868782146408098e-11
            ],
            [
                0.0,
                1.9304279468648923e-11,
                6.837183711760951e-09,
                3.100452974402922e-07,
                0.9999996830982146
            ],
            [
                0.0,
                9.255654010694071e-12,
                1.1251145273087445e-09,
                6.428623910085243e-06,
                0.9999935702417198
            ]
        ],
        [
            [
                0.9999999975117091,
                2.3483551091054946e-09,
                1.3914359180488384e-10,
                7.462159418658206e-13,
                4.60285462424304e-14
            ],
            [
                0.9999994986623656,
                5.00818574349549e-07,
                5.120830584647303e-10,
                6.885082539941469e-12,
                9.198973455661166e-14
            ],
            [
                0.0,
                2.1370211863786297e-11,
                0.9999999997527487,
                9.559323737653338e-11,
                1.302876724354469e-10
            ],
            [
                0.0,
                1.8073142398718355e-09,
                2.0605328510824636e-05,
                0.015577500384239731,
                0.9844018924799353
            ],
            [
                0.0,
                3.956403049358936e-12,
                1.345755714165576e-10,
                1.789154150452233e-08,
                0.9999999819699265
            ]
        ],
        [
            [
                0.999999965494709,
                3.420933343297747e-08,
                2.9324568755792773e-10,
                2.5054253496655927e-12,
                2.0660181535095567e-13
            ],
            [
                0.9999987206827459,
                1.2788570526900557e-06,
                4.545917087514084e-10,
                5.428751421493965e-12,
                1.8099668712492273e-13
            ],
            [
                0.0,
                9.122383535167779e-12,
                0.9999999998375253,
                5.51328742799205e-11,
                9.82193846549411e-11
            ],
            [
                0.0,
                4.890059986637232e-10,
                0.999979691626829,
                1.5772623559216015e-05,
                4.535260605675873e-06
            ],
            [
                0.0,
                2.5914244507223576e-11,
                2.6626559447090148e-08,
                1.966798567956268e-07,
                0.9999997766676696
            ]
        ],
        [
            [
                0.9999999963803325,
                3.5696372641961994e-09,
                4.96830613272105e-11,
                3.15692413695142e-13,
                3.132641953436076e-14
            ],
            [
                0.99997802013981,
                2.1979696143919898e-05,
                1.620980005133561e-10,
                1.8941616699387692e-12,
                5.373804773100198e-14
            ],
            [
                0.0,
                6.990866347737522e-12,
                0.9999999996347841,
                6.710588473988863e-11,
                2.9111907429634856e-10
            ],
            [
                0.0,
                1.0506746282101737e-08,
                0.0009753803808626209,
                0.0077942781373336,
                0.9912303309750575
            ],
            [
                0.0,
                1.4072597806940328e-11,
                1.1117907654689962e-08,
                1.01383181161314e-05,
                0.9999898505499036
            ]
        ],
        [
            [
                0.999999829998369,
                1.6960991642275675e-07,
                3.8926770563401404e-10,
                2.306200516100321e-12,
                1.4074005667972845e-13
            ],
            [
                0.9999774363881296,
                2.256303066834562e-05,
                5.749592268901052e-10,
                6.0642544991692375e-12,
                1.7856415201215601e-13
            ],
            [
                0.0,
                8.997636869589077e-12,
                0.9999999999508695,
                1.7514767023424894e-11,
                2.2618158327097715e-11
            ],
            [
                0.0,
                1.042827301367287e-10,
                2.0860953579545434e-08,
                6.293893526142871e-05,
                0.9999370400995024
            ],
            [
                0.0,
                2.606219342876347e-12,
                1.9957343723577993e-10,
                9.270779331060121e-08,
                0.9999999070900271
            ]
        ],
        [
            [
                0.9999999535988594,
                4.607787494593543e-08,
                3.2010334692021125e-10,
                2.9976293488279223e-12,
                1.648323540196606e-13
            ],
            [
                0.999999700268222,
                2.9940859422434667e-07,
                3.198141109825602e-10,
                3.2575413612368995e-12,
                1.1216005225780968e-13
            ],
            [
                0.0,
                1.043861599598366e-11,
                0.9999999998006606,
                7.315016748843137e-11,
                1.1575080693621057e-10
            ],
            [
                0.0,
                9.389698509328782e-10,
                5.54665022345338e-05,
                0.998933585093528,
                0.0010109474652677216
            ],
            [
                0.0,
                2.2472009659137776e-10,
                9.692039395836149e-08,
                1.416867084880494e-05,
                0.9999857341840371
            ]
        ],
        [
            [
                0.999999895342934,
                1.0445269571383979e-07,
                2.0291509503484633e-10,
                1.381720630736225e-12,
                7.348511823747248e-14
            ],
            [
                0.9999992754255794,
                7.243901940017554e-07,
                1.8105461756989278e-10,
                3.0809971184336483e-12,
                9.076156647410171e-14
            ],
            [
                0.0,
                2.2847397170355366e-11,
                0.9999999997144298,
                1.0466612535225387e-10,
                1.5805665820546108e-10
            ],
            [
                0.0,
                2.2964278780448035e-10,
                4.702636043446989e-06,
                4.949338916368543e-05,
                0.9999458037451501
            ],
            [
                0.0,
                1.2022705512209309e-11,
                1.7340596933184598e-10,
                8.009246661892738e-08,
                0.9999999197221047
            ]
        ],
        [
            [
                0.9999999917091195,
                8.185831346549604e-09,
                1.041437901639867e-10,
                8.727460160927548e-13,
                3.291595545488996e-14
            ],
            [
                0.9999977463135421,
                2.2534527145502215e-06,
                2.3076946588546222e-10,
                2.9098221828779856e-12,
                6.40767684719012e-14
            ],
            [
                0.0,
                3.268883099310637e-11,
                0.9999999994256166,
                3.170433581083479e-10,
                2.2465151896582276e-10
            ],
            [
                0.0,
                2.123315102707982e-09,
                1.8780359687520938e-05,
                0.02357921412838276,
                0.9764020033886146
            ],
            [
                0.0,
                3.3284624498490096e-12,
                3.551961795746455e-11,
                6.946602718617622e-07,
                0.99999930530088
            ]
        ],
        [
            [
                0.9999997420535517,
                2.575945926440549e-07,
                3.452577652739731e-10,
                6.463053055721916e-12,
                1.3486084201581635e-13
            ],
            [
                0.9999852357435994,
                1.4764198868764173e-05,
                5.662480607169037e-11,
                8.638031650058182e-13,
                4.331543015005836e-14
            ],
            [
                0.0,
                5.331363369554206e-11,
                0.999999999463898,
                2.4944657486465107e-10,
                2.3334189240843994e-10
            ],
            [
                0.0,
                1.3430690060119327e-09,
                2.2652040800597267e-06,
                0.01642291759314199,
                0.983574815859709
            ],
            [
                0.0,
                4.524263591226906e-11,
                1.0071726588651883e-07,
                2.4332751178985104e-06,
                0.9999974659623735
            ]
        ],
        [
            [
                0.9999999014220762,
                9.807707513702724e-08,
                4.958690186217742e-10,
                4.857250723497356e-12,
                1.2249932093565172e-13
            ],
            [
                0.9999999324167738,
                6.71405580822008e-08,
                4.3831710417710917e-10,
                4.2644256841149945e-12,
                8.656698223258666e-14
            ],
            [
                0.0,
                3.055815453056058e-11,
                0.9999999997744087,
                8.883610312858296e-11,
                1.0619703300744819e-10
            ],
            [
                0.0,
                9.96165223682138e-10,
                1.255448791086417e-06,
                0.0637228266082194,
                0.9362759169468242
            ],
            [
                0.0,
                5.637841762845167e-12,
                2.823153067216528e-09,
                1.1596748723608311e-08,
                0.9999999855744603
            ]
        ],
        [
            [
                0.9999999683234454,
                3.154729027403625e-08,
                1.2851213980586456e-10,
                7.522278056608461e-13,
                0.0
            ],
            [
                0.9999802090913091,
                1.9789718614961282e-05,
                1.1790154362996666e-09,
                1.0923854272461849e-11,
