{
    "[['A', 'B', 'C', 'D', 'E'], ['A', 'B', 'C', 'D', 'E']]": [
        [
            [
                0.9999988178640732,
                1.1818823198949794e-06,
                2.507541097552876e-10,
                2.751367163846187e-12,
                1.0149798980091353e-13
            ],
            [
                0.0031290749788455835,
                0.9968709243303774,
                6.892513371348076e-10,
                1.2648487277791793e-12,
                2.6085801992892067e-13
            ],
            [
                2.381036200886968e-09,
                0.7934096971494452,
                0.2065903000810993,
                3.8841926318671233e-10,
                0.0
            ],
            [
                0.0,
                1.8241141098163797e-09,
                9.314505609109384e-06,
                0.1602257727878974,
                0.8397649108823795
            ],
            [
                0.0,
                3.7712607403089194e-12,
                1.442516205592344e-10,
                9.783240795209263e-10,
                0.999999998873653
            ]
        ],
        [
            [
                0.9999998848317964,
                1.1501022753472948e-07,
                1.5674860051156643e-10,
                1.175331390366571e-12,
                5.213111856072106e-14
            ],
            [
                2.0846029702176265e-07,
                0.9999997911031476,
                4.360140691578818e-10,
                3.2089084695104856e-13,
                2.2037033564753537e-13
            ],
            [
                9.425302774952096e-09,
                0.9999998365064035,
                1.5404355772381237e-07,
                2.0562352752816108e-11,
                4.173465513785052e-12
            ],
            [
                0.0,
                4.251139530645492e-12,
                8.324351706929409e-10,
                8.651838487432932e-08,
                0.9999999126449288
            ],
            [
                0.0,
                6.417920638433731e-12,
                1.6815458715305106e-09,
                5.721341196389369e-08,
                0.9999999410986241
            ]
        ],
        [
            [
                0.9999934017827015,
                6.598073049777633e-06,
                1.4297078903588178e-10,
                1.2119120046887406e-12,
                6.617739232687368e-14
            ],
            [
                0.9407376538112103,
                0.05926234403355938,
                2.1443972365066755e-09,
                1.0315663632776591e-11,
                5.172791969730999e-13
            ],
            [
                1.4583401940578493e-10,
                1.9245844600793105e-05,
                0.9999807539105975,
                9.896763550559499e-11,
                0.0
            ],
            [
                0.0,
                4.676280208798472e-12,
                7.962112126691031e-10,
                5.720323804368101e-09,
                0.9999999934787887
            ],
            [
                0.0,
                2.0752846228929443e-12,
                8.254337755016546e-11,
                1.4784937900739075e-07,
                0.9999998520660023
            ]
        ],
        [
            [
                0.9999972792863061,
                2.7206128908883684e-06,
                9.880034917028098e-11,
                1.9596788896228994e-12,
                4.306311027756381e-14
            ],
            [
                0.010735204216241972,
                0.9892647955455393,
                2.371865496948658e-10,
                9.159061758271203e-13,
                1.163653621728682e-13
            ],
            [
                3.211131391922945e-09,
                0.9999975255929962,
                2.471148321845867e-06,
                4.279501775120126e-11,
                4.755586798994919e-12
            ],
            [
                0.0,
                1.6423532483843105e-11,
                9.573127603739364e-09,
                3.418782678209728e-07,
                0.999999648532181
            ],
            [
                0.0,
                1.591015916920101e-11,
                5.111920975440461e-10,
                5.8128111913629265e-09,
                0.9999999936600865
            ]
        ],
        [
            [
                0.9999946804111849,
                5.319533534650736e-06,
                5.409363872667396e-11,
                1.1143808024099445e-12,
                7.247303858628309e-14
            ],
            [
                2.506274274400893e-06,
                0.9999974930488706,
                6.764965391999992e-10,
                2.2881826342386753e-13,
                1.2941344864888526e-13
            ],
            [
                1.735048816221155e-10,
                1.3078083873071572e-07,
                0.9999998686561218,
                2.8961818351865943e-10,
                9.991655514301999e-11
            ],
            [
                0.0,
                5.338995644176469e-11,
                9.679052428345393e-08,
                5.738847945776311e-07,
                0.9999993292712912
            ],
            [
                0.0,
                3.4116020653901704e-12,
                1.788336934064551e-10,
                9.553336605606252e-09,
                0.9999999902644182
            ]
        ],
        [
            [
                0.9999908520717633,
                9.147841794704219e-06,
                8.508906492364275e-11,
                1.2901130782515044e-12,
                6.288441271727004e-14
            ],
            [
                0.008569177972714673,
                0.9914308216704631,
                3.554688068066923e-10,
                1.161589620511252e-12,
                1.918254943401348e-13
            ],
            [
                6.672901560854952e-10,
                0.01563671691744918,
                0.9843632823637931,
                5.1467473987333816e-11,
                0.0
            ],
            [
                0.0,
                8.406450085281324e-12,
                3.6652688880055194e-09,
                4.421868857588365e-08,
                0.999999952107636
            ],
            [
                0.0,
                3.1172672878095527e-12,
                3.3917063669214494e-10,
                3.5799620008978775e-08,
                0.9999999638580921
            ]
        ],
        [
            [
                0.9999996060238227,
                3.9388730273568723e-07,
                8.707349968244669e-11,
                1.698722144886219e-12,
                1.025673676240982e-13
            ],
            [
                4.8832315665187575e-05,
                0.9999511675688287,
                1.1510705639426248e-10,
                2.778758463366005e-13,
                1.2110380448137697e-13
            ],
            [
                6.437030744400515e-09,
                0.9175817607676988,
                0.08241823273567514,
                5.959522696450201e-11,
                0.0
            ],
            [
                0.0,
                1.0765346440154088e-12,
                4.685757814449762e-10,
                3.1322511254264264e-08,
                0.9999999682078363
            ],
            [
                0.0,
                4.886708130942458e-12,
                1.546211046950467e-09,
                8.234553062213824e-08,
                0.9999999161033716
            ]
        ],
        [
            [
                0.9999941396515409,
                5.8600700810201e-06,
                2.774742689490368e-10,
                8.828938784813426e-13,
                2.086562528556785e-14
            ],
            [
                2.7669491462175422e-05,
                0.9999723304452709,
                6.291725880501399e-11,
                2.232254234508583e-13,
                1.2650242064977277e-13
            ],
            [
                1.1287276580908303e-09,
                0.9999990003471186,
                9.985207547930415e-07,
                2.4173338173969552e-12,
                9.816440538527958e-13
            ],
            [
                0.0,
                8.14776873604672e-11,
                1.6466632070728069e-07,
                1.9791124147194903e-06,
                0.9999978561397869
            ],
            [
                0.0,
                3.655260865823287e-11,
                1.2642217612919812e-08,
                1.4232197054064553e-07,
                0.9999998449992593
            ]
        ],
        [
            [
                0.9999991506122028,
                8.490409518429727e-07,
                3.439373177683374e-10,
                2.737427591887429e-12,
                1.70779819166697e-13
            ],
            [
                0.005668538673884669,
                0.994331460977093,
                3.464775316966966e-10,
                1.9922560907009733e-12,
                5.526958615210848e-13
            ],
            [
                0.0,
                9.050663971059404e-09,
                0.9999999888995111,
                1.4489198040421324e-09,
                6.009051520511881e-10
            ],
            [
                0.0,
                8.149225127477887e-12,
                5.442548285892022e-09,
                1.625123007133322e-07,
                0.9999998320370018
            ],
            [
                0.0,
                2.2582455034256286e-12,
                2.332012998992311e-10,
                9.61522127936606e-08,
                0.9999999036123276
            ]
        ],
        [
            [
                0.9999946926888177,
                5.307296154839811e-06,
                1.473457340109615e-11,
                2.7737650358206265e-13,
                1.5597585758056285e-14
            ],
            [
                0.9993464791253227,
                0.000653520280790513,
                5.906453245467015e-10,
                3.099162105000506e-12,
                1.4221992314460294e-13
            ],
            [
                1.561152486250438e-09,
                0.9999974301825615,
                2.56824763995206e-06,
                7.164872502365713e-12,
                1.4813100110676745e-12
            ],
            [
                0.0,
                7.9855565299695e-12,
                2.8402366492292235e-09,
                4.240216236075333e-06,
                0.9999957569355418
            ],
            [
                0.0,
                8.284080194956135e-12,
                2.511422873646684e-10,
                5.638291321182095e-09,
                0.9999999941022824
            ]
        ],
        [
            [
                0.9999654519656124,
                3.454796652587481e-05,
                6.739616344751012e-11,
                4.504773117236196e-13,
                1.493889281157376e-14
            ],
            [
                0.00010160420651190065,
                0.9998983955736982,
                2.193625120907224e-10,
                3.5028378025585165e-13,
                7.714419872332605e-14
            ],
            [
                8.48182279737075e-09,
                0.9999999229471821,
                6.856475765855414e-08,
                5.405802726312887e-12,
                8.316515198690191e-13
            ],
            [
                0.0,
                1.4351386729287071e-11,
                1.220362456510868e-08,
                3.5758522570309574e-07,
                0.9999996301967985
            ],
            [
                0.0,
                1.8318664248715134e-11,
                1.416408842038578e-09,
                1.2707194792499855e-07,
                0.9999998714933246
            ]
        ],
        [
            [
                0.974313100949484,
                0.025686898598413378,
                4.449708102373915e-10,
                6.672054366374089e-12,
                4.597451946289098e-13
            ],
            [
                0.006046121045193692,
                0.9939538776429142,
                1.3095593368885539e-09,
                1.898907708839889e-12,
                4.3383829884347945e-13
            ],
            [
                1.836833900317504e-08,
                0.9999996106774544,
                3.709446928660842e-07,
                5.695134215912036e-12,
                3.818539921808982e-12
            ],
            [
                0.0,
                2.0440654420435815e-12,
                1.2897256803318334e-10,
                3.1008758495585145e-07,
                0.9999996897813984
            ],
            [
                0.0,
                2.515015502820024e-12,
                4.6868460345973414e-11,
                6.479676887566881e-09,
                0.9999999934709396
            ]
        ],
        [
            [
                0.9999740969686521,
                2.5902907060735405e-05,
                1.2337741488009914e-10,
                8.468807933401301e-13,
                6.272759969424683e-14
            ],
            [
                0.9209297929951659,
                0.07907020567211562,
                1.3194174803950494e-09,
                1.237841867142148e-11,
                9.22711133155033e-13
            ],
            [
                1.9011729005646336e-08,
                0.999999715706212,
                2.6527848804969005e-07,
                2.252236113982406e-12,
                1.3187537904194847e-12
            ],
            [
                0.0,
                2.3047901996034607e-11,
                2.7142852236821345e-09,
                1.924836850106296e-06,
                0.9999980724258167
            ],
            [
                0.0,
                8.035089001804549e-12,
                1.5723647006249674e-09,
                9.369975197902061e-08,
                0.9999999047198482
            ]
        ],
        [
            [
                0.9999892032743752,
                1.0796641646413605e-05,
                8.211516260290555e-11,
                1.7196086902787239e-12,
                1.436040899331981e-13
            ],
            [
                0.9962823338559105,
                0.0037176653805269973,
                7.595572951824516e-10,
                3.7287603398521876e-12,
                2.7634673125269133e-13
            ],
            [
                6.415825698734582e-09,
                0.9999997666018545,
                2.2696251108058927e-07,
                1.861516403952557e-11,
                1.1936193124622428e-12
            ],
            [
                0.0,
                1.432868442250081e-11,
                1.7672063528805754e-09,
                2.9137225870960003e-07,
                0.9999997068462062
            ],
            [
                0.0,
                1.0829043811641189e-12,
                7.908890923752935e-11,
                7.009756751753658e-09,
                0.9999999929100714
            ]
        ],
        [
            [
                0.058657012226816324,
                0.9413429873605963,
                4.107112949223057e-10,
                1.3572900286297008e-12,
                5.187622798268284e-13
            ],
            [
                0.003965017996077993,
                0.9960349817313349,
                2.6993476785388085e-10,
                2.4408001438929816e-12,
                2.118831983890826e-13
            ],
            [
                1.2375487210362144e-08,
                0.9999989098635703,
                1.0777439277661702e-06,
                1.120186266552926e-11,
                5.8127800810017465e-12
            ],
            [
                0.0,
                1.9706960396783368e-11,
                9.10920060376163e-09,
                1.2343927615495292e-07,
                0.9999998674318162
            ],
            [
                0.0,
                5.876957054529305e-09,
                0.7412702970127687,
                0.23701145662757542,
                0.021718240482698967
            ]
        ],
        [
            [
                0.9999968542136438,
                3.1452363678235776e-06,
                5.474121838768795e-10,
                2.423996218502621e-12,
                1.5201846991393828e-13
            ],
            [
                0.0008740586111835086,
                0.9991259409495665,
                4.3870853412805456e-10,
                3.8644122704392484e-13,
                1.5494642570035358e-13
            ],
            [
                1.1803986675985667e-10,
                9.447351863678053e-07,
                0.9999990547030361,
                3.5076637304313205e-10,
                9.29713180039274e-11
            ],
            [
                0.0,
                9.299467978066281e-12,
                1.3522429690095286e-09,
                3.6363156550508566e-09,
                0.9999999950021419
            ],
            [
                0.0,
                4.2845386647348646e-12,
                8.558391357666021e-10,
                7.166441088768228e-09,
                0.9999999919734354
            ]
        ],
        [
            [
                0.9999285289026175,
                7.147099766708347e-05,
                9.839245586282469e-11,
                1.223315088918333e-12,
                9.95464267817227e-14
            ],
            [
                4.89449314370087e-06,
                0.9999951054061148,
                1.0016250996388617e-10,
                4.3035131570689803e-13,
                1.4850688526516522e-13
            ],
            [
                8.33153519707445e-09,
                0.999999859023535,
                1.326122431127809e-07,
                3.0071084062650625e-11,
                2.615611347336109e-12
            ],
            [
                0.0,
                1.1412106961857675e-11,
                4.773296139305853e-09,
                2.605430598941802e-07,
                0.9999997346722318
            ],
            [
                0.0,
                9.81783154585486e-12,
                1.9801353949415127e-10,
                6.617592210735129e-09,
                0.9999999931745764
            ]
        ],
        [
            [
                0.5717222057153947,
                0.42827779398129295,
                2.970523263251667e-10,
                5.133489648578502e-12,
                1.1263366748299469e-12
            ],
            [
                7.092758112305842e-07,
                0.9999992906765244,
                4.7315405549797e-11,
                2.5160698179197597e-13,
                9.750025255887305e-14
            ],
            [
                3.895198873118697e-08,
                0.9999998475457632,
                1.1346323309057135e-07,
                3.307825621886319e-11,
                5.9368972032571584e-12
            ],
            [
                0.0,
                4.791130470333902e-12,
                2.8425290618064777e-09,
                7.5918233694956365e-06,
                0.9999924053293103
            ],
            [
                0.0,
                3.295336578892723e-12,
                4.6119923466896267e-11,
                2.643309629902013e-09,
                0.9999999973072751
            ]
        ],
        [
            [
                0.9999995929414732,
                4.0694094860331437e-07,
                1.1690076389345917e-10,
                6.558032186410731e-13,
                2.171271368940561e-14
            ],
            [
                5.5279164607265154e-06,
                0.9999944719195606,
                1.632643747990498e-10,
                5.94814923194806e-13,
                1.1944248512257878e-13
            ],
            [
                2.406598935968057e-10,
                0.9999671027599571,
                3.289699489152319e-05,
                4.491400019562308e-12,
                0.0
            ],
            [
                0.0,
                8.26354898940993e-12,
                3.923366983995462e-09,
                1.0834789356158302e-06,
                0.9999989125894337
            ],
            [
                0.0,
                1.8148291098153586e-11,
                1.4225656727670636e-09,
                1.8781647476189872e-07,
                0.9999998107428113
            ]
        ],
        [
            [
                0.9999190536720897,
                8.09461669310965e-05,
                1.6014107408839895e-10,
                7.795420711590478e-13,
                5.864289585119224e-14
            ],
            [
                1.2807432877519392e-05,
                0.9999871924628178,
                1.0356083016107637e-10,
                6.42021917567158e-13,
                1.0199809826953592e-13
            ],
            [
                7.578757569716744e-10,
                0.9997845091816732,
                0.00021548991329199978,
                1.471590246197125e-10,
                0.0
            ],
            [
                0.0,
                1.3809960721463552e-12,
                7.566837669603038e-11,
                2.2908600216411705e-07,
                0.9999997708369485
            ],
            [
                0.0,
                2.0308989821971818e-12,
                4.263720054024335e-11,
                4.6410444860917226e-10,
                0.9999999994912274
            ]
        ],
        [
            [
                0.9999779500607057,
                2.2049799135433535e-05,
                1.392973414606343e-10,
                8.015935146404459e-13,
                5.98984943157161e-14
            ],
            [
                0.28269951407716654,
                0.7173004844465493,
                1.4699864173066457e-09,
                5.723349180655157e-12,
                5.743818327142246e-13
            ],
            [
                1.0010272705236898e-10,
                1.1168620229381025e-06,
                0.9999988828744489,
                1.6342544911458277e-10,
                0.0
            ],
            [
                0.0,
                1.4403050509137517e-11,
                3.327693010540577e-09,
                1.5520430142940683e-06,
                0.9999984446148896
            ],
            [
                0.0,
                2.3955331950586302e-11,
                3.3917064258928954e-10,
                1.8391827579725682e-08,
                0.9999999812450465
            ]
        ],
        [
            [
                0.9999963293685474,
                3.670598730495017e-06,
                3.257580190921244e-11,
                1.390499955495059e-13,
                7.197103194231503e-15
            ],
            [
                9.300405602744959e-05,
                0.9999069958343487,
                1.085728519361959e-10,
                9.029471628310107e-13,
                1.4795189443311e-13
            ],
            [
                3.0310028359758708e-09,
                0.9999999502036234,
                4.6744257586326686e-08,
                1.8004207723813242e-11,
                3.111819789500471e-12
            ],
            [
                0.0,
                4.5261627617176344e-11,
                4.8793696131379954e-08,
                1.0640918871933472e-05,
                0.9999893102421703
            ],
            [
                0.0,
                2.305642048075104e-12,
                4.55602713236376e-11,
                6.146570658299749e-09,
                0.9999999938055635
            ]
        ],
        [
            [
                0.9999824105844383,
                1.758937676491753e-05,
                3.837386711413944e-11,
                3.883520237174519e-13,
                3.454461364189682e-14
            ],
            [
                3.536068777945732e-06,
                0.999996463866248,
                6.387930412116057e-11,
                9.613986651253567e-13,
                1.3327518325432283e-13
            ],
            [
                1.2004791693472353e-10,
                2.417394251494222e-06,
                0.999997582449233,
                3.646779009211851e-11,
                0.0
            ],
            [
                0.0,
                4.069044458000298e-11,
                1.0221610004144255e-08,
                7.122953572138283e-06,
                0.9999928667841274
            ],
            [
                0.0,
                1.8085054901687475e-11,
                1.852093224213641e-10,
                3.385936151314993e-09,
                0.9999999964107695
            ]
        ],
        [
            [
                0.9986124909259413,
                0.0013875079205416293,
                1.1516815717727832e-09,
                1.5848092635789549e-12,
                2.506217473344898e-13
            ],
            [
                1.0638838012147448e-05,
                0.999989360922974,
                2.38135740580001e-10,
                4.973335403291325e-13,
                3.808660087148914e-13
            ],
            [
                5.761890930646916e-09,
                0.9999995156909459,
                4.785110358208707e-07,
                3.441976791527412e-11,
                1.7074277737318296e-12
            ],
            [
                0.0,
                3.225768921113983e-11,
                6.424315148665285e-08,
                2.6440196956436015e-06,
                0.9999972917048952
            ],
            [
                0.0,
                6.444773021695983e-12,
                2.6437419037159547e-10,
                3.8964527921189335e-09,
                0.9999999958327281
            ]
        ],
        [
            [
                0.9999991019194782,
                8.973623176259416e-07,
                7.153000319103785e-10,
                2.8081172585432316e-12,
                9.608189093947439e-14
            ],
            [
                0.00012506354032148828,
                0.9998749361114047,
                3.4734035875938693e-10,
                7.922697649543056e-13,
                1.4131623740326556e-13
            ],
            [
                9.9439779693213e-10,
                0.9999998328678146,
                1.661304100635543e-07,
                6.25432048378553e-12,
                1.1230930471608584e-12
            ],
            [
                0.0,
                1.3232645901886193e-11,
                4.892170839848293e-09,
                1.469115450707151e-06,
                0.9999985259791457
            ],
            [
                0.0,
                7.549966228609559e-12,
                9.902905621875576e-10,
                2.788545238684233e-08,
                0.9999999711167071
            ]
        ],
        [
            [
                0.980975279600104,
                0.01902471994600223,
                4.516204822530019e-10,
                1.9654922626990626e-12,
                3.0771782308263253e-13
            ],
            [
                0.0002652055417797208,
                0.9997347944087177,
                4.911247777743978e-11,
                3.14164884095671e-13,
                7.585408936398316e-14
            ],
            [
                2.7464429022824022e-09,
                0.9999993216675526,
                6.755769400810765e-07,
                8.443071893700047e-12,
                6.21270480917287e-13
            ],
            [
                0.0,
                1.1651271307204465e-11,
                3.825617046352419e-09,
                1.5823485992028023e-07,
                0.9999998379278717
            ],
            [
                0.0,
                6.290450790116957e-12,
                3.850798693673597e-10,
                6.844960175103306e-09,
                0.9999999927636694
            ]
        ],
        [
            [
                0.9998159860619152,
                0.0001840133904959729,
                5.439297472825511e-10,
                3.416557559158451e-12,
                2.4250956824240595e-13
            ],
            [
                0.9104443624688755,
                0.08955563568290498,
                1.8432063464854903e-09,
                4.144037331726659e-12,
                8.690185598137233e-13
            ],
            [
                0.0,
                3.6670451753537423e-09,
                0.9999999949110525,
                1.0736798236785354e-09,
                3.4822260406853263e-10
            ],
            [
                0.0,
                1.455518985753257e-11,
                1.5909174175904192e-09,
                0.00017117601951692732,
                0.9998288223750105
            ],
            [
                0.0,
                1.628657906968778e-12,
                2.542578038817088e-10,
                3.945920561080338e-08,
                0.9999999602849079
            ]
        ],
        [
            [
                0.9999949819032697,
                5.018017818563699e-06,
                7.826894399338233e-11,
                5.797773679303252e-13,
                6.311295497215076e-14
            ],
            [
                6.093686162859983e-05,
                0.9999390630540806,
                8.369401652223001e-11,
                4.4270223636150756e-13,
                1.541752170053189e-13
            ],
            [
                1.6013451421203158e-08,
                0.9999999768736784,
                7.1102373067025874e-09,
                1.835023273586612e-12,
                7.979035588144599e-13
            ],
            [
                0.0,
                7.401851170000935e-11,
                1.2614838039862154e-07,
                8.539339669639638e-06,
                0.9999913344379314
            ],
            [
                0.0,
                1.2825422488471781e-11,
                1.6883977906740467e-09,
                3.004355401805497e-08,
                0.9999999682552229
            ]
        ],
        [
            [
                0.9840324990519733,
                0.015967500651667604,
                2.8681186876047205e-10,
                9.052515250054499e-12,
                4.946336619636586e-13
            ],
            [
                0.12161360218405833,
                0.8783863968584756,
                9.500073132466232e-10,
                7.061908236548995e-12,
                3.967509475614009e-13
            ],
            [
                3.4197637533655077e-09,
                0.9999998199894428,
                1.7656650422421428e-07,
                2.094680274143703e-11,
                3.3426113157911598e-12
            ],
            [
                0.0,
                1.080819319113013e-10,
                1.9816789897788905e-08,
                0.005288924936119264,
                0.9947110551390089
            ],
            [
                0.0,
                1.0152176745767957e-10,
                0.9999995499803827,
                4.257577050564284e-07,
                2.4160390431918314e-08
            ]
        ],
        [
            [
                0.9999333464384002,
                6.665349650202412e-05,
                6.234386273971988e-11,
                2.614434252160855e-12,
                1.3943349087798172e-13
            ],
            [
                0.01686357654126035,
                0.9831364227715833,
                6.855945041490427e-10,
                9.645099237723263e-13,
                5.973969992783581e-13
            ],
            [
                1.184397267689788e-10,
                2.0912088301835246e-06,
                0.9999979084967636,
                1.759664722906082e-10,
                0.0
            ],
            [
                0.0,
                8.136070498066362e-12,
                3.4114314575238394e-09,
                1.6293828886582452e-07,
                0.9999998336421437
            ],
            [
                0.0,
                0.0,
                0.999999995027161,
                4.442595501866131e-09,
                5.302433339507837e-10
            ]
        ],
        [
            [
                0.9998595133091033,
                0.00014048646420286755,
                2.2519937992535043e-10,
                1.4018262648835726e-12,
                9.26389305769672e-14
            ],
            [
                0.4819367041193221,
                0.5180632945545638,
                1.3231928127147461e-09,
                2.3528932885861107e-12,
                5.68416003474616e-13
            ],
            [
                5.441167690793784e-09,
                0.8054065725473489,
                0.19459342102735588,
                9.841276393557004e-10,
                0.0
            ],
            [
                0.0,
                2.8233065220955265e-11,
                3.223754793662199e-09,
                3.09915816822423e-07,
                0.9999996868321953
            ],
            [
                0.0,
                7.175252289500376e-12,
                3.198069455057841e-09,
                8.41180890481825e-08,
                0.9999999126766662
            ]
        ],
        [
            [
                0.9998525863586871,
                0.00014741344154206422,
                1.9744520253606756e-10,
                2.1233725412105003e-12,
                2.0223399123645648e-13
            ],
            [
                0.11046834613033044,
                0.889531647177352,
                6.679526636469679e-09,
                1.1181648048464431e-11,
                1.609428779615122e-12
            ],
            [
                8.440218090722835e-09,
                0.9999974527189422,
                2.5388057543817544e-06,
                3.2635813621224547e-11,
                2.449339221662905e-12
            ],
            [
                0.0,
                4.258150787508713e-12,
                2.0919156040501925e-09,
                8.524606912544769e-09,
                0.9999999893792194
            ],
            [
                0.0,
                2.8218405988541638e-12,
                3.193725953933834e-11,
                4.84236507251577e-09,
                0.9999999951228757
            ]
        ],
        [
            [
                0.9982123359883018,
                0.0017876638068322294,
                2.0213363905814296e-10,
                2.530345324809088e-12,
                2.019021395887338e-13
            ],
            [
                0.0253308291994888,
                0.974669168229272,
                2.566213968578955e-09,
                4.611611816282346e-12,
                4.1367067962823267e-13
            ],
            [
                7.469009116711406e-09,
                0.9999998190527205,
                1.734728747185232e-07,
                4.8202231227058085e-12,
                5.754827685745984e-13
            ],
            [
                0.0,
                6.87741785150041e-12,
                7.4364433027555415e-09,
                9.592964422896192e-08,
                0.999999896627035
            ],
            [
                0.0,
                6.29322277207247e-12,
                4.241723932248972e-10,
                3.633156074127065e-08,
                0.9999999632379737
            ]
        ],
        [
            [
                0.9999995913918431,
                4.0849471086122203e-07,
                1.1243115770085916e-10,
                9.440468590797847e-13,
                7.088391186970668e-14
            ],
            [
                0.004778685426167295,
                0.9952213138708291,
                7.013083144972716e-10,
                1.3447434166190312e-12,
                3.505538143444495e-13
            ],
            [
                2.7540843746561317e-10,
                0.9999420557131589,
                5.794397827665364e-05,
                3.315595101089455e-11,
                0.0
            ],
            [
                0.0,
                5.124411099857823e-12,
                4.1112982002752865e-10,
                4.1788506591068854e-08,
                0.9999999577952392
            ],
            [
                0.0,
                1.908118628323811e-12,
                7.531416309894095e-11,
                3.5012770061982486e-08,
                0.9999999649100076
            ]
        ],
        [
            [
                0.9999832950699699,
                1.6704727120152118e-05,
                2.0051548524100162e-10,
                2.320363829441155e-12,
                7.441886939080296e-14
            ],
            [
                6.495776862826268e-05,
                0.9999350421787668,
                5.216382253239628e-11,
                3.1574781971367914e-13,
                1.2531177516647233e-13
            ],
            [
                7.3311426023510355e-09,
                0.9999999617431062,
                3.0923010578284516e-08,
                2.3395396591103093e-12,
                4.012447718651311e-13
            ],
            [
                0.0,
                1.059621215010114e-10,
                4.3213421040747183e-07,
                1.213791264899392e-05,
                0.9999874298471786
            ],
            [
                0.0,
                2.398275040747064e-12,
                5.064075122660649e-11,
                7.651383961852406e-09,
                0.999999992295577
            ]
        ],
        [
            [
                0.699014482689504,
                0.30098551632326637,
                9.803526590581677e-10,
                6.3696041024914524e-12,
                5.076041896409921e-13
            ],
            [
                0.0006802084078769077,
                0.9993197915389364,
                5.270638230142063e-11,
                3.477169991897639e-13,
                1.326740782211022e-13
            ],
            [
                2.232041798552569e-09,
                0.9997436958572485,
                0.0002563019046724267,
                6.037249388802712e-12,
                0.0
            ],
            [
                0.0,
                2.4217734443887396e-12,
                1.2967184592429712e-10,
                1.3887110983086798e-07,
                0.9999998609967965
            ],
            [
                0.0,
                7.629876276681895e-12,
                1.1608737080346488e-09,
                5.259799972186566e-08,
                0.9999999462334968
            ]
        ],
        [
            [
                0.00204564063927201,
                0.9979543591382625,
                2.1847021563323242e-10,
                3.5553217857048768e-12,
                4.4004032330955837e-13
            ],
            [
                6.001644158762104e-05,
                0.9999399834256939,
                1.3203356923148406e-10,
                6.126472992812365e-13,
                7.246916102756036e-14
            ],
            [
                1.929730441288776e-09,
                0.13749650028296415,
                0.8625034965992965,
                1.1880087967766932e-09,
                0.0
            ],
            [
                0.0,
                4.231901233096489e-12,
                1.855247908644995e-09,
                1.2613333749702119e-07,
                0.9999998720071828
            ],
            [
                0.0,
                4.891165206621339e-12,
                4.373124931866761e-10,
                1.1167640009795278e-08,
                0.9999999883901564
