{
    "[['A', 'B', 'C', 'D', 'E'], ['A', 'B', 'C', 'D', 'E']]": [
        [
            [
                0.9999999968814355,
                2.8549772325730692e-09,
                2.6122387604082596e-10,
                2.0809368827295513e-12,
                2.823632020280401e-13
            ],
            [
                0.9999999627751814,
                3.645129483297817e-08,
                7.650635592767066e-10,
                7.748034158841756e-12,
                7.121678005776486e-13
            ],
            [
                0.0,
                1.2785513292894682e-11,
                0.9999999988292385,
                5.468810165817006e-10,
                6.11094921028455e-10
            ],
            [
                0.0,
                0.0,
                2.997677241789252e-07,
                0.618872478929768,
                0.3811272213025078
            ],
            [
                0.0,
                1.8176764865707165e-11,
                2.1172486102198656e-09,
                0.006771572863171354,
                0.9932284250014032
            ]
        ],
        [
            [
                0.999999997841545,
                2.071688919363515e-09,
                8.569543492965449e-11,
                9.366859810658029e-13,
                1.3408318396811803e-13
            ],
            [
                0.9999999947115037,
                5.158014666217263e-09,
                1.2937095022023806e-10,
                1.018274864673807e-12,
                9.235576303566045e-14
            ],
            [
                0.0,
                1.7426130057938092e-11,
                0.9999999995221083,
                1.859398861406737e-10,
                2.7452577740605854e-10
            ],
            [
                0.0,
                3.127973514653443e-10,
                3.6489888677965484e-07,
                0.9228845650408085,
                0.07711506974750731
            ],
            [
                0.0,
                7.391421413095692e-12,
                6.176288348611302e-10,
                1.1021130209177851e-07,
                0.9999998891636777
            ]
        ],
        [
            [
                0.999999987142372,
                1.2216316881311358e-08,
                6.264104702783475e-10,
                1.4294072711078458e-11,
                6.063372535017527e-13
            ],
            [
                0.9999999682184751,
                3.1209859886170096e-08,
                5.698714933640796e-10,
                1.6409871313701345e-12,
                1.5249648345482962e-13
            ],
            [
                0.0,
                9.674847404044876e-11,
                0.9999999988409978,
                4.842113259094765e-10,
                5.780424830109044e-10
            ],
            [
                0.0,
                4.786029690701303e-10,
                3.204911820409243e-07,
                0.6191646018575615,
                0.38083507717265347
            ],
            [
                0.0,
                4.1555796839623625e-11,
                2.4805607121731776e-09,
                1.3285218621333662e-06,
                0.9999986689560213
            ]
        ],
        [
            [
                0.9999999977895799,
                2.026587561530918e-09,
                1.8142934847171e-10,
                2.185204212120018e-12,
                2.1812845823791453e-13
            ],
            [
                0.9999999659214396,
                3.38856726403884e-08,
                1.9078403548423362e-10,
                1.7704357490861165e-12,
                3.333295317308358e-13
            ],
            [
                0.0,
                1.948974250033681e-11,
                0.9999999981173844,
                1.0645281596725539e-09,
                7.985975508658659e-10
            ],
            [
                0.0,
                1.5924770969462322e-10,
                9.95697551764238e-07,
                0.9992892972425018,
                0.000709706900698728
            ],
            [
                0.0,
                8.373820212541017e-12,
                5.916318406708191e-10,
                6.000654111846407e-05,
                0.9999399928588759
            ]
        ],
        [
            [
                0.9999999987729573,
                1.1418302339367783e-09,
                8.402030524466605e-11,
                1.02738548232462e-12,
                1.648367630234907e-13
            ],
            [
                0.9999999856196815,
                1.38737209891521e-08,
                5.036307302201087e-10,
                2.6156113666572445e-12,
                3.509692745629013e-13
            ],
            [
                0.0,
                3.268934638414741e-10,
                0.9999999982788141,
                6.356054531975863e-10,
                7.586871490630463e-10
            ],
            [
                0.0,
                0.0,
                1.2862213090605814e-08,
                0.9800864190773739,
                0.019913568060413004
            ],
            [
                0.9999999985295507,
                1.312690308187473e-09,
                1.5612736960618428e-10,
                1.548989234821605e-12,
                8.250232987253616e-14
            ]
        ],
        [
            [
                0.9999999992539166,
                6.273371195306568e-10,
                1.1794444356600968e-10,
                7.257086769254827e-13,
                7.60872391799147e-14
            ],
            [
                0.9999999811968313,
                1.793359922227845e-08,
                8.64597299829922e-10,
                4.8579454169168546e-12,
                1.1424683614948577e-13
            ],
            [
                0.0,
                3.695724879367366e-11,
                0.999999998535058,
                3.7868048664101396e-10,
                1.0493042882764591e-09
            ],
            [
                0.0,
                5.5073279185581114e-11,
                1.772902749610219e-08,
                0.8518395579871516,
                0.14816042422874753
            ],
            [
                0.9999999943497078,
                5.50785903379575e-09,
                1.3880350543195964e-10,
                3.2466117541332085e-12,
                3.8332713777858453e-13
            ]
        ],
        [
            [
                0.9999999930797385,
                6.744175143430202e-09,
                1.732406674000527e-10,
                2.5459336584470387e-12,
                2.9963532057551385e-13
            ],
            [
                0.9999999924757054,
                7.428702756454137e-09,
                9.342460619260329e-11,
                2.0111394807593124e-12,
                1.562459933245892e-13
            ],
            [
                0.0,
                1.9013559924166195e-10,
                0.9999999970148921,
                1.9903107495166914e-09,
                8.046614833632835e-10
            ],
            [
                0.0,
                0.0,
                9.126979267986919e-08,
                0.9990616355466253,
                0.0009382731835819297
            ],
            [
                0.9999999967150306,
                3.1495329624198233e-09,
                1.3286876984363477e-10,
                2.336075087858991e-12,
                2.313777685527951e-13
            ]
        ],
        [
            [
                0.9999999992966531,
                6.163002604115846e-10,
                8.564134982456163e-11,
                1.331456654546433e-12,
                7.392894262876501e-14
            ],
            [
                0.9999999961099026,
                3.721923634929468e-09,
                1.6681919259973298e-10,
                1.2600353159765503e-12,
                9.426178084675661e-14
            ],
            [
                0.0,
                8.401053017727744e-11,
                0.9999999985446522,
                5.83597079141947e-10,
                7.877400007525882e-10
            ],
            [
                0.0,
                0.0,
                1.2584629572283236e-07,
                0.9980059513898463,
                0.001993922763857986
            ],
            [
                0.0,
                5.743646151182311e-12,
                1.1316286883117666e-10,
                6.745902899202621e-08,
                0.9999999324220645
            ]
        ],
        [
            [
                0.9999999989963928,
                8.971717874013058e-10,
                1.0519549349107743e-10,
                1.123474463745738e-12,
                1.1638377716633325e-13
            ],
            [
                0.9999999023088328,
                9.706987506209655e-08,
                6.187253864177742e-10,
                2.4258140628045047e-12,
                1.4082572539262493e-13
            ],
            [
                0.0,
                4.081621210919406e-11,
                0.9999999993763813,
                2.816960638594639e-10,
                3.0110644310402117e-10
            ],
            [
                0.0,
                1.5822859465134785e-10,
                2.3580277423832385e-07,
                0.001145688012358735,
                0.9988540760266384
            ],
            [
                0.9999999927051646,
                6.7312340351866736e-09,
                5.495777767646675e-10,
                1.2790318244214571e-11,
                1.2333870567874168e-12
            ]
        ],
        [
            [
                0.9999999897573607,
                1.0037681069891767e-08,
                2.0261111248031006e-10,
                2.1541794478191627e-12,
                1.9300429945017366e-13
            ],
            [
                0.9999999879321878,
                1.1708587618503774e-08,
                3.549890993205377e-10,
                4.0180328855113924e-12,
                2.1727225195687593e-13
            ],
            [
                0.0,
                9.253452187478165e-11,
                0.9999999994762909,
                2.084061039266032e-10,
                2.22768533827956e-10
            ],
            [
                0.0,
                6.864548490375524e-12,
                1.5273083779686256e-09,
                5.218189493031637e-05,
                0.9999478165708967
            ],
            [
                0.0,
                5.727859505299049e-12,
                1.7286768970240406e-10,
                2.5917078934710853e-06,
                0.999997408113511
            ]
        ],
        [
            [
                0.9999999977312364,
                2.218828019385248e-09,
                4.86596022066351e-11,
                1.17097922450158e-12,
                1.0501791247478342e-13
            ],
            [
                0.9999999804057819,
                1.8985783636628665e-08,
                6.04545943604262e-10,
                3.7011829120262394e-12,
                1.8723430818211005e-13
            ],
            [
                0.0,
                5.014087273348269e-11,
                0.999999998672026,
                8.182002891656765e-10,
                4.5963280889024513e-10
            ],
            [
                0.0,
                0.0,
                3.589395763550808e-09,
                0.995783828558045,
                0.004216167852559266
            ],
            [
                0.0,
                5.2731395174243605e-12,
                7.267209678947776e-10,
                1.0358949788686597e-06,
                0.999998963373027
            ]
        ],
        [
            [
                0.9999999866288884,
                1.322603022605009e-08,
                1.4206911859387975e-10,
                2.8874310222149234e-12,
                1.2476039011077403e-13
            ],
            [
                0.9999999848812564,
                1.505667975140336e-08,
                6.010515670825374e-11,
                1.8489323526500912e-12,
                1.0977689408956535e-13
            ],
            [
                0.0,
                6.31247297216441e-11,
                0.9999999983212695,
                7.364662983818344e-10,
                8.791395368835153e-10
            ],
            [
                0.0,
                1.5641380644045366e-10,
                1.443436275440946e-07,
                0.01334170803954065,
                0.986658147460418
            ],
            [
                0.9999999994798152,
                3.5905373552005125e-10,
                1.586677083913348e-10,
                1.9782760760739976e-12,
                4.852090582147901e-13
            ]
        ],
        [
            [
                0.9999999995292521,
                3.91946074341403e-10,
                7.794566334748764e-11,
                7.471017575622433e-13,
                1.090604327380122e-13
            ],
            [
                0.9999999964991888,
                3.3099875310013166e-09,
                1.8916905038619518e-10,
                1.4842370785617481e-12,
                1.7036956076123082e-13
            ],
            [
                0.0,
                2.4525487344111187e-10,
                0.9999999981702605,
                7.922422723510697e-10,
                7.922422723510697e-10
            ],
            [
                0.0,
                6.105438721615064e-10,
                1.1482967421697966e-06,
                0.4228027202097376,
                0.5771961308829763
            ],
            [
                0.0,
                6.923169279473732e-11,
                5.212717164608865e-09,
                1.9549583786350866e-06,
                0.9999980397596726
            ]
        ],
        [
            [
                0.9999999973203992,
                2.490858441121124e-09,
                1.8582359619376842e-10,
                2.7105923786049123e-12,
                2.0828895238731967e-13
            ],
            [
                0.9999999971622633,
                2.7513923198146933e-09,
                8.524370675748068e-11,
                1.0394741663446862e-12,
                6.133146140221676e-14
            ],
            [
                0.0,
                3.7961100438070535e-11,
                0.999999999026437,
                6.822134303449292e-10,
                2.5338831875755125e-10
            ],
            [
                0.0,
                0.0,
                9.997008666352196e-08,
                0.9912817703969101,
                0.008718129633003172
            ],
            [
                0.9999999985806882,
                1.156100954697197e-09,
                2.6082856936078544e-10,
                2.1483324174366436e-12,
                2.340274952861641e-13
            ]
        ],
        [
            [
                0.9999999996327165,
                2.825505780369284e-10,
                8.3817825827675e-11,
                8.147620561769209e-13,
                1.0044397044029829e-13
            ],
            [
                0.9999999935142001,
                5.212210365231426e-09,
                1.2656615273636297e-09,
                7.583116723798168e-12,
                3.4473674149434117e-13
            ],
            [
                0.0,
                1.0241661088938215e-10,
                0.9999999977242633,
                1.0149103246567704e-09,
                1.1584097776950581e-09
            ],
            [
                0.0,
                4.876982404023612e-10,
                1.9519683660895017e-06,
                0.2487300437856053,
                0.7512680037583304
            ],
            [
                0.9999999977988061,
                2.095373827686173e-09,
                1.047805784190414e-10,
                9.337498706407673e-13,
                1.0559617905087963e-13
            ]
        ],
        [
            [
                0.9999999986409627,
                1.3104538559310005e-09,
                4.802147964359623e-11,
                4.973231199361786e-13,
                6.429014592324733e-14
            ],
            [
                0.9999999978062688,
                2.124963875884642e-09,
                6.820504495081894e-11,
                5.285391081911882e-13,
                3.377020580615865e-14
            ],
            [
                0.0,
                4.2205134405138935e-11,
                0.9999999988687294,
                4.2005747080257783e-10,
                6.690080197058906e-10
            ],
            [
                0.0,
                3.3422453284799937e-10,
                1.8080177875842604e-07,
                0.05856717640712472,
                0.941432642456872
            ],
            [
                0.0,
                1.1142756350655515e-10,
                9.906392216167387e-08,
                0.0016559390116414065,
                0.9983439618130089
            ]
        ],
        [
            [
                0.999999981230231,
                1.85813149684792e-08,
                1.8409743273240128e-10,
                3.912398443128617e-12,
                4.4409343616163903e-13
            ],
            [
                0.9999999698909154,
                2.937800665278018e-08,
                7.254648045879905e-10,
                5.198748963496004e-12,
                4.1440588790253837e-13
            ],
            [
                0.0,
                1.7838162981030177e-10,
                0.99999999797172,
                5.409036220102848e-10,
                1.3089949641845963e-09
            ],
            [
                0.0,
                0.0,
                5.0448014034524104e-08,
                0.9999917063091598,
                8.243242826299332e-06
            ],
            [
                0.0,
                1.4861308650764568e-10,
                5.8726546133944685e-09,
                5.9013273974001125e-05,
                0.9999409807047583
            ]
        ],
        [
            [
                0.9999999897550761,
                1.0017789633585445e-08,
                2.2222532653887603e-10,
                4.534403582192761e-12,
                3.7461810558992435e-13
            ],
            [
                0.999999980394073,
                1.853858681340473e-08,
                1.0647779125373099e-09,
                2.252992360790612e-12,
                3.0919688710471743e-13
            ],
            [
                0.0,
                1.0883083040463558e-09,
                0.999999996457839,
                1.6552549956900616e-09,
                7.985975495405571e-10
            ],
            [
                0.0,
                1.043722771597178e-10,
                9.166162344404952e-08,
                0.032611813438087806,
                0.9673880947959165
            ],
            [
                0.0,
                5.833330735397892e-11,
                5.0354458246161645e-09,
                0.00011090863275853077,
                0.9998890862734623
            ]
        ],
        [
            [
                0.9999999985953625,
                1.2027556784956818e-09,
                2.007404965754208e-10,
                1.0280990177637209e-12,
                1.1322033423777222e-13
            ],
            [
                0.9999999959913166,
                3.8666834504808955e-09,
                1.4033712170079782e-10,
                1.5506860210289951e-12,
                1.1205783418349272e-13
            ],
            [
                0.0,
                5.439450399411778e-11,
                0.999999998915098,
                5.323937885308596e-10,
                4.981137159992262e-10
            ],
            [
                0.0,
                0.0,
                8.699727720134776e-08,
                0.99994593226386,
                5.398073886278882e-05
            ],
            [
                0.0,
                5.532287841405414e-12,
                1.4222936028661692e-10,
                3.9436545507054804e-05,
                0.9999605633067313
            ]
        ],
        [
            [
                0.9999999944373701,
                5.304408551979037e-09,
                2.5410606592099e-10,
                3.750901831894907e-12,
                3.642243120092848e-13
            ],
            [
                0.9999999877732221,
                1.1775597055964141e-08,
                4.471155844913408e-10,
                3.820936949571185e-12,
                2.4425174809045325e-13
            ],
            [
                0.0,
                1.189066820356947e-10,
                0.9999999986228867,
                4.921997248356414e-10,
                7.660068386648127e-10
            ],
            [
                0.0,
                7.334897582976008e-11,
                1.738442628238668e-08,
                0.01614887981843466,
                0.9838511027237901
            ],
            [
                0.0,
                9.875715627437697e-12,
                9.568723615649358e-10,
                4.485339949643585e-06,
                0.9999955136933022
            ]
        ],
        [
            [
                0.9999999991053523,
                7.806413388075657e-10,
                1.1284666667103556e-10,
                1.025637065105605e-12,
                1.3412922584873526e-13
            ],
            [
                0.9999997839415246,
                2.1414118361051614e-07,
                1.9109005749837817e-09,
                6.161045456352828e-12,
                2.3018664428272485e-13
            ],
            [
                0.0,
                3.171708164518061e-11,
                0.9999999986937351,
                9.001834431127972e-10,
                3.743643949914423e-10
            ],
            [
                0.0,
                6.990139486764941e-10,
                4.54332098683715e-06,
                0.9966601405910055,
                0.003335315388993808
            ],
            [
                0.0,
                1.7449502301687064e-12,
                7.640875588658164e-11,
                1.4685621450514653e-06,
                0.9999985313597013
            ]
        ],
        [
            [
                0.9999999993210071,
                6.121436686042348e-10,
                6.609940978149007e-11,
                7.023996076312687e-13,
                4.754774607852574e-14
            ],
            [
                0.9999999936337474,
                6.1146599300053005e-09,
                2.475568267376853e-10,
                3.726997188564592e-12,
                3.0890215862631527e-13
            ],
            [
                0.0,
                3.4376203774142393e-11,
                0.9999999982461749,
                3.918698283190892e-10,
                1.327578828939124e-09
            ],
            [
                0.0,
                1.1316723399271851e-09,
                2.9643316072431515e-06,
                0.7070649081908269,
                0.2929321263458935
            ],
            [
                0.9999999989170314,
                9.249627726735442e-10,
                1.5498567120396404e-10,
                2.5679727051496532e-12,
                4.5223610645371506e-13
            ]
        ],
        [
            [
                0.9999999943282758,
                5.51065418105114e-09,
                1.5849348574455988e-10,
                2.3954634717826987e-12,
                1.8108058912923196e-13
            ],
            [
                0.9999999660398917,
                3.340024371409186e-08,
                5.540413614886495e-10,
                5.253152211632892e-12,
                5.700456467763258e-13
            ],
            [
                0.0,
                2.984264732484209e-11,
                0.9999999991350821,
                3.7133985256330025e-10,
                4.637354630554154e-10
            ],
            [
                0.0,
                1.3300283836790948e-11,
                3.3853615679495286e-09,
                0.0008691721923865582,
                0.9991308244089516
            ],
            [
                0.0,
                3.1263479108220826e-12,
                1.3806682900755176e-10,
                2.473138155395269e-06,
                0.9999975267206515
            ]
        ],
        [
            [
                0.9999999995061566,
                4.259869205656643e-10,
                6.698963869829094e-11,
                7.674036984066439e-13,
                9.927300533100501e-14
            ],
            [
                0.9999999885080085,
                1.1287132012801733e-08,
                2.0340139397942973e-10,
                1.3810777011765862e-12,
                7.708286742214262e-14
            ],
            [
                0.0,
                8.157269576371293e-11,
                0.999999999083427,
                3.6223375328297253e-10,
                4.727663899138647e-10
            ],
            [
                0.0,
                0.0,
                5.522476282272164e-07,
                0.9829800558427145,
                0.017019391909657244
            ],
            [
                0.0,
                3.272518559646414e-12,
                1.3787630367712727e-10,
                7.162058755739513e-08,
                0.9999999282382636
            ]
        ],
        [
            [
                0.9999999977616998,
                2.1309749242706195e-09,
                1.0519549336119329e-10,
                2.0013434100197215e-12,
                1.2865885646458342e-13
            ],
            [
                0.9999999790623502,
                2.0296019479627782e-08,
                6.37150600938879e-10,
                4.2967897383850455e-12,
                1.8306141128108821e-13
            ],
            [
                0.0,
                4.4603723987113617e-10,
                0.9999999976772505,
                1.344347969747854e-09,
                5.323643403299234e-10
            ],
            [
                0.0,
                4.1362711302476783e-10,
                4.4615915769248843e-07,
                0.8787522697505781,
                0.12124728367663723
            ],
            [
                0.9999999954239527,
                4.454126034368201e-09,
                1.1879447036924078e-10,
                2.9813730519729364e-12,
                1.4550400633335258e-13
            ]
        ],
        [
            [
                0.9999999989277932,
                9.514362775538891e-10,
                1.1914755680229572e-10,
                1.4922618147505946e-12,
                1.3063434845730193e-13
            ],
            [
                0.9999999885531913,
                1.109007827701194e-08,
                3.540748559034094e-10,
                2.51049597442838e-12,
                1.4514505153601832e-13
            ],
            [
                0.0,
                6.789548300220366e-11,
                0.999999997379887,
                1.2200499812547489e-09,
                1.3321674090353813e-09
            ],
            [
                0.0,
                9.025801286733124e-10,
                6.210976302383534e-07,
                0.2526501258161215,
                0.7473492521836682
            ],
            [
                0.0,
                2.445298299880383e-11,
                8.453506232896333e-10,
                3.0875055699123815e-07,
                0.9999996903796394
            ]
        ],
        [
            [
                0.9999999989473678,
                1.002160683904105e-09,
                4.941174066735648e-11,
                9.363573078216277e-13,
                1.2340076527687833e-13
            ],
            [
                0.999999994876964,
                4.989697710616569e-09,
                1.3218123298782854e-10,
                1.087860439848023e-12,
                6.938652469994106e-14
            ],
            [
                0.0,
                5.044967239046145e-11,
                0.9999999979427816,
                5.24328768014473e-10,
                1.4824399461641237e-09
            ],
            [
                0.0,
                0.0,
                1.1665116071155976e-07,
                0.9811321499521103,
                0.018867733396729
            ],
            [
                0.0,
                1.695567022441006e-11,
                6.85742352588136e-10,
                3.083227449888902e-05,
                0.9999691670228031
            ]
        ],
        [
            [
                0.9999999929456338,
                6.8115800085890234e-09,
                2.3885265451414166e-10,
                3.721889545999716e-12,
                2.1170465670151438e-13
            ],
            [
                0.9999999653662975,
                3.38976316127739e-08,
                7.315382987562787e-10,
                4.256015193334629e-12,
                2.7677084480087417e-13
            ],
            [
                0.0,
                2.0029111391392195e-10,
                0.9999999989351016,
                2.9558398654438533e-10,
                5.690232398459781e-10
            ],
            [
                0.0,
                3.040335062157024e-10,
                6.492865486787632e-07,
                0.13535237027089117,
                0.8646469801385267
            ],
            [
                0.9999999967278375,
                3.2085109663583958e-09,
                6.242382325572447e-11,
                1.1161484503142119e-12,
                1.1150690603616661e-13
            ]
        ],
        [
            [
                0.9999999988353419,
                1.0385066945054136e-09,
                1.2455681528623785e-10,
                1.45984717150759e-12,
                1.3487473544660253e-13
            ],
            [
                0.9999999955279892,
                4.418553463312366e-09,
                5.2512015810833774e-11,
                8.766365848279267e-13,
                6.85765776350271e-14
            ],
            [
                0.0,
                4.5175723025343004e-11,
                0.9999999986032486,
                5.645326101111098e-10,
                7.870431516099187e-10
            ],
            [
                0.0,
                1.7497378900120365e-10,
                8.144114039873009e-08,
                0.007321795283617926,
                0.9926781231002678
            ],
            [
                0.9999999952888698,
                4.4257903676517675e-09,
                2.8207995096367064e-10,
                2.6620969626705967e-12,
                5.977560616178076e-13
            ]
        ],
        [
            [
                0.9999999883993981,
                1.1437183964885712e-08,
                1.601682596463894e-10,
                3.017834363318598e-12,
                2.318601881830992e-13
            ],
            [
                0.9999999839681526,
                1.5713730658805383e-08,
                3.154388923347498e-10,
                2.568055934436943e-12,
                1.0977689398932765e-13
            ],
            [
                0.0,
                1.6480675107375446e-11,
                0.9999999993098623,
                3.237166820705411e-10,
                3.4994041810625957e-10
            ],
            [
                0.0,
                1.3984227363795547e-10,
                4.75671232413091e-08,
                0.001108145365380622,
                0.9988918069276539
            ],
            [
                0.0,
                1.1725710769134247e-11,
                5.22858694885665e-10,
                0.0008361800220852599,
                0.9991638194433304
            ]
        ],
        [
            [
                0.9999999931776618,
                6.5703406507916066e-09,
                2.485897382939865e-10,
                3.103160483665482e-12,
                3.0469658339841767e-13
            ],
            [
                0.9999999574380403,
                4.2317240574833276e-08,
                2.4077604293109983e-10,
                3.742690429550101e-12,
                2.0017660714513806e-13
            ],
            [
                0.0,
                9.205762833970345e-11,
                0.9999999985147872,
                5.746676107331611e-10,
                8.184874885800138e-10
            ],
            [
                0.0,
                0.0,
                4.8353896330516316e-08,
                0.9324580712682348,
                0.06754188037786894
            ],
            [
                0.0,
                2.254394953615617e-11,
                4.81970689563084e-09,
                0.00023915973610319464,
                0.999760835421646
            ]
        ],
        [
            [
                0.9999999842192464,
                1.5479970292883172e-08,
                2.942732854291318e-10,
                6.163078524996814e-12,
                3.467751762637155e-13
            ],
            [
                0.999999936522106,
                6.295024922531963e-08,
                5.20941522507184e-10,
                6.3251972614531304e-12,
                3.7819559398043435e-13
            ],
            [
                0.0,
                4.805018148412292e-10,
                0.9999999987124639,
                3.0471971640519104e-10,
                5.023145173877407e-10
            ],
            [
                0.0,
                8.970840338244956e-11,
                3.7819507967161604e-08,
                0.009702379480078776,
                0.9902975826107048
            ],
            [
                0.0,
                2.5631477967657686e-12,
                1.0495499544650261e-10,
                1.6698347735482543e-06,
                0.9999983300577083
            ]
        ],
        [
            [
                0.9999999991772524,
                6.148560907048699e-10,
                2.0649655596457518e-10,
                1.241596255539865e-12,
                1.5324525911608777e-13
            ],
            [
                0.9999999981505874,
                1.5992626680574817e-09,
                2.4879323196457856e-10,
                1.3567775683941465e-12,
                0.0
            ],
            [
                0.0,
                9.962431083811092e-10,
                0.9999999970072493,
                1.2153838616036083e-09,
                7.811239077446971e-10
            ],
            [
                0.0,
                1.8876500892510016e-10,
                2.278233168895003e-08,
                0.08682906824074313,
                0.9131709087881601
            ],
            [
                0.0,
                4.409084129014375e-12,
                2.40772378640268e-10,
                2.3864981352706737e-06,
                0.9999976132566833
            ]
        ],
        [
            [
                0.9999999955367525,
                4.278542919109602e-09,
                1.8105461844898792e-10,
                3.444175043889709e-12,
                2.0593575109298675e-13
            ],
            [
                0.9999999895383268,
                1.0017789631414096e-08,
                4.3955530136114207e-10,
                4.1937657523464454e-12,
                1.3451557336234446e-13
            ],
            [
                0.0,
                4.6661434588112534e-11,
                0.9999999993958595,
                2.880239370735161e-10,
                2.694553602920499e-10
            ],
            [
                0.0,
                1.7238828618939357e-10,
                3.840086937915158e-08,
                0.0035202331429305452,
                0.9964797282838118
            ],
            [
                0.0,
                3.859280199009007e-12,
                2.4126013246593145e-10,
                7.943705464967796e-08,
                0.999999920317826
            ]
        ],
        [
            [
                0.9999999992728121,
                6.980560532098378e-10,
                2.844169314727441e-11,
                6.178305411626115e-13,
                7.247510878447606e-14
            ],
            [
                0.9999999771409659,
                2.2524082924451322e-08,
                3.305979266027479e-10,
                3.965937855932447e-12,
                3.87270566038134e-13
            ],
            [
                0.0,
                1.0703974583391707e-10,
                0.9999999982862449,
                3.364612435420127e-10,
                1.2702541414754372e-09
            ],
            [
                0.0,
                3.903264588110726e-10,
                1.1268816805951842e-06,
                0.9669435537507887,
                0.03305531897720425
            ],
            [
                0.0,
                5.977700623370042e-12,
                2.562485665824517e-10,
                4.5642820500701874e-07,
                0.9999995433095688
            ]
        ],
        [
            [
                0.9999999974327247,
                2.327645874124061e-09,
                2.3554056723658024e-10,
                3.201592105590357e-12,
                8.872154404759148e-13
            ],
            [
                0.9999999941670799,
                5.62092858945705e-09,
                2.1010115458854786e-10,
                1.8041497143903248e-12,
                8.639707739529707e-14
            ],
            [
                0.0,
                3.837452365767953e-11,
                0.9999999964085129,
                2.764996818879485e-09,
                7.881157123423308e-10
            ],
            [
                0.0,
                2.1474497804567106e-10,
                5.209755948824651e-07,
                0.9685579874273094,
                0.03144149138235078
            ],
            [
                0.0,
                6.618503884644534e-12,
                3.3692299120533615e-10,
                7.232550686240546e-06,
                0.9999927671057723
            ]
        ],
        [
            [
                0.9999999968750448,
                2.9291882503887167e-09,
                1.933402507088126e-10,
                2.145224571153016e-12,
                2.8149905299516265e-13
            ],
            [
                0.9999999972317377,
                2.632190894488713e-09,
                1.337577114148034e-10,
                2.152955397992526e-12,
                1.6071364364263534e-13
            ],
            [
                0.0,
                3.2638056013872806e-11,
                0.9999999987705721,
                6.643717481242015e-10,
                5.324181600652812e-10
            ],
            [
                0.0,
                0.0,
                1.753732448197475e-08,
                0.9995442060288854,
                0.000455776433790142
            ],
            [
                0.999999997840523,
                1.8726755060720343e-09,
                2.8226186270052997e-10,
                4.327228585145092e-12,
                2.1248865976841293e-13
            ]
        ],
        [
            [
                0.9999999998057636,
                1.5659709318151466e-10,
                3.7130354364261736e-11,
                4.3968963546111244e-13,
                6.932752458569258e-14
            ],
            [
                0.9999999895403474,
                1.0272915485878417e-08,
