{
    "[['A', 'B', 'C', 'D', 'E'], ['A', 'B', 'C', 'D', 'E']]": [
        [
            [
                0.0018243831875729137,
                2.581306915988864e-07,
                1.770931679271268e-07,
                2.948051863319588e-07,
                0.9981748867833813
            ],
            [
                0.0,
                5.859756971976303e-08,
                0.9999938193704426,
                1.0022845747130326e-06,
                5.1197474128974415e-06
            ],
            [
                0.0,
                1.3179210143215653e-09,
                0.9999999807919343,
                1.4979196641155913e-08,
                2.9109478626411026e-09
            ],
            [
                5.9508342981153204e-05,
                0.021045403680916255,
                0.012097916348442372,
                6.802167663511849e-05,
                0.9667291499510251
            ],
            [
                3.5740792176100928e-09,
                6.741898753423206e-09,
                3.057436606834006e-07,
                5.158315108413466e-07,
                0.9999991681088506
            ]
        ],
        [
            [
                0.022138582189244516,
                2.9966382232004187e-06,
                3.822989795981783e-06,
                1.7213530717730932e-06,
                0.9778528768296646
            ],
            [
                0.0,
                7.602691310921803e-06,
                0.9999914489533892,
                6.108587260579589e-07,
                3.374965738533645e-07
            ],
            [
                0.0,
                9.266393651110766e-12,
                0.9999999998690445,
                6.287958927955173e-11,
                5.880954648140093e-11
            ],
            [
                4.866642596074547e-09,
                1.546875434567667e-08,
                7.223719876660166e-06,
                1.0130793386553588e-06,
                0.9999917428653876
            ],
            [
                0.001057776370200413,
                2.4262668815295866e-05,
                2.717926187423196e-06,
                5.527521353357252e-06,
                0.9989097155134435
            ]
        ],
        [
            [
                8.334142568948076e-05,
                3.8824911054718863e-07,
                6.725523320443628e-07,
                1.2416864238715345e-06,
                0.9999143560864442
            ],
            [
                0.0,
                5.738278340087229e-07,
                0.9999987752755428,
                4.2694169453414e-07,
                2.2395492869539073e-07
            ],
            [
                0.0,
                7.682201973223515e-11,
                0.9999999988086294,
                7.390583030597553e-10,
                3.754899881365567e-10
            ],
            [
                1.2550560686362543e-08,
                1.2205510537551639e-08,
                5.144785090136969e-07,
                6.352268124280468e-06,
                0.9999931084972955
            ],
            [
                3.2503875052342255e-07,
                3.8857328056228e-07,
                8.517908272818547e-06,
                2.839228238590913e-06,
                0.9999879292514575
            ]
        ],
        [
            [
                6.829032168302048e-07,
                5.7100803514102045e-08,
                1.920479447775298e-07,
                4.2340357522533775e-07,
                0.9999986445444596
            ],
            [
                2.722511175289568e-07,
                7.506836081527743e-05,
                0.9989929180975166,
                0.00011342813303245721,
                0.0008183131575182106
            ],
            [
                0.0,
                4.1723317584833715e-10,
                0.9999999940375672,
                4.415916367023577e-09,
                1.1292832822744166e-09
            ],
            [
                9.182940096040734e-05,
                0.09607403900005525,
                0.8954236761008347,
                0.00019699551497485537,
                0.0082134599831748
            ],
            [
                4.946247606855199e-07,
                8.378118999862643e-08,
                1.0478888409133803e-06,
                8.980248759770631e-07,
                0.9999974756803325
            ]
        ],
        [
            [
                2.3386780825752311e-07,
                3.676137183495898e-08,
                2.4987482808034234e-07,
                3.715568838670874e-07,
                0.999999107939108
            ],
            [
                6.242234229981845e-09,
                1.6013828289672196e-05,
                0.9999837184703156,
                1.9901952012920693e-07,
                6.243964032694185e-08
            ],
            [
                0.0,
                2.546998651924858e-11,
                0.9999999990076864,
                4.139696619656471e-10,
                5.528738460839619e-10
            ],
            [
                1.173796853848751e-08,
                5.041934828491032e-08,
                2.8003524703593027e-07,
                7.940989474421305e-07,
                0.9999988637084888
            ],
            [
                1.1594565248707685e-07,
                5.56635983217973e-08,
                2.011051663334835e-06,
                1.0328083929686678e-06,
                0.9999967845306929
            ]
        ],
        [
            [
                0.9999986796283529,
                7.500753245896123e-07,
                2.4891072133064757e-08,
                8.76952767678088e-09,
                5.366357228148957e-07
            ],
            [
                6.738345279574049e-07,
                0.009552701834216045,
                0.9904385091754607,
                3.7864193689535137e-06,
                4.328736426320667e-06
            ],
            [
                0.0,
                0.0,
                0.9999999992842961,
                3.757787239682249e-10,
                3.399251445893871e-10
            ],
            [
                6.254671124528558e-07,
                0.8997808679563778,
                0.1002174625217996,
                6.685562461892106e-07,
                3.754984641332843e-07
            ],
            [
                1.8736215748222357e-06,
                0.00013290782929317242,
                0.27252836231670474,
                8.770883833975992e-05,
                0.7272491473940875
            ]
        ],
        [
            [
                1.727973069400193e-06,
                8.93400468364872e-08,
                1.3545888369969032e-06,
                1.1097441464766464e-06,
                0.9999957183539003
            ],
            [
                3.941809558914511e-06,
                0.49999767570417214,
                0.49999767570417214,
                5.378207086461694e-07,
                1.68961387999086e-07
            ],
            [
                0.0,
                1.7163172081948878e-10,
                0.9999999970241589,
                2.1398376802708925e-09,
                6.643717469639338e-10
            ],
            [
                1.5931927221166378e-06,
                7.470805687594413e-05,
                0.0007766901511814087,
                5.3483783757668747e-05,
                0.9990935248154629
            ],
            [
                4.330550788332343e-05,
                4.732538430031764e-07,
                2.540268668708944e-06,
                2.3260361658027336e-06,
                0.9999513549334392
            ]
        ],
        [
            [
                0.9999966006706724,
                6.463211763369386e-07,
                1.2100950792408034e-07,
                2.3112916025916802e-08,
                2.608885727198336e-06
            ],
            [
                1.058776943851094e-06,
                2.1104755037222705e-05,
                0.0018771674971239268,
                0.00018223590930978832,
                0.9979184330615852
            ],
            [
                0.0,
                2.941745197123978e-10,
                0.9999999954100467,
                3.5505970676823037e-09,
                7.45181638817558e-10
            ],
            [
                8.21307979665277e-08,
                0.00044039293406107453,
                0.9995589529868059,
                3.544467280118448e-07,
                2.1750160703957628e-07
            ],
            [
                3.101314934147331e-06,
                7.977515448001752e-07,
                1.8361492451465917e-06,
                3.101314934147331e-06,
                0.9999911634693418
            ]
        ],
        [
            [
                0.9947218178044092,
                1.5781765114990174e-06,
                1.21422724892978e-06,
                5.637587629485792e-07,
                0.005274826033067618
            ],
            [
                2.056158990033315e-07,
                1.155964305461883e-05,
                0.5944880536542377,
                5.820683104863731e-05,
                0.40544197425576006
            ],
            [
                0.0,
                1.074825183754783e-09,
                0.9999999797321328,
                1.548215527942579e-08,
                3.7108868181484936e-09
            ],
            [
                3.1958087004595185e-08,
                3.906336811038912e-08,
                2.8827788754543526e-06,
                6.353312785746672e-07,
                0.999996410868391
            ],
            [
                1.4062135617618232e-07,
                6.915318078199741e-07,
                0.00017634061719490644,
                1.938333927322112e-06,
                0.9998208888957137
            ]
        ],
        [
            [
                0.9999362399235202,
                6.360661124758613e-05,
                1.1010834757465043e-07,
                5.220100063728337e-09,
                3.8136784573571474e-08
            ],
            [
                0.0,
                2.417958073059616e-07,
                0.999992999952174,
                9.200647421757059e-07,
                5.838187276435266e-06
            ],
            [
                0.0,
                4.637354603715854e-10,
                0.9999999933476662,
                4.231762413327764e-09,
                1.9568356944548933e-09
            ],
            [
                7.657417745824358e-08,
                7.873893175063875e-08,
                2.3245105650271805e-06,
                8.343228546395452e-06,
                0.9999891769477793
            ],
            [
                9.51143307443923e-08,
                4.429246574418574e-08,
                4.5098762236903954e-07,
                4.821743715299965e-07,
                0.9999989274312097
            ]
        ],
        [
            [
                2.5573591221529085e-06,
                5.457960220434806e-07,
                5.5080617754685996e-06,
                1.4115537887669452e-06,
                0.9999899772292916
            ],
            [
                1.1251672162335149e-07,
                4.829477834093623e-06,
                0.031895600778116505,
                0.0008399489090898913,
                0.9672595083182378
            ],
            [
                0.0,
                1.7430635148764765e-09,
                0.9999999814514108,
                1.3915726700050264e-08,
                2.8897990330689576e-09
            ],
            [
                1.308923865196609e-07,
                3.110237522536878e-07,
                4.250039672190838e-05,
                5.361172980079682e-06,
                0.9999516965141593
            ],
            [
                4.281057836859045e-05,
                2.4276058083289967e-06,
                7.631690417649938e-06,
                2.771580126085832e-06,
                0.9999443585452793
            ]
        ],
        [
            [
                7.192010679045126e-06,
                1.6924927906339577e-07,
                9.460803927504674e-07,
                3.8359124977675646e-07,
                0.9999913090683994
            ],
            [
                7.052187299266869e-09,
                1.4824484754711448e-07,
                3.781109073533205e-05,
                1.0943928700982775e-05,
                0.9999510896835287
            ],
            [
                0.0,
                3.4649868347297623e-10,
                0.9999999930371515,
                4.490027800297739e-09,
                2.1263220703442296e-09
            ],
            [
                4.662546995301009e-08,
                3.046646496103993e-07,
                8.677627698561236e-06,
                4.189301111194069e-06,
                0.9999867817810708
            ],
            [
                0.005279422932012011,
                6.987024752496944e-07,
                8.714653355258977e-07,
                6.684803118323799e-07,
                0.9947183384198655
            ]
        ],
        [
            [
                3.0796950582219606e-07,
                1.292787824217539e-07,
                2.116004694871163e-06,
                8.177842567004403e-07,
                0.9999966289627602
            ],
            [
                8.964645665244079e-08,
                0.00010739437353085422,
                0.9995965709006257,
                1.985047005351724e-05,
                0.00027609460933327763
            ],
            [
                0.0,
                7.929951298546347e-10,
                0.9999999742780832,
                1.9432459886175173e-08,
                5.4964618589430856e-09
            ],
            [
                1.3038997761237641e-08,
                1.5578336273472412e-08,
                1.489540681135526e-06,
                1.721479451885093e-06,
                0.9999967603625328
            ],
            [
                1.3326262294581234e-05,
                0.00018238194432230645,
                0.01404102446290864,
                2.366807534550195e-05,
                0.9857395992551289
            ]
        ],
        [
            [
                0.00032667628168409307,
                1.65603496531864e-07,
                7.197570987688115e-07,
                3.4933272882065773e-07,
                0.9996720890249917
            ],
            [
                0.0,
                1.1924077921145427e-06,
                0.9999986522805844,
                1.3687192039826183e-07,
                1.8439702990596852e-08
            ],
            [
                0.0,
                3.374842890548998e-11,
                0.9999999991138759,
                3.58075064623987e-10,
                4.943005282003894e-10
            ],
            [
                1.2942439594210727e-08,
                3.378319460997523e-08,
                1.5581227367591326e-07,
                5.49507637128792e-06,
                0.9999943023857208
            ],
            [
                6.82221026553318e-07,
                3.710446934087284e-06,
                3.5540939779336716e-05,
                5.295490930685306e-06,
                0.9999547709013293
            ]
        ],
        [
            [
                0.14547758656320242,
                2.7088251492384845e-06,
                1.4346044654619233e-06,
                1.9936818606662e-06,
                0.8545162763253221
            ],
            [
                4.64579591835581e-08,
                1.940877148875404e-06,
                0.999996804962337,
                8.18620588156133e-07,
                3.890819669370072e-07
            ],
            [
                0.0,
                8.65323211286122e-10,
                0.9999999904042155,
                6.941396926380906e-09,
                1.7890645313841115e-09
            ],
            [
                1.3029457758258645e-07,
                2.3516519146086325e-07,
                6.50503211927774e-05,
                1.317040402538661e-05,
                0.9999214138150129
            ],
            [
                8.063611288404247e-09,
                7.156947424772961e-09,
                3.901234627108742e-07,
                9.239265025897766e-07,
                0.999998670729476
            ]
        ],
        [
            [
                1.3624381827907034e-07,
                4.1494320340530304e-08,
                5.250255840202229e-07,
                6.125866869444097e-07,
                0.9999986846495905
            ],
            [
                0.0,
                5.097037761778757e-07,
                0.999993958923506,
                4.56130576352131e-07,
                5.07524214146452e-06
            ],
            [
                0.0,
                7.138021500616324e-10,
                0.9999999752018485,
                1.9807870926764525e-08,
                4.276478679959931e-09
            ],
            [
                1.6431014637954694e-08,
                2.775891792520361e-06,
                0.9999926112297833,
                7.590291747537734e-07,
                3.8374182347295975e-06
            ],
            [
                1.1017677851722093e-06,
                5.153567606823709e-06,
                0.00017633640582278429,
                2.0520884743754486e-05,
                0.9997968873740415
            ]
        ],
        [
            [
                0.9998940877450888,
                2.981024130400967e-06,
                7.17011994753088e-07,
                9.582760526244463e-08,
                0.00010211839118084332
            ],
            [
                0.0,
                4.748968006933835e-07,
                0.9704765767649435,
                8.067242571226765e-05,
                0.029442275912543562
            ],
            [
                0.0,
                1.061388616758204e-11,
                0.9999999996096613,
                2.0518328510591821e-10,
                1.7454147572989079e-10
            ],
            [
                2.3014464115680963e-08,
                7.660996706994345e-08,
                2.3260894236054205e-06,
                8.541285936031281e-06,
                0.9999890330002092
            ],
            [
                3.1663187864025793e-06,
                1.197661196185968e-07,
                9.523383243963144e-07,
                7.003496655085821e-07,
                0.999995061227104
            ]
        ],
        [
            [
                1.4834900429561682e-06,
                6.180206309488989e-08,
                5.648247583463965e-07,
                2.4973589917654905e-07,
                0.9999976401472365
            ],
            [
                1.5300245594519594e-05,
                0.6389619389678989,
                0.36102176597466423,
                7.532430628817414e-07,
                2.415687796129661e-07
            ],
            [
                0.0,
                8.563922622165888e-11,
                0.9999999980544658,
                1.2187359009901015e-09,
                6.411589711724112e-10
            ],
            [
                1.7623704496329834e-06,
                1.2473775763171036e-06,
                3.230227084162237e-05,
                7.828011840491448e-06,
                0.999956859969292
            ],
            [
                3.635570785167502e-05,
                1.7456356819482148e-05,
                0.0002970203866988303,
                3.7710170768424963e-06,
                0.9996453965315532
            ]
        ],
        [
            [
                7.92324683504292e-06,
                1.7091288298643545e-06,
                3.4522454042118625e-06,
                1.2834692678622608e-06,
                0.999985631909663
            ],
            [
                0.0,
                1.4082766717830777e-07,
                0.999999551446304,
                2.0843072688048467e-07,
                9.929530182278554e-08
            ],
            [
                0.0,
                1.4493205804672623e-09,
                0.9999999886939729,
                6.644405112100375e-09,
                3.2123013022880595e-09
            ],
            [
                3.757236006773686e-06,
                0.8946115097680843,
                0.10359880112308051,
                5.602516661415881e-06,
                0.0017803293561668412
            ],
            [
                1.764924334284216e-07,
                3.560839560445032e-08,
                3.83049101369565e-07,
                1.2316065231416585e-06,
                0.9999981732435465
            ]
        ],
        [
            [
                2.469944267518306e-06,
                8.509081451701111e-08,
                4.1408558692086246e-07,
                2.565724669629821e-07,
                0.9999967743068642
            ],
            [
                0.0,
                7.2751917176650095e-06,
                0.9999916454250176,
                9.742038625793593e-07,
                1.0517940215486124e-07
            ],
            [
                0.0,
                1.7170056214616846e-09,
                0.9999999636678629,
                2.7470623023962596e-08,
                7.144508591258622e-09
            ],
            [
                3.3999340279288674e-09,
                1.3691154329023666e-08,
                3.2629051591802117e-06,
                1.9628739039228464e-06,
                0.9999947571298485
            ],
            [
                1.9984332998977286e-08,
                1.8119896482982286e-07,
                0.0001018476209732415,
                5.556866294812324e-06,
                0.9998923943294341
            ]
        ],
        [
            [
                2.942703503880382e-07,
                4.802768673052917e-08,
                2.2052382689132528e-07,
                3.436814190943347e-07,
                0.9999990934967169
            ],
            [
                1.3413774304499415e-08,
                2.4223581529826905e-06,
                0.9999559295742333,
                4.665345120758497e-06,
                3.6969308718709394e-05
            ],
            [
                0.0,
                2.2942737730705017e-10,
                0.9999999950580094,
                3.246907769440725e-09,
                1.4656553324557129e-09
            ],
            [
                7.483340761566902e-09,
                1.1162912735409618e-08,
                1.820653163146088e-06,
                1.9463361445681488e-06,
                0.9999962143644388
            ],
            [
                4.624675211461173e-08,
                3.9767951176887274e-07,
                0.0003162103140649142,
                8.752768161883831e-05,
                0.9995958180780523
            ]
        ],
        [
            [
                1.3704517662422957e-06,
                2.9242283512615876e-07,
                5.960461014275677e-07,
                1.0501957925430126e-06,
                0.9999966908835045
            ],
            [
                0.0,
                2.9148135880976034e-06,
                0.9999959083619443,
                8.301705824064219e-07,
                3.466538853414493e-07
            ],
            [
                0.0,
                5.612331174348461e-11,
                0.9999999980200007,
                1.020646728584224e-09,
                9.032293266169788e-10
            ],
            [
                3.3908658619429274e-06,
                3.211557243079373e-05,
                0.0009908008453615072,
                0.00019414901251224418,
                0.9987795437038334
            ],
            [
                2.320510181568437e-08,
                2.219320095550134e-08,
                3.1227412241161106e-07,
                3.72685735800086e-07,
                0.999999269641839
            ]
        ],
        [
            [
                0.024944009732168676,
                7.401809977336891e-05,
                1.7980095044345367e-06,
                2.3217522003982924e-06,
                0.9749778524063532
            ],
            [
                5.439144945816444e-09,
                7.201677852275607e-07,
                0.9991907926709808,
                1.143954157323566e-06,
                0.0008073377679316946
            ],
            [
                0.0,
                1.2670376493264466e-10,
                0.9999999978131244,
                1.4117320410456837e-09,
                6.484396475815295e-10
            ],
            [
                7.421989785092558e-09,
                2.2455835960754373e-08,
                5.510176423638831e-07,
                2.862233275500383e-06,
                0.9999965568712564
            ],
            [
                0.9526494573622473,
                0.00023912849529231377,
                6.806408902456621e-06,
                4.98128529733021e-06,
                0.04709962644826078
            ]
        ],
        [
            [
                3.4101324535430837e-06,
                6.494119238512969e-08,
                9.66042889773163e-07,
                4.4890390690376635e-07,
                0.9999951099795573
            ],
            [
                1.5051345670206655e-07,
                2.946122308073038e-06,
                0.022908541602573728,
                3.277705241817634e-05,
                0.9770555847092434
            ],
            [
                0.0,
                4.294569427161418e-12,
                0.9999999997580058,
                1.404712899042065e-10,
                9.722852448676743e-11
            ],
            [
                1.6199372829847926e-06,
                2.893407987231547e-06,
                0.0004609045631817062,
                0.00017971903189941904,
                0.9993548630596486
            ],
            [
                6.875140732291512e-05,
                6.616292987154323e-07,
                1.5997838177844524e-06,
                1.7859494505687538e-06,
                0.99992720123011
            ]
        ],
        [
            [
                6.659809483522401e-05,
                3.1977190077960565e-07,
                7.877036850232967e-07,
                1.0245941903107154e-06,
                0.9999312698353886
            ],
            [
                3.308966528475543e-08,
                2.8952087983379158e-05,
                0.9999665908420308,
                4.252859410620823e-06,
                1.7112090997147326e-07
            ],
            [
                0.0,
                1.6522008542962002e-10,
                0.999999996052779,
                2.8075376272022076e-09,
                9.744634854996428e-10
            ],
            [
                3.090579340458001e-08,
                2.088919365476601e-07,
                2.1055079006095913e-05,
                8.530426409800998e-06,
                0.9999701746968542
            ],
            [
                4.002332428347226e-07,
                7.303293109668132e-07,
                2.0626797798954614e-05,
                1.0205407549284483e-05,
                0.999968037232098
            ]
        ],
        [
            [
                0.9956890530149728,
                2.015416687897776e-05,
                5.0272670886213835e-06,
                5.004590489022283e-07,
                0.00428526509201066
            ],
            [
                4.346600222192601e-09,
                4.4006016346896836e-07,
                0.9999977972097989,
                5.913716285849682e-07,
                1.1670118088125586e-06
            ],
            [
                0.0,
                6.614799939774352e-10,
                0.9999999903259144,
                7.01208350840791e-09,
                2.0005220905614485e-09
            ],
            [
                1.4308578577578483e-08,
                2.2093778565608713e-08,
                2.224200992042976e-05,
                6.48872401153589e-07,
                0.9999770727153213
            ],
            [
                1.2996341529090747e-08,
                1.5283261326007598e-08,
                9.271075629924429e-07,
                3.496784079568874e-07,
                0.9999986949344263
            ]
        ],
        [
            [
                0.0496808479706907,
                4.9378962721442795e-05,
                1.1533766036743391e-05,
                2.387401815528169e-06,
                0.9502558518987356
            ],
            [
                1.0699581773099541e-07,
                1.3746753289420026e-05,
                0.7365838675381332,
                0.0002311609157982376,
                0.26317111779696145
            ],
            [
                0.0,
                1.2115602768306289e-09,
                0.9999999884979206,
                8.814435942622824e-09,
                1.4760831756619216e-09
            ],
            [
                2.3442792928079475e-08,
                4.213502246903157e-06,
                0.99999091073444,
                1.1250561171232446e-06,
                3.7272644030923673e-06
            ],
            [
                1.457404654032618e-06,
                5.295972307432847e-07,
                8.086487314217565e-06,
                2.8755929283714373e-06,
                0.9999870509178727
            ]
        ],
        [
            [
                0.0010306512080459778,
                1.0276331350393812e-05,
                1.0979838707258044e-05,
                3.398256783990775e-06,
                0.9989446943651125
            ],
            [
                2.6857857447567155e-09,
                6.664757694604529e-07,
                0.9999853817308872,
                1.0285149436948479e-06,
                1.2920592613831688e-05
            ],
            [
                0.0,
                3.340116627701096e-10,
                0.9999999944968596,
                3.3312302080794977e-09,
                1.8378983808662283e-09
            ],
            [
                6.804159815715537e-05,
                0.0713913808907799,
                0.5145790506705871,
                0.00027087995890388416,
                0.41369064688157187
            ],
            [
                1.0087568765446104e-07,
                1.260502472577346e-07,
                1.9501059316028878e-06,
                1.0277531824017985e-06,
                0.9999967952149511
            ]
        ],
        [
            [
                6.177888217215204e-05,
                8.709489015352562e-08,
                2.3669969359924274e-07,
                1.9820332636115305e-07,
                0.9999376991199176
            ],
            [
                0.0,
                5.725203327678891e-07,
                0.9999963008177669,
                1.142414703367561e-06,
                1.9842471969202057e-06
            ],
            [
                0.0,
                1.184212548621217e-09,
                0.9999999754788514,
                2.022344910155386e-08,
                3.1134869556486485e-09
            ],
            [
                5.564077606658213e-08,
                7.066157174196064e-07,
                0.001143845665534791,
                3.503172890176512e-05,
                0.9988203603490701
            ],
            [
                3.4931576475364423e-09,
                1.4524374272564285e-08,
                1.1476814897014298e-06,
                6.882809389382709e-07,
                0.9999981460200394
            ]
        ],
        [
            [
                0.0007891447073538844,
                1.3214242595712987e-06,
                4.461130058405726e-06,
                2.1996565664881083e-06,
                0.9992028730817617
            ],
            [
                0.0,
                6.414661084088581e-06,
                0.9999932504676624,
                1.8406840782512208e-07,
                1.5080284562397047e-07
            ],
            [
                0.0,
                6.125007374154774e-11,
                0.9999999982302157,
                8.068592011988154e-10,
                9.016750015070461e-10
            ],
            [
                3.7153367406088283e-06,
                1.4015618076338757e-06,
                5.907901715490413e-06,
                1.465181057821409e-06,
                0.9999875100186785
            ],
            [
                0.6693724774171814,
                0.04584763843398024,
                0.03526352537100283,
                0.00013328849457017113,
                0.2493830702832653
            ]
        ],
        [
            [
                3.129790766301233e-08,
                3.707422183008164e-08,
                4.5768833542872516e-07,
                3.1351576577549816e-07,
                0.9999991604237694
            ],
            [
                0.0,
                3.710596810146839e-07,
                0.9999973408250504,
                5.15513306720504e-07,
                1.7726019617787445e-06
            ],
            [
                0.0,
                7.127681846901119e-10,
                0.9999999778640547,
                1.6320196469775017e-08,
                5.102980625002852e-09
            ],
            [
                5.905104082418657e-09,
                2.1929873087063414e-08,
                6.233239585883412e-07,
                9.293950119053857e-07,
                0.9999984194460524
            ],
            [
                4.544485107840674e-07,
                4.699127992642213e-07,
                1.6385082880130293e-05,
                6.487264915027708e-05,
                0.9999178179066596
            ]
        ],
        [
            [
                4.4888598527903544e-05,
                2.813375602873709e-07,
                3.4311032719478113e-07,
                5.568954152925779e-07,
                0.9999539300581692
            ],
            [
                0.0,
                1.453433896340747e-06,
                0.9999983409992461,
                1.7445256714949766e-07,
                3.111429037392592e-08
            ],
            [
                0.0,
                5.817377895354395e-10,
                0.9999999938350121,
                4.045368717655229e-09,
                1.5378814687084704e-09
            ],
            [
                4.533053666565455e-05,
                0.18844659578263737,
                0.8112697947417237,
                1.4699025244323514e-05,
                0.00022357991372902328
            ],
            [
                3.890812417973193e-07,
                3.0805729291123115e-07,
                2.8875801666941917e-06,
                1.116412622998078e-06,
                0.9999952988686757
            ]
        ],
        [
            [
                8.496690829012295e-08,
                1.878403695270849e-08,
                1.327259878358515e-07,
                3.7803553246910914e-07,
                0.9999993854875344
            ],
            [
                1.9381369441728132e-09,
                4.673926889475775e-08,
                0.9998350472860268,
                1.9698368068573016e-06,
                0.00016293419976050056
            ],
            [
                0.0,
                5.152156460039097e-12,
                0.9999999998757827,
                4.694003083145852e-11,
                7.212522554836321e-11
            ],
            [
                1.3293411362448412e-07,
                1.717893447398125e-07,
                1.6737065654788205e-05,
                4.582432217949339e-06,
                0.999978375778669
            ],
            [
                2.9689971054906996e-06,
                1.9858117678056998e-07,
                7.977546013535389e-07,
                1.1589541085201856e-06,
                0.9999948757130078
            ]
        ],
        [
            [
                9.189510532051044e-05,
                6.312048913255066e-08,
                1.7871188864446542e-07,
                1.7480676704999425e-07,
                0.9999076882555347
            ],
            [
                1.9979874649262026e-06,
                0.9551353630852305,
                0.04486221675565916,
                3.8419056959926877e-07,
                3.798107578580324e-08
            ],
            [
                0.0,
                0.0,
                0.9999999992282582,
                4.2870935152899054e-10,
                3.4303256716771774e-10
            ],
            [
                1.8742881106755067e-06,
                9.223062270103399e-06,
                0.008864312696640344,
                2.4970473186636256e-05,
                0.9910996194797923
            ],
            [
                6.297991349151767e-06,
                1.0971637294109354e-06,
                1.8551915438761778e-05,
                3.736870722943935e-06,
                0.9999703160587599
            ]
        ],
        [
            [
                0.0004353937572314653,
                1.7159605987382326e-06,
                4.864237220241856e-06,
                4.551851993387215e-06,
                0.999553474192956
            ],
            [
                7.077673438379284e-08,
                5.682863573660479e-06,
                0.8253725209784234,
                0.00016351826060225918,
                0.1744582071206664
            ],
            [
                0.0,
                2.078424125974256e-10,
                0.9999999964197364,
                2.520027619762441e-09,
                8.523936026244858e-10
            ],
            [
                9.783203439164744e-10,
                6.949106722489632e-09,
                1.0257438789114156e-06,
                3.1434612771284298e-06,
                0.999995822867417
            ],
            [
                5.915985671722537e-08,
                2.0737732573042595e-08,
                1.4698167411922597e-07,
                5.722053327676637e-07,
                0.9999992009154038
            ]
        ],
        [
            [
                2.415113053536412e-06,
                6.392315462923096e-08,
                3.336909229644007e-07,
                4.07117975370203e-07,
                0.9999967801548936
            ],
            [
                0.0,
                3.914528786843859e-07,
                0.9999989208003714,
                2.216113084690881e-07,
                4.6613544147648086e-07
            ],
            [
                0.0,
                2.2202334506747707e-09,
                0.9999999690122766,
                2.2412232441130355e-08,
                6.355257497987177e-09
            ],
            [
                9.341989507898323e-09,
                1.2351252747490975e-07,
                1.0056184142640645e-06,
                4.300066187678436e-06,
                0.9999945614608811
            ],
            [
                2.092678056534337e-07,
                5.1578403953109424e-08,
                4.076780603201273e-06,
                3.995723349480262e-07,
                0.9999952628008523
            ]
        ],
        [
            [
                6.975584162231286e-06,
                6.874415860890235e-08,
                4.298879146411243e-07,
                7.946248064009139e-07,
                0.9999917311589581
            ],
            [
                4.570324877282673e-08,
                8.873217388588252e-06,
                0.9795814880194641,
                0.0007206675681936074,
