{
    "[['A', 'B', 'C', 'D', 'E'], ['A', 'B', 'C', 'D', 'E']]": [
        [
            [
                9.196751390907382e-09,
                1.712163207883326e-08,
                1.1797336073634167e-08,
                5.1592353597596675e-05,
                0.9999483695306828
            ],
            [
                0.0,
                1.1851514723104081e-07,
                0.9999998423474245,
                3.746247643561908e-08,
                1.6749518426814522e-09
            ],
            [
                0.0,
                1.7407378342587189e-09,
                0.9999997472499843,
                2.224909486277984e-07,
                2.8518329234222202e-08
            ],
            [
                2.142137839771156e-08,
                9.599864730596924e-08,
                4.4040146166494824e-07,
                9.221303577093224e-06,
                0.9999902208749356
            ],
            [
                0.0,
                2.259205372686338e-09,
                5.7273329170083984e-09,
                4.496398120782642e-06,
                0.999995495615341
            ]
        ],
        [
            [
                2.551015821700174e-10,
                4.646308246689819e-07,
                0.9121552100329644,
                0.0878379228024335,
                6.402278676023652e-06
            ],
            [
                0.0,
                1.1979454224513197e-07,
                0.9835830476807574,
                0.009901655791419215,
                0.006515176733281097
            ],
            [
                0.0,
                6.4018258383841e-10,
                0.9999999614049623,
                2.701261285075291e-08,
                1.0942242170027644e-08
            ],
            [
                4.856320210318362e-10,
                1.5316259088361937e-09,
                1.2100644555010061e-08,
                4.937795234547153e-06,
                0.9999950480868629
            ],
            [
                2.32308652283954e-09,
                7.698389063202236e-09,
                1.5658740388399396e-08,
                1.8329546570871603e-06,
                0.9999981413651269
            ]
        ],
        [
            [
                7.530812905828861e-11,
                2.3772267496345921e-07,
                0.9999997136517447,
                4.808864422565972e-08,
                4.6162804587940106e-10
            ],
            [
                2.1530623322386237e-08,
                2.006873873303474e-07,
                0.9992470197875862,
                0.0006839515611781193,
                6.88064332249496e-05
            ],
            [
                0.0,
                1.2248694536551399e-09,
                0.9999999514813639,
                3.330621848845053e-08,
                1.3987548231615153e-08
            ],
            [
                6.139338259648336e-10,
                1.5389524783078195e-09,
                7.2668803670381634e-09,
                2.7443759416866598e-06,
                0.9999972462042915
            ],
            [
                3.083986931568504e-10,
                1.4902616272759875e-09,
                1.0982010413061358e-08,
                9.67089097409729e-07,
                0.9999990201302319
            ]
        ],
        [
            [
                1.6023915631694372e-10,
                1.294979886331998e-06,
                0.9799520607851318,
                0.020046630975195226,
                1.3099547529040382e-08
            ],
            [
                0.0,
                1.1012566942606267e-09,
                0.9999999094276405,
                7.994289665537934e-08,
                9.528206132089743e-09
            ],
            [
                0.0,
                5.467579196871032e-10,
                0.9999998324342584,
                1.5244532670972415e-07,
                1.4573656825210235e-08
            ],
            [
                1.383023288765552e-08,
                4.659195953095397e-08,
                4.456329182588312e-08,
                5.863586428319406e-06,
                0.9999940314280874
            ],
            [
                2.450226280574223e-09,
                6.821630582117102e-09,
                1.4049287406522188e-08,
                1.4959291352639358e-05,
                0.999985017387503
            ]
        ],
        [
            [
                1.3344174394919488e-10,
                4.809266480063338e-07,
                0.9251617946630837,
                0.07483765660077073,
                6.767605582865316e-08
            ],
            [
                0.0,
                3.060200329833069e-08,
                0.9999998353082672,
                1.327324398525401e-07,
                1.3572894828036674e-09
            ],
            [
                0.0,
                9.499367182391449e-10,
                0.9999997938471435,
                1.9464168336710704e-07,
                1.0561236386347917e-08
            ],
            [
                5.698747692595598e-10,
                1.2088157756189857e-09,
                7.231525466754485e-09,
                2.347712585020911e-07,
                0.9999997562185254
            ],
            [
                1.8503358172222976e-09,
                1.2002263221765779e-08,
                6.525782027288263e-08,
                7.178344029322194e-05,
                0.9999281374492875
            ]
        ],
        [
            [
                0.0,
                3.610048254034686e-09,
                0.9999993837656016,
                6.124131917980386e-07,
                2.1115813825317436e-10
            ],
            [
                0.0,
                2.0447780811027006e-09,
                0.9999992455883662,
                6.427032655178471e-07,
                1.0966359023316279e-07
            ],
            [
                0.0,
                1.5274800938847396e-09,
                0.9999996823505223,
                2.850787288999573e-07,
                3.1043268803782097e-08
            ],
            [
                4.915720679173464e-10,
                1.6577193989208057e-09,
                1.310917003632703e-08,
                4.282966649942086e-06,
                0.9999957017748885
            ],
            [
                2.033708488989122e-09,
                4.999977141435098e-09,
                8.627066531874467e-09,
                1.371588780406681e-05,
                0.9999862684514438
            ]
        ],
        [
            [
                0.0,
                1.3962141056810222e-09,
                0.000237474954250713,
                0.9997624543750612,
                6.927447395894401e-08
            ],
            [
                0.0,
                7.676190196287365e-09,
                0.9999999168194316,
                7.24389858272186e-08,
                3.0653923982391937e-09
            ],
            [
                0.0,
                1.4360574755313634e-09,
                0.9999999030366664,
                7.115532281235269e-08,
                2.43719533725166e-08
            ],
            [
                9.375739767623485e-10,
                3.698471725920862e-09,
                9.789111739233723e-08,
                2.6433287863910838e-06,
                0.9999972541440505
            ],
            [
                4.4727250751455124e-10,
                2.0545711803365117e-09,
                7.07750686534071e-09,
                3.029137798867106e-06,
                0.9999969612828506
            ]
        ],
        [
            [
                2.307687929407888e-12,
                9.776176373887807e-09,
                0.9999999009596632,
                8.907377590074177e-08,
                1.8807679716730355e-10
            ],
            [
                0.0,
                1.6045278977080263e-08,
                0.9999995288234783,
                4.546678317073912e-07,
                4.634109662581922e-10
            ],
            [
                0.0,
                4.591909399477456e-11,
                0.9999999967515538,
                8.624841194114258e-10,
                2.3400431459352972e-09
            ],
            [
                2.8505533618835874e-09,
                5.499985313949499e-09,
                1.2782344336856996e-07,
                7.433688744211259e-06,
                0.9999924301372738
            ],
            [
                2.3110402190712332e-08,
                2.8856421213754878e-08,
                2.3629542191659905e-08,
                7.427113266166455e-06,
                0.9999924972903682
            ]
        ],
        [
            [
                0.0,
                8.259007751113555e-09,
                5.038902210366628e-06,
                0.9999925901571303,
                2.362681651615156e-06
            ],
            [
                0.0,
                7.217622040541207e-09,
                0.9965861297567851,
                0.0034138538136901744,
                9.211902633379618e-09
            ],
            [
                0.0,
                7.063356696863974e-10,
                0.9999999423434454,
                4.508059031550837e-08,
                1.1869628875464406e-08
            ],
            [
                1.0097626277084954e-09,
                3.0048697799121406e-09,
                6.531236007974323e-08,
                2.899064489538301e-06,
                0.9999970316085179
            ],
            [
                1.8608108266106083e-10,
                9.957586358216183e-10,
                9.297867824267306e-09,
                3.940556213413258e-07,
                0.9999995954646711
            ]
        ],
        [
            [
                0.0,
                1.0207304003935483e-09,
                3.909547549296533e-07,
                0.9999887522028523,
                1.0855821662475018e-05
            ],
            [
                3.808152348307296e-09,
                2.8774804396264077e-08,
                0.9996801979531811,
                0.000267025206572757,
                5.274425728940381e-05
            ],
            [
                0.0,
                6.748752352140791e-10,
                0.9999992309816175,
                7.307319682476201e-07,
                3.761153887028095e-08
            ],
            [
                6.051207355933598e-09,
                2.267334948790013e-08,
                3.772462453473065e-08,
                1.739486719751582e-05,
                0.9999825386836211
            ],
            [
                2.5980886510057628e-09,
                5.729518227205376e-09,
                2.013327513428055e-08,
                8.394243386014577e-06,
                0.999991577295732
            ]
        ],
        [
            [
                7.501589750903171e-09,
                3.7672208332348115e-08,
                2.106472914011856e-06,
                0.0012009168866307144,
                0.9987969314666573
            ],
            [
                0.0,
                7.486367397102551e-09,
                0.9981688652527206,
                0.0018311264020818817,
                8.588300197171547e-10
            ],
            [
                0.0,
                1.4305215800215807e-09,
                0.9999999084934783,
                7.45960290411834e-08,
                1.5479970966006964e-08
            ],
            [
                1.5723586770135002e-09,
                5.305076409859812e-09,
                8.71444151676717e-08,
                4.428237455299349e-06,
                0.9999954777406945
            ],
            [
                1.0233392006675103e-08,
                3.8471538896726974e-08,
                5.997378310769305e-08,
                7.347024566704262e-05,
                0.999926421075619
            ]
        ],
        [
            [
                7.097060720276992e-11,
                6.152955006816714e-08,
                0.9999996752868439,
                2.621366671322172e-07,
                9.7596832321739e-10
            ],
            [
                0.0,
                1.7483643138547162e-09,
                0.9999995920055863,
                4.0401446320265223e-07,
                2.231586079753633e-09
            ],
            [
                0.0,
                3.8202339068386366e-10,
                0.9999999685655955,
                2.6563860485915234e-08,
                4.488520670903062e-09
            ],
            [
                6.341958932289912e-10,
                1.2082833276751944e-09,
                2.0347533360764413e-08,
                3.5296638675957337e-06,
                0.9999964481461199
            ],
            [
                0.0,
                3.6794720699495213e-10,
                4.6023656849191735e-09,
                1.2456810931085747e-06,
                0.999998749348594
            ]
        ],
        [
            [
                3.874983537000366e-12,
                7.32924157761891e-09,
                0.9999991849560027,
                8.072167987922611e-07,
                4.940818562239812e-10
            ],
            [
                0.0,
                1.272164789560305e-09,
                0.9990512966030273,
                0.0009486793881428086,
                2.273666518081496e-08
            ],
            [
                0.0,
                6.810147369454069e-10,
                0.9999999639306651,
                3.171555610959813e-08,
                3.6727638867990366e-09
            ],
            [
                1.4035009978285493e-08,
                2.193079178722633e-08,
                9.836988545388106e-08,
                0.0007531306172926463,
                0.9992467350470202
            ],
            [
                1.8628581489309255e-08,
                6.128697406751026e-08,
                1.2235000582578902e-07,
                0.00024228065441853956,
                0.99975751708002
            ]
        ],
        [
            [
                0.0,
                3.753920784320333e-09,
                0.9996261705713563,
                0.0003738189828909296,
                6.691832074207615e-09
            ],
            [
                0.0,
                1.0876380188636594e-09,
                0.9999997454907198,
                2.4581629419793626e-07,
                7.605347985006788e-09
            ],
            [
                0.0,
                1.0642134028788884e-09,
                0.9999990816866255,
                8.68907621120015e-07,
                4.834154013695264e-08
            ],
            [
                2.6105102794441283e-10,
                7.683494987833326e-10,
                5.610549174874124e-09,
                1.2432801392899164e-06,
                0.9999987500799109
            ],
            [
                5.730958112453252e-10,
                1.5245143944870301e-09,
                1.6391316528522158e-09,
                1.7630269182608652e-07,
                0.9999998199605663
            ]
        ],
        [
            [
                1.587099227361857e-08,
                0.27570208815008895,
                0.7242974281894908,
                4.4077032458962255e-07,
                2.7019103264182312e-08
            ],
            [
                0.0,
                4.104147077432868e-09,
                0.9999998414349267,
                1.533239293822737e-07,
                1.1369968699898344e-09
            ],
            [
                0.0,
                4.2099188096805243e-10,
                0.9999999489358521,
                4.3231041270651275e-08,
                7.412114765054951e-09
            ],
            [
                6.886318711545769e-08,
                1.7085227373196926e-08,
                2.0402758166079457e-08,
                1.5664306103334338e-05,
                0.999984229342724
            ],
            [
                4.330562839387276e-09,
                8.640257476129416e-09,
                3.1101886863490155e-08,
                3.013371702608228e-06,
                0.9999969425555901
            ]
        ],
        [
            [
                2.7842134435874962e-12,
                2.1107298173742747e-08,
                0.9999992403668334,
                7.384753327698527e-07,
                4.7751397354266175e-11
            ],
            [
                0.0,
                1.0916325094852688e-09,
                0.9995944705235462,
                0.00040552692891480875,
                1.4559063408305218e-09
            ],
            [
                0.0,
                1.6968004053274818e-10,
                0.9999999853294563,
                1.311434673137814e-08,
                1.3865169329323644e-09
            ],
            [
                2.2296769584742072e-08,
                2.57721743982811e-08,
                2.2696445219275722e-07,
                1.2267459174635351e-05,
                0.9999874575074291
            ],
            [
                7.628156799668665e-09,
                2.0916214667944744e-08,
                1.4163069303953162e-08,
                3.0489097164472946e-06,
                0.9999969083828427
            ]
        ],
        [
            [
                0.0,
                1.5212211458947563e-08,
                0.9999997127662532,
                2.717292283847238e-07,
                2.9230696917620203e-10
            ],
            [
                0.0,
                4.651699084842211e-09,
                0.9999999594035985,
                3.5115898616033294e-08,
                8.288039440684855e-10
            ],
            [
                0.0,
                2.0031336344042087e-09,
                0.999999824462111,
                1.591922133543264e-07,
                1.4342541845129705e-08
            ],
            [
                1.2719099932017078e-09,
                8.723350588907196e-09,
                4.932123453305127e-08,
                1.5925053947013338e-05,
                0.999984015629558
            ],
            [
                1.7662899424647148e-09,
                6.150558308776772e-09,
                1.5205395892455664e-08,
                1.8528400201739166e-05,
                0.9999814484775541
            ]
        ],
        [
            [
                7.685001256940521e-11,
                6.010972526710634e-06,
                0.9999939347658445,
                5.396747710561074e-08,
                2.1730160032608202e-10
            ],
            [
                4.620187565469548e-08,
                5.1476242844187715e-06,
                0.031131210368787403,
                0.0826743783989149,
                0.8861892174061377
            ],
            [
                0.0,
                3.096268408256091e-11,
                0.9999999970110593,
                1.7545546033592064e-09,
                1.2034234375385582e-09
            ],
            [
                5.631028469641892e-08,
                2.4392552130607254e-08,
                9.560376643176935e-08,
                2.3534399961939814e-05,
                0.9999762892934347
            ],
            [
                1.5199153261758404e-09,
                6.131980343879756e-09,
                1.5740428191719368e-08,
                1.678916651568084e-05,
                0.9999831874411605
            ]
        ],
        [
            [
                3.8709280083809726e-12,
                4.7057984333832e-08,
                0.999999298027064,
                6.548309493247845e-07,
                8.013145944692289e-11
            ],
            [
                0.0,
                1.7948519764796096e-08,
                0.9999999002499582,
                8.118230079389268e-08,
                6.192212362344928e-10
            ],
            [
                0.0,
                7.425837619666127e-10,
                0.9999999074350969,
                8.552183234818235e-08,
                6.3004870020112325e-09
            ],
            [
                1.7578648879965497e-08,
                7.452302965541939e-09,
                8.614898151660019e-09,
                1.1081472562863214e-06,
                0.9999988582068938
            ],
            [
                1.4184364215801057e-09,
                1.959065099837362e-09,
                1.397976005629218e-08,
                7.491395134211429e-07,
                0.9999992335032251
            ]
        ],
        [
            [
                0.0,
                1.7370630294977308e-09,
                0.9999245754626124,
                7.542127844543322e-05,
                1.5218792819086955e-09
            ],
            [
                0.0,
                6.917075077018092e-10,
                0.9999897317619596,
                1.0258226501687912e-05,
                9.319831308553164e-09
            ],
            [
                0.0,
                2.6486477372955985e-10,
                0.9999999735221123,
                1.1393789634221431e-08,
                1.4819233163354145e-08
            ],
            [
                4.224673476059456e-09,
                4.883277175365014e-09,
                5.084475163429819e-08,
                1.157756588950209e-06,
                0.9999987822907087
            ],
            [
                3.795831435209031e-09,
                4.013558131932313e-09,
                4.639966890650367e-09,
                3.353288963257054e-06,
                0.9999966342616803
            ]
        ],
        [
            [
                2.4628932985326547e-11,
                2.8421346571671527e-08,
                0.9997964515568977,
                0.00020350951048106025,
                1.0486645757739423e-08
            ],
            [
                0.0,
                4.564590609512057e-09,
                0.9999999739980416,
                2.0677185918150786e-08,
                7.601819888351223e-10
            ],
            [
                0.0,
                1.3023332660813498e-09,
                0.99999987227064,
                1.0436706051320774e-07,
                2.2059966288541574e-08
            ],
            [
                8.90778069491938e-09,
                6.544915987912476e-08,
                3.69437221516864e-07,
                2.792126076941446e-05,
                0.9999716349450685
            ],
            [
                8.6373077477135e-09,
                1.3492525330141874e-08,
                2.691910839981458e-08,
                5.905879252101886e-06,
                0.9999940450718064
            ]
        ],
        [
            [
                0.0,
                1.4671216504778646e-08,
                0.008247167834602423,
                0.9917527909866016,
                2.6507579501200403e-08
            ],
            [
                0.0,
                1.872002361282448e-07,
                0.9999997098854158,
                1.0225865530411218e-07,
                6.556929022396382e-10
            ],
            [
                0.0,
                2.2636123264681811e-10,
                0.9999999894144963,
                5.519879785695859e-09,
                4.839262716748172e-09
            ],
            [
                2.3940648742686104e-09,
                1.0393057923860304e-08,
                2.403573731810967e-08,
                1.5459546354452635e-05,
                0.9999845036307854
            ],
            [
                1.4714303571378185e-10,
                5.706709995077957e-10,
                2.0039134014416263e-09,
                5.509236031157809e-07,
                0.9999994463546695
            ]
        ],
        [
            [
                0.0,
                5.92713078352489e-09,
                0.996237752103114,
                0.0037621268603328156,
                1.1510942230822688e-07
            ],
            [
                0.0,
                1.2385500032256147e-08,
                0.9999999056512727,
                7.889783486770255e-08,
                3.0653923640044017e-09
            ],
            [
                0.0,
                2.852961621849964e-10,
                0.9999999764755355,
                1.6775168450313162e-08,
                6.4639998391324275e-09
            ],
            [
                2.8411319983488103e-08,
                1.3409715072945276e-07,
                3.69204412570551e-07,
                0.00032262972176346616,
                0.9996768385653533
            ],
            [
                0.0,
                3.258863593991253e-09,
                6.278225429371027e-08,
                3.68986540969034e-05,
                0.9999630353047853
            ]
        ],
        [
            [
                3.6586686252851892e-09,
                0.000203417733283152,
                0.5108337561719184,
                0.48894714852261345,
                1.5673913516419557e-05
            ],
            [
                4.629279286018041e-09,
                3.7394460104294493e-07,
                0.0008416222368466384,
                0.006641143384740492,
                0.9925168558045326
            ],
            [
                0.0,
                2.192186356454736e-10,
                0.9999999902483511,
                6.5197445364823926e-09,
                3.0126859402655386e-09
            ],
            [
                0.0,
                1.0216556640172724e-09,
                1.0213152262133272e-08,
                1.27129593484864e-06,
                0.9999987174692573
            ],
            [
                7.859039386655434e-08,
                3.38595745733904e-08,
                3.167825709607442e-08,
                2.2686018064971668e-05,
                0.9999771698537094
            ]
        ],
        [
            [
                0.0,
                2.8123451834934147e-09,
                0.99949564003393,
                0.0005043527686368714,
                4.385088022418883e-09
            ],
            [
                0.0,
                3.770425069664144e-09,
                0.9999997800543112,
                2.113657867680721e-07,
                4.809476870198745e-09
            ],
            [
                0.0,
                7.618803149702437e-10,
                0.9999998696622795,
                1.0454637203419014e-07,
                2.5029467999928246e-08
            ],
            [
                7.421507987233221e-09,
                3.328418190491688e-08,
                8.357067609259284e-08,
                4.105615565440421e-05,
                0.9999588195679796
            ],
            [
                2.3717670269487274e-09,
                1.329406455948587e-08,
                4.047493263634916e-08,
                1.368269699666117e-06,
                0.9999985755895361
            ]
        ],
        [
            [
                0.0,
                3.825843610526063e-09,
                0.9999995736486557,
                4.210054142078193e-07,
                1.5200864601937495e-09
            ],
            [
                0.0,
                3.279140058335295e-09,
                0.9999988864260894,
                1.0732842082046932e-06,
                3.701056239470053e-08
            ],
            [
                0.0,
                6.14306291285439e-10,
                0.9999999536221243,
                3.746426253102629e-08,
                8.299306686224336e-09
            ],
            [
                5.711381525609369e-10,
                3.7220658483823673e-09,
                3.0414345187968083e-08,
                1.0278429475931098e-05,
                0.999989686862975
            ],
            [
                1.2217459001666347e-08,
                1.4917640151425797e-08,
                1.335149385418766e-08,
                2.0912087461332685e-06,
                0.9999978683046609
            ]
        ],
        [
            [
                8.340300426358913e-08,
                0.9664771778497078,
                0.025825262764194147,
                0.007696756965492008,
                7.190176019886081e-07
            ],
            [
                0.0,
                1.3696927452631397e-08,
                0.9999999383463046,
                4.729148057214866e-08,
                6.652873276162222e-10
            ],
            [
                0.0,
                1.5339851743731217e-09,
                0.999999648448599,
                2.874097489243463e-07,
                6.260766692761804e-08
            ],
            [
                1.8814406400690993e-08,
                2.715855556050736e-08,
                9.782317026600298e-08,
                0.0004727195558742592,
                0.9995271366479934
            ],
            [
                5.19471053217325e-10,
                3.1385230639999597e-09,
                7.825290642181945e-09,
                5.6702226610821904e-06,
                0.9999943182940542
            ]
        ],
        [
            [
                0.0,
                7.37877330241465e-08,
                0.9999999067075822,
                1.9130130331826227e-08,
                3.745543889274024e-10
            ],
            [
                0.0,
                2.8791038915523515e-09,
                0.999997499787002,
                2.4962366127448797e-06,
                1.0972813477662775e-09
            ],
            [
                0.0,
                2.7090444475223456e-10,
                0.9999999537121139,
                4.443343316604958e-08,
                1.5835486383590324e-09
            ],
            [
                5.920953007233107e-08,
                1.819084003718385e-08,
                1.6247945161482752e-07,
                6.101440375084252e-06,
                0.9999936586798033
            ],
            [
                9.81439650010496e-10,
                3.843609435578547e-09,
                2.8735807228612073e-08,
                8.918912696154661e-06,
                0.9999910475264475
            ]
        ],
        [
            [
                0.0,
                3.7488674139634295e-10,
                0.9999961091120322,
                3.888926545388321e-06,
                1.5865357283346166e-09
            ],
            [
                0.0,
                7.075725690214083e-09,
                0.9303462062362167,
                0.06965330776521308,
                4.789228446410208e-07
            ],
            [
                0.0,
                1.3220752693405742e-09,
                0.9999999062596014,
                7.985511674064076e-08,
                1.256320650817471e-08
            ],
            [
                3.0245523013175566e-09,
                5.520258909556707e-09,
                2.9183654761112847e-08,
                6.751341431140652e-06,
                0.999993210930103
            ],
            [
                7.432430554788069e-09,
                8.591040653543714e-09,
                2.4716643658029897e-08,
                4.087529350574006e-06,
                0.9999958717305346
            ]
        ],
        [
            [
                0.0,
                1.5873104862916845e-09,
                0.002425928010829978,
                0.9975625033144851,
                1.1567087374469088e-05
            ],
            [
                0.0,
                1.0536362085236033e-09,
                0.0004499452460896274,
                0.9995500453984498,
                8.301824377756186e-09
            ],
            [
                0.0,
                3.1971835393228925e-10,
                0.9999999328755625,
                6.497043476452624e-08,
                1.8342843552857283e-09
            ],
            [
                1.2636336147648528e-08,
                1.7646138735965642e-08,
                2.035623898842115e-07,
                3.0258885354041142e-05,
                0.9999695072697812
            ],
            [
                1.455067923715951e-09,
                3.152375502769659e-09,
                2.152081059663333e-08,
                1.8206564760848226e-06,
                0.99999815321527
            ]
        ],
        [
            [
                4.478182203633755e-09,
                0.0016035521498063829,
                0.9969292117739607,
                0.0014672079297174364,
                2.3668333438023757e-08
            ],
            [
                0.0,
                5.1473738871132455e-08,
                0.9999999341989586,
                1.337499464692304e-08,
                9.523077942280494e-10
            ],
            [
                0.0,
                1.1306275621380311e-10,
                0.9999999925734315,
                4.889269912360693e-09,
                2.4242358184605626e-09
            ],
            [
                4.749366624744447e-09,
                1.2070746214305206e-08,
                7.473206854304782e-07,
                5.977123376826962e-05,
                0.9999394646254335
            ],
            [
                1.5360668144392555e-09,
                6.87160630128022e-09,
                1.7050620121035667e-08,
                8.343442969802484e-06,
                0.9999916310987369
            ]
        ],
        [
            [
                0.0,
                1.5506440814476956e-09,
                0.9999999143839174,
                8.345456264322754e-08,
                6.108758541880651e-10
            ],
            [
                0.0,
                3.760693298008894e-09,
                0.9999710905053915,
                2.890450097074454e-05,
                1.232944477551946e-09
            ],
            [
                0.0,
                1.2115603162788956e-09,
                0.9999999018485091,
                7.514166873645499e-08,
                2.179826184717372e-08
            ],
            [
                6.277276451595526e-09,
                1.6318453972266858e-08,
                8.948006803997269e-08,
                2.4962366404775693e-06,
                0.9999973916875611
            ],
            [
                5.987611562349304e-10,
                1.2195149219489865e-09,
                2.4980475559532694e-09,
                3.1717419616681467e-07,
                0.9999996785094801
            ]
        ],
        [
            [
                0.0,
                8.161526353990191e-09,
                8.869694646900776e-05,
                0.9985961094998999,
                0.0013151853921046404
            ],
            [
                0.0,
                5.809898948118752e-08,
                0.999999868511196,
                7.210649039086476e-08,
                1.283324172629617e-09
            ],
            [
                0.0,
                2.0053460956492214e-10,
                0.9999999881869456,
                9.695657919562437e-09,
                1.916861670902353e-09
            ],
            [
                4.174572613099576e-08,
                7.610488415351263e-08,
                6.828757734033596e-07,
                4.00266841477481e-05,
                0.9999591725894685
            ],
            [
                2.142709998297098e-08,
                5.0350256033482656e-08,
                4.124474239073717e-08,
                3.6731410274629267e-06,
                0.9999962138368741
            ]
        ],
        [
            [
                1.7620712199503242e-08,
                5.4079999834712716e-08,
                1.226081573648492e-07,
                5.413601835996797e-05,
                0.9999456696727707
            ],
            [
                0.0,
                6.17919100319626e-07,
                0.0008452657679702841,
                0.053566819676967324,
                0.9455872966359621
            ],
            [
                0.0,
                1.283446502542087e-09,
                0.9999998192267945,
                1.4377511855011257e-07,
                3.571464030356597e-08
            ],
            [
                5.4619642001365466e-09,
                8.674984238663826e-09,
                2.5336296676514903e-08,
                1.9731496148241296e-06,
                0.99999798737714
            ],
            [
                4.895764645753336e-09,
                1.4006075942945094e-08,
                3.0199421214091915e-08,
                5.592640452918821e-06,
                0.9999943582582853
            ]
        ],
        [
            [
                0.0,
                3.355891146939794e-09,
                3.132591660648658e-08,
                2.4798419326756575e-05,
                0.9999751668988653
            ],
            [
                0.0,
                5.295510069110521e-10,
                0.9999636388963926,
                3.6355151423353863e-05,
                5.4226330957375446e-09
            ],
            [
                0.0,
                1.4269889844079533e-10,
                0.9999999603589038,
                3.869296953099154e-08,
                8.054276686307638e-10
            ],
            [
                9.526874328447085e-10,
                3.904070462607706e-09,
                6.473438568835994e-09,
                1.6683257699182711e-06,
                0.9999983203440337
            ],
            [
                9.849920030889538e-09,
                2.0972220607478108e-08,
                3.115228958375753e-08,
                5.939259765833373e-06,
                0.9999939987658039
            ]
        ],
        [
            [
                1.3513417572180099e-11,
                1.0085202301434694e-07,
                0.9999997597010666,
                1.3936611793130855e-07,
                6.727902794536565e-11
            ],
            [
                0.0,
                1.2062053337263196e-05,
                0.9999878484779051,
                8.753322527921102e-08,
                1.935532471499607e-09
            ],
            [
                0.0,
                1.621200313292705e-09,
                0.999999925320072,
                4.721000257595488e-08,
                2.584872498609044e-08
            ],
            [
                9.677547177795168e-10,
                3.4827593174922253e-09,
                7.422021985862234e-08,
                1.6343226702926155e-05,
                0.9999835781025632
            ],
            [
                0.0,
                6.979149766616801e-10,
                6.12426634035815e-09,
                4.464497023569689e-06,
                0.9999955286807951
            ]
        ],
        [
            [
                5.279106970369127e-12,
                4.320151245159869e-09,
                0.9999998892907412,
                1.0627905982513959e-07,
                1.0476858904072983e-10
            ],
            [
                0.0,
                1.5622165229573046e-08,
                0.9999996020059302,
                3.80788356008834e-07,
                1.5835486477362746e-09
            ],
            [
                0.0,
                3.2396188835676883e-10,
                0.9999999670532314,
                2.049101113492899e-08,
                1.2131795559318252e-08
            ],
            [
                4.893923013891136e-10,
                9.257340420810208e-10,
                3.562964264666066e-09,
                8.242024788971403e-06,
                0.9999917529971205
            ],
            [
                1.593058828548898e-08,
                2.4479897210161472e-08,
                2.019384577673895e-08,
                1.3355894046826498e-05,
