{
    "[['A', 'B', 'C', 'D', 'E'], ['A', 'B', 'C', 'D', 'E']]": [
        [
            [
                0.0,
                7.030058249674236e-08,
                0.00016761784875598225,
                0.9998151009714329,
                1.7210879228478146e-05
            ],
            [
                0.0,
                1.7890644535491243e-09,
                0.9999999468982462,
                3.91042925567775e-08,
                1.220839669462552e-08
            ],
            [
                0.0,
                1.3045004538169525e-10,
                0.9999999899998332,
                7.9974269713904e-09,
                1.8722897718540922e-09
            ],
            [
                0.0,
                2.2691120882280998e-07,
                0.9999603843355896,
                3.88566956468915e-05,
                5.320575547577686e-07
            ],
            [
                0.0,
                2.3033345957246488e-08,
                0.007257019434045743,
                0.9927310919714066,
                1.1865561201768939e-05
            ]
        ],
        [
            [
                3.900382464426375e-07,
                5.488565323787759e-08,
                4.7003170775222164e-08,
                4.837793143234608e-06,
                0.9999946702797863
            ],
            [
                0.0,
                2.045766942375973e-11,
                0.9999999982426397,
                1.1087154062192954e-09,
                6.281872453175631e-10
            ],
            [
                0.0,
                3.388893536531528e-10,
                0.9999999903982354,
                7.59441833363362e-09,
                1.6684568776624813e-09
            ],
            [
                0.0,
                3.2165023981542985e-08,
                0.9999587794354351,
                4.065301778170176e-05,
                5.353817591345907e-07
            ],
            [
                0.0,
                4.13971429903965e-09,
                0.9999993501376675,
                4.999638763129393e-07,
                1.457587419460565e-07
            ]
        ],
        [
            [
                0.0,
                4.810825920406725e-07,
                0.08105034381353214,
                0.9188766769173611,
                7.249818651462556e-05
            ],
            [
                0.0,
                5.653903545782362e-10,
                0.9999999846858008,
                1.2215687746568594e-08,
                2.5331209413985603e-09
            ],
            [
                0.0,
                6.601099570114648e-10,
                0.9999999612889677,
                2.9042333379111976e-08,
                9.00858887464535e-09
            ],
            [
                0.0,
                6.519412778128299e-08,
                0.8853642603883144,
                0.11462911605461172,
                6.558362946072392e-06
            ],
            [
                9.824965496365052e-07,
                1.6938329573656668e-07,
                2.2447882847820644e-05,
                3.471514849220567e-05,
                0.9999416850888146
            ]
        ],
        [
            [
                0.0,
                2.282121284953857e-08,
                0.9997883311664808,
                0.00021083079542175351,
                8.152168846293262e-07
            ],
            [
                0.0,
                6.792375352656298e-10,
                0.9999999828940497,
                9.282204210488446e-09,
                7.144508728620283e-09
            ],
            [
                0.0,
                9.946382378015987e-11,
                0.9999999938422401,
                4.229712764605015e-09,
                1.828583378757682e-09
            ],
            [
                0.0,
                6.66814637092465e-09,
                0.9997419701208157,
                0.0002578102801115444,
                2.1293092637436017e-07
            ],
            [
                0.0,
                1.7810507028567048e-08,
                0.9999987857598731,
                1.0954041335711482e-06,
                1.0102548630746409e-07
            ]
        ],
        [
            [
                0.0,
                0.002911252244443831,
                0.0006654082411940535,
                0.9963803095458159,
                4.302996854626413e-05
            ],
            [
                0.0,
                1.0097106033638133e-09,
                0.9999999875658964,
                8.260614746892397e-09,
                3.1637782232610164e-09
            ],
            [
                0.0,
                9.675294801759657e-10,
                0.9999998367699506,
                1.4013377950792312e-07,
                2.2128740596690936e-08
            ],
            [
                0.0,
                3.0056048840998383e-08,
                0.9999639688993106,
                3.501232282978806e-05,
                9.887218106507204e-07
            ],
            [
                2.9309643792260464e-06,
                0.022138371434182375,
                0.977843713567627,
                3.2024875030603646e-06,
                1.178154630840121e-05
            ]
        ],
        [
            [
                2.2061901302412637e-08,
                9.907369249695758e-09,
                2.5206201024211502e-08,
                1.4076552752787555e-06,
                0.9999985351692532
            ],
            [
                0.0,
                6.238374623753707e-10,
                0.9999999242188982,
                6.85128589694699e-08,
                6.644405475776758e-09
            ],
            [
                0.0,
                1.9612587958637867e-10,
                0.9999999842368519,
                1.3732738053239494e-08,
                1.8342842308331851e-09
            ],
            [
                0.0,
                1.520145187109003e-08,
                0.9859043035784654,
                0.014086862465356821,
                8.818754725973056e-06
            ],
            [
                1.936934189361615e-05,
                0.9398401202151231,
                0.06014027869851469,
                2.195329974200923e-07,
                1.2211471215085717e-08
            ]
        ],
        [
            [
                0.0,
                0.00024974749513868757,
                0.9609248504599662,
                0.038799240274795276,
                2.6161770099734886e-05
            ],
            [
                0.0,
                3.934429643242949e-08,
                0.9999997088592527,
                1.9369746377004485e-07,
                5.809898713150912e-08
            ],
            [
                0.0,
                5.025567164315756e-11,
                0.9999999982401382,
                8.880938046888523e-10,
                8.215123106042411e-10
            ],
            [
                0.0,
                5.135546952257993e-08,
                0.9999988162459389,
                9.932923343323287e-07,
                1.3910625727452249e-07
            ],
            [
                0.9998470625050497,
                1.582205428102769e-05,
                3.837553666405488e-06,
                2.3203389558068174e-05,
                0.00011007449744470506
            ]
        ],
        [
            [
                0.0,
                1.121842534791016e-05,
                1.3348127798230674e-05,
                0.999405525671249,
                0.0005699077756048703
            ],
            [
                0.0,
                4.391112062127586e-10,
                0.9999999261060705,
                6.155619693437125e-08,
                1.1898621395027364e-08
            ],
            [
                0.0,
                9.033546366111982e-11,
                0.9999999962838484,
                1.893164149890071e-09,
                1.7326520968631446e-09
            ],
            [
                0.0,
                1.7385289300924624e-08,
                0.9999988260921459,
                9.177039332234296e-07,
                2.3881863162580327e-07
            ],
            [
                3.3794408079922246e-08,
                5.7376245106753196e-08,
                6.462253295369532e-06,
                2.5856311165808446e-05,
                0.9999675902648857
            ]
        ],
        [
            [
                0.0,
                3.6018568118034633e-09,
                5.060169876024483e-09,
                0.9999737605156674,
                2.623082230603123e-05
            ],
            [
                5.736779363290507e-07,
                4.3962809104333054e-07,
                2.0125626575653268e-05,
                1.484640197974978e-05,
                0.9999640146654173
            ],
            [
                0.0,
                8.468978166684599e-11,
                0.9999999752797413,
                2.1121716224299063e-08,
                3.5138527246213885e-09
            ],
            [
                0.0,
                2.9351964589785007e-08,
                0.9999337659262644,
                6.599555871208163e-05,
                2.0916305904264544e-07
            ],
            [
                5.2331023406650635e-06,
                8.938271061975388e-07,
                6.2480204329487275e-06,
                3.1281154854263114e-05,
                0.999956343895266
            ]
        ],
        [
            [
                2.441551539184923e-07,
                2.0814175160786136e-08,
                3.992990004709371e-08,
                2.7717254871329527e-06,
                0.9999969233752838
            ],
            [
                0.0,
                4.833706811142503e-10,
                0.9999999732734763,
                2.2557961778369906e-08,
                3.6851911806484344e-09
            ],
            [
                0.0,
                1.346605619118957e-10,
                0.9999999949800114,
                3.6051284454917307e-09,
                1.2801997713261362e-09
            ],
            [
                0.0,
                2.8666227203119056e-08,
                0.013929982333499746,
                0.9860601843044191,
                9.804695853955506e-06
            ],
            [
                7.653475263504015e-08,
                3.162404379994189e-08,
                3.4625015345350614e-07,
                2.0627034541745973e-05,
                0.9999789185565083
            ]
        ],
        [
            [
                0.00034153644588080556,
                5.359956284266675e-06,
                4.693164458238591e-06,
                1.2138781244026812e-05,
                0.9996362716521326
            ],
            [
                0.0,
                1.5360316535461425e-09,
                0.9999999734594032,
                1.895510011861257e-08,
                6.049464983629093e-09
            ],
            [
                0.0,
                1.888741354734846e-10,
                0.9999999892530568,
                5.1053171770359395e-09,
                5.4527520278097e-09
            ],
            [
                0.0,
                4.540956166102429e-08,
                0.9998753446551116,
                0.0001235286178766865,
                1.0813174500098562e-06
            ],
            [
                0.0,
                5.800299209872604e-08,
                0.9477165800191779,
                0.052271164338555366,
                1.2197639274629396e-05
            ]
        ],
        [
            [
                0.0,
                1.8153543918467006e-08,
                0.9996748263354287,
                0.0003232120426398088,
                1.943468387640005e-06
            ],
            [
                0.0,
                1.3776220430376743e-10,
                0.9999999453197869,
                4.6786894121904234e-08,
                7.755556826854107e-09
            ],
            [
                0.0,
                5.68997176681839e-10,
                0.9999999709146614,
                2.5195578375234124e-08,
                3.3207628107081166e-09
            ],
            [
                0.0,
                1.0845979613251655e-07,
                0.9999648924890927,
                3.366816301838176e-05,
                1.3308880928381175e-06
            ],
            [
                0.0,
                2.998973373540445e-08,
                0.0046424459361064496,
                0.9953559444900791,
                1.5795840807506674e-06
            ]
        ],
        [
            [
                0.0,
                2.9900522293083734e-08,
                2.608327088152883e-05,
                0.9971869323132999,
                0.002786954515296149
            ],
            [
                0.0,
                6.009051473098781e-10,
                0.9999999810092309,
                1.5203393911933657e-08,
                3.1864701957245637e-09
            ],
            [
                0.0,
                1.224869408609748e-09,
                0.999999557077867,
                3.966409155910397e-07,
                4.505634798869013e-08
            ],
            [
                0.0,
                2.6308673106480935e-08,
                0.999997792084808,
                1.8812346859393375e-06,
                3.0037183304411677e-07
            ],
            [
                0.0,
                3.900155495622661e-09,
                0.9999861321795752,
                1.3219328864497993e-05,
                6.445914047862797e-07
            ]
        ],
        [
            [
                4.755254007304234e-07,
                3.1673663007696536e-08,
                6.837982334457884e-08,
                3.1372857690991333e-06,
                0.9999962871353437
            ],
            [
                0.0,
                3.9186981537227767e-10,
                0.9999999652076234,
                2.930134000843258e-08,
                5.09916658651816e-09
            ],
            [
                0.0,
                1.8267104766147017e-10,
                0.9999999873160529,
                8.829394658742247e-09,
                3.6718814183335566e-09
            ],
            [
                0.0,
                8.566120232674849e-09,
                0.9999985448885094,
                1.3462333917143431e-06,
                1.003119785158088e-07
            ],
            [
                0.0,
                8.012878171419778e-09,
                3.199530720143046e-05,
                0.9998978674819027,
                7.012919801772887e-05
            ]
        ],
        [
            [
                1.1107868094180164e-07,
                0.014029723370381494,
                0.17841964714942185,
                0.8073275655240655,
                0.00022295287745020977
            ],
            [
                0.0003448239760189597,
                2.0096990996773502e-05,
                1.9224731394407913e-05,
                0.00011021840625324729,
                0.9995056358953366
            ],
            [
                0.0,
                1.0777396913753611e-10,
                0.9999999945430975,
                3.5267983108319133e-09,
                1.8223301049243264e-09
            ],
            [
                0.0,
                1.0578109619601653e-08,
                0.9999982946350499,
                1.5951325942894395e-06,
                9.96542462553138e-08
            ],
            [
                0.0,
                3.252760995703375e-08,
                0.07032110460855782,
                0.9295740453821143,
                0.000104817481717959
            ]
        ],
        [
            [
                0.0,
                7.617971232786927e-07,
                1.5276667137677947e-05,
                0.999983320005208,
                6.415305311092302e-07
            ],
            [
                0.0,
                3.828109625308222e-11,
                0.9999999988851438,
                5.801477268230029e-10,
                4.964273410294557e-10
            ],
            [
                0.0,
                1.7352738508624785e-10,
                0.9999999790622165,
                1.6777280368878748e-08,
                3.986975673347129e-09
            ],
            [
                0.0,
                8.310985859415978e-08,
                0.004362726539119641,
                0.995631323917631,
                5.866433390921863e-06
            ],
            [
                0.0,
                1.0436959544097501e-08,
                0.9999991585809848,
                7.465748380527287e-07,
                8.440721763545889e-08
            ]
        ],
        [
            [
                9.209430194603801e-08,
                5.5200618628720465e-08,
                9.735913497460049e-08,
                1.1873848543800057e-05,
                0.9999878814974007
            ],
            [
                0.0,
                1.4062717572443321e-08,
                0.9999989779858426,
                9.58112841408632e-07,
                4.983859856593816e-08
            ],
            [
                0.0,
                2.618099628530659e-10,
                0.9999999679330073,
                2.6308720941487048e-08,
                5.4964618240676165e-09
            ],
            [
                0.0,
                2.414804193593923e-08,
                0.9999924504229574,
                7.393481075581494e-06,
                1.3194792512002288e-07
            ],
            [
                9.926005695062072e-08,
                9.240111299956834e-07,
                9.511588079622862e-06,
                0.00024318162082614104,
                0.9997462835199074
            ]
        ],
        [
            [
                9.037632651104712e-07,
                2.2122159773586044e-08,
                3.820784710774046e-08,
                6.347535663222738e-07,
                0.9999984011531617
            ],
            [
                0.0,
                7.749534826806239e-10,
                0.9999999678890853,
                1.964540446610707e-08,
                1.169055673587561e-08
            ],
            [
                0.0,
                6.981399446270099e-10,
                0.999999888504526,
                8.274180293022352e-08,
                2.8055531025853887e-08
            ],
            [
                0.0,
                2.7794281611893965e-08,
                0.9999991041546767,
                7.859830394812714e-07,
                8.206800211144092e-08
            ],
            [
                0.0,
                1.0748359301272778e-08,
                0.9999986210757374,
                1.1052448334910207e-06,
                2.629310698772062e-07
            ]
        ],
        [
            [
                0.0,
                1.1280251691047517e-05,
                0.0003749575962883528,
                0.9995186421418765,
                9.512001014411862e-05
            ],
            [
                0.0,
                4.798405620580941e-10,
                0.9999999853820962,
                1.1391573328169824e-08,
                2.7464899069465723e-09
            ],
            [
                0.0,
                6.081646864982836e-10,
                0.9999998087435005,
                1.5472833724396223e-07,
                3.5919997605229223e-08
            ],
            [
                0.0,
                1.0865085550701553e-08,
                0.9970521777699453,
                0.0029468618298999294,
                9.495350692679836e-07
            ],
            [
                0.0,
                5.432268004263904e-10,
                3.3784273634711266e-07,
                0.00017169707249774788,
                0.9998279645415392
            ]
        ],
        [
            [
                0.0,
                3.538191579207479e-07,
                3.030608380380202e-06,
                0.9996957792009141,
                0.0003008363715476509
            ],
            [
                0.0,
                5.117696490765009e-10,
                0.9999998994095429,
                8.695878598304311e-08,
                1.3119901370110797e-08
            ],
            [
                0.0,
                2.414628025461414e-09,
                0.9999998734161302,
                9.601604332886809e-08,
                2.8153198488641003e-08
            ],
            [
                0.0,
                1.6474635435789382e-08,
                0.9999988619849651,
                8.917454383495833e-07,
                2.2979496112624374e-07
            ],
            [
                0.0,
                8.320864219232029e-09,
                0.9998277252415168,
                0.00017122093436357003,
                1.0455032554359793e-06
            ]
        ],
        [
            [
                2.9407161069856552e-06,
                2.2829474389109133e-07,
                8.738438565566445e-07,
                1.421438817329469e-05,
                0.9999817427571193
            ],
            [
                0.0,
                3.6207971273494774e-10,
                0.9999999956042884,
                2.662156880726989e-09,
                1.3714748342544722e-09
            ],
            [
                0.0,
                3.8616971657493526e-11,
                0.999999998307538,
                8.775245621682402e-10,
                7.76320480886832e-10
            ],
            [
                0.0,
                4.966463753848049e-09,
                0.9999587701910644,
                4.095463992691272e-05,
                2.7020254492512524e-07
            ],
            [
                0.0,
                2.7408500351297846e-08,
                0.999999645939625,
                2.348870430207794e-07,
                9.176483175425543e-08
            ]
        ],
        [
            [
                0.0,
                0.0005165670741970213,
                0.2848784608209485,
                0.714572180195841,
                3.279190901350111e-05
            ],
            [
                0.0,
                2.9119211785970983e-08,
                0.9999998747982309,
                6.003696139293518e-08,
                3.604559593549389e-08
            ],
            [
                0.0,
                3.3819245749838705e-11,
                0.9999999990044528,
                5.116622767582505e-10,
                4.5006575251283063e-10
            ],
            [
                0.0,
                7.49118070034886e-09,
                0.9999980911585546,
                1.6715555355774928e-06,
                2.2979472920693901e-07
            ],
            [
                7.041072363685859e-09,
                2.99927697647482e-08,
                6.58861297933378e-07,
                5.024305253600656e-06,
                0.9999942797996063
            ]
        ],
        [
            [
                0.0,
                7.745080102035878e-06,
                0.00043912818827360423,
                0.9938442933483068,
                0.005708833383317407
            ],
            [
                0.0,
                1.4187097036561746e-09,
                0.9999999523008014,
                3.8015934394768804e-08,
                8.264554362775465e-09
            ],
            [
                0.0,
                1.916326021148727e-11,
                0.9999999986556412,
                8.624841210536709e-10,
                4.627114535682889e-10
            ],
            [
                0.0,
                4.51855933136514e-09,
                0.9999932109993126,
                6.574895166357058e-06,
                2.095869616810561e-07
            ],
            [
                0.0,
                1.001780863252578e-08,
                7.8220490065046e-06,
                0.45908675630302026,
                0.5409054116301646
            ]
        ],
        [
            [
                5.6040076228056935e-06,
                2.30685214416047e-08,
                2.5213656153891887e-08,
                2.166911514803151e-06,
                0.9999921807986848
            ],
            [
                5.406096886382337e-06,
                0.001911520425954976,
                0.997198606272609,
                0.00032753039732163857,
                0.0005569368072279425
            ],
            [
                0.0,
                2.098724496830114e-10,
                0.9999999507008925,
                4.1088329653866256e-08,
                8.000905298255552e-09
            ],
            [
                0.0,
                1.1748542253801315e-08,
                0.00034305228822693987,
                0.9996492426410364,
                7.693322194400426e-06
            ],
            [
                1.3002639487826472e-08,
                1.642753654621542e-08,
                6.734573548231102e-07,
                9.88969435813441e-06,
                0.999989407418111
            ]
        ],
        [
            [
                0.0,
                1.164987310237416e-07,
                1.4895421039047263e-06,
                0.9999784036306326,
                1.9990328532400676e-05
            ],
            [
                0.0,
                4.956846097687463e-10,
                0.999999994196999,
                4.0496610509394565e-09,
                1.2576553873217723e-09
            ],
            [
                0.0,
                1.258984381440256e-10,
                0.9999999975197402,
                1.2422827357593587e-09,
                1.1120786506808771e-09
            ],
            [
                0.0,
                5.13932687990748e-09,
                0.9999980154293636,
                1.7855390300526863e-06,
                1.9389227942790962e-07
            ],
            [
                6.837380077674849e-07,
                2.1183780928021702e-07,
                5.4915904322838244e-05,
                9.42878866483205e-06,
                0.9999347597311953
            ]
        ],
        [
            [
                0.5372442309196547,
                1.6652443672649688e-05,
                6.905504758506936e-07,
                2.2562104908983134e-05,
                0.46271586398128783
            ],
            [
                0.0,
                1.6398538825350555e-09,
                0.9999999810526611,
                1.3516479742059428e-08,
                3.79100547694396e-09
            ],
            [
                0.0,
                2.6257510868879565e-10,
                0.9999999860096105,
                5.8177691748165785e-09,
                7.910045462660168e-09
            ],
            [
                0.0,
                7.657414199007425e-09,
                0.9999995937818986,
                2.967733238990662e-07,
                1.0178736329180383e-07
            ],
            [
                8.268843704598882e-07,
                1.8087040090174908e-07,
                1.8575238607340245e-06,
                1.1957175912234756e-05,
                0.9999851775454558
            ]
        ],
        [
            [
                0.0,
                5.71838517644972e-08,
                0.9999890662479484,
                1.0668272247561353e-05,
                2.0829595239597622e-07
            ],
            [
                0.0,
                1.58183400480072e-09,
                0.9999998426780761,
                1.1315159239815348e-07,
                4.2588497453435544e-08
            ],
            [
                0.0,
                5.123954535178564e-11,
                0.9999999943702356,
                4.566846182415635e-09,
                1.0116788395051104e-09
            ],
            [
                0.0,
                2.4804591243591687e-07,
                0.9344278916711675,
                0.06556035134901038,
                1.1508933909761013e-05
            ],
            [
                1.2398234981381714e-05,
                1.2264447311348707e-06,
                1.988291496814967e-06,
                6.0769204744483006e-05,
                0.9999236178240463
            ]
        ],
        [
            [
                0.0,
                7.123694212821962e-08,
                7.914189955724362e-05,
                0.9999189252853613,
                1.8615781392665684e-06
            ],
            [
                0.0,
                5.528738707005849e-10,
                0.9999999243232308,
                6.706952159389249e-08,
                8.054373628793636e-09
            ],
            [
                0.0,
                2.0733322844504137e-10,
                0.999999984130193,
                1.104882288480865e-08,
                4.613651052734304e-09
            ],
            [
                0.0,
                4.45930278365834e-09,
                3.133050633227291e-05,
                0.9996154129065824,
                0.00035325212778267645
            ],
            [
                1.8620306841902688e-06,
                7.875875541869108e-08,
                4.866745109428406e-07,
                1.320116252017824e-05,
                0.9999843713735292
            ]
        ],
        [
            [
                0.0,
                5.025661174525168e-08,
                9.170508594297831e-06,
                0.9999309897011511,
                5.978953364279428e-05
            ],
            [
                0.0,
                1.0606611230430016e-09,
                0.9999999755680545,
                1.8549233003683585e-08,
                4.822051388439039e-09
            ],
            [
                0.0,
                1.867228245945447e-10,
                0.9999999776591368,
                1.47900355565897e-08,
                7.364104720847102e-09
            ],
            [
                0.0,
                8.02659964113706e-09,
                0.9999198728297669,
                7.9746026168112e-05,
                3.731174652622371e-07
            ],
            [
                6.268139060692162e-08,
                8.200420118472526e-07,
                0.9999982413992502,
                7.515446429703654e-07,
                1.2433270435718664e-07
            ]
        ],
        [
            [
                4.36933855824311e-05,
                5.59499063373111e-07,
                2.707620486244719e-07,
                2.124121367810955e-05,
                0.9999342351396275
            ],
            [
                0.0,
                4.522505887360541e-10,
                0.9999999781081348,
                1.720990174020641e-08,
                4.2297126980542684e-09
            ],
            [
                0.0,
                1.6267595643563035e-10,
                0.9999999731190644,
                2.357641885026752e-08,
                3.141840992336338e-09
            ],
            [
                0.0,
                1.626376472933511e-08,
                0.04232462404607454,
                0.9576726050854645,
                2.7546046962509436e-06
            ],
            [
                3.0396568817481737e-06,
                1.1281105235750019e-08,
                3.0713104934623974e-08,
                6.614582688274424e-07,
                0.9999962568906393
            ]
        ],
        [
            [
                1.1195942342566254e-08,
                7.330611891984149e-09,
                1.3629294849364097e-07,
                1.839468099712219e-05,
                0.9999814504995002
            ],
            [
                6.308639655793675e-09,
                2.2403855652636163e-08,
                0.9999936617212591,
                2.050082501519834e-06,
                4.259483743907969e-06
            ],
            [
                0.0,
                6.131915638433414e-11,
                0.9999999981354231,
                1.0883083058720845e-09,
                7.149494448341102e-10
            ],
            [
                0.0,
                5.088579460670557e-08,
                0.9957509656612648,
                0.004245831165441885,
                3.1522874987506694e-06
            ],
            [
                0.0009251892613324124,
                8.758170743441434e-05,
                2.6600432852765844e-05,
                0.0001929921214110751,
                0.9987676364769693
            ]
        ],
        [
            [
                0.0,
                1.3541858930436076e-06,
                0.00028530218860249975,
                0.9996520742651774,
                6.126936032712336e-05
            ],
            [
                0.0,
                4.3192304002312835e-08,
                0.9999998297193409,
                1.0127667860590872e-07,
                2.581167666918383e-08
            ],
            [
                0.0,
                2.851491383966564e-11,
                0.9999999991663797,
                5.116281208391478e-10,
                2.934773480975006e-10
            ],
            [
                0.0,
                4.179591924746748e-08,
                0.9999963674146799,
                3.190899550142799e-06,
                3.9988985062253285e-07
            ],
            [
                0.003240710348945332,
                0.8216934941848942,
                0.153844142073351,
                0.017352494231273198,
                0.0038691591615361964
            ]
        ],
        [
            [
                0.0,
                1.6387688767177529e-07,
                0.049127794694887435,
                0.9508693454505399,
                2.695977685048369e-06
            ],
            [
                0.0,
                6.353060733871285e-10,
                0.9999999872588382,
                9.82824493802711e-09,
                2.2776107326301487e-09
            ],
            [
                0.0,
                2.70551252016663e-10,
                0.9999999756164232,
                1.9947696688018966e-08,
                4.165328610030328e-09
            ],
            [
                0.0,
                1.2519360265027512e-08,
                0.9998685512920867,
                0.00013065413914919484,
                7.820494037203705e-07
            ],
            [
                0.0,
                4.733366457387402e-10,
                6.997444725009731e-06,
                0.9993312742794977,
                0.0006617278024406102
            ]
        ],
        [
            [
                1.1463211603770193e-07,
                2.3098150946030056e-08,
                6.504954072694283e-08,
                6.123673729827204e-06,
                0.9999936735464624
            ],
            [
                0.0,
                9.270597026786639e-09,
                0.9999999440091754,
                2.7351784045071225e-08,
                1.936844343187089e-08
            ],
            [
                0.0,
                5.417223782749486e-10,
                0.9999998891823391,
                7.657563673738752e-08,
                3.370030193710306e-08
            ],
            [
                0.0,
                4.737733385127356e-08,
                0.9981029527462131,
                0.001895164089748285,
                1.835786704785215e-06
            ],
            [
                3.866574451042382e-08,
                3.596085321925733e-08,
                4.051704503254108e-07,
                3.308067289970138e-06,
                0.999996212135662
            ]
        ],
        [
            [
                6.676193425128021e-08,
                0.007407347499239616,
                0.9634128069693754,
                0.02916591211560558,
                1.3866653845224522e-05
            ],
            [
                0.0,
                3.963297475966346e-09,
                0.9999999174642077,
                6.521514227093302e-08,
                1.3357352610331104e-08
            ],
            [
                0.0,
                2.2410456587575328e-10,
                0.9999999488855438,
                3.71576142362656e-08,
                1.3732737567769232e-08
            ],
            [
                0.0,
                5.2203590039408126e-09,
                0.9999976448710575,
                2.025736641656072e-06,
                3.2417194192195187e-07
            ],
            [
                0.0,
                8.971585631227624e-09,
                0.999992617925691,
                6.854972206891411e-06,
                5.181305162770487e-07
            ]
        ],
        [
            [
                8.79649951903589e-07,
                0.9999951202819731,
                1.5407846514072988e-06,
                1.4137443712372834e-06,
                1.045539052247946e-06
            ],
            [
                6.922490773212347e-09,
                4.916553873318452e-07,
                0.9995494309017896,
                1.61385344357661e-05,
                0.0004339319858965761
            ],
            [
                0.0,
                7.749534645482281e-10,
                0.9999999444910419,
                4.446980540555994e-08,
                1.0264199378864424e-08
            ],
            [
                0.0,
                7.742450937240591e-08,
                0.9999926826592304,
                6.8388890869817166e-06,
                4.010271731947711e-07
            ],
            [
                1.4678208416551799e-05,
                1.4520704109192686e-06,
                3.219676231378523e-06,
                8.672995419019573e-06,
                0.9999719770495222
            ]
        ],
        [
            [
                0.0,
                2.0181227557067587e-07,
                2.884973595784769e-06,
                0.9997557862298229,
                0.00024112698430588323
            ],
            [
                0.0,
                9.922602004960351e-11,
                0.9999999972056581,
                2.122586067415074e-09,
                5.725298334060827e-10
            ],
            [
                0.0,
                5.664168721350536e-10,
                0.9999999215880471,
                6.908301359319753e-08,
                8.762522490450467e-09
            ],
            [
                0.0,
                7.99533757104213e-09,
                0.9999980962078753,
                1.7121241576049312e-06,
                1.8367262948628594e-07
            ],
            [
                4.657190247180617e-07,
                9.806514829567465e-07,
                0.9999979413573933,
                5.550798520746998e-07,
                5.7192246984835076e-08
            ]
        ],
        [
            [
                0.0,
                2.2758608801095755e-07,
                0.000808860180628469,
                0.9991886072349346,
                2.304998349008027e-06
            ],
            [
                0.0,
                2.2714405146468155e-10,
                0.9999999947801717,
                3.773583377506957e-09,
                1.2191009066653915e-09
            ],
            [
                0.0,
                6.56212136292851e-10,
                0.9999999712810833,
                2.3711077699464496e-08,
                4.351626763334302e-09
            ],
            [
                0.0,
                3.689193054213305e-09,
                6.097889598606772e-05,
                0.9998938209968741,
                4.519641794688168e-05
            ],
            [
                2.0109855681914457e-07,
                1.2746812302239056e-07,
