{
    "[['A', 'B', 'C', 'D', 'E'], ['A', 'B', 'C', 'D', 'E']]": [
        [
            [
                0.9999985726565236,
                1.0783834414271099e-06,
                3.0035835368410275e-07,
                2.43008405927666e-08,
                2.43008405927666e-08
            ],
            [
                2.514397205166548e-06,
                0.9999946124676686,
                2.867065974970513e-06,
                5.543767406284641e-09,
                5.253838991540394e-10
            ],
            [
                0.0,
                7.781175536207757e-09,
                0.9999999671557513,
                2.001183286244061e-08,
                5.051240369422283e-09
            ],
            [
                0.9940962409342267,
                0.005609555229538724,
                0.00029309001288202956,
                7.347206186727838e-07,
                3.791027337759068e-07
            ],
            [
                0.9999993602224482,
                3.044262194344347e-07,
                3.676157831318305e-08,
                1.9105442683501524e-08,
                2.7948431130490675e-07
            ]
        ],
        [
            [
                0.999999147706666,
                5.215850499802068e-07,
                2.6011777510115003e-07,
                6.559972329702723e-09,
                6.403053655091664e-08
            ],
            [
                0.9998059222617837,
                0.00019394711094835324,
                1.2850559117426572e-07,
                1.9951528872128595e-09,
                1.265238420420092e-10
            ],
            [
                0.0,
                2.272108951843657e-09,
                0.9999999899661441,
                4.940924594295793e-09,
                2.8208224509663245e-09
            ],
            [
                0.9999984917639065,
                1.4502478440726447e-06,
                5.5882314316183494e-08,
                1.7437020653764812e-09,
                3.622330777367511e-10
            ],
            [
                0.9999977084660001,
                2.2740959203682365e-06,
                1.32331206403733e-08,
                1.9636253876127887e-09,
                2.2413332610257794e-09
            ]
        ],
        [
            [
                0.9999998831716335,
                8.103471355036536e-08,
                2.8375738902667366e-08,
                3.075424194823654e-09,
                4.34248982791295e-09
            ],
            [
                1.5430542952841598e-05,
                0.9999840850689857,
                4.841376955237051e-07,
                2.2469478712579696e-10,
                2.5671168495078343e-11
            ],
            [
                3.493845473351095e-08,
                0.0001839716269179254,
                0.9998159753411957,
                1.8093431727393898e-08,
                0.0
            ],
            [
                0.9997466316298941,
                0.000252760858743306,
                6.039694668962638e-07,
                3.3179519036022623e-09,
                2.2394391787514322e-10
            ],
            [
                0.9999948641664883,
                5.114057354887817e-06,
                2.1403898168166548e-08,
                3.0303886721347083e-10,
                6.921968036127159e-11
            ]
        ],
        [
            [
                0.9999992654315766,
                8.646080738233935e-08,
                1.5788808327656658e-08,
                9.319920161169127e-09,
                6.229988874797151e-07
            ],
            [
                2.3240982536395694e-06,
                0.3057591779136201,
                0.6942365243542568,
                1.9311804048418833e-06,
                4.245346452746688e-08
            ],
            [
                0.0,
                6.466561583009738e-10,
                0.9999999876595013,
                7.692033257676967e-09,
                4.001809297683469e-09
            ],
            [
                0.9999970084985148,
                2.302816514018429e-06,
                5.235535767641509e-07,
                1.8837604089543124e-08,
                1.462937902414571e-07
            ],
            [
                0.9999983741452065,
                1.5169751727194494e-06,
                3.9216484401536724e-08,
                1.2470884958041274e-08,
                5.7192251283407944e-08
            ]
        ],
        [
            [
                0.999998794086653,
                9.309531591499735e-08,
                1.3833187580707657e-08,
                1.4302494240431015e-08,
                1.084682349141641e-06
            ],
            [
                0.0013419515555680428,
                0.9986578968744821,
                1.504299453911589e-07,
                1.0084114446795508e-09,
                1.3159284259017326e-10
            ],
            [
                2.1756432001673564e-08,
                0.00048400801137480314,
                0.9995159346374214,
                3.104439393102781e-08,
                4.5503778117186056e-09
            ],
            [
                0.9999941425004297,
                5.350579525995989e-06,
                2.3776576130176382e-07,
                2.3294146719523036e-08,
                2.4586013623374565e-07
            ],
            [
                0.9999997888838931,
                1.9003347266550337e-07,
                1.1929457939612779e-08,
                1.412736804175582e-09,
                7.74043943613483e-09
            ]
        ],
        [
            [
                0.9999969527360055,
                7.110838200161597e-08,
                2.998951067133338e-08,
                3.134946954884042e-08,
                2.9148166322558224e-06
            ],
            [
                0.9991848657099485,
                0.0008064054583984528,
                8.706533418155776e-06,
                1.965537401301192e-08,
                2.64286085478984e-09
            ],
            [
                4.259869045343582e-10,
                1.5356691713417474e-08,
                0.9999999618728271,
                1.3518181112069836e-08,
                8.826313117671339e-09
            ],
            [
                0.9999955557730971,
                4.41110361944534e-06,
                2.5663375327959984e-08,
                1.284029290081653e-09,
                6.175878934507263e-09
            ],
            [
                0.9999995707411303,
                4.04721372128623e-07,
                1.915747966066131e-08,
                1.7522437509836287e-09,
                3.6277741488887696e-09
            ]
        ],
        [
            [
                0.9999882825698364,
                3.5282382688054677e-07,
                1.988236250109109e-08,
                2.4804152708100175e-08,
                1.1319919821469791e-05
            ],
            [
                3.0589697316688734e-06,
                0.996800910311406,
                0.003195957488792924,
                6.474986348659123e-08,
                8.480205919942067e-09
            ],
            [
                0.0,
                4.82296198694088e-09,
                0.9999999707059224,
                1.603249106753781e-08,
                8.438624618915769e-09
            ],
            [
                0.9999743523034645,
                2.5457533218739684e-05,
                1.7250974693810824e-07,
                1.3772766952519021e-08,
                3.880802955907778e-09
            ],
            [
                0.9999972299749782,
                2.733220396056181e-06,
                3.369560871998661e-08,
                2.5807332087385132e-09,
                5.282839033348147e-10
            ]
        ],
        [
            [
                0.9999968390702241,
                3.0219708364877327e-06,
                9.998610839299125e-08,
                2.40621596473341e-08,
                1.4910671411359954e-08
            ],
            [
                1.5920202477432524e-06,
                0.9594599295354425,
                0.04053844941030207,
                2.803274494370038e-08,
                1.0012627270886554e-09
            ],
            [
                0.0,
                3.93010571574453e-10,
                0.9999999960895432,
                2.354575886598123e-09,
                1.1628704671887152e-09
            ],
            [
                0.9999965172601691,
                1.3813933835216448e-07,
                4.258222470367107e-07,
                1.2366444433022152e-07,
                2.795113801064059e-06
            ],
            [
                0.9999978318458141,
                2.1626337432436215e-06,
                5.370560137037411e-09,
                1.2466875992829265e-10,
                2.5213808242054128e-11
            ]
        ],
        [
            [
                0.9999997661380853,
                1.9160850559897203e-07,
                3.373522296443972e-08,
                7.073229335119624e-09,
                1.4449567337877591e-09
            ],
            [
                0.9368114381975728,
                0.000916693707296353,
                0.062073780662665244,
                3.061401905870282e-05,
                0.00016747341340674784
            ],
            [
                0.0,
                1.2491809313619056e-08,
                0.9999999341135931,
                3.7914627939445085e-08,
                1.5479969517249133e-08
            ],
            [
                0.9999973252902384,
                2.03419452553305e-06,
                3.6868892039344416e-07,
                2.1996312130802633e-08,
                2.4983000343510745e-07
            ],
            [
                0.9999956096456855,
                1.0065120928663477e-07,
                2.5575078107267813e-08,
                2.4053440293047094e-08,
                4.2400745868867065e-06
            ]
        ],
        [
            [
                0.9999995917310913,
                2.4032310214992594e-07,
                4.7813990827116527e-08,
                4.0276705039911715e-08,
                7.985511066287067e-08
            ],
            [
                0.9998895707985493,
                0.00011033619088941233,
                9.267207504745385e-08,
                3.009353336015531e-10,
                3.7551126829436443e-11
            ],
            [
                0.0,
                3.853914143718033e-10,
                0.9999999898129951,
                7.4121150680410415e-09,
                2.3894983259591e-09
            ],
            [
                0.9999968297648221,
                3.108981933804647e-06,
                5.888944642236907e-08,
                2.1174184789065973e-09,
                2.463792072245463e-10
            ],
            [
                0.9999996605462614,
                3.267945360816182e-07,
                1.0127354341759013e-08,
                1.3773601087074535e-09,
                1.1544879794914708e-09
            ]
        ],
        [
            [
                0.9999997097227689,
                2.80467155877875e-07,
                8.968214667076228e-09,
                5.595990142054871e-10,
                2.8226184867234475e-10
            ],
            [
                0.13855412801779723,
                0.8469128057196835,
                0.014532604388488978,
                4.165868672473753e-07,
                4.528716307194863e-08
            ],
            [
                0.0,
                1.7860036847259946e-08,
                0.9999999511524059,
                2.0296018913166998e-08,
                1.0691538312679823e-08
            ],
            [
                0.9999974511438356,
                2.0437830048408348e-06,
                4.750258969147667e-07,
                2.1806036660855067e-08,
                8.24122602903007e-09
            ],
            [
                0.9999999222567121,
                5.326452310793139e-08,
                1.783086832828798e-08,
                2.095373919185297e-09,
                4.552522601804063e-09
            ]
        ],
        [
            [
                0.9999889119021433,
                4.6394319129102156e-07,
                1.1554055324935621e-07,
                1.1092051400163774e-07,
                1.0397693598119464e-05
            ],
            [
                1.3034181439431953e-05,
                0.6708643292818971,
                0.32912241446867496,
                1.995027538681082e-07,
                2.2565234601342252e-08
            ],
            [
                1.4392583560297947e-06,
                0.9962221676885654,
                0.0037763058836682807,
                8.30635873637644e-08,
                4.105822902237518e-09
            ],
            [
                0.9999891849316173,
                8.71354478071955e-06,
                1.9019384542536109e-06,
                4.011287450273245e-08,
                1.594722733303654e-07
            ],
            [
                0.9999975904998156,
                2.3035523050823697e-06,
                9.138650152641842e-08,
                8.467500805730755e-09,
                6.09387713610657e-09
            ]
        ],
        [
            [
                0.9999995489050197,
                2.3915982645471114e-07,
                2.9592275827602282e-08,
                1.3120226782541186e-08,
                1.6922265116073875e-07
            ],
            [
                0.9120465628683944,
                0.08790732732170661,
                4.609372325132552e-05,
                1.4571655479288682e-08,
                1.5149920265027983e-09
            ],
            [
                0.0,
                6.052151004464966e-10,
                0.9999999811483954,
                1.4736140574883821e-08,
                3.5102488421187393e-09
            ],
            [
                0.9999966278838524,
                1.9927885014112048e-06,
                5.29297834183141e-07,
                2.5864704988284263e-08,
                8.241651069430207e-07
            ],
            [
                0.9999998300227866,
                8.687058680428631e-08,
                2.0512048485613657e-08,
                5.639753827301434e-09,
                5.695482449757884e-08
            ]
        ],
        [
            [
                0.9999997861162758,
                1.8193834287714126e-07,
                1.9362387389162054e-08,
                2.9465536644224307e-09,
                9.63644033592751e-09
            ],
            [
                0.9997736014754554,
                0.00022615953430787645,
                2.3862921955386805e-07,
                3.3394033283993987e-10,
                2.7076743687405073e-11
            ],
            [
                0.0,
                6.009051546354648e-10,
                0.9999999932001509,
                4.717874617203606e-09,
                1.4810692212834356e-09
            ],
            [
                0.9999921083155319,
                7.7479692471451e-06,
                1.362509620381999e-07,
                5.075626142277394e-09,
                2.38863250495101e-09
            ],
            [
                0.9999467894308571,
                2.4089630297027484e-07,
                2.3822332481402978e-07,
                3.201887142020552e-07,
                5.241126080104226e-05
            ]
        ],
        [
            [
                0.9999989676999684,
                9.521448669338544e-07,
                6.96097009472338e-08,
                8.918678402878294e-09,
                1.6267853244056578e-09
            ],
            [
                7.585635237521009e-08,
                0.9961504271583713,
                0.0038494852895734296,
                1.1374075023872395e-08,
                3.216278743817827e-10
            ],
            [
                0.0,
                2.468552238833876e-10,
                0.9999999964227477,
                2.1766134984892207e-09,
                1.1537835258493147e-09
            ],
            [
                0.9999999045471076,
                8.920503157493236e-08,
                5.777771430686951e-09,
                3.9216144539676203e-10,
                7.792797556611259e-11
            ],
            [
                0.9999998617283501,
                1.2211815150958357e-07,
                1.3873720924194822e-08,
                1.3117291940198725e-09,
                9.680482052320125e-10
            ]
        ],
        [
            [
                0.9999992684957054,
                1.7853966889541414e-07,
                8.19130190560577e-08,
                1.1701621946505081e-08,
                4.593499847003368e-07
            ],
            [
                0.9996130755720212,
                0.00038661585242801867,
                3.0589414274724843e-07,
                1.9827781062850852e-09,
                6.986301172345464e-10
            ],
            [
                0.0,
                3.4131366729537126e-09,
                0.9999999559709142,
                2.9199187527021526e-08,
                1.1416761477875259e-08
            ],
            [
                0.9999968763360452,
                2.9107829542273707e-06,
                1.417592700383048e-07,
                1.7611907943594527e-08,
                5.3509822704016057e-08
            ],
            [
                0.9999973596486864,
                2.482725283159736e-06,
                6.007705306322306e-08,
                6.2732665919420126e-09,
                9.127571086543533e-08
            ]
        ],
        [
            [
                0.9999995412759071,
                3.589834161629388e-07,
                7.727756908557035e-08,
                1.0986326731313607e-08,
                1.1476780923058312e-08
            ],
            [
                2.7818452393948227e-05,
                0.08622573040720899,
                0.9137440955663769,
                2.2606440164937237e-06,
                9.493000370936896e-08
            ],
            [
                0.0,
                1.3451405145995965e-09,
                0.9999999917150161,
                4.564590690382794e-09,
                2.3752528676105914e-09
            ],
            [
                0.9999728182494911,
                2.6314533221060326e-05,
                6.882631783476133e-07,
                4.139006051282155e-08,
                1.3756404889390536e-07
            ],
            [
                0.9999997629070677,
                1.9254619763026455e-07,
                3.3475630225618795e-08,
                5.656408951510134e-09,
                5.414695620018496e-09
            ]
        ],
        [
            [
                0.00019142013122875592,
                2.2535686399869362e-08,
                1.1777243122372507e-07,
                2.8793622311225726e-07,
                0.9998081516244305
            ],
            [
                0.9937198128476874,
                0.006271658757132935,
                8.464518527432057e-06,
                4.955849083563572e-08,
                1.4318161592594432e-08
            ],
            [
                1.0719349130509417e-08,
                1.464643753182695e-07,
                0.9999997255456919,
                1.0001222947632577e-07,
                1.7258354041192948e-08
            ],
            [
                0.9999819395681031,
                1.7291924856841272e-05,
                7.555323357065432e-07,
                6.894016217649474e-09,
                6.08068804916065e-09
            ],
            [
                0.9999989943847645,
                9.468936117499453e-07,
                5.647162352025296e-08,
                1.898769272121891e-09,
                3.5123096872715853e-10
            ]
        ],
        [
            [
                0.9999998748558107,
                1.1011716604393825e-07,
                1.4818894286330883e-08,
                1.8101318281120788e-10,
                2.7115917517705718e-11
            ],
            [
                4.8062694495719825e-08,
                1.5761241010797024e-05,
                0.9999839892178843,
                1.7709367145573613e-07,
                2.438473888570698e-08
            ],
            [
                3.5331018766227155e-08,
                2.4390368403534703e-06,
                0.9999974424246727,
                5.609171754907884e-08,
                2.7115750722727573e-08
            ],
            [
                0.977376972394704,
                0.022604999375810446,
                1.7215361389481132e-05,
                4.822378205665252e-07,
                3.3063027534284324e-07
            ],
            [
                0.9999999105277493,
                7.924516605765739e-08,
                9.613290991483553e-09,
                5.302231255626053e-10,
                8.357055546094247e-11
            ]
        ],
        [
            [
                0.9999998312615049,
                1.398880931052159e-07,
                2.39902098166417e-08,
                2.6924741663769614e-09,
                2.16771822352962e-09
            ],
            [
                1.5163653689964194e-05,
                0.9999844201791446,
                4.1573518240688597e-07,
                4.0053501862022607e-10,
                3.1447873530437166e-11
            ],
            [
                0.0,
                1.4937818868783777e-09,
                0.9999999735604692,
                1.9907065613971384e-08,
                5.0386830446541835e-09
            ],
            [
                0.9999378924503421,
                4.9498720963585686e-05,
                1.7769756274869147e-06,
                1.7996915095325281e-07,
                1.0651883915669281e-05
            ],
            [
                0.9999997601812477,
                2.065663993114149e-07,
                2.8999159378739167e-08,
                2.8771386085742257e-09,
                1.3760550287914754e-09
            ]
        ],
        [
            [
                0.9999995524310886,
                3.807880193769083e-07,
                2.7547439853621225e-08,
                4.991868251407626e-09,
                3.4241583874865066e-08
            ],
            [
                6.983090996663392e-10,
                2.934541492750097e-08,
                0.9999999197645497,
                4.343784481441717e-08,
                6.753881504957834e-09
            ],
            [
                6.846954674876252e-10,
                1.6013452064144645e-08,
                0.9999998978144669,
                7.014120481419236e-08,
                1.5346180846255197e-08
            ],
            [
                0.9991727771545628,
                0.0008262133060817939,
                1.0063859178498634e-06,
                2.7350624779795482e-09,
                4.1837514530004745e-10
            ],
            [
                0.9999983810175156,
                1.579813370258267e-06,
                1.6496551675179003e-08,
                3.857902509490226e-09,
                1.8814660034615954e-08
            ]
        ],
        [
            [
                0.9999872520175026,
                1.2228143339888403e-05,
                3.267487224092738e-07,
                4.937206088479355e-08,
                1.4371837420763776e-07
            ],
            [
                1.2747018412121814e-07,
                6.577341182450682e-06,
                0.9999932324206252,
                6.27680082735798e-08,
                0.0
            ],
            [
                9.014743014106445e-07,
                0.0034605079316339794,
                0.9965383753983424,
                1.9618435529865238e-07,
                1.901136677900516e-08
            ],
            [
                0.9999970302228735,
                1.2397507183332667e-06,
                1.51314620799538e-06,
                1.6429792571692075e-08,
                2.0045040765633525e-07
            ],
            [
                0.999999803635532,
                1.7986294959970195e-07,
                1.5479971188165326e-08,
                7.580174795419758e-10,
                2.635299200035339e-10
            ]
        ],
        [
            [
                0.9999995519191571,
                4.020810859564218e-07,
                3.801593730129726e-08,
                6.213961758351239e-09,
                1.7698578409612497e-09
            ],
            [
                0.9993715747632037,
                0.0006212469292674793,
                7.122308034906385e-06,
                2.1315206991425045e-08,
                3.468428694323898e-08
            ],
            [
                5.710553052384291e-10,
                9.951895239421052e-09,
                0.9999999495091131,
                2.911921049021224e-08,
                1.0848725924814507e-08
            ],
            [
                0.999999848455265,
                1.1314360801077139e-07,
                2.9119211018884486e-08,
                1.60269489208401e-09,
                7.679220992050513e-09
            ],
            [
                0.9999976492016495,
                1.672731617168429e-07,
                2.3420448265295147e-08,
                1.9610588948444017e-08,
                2.140494151725153e-06
            ]
        ],
        [
            [
                0.9999806899415856,
                3.124162143478279e-07,
                1.1327100809157335e-07,
                1.2103800922039798e-07,
                1.8763333182712658e-05
            ],
            [
                3.1945288491166777e-08,
                4.843670197288363e-06,
                0.9999950844832509,
                2.675413299112464e-08,
                1.3147130309240683e-08
            ],
            [
                0.0,
                5.300946851535947e-10,
                0.9999999952549372,
                2.473459797432391e-09,
                1.7415083063974068e-09
            ],
            [
                0.9999854593221376,
                1.1144027917863246e-05,
                3.312847451030013e-06,
                4.28325643015654e-08,
                4.096992925582207e-08
            ],
            [
                0.999997417359302,
                2.561269332291959e-06,
                1.5752442460928516e-08,
                3.873940157893494e-09,
                1.7449829843577487e-09
            ]
        ],
        [
            [
                0.9999995833382374,
                3.4291139562406923e-07,
                3.321739957909036e-08,
                7.315567922377006e-09,
                3.321739957909036e-08
            ],
            [
                2.374929937886833e-10,
                2.1600467365857473e-08,
                0.9999999571029986,
                1.5937700359103337e-08,
                5.12134101630171e-09
            ],
            [
                0.0,
                3.956476991334961e-09,
                0.9999999784117568,
                1.0118993393058015e-08,
                7.512772642073416e-09
            ],
            [
                0.9999627720426456,
                8.584943236896681e-06,
                6.533030225888e-06,
                2.339483147693538e-07,
                2.1876035576816628e-05
            ],
            [
                0.9501228394540899,
                0.049873832018424526,
                2.948975750306469e-06,
                3.57208604067482e-07,
                2.234313111976169e-08
            ]
        ],
        [
            [
                0.9999997810274269,
                1.7583236631462273e-07,
                1.382258545185503e-08,
                6.02565076714492e-09,
                2.3291970579665222e-08
            ],
            [
                0.9194534348643528,
                0.0805417143709379,
                4.822081804383934e-06,
                2.4446070430621828e-08,
                4.2368342976769165e-09
            ],
            [
                3.2489352481918456e-08,
                9.431593977577921e-06,
                0.999990485358164,
                5.0558505994088985e-08,
                0.0
            ],
            [
                0.9999993521119285,
                4.2221119920786996e-07,
                6.856723601942353e-08,
                9.154049432871079e-09,
                1.4795558683564042e-07
            ],
            [
                0.9999996414860467,
                3.47805284824469e-07,
                9.772112059418571e-09,
                4.3707650918021895e-10,
                4.994798960713947e-10
            ]
        ],
        [
            [
                0.9996953736114522,
                0.0003036675632829664,
                9.226242108977118e-07,
                2.119912673076539e-08,
                1.5001927046098525e-08
            ],
            [
                0.9993202275542624,
                0.0006784368284008053,
                1.3000308519217053e-06,
                2.8666939066256467e-08,
                6.919546008068602e-09
            ],
            [
                0.0,
                2.522071216175473e-09,
                0.9999999866843754,
                8.481822326866175e-09,
                2.311731148024042e-09
            ],
            [
                0.9999946696088754,
                1.0736825285265385e-06,
                1.4791313409766718e-07,
                4.9933658732911556e-08,
                4.058861803248885e-06
            ],
            [
                0.9999997999803976,
                1.838510392977358e-07,
                1.139111765949126e-08,
                2.0286180000316845e-09,
                2.7488274238554107e-09
            ]
        ],
        [
            [
                0.9999996202029631,
                2.223713073417092e-07,
                5.1045310297067595e-08,
                2.0395713566430077e-08,
                8.59847057451598e-08
            ],
            [
                0.001311855812217936,
                0.9986722380121357,
                1.5904169928627033e-05,
                1.5861392793194568e-09,
                4.195786254091026e-10
            ],
            [
                4.8053893924366404e-08,
                5.205653519769902e-05,
                0.9999478514326932,
                4.397821520000927e-08,
                0.0
            ],
            [
                0.8975865453605933,
                0.00022361294692148676,
                0.0009051890858991006,
                2.306829051758497e-05,
                0.10126158431606853
            ],
            [
                0.999999678096157,
                2.9240139934933676e-07,
                2.8647537200996873e-08,
                7.786056466167389e-10,
                7.630070030963931e-11
            ]
        ],
        [
            [
                0.9999993691675251,
                6.176568463828638e-07,
                1.2415276975156604e-08,
                5.539293568504232e-10,
                2.064221226549507e-10
            ],
            [
                8.92673334651187e-06,
                0.9999604612327502,
                3.058723050687491e-05,
                2.4250927298512635e-08,
                5.524690793794697e-10
            ],
            [
                0.0,
                5.1249301889533525e-08,
                0.9999999133934078,
                3.19971846457725e-08,
                3.3601057889775923e-09
            ],
            [
                0.9999830606141561,
                1.653111300978677e-05,
                3.7775731388392537e-07,
                1.5045024671655332e-08,
                1.547049550760314e-08
            ],
            [
                0.9999992420383048,
                6.756935110895278e-07,
                5.244673093019276e-08,
                1.491072679372274e-08,
                1.491072679372274e-08
            ]
        ],
        [
            [
                0.9999995659654256,
                2.8507849181695585e-07,
                1.3518292220307685e-07,
                7.916445478530288e-09,
                5.85671488917922e-09
            ],
            [
                0.0008300337447981704,
                0.9976677368406309,
                0.0015022202582291467,
                8.87230792555828e-09,
                2.8403380169574375e-10
            ],
            [
                0.0,
                1.2950562746230248e-08,
                0.9999999467000329,
                3.033161515719784e-08,
                1.0017789202269075e-08
            ],
            [
                0.7846245796108319,
                4.463311334554982e-05,
                0.0032390991950346296,
                0.00013108946872557127,
                0.21196059861206243
            ],
            [
                0.999999693964233,
                2.1885467998829074e-07,
                4.5676066501177576e-08,
                3.169062959255646e-09,
                3.8335957525705926e-08
            ]
        ],
        [
            [
                0.9999953566231057,
                4.59598681694324e-06,
                3.9649022856288013e-08,
                5.6268927318593926e-09,
                2.114161701039154e-09
            ],
            [
                4.840656954969897e-05,
                0.9989801441728349,
                0.0009714479811861927,
                1.1204287966455887e-09,
                1.5600055062879732e-10
            ],
            [
                0.0,
                7.92151995699138e-09,
                0.9999999729686059,
                1.2143741523569601e-08,
                6.966132747493602e-09
            ],
            [
                0.9999996582514139,
                3.2593860542852957e-07,
                1.3313247967451218e-08,
                1.344347994217717e-09,
                1.152384772365555e-09
            ],
            [
                0.9999995718950663,
                3.849504972205787e-07,
                3.5115901752889205e-08,
                3.584408423620646e-09,
                4.454126271810066e-09
            ]
        ],
        [
            [
                0.9999996048012736,
                2.607210246971846e-07,
                1.7087832490462722e-08,
                7.726278734998849e-09,
                1.0966359040698153e-07
            ],
            [
                0.9999842276434316,
                1.4805129625455668e-05,
                9.549201563435136e-07,
                1.0257897581977134e-08,
                2.0488890231957545e-09
            ],
            [
                0.0,
                3.396373939273619e-10,
                0.9999999917366752,
                4.479566169889519e-09,
                3.4441211653588773e-09
            ],
            [
                0.9999986222555625,
                1.3235583682567417e-06,
                4.0248832569781334e-08,
                3.443287195787221e-09,
                1.0493949455071589e-08
            ],
            [
                0.9999995636630755,
                4.1893635141256504e-07,
                1.6528392996303747e-08,
                6.214254981290177e-10,
                2.507545956901249e-10
            ]
        ],
        [
            [
                0.9999991428816252,
                8.209191192039796e-07,
                3.1854205345375306e-08,
                2.2330891612383342e-09,
                2.1119610729127662e-09
            ],
            [
                0.9992654573502461,
                0.0007344243623181663,
                1.0939305410767163e-07,
                8.677995752038313e-09,
                2.163858881356713e-10
            ],
            [
                0.0,
                3.729370603413025e-09,
                0.9999999343334772,
                4.889738414891208e-08,
                1.3039768168767043e-08
            ],
            [
                0.9999996707440181,
                2.0019651468073117e-07,
                1.0381849623621209e-07,
                4.913492371552009e-09,
                2.032747864338563e-08
            ],
            [
                0.9999996747918395,
                2.927281208123142e-07,
                2.7703828534965918e-08,
                3.7182553928482867e-09,
                1.057955774708329e-09
            ]
        ],
        [
            [
                0.9831714701530231,
                2.537410214244643e-07,
                6.674078865239964e-08,
                1.1332794459179447e-07,
                0.016828096037222247
            ],
            [
                0.9999259034088631,
                7.362814096101607e-05,
                4.6764083299151355e-07,
                7.598211004245585e-10,
                4.9521755716233455e-11
            ],
            [
                0.0,
                1.2672467323750797e-08,
                0.9999999518259576,
                2.110226632144424e-08,
                1.4399308753844427e-08
            ],
            [
                0.999996652829554,
                3.2483312169760386e-06,
                9.797087558383773e-08,
                7.017431776863646e-10,
                1.666105945969368e-10
            ],
            [
                0.999999879148979,
                9.834231809324832e-08,
                2.023718627557137e-08,
                1.5198283620692819e-09,
                7.516882652947341e-10
            ]
        ],
        [
            [
                0.9999995246953198,
                1.9633952447653554e-07,
                5.363847440695778e-08,
                1.1359223529383617e-08,
                2.139674576319916e-07
            ],
            [
                7.592047759817687e-06,
                0.5619925872287169,
                0.43799969791054827,
                8.851589759413318e-08,
                3.429707745600891e-08
            ],
            [
                0.0,
                1.0136238367404931e-09,
                0.9999999927250685,
                3.6047708907803826e-09,
                2.6565367650701436e-09
            ],
            [
                0.9999987737929698,
                1.2189946128102756e-06,
                7.127359116103383e-09,
                7.821506845410538e-11,
                6.843513565806264e-12
            ],
            [
                0.9999999734823459,
                1.9838496761895662e-08,
                5.982830969347567e-09,
                3.9383599727750425e-10,
                3.024902586159932e-10
            ]
        ],
        [
            [
                0.9999995036996664,
                4.28317273328893e-07,
                4.9279013481839366e-08,
                7.348852648766461e-09,
                1.1355194129821276e-08
            ],
            [
                0.7576102488401683,
                0.24188506916702124,
                0.0005040380439951428,
                4.054047072443976e-07,
                2.3854410829633124e-07
            ],
            [
                2.1329951154659735e-06,
                0.9382589973477222,
                0.06173806135661367,
                7.693794535720099e-07,
                3.8921095163996685e-08
            ],
            [
                0.9999939000793902,
                6.083515816136953e-06,
                1.4437948532431767e-08,
                1.5404061345586025e-09,
                4.264389048630321e-10
            ],
            [
                0.9999998151383188,
                1.5403343651859728e-07,
