{
    "[['A', 'B', 'C', 'D', 'E'], ['A', 'B', 'C', 'D', 'E']]": [
        [
            [
                0.9999999295207296,
                5.905862232681225e-08,
                1.1283903879876627e-08,
                1.2558498264942874e-10,
                1.1159191803215295e-11
            ],
            [
                0.9872433993665093,
                0.012756384627433608,
                2.150982580932993e-07,
                8.674450634928624e-10,
                4.035392718861899e-11
            ],
            [
                0.0,
                5.637543623187964e-11,
                0.9999999992478352,
                4.884951639298444e-10,
                2.072940850566944e-10
            ],
            [
                0.0,
                8.70840511211142e-09,
                7.038051426652163e-07,
                0.8223892119840469,
                0.1776100755024053
            ],
            [
                0.9999997563123375,
                2.3551801506100716e-07,
                7.024841017456383e-09,
                1.0559135853342489e-09,
                8.889288369441838e-11
            ]
        ],
        [
            [
                0.999999968812843,
                2.6646880418071126e-08,
                4.430646789998344e-09,
                1.0104094032365657e-10,
                8.588831438849184e-12
            ],
            [
                0.12364660496571966,
                0.8763532033105497,
                1.907925204831959e-07,
                9.092046312328729e-10,
                2.200542764517807e-11
            ],
            [
                0.0,
                1.7331536080104934e-10,
                0.9999999933355668,
                5.283053440034734e-09,
                1.2080643712842164e-09
            ],
            [
                0.0,
                6.60695703219392e-10,
                0.99999737453244,
                2.4066979178303e-06,
                2.1810894660696676e-07
            ],
            [
                0.9999995462564137,
                4.3600225760087667e-07,
                1.709122347871364e-08,
                6.204294700513277e-10,
                2.967571398477215e-11
            ]
        ],
        [
            [
                0.9999999255713287,
                7.218823494194279e-08,
                2.1637445946359765e-09,
                7.019945357462748e-11,
                6.4923105302611936e-12
            ],
            [
                0.007187749691217804,
                0.9928122036769604,
                4.645060885308603e-08,
                1.6906333743304657e-10,
                1.2149538291846744e-11
            ],
            [
                0.0,
                9.354657041904013e-11,
                0.9999999975155283,
                1.6371350034152073e-09,
                7.537901809861696e-10
            ],
            [
                0.0,
                1.1294635971209304e-10,
                0.9999999447535085,
                4.201331947847268e-08,
                1.3120225719951343e-08
            ],
            [
                0.9999997685154588,
                2.264416860184968e-07,
                4.755394404750187e-09,
                2.3714537015623364e-10,
                5.031542529423602e-11
            ]
        ],
        [
            [
                0.9999999687575697,
                2.7084634259679314e-08,
                4.089519151530196e-09,
                6.554425028580558e-11,
                2.732534413143932e-12
            ],
            [
                0.0013318544378868925,
                0.9986681187398467,
                2.6575565874255934e-08,
                2.1914044562567233e-10,
                2.755985031183478e-11
            ],
            [
                0.0,
                2.5581442098417795e-10,
                0.999999980037793,
                1.7947834388632586e-08,
                1.7585582585924013e-09
            ],
            [
                0.0,
                1.4290987908410703e-08,
                7.310248035969925e-07,
                0.00596781993567537,
                0.9940314347485331
            ],
            [
                0.9999999026585683,
                9.450041466332276e-08,
                2.3656723204205983e-09,
                4.280622331547037e-10,
                4.7282477621240795e-11
            ]
        ],
        [
            [
                0.9999999489082596,
                4.674425752577586e-08,
                4.264106417554988e-09,
                7.73089947531013e-11,
                6.067297181159214e-12
            ],
            [
                0.0006893908148614421,
                0.9993105719568882,
                3.709374256223293e-08,
                1.2500663411384861e-10,
                9.501150731147006e-12
            ],
            [
                0.0,
                1.6100106379686523e-10,
                0.9999999944074844,
                4.402217096636119e-09,
                1.0292974561312184e-09
            ],
            [
                0.0,
                0.0,
                1.4854863485580759e-08,
                0.19864558044376737,
                0.8013544047013691
            ],
            [
                0.999979844682782,
                2.015111169853865e-05,
                4.033895988121348e-09,
                1.6991743479695597e-10,
                1.705920603211955e-12
            ]
        ],
        [
            [
                0.9999998756965711,
                1.1714781358600542e-07,
                6.778220421797096e-09,
                3.4403245551861136e-10,
                3.336243750353593e-11
            ],
            [
                0.0011061454146866065,
                0.9988938086390932,
                4.566342852753699e-08,
                2.5767280011744436e-10,
                2.5118908182065955e-11
            ],
            [
                0.0,
                5.402488926905478e-10,
                0.99999999499332,
                2.134603549081073e-09,
                2.331827313651042e-09
            ],
            [
                0.0,
                2.0416915979750833e-09,
                0.9955384078435968,
                0.004456206659836662,
                5.383454874921428e-06
            ],
            [
                0.9967554537880193,
                0.0032445421082015454,
                3.989729685910955e-09,
                1.122066527595085e-10,
                1.842718530159061e-12
            ]
        ],
        [
            [
                0.9999999432243226,
                5.327640570015326e-08,
                3.248419041105916e-09,
                2.3928035472751766e-10,
                1.157231476542597e-11
            ],
            [
                0.9605852941739131,
                0.039414581067808784,
                1.2420269400872165e-07,
                5.433884676351814e-10,
                1.2195508519017831e-11
            ],
            [
                0.0,
                2.1252262191562032e-10,
                0.9999999790933853,
                1.5247389649398858e-08,
                5.4467023567726274e-09
            ],
            [
                0.0,
                1.4009703029456676e-09,
                5.994919584069171e-08,
                2.0559671287232924e-05,
                0.9999793789785466
            ],
            [
                0.9999884137388565,
                1.1574811831879262e-05,
                1.0436839936207093e-08,
                9.835328334449552e-10,
                2.8938887666628374e-11
            ]
        ],
        [
            [
                0.999999806468025,
                1.8832531337539218e-07,
                5.081874571864622e-09,
                1.176680710159323e-10,
                7.119006761253077e-12
            ],
            [
                0.9925934341272897,
                0.007406502326113883,
                6.237131246453014e-08,
                1.1526748878480735e-09,
                2.2609315452102632e-11
            ],
            [
                0.0,
                2.173218937760969e-10,
                0.9999999384021512,
                5.2713597606468376e-08,
                8.666929316511033e-09
            ],
            [
                0.0,
                0.0,
                0.9999936568663694,
                6.280621893900388e-06,
                6.25117366354697e-08
            ],
            [
                0.999999769668458,
                2.2764296103037202e-07,
                2.543045056882543e-09,
                7.801557003478437e-11,
                6.752032549613359e-11
            ]
        ],
        [
            [
                0.9999998835970749,
                1.1164451220937956e-07,
                4.424119294489869e-09,
                3.0922036699994453e-10,
                2.507329371469435e-11
            ],
            [
                0.99999934377713,
                6.500982521296995e-07,
                5.922158989855057e-09,
                1.9352399608138625e-10,
                8.93494230864069e-12
            ],
            [
                0.0,
                4.721965992836238e-11,
                0.9999999987590518,
                7.635999087513503e-10,
                4.301287669007153e-10
            ],
            [
                0.0,
                6.994068312818642e-08,
                2.9234760054040814e-05,
                0.9367776113910498,
                0.06319308390821302
            ],
            [
                0.9999980383471418,
                1.960183784618601e-06,
                1.339224279856385e-09,
                1.271727355031587e-10,
                2.6767604031218005e-12
            ]
        ],
        [
            [
                0.9999999595048946,
                3.660918005361145e-08,
                3.82097911350919e-09,
                6.151537026803454e-11,
                3.4308324225583717e-12
            ],
            [
                7.40752930740552e-07,
                0.9999986732363791,
                5.856078221656475e-07,
                3.8200299508021225e-10,
                2.086482146844979e-11
            ],
            [
                0.0,
                1.0349626295486383e-10,
                0.999999985111846,
                1.2008330840994153e-08,
                2.7763269932084906e-09
            ],
            [
                0.0,
                5.1170646120290254e-09,
                2.7881533872919705e-05,
                0.10677927826600225,
                0.8931928350830601
            ],
            [
                0.9999998467430783,
                1.4097382307222988e-07,
                1.1493187817261222e-08,
                7.661733905419249e-10,
                2.3737558176194404e-11
            ]
        ],
        [
            [
                0.9999999884397416,
                8.826313352159253e-09,
                2.6499882156452806e-09,
                7.820776057279412e-11,
                5.749268522846545e-12
            ],
            [
                3.838999185115395e-06,
                0.9999474607970716,
                4.8692148487214285e-05,
                7.457834181901091e-09,
                5.974218202897147e-10
            ],
            [
                0.0,
                1.6397552856655257e-11,
                0.999999999278534,
                5.501315279985408e-10,
                1.5493690300253475e-10
            ],
            [
                0.0,
                0.0,
                0.9999996414881341,
                2.959045576199653e-07,
                6.260730824892311e-08
            ],
            [
                0.9999999861557436,
                1.1933781422730645e-08,
                1.4555010035451103e-09,
                1.9522976631477364e-10,
                2.5974430564877225e-10
            ]
        ],
        [
            [
                0.9999999492501083,
                4.323722597665166e-08,
                7.0248406979609424e-09,
                4.615003918156522e-10,
                2.6324541895781276e-11
            ],
            [
                2.619141577991547e-06,
                0.9999973161559348,
                6.443360771873559e-08,
                2.4954604763801953e-10,
                1.933346327196256e-11
            ],
            [
                0.0,
                2.2437445734648337e-10,
                0.9999999977487946,
                1.498453291673307e-09,
                5.283776341702623e-10
            ],
            [
                0.0,
                1.125571622857422e-09,
                7.254859903774637e-05,
                0.9752236480042122,
                0.024703802271178424
            ],
            [
                0.9999996086534014,
                3.860799036905321e-07,
                5.0355509506295055e-09,
                2.2717784045011395e-10,
                3.9662177065041e-12
            ]
        ],
        [
            [
                0.9999999774802052,
                1.9461614474892392e-08,
                2.8329865061380597e-09,
                1.8926612993764034e-10,
                3.592768722886892e-11
            ],
            [
                1.0003265709606125e-05,
                0.9999840700264917,
                5.9131214031312715e-06,
                1.260150902550677e-08,
                9.848863826478485e-10
            ],
            [
                0.0,
                8.392164550370073e-11,
                0.9999999986959287,
                7.59770338397946e-10,
                4.6037946939788456e-10
            ],
            [
                0.0,
                0.0,
                0.9999984238725598,
                1.5407890068318904e-06,
                3.5338433268124406e-08
            ],
            [
                0.9999964945339219,
                3.498867198906953e-06,
                6.083657204432364e-09,
                5.061383359964016e-10,
                9.083491210912651e-12
            ]
        ],
        [
            [
                0.9999999337061136,
                5.7904396243314e-08,
                8.1629436765787e-09,
                2.0252573781286675e-10,
                2.4020715415384358e-11
            ],
            [
                0.0001367736107493403,
                0.999863209969829,
                1.6311668974183688e-08,
                1.0358493070936156e-10,
                4.1674836409891185e-12
            ],
            [
                0.0,
                5.49480022334391e-11,
                0.9999999972433227,
                1.7309278662407912e-09,
                9.708014264921892e-10
            ],
            [
                0.0,
                0.0,
                1.5433294729831008e-07,
                0.9999818641742046,
                1.7981492848020935e-05
            ],
            [
                0.9999986255610773,
                1.3687474388474309e-06,
                5.045261350108751e-09,
                5.79023495476525e-10,
                6.71988767741451e-11
            ]
        ],
        [
            [
                0.9999999365123046,
                5.7137626243124415e-08,
                6.179390790705301e-09,
                1.4663229558837825e-10,
                2.4046110894602282e-11
            ],
            [
                0.9889803320505262,
                0.011019571598821335,
                9.519273851165559e-08,
                1.134503581256112e-09,
                2.3410497806709653e-11
            ],
            [
                0.0,
                1.1454506418626982e-10,
                0.9999999987253099,
                9.28181014611079e-10,
                2.3196405149543146e-10
            ],
            [
                0.0,
                1.1561545310339604e-08,
                0.8340343703288047,
                0.1659617526883842,
                3.865421265869271e-06
            ],
            [
                0.999996767374077,
                3.228217435315068e-06,
                4.10413152554975e-09,
                2.9946779903154503e-10,
                4.888525755973249e-12
            ]
        ],
        [
            [
                0.9999997885552238,
                1.9954329179396583e-07,
                1.137257791789777e-08,
                5.166637611700404e-10,
                1.2242727005461698e-11
            ],
            [
                0.9999987743361128,
                1.1731512362652634e-06,
                5.131033098532167e-08,
                1.17903563858704e-09,
                2.3284249388977637e-11
            ],
            [
                0.0,
                1.4196483262846292e-10,
                0.9999999953978418,
                2.8766447481768203e-09,
                1.583548704370413e-09
            ],
            [
                0.9999968811035121,
                3.1141212701114113e-06,
                4.5461706225749885e-09,
                2.1669193562814097e-10,
                1.23551145099249e-11
            ],
            [
                0.9999999506342825,
                4.698049608551247e-08,
                2.2846504179553454e-09,
                8.781569773270974e-11,
                1.275543087937762e-11
            ]
        ],
        [
            [
                0.9999999652971704,
                3.162416275065346e-08,
                2.9291881578911774e-09,
                1.390435692469637e-10,
                1.0435072243245641e-11
            ],
            [
                0.00025379443097645337,
                0.9997461754998093,
                2.994144303933375e-08,
                1.1754783429222616e-10,
                1.022327133356813e-11
            ],
            [
                0.0,
                3.7538686277610505e-10,
                0.9999999771864952,
                1.5602095285818586e-08,
                6.836022736431424e-09
            ],
            [
                0.0,
                1.6039441162583374e-11,
                8.200360668373301e-10,
                0.9994282410092233,
                0.0005717581547011586
            ],
            [
                0.007000725667966873,
                0.9929990560612039,
                2.1732244158252598e-07,
                9.162971444053135e-10,
                3.209058468539148e-11
            ]
        ],
        [
            [
                0.9999999300782972,
                5.819892324616433e-08,
                1.1372578171663085e-08,
                3.1981410822943914e-10,
                3.038721957386104e-11
            ],
            [
                0.1695628690939167,
                0.8304351748726502,
                1.9385189648994168e-06,
                1.6799569125256688e-08,
                7.148990576891862e-10
            ],
            [
                0.0,
                6.556900991649958e-11,
                0.9999999968237903,
                2.3712015990303383e-09,
                7.39439002909098e-10
            ],
            [
                0.0,
                2.8181107083325604e-10,
                0.9999997712048921,
                1.5945189157070398e-07,
                6.906140529550854e-08
            ],
            [
                0.9999974998041641,
                2.4946516387544676e-06,
                4.9671552481793355e-09,
                5.603712717411587e-10,
                1.6670555652217566e-11
            ]
        ],
        [
            [
                0.9999999813333879,
                1.4169310516919226e-08,
                4.328077062553093e-09,
                1.4795720022663364e-10,
                2.1267214272693223e-11
            ],
            [
                4.180140731042001e-05,
                0.9999581726567416,
                2.5810595299272902e-08,
                1.1742525633011768e-10,
                7.927478533685545e-12
            ],
            [
                0.0,
                4.52351303377108e-11,
                0.9999999988768986,
                7.94345463964748e-10,
                2.8352068305174137e-10
            ],
            [
                0.0,
                2.5066850123908224e-10,
                4.415587756454637e-09,
                8.377152665658011e-06,
                0.999991618181078
            ],
            [
                0.9999922992951455,
                7.690974523917254e-06,
                9.352383457279245e-09,
                3.6174838947452403e-10,
                1.6198728546981964e-11
            ]
        ],
        [
            [
                0.9999998421284143,
                1.5403342231375708e-07,
                3.584408110362931e-09,
                2.30829763856341e-10,
                2.2925402955028188e-11
            ],
            [
                0.0008304941478179729,
                0.9991694403295451,
                6.516092738817493e-08,
                3.533839722932132e-10,
                8.32551774489123e-12
            ],
            [
                0.0,
                1.0235919551636554e-10,
                0.9999999949609764,
                2.8195852693179247e-09,
                2.1170791458733465e-09
            ],
            [
                0.0,
                3.4699851999868044e-11,
                2.22482035379507e-09,
                0.999957484247262,
                4.251349321764465e-05
            ],
            [
                0.9999998856164075,
                1.1010687615018506e-07,
                3.909980005217747e-09,
                3.215291075622921e-10,
                4.520718479338163e-11
            ]
        ],
        [
            [
                0.9999998228699041,
                1.6170190145532257e-07,
                1.370204729151196e-08,
                1.6487953887022596e-09,
                7.735162052647169e-11
            ],
            [
                0.9901112432157477,
                0.00988872325108727,
                3.3156000278207544e-08,
                3.6216948727291803e-10,
                1.4995352966948104e-11
            ],
            [
                0.0,
                3.2865647710327943e-10,
                0.9999998994871395,
                9.468733304432699e-08,
                5.49687098140386e-09
            ],
            [
                0.0,
                8.20767627120905e-08,
                2.5923592277377183e-05,
                0.13415908357298129,
                0.8658149107579787
            ],
            [
                0.9999824030700175,
                1.7587548303266505e-05,
                8.498275404530155e-09,
                8.507060990972555e-10,
                3.2697812006177926e-11
            ]
        ],
        [
            [
                0.9999999863210394,
                1.1416761824375414e-08,
                2.116731887375703e-09,
                1.3611490718404275e-10,
                9.352065360605097e-12
            ],
            [
                1.841030584669515e-06,
                0.9999979863978367,
                1.72392470127617e-07,
                1.647546446781972e-10,
                1.435390392486344e-11
            ],
            [
                0.0,
                5.338845093544766e-10,
                0.9999999472406323,
                4.93420269081078e-08,
                2.883456249179139e-09
            ],
            [
                0.0,
                3.8260092124792574e-10,
                0.9999952060533297,
                4.705623530550344e-06,
                8.794053891423515e-08
            ],
            [
                0.9999982854610627,
                1.7054881693234886e-06,
                7.747011514102e-09,
                1.0595894255828888e-09,
                2.441668727195189e-10
            ]
        ],
        [
            [
                0.999999898996372,
                8.878389831516916e-08,
                1.2103298619278554e-08,
                1.0859315253765408e-10,
                7.837900769606567e-12
            ],
            [
                0.48260481390993354,
                0.5173951088814585,
                7.640304298395812e-08,
                7.865673947250826e-10,
                1.8997671884201787e-11
            ],
            [
                0.0,
                1.0156243566891037e-10,
                0.9999999895145101,
                8.123972409019827e-09,
                2.2599551976941925e-09
            ],
            [
                0.0,
                4.0227994796487665e-10,
                0.00012141474971014658,
                0.9998696891671637,
                8.895680846268665e-06
            ],
            [
                0.9999999352597337,
                6.198257100631065e-08,
                2.3656723975442804e-09,
                3.750426567600883e-10,
                1.6980202165394033e-11
            ]
        ],
        [
            [
                0.9999998915557204,
                1.0139400692829509e-07,
                6.89879072818714e-09,
                1.4529678826543126e-10,
                6.1850646574430586e-12
            ],
            [
                1.132383939636013e-05,
                0.9999886511392123,
                2.4756746242412614e-08,
                2.531226373864719e-10,
                1.1522604724697885e-11
            ],
            [
                0.0,
                3.368832881723525e-09,
                0.9999998194401021,
                1.6336679324712896e-07,
                1.3824271765216684e-08
            ],
            [
                0.0,
                3.96762711071229e-11,
                0.9999999797054808,
                1.5918378835072778e-08,
                4.336464150555702e-09
            ],
            [
                0.999999080065926,
                9.017348853566116e-07,
                1.638182297270525e-08,
                1.5473675489138658e-09,
                2.6999812777047103e-10
            ]
        ],
        [
            [
                0.999999539345216,
                4.480921009675379e-07,
                1.1863563910456431e-08,
                6.706842811712778e-10,
                2.843485917308495e-11
            ],
            [
                0.979927425888956,
                0.02007252823074992,
                4.5348107366474146e-08,
                5.23058214553006e-10,
                9.128440638614612e-12
            ],
            [
                0.0,
                3.743643940750166e-10,
                0.9999999962457842,
                2.2808799337866666e-09,
                1.098971609415906e-09
            ],
            [
                0.0,
                3.738371053705316e-10,
                0.999650641051028,
                0.0003492558582657169,
                1.0271686916672252e-07
            ],
            [
                0.9999996383410693,
                3.582286291693337e-07,
                3.075424175104031e-09,
                3.190415495994193e-10,
                3.583597946006485e-11
            ]
        ],
        [
            [
                0.9999999203368997,
                7.603321700808531e-08,
                3.510905244770592e-09,
                1.0601287225959427e-10,
                1.2965323926908261e-11
            ],
            [
                0.6171938584826474,
                0.38280582575962485,
                3.139172618702165e-07,
                1.8011679789084212e-09,
                3.929781293632263e-11
            ],
            [
                0.0,
                3.4249254509134606e-10,
                0.9999999698381998,
                2.0491011191995815e-08,
                9.3282964766421e-09
            ],
            [
                0.0,
                3.198918800954326e-08,
                7.0033991870465464e-06,
                0.5761557990121605,
                0.42383716559946444
            ],
            [
                0.995908622917639,
                0.004091220868436148,
                1.537726128401331e-07,
                2.405140912431145e-09,
                3.617116227974878e-11
            ]
        ],
        [
            [
                0.9999998155538228,
                1.7938929419043723e-07,
                4.722133177539824e-09,
                3.1692064257768223e-10,
                1.7829140933137967e-11
            ],
            [
                0.9999971170775027,
                2.8702230366229082e-06,
                1.2385452206267132e-08,
                3.090676412084096e-10,
                4.940964114140897e-12
            ],
            [
                0.0,
                9.711218029658979e-10,
                0.9999999838517202,
                1.0561235875036128e-08,
                4.615921969142914e-09
            ],
            [
                0.0,
                8.923863831856068e-10,
                8.729314175735653e-08,
                0.04669438080288706,
                0.9533055310115848
            ],
            [
                0.9999999827215785,
                1.6342998382018155e-08,
                8.212256032975441e-10,
                9.449828404139385e-11,
                1.969929385020649e-11
            ]
        ],
        [
            [
                0.999999946853149,
                5.0775457748858473e-08,
                2.2462419984096503e-09,
                1.1480972113965252e-10,
                1.0341609159966712e-11
            ],
            [
                0.9999933915887169,
                6.598072982516536e-06,
                1.0139762352899446e-08,
                1.950615196281777e-10,
                3.476786936515167e-12
            ],
            [
                0.0,
                4.869404724375222e-11,
                0.9999999984522434,
                9.408450722030724e-10,
                5.582174644336167e-10
            ],
            [
                0.0,
                1.0008355020062157e-08,
                5.799157262792865e-07,
                0.10110099769406164,
                0.8988984123818572
            ],
            [
                0.9999995553399407,
                4.3159759451520655e-07,
                1.2284990714163012e-08,
                7.540706186982472e-10,
                2.3403443698422326e-11
            ]
        ],
        [
            [
                0.9999998826075833,
                1.0807941569080967e-07,
                9.031333194233206e-09,
                2.6999863413224914e-10,
                1.1669241885602133e-11
            ],
            [
                0.9999987480016653,
                1.2445792875568164e-06,
                7.1444956474746905e-09,
                2.6768961780038856e-10,
                6.8617473408887364e-12
            ],
            [
                0.0,
                2.7524093350812755e-10,
                0.9999999294190137,
                6.732573205994231e-08,
                2.9800133073704325e-09
            ],
            [
                0.0,
                6.959559315481506e-09,
                0.028188264906746145,
                0.9717961313544151,
                1.5596779279434626e-05
            ],
            [
                0.9999275335878194,
                7.245208354642767e-05,
                1.4118458770888187e-08,
                2.0365062012273069e-10,
                6.524623678895477e-12
            ]
        ],
        [
            [
                0.9999999588111202,
                3.578316756212351e-08,
                5.304408363002852e-09,
                9.648347519992572e-11,
                4.8202232217571116e-12
            ],
            [
                0.9917624386596737,
                0.008237531265526597,
                2.9574332855713295e-08,
                4.799220495733891e-10,
                2.0544830784963202e-11
            ],
            [
                0.0,
                3.05835942957905e-10,
                0.9999999247341786,
                6.781547625738536e-08,
                7.1445091647884825e-09
            ],
            [
                0.0,
                1.705887545406048e-09,
                0.01573633479289177,
                0.9842550217058045,
                8.641795416144194e-06
            ],
            [
                0.0004064511609425159,
                0.9995934730198487,
                7.411369934618847e-08,
                1.6737256455632377e-09,
                3.1783758406132346e-11
            ]
        ],
        [
            [
                0.9999998469461892,
                1.3808006696985143e-07,
                1.4549687919516203e-08,
                3.754591809559206e-10,
                4.8596900984111495e-11
            ],
            [
                8.586392498119805e-06,
                0.9999913819733519,
                3.154698931355743e-08,
                8.086258843876581e-11,
                6.2980139508916345e-12
            ],
            [
                0.0,
                2.1678867196279444e-10,
                0.9999999846737793,
                8.870531034867777e-09,
                6.238900998824541e-09
            ],
            [
                0.0,
                5.798349544450336e-09,
                0.25483892377821704,
                0.7450947162186651,
                6.635420476846134e-05
            ],
            [
                0.9999999749608219,
                2.139255158582998e-08,
                3.4548125197146343e-09,
                1.695276732590029e-10,
                2.2286106183224402e-11
            ]
        ],
        [
            [
                0.9999999568584798,
                4.057680798477278e-08,
                2.430523076598024e-09,
                9.972844055436296e-11,
                3.446095417116051e-11
            ],
            [
                0.9999995011562449,
                4.843325946716593e-07,
                1.4105430743214355e-08,
                3.902415676918295e-10,
                1.548800917004859e-11
            ],
            [
                0.0,
                1.25697367761095e-10,
                0.9999999949619862,
                3.7057235629498494e-09,
                1.2065928863964738e-09
            ],
            [
                0.0,
                0.0,
                0.8756018511152064,
                0.12427084773457701,
                0.0001273011502165316
            ],
            [
                0.9999995453756442,
                4.480921036697264e-07,
                5.7673886902824545e-09,
                7.00455437253434e-10,
                6.44079495213901e-11
            ]
        ],
        [
            [
                0.9999998047189573,
                1.8768898650638876e-07,
                7.254929016816197e-09,
                3.2444671550880024e-10,
                1.2680524749234269e-11
            ],
            [
                0.057234914291363924,
                0.9427648740840097,
                2.1057748828567458e-07,
                1.028537968524658e-09,
                1.860025748931848e-11
            ],
            [
                0.0,
                7.1450330390427e-11,
                0.9999999977204697,
                1.5010850269986728e-09,
                7.06994810834783e-10
            ],
            [
                0.0,
                1.2559695594485286e-10,
                1.0484671274843274e-07,
                0.9999813010801111,
                1.8593947579181438e-05
            ],
            [
                0.9998493966371098,
                0.00015056998972105446,
                3.201598876982192e-08,
                1.344427567342143e-09,
                1.2752853874288943e-11
            ]
        ],
        [
            [
                0.9999999061591398,
                8.61263608149837e-08,
                7.12701968917344e-09,
                5.075236585065595e-10,
                7.995604111752982e-11
            ],
            [
                0.004621023369946667,
                0.9953788534425903,
                1.2305927256953272e-07,
                1.1950625132495837e-10,
                8.684291401495098e-12
            ],
            [
                0.0,
                1.0051599224984686e-10,
                0.9999999951845733,
                3.205960040665873e-09,
                1.5089504314927125e-09
            ],
            [
                0.9999992328442572,
                7.515689509386846e-07,
                1.4169310046024823e-08,
                1.144464074079812e-09,
                2.7301771659413814e-10
            ],
            [
                0.9999999575057046,
                4.146607390744279e-08,
                9.268753663103635e-10,
                9.08760293278301e-11,
                1.0470001107755196e-11
            ]
        ],
        [
            [
                0.9999999499399254,
                4.320400398540169e-08,
                6.696415387786978e-09,
                1.5242546831423413e-10,
                7.2299418718847934e-12
            ],
            [
                0.49999905981190784,
                0.49999905981190784,
                1.8746278812229973e-06,
                5.4690634608607876e-09,
                2.7923959774103213e-10
            ],
            [
                0.0,
                3.5475422614290195e-10,
                0.9999999840296658,
                1.1546228580436495e-08,
                4.069351149003221e-09
            ],
            [
                0.0,
                3.431189451293069e-10,
                1.2343921553890538e-08,
                0.0001894660884553694,
                0.9998105212245041
            ],
            [
                0.9999974038461016,
                2.5927610171962846e-06,
                3.2163416411846665e-09,
                1.7515043655614088e-10,
                1.389151366001319e-12
            ]
        ],
        [
            [
                0.9999999538459045,
                4.302924771364962e-08,
                2.904159827503323e-09,
                1.741068944033894e-10,
                4.658104612944573e-11
            ],
            [
                0.002608620896893871,
                0.9973912358777843,
                1.427773959839228e-07,
                4.2984090666542227e-10,
                1.808484821938044e-11
            ],
            [
                0.0,
                5.2459058751245146e-11,
                0.9999999990169852,
                4.420186510266462e-10,
                4.88537093492704e-10
            ],
            [
                0.0,
                1.0706608851897472e-10,
                3.2554654338085325e-09,
                0.9970038752681066,
                0.0029961213693618692
            ],
            [
                0.9999997166039033,
                2.7657300384646806e-07,
                6.396641686683906e-09,
                3.921142979947319e-10,
                3.4336884349010505e-11
            ]
        ],
        [
            [
                0.9999999678843027,
                3.093215416885353e-08,
                1.0344223938990353e-09,
                9.846115806663689e-11,
                5.065978171009555e-11
            ],
            [
                0.00020581809854400865,
                0.9997941503540996,
                3.119878953194009e-08,
                3.443153793848434e-10,
                4.25154468681132e-12
            ],
            [
                0.0,
                4.7156477075342916e-11,
                0.9999999990620161,
                5.707656793926178e-10,
                3.20061846853193e-10
            ],
            [
                0.0,
                2.3386140885609176e-10,
                1.09990531436079e-08,
                0.0019735844547620522,
                0.9980264043123235
