{
    "[['A', 'B', 'C', 'D', 'E'], ['A', 'B', 'C', 'D', 'E']]": [
        [
            [
                0.9999999521188422,
                4.4131229789121156e-08,
                3.5844559346491592e-09,
                1.4835366109529133e-10,
                1.711824201664815e-11
            ],
            [
                2.3213967454554128e-07,
                0.999991405914772,
                8.359563454305256e-06,
                2.3513042080861165e-09,
                3.079494654191381e-11
            ],
            [
                0.0,
                1.719104446170759e-11,
                0.9999999993055755,
                5.162322965644327e-10,
                1.6100106458546312e-10
            ],
            [
                0.9999999555284111,
                4.320400422684666e-08,
                1.1925515286284876e-09,
                7.040353130801285e-11,
                4.6296167516265355e-12
            ],
            [
                0.99999996733862,
                2.938237756278657e-08,
                3.1222466477863433e-09,
                1.4663228262857855e-10,
                1.012357237738441e-11
            ]
        ],
        [
            [
                0.9999999921521302,
                6.6209631510471255e-09,
                1.156467049754891e-09,
                6.57038408577396e-11,
                4.735871918373857e-12
            ],
            [
                3.64878671205286e-07,
                0.9999959054502023,
                3.7263473850603757e-06,
                3.250699970645603e-09,
                7.304141754965783e-11
            ],
            [
                0.0,
                1.4435916636488866e-11,
                0.9999999997282099,
                1.579957731689311e-10,
                9.935840029852991e-11
            ],
            [
                0.9999999062401966,
                9.224883160193244e-08,
                1.465968508211292e-09,
                4.337254038259192e-11,
                1.63082773729483e-12
            ],
            [
                0.9999999705523592,
                2.7790409478740028e-08,
                1.5940489393250112e-09,
                5.785429370155964e-11,
                5.328270094798138e-12
            ]
        ],
        [
            [
                0.9999999929028054,
                6.570340648985707e-09,
                4.692206209620728e-10,
                4.6521292750576955e-11,
                1.1111933586849957e-11
            ],
            [
                1.088737171772189e-07,
                0.9999800284573619,
                1.9857021634469505e-05,
                5.582656946457129e-09,
                6.462945885110636e-11
            ],
            [
                0.0,
                0.0,
                0.9999999990572328,
                4.451397541926481e-10,
                4.976275143360061e-10
            ],
            [
                0.9999862673406306,
                1.36888901020602e-05,
                4.288054594712929e-08,
                7.5770664575452e-10,
                1.310150756501751e-10
            ],
            [
                0.9999999776179885,
                2.0880698212919625e-08,
                1.4221911809338244e-09,
                7.289792584586622e-11,
                6.2241769316007935e-12
            ]
        ],
        [
            [
                0.9999998484429284,
                1.471471785209604e-07,
                4.280477316456557e-09,
                1.176680619279106e-10,
                1.174751471156175e-11
            ],
            [
                8.300546476247944e-08,
                0.04842786658926985,
                0.9515718655605614,
                1.8484470400902127e-07,
                0.0
            ],
            [
                0.0,
                6.459236098755845e-11,
                0.9999999941766142,
                4.467040993564057e-09,
                1.2917524028822533e-09
            ],
            [
                0.0,
                3.3218505937531717e-10,
                0.9999964752861215,
                3.498867131561219e-06,
                2.551456207268408e-08
            ],
            [
                0.999999991406891,
                8.03661839696869e-09,
                5.096237474785221e-10,
                4.5477965092046205e-11,
                1.3888069125581248e-12
            ]
        ],
        [
            [
                0.9999999760071462,
                2.177673467548286e-08,
                2.096785059810052e-09,
                1.1324685358868806e-10,
                6.0871649850036195e-12
            ],
            [
                0.00028483976949325113,
                0.999715156799969,
                3.3067567351361993e-09,
                1.1970974761993052e-10,
                4.071107310694215e-12
            ],
            [
                0.0,
                0.0,
                0.999999999971465,
                1.869918171938863e-11,
                9.835674986018762e-12
            ],
            [
                0.9999989939641165,
                1.0042641161669173e-06,
                1.729855130984969e-09,
                4.058920802017765e-11,
                1.3228727545358237e-12
            ],
            [
                0.9999999611070565,
                3.7156055527537916e-08,
                1.6487954200753136e-09,
                8.631863752936346e-11,
                1.7739443706988094e-12
            ]
        ],
        [
            [
                0.9999999825384854,
                1.649425380191999e-08,
                9.095792755467855e-10,
                5.435457429232696e-11,
                3.3268628761348073e-12
            ],
            [
                8.746989312508767e-06,
                0.9999911780116348,
                7.402441050830825e-08,
                9.554042499246672e-10,
                1.9237932863707666e-11
            ],
            [
                0.0,
                7.857512886965359e-11,
                0.999999972927284,
                2.483203424960414e-08,
                2.162106634374973e-09
            ],
            [
                0.999998213507012,
                1.7845618052994129e-06,
                1.4651214958577345e-09,
                4.117230966379933e-10,
                5.4338197445138306e-11
            ],
            [
                0.9999999780562923,
                1.9415343714195674e-08,
                2.4530458370803324e-09,
                7.315532842613962e-11,
                2.1627302665174876e-12
            ]
        ],
        [
            [
                0.9999999749737918,
                2.396089764466349e-08,
                1.0395689183538377e-09,
                2.4028503504820374e-11,
                1.7133880404980962e-12
            ],
            [
                3.572274903524e-08,
                0.024889557462255827,
                0.9751103333075062,
                7.350748902886709e-08,
                0.0
            ],
            [
                0.0,
                4.669945282165519e-11,
                0.9999999975680995,
                1.7326520990883052e-09,
                6.525488962778033e-10
            ],
            [
                0.9999998233672117,
                1.7103051999199834e-07,
                5.3845297745835974e-09,
                2.1010114374930773e-10,
                7.63750574582998e-12
            ],
            [
                0.999999939975026,
                5.6121795164635096e-08,
                3.808159698196789e-09,
                8.544914711474748e-11,
                9.569991673398635e-12
            ]
        ],
        [
            [
                0.9999999898128401,
                7.520916281004907e-09,
                2.5914764503475556e-09,
                6.56130464001647e-11,
                9.15414060132753e-12
            ],
            [
                2.27095761119155e-08,
                7.701785581643629e-06,
                0.9999921118991815,
                1.5381558311254985e-07,
                9.790077551963126e-09
            ],
            [
                0.0,
                3.4048495995659905e-11,
                0.9999999899772051,
                8.104951056376953e-09,
                1.8837953830242366e-09
            ],
            [
                0.9999997859160836,
                2.1164414342483557e-07,
                2.3641928000122526e-09,
                6.04921683318493e-11,
                1.5087964087833347e-11
            ],
            [
                0.9999999624041352,
                3.585291983288094e-08,
                1.640736121193741e-09,
                9.519494630057104e-11,
                7.0138650167555145e-12
            ]
        ],
        [
            [
                0.999999956728472,
                3.8413979135082755e-08,
                4.465260458484014e-09,
                3.490005512996154e-10,
                4.328774295764146e-11
            ],
            [
                2.4570964777815396e-07,
                0.999991740128833,
                8.011439053609738e-06,
                2.699869174033148e-09,
                2.2596597475790057e-11
            ],
            [
                0.0,
                5.0732013984207e-11,
                0.9999999936654751,
                5.332619670508651e-09,
                9.51173174433064e-10
            ],
            [
                0.9999998969380671,
                1.012212608100274e-07,
                1.707993916366458e-09,
                1.1879447283106767e-10,
                1.3883785915105316e-11
            ],
            [
                0.9999999877706,
                1.1708587616611808e-08,
                5.036307313033774e-10,
                1.688647312234705e-11,
                2.952448938961691e-13
            ]
        ],
        [
            [
                0.9999999884164555,
                1.0510855566735862e-08,
                1.0088770467092305e-09,
                5.4337367597493516e-11,
                9.474386328403773e-12
            ],
            [
                1.7518626175057335e-07,
                0.9999877266889647,
                1.2094304063778736e-05,
                3.80645976211135e-09,
                1.424999929250573e-11
            ],
            [
                0.0,
                0.0,
                0.9999999990108668,
                5.73727933629665e-10,
                4.1540524121532437e-10
            ],
            [
                0.9999999650703838,
                3.4312320751431196e-08,
                5.349507279965328e-10,
                7.402485972886981e-11,
                8.31999340245219e-12
            ],
            [
                0.9999999172681833,
                8.075266995479265e-08,
                1.6288935155282245e-09,
                2.979420685698301e-10,
                5.231128388675522e-11
            ]
        ],
        [
            [
                0.9999999687503075,
                2.7242136357530156e-08,
                3.5956104731627838e-09,
                3.819942457945518e-10,
                2.9951505394156125e-11
            ],
            [
                1.3807980864113278e-07,
                0.9999977376641492,
                2.121344764722076e-06,
                2.880059561715019e-09,
                3.121791017800792e-11
            ],
            [
                0.0,
                0.0,
                0.9999999994013371,
                4.0901334531454854e-10,
                1.89649539192297e-10
            ],
            [
                0.9999999729815755,
                2.619665780040748e-08,
                7.592227387609703e-10,
                4.5040214291310543e-11,
                1.7504079647648593e-11
            ],
            [
                0.9999999772399887,
                2.1683065767531696e-08,
                1.0388751651754916e-09,
                3.728022815253512e-11,
                7.901554840046829e-13
            ]
        ],
        [
            [
                0.9999999968645288,
                2.715502158520551e-09,
                4.0064966084587034e-10,
                1.722195971932903e-11,
                2.0971018708726e-12
            ],
            [
                4.0544840420501517e-07,
                0.9999942756966534,
                5.314270009539136e-06,
                4.51260785585438e-09,
                7.23249750140689e-11
            ],
            [
                0.0,
                0.0,
                0.9999999981629626,
                1.1608671257642233e-09,
                6.761701694837509e-10
            ],
            [
                0.9999999838273077,
                1.577408912392281e-08,
                3.4357801256084224e-10,
                4.792604166208106e-11,
                7.098884431927015e-12
            ],
            [
                0.9999999794547427,
                1.9400832689737896e-08,
                1.0805539312511577e-09,
                6.049216561696533e-11,
                3.3785121914453373e-12
            ]
        ],
        [
            [
                0.9999952657669049,
                4.733272247445719e-06,
                8.631160853094825e-10,
                9.654993932214366e-11,
                1.1815891040944652e-12
            ],
            [
                1.3933256821521056e-06,
                0.9999966712754617,
                1.9342253041036374e-06,
                1.1272797634249817e-09,
                4.627244614478353e-11
            ],
            [
                0.0,
                3.322318130292626e-11,
                0.9999999140619911,
                8.143338012029968e-08,
                4.471405643837169e-09
            ],
            [
                0.9999999284829793,
                7.062273456918847e-08,
                8.342233137698538e-10,
                5.936255286479256e-11,
                7.003461773909349e-13
            ],
            [
                0.9999998779058218,
                1.1803452972376063e-07,
                3.79418841169805e-09,
                2.5945662718974846e-10,
                6.003363316185852e-12
            ]
        ],
        [
            [
                0.9999999636970227,
                3.4716187534986137e-08,
                1.4405812153349177e-09,
                1.4033711716870955e-10,
                5.8715478854935195e-12
            ],
            [
                1.5941996914177307e-07,
                0.8821577975664956,
                0.11784197505666287,
                6.79568723097087e-08,
                0.0
            ],
            [
                0.0,
                4.2980132932544645e-11,
                0.9999999950051695,
                4.273902012706876e-09,
                6.779484077489088e-10
            ],
            [
                0.9999986138809446,
                1.3853361886953686e-06,
                7.468763931025862e-10,
                3.5134137798643866e-11,
                8.562852635889089e-13
            ],
            [
                0.9999999719422573,
                2.6327093303501697e-08,
                1.6659415226488254e-09,
                5.237967163557813e-11,
                1.2328184850469293e-11
            ]
        ],
        [
            [
                0.999999953986049,
                4.1003464720843265e-08,
                4.586618111752149e-09,
                4.097434000352936e-10,
                1.4124658307916816e-11
            ],
            [
                3.161537510237472e-07,
                0.9999954831586372,
                4.198360581797195e-06,
                2.3123177173951958e-09,
                1.4712387337507873e-11
            ],
            [
                0.0,
                0.0,
                0.9999992569603307,
                7.328521795626341e-07,
                1.0187489804096418e-08
            ],
            [
                0.9999977500569492,
                2.23926435405512e-06,
                1.030598480292421e-08,
                3.696685614494383e-10,
                3.0433315421026314e-12
            ],
            [
                0.9999999881230811,
                1.0901661830545876e-08,
                9.0869838598228e-10,
                5.642255237628339e-11,
                1.0135976675819662e-11
            ]
        ],
        [
            [
                0.9999999688469509,
                2.9073370730237712e-08,
                2.0286178589371796e-09,
                4.937264280897833e-11,
                1.6877544847445585e-12
            ],
            [
                3.9838403633636867e-07,
                0.999995826692503,
                3.7688561363408373e-06,
                5.988105486930967e-09,
                7.921889838342219e-11
            ],
            [
                0.0,
                0.0,
                0.9999998270625046,
                1.4876489219086363e-07,
                2.4172603377879857e-08
            ],
            [
                0.999999970455461,
                2.685935796050664e-08,
                2.5999325527651764e-09,
                8.139272185349943e-11,
                3.855873297431114e-12
            ],
            [
                0.9999999755384131,
                2.346077479468325e-08,
                9.353038060294144e-10,
                4.9134589967459965e-11,
                1.6373550199206432e-11
            ]
        ],
        [
            [
                0.9999999984212578,
                1.4372439451377696e-09,
                1.288380722703423e-10,
                9.080875879696366e-12,
                3.5793744866996007e-12
            ],
            [
                5.0376860652485755e-08,
                0.9972381036204322,
                0.002761832093270108,
                1.3909437117852863e-08,
                0.0
            ],
            [
                0.0,
                1.518065338304997e-11,
                0.999999995570001,
                3.5314428854956726e-09,
                8.833753064528748e-10
            ],
            [
                0.9999992144583256,
                7.819039899065823e-07,
                3.453139439376228e-09,
                1.7581282020366648e-10,
                8.732210591408921e-12
            ],
            [
                0.9999999502064223,
                4.7559952254158054e-08,
                2.0033208692804464e-09,
                1.8419612323867341e-10,
                4.610831114272882e-11
            ]
        ],
        [
            [
                0.9999999877466502,
                1.1493188067746977e-08,
                7.335545043258076e-10,
                2.593966199011486e-11,
                6.67460956352023e-13
            ],
            [
                1.6184298661613928e-08,
                0.9986823994761301,
                0.0013175800444303048,
                4.295141045664186e-09,
                0.0
            ],
            [
                0.0,
                1.6259181392896812e-11,
                0.9999999996274234,
                2.459955605471444e-10,
                1.1032175939616416e-10
            ],
            [
                0.999999989009649,
                9.597516348912436e-09,
                1.3126902956907904e-09,
                7.359224995462199e-11,
                6.551971977071002e-12
            ],
            [
                0.999999951283964,
                4.7993164973948113e-08,
                6.892039854149438e-10,
                3.296526250864086e-11,
                7.018652286169002e-13
            ]
        ],
        [
            [
                0.9999999651383636,
                3.149342239028596e-08,
                3.264182347600708e-09,
                9.845176825626843e-11,
                5.579954611521123e-12
            ],
            [
                4.294220387543087e-07,
                0.9999986705723377,
                8.978605673112462e-07,
                2.1188083437811804e-09,
                2.6248036698938263e-11
            ],
            [
                0.0,
                3.861430054488895e-12,
                0.9999999998826095,
                8.526728572261287e-11,
                2.826188857499989e-11
            ],
            [
                0.9999996924195039,
                3.0042425712474865e-07,
                6.973085771389931e-09,
                1.7721472064868655e-10,
                5.938460578683857e-12
            ],
            [
                0.9999999804037828,
                1.793681482515036e-08,
                1.593210023508429e-09,
                6.20359312707152e-11,
                4.156544671166669e-12
            ]
        ],
        [
            [
                0.9999999682613104,
                2.7701026333708925e-08,
                3.808159351947432e-09,
                2.1003984546174937e-10,
                1.9463923290752663e-11
            ],
            [
                3.2107365604426924e-05,
                0.9999676546749939,
                2.3761750676670837e-07,
                3.357957544473856e-10,
                6.099193466599778e-12
            ],
            [
                0.0,
                1.033585159329179e-11,
                0.9999999996299327,
                2.065103416505265e-10,
                1.5322094249489224e-10
            ],
            [
                0.9999999231141843,
                7.437099771394128e-08,
                2.3855502719020274e-09,
                1.1961001393646225e-10,
                9.657696546445106e-12
            ],
            [
                0.9999999855198296,
                1.352382928201908e-08,
                8.864167195368745e-10,
                6.065807827060462e-11,
                9.26646421538701e-12
            ]
        ],
        [
            [
                0.999999965594491,
                3.2512039042170464e-08,
                1.8140590512551326e-09,
                7.515502326409862e-11,
                4.256015194305824e-12
            ],
            [
                3.7727289189236094e-08,
                0.9999814065499758,
                1.8548483488818777e-05,
                7.091736321571164e-09,
                1.4750973838066434e-10
            ],
            [
                0.0,
                0.0,
                0.99999999990977,
                4.700139965203157e-11,
                4.32286687632267e-11
            ],
            [
                0.9999999761981132,
                2.230919117395389e-08,
                1.462251529766782e-09,
                2.9071330326930585e-11,
                1.3727420013195466e-12
            ],
            [
                0.9999999703062541,
                2.840129527964027e-08,
                1.2304705615978265e-09,
                5.556570906235491e-11,
                6.414127171669848e-12
            ]
        ],
        [
            [
                0.9999999770932889,
                2.1974716743425404e-08,
                8.839685757082121e-10,
                3.928020284161615e-11,
                8.745727920714722e-12
            ],
            [
                4.8988587004249505e-08,
                0.999985958771233,
                1.3979954120499382e-05,
                1.2169060355667833e-08,
                1.1699913007109378e-10
            ],
            [
                0.0,
                6.355384385101235e-11,
                0.9999999712952367,
                2.3812826167400405e-08,
                4.828383286637077e-09
            ],
            [
                0.9999996903835766,
                3.076639014271518e-07,
                1.8074280669379977e-09,
                1.2851215004674156e-10,
                1.658173170991023e-11
            ],
            [
                0.9999999802897427,
                1.9011838289387602e-08,
                6.523248885763083e-10,
                4.3216384291677294e-11,
                2.8777488519437376e-12
            ]
        ],
        [
            [
                0.9999995799910854,
                4.178546345067942e-07,
                2.071657430340748e-09,
                7.810460873712634e-11,
                4.518070056342603e-12
            ],
            [
                7.848998600096005e-09,
                0.9996231238820054,
                0.0003768621204316539,
                6.148564432184514e-09,
                0.0
            ],
            [
                0.0,
                2.6354334594681302e-11,
                0.999999997717407,
                1.50796644794749e-09,
                7.482722991278575e-10
            ],
            [
                0.9999997394056954,
                2.587278567013639e-07,
                1.7703439235309793e-09,
                9.518314645307879e-11,
                9.208053736975956e-13
            ],
            [
                0.9999999428074683,
                5.4218495568882433e-08,
                2.8635938453335532e-09,
                1.0623673511133895e-10,
                4.205604718283454e-12
            ]
        ],
        [
            [
                0.9999998493474463,
                1.4876489550608115e-07,
                1.8488963529532935e-09,
                3.510231835305786e-11,
                3.659612048273364e-12
            ],
            [
                5.567604519577672e-07,
                0.8865056486628076,
                0.11349371373331489,
                8.010712367857306e-08,
                7.363019082418045e-10
            ],
            [
                0.0,
                0.0,
                0.9999999358178105,
                5.928603281568427e-08,
                4.896156730762354e-09
            ],
            [
                0.9998672349846097,
                0.00013268443339137695,
                7.96942863032061e-08,
                8.478179193076638e-10,
                3.9894669069278294e-11
            ],
            [
                0.9999999819186675,
                1.6060557231987324e-08,
                1.8074279474800437e-09,
                1.49933590986502e-10,
                6.341362743865221e-11
            ]
        ],
        [
            [
                0.9999999868744889,
                1.1923679433940991e-08,
                1.1480759434917626e-09,
                4.76114344614827e-11,
                6.144427902047937e-12
            ],
            [
                4.3621222912413515e-09,
                0.9850295873082235,
                0.014970387617615155,
                2.0712039031322232e-08,
                0.0
            ],
            [
                0.0,
                1.1497890582461056e-10,
                0.9999998792083433,
                1.1093045796528964e-07,
                9.74621981047312e-09
            ],
            [
                0.9999999748686195,
                2.4138510003970164e-08,
                9.489714328421333e-10,
                4.13878649132147e-11,
                2.511496913290761e-12
            ],
            [
                0.9999999701720379,
                2.818070464264993e-08,
                1.570299629533012e-09,
                7.256152761281451e-11,
                4.396202443889815e-12
            ]
        ],
        [
            [
                0.9999992348261544,
                7.617346919896441e-07,
                3.19780691138366e-09,
                2.3687863864143696e-10,
                4.4679116438338845e-12
            ],
            [
                7.445146829432631e-06,
                0.9999920745372304,
                4.794506320519051e-07,
                8.463265858211441e-10,
                1.8981589958245376e-11
            ],
            [
                0.0,
                5.748317821783912e-11,
                0.9999999257240739,
                7.025689121356982e-08,
                3.9615516742265265e-09
            ],
            [
                0.9999994958777423,
                5.000859659751637e-07,
                3.8308013331855e-09,
                1.872092386238928e-10,
                1.828135102779351e-11
            ],
            [
                0.9999999372252993,
                6.163232577071715e-08,
                1.0741510058946383e-09,
                6.483119777807638e-11,
                3.3927449242079895e-12
            ]
        ],
        [
            [
                0.999999876734193,
                1.1741076412101007e-07,
                5.178281584909464e-09,
                5.209414913611756e-10,
                1.5581975847562478e-10
            ],
            [
                6.200988093198973e-08,
                0.9844489361946931,
                0.015550945210453178,
                5.550986262897526e-08,
                1.075110166451767e-09
            ],
            [
                0.0,
                1.3353001321801242e-11,
                0.9999999995064988,
                3.392288762811936e-10,
                1.4091917374870443e-10
            ],
            [
                0.9999999859716335,
                1.2669615921342145e-08,
                1.1790379104627748e-09,
                1.2556772948032914e-10,
                5.4144938039781843e-11
            ],
            [
                0.999999979530718,
                1.8098091326738787e-08,
                2.2935442321668587e-09,
                7.173271410570477e-11,
                5.913841747495175e-12
            ]
        ],
        [
            [
                0.9999999290878047,
                6.714055785869195e-08,
                3.5999270822329623e-09,
                1.6099186018145625e-10,
                1.0718393220056022e-11
            ],
            [
                6.108915790384184e-08,
                0.9986669634150622,
                0.0013329218448357054,
                5.34929843831971e-08,
                1.5795960891972739e-10
            ],
            [
                0.0,
                1.2182030244404483e-10,
                0.9999999569890804,
                3.9587283815357035e-08,
                3.3018154678562667e-09
            ],
            [
                0.9999977003031023,
                2.2988931131499155e-06,
                7.651160957419982e-10,
                3.312459795833879e-11,
                5.543875193642955e-12
            ],
            [
                0.9999999940981099,
                5.673426730715074e-09,
                2.1917013919615757e-10,
                8.28828422862261e-12,
                1.0047027112302686e-12
            ]
        ],
        [
            [
                0.999999990852125,
                8.185831339534391e-09,
                9.22061643407358e-10,
                3.6972900682657144e-11,
                3.009138002624683e-12
            ],
            [
                0.9998210376504445,
                0.00017895367114005743,
                8.496897603515698e-09,
                1.8050499784463118e-10,
                1.012932363409501e-12
            ],
            [
                0.0,
                4.797122052389845e-11,
                0.9999998691168988,
                1.276026322387154e-07,
                3.2324977775160314e-09
            ],
            [
                0.999999959980721,
                3.824262041683406e-08,
                1.7175657192081475e-09,
                5.6726849704399446e-11,
                2.36580393148112e-12
            ],
            [
                0.999999979895583,
                1.890274938862428e-08,
                1.1480759354794486e-09,
                5.086397669174724e-11,
                2.727733298444287e-12
            ]
        ],
        [
            [
                0.9999999799659567,
                1.8622081360818406e-08,
                1.3467372812726665e-09,
                6.27250642551448e-11,
                2.499654570086871e-12
            ],
            [
                1.2799171217061087e-08,
                0.9996953489640029,
                0.00030462735565394707,
                1.0745100117626536e-08,
                1.3607180947728958e-10
            ],
            [
                0.0,
                2.5725981690701786e-10,
                0.9999995859260179,
                4.0534670190497345e-07,
                8.470020391180449e-09
            ],
            [
                0.9999999485279563,
                5.0047215297242976e-08,
                1.383571318419174e-09,
                3.8502898053459683e-11,
                2.7539658904545153e-12
            ],
            [
                0.999999909555962,
                8.773296753338172e-08,
                2.5088245272821295e-09,
                1.647147626937018e-10,
                3.7531223521913246e-11
            ]
        ],
        [
            [
                0.9999999693798078,
                2.857179412107447e-08,
                1.9335435743743092e-09,
                1.0642007391593805e-10,
                8.434653193322704e-12
            ],
            [
                1.2478041141291103e-07,
                0.9999132582805187,
                8.66061884010177e-05,
                1.0716569741477656e-08,
                3.40991905257919e-11
            ],
            [
                0.0,
                9.534449654803408e-11,
                0.999999971123273,
                2.5690262524155824e-08,
                3.0911201197493685e-09
            ],
            [
                0.9999976434091483,
                2.355641916956637e-06,
                9.089393692414732e-10,
                3.9742696824173664e-11,
                2.526659542461959e-13
            ],
            [
                0.9999999538677592,
                4.421295387465792e-08,
                1.865367438320181e-09,
                5.08661097499947e-11,
                3.053232822006728e-12
            ]
        ],
        [
            [
                0.9999999488880624,
                4.910749326331344e-08,
                1.9223682997141844e-09,
                8.072405034402577e-11,
                1.351802450514202e-12
            ],
            [
                8.83888307650137e-05,
                0.9999115122831961,
                9.827182439071466e-08,
                6.110413596383017e-10,
                3.1732195720983803e-12
            ],
            [
                0.0,
                1.865927856993635e-11,
                0.9999999986834438,
                9.54832221715731e-10,
                3.4306462833121797e-10
            ],
            [
                0.9999996416085757,
                3.5435645526341323e-07,
                3.743681559119059e-09,
                2.879179296623567e-10,
                3.369631230447972e-12
            ],
            [
                0.9999999697818027,
                2.817205214125715e-08,
                1.99497410761956e-09,
                4.787880444997391e-11,
                3.2923271777731856e-12
            ]
        ],
        [
            [
                0.9999999103538424,
                8.7970237565011e-08,
                1.5940247103187056e-09,
                8.029041754336421e-11,
                1.6047848245102145e-12
            ],
            [
                2.5008162659375916e-06,
                0.9999966454563878,
                8.51048969210109e-07,
                2.602646562620943e-09,
                7.573046035743065e-11
            ],
            [
                0.0,
                6.099391471933801e-12,
                0.9999999991190558,
                7.601370613649554e-10,
                1.1470772678314834e-10
            ],
            [
                0.9999999442933376,
                5.413686044596878e-08,
                1.5267082640613988e-09,
                4.1479932265127724e-11,
                1.6137474041689174e-12
            ],
            [
                0.9999999259068416,
                7.272375303763117e-08,
                1.3392269673729923e-09,
                2.873899892025038e-11,
                1.4393322238847614e-12
            ]
        ],
        [
            [
                0.9999999953282239,
                4.144944875654831e-09,
                5.051054889947105e-10,
                2.0575771038385833e-11,
                1.1499830823326795e-12
            ],
            [
                2.5686097091576772e-08,
                0.9998379366720996,
                0.00016200700238401465,
                3.0541942184951495e-08,
                9.747715202751609e-11
            ],
            [
                0.0,
                2.0053461820620648e-10,
                0.9999997928595953,
                1.9681251564804923e-07,
                1.0127354474468391e-08
            ],
            [
                0.9999999153632602,
                7.753195016766025e-08,
                5.889098818150708e-09,
                8.794599007989852e-10,
                3.36230946749733e-10
            ],
            [
                0.9999997213327995,
                2.765730051543535e-07,
                1.8987729159414146e-09,
                1.7721470464690438e-10,
                1.8207855784172207e-11
            ]
        ],
        [
            [
                0.9999999451406897,
                5.413686049184176e-08,
                6.943670674833065e-10,
                2.4868349870912618e-11,
                3.214631482550613e-12
            ],
            [
                1.1149980005774856e-07,
                0.9999953230604455,
                4.563496357547608e-06,
                1.9223610113327035e-09,
                2.1035927558475065e-11
            ],
            [
                0.0,
                0.0,
                0.9999999998045823,
                1.228226003429224e-10,
                7.259503032654057e-11
            ],
            [
                0.9999995899376402,
                4.0775480686149143e-07,
                2.135259049206172e-09,
                1.696382898321531e-10,
                2.655605502988026e-12
            ],
            [
                0.999999991792918,
                7.09187150610582e-09,
                1.0404338050923832e-09,
                7.001091178923559e-11,
                4.765929222246636e-12
            ]
        ],
        [
            [
                0.9999998955675962,
                1.0404190121225374e-07,
                3.7002550750805106e-10,
                1.9583197899784047e-11,
                8.939642208475366e-13
            ],
            [
                0.7562327400012416,
                0.24376722277202106,
                3.549752700848683e-08,
                1.7197031818621412e-09,
                9.507224568702631e-12
            ],
            [
                0.0,
                1.260502291923731e-11,
                0.9999999984488688,
                8.92440804561333e-10,
                6.460853537350881e-10
            ],
            [
                0.9999978882085165,
                2.1018255502774423e-06,
                9.777985394153079e-09,
                1.8129790404777916e-10,
                6.649910390861674e-12
            ],
            [
                0.9999999734860616,
                2.3960897609016142e-08,
                2.47758649587982e-09,
                6.814964712151787e-11,
                7.304556105601741e-12
            ]
        ],
        [
            [
                0.9999999319349374,
                6.329965258379256e-08,
                4.522853571955648e-09,
                2.2284971550289612e-10,
                1.9706773728608188e-11
            ],
            [
                1.6680132914770173e-05,
                0.9999832276336597,
                9.176325950943035e-08,
                4.59624936061259e-10,
