{
    "[['A', 'B', 'C', 'D', 'E'], ['A', 'B', 'C', 'D', 'E']]": [
        [
            [
                0.9999998142975126,
                1.8466586609040312e-07,
                1.0136238975488375e-09,
                1.876571060447795e-11,
                4.2317077767140296e-12
            ],
            [
                3.095766989727704e-07,
                0.9999996801517173,
                1.0242785444898171e-08,
                2.3119273394672977e-11,
                5.6789723039358826e-12
            ],
            [
                0.0,
                9.300443627405904e-12,
                0.9999999998571447,
                6.566011919168924e-11,
                6.78948356717008e-11
            ],
            [
                5.378610207483293e-06,
                0.9999943367373977,
                2.5914542431560327e-07,
                1.7575397054548546e-08,
                7.931573618577556e-09
            ],
            [
                0.9999642593393238,
                3.571987533294369e-05,
                2.0490269690336904e-08,
                2.4526938112885297e-10,
                4.980431734486822e-11
            ]
        ],
        [
            [
                0.9999999720798548,
                2.7243383522818223e-08,
                6.681638020153694e-10,
                7.562793492015233e-12,
                1.0350839601108196e-12
            ],
            [
                1.4840284346839738e-07,
                0.9999998013455569,
                5.015586683051645e-08,
                8.655009799027833e-11,
                9.182626761774286e-12
            ],
            [
                0.0,
                3.29374383574917e-10,
                0.9999999969295008,
                2.0708908817483623e-09,
                6.702341308735295e-10
            ],
            [
                0.9952583904301214,
                0.004739779422945451,
                2.7988601649358013e-07,
                3.8667980267144766e-07,
                1.1635811138954275e-06
            ],
            [
                0.9999416462902406,
                5.830511979410961e-05,
                4.738330442677491e-08,
                1.0301518815493934e-09,
                1.765090136339899e-10
            ]
        ],
        [
            [
                0.9999879526533421,
                1.2040297109318213e-05,
                6.977143084276258e-09,
                7.003134572877538e-11,
                2.3742754020796803e-12
            ],
            [
                0.001171396753019828,
                0.9988286025200678,
                7.199263212018059e-10,
                5.6417359648793675e-12,
                1.344340809483048e-12
            ],
            [
                0.0,
                4.373456407959034e-11,
                0.9999999988350601,
                6.742962691358318e-10,
                4.469092581753583e-10
            ],
            [
                0.00018092086809597544,
                0.9998188796889367,
                1.701881865534613e-07,
                4.490858167428275e-09,
                2.476392277639448e-08
            ],
            [
                0.999995063875802,
                4.930087324740522e-06,
                5.9221244660042715e-09,
                7.292448575203453e-11,
                4.1824405017232034e-11
            ]
        ],
        [
            [
                0.9999981850500268,
                1.8114859286372023e-06,
                3.4173708829722282e-09,
                3.6802704573161125e-11,
                9.870837500727697e-12
            ],
            [
                1.104507801611282e-07,
                0.9999998684621488,
                2.102512959691957e-08,
                4.0888287133603344e-11,
                2.1053468877448737e-11
            ],
            [
                0.0,
                3.233715521906743e-11,
                0.9999999993092401,
                1.4196483318374394e-10,
                5.164578272237e-10
            ],
            [
                0.00483649565241183,
                0.9951606829977011,
                2.4915774790933504e-06,
                2.5034065569874935e-07,
                7.943175218686192e-08
            ],
            [
                0.9999718890400267,
                2.810731427603707e-05,
                3.546130306188368e-09,
                8.320617032397416e-11,
                1.6360814055033225e-11
            ]
        ],
        [
            [
                0.9999832940125785,
                1.6704727102488388e-05,
                1.2424865089219836e-09,
                1.5406719617508924e-11,
                2.425813970127492e-12
            ],
            [
                5.797473920113073e-06,
                0.9999941950586174,
                7.428660574859179e-09,
                3.365239823813677e-11,
                5.14947458632918e-12
            ],
            [
                0.0,
                3.524420968349884e-11,
                0.9999999994305684,
                2.596536625172422e-10,
                2.745336317387778e-10
            ],
            [
                0.00017234803423462727,
                0.9998044106087135,
                2.1490376817769015e-06,
                2.295833416288961e-07,
                2.086273602840652e-05
            ],
            [
                0.9999993027819497,
                6.855158369067417e-07,
                1.1531373226514522e-08,
                1.1114864724287424e-10,
                5.969158591987337e-11
            ]
        ],
        [
            [
                0.9999980864612114,
                1.9046174776582902e-06,
                8.82377170221549e-09,
                7.824521149263938e-11,
                1.9294192521669846e-11
            ],
            [
                6.911747987761251e-06,
                0.9999930777558488,
                1.0456227287521222e-08,
                2.929559606397418e-11,
                1.0640317615064953e-11
            ],
            [
                0.0,
                1.2996452141966458e-10,
                0.9999999981604177,
                7.420881781161962e-10,
                9.675295209874986e-10
            ],
            [
                0.9997308260612054,
                0.0002677524778191017,
                9.63160855481585e-07,
                2.4945577292638207e-07,
                2.0884434700517437e-07
            ],
            [
                0.999709949261062,
                0.00029003672674621814,
                1.3559421880279944e-08,
                4.0841777790520553e-10,
                4.4352083913419395e-11
            ]
        ],
        [
            [
                0.9999949700559615,
                5.01247436541148e-06,
                1.7283422821011366e-08,
                1.731101937562792e-10,
                1.314019111533102e-11
            ],
            [
                1.8150145019041176e-07,
                0.9999997884916146,
                2.9886839653136756e-08,
                8.43488320290478e-11,
                3.574661978321391e-11
            ],
            [
                0.0,
                1.7778271105661715e-11,
                0.9999999996954838,
                8.76727776097432e-11,
                1.9906514307944138e-10
            ],
            [
                2.591466752461153e-07,
                0.9999986870255984,
                5.886639563300621e-07,
                2.376249940200009e-07,
                2.2753877597943273e-07
            ],
            [
                0.9999979949032585,
                1.9998880862627703e-06,
                5.014608952288627e-09,
                1.4875034780814512e-10,
                4.529591269079261e-11
            ]
        ],
        [
            [
                0.9999998112804979,
                1.857446911419244e-07,
                2.9454018422091394e-09,
                2.6261706423318313e-11,
                3.1475525569415273e-12
            ],
            [
                5.010536426913416e-05,
                0.9999498940227267,
                6.065290159921311e-10,
                4.542999741511228e-12,
                1.9319333368143248e-12
            ],
            [
                0.0,
                4.7446082461396714e-11,
                0.9999999988563719,
                5.845540357899811e-10,
                5.116281206805391e-10
            ],
            [
                0.888636185537894,
                0.11136364192391025,
                1.4382436234869686e-07,
                1.8909890145855626e-08,
                9.803943154503736e-09
            ],
            [
                0.999993941400842,
                6.050778491968932e-06,
                7.654537104637798e-09,
                1.4420788343082563e-10,
                2.192110047202731e-11
            ]
        ],
        [
            [
                0.9999978817672124,
                2.1128689390020077e-06,
                5.257410585638493e-09,
                8.982586386052478e-11,
                1.6612311353314192e-11
            ],
            [
                6.083515866063969e-06,
                0.9999939082862748,
                8.18631534042977e-09,
                8.897222251652476e-12,
                2.646483753784727e-12
            ],
            [
                0.0,
                1.3133758453121292e-10,
                0.9999999957747085,
                2.704378910628078e-09,
                1.3895747941181404e-09
            ],
            [
                0.9977588346163995,
                0.002234439105976129,
                1.8476397058342853e-07,
                2.1123459231739847e-07,
                6.330279061511561e-06
            ],
            [
                0.9999967693479036,
                3.219016126299423e-06,
                1.1386034141175039e-08,
                2.187178744576454e-10,
                3.1217909720919645e-11
            ]
        ],
        [
            [
                0.9999992762644779,
                7.21468355755953e-07,
                2.210856427481111e-09,
                5.13298309931259e-11,
                4.980001592633034e-12
            ],
            [
                1.965417501642357e-06,
                0.999998020231507,
                1.4332286697042346e-08,
                1.3566461891124852e-11,
                5.138181486103573e-12
            ],
            [
                0.0,
                4.415916308050527e-09,
                0.99999998068291,
                1.2053467718414556e-08,
                2.8477059125503294e-09
            ],
            [
                0.7262004633248627,
                0.27379700269454477,
                2.4901307135501987e-06,
                3.647946484660421e-08,
                7.370414206618756e-09
            ],
            [
                0.9999914699157492,
                8.523791276803672e-06,
                6.083623010338585e-09,
                1.526701829277958e-10,
                5.668078140006025e-11
            ]
        ],
        [
            [
                0.9999981501505706,
                1.8471386938954893e-06,
                2.6386100534501756e-09,
                6.784668299552972e-11,
                4.278781480129651e-12
            ],
            [
                4.5082997054128783e-08,
                0.9999999226257219,
                3.224856869069813e-08,
                2.6915009203889113e-11,
                1.579757925608854e-11
            ],
            [
                0.0,
                4.0998732525557355e-10,
                0.9999999962245205,
                1.6267883550925294e-09,
                1.7387037630996298e-09
            ],
            [
                6.526361509951595e-06,
                0.9999933842872457,
                8.813129802838469e-08,
                1.0056073039902216e-09,
                2.1433905047615307e-10
            ],
            [
                0.9999850626058434,
                1.4928805752909342e-05,
                8.171728915774986e-09,
                3.7787022594805184e-10,
                3.880443653287531e-11
            ]
        ],
        [
            [
                0.9999999243944586,
                7.432108286695692e-08,
                1.2560708500933006e-09,
                2.4629544719318375e-11,
                3.758070289280176e-12
            ],
            [
                2.9080997840144116e-06,
                0.9999970890940337,
                2.7742783233939047e-09,
                2.4785859499586474e-11,
                7.118028507003152e-12
            ],
            [
                0.0,
                3.8602243304837934e-11,
                0.9999999994361257,
                3.3646124392890307e-10,
                1.888107442440467e-10
            ],
            [
                0.8312469631484029,
                0.1687521735550886,
                8.355852877475947e-07,
                1.5164586046982457e-08,
                1.2546634956948367e-08
            ],
            [
                0.9998374610539666,
                0.00016253070101217686,
                8.107873916235221e-09,
                1.2698393427229684e-10,
                1.0163370351263403e-11
            ]
        ],
        [
            [
                0.9998945580596943,
                0.00010543677020574362,
                5.0751328528416575e-09,
                8.349376322538418e-11,
                1.1473393271363603e-11
            ],
            [
                3.9620954741651053e-07,
                0.9999995542621083,
                4.942925029324361e-08,
                8.569542756399414e-11,
                1.3398692820314811e-11
            ],
            [
                0.0,
                1.221469073847312e-11,
                0.9999999994100452,
                3.017480612446843e-10,
                2.7599214024034344e-10
            ],
            [
                0.00042975777404623126,
                0.9995692314165218,
                1.0049089294588157e-06,
                4.491089873061138e-09,
                1.4094128655904542e-09
            ],
            [
                0.9999895271295591,
                1.0454339066481897e-05,
                1.751943823023235e-08,
                8.745353515904779e-10,
                1.374008676792431e-10
            ]
        ],
        [
            [
                0.9999559956741185,
                4.3973502992239454e-05,
                3.0388655021581983e-08,
                4.102665852569563e-10,
                2.3967717521933744e-11
            ],
            [
                2.6133190828057586e-07,
                0.9999997211167158,
                1.7479750994725213e-08,
                5.934318930099868e-11,
                1.228197217507637e-11
            ],
            [
                0.0,
                7.2716805283222904e-12,
                0.9999999996389921,
                1.763747252667037e-10,
                1.7736146889254617e-10
            ],
            [
                0.9448736074972256,
                0.05512631688237314,
                6.891468660097883e-08,
                6.3290440480549e-09,
                3.7667068131656396e-10
            ],
            [
                0.9999937293909861,
                6.259203215749545e-06,
                1.1293873109873811e-08,
                9.498583425873502e-11,
                1.693924935988464e-11
            ]
        ],
        [
            [
                0.9999998595317993,
                1.396103515387545e-07,
                8.300474149681773e-10,
                2.4783402016587314e-11,
                3.0182718266063323e-12
            ],
            [
                1.9997097504388179e-07,
                0.999999687479409,
                1.1244420760545601e-07,
                8.889288817251932e-11,
                1.6515415997295703e-11
            ],
            [
                0.0,
                4.7701969364428216e-11,
                0.9999999989759694,
                4.4751744127749044e-10,
                5.288111667316536e-10
            ],
            [
                1.7043094851580586e-06,
                0.9999973942535224,
                8.168441816621996e-07,
                7.52135067397146e-08,
                9.379304089495303e-09
            ],
            [
                0.9999898922270446,
                1.0084443424330906e-05,
                2.2047137565808115e-08,
                8.139758042621803e-10,
                4.684176432393661e-10
            ]
        ],
        [
            [
                0.9999984508489362,
                1.5188888520330084e-06,
                2.9899268457281895e-08,
                3.4438566879322536e-10,
                1.8557662853278435e-11
            ],
            [
                3.5037589960991826e-06,
                0.9999964940652116,
                2.163736137995335e-09,
                7.935435381709664e-12,
                4.120699052162768e-12
            ],
            [
                0.0,
                6.95223813727153e-12,
                0.9999999997009599,
                1.4930234811458827e-10,
                1.4278548245464276e-10
            ],
            [
                0.9236752421641395,
                0.07632415412440721,
                5.012495853532143e-07,
                4.431409837812868e-08,
                5.814776951787151e-08
            ],
            [
                0.9972486651334762,
                0.002751267116974455,
                6.712007313013022e-08,
                4.663272383344044e-10,
                1.6314890504295247e-10
            ]
        ],
        [
            [
                0.9999979231796554,
                2.0539317524286668e-06,
                2.2489267644725794e-08,
                3.7350138040580105e-10,
                2.5823012339641314e-11
            ],
            [
                2.8367812728986612e-06,
                0.9999971357186686,
                2.74705191406049e-08,
                1.8839407996181476e-11,
                1.070013156285893e-11
            ],
            [
                0.0,
                0.0,
                0.9999999997872671,
                6.579149855256545e-11,
                1.469413781983733e-10
            ],
            [
                0.003981282971776186,
                0.9960184925491511,
                2.1405767374372775e-07,
                6.262770101932192e-09,
                4.158628847454391e-09
            ],
            [
                0.9999915976355271,
                8.382394966561639e-06,
                1.9384002383994708e-08,
                3.626872507208173e-10,
                2.2281653964954956e-10
            ]
        ],
        [
            [
                0.9999997316255163,
                2.644494795049332e-07,
                3.893050370605403e-09,
                2.364731447937624e-11,
                8.306483926543148e-12
            ],
            [
                7.062273605599888e-08,
                0.9999994726986591,
                4.565340134280753e-07,
                1.0287553005301736e-10,
                4.1715899107233236e-11
            ],
            [
                0.0,
                0.0,
                0.9999999991674688,
                5.26144044652847e-10,
                3.063870942514149e-10
            ],
            [
                3.3668226124263875e-05,
                0.999966170792954,
                1.605852722920064e-07,
                3.032562482358116e-10,
                9.23930720744599e-11
            ],
            [
                0.9999934659322482,
                6.52636126479105e-06,
                7.344901275027261e-09,
                3.346340380795856e-10,
                2.6951639580391856e-11
            ]
        ],
        [
            [
                0.9999740978134192,
                2.589655920570222e-05,
                5.519732262990911e-09,
                9.604593319853709e-11,
                1.1596907750975339e-11
            ],
            [
                5.268161144468606e-07,
                0.9999994676418993,
                5.520816638980961e-09,
                1.4344763346402117e-11,
                6.82505535654401e-12
            ],
            [
                0.0,
                1.1172331502682549e-11,
                0.9999999996376316,
                1.163264750351753e-10,
                2.3486943577521196e-10
            ],
            [
                4.009189792585696e-05,
                0.999959897551947,
                9.218844656532494e-09,
                7.431419643913139e-10,
                5.881406056737911e-10
            ],
            [
                0.9998792194488327,
                0.00012077391220014823,
                6.492084734797248e-09,
                1.2039393667642026e-10,
                2.6488636429649018e-11
            ]
        ],
        [
            [
                0.9999986436255434,
                1.3424371928563377e-06,
                1.3823032763603856e-08,
                1.000651206674515e-10,
                1.4166045792560357e-11
            ],
            [
                1.7812417103652562e-07,
                0.999999776841794,
                4.491100283524223e-08,
                9.921560133570396e-11,
                2.38164218471835e-11
            ],
            [
                0.0,
                1.3466056242392407e-10,
                0.9999999987823747,
                7.364662987214229e-10,
                3.464986854636885e-10
            ],
            [
                0.8272929042185215,
                0.1727049664215166,
                1.951709632149263e-06,
                1.0496236003070544e-07,
                7.268796964516949e-08
            ],
            [
                0.9999991614408424,
                8.019935740480599e-07,
                3.175472001137297e-08,
                2.096785101533376e-09,
                2.714078191835136e-09
            ]
        ],
        [
            [
                0.9999293961959748,
                7.060256695139603e-05,
                1.2126722895467166e-09,
                2.1410316287984076e-11,
                2.9912440106413284e-12
            ],
            [
                3.4743315862564883e-06,
                0.9999965098993486,
                1.5701596596133488e-08,
                5.643094597025285e-11,
                1.1037663345960682e-11
            ],
            [
                0.0,
                7.588036006426924e-12,
                0.9999999997945492,
                9.906943785063606e-11,
                9.879337478315351e-11
            ],
            [
                0.000798119468686887,
                0.9992018357589381,
                4.3114683988275355e-08,
                1.3611210650306512e-09,
                2.965699557151538e-10
            ],
            [
                0.999989300544609,
                1.069401305055832e-05,
                5.271799966589598e-09,
                1.4102942167952665e-10,
                2.9511121078728425e-11
            ]
        ],
        [
            [
                0.9999972134445089,
                2.7732773650029504e-06,
                1.3119875514624328e-08,
                1.4781587871558692e-10,
                1.0434773592949858e-11
            ],
            [
                5.647117190387697e-07,
                0.999999429010139,
                6.252493661781494e-09,
                2.017283610492869e-11,
                5.475369728295984e-12
            ],
            [
                0.0,
                0.0,
                0.9999999998456885,
                4.8479974485962446e-11,
                1.0583164658164343e-10
            ],
            [
                4.4430682783867106e-06,
                0.9999931828117286,
                2.2239093175499864e-06,
                1.1291637989119206e-07,
                3.729429568992732e-08
            ],
            [
                0.9999803061690925,
                1.9646502550853347e-05,
                4.374731107646189e-08,
                2.469024327820489e-09,
                1.1120213576066016e-09
            ]
        ],
        [
            [
                0.9868019591354861,
                0.013198011116647737,
                2.9609778602135225e-08,
                1.276198467112545e-10,
                1.046782544362669e-11
            ],
            [
                0.0007427538523575979,
                0.9992572453933249,
                7.318383593398051e-10,
                1.8917869294861236e-11,
                3.561185563920113e-12
            ],
            [
                0.0,
                9.28220420372323e-09,
                0.9999999821652125,
                7.144508723413099e-09,
                1.4080747399007014e-09
            ],
            [
                0.8937777444189209,
                0.10620894094940922,
                1.1975972526221272e-05,
                4.158756004536798e-07,
                9.227835431847684e-07
            ],
            [
                0.9999990736668811,
                9.210681998363436e-07,
                5.14715514613168e-09,
                7.71853848251859e-11,
                4.0578529008003717e-11
            ]
        ],
        [
            [
                0.9999994652429643,
                5.305035926671175e-07,
                4.203445869414771e-09,
                4.480509882802006e-11,
                5.191980718871564e-12
            ],
            [
                7.099353425481367e-06,
                0.9999928995175755,
                1.1235876725848457e-09,
                4.0038572062129e-12,
                1.4074739084829348e-12
            ],
            [
                0.0,
                3.746418800958836e-12,
                0.9999999997365372,
                4.0331764360597706e-11,
                2.193846967573953e-10
            ],
            [
                0.9997846761719767,
                0.00021529991324880206,
                2.3227996630652197e-08,
                5.060341239897408e-10,
                1.8074374529103812e-10
            ],
            [
                0.9999945771910654,
                5.3582132927838334e-06,
                5.746703550169683e-08,
                3.5643031605082026e-09,
                3.5643031605082026e-09
            ]
        ],
        [
            [
                0.9999977598061556,
                2.2358160190256605e-06,
                4.238394395096499e-09,
                1.3313640831968878e-10,
                6.294675734841016e-12
            ],
            [
                7.408698542567909e-08,
                0.9999998958986499,
                2.988683930040476e-08,
                1.0504632155865093e-10,
                2.2479071013553606e-11
            ],
            [
                0.0,
                1.890255978222741e-09,
                0.9999999947757021,
                2.065112334995019e-09,
                1.268929546953879e-09
            ],
            [
                0.7870067125273329,
                0.21299284673356123,
                4.246199067528555e-07,
                1.2938515508464179e-08,
                3.1806836242077423e-09
            ],
            [
                0.9999916905701777,
                8.295830317580973e-06,
                1.169046833148178e-08,
                1.6029151121335596e-09,
                3.061213245453284e-10
            ]
        ],
        [
            [
                0.9999562514699799,
                4.3685550830265344e-05,
                6.283400729259655e-08,
                1.372892683917482e-10,
                7.89322916580497e-12
            ],
            [
                3.29776380130696e-08,
                0.9999999245272858,
                4.238695248943341e-08,
                7.50222550773142e-11,
                3.3101543877591874e-11
            ],
            [
                0.0,
                2.047760998743151e-08,
                0.9999999724028078,
                4.373385668115342e-09,
                2.746196530198212e-09
            ],
            [
                0.9999981873337893,
                1.808701508378124e-06,
                3.806496403959853e-09,
                9.96751958960675e-11,
                5.85307915480314e-11
            ],
            [
                0.9999966547943501,
                3.3318770852126697e-06,
                1.2983234820829046e-08,
                2.312995793946589e-10,
                1.1403039812293898e-10
            ]
        ],
        [
            [
                0.9999998366148236,
                1.628366959351804e-07,
                5.35466241739796e-10,
                1.0684876167130338e-11,
                2.3292810226092462e-12
            ],
            [
                1.7692377691113872e-06,
                0.9999982073968721,
                2.331886321025938e-08,
                4.1839167604098323e-11,
                4.656325850856059e-12
            ],
            [
                0.0,
                9.262294127534645e-12,
                0.9999999991959332,
                3.8854967792006943e-10,
                4.062547847768304e-10
            ],
            [
                0.016884490360909284,
                0.9831154286824182,
                7.878986245618911e-08,
                1.941374302144416e-09,
                2.2543574600511313e-10
            ],
            [
                0.9999957212320072,
                4.273770033540121e-06,
                4.9277862102640425e-09,
                4.639581821988104e-11,
                2.3777208690378114e-11
            ]
        ],
        [
            [
                0.9999979178164059,
                2.0790864237974274e-06,
                3.0719475007337116e-09,
                2.0751075074469167e-11,
                4.471713987240084e-12
            ],
            [
                4.5480011542195456e-07,
                0.9999994424719008,
                1.0270589789586865e-07,
                1.5196790428557178e-11,
                6.889128896238601e-12
            ],
            [
                0.0,
                4.367471144678475e-11,
                0.9999999948139586,
                2.882411621922242e-09,
                2.259955209670709e-09
            ],
            [
                0.0029656200179510738,
                0.9970318259882348,
                3.4198196851201235e-07,
                6.754773717789102e-08,
                2.144464108506977e-06
            ],
            [
                0.9999162102999477,
                8.303131999338227e-05,
                6.763440537331172e-07,
                6.83923473861896e-08,
                1.3643657720210424e-08
            ]
        ],
        [
            [
                0.9999713952577165,
                2.858933748505156e-05,
                1.505624929275311e-08,
                3.296270324177717e-10,
                1.8922055886631975e-11
            ],
            [
                1.5570860245067148e-05,
                0.9999844274733317,
                1.657245273262185e-09,
                6.982977372242072e-12,
                2.1949916645597256e-12
            ],
            [
                0.0,
                0.0,
                0.9999999998746474,
                6.79014404493448e-11,
                5.7451169528097606e-11
            ],
            [
                0.0773983449093958,
                0.922601008356595,
                6.448361950038623e-07,
                1.698025237220336e-09,
                1.9978901692200562e-10
            ],
            [
                0.9999994177498133,
                5.79156345839888e-07,
                2.9581368969782345e-09,
                1.1020209575414677e-10,
                2.5501972698574145e-11
            ]
        ],
        [
            [
                0.9999925984411823,
                7.396281054921638e-06,
                5.1991437328043315e-09,
                7.526677523841762e-11,
                3.352393072856715e-12
            ],
            [
                0.01365701670952943,
                0.9863429759467445,
                7.291329854290036e-09,
                4.7141908900347653e-11,
                5.254354926986055e-12
            ],
            [
                0.0,
                9.544033660020615e-12,
                0.9999999998609472,
                5.105506791809097e-11,
                7.845338096057254e-11
            ],
            [
                0.00025097377378026,
                0.99974898012522,
                4.36989418199335e-08,
                1.7789448454900427e-09,
                6.231132063986662e-10
            ],
            [
                0.999999859033045,
                1.3296175703445586e-07,
                7.755512704660218e-09,
                1.520285644090481e-10,
                9.7656736385633e-11
            ]
        ],
        [
            [
                0.9999998031072764,
                1.9485954486456094e-07,
                1.987454338756525e-09,
                4.2420538272100204e-11,
                3.3039589226099624e-12
            ],
            [
                1.7692377415818739e-06,
                0.9999981918368017,
                3.888421691658702e-08,
                2.6218712316997102e-11,
                1.5020973487548583e-11
            ],
            [
                0.0,
                4.798226917397634e-12,
                0.999999999737488,
                1.24813658981805e-10,
                1.3290019891803707e-10
            ],
            [
                0.0001907065865754727,
                0.9998092117582722,
                7.998422734644882e-08,
                1.2547466436017617e-09,
                4.161784775270527e-10
            ],
            [
                0.9999123344420737,
                8.764963309158171e-05,
                1.567529377636063e-08,
                2.3660319547363747e-10,
                1.2937704806451152e-11
            ]
        ],
        [
            [
                0.9999968964818191,
                3.0961345489639826e-06,
                7.2866862629191014e-09,
                8.747233968689521e-11,
                9.47337447992491e-12
            ],
            [
                1.9485953748523648e-07,
                0.9999997652373173,
                3.985365959916596e-08,
                4.148935068295142e-11,
                7.996240412193462e-12
            ],
            [
                0.0,
                2.961097479374902e-11,
                0.999999999598767,
                1.396639413206935e-10,
                2.319583000972301e-10
            ],
            [
                0.007234927417656495,
                0.9927649736163487,
                9.85268720225892e-08,
                2.6510433931565574e-10,
                1.7401825272073747e-10
            ],
            [
                0.9969725383043639,
                0.0030274472708779064,
                1.3420915145945889e-08,
                8.836988512270055e-10,
                1.2014412549979414e-10
            ]
        ],
        [
            [
                0.9999845876939051,
                1.5401022474239657e-05,
                1.1130256043454994e-08,
                1.4206694783322623e-10,
                1.1297603758256394e-11
            ],
            [
                9.470919430548535e-08,
                0.9999997236483856,
                1.8150146005793314e-07,
                1.0276766720181915e-10,
                3.8192342714911505e-11
            ],
            [
                0.0,
                2.3490694935977353e-11,
                0.9999999994255464,
                2.0066699683562244e-10,
                3.5029568622035763e-10
            ],
            [
                3.192753692899512e-06,
                0.9999967215339867,
                8.530874017390763e-08,
                3.2065701616854223e-10,
                8.292336991310438e-11
            ],
            [
                0.9999952917030972,
                4.700156127568125e-06,
                7.876562208741821e-09,
                2.070652730991091e-10,
                5.714788661506704e-11
            ]
        ],
        [
            [
                0.9999999080353411,
                8.960354850337129e-08,
                2.3425618606785076e-09,
                1.6766986687494224e-11,
                1.7814174859278244e-12
            ],
            [
                0.9999834898962257,
                1.6497267293569173e-05,
                1.2792606098679296e-08,
                3.9697843222068544e-11,
                4.176961466225139e-12
            ],
            [
                0.0,
                4.218412917064938e-11,
                0.9999999991530213,
                4.1359083492049126e-10,
                3.912036858231583e-10
            ],
            [
                5.054180207846363e-07,
                0.9999798494752944,
                1.8453365531715127e-05,
                5.436349858881244e-07,
                6.481061673608301e-07
            ],
            [
                0.9999708051850867,
                2.91793858700358e-05,
                1.4910301008147887e-08,
                4.804880738959655e-10,
                3.825401760408377e-11
            ]
        ],
        [
            [
                0.9999998741574296,
                1.2479861357145795e-07,
                1.0162972911583742e-09,
                2.2203879368480094e-11,
                5.455937548920562e-12
            ],
            [
                4.023194826635353e-06,
                0.9999959664189059,
                1.0272876606019869e-08,
                9.326348288807398e-11,
                2.0127292673702274e-11
            ],
            [
                0.0,
                4.308515448793015e-09,
                0.9999999887158909,
                5.999308869331641e-09,
                9.762847883917538e-10
            ],
            [
                0.002944275822664753,
                0.9970553222376366,
                3.998494148279633e-07,
                1.5103497063820049e-09,
                5.799341520132997e-10
            ],
            [
                0.9999077355727061,
                9.22480026699655e-05,
                1.5769216144725753e-08,
                4.046308151011393e-10,
                2.507770664270724e-10
            ]
        ],
        [
            [
                0.9999998327463695,
                1.651321167239934e-07,
                2.07564798690649e-09,
                4.242053447248405e-11,
                3.445134136716306e-12
            ],
            [
                0.0031527132135817427,
                0.9968472733805371,
                1.3310150984883732e-08,
                7.006167843040808e-11,
                2.5668429779241232e-11
            ],
            [
                0.0,
                3.469877701951791e-08,
                0.9999999605818286,
                3.092606196891957e-09,
                1.626788297109413e-09
            ],
            [
                0.05439108580160363,
                0.945605636968765,
                3.0803126152612835e-06,
                1.4614776324224913e-07,
                5.076925304873694e-08
            ],
            [
                0.9973430966796303,
                0.0026568957344536284,
                7.326767302779361e-09,
                2.363384443647728e-10,
                2.2810341819897397e-11
            ]
        ],
        [
            [
                0.9999996862088257,
                3.0766390014273125e-07,
                6.031572725862551e-09,
