{
    "[['A', 'B', 'C', 'D', 'E'], ['A', 'B', 'C', 'D', 'E']]": [
        [
            [
                2.346711134220187e-06,
                1.1112487002658508e-07,
                1.0824333715174621e-05,
                0.008884185149707657,
                0.991102532680573
            ],
            [
                3.3645626055827423e-09,
                3.088357675085135e-08,
                0.9999956466406328,
                3.8114822812705756e-06,
                5.076289465287394e-07
            ],
            [
                0.0,
                6.02981178705582e-13,
                0.9999999999460962,
                1.1726449384069928e-11,
                4.157419037027376e-11
            ],
            [
                0.0009523801735545971,
                3.9273076233533465e-06,
                5.246750012819887e-06,
                0.2292897349342959,
                0.7697487108345132
            ],
            [
                2.1966671871525102e-08,
                5.973367349970159e-09,
                1.3165826857972183e-06,
                0.0005103967255809689,
                0.999488258751694
            ]
        ],
        [
            [
                6.149201221816944e-08,
                1.5538514179372503e-08,
                1.7460419531341475e-07,
                0.0006489019608543145,
                0.999350846404424
            ],
            [
                3.035168518981592e-07,
                8.161515200709875e-08,
                0.00011641406122105408,
                0.3355605737840075,
                0.6643226270227676
            ],
            [
                0.0,
                8.753366972876182e-13,
                0.999999999976255,
                9.237188898521892e-12,
                1.3632321311856757e-11
            ],
            [
                2.928160406997641e-07,
                6.277470664652555e-08,
                5.030031482473833e-07,
                0.00015609433719154832,
                0.9998430470689128
            ],
            [
                0.0,
                2.4100486079863764e-10,
                8.558069151124361e-09,
                6.44710400185497e-06,
                0.9999935440969242
            ]
        ],
        [
            [
                4.6334113491429004e-10,
                1.4583715895557817e-09,
                1.716567747111914e-08,
                2.6818037197172195e-05,
                0.9999731628754127
            ],
            [
                2.118628527833848e-07,
                3.4564970151061915e-07,
                0.00047795879306275165,
                0.35318763337532955,
                0.6463338503190534
            ],
            [
                0.0,
                2.553057639339518e-12,
                0.9999999998119657,
                7.490944477941285e-11,
                1.1057181335527554e-10
            ],
            [
                2.4717889082260996e-10,
                8.686519648356301e-10,
                6.24764132293169e-09,
                6.122231167649816e-06,
                0.9999938704053603
            ],
            [
                0.0,
                2.963149900331242e-10,
                2.6375532666657662e-09,
                4.157794442934006e-06,
                0.9999958392716888
            ]
        ],
        [
            [
                1.3167407941372081e-06,
                7.888759612963939e-08,
                4.795329430836006e-07,
                0.0007151650337629902,
                0.9992829598049037
            ],
            [
                2.9483705292250117e-08,
                1.3078144546633294e-07,
                0.003274733924161369,
                0.9161868582789036,
                0.08053824753178412
            ],
            [
                0.0,
                5.015729934104165e-12,
                0.9999999989949384,
                2.531680298240288e-10,
                7.468777837511948e-10
            ],
            [
                6.4471045327092355e-06,
                2.972639263912876e-07,
                1.3817473182720445e-06,
                0.027813232598098193,
                0.9721786412861244
            ],
            [
                1.6530346992558582e-08,
                4.0090671177751225e-09,
                1.238857113686907e-08,
                5.3135936373765586e-05,
                0.999946831135641
            ]
        ],
        [
            [
                4.003960341371961e-10,
                0.0,
                3.4016659100432496e-09,
                1.1907543995207457e-06,
                0.9999988054435386
            ],
            [
                8.541200137024686e-07,
                2.11472240915186e-07,
                9.126366019849212e-07,
                0.009932327769502735,
                0.9900656940016407
            ],
            [
                0.0,
                2.188303195658484e-12,
                0.9999999996660476,
                9.911290816227778e-11,
                2.3265128646245964e-10
            ],
            [
                2.73853390389549e-07,
                5.001963853066277e-08,
                7.407741396186029e-07,
                0.003679159085102304,
                0.9963197762677292
            ],
            [
                1.597310098411775e-07,
                2.8150511854238158e-08,
                1.0297800615253958e-06,
                0.0055023313948597925,
                0.994496450943557
            ]
        ],
        [
            [
                7.789427645597559e-10,
                1.1566699515317194e-09,
                1.799548054822322e-08,
                4.509080680707785e-05,
                0.9999548892620995
            ],
            [
                6.667056152283058e-08,
                3.736542680315721e-08,
                4.988749034472661e-06,
                0.3457309806678458,
                0.6542639265471313
            ],
            [
                0.0,
                3.711787315496257e-12,
                0.9999999997589402,
                6.30048042108892e-11,
                1.7434350580264992e-10
            ],
            [
                1.2140054109686724e-09,
                1.8920019038954155e-09,
                5.756204254776736e-08,
                4.770072873331815e-06,
                0.9999951692590768
            ],
            [
                0.0,
                5.48848708461675e-10,
                1.0373966228597996e-08,
                2.4629607031428642e-06,
                0.9999975261164818
            ]
        ],
        [
            [
                1.930791603865877e-08,
                6.374560171895474e-09,
                1.2741609030963913e-07,
                0.00016642434467942896,
                0.9998334225567541
            ],
            [
                0.0,
                2.948386331375357e-09,
                0.999984746398994,
                1.5082787540452144e-05,
                1.6786507915708075e-07
            ],
            [
                0.0,
                3.88130787382215e-12,
                0.9999999997779156,
                4.200043818702456e-11,
                1.7620256842319163e-10
            ],
            [
                0.0005736552718888481,
                1.2328451573645127e-06,
                1.0668530877466838e-06,
                0.005628541391123265,
                0.9937955036387427
            ],
            [
                1.1621482466200522e-08,
                2.1247977607901518e-09,
                1.0501222670602003e-07,
                1.9289450070669384e-05,
                0.9999805917914224
            ]
        ],
        [
            [
                3.4500103994404736e-10,
                5.24028828450969e-10,
                3.5132295465066837e-09,
                2.6242043586627763e-06,
                0.9999973714133819
            ],
            [
                1.0428468367722133e-07,
                1.165805356374515e-07,
                3.7126998524240604e-05,
                0.9824310178387685,
                0.017531634297487903
            ],
            [
                0.0,
                8.322036826937293e-13,
                0.9999999998528133,
                3.502540861736253e-11,
                1.1132920305180112e-10
            ],
            [
                2.1370071799598512e-09,
                1.2162442769624313e-09,
                5.2731503606746094e-08,
                1.9317709048506288e-05,
                0.9999806262061964
            ],
            [
                0.0,
                3.0377383747806623e-10,
                4.314782279697143e-09,
                6.562801579552597e-07,
                0.9999993391012859
            ]
        ],
        [
            [
                2.188115518739465e-08,
                6.60764051499225e-09,
                1.1377627047095089e-07,
                0.00025151383261606385,
                0.9997483439023178
            ],
            [
                0.0,
                4.669771805449443e-09,
                0.999984123906924,
                1.537457842152974e-05,
                4.9684488269708e-07
            ],
            [
                0.0,
                2.9753741452222626e-12,
                0.9999999996725821,
                1.1027589692824296e-10,
                2.1416658522475876e-10
            ],
            [
                4.940001155364171e-09,
                5.630628811699944e-09,
                1.1244977852687257e-07,
                0.0041148060065097185,
                0.9958850709730818
            ],
            [
                9.63825122461128e-07,
                4.624048939125783e-08,
                4.879637103480653e-07,
                0.00022125452260855536,
                0.9997772474480694
            ]
        ],
        [
            [
                2.777403482630518e-08,
                9.79269182398004e-09,
                2.431887616160473e-08,
                1.620249986466735e-05,
                0.9999837356145325
            ],
            [
                0.0,
                6.193476155928334e-10,
                3.1685748608312906e-08,
                1.1643842879448268e-05,
                0.9999883238520243
            ],
            [
                0.0,
                7.215404717822288e-13,
                0.9999999998706326,
                3.081457118512142e-11,
                9.783123867519843e-11
            ],
            [
                6.624981466351803e-07,
                3.363435640624385e-08,
                7.241796109664086e-07,
                0.0008484267972207869,
                0.9991501528906652
            ],
            [
                5.255806390536074e-07,
                1.408843745798838e-08,
                3.083532823179432e-07,
                0.00011446481970329785,
                0.9998846871579378
            ]
        ],
        [
            [
                1.2989564923637084e-06,
                1.122183826308229e-07,
                2.8320941742206277e-06,
                0.07754666263971058,
                0.9224490940912402
            ],
            [
                0.0,
                8.78827725111437e-10,
                4.187979171931514e-08,
                1.5430558964527967e-05,
                0.999984526682416
            ],
            [
                0.0,
                4.051988242670792e-12,
                0.9999999996284574,
                7.433103150928192e-11,
                2.931595746624637e-10
            ],
            [
                3.891831097083695e-10,
                4.347170006253898e-10,
                2.6561366394240497e-09,
                1.9229241771649764e-07,
                0.9999998042275455
            ],
            [
                0.0,
                1.3336666932787877e-10,
                6.373487242440086e-10,
                3.590527489779597e-06,
                0.9999964087017947
            ]
        ],
        [
            [
                1.739901409766411e-09,
                2.3225592394161484e-09,
                3.0732561994303353e-08,
                9.113824860975085e-05,
                0.9999088269563676
            ],
            [
                6.990969489097873e-09,
                2.4760616072414335e-08,
                0.0010845561394394767,
                0.998851890010562,
                6.352209841290716e-05
            ],
            [
                0.0,
                5.771979757996239e-12,
                0.9999999994915809,
                1.0596960529446087e-10,
                3.966774155451147e-10
            ],
            [
                2.8603529990025755e-08,
                5.482222781061787e-09,
                2.9468629534366647e-07,
                0.0003700372247693138,
                0.9996296340031826
            ],
            [
                0.0,
                2.3410866745735573e-10,
                1.5744804621794781e-09,
                1.636353973810645e-06,
                0.9999983618374371
            ]
        ],
        [
            [
                2.741502295870473e-07,
                2.784086416710632e-08,
                1.4098242954419244e-07,
                0.0008187245671721253,
                0.9991808324593044
            ],
            [
                6.79918785374428e-06,
                2.6010203718467734e-06,
                0.10251154896336435,
                0.7419590950044337,
                0.15551995582397632
            ],
            [
                0.0,
                2.2338483427860065e-12,
                0.9999999998080737,
                5.088852850830603e-11,
                1.388037709365302e-10
            ],
            [
                0.0,
                2.0959135313440914e-09,
                3.399877528483663e-08,
                5.523530054968218e-05,
                0.9999447286047616
            ],
            [
                4.212111522274891e-10,
                0.0,
                6.646179349769193e-09,
                5.1821301246857e-07,
                0.9999994747195969
            ]
        ],
        [
            [
                1.9097382638885204e-09,
                7.050435745334462e-10,
                3.956932011504963e-08,
                3.688423071669972e-05,
                0.9999630735851813
            ],
            [
                5.675591081978861e-09,
                5.748501425686601e-08,
                0.9999765758459084,
                2.247800179710867e-05,
                8.829916891448887e-07
            ],
            [
                0.0,
                3.711787315579817e-12,
                0.9999999997814522,
                6.736300468642401e-11,
                1.4747316658614749e-10
            ],
            [
                6.2134495376169704e-06,
                8.862063137614529e-08,
                1.1296711270164141e-07,
                0.000915438740495443,
                0.9990781462222228
            ],
            [
                1.3141765077492674e-08,
                2.698963009697922e-09,
                1.1550992174226875e-07,
                0.000253039657589576,
                0.9997468289917605
            ]
        ],
        [
            [
                1.2660285523462965e-09,
                1.503578020525346e-09,
                4.926125414774614e-08,
                2.341103771193367e-05,
                0.9999765369314274
            ],
            [
                1.2226521707194263e-09,
                1.4515144979039126e-09,
                2.0031779587229542e-07,
                0.9999873170615828,
                1.247994645462089e-05
            ],
            [
                0.0,
                2.4910161818756224e-12,
                0.9999999997675164,
                6.329725879833567e-11,
                1.6669514823159456e-10
            ],
            [
                0.06245905999977246,
                8.715821064801205e-06,
                1.9000962947165688e-06,
                0.006470729786719496,
                0.9310595942961484
            ],
            [
                1.1268139071900834e-06,
                1.64960084343906e-07,
                8.654359448840685e-07,
                0.001040220196697648,
                0.9989576225933658
            ]
        ],
        [
            [
                1.9067572121752773e-09,
                6.690488235679622e-10,
                1.3241250208023107e-08,
                9.448275185803928e-06,
                0.9999905359077579
            ],
            [
                3.4567010912293367e-07,
                1.960058560096059e-06,
                0.9907469307473238,
                0.002841086223003822,
                0.0064096773010030896
            ],
            [
                0.0,
                1.4595075112671728e-12,
                0.9999999999417413,
                1.3171281105477048e-11,
                4.362792052293985e-11
            ],
            [
                6.129142214009104e-08,
                3.794943154630031e-08,
                1.9824890532288262e-07,
                0.00010243587655030988,
                0.9998972666336907
            ],
            [
                1.4547848792702793e-09,
                1.07295506876421e-09,
                9.366378183379801e-09,
                4.2000964819104856e-05,
                0.9999579871410629
            ]
        ],
        [
            [
                3.749484022871661e-09,
                2.033828720722743e-09,
                8.525342767392399e-08,
                1.2577730605798838e-05,
                0.9999873312326537
            ],
            [
                7.691557938682809e-07,
                9.79319842520788e-07,
                7.172213501058407e-05,
                0.025692072023656958,
                0.974234457365696
            ],
            [
                0.0,
                9.144734503294964e-12,
                0.9999999985853192,
                2.885831802847341e-10,
                1.1169530353264705e-09
            ],
            [
                0.009968753590943647,
                8.476425746727217e-06,
                1.5483146073527793e-06,
                0.002852419618500396,
                0.9871688020502019
            ],
            [
                6.713684849249972e-08,
                1.2584768289242126e-08,
                1.9571439966291116e-07,
                2.5957710462963633e-05,
                0.9999737668535206
            ]
        ],
        [
            [
                6.847506222118187e-09,
                1.589246232156749e-09,
                1.8211078727712453e-08,
                7.386260566847578e-07,
                0.9999992347261121
            ],
            [
                1.9244632554766547e-07,
                3.580786756307122e-07,
                8.113180309465704e-05,
                0.7377581465307543,
                0.26216017114114976
            ],
            [
                0.0,
                1.1231080959179436e-12,
                0.9999999999327545,
                2.051143137009136e-11,
                4.561104908175082e-11
            ],
            [
                8.100044697715402e-07,
                1.0688485544696995e-07,
                5.636780799825139e-07,
                0.0011191737238897433,
                0.9988793457087052
            ],
            [
                0.0,
                3.467598562029138e-10,
                1.0995593038690318e-08,
                8.755627797934142e-06,
                0.9999912330298492
            ]
        ],
        [
            [
                0.9999947842931783,
                1.3832331588003961e-06,
                5.530558334932903e-08,
                1.5030785378545373e-06,
                2.274089541621432e-06
            ],
            [
                8.009063983525779e-08,
                2.3328487001687363e-07,
                0.00017024026665786503,
                0.4595602374927341,
                0.5402692088650981
            ],
            [
                0.0,
                1.0248079523308055e-12,
                0.9999999999267872,
                1.9578641196930022e-11,
                5.260946062004099e-11
            ],
            [
                7.367403612400316e-06,
                1.9903792167275146e-07,
                8.840719569237677e-07,
                0.0007260570913864138,
                0.9992654923951226
            ],
            [
                1.0219309202795872e-08,
                1.307747166844493e-09,
                9.779159783681238e-09,
                7.638818592548898e-06,
                0.9999923398751912
            ]
        ],
        [
            [
                5.6238564575662535e-09,
                3.2458243214500374e-09,
                1.6189016404082774e-07,
                9.803537612539804e-06,
                0.9999900257025427
            ],
            [
                5.431898176449628e-07,
                2.6603474735051364e-07,
                0.00022078174548483754,
                0.09212031597922817,
                0.9076580930507221
            ],
            [
                0.0,
                9.561051152175927e-12,
                0.9999999987985921,
                3.6472470425538874e-10,
                8.271221141928835e-10
            ],
            [
                9.539503077546233e-08,
                3.2963553480189605e-08,
                1.1382196624857555e-07,
                8.238390569996079e-05,
                0.9999173739137496
            ],
            [
                6.176276246490278e-10,
                1.3083683854603844e-09,
                6.6832217843269215e-09,
                1.3464221078148724e-06,
                0.9999986449686744
            ]
        ],
        [
            [
                6.866727109067198e-07,
                4.51629594640816e-08,
                1.536990266208069e-07,
                0.0005524478788382484,
                0.9994466665864647
            ],
            [
                2.2092293422817373e-07,
                5.3319508466902804e-08,
                2.9770917467360087e-06,
                0.0003106859613956964,
                0.9996860627044148
            ],
            [
                0.0,
                3.219792322376551e-12,
                0.9999999995418423,
                1.1085160790107228e-10,
                3.4408626888818895e-10
            ],
            [
                2.9681589925495848e-08,
                1.0980817090311224e-08,
                4.576835479755744e-07,
                1.08013581818554e-05,
                0.9999887002958631
            ],
            [
                0.0,
                1.2883101205020825e-09,
                3.4645277967452553e-08,
                0.00010558145772424771,
                0.9998943826086876
            ]
        ],
        [
            [
                0.0,
                4.87208306936431e-10,
                5.211199415189214e-08,
                3.2278390118120306e-06,
                0.9999967195617857
            ],
            [
                9.184416089598886e-06,
                9.851903514808902e-07,
                0.0001492891385357607,
                0.7648488432556406,
                0.23499169799938258
            ],
            [
                0.0,
                1.680607135694273e-12,
                0.9999999998095388,
                2.5758572102274956e-11,
                1.6302197992104641e-10
            ],
            [
                0.0,
                2.286424808347379e-09,
                2.9100112752303517e-08,
                4.4775722475093495e-05,
                0.9999551928909873
            ],
            [
                1.4386888181957878e-06,
                7.119211101164052e-08,
                4.0768445368011617e-07,
                0.0009186067789408165,
                0.9990794756556763
            ]
        ],
        [
            [
                1.0971599164369257e-09,
                2.2596318596325676e-09,
                2.245082401648021e-08,
                0.0002263353653756355,
                0.9997736388270085
            ],
            [
                2.5846936742899445e-09,
                5.075083726610168e-09,
                2.1513701760307693e-05,
                0.9999618874307376,
                1.659120772481173e-05
            ],
            [
                0.0,
                2.7447209448104467e-12,
                0.9999999997377931,
                9.92273451200004e-11,
                1.6023487359397494e-10
            ],
            [
                4.061208139226022e-06,
                1.418070068540391e-07,
                3.3395739618018835e-07,
                0.0006010285068784619,
                0.9993944345205792
            ],
            [
                1.578115414536679e-09,
                2.084670480455797e-09,
                1.4411014847074932e-08,
                4.308249206080323e-05,
                0.9999568994341385
            ]
        ],
        [
            [
                8.923294038901101e-08,
                1.0924954816815403e-08,
                1.860923841245326e-07,
                6.381726840723448e-05,
                0.9999358964813134
            ],
            [
                2.698817715704042e-06,
                2.083324833014227e-07,
                3.3644970958105448e-06,
                0.7572476329504813,
                0.2427460954022238
            ],
            [
                0.0,
                1.881860457104507e-12,
                0.9999999998087381,
                4.8383902859982203e-11,
                1.4099606641204882e-10
            ],
            [
                1.4056651310502356e-07,
                2.8184521241247557e-08,
                9.512648374004398e-08,
                1.2519223326784022e-05,
                0.999987216899155
            ],
            [
                0.0,
                2.687188497747614e-10,
                4.561344318005312e-09,
                4.433959062651038e-06,
                0.9999955612108741
            ]
        ],
        [
            [
                5.024810542573718e-07,
                3.286668304563443e-08,
                1.53309750333521e-07,
                0.0009720740596181685,
                0.9990272372828942
            ],
            [
                0.0,
                8.873961692988623e-10,
                9.952659852679681e-08,
                0.02327398845862488,
                0.9767259111273804
            ],
            [
                0.0,
                1.9261751860246485e-12,
                0.999999999809309,
                6.349302267750929e-11,
                1.2527181716168435e-10
            ],
            [
                1.6098832894473532e-08,
                1.3963637970357813e-08,
                7.458820078379977e-08,
                0.00027081409598370734,
                0.9997290812533447
            ],
            [
                0.0,
                4.893493491831487e-10,
                5.9553585009447415e-09,
                8.630412180803125e-06,
                0.9999913631431112
            ]
        ],
        [
            [
                1.5462464341540154e-09,
                7.402984430220312e-10,
                3.570197556616354e-08,
                1.1208378161533052e-06,
                0.9999988411736634
            ],
            [
                4.133268811511705e-07,
                2.3990886328600934e-07,
                1.073123070078432e-05,
                0.003407613245413163,
                0.9965810022881416
            ],
            [
                0.0,
                1.5697522647896633e-12,
                0.9999999998553732,
                3.281883710912275e-11,
                1.1023804322216519e-10
            ],
            [
                0.0001457734214227158,
                9.537715469193742e-07,
                9.070685170329586e-07,
                0.001174036069941092,
                0.9986783296685722
            ],
            [
                2.0335029454484103e-09,
                1.597369513851405e-09,
                9.521502094912974e-09,
                4.404042046569684e-06,
                0.999995582805579
            ]
        ],
        [
            [
                1.169659612436593e-09,
                1.6588961277929558e-09,
                8.565324726902353e-08,
                7.246656133894723e-06,
                0.9999926648620631
            ],
            [
                1.4680566410171985e-06,
                2.197627844702818e-07,
                5.532470421625711e-07,
                0.05890560123917296,
                0.9410921576943594
            ],
            [
                0.0,
                2.911404342470962e-12,
                0.999999999841277,
                3.816153812868873e-11,
                1.1765011236335999e-10
            ],
            [
                0.008628011022483957,
                1.6382105729334397e-06,
                6.995546387749347e-07,
                0.0014867011664634676,
                0.9898829500458409
            ],
            [
                1.7616486366613235e-07,
                4.601859161247139e-08,
                1.9585572023001674e-07,
                0.0031953490594495673,
                0.9968042329013749
            ]
        ],
        [
            [
                1.8084012444954754e-08,
                2.925274267511436e-09,
                2.5557667673348427e-08,
                0.00011181750950029725,
                0.9998881359235453
            ],
            [
                0.0,
                1.6810345764667193e-07,
                0.999995698970815,
                3.978655907862563e-06,
                1.54269819553908e-07
            ],
            [
                0.0,
                5.598781889144833e-12,
                0.9999999995133544,
                1.5058186796963314e-10,
                3.304649114441333e-10
            ],
            [
                5.395994210274864e-07,
                9.895552923788493e-08,
                1.4712551805899166e-06,
                0.0012147734951585031,
                0.9987831166947106
            ],
            [
                1.9673902845427727e-08,
                5.3108874852164834e-09,
                1.8850876124197372e-07,
                1.1498785798768791e-05,
                0.9999882877206496
            ]
        ],
        [
            [
                1.4118055256392685e-08,
                3.3229742973874086e-09,
                1.0109604225829646e-07,
                8.780135825958798e-06,
                0.9999911013271022
            ],
            [
                1.450260906353746e-07,
                1.1868175681801834e-07,
                1.8147151795637984e-05,
                0.5744746349969491,
                0.42550695414340783
            ],
            [
                0.0,
                8.643078938624506e-12,
                0.9999999995926816,
                7.830702207764001e-11,
                3.2036844948607974e-10
            ],
            [
                0.0,
                1.0294304694513768e-10,
                1.0450420291669186e-09,
                3.433468185588053e-06,
                0.9999965653838293
            ],
            [
                3.039375747535836e-08,
                6.265267203903561e-09,
                9.42701627051411e-08,
                9.163056389262529e-05,
                0.99990823850692
            ]
        ],
        [
            [
                2.5528265226071045e-10,
                6.416385372807273e-10,
                4.422946532277634e-09,
                1.6082576440629645e-05,
                0.9999839121036916
            ],
            [
                3.472254478543875e-08,
                3.753700556464634e-08,
                0.9999538281079229,
                4.491501493798238e-05,
                1.1846175887150175e-06
            ],
            [
                0.0,
                2.2104398566483474e-12,
                0.9999999997986124,
                3.6941814675680465e-11,
                1.622353407467473e-10
            ],
            [
                3.2090573769070743e-06,
                5.5795402145939694e-08,
                6.27280298802375e-08,
                0.00021886313318006384,
                0.999777809286011
            ],
            [
                6.329838062144393e-10,
                1.409297351423145e-09,
                7.748918608550509e-09,
                1.0153407928942002e-06,
                0.9999989748680074
            ]
        ],
        [
            [
                4.427776840790547e-08,
                1.1491281185224318e-08,
                3.411802740859609e-07,
                0.0003333898839400503,
                0.9996662131667363
            ],
            [
                4.88887190453507e-08,
                6.755598825347814e-08,
                0.0009986876485186611,
                0.9947595918335497,
                0.004241604073224401
            ],
            [
                0.0,
                1.715448178566559e-12,
                0.9999999998818763,
                4.4521764625767474e-11,
                7.188639119448306e-11
            ],
            [
                9.782485674708588e-08,
                1.9670451325578903e-08,
                7.924380294002876e-08,
                0.0011512513587555219,
                0.9988485519021334
            ],
            [
                0.0,
                8.286427992556598e-10,
                1.8427082711730604e-08,
                7.3122179689678326e-06,
                0.9999926685263055
            ]
        ],
        [
            [
                0.0,
                1.2606688774098126e-10,
                1.8520235818113314e-09,
                5.622006731799322e-07,
                0.9999994358212363
            ],
            [
                5.190533691385896e-07,
                6.94055315969783e-08,
                3.649061733203043e-07,
                0.9910265695978503,
                0.008972477037075668
            ],
            [
                0.0,
                1.0150520358892053e-12,
                0.9999999999299858,
                1.7258558743198307e-11,
                5.174060668608402e-11
            ],
            [
                3.730528571483225e-10,
                8.135737738163709e-10,
                7.592361761276402e-09,
                4.16682496235668e-06,
                0.9999958243960493
            ],
            [
                0.0,
                2.9869654310617043e-10,
                5.395118640816964e-09,
                5.738970887572089e-06,
                0.9999942553352973
            ]
        ],
        [
            [
                4.716111293345234e-09,
                1.1269744891208756e-09,
                1.3285066127905958e-08,
                1.4015764865899609e-06,
                0.9999985792953615
            ],
            [
                1.007852498713099e-08,
                7.890596328815587e-08,
                0.08925791778578264,
                0.9107095452883451,
                3.244794138388059e-05
            ],
            [
                0.0,
                0.0,
                0.9999999996634095,
                8.292368128814607e-11,
                2.5366685261553475e-10
            ],
            [
                2.310929901135752e-08,
                1.6930229514872488e-08,
                8.355441971226386e-08,
                5.4280973338556904e-05,
                0.9999455954327131
            ],
            [
                3.2163108591331045e-09,
                1.0801809701244159e-09,
                1.4045160657790103e-08,
                2.275800225709669e-05,
                0.9999772236560904
            ]
        ],
        [
            [
                0.0,
                1.0251595035014446e-09,
                9.821911390122894e-09,
                1.0217527239060458e-06,
                0.9999989674002052
            ],
            [
                7.908089172535855e-08,
                1.8764460901118054e-07,
                0.9985088359900092,
                0.0013592303356632237,
                0.0001316669488267578
            ],
            [
                0.0,
                5.6426427306194104e-11,
                0.9999999981836811,
                5.74595273058318e-10,
                1.1852972509515025e-09
            ],
            [
                0.000628985298073404,
                1.0711706998887924e-06,
                4.599176737456261e-07,
                0.0108388428477769,
                0.9885306407657761
            ],
            [
                4.855868919988562e-07,
                5.7233498568114666e-08,
                4.3452947160088226e-07,
                0.011706736677030214,
                0.9882922859731077
            ]
        ],
        [
            [
                6.269128152794326e-09,
                4.911234223736516e-09,
                4.0892250174882095e-08,
                0.00013833717421744062,
                0.99986161075317
            ],
            [
                1.1980945461563164e-08,
                6.84104773414885e-08,
                0.9989606788114281,
                0.0010372008308375202,
                2.039966311645479e-06
            ],
            [
                0.0,
                1.9304737703086593e-13,
                0.9999999999908984,
                1.8233008209000193e-12,
                7.085438489470356e-12
            ],
            [
                8.118361259065313e-10,
                1.4573817327328522e-09,
                9.525571330812366e-09,
                1.2952547486890105e-05,
                0.999987035657724
            ],
            [
                7.608845054394326e-09,
                6.3779050624483995e-09,
                1.1836165338299297e-07,
                9.664124855220911e-05,
                0.9999032264030443
            ]
        ],
        [
            [
                0.0,
                5.463211360101168e-10,
                5.808422122304232e-09,
                1.0652990707013445e-05,
                0.9999893406545497
            ],
            [
                3.741932530041998e-09,
                8.48983419074363e-09,
                0.0022729947320628365,
                0.9976612284368056,
                6.576459936486614e-05
            ],
            [
                0.0,
                1.5928733894656372e-12,
                0.9999999999175881,
                1.6434938786792445e-11,
                6.438411990231734e-11
            ],
            [
                0.0,
                1.1856793903164685e-09,
                1.3110895548113123e-08,
                1.6507237687498033e-06,
                0.9999983349796563
            ],
            [
                7.898026609585096e-10,
                7.898026609585096e-10,
                3.387572380484752e-08,
                8.612382263273869e-06,
                0.9999913521624075
            ]
        ],
        [
            [
                0.0,
                8.403829988174032e-10,
                6.846370484634554e-09,
                2.8392551041329806e-06,
                0.9999971530581424
            ],
            [
                1.8379914363014628e-07,
                3.0873847498704587e-07,
                7.233416439592335e-05,
                0.22386657783013872,
                0.7760605954678468
            ],
            [
                0.0,
                0.0,
                0.9999999998060551,
                3.984204605093586e-11,
                1.5410283827204273e-10
            ],
            [
