{
    "[['A', 'B', 'C', 'D', 'E'], ['A', 'B', 'C', 'D', 'E']]": [
        [
            [
                5.204565836540967e-07,
                2.904764989570973e-08,
                5.3004967761509595e-08,
                3.431398961526335e-06,
                0.999995966091837
            ],
            [
                0.001368242393845482,
                0.9986317560445483,
                1.5478486147763082e-09,
                8.640771132210447e-12,
                5.1165003582585e-12
            ],
            [
                0.0,
                4.950557875545217e-12,
                0.999999999937849,
                3.113608574420785e-11,
                2.6064542463736153e-11
            ],
            [
                2.3495157148094418e-05,
                6.632158741339682e-06,
                0.0005718186467234149,
                0.0009225970341278897,
                0.9984754570032593
            ],
            [
                2.1795682107374366e-08,
                6.043629048444711e-09,
                5.3993932924689204e-08,
                1.1867139325286362e-06,
                0.9999987314528234
            ]
        ],
        [
            [
                3.4993612833566946e-06,
                1.7602094577548696e-07,
                1.1788064073994629e-07,
                6.069558467369227e-07,
                0.9999955997812834
            ],
            [
                7.826978210345287e-07,
                0.9999990055127823,
                2.1011952692156653e-07,
                1.3104514609567202e-09,
                3.5941828402050157e-10
            ],
            [
                0.0,
                1.279115427219252e-10,
                0.9999999960292765,
                2.5152256285357017e-09,
                1.3275864224847262e-09
            ],
            [
                4.376867753240875e-08,
                1.9244604550640903e-08,
                3.416106848484669e-07,
                2.236607123052545e-06,
                0.99999735876891
            ],
            [
                5.091615403538987e-07,
                6.088462989728922e-09,
                6.088462989728922e-09,
                1.0809121572549097e-06,
                0.9999983977493765
            ]
        ],
        [
            [
                3.249536219747409e-08,
                2.393376596821863e-08,
                4.184431930416306e-07,
                2.895883863276598e-06,
                0.9999966292438155
            ],
            [
                3.211943144068506e-05,
                0.9999678713392993,
                9.203998401345315e-09,
                1.8065023651194863e-11,
                7.196454674359307e-12
            ],
            [
                0.0,
                1.1486990465696182e-11,
                0.9999999997232774,
                1.3224780893222364e-10,
                1.3298793436954233e-10
            ],
            [
                2.5319026897365847e-06,
                1.5318917462433812e-07,
                4.8486335424162514e-08,
                7.903414294191867e-06,
                0.9999893630075061
            ],
            [
                1.3295972150017472e-07,
                5.353408913707451e-09,
                1.7064772014736948e-08,
                1.5529748913304875e-07,
                0.9999996893246084
            ]
        ],
        [
            [
                8.852146717414927e-08,
                9.560555199116402e-09,
                2.2240110397553195e-08,
                4.285875889049694e-06,
                0.9999955938019782
            ],
            [
                0.9022567294713314,
                0.09774323833926017,
                3.212474739450989e-08,
                5.3802542555135254e-11,
                1.0858543893024867e-11
            ],
            [
                0.0,
                2.944922651061739e-10,
                0.9999999786462528,
                1.1898620601756785e-08,
                9.160634485637734e-09
            ],
            [
                4.1456899671354876e-08,
                4.9161004673397493e-08,
                4.724720985027165e-06,
                4.960542312285665e-05,
                0.9999455792379878
            ],
            [
                2.212388656741175e-08,
                4.139414170324579e-09,
                1.4992887320863093e-08,
                1.2278946251190128e-06,
                0.9999987308491868
            ]
        ],
        [
            [
                2.008788897871535e-07,
                1.712885183845213e-08,
                6.102743972841028e-08,
                3.8443340524523385e-06,
                0.9999958766307662
            ],
            [
                3.5900428596088334e-07,
                0.9999996204895619,
                2.0337327990742616e-08,
                1.3386235002723548e-10,
                3.49617332019241e-11
            ],
            [
                0.0,
                4.4567961601268786e-12,
                0.9999999998608806,
                5.202064707554034e-11,
                8.264183796038942e-11
            ],
            [
                0.5416768029118189,
                2.5286560313483723e-05,
                1.8274913310215126e-06,
                4.889403243799149e-06,
                0.4582911936332929
            ],
            [
                1.5263301191398996e-05,
                3.4803108333050376e-08,
                6.193987591226315e-09,
                2.045655205564714e-06,
                0.9999826500465071
            ]
        ],
        [
            [
                6.713639328318745e-06,
                3.6829935420821005e-08,
                1.3110794728756289e-08,
                1.995161657169683e-06,
                0.9999912412582844
            ],
            [
                1.8345451015422357e-07,
                8.862676535680419e-07,
                0.019147578692468706,
                4.532664573896979e-05,
                0.9808060249396287
            ],
            [
                0.0,
                2.49446573240763e-10,
                0.9999999929539345,
                4.098561793887912e-09,
                2.6980571999730422e-09
            ],
            [
                3.332534508371294e-08,
                7.555307559102266e-09,
                2.709947769387619e-07,
                5.82882635152642e-07,
                0.9999991052419352
            ],
            [
                0.002112048234702283,
                6.420361871124848e-07,
                2.4776435450532435e-07,
                5.781164590390982e-06,
                0.9978812808001657
            ]
        ],
        [
            [
                0.02435574595089592,
                1.2200867928439139e-06,
                1.2781041230256397e-07,
                1.2352054384271512e-05,
                0.9756305540975146
            ],
            [
                0.8501947883173604,
                0.1498051868143195,
                2.474117008928274e-08,
                9.549392272699429e-11,
                3.1655980743865743e-11
            ],
            [
                0.0,
                1.173293744093687e-11,
                0.9999999998413367,
                7.52072222033621e-11,
                7.172327565234367e-11
            ],
            [
                8.048794477391958e-10,
                1.503248213305485e-09,
                1.408367617126404e-07,
                8.617044387893747e-05,
                0.9999136864112318
            ],
            [
                1.7850782154678291e-07,
                8.2358202859358e-09,
                1.2032380579662607e-08,
                4.1715622758982284e-05,
                0.9999580856012187
            ]
        ],
        [
            [
                5.4271985299401434e-08,
                6.477612760761599e-09,
                3.776529943455774e-08,
                2.4889077948963664e-06,
                0.9999974125773077
            ],
            [
                1.637826734746996e-07,
                0.9999959582256327,
                3.87207654145448e-06,
                5.3037099577233805e-09,
                6.114422946966409e-10
            ],
            [
                0.0,
                3.663327490879643e-12,
                0.9999999999283105,
                3.3444498762377094e-11,
                3.4581647873557856e-11
            ],
            [
                0.00046084694438348184,
                2.097350277050961e-06,
                1.8599869594356572e-07,
                6.3213688136651805e-06,
                0.99953054833783
            ],
            [
                7.095809210453402e-07,
                1.0648378905693867e-07,
                1.5663504729926655e-06,
                3.697943096817406e-05,
                0.9999606381538488
            ]
        ],
        [
            [
                0.1638893994501174,
                0.0007518888004083824,
                6.5805784725743705e-06,
                0.00044555924879220276,
                0.8349065719222094
            ],
            [
                0.0004902610643505642,
                0.9995097347905105,
                4.087070943194604e-09,
                3.989748495027179e-11,
                1.817035421038013e-11
            ],
            [
                0.0,
                2.096749915214121e-12,
                0.999999999911557,
                2.8399194340844118e-11,
                5.794695175084806e-11
            ],
            [
                0.8294611261407148,
                2.5413604708951108e-05,
                3.474734312890124e-07,
                3.326444915186556e-06,
                0.1705097863362298
            ],
            [
                2.8589609827987506e-05,
                1.7003498106689742e-06,
                2.2153542241890798e-07,
                3.349214136299844e-06,
                0.9999661392908026
            ]
        ],
        [
            [
                3.718966338952562e-08,
                1.89890694903264e-09,
                4.242707355266582e-08,
                7.782675219749212e-07,
                0.9999991402168342
            ],
            [
                0.9477433508332314,
                0.05225663568198354,
                1.3403622037206614e-08,
                5.624161565437732e-11,
                2.4921294748503532e-11
            ],
            [
                0.0,
                3.8845962016079204e-12,
                0.9999999998744074,
                2.993922633203356e-11,
                9.176871705741003e-11
            ],
            [
                2.1432792038476346e-07,
                6.013483482246053e-08,
                2.671024730060692e-07,
                1.7129293334872844e-06,
                0.9999977455054383
            ],
            [
                1.4629978060883823e-07,
                5.031933701083822e-08,
                2.5252529533296085e-07,
                7.252836226150094e-06,
                0.9999922980193608
            ]
        ],
        [
            [
                8.581235226932027e-08,
                2.5648683412964266e-09,
                1.3893635329034678e-08,
                9.403110258468645e-07,
                0.9999989574181182
            ],
            [
                0.9999616484017801,
                3.8348082083820914e-05,
                3.49014069348413e-09,
                2.1758061118502453e-11,
                4.237110870910137e-12
            ],
            [
                0.0,
                3.550349675280983e-11,
                0.9999999988768609,
                4.3919578531965705e-10,
                6.484396482712984e-10
            ],
            [
                1.736781343533919e-07,
                6.616105859836699e-08,
                5.846312612026812e-07,
                2.4739045371751456e-06,
                0.9999967016250088
            ],
            [
                4.389715365381439e-09,
                2.212130175299049e-09,
                1.537028820815394e-08,
                3.961101950020427e-07,
                0.9999995819176712
            ]
        ],
        [
            [
                0.9620432845837246,
                9.894834455711609e-08,
                3.088263421500928e-08,
                6.170162816115443e-07,
                0.037955968569015126
            ],
            [
                1.6504814325342661e-06,
                4.982368567465763e-06,
                0.08627513405322677,
                0.00015338633423394611,
                0.9135648467625394
            ],
            [
                0.0,
                3.979890554152496e-11,
                0.9999999986872374,
                7.13802166825554e-10,
                5.591615998639822e-10
            ],
            [
                1.5454629085154104e-08,
                1.4160287362564287e-08,
                6.98739164861937e-07,
                1.2749748194592686e-06,
                0.9999979966710992
            ],
            [
                8.16026582595587e-09,
                3.4828256923286227e-09,
                9.184380403610409e-08,
                2.4070708799666207e-07,
                0.9999996558060165
            ]
        ],
        [
            [
                1.299145393541837e-05,
                1.2075375117408617e-06,
                2.2140352786026993e-06,
                9.3466639374604e-06,
                0.9999742403093368
            ],
            [
                3.4935476356648534e-05,
                0.999965054455693,
                9.951553905156285e-09,
                9.519367725887391e-11,
                2.1203138788040685e-11
            ],
            [
                0.0,
                3.2493251858196475e-12,
                0.9999999999666405,
                7.52742032212788e-12,
                2.2582853665423072e-11
            ],
            [
                4.537207278722367e-08,
                3.6807165835975464e-09,
                2.9318951182519206e-08,
                3.921530613923884e-07,
                0.999999529475198
            ],
            [
                4.604195159423228e-06,
                6.261886896901086e-07,
                3.775695287134322e-06,
                0.00012932731623456126,
                0.9998616666046293
            ]
        ],
        [
            [
                1.1883307112054271e-07,
                3.9327099611267776e-09,
                1.267846444806205e-08,
                4.508867878357607e-08,
                0.9999998194670757
            ],
            [
                3.1452363555810716e-06,
                0.9999968503212598,
                4.424102183175222e-09,
                1.5196731108715362e-11,
                3.08560764255243e-12
            ],
            [
                0.0,
                5.915150464516586e-12,
                0.9999999998745657,
                3.272844660665815e-11,
                8.679079717637858e-11
            ],
            [
                6.302521425792935e-08,
                5.6904199404877165e-09,
                3.1714106200862563e-08,
                2.3395702978718875e-07,
                0.9999996656132298
            ],
            [
                0.0004370522301382563,
                4.170928145907585e-06,
                5.721421101754934e-07,
                2.2719998758506914e-06,
                0.9995559326997299
            ]
        ],
        [
            [
                0.9993893728680591,
                1.5218089279940267e-06,
                2.3246388513399603e-08,
                1.4233738095031765e-06,
                0.0006076587028148913
            ],
            [
                4.418054491037969e-06,
                0.9999955662756319,
                1.562484745379709e-08,
                3.011361490086272e-11,
                1.491590973977252e-11
            ],
            [
                0.0,
                9.597501802278392e-12,
                0.9999999997797819,
                8.269024355096553e-11,
                1.2793033041806715e-10
            ],
            [
                0.0280491742191059,
                1.6094159510984772e-05,
                5.480740910717613e-06,
                6.442319202830204e-05,
                0.9718648276884442
            ],
            [
                4.855553897109843e-07,
                6.537417582518343e-08,
                6.988267471555906e-08,
                4.9995175213759315e-06,
                0.9999943796702385
            ]
        ],
        [
            [
                0.00011896285386738793,
                3.1424572682203827e-06,
                4.575676933469971e-06,
                4.459367355045016e-05,
                0.9998287253383805
            ],
            [
                6.170437187297827e-06,
                0.9999938259990598,
                3.5396025896038663e-09,
                1.7277398595952956e-11,
                6.872854491870255e-12
            ],
            [
                0.0,
                6.82138571239936e-12,
                0.9999999997590538,
                8.354935568648239e-11,
                1.5057526227276405e-10
            ],
            [
                1.665414923583211e-08,
                3.8418355176058315e-09,
                1.1651405890896737e-07,
                5.229716894577168e-07,
                0.999999340018267
            ],
            [
                3.64847324483739e-09,
                1.772502858773359e-09,
                8.205640983198111e-08,
                9.26668178439081e-07,
                0.9999989858544356
            ]
        ],
        [
            [
                6.601601319981045e-07,
                7.208779331480326e-08,
                1.568077569134796e-07,
                4.896790522414091e-06,
                0.9999942141537953
            ],
            [
                0.06228613149987231,
                0.9377138536619454,
                1.4750425921920809e-08,
                8.0418389456962e-11,
                7.338168436306448e-12
            ],
            [
                0.0,
                5.814565461093725e-12,
                0.9999999998233373,
                7.947709157784457e-11,
                9.137102671735522e-11
            ],
            [
                5.116793474819801e-08,
                1.0212162905017238e-07,
                1.0120286653276164e-06,
                1.538125716021151e-06,
                0.9999972965560548
            ],
            [
                2.6075619881165016e-08,
                3.3348409879810396e-09,
                4.4266535446585544e-08,
                2.1342799379482043e-07,
                0.99999971289501
            ]
        ],
        [
            [
                0.013964254408295735,
                6.900058400312209e-06,
                9.140067647283105e-07,
                2.494224872025486e-05,
                0.986002989277819
            ],
            [
                3.2157606151659597e-06,
                0.9999967687336834,
                1.5458962311310797e-08,
                3.697776676923778e-11,
                9.761404213849194e-12
            ],
            [
                0.0,
                2.52559721900591e-11,
                0.9999999997805626,
                1.0418889171090448e-10,
                8.999237620169377e-11
            ],
            [
                0.003993485836603245,
                2.8938659911701265e-06,
                1.4849821762138077e-06,
                9.481592775496335e-06,
                0.9959926537224538
            ],
            [
                3.8609205697265066e-07,
                1.6263113760209567e-08,
                9.17902114683095e-08,
                2.479063850543912e-07,
                0.9999992579482327
            ]
        ],
        [
            [
                1.2678439229347067e-08,
                5.3213212278922035e-09,
                1.2419866406447177e-07,
                2.5042720617264088e-06,
                0.9999973535295138
            ],
            [
                5.849927057036579e-07,
                0.9999993957791247,
                1.916215628236001e-08,
                4.429873429007129e-11,
                2.1714321508984815e-11
            ],
            [
                0.0,
                5.1778121423114324e-11,
                0.9999999987864625,
                5.970231825775895e-10,
                5.647361546350162e-10
            ],
            [
                4.4994493372436255e-09,
                8.822369987833382e-10,
                8.861094779850596e-09,
                2.8083704774572844e-07,
                0.9999997049201711
            ],
            [
                3.2174356455787013e-06,
                9.808175256807104e-08,
                3.5599452061485125e-07,
                5.957282366390982e-06,
                0.9999903712057149
            ]
        ],
        [
            [
                0.00016360950753828839,
                1.0625606554125044e-05,
                2.114552167191047e-06,
                4.419953482103842e-05,
                0.9997794507989194
            ],
            [
                1.214960360577888e-06,
                0.9999987658006686,
                1.8498320304924907e-08,
                6.366573795112677e-10,
                1.0399293074104556e-10
            ],
            [
                0.0,
                7.704252572270616e-12,
                0.9999999998190816,
                3.945816854039217e-11,
                1.3375592591468185e-10
            ],
            [
                1.0789615030383714e-06,
                1.416890453812655e-08,
                3.4340261221661583e-07,
                1.127688926408026e-06,
                0.9999974357780538
            ],
            [
                6.545543117616143e-07,
                7.233749810870084e-08,
                1.1649578648352398e-06,
                1.1037465225650783e-05,
                0.9999870706850997
            ]
        ],
        [
            [
                9.439970931391986e-06,
                2.719967899274039e-07,
                4.1645282281178116e-08,
                5.611994363687736e-07,
                0.9999896851875602
            ],
            [
                1.7910433960881165e-07,
                0.9999980691557184,
                1.749621552192185e-06,
                1.8911865853299784e-09,
                2.2720300307366846e-10
            ],
            [
                0.0,
                4.750165557069373e-12,
                0.9999999999175884,
                2.37654199373845e-11,
                5.389600456670115e-11
            ],
            [
                1.443013649742714e-07,
                1.2209933500146004e-08,
                2.570149818950152e-07,
                1.2012007673674405e-06,
                0.9999983852729523
            ],
            [
                1.0227295446947595e-06,
                3.5127155126182313e-08,
                6.693890849176587e-08,
                1.8398961494973563e-05,
                0.9999804762428967
            ]
        ],
        [
            [
                0.0001165463638234976,
                0.9998834345772653,
                1.5257834337660552e-08,
                3.197172871280403e-09,
                6.03904043834502e-10
            ],
            [
                0.0010886789984761497,
                0.9989112809840044,
                3.998942061412714e-08,
                1.9333202092954127e-11,
                8.76560036229633e-12
            ],
            [
                0.0,
                1.8125043743753426e-11,
                0.9999999997225866,
                1.4329348423928885e-10,
                1.1599502293746468e-10
            ],
            [
                0.086166506307735,
                1.3208856886356865e-05,
                1.8076151449970126e-06,
                8.382455491303997e-05,
                0.9137346526653206
            ],
            [
                3.0819673872602164e-08,
                7.187878797833679e-09,
                1.7346568719268206e-08,
                2.812015507470518e-07,
                0.9999996634443279
            ]
        ],
        [
            [
                1.9879416668655424e-05,
                2.5302431557203217e-07,
                2.2650076022158907e-06,
                2.9347949186990365e-05,
                0.9999482546022266
            ],
            [
                0.9999869265477461,
                1.307229954921435e-05,
                1.1243444181717326e-09,
                2.405143135549153e-11,
                4.308739196579282e-12
            ],
            [
                0.0,
                1.0705745508628658e-11,
                0.9999999996588496,
                1.3248664590483e-10,
                1.979580294747519e-10
            ],
            [
                1.115765470173157e-08,
                4.336745493517494e-09,
                2.6448177246106827e-07,
                5.483169466756371e-07,
                0.9999991717068807
            ],
            [
                4.5371273411118485e-07,
                4.074743449552239e-08,
                5.4762267145289775e-08,
                8.154140279708634e-06,
                0.9999912966372845
            ]
        ],
        [
            [
                1.1702878493060788e-07,
                5.426754103682536e-08,
                7.835618972174532e-07,
                1.4502444304986062e-05,
                0.9999845426974718
            ],
            [
                2.4053244201311598e-09,
                7.822026340806627e-08,
                0.9999930920878269,
                6.250076678424187e-06,
                5.77209906957341e-07
            ],
            [
                0.0,
                3.42518512072487e-11,
                0.999999999485059,
                1.9530574742917734e-10,
                2.8538324751720075e-10
            ],
            [
                5.4742210993778595e-08,
                8.205526947292978e-09,
                2.468088431856068e-08,
                4.867807665335634e-07,
                0.9999994255906112
            ],
            [
                3.586092015893233e-08,
                1.457406591988073e-09,
                1.7816927656983854e-08,
                1.4340948562009267e-07,
                0.99999980145526
            ]
        ],
        [
            [
                1.9600241785814786e-07,
                4.556260467022086e-08,
                1.9600241785814786e-07,
                2.9300088073671276e-06,
                0.9999966324237523
            ],
            [
                6.940249404664245e-08,
                0.999872060796985,
                0.00012785145452754227,
                1.7653512410864515e-08,
                6.924811404288642e-10
            ],
            [
                0.0,
                9.641265424568801e-11,
                0.9999999969152427,
                1.4941723080865368e-09,
                1.4941723080865368e-09
            ],
            [
                0.00012698092352391412,
                2.0928955429446747e-07,
                9.27442244415394e-08,
                2.5333712745461744e-06,
                0.9998701836714229
            ],
            [
                1.1310633644713473e-06,
                3.0662314807537017e-07,
                1.905905661111165e-06,
                0.00026009162386518656,
                0.9997365647839612
            ]
        ],
        [
            [
                0.3041612803686513,
                6.908377772750698e-05,
                1.540421798121506e-06,
                3.315409341124856e-05,
                0.695734941338412
            ],
            [
                0.0001720659029796661,
                0.9998279207418569,
                1.3238802030597262e-08,
                1.0000293035412653e-10,
                1.6358474386755957e-11
            ],
            [
                0.0,
                3.02529348001807e-11,
                0.9999999995106026,
                2.4364584372864783e-10,
                2.154987131514504e-10
            ],
            [
                1.1689214922856667e-05,
                8.244371355326173e-07,
                1.1008824275228228e-06,
                0.0020254547517325355,
                0.9979609307137816
            ],
            [
                5.901478877808465e-07,
                2.5678296208008566e-09,
                4.184136392899168e-09,
                2.655727475871639e-08,
                0.9999993765428714
            ]
        ],
        [
            [
                1.210863859317681e-07,
                4.2432497441894463e-08,
                2.555921780576679e-07,
                4.215612571908577e-06,
                0.9999953652763667
            ],
            [
                1.253398832978705e-07,
                0.9999997479413495,
                1.253398832978705e-07,
                1.284661336678331e-09,
                9.422255794789527e-11
            ],
            [
                0.0,
                1.7062045886439843e-11,
                0.9999999995410775,
                2.1353924764625693e-10,
                2.2832118041586513e-10
            ],
            [
                8.99735097609674e-07,
                9.752770598283879e-08,
                3.4349336559425485e-07,
                3.148019751066387e-07,
                0.9999983444418558
            ],
            [
                9.341370508281316e-08,
                1.2109464099260615e-08,
                3.277728758108697e-08,
                6.877038436906263e-08,
                0.999999792929159
            ]
        ],
        [
            [
                1.6921779476395468e-07,
                1.3190558102611699e-08,
                1.9225892658410143e-08,
                2.1870046814166414e-07,
                0.9999995796652862
            ],
            [
                5.719012453091365e-06,
                5.969247589806297e-06,
                0.012107756814398083,
                0.00048772671249744804,
                0.9873928282130616
            ],
            [
                0.0,
                0.0,
                0.9999999999045779,
                3.955092304803414e-11,
                5.587114275472016e-11
            ],
            [
                2.008999382353764e-09,
                2.181638502201087e-09,
                2.374117192603481e-08,
                1.2983446044009697e-06,
                0.9999986737235859
            ],
            [
                3.0089015305294314e-09,
                1.2632593978404987e-09,
                1.0464287566715717e-08,
                3.575852248025271e-07,
                0.9999996276783266
            ]
        ],
        [
            [
                1.3581105286101333e-07,
                2.8560843150765763e-08,
                3.5928206368444856e-07,
                1.9767403167762089e-07,
                0.9999992786720086
            ],
            [
                1.0818660985779033e-08,
                0.9999996494702701,
                3.3864627850823706e-07,
                9.785163049741544e-10,
                8.627420021294211e-11
            ],
            [
                0.0,
                4.851706833030263e-11,
                0.9999999979313927,
                1.241122240179015e-09,
                7.789680591793362e-10
            ],
            [
                0.0,
                5.5226175804439214e-09,
                2.64114143504843e-06,
                4.9027035135300516e-05,
                0.9999483263008121
            ],
            [
                1.3481587559360928e-05,
                8.548872541910619e-08,
                4.4913064615976256e-08,
                2.3352826243890774e-06,
                0.9999840527280262
            ]
        ],
        [
            [
                4.770295166983941e-08,
                2.8689570968881688e-09,
                1.644321011687587e-08,
                1.8000897233538932e-07,
                0.9999997529759087
            ],
            [
                3.3864626953649304e-07,
                0.9999996229773143,
                3.824262120556702e-08,
                1.1237842005257134e-10,
                2.141664721705298e-11
            ],
            [
                0.0,
                2.2047240362412355e-10,
                0.9999999831677188,
                1.2563205976736233e-08,
                4.04860294071291e-09
            ],
            [
                1.4963370081050673e-09,
                2.9440144960437695e-09,
                8.221680396547343e-07,
                1.3326466739380534e-05,
                0.9999858469248695
            ],
            [
                4.3369296043472336e-08,
                9.805831715677552e-09,
                3.0526568381513215e-08,
                2.0735915990253e-06,
                0.9999978427067049
            ]
        ],
        [
            [
                0.0013034978575379994,
                4.849034026823226e-07,
                1.0986185899089728e-07,
                1.7438377667605082e-06,
                0.9986941635394336
            ],
            [
                1.4074130499593154e-07,
                2.460678702196396e-06,
                0.7359683737321185,
                0.02671791453165267,
                0.23731111031622162
            ],
            [
                0.0,
                8.322691881052349e-12,
                0.9999999998444531,
                3.536110223570904e-11,
                1.1186324998304624e-10
            ],
            [
                3.477736033460601e-08,
                3.059634385281687e-08,
                1.9798656642998313e-06,
                2.559817621375762e-05,
                0.9999723565844177
            ],
            [
                4.2928662677353036e-08,
                5.6864917991833296e-09,
                1.3582205477020147e-07,
                7.127597273190631e-07,
                0.9999991028030634
            ]
        ],
        [
            [
                0.00033341626456278174,
                1.1151894160714167e-07,
                5.4153385591317455e-08,
                2.857168695938851e-06,
                0.9996635608944142
            ],
            [
                2.443403623525474e-07,
                2.8885364308822265e-06,
                0.0893574044569696,
                0.9065113079628675,
                0.004128154703369612
            ],
            [
                0.0,
                4.839403065117923e-12,
                0.9999999998685749,
                3.1934457701349356e-11,
                9.465107332065074e-11
            ],
            [
                2.1654891058728212e-07,
                4.006982350655358e-08,
                3.648112026869794e-07,
                1.3575622404507689e-06,
                0.9999980210078228
            ],
            [
                2.5099709083735336e-07,
                4.527220491375151e-09,
                3.0168276111402645e-08,
                3.203756571070487e-07,
                0.9999993939317554
            ]
        ],
        [
            [
                1.5952330096151258e-08,
                3.4773032022441705e-09,
                1.9474017635720192e-08,
                2.846107099034741e-07,
                0.9999996764856393
            ],
            [
                1.6362797563249237e-07,
                1.9437011318321275e-07,
                7.494661721408362e-05,
                2.256036349868488e-05,
                0.9999021350211984
            ],
            [
                0.0,
                9.12478498846901e-12,
                0.9999999995296962,
                9.936086395376594e-11,
                3.618180666962785e-10
            ],
            [
                1.4394580384766754e-07,
                1.8853240888058598e-08,
                3.4777843016852073e-07,
                1.0071444193731648e-06,
                0.9999984822781057
            ],
            [
                8.60450334262969e-09,
                1.0745504734758735e-09,
                3.447979251403918e-09,
                7.563562666351315e-07,
                0.9999992305167003
            ]
        ],
        [
            [
                0.0060390408967317425,
                8.83746517938985e-05,
                1.1575875535303966e-06,
                0.00021080483575921282,
                0.9936606220281617
            ],
            [
                1.0431969304447411e-07,
                2.3625452637141198e-07,
                0.00911085303672131,
                0.00016127986017304256,
                0.9907275265288863
            ],
            [
                0.0,
                7.890429395533403e-12,
                0.9999999998953035,
                6.142427388338717e-11,
                3.5382016664521244e-11
            ],
            [
                0.0,
                9.174916434140573e-10,
                1.5432742960877822e-08,
                1.6263286270730826e-06,
                0.9999983573211384
            ],
            [
                2.3662555134486206e-08,
                2.4672178338214328e-08,
                2.046237365397224e-07,
                2.3750243150205053e-05,
                0.9999759967983798
            ]
        ],
        [
            [
                0.018227919352275607,
                1.6369001518937269e-06,
                2.3157714692120467e-07,
                6.345698243173601e-06,
                0.9817638664721824
            ],
            [
                0.021624653304844293,
                0.978375313181606,
                3.3106330332677456e-08,
                2.841708776434651e-10,
                1.2304839745516823e-10
            ],
            [
                0.0,
                8.973356217958794e-11,
                0.9999999977357086,
                9.490529089112286e-10,
                1.2255051360439178e-09
            ],
            [
                1.3768635768059442e-09,
                6.491969782584916e-10,
                1.6951717081784056e-08,
                3.9191899248539183e-07,
                0.99999958910323
            ],
            [
                0.47628009565464385,
                0.0036117654747909985,
                3.2298709750802746e-06,
                0.0006100989639862404,
                0.5194948100356038
            ]
        ],
        [
            [
                3.5807338491747975e-08,
                5.194584227074002e-09,
                1.2636721628993522e-08,
                1.721903894352947e-07,
                0.9999997741709662
            ],
            [
                3.154003070971586e-05,
                0.9999684509113126,
                8.854962636825097e-09,
                1.6205689918900943e-10,
                4.095814839920276e-11
            ],
            [
                0.0,
                2.4975827944082503e-11,
                0.9999999993516633,
                2.6596889374353767e-10,
                3.5739205997294677e-10
            ],
            [
                1.809583811982137e-09,
                7.33285896419907e-10,
                2.7077970683817665e-08,
                3.694520015625501e-07,
                0.999999600927158
            ],
            [
                3.222145679472839e-08,
                2.2695405262817657e-09,
                1.5302220711675548e-08,
                1.0295748974442044e-06,
                0.9999989206318846
            ]
        ],
        [
            [
                8.454767972970803e-07,
                0.999998874449245,
