{
    "[['A', 'B', 'C', 'D', 'E'], ['A', 'B', 'C', 'D', 'E']]": [
        [
            [
                0.9999945728388636,
                5.426407802796529e-06,
                7.418830137240167e-10,
                1.099314374705509e-11,
                4.57561712495209e-13
            ],
            [
                0.1949176669951988,
                0.805082329873179,
                2.9986117407944376e-09,
                1.302764824264373e-10,
                2.7340149133884905e-12
            ],
            [
                0.0,
                4.238088719479028e-12,
                0.9999999999023599,
                2.8254558408982836e-11,
                6.514740844653274e-11
            ],
            [
                0.0,
                0.0,
                5.794598603283218e-10,
                1.2708540030707385e-07,
                0.9999998723351398
            ],
            [
                0.0,
                2.5395184778557953e-11,
                1.8648978490388093e-09,
                8.812813950103818e-07,
                0.9999991168283119
            ]
        ],
        [
            [
                0.40115206215770344,
                0.5988479305905912,
                7.153481095284253e-09,
                9.43650013383438e-11,
                3.859257965631932e-12
            ],
            [
                0.9388750270094082,
                0.06112496844146245,
                4.432421970189285e-09,
                1.1451273478701837e-10,
                2.1946148156777093e-12
            ],
            [
                0.0,
                7.812538375632331e-13,
                0.9999999999470814,
                7.694237306249907e-12,
                4.444319947426713e-11
            ],
            [
                0.0,
                9.136436179521698e-12,
                3.391706631030929e-10,
                7.713369982444024e-08,
                0.9999999225179931
            ],
            [
                0.0,
                1.1213128142200253e-11,
                6.17911612280364e-10,
                2.8768548664215987e-06,
                0.9999971225160088
            ]
        ],
        [
            [
                0.20060173933824454,
                0.7993982592922413,
                1.3506937875395324e-09,
                1.5005739840270233e-11,
                3.814449091005797e-12
            ],
            [
                0.02007252913196953,
                0.9799274698858959,
                9.435281565760246e-10,
                3.81322907240177e-11,
                4.741790063594122e-13
            ],
            [
                0.0,
                1.2160892536192802e-12,
                0.9999999999487319,
                1.2828334269131817e-11,
                3.722360025644478e-11
            ],
            [
                0.0,
                3.564109383697456e-11,
                5.304489507929955e-09,
                0.00024026344020311444,
                0.9997597312196662
            ],
            [
                0.0,
                8.198756609071051e-12,
                4.4925439383636534e-10,
                2.699382760715054e-07,
                0.9999997296042709
            ]
        ],
        [
            [
                0.9960258020269643,
                0.003974189107009318,
                8.79430125676031e-09,
                6.94002638831854e-11,
                2.324798269211054e-12
            ],
            [
                0.9995561297699316,
                0.00044386874224419307,
                1.4676667025159345e-09,
                1.9171668922386002e-11,
                9.85976865716436e-13
            ],
            [
                0.0,
                1.111008425793745e-12,
                0.9999999999131888,
                1.7094131144106236e-11,
                6.860611884899863e-11
            ],
            [
                0.0,
                2.993151957042976e-11,
                1.4294824229989126e-09,
                4.4060693922364816e-05,
                0.9999559378466637
            ],
            [
                0.0,
                2.921468742730375e-11,
                4.008876059709279e-09,
                5.674374200764495e-07,
                0.9999994285244892
            ]
        ],
        [
            [
                0.9998159464810055,
                0.00018405304796280348,
                4.5346328698254157e-10,
                1.6793422026848824e-11,
                7.74841432918378e-13
            ],
            [
                9.798457519766474e-05,
                0.9999020151976284,
                2.2058723972831668e-10,
                6.22588685958133e-12,
                3.6077969883933295e-13
            ],
            [
                0.0,
                4.039700991736916e-13,
                0.9999999999813487,
                2.4926796703039333e-12,
                1.5754701398306626e-11
            ],
            [
                0.0,
                2.5424798156516594e-11,
                2.1896843101741594e-09,
                1.2058814928309518e-06,
                0.9999987919033981
            ],
            [
                0.0,
                1.277847460971611e-10,
                9.133423085610191e-08,
                0.0011557198093775259,
                0.9988441887286068
            ]
        ],
        [
            [
                0.9867372985596716,
                0.013262699994364075,
                1.4205808139426687e-09,
                2.4792432552144132e-11,
                5.910072546017827e-13
            ],
            [
                1.1932018422294712e-06,
                0.9999988067981578,
                0.0,
                0.0,
                0.0
            ],
            [
                0.0,
                1.9197090002473257e-12,
                0.99999999991533,
                2.5125667188064858e-11,
                5.762467605165882e-11
            ],
            [
                0.0,
                1.1322827969104079e-10,
                1.1198312221308319e-08,
                4.834705438223437e-07,
                0.9999995052179156
            ],
            [
                0.0,
                1.6900587422147432e-11,
                2.6121505577917267e-09,
                6.579960500747004e-07,
                0.9999993393748988
            ]
        ],
        [
            [
                0.9995907491184631,
                0.00040799347951799356,
                1.2058549835843882e-06,
                4.701536586767479e-08,
                4.531669445657544e-09
            ],
            [
                0.0009026542769172405,
                0.9990973454398252,
                2.726830996894304e-10,
                9.805218361482611e-12,
                7.691078773636176e-13
            ],
            [
                0.0,
                1.3857349088430202e-12,
                0.9999999999111224,
                2.6763381857460964e-11,
                6.072823151788824e-11
            ],
            [
                0.0,
                9.100677414536943e-12,
                9.899166808110398e-10,
                8.257559367544643e-07,
                0.999999173245046
            ],
            [
                0.0,
                1.6865583790400752e-11,
                1.1663201850523614e-09,
                3.0522816819477294e-06,
                0.9999969465351323
            ]
        ],
        [
            [
                0.9390804885381869,
                0.06091951030882947,
                1.1401740913320927e-09,
                1.2068701772958075e-11,
                7.408637264900027e-13
            ],
            [
                2.820275463356977e-06,
                0.9999971762536137,
                3.2484069549146045e-09,
                2.1441019196499074e-10,
                8.105773894033921e-12
            ],
            [
                0.0,
                1.914870870709202e-12,
                0.9999999998947882,
                2.066130667349674e-11,
                8.263569074676027e-11
            ],
            [
                0.0,
                1.5964296944250157e-11,
                1.5288383991666101e-09,
                5.147824979517289e-08,
                0.9999999469769475
            ],
            [
                0.0,
                2.994408186453904e-11,
                1.0554384389845919e-09,
                7.944221155237366e-06,
                0.9999920546934623
            ]
        ],
        [
            [
                0.999989077609033,
                1.0922002670655675e-05,
                3.83791565187127e-10,
                4.196358452851727e-12,
                3.084747227877101e-13
            ],
            [
                0.00027914378594636645,
                0.999720855554249,
                6.323623010354197e-10,
                2.6852863113322304e-11,
                5.892243725239949e-13
            ],
            [
                0.0,
                3.3245412959747253e-12,
                0.9999999999132574,
                3.147962265059862e-11,
                5.1938457442328504e-11
            ],
            [
                0.0,
                3.4344156416419325e-11,
                2.123800980307121e-09,
                3.873807510439098e-05,
                0.9999612597667504
            ],
            [
                0.0,
                2.1642498493810285e-11,
                2.8148618747187298e-09,
                1.486990105811027e-06,
                0.9999985101733899
            ]
        ],
        [
            [
                0.9998407661294108,
                0.00015923209942449285,
                1.7491916652144318e-09,
                2.1442521311734133e-11,
                5.305521086708885e-13
            ],
            [
                0.00043957300123308326,
                0.9995604259650156,
                1.0205727680219248e-09,
                1.2491409983135564e-11,
                6.871002784609417e-13
            ],
            [
                0.0,
                2.0651722165051155e-12,
                0.9999999999475306,
                1.0806538470751148e-11,
                3.9597646376209616e-11
            ],
            [
                0.0,
                8.95272191924589e-11,
                2.4150208040512125e-08,
                1.4507050227753965e-05,
                0.999985468710037
            ],
            [
                0.0,
                1.4338227302642567e-11,
                6.585129493329847e-10,
                2.247262444680907e-05,
                0.999977526702702
            ]
        ],
        [
            [
                0.9999977458382244,
                2.253987892953814e-06,
                1.7233995396940128e-10,
                1.45932380858096e-12,
                8.341006664120982e-14
            ],
            [
                0.0002671986755525082,
                0.999732800957502,
                3.569349544291346e-10,
                9.249142075119835e-12,
                7.614389839737148e-13
            ],
            [
                0.0,
                1.3373793268353673e-12,
                0.9999999999287212,
                3.3418291214942315e-11,
                3.6523061239817544e-11
            ],
            [
                0.0,
                2.1164552894870203e-11,
                1.6443641356357998e-09,
                8.098260871987559e-07,
                0.9999991885083841
            ],
            [
                0.0,
                8.09187102120167e-12,
                5.990844191343968e-10,
                2.3811088791164373e-09,
                0.9999999970117148
            ]
        ],
        [
            [
                0.9999676504211439,
                3.234857251433019e-05,
                9.894711346236664e-10,
                1.6408251978903567e-11,
                4.624116396199669e-13
            ],
            [
                0.9895987445513063,
                0.010401255004329727,
                4.2744378857864423e-10,
                1.5988858844587205e-11,
                9.314747611140003e-13
            ],
            [
                0.0,
                7.237378875724653e-12,
                0.9999999998463445,
                4.688562753084959e-11,
                9.953271374774837e-11
            ],
            [
                0.0,
                3.503162452514174e-11,
                2.188281645123215e-09,
                0.00015752324755301887,
                0.9998424745291337
            ],
            [
                0.0,
                8.100024106409631e-12,
                4.599055261743161e-10,
                2.495224833196958e-08,
                0.9999999745797461
            ]
        ],
        [
            [
                0.9999983820361185,
                1.6173176680957618e-06,
                6.395431298288886e-10,
                6.362610435122987e-12,
                3.07775946770998e-13
            ],
            [
                0.0004828310357396871,
                0.9995171682038968,
                7.469461408016733e-10,
                1.2667349149558423e-11,
                7.500057782974673e-13
            ],
            [
                0.0,
                3.1143494201866825e-12,
                0.9999999998586053,
                7.260666224092944e-11,
                6.567377141539566e-11
            ],
            [
                0.0,
                7.080318190218393e-12,
                4.6183589687104625e-10,
                7.419081400777993e-07,
                0.9999992576229436
            ],
            [
                0.0,
                8.783894457379726e-12,
                1.384896814501303e-09,
                9.179179201367126e-08,
                0.9999999068145272
            ]
        ],
        [
            [
                0.9999244365803593,
                7.556317906311699e-05,
                2.3753060808311164e-10,
                2.7764446362917663e-12,
                2.70553945993281e-13
            ],
            [
                0.9459617827336119,
                0.05403821456349357,
                2.685371233531273e-09,
                1.5747071777319118e-11,
                1.776368832922555e-12
            ],
            [
                0.0,
                5.399568091896933e-12,
                0.9999999998983218,
                2.6068967399350048e-11,
                7.020976108262319e-11
            ],
            [
                0.0,
                2.103977944179831e-11,
                1.5642939533081087e-09,
                2.5072627924821565e-05,
                0.9999749257867415
            ],
            [
                0.0,
                1.829655984875765e-11,
                1.1758353891111641e-09,
                2.7343975684368892e-05,
                0.9999726548301836
            ]
        ],
        [
            [
                0.999999908023574,
                9.18247128691367e-08,
                1.4768062179607187e-10,
                3.741684281254524e-12,
                2.907135767603594e-13
            ],
            [
                1.5793274378092586e-05,
                0.9999842064836842,
                2.329145639651988e-10,
                7.797595368519993e-12,
                1.225482160241072e-12
            ],
            [
                0.0,
                4.05423014456508e-12,
                0.9999999999221856,
                3.218756254565471e-11,
                4.1572445883427176e-11
            ],
            [
                0.0,
                1.032978179889346e-11,
                3.8918904491560795e-10,
                8.464550594682934e-08,
                0.9999999149549752
            ],
            [
                0.0,
                5.863155114240235e-12,
                2.645300665942153e-10,
                6.30432505547114e-08,
                0.9999999366863562
            ]
        ],
        [
            [
                0.9657154632887788,
                0.034284533487128566,
                3.16672442320374e-09,
                5.541753198793998e-11,
                1.9506877170109187e-12
            ],
            [
                0.9886590746129506,
                0.011340921742953402,
                3.595356812053083e-09,
                4.803146401482449e-11,
                7.077992298856825e-13
            ],
            [
                0.0,
                4.942736277836941e-12,
                0.9999999998425773,
                4.7014938454792614e-11,
                1.0546510338116284e-10
            ],
            [
                0.0,
                1.9859705830773676e-11,
                2.3455841513925687e-09,
                2.627477340389675e-06,
                0.9999973701572157
            ],
            [
                0.0,
                3.67275330285104e-11,
                2.2663913740582752e-09,
                3.481637005761138e-07,
                0.9999996495331804
            ]
        ],
        [
            [
                0.9999989279856305,
                1.0702077440589282e-06,
                1.7878637990580279e-09,
                1.7036486063071204e-11,
                1.7252658648955777e-12
            ],
            [
                0.015475095131976568,
                0.9845249044084651,
                4.4910876079588405e-10,
                9.451428028249673e-12,
                9.982026024379626e-13
            ],
            [
                0.0,
                9.961541861649078e-13,
                0.9999999999513196,
                1.4810338255477488e-11,
                3.287390599394023e-11
            ],
            [
                0.0,
                1.8398079704510505e-11,
                3.0684398928752214e-09,
                7.372818790407323e-07,
                0.9999992596312829
            ],
            [
                0.0,
                2.2130353011712712e-11,
                7.97519818594418e-10,
                1.948167051985784e-06,
                0.9999980510132979
            ]
        ],
        [
            [
                0.0003771373201255815,
                6.430742607381716e-05,
                0.9988034955630417,
                0.0007218314660587472,
                3.322822470005139e-05
            ],
            [
                0.09442835967375403,
                0.9055716372913624,
                2.984427139293594e-09,
                4.805703099402392e-11,
                2.3994143308156353e-12
            ],
            [
                0.0,
                2.5898320169388515e-12,
                0.9999999999406759,
                2.011854131619543e-11,
                3.661568991915722e-11
            ],
            [
                0.0,
                2.3622522649779432e-11,
                2.1495285739585354e-09,
                6.0493682198609925e-05,
                0.9999395041446504
            ],
            [
                0.0,
                1.9762415837124747e-10,
                1.2411317962885807e-07,
                0.00013135940670940072,
                0.9998685162824867
            ]
        ],
        [
            [
                0.9786895902090377,
                0.02131040900627837,
                7.464234729110748e-10,
                3.6121177389339337e-11,
                2.1392222494987305e-12
            ],
            [
                0.027898997039600724,
                0.9721009988339847,
                4.053756786921987e-09,
                6.939854062345107e-11,
                3.2593247568817055e-12
            ],
            [
                0.0,
                2.7936822606057733e-12,
                0.9999999998902958,
                2.4572438782631994e-11,
                8.233817750303427e-11
            ],
            [
                0.0,
                7.173723079759531e-11,
                1.0788231461875966e-07,
                3.231635175790914e-05,
                0.9999675756941903
            ],
            [
                0.0,
                2.921463070543724e-11,
                1.7507303154003751e-09,
                1.0807390366738797e-06,
                0.9999989174810184
            ]
        ],
        [
            [
                0.9999603420193139,
                3.965664786775979e-05,
                1.3106963816464822e-09,
                2.1721074512400165e-11,
                4.0077288192183243e-13
            ],
            [
                0.00012731219592572432,
                0.9998726877047284,
                9.235555248835788e-11,
                6.3131922374389875e-12,
                6.770931898471293e-13
            ],
            [
                0.0,
                2.2866829576059695e-12,
                0.9999999999342142,
                1.5986541393225072e-11,
                4.7512734503279866e-11
            ],
            [
                0.0,
                1.3288010231925747e-11,
                1.4820045171650996e-09,
                3.4936324107116965e-06,
                0.9999965048722967
            ],
            [
                0.0,
                3.564952373885054e-11,
                2.4206549423223083e-09,
                3.5935009038159536e-06,
                0.9999964040427917
            ]
        ],
        [
            [
                0.9700808274689807,
                0.02991917046462407,
                2.0412672552656724e-09,
                2.3124609617580953e-11,
                2.0033829391072317e-12
            ],
            [
                0.6993554715680481,
                0.3006445180727513,
                1.0164703262876372e-08,
                1.9177785791682247e-10,
                2.7193023008268765e-12
            ],
            [
                0.0,
                1.3208079528023673e-12,
                0.9999999999572726,
                1.5635675651585473e-11,
                2.5770857679278925e-11
            ],
            [
                0.0,
                1.7031093666688263e-11,
                3.1153464954105585e-09,
                3.0431507443010145e-07,
                0.999999692552548
            ],
            [
                0.0,
                9.532226810967723e-12,
                8.245955044884433e-10,
                1.0722463264177518e-07,
                0.9999998919412396
            ]
        ],
        [
            [
                0.9999164274724704,
                8.357144513420942e-05,
                1.0374494829601642e-09,
                4.393279357467113e-11,
                1.0130289310687503e-12
            ],
            [
                0.03249330052299876,
                0.9675066912039086,
                8.231376432565793e-09,
                4.0180655766922257e-11,
                1.5354434909175599e-12
            ],
            [
                0.0,
                9.278963842128558e-13,
                0.9999999999407823,
                1.1218455039824592e-11,
                4.707137717766893e-11
            ],
            [
                0.0,
                5.453381278521277e-11,
                1.0505785353771543e-08,
                0.00013130555624829964,
                0.9998686838834325
            ],
            [
                0.0,
                2.340371118259779e-11,
                2.0600767527145197e-09,
                5.766773039984655e-07,
                0.9999994212392156
            ]
        ],
        [
            [
                0.00027575199579529065,
                6.307810509786244e-05,
                0.041894280235240694,
                0.9404460972360928,
                0.01732079242777327
            ],
            [
                7.739000704181822e-05,
                0.9999226096630814,
                3.258196869987595e-10,
                3.737411651556124e-12,
                3.1982701696520193e-13
            ],
            [
                0.0,
                1.9238436798472446e-12,
                0.9999999999378659,
                8.478784789197213e-12,
                5.1731528244500684e-11
            ],
            [
                0.0,
                4.266052734983714e-12,
                1.4566723607569585e-10,
                6.948394936714466e-08,
                0.9999999303661173
            ],
            [
                0.0,
                3.529472886391186e-11,
                6.3062935631105385e-09,
                7.5095352049051e-07,
                0.9999992427048913
            ]
        ],
        [
            [
                0.9999972514006756,
                2.7481604760434557e-06,
                4.047496812627703e-10,
                3.336867414231543e-11,
                7.297659285156436e-13
            ],
            [
                0.003011979907193931,
                0.9969880197599993,
                3.198677835674334e-10,
                1.2314272941558307e-11,
                6.246211161865394e-13
            ],
            [
                0.0,
                1.2641710082314478e-12,
                0.999999999931287,
                1.003563665047492e-11,
                5.741337707076909e-11
            ],
            [
                0.0,
                2.3515439995332886e-11,
                2.014690082358479e-09,
                2.123031700072665e-05,
                0.9999787676447939
            ],
            [
                0.0,
                5.222886078930661e-10,
                6.314903363696992e-08,
                0.0038194863986686185,
                0.9961804499300091
            ]
        ],
        [
            [
                0.9972108953298575,
                0.002769183910246974,
                1.779415075189461e-05,
                2.058752138708529e-06,
                6.785700494418586e-08
            ],
            [
                0.0020680689680878045,
                0.9979319305409835,
                4.791253851506067e-10,
                1.0565229044313294e-11,
                1.2378271138327141e-12
            ],
            [
                0.0,
                1.9583673226709328e-12,
                0.9999999999437645,
                1.747452476399892e-11,
                3.680256516688476e-11
            ],
            [
                0.0,
                2.8350162946919754e-11,
                2.0477249825872045e-09,
                1.7721026067845656e-07,
                0.9999998207136642
            ],
            [
                0.0,
                1.04327640170907e-11,
                6.308600439718861e-10,
                9.586292967667228e-07,
                0.9999990407294104
            ]
        ],
        [
            [
                0.9999932231216064,
                6.7761691511632885e-06,
                6.961586900393389e-10,
                1.269666687985988e-11,
                3.8699073089812267e-13
            ],
            [
                0.0003287838101147763,
                0.9996712158002045,
                3.6646450392403836e-10,
                2.1791992374607474e-11,
                1.4243091621504745e-12
            ],
            [
                0.0,
                3.3979126396693e-12,
                0.9999999998987434,
                2.338559434260363e-11,
                7.447308406009749e-11
            ],
            [
                0.0,
                4.0926440183214994e-11,
                4.4049971013151455e-09,
                6.619297059391663e-05,
                0.9999338025834824
            ],
            [
                0.0,
                1.2652958179977285e-11,
                9.858975339573777e-10,
                5.632272764089196e-07,
                0.999999435774173
            ]
        ],
        [
            [
                0.9974650176599318,
                0.0025349810935591495,
                1.2232118997655772e-09,
                2.233133798848411e-11,
                9.658262308790117e-13
            ],
            [
                0.0004914078652150176,
                0.9995085919422543,
                1.89155335538337e-10,
                3.121348745608902e-12,
                2.540756248579186e-13
            ],
            [
                0.0,
                1.3318732071105391e-12,
                0.9999999999610343,
                8.442330835593146e-12,
                2.919145962537737e-11
            ],
            [
                0.0,
                9.836224692500792e-11,
                1.254089387837923e-08,
                0.0001438074447458997,
                0.999856179915998
            ],
            [
                0.0,
                1.8307801118091286e-11,
                2.4161114609235283e-09,
                4.830576029618118e-07,
                0.9999995145079779
            ]
        ],
        [
            [
                0.9369060477479355,
                0.06309394833360094,
                3.797468152217735e-09,
                1.112266890485633e-10,
                9.768761439126707e-12
            ],
            [
                0.17597684015482815,
                0.8240231556480545,
                4.158279897528341e-09,
                3.4843903079488765e-11,
                3.993545544343978e-12
            ],
            [
                0.0,
                3.888391605203139e-12,
                0.999999999795752,
                7.15171392918325e-11,
                1.2884225008022156e-10
            ],
            [
                0.0,
                4.2023036182542265e-11,
                2.0370977651799244e-09,
                4.6703293306520425e-05,
                0.9999532946275727
            ],
            [
                0.0,
                7.747417833381405e-11,
                1.2547496842717952e-08,
                0.0006490089600851408,
                0.9993509784149438
            ]
        ],
        [
            [
                0.9998201062052081,
                0.0001798925387860629,
                1.2249839132597106e-09,
                3.0351823721225597e-11,
                6.704197329612986e-13
            ],
            [
                0.2535872517726794,
                0.7464127433921789,
                4.735915214242128e-09,
                9.46245367167392e-11,
                4.6020691548708105e-12
            ],
            [
                0.0,
                5.6870691943212806e-12,
                0.9999999997485078,
                1.277006814916852e-10,
                1.1810449952191925e-10
            ],
            [
                0.0,
                1.1229100237580624e-10,
                1.471931424345156e-08,
                8.101949481120762e-06,
                0.9999918832189135
            ],
            [
                0.0,
                3.7482863380957787e-11,
                4.29805062893851e-09,
                8.01953426368882e-08,
                0.9999999154691239
            ]
        ],
        [
            [
                0.9999999471944031,
                5.21842992263369e-08,
                6.08627707220522e-10,
                1.2197461984121201e-11,
                4.724303195581848e-13
            ],
            [
                0.008100690493335986,
                0.9918993088166751,
                6.775670160895564e-10,
                1.1565783097516325e-11,
                8.559798114138905e-13
            ],
            [
                0.0,
                4.646141365470939e-12,
                0.9999999998728075,
                6.195635141274365e-11,
                6.058997239946992e-11
            ],
            [
                0.0,
                6.919605765439207e-11,
                9.442722046994109e-09,
                0.00037053639989194375,
                0.9996294540881899
            ],
            [
                0.0,
                7.65379556785264e-12,
                2.474897968446545e-10,
                3.4220203697432986e-06,
                0.9999965777244866
            ]
        ],
        [
            [
                0.9994217213155092,
                0.0005780164133521211,
                2.3299669062520123e-07,
                2.866672169399351e-08,
                6.07726418486e-10
            ],
            [
                0.7697668057515155,
                0.23023319084380936,
                3.2815115204438257e-09,
                1.2036891295209873e-10,
                2.794785509130163e-12
            ],
            [
                0.0,
                2.5525366487605293e-12,
                0.9999999999500324,
                1.338686680423026e-11,
                3.402811054160971e-11
            ],
            [
                0.0,
                1.3195923693087589e-11,
                5.739610578105918e-10,
                3.735365160681985e-07,
                0.9999996258763271
            ],
            [
                0.0,
                6.880185731079122e-12,
                4.945211659106321e-10,
                1.963411109280296e-06,
                0.9999980360874895
            ]
        ],
        [
            [
                0.9972258892140967,
                0.0027741098604821606,
                9.178172354864642e-10,
                6.3754266174321025e-12,
                1.2285036451854362e-12
            ],
            [
                8.680157310670273e-05,
                0.9999131981159385,
                3.0609678642014023e-10,
                4.420097631604146e-12,
                4.3810494221631233e-13
            ],
            [
                0.0,
                3.958288116487333e-13,
                0.9999999999844076,
                3.914428790874393e-12,
                1.1281992301794441e-11
            ],
            [
                0.0,
                7.318365532486588e-11,
                8.202694843944778e-09,
                0.000532036022867757,
                0.9994679557012538
            ],
            [
                0.0,
                2.914272687699583e-11,
                5.715198272139565e-09,
                8.914073995884866e-08,
                0.999999905114919
            ]
        ],
        [
            [
                0.9964480466219119,
                0.0035519524927727884,
                8.705079779740638e-10,
                1.3913131463640834e-11,
                8.942404827051796e-13
            ],
            [
                0.08817393642693894,
                0.9118260572553782,
                6.253352486590042e-09,
                5.791027158864829e-11,
                6.42003937619912e-12
            ],
            [
                0.0,
                2.230489157097434e-12,
                0.9999999998636426,
                5.804473829831595e-11,
                7.60822761594081e-11
            ],
            [
                0.0,
                5.783631476050955e-11,
                3.1918354916898324e-09,
                6.407370398313648e-05,
                0.999935923046345
            ],
            [
                0.0,
                5.5951764649242865e-11,
                1.0557147626889048e-08,
                0.0005786299901251915,
                0.9994213593967755
            ]
        ],
        [
            [
                0.9999895446347524,
                1.0454339249489039e-05,
                1.0206409262109554e-09,
                4.7121030234084025e-12,
                6.45079609823013e-13
            ],
            [
                0.1278498627545371,
                0.8721501320877644,
                5.060922530064771e-09,
                9.13968180877985e-11,
                5.379122163523668e-12
            ],
            [
                0.0,
                1.289116841176968e-12,
                0.9999999999643054,
                9.405731830375364e-12,
                2.499965812634257e-11
            ],
            [
                0.0,
                3.713418072274474e-11,
                3.199680273590966e-09,
                0.0013447470806478305,
                0.9986552496825377
            ],
            [
                0.0,
                2.1229806842135497e-11,
                1.8896755937253775e-09,
                2.7493033970811504e-06,
                0.9999972487856975
            ]
        ],
        [
            [
                0.9999998208788612,
                1.781242001146541e-07,
                9.854162832622492e-10,
                1.0994066398231955e-11,
                5.283718211857968e-13
            ],
            [
                1.5123859519416286e-06,
                0.9999984868686849,
                7.109623863419339e-10,
                3.290615183075299e-11,
                1.4945805290416398e-12
            ],
            [
                0.0,
                6.029811787209617e-13,
                0.9999999999716023,
                6.452534240612709e-12,
                2.134210566076695e-11
            ],
            [
                0.0,
                1.2470103724171786e-11,
                5.696019893204775e-10,
                2.425518272481689e-06,
                0.9999975738996554
            ],
            [
                0.0,
                6.840685133858038e-11,
                7.772246116578773e-09,
                5.038409431993133e-07,
                0.9999994883184039
            ]
        ],
        [
            [
                0.9999972789672397,
                2.7208256537877263e-06,
                2.0390870447036279e-10,
                3.041091772206774e-12,
                1.567692934303196e-13
            ],
            [
                1.4388281701132778e-05,
                0.9999856112002883,
                5.075159195235491e-10,
                9.813900283137753e-12,
                6.806436515439967e-13
            ],
            [
                0.0,
                1.9625029131417543e-12,
                0.999999999963648,
                6.923364199010993e-12,
                2.7466181179340346e-11
            ],
            [
                0.0,
                1.5581610941001565e-11,
                2.3177089961501694e-09,
                1.0963886402597624e-06,
                0.9999989012780692
            ],
            [
                0.0,
                2.157906342324699e-11,
                2.3961297477177297e-09,
                1.5429182311014814e-06,
                0.9999984546640601
            ]
        ],
        [
            [
                0.9999954617021077,
                4.536995483437464e-06,
                1.2864218619871188e-09,
                1.525679206103178e-11,
                7.30366090708244e-13
            ],
            [
                0.0003372404911607875,
                0.9996627585333262,
                9.447886985551065e-10,
                2.8643066935549486e-11,
                2.081238563902994e-12
            ],
            [
                0.0,
                0.0,
                0.9999999999844131,
                3.3291480941214983e-12,
                1.2257750674214818e-11
            ],
            [
                0.0,
                5.889238280015432e-11,
                3.2875020081798674e-08,
                0.004456132038381751,
                0.9955438350277058
            ],
            [
                0.0,
                6.288378499737384e-11,
                4.862207630525269e-09,
                0.0002442286371260747,
                0.9997557664377825
            ]
        ],
        [
            [
                8.645299772591598e-06,
                1.6287541639172595e-05,
                0.15793440276695958,
                0.7963058044098404,
                0.045734859981788216
            ],
            [
                0.9628190934532641,
                0.03718090080445638,
                5.62290126423542e-09,
                1.1820455220761265e-10,
                1.173740728919495e-12
            ],
