{
    "[['A', 'B', 'C', 'D', 'E'], ['A', 'B', 'C', 'D', 'E']]": [
        [
            [
                0.9998616595145587,
                0.0001383361255389812,
                4.2770419008864425e-09,
                6.541624040185277e-11,
                1.744418856251394e-11
            ],
            [
                2.566576151014931e-07,
                0.9999995694054368,
                1.7298816016639373e-07,
                8.500977430610734e-10,
                9.869016004163293e-11
            ],
            [
                0.0,
                4.533486959760861e-12,
                0.9999999998747935,
                4.2000438191093467e-11,
                7.86726070084478e-11
            ],
            [
                0.0,
                4.050462180087326e-10,
                4.808559271432621e-09,
                1.3606793616762865e-06,
                0.9999986341070328
            ],
            [
                0.0,
                1.4316672187227733e-10,
                1.005634079939104e-09,
                1.3464278795427583e-07,
                0.9999998642084111
            ]
        ],
        [
            [
                0.9995877618298743,
                0.0004122349385537938,
                3.1512336341870343e-09,
                6.723887764304625e-11,
                1.3099427892221499e-11
            ],
            [
                7.060441276866005e-08,
                0.9999970011696673,
                2.9199969849806664e-06,
                7.835700212002187e-09,
                3.9323476256684184e-10
            ],
            [
                0.0,
                6.756202970686352e-12,
                0.9999999994446609,
                2.1881635153629068e-10,
                3.297666344140176e-10
            ],
            [
                0.0,
                3.0134659893819e-10,
                4.699696471054848e-09,
                6.034282646555454e-07,
                0.9999993915706924
            ],
            [
                0.0,
                8.976237029081728e-10,
                3.6009502909654586e-09,
                1.7402708470394056e-06,
                0.999998255230579
            ]
        ],
        [
            [
                1.7510696222061424e-05,
                0.9999824135439437,
                7.349179340563285e-08,
                2.1186627673381046e-09,
                1.4937812507477964e-10
            ],
            [
                2.5376837014689954e-07,
                0.99999959989927,
                1.4528259216541333e-07,
                7.743580266293836e-10,
                2.7540947873131374e-10
            ],
            [
                0.0,
                5.171482936243873e-12,
                0.9999999996267344,
                1.2863353426794402e-10,
                2.394607106280653e-10
            ],
            [
                0.0,
                3.268292445620402e-10,
                1.611188824467131e-08,
                1.3122129082456117e-06,
                0.9999986713483744
            ],
            [
                0.0,
                2.239652774497241e-10,
                2.8176606920452743e-09,
                8.561911186318416e-06,
                0.9999914350471877
            ]
        ],
        [
            [
                0.9997374777139217,
                0.000262509572704466,
                1.2212473457380054e-08,
                4.5295850010349016e-10,
                4.794176955935801e-11
            ],
            [
                9.253148655724085e-08,
                0.9999998835649352,
                2.3330296822046302e-08,
                5.119014345567612e-10,
                6.138000448388462e-11
            ],
            [
                0.0,
                7.615236043460421e-12,
                0.9999999995558913,
                1.7009513139216134e-10,
                2.663984121571489e-10
            ],
            [
                0.0,
                7.15129445252026e-10,
                6.139868196730627e-09,
                5.069163617883104e-07,
                0.9999994862286407
            ],
            [
                0.0,
                2.911857169040933e-10,
                6.478021102001129e-09,
                2.2132193216732841e-07,
                0.999999771908861
            ]
        ],
        [
            [
                0.9980148375219112,
                0.001985156924610477,
                3.893681813733579e-09,
                4.6187380263493013e-10,
                1.1979226612636844e-09
            ],
            [
                1.1578078965286138e-07,
                0.9999989030155616,
                9.772727558090167e-07,
                3.6149334473098303e-09,
                3.159597482661347e-10
            ],
            [
                0.0,
                6.446629471368226e-12,
                0.999999999799186,
                8.934349873493547e-11,
                1.0502408234965335e-10
            ],
            [
                0.0,
                3.624046543976475e-09,
                9.102380329957063e-08,
                0.00015207384856783548,
                0.9998478315035824
            ],
            [
                0.0,
                4.4965391159606395e-10,
                5.3057140884298e-09,
                1.0326366013504528e-05,
                0.9999896678786184
            ]
        ],
        [
            [
                0.9999220264116994,
                7.796872469510924e-05,
                4.73386520927317e-09,
                1.1606894041375423e-10,
                1.3671249016654752e-11
            ],
            [
                1.289790315816968e-07,
                0.9999994019635478,
                4.666504511595408e-07,
                2.1578961768929356e-09,
                2.4907336542630324e-10
            ],
            [
                0.0,
                7.565693656968657e-12,
                0.9999999994998199,
                1.5574607021349904e-10,
                3.3686835885297954e-10
            ],
            [
                0.0,
                6.955574060976785e-10,
                5.544933367980166e-08,
                4.790900432292137e-05,
                0.9999520348507859
            ],
            [
                0.0,
                8.066418042790887e-11,
                1.8792090155165148e-09,
                6.9412882304159235e-06,
                0.9999930567518963
            ]
        ],
        [
            [
                8.895856804132087e-10,
                2.294017915762369e-08,
                2.4145533994299393e-06,
                0.000362714834680594,
                0.9996348467821552
            ],
            [
                1.9196432263591512e-08,
                0.9999991068107155,
                8.685091513469816e-07,
                5.159254144154714e-09,
                3.244466824600556e-10
            ],
            [
                0.0,
                2.2366280654258703e-12,
                0.9999999998952422,
                4.726940168621245e-11,
                5.525172514808496e-11
            ],
            [
                0.0,
                1.5206664353484408e-09,
                8.36218246423445e-09,
                2.3254130439125215e-06,
                0.9999976647041072
            ],
            [
                0.0,
                6.100991954834157e-10,
                8.568719020311311e-09,
                6.929759669189241e-08,
                0.9999999215235851
            ]
        ],
        [
            [
                0.0002838613667810155,
                0.9997161313712513,
                6.6417698730330024e-09,
                4.002051682563167e-10,
                2.1999270493601875e-10
            ],
            [
                8.444780046149022e-08,
                0.9999989508151326,
                9.606619597515185e-07,
                3.89400114731876e-09,
                1.8110608566915452e-10
            ],
            [
                0.0,
                1.9729488712668402e-11,
                0.9999999973254754,
                1.1661443998000676e-09,
                1.4886508651725307e-09
            ],
            [
                0.0,
                9.214673719355125e-10,
                8.431051322845515e-08,
                0.00012798160227328045,
                0.9998719331657462
            ],
            [
                0.0,
                1.6843523360074925e-08,
                4.351012992669331e-07,
                0.00018366958059958888,
                0.9998158784745779
            ]
        ],
        [
            [
                0.8435638189496376,
                0.15643607304085136,
                1.061431216933702e-07,
                1.6723086900342283e-09,
                1.9408066592782704e-10
            ],
            [
                1.7096480019291738e-07,
                0.999999703333236,
                1.2449761905759223e-07,
                9.604231592356314e-10,
                2.4392156306303295e-10
            ],
            [
                0.0,
                1.916004400034296e-11,
                0.9999999991008766,
                2.8324070114620614e-10,
                5.9672263336421e-10
            ],
            [
                0.0,
                1.3872046433366383e-09,
                8.561236175632168e-09,
                3.1392130744464234e-06,
                0.9999968508384847
            ],
            [
                0.0,
                6.922113537168094e-11,
                1.1470056884086608e-09,
                1.022148923602204e-05,
                0.9999897772945372
            ]
        ],
        [
            [
                0.8485139899428189,
                0.15148593483815354,
                7.2655672771946e-08,
                2.3626374513738213e-09,
                2.007171355577145e-10
            ],
            [
                2.652782431409675e-07,
                0.9999995077478636,
                2.256492326771833e-07,
                1.1949468569882434e-09,
                1.297138993108002e-10
            ],
            [
                0.0,
                1.2333547580327537e-11,
                0.9999999993917819,
                2.3809714290698136e-10,
                3.577876480880806e-10
            ],
            [
                0.0,
                4.050356383306935e-09,
                1.857409656228859e-07,
                0.017120688892008667,
                0.9828791213166693
            ],
            [
                0.0,
                1.2635437195778626e-09,
                2.3444715507000952e-08,
                3.207978893831085e-05,
                0.9999678955028024
            ]
        ],
        [
            [
                0.9584207976241758,
                0.04157916791046972,
                1.5964565501617724e-08,
                8.025298457246847e-09,
                1.0475490569529458e-08
            ],
            [
                4.316636241197429e-08,
                0.9999835256572995,
                1.642563408464606e-05,
                4.722466073526114e-09,
                8.197873710118155e-10
            ],
            [
                0.0,
                6.038757723512944e-12,
                0.999999999631731,
                1.5651945424143657e-10,
                2.0571072712389937e-10
            ],
            [
                0.0,
                5.381426709683424e-10,
                7.150452809307054e-09,
                1.053283184134545e-06,
                0.9999989390282203
            ],
            [
                0.0,
                1.9621305831182714e-10,
                8.966568386321397e-10,
                2.601467993356392e-07,
                0.9999997387603308
            ]
        ],
        [
            [
                0.9975440356777213,
                0.0024559455402807157,
                1.8396565116000976e-08,
                3.49013230060827e-10,
                3.6419483012317224e-11
            ],
            [
                1.8463750396412282e-07,
                0.9999995194611135,
                2.9409670678103323e-07,
                1.5443600207822018e-09,
                2.603156630022839e-10
            ],
            [
                0.0,
                0.0,
                0.999999999691688,
                8.935457600999436e-11,
                2.1895746443737922e-10
            ],
            [
                0.0,
                3.58419439610109e-10,
                7.104679154257636e-09,
                6.157090169283347e-07,
                0.9999993768278845
            ],
            [
                0.0,
                8.484423481897743e-10,
                1.3717895339607263e-08,
                1.8661863345898397e-05,
                0.9999813235703164
            ]
        ],
        [
            [
                0.9999870549156201,
                1.293893007895827e-05,
                2.04791244468578e-09,
                1.7919880102731455e-09,
                2.314400444085698e-09
            ],
            [
                1.010707797210481e-07,
                0.9999995101204247,
                3.820443836719262e-07,
                6.440420460185222e-09,
                3.239915557600711e-10
            ],
            [
                0.0,
                2.295418241704529e-12,
                0.9999999999583116,
                1.1831886215471266e-11,
                2.75610614320767e-11
            ],
            [
                0.0,
                5.798047917656618e-10,
                4.549588354838285e-09,
                1.0823532389465583e-06,
                0.9999989125173679
            ],
            [
                0.0,
                1.020566896850971e-09,
                1.293377721579791e-08,
                0.0001714295604588276,
                0.999828556485197
            ]
        ],
        [
            [
                0.9974273962437163,
                0.0025725951901525283,
                8.220048811876008e-09,
                2.9718493434285356e-10,
                4.889731234433224e-11
            ],
            [
                2.0589659671603234e-08,
                0.9999941052637679,
                5.870714638114802e-06,
                2.9529898538825105e-09,
                4.789444624085365e-10
            ],
            [
                0.0,
                3.6353115167547714e-12,
                0.9999999998338445,
                5.4639278952151914e-11,
                1.0788112101868309e-10
            ],
            [
                0.0,
                2.402333842388346e-10,
                3.0554223024050546e-09,
                4.5650481997571727e-07,
                0.9999995401995243
            ],
            [
                0.0,
                9.504871633202347e-11,
                1.32316503274746e-09,
                1.5545538855549603e-06,
                0.9999984440279008
            ]
        ],
        [
            [
                0.39258333459105,
                0.6074154887696226,
                1.1708409766982843e-06,
                5.484617710850617e-09,
                3.1373302793717633e-10
            ],
            [
                2.6746609566441912e-06,
                0.9999972546034425,
                6.98341747382487e-08,
                8.274013963744869e-10,
                7.402472085822871e-11
            ],
            [
                0.0,
                4.223066060235372e-11,
                0.9999999991300597,
                4.276982353637965e-10,
                4.000113175259022e-10
            ],
            [
                0.0,
                4.685704192454039e-10,
                5.604463601558319e-09,
                1.1350187702648509e-05,
                0.9999886437392633
            ],
            [
                0.0,
                2.001700556238259e-10,
                3.3036425644138194e-09,
                1.273764361106225e-06,
                0.9999987227318262
            ]
        ],
        [
            [
                0.9996421263904276,
                0.00035786534869883333,
                7.690683646932475e-09,
                4.035486923363759e-10,
                1.6664110503334038e-10
            ],
            [
                4.75478695933646e-07,
                0.9999993929585891,
                1.3011043445631396e-07,
                1.265661521656538e-09,
                1.8661886117310567e-10
            ],
            [
                0.0,
                4.943613114433564e-12,
                0.9999999997114,
                8.081325169204969e-11,
                2.0284311724416234e-10
            ],
            [
                0.0,
                1.3773896259636172e-08,
                1.740556182997715e-06,
                0.3057599619116385,
                0.6942382837582823
            ],
            [
                0.0,
                3.4692985513572745e-10,
                1.1367004218619562e-08,
                2.0193077972313324e-06,
                0.9999979689782688
            ]
        ],
        [
            [
                0.00032321266302748445,
                0.999676745767062,
                4.079977021416623e-08,
                5.814848193375914e-10,
                1.8865557831050377e-10
            ],
            [
                1.496240700924512e-08,
                0.9998409846485395,
                0.0001589973489102524,
                2.304959670006634e-09,
                7.351835313581806e-10
            ],
            [
                0.0,
                9.904917078643354e-12,
                0.9999999996493334,
                1.3484047386560915e-10,
                2.0592114073793967e-10
            ],
            [
                0.0,
                8.523935827838874e-10,
                1.3236578992156976e-08,
                4.185092583495426e-06,
                0.999995800818444
            ],
            [
                0.0,
                1.2837207731802492e-09,
                3.592246638861731e-08,
                0.0004961207444765305,
                0.9995038420493362
            ]
        ],
        [
            [
                0.9894709180351534,
                0.01052899618024594,
                8.441075669502271e-08,
                1.0737821839770192e-09,
                3.000618452136685e-10
            ],
            [
                7.43433432653926e-08,
                0.9999991079530987,
                8.151640802773972e-07,
                2.242218559286478e-09,
                2.97259219651524e-10
            ],
            [
                0.0,
                6.577540467188155e-12,
                0.9999999998431444,
                6.308645395100517e-11,
                8.719166548070979e-11
            ],
            [
                0.0,
                3.3591362866063103e-10,
                1.4024674635838887e-09,
                2.6054306068787954e-07,
                0.9999997377185581
            ],
            [
                0.0,
                9.966346802268794e-10,
                6.936751803850878e-09,
                3.3946842310790552e-06,
                0.9999965973823824
            ]
        ],
        [
            [
                0.0001601140810418652,
                0.9998398158612324,
                6.939759229863361e-08,
                6.139959190626196e-10,
                4.613752183129272e-11
            ],
            [
                1.1797303326590556e-06,
                0.9999988163271638,
                3.817606473852319e-09,
                1.111575504977026e-10,
                1.3739476900794395e-11
            ],
            [
                0.0,
                6.154914207090993e-12,
                0.9999999990659758,
                1.763747251656381e-10,
                7.514947369797177e-10
            ],
            [
                0.0,
                2.368705319236707e-10,
                4.7371623184087525e-09,
                1.3668507944004293e-06,
                0.9999986281751728
            ],
            [
                0.0,
                1.1907235449713163e-10,
                1.343730106740514e-09,
                6.320406932584411e-07,
                0.9999993664965043
            ]
        ],
        [
            [
                0.9961081219626792,
                0.0038918633786538008,
                1.4258124642806904e-08,
                3.485781270512452e-10,
                5.1964221045168625e-11
            ],
            [
                8.444619463766127e-08,
                0.9999998430065974,
                7.171490979277234e-08,
                7.9402742353792e-10,
                3.827080562528328e-11
            ],
            [
                0.0,
                0.0,
                0.9999999733727962,
                9.068894390332144e-09,
                1.7558309531694502e-08
            ],
            [
                0.0,
                3.620053330110952e-09,
                2.0582907890223816e-08,
                2.759662697489769e-05,
                0.9999723791700639
            ],
            [
                6.2096488822996894e-09,
                0.9999992852168919,
                2.0613483656826186e-07,
                3.4252149609244295e-07,
                1.5991712661134507e-07
            ]
        ],
        [
            [
                0.9172362069417903,
                0.08276376293861688,
                2.2569368553337663e-08,
                1.9924492992664793e-09,
                5.5577748173702935e-09
            ],
            [
                2.8660367121783116e-07,
                0.9999995307956079,
                1.803146352913706e-07,
                2.0571985796835134e-09,
                2.2888714611063305e-10
            ],
            [
                0.0,
                5.4404229669695194e-12,
                0.9999999998386155,
                5.687462602144186e-11,
                9.906943785500169e-11
            ],
            [
                0.0,
                3.4344894596174723e-10,
                1.8179281137208433e-09,
                4.681637892043929e-07,
                0.9999995296748337
            ],
            [
                0.0,
                9.765561859377099e-11,
                5.967647329958116e-10,
                1.4237790349523248e-07,
                0.9999998569276761
            ]
        ],
        [
            [
                0.024250267506250516,
                0.9757496688460583,
                6.272181508396087e-08,
                7.417033276818913e-10,
                1.841729569726979e-10
            ],
            [
                1.494686771496743e-07,
                0.999999314535597,
                5.324422830238816e-07,
                3.3557693589194833e-09,
                1.9767352494921404e-10
            ],
            [
                0.0,
                4.2575926284863784e-11,
                0.9999999988856114,
                2.538449647735215e-10,
                8.179677939917157e-10
            ],
            [
                0.0,
                4.1666693369766127e-10,
                1.2097112763296921e-08,
                1.5686555753221506e-06,
                0.999998418830645
            ],
            [
                0.0,
                5.604522293184928e-11,
                6.813213884125535e-10,
                1.0407107655719925e-07,
                0.9999998951915567
            ]
        ],
        [
            [
                0.9999272627114216,
                7.27328066671517e-05,
                3.808115817397121e-09,
                2.1506632755859385e-10,
                4.587289565740418e-10
            ],
            [
                5.150594424192812e-08,
                0.9999943106213536,
                5.623488913497432e-06,
                1.3805773674539255e-08,
                5.780148711017387e-10
            ],
            [
                0.0,
                3.396169696507298e-12,
                0.9999999998255551,
                5.314175412288135e-11,
                1.1790710598989338e-10
            ],
            [
                0.0,
                2.2769580346951734e-10,
                4.975774586337345e-09,
                9.903199808462122e-06,
                0.9999900915967211
            ],
            [
                0.0,
                1.289327174829242e-10,
                2.2537437016195055e-09,
                1.0005755535822555e-05,
                0.9999899918617877
            ]
        ],
        [
            [
                0.09832592544090694,
                0.9016740295025185,
                4.388872282833404e-08,
                6.32666327672357e-10,
                5.351854736175228e-10
            ],
            [
                5.289448070339675e-08,
                0.9999998977851039,
                4.874206461640253e-08,
                4.950581292579488e-10,
                8.329269814279148e-11
            ],
            [
                0.0,
                6.0594448814899135e-12,
                0.999999999826247,
                7.25404959932826e-11,
                9.515319793149947e-11
            ],
            [
                0.0,
                2.84684088365112e-10,
                8.387611969975242e-09,
                9.102874693424792e-06,
                0.9999908884530104
            ],
            [
                0.0,
                4.2296620513765246e-10,
                2.9077459403980523e-09,
                3.973657973336412e-06,
                0.9999960230113144
            ]
        ],
        [
            [
                0.0010767341910249805,
                0.9989232530464289,
                1.0956151411625644e-08,
                6.46118635035216e-10,
                1.160276105488873e-09
            ],
            [
                1.2221532086182326e-07,
                0.9999995228207518,
                3.5191718556400853e-07,
                2.9106203566308065e-09,
                1.3612139961877647e-10
            ],
            [
                0.0,
                1.3033060436472595e-11,
                0.9999999994077411,
                2.815381441249403e-10,
                2.9768757710596083e-10
            ],
            [
                0.0,
                5.462159555680766e-10,
                9.823073040801921e-09,
                1.371121286794388e-06,
                0.9999986185094242
            ],
            [
                0.0,
                4.921593363124563e-10,
                6.361005682834803e-09,
                2.1848502890387844e-06,
                0.999997808296546
            ]
        ],
        [
            [
                0.9627223123487396,
                0.03727764259211786,
                4.369068995633915e-08,
                1.0738128966018336e-09,
                2.9463945885121953e-10
            ],
            [
                1.2478576769577602e-07,
                0.9999998136366877,
                5.994828408512377e-08,
                1.4331051091839722e-09,
                1.9615544746976085e-10
            ],
            [
                0.0,
                1.5038948221136278e-11,
                0.9999999993657234,
                2.812198882331319e-10,
                3.380178659793036e-10
            ],
            [
                0.0,
                1.4701069968561351e-09,
                1.4613601330904415e-08,
                0.0002279441917431875,
                0.9997720397245485
            ],
            [
                0.0,
                2.6131918108113626e-09,
                1.0329427698685366e-07,
                0.0018053007379596382,
                0.9981945933545715
            ]
        ],
        [
            [
                1.2070004302467617e-07,
                1.159217232815586e-06,
                2.1902945600426633e-05,
                0.0011276262334435916,
                0.9988491909036801
            ],
            [
                7.15354688410671e-06,
                0.9999927696546993,
                7.603263706547957e-08,
                6.807199958340846e-10,
                8.50595333192788e-11
            ],
            [
                0.0,
                5.8346737795437726e-12,
                0.9999999995029483,
                1.371327660358544e-10,
                3.5408431472547563e-10
            ],
            [
                0.0,
                2.987905630312296e-10,
                1.3072490787270771e-08,
                5.0310251664776385e-05,
                0.9999496763770539
            ],
            [
                0.0,
                6.453993525330793e-10,
                3.0475882936508405e-09,
                1.5208624185667655e-05,
                0.9999847876828266
            ]
        ],
        [
            [
                0.5369493651696826,
                0.46305062217163,
                1.215066892327513e-08,
                2.511954560149966e-10,
                2.5682299367413567e-10
            ],
            [
                3.709443252947067e-07,
                0.9999993350265824,
                2.922683848416902e-07,
                1.4634484444406362e-09,
                2.9725918084300006e-10
            ],
            [
                0.0,
                2.4210450043023487e-11,
                0.9999999993574273,
                2.0210434036760778e-10,
                4.162578619827531e-10
            ],
            [
                0.0,
                2.223631150168523e-10,
                8.322116831936463e-09,
                4.3434841814944444e-05,
                0.9999565566137051
            ],
            [
                0.0,
                3.777960258086353e-10,
                5.363701675226981e-09,
                7.109502734147835e-06,
                0.9999928847557682
            ]
        ],
        [
            [
                0.011725524540581027,
                0.9882744506614561,
                2.4517561155093275e-08,
                2.3176282963540208e-10,
                4.863890970267472e-11
            ],
            [
                6.949667480042444e-08,
                0.99999923492818,
                6.936295903348393e-07,
                1.8028385642647236e-09,
                1.4271633436413653e-10
            ],
            [
                0.0,
                6.2619481690839806e-12,
                0.9999999997842535,
                8.042774753338446e-11,
                1.2905696600168516e-10
            ],
            [
                0.0,
                1.0958151940310611e-09,
                2.06412495438673e-08,
                2.6808627182002186e-05,
                0.9999731696357532
            ],
            [
                0.0,
                2.6261567047981435e-10,
                2.9915395268695134e-09,
                7.562531328036492e-07,
                0.9999992404927119
            ]
        ],
        [
            [
                0.82284929559854,
                0.17715069320175533,
                1.0849946953910182e-08,
                2.84701467966556e-10,
                6.505651186531961e-11
            ],
            [
                3.415764943688395e-07,
                0.999999549234808,
                1.0807941831228652e-07,
                1.0021607110873236e-09,
                1.071185844031167e-10
            ],
            [
                0.0,
                5.016265704504867e-12,
                0.9999999997988807,
                6.283127472693502e-11,
                1.33271822524489e-10
            ],
            [
                0.0,
                3.4205075411827603e-09,
                2.0913860330234045e-08,
                2.5044129693058154e-06,
                0.9999974712526628
            ],
            [
                0.0,
                1.5559650230174704e-09,
                1.8533778922896055e-08,
                3.586077258657759e-05,
                0.9999641191376696
            ]
        ],
        [
            [
                0.999909754261274,
                9.023301984285402e-05,
                1.2562079951145951e-08,
                1.4455376261526727e-10,
                1.2249476964573633e-11
            ],
            [
                3.5906934326427227e-07,
                0.9999995026943458,
                1.3793253058664942e-07,
                2.6785252019217325e-10,
                3.592768730256699e-11
            ],
            [
                0.0,
                2.6715172204211307e-12,
                0.9999999999360778,
                2.6064542463689986e-11,
                3.5186243976560506e-11
            ],
            [
                0.0,
                5.665032538897394e-10,
                2.7163270558619324e-08,
                1.3019186120176747e-05,
                0.9999869530841061
            ],
            [
                0.0,
                3.429128408043694e-10,
                9.154433666625267e-09,
                7.898524009449077e-06,
                0.9999920919786441
            ]
        ],
        [
            [
                2.324843185479848e-06,
                0.999997672106076,
                2.319995805010499e-09,
                2.973057138124521e-10,
                4.3343701812595244e-10
            ],
            [
                4.1327483769591927e-07,
                0.9999992324824404,
                3.5213001113865496e-07,
                1.9480507280764554e-09,
                1.6466009310682234e-10
            ],
            [
                0.0,
                9.927012701076698e-11,
                0.999999996239042,
                2.1135528695801783e-09,
                1.548135037196872e-09
            ],
            [
                0.0,
                2.2416015290580867e-10,
                2.0383608863810613e-09,
                7.09591090333355e-07,
                0.9999992881463886
            ],
            [
                0.0,
                2.7723303002940295e-10,
                3.814112703231974e-09,
                1.2443299147362112e-06,
                0.9999987515787395
            ]
        ],
        [
            [
                0.2501252323556612,
                0.7498745917171168,
                9.066962214096996e-08,
                6.786888106221535e-09,
                7.847071175560694e-08
            ],
            [
                7.116686536683823e-08,
                0.9999984318445242,
                1.4955119508420006e-06,
                1.4072506415092738e-09,
                6.940887540227614e-11
            ],
            [
                0.0,
                2.1291445099936384e-11,
                0.99999999688519,
                8.609063089063325e-10,
                2.232612216499471e-09
            ],
            [
                0.0,
                2.2423755390641285e-10,
                6.623249399824049e-09,
                1.178238296103629e-06,
                0.9999988149142169
            ],
            [
                0.0,
                3.78310126556565e-10,
                9.658281567691723e-09,
                2.173836972474477e-06,
                0.9999978161264358
            ]
        ],
        [
            [
                0.014030182081902525,
                0.9859697183265022,
                9.785246958370715e-08,
                1.3841176709685157e-09,
                3.5500803954453233e-10
            ],
            [
                5.517030195234371e-08,
                0.9999998781748803,
                6.489946311478011e-08,
                1.6702017173038537e-09,
                8.515270528324727e-11
            ],
            [
                0.0,
                7.201274604067484e-12,
                0.999999999550726,
                1.5176202781154588e-10,
                2.903106217129555e-10
            ],
            [
                0.0,
                2.0286207402957825e-10,
                2.168049103461622e-09,
                2.6295679680607022e-06,
                0.9999973680611208
            ],
            [
                0.0,
                3.600543337102562e-10,
                1.1031451450111268e-08,
                9.147489092159283e-05,
                0.9999085137175726
            ]
        ],
        [
            [
                0.23949001285937133,
                0.7605099386746677,
                4.6887314492963556e-08,
                1.338039811972332e-09,
                2.406066808872918e-10
            ],
            [
                3.5191751071534533e-07,
                0.9999996122980793,
                3.534166861681268e-08,
                4.1553836065822445e-10,
                2.7203152537271512e-11
            ],
            [
                0.0,
                1.3279656242875495e-10,
                0.9999999942421764,
                3.7143779449201523e-09,
                1.910649049810012e-09
            ],
            [
                1.148140745787151e-05,
                0.9947745549503968,
                6.36972098543939e-06,
                9.294274546540671e-06,
                0.005198299646613416
            ],
            [
                0.0,
                3.1476756182137734e-10,
                2.9040450644325213e-08,
                5.591696608595413e-06,
                0.9999943789481732
            ]
        ],
        [
            [
                0.6194591048729458,
                0.38054085989844944,
                3.204946793539038e-08,
                2.0636082488804656e-09,
                1.115528701446491e-09
            ],
            [
                4.4782358337068726e-08,
                0.9999992911487638,
                6.631877351416847e-07,
                7.524844136943905e-10,
                1.2865831777554627e-10
            ],
            [
                0.0,
                5.630555797679129e-12,
                0.9999999998386873,
                6.451011605752794e-11,
                9.117204576819813e-11
            ],
            [
                0.0,
                3.181100532466364e-10,
                1.2377683071123394e-08,
                1.1595046821804903e-06,
                0.9999988277995246
            ],
            [
                0.0,
                6.958188160918679e-10,
                3.155372925170854e-08,
                7.511172126731218e-06,
                0.9999924565783253
            ]
        ],
        [
            [
                0.3151601495439107,
                0.6848397466973613,
                1.0182055336757444e-07,
                1.2401425044614847e-09,
                6.980320418622895e-10
            ],
            [
                8.744578684701933e-08,
                0.999999326941289,
                5.847328150039446e-07,
                7.959743769205497e-10,
                8.413464916666787e-11
            ],
            [
                0.0,
                2.423988311904359e-11,
                0.9999999977312986,
                8.64777083459091e-10,
                1.379684401099683e-09
            ],
            [
                0.0,
                3.5501688626599466e-10,
                1.3618640022147648e-09,
                1.7763750207186443e-07,
                0.9999998206456171
            ],
            [
                0.0,
                1.7119754454994474e-10,
                2.0879653709369314e-09,
                4.207778254780675e-07,
                0.9999995769630116
            ]
        ],
        [
            [
                0.08601736976655,
                0.9139826037361013,
                2.442658913170483e-08,
                5.60954100190462e-10,
                1.509805525162515e-09
            ],
            [
                2.0656639652253696e-07,
                0.99999974668013,
