{
    "[['A', 'B', 'C', 'D', 'E'], ['A', 'B', 'C', 'D', 'E']]": [
        [
            [
                0.0,
                2.0147631225558285e-09,
                1.6811908547145127e-08,
                0.99999725861646,
                2.7225568682448957e-06
            ],
            [
                0.0,
                8.928158068257328e-09,
                0.9999998639433153,
                8.945480970579642e-08,
                3.767371698024207e-08
            ],
            [
                0.0,
                1.0712654995520917e-10,
                0.9999999987098269,
                5.032840797898199e-10,
                6.797624435535449e-10
            ],
            [
                0.0,
                0.0,
                9.812463255060343e-11,
                0.9999944703825538,
                5.529519321479207e-06
            ],
            [
                0.0,
                0.0,
                3.4426107460674745e-07,
                0.9796443900671616,
                0.02035526567176387
            ]
        ],
        [
            [
                3.115452096005736e-06,
                0.9999619673794354,
                5.470033833403233e-07,
                3.385859083040085e-05,
                5.115742548062083e-07
            ],
            [
                0.0,
                1.1340541434185762e-08,
                0.9999978806439116,
                2.03127907804129e-06,
                7.673646885894494e-08
            ],
            [
                0.0,
                1.2819638908132465e-09,
                0.9999999439743998,
                4.5713974587117995e-08,
                9.02966191409672e-09
            ],
            [
                0.0,
                3.2294331408880255e-10,
                4.871018850100656e-08,
                0.999999809735626,
                1.4123124227182553e-07
            ],
            [
                0.0,
                2.309081518190043e-10,
                1.0731895975608418e-05,
                0.9999878283787166,
                1.4394943997491757e-06
            ]
        ],
        [
            [
                0.0,
                8.853467234436688e-11,
                1.4512383235966024e-08,
                0.9999988220010334,
                1.1633980486744386e-06
            ],
            [
                0.0,
                2.1135529248976303e-09,
                0.9999997839931891,
                2.0030823417888756e-07,
                1.3585023769132663e-08
            ],
            [
                0.0,
                9.676600619046663e-11,
                0.9999999980146947,
                1.043574003460008e-09,
                8.449653104411412e-10
            ],
            [
                0.0,
                1.2889853103583272e-10,
                8.106202942429037e-09,
                0.9999993461854924,
                6.455794062580351e-07
            ],
            [
                0.0,
                1.3974068996166423e-10,
                3.2997478545319754e-07,
                0.99999659885564,
                3.0710298338500323e-06
            ]
        ],
        [
            [
                1.3429026729342223e-07,
                0.0001536160135133871,
                0.008273830487775103,
                0.9915697658122945,
                2.653396149691001e-06
            ],
            [
                0.0,
                8.0627915813246e-10,
                0.9999996816524354,
                2.9059551853271317e-07,
                2.694576689132434e-08
            ],
            [
                0.0,
                1.3555282159321708e-12,
                0.9999999999747471,
                8.896204210515105e-12,
                1.500107506730279e-11
            ],
            [
                0.0,
                4.1103024329632333e-10,
                2.5134079734993733e-09,
                0.9999997206689396,
                2.764066221171621e-07
            ],
            [
                0.0,
                3.0662519923629992e-09,
                0.9898739213924538,
                0.010125618132641996,
                4.574086521928303e-07
            ]
        ],
        [
            [
                0.0,
                2.6899680067976143e-10,
                2.0341634831458357e-08,
                0.9999997718148446,
                2.075745238004896e-07
            ],
            [
                0.0,
                2.0024804463288277e-09,
                0.9920029286961567,
                0.007996696144760548,
                3.7315660237060306e-07
            ],
            [
                0.0,
                2.856112656281761e-11,
                0.9999999993227449,
                3.885496779693421e-10,
                2.6014442324666745e-10
            ],
            [
                0.0,
                1.009660476334506e-09,
                1.0048638257057661e-06,
                0.9999988595675553,
                1.3455895849340216e-07
            ],
            [
                0.0,
                0.0,
                5.7748437876100576e-08,
                0.9681806300181116,
                0.03181931223345056
            ]
        ],
        [
            [
                0.0,
                6.677472432402938e-10,
                9.930621430725036e-09,
                0.9999971815355942,
                2.8078660371668407e-06
            ],
            [
                0.0,
                1.8951113670518015e-09,
                0.9997382344673514,
                0.0002617166463762587,
                4.699116103709898e-08
            ],
            [
                0.0,
                5.1793997751587866e-12,
                0.9999999998047842,
                8.000058265679974e-11,
                1.10035746387602e-10
            ],
            [
                0.0,
                1.980376184751976e-11,
                1.7631461302873028e-09,
                0.9999997885631142,
                2.0965393582235653e-07
            ],
            [
                0.0,
                0.0,
                1.7548325389635274e-07,
                0.9978133626326139,
                0.002186461884132149
            ]
        ],
        [
            [
                3.168712695862471e-07,
                0.0006490071477156054,
                5.786446048061548e-07,
                0.999348066657656,
                2.0306787540861616e-06
            ],
            [
                0.0,
                6.461260359842161e-10,
                0.9999921534465751,
                7.816001869991378e-06,
                2.9905428769946464e-08
            ],
            [
                0.0,
                6.031140667148424e-11,
                0.9999999979505594,
                9.72508301835611e-10,
                1.0166210657329778e-09
            ],
            [
                0.0,
                2.0912004046151715e-10,
                1.0967880542360095e-08,
                0.9999992525571463,
                7.362658532049312e-07
            ],
            [
                0.0,
                0.0,
                3.8413538469899866e-08,
                0.9661758460404632,
                0.03382411554599826
            ]
        ],
        [
            [
                0.0,
                7.932779868637311e-10,
                4.5540616101853535e-08,
                0.9999996925745972,
                2.610915088258302e-07
            ],
            [
                0.0,
                1.0908207988133567e-09,
                0.999998187132275,
                1.7882979101164115e-06,
                2.347899424513102e-08
            ],
            [
                0.0,
                9.57705774370754e-12,
                0.9999999998085474,
                7.166679896374964e-11,
                1.1020882061998223e-10
            ],
            [
                0.0,
                1.6264430531601555e-10,
                9.893414075591046e-09,
                0.9999995806779366,
                4.092660049921705e-07
            ],
            [
                0.0,
                0.0,
                4.303089168335395e-08,
                0.999764871684886,
                0.00023508528422218263
            ]
        ],
        [
            [
                7.113271533809203e-10,
                2.4519148551291275e-08,
                5.21761350786124e-08,
                0.9999965513290139,
                3.371264375363888e-06
            ],
            [
                0.0,
                7.677181474087888e-10,
                0.9999962779998816,
                3.6645755322031136e-06,
                5.6656868037218436e-08
            ],
            [
                0.0,
                1.0876354054614469e-10,
                0.9999999972441163,
                1.679590654064567e-09,
                9.675295201009497e-10
            ],
            [
                0.0,
                1.8807679320224384e-10,
                6.059581647638323e-07,
                0.9999992838310656,
                1.1002269282423985e-07
            ],
            [
                0.0,
                1.6183510586735734e-10,
                3.450586355479888e-08,
                0.9999978206371926,
                2.1446951086981072e-06
            ]
        ],
        [
            [
                2.8493688804530244e-07,
                0.007592943011121638,
                0.007592943011121638,
                0.9848123238550672,
                1.5051858014805936e-06
            ],
            [
                0.0,
                3.371719321052851e-09,
                0.9984187872562478,
                0.001581068929330728,
                1.4044270211416002e-07
            ],
            [
                0.0,
                2.20875629665144e-10,
                0.9999999911668199,
                6.439536090863388e-09,
                2.1727683905085335e-09
            ],
            [
                0.0,
                2.3447598598788206e-10,
                5.38889651255901e-09,
                0.9999996116320657,
                3.8274456190068425e-07
            ],
            [
                0.0,
                1.270745561741691e-10,
                6.649160480740932e-07,
                0.9999985584663061,
                7.764905711982443e-07
            ]
        ],
        [
            [
                0.0,
                1.2338523653836188e-09,
                2.6865555853975224e-08,
                0.9998105443131852,
                0.00018942758740675243
            ],
            [
                0.0,
                3.80914040039086e-09,
                0.9362786993245339,
                0.06372088475406214,
                4.121122637445116e-07
            ],
            [
                0.0,
                2.2338483431531252e-12,
                0.9999999999724174,
                8.987311497346931e-12,
                1.6361656265184274e-11
            ],
            [
                0.0,
                2.5589201461707283e-10,
                3.4500946022059066e-07,
                0.9999995087864504,
                1.4594819738807908e-07
            ],
            [
                0.0,
                0.0,
                2.2839240464833114e-08,
                0.1309669564825682,
                0.8690330206781914
            ]
        ],
        [
            [
                2.1565798125819017e-05,
                0.22131092085312412,
                5.349097723871779e-05,
                0.7730755222827527,
                0.005538500088758765
            ],
            [
                0.0,
                6.072226824649506e-09,
                0.9887839199747858,
                0.011215783490172835,
                2.904628145422317e-07
            ],
            [
                0.0,
                3.005778103595263e-11,
                0.9999999992306312,
                4.971948905704416e-10,
                2.421161683087027e-10
            ],
            [
                0.0,
                7.70466789095651e-11,
                9.600903545284451e-09,
                0.9999997530926273,
                2.372294223744133e-07
            ],
            [
                0.0,
                1.6139277795840247e-10,
                1.2853545738445182e-06,
                0.9999981611081786,
                5.533758546896828e-07
            ]
        ],
        [
            [
                0.0,
                1.8320159914397053e-08,
                1.4966280980715256e-09,
                0.9999995225450676,
                4.5763814439234953e-07
            ],
            [
                0.0,
                2.978836880286506e-09,
                0.006602285054064663,
                0.9933972553812939,
                4.5658580463642637e-07
            ],
            [
                0.0,
                1.7588324603249294e-10,
                0.9999999982751198,
                1.0730676852150784e-09,
                4.759293725632227e-10
            ],
            [
                0.0,
                0.0,
                4.2161791009646635e-10,
                0.9992975531736674,
                0.0007024464047147158
            ],
            [
                0.0,
                1.6552511199895966e-10,
                1.1462464052624411e-06,
                0.9999391552129069,
                5.969837516268477e-05
            ]
        ],
        [
            [
                3.17667639565888e-05,
                0.08625738173667505,
                3.857602933869199e-06,
                0.9131977798240479,
                0.0005092140723866688
            ],
            [
                0.0,
                9.218142425343587e-09,
                0.9803423960486803,
                0.019657404497517534,
                1.9023565965811465e-07
            ],
            [
                0.0,
                3.365610292779824e-12,
                0.9999999997904463,
                5.967450937403674e-11,
                1.465137514738801e-10
            ],
            [
                0.0,
                1.1916034478641166e-09,
                6.24974246988049e-08,
                0.9999997633802002,
                1.7293077154219608e-07
            ],
            [
                0.0,
                9.319466076053877e-11,
                1.6642774126686665e-07,
                0.9999953096829152,
                4.523796149014821e-06
            ]
        ],
        [
            [
                0.0,
                2.7603768100683235e-08,
                0.00010346302137867053,
                0.9998959931688741,
                5.162059790474487e-07
            ],
            [
                0.0,
                5.022697072674036e-09,
                0.9999996855908514,
                2.711881553356571e-07,
                3.8198296005823164e-08
            ],
            [
                0.0,
                5.840307650054238e-12,
                0.9999999997087226,
                1.451054148440772e-10,
                1.4033176888823118e-10
            ],
            [
                0.0,
                1.4538827174817372e-10,
                3.695249413537602e-09,
                0.9999991849465673,
                8.112127949771755e-07
            ],
            [
                0.0,
                1.3493489141919123e-10,
                3.693165469001635e-08,
                0.9999969941459064,
                2.9687875039689684e-06
            ]
        ],
        [
            [
                0.0,
                6.454423701477191e-10,
                1.2191107609225146e-08,
                0.9999713295295759,
                2.8657633874040317e-05
            ],
            [
                0.0,
                3.719633242986099e-08,
                0.9999995161025282,
                4.204937859970896e-07,
                2.6207353264119207e-08
            ],
            [
                0.0,
                3.829232282800829e-12,
                0.9999999998225344,
                9.201883213327426e-11,
                8.161751735359578e-11
            ],
            [
                0.0,
                0.0,
                6.335300298971731e-09,
                0.14594681529534428,
                0.8540531783693555
            ],
            [
                0.0,
                0.0,
                3.333823688912619e-09,
                0.9999879886714891,
                1.20079946872775e-05
            ]
        ],
        [
            [
                0.0,
                7.248988389962689e-07,
                4.469453218358512e-07,
                0.9999978641174253,
                9.640384138812943e-07
            ],
            [
                0.0,
                4.560150153499469e-10,
                0.9999999522532644,
                3.746247608708871e-08,
                9.82824459398375e-09
            ],
            [
                0.0,
                1.6267595991768136e-10,
                0.9999999945238927,
                2.3070884561837103e-09,
                3.006343041829125e-09
            ],
            [
                0.0,
                0.0,
                5.136393706906511e-10,
                0.9995749134306682,
                0.0004250860556924826
            ],
            [
                0.0,
                0.0,
                1.2958914574097059e-08,
                0.9999888693076167,
                1.1117733468822235e-05
            ]
        ],
        [
            [
                0.0,
                3.4140303372371586e-08,
                5.812980499222328e-06,
                0.9999932611976439,
                8.916815535566462e-07
            ],
            [
                0.0,
                2.2736665147201792e-08,
                0.7686377854249526,
                0.2313602939386808,
                1.897899701418195e-06
            ],
            [
                0.0,
                5.729610509143267e-11,
                0.9999999989175306,
                8.307094689429251e-10,
                1.944638181755935e-10
            ],
            [
                0.0,
                1.4374906798276767e-09,
                4.027594122032584e-06,
                0.9999958220878162,
                1.4888057100923676e-07
            ],
            [
                0.0,
                1.0224446296066582e-10,
                3.79922524883969e-07,
                0.9999991710696078,
                4.489056229192629e-07
            ]
        ],
        [
            [
                4.2513107630114625e-06,
                0.9999827786898992,
                1.325083377913465e-07,
                1.2627549743678563e-05,
                2.0994125639123704e-07
            ],
            [
                0.0,
                6.523028699160236e-09,
                0.9999692930528518,
                3.0633120856109527e-05,
                6.730326345093454e-08
            ],
            [
                0.0,
                4.880888496792506e-11,
                0.9999999987625079,
                8.775245625674874e-10,
                3.1115857030693434e-10
            ],
            [
                0.0,
                3.9469477097464376e-10,
                6.011292746466955e-08,
                0.052440338482509806,
                0.9475596010098679
            ],
            [
                0.0,
                5.995218965918124e-11,
                8.72631255234111e-09,
                0.9999994913866717,
                4.998270636772906e-07
            ]
        ],
        [
            [
                0.0,
                1.7769712265010252e-09,
                4.7851216683510264e-08,
                0.9999995270893864,
                4.2328242571001893e-07
            ],
            [
                0.0,
                6.771097123826275e-10,
                0.9999933147459662,
                6.6596341919773665e-06,
                2.494273201615495e-08
            ],
            [
                0.0,
                2.1798459176252647e-09,
                0.9999999263913486,
                6.533753096878361e-08,
                6.091274538973636e-09
            ],
            [
                0.0,
                8.423761255263365e-10,
                3.2244264779288614e-08,
                0.7446720856423185,
                0.25532788127104067
            ],
            [
                0.0,
                0.0,
                7.518162067655523e-09,
                0.9997755150493469,
                0.0002244774324909582
            ]
        ],
        [
            [
                0.9540273191664868,
                5.601482298967435e-07,
                2.1757917087782056e-07,
                9.488819502126639e-06,
                0.04596241428661041
            ],
            [
                0.0,
                1.6320165900583647e-08,
                0.9999989392376544,
                1.0070915739128005e-06,
                3.735060582040253e-08
            ],
            [
                0.0,
                9.214142086302894e-11,
                0.9999999973605298,
                1.6562877067151434e-09,
                8.91040995451009e-10
            ],
            [
                0.0,
                3.009834220725466e-11,
                4.206804764517074e-10,
                0.9999999148374954,
                8.471172570677815e-08
            ],
            [
                0.0,
                3.0687134543268793e-10,
                7.173659140355312e-06,
                0.9999927158439177,
                1.1019007049983454e-07
            ]
        ],
        [
            [
                0.2337307439044633,
                0.669235473212902,
                6.993114921025322e-06,
                0.03343911097772185,
                0.06358767878999179
            ],
            [
                0.0,
                4.179573872413098e-09,
                0.04379112604677924,
                0.956208479031359,
                3.907422880354723e-07
            ],
            [
                0.0,
                6.89180005754103e-11,
                0.9999999984959358,
                7.492691600090355e-10,
                6.858770546490979e-10
            ],
            [
                0.0,
                3.702201484165141e-11,
                3.119727052423827e-10,
                0.9999992620568702,
                7.375941352299702e-07
            ],
            [
                0.0,
                0.0,
                2.1347594148625083e-08,
                0.9947322836427284,
                0.005267695009677428
            ]
        ],
        [
            [
                2.5782316465238547e-07,
                9.10182077283267e-05,
                5.234851842563946e-07,
                0.9959263822047737,
                0.003981818279149114
            ],
            [
                0.0,
                2.532845786206294e-09,
                0.9999596627089523,
                4.0255036850863e-05,
                7.972135097946206e-08
            ],
            [
                0.0,
                1.0138929993577196e-12,
                0.9999999999806315,
                7.864901172014956e-12,
                1.0489930528514731e-11
            ],
            [
                0.0,
                2.622702867802752e-10,
                2.387334450476655e-09,
                0.9999998736046642,
                1.2374573095133966e-07
            ],
            [
                0.0,
                0.0,
                1.92389894843248e-08,
                0.9994267121444074,
                0.0005732686166031242
            ]
        ],
        [
            [
                9.311889144856774e-07,
                0.9999938827531937,
                1.5517632428561133e-06,
                3.6001176637476966e-06,
                3.417698506582115e-08
            ],
            [
                0.0,
                3.6553553417793565e-09,
                0.9999998780778853,
                9.060617477675098e-08,
                2.766058468331104e-08
            ],
            [
                0.0,
                2.9129373915008347e-12,
                0.9999999998865003,
                3.557623211971189e-11,
                7.501038490165437e-11
            ],
            [
                0.0,
                0.0,
                3.103737833880322e-10,
                0.999988672868997,
                1.1326820629117488e-05
            ],
            [
                0.0,
                6.951538889717091e-11,
                1.0760426739557362e-07,
                0.9999995197012491,
                3.726249681339262e-07
            ]
        ],
        [
            [
                0.0,
                1.1745487131454762e-09,
                4.9189422797796854e-08,
                0.9999995497126308,
                3.9992339758435594e-07
            ],
            [
                0.0,
                0.0,
                0.990095250568201,
                0.009904598703871097,
                1.5072792781132677e-07
            ],
            [
                0.0,
                9.832411275592164e-12,
                0.9999999998312201,
                7.615239920286116e-11,
                8.279503539723817e-11
            ],
            [
                0.0,
                0.0,
                3.006997027958742e-09,
                0.9980740038875544,
                0.0019259931054485956
            ],
            [
                0.0,
                0.0,
                1.6497210568081664e-08,
                0.9985635238617977,
                0.0014364596409917163
            ]
        ],
        [
            [
                2.550282359439009e-09,
                1.5032402903057583e-08,
                1.4457154798697574e-08,
                0.9999976715935552,
                2.296366604695851e-06
            ],
            [
                0.0,
                3.548877260465117e-09,
                0.01543914131991223,
                0.9845587351577074,
                2.119973503139034e-06
            ],
            [
                0.0,
                1.3910424837006998e-11,
                0.9999999997406914,
                8.618357741405292e-11,
                1.592146016685385e-10
            ],
            [
                0.0,
                4.647963131052487e-10,
                2.9760045324188663e-08,
                0.9999996442146294,
                3.255605289006222e-07
            ],
            [
                0.0,
                0.0,
                1.1751566339933589e-08,
                0.9999535789712727,
                4.640927716100694e-05
            ]
        ],
        [
            [
                0.0,
                5.872405442527985e-10,
                2.221323316042882e-08,
                0.9999994338392314,
                5.433602949319364e-07
            ],
            [
                0.0,
                1.1002802905562648e-09,
                0.999999806450844,
                1.654697841461828e-07,
                2.6979091573420585e-08
            ],
            [
                0.0,
                4.6426446236910084e-11,
                0.999999998408134,
                6.829555279964713e-10,
                8.624841208401999e-10
            ],
            [
                0.0,
                0.0,
                2.835761260993306e-08,
                0.8438038509936835,
                0.15619612064870395
            ],
            [
                0.0,
                0.0,
                8.554902747745121e-09,
                0.9773544168243125,
                0.02264557462078473
            ]
        ],
        [
            [
                0.0,
                4.279734494565801e-09,
                2.0635060033997785e-07,
                0.9999973615509637,
                2.4278187014741867e-06
            ],
            [
                0.0,
                1.7494717797301474e-09,
                0.9999995814233611,
                3.996172659659366e-07,
                1.72099010680404e-08
            ],
            [
                0.0,
                4.303927995873012e-11,
                0.9999999986684287,
                8.093500005052237e-10,
                4.791820599572321e-10
            ],
            [
                0.0,
                2.4138392989935123e-10,
                1.5658768859242123e-08,
                0.9999997211527216,
                2.62947125556325e-07
            ],
            [
                0.0,
                0.0,
                2.504557329887356e-07,
                0.9999966122885192,
                3.137255747871823e-06
            ]
        ],
        [
            [
                0.0,
                2.9366844868214028e-09,
                1.0318755590759298e-07,
                0.9999970518980364,
                2.841977723226891e-06
            ],
            [
                0.0,
                3.976950441954514e-09,
                0.9998749668130321,
                0.00012489417643500624,
                1.3503358247592895e-07
            ],
            [
                0.0,
                1.754490110753843e-10,
                0.9999999875203073,
                1.1006881259356778e-08,
                1.297362344808827e-09
            ],
            [
                0.0,
                2.444242036468541e-09,
                1.4303156622555234e-05,
                0.9999856432123598,
                5.11867755609249e-08
            ],
            [
                0.0,
                0.0,
                2.6706984574311025e-07,
                0.9992804331074135,
                0.0007192998227406758
            ]
        ],
        [
            [
                2.9238680420415046e-06,
                0.9960525394103377,
                2.005684327499893e-05,
                0.003921556010303188,
                2.9238680420415046e-06
            ],
            [
                0.0,
                6.247685880432651e-10,
                0.999999961363265,
                2.864753507074413e-08,
                9.364431223951908e-09
            ],
            [
                0.0,
                1.029728414577089e-11,
                0.9999999995465394,
                2.0124845716261617e-10,
                2.419149073065078e-10
            ],
            [
                0.0,
                5.982944927230443e-09,
                4.1298643532580586e-07,
                0.9999994704624396,
                1.105681802076221e-07
            ],
            [
                0.0,
                0.0,
                1.1758221221528298e-07,
                0.9994379194151052,
                0.0005619630026826755
            ]
        ],
        [
            [
                1.691948206864437e-08,
                6.608029743670913e-06,
                0.001896532165767431,
                0.9980961409967862,
                7.018882205652018e-07
            ],
            [
                0.0,
                2.3003139656440723e-08,
                0.05987690895371988,
                0.9401224680052588,
                6.000378815983352e-07
            ],
            [
                0.0,
                1.5930564998523993e-11,
                0.9999999996010573,
                2.5600918307851203e-10,
                1.2700281948942895e-10
            ],
            [
                0.0,
                2.5671916497082324e-10,
                4.8363215010392896e-08,
                0.9999998390520509,
                1.1232801500883195e-07
            ],
            [
                0.0,
                0.0,
                3.636886371343438e-08,
                0.9995742643529112,
                0.0004256992782252111
            ]
        ],
        [
            [
                0.0,
                3.6723313046790445e-08,
                9.175747934130902e-06,
                0.9999627294153632,
                2.8058113389638616e-05
            ],
            [
                0.0,
                5.066372415597944e-08,
                0.9999990128058871,
                7.058276953343508e-07,
                2.307026933936818e-07
            ],
            [
                0.0,
                1.1626835805184592e-10,
                0.9999999977604916,
                1.4021786242622626e-09,
                7.210614267383965e-10
            ],
            [
                0.0,
                9.534277372703727e-09,
                2.1463175206840222e-08,
                0.9999972155744609,
                2.7534280864893087e-06
            ],
            [
                0.0,
                9.730644276407719e-11,
                3.634346641652662e-07,
                0.9999980782286526,
                1.5582393768247033e-06
            ]
        ],
        [
            [
                0.0,
                1.5305504447031116e-10,
                6.2650283336645735e-09,
                0.9999802610588535,
                1.973252306305505e-05
            ],
            [
                0.0,
                5.920167907600019e-10,
                1.3647569323308701e-05,
                0.9999860483386004,
                3.035000596980298e-07
            ],
            [
                0.0,
                7.033142500169053e-12,
                0.9999999997881215,
                8.854125711563102e-11,
                1.1630428965419783e-10
            ],
            [
                0.0,
                8.200063148286995e-10,
                2.783252855666701e-08,
                0.9999995091425011,
                4.622049639769497e-07
            ],
            [
                0.0,
                0.0,
                6.459381894530373e-08,
                0.9841430753282905,
                0.01585686007789056
            ]
        ],
        [
            [
                0.0,
                3.75028682608019e-08,
                8.510554108523727e-07,
                0.9999988500716879,
                2.6137003300763344e-07
            ],
            [
                0.0,
                2.6011776605583534e-09,
                0.9990198725300857,
                0.0009799532573739238,
                1.7161136269438443e-07
            ],
            [
                0.0,
                2.6948760362484645e-11,
                0.9999999992153921,
                3.5668314417255045e-10,
                4.0097609895673907e-10
            ],
            [
                0.0,
                0.0,
                5.51382661068322e-10,
                0.9999985779006785,
                1.421547938896767e-06
            ],
            [
                0.0,
                0.0,
                7.59915303974685e-10,
                0.9999882457493017,
                1.17534907830715e-05
            ]
        ],
        [
            [
                2.462660575289231e-09,
                4.605309305394425e-08,
                5.230659182698409e-07,
                0.9999981860248728,
                1.2423934553029759e-06
            ],
            [
                0.0,
                1.3674679176562324e-09,
                0.9996154115574699,
                0.0003844394529401594,
                1.476221219866873e-07
            ],
            [
                0.0,
                4.3292346674415035e-12,
                0.9999999998714495,
                4.9156338270804225e-11,
                7.506505792052725e-11
            ],
            [
                0.0,
                8.679613907633532e-10,
                9.270955944338293e-08,
                0.9999994071170817,
                4.99305397465027e-07
            ],
            [
                0.0,
                2.5777689498998308e-11,
                4.570157158767687e-09,
                0.00022148462674660037,
                0.9997785107773186
            ]
        ],
        [
            [
                0.0,
                3.3052684658300164e-09,
                1.408954652576768e-07,
                0.9999932954541322,
                6.56034513401519e-06
            ],
            [
                0.0,
                4.734235474438713e-09,
                0.9999995243444412,
                4.2822456833888656e-07,
                4.269675509730686e-08
            ],
            [
                0.0,
                2.895447258696674e-10,
                0.9999999968850211,
                2.1359882893476207e-09,
                6.894459369225012e-10
            ],
            [
                0.0,
                0.0,
                9.329323981261246e-10,
                0.9992225126130396,
                0.000777486454028077
            ],
            [
                0.0,
                0.0,
                6.051719075384828e-08,
                0.7588931179288492,
                0.24110682155396007
            ]
        ],
        [
            [
                5.211642574605751e-06,
                0.9996375179321296,
                1.606835186663963e-05,
                0.0003405373741828776,
                6.646992462246017e-07
            ],
            [
                0.0,
                5.183232255289236e-09,
                0.9999997641711631,
                1.695948831493973e-07,
                6.105072145935568e-08
            ],
            [
                0.0,
                1.778587733046431e-10,
                0.9999999915652066,
                6.660494193029286e-09,
                1.5964405250548333e-09
            ],
            [
                0.0,
                4.155724540711858e-10,
                1.531889543101826e-08,
                0.9999998777270925,
                1.0653843953559217e-07
            ],
            [
                0.0,
                0.0,
                3.82292000412909e-08,
                0.9998208114064273,
                0.00017915036437269488
            ]
        ],
        [
            [
                1.6232235295487614e-06,
                0.999925113761698,
                2.5969075180134418e-05,
                4.714569868391635e-05,
                1.482409084431448e-07
            ],
            [
                0.0,
                5.5878768908242465e-09,
                0.981820451026959,
                0.01817929460364064,
                2.487815234087927e-07
            ],
            [
                0.0,
                1.0259741174887055e-11,
                0.9999999996843005,
                8.52672857057036e-11,
                2.2017236195021805e-10
            ],
            [
                0.0,
                8.393181194401469e-09,
                2.8248511138643587e-08,
                0.9999958997057894,
                4.0636525181872964e-06
            ],
            [
                0.0,
                8.148452085854943e-11,
                1.980318609105772e-08,
                0.9999937457312796,
                6.2343840496987505e-06
            ]
        ],
        [
            [
                0.00010451214032471183,
                0.9978507712721575,
                2.754022928249532e-07,
                0.00199857552122682,
                4.58656639980658e-05
            ],
            [
                0.0,
                1.9705588820713515e-09,
                0.9999583358931079,
                4.1611839065502156e-05,
                5.0297267882501684e-08
            ],
            [
                0.0,
                1.9943367848238792e-11,
                0.9999999993949455,
                3.2262811642905566e-10,
                2.624829770721543e-10
            ],
            [
                0.0,
                0.0,
                2.428155342138015e-09,
                0.9999127093819548,
                8.728818988985373e-05
            ],
            [
                0.0,
                1.3683072871679128e-10,
                8.935526453460275e-07,
