{
    "[['A', 'B', 'C', 'D', 'E'], ['A', 'B', 'C', 'D', 'E']]": [
        [
            [
                3.309460201819569e-11,
                9.393419864958032e-11,
                5.271025604440664e-09,
                2.978017628958819e-06,
                0.9999970165843166
            ],
            [
                0.0,
                5.261151914102166e-09,
                0.999999962905697,
                2.0292845050018155e-08,
                1.1540305754352188e-08
            ],
            [
                0.0,
                3.716746396423401e-12,
                0.9999999998658491,
                5.870240937463096e-11,
                7.173162101837403e-11
            ],
            [
                4.12897774994034e-11,
                2.347655157478048e-10,
                6.0153843349007896e-09,
                1.0178599831091313e-05,
                0.9999898151087293
            ],
            [
                1.5497148919167055e-10,
                3.926651721751715e-10,
                7.54616313694355e-09,
                5.458007346912047e-07,
                0.9999994461054655
            ]
        ],
        [
            [
                0.0,
                1.5513198364806158e-11,
                6.513526298127381e-10,
                3.597807540702407e-08,
                0.9999999633550587
            ],
            [
                1.6264354470836895e-08,
                0.8570459166090629,
                0.1429531413032866,
                9.009783759402119e-07,
                2.4844920255259655e-08
            ],
            [
                0.0,
                4.3297361930946625e-13,
                0.999999999969694,
                8.345056983507696e-12,
                2.1527963541879433e-11
            ],
            [
                8.269040161173798e-11,
                2.5861966484303414e-10,
                7.432458608930021e-09,
                1.0752589550151032e-07,
                0.9999998847003359
            ],
            [
                4.132194600806307e-10,
                4.0415723466663594e-10,
                9.897925975386458e-09,
                9.140965144194819e-07,
                0.999999075188183
            ]
        ],
        [
            [
                4.030552213429077e-12,
                2.472047196285526e-11,
                2.320831078261228e-10,
                7.530681453043158e-08,
                0.9999999244323513
            ],
            [
                5.7275003398159615e-08,
                0.132630502564893,
                0.8673638736694381,
                5.288385417122975e-06,
                2.7810524832191314e-07
            ],
            [
                0.0,
                1.2695915938294711e-11,
                0.9999999993301643,
                1.7323141668007163e-10,
                4.839084932659251e-10
            ],
            [
                1.559162979289561e-11,
                4.259728844604638e-11,
                3.6175112596039445e-10,
                1.6492806701002768e-08,
                0.9999999830872534
            ],
            [
                1.3452996075463265e-09,
                1.7774152763833082e-09,
                1.6141140239654847e-08,
                1.3926754305219816e-05,
                0.9999860539818396
            ]
        ],
        [
            [
                1.1614578677570664e-10,
                1.266767006728175e-10,
                3.977883472063402e-09,
                1.1959388012201938e-07,
                0.999999876185414
            ],
            [
                0.0,
                2.929075019384606e-10,
                1.711529795623275e-08,
                0.9993326025919669,
                0.0006673799998276414
            ],
            [
                0.0,
                1.4037660041923982e-12,
                0.9999999998974773,
                4.88744683195449e-11,
                5.2244474848558064e-11
            ],
            [
                5.683764663511055e-11,
                1.2233792712453632e-10,
                1.5192255294131636e-09,
                4.7217009342574183e-07,
                0.9999995261315054
            ],
            [
                2.911988868564735e-11,
                9.38392865649151e-11,
                6.59845613440732e-10,
                2.8763882735992563e-08,
                0.9999999704533125
            ]
        ],
        [
            [
                0.0,
                3.895319290405287e-11,
                1.5959077293139781e-09,
                0.00011243064687490114,
                0.9998875677182643
            ],
            [
                9.89943074378235e-10,
                0.9972678091650606,
                0.002732163871948748,
                2.531002023759225e-08,
                6.630273348118933e-10
            ],
            [
                0.0,
                9.867882345646362e-12,
                0.9999999996946927,
                6.189091848970592e-11,
                2.3354849372443497e-10
            ],
            [
                5.6756998476601725e-09,
                2.94279623080538e-09,
                4.315344036713812e-08,
                4.328013715545399e-06,
                0.9999956202143481
            ],
            [
                4.455923112234699e-11,
                1.3185867261637426e-10,
                2.7231007146681593e-09,
                7.890852106385827e-08,
                0.9999999181919603
            ]
        ],
        [
            [
                9.924962909083613e-12,
                5.472292378903599e-11,
                3.857105698365972e-10,
                8.45383253501182e-09,
                0.999999991095809
            ],
            [
                0.0,
                4.940235025288357e-06,
                0.9999949088410593,
                1.4275615936274425e-07,
                8.167755947012535e-09
            ],
            [
                0.0,
                4.338807256980255e-12,
                0.9999999996910836,
                1.2128914645874285e-10,
                1.832884412467395e-10
            ],
            [
                2.2691228214653672e-11,
                1.2968669578243676e-10,
                1.7548927327930602e-09,
                6.581733235267763e-08,
                0.9999999322753971
            ],
            [
                8.082157090376711e-11,
                2.5671916060229026e-10,
                2.9809168682856463e-09,
                4.1306481731913377e-07,
                0.999999583616725
            ]
        ],
        [
            [
                3.3678468327117835e-11,
                4.5690896219901183e-11,
                8.918435710920048e-10,
                3.1640018740319223e-07,
                0.9999996826285996
            ],
            [
                0.0,
                2.5480360256599625e-09,
                2.330346718369728e-07,
                0.05914403105436927,
                0.9408557333629229
            ],
            [
                0.0,
                2.0125592959332268e-12,
                0.9999999998848765,
                4.4471775698309705e-11,
                6.863910243155213e-11
            ],
            [
                7.372983370182533e-10,
                1.0358182630984529e-09,
                1.6571132590486512e-08,
                7.5101193207196435e-06,
                0.9999924715364301
            ],
            [
                8.133701104113843e-11,
                1.6492318423887731e-10,
                3.121222636859441e-09,
                3.4921584446393933e-07,
                0.9999996474166727
            ]
        ],
        [
            [
                6.8490111690037285e-12,
                2.4753969964580077e-11,
                2.3756050315630843e-10,
                1.9613356012005024e-08,
                0.9999999801174806
            ],
            [
                3.1697625448984695e-10,
                5.3560649768775045e-09,
                3.502644994821711e-07,
                0.01703270641198672,
                0.9829669376504725
            ],
            [
                0.0,
                2.7243588647727677e-12,
                0.9999999999065123,
                3.520040754904395e-11,
                5.556295521269775e-11
            ],
            [
                3.688872613988777e-11,
                1.8475735504545908e-10,
                1.401801612206468e-09,
                1.526244868850032e-06,
                0.9999984721316835
            ],
            [
                4.169579016368619e-10,
                5.757866888776824e-10,
                7.550366474847457e-09,
                2.060170150502703e-06,
                0.9999979312867383
            ]
        ],
        [
            [
                0.0,
                0.0,
                0.0,
                9.091136819976587e-06,
                0.9999909088631799
            ],
            [
                0.0,
                0.0016453557749677823,
                0.9983541771881542,
                4.583024392571669e-07,
                8.734438772039697e-09
            ],
            [
                0.0,
                3.1421479099703523e-12,
                0.9999999998519664,
                5.890204748505628e-11,
                8.59894966061292e-11
            ],
            [
                3.165362398418535e-11,
                1.1012497676573251e-10,
                4.550751237472805e-09,
                1.4560696466097696e-06,
                0.9999985392378234
            ],
            [
                9.730663357290366e-11,
                1.2110144798866337e-10,
                1.3990477351666351e-09,
                7.845874130713818e-08,
                0.9999999199238029
            ]
        ],
        [
            [
                6.804755747552313e-11,
                3.119102407713783e-10,
                2.7238330643700676e-09,
                1.2270735748050371e-05,
                0.999987726160461
            ],
            [
                0.0,
                6.059558560203965e-07,
                0.9999992884503914,
                9.31228442255567e-08,
                1.2470908253420356e-08
            ],
            [
                0.0,
                7.890429389120496e-12,
                0.9999999990825585,
                2.2563619532888695e-10,
                6.839149405549865e-10
            ],
            [
                7.868141654895182e-12,
                5.3810746440474837e-11,
                2.8859266941117355e-09,
                6.470210740448141e-07,
                0.9999993500313205
            ],
            [
                2.854736052467768e-10,
                9.673209633015002e-10,
                1.5329124567162886e-08,
                1.338646015383402e-05,
                0.999986596957927
            ]
        ],
        [
            [
                5.6653727130143824e-12,
                2.286836723192387e-11,
                3.318810883987913e-10,
                2.403440725702169e-08,
                0.999999975605178
            ],
            [
                0.0,
                1.8720007232216962e-07,
                0.999999550109395,
                1.8720007232216962e-07,
                7.549046045120239e-08
            ],
            [
                0.0,
                2.5255972037232795e-11,
                0.999999993729467,
                3.7704249763709065e-09,
                2.4748519215712278e-09
            ],
            [
                9.786129139758668e-11,
                2.6888447477681213e-10,
                1.1326317949892512e-08,
                4.061469617738944e-07,
                0.9999995821599745
            ],
            [
                2.1020456828923327e-10,
                3.9624864877088497e-10,
                8.607146394389018e-09,
                8.390244924652103e-07,
                0.9999991517619079
            ]
        ],
        [
            [
                8.973583703152032e-10,
                3.4629388469122944e-10,
                7.684701494836884e-09,
                3.761516792215355e-06,
                0.999996229554854
            ],
            [
                1.2955349524465902e-09,
                0.000761038081547295,
                0.9992372799128474,
                1.6307004496632344e-06,
                5.000962079486524e-08
            ],
            [
                0.0,
                1.0096248533593136e-11,
                0.9999999995962492,
                2.9300528779322405e-10,
                1.0064932578108463e-10
            ],
            [
                1.661807900009539e-11,
                2.676915136417564e-11,
                8.794934381767853e-10,
                9.735226245957498e-08,
                0.9999999017248569
            ],
            [
                1.305852232040247e-10,
                1.3649187774825083e-10,
                2.4833538089100666e-09,
                1.1124574150645948e-07,
                0.9999998860038276
            ]
        ],
        [
            [
                1.3301457395471246e-10,
                4.088565790293877e-10,
                1.2591634063440182e-08,
                5.7302674908534944e-05,
                0.9999426841915862
            ],
            [
                1.990777634335758e-09,
                0.002937446665954995,
                0.997062210461809,
                2.9707344471773437e-07,
                4.380801366523089e-08
            ],
            [
                0.0,
                2.9884953928683862e-12,
                0.9999999998475881,
                5.139135189730034e-11,
                9.803203761192414e-11
            ],
            [
                6.727877307309479e-11,
                1.84245680590424e-10,
                6.4480167690099534e-09,
                4.1411029539349084e-06,
                0.9999958521975049
            ],
            [
                1.7990615656095487e-11,
                1.4980953713400575e-10,
                4.116557903295296e-09,
                1.973784786934024e-07,
                0.9999997983371632
            ]
        ],
        [
            [
                5.167302262881147e-12,
                2.0556118274836577e-11,
                2.3493977410698604e-10,
                2.0233712249004405e-08,
                0.9999999795056245
            ],
            [
                2.5960042770368788e-08,
                0.9712000421667473,
                0.028791571869297768,
                8.186491329187194e-06,
                1.735125829751294e-07
            ],
            [
                0.0,
                2.1883031961326537e-12,
                0.9999999998827314,
                4.6466666060904556e-11,
                6.86138397727647e-11
            ],
            [
                0.0,
                5.177054307772371e-10,
                1.903408007542606e-08,
                0.0002741190155100187,
                0.9997258614327045
            ],
            [
                5.633859201107092e-10,
                5.633859201107092e-10,
                9.76721076291528e-09,
                7.433688789338922e-06,
                0.9999925554172282
            ]
        ],
        [
            [
                1.2233769609667945e-10,
                2.0286208036088318e-10,
                7.298091935116222e-09,
                2.3546873279938487e-06,
                0.9999976376893803
            ],
            [
                0.0,
                5.804554152269276e-10,
                1.9271933253425806e-08,
                0.9999463333562357,
                5.3646791375707506e-05
            ],
            [
                0.0,
                1.0753905637133797e-10,
                0.9999999424083632,
                4.4809696794864576e-08,
                1.2674401016980807e-08
            ],
            [
                4.1496392567991617e-11,
                1.6922464157207749e-10,
                4.3225413184612934e-09,
                5.09547726074569e-07,
                0.9999994859190116
            ],
            [
                1.0964147059799658e-10,
                2.535894601753947e-10,
                2.854231411361803e-09,
                2.4660937389545137e-06,
                0.9999975306887987
            ]
        ],
        [
            [
                3.7404447113047876e-11,
                5.6709654270913985e-11,
                1.8486390979691784e-09,
                6.169466101551427e-08,
                0.9999999363625858
            ],
            [
                0.0,
                3.0930856549023594e-06,
                0.9999963379290051,
                5.267065842894965e-07,
                4.2278755806074466e-08
            ],
            [
                0.0,
                9.09607858634965e-12,
                0.9999999992588278,
                4.162578619417103e-10,
                3.158181657105695e-10
            ],
            [
                2.277582462723029e-11,
                1.096226513063345e-10,
                1.3004840565621345e-09,
                5.578037846726706e-07,
                0.9999994407633328
            ],
            [
                8.798604431079272e-11,
                1.3971057046749788e-10,
                1.6911406404492258e-09,
                9.26690763297229e-08,
                0.9999999054120864
            ]
        ],
        [
            [
                1.87274232455229e-10,
                7.98077860449634e-11,
                1.068166742368281e-09,
                5.151488657456011e-08,
                0.9999999471498647
            ],
            [
                5.985570263795739e-09,
                0.029821644433802027,
                0.9701774972207535,
                8.294496479762904e-07,
                2.2910226138054436e-08
            ],
            [
                0.0,
                1.3971015835665927e-12,
                0.99999999984384,
                3.057832781733248e-11,
                1.2418438328473333e-10
            ],
            [
                2.4576047767522637e-11,
                7.019744165234466e-11,
                1.8334307851277974e-09,
                1.2276634207257206e-07,
                0.9999998753054535
            ],
            [
                6.148475363449494e-11,
                3.2256964507062e-10,
                5.979111866347281e-09,
                7.623429680176568e-07,
                0.9999992312938657
            ]
        ],
        [
            [
                1.594391001220836e-11,
                6.01630807590521e-11,
                2.2130756827605418e-09,
                9.533664559124595e-08,
                0.9999999023741717
            ],
            [
                4.76711822338541e-09,
                0.022981333036810384,
                0.97701307098729,
                5.533280529970857e-06,
                5.792825155413393e-08
            ],
            [
                0.0,
                2.6134122316516097e-12,
                0.9999999998757554,
                4.494127311356098e-11,
                7.668967410258287e-11
            ],
            [
                1.009499662423561e-11,
                3.574832239581323e-11,
                4.5155758748235566e-10,
                1.4662104074719374e-07,
                0.9999998528815582
            ],
            [
                5.627058534210081e-11,
                2.2048123209148634e-10,
                3.746202902378199e-09,
                3.821478660026212e-07,
                0.9999996138291792
            ]
        ],
        [
            [
                4.856051428011173e-10,
                2.393342332000901e-10,
                1.4728827648994955e-09,
                9.746317923105533e-08,
                0.9999999003389985
            ],
            [
                7.360566126937523e-09,
                0.02893628858844867,
                0.9710625365058408,
                1.1091771396403218e-06,
                5.836800478461838e-08
            ],
            [
                0.0,
                0.0,
                0.999999999947035,
                2.297942618484744e-11,
                2.998557395550049e-11
            ],
            [
                1.8120376449048003e-11,
                6.398367888238184e-11,
                2.822549950070132e-09,
                2.82179383792366e-07,
                0.9999997149159623
            ],
            [
                3.136845483971082e-10,
                6.618573159516667e-10,
                1.0070184576673349e-08,
                3.952848992239351e-07,
                0.9999995936693744
            ]
        ],
        [
            [
                3.7313523380387014e-11,
                1.2652216682060558e-10,
                1.1209291192042663e-09,
                7.155804951269352e-08,
                0.9999999271571858
            ],
            [
                0.0,
                2.2448591270891124e-05,
                0.999973600784156,
                3.875797547396342e-06,
                7.482702566911391e-08
            ],
            [
                0.0,
                1.1215561042124069e-12,
                0.9999999999592188,
                1.0706705275548954e-11,
                2.8952911649991124e-11
            ],
            [
                8.090683108493749e-12,
                4.2636796027141715e-11,
                5.906194168978964e-10,
                9.725659797265362e-06,
                0.9999902736988558
            ],
            [
                1.451402968078069e-10,
                2.563747004043657e-10,
                5.1178260782190895e-09,
                3.167132478545408e-07,
                0.999999677767411
            ]
        ],
        [
            [
                1.565372894410345e-11,
                9.186521291688926e-11,
                1.143665484984783e-09,
                7.041979438578864e-07,
                0.9999992945508718
            ],
            [
                7.113683214957348e-09,
                1.4994347476681684e-08,
                2.1145844027581885e-06,
                0.19705156426793335,
                0.8029462990396331
            ],
            [
                0.0,
                1.991351948908827e-12,
                0.9999999998763804,
                3.827839481667614e-11,
                8.334975987190344e-11
            ],
            [
                1.0708017604548714e-10,
                2.3043034733736817e-10,
                1.1239718436873208e-08,
                7.195958596204833e-07,
                0.9999992688269114
            ],
            [
                1.4388011872529722e-10,
                2.0944418444200364e-10,
                3.891439657739501e-09,
                5.532850742299783e-07,
                0.9999994424701618
            ]
        ],
        [
            [
                6.897974938986802e-09,
                1.1984414102181605e-09,
                1.0648597233216821e-08,
                2.595514490286214e-06,
                0.9999973857404962
            ],
            [
                0.0,
                3.2171024524462897e-07,
                0.9999996112061259,
                6.141429100170015e-08,
                5.669337647051416e-09
            ],
            [
                0.0,
                1.0676900726951078e-09,
                0.009846188248345954,
                0.9901510843312916,
                2.726352672362544e-06
            ],
            [
                9.531763937788564e-10,
                9.119505170909266e-10,
                2.909839244093029e-08,
                1.3772670346701635e-05,
                0.999986196366134
            ],
            [
                9.784150397792977e-11,
                3.511988389126519e-10,
                2.559409655357969e-09,
                2.1653899177820037e-07,
                0.9999997804525582
            ]
        ],
        [
            [
                5.9259577032417986e-12,
                1.6701523113572846e-11,
                5.00364790579324e-10,
                7.471108164143285e-08,
                0.999999924765926
            ],
            [
                0.0,
                1.2929899128417354e-07,
                0.9999997528335945,
                1.0860657220056091e-07,
                9.260841992921644e-09
            ],
            [
                0.0,
                1.639829516065105e-12,
                0.9999999998929809,
                3.070556212203407e-11,
                7.467349624263367e-11
            ],
            [
                0.0,
                2.3563313236021603e-10,
                8.582589172813728e-09,
                2.6172188110854134e-06,
                0.9999973739629665
            ],
            [
                2.9478466615872776e-09,
                1.1774738399366206e-09,
                1.506754025176731e-08,
                1.6435725489743158e-07,
                0.9999998164498843
            ]
        ],
        [
            [
                2.807723477867972e-10,
                2.4033877747409555e-10,
                5.782302048896694e-09,
                1.0048638358106079e-06,
                0.999998988832751
            ],
            [
                0.0,
                0.0004342867556943867,
                0.999565580513468,
                1.2881075425029367e-07,
                3.920083430623546e-09
            ],
            [
                0.0,
                6.892910474413508e-13,
                0.9999999999665181,
                6.094425924064694e-12,
                2.669817219009893e-11
            ],
            [
                9.187637639572396e-12,
                2.4841612658095646e-11,
                1.2166919640922696e-09,
                3.7627827554216436e-08,
                0.9999999611214512
            ],
            [
                5.699114280883816e-11,
                5.226311135658616e-11,
                1.3057905963276044e-09,
                1.9189916757906584e-08,
                0.9999999793950385
            ]
        ],
        [
            [
                1.3169981773683118e-10,
                1.20676491887902e-10,
                6.426799712362303e-09,
                9.274577682840667e-07,
                0.9999990658630558
            ],
            [
                0.0,
                0.00010537312865477543,
                0.999894452465991,
                1.6540226216471346e-07,
                9.003092068506942e-09
            ],
            [
                0.0,
                1.3235946499186383e-12,
                0.999999999900328,
                4.157419036837098e-11,
                5.677404586673681e-11
            ],
            [
                3.6742808586914494e-11,
                1.7776348039099717e-10,
                6.60140559297925e-09,
                3.164001855539284e-07,
                0.9999996767839026
            ],
            [
                1.7768439402273623e-11,
                9.819652807782233e-11,
                2.1656643241115244e-09,
                2.7627827801305467e-07,
                0.9999997214400927
            ]
        ],
        [
            [
                1.2843446014711209e-10,
                7.259378136037014e-11,
                1.0957587293196116e-09,
                3.74774132868753e-08,
                0.9999999612257997
            ],
            [
                5.186829131839928e-10,
                0.000250351516872058,
                0.9997484685385428,
                1.147626635792949e-06,
                3.1799266450819864e-08
            ],
            [
                0.0,
                2.914704730816184e-12,
                0.9999999997070941,
                6.142427387182655e-11,
                2.2856692789435474e-10
            ],
            [
                0.0,
                6.748788075349156e-11,
                1.8437373629596964e-09,
                3.071234763053293e-06,
                0.9999969268540116
            ],
            [
                3.0162205219838966e-10,
                3.6434230285819834e-10,
                3.199808357084778e-09,
                9.067204468149063e-08,
                0.9999999054621826
            ]
        ],
        [
            [
                1.2333547432292805e-11,
                7.356516416815612e-11,
                6.976247928382049e-10,
                2.5024587831994063e-07,
                0.9999997489705982
            ],
            [
                3.205318107080201e-09,
                0.9999741470135616,
                2.5833709211883917e-05,
                1.5619127111306115e-08,
                4.5278141561739423e-10
            ],
            [
                0.0,
                1.7928193587754758e-12,
                0.9999999997796036,
                7.87430147937165e-11,
                1.3986067399294757e-10
            ],
            [
                5.0558328255923305e-11,
                1.1050159972097382e-10,
                3.1351961555748347e-09,
                6.523631857337647e-07,
                0.9999993443405581
            ],
            [
                1.7312397043940057e-11,
                8.638402391658779e-11,
                1.135913058206855e-09,
                4.15955089714946e-08,
                0.9999999571648815
            ]
        ],
        [
            [
                1.5805929512512264e-11,
                5.866457858789823e-11,
                1.0138094871633642e-09,
                6.885349919189143e-07,
                0.9999993103767281
            ],
            [
                5.292874642517312e-10,
                2.4041780859415098e-05,
                0.9999752244046876,
                7.063954096316761e-07,
                2.6889755962711535e-08
            ],
            [
                0.0,
                0.0,
                0.999999999978366,
                8.12681171490945e-12,
                1.3507104246876478e-11
            ],
            [
                5.1217224517364344e-09,
                5.468802782755595e-09,
                3.4188006419324266e-08,
                2.8881202509048916e-06,
                0.9999970671012175
            ],
            [
                2.110393681862601e-10,
                1.76987042731624e-10,
                2.721703864980358e-09,
                5.732814267037496e-07,
                0.999999423608843
            ]
        ],
        [
            [
                1.0211149456225591e-11,
                4.39592804595697e-11,
                3.802278598048002e-10,
                1.4686811347940985e-08,
                0.9999999848787904
            ],
            [
                8.910278812235571e-09,
                1.900520439661541e-08,
                6.004841574934578e-08,
                0.96359577625701,
                0.03640413577909097
            ],
            [
                0.0,
                6.909245454064099e-13,
                0.9999999999820113,
                7.324828059958215e-12,
                9.972991585806906e-12
            ],
            [
                1.5599670226402468e-10,
                6.722275448518189e-10,
                8.852497156790375e-09,
                2.2089757810313577e-06,
                0.9999977813434975
            ],
            [
                1.6508212472811622e-10,
                1.6508212472811622e-10,
                1.2716141407108612e-09,
                6.335243575446076e-08,
                0.9999999350457859
            ]
        ],
        [
            [
                0.0,
                1.949070792188975e-11,
                3.880260508471389e-10,
                1.781214610475339e-07,
                0.9999998214710221
            ],
            [
                0.0,
                1.515985796277316e-06,
                0.9999982711500023,
                1.910581650635154e-07,
                2.1806036345563213e-08
            ],
            [
                0.0,
                5.879703706710485e-13,
                0.9999999999599345,
                1.2640197540078862e-11,
                2.6837502602451092e-11
            ],
            [
                5.632675057556932e-11,
                1.131769000992993e-10,
                1.9431636226291916e-09,
                1.7821918392821448e-07,
                0.9999998196681489
            ],
            [
                8.638402683362644e-11,
                1.9432662822777748e-10,
                3.189474030819826e-09,
                2.4401524669026774e-07,
                0.9999997525145685
            ]
        ],
        [
            [
                5.118740975406001e-10,
                6.244826838927872e-10,
                2.2402574277169157e-08,
                0.0006662925403696251,
                0.9993336839206993
            ],
            [
                5.872467101110893e-08,
                0.4188956544556823,
                0.5810590040311367,
                4.4853034268987624e-05,
                4.297542409490876e-07
            ],
            [
                0.0,
                2.459376056035343e-12,
                0.9999999999246345,
                3.6452978718566985e-11,
                3.6452978718566985e-11
            ],
            [
                6.288642671597218e-11,
                4.5279177827523036e-10,
                3.73006284237314e-08,
                7.816344698379521e-06,
                0.999992145838995
            ],
            [
                6.490419336762154e-11,
                2.3993024223885863e-10,
                3.866344304612271e-09,
                9.750567210556738e-06,
                0.9999902452616106
            ]
        ],
        [
            [
                9.592419303550204e-11,
                1.142121558827361e-10,
                1.9981997595634945e-09,
                8.814171792001762e-08,
                0.999999909649946
            ],
            [
                1.875785483322931e-09,
                0.00010140082688216346,
                0.9998980165035865,
                5.570706359724002e-07,
                2.372310994764112e-08
            ],
            [
                0.0,
                1.8915334427298297e-12,
                0.9999999998036495,
                3.948948932525689e-11,
                1.549694135501885e-10
            ],
            [
                6.055473557504202e-11,
                1.2023124056417096e-10,
                2.193835553196407e-09,
                7.02829932109454e-07,
                0.9999992947954464
            ],
            [
                4.2005003354222536e-11,
                1.420940479112274e-10,
                1.9115274721504814e-09,
                5.394000147461323e-06,
                0.999994603904226
            ]
        ],
        [
            [
                2.0113794942311843e-10,
                2.620452910377446e-10,
                1.8615219402963132e-09,
                6.273820663429712e-08,
                0.9999999349370882
            ],
            [
                1.7852682328389048e-08,
                0.6628311697595638,
                0.3371645720660154,
                4.079230876853798e-06,
                1.6109086165210027e-07
            ],
            [
                0.0,
                3.769611964137425e-13,
                0.9999999999700948,
                9.052998293890416e-12,
                2.047507974222901e-11
            ],
            [
                2.2130395570528987e-11,
                7.261164604617901e-11,
                2.7779425366849924e-09,
                7.38274658178886e-07,
                0.9999992588526573
            ],
            [
                1.6928331890048074e-11,
                3.334888696856505e-11,
                7.457091511212487e-10,
                3.40592509022326e-07,
                0.9999996586115046
            ]
        ],
        [
            [
                0.0,
                3.4362960637027106e-11,
                5.401530548917079e-10,
                1.5159648253441495e-07,
                0.9999998478290014
            ],
            [
                0.0,
                0.07268461927439723,
                0.9273151229060469,
                2.5083077220873674e-07,
                6.9887834872901095e-09
            ],
            [
                0.0,
                3.563631750590584e-12,
                0.9999999998708251,
                6.420372991994415e-11,
                6.140752264325693e-11
            ],
            [
                2.427148102444628e-11,
                4.2522768019260106e-11,
                7.442938308603368e-10,
                1.9220063756338145e-08,
                0.9999999799688482
            ],
            [
                5.205407080941616e-12,
                3.3135469033677233e-11,
                6.531478663373223e-10,
                8.365520733709726e-08,
                0.9999999156533039
            ]
        ],
        [
            [
                6.018855716708263e-11,
                5.7669644412664543e-11,
                9.60974722021241e-10,
                4.252412963897609e-08,
                0.9999999563970373
            ],
            [
                3.6524559754532863e-09,
                0.013639509474642429,
                0.9863597317425711,
                7.431225496336853e-07,
                1.2007780811232326e-08
            ],
            [
                0.0,
                1.3208079527108328e-12,
                0.9999999998879707,
                3.9762636959567286e-11,
                7.094597257960359e-11
            ],
            [
                1.9217285781802178e-11,
                4.3528926067653045e-11,
                8.299587886538561e-10,
                2.2555435742581128e-07,
                0.9999997735529376
            ],
            [
                3.1840549118487216e-11,
                9.327841979960444e-11,
                1.4214345202177555e-09,
                4.084557550579187e-07,
                0.9999995899976913
            ]
        ],
        [
            [
                1.9863240305210192e-10,
                1.2868335711933764e-10,
                1.0939775185703706e-09,
                1.8016183522484247e-07,
                0.9999998184168715
            ],
            [
                0.0,
                2.324321159134757e-05,
                0.9999766817779958,
                6.743342861547027e-08,
                7.57698413401556e-09
            ],
            [
                0.0,
                1.0732774265775095e-11,
                0.9999999994745326,
                1.995406981413569e-10,
                3.1519411990417105e-10
            ],
            [
                4.962867015993809e-12,
                4.6303874313726456e-11,
                5.610856770128244e-10,
                3.856881450987686e-08,
                0.999999960818833
            ],
            [
                5.727848615939025e-12,
                4.68423664577973e-11,
                5.411595631854215e-10,
                3.77716097096286e-06,
                0.9999962222452993
            ]
        ],
        [
            [
                1.1797617207047747e-10,
                1.917222783611134e-10,
                4.001450776285772e-09,
                1.949013612209575e-07,
                0.9999998007874896
            ],
            [
                0.0,
                1.0960812785407423e-06,
                0.9999986636894346,
                2.1942813014414396e-07,
                2.08011566748896e-08
            ],
            [
                0.0,
                1.9913519489530352e-12,
                0.9999999998985805,
                2.402112648830778e-11,
