{
    "[['A', 'B', 'C', 'D', 'E'], ['A', 'B', 'C', 'D', 'E']]": [
        [
            [
                0.9964516302624241,
                0.0035482029472503414,
                1.204911840139541e-07,
                4.4417590410382364e-08,
                1.8815511070946023e-09
            ],
            [
                4.5759489444712184e-09,
                0.00022598595982267558,
                0.9997723356258884,
                1.6676035551549948e-06,
                6.234784922495409e-09
            ],
            [
                0.0,
                4.3446084529350225e-10,
                0.9999999935201727,
                4.765027561817227e-09,
                1.2803389588983334e-09
            ],
            [
                5.107971659263035e-07,
                0.9999635042583914,
                3.494470638648427e-05,
                1.0149118582019221e-06,
                2.5326197931649952e-08
            ],
            [
                0.9996582030381626,
                0.0002487636174976802,
                2.3680142814239993e-06,
                4.38107753232698e-06,
                8.628425252603572e-05
            ]
        ],
        [
            [
                0.9614042074846331,
                0.038418982405227786,
                1.4921135364817943e-05,
                2.219342708221414e-05,
                0.0001396955476919866
            ],
            [
                1.9639859747038118e-08,
                0.9998532290118725,
                0.00014626666889003755,
                4.840744627297946e-07,
                6.049150389133264e-10
            ],
            [
                0.0,
                7.601820029658653e-10,
                0.9999999925866727,
                4.978755540422361e-09,
                1.6743897187914596e-09
            ],
            [
                0.0002232579477112958,
                0.9997729206137463,
                3.3115964142422405e-06,
                4.858328293979963e-07,
                2.4009298466482467e-08
            ],
            [
                0.9999446803975299,
                5.526206402427621e-05,
                3.323565320052821e-08,
                2.1632916603687382e-08,
                2.669875934283594e-09
            ]
        ],
        [
            [
                0.9999931998360752,
                6.754548531036411e-06,
                3.009270410118898e-08,
                1.3499269426572362e-08,
                2.023420397424281e-09
            ],
            [
                3.314049421232668e-09,
                1.5247361568031955e-06,
                0.9999975965872336,
                8.670989513832936e-07,
                8.263608848988695e-09
            ],
            [
                0.0,
                9.296267406618834e-10,
                0.9999999810842622,
                1.4093060386281094e-08,
                3.893050413585358e-09
            ],
            [
                0.999793670765659,
                6.407962128575049e-07,
                3.7630143440465434e-07,
                5.487061100744108e-07,
                0.0002047634305837701
            ],
            [
                0.9999957745362158,
                4.176201521114361e-06,
                3.289019828242933e-08,
                1.5083526011414274e-08,
                1.288538594527668e-09
            ]
        ],
        [
            [
                0.9999998506658793,
                1.2079215682447577e-07,
                1.5384953915694583e-08,
                1.0409980540997376e-08,
                2.747029484271101e-09
            ],
            [
                2.3340123862601958e-07,
                0.9992118367111867,
                0.0007848397185786218,
                3.0848376574239584e-06,
                5.331338550590802e-09
            ],
            [
                0.0,
                4.3262013853507343e-10,
                0.9999999900899822,
                6.102216728503622e-09,
                3.3751810354617302e-09
            ],
            [
                0.9875448226526293,
                0.012241498333240302,
                1.2207251595214689e-05,
                2.9431304679448903e-05,
                0.00017204045785583572
            ],
            [
                0.999998827650299,
                8.802802016008759e-07,
                2.450419101590815e-08,
                4.0205480370797675e-08,
                2.2735982799955833e-07
            ]
        ],
        [
            [
                0.9999988453570691,
                1.1063754622762298e-06,
                3.629056279076571e-08,
                1.0251502455692628e-08,
                1.7254034850296509e-09
            ],
            [
                3.815728009183008e-09,
                0.9999331730867623,
                6.677565088841562e-05,
                4.703150986324548e-08,
                4.1511136497317165e-10
            ],
            [
                0.0,
                5.377619871257928e-10,
                0.9999999847361045,
                9.542901311849187e-09,
                5.183232162749682e-09
            ],
            [
                0.0026838339747270244,
                0.0015623940474545459,
                5.6662248167345276e-05,
                0.00036826375197896095,
                0.9953288459776721
            ],
            [
                0.9999954578197843,
                3.931736670498067e-08,
                3.766119696349166e-09,
                2.627276706300829e-08,
                4.472823962236564e-06
            ]
        ],
        [
            [
                0.9999998233790838,
                1.7293554403817312e-07,
                3.0418155149173296e-09,
                6.053028145357689e-10,
                3.825386904224055e-11
            ],
            [
                1.7962769341410533e-06,
                0.010023096345699473,
                0.9858926898331205,
                0.003938145382568545,
                0.0001442721616774056
            ],
            [
                0.0,
                4.683309722640768e-10,
                0.9999999914423535,
                6.74417513238739e-09,
                1.345140514232827e-09
            ],
            [
                0.9966539371567018,
                5.939724619800765e-06,
                2.2239443416847897e-07,
                3.1803304736244473e-06,
                0.0033367203937706333
            ],
            [
                0.9271436225917172,
                8.448019004451844e-06,
                3.732758717007367e-07,
                8.307801327144729e-06,
                0.07283924831207957
            ]
        ],
        [
            [
                0.9999748589701887,
                2.479596112107633e-05,
                1.9857189935952201e-07,
                1.3442429495021587e-07,
                1.2072495967786576e-08
            ],
            [
                2.1185050367360373e-09,
                2.966267298317083e-07,
                0.99999927690302,
                4.210049881499777e-07,
                3.346756879485161e-09
            ],
            [
                0.0,
                1.7492783411878442e-09,
                0.9999999894743657,
                6.184484140389232e-09,
                2.591871907565727e-09
            ],
            [
                0.7971857364265367,
                9.229714214674985e-06,
                5.051255084770822e-07,
                2.862190890362476e-05,
                0.20277590682483654
            ],
            [
                0.9995229742755949,
                0.00047085145481665417,
                2.809766167454785e-07,
                1.006290805571394e-06,
                4.887002166267309e-06
            ]
        ],
        [
            [
                0.9998195237377716,
                0.00017975500360037724,
                4.059560065483898e-07,
                2.9776382616595895e-07,
                1.7538795356803692e-08
            ],
            [
                0.0,
                1.56576354788166e-08,
                0.999999698652658,
                2.8251707521020213e-07,
                3.1726312411654116e-09
            ],
            [
                0.0,
                1.6374815414876629e-09,
                0.9999999329031467,
                5.454938996245963e-08,
                1.0909981709620725e-08
            ],
            [
                0.11318664521027152,
                1.0005374209951597e-05,
                7.079705596772171e-06,
                4.6133967169931606e-05,
                0.8867501357427519
            ],
            [
                0.003722575617828896,
                4.146676751984022e-07,
                1.236824884320269e-07,
                1.3783792024160217e-06,
                0.996275507652805
            ]
        ],
        [
            [
                0.9997705898617235,
                7.5454403823259365e-06,
                4.1510055052716656e-07,
                3.103060507321216e-06,
                0.00021834653683628936
            ],
            [
                0.0,
                1.4283983291765053e-08,
                0.9999998722427879,
                1.0832376620284344e-07,
                5.149462571992632e-09
            ],
            [
                0.0,
                6.375079997962393e-10,
                0.9999999943932507,
                3.3665463540243195e-09,
                1.602694934921951e-09
            ],
            [
                7.341859254728592e-06,
                0.9999897925942004,
                1.3137117991666139e-06,
                5.11507445560355e-07,
                1.0403273000224912e-06
            ],
            [
                0.04133015158729461,
                0.011931695249935566,
                5.23844271317529e-05,
                0.0016633367062658126,
                0.9450224320293722
            ]
        ],
        [
            [
                0.999944209470963,
                5.5770433124739494e-05,
                1.2322702916309858e-08,
                6.976344705539047e-09,
                7.968645057848426e-10
            ],
            [
                0.0,
                7.3183174478338365e-09,
                0.9999999684701467,
                2.356198828623406e-08,
                6.495475102979658e-10
            ],
            [
                0.0,
                1.0978920806586021e-10,
                0.9999999986836827,
                6.49985013682557e-10,
                5.565430542227883e-10
            ],
            [
                2.16071343174676e-07,
                0.9999990586785423,
                6.611196471388871e-07,
                5.806819249975973e-08,
                6.062274891053675e-09
            ],
            [
                0.998854487816886,
                6.307975422317652e-06,
                6.528592406520845e-07,
                2.3910406153723986e-06,
                0.0011361603078355457
            ]
        ],
        [
            [
                0.9999994147021682,
                5.640980963741504e-07,
                1.5852358042186215e-08,
                4.59657596016611e-09,
                7.508013184411258e-10
            ],
            [
                6.818940940132624e-08,
                0.5406139460889565,
                0.45938400047246847,
                1.9817017501800976e-06,
                3.5474155317647314e-09
            ],
            [
                0.0,
                5.092885011278528e-10,
                0.9999999791188479,
                1.7183989311765693e-08,
                3.187874449943316e-09
            ],
            [
                4.21104985119357e-07,
                0.9999965616596386,
                2.860312268735535e-06,
                1.5526077800248034e-07,
                1.662329491393689e-09
            ],
            [
                0.9981682628145044,
                0.0017542454744335046,
                5.783808577387325e-07,
                3.099724277998607e-06,
                7.38136059262836e-05
            ]
        ],
        [
            [
                0.9983069237885324,
                8.010163927954716e-06,
                8.726721644119394e-07,
                5.133211869161407e-06,
                0.0016790601635061134
            ],
            [
                5.582414251885071e-08,
                0.9961487667339383,
                0.003846180406190717,
                4.9790525316149885e-06,
                1.7983196722145638e-08
            ],
            [
                0.0,
                5.123693259363213e-10,
                0.9999999916219172,
                6.0732231161701e-09,
                1.7924904163972902e-09
            ],
            [
                0.9999993184337351,
                2.1063011823642188e-07,
                1.2783923849231e-08,
                1.5610281939118974e-08,
                4.4254194090763475e-07
            ],
            [
                0.9999998335543966,
                1.4109554475058315e-07,
                1.194539523143823e-08,
                5.740981915649674e-09,
                7.663681558760425e-09
            ]
        ],
        [
            [
                0.9999529049646725,
                4.00771437148246e-05,
                2.376517349604152e-07,
                4.739484980635547e-07,
                6.30629137963969e-06
            ],
            [
                1.5008674236115697e-09,
                5.2541951066358105e-08,
                0.9999995048063226,
                4.3610453934591565e-07,
                5.0463196235254446e-09
            ],
            [
                0.0,
                4.960913169222627e-10,
                0.9999999936885797,
                4.765027562619691e-09,
                1.0503014484663644e-09
            ],
            [
                0.06891375156499996,
                4.641260105245351e-05,
                2.671519211361092e-05,
                7.554776143600365e-05,
                0.930937572880398
            ],
            [
                0.9999678016146937,
                3.128476516492554e-05,
                2.7084829375279367e-07,
                2.8945101967393915e-07,
                3.5332082776508296e-07
            ]
        ],
        [
            [
                0.999995109039359,
                4.788993308423686e-06,
                1.5344804880524574e-08,
                2.7412996400250226e-08,
                5.9209531247524274e-08
            ],
            [
                0.0,
                2.3603990892861688e-07,
                0.9999915415368176,
                8.062501113224875e-06,
                1.599221602701645e-07
            ],
            [
                0.0,
                2.8116584351776854e-09,
                0.9999999347327031,
                5.13104272257571e-08,
                1.1145211149221843e-08
            ],
            [
                0.015054800328617831,
                0.9849286816644603,
                7.445515686766406e-06,
                6.965777447321021e-06,
                2.1067137876529834e-06
            ],
            [
                0.9900496895610843,
                8.875524603524735e-05,
                2.0317594397930305e-06,
                0.00010463550282331017,
                0.009754887930617415
            ]
        ],
        [
            [
                0.9999864328466923,
                1.3355895219009994e-05,
                5.255087318918051e-08,
                1.3845693935337158e-07,
                2.025027618620912e-08
            ],
            [
                2.536157051962601e-09,
                5.761322924516918e-06,
                0.999991672571155,
                2.5576518729780283e-06,
                5.9178905361839715e-09
            ],
            [
                0.0,
                1.4437583121918114e-09,
                0.9999999747448931,
                1.8549232988414572e-08,
                5.262115410291095e-09
            ],
            [
                0.9999937957839088,
                2.5650665515554617e-07,
                2.6058269167793055e-08,
                3.9340996530549105e-08,
                5.882310170442137e-06
            ],
            [
                0.9999296554994991,
                6.790041665060445e-05,
                2.2172607105552664e-07,
                8.554405984283976e-07,
                1.366917180789001e-06
            ]
        ],
        [
            [
                0.9999983192456833,
                1.5351604215621638e-07,
                4.98262451680872e-08,
                5.324522090478404e-08,
                1.4241668084528612e-06
            ],
            [
                4.327977799488769e-09,
                0.9999778808558636,
                2.210040769735102e-05,
                1.4168985548310545e-08,
                2.3947576778070255e-10
            ],
            [
                0.0,
                1.2284726244085737e-09,
                0.9999999936908506,
                2.81591452959943e-09,
                2.264762234313578e-09
            ],
            [
                7.134268888807267e-07,
                0.99306169236977,
                0.006933300173989492,
                4.260214957368684e-06,
                3.381439438196808e-08
            ],
            [
                0.9999967723083848,
                3.696380942612973e-07,
                4.297667344617853e-08,
                6.242844278439806e-08,
                2.752648404862586e-06
            ]
        ],
        [
            [
                0.9965813696670173,
                0.003416429871484538,
                1.1579763530010095e-06,
                9.279301840017066e-07,
                1.1455496116769804e-07
            ],
            [
                0.0,
                1.451835069506089e-06,
                0.9999881087983963,
                1.0373526979634338e-05,
                6.583955464936306e-08
            ],
            [
                0.0,
                3.5367797826502605e-10,
                0.9999999946338445,
                2.45143689374003e-09,
                2.5610405960422053e-09
            ],
            [
                0.9999985989757904,
                6.041561277312746e-07,
                4.1150998079598705e-08,
                6.698309910647363e-08,
                6.887339846786136e-07
            ],
            [
                0.9999989892156804,
                9.304689654294187e-07,
                2.748230925851134e-08,
                2.9056572554986197e-08,
                2.3776472360492622e-08
            ]
        ],
        [
            [
                0.9999993537497307,
                6.311353844380577e-07,
                1.0730231523962867e-08,
                3.980509331849118e-09,
                4.0414409815614687e-10
            ],
            [
                4.4448909927705915e-06,
                0.9988689340480154,
                0.00024419209297068184,
                9.646197381003299e-05,
                0.000785966994211112
            ],
            [
                0.0,
                7.914870676151348e-10,
                0.9999776759833364,
                2.2295378842514064e-05,
                2.7846333929486576e-08
            ],
            [
                1.3832006694408978e-07,
                0.9999942161918932,
                5.369282712258892e-06,
                2.552747474002922e-07,
                2.093058016823073e-08
            ],
            [
                0.9999998371361845,
                1.5212799588800653e-07,
                7.654580408899145e-09,
                1.6764987909567135e-09,
                1.404740345835952e-09
            ]
        ],
        [
            [
                0.999991206916449,
                8.750577266009453e-06,
                2.1288189093174503e-08,
                2.0589936261069372e-08,
                6.281597069104589e-10
            ],
            [
                8.328404977028497e-09,
                0.0008995682488795619,
                0.9990981296262226,
                2.289020054809049e-06,
                4.7764380496372034e-09
            ],
            [
                0.0,
                6.08758925933521e-10,
                0.9999999912268261,
                6.421371464722874e-09,
                1.7430435842507214e-09
            ],
            [
                1.0086510424567e-07,
                0.9999653072778667,
                3.410742395026906e-05,
                4.5135937644141004e-07,
                3.307370233167505e-08
            ],
            [
                0.9860183430027639,
                0.013980917335834285,
                6.07636962150509e-07,
                1.1599797060897542e-07,
                1.602646918895939e-08
            ]
        ],
        [
            [
                0.9999988890828716,
                1.543355932233519e-07,
                2.995012274292135e-08,
                5.103158340368989e-08,
                8.755998291233174e-07
            ],
            [
                1.0709750905951526e-07,
                0.038187036899406016,
                0.9617995359199643,
                1.3243861282280782e-05,
                7.622183832159821e-08
            ],
            [
                0.0,
                1.8347172015138093e-10,
                0.9999999973619629,
                1.6071856888576385e-09,
                8.473797715252307e-10
            ],
            [
                0.9999948252857559,
                9.133940827370483e-07,
                1.383781223387906e-07,
                2.9479365072664057e-07,
                3.82814838839653e-06
            ],
            [
                0.9999886942084525,
                1.074528144963783e-05,
                1.0655734172567373e-07,
                3.353943057190128e-07,
                1.1855845047729898e-07
            ]
        ],
        [
            [
                0.9999923689218145,
                4.15905339054347e-07,
                3.249809044558041e-08,
                4.881705944804697e-08,
                7.1338576966381625e-06
            ],
            [
                1.2618417037755428e-08,
                0.0005669379414855849,
                0.9994325278784567,
                5.208225837188264e-07,
                7.390569118070565e-10
            ],
            [
                0.0,
                4.481401243850198e-10,
                0.9999999911008636,
                7.458218841808883e-09,
                9.927775101298047e-10
            ],
            [
                0.9999980724923687,
                1.1123168591170426e-06,
                7.819788554891012e-08,
                1.3283678902948735e-07,
                6.041560977371325e-07
            ],
            [
                0.9994480718435041,
                0.00015125171766777485,
                9.350349811077218e-07,
                3.066582579401478e-05,
                0.0003690755780528181
            ]
        ],
        [
            [
                0.9999885370351608,
                1.0801357706030075e-05,
                3.5831472582465907e-07,
                2.453900033662133e-07,
                5.7902404131024576e-08
            ],
            [
                4.377861413733067e-08,
                0.9566202840280587,
                0.04337662652195011,
                3.0405906172886556e-06,
                5.080759815316899e-09
            ],
            [
                0.0,
                1.0771976729788378e-09,
                0.9999999778230968,
                1.655843141118267e-08,
                4.54127405931541e-09
            ],
            [
                0.9998845908355909,
                1.852453799771062e-06,
                7.05784270604472e-08,
                4.233550853583501e-07,
                0.00011306277709699542
            ],
            [
                0.13834716583149265,
                0.15041377364744518,
                7.404365874940725e-05,
                0.00046889529175618084,
                0.7106961215705565
            ]
        ],
        [
            [
                0.9999918476251892,
                6.598331014470734e-06,
                2.733664721416134e-07,
                6.317411865495098e-07,
                6.48936137447747e-07
            ],
            [
                6.675323542600508e-09,
                1.0282497751256098e-05,
                0.9999886871325426,
                1.0155809245017318e-06,
                8.113458128471787e-09
            ],
            [
                0.0,
                8.321493900503257e-10,
                0.9999999888793366,
                8.876183883790991e-09,
                1.4123299266733407e-09
            ],
            [
                0.99997745594224,
                1.314102671182266e-06,
                2.2819428253784033e-08,
                2.5409433533011507e-07,
                2.095304132521796e-05
            ],
            [
                3.475652638010179e-05,
                7.606767357277196e-06,
                5.574339551800939e-06,
                0.00027613701029639083,
                0.9996759253564144
            ]
        ],
        [
            [
                0.999999866237617,
                8.138881105686199e-08,
                2.0554816754547983e-08,
                1.4532991488422809e-08,
                1.7285763679584136e-08
            ],
            [
                2.7900295539953553e-08,
                0.9999721936714671,
                2.7725304366401324e-05,
                5.2860092794838315e-08,
                2.6377832372127837e-10
            ],
            [
                0.0,
                7.759474089768395e-10,
                0.9999999703530182,
                2.4961054417845947e-08,
                3.909979870430233e-09
            ],
            [
                0.007317257464435752,
                0.9922499707869625,
                0.00021935103155745097,
                7.893519830369476e-05,
                0.00013448551874055612
            ],
            [
                0.9999490794061575,
                4.182880209508027e-05,
                3.698905773352894e-07,
                9.564148624373297e-07,
                7.76548630787148e-06
            ]
        ],
        [
            [
                0.9999989495004048,
                7.347479905731925e-07,
                8.1967410637374e-08,
                1.0012675575581799e-07,
                1.3365743825658554e-07
            ],
            [
                2.5254914956951907e-07,
                0.9991531091850775,
                0.0008392558379799721,
                7.129878643230517e-06,
                2.5254914956951907e-07
            ],
            [
                0.0,
                3.9345459022728845e-10,
                0.9999999960327854,
                2.6392692637517324e-09,
                9.34490697443119e-10
            ],
            [
                0.16325796585078794,
                1.4772353160090158e-05,
                1.8114341318043016e-06,
                0.0001401807806793193,
                0.8365852695812408
            ],
            [
                0.8543047369062812,
                0.00011362063639624774,
                2.4288122434061654e-06,
                0.00020046868312621752,
                0.14537874496195302
            ]
        ],
        [
            [
                0.9999989400284143,
                1.028349280446163e-06,
                2.61318331434778e-08,
                4.659442514804551e-09,
                8.310296016567497e-10
            ],
            [
                8.960337320095754e-08,
                0.9999990244943928,
                8.800442969450576e-07,
                5.7788402279053014e-09,
                7.90969035321672e-11
            ],
            [
                0.0,
                4.050995483202913e-10,
                0.999999994442724,
                3.729249904967225e-09,
                1.4229265133988044e-09
            ],
            [
                0.9999982245137139,
                1.0705170521396367e-06,
                7.764367864152198e-08,
                1.082756387872456e-07,
                5.190499164918947e-07
            ],
            [
                0.9999890645039018,
                1.0926524021616093e-05,
                7.661387589479668e-09,
                1.2545408739309488e-09,
                5.614815397291997e-11
            ]
        ],
        [
            [
                0.9999987167838458,
                6.311354338496343e-07,
                4.398039979563584e-08,
                7.819788932157925e-08,
                5.299024311891696e-07
            ],
            [
                1.2843232938160274e-07,
                0.9999948381686548,
                5.018017695493791e-06,
                1.5203306661621934e-08,
                1.7801352856096903e-10
            ],
            [
                0.0,
                3.7213041794424524e-10,
                0.999999996173796,
                2.9468964272010167e-09,
                5.071772092001276e-10
            ],
            [
                0.999203804311534,
                1.4320818325215977e-05,
                2.773196578487794e-07,
                2.8054273523190925e-06,
                0.0007787921231305838
            ],
            [
                0.9999693674745719,
                3.0092922514230116e-05,
                9.570740786861706e-08,
                1.5248793796085082e-07,
                2.914075680674938e-07
            ]
        ],
        [
            [
                0.9999998261589094,
                2.923529861231056e-08,
                1.018061324492739e-08,
                1.678745892897933e-08,
                1.1763771980516366e-07
            ],
            [
                4.304310129994527e-09,
                1.6698348192538294e-06,
                0.9999978805918078,
                4.412418549640099e-07,
                4.027207861056063e-09
            ],
            [
                0.0,
                3.2689345908127443e-10,
                0.9999999837168843,
                1.1540305994519661e-08,
                4.415916321448304e-09
            ],
            [
                3.985349257407709e-05,
                0.3371083266384382,
                0.6538902625524576,
                0.008203459832279356,
                0.0007580974842506869
            ],
            [
                0.007759631424866949,
                0.25026400703007906,
                5.849185503615307e-05,
                0.0009001806084155391,
                0.7410176890816023
            ]
        ],
        [
            [
                0.9999996521005966,
                2.892840686821385e-07,
                2.164946915104123e-08,
                1.3562654604350673e-08,
                2.340321106694546e-08
            ],
            [
                4.450262371924464e-09,
                2.846036694191095e-05,
                0.9999709410773808,
                5.924509141202191e-07,
                1.6545006616201714e-09
            ],
            [
                0.0,
                2.835246251013787e-09,
                0.9999999232405311,
                6.563192476657014e-08,
                8.292297840250893e-09
            ],
            [
                0.9995268417735116,
                2.0805632690095225e-05,
                4.0408923162927055e-07,
                2.0620493429318747e-06,
                0.0004498864552237792
            ],
            [
                0.0008115556152709627,
                0.9991873685829377,
                5.968680839004019e-07,
                2.631819470103012e-07,
                2.1575176040619646e-07
            ]
        ],
        [
            [
                0.9999974196290565,
                2.148365704589689e-06,
                7.800378844308043e-08,
                9.108389183379594e-08,
                2.629175585759802e-07
            ],
            [
                2.7453378011226235e-09,
                3.5067177035036612e-06,
                0.9999962163769394,
                2.7199992823905975e-07,
                2.1600911173482924e-09
            ],
            [
                0.0,
                2.246515185121931e-10,
                0.9999999974063574,
                1.9903107502958293e-09,
                3.78680486213597e-10
            ],
            [
                0.9341795982069332,
                0.0007939226356170067,
                2.885174472994894e-06,
                8.423180419124344e-05,
                0.06493936217878567
            ],
            [
                0.20917665684398157,
                7.842571890063342e-05,
                5.7619657839004216e-06,
                0.00011786148633104744,
                0.7906212939850029
            ]
        ],
        [
            [
                0.9941118157852391,
                0.005883393439643368,
                1.839489845204705e-06,
                2.5410657935776502e-06,
                4.102194786970023e-07
            ],
            [
                4.127769791384152e-09,
                0.00015461560408701274,
                0.9998251231855049,
                2.017630393207202e-05,
                8.077870625014129e-08
            ],
            [
                0.0,
                1.765709596717642e-10,
                0.9999999962582187,
                2.8522286091141863e-09,
                7.129816708612157e-10
            ],
            [
                0.9999992389202836,
                6.221800931426003e-07,
                1.8608198206864772e-08,
                4.216375978459371e-08,
                7.812766514246139e-08
            ],
            [
                0.9999984799572736,
                1.8710690446131122e-07,
                2.2941624144334044e-08,
                5.946973676137747e-08,
                1.250524460975717e-06
            ]
        ],
        [
            [
                0.9999985133988217,
                1.3925298800491251e-06,
                4.3218756755647945e-08,
                2.71183884779338e-08,
                2.373415317037587e-08
            ],
            [
                5.75270243399308e-08,
                0.9945162732515497,
                0.005482615652330049,
                1.0514394984764212e-06,
                2.1295974196901107e-09
            ],
            [
                0.0,
                1.6779983859286462e-10,
                0.9999999990391295,
                5.339670260000887e-10,
                2.591035279671183e-10
            ],
            [
                3.733567132910066e-05,
                0.00015764813274474893,
                3.9022509983022954e-05,
                0.00155109625679264,
                0.9982148974291505
            ],
            [
                0.9991992936167101,
                0.0007392959810964202,
                8.234639376043322e-06,
                1.39090739239463e-05,
                3.9266688893355236e-05
            ]
        ],
        [
            [
                0.9999998375579408,
                1.2442604720807284e-07,
                1.1393789443319847e-08,
                1.2437769789104117e-08,
                1.4184452710435696e-08
            ],
            [
                1.0778513115407162e-05,
                0.9999891955664989,
                2.2825782313615172e-08,
                2.99884619905441e-09,
                9.575710246951464e-11
            ],
            [
                0.0,
                4.4232563721718733e-10,
                0.9999999926409449,
                4.49002779851876e-09,
                2.4267015906965317e-09
            ],
            [
                0.9988159916478921,
                0.0011833085126243094,
                5.786804154923184e-07,
                1.1363812331147691e-07,
                7.520944884782638e-09
            ],
            [
                0.9999994135635272,
                2.1021070769254986e-07,
                2.664550926841052e-08,
                6.936225810080763e-08,
                2.8021799778627436e-07
            ]
        ],
        [
            [
                0.9999985035681362,
                1.474394432664513e-06,
                1.8018631422741077e-08,
                3.2589756857678655e-09,
                7.598240002070156e-10
            ],
            [
                1.0930284127839676e-09,
                3.124218592838626e-07,
                0.999999473674794,
                2.101854372468978e-07,
                2.624881043113895e-09
            ],
            [
                0.0,
                2.602352406148923e-10,
                0.9999999972525233,
                1.7818483246234092e-09,
                7.05393277837461e-10
            ],
            [
                0.002461136644018909,
                0.9964045964436231,
                0.00017271217197053462,
                0.00028182323564329557,
                0.0006797315047441004
            ],
            [
                0.9998912071036417,
                0.00010448364361894907,
                7.396510477894081e-07,
                1.753682460815037e-06,
                1.8159192308749015e-06
            ]
        ],
        [
            [
                0.9999951086678213,
                4.7273083203060865e-06,
                4.5267824600829575e-08,
                8.865512070399258e-08,
                3.010091307602878e-08
            ],
            [
                4.911402829987939e-09,
                1.686799066089445e-06,
                0.9999977456247324,
                5.480743698521935e-07,
                1.4590428945939647e-08
            ],
            [
                0.0,
                1.3107488050419823e-09,
                0.9999999801920534,
                1.2491809889222433e-08,
                6.005388008897221e-09
            ],
            [
                0.00019823085566696676,
                2.1790966288811566e-06,
                6.196557471530479e-07,
                6.856325218031963e-06,
                0.999792114066739
            ],
            [
                0.7060766289448983,
                0.2937076947814172,
                1.22262310450785e-05,
                0.00011576838379382943,
                8.768165884561336e-05
            ]
        ],
        [
            [
                0.9999969175623639,
                3.0640320997018565e-06,
                6.931738881536939e-09,
                7.923681201930004e-09,
                3.550116348820021e-09
            ],
            [
                0.0,
                1.39918173486495e-08,
                0.9999998183112555,
                1.60498772977082e-07,
                7.1981541681236675e-09
            ],
            [
                0.0,
                9.514362426171556e-10,
                0.9999999622078001,
                2.9428648818804382e-08,
                7.412114863428157e-09
            ],
            [
                3.845751160807063e-05,
                0.9999601606151821,
                7.587563065955877e-07,
                5.809480757123692e-07,
                4.216882755346195e-08
            ],
            [
                0.004096725979066206,
                2.3417580050592647e-05,
                7.803645512382311e-06,
                0.0009765243085183355,
                0.9948955284868525
            ]
        ],
        [
            [
                0.9885608480482518,
                0.011386449009733299,
                1.7099792108793142e-05,
                1.8692677279016622e-05,
                1.6910472627136726e-05
