{
    "[['A', 'B', 'C', 'D', 'E'], ['A', 'B', 'C', 'D', 'E']]": [
        [
            [
                0.9999979895202599,
                2.0091213027789306e-06,
                1.346999362550429e-09,
                1.1154977909757879e-11,
                2.83072849343845e-13
            ],
            [
                0.9999997795330919,
                2.192630931810574e-07,
                1.1948534541198195e-09,
                8.665263850895687e-12,
                2.9611961832914267e-13
            ],
            [
                0.0,
                2.3925593730817796e-12,
                0.9999999998879618,
                3.061024743884252e-11,
                7.903537612150139e-11
            ],
            [
                0.0,
                7.564899946330034e-12,
                1.5856847361288047e-10,
                1.0832143812287126e-08,
                0.9999999890017227
            ],
            [
                0.0,
                9.099323914567929e-12,
                9.033172344497638e-10,
                7.364319653013786e-08,
                0.9999999254443869
            ]
        ],
        [
            [
                0.9999998367512234,
                1.626887687940031e-07,
                5.560422177226635e-10,
                3.778590276802197e-12,
                1.8689819757055528e-13
            ],
            [
                0.9960670456630831,
                0.003932954038678884,
                2.936436272424916e-10,
                4.487768926368473e-12,
                1.0688085599036038e-13
            ],
            [
                0.0,
                9.709022873583505e-12,
                0.9999999997325273,
                1.339126608402735e-10,
                1.2385085525240855e-10
            ],
            [
                0.0,
                1.2424687171485127e-11,
                4.904622867576735e-10,
                8.591995375362711e-08,
                0.9999999135771592
            ],
            [
                0.0,
                2.8168664284634725e-12,
                1.6987142108587731e-10,
                2.3515912700139783e-09,
                0.9999999974757203
            ]
        ],
        [
            [
                0.999999000799237,
                9.985207552444915e-07,
                6.681637902514467e-10,
                1.1679083212831156e-11,
                1.6496854246121905e-13
            ],
            [
                0.9992426638097056,
                0.0007573343977096718,
                1.7877103512377727e-09,
                4.736197155157082e-12,
                1.3820941887034573e-13
            ],
            [
                0.0,
                1.1057254445054061e-12,
                0.9999999999704376,
                1.1727433548448803e-11,
                1.672916405508316e-11
            ],
            [
                0.0,
                2.0843411087489336e-12,
                3.0963171541868794e-10,
                2.695800309093676e-08,
                0.999999972730281
            ],
            [
                0.0,
                2.150812906947744e-12,
                7.799235946569412e-11,
                1.722063053955143e-09,
                0.9999999981977938
            ]
        ],
        [
            [
                0.9999999326648784,
                6.663013829253386e-08,
                6.924652634786407e-10,
                1.2197463260948882e-11,
                3.205947582619801e-13
            ],
            [
                0.9999920604885721,
                7.938881775627202e-06,
                6.236268924994132e-10,
                5.8797630514892625e-12,
                1.4555952987682603e-13
            ],
            [
                0.0,
                7.284479578108346e-12,
                0.9999999996742501,
                1.2437449268792226e-10,
                1.940910403191846e-10
            ],
            [
                0.0,
                4.360842969667711e-12,
                1.3317583589640693e-09,
                1.4057133986029246e-07,
                0.999999858092541
            ],
            [
                0.0,
                9.955602132216337e-12,
                3.4124860427140236e-09,
                1.8764424408973077e-07,
                0.9999998089333143
            ]
        ],
        [
            [
                0.9999976542475987,
                2.3451404961989068e-06,
                6.004720986709965e-10,
                1.1221194686748102e-11,
                2.1170426253730687e-13
            ],
            [
                0.999998080752089,
                1.918012965085515e-06,
                1.2284702744178926e-09,
                6.258521186862237e-12,
                2.1710116643313496e-13
            ],
            [
                0.0,
                6.830899737698902e-13,
                0.9999999999667055,
                1.7211385873533565e-11,
                1.5400080072404193e-11
            ],
            [
                0.0,
                1.0123244569259959e-11,
                1.3788978135978637e-09,
                1.0675588981003704e-07,
                0.9999998918550891
            ],
            [
                0.0,
                1.1789956386317503e-12,
                5.939958566169682e-11,
                8.714835863625367e-09,
                0.9999999912245855
            ]
        ],
        [
            [
                0.9999599771677208,
                4.00223744718104e-05,
                4.478393681253895e-10,
                9.887797044618005e-12,
                8.024727388468695e-14
            ],
            [
                0.9999785170600523,
                2.1482437256794773e-05,
                4.981868652157182e-10,
                4.3957999980054554e-12,
                1.0845119429865628e-13
            ],
            [
                0.0,
                1.875060160978495e-12,
                0.9999999999280333,
                1.605771501377525e-11,
                5.40336215181336e-11
            ],
            [
                0.0,
                8.208160264802933e-12,
                1.0683175269753964e-09,
                4.348484317445649e-08,
                0.9999999554386312
            ],
            [
                0.0,
                8.63477481324112e-12,
                8.920256187446194e-10,
                6.009275821953743e-08,
                0.9999999390065814
            ]
        ],
        [
            [
                0.9999999425219754,
                5.608315910023182e-08,
                1.3889811565562255e-09,
                5.579954485322699e-12,
                3.0437883780715674e-13
            ],
            [
                0.9999987253673521,
                1.2740121988678704e-06,
                6.128165821745954e-10,
                7.283812964079894e-12,
                3.486068602476739e-13
            ],
            [
                0.0,
                2.2977234679505264e-11,
                0.9999999946817641,
                4.4670409958205825e-09,
                8.28217697239321e-10
            ],
            [
                0.0,
                1.3292465372376305e-12,
                6.174271024397182e-11,
                3.522159854949587e-09,
                0.9999999964147681
            ],
            [
                0.0,
                4.360843047137545e-12,
                4.339912450136524e-10,
                4.494937691688642e-09,
                0.9999999950667102
            ]
        ],
        [
            [
                0.9999987613661777,
                1.2381638105413452e-06,
                4.616747146172805e-10,
                8.214424967341594e-12,
                1.2270813896421805e-13
            ],
            [
                0.9999985535802328,
                1.4450925839971613e-06,
                1.32149031931792e-09,
                5.553802684382316e-12,
                1.3926763782291896e-13
            ],
            [
                0.0,
                3.3422290090622945e-12,
                0.999999999903948,
                4.7001399651757925e-11,
                4.570858893991063e-11
            ],
            [
                0.0,
                5.09385116078338e-12,
                5.897604509355098e-10,
                1.6898847191856109e-07,
                0.9999998304166738
            ],
            [
                0.0,
                6.552172377068461e-12,
                3.2706062376574514e-10,
                6.170089811070589e-08,
                0.9999999379654891
            ]
        ],
        [
            [
                0.9999996287145183,
                3.705656621582515e-07,
                7.072254314315699e-10,
                1.2336770679842301e-11,
                2.57417483818172e-13
            ],
            [
                0.9999986544888294,
                1.3452425972997534e-06,
                2.641352741715101e-10,
                4.282054951602855e-12,
                1.5590780997023096e-13
            ],
            [
                0.0,
                2.681027050145774e-12,
                0.9999999998397713,
                6.095812461113389e-11,
                9.658953732340279e-11
            ],
            [
                0.0,
                2.919886650581095e-11,
                2.234652970350264e-09,
                2.1124628846652793e-07,
                0.9999997864898597
            ],
            [
                0.0,
                3.1387695701567486e-12,
                6.45440847693754e-11,
                2.792525138329003e-09,
                0.9999999971397919
            ]
        ],
        [
            [
                0.9999970104239035,
                2.9892655518229247e-06,
                3.0856933045284547e-10,
                1.855379547328405e-12,
                1.1998020857113628e-13
            ],
            [
                0.9999825752661974,
                1.7424537720782883e-05,
                1.9521189207751646e-10,
                8.29264422621914e-13,
                4.070466374328026e-14
            ],
            [
                0.0,
                0.0,
                0.999999999972681,
                8.221024130876457e-12,
                1.9098127607968886e-11
            ],
            [
                0.0,
                6.834213206421748e-12,
                4.848850590117027e-10,
                6.179490887131119e-07,
                0.999999381559192
            ],
            [
                0.0,
                1.835723558009027e-12,
                1.7691819703654438e-10,
                6.313434211230117e-08,
                0.9999999366869039
            ]
        ],
        [
            [
                0.9999994733053662,
                5.261247515360538e-07,
                5.636428038044321e-10,
                5.87784506825472e-12,
                3.617629817855584e-13
            ],
            [
                0.9999987259806845,
                1.273305270094644e-06,
                7.101763108989656e-10,
                3.757217376250136e-12,
                1.1195614789796643e-13
            ],
            [
                0.0,
                1.057984394172344e-12,
                0.9999999999259928,
                3.1231369811052316e-11,
                4.171780588227247e-11
            ],
            [
                0.0,
                1.2994463297485284e-11,
                4.3873051841930065e-09,
                1.8066561404834193e-07,
                0.9999998149340863
            ],
            [
                0.0,
                2.030898977447354e-12,
                8.4983798058152e-11,
                2.76053877297603e-09,
                0.9999999971524465
            ]
        ],
        [
            [
                0.9999990784872307,
                9.210682042762184e-07,
                4.4060119039662e-10,
                3.873306205087716e-12,
                9.049899070297954e-14
            ],
            [
                0.9999862292516922,
                1.3770319899302569e-05,
                4.194298271218197e-10,
                8.885131408831856e-12,
                9.342892459559732e-14
            ],
            [
                0.0,
                9.744192541002046e-13,
                0.9999999999639557,
                1.2257750673964056e-11,
                2.2812256820469176e-11
            ],
            [
                0.0,
                2.2196246122443907e-12,
                5.81350375739143e-11,
                1.394952935682093e-08,
                0.9999999859901161
            ],
            [
                0.0,
                3.656332868553753e-12,
                2.2544518788943438e-10,
                2.4767561900922483e-08,
                0.9999999750033366
            ]
        ],
        [
            [
                0.9999999365612483,
                5.943254506464699e-08,
                3.979401443909407e-09,
                2.6406464126107807e-11,
                3.9871579826706585e-13
            ],
            [
                0.9999965246923473,
                3.4743316376524502e-06,
                9.594765918739876e-10,
                1.6110726631872955e-11,
                4.275646255022761e-13
            ],
            [
                0.0,
                7.869203664775504e-13,
                0.9999999999771441,
                8.214221670938196e-12,
                1.3854739737053309e-11
            ],
            [
                0.0,
                1.2534919047654127e-11,
                2.0130998127112422e-09,
                1.7542509574808323e-08,
                0.9999999804318557
            ],
            [
                0.0,
                1.8536604688114934e-12,
                2.0195328649816472e-10,
                4.592097994901575e-09,
                0.999999995204095
            ]
        ],
        [
            [
                0.9999960222042684,
                3.977058673747831e-06,
                7.210586460806057e-10,
                1.5781708466721878e-11,
                2.1756875313153367e-13
            ],
            [
                0.9999995311306571,
                4.6784288383239724e-07,
                1.0218914570463955e-09,
                4.0851317466792654e-12,
                4.824056363256066e-13
            ],
            [
                0.0,
                3.892205565219023e-12,
                0.9999999998723188,
                7.530899449628311e-11,
                4.847997448725348e-11
            ],
            [
                0.0,
                3.255590751089098e-12,
                7.153108980697383e-10,
                1.1540900363704643e-08,
                0.9999999877405331
            ],
            [
                0.0,
                2.451119879910369e-12,
                1.5150866803401797e-10,
                6.083814463317541e-07,
                0.9999993914645939
            ]
        ],
        [
            [
                0.999999518757453,
                4.78511037288229e-07,
                2.6881177875571416e-09,
                4.2893814836453286e-11,
                4.980844525698168e-13
            ],
            [
                0.9999981867086157,
                1.81268180298597e-06,
                6.06650506537119e-10,
                2.843690454050151e-12,
                8.71237043076649e-14
            ],
            [
                0.0,
                1.3800007507061035e-12,
                0.9999999999842535,
                5.771979760839935e-12,
                8.59456728456242e-12
            ],
            [
                0.0,
                6.644521751483744e-12,
                4.534347684437711e-10,
                3.52240842783237e-09,
                0.9999999960175123
            ],
            [
                0.0,
                3.155998588729033e-12,
                1.2754610785299035e-10,
                3.979234226804423e-09,
                0.9999999958900636
            ]
        ],
        [
            [
                0.9999987782577684,
                1.2210726550840389e-06,
                6.618308188471194e-10,
                7.536786956470968e-12,
                2.0894389662192723e-13
            ],
            [
                0.9999917955356894,
                8.20355303105924e-06,
                9.081578168450092e-10,
                3.002413214254511e-12,
                1.1934980679849403e-13
            ],
            [
                0.0,
                3.2398752247713603e-12,
                0.9999999998685121,
                3.282516001193658e-11,
                9.542309311050211e-11
            ],
            [
                0.0,
                2.4918382590776406e-12,
                2.059136765494645e-10,
                8.975932955072842e-09,
                0.9999999908156615
            ],
            [
                0.0,
                3.2911155014073994e-12,
                2.9244304981440193e-10,
                9.738953967137422e-09,
                0.9999999899653119
            ]
        ],
        [
            [
                0.9999989206555541,
                1.0777439393971777e-06,
                1.5940216125377237e-09,
                6.2836755296009866e-12,
                2.01392528269668e-13
            ],
            [
                0.9999988686767354,
                1.129963641790457e-06,
                1.3520855747783208e-09,
                7.277424400113701e-12,
                2.5988215715117433e-13
            ],
            [
                0.0,
                3.19767410613231e-12,
                0.9999999998752624,
                5.2020647076288493e-11,
                6.95193669454114e-11
            ],
            [
                0.0,
                1.496548728041822e-12,
                7.729558069014995e-11,
                9.661266619900624e-09,
                0.9999999902599414
            ],
            [
                0.0,
                1.7767888819943205e-12,
                1.1870817426015e-10,
                6.4303030966197e-10,
                0.9999999992364847
            ]
        ],
        [
            [
                0.9999998745722237,
                1.2478576042404057e-07,
                6.328968509280346e-10,
                9.014849210227018e-12,
                1.0404773333385074e-13
            ],
            [
                0.5667946983273802,
                0.43320529454818374,
                7.080207776832167e-09,
                4.298579078398802e-11,
                1.242425410627804e-12
            ],
            [
                0.0,
                8.877469618149139e-13,
                0.999999999949299,
                1.5672819119576132e-11,
                3.4140383646265775e-11
            ],
            [
                0.0,
                6.082812796942363e-12,
                1.6926725862467386e-10,
                1.6368696061170948e-09,
                0.9999999981877803
            ],
            [
                0.0,
                1.1275253208303327e-12,
                5.426476484411707e-11,
                1.3632751197642883e-09,
                0.9999999985813326
            ]
        ],
        [
            [
                0.9999993186962067,
                6.804627027628157e-07,
                8.290127001256139e-10,
                1.1864338015863688e-11,
                2.1363588682335524e-13
            ],
            [
                0.9999983777597563,
                1.6217890623980617e-06,
                4.478564589737984e-10,
                3.1340736606020558e-12,
                1.9086892920630198e-13
            ],
            [
                0.0,
                1.646641007466252e-11,
                0.9999999995875073,
                2.448898044728504e-10,
                1.5113634408948025e-10
            ],
            [
                0.0,
                1.947962387585403e-12,
                1.5726637867643305e-10,
                5.821676505904689e-09,
                0.9999999940191091
            ],
            [
                0.0,
                4.33645759770302e-12,
                2.6302372980341175e-10,
                4.695521156555146e-09,
                0.9999999950371186
            ]
        ],
        [
            [
                0.9999857590794887,
                1.4240601784541072e-05,
                3.15248815316015e-10,
                3.3756521499682566e-12,
                1.0220433033184603e-13
            ],
            [
                0.9999996470366882,
                3.5213036700167064e-07,
                8.233916208238791e-10,
                9.361684969021334e-12,
                1.915454366629072e-13
            ],
            [
                0.0,
                2.6563212646701916e-11,
                0.999999994897721,
                4.180467017013192e-09,
                8.952487258822192e-10
            ],
            [
                0.0,
                9.026372319598677e-13,
                6.454408490680414e-11,
                6.655385853781639e-10,
                0.9999999992690147
            ],
            [
                0.0,
                2.1978612545800187e-12,
                1.655307817681222e-10,
                8.30361378865021e-09,
                0.9999999915286576
            ]
        ],
        [
            [
                0.9999999576666105,
                4.1631384840831714e-08,
                6.839892707298636e-10,
                1.762303681591794e-11,
                3.923583392694383e-13
            ],
            [
                0.9999970806090227,
                2.918696691350478e-06,
                6.904420831974077e-10,
                3.557824769101904e-12,
                2.8596363557984016e-13
            ],
            [
                0.0,
                1.1360760448893436e-12,
                0.9999999999872795,
                6.2435341967186445e-12,
                5.340958432460578e-12
            ],
            [
                0.0,
                1.8120377030844834e-11,
                2.5254167059674037e-09,
                1.2014608201246721e-08,
                0.9999999854418546
            ],
            [
                0.0,
                8.353512983194633e-12,
                4.658213718123394e-10,
                2.0295090426269605e-08,
                0.9999999792307348
            ]
        ],
        [
            [
                0.999997395335806,
                2.604229707904401e-06,
                4.259861159135128e-10,
                8.304234871694193e-12,
                1.9576567854480382e-13
            ],
            [
                0.9999173676181994,
                8.263113421657263e-05,
                1.231470774283591e-09,
                1.5950144734355005e-11,
                1.6313028172389083e-13
            ],
            [
                0.0,
                6.839608594444935e-13,
                0.9999999999444955,
                2.6953181203290485e-11,
                2.7867439145382038e-11
            ],
            [
                0.0,
                1.8009797743859056e-12,
                7.298752517664506e-11,
                2.836657910315733e-09,
                0.9999999970885536
            ],
            [
                0.0,
                1.6425976712429965e-11,
                2.303592891808441e-09,
                7.02172372324903e-08,
                0.9999999274627439
            ]
        ],
        [
            [
                0.9999998514564218,
                1.4732887870301555e-07,
                1.1981076780825835e-09,
                1.6152325366195476e-11,
                4.3946660061639617e-13
            ],
            [
                0.9999987470114964,
                1.2521582229800372e-06,
                8.233900945047582e-10,
                6.783901393360811e-12,
                1.0664729799622783e-13
            ],
            [
                0.0,
                9.288844705285978e-13,
                0.9999999999176392,
                2.9460954005253943e-11,
                5.1971159099209205e-11
            ],
            [
                0.0,
                1.2331530617055775e-10,
                9.413432208133307e-08,
                2.3892342683319954e-05,
                0.9999760133996793
            ],
            [
                0.0,
                3.3598889399676683e-12,
                3.9835150124273525e-10,
                3.6499368519064225e-08,
                0.99999996309892
            ]
        ],
        [
            [
                0.999999393596679,
                6.035577614297186e-07,
                2.8249090488894505e-09,
                2.0125564606863645e-11,
                5.251787175532152e-13
            ],
            [
                0.9999340018149255,
                6.599769848103286e-05,
                4.84472785653955e-10,
                2.0369936753910366e-12,
                8.359769056208089e-14
            ],
            [
                0.0,
                3.5407585028609034e-12,
                0.99999999987394,
                5.058061204764135e-11,
                7.193865000804376e-11
            ],
            [
                0.0,
                5.637841812359972e-12,
                1.3758653634704743e-10,
                5.499733847542716e-09,
                0.9999999943570417
            ],
            [
                0.0,
                2.7017556952844194e-12,
                1.83793250481449e-10,
                3.3319419182547414e-09,
                0.9999999964815631
            ]
        ],
        [
            [
                0.999999703951308,
                2.9435203164196325e-07,
                1.690337519009309e-09,
                6.009377514122875e-12,
                3.134269011534054e-13
            ],
            [
                0.9999907203698634,
                9.279297940662012e-06,
                3.2911503317898836e-10,
                2.9556959739882928e-12,
                1.2510687044670957e-13
            ],
            [
                0.0,
                3.6516216399734165e-12,
                0.9999999998876421,
                3.682117162714012e-11,
                7.188515719379943e-11
            ],
            [
                0.0,
                5.432376419628353e-12,
                1.6932449572011953e-09,
                2.0503169930166894e-08,
                0.9999999777981528
            ],
            [
                0.0,
                2.0092147686177466e-12,
                7.02618729858726e-11,
                2.3659971608751663e-09,
                0.9999999975617317
            ]
        ],
        [
            [
                0.9999949824885938,
                5.016740241054529e-06,
                7.660302085372832e-10,
                4.72912006913849e-12,
                4.06185203198592e-13
            ],
            [
                0.9998732476997342,
                0.0001267518864771047,
                4.117435007368932e-10,
                1.885863198065524e-12,
                1.5945930557657086e-13
            ],
            [
                0.0,
                2.045547405202577e-12,
                0.9999999999250777,
                3.684400371815347e-11,
                3.603275563261907e-11
            ],
            [
                0.0,
                2.0866680882193585e-12,
                2.91699894250246e-10,
                3.854616341093794e-08,
                0.9999999611600501
            ],
            [
                0.0,
                7.493998876925085e-12,
                6.225026341875613e-10,
                9.475064714303807e-10,
                0.999999998422497
            ]
        ],
        [
            [
                0.9999981017635687,
                1.8977458344713701e-06,
                4.810116555032582e-10,
                9.140427391567853e-12,
                4.4461892462488724e-13
            ],
            [
                0.9999931477613333,
                6.851867186258396e-06,
                3.6394846194776005e-10,
                7.386375560428272e-12,
                1.4572479987128388e-13
            ],
            [
                0.0,
                2.344244481762145e-11,
                0.9999999990486059,
                6.769224788642687e-10,
                2.510292662938239e-10
            ],
            [
                0.0,
                4.883241845801586e-12,
                4.946551439577679e-10,
                1.1465490780013546e-08,
                0.9999999880349707
            ],
            [
                0.0,
                1.6459022666011326e-12,
                8.2088380322093e-11,
                3.008653274817971e-10,
                0.9999999996154003
            ]
        ],
        [
            [
                0.9999986636311569,
                1.3357530980949144e-06,
                6.061219450204182e-10,
                8.958917747093243e-12,
                6.641147957813521e-13
            ],
            [
                0.9999989322923962,
                1.0663485784384131e-06,
                1.3469993478651633e-09,
                1.166227746504546e-11,
                3.638368779972596e-13
            ],
            [
                0.0,
                4.95444023958324e-12,
                0.9999999998871456,
                6.12041787252694e-11,
                4.66958011150979e-11
            ],
            [
                0.0,
                7.824826621757353e-13,
                5.5567830236295234e-11,
                3.1845684905157955e-09,
                0.9999999967590811
            ],
            [
                0.0,
                5.1596204110205835e-12,
                5.286608916180232e-10,
                2.1308215208241396e-08,
                0.9999999781579643
            ]
        ],
        [
            [
                0.9999996244693831,
                3.7534519631325245e-07,
                1.810131806448659e-10,
                4.235009944506708e-12,
                1.7234724649294469e-13
            ],
            [
                0.9997124714553146,
                0.00028752699275367503,
                1.541808371651625e-09,
                9.80604192702183e-12,
                3.173278416067955e-13
            ],
            [
                0.0,
                6.26762081817991e-13,
                0.9999999999788076,
                9.599991713459553e-12,
                1.096550050000689e-11
            ],
            [
                0.0,
                9.483371575549905e-12,
                3.6300214929684675e-10,
                4.043449824906156e-08,
                0.9999999591930163
            ],
            [
                0.0,
                1.947962392856444e-12,
                6.649494977664281e-11,
                3.2065226642490466e-09,
                0.9999999967250344
            ]
        ],
        [
            [
                0.9999995032029244,
                4.963125857840363e-07,
                4.734747693959744e-10,
                1.0787324513700992e-11,
                2.2750531295067023e-13
            ],
            [
                0.9999989994406534,
                9.987655156260715e-07,
                1.778381645968031e-09,
                1.527082413226032e-11,
                1.7854746170238466e-13
            ],
            [
                0.0,
                7.421497052451232e-12,
                0.9999999998147941,
                9.137102671657462e-11,
                8.641336065331663e-11
            ],
            [
                0.0,
                9.53764619202667e-12,
                2.3304311765499116e-09,
                3.6304979979210627e-07,
                0.9999996346102313
            ],
            [
                0.0,
                9.175518913308269e-12,
                8.076813868387443e-10,
                4.8762338445212976e-08,
                0.9999999504208046
            ]
        ],
        [
            [
                0.9999991735433245,
                8.262143905157904e-07,
                2.368786523629802e-10,
                4.939824072378834e-12,
                4.665275534994514e-13
            ],
            [
                0.9999962307996236,
                3.7688563115153624e-06,
                3.3955709362262615e-10,
                4.350956489884245e-12,
                1.5673909982958396e-13
            ],
            [
                0.0,
                6.538323843802308e-13,
                0.999999999963957,
                1.8283966881316584e-11,
                1.7104926631183867e-11
            ],
            [
                0.0,
                3.3047087809565204e-12,
                3.410044214595443e-10,
                8.410420375483827e-10,
                0.9999999988146488
            ],
            [
                0.0,
                3.5557015055120844e-12,
                1.571788114759336e-10,
                2.3239074054698662e-08,
                0.9999999766001914
            ]
        ],
        [
            [
                0.9999997931679407,
                2.0595740268438724e-07,
                8.655246280712306e-10,
                8.893778375240813e-12,
                2.3819444587483046e-13
            ],
            [
                0.8873001776916859,
                0.11269981223531109,
                1.0062485680669165e-08,
                1.0123862166464216e-11,
                3.9321916209986015e-13
            ],
            [
                0.0,
                9.904231949012647e-13,
                0.9999999999624161,
                1.4118006184260391e-11,
                2.247568376972024e-11
            ],
            [
                0.0,
                9.120261216857366e-12,
                5.545628962386156e-09,
                2.1309771396964016e-07,
                0.9999997813475368
            ],
            [
                0.0,
                5.354585704866276e-12,
                2.0167652153978774e-10,
                1.3117392247701968e-09,
                0.9999999984812296
            ]
        ],
        [
            [
                0.9999973145090363,
                2.6833477615335115e-06,
                2.13097098455472e-09,
                1.2023347820205502e-11,
                2.0778225587756432e-13
            ],
            [
                0.9999952497909539,
                4.749636561551441e-06,
                5.685253042828373e-10,
                3.8302257824999124e-12,
                1.2901886887962213e-13
            ],
            [
                0.0,
                2.2452834796949058e-12,
                0.9999999999277946,
                2.7869777971622265e-11,
                4.209033699232959e-11
            ],
            [
                0.0,
                3.3436508512140433e-12,
                4.097629525379647e-10,
                1.1559229323497642e-08,
                0.9999999880276641
            ],
            [
                0.0,
                5.036571003902182e-12,
                8.531629243094614e-10,
                4.2900178731582255e-08,
                0.9999999562416216
            ]
        ],
        [
            [
                0.9999993185525894,
                6.799722809869807e-07,
                1.461844473250895e-09,
                1.2911057800424643e-11,
                3.740911718599139e-13
            ],
            [
                0.9999948112536067,
                5.188527339686278e-06,
                2.1793210218832075e-10,
                1.0841196313611179e-12,
                3.7315530781365606e-14
            ],
            [
                0.0,
                6.433044460849735e-12,
                0.9999999995173678,
                3.3643044141939224e-10,
                1.3976867097268253e-10
            ],
            [
                0.0,
                3.4728104823179262e-12,
                4.5092413873806837e-10,
                1.2045745579762316e-08,
                0.9999999874998574
            ],
            [
                0.0,
                3.3888642303417585e-12,
                1.8692308793694664e-10,
                1.0145392294750906e-08,
                0.9999999896642958
            ]
        ],
        [
            [
                0.9999775441575616,
                2.245526929755982e-05,
                5.698584429438942e-10,
                3.1656082877327085e-12,
                1.16809203993309e-13
            ],
            [
                0.9999983779199876,
                1.6217890626579233e-06,
                2.883658567341692e-10,
                2.4792705145935046e-12,
                1.04740260904623e-13
            ],
            [
                0.0,
                4.8653476867219073e-11,
                0.9999999934056236,
                5.283053440404848e-09,
                1.2626692243337922e-09
            ],
            [
                0.0,
                1.3351473967683484e-11,
                1.4717510979953095e-09,
                6.667476067579359e-08,
                0.9999999318401368
            ],
            [
                0.0,
                6.529674760364598e-13,
                4.815282095498472e-11,
                4.600566729946289e-09,
                0.9999999953506276
            ]
        ],
        [
            [
                0.9999997119918235,
                2.875857559758464e-07,
                4.165103939179431e-10,
                5.7824697325579266e-12,
                1.277121721275391e-13
            ],
            [
                0.999960351655157,
                3.9647194495192665e-05,
                1.1341422792057434e-09,
                1.5924489905537715e-11,
                2.8114224411584737e-13
            ],
            [
                0.0,
                7.178246204017887e-13,
                0.9999999999654077,
                1.253238525179456e-11,
                2.1342105660634747e-11
            ],
            [
                0.0,
                5.632467581359105e-12,
                3.559953153904925e-10,
                2.8191940757531405e-08,
                0.9999999714464315
            ],
            [
                0.0,
                1.156227092301533e-12,
                4.981419656379158e-11,
                1.0565522192995178e-09,
                0.9999999988924773
            ]
        ],
        [
            [
                0.999981182550376,
                1.8816195425299343e-05,
                1.2322109292673368e-09,
                2.168129661644095e-11,
                3.063679324390469e-13
            ],
            [
                0.9999121577148516,
                8.78417695946068e-05,
                5.10530497301886e-10,
                4.898335379762542e-12,
                1.2484847049987947e-13
            ],
            [
                0.0,
                2.3990802791535276e-12,
                0.9999999999048941,
                3.980877516400388e-11,
                5.2898037460169884e-11
            ],
            [
                0.0,
                2.155042438125669e-12,
                7.428741379547853e-10,
                2.0855383760007317e-08,
                0.999999978399587
            ],
            [
                0.0,
                5.548445239657561e-12,
                9.247916526178428e-10,
                6.550607484916965e-09,
                0.9999999925190525
            ]
        ],
        [
            [
                0.9999998956491349,
                1.0287587776257943e-07,
                1.4634485670563332e-09,
                1.1073511505256117e-11,
                4.651672130683403e-13
            ],
            [
                0.9999923415052296,
                7.657994754968186e-06,
