{
    "[['A', 'B', 'C', 'D', 'E'], ['A', 'B', 'C', 'D', 'E']]": [
        [
            [
                0.9999851463083319,
                1.4852987673122337e-05,
                6.992847511768012e-10,
                4.357301396554246e-12,
                3.529032062369988e-13
            ],
            [
                6.248685071606397e-05,
                0.9999375123886952,
                7.579697210143812e-10,
                2.4202819079690137e-12,
                1.988064365710278e-13
            ],
            [
                0.0,
                7.151799401888831e-10,
                0.9999999981796353,
                9.548322212346786e-10,
                1.5035256005882108e-10
            ],
            [
                0.0,
                3.9927932767431567e-11,
                3.364910959764632e-08,
                1.2209777040630632e-07,
                0.999999844213192
            ],
            [
                0.0,
                2.708359832208659e-12,
                2.7615906240176834e-10,
                4.986843398675997e-09,
                0.9999999947342892
            ]
        ],
        [
            [
                0.9999989721582007,
                1.0270467750747331e-06,
                7.920247435150669e-10,
                2.8631473901836006e-12,
                1.3646069822600473e-13
            ],
            [
                0.0023393496956892476,
                0.9976606497059514,
                5.953266189701373e-10,
                2.7035960549970846e-12,
                3.292407280529959e-13
            ],
            [
                0.0,
                4.421468167689804e-10,
                0.9999999955034395,
                3.3645756332819505e-09,
                6.898379214612024e-10
            ],
            [
                0.0,
                9.47157309991663e-11,
                2.0570045838329656e-07,
                1.2855219277125403e-05,
                0.9999869389855488
            ],
            [
                0.0,
                6.911871621092358e-12,
                1.70602075569691e-09,
                4.7092819620393806e-08,
                0.9999999511942478
            ]
        ],
        [
            [
                0.9999996410640406,
                3.5822863014478033e-07,
                7.019533543860091e-10,
                5.000322484954002e-12,
                3.7568713519458407e-13
            ],
            [
                7.002631724443629e-06,
                0.999992996062084,
                1.300784219228741e-09,
                5.061417218588201e-12,
                3.4590915198949014e-13
            ],
            [
                1.090933131166216e-09,
                0.7728033813702115,
                0.22719661700159158,
                5.372637109388725e-10,
                0.0
            ],
            [
                0.0,
                4.809737925644309e-11,
                1.06231837797201e-07,
                3.707517906800321e-06,
                0.999996186202158
            ],
            [
                0.0,
                2.155791923955921e-11,
                6.6575987532312755e-09,
                1.9658057828185937e-06,
                0.9999980275150605
            ]
        ],
        [
            [
                0.9999993160702265,
                6.834485152568346e-07,
                4.779853613422505e-10,
                3.104451170728584e-12,
                1.6853861104831175e-13
            ],
            [
                0.999983164861959,
                1.68334960693405e-05,
                1.6348882442047182e-09,
                6.856422106731992e-12,
                2.2688520147470159e-13
            ],
            [
                0.0,
                5.30094686700502e-10,
                0.9999999981731089,
                9.407786770595028e-10,
                3.5601773284773945e-10
            ],
            [
                0.0,
                1.6017010189552644e-10,
                8.068704748567584e-07,
                0.021759909300186554,
                0.9782392836691685
            ],
            [
                0.0,
                1.3145255003778285e-11,
                2.4922603487310416e-09,
                5.276507686517817e-09,
                0.9999999922180868
            ]
        ],
        [
            [
                0.9999989322981694,
                1.0663485784445694e-06,
                1.3469993478729398e-09,
                5.721209881660677e-12,
                5.317069712568968e-13
            ],
            [
                0.41535453138127065,
                0.5846454627679308,
                5.8211099128678995e-09,
                2.8574256589040066e-11,
                1.1143976890870773e-12
            ],
            [
                1.0016021756679948e-10,
                4.058830674776619e-06,
                0.9999959410151534,
                5.40116736803541e-11,
                0.0
            ],
            [
                0.0,
                3.625527418391489e-12,
                1.2394734249693582e-09,
                6.862049174946855e-08,
                0.9999999301364093
            ],
            [
                0.0,
                1.886100654328499e-12,
                8.47338927261878e-11,
                1.1843622501434509e-08,
                0.9999999880697575
            ]
        ],
        [
            [
                0.9999983181374641,
                1.6812502632283732e-06,
                6.09253759612123e-10,
                2.9074365713430462e-12,
                1.1149435739497235e-13
            ],
            [
                1.704732759402176e-07,
                0.9999998219006052,
                7.622527691180375e-09,
                2.9192612321304977e-12,
                6.718278113273263e-13
            ],
            [
                0.0,
                1.5182195850959313e-10,
                0.9999999995964863,
                1.9297404383153184e-10,
                5.871775069968145e-11
            ],
            [
                0.0,
                3.7549248491465955e-12,
                8.138500678569065e-10,
                8.19878949418555e-08,
                0.9999999171945001
            ],
            [
                0.0,
                2.771222833055126e-12,
                6.332844992205158e-10,
                7.282883205500082e-08,
                0.9999999265351123
            ]
        ],
        [
            [
                0.9999997388573586,
                2.5993154172848794e-07,
                1.1963082938391278e-09,
                1.4488077732662603e-11,
                3.0302163920474956e-13
            ],
            [
                0.999945854451746,
                5.414071381956002e-05,
                4.825317546869245e-09,
                8.84451699103864e-12,
                2.7249706443436203e-13
            ],
            [
                1.3129876592914107e-10,
                5.812986569937232e-06,
                0.9999941863247426,
                5.57388683313082e-10,
                0.0
            ],
            [
                0.0,
                5.5681461262177123e-11,
                2.1532391391333863e-08,
                1.363870248868399e-06,
                0.9999986145416783
            ],
            [
                0.0,
                5.571074931001839e-12,
                8.51379685720961e-10,
                1.8983393756825727e-08,
                0.9999999801596555
            ]
        ],
        [
            [
                0.999998776496843,
                1.2210726529338182e-06,
                2.424878562448894e-09,
                5.457415319086893e-12,
                1.6811480452691702e-13
            ],
            [
                0.00025787938580356973,
                0.999742119547738,
                1.0650440456434466e-09,
                1.3070794330531176e-12,
                1.0725069276654097e-13
            ],
            [
                6.320903447116354e-12,
                8.624841209809425e-10,
                0.9999999985713168,
                4.4751744109640137e-10,
                1.1236084716995951e-10
            ],
            [
                0.0,
                6.480077994411879e-11,
                1.452985928509001e-08,
                5.61927550501201e-06,
                0.9999943661298349
            ],
            [
                0.0,
                5.9597244254992226e-12,
                1.1658174655840604e-09,
                1.346006775824125e-07,
                0.9999998642275452
            ]
        ],
        [
            [
                0.9999893194367246,
                1.0680325292568151e-05,
                2.35982614088583e-10,
                1.914721223815235e-12,
                8.55093400266173e-14
            ],
            [
                0.10206391746509615,
                0.8979360772617773,
                5.24398030328853e-09,
                2.6572840150195613e-11,
                2.5734250094230515e-12
            ],
            [
                0.0,
                9.98771149313536e-11,
                0.9999999996056237,
                1.7443797097155142e-10,
                1.2006097307682172e-10
            ],
            [
                0.0,
                1.1651272379529988e-11,
                1.182813667480221e-08,
                1.7740657758996564e-07,
                0.9999998107536344
            ],
            [
                0.0,
                3.278465987364545e-12,
                3.76227667422906e-10,
                1.2036742575823687e-08,
                0.9999999875837512
            ]
        ],
        [
            [
                0.9811519190342081,
                0.018848078364923925,
                2.5896925120289402e-09,
                1.0881431376564907e-11,
                2.9404222094422456e-13
            ],
            [
                0.00035407812226543423,
                0.9996459102376427,
                1.1632681088751086e-08,
                6.24708372870134e-12,
                1.1637872652379679e-12
            ],
            [
                6.126424272437727e-10,
                0.9879846605275122,
                0.012015338330309534,
                5.295358596248657e-10,
                0.0
            ],
            [
                0.0,
                2.3725291413534928e-11,
                3.0070211668140146e-08,
                6.330122029601243e-06,
                0.9999936397840334
            ],
            [
                0.0,
                1.0799058602172758e-11,
                3.1960569343189346e-09,
                3.032594669596252e-08,
                0.9999999664671972
            ]
        ],
        [
            [
                0.9998379926316369,
                0.000162007011451321,
                3.5422143929197186e-10,
                2.5402585055836637e-12,
                1.501313900357494e-13
            ],
            [
                5.134313133775451e-06,
                0.999994864803525,
                8.794548300100932e-10,
                3.5823318212657177e-12,
                3.042761113304876e-13
            ],
            [
                0.0,
                1.3349787372068118e-08,
                0.9999999861876856,
                3.703531180601936e-10,
                9.217393854553978e-11
            ],
            [
                0.0,
                3.142652955318458e-11,
                7.864467105687154e-08,
                9.822338074819347e-06,
                0.9999900989858276
            ],
            [
                0.0,
                1.0773480481471426e-12,
                1.9753106572329226e-10,
                5.05925545106896e-08,
                0.9999999492088371
            ]
        ],
        [
            [
                0.9999950681513372,
                4.930087345819388e-06,
                1.7492682727408469e-09,
                1.1874887088728254e-11,
                1.7384149749579423e-13
            ],
            [
                0.000534312776116873,
                0.9994656860439449,
                1.176241496438817e-09,
                3.3977702027030502e-12,
                2.9896342349054263e-13
            ],
            [
                4.4511661036947747e-11,
                0.9997733361976306,
                0.0002266637081016301,
                4.975608319370891e-11,
                0.0
            ],
            [
                0.0,
                1.591016001724112e-11,
                2.734170610930936e-09,
                6.949733601660259e-08,
                0.9999999277525832
            ],
            [
                0.0,
                1.0969223649999271e-11,
                1.038504681024349e-09,
                1.508011080638884e-07,
                0.999999848149418
            ]
        ],
        [
            [
                0.9999946020756295,
                5.397056610155247e-06,
                8.590462121617332e-10,
                8.33052130143341e-12,
                3.8375947357142427e-13
            ],
            [
                0.001011784694547392,
                0.9989882138846148,
                1.4170168462993678e-09,
                3.4442210537593043e-12,
                3.7678292851655053e-13
            ],
            [
                0.0,
                2.2493804581804648e-09,
                0.9999999971242537,
                4.854949244436532e-10,
                1.4087080095846338e-10
            ],
            [
                0.0,
                3.67428056656318e-11,
                3.705484992080096e-08,
                3.656307227592971e-07,
                0.9999995972776845
            ],
            [
                0.0,
                1.3945856080547913e-12,
                1.3488445576707255e-10,
                3.2716574556699955e-08,
                0.9999999671471465
            ]
        ],
        [
            [
                0.9949694255326706,
                0.005030572177423889,
                2.2797534533918197e-09,
                9.545016696151595e-12,
                6.069956637094606e-13
            ],
            [
                0.0008144872808249253,
                0.999185512054054,
                6.634574748206221e-10,
                1.5056477170049137e-12,
                1.5782475900594312e-13
            ],
            [
                5.873727061593306e-10,
                0.9895987442284011,
                0.010401255000935809,
                1.8329018804984252e-10,
                0.0
            ],
            [
                0.0,
                1.7932682909997722e-11,
                8.015966741195002e-09,
                2.2542716357437045e-06,
                0.9999977376944649
            ],
            [
                0.0,
                4.99601319655819e-12,
                1.5398685066016347e-09,
                5.184163991889366e-08,
                0.9999999466134957
            ]
        ],
        [
            [
                0.9999164607589435,
                8.353861798962224e-05,
                6.186734661616485e-10,
                4.29679813758624e-12,
                9.668523939755672e-14
            ],
            [
                5.4140714026515506e-05,
                0.9999458582740872,
                1.00811338741022e-09,
                3.523525152133417e-12,
                2.49279721342537e-13
            ],
            [
                3.5068226133305488e-09,
                0.19416241950616997,
                0.8058375764105833,
                5.764240382034705e-10,
                0.0
            ],
            [
                0.0,
                6.060372643950039e-11,
                1.8660801937196577e-08,
                9.334090565706791e-07,
                0.9999990478695377
            ],
            [
                0.0,
                2.4015387823957193e-12,
                3.3026012310007635e-10,
                1.6357741221714752e-09,
                0.9999999980315641
            ]
        ],
        [
            [
                0.9999994841975332,
                5.151358705019443e-07,
                6.611192345463644e-10,
                5.2532423624474555e-12,
                2.237228431203786e-13
            ],
            [
                0.9856224293532407,
                0.014377569358569358,
                1.2801924055596739e-09,
                7.692285418816642e-12,
                3.0521191970589683e-13
            ],
            [
                5.777051846624682e-10,
                0.9983350224605547,
                0.0016649769248419947,
                3.689794208585068e-11,
                0.0
            ],
            [
                0.0,
                8.683810878814183e-12,
                1.4888325718861951e-09,
                1.760223618048514e-08,
                0.9999999809002474
            ],
            [
                0.0,
                5.930932536274336e-12,
                1.4704434124499279e-09,
                4.155617635139721e-08,
                0.9999999569674493
            ]
        ],
        [
            [
                0.9999975776966548,
                2.422039481308364e-06,
                2.5826966374009307e-10,
                5.3247650122834714e-12,
                2.6949451551072233e-13
            ],
            [
                9.802027428534215e-05,
                0.9999019790084089,
                7.096441222906078e-10,
                6.70032756279283e-12,
                9.613087485731742e-13
            ],
            [
                1.6846920979043362e-09,
                0.48170810956596827,
                0.5182918883745716,
                3.747680562327969e-10,
                0.0
            ],
            [
                0.0,
                4.2100130316254444e-11,
                9.513169512663756e-09,
                1.593985161639189e-07,
                0.9999998310462141
            ],
            [
                0.0,
                4.473744457455069e-12,
                3.172726150619149e-10,
                3.755075454492651e-08,
                0.9999999621274992
            ]
        ],
        [
            [
                0.9999996269723033,
                3.7094469891057424e-07,
                2.059126017963762e-09,
                2.3472868986708377e-11,
                3.990056218770859e-13
            ],
            [
                0.004520320724968191,
                0.9954796784108475,
                8.585859243740555e-10,
                5.324531496404297e-12,
                2.737363518171841e-13
            ],
            [
                0.0,
                2.936177331376807e-11,
                0.9999999996125617,
                1.3883448498023878e-10,
                2.1924205402548607e-10
            ],
            [
                0.0,
                1.0295777071383537e-10,
                2.108262517563853e-07,
                3.293987786310373e-05,
                0.9999668491929274
            ],
            [
                0.0,
                5.2415025644623395e-12,
                2.939456864689823e-10,
                4.2829013619050076e-06,
                0.9999957167994509
            ]
        ],
        [
            [
                0.9999998012687932,
                1.984759159660136e-07,
                2.52328740841164e-10,
                2.837303033989792e-12,
                1.248594280277237e-13
            ],
            [
                1.0031992603236605e-05,
                0.9999899677536819,
                2.5263452333537215e-10,
                9.656033333212e-13,
                1.1446975589919386e-13
            ],
            [
                1.139953293462326e-11,
                5.901194252720579e-10,
                0.9999999984542491,
                8.235125526960892e-10,
                1.2071930895617779e-10
            ],
            [
                0.0,
                6.792682680528095e-11,
                2.070527578447517e-07,
                0.0006095880439354374,
                0.99939020483538
            ],
            [
                0.0,
                2.608392476906052e-12,
                3.2176529892360405e-10,
                5.946289898642522e-09,
                0.9999999937293365
            ]
        ],
        [
            [
                0.9999697301287008,
                3.0269015428257075e-05,
                8.518800118621042e-10,
                3.8270345420039935e-12,
                1.6387062281655203e-13
            ],
            [
                0.0032894956409696124,
                0.996710500891277,
                3.461738416034214e-09,
                5.3248157934853496e-12,
                6.900539797406617e-13
            ],
            [
                5.261799261076158e-11,
                1.9990519049183078e-07,
                0.9999997997031655,
                2.973817049169455e-10,
                4.1644190313120464e-11
            ],
            [
                0.0,
                8.130144729633488e-12,
                2.200721214738855e-09,
                3.610056911084374e-08,
                0.9999999616905796
            ],
            [
                0.0,
                3.653795237259321e-12,
                1.672104594734976e-09,
                2.650658140168923e-07,
                0.9999997332584276
            ]
        ],
        [
            [
                0.9999998550741365,
                1.4396927189074343e-07,
                9.489316126962524e-10,
                7.424753315040697e-12,
                2.354319561218153e-13
            ],
            [
                0.9999956434375118,
                4.3554327116818704e-06,
                1.1243551572344721e-09,
                5.26722899021598e-12,
                1.5419993211193603e-13
            ],
            [
                0.0,
                2.544347843301767e-07,
                0.9999997453119772,
                1.9655167046390132e-10,
                5.6686723836717484e-11
            ],
            [
                0.0,
                9.050275418581051e-11,
                3.732489771406366e-08,
                3.2639976771822717e-06,
                0.9999966985869223
            ],
            [
                0.0,
                4.590602113867971e-12,
                1.0527161540806694e-09,
                3.221481919978741e-08,
                0.9999999667278741
            ]
        ],
        [
            [
                0.9999993574430194,
                6.410657637101138e-07,
                1.482442707797078e-09,
                8.563852545824979e-12,
                2.103546441148755e-13
            ],
            [
                0.9089796097290815,
                0.09102038769728289,
                2.5617246113382543e-09,
                1.1426112122885e-11,
                4.848390218204569e-13
            ],
            [
                4.886996904179932e-12,
                1.4837743883157102e-10,
                0.9999999993717561,
                2.8954472658968844e-10,
                1.8543448554928647e-10
            ],
            [
                0.0,
                4.389348903771985e-12,
                2.82420188048146e-10,
                3.084829846370825e-09,
                0.9999999966283606
            ],
            [
                0.0,
                2.6062191878616764e-12,
                7.262276297154281e-10,
                3.900784412367514e-07,
                0.9999996091927249
            ]
        ],
        [
            [
                0.9999947353311546,
                5.262369378075722e-06,
                2.285273711639835e-09,
                1.3858598174483722e-11,
                3.3502883123665234e-13
            ],
            [
                4.7010461964669174e-05,
                0.9999529882232558,
                1.3126276607960436e-09,
                2.0029090162954207e-12,
                1.4866785555208e-13
            ],
            [
                5.066864786847934e-12,
                4.899284004558711e-10,
                0.9999999990598061,
                4.009562145558352e-10,
                4.4242582297449894e-11
            ],
            [
                0.0,
                5.97872997204379e-11,
                4.385826420157513e-08,
                1.5917819019821595e-06,
                0.9999983643000465
            ],
            [
                0.0,
                9.856595493982563e-12,
                4.1123512107526855e-09,
                3.837875300884467e-08,
                0.9999999574990392
            ]
        ],
        [
            [
                0.9999992327808628,
                7.634685098511571e-07,
                3.7286309540425215e-09,
                2.1395986890842844e-11,
                6.003337066006513e-13
            ],
            [
                1.5068193973174163e-05,
                0.9999849315232584,
                2.815209475483198e-10,
                1.0614933020092191e-12,
                1.858162156430566e-13
            ],
            [
                3.946371812269983e-12,
                1.241805935111366e-10,
                0.9999999996440889,
                1.2145814277997715e-10,
                1.0632573319276569e-10
            ],
            [
                0.0,
                4.198794319102932e-11,
                1.0395303518748579e-07,
                7.520296721317921e-06,
                0.9999923757082556
            ],
            [
                0.0,
                4.5849321756937646e-12,
                3.115796527662371e-10,
                1.9147388740623647e-07,
                0.9999998082099479
            ]
        ],
        [
            [
                0.9996711652923134,
                0.00032883020257184505,
                4.478096615066763e-09,
                2.6842876441233335e-11,
                1.7527881995579753e-13
            ],
            [
                0.00015306338642008768,
                0.9998469352413557,
                1.3691277899914907e-09,
                2.812614432767528e-12,
                2.837712798404946e-13
            ],
            [
                1.6116213769153542e-09,
                0.9999914040858585,
                8.594290149444768e-06,
                1.237067762250987e-11,
                0.0
            ],
            [
                0.0,
                5.188476791671422e-12,
                2.9822592858886633e-09,
                1.9268654727353966e-07,
                0.999999804326005
            ],
            [
                0.0,
                3.3023096445788845e-11,
                4.900064422501629e-08,
                1.4304213386150147e-06,
                0.9999985205449939
            ]
        ],
        [
            [
                0.9999997281926947,
                2.7058701335911477e-07,
                1.2121704730322884e-09,
                7.92793177605537e-12,
                1.9352146810337065e-13
            ],
            [
                3.7076978491546065e-08,
                0.9999999607355927,
                2.182966258407752e-09,
                4.110251218630774e-12,
                3.524397078615361e-13
            ],
            [
                5.9718999181526405e-12,
                6.449858377304217e-10,
                0.9999999987460206,
                3.9105597351844063e-10,
                2.119655892641549e-10
            ],
            [
                0.0,
                1.2644200031874619e-11,
                3.893317724720494e-09,
                1.8246195274331836e-08,
                0.9999999778478428
            ],
            [
                0.0,
                1.1307693744724564e-11,
                1.772959494875785e-09,
                1.5114429662388697e-06,
                0.9999984867727666
            ]
        ],
        [
            [
                0.9999967807038265,
                3.21901616285444e-06,
                2.786181966518402e-10,
                1.2749854876540753e-12,
                1.1736887208155641e-13
            ],
            [
                2.3550052510579848e-05,
                0.9999764495339408,
                4.117859465262737e-10,
                1.6133874961610195e-12,
                1.4921245217870122e-13
            ],
            [
                0.0,
                9.71691990103078e-11,
                0.9999999997460727,
                7.27053314027261e-11,
                8.405284359623822e-11
            ],
            [
                0.0,
                1.8996477693764352e-11,
                1.3110921023621147e-08,
                6.644104681416497e-08,
                0.9999999204290357
            ],
            [
                0.0,
                1.619137535147174e-11,
                3.4183747659738047e-09,
                3.9336418067394894e-08,
                0.9999999572290157
            ]
        ],
        [
            [
                0.999580932790432,
                0.00041906584745329253,
                1.3555742564705256e-09,
                6.313589680099817e-12,
                2.2678223954195777e-13
            ],
            [
                0.3218457935127948,
                0.6781542023772235,
                4.086462675779581e-09,
                2.2096020911181175e-11,
                1.4230328819797741e-12
            ],
            [
                5.040439354287794e-10,
                0.9988361613793568,
                0.001163838077532121,
                3.906725580996249e-11,
                0.0
            ],
            [
                0.0,
                1.4397867191558613e-10,
                7.657709922083217e-08,
                1.4397292347748413e-06,
                0.9999984835496873
            ],
            [
                0.0,
                3.040339472826145e-11,
                3.144876573692803e-08,
                1.8172410961502197e-06,
                0.9999981512797348
            ]
        ],
        [
            [
                0.9999579994892309,
                4.1999603481615946e-05,
                9.026248023130289e-10,
                4.408814868113811e-12,
                2.5347928237823743e-13
            ],
            [
                0.9999636514673985,
                3.6345965233008327e-05,
                2.558941034428713e-09,
                8.205984844027335e-12,
                2.2141351260717045e-13
            ],
            [
                5.971899921626385e-12,
                2.800321665404666e-10,
                0.9999999993277022,
                3.130151761788e-10,
                7.327850141554629e-11
            ],
            [
                0.0,
                8.476262635168125e-12,
                3.1980694670014478e-09,
                1.9959144505458453e-07,
                0.9999997972020093
            ],
            [
                0.0,
                7.268820197217425e-13,
                1.1743846872936367e-10,
                7.13618750950681e-09,
                0.9999999927456471
            ]
        ],
        [
            [
                0.9999952711656219,
                4.728002856091091e-06,
                8.279760755578322e-10,
                3.3444674441519138e-12,
                2.0152318265595976e-13
            ],
            [
                0.0001653143739712943,
                0.9998346853965627,
                2.2853947088627298e-10,
                8.137277493983523e-13,
                1.1285639911964924e-13
            ],
            [
                0.0,
                1.4875062819914836e-10,
                0.9999999990879347,
                5.366686862603523e-10,
                2.2664593683887257e-10
            ],
            [
                0.0,
                4.202341549622587e-12,
                1.5242352192325587e-09,
                9.46550112579038e-08,
                0.9999999038165511
            ],
            [
                0.0,
                4.6304029042665574e-12,
                2.029495399551704e-10,
                3.265726846911822e-09,
                0.9999999965266932
            ]
        ],
        [
            [
                0.9996650029793113,
                0.00033499490190340225,
                2.1112200135471646e-09,
                7.39778215252086e-12,
                1.6748845734294512e-13
            ],
            [
                0.0004888655336289748,
                0.9995111335391896,
                9.259742381194079e-10,
                9.719319779158335e-13,
                2.3535384285184664e-13
            ],
            [
                0.0,
                8.217234532895573e-11,
                0.9999999990319763,
                5.443355541880771e-10,
                3.415160305871617e-10
            ],
            [
                0.0,
                2.525086636995392e-11,
                2.7416172057727295e-09,
                5.978627879827744e-07,
                0.9999993993703439
            ],
            [
                0.0,
                4.165785363657682e-11,
                4.947453005026934e-08,
                0.00016944899585919965,
                0.9998305014879529
            ]
        ],
        [
            [
                0.9996117604310142,
                0.000388238416954888,
                1.1417191300389171e-09,
                9.867016257371235e-12,
                4.4482672437593445e-13
            ],
            [
                6.712365418637649e-06,
                0.9999932815042547,
                6.114158228061324e-09,
                1.5600196480278392e-11,
                5.682447020911412e-13
            ],
            [
                1.5163327859657493e-10,
                0.007377219636949301,
                0.9926227800725718,
                1.3884561386382827e-10,
                0.0
            ],
            [
                0.0,
                1.8519803004365444e-10,
                2.199552863853218e-07,
                6.087541296834498e-05,
                0.9999389044465473
            ],
            [
                0.0,
                2.9297200444483904e-12,
                6.261655651938664e-10,
                4.802796267089789e-08,
                0.999999951342942
            ]
        ],
        [
            [
                0.9999996126530313,
                3.8607990523470944e-07,
                1.2566794296933255e-09,
                1.0063775388290835e-11,
                3.2050607890439813e-13
            ],
            [
                0.689900022432801,
                0.31009997375435094,
                3.797475338459227e-09,
                1.4760253709238816e-11,
                6.124568861860546e-13
            ],
            [
                1.2053265617204718e-11,
                4.830932641689366e-10,
                0.9999999987097363,
                5.901194254228259e-10,
                2.049974749774736e-10
            ],
            [
                0.0,
                9.790660182551524e-12,
                6.77177211434408e-09,
                1.3084808052337057e-07,
                0.9999998623703567
            ],
            [
                0.0,
                8.543585156331994e-13,
                1.8584343913923267e-10,
                3.5940284161616144e-08,
                0.9999999638730181
            ]
        ],
        [
            [
                0.9999987262608895,
                1.273305270451431e-06,
                4.2858836570547393e-10,
                5.1208549930644145e-12,
                1.3079291876317293e-13
            ],
            [
                0.9861202002731406,
                0.013879797877276258,
                1.83249379627574e-09,
                1.6642915124416772e-11,
                4.4631483030756295e-13
            ],
            [
                0.0,
                8.943449810538856e-12,
                0.999999999856735,
                6.53341881741185e-11,
                6.89871784093967e-11
            ],
            [
                0.0,
                3.0683768424941463e-12,
                1.080205730453604e-09,
                6.875979515040371e-07,
                0.9999993113187744
            ],
            [
                0.0,
                4.613301151362774e-12,
                5.637213473472496e-10,
                6.48022439492715e-08,
                0.9999999346294214
            ]
        ],
        [
            [
                0.9999999232339185,
                7.545260263413378e-08,
                1.3008710757966506e-09,
                1.2192508746861792e-11,
                4.1548465734192347e-13
            ],
            [
                0.38235087122318245,
                0.6176491210796065,
                7.681374349514919e-09,
                1.516922003021834e-11,
                6.674138366005405e-13
            ],
            [
                3.3444498131883785e-11,
                1.7967460511570703e-08,
                0.9999999810763817,
                8.218210358444653e-10,
                1.0089227097341387e-10
            ],
            [
                0.0,
                7.859806575031555e-11,
                4.421801669042086e-08,
                1.436385005776191e-05,
                0.9999855918533276
            ],
            [
                0.0,
                5.159620432881237e-12,
                7.349101230269092e-10,
                1.6865093772666375e-08,
                0.9999999823948366
            ]
        ],
        [
            [
                0.999988563954487,
                1.1435064003915078e-05,
                9.769367652763936e-10,
                4.424129441216826e-12,
                1.4818771999428845e-13
            ],
            [
                0.0003078803575314387,
                0.9996921188325721,
                8.058194681264376e-10,
                3.807782925298417e-12,
                2.6907333653365013e-13
            ],
            [
                5.907204421464861e-11,
                0.00039876396729532566,
                0.9996012358736589,
                9.997373856244839e-11,
                0.0
            ],
            [
                0.0,
                7.863089913111847e-11,
                6.161092849181086e-08,
                2.484335787218936e-06,
                0.9999974539746534
            ],
            [
                0.0,
                3.788440877282793e-12,
                3.1727262202687004e-10,
                1.559885203928341e-08,
                0.9999999840800868
            ]
        ],
        [
            [
                0.9999993604547114,
                6.380837449631749e-07,
                1.4555009603827842e-09,
                5.890853142925476e-12,
                1.5181621835781788e-13
            ],
            [
                0.011587243152285369,
                0.9884127398597864,
                1.6984858177270212e-08,
                2.5868549325710897e-12,
                4.830795995588391e-13
            ],
            [
                0.0,
                1.6750204874417658e-11,
                0.9999999997969455,
                9.445107426423528e-11,
                9.185329787890926e-11
            ],
            [
                0.0,
                2.1867093483404468e-12,
                8.897112560330063e-10,
                6.124289300562422e-09,
                0.9999999929838126
            ],
            [
                0.0,
                9.376999917422497e-12,
                5.773516046483562e-10,
                1.1241969704725264e-08,
                0.9999999881713016
            ]
        ],
        [
            [
                0.9999933312583227,
                6.668245635220067e-06,
                4.884495150407393e-10,
