{
    "[['A', 'B', 'C', 'D', 'E'], ['A', 'B', 'C', 'D', 'E']]": [
        [
            [
                0.9999931980266351,
                6.79822818560759e-06,
                3.7260006840105905e-09,
                1.793309318701891e-11,
                1.2456286485375772e-12
            ],
            [
                3.001854074031182e-07,
                0.9999996991875173,
                6.228067011395758e-10,
                2.9647864811035488e-12,
                1.303802721744291e-12
            ],
            [
                0.0,
                4.540678264872698e-12,
                0.999999999922285,
                1.636952241509457e-11,
                5.680480796219406e-11
            ],
            [
                0.0,
                0.0,
                1.142600468241542e-07,
                0.9919262731630386,
                0.008073612576914576
            ],
            [
                0.0,
                1.3193280862100664e-11,
                1.0379323813698287e-09,
                3.9784033385237265e-07,
                0.9999996011085404
            ]
        ],
        [
            [
                0.7086534140023931,
                0.2913465801861343,
                5.68853133101032e-09,
                9.82315579169295e-11,
                2.4709580368006135e-11
            ],
            [
                0.9960266675943382,
                0.003973328975845658,
                3.4077378743778342e-09,
                2.0872823099638285e-11,
                1.2054179518817965e-12
            ],
            [
                0.0,
                5.196198733000869e-13,
                0.9999999999855271,
                2.8408389799432875e-12,
                1.111254831816477e-11
            ],
            [
                0.0,
                6.480090442191246e-11,
                6.579482712399867e-09,
                3.5870878148551433e-06,
                0.9999964062679015
            ],
            [
                0.0,
                1.5776269563748172e-10,
                1.8295646121695206e-08,
                0.0004982917380928585,
                0.9995016898084983
            ]
        ],
        [
            [
                0.6491634251059117,
                0.3508365622972071,
                1.2418569504008595e-08,
                1.6639305730858889e-10,
                1.1918590972890972e-11
            ],
            [
                3.6458024237216423e-07,
                0.9999996337382528,
                1.674389716747764e-09,
                3.773095400917825e-12,
                3.3418465146595864e-12
            ],
            [
                0.0,
                1.0292978539283304e-12,
                0.999999999970957,
                5.09749612697884e-12,
                2.2916135646284693e-11
            ],
            [
                0.0,
                5.7893811558980743e-11,
                4.222965501191095e-09,
                1.5647238666888445e-05,
                0.9999843484804738
            ],
            [
                0.0,
                6.285764281553333e-11,
                1.2483235137319817e-08,
                2.29233843190535e-06,
                0.9999976951154753
            ]
        ],
        [
            [
                0.9999987905680247,
                1.207665337552915e-06,
                1.7522402950961367e-09,
                1.4167964706137776e-11,
                2.2950230334318383e-13
            ],
            [
                1.4142742731393496e-08,
                0.9999999099521364,
                7.58916618029155e-08,
                9.40372303844449e-12,
                4.055351678602701e-12
            ],
            [
                0.0,
                6.032518186289278e-12,
                0.9999999999440468,
                2.2333212116842068e-11,
                2.7587568721051725e-11
            ],
            [
                0.0,
                1.0946015066572215e-09,
                6.779387440439963e-08,
                0.2897033131100344,
                0.7102966180014898
            ],
            [
                0.0,
                1.0428088312875925e-11,
                5.101043929791474e-09,
                6.843965083885177e-06,
                0.999993150923444
            ]
        ],
        [
            [
                0.9998983630071809,
                0.00010163639032342243,
                5.947024451489829e-10,
                6.996362464952835e-12,
                7.968040548170341e-13
            ],
            [
                7.778865090520716e-06,
                0.9999922204952822,
                6.315450603039957e-10,
                6.4270470039521095e-12,
                1.6551955961556599e-12
            ],
            [
                0.0,
                1.070527042490934e-12,
                0.9999999999862998,
                3.20105478225577e-12,
                9.428759064943129e-12
            ],
            [
                0.0,
                0.0,
                1.5820257410378776e-07,
                0.8989282717408633,
                0.10107157005656263
            ],
            [
                0.00038897535559851093,
                0.9996110246179413,
                2.5822519684431493e-11,
                4.295959742410862e-13,
                2.080130150519365e-13
            ]
        ],
        [
            [
                0.9999223187059003,
                7.768001690602762e-05,
                1.2701548668447088e-09,
                6.437930079210678e-12,
                6.008870756527768e-13
            ],
            [
                0.9974171837572054,
                0.0025828142395427785,
                1.9644232998630246e-09,
                3.662602651436382e-11,
                2.2025235593838432e-12
            ],
            [
                0.0,
                1.0490270668700806e-11,
                0.9999999999274873,
                2.181482357836003e-11,
                4.0207642151221494e-11
            ],
            [
                2.0936362218420145e-07,
                0.999999789900204,
                7.257693280180427e-10,
                8.993690815400444e-12,
                1.4107824305716232e-12
            ],
            [
                0.0,
                1.093996319543268e-09,
                8.134893236814827e-08,
                0.010150393698009477,
                0.9898495238590618
            ]
        ],
        [
            [
                0.9999736285063892,
                2.636879471988833e-05,
                2.6754374572024238e-09,
                2.1626983572386247e-11,
                1.8267538877177366e-12
            ],
            [
                0.9940799167513359,
                0.005920076271494255,
                6.917197649091762e-09,
                5.644397461924801e-11,
                3.528246341775862e-12
            ],
            [
                0.0,
                4.4282999183946805e-12,
                0.9999999999659883,
                1.0490270669104693e-11,
                1.90931377899073e-11
            ],
            [
                0.0,
                9.238004084051681e-11,
                2.690370940941811e-08,
                7.197578924433788e-05,
                0.9999279972146663
            ],
            [
                0.0,
                2.691963289454566e-11,
                1.5807099433379486e-08,
                5.451582718002118e-07,
                0.9999994390077092
            ]
        ],
        [
            [
                0.9999916801681334,
                8.317385433034684e-06,
                2.422119092083808e-09,
                2.3441730025983855e-11,
                8.726844558158639e-13
            ],
            [
                1.1569573898473672e-08,
                0.9999999604065615,
                2.800837207752149e-08,
                8.984963003382052e-12,
                6.507534249884267e-12
            ],
            [
                0.0,
                4.5168181316533305e-13,
                0.9999999999938209,
                1.6595264413196548e-12,
                4.0677541731693115e-12
            ],
            [
                0.0,
                1.5285928112728957e-10,
                1.8604260261268854e-08,
                0.0013284263933422637,
                0.9986715548495382
            ],
            [
                0.0,
                5.147255131000345e-12,
                1.6513502193809395e-10,
                1.8062390164484729e-09,
                0.9999999980234786
            ]
        ],
        [
            [
                0.9999962046071518,
                3.792685703980782e-06,
                2.6885434407451337e-09,
                1.7699978096245125e-11,
                9.008124329015928e-13
            ],
            [
                0.000772723810816565,
                0.9992272727004415,
                3.4744920263901195e-09,
                1.2372919371290817e-11,
                1.877006705061544e-12
            ],
            [
                0.0,
                1.6521613640490331e-12,
                0.999999999973961,
                1.0055697781579449e-11,
                1.433106309613686e-11
            ],
            [
                0.0,
                1.1086260222697784e-10,
                3.186283451938389e-08,
                0.004503344054292507,
                0.9954966239720102
            ],
            [
                0.0,
                6.289701273063266e-10,
                5.1885958830012785e-08,
                0.06918468847308543,
                0.9308152590119857
            ]
        ],
        [
            [
                0.9999995411665963,
                4.5753123815569226e-07,
                1.2923734661033173e-09,
                8.82778172980119e-12,
                9.643554745254372e-13
            ],
            [
                2.0551260482389246e-05,
                0.9999794483895896,
                3.433703271470239e-10,
                5.162573481295866e-12,
                1.3951017153724214e-12
            ],
            [
                0.0,
                2.9365103822726686e-13,
                0.9999999999896452,
                1.659526441312725e-12,
                8.401673703975764e-12
            ],
            [
                0.0,
                0.0,
                3.483159603919541e-08,
                0.06342007313424702,
                0.9365798920341569
            ],
            [
                0.0,
                3.024716606423048e-11,
                1.9592184716660445e-09,
                7.99799223772288e-07,
                0.9999991982113106
            ]
        ],
        [
            [
                0.8677680379680546,
                0.13223195397303483,
                7.989270223041582e-09,
                5.845392328851748e-11,
                1.1186447096585994e-11
            ],
            [
                0.9982990577905404,
                0.001700936277351508,
                5.898789022345876e-09,
                3.2063603865183864e-11,
                1.2553838714947233e-12
            ],
            [
                0.0,
                7.258613224597796e-12,
                0.9999999999336686,
                2.3063117774023575e-11,
                3.600960206684575e-11
            ],
            [
                0.0,
                0.0,
                3.980706934779857e-09,
                0.016917224910786368,
                0.9830827711085067
            ],
            [
                0.0,
                4.6885000295124253e-11,
                2.0985294740063237e-09,
                2.0512108974570704e-06,
                0.9999979466436881
            ]
        ],
        [
            [
                0.9999817512084603,
                1.8246710585173843e-05,
                2.0648444985104167e-09,
                1.5209374642839144e-11,
                9.005255191298435e-13
            ],
            [
                5.987135117708465e-07,
                0.9999994010689737,
                2.1617097294514456e-10,
                1.0724501627829134e-12,
                2.711035658949406e-13
            ],
            [
                0.0,
                2.337492440953458e-12,
                0.9999999999839364,
                5.6588390877559724e-12,
                8.067368128349978e-12
            ],
            [
                0.0,
                0.0,
                1.039640889532503e-08,
                0.9993403863656991,
                0.0006596032378919583
            ],
            [
                0.0,
                3.3900104025932994e-11,
                9.107463814962456e-09,
                6.988307861928366e-08,
                0.9999999209755575
            ]
        ],
        [
            [
                0.9999995798904028,
                4.1996160311645443e-07,
                1.4548730917527517e-10,
                2.506787883694616e-12,
                0.0
            ],
            [
                3.1171445443960374e-05,
                0.9999688277910725,
                7.583543503265405e-10,
                3.943775584970976e-12,
                1.185365460369957e-12
            ],
            [
                0.0,
                2.550176480643291e-12,
                0.9999999999678157,
                1.563833009597264e-11,
                1.3995667048951783e-11
            ],
            [
                0.0,
                3.4691860811751486e-10,
                7.601160890961136e-08,
                3.353943211763714e-05,
                0.9999663842093548
            ],
            [
                0.0,
                1.4721909966709303e-10,
                9.61395039962577e-09,
                3.9165072616853497e-07,
                0.9999995985881043
            ]
        ],
        [
            [
                0.9999997174762911,
                2.7727338242660664e-07,
                5.208016543286296e-09,
                4.0109749933160784e-11,
                2.200310719376991e-12
            ],
            [
                8.324169680944879e-08,
                0.9999999162783008,
                4.747860762694273e-10,
                3.975548971194334e-12,
                1.2406304684172117e-12
            ],
            [
                0.0,
                3.3961696968708e-12,
                0.9999999999325879,
                1.1462718295621557e-11,
                5.255329765358507e-11
            ],
            [
                0.0,
                2.171477685616991e-11,
                4.2535849721802963e-10,
                1.015166961487515e-05,
                0.9999898478833118
            ],
            [
                0.0,
                9.423064116946575e-11,
                1.0792650267284036e-08,
                1.677280883878383e-07,
                0.9999998213850307
            ]
        ],
        [
            [
                0.9933118758159488,
                0.00668812323910827,
                9.400862922814431e-10,
                3.417971975139904e-12,
                1.4386844032251736e-12
            ],
            [
                4.810132990504066e-07,
                0.9999995153379513,
                3.644821837319424e-09,
                3.1159714795025256e-12,
                8.120330824779444e-13
            ],
            [
                0.0,
                2.606955081439674e-12,
                0.9999999999530031,
                1.1462718295855572e-11,
                3.2927245920597437e-11
            ],
            [
                0.0,
                1.4086711292752048e-09,
                2.1334986109034134e-07,
                0.43468075996627936,
                0.5653190252751885
            ],
            [
                0.0,
                1.0791961155350742e-10,
                3.1049474681580956e-09,
                7.2199806562615464e-06,
                0.9999927768064767
            ]
        ],
        [
            [
                0.9999490389044664,
                5.095959190519661e-05,
                1.4828161480687689e-09,
                1.905250415380183e-11,
                1.7596528743299247e-12
            ],
            [
                2.6249563743726914e-07,
                0.999999736424128,
                1.0773497202698025e-09,
                1.7743775398303717e-12,
                1.1104300395954338e-12
            ],
            [
                0.0,
                4.729796674105468e-12,
                0.9999999999611386,
                1.3698525588065962e-11,
                2.0432945788998128e-11
            ],
            [
                0.0,
                7.41432780981743e-11,
                4.56440808086924e-09,
                0.00012178769453279291,
                0.9998782076669158
            ],
            [
                0.0,
                0.0,
                1.5181256522328972e-08,
                0.015786222827366317,
                0.9842137619913771
            ]
        ],
        [
            [
                0.9999978093183657,
                2.187339569172629e-06,
                3.2739092351934903e-09,
                6.387942052782214e-11,
                4.27648022288999e-12
            ],
            [
                7.348243656309864e-05,
                0.9999265168924525,
                6.542724720470521e-10,
                1.4293008929670786e-11,
                2.4189850009084785e-12
            ],
            [
                0.0,
                2.0464215441555463e-12,
                0.9999999999698417,
                4.5247274362898776e-12,
                2.3587088400071802e-11
            ],
            [
                0.0,
                3.424557845525393e-11,
                1.923278822842111e-08,
                0.0006494212673282614,
                0.999350559465638
            ],
            [
                0.0,
                6.433747135293119e-11,
                4.133654904560499e-09,
                7.51120815330838e-06,
                0.9999924845938544
            ]
        ],
        [
            [
                0.9999975253800951,
                2.471143607982879e-06,
                3.453132783467697e-09,
                2.0619419340252463e-11,
                2.544724896577643e-12
            ],
            [
                1.468646844891337e-07,
                0.9999998510307953,
                2.096785047717771e-09,
                4.168596741282245e-12,
                3.566555591702335e-12
            ],
            [
                0.0,
                4.410976719884707e-12,
                0.9999999999735654,
                7.8570744902332e-12,
                1.4166613853420828e-11
            ],
            [
                0.0,
                2.8501047870653466e-11,
                4.688647935431122e-09,
                6.748370748324974e-05,
                0.9999325115753678
            ],
            [
                0.0,
                5.817208562876428e-11,
                6.512188272093381e-09,
                1.0822711671335334e-07,
                0.9999998852025229
            ]
        ],
        [
            [
                0.9999967938037494,
                3.2034130381503917e-06,
                2.7605282846185915e-09,
                2.0970509724591937e-11,
                1.7136136135199853e-12
            ],
            [
                0.9891571681726007,
                0.010842827331979695,
                4.491835065858967e-09,
                3.2337507825430027e-12,
                3.5087823897498345e-13
            ],
            [
                0.0,
                3.120027433511623e-12,
                0.9999999999354359,
                1.610043607380068e-11,
                4.534379989512232e-11
            ],
            [
                0.0,
                6.301778651437188e-11,
                2.1471079368132602e-08,
                6.139872170298624e-06,
                0.9999938385937325
            ],
            [
                0.0,
                6.886478342790514e-11,
                5.524208662915789e-09,
                3.4557339328568285e-06,
                0.9999965386729938
            ]
        ],
        [
            [
                0.9999996396093783,
                3.54514307986989e-07,
                5.833903710418594e-09,
                4.050792545231192e-11,
                1.902054110012837e-12
            ],
            [
                8.773296774111347e-08,
                0.9999999119237347,
                3.39783195150787e-10,
                2.9735417538160165e-12,
                5.408006866007099e-13
            ],
            [
                0.0,
                2.234658028080186e-12,
                0.999999999964237,
                1.1462718295984342e-11,
                2.206557170482014e-11
            ],
            [
                0.0,
                0.0,
                3.4124420159513546e-08,
                0.6244066832812356,
                0.3755932825943443
            ],
            [
                0.0,
                4.957980793464532e-10,
                6.628873786883882e-07,
                0.022069266238100054,
                0.9779300703787231
            ]
        ],
        [
            [
                0.9999748641559207,
                2.5134659693343796e-05,
                1.1780129238357659e-09,
                5.924883870173757e-12,
                4.4797707744705466e-13
            ],
            [
                7.834729852238162e-07,
                0.9999992146823319,
                1.8220695366494385e-09,
                1.7436736977513906e-11,
                5.176545809120551e-12
            ],
            [
                0.0,
                5.818012640437386e-13,
                0.9999999999874156,
                5.0820216751604665e-12,
                6.920578447967124e-12
            ],
            [
                0.0,
                7.818796741813161e-10,
                7.508576226152994e-07,
                0.0002653424239564633,
                0.9997339059365412
            ],
            [
                0.0,
                9.672854211259264e-11,
                1.9910634682928375e-08,
                6.227778902496479e-07,
                0.9999993572147466
            ]
        ],
        [
            [
                0.9990307709629735,
                0.000969228001905003,
                1.0218075820953556e-09,
                1.0577326584965285e-11,
                2.7365191321672228e-12
            ],
            [
                0.33774725517992404,
                0.6622527365353724,
                8.269080213595288e-09,
                1.3218747146296313e-11,
                2.4046143550449486e-12
            ],
            [
                0.0,
                2.0262250218569987e-12,
                0.9999999999571378,
                1.0500900619536583e-11,
                3.033498398523402e-11
            ],
            [
                0.0,
                5.5046288015474717e-11,
                1.260236715005996e-07,
                0.9990025546150465,
                0.0009973193062357856
            ],
            [
                0.0,
                1.2603941765669282e-11,
                1.4460375752088012e-09,
                1.8314754876127191e-07,
                0.9999998153938098
            ]
        ],
        [
            [
                0.9999902665777313,
                9.732126630068621e-06,
                1.2864562780476832e-09,
                8.426935181310182e-12,
                7.554803009312847e-13
            ],
            [
                2.687049085589378e-07,
                0.9999997312090496,
                8.518178032773403e-11,
                5.058113789755991e-13,
                3.541871089993773e-13
            ],
            [
                0.0,
                8.643008603160424e-13,
                0.9999999999879503,
                5.531348673517664e-12,
                5.654253760442176e-12
            ],
            [
                0.0,
                2.178642334077177e-11,
                1.3997816927130999e-09,
                2.492039636193002e-05,
                0.9999750781820699
            ],
            [
                0.0,
                1.1651271627058342e-11,
                6.316824067529034e-10,
                1.4767231566261422e-08,
                0.9999999845894347
            ]
        ],
        [
            [
                0.9999933288597341,
                6.668245619225583e-06,
                2.87368344707097e-09,
                1.9870201426926433e-11,
                1.0929746851063288e-12
            ],
            [
                0.007658506739224109,
                0.9923414902725665,
                2.961405409744316e-09,
                2.2925097107790615e-11,
                3.87885074457635e-12
            ],
            [
                0.0,
                0.0,
                0.9999999999807483,
                6.0030541776650054e-12,
                1.3248683123495573e-11
            ],
            [
                0.0,
                3.800001903803501e-10,
                1.409259660706739e-07,
                0.020660375496538073,
                0.9793394831974956
            ],
            [
                0.0,
                1.0345318182453806e-11,
                5.36274713865134e-10,
                1.6723040101072145e-07,
                0.999999832222979
            ]
        ],
        [
            [
                0.9999974152485289,
                2.580267275442168e-06,
                4.44960038462127e-09,
                3.130514498465166e-11,
                3.2900110387567647e-12
            ],
            [
                1.2310481534826888e-07,
                0.9999998765621773,
                3.3106677507347466e-10,
                1.1548297556805688e-12,
                7.858988923710264e-13
            ],
            [
                0.0,
                2.0712788044816397e-12,
                0.9999999999776714,
                8.465146603073214e-12,
                1.1792166476119996e-11
            ],
            [
                0.0,
                0.0,
                1.0990392047214068e-08,
                0.0009180615512271731,
                0.9990819274583809
            ],
            [
                0.0,
                1.479701875260094e-10,
                3.0421944292962215e-08,
                0.005190086538164831,
                0.9948098828919207
            ]
        ],
        [
            [
                0.9981638695108918,
                0.0018361292942880194,
                1.1862878752181275e-09,
                7.76845515787787e-12,
                7.639061095435928e-13
            ],
            [
                2.7657300548229007e-07,
                0.9999997225185135,
                9.033223276641464e-10,
                3.1131318062858468e-12,
                2.0456331618333726e-12
            ],
            [
                0.0,
                8.453368234767042e-12,
                0.999999999922577,
                2.1027062860182813e-11,
                4.79425908023404e-11
            ],
            [
                0.0,
                0.0,
                3.1267460192753532e-09,
                0.9992075066305195,
                0.0007924902427345153
            ],
            [
                0.0,
                2.7023085002238924e-11,
                1.2371734773989888e-08,
                7.98466661678967e-06,
                0.9999920029346253
            ]
        ],
        [
            [
                0.9999020143992564,
                9.798457511942893e-05,
                1.018406565172338e-09,
                6.922030626237316e-12,
                2.9557789922550044e-13
            ],
            [
                1.5990164460918576e-06,
                0.9999983993745023,
                1.5940215416931724e-09,
                1.3379948354429535e-11,
                1.6501614490979167e-12
            ],
            [
                0.0,
                2.3872397557108114e-12,
                0.9999999999581473,
                8.234002020586201e-12,
                3.1231369812056546e-11
            ],
            [
                0.0,
                1.617197189338898e-10,
                7.061667930463494e-06,
                0.9890061110772099,
                0.01098682709313985
            ],
            [
                0.0,
                0.0,
                8.802045376286364e-11,
                1.1423782698319605e-05,
                0.9999885761292812
            ]
        ],
        [
            [
                0.9295290312368408,
                0.07047096558194167,
                3.152447910969191e-09,
                2.553058995819949e-11,
                3.239121477455318e-12
            ],
            [
                1.3541936821724547e-06,
                0.9999986454645379,
                3.310661307011614e-10,
                8.193925833363129e-12,
                2.5200284797417366e-12
            ],
            [
                0.0,
                1.958367322711389e-12,
                0.9999999999644227,
                8.405135799788765e-12,
                2.521385689718951e-11
            ],
            [
                0.0,
                2.2457313559967993e-10,
                1.172552356371244e-07,
                0.970017264500244,
                0.029982618019947317
            ],
            [
                0.0,
                5.3403067019130284e-12,
                4.0147354353797914e-10,
                8.096612018710849e-08,
                0.9999999186270659
            ]
        ],
        [
            [
                0.9999937821253938,
                6.208023985495647e-06,
                9.802540442353088e-09,
                4.337229027611515e-11,
                4.708284576831276e-12
            ],
            [
                2.644494798730767e-07,
                0.9999997330176288,
                2.5268139435090644e-09,
                3.805866243229238e-12,
                2.2716201192639803e-12
            ],
            [
                0.0,
                1.3272805760689735e-12,
                0.9999999999797144,
                7.2173766671153885e-12,
                1.174088460758179e-11
            ],
            [
                0.0,
                5.078748770094393e-11,
                9.983131162388676e-09,
                0.00021574797301947155,
                0.9997842419930618
            ],
            [
                0.0,
                2.7280156397122056e-11,
                4.307975244970069e-08,
                5.763875231903058e-07,
                0.9999993805054442
            ]
        ],
        [
            [
                0.9998225893925392,
                0.00017740665508002027,
                3.932064354915809e-09,
                1.8554405092097756e-11,
                1.7620203778123462e-12
            ],
            [
                0.04829142926105192,
                0.9517085629520631,
                7.750721169714681e-09,
                3.302725362561241e-11,
                3.1363217902726306e-12
            ],
            [
                0.0,
                1.3941016249509421e-12,
                0.9999999999800728,
                6.311193651235007e-12,
                1.2222031717710931e-11
            ],
            [
                0.0,
                1.5712217573672553e-10,
                4.787532109735563e-08,
                0.0018464898770047741,
                0.998153462090552
            ],
            [
                0.0,
                2.080997410901782e-11,
                1.3445966696153978e-09,
                3.423694491254689e-08,
                0.9999999643976484
            ]
        ],
        [
            [
                0.9999998330362987,
                1.6448377854235614e-07,
                2.4530457737654944e-09,
                2.2752463196831762e-11,
                4.124496997389337e-12
            ],
            [
                3.415768137401079e-07,
                0.9999996497612986,
                8.653995914017148e-09,
                4.894991750073779e-12,
                2.996852027576444e-12
            ],
            [
                0.0,
                9.0136801181358e-12,
                0.9999999999265787,
                1.553114028067006e-11,
                4.8876519218303747e-11
            ],
            [
                0.0,
                5.581141786815537e-10,
                1.6816623437369845e-06,
                0.07465936274329511,
                0.9253389550362469
            ],
            [
                0.0,
                1.45995996852851e-10,
                6.841217399742375e-08,
                2.6445302208031815e-05,
                0.999973486139622
            ]
        ],
        [
            [
                0.9999926615246294,
                7.334937853907415e-06,
                3.516320250268677e-09,
                1.939503271220391e-11,
                1.8014402359418036e-12
            ],
            [
                0.09219939430545997,
                0.9078006009074676,
                4.735581015337686e-09,
                5.14915281025747e-11,
                0.0
            ],
            [
                0.0,
                1.8843926611311976e-12,
                0.9999999999714158,
                9.204125359300337e-12,
                1.7495468552225815e-11
            ],
            [
                0.0,
                3.497175646286796e-10,
                1.4782168674431596e-06,
                0.07448285541607186,
                0.9255156660173431
            ],
            [
                0.0,
                2.37833765204422e-11,
                3.414230619424247e-09,
                1.9232661616275394e-06,
                0.9999980732958245
            ]
        ],
        [
            [
                0.9999971286678845,
                2.8674707088314388e-06,
                3.817599120852056e-09,
                3.913818563068215e-11,
                4.669337218307856e-12
            ],
            [
                0.011722472575431684,
                0.9882775256587619,
                1.7491115979124193e-09,
                1.5317645447375978e-11,
                1.3771347386073712e-12
            ],
            [
                0.0,
                3.417092008500862e-12,
                0.9999999999630851,
                1.11924231288608e-11,
                2.2305541079725318e-11
            ],
            [
                0.0,
                2.105396176152311e-10,
                1.0567125112091954e-07,
                0.07808984274338711,
                0.9219100513748222
            ],
            [
                0.0,
                4.43531829489856e-11,
                3.479499211878328e-09,
                4.4427865966806077e-07,
                0.9999995521974879
            ]
        ],
        [
            [
                0.9999945952242321,
                5.402169998997423e-06,
                2.5923365706052137e-09,
                1.2659861359445418e-11,
                7.727206193475659e-13
            ],
            [
                1.3793266225976853e-07,
                0.9999998612671865,
                7.877264641825536e-10,
                6.4188145618945514e-12,
                6.005791214559187e-12
            ],
            [
                0.0,
                0.0,
                0.9999999999864821,
                2.2676461798912152e-12,
                1.1250146629532906e-11
            ],
            [
                0.0,
                7.373865625263044e-11,
                1.0836359322644785e-08,
                3.226801542187048e-06,
                0.9999967622883599
            ],
            [
                0.0,
                6.065402822105933e-11,
                6.595741580241898e-09,
                9.97995325368384e-05,
                0.9999001938110674
            ]
        ],
        [
            [
                0.9999993222895873,
                6.755769405013091e-07,
                2.1119289743255974e-09,
                2.0384133124719643e-11,
                1.1590843562612978e-12
            ],
            [
                2.1061727707538973e-05,
                0.999978937536905,
                7.266682985767973e-10,
                7.505013381643604e-12,
                1.2140915277381558e-12
            ],
            [
                0.0,
                3.869759616659893e-13,
                0.9999999999911153,
                3.693806164823983e-12,
                4.803941098736523e-12
            ],
            [
                0.0,
                6.51461637857186e-11,
                2.3342670013155464e-08,
                1.2007793168632555e-06,
                0.999998775812867
            ],
            [
                0.0,
                1.5530429436639987e-11,
                1.0719671263524065e-09,
                5.886656452025587e-07,
                0.9999994102468572
            ]
        ],
        [
            [
                0.9999996559893899,
                3.3788141175295516e-07,
                6.083309481985506e-09,
                4.221165602375495e-11,
                3.677160383824733e-12
            ],
            [
                0.0015150486283534456,
                0.9984849491584002,
                2.188815632958656e-09,
                2.4430695946037646e-11,
                0.0
            ],
            [
                0.0,
                2.9753741459772794e-12,
                0.9999999999263374,
                1.6348336136959027e-11,
                5.4338922849724064e-11
            ],
            [
                1.8810741206174475e-05,
                0.9999811891935578,
                6.401859615088793e-11,
                8.448609041041772e-13,
                3.725318135518674e-13
            ],
            [
                0.0,
                2.7566372696395067e-11,
                1.3769484567396686e-08,
                1.0905287360912604e-05,
                0.9999890809155881
            ]
        ],
        [
            [
                0.9999822955146183,
                1.7703865001693343e-05,
                6.052047576594853e-10,
                1.4422431955685037e-11,
                7.528422012349876e-13
            ],
            [
                0.007256345409569515,
                0.9927436487139163,
                5.851913385330936e-09,
                2.1314606374696818e-11,
                3.2861853931390715e-12
            ],
            [
                0.0,
                2.496990888768279e-12,
                0.9999999999090656,
                2.13355935593823e-11,
                6.710191705175261e-11
            ],
            [
                0.0,
                4.047772960348091e-11,
                3.487785039099687e-09,
                0.00012200485097851162,
                0.9998779916207587
            ],
            [
                0.0,
                3.813476394404534e-11,
                1.8553081872115939e-09,
                1.7992128210338331e-07,
                0.999999818185275
            ]
        ],
        [
            [
                0.9999995671961088,
                4.324578840818084e-07,
                3.4355182132253287e-10,
                2.4025376651814403e-12,
                5.2653954434599777e-14
            ],
            [
                0.3383700089145609,
                0.661629986632367,
                4.437785233967255e-09,
                1.2358296772389158e-11,
                2.928306828227155e-12
            ],
            [
                0.0,
                1.5379055303389972e-12,
