{
    "[['A', 'B', 'C', 'D', 'E'], ['A', 'B', 'C', 'D', 'E']]": [
        [
            [
                6.829275864775873e-06,
                0.9999931700880155,
                6.351061519416339e-10,
                9.238945896641242e-13,
                8.972178462720203e-14
            ],
            [
                4.199616017548479e-07,
                0.9999995766481875,
                3.38859168941399e-09,
                1.3649044375899794e-12,
                2.541735556493212e-13
            ],
            [
                0.0,
                9.405731823875164e-12,
                0.9999999992732163,
                5.627426479802514e-10,
                1.546351770746867e-10
            ],
            [
                0.0,
                1.093025216604296e-11,
                1.6999888105559662e-09,
                4.6958188977746856e-08,
                0.9999999513308918
            ],
            [
                0.0,
                1.2748524478107575e-11,
                2.5532113092621737e-10,
                1.5063431913888448e-06,
                0.9999984933887389
            ]
        ],
        [
            [
                0.9999998871909875,
                1.1258809757942503e-07,
                2.1574300551672447e-10,
                5.085987768069475e-12,
                8.584482920253523e-14
            ],
            [
                5.5809875148602777e-08,
                0.9999999169195664,
                2.724338202006529e-08,
                2.252043873382158e-11,
                4.656085697592497e-12
            ],
            [
                0.0,
                9.70453749714925e-13,
                0.9999999999576807,
                1.9527100723556614e-11,
                2.1821731679254023e-11
            ],
            [
                0.0,
                1.067009102215391e-11,
                1.9936960353518695e-09,
                1.0417449056872662e-08,
                0.9999999875781848
            ],
            [
                0.0,
                2.3005476129588334e-11,
                4.9129487656369645e-09,
                8.16400267392075e-07,
                0.9999991786637784
            ]
        ],
        [
            [
                0.9999996804189376,
                3.191418636363132e-07,
                4.3473109452135517e-10,
                4.428055150750765e-12,
                3.966985655267191e-14
            ],
            [
                6.696665484429989e-07,
                0.9999993245763892,
                5.752294001347173e-09,
                4.254830490284964e-12,
                5.135396917132069e-13
            ],
            [
                0.0,
                1.3933925503920503e-11,
                0.999999999131653,
                6.00093097239594e-10,
                2.543198959984496e-10
            ],
            [
                0.0,
                5.112818305010038e-10,
                2.8659630044189376e-07,
                0.10413560669654856,
                0.8958641061958691
            ],
            [
                0.0,
                6.708732946326249e-11,
                1.5835698853477372e-09,
                6.654561771566632e-06,
                0.9999933437875712
            ]
        ],
        [
            [
                0.9997778308201412,
                0.00022216857626210535,
                6.003403658226549e-10,
                3.112734048270023e-12,
                1.4335723116475402e-13
            ],
            [
                8.485564917376527e-08,
                0.9999999122044417,
                2.9360628083220263e-09,
                2.6727405080327522e-12,
                1.1735438533891771e-12
            ],
            [
                0.0,
                5.687069193771047e-12,
                0.9999999996517561,
                1.5055027797131054e-10,
                1.9200661572762305e-10
            ],
            [
                0.0,
                2.874668965811688e-10,
                2.3250770820302885e-07,
                0.0035855049677885158,
                0.9964142622370363
            ],
            [
                0.0,
                6.159803309475369e-11,
                5.5711185878395e-08,
                4.81100956698918e-07,
                0.9999994631262594
            ]
        ],
        [
            [
                3.2986451027096344e-06,
                0.999996700328641,
                1.0204287591967202e-09,
                5.560162446164989e-12,
                2.6745138053145306e-13
            ],
            [
                2.506418762263696e-07,
                0.9999997415021894,
                7.825588686206283e-09,
                2.93056552845267e-11,
                1.0401524323671138e-12
            ],
            [
                0.0,
                6.59668787099306e-12,
                0.9999999995885922,
                2.438657543409262e-10,
                1.6094518483136388e-10
            ],
            [
                0.0,
                5.079843957302837e-11,
                4.982216130380226e-08,
                2.6905905116169213e-07,
                0.9999996810679891
            ],
            [
                0.0,
                4.339918403200257e-11,
                8.338514246627197e-09,
                2.3387012080587512e-08,
                0.9999999682310744
            ]
        ],
        [
            [
                0.9999998117514163,
                1.8723167877595912e-07,
                1.0079942508347018e-09,
                8.8586487658734e-12,
                5.193521080137419e-14
            ],
            [
                3.4972276171159756e-07,
                0.9999996434408622,
                6.828256262362192e-09,
                6.6455991130360774e-12,
                1.4742380048801403e-12
            ],
            [
                0.0,
                3.0938818737823647e-12,
                0.9999999998239371,
                7.776761224579433e-11,
                9.520130502338272e-11
            ],
            [
                0.0,
                1.1650004981754872e-11,
                2.951368285651316e-09,
                1.2537616270161486e-08,
                0.9999999844993654
            ],
            [
                0.0,
                7.200684074652201e-12,
                4.0723794275263425e-09,
                1.0640765649955848e-07,
                0.9999998895127633
            ]
        ],
        [
            [
                0.999219061768888,
                0.0007809378490594029,
                3.7183952299173636e-10,
                1.0112051704909341e-11,
                1.009839530122094e-13
            ],
            [
                7.355265226306268e-08,
                0.9999999094427348,
                1.6961809317841618e-08,
                3.810836874389905e-11,
                4.695281297207991e-12
            ],
            [
                0.0,
                1.927149012499247e-12,
                0.9999999998976938,
                4.029093694901866e-11,
                6.008807845579988e-11
            ],
            [
                0.0,
                6.95837100729094e-11,
                1.0142059956784628e-09,
                6.790452635492917e-08,
                0.9999999310116839
            ],
            [
                0.0,
                2.366996868567901e-11,
                9.776749515178116e-10,
                3.308463528553736e-07,
                0.9999996681523022
            ]
        ],
        [
            [
                0.00014958314420446533,
                0.999850416633547,
                2.1952283183829368e-10,
                2.3743977514415355e-12,
                3.5132292035248334e-13
            ],
            [
                8.011446739061818e-06,
                0.9999919841822787,
                4.36686741656586e-09,
                3.5053994275908804e-12,
                6.093841466134296e-13
            ],
            [
                0.0,
                3.471717760307059e-12,
                0.9999999998800115,
                6.150082539559701e-11,
                5.5015958003144605e-11
            ],
            [
                0.0,
                3.4337082594891995e-11,
                3.3221946881876205e-09,
                0.00024371351798198275,
                0.9997562831254863
            ],
            [
                0.0,
                2.4271482009728962e-11,
                1.7233445531551853e-09,
                9.689858100163264e-08,
                0.999999901353803
            ]
        ],
        [
            [
                0.9999992339485588,
                7.65266119051235e-07,
                7.7871102652413e-10,
                6.49543120062136e-12,
                1.1546242849377496e-13
            ],
            [
                1.0170623584417906e-07,
                0.9999998766638495,
                2.1557704181978095e-08,
                6.408945487283224e-11,
                8.121326298869498e-12
            ],
            [
                0.0,
                3.1784165433903638e-12,
                0.9999999997485034,
                1.227741169454012e-10,
                1.2554426226257355e-10
            ],
            [
                0.0,
                4.07949416851475e-12,
                2.8604153696202127e-10,
                4.802796268717814e-08,
                0.9999999516819164
            ],
            [
                0.0,
                5.727611058507117e-11,
                9.145673095300029e-09,
                9.517784899050339e-08,
                0.9999998956192018
            ]
        ],
        [
            [
                8.879016312410833e-06,
                0.9999911208238268,
                1.5872339386293307e-10,
                8.537362321989356e-13,
                2.8364355705118705e-13
            ],
            [
                2.470950360119181e-06,
                0.9999975218219991,
                7.22310304885081e-09,
                3.990872810400314e-12,
                5.467925835919103e-13
            ],
            [
                0.0,
                4.484126505455225e-11,
                0.9999999979792131,
                1.3923551980911673e-09,
                5.83590400111632e-10
            ],
            [
                0.0,
                8.06535689782351e-11,
                1.6707155719273583e-08,
                4.417079241338432e-07,
                0.9999995415042665
            ],
            [
                0.0,
                3.535617734916207e-11,
                1.475289391719578e-09,
                3.7415063061934482e-06,
                0.9999962569830483
            ]
        ],
        [
            [
                1.740646775315526e-05,
                0.9999825933861476,
                1.4509738857786598e-10,
                8.161214143707292e-13,
                1.8581374330200502e-13
            ],
            [
                5.819891670722797e-08,
                0.9999999369326573,
                4.863218448830827e-09,
                3.850060149279231e-12,
                1.3575126331686711e-12
            ],
            [
                0.0,
                4.078996410077098e-12,
                0.999999999805758,
                8.885762479821584e-11,
                1.0130531553417968e-10
            ],
            [
                0.0,
                1.7312398573419596e-11,
                1.9344917550027682e-09,
                1.90955994259617e-07,
                0.9999998070922016
            ],
            [
                0.0,
                5.136785713373115e-10,
                7.118382605933676e-08,
                0.0009853355743202341,
                0.9990145927281752
            ]
        ],
        [
            [
                0.9999997741271439,
                2.256494541824829e-07,
                2.194303146077163e-10,
                3.8876871493513635e-12,
                8.383960396082555e-14
            ],
            [
                2.942605325513349e-07,
                0.9999997042647729,
                1.4659683868787141e-09,
                7.7332846357979e-12,
                9.926642323151975e-13
            ],
            [
                0.0,
                7.622323624208223e-13,
                0.9999999999722042,
                9.23824607135223e-12,
                1.7795301761881422e-11
            ],
            [
                0.0,
                2.2233936766763426e-10,
                7.389124375545945e-08,
                7.101536806088737e-05,
                0.999928910518356
            ],
            [
                0.0,
                2.39895351211663e-11,
                4.860029178742471e-09,
                7.739709380716182e-07,
                0.9999992211450432
            ]
        ],
        [
            [
                0.9999997535478025,
                2.46165138928763e-07,
                2.83835585604213e-10,
                3.157985666200371e-12,
                6.514730848613505e-14
            ],
            [
                3.4355954165845315e-07,
                0.9999996509948422,
                5.430768733229188e-09,
                1.3488748002466169e-11,
                1.358533278429224e-12
            ],
            [
                0.0,
                1.957467324702048e-12,
                0.9999999998771207,
                2.6980647653232542e-11,
                9.394118664232631e-11
            ],
            [
                0.0,
                1.2013696888215391e-11,
                5.1349078751117796e-09,
                6.887894776605469e-08,
                0.9999999259741307
            ],
            [
                0.0,
                8.212878302326924e-11,
                3.4065094239228924e-09,
                8.611609492898682e-06,
                0.9999913849018688
            ]
        ],
        [
            [
                0.9999935338187663,
                6.465766809801134e-06,
                4.109306950965232e-10,
                3.4470732144434508e-12,
                4.6112639159895186e-14
            ],
            [
                2.4147709538240966e-07,
                0.9999997534008296,
                5.117357325702136e-09,
                4.402302728555537e-12,
                3.1527360400217363e-13
            ],
            [
                0.0,
                1.3780622244308133e-12,
                0.9999999999498932,
                1.826824551534609e-11,
                3.0460566656556434e-11
            ],
            [
                0.0,
                8.570033798801762e-11,
                5.358918438105496e-08,
                0.00013060903486231468,
                0.9998693372902531
            ],
            [
                0.0,
                1.1613022441097208e-11,
                4.197579390835168e-10,
                2.1827354548468936e-07,
                0.9999997812950835
            ]
        ],
        [
            [
                0.9999997393050357,
                2.6018947537259164e-07,
                4.95868997345143e-10,
                9.462737626188453e-12,
                1.5743930902968677e-13
            ],
            [
                3.2199584269422007e-08,
                0.9999999604924656,
                7.29457057551138e-09,
                1.154006799952914e-11,
                1.8394070078542815e-12
            ],
            [
                0.0,
                6.03281735058412e-12,
                0.9999999995924236,
                1.9461335262019346e-10,
                2.0693025787878558e-10
            ],
            [
                0.0,
                1.4515552169548277e-10,
                5.0870557000903255e-08,
                0.00044105951644778183,
                0.9995588894678397
            ],
            [
                0.0,
                8.240762179493833e-11,
                3.109429323932695e-08,
                1.1532479389675132e-05,
                0.9999884363439095
            ]
        ],
        [
            [
                0.9999557225644284,
                4.427682035577905e-05,
                6.087321952851846e-10,
                6.381642728167718e-12,
                1.0203545806716837e-13
            ],
            [
                9.739442014699307e-08,
                0.9999998825578178,
                2.002107271670786e-08,
                2.3603740173825012e-11,
                3.0855136391775953e-12
            ],
            [
                0.0,
                1.571058220151872e-12,
                0.9999999999509392,
                2.3348780049710697e-11,
                2.4140821942452392e-11
            ],
            [
                0.0,
                3.000514061738822e-11,
                1.1200149563536804e-08,
                7.96603995951343e-06,
                0.9999920227298857
            ],
            [
                0.0,
                2.5096833173066124e-11,
                1.5243630669343393e-09,
                2.640782523841603e-07,
                0.9999997343722876
            ]
        ],
        [
            [
                1.0882606672931565e-05,
                0.999989117194284,
                1.978534620201631e-10,
                9.864038149375867e-13,
                2.0307816737046636e-13
            ],
            [
                2.124126309639736e-06,
                0.9999978672212637,
                8.649309474680612e-09,
                2.384081888144343e-12,
                7.329198654919276e-13
            ],
            [
                0.0,
                3.55583723013263e-12,
                0.9999999998817111,
                6.530877164564916e-11,
                4.942427694387635e-11
            ],
            [
                0.0,
                6.198944938169134e-11,
                4.905832192135915e-09,
                1.7266464447023426e-05,
                0.9999827285677313
            ],
            [
                0.0,
                3.810240642387997e-11,
                5.522902093810362e-09,
                3.2412724009052994e-08,
                0.9999999620262715
            ]
        ],
        [
            [
                0.999982316982076,
                1.7681961761484853e-05,
                1.0497326324686535e-09,
                6.3433795953484655e-12,
                8.668825240722465e-14
            ],
            [
                1.4908339176547344e-08,
                0.9999999150634964,
                6.999686830628104e-08,
                2.6369520536655093e-11,
                4.9266040603161236e-12
            ],
            [
                0.0,
                1.6640907319464766e-12,
                0.9999999999292564,
                2.1922019873753814e-11,
                4.7157646400683394e-11
            ],
            [
                0.0,
                3.805811984610731e-10,
                5.057410465943689e-07,
                4.066515652563165e-05,
                0.9999588287218465
            ],
            [
                0.0,
                5.817208558043278e-11,
                1.6237605290941976e-08,
                2.1854181918618528e-07,
                0.9999997651624034
            ]
        ],
        [
            [
                0.9999687710738892,
                3.122869543176247e-05,
                2.2780701429574755e-10,
                2.7946628926896498e-12,
                7.746489813827608e-14
            ],
            [
                7.991728333839789e-08,
                0.9999998975027528,
                2.2537921596979723e-08,
                3.618178888156193e-11,
                5.860560983784791e-12
            ],
            [
                0.0,
                6.477442801610135e-12,
                0.9999999996678173,
                2.0766528550104065e-10,
                1.1804009087517461e-10
            ],
            [
                0.0,
                1.4596724804740688e-11,
                1.5659687137216607e-09,
                1.6512006943652193e-08,
                0.9999999819074276
            ],
            [
                0.0,
                9.500884020834193e-11,
                3.195796515000863e-08,
                0.00010536006936500107,
                0.9998946078776609
            ]
        ],
        [
            [
                0.9999997676813154,
                2.312478834124155e-07,
                1.0533086917567938e-09,
                1.7237208227529412e-11,
                2.553139140372895e-13
            ],
            [
                2.2705148802882705e-05,
                0.9999772880159274,
                6.82809954562263e-09,
                6.498962965997873e-12,
                6.712104533646729e-13
            ],
            [
                0.0,
                5.822267296607564e-12,
                0.9999999996792845,
                2.3311991100732223e-10,
                8.177318298773563e-11
            ],
            [
                0.0,
                1.2877223885894383e-10,
                5.652852990402748e-08,
                1.9076707262604187e-05,
                0.9999808666354353
            ],
            [
                0.0,
                3.1759396832849826e-11,
                9.708686024450687e-09,
                5.684312968140699e-07,
                0.9999994218282577
            ]
        ],
        [
            [
                0.9999997761475357,
                2.2320673938968423e-07,
                6.398810891982779e-10,
                5.7053000787070616e-12,
                1.3863819295745348e-13
            ],
            [
                8.960632909093476e-07,
                0.9999990788124394,
                2.510697526335258e-08,
                1.5486208115750457e-11,
                1.808111440803305e-12
            ],
            [
                0.0,
                5.860695023285779e-12,
                0.9999999997123841,
                1.0609155438517064e-10,
                1.756636501975923e-10
            ],
            [
                0.0,
                7.657226646032882e-12,
                3.1068370544083138e-09,
                4.935668772775284e-09,
                0.9999999919498369
            ],
            [
                0.0,
                1.4488658573834514e-11,
                8.383470028284889e-09,
                9.768464639774996e-08,
                0.9999998939173949
            ]
        ],
        [
            [
                0.9999998863102403,
                1.1346323748891494e-07,
                2.2360374539494415e-10,
                2.8804177523729597e-12,
                3.8057028030069493e-14
            ],
            [
                6.999686683197783e-08,
                0.9999998940010814,
                3.599503100988784e-08,
                4.659764240660853e-12,
                2.361165337904458e-12
            ],
            [
                0.0,
                8.99763685497584e-12,
                0.99999999832675,
                9.015752582135782e-10,
                7.626770764181565e-10
            ],
            [
                0.0,
                1.75133063243789e-10,
                1.7509208145282915e-07,
                2.711080348053103e-05,
                0.999972713929305
            ],
            [
                0.0,
                3.107023626389423e-11,
                1.3935940538910052e-08,
                8.05614445709062e-08,
                0.9999999054715446
            ]
        ],
        [
            [
                0.9999979936097727,
                2.005908754627227e-06,
                4.686178133338469e-10,
                1.2393492000972015e-11,
                4.613553831677942e-13
            ],
            [
                3.9271442454071813e-07,
                0.9999996035092825,
                3.762831079809498e-09,
                1.051067885439725e-11,
                2.951256757250969e-12
            ],
            [
                0.0,
                4.983688454578069e-12,
                0.9999999998261924,
                5.571981157379956e-11,
                1.1310395370556695e-10
            ],
            [
                0.0,
                1.565372943053937e-11,
                4.949477353410578e-10,
                7.781729221075746e-08,
                0.9999999216721063
            ],
            [
                0.0,
                6.279257535240569e-11,
                1.406813713719273e-08,
                2.659847617940203e-07,
                0.9999997198843086
            ]
        ],
        [
            [
                0.9999994284852334,
                5.700055616894648e-07,
                1.4622516004426282e-09,
                4.6254092899046994e-11,
                6.993476919850828e-13
            ],
            [
                2.5002498062612794e-07,
                0.9999997389527236,
                1.1015786186901953e-08,
                5.41132144266044e-12,
                1.0983035475054908e-12
            ],
            [
                0.0,
                1.129850346801429e-12,
                0.9999999999110329,
                3.24994665795601e-11,
                5.533778569452766e-11
            ],
            [
                0.0,
                8.21862519858442e-12,
                7.6834952567717e-10,
                1.2141414758132708e-06,
                0.999998785081956
            ],
            [
                0.0,
                3.529796084474524e-11,
                4.450544507075844e-08,
                5.792673500407928e-07,
                0.9999993761919068
            ]
        ],
        [
            [
                0.9999921552497406,
                7.844580156399756e-06,
                1.673140668809004e-10,
                2.7254347748001607e-12,
                6.34377282085949e-14
            ],
            [
                4.079346865740272e-08,
                0.9999999546544635,
                4.538745414836383e-09,
                1.1347209052280293e-11,
                1.9753011226746924e-12
            ],
            [
                0.0,
                0.0,
                0.9999999983947783,
                1.0611913189678503e-09,
                5.440303975327491e-10
            ],
            [
                0.0,
                4.5149706854712756e-11,
                4.339119932861056e-09,
                4.085034953584178e-06,
                0.9999959105807769
            ],
            [
                0.0,
                2.405320685169726e-12,
                9.036204644139932e-10,
                1.9219587188720747e-08,
                0.999999979874387
            ]
        ],
        [
            [
                3.566219701171337e-06,
                0.9999964335829185,
                1.963781769600282e-10,
                7.632696650937358e-13,
                2.388691508159906e-13
            ],
            [
                5.810467210874041e-07,
                0.9999994127024714,
                6.246033178416003e-09,
                4.336507284267124e-12,
                4.3788607627089503e-13
            ],
            [
                0.0,
                2.2866829575381884e-12,
                0.9999999999045726,
                4.346487753457836e-11,
                4.967614429076228e-11
            ],
            [
                0.0,
                7.718954921865847e-10,
                3.0101619408078745e-07,
                0.0014036212534307801,
                0.9985960769584796
            ],
            [
                0.0,
                5.883153901865009e-11,
                3.593727121426099e-08,
                1.5076416481036436e-07,
                0.9999998132397324
            ]
        ],
        [
            [
                0.9999981021574271,
                1.8972536249034129e-06,
                5.786867245874087e-10,
                1.003500509832809e-11,
                2.2627757942052484e-13
            ],
            [
                2.8903311644639395e-07,
                0.9999996250930121,
                8.582920827107296e-08,
                3.697875402286606e-11,
                7.684190956961011e-12
            ],
            [
                0.0,
                2.3623365237827224e-12,
                0.999999999862625,
                4.5107015033313396e-11,
                8.990573628999981e-11
            ],
            [
                0.0,
                3.2390982259298655e-11,
                1.4767231270013702e-08,
                1.9280206627032463e-06,
                0.999998057179715
            ],
            [
                0.0,
                1.663717053085118e-11,
                1.1933206228039537e-09,
                2.0130086831012613e-08,
                0.9999999786599554
            ]
        ],
        [
            [
                0.9999995908184887,
                4.084292679561358e-07,
                7.441575356082661e-10,
                8.003579364874883e-12,
                8.215529052980516e-14
            ],
            [
                9.704802982887523e-08,
                0.9999998976456453,
                5.29811940650708e-09,
                6.538975798402828e-12,
                1.666482500180693e-12
            ],
            [
                0.0,
                1.6416539948907017e-12,
                0.9999999999041831,
                2.38738212673787e-11,
                7.030155246113789e-11
            ],
            [
                0.0,
                5.939867631414104e-11,
                2.3117101721488533e-08,
                1.4460238064725057e-05,
                0.999985516585435
            ],
            [
                0.0,
                2.260453114360557e-11,
                3.722101321995027e-09,
                1.8276613256041467e-07,
                0.9999998134891616
            ]
        ],
        [
            [
                0.00048063070109323534,
                0.9995193691532404,
                1.438430729876456e-10,
                1.6454157807635732e-12,
                1.7789820234778576e-13
            ],
            [
                3.298645101876329e-06,
                0.9999967000760213,
                1.268397249370489e-09,
                9.814012618626368e-12,
                6.656289991663466e-13
            ],
            [
                0.0,
                4.750165556552632e-12,
                0.9999999998088047,
                1.0177846462166676e-10,
                8.466668768320244e-11
            ],
            [
                0.0,
                6.425089516134401e-11,
                7.155804757930202e-08,
                7.434947554491066e-07,
                0.999999184882946
            ],
            [
                0.0,
                8.327216846248996e-12,
                3.5804995929990312e-09,
                1.6778040401647314e-07,
                0.9999998286307693
            ]
        ],
        [
            [
                0.9999999642311348,
                3.5280177661255635e-08,
                4.836657928443895e-10,
                4.974647127376102e-12,
                4.707597250893136e-14
            ],
            [
                1.8081127303884792e-07,
                0.9999997513664703,
                6.781548066884227e-08,
                5.5047005415869105e-12,
                1.271335802834561e-12
            ],
            [
                0.0,
                1.5775140429670614e-12,
                0.9999999999419016,
                2.358241002815463e-11,
                3.2938489708534335e-11
            ],
            [
                0.0,
                1.356098468690941e-10,
                2.1273818757780825e-08,
                1.68358473995156e-06,
                0.9999982950058315
            ],
            [
                0.0,
                6.514852702427306e-11,
                5.140728629380182e-09,
                3.2098778211120954e-06,
                0.9999967849163017
            ]
        ],
        [
            [
                0.9999999532943789,
                4.6222234574089144e-08,
                4.805531188873319e-10,
                2.7600395441340133e-12,
                7.356785570486314e-14
            ],
            [
                1.2310481427623894e-07,
                0.9999998678539085,
                9.012507573382186e-09,
                2.3744803910807022e-11,
                5.024893610607943e-12
            ],
            [
                0.0,
                3.709451759258438e-12,
                0.9999999999121676,
                4.2061365545238195e-11,
                4.2061365545238195e-11
            ],
            [
                0.0,
                1.0032235231380098e-10,
                7.788273282741041e-09,
                0.00023262138194949,
                0.9997673707294549
            ],
            [
                0.0,
                1.6900554752003606e-11,
                1.7617855675856482e-08,
                1.5031860493494387e-06,
                0.9999984791791944
            ]
        ],
        [
            [
                0.9607425374898132,
                0.03925745523161486,
                7.27346720507776e-09,
                4.502524745426058e-12,
                6.023110493216602e-13
            ],
            [
                1.5339158482809548e-06,
                0.9999984654816434,
                5.975859907761774e-10,
                4.26453940275649e-12,
                6.578490760493926e-13
            ],
            [
                0.0,
                0.0,
                0.99999999992617,
                2.2497900866136382e-11,
                5.133208326332078e-11
            ],
            [
                0.0,
                3.068109164184478e-11,
                8.718477093087955e-09,
                9.622229468839222e-08,
                0.9999998950285471
            ],
            [
                0.0,
                2.6063350841503497e-11,
                2.6355669952535885e-09,
                1.1503514157532278e-05,
                0.9999884938242122
            ]
        ],
        [
            [
                0.9999992319029551,
                7.678305945717704e-07,
                2.5839924894207966e-10,
                7.903714073572604e-12,
                1.4746337042921422e-13
            ],
            [
                1.0491738279159152e-06,
                0.9999989461522191,
                4.665204997215627e-09,
                7.828055172541507e-12,
                9.198820627128771e-13
            ],
            [
                0.0,
                2.091932383037841e-12,
                0.999999999913842,
                3.5992504093169735e-11,
                4.807362481304373e-11
            ],
            [
                0.0,
                3.3414290418394317e-10,
                4.6950038123597895e-08,
                0.0020370727040713104,
                0.9979628800117476
            ],
            [
                0.0,
                1.2306288983834536e-11,
                3.147467027517552e-09,
                6.33075876175199e-07,
                0.9999993637643505
            ]
        ],
        [
            [
                0.9999996065107216,
                3.9271442571942705e-07,
                7.583775110518935e-10,
                1.621724484185094e-11,
                2.5776533021134327e-13
            ],
            [
                2.0768937544307628e-07,
                0.999999790868246,
                1.429114367139825e-09,
                1.2302440969675332e-11,
                9.61800323778612e-13
            ],
            [
                0.0,
                1.3226053937317787e-12,
                0.9999999999532301,
                2.1334128611672702e-11,
                2.4113440729121068e-11
            ],
            [
                0.0,
                1.0363869471559627e-10,
                1.2650540367725035e-08,
                5.406749687353613e-07,
                0.9999994465708523
            ],
            [
                0.0,
                1.4745902758437817e-11,
                4.618605730673319e-10,
                4.800120195267065e-07,
                0.999999519511374
            ]
        ],
        [
            [
                0.9999998471575711,
                1.517056748606753e-07,
                1.1206254742920228e-09,
                1.600951775860321e-11,
                1.1910828950357897e-13
            ],
            [
                1.5966522102580295e-07,
                0.9999998371242598,
                3.1978069313752845e-09,
                1.1463636095402338e-11,
                1.2484638355644447e-12
            ],
            [
                0.0,
                3.3979126396846142e-12,
                0.9999999999032503,
                3.376233572091682e-11,
                5.958943265432177e-11
            ],
            [
                0.0,
                1.471559323096643e-10,
                1.9783252786655317e-08,
                9.92725521617697e-06,
                0.9999900528143751
            ],
            [
                0.0,
                1.0890422592907161e-11,
                1.6545479273411354e-09,
                1.2859073439601293e-08,
                0.9999999854754882
            ]
        ],
        [
            [
                9.770491019858424e-07,
                0.9999990228012675,
                1.4910455949072612e-10,
                4.495785881141134e-13,
                7.648271110956293e-14
            ],
            [
                1.6419659321856954e-06,
                0.9999983539143228,
                4.113033936950981e-09,
                5.745947025059018e-12,
                9.650988678631432e-13
            ],
            [
                0.0,
                3.829232282358995e-12,
                0.9999999997071498,
                1.4642547098273114e-10,
                1.4259551443565185e-10
            ],
            [
                0.0,
                2.6649752096816525e-10,
                7.003385959077809e-08,
                0.0005772306188676217,
                0.9994226990807753
            ],
            [
                0.0,
                3.73521866451011e-11,
                7.280625415558219e-10,
                1.4371638930802718e-06,
                0.9999985620706922
            ]
        ],
        [
            [
                0.9998909643390126,
                0.00010903472964553561,
                9.103985629596307e-10,
                2.0765053357992974e-11,
                1.7816544644050608e-13
            ],
            [
                5.527921727433615e-06,
                0.9999944709920262,
                1.0814219309363398e-09,
                4.156544563991348e-12,
                6.679448802658337e-13
            ],
            [
                0.0,
                4.658262382800821e-12,
                0.9999999997779769,
                1.1201654899307441e-10,
                1.0534809395562688e-10
            ],
            [
                0.0,
                9.975469650469937e-11,
                1.0009944583394281e-07,
                2.8408273747267618e-05,
                0.9999714915270522
            ],
            [
                0.0,
                4.608644416199874e-10,
                8.215084524408161e-08,
                1.8030965975741506e-05,
                0.9999818864223146
            ]
        ],
        [
            [
                1.1537820304714703e-06,
                0.999998842849685,
                3.366540069363841e-09,
                1.1856640483211969e-12,
                5.587918743238661e-13
            ],
            [
                5.02314993904542e-08,
                0.9999999297291309,
