{
    "[['A', 'B', 'C', 'D', 'E'], ['A', 'B', 'C', 'D', 'E']]": [
        [
            [
                0.0,
                1.0131222531984941e-11,
                1.5259361721233897e-10,
                3.081904380718224e-07,
                0.9999996916468371
            ],
            [
                0.0,
                3.0490867206520773e-10,
                3.212626132515056e-09,
                2.4850515457127876e-06,
                0.9999975114309195
            ],
            [
                0.0,
                1.0874445619816392e-10,
                0.9999999915124668,
                2.2310456742461414e-09,
                6.147743121329117e-09
            ],
            [
                0.0,
                5.583545613023151e-11,
                6.112371543013726e-10,
                5.686438441234258e-07,
                0.9999994306890833
            ],
            [
                3.01113750908263e-11,
                6.799838315203445e-11,
                3.912253184814496e-10,
                2.557301705143823e-07,
                0.9999997437804945
            ]
        ],
        [
            [
                0.0,
                4.842831289800243e-11,
                3.3256292189721604e-10,
                4.6428445263885816e-07,
                0.9999995353345561
            ],
            [
                0.0,
                7.594418412497813e-09,
                0.9999998815734329,
                1.0634212089556298e-07,
                4.4900278350756e-09
            ],
            [
                0.0,
                7.872315839922906e-08,
                0.9910122871425744,
                0.0022969242791734887,
                0.00669070985509377
            ],
            [
                0.0,
                7.879064190372387e-11,
                5.15861238327253e-10,
                8.884640847877838e-08,
                0.9999999105589397
            ],
            [
                9.217358948950715e-11,
                1.052677518828466e-10,
                4.263405133114376e-10,
                8.198910767261735e-07,
                0.9999991794851414
            ]
        ],
        [
            [
                0.0,
                1.7850040848461362e-10,
                1.1265983500131318e-09,
                1.2416444657677016e-05,
                0.9999875822502436
            ],
            [
                0.0,
                2.1263221739020054e-09,
                0.9999999225306202,
                7.231915702525684e-08,
                3.0239005971071257e-09
            ],
            [
                0.0,
                2.4837017987646257e-11,
                0.9999999982097212,
                7.129966313603237e-10,
                1.052445156052446e-09
            ],
            [
                4.912890072501405e-10,
                6.126503049173498e-11,
                3.2933858369095197e-10,
                9.89862945776831e-08,
                0.9999999001318128
            ],
            [
                0.0,
                2.7299675117449416e-11,
                2.1767825246237317e-10,
                1.6248053298935829e-07,
                0.9999998372744892
            ]
        ],
        [
            [
                8.030772038913465e-11,
                8.576983584797208e-11,
                6.384303468015193e-10,
                3.776251190855041e-07,
                0.9999996215703729
            ],
            [
                0.0,
                1.154622801260079e-08,
                0.9999996964317799,
                2.818821717191162e-07,
                1.0139820238910186e-08
            ],
            [
                0.0,
                1.705666201032728e-09,
                0.9999998858592961,
                4.3154756208469075e-08,
                6.928028150145513e-08
            ],
            [
                8.081972403144038e-11,
                1.4353255381848654e-10,
                8.287328256672036e-10,
                7.362658606588244e-07,
                0.9999992626810542
            ],
            [
                0.0,
                2.2775822794346153e-11,
                1.3957126307763664e-10,
                4.3502845082714835e-08,
                0.9999999563348078
            ]
        ],
        [
            [
                2.2868238026079048e-11,
                4.938950615994523e-11,
                3.9519726287464276e-10,
                4.8394596077258595e-06,
                0.9999951600729373
            ],
            [
                0.0,
                5.519879606015284e-09,
                0.999999599235113,
                3.7729717344985696e-07,
                1.7947833972694496e-08
            ],
            [
                0.0,
                1.8309172269244756e-10,
                0.9999999874971891,
                8.658635223592861e-09,
                3.661083832399895e-09
            ],
            [
                4.2100052541481024e-11,
                7.392736420235652e-11,
                7.859120953331933e-10,
                1.4193831927718235e-06,
                0.9999985797148677
            ],
            [
                4.10594959718618e-12,
                1.3274584583095243e-11,
                8.21099890205126e-11,
                1.2043930661326187e-08,
                0.9999999878565787
            ]
        ],
        [
            [
                0.0,
                2.298732990948661e-10,
                1.699804179543182e-09,
                8.469877040025789e-05,
                0.9999152992999222
            ],
            [
                0.0,
                2.7760741856533838e-08,
                0.9999992513538495,
                7.114341287042804e-07,
                9.451279909115285e-09
            ],
            [
                0.0,
                6.7351895983544e-09,
                0.9999991653566175,
                4.6571637471938073e-07,
                3.621918181828991e-07
            ],
            [
                0.0,
                3.93745668026834e-11,
                1.7776482700413483e-10,
                1.3869547602659026e-07,
                0.9999998610873847
            ],
            [
                1.2009807772995528e-10,
                1.4336893927614978e-10,
                8.384745047685192e-10,
                3.467319312729395e-07,
                0.9999996521661272
            ]
        ],
        [
            [
                0.0,
                1.439925949286145e-11,
                1.561631031072021e-10,
                1.5449802507531822e-07,
                0.9999998453314126
            ],
            [
                0.0,
                6.851050420248733e-08,
                0.9999654347113599,
                3.438667020954714e-05,
                1.1010792627992768e-07
            ],
            [
                0.0,
                1.092652707661459e-10,
                0.9999999943934872,
                3.4065484985623563e-09,
                2.0906990146690013e-09
            ],
            [
                1.2418556518216136e-10,
                1.0175167663737995e-10,
                6.284125308067293e-10,
                2.57229798393862e-07,
                0.999999741915852
            ],
            [
                0.0,
                1.7580031603819004e-11,
                9.265673798165206e-11,
                1.1402752869512896e-07,
                0.9999998858622345
            ]
        ],
        [
            [
                1.6107639764725175e-09,
                8.643268947001835e-10,
                2.7486385359204274e-09,
                3.943915674925947e-06,
                0.9999960508605956
            ],
            [
                0.0,
                9.695657957504178e-09,
                0.9999997536816398,
                2.2347404180311513e-07,
                1.3148660307503407e-08
            ],
            [
                0.0,
                2.0059132630989273e-09,
                0.9999986681991191,
                1.0410497561787495e-06,
                2.887452115862015e-07
            ],
            [
                0.0,
                1.5839344898016416e-10,
                1.3132487074784078e-09,
                1.2358881330758454e-06,
                0.9999987626402248
            ],
            [
                0.0,
                2.439912432476538e-11,
                1.4934620552364496e-10,
                2.5993388748802243e-08,
                0.999999973832866
            ]
        ],
        [
            [
                0.0,
                1.0038106090485404e-11,
                2.562338963062919e-10,
                7.262010513112256e-07,
                0.9999992735326767
            ],
            [
                0.0,
                6.5445133174620305e-09,
                0.9999999054637588,
                7.985511667708864e-08,
                8.136611142559788e-09
            ],
            [
                0.0,
                9.388404570670802e-11,
                0.9999999961559953,
                1.9998544673625385e-09,
                1.7502662308830744e-09
            ],
            [
                1.2912541068040506e-10,
                4.15893582970898e-10,
                1.3778513863417302e-09,
                2.778903286825868e-06,
                0.9999972191738428
            ],
            [
                0.0,
                1.830493811408792e-11,
                2.671372173371577e-10,
                2.3807116813688435e-07,
                0.9999997616433898
            ]
        ],
        [
            [
                3.382892474468202e-11,
                8.074269118614409e-11,
                4.67221981317773e-10,
                1.3763341302914962e-06,
                0.999998623084076
            ],
            [
                0.0,
                1.0579501845135919e-08,
                0.9999998424709533,
                1.4165142572674104e-07,
                5.298119114184943e-09
            ],
            [
                0.0,
                7.828992623990974e-09,
                0.006619237654543052,
                0.9932768793166044,
                0.00010387519985993293
            ],
            [
                0.0,
                6.56822896293558e-11,
                6.492688328836376e-10,
                2.4100201462041865e-07,
                0.9999997582830343
            ],
            [
                3.159559621925897e-11,
                4.025237511159279e-11,
                2.0678544692500711e-10,
                5.37613807492036e-08,
                0.9999999459599858
            ]
        ],
        [
            [
                2.2983044475163906e-09,
                6.665892365098688e-10,
                4.942555400624013e-09,
                5.0034839854467183e-05,
                0.9999499572526965
            ],
            [
                0.0,
                3.199718371773801e-08,
                0.9999998843897806,
                7.5222831115056e-08,
                8.390204526137096e-09
            ],
            [
                0.0,
                3.910559483308124e-10,
                0.9999999343367546,
                3.547011189374068e-08,
                2.9802077428176567e-08
            ],
            [
                0.0,
                1.8072272302566113e-10,
                1.2437978248408326e-09,
                1.1311832178862458e-06,
                0.9999988673922615
            ],
            [
                1.6030295804322747e-11,
                2.831103850918808e-11,
                1.444250595647829e-10,
                1.6186460024600882e-08,
                0.9999999836247735
            ]
        ],
        [
            [
                0.0,
                5.889743933729848e-11,
                5.590528064103349e-10,
                1.6605470832374856e-05,
                0.9999833939112174
            ],
            [
                0.0,
                7.428702893210776e-09,
                0.9999998916756292,
                9.516005961851133e-08,
                5.735608289263892e-09
            ],
            [
                0.0,
                8.149388990608231e-10,
                0.9999999677499566,
                1.2329661582515357e-08,
                1.9105442902852915e-08
            ],
            [
                0.0,
                2.89872822197695e-11,
                1.4374187357669404e-10,
                4.319937442091919e-07,
                0.9999995678335266
            ],
            [
                2.7421910687983846e-10,
                2.623133101531495e-10,
                6.381211301326277e-10,
                1.2854028516374188e-07,
                0.9999998702850612
            ]
        ],
        [
            [
                0.0,
                2.2800645800187465e-07,
                1.456219054490025e-05,
                0.026766389361137337,
                0.9732188204418598
            ],
            [
                0.0,
                1.9706923981343834e-11,
                6.677485192606988e-10,
                9.068454553538791e-07,
                0.9999990924670892
            ],
            [
                0.0,
                1.312242138399502e-09,
                0.9999997040297018,
                1.7547520772351544e-07,
                1.191828482109605e-07
            ],
            [
                4.94341748384317e-11,
                4.94341748384317e-11,
                2.75049885892145e-10,
                7.428355944269348e-07,
                0.9999992567904873
            ],
            [
                0.0,
                1.4334397642906817e-11,
                5.3098995149380635e-11,
                4.390580146355219e-08,
                0.9999999560267651
            ]
        ],
        [
            [
                1.9368414526462024e-11,
                3.988979717441204e-11,
                4.052231871140491e-10,
                1.406960703970766e-07,
                0.9999998588394483
            ],
            [
                0.0,
                6.437810073417992e-11,
                4.1504329435373965e-10,
                2.7070548527062565e-07,
                0.9999997288150932
            ],
            [
                0.0,
                6.6638361165019645e-09,
                0.00030622911309315944,
                0.9690921188888317,
                0.030601645334238942
            ],
            [
                0.0,
                2.693483318764478e-11,
                2.160642010554819e-10,
                7.599649510112709e-07,
                0.9999992397920501
            ],
            [
                1.8043683819070313e-10,
                1.209470154500843e-10,
                5.873727152719963e-10,
                2.287624531165823e-07,
                0.9999997703487903
            ]
        ],
        [
            [
                1.7190888733523104e-10,
                2.1446825669059964e-10,
                3.7318094614483427e-10,
                3.6070046775548344e-06,
                0.9999963922357643
            ],
            [
                0.0,
                7.0353803290640035e-09,
                0.9999997478066917,
                2.378090752938026e-07,
                7.348852690570058e-09
            ],
            [
                0.0,
                5.518126783755367e-11,
                0.9999999967420676,
                1.22554720992825e-09,
                1.977204001251561e-09
            ],
            [
                1.4266679109369144e-10,
                1.7801760966247585e-10,
                4.673404956559407e-10,
                1.5474170837138178e-06,
                0.9999984517948914
            ],
            [
                0.0,
                6.378579628284122e-11,
                7.734945064387414e-10,
                1.2746252110886654e-07,
                0.9999998717001987
            ]
        ],
        [
            [
                6.697852311853451e-11,
                1.232417114480399e-10,
                8.89709561046583e-10,
                2.1494538137517244e-06,
                0.9999978494662565
            ],
            [
                0.0,
                8.666929291022397e-09,
                0.9999996970426803,
                2.852397269120766e-07,
                9.050663487407601e-09
            ],
            [
                0.0,
                1.329680993208928e-07,
                0.028361682510758143,
                0.005074310760090119,
                0.9665638737610524
            ],
            [
                1.5903666107558287e-11,
                2.2592288142484493e-11,
                2.8077289246061257e-10,
                1.4382092740222196e-07,
                0.9999998558598038
            ],
            [
                1.8196061113491485e-10,
                1.9021249064744668e-10,
                1.0194637648962007e-09,
                3.825750349629319e-08,
                0.9999999603508596
            ]
        ],
        [
            [
                7.623134628243615e-10,
                5.589440525222006e-10,
                3.3433688928668873e-09,
                2.1490776916774864e-05,
                0.9999785045584569
            ],
            [
                0.0,
                3.456115982864472e-10,
                3.447703397501796e-09,
                5.705075742040347e-05,
                0.9999429454492645
            ],
            [
                0.0,
                1.4682629342354446e-09,
                0.999999902443832,
                5.42391800396874e-08,
                4.184872508915411e-08
            ],
            [
                2.1196670442417246e-11,
                2.471325905159991e-11,
                1.4417240940970503e-10,
                1.916869217606933e-07,
                0.9999998081229959
            ],
            [
                0.0,
                9.634573878016717e-11,
                3.772386792877302e-10,
                3.7902899296799076e-07,
                0.9999996204974227
            ]
        ],
        [
            [
                0.0,
                1.7850235511109235e-11,
                1.2696648260669042e-10,
                4.973177210779085e-08,
                0.9999999501234111
            ],
            [
                0.0,
                7.609831949657925e-09,
                0.9999995430818338,
                4.3273593676381553e-07,
                1.657239754882342e-08
            ],
            [
                0.0,
                1.3097160326742283e-10,
                0.999999987943965,
                5.3716563621521e-09,
                6.553406774350738e-09
            ],
            [
                1.6745923617594535e-11,
                1.9091716759356947e-11,
                1.7624390363633967e-10,
                4.223998742673982e-08,
                0.999999957547931
            ],
            [
                0.0,
                5.728004023613124e-11,
                5.622169300652499e-10,
                4.2554231500750495e-08,
                0.9999999568262715
            ]
        ],
        [
            [
                2.2669552812256443e-11,
                3.97913130489159e-11,
                3.620734785788349e-10,
                7.708718181137718e-07,
                0.9999992287036475
            ],
            [
                0.0,
                3.8177191911527765e-11,
                2.1784149945720928e-10,
                8.527522558227244e-08,
                0.9999999144687557
            ],
            [
                0.0,
                0.0,
                0.9999999827787506,
                1.4274695801785154e-08,
                2.946553541385814e-09
            ],
            [
                8.030772299559109e-11,
                5.656521931138779e-11,
                2.308451855352041e-10,
                2.263967736048782e-07,
                0.9999997732355083
            ],
            [
                0.0,
                1.1811503290582243e-11,
                1.8113130806542872e-10,
                1.2649286576426842e-06,
                0.9999987348783995
            ]
        ],
        [
            [
                4.404476591391745e-09,
                1.0644744768234016e-07,
                9.374538621354915e-07,
                0.0007712598678085876,
                0.999227691826405
            ],
            [
                0.0,
                6.186247608875481e-11,
                7.524901560296017e-10,
                1.4215479385229426e-06,
                0.9999985776377089
            ],
            [
                0.0,
                5.397429091089219e-11,
                0.9999999981706251,
                8.926450911806584e-10,
                8.827554813804316e-10
            ],
            [
                0.0,
                5.440799199218213e-11,
                4.90462260400541e-10,
                3.7803589205193206e-07,
                0.9999996214192376
            ],
            [
                0.0,
                1.2583787241195277e-11,
                9.821544811090973e-11,
                2.5628400842542976e-08,
                0.9999999742607999
            ]
        ],
        [
            [
                0.0,
                1.8215288959186447e-11,
                1.301932678434118e-10,
                5.328537586326441e-07,
                0.9999994669978329
            ],
            [
                0.0,
                1.2149359592280939e-10,
                4.379377037349971e-10,
                1.7588964793580339e-06,
                0.9999982405440893
            ],
            [
                0.0,
                2.5728288692954125e-10,
                0.9999999701131919,
                8.72954212564841e-09,
                2.0899983113520553e-08
            ],
            [
                0.0,
                2.8299972433978213e-11,
                7.07273671613837e-11,
                8.035779835530461e-08,
                0.9999999195431744
            ],
            [
                0.0,
                1.8812478164653054e-11,
                1.0207455442622927e-10,
                7.499319310130245e-08,
                0.9999999248859198
            ]
        ],
        [
            [
                1.1614379671287465e-10,
                2.0438881462380679e-10,
                3.4064836361993124e-09,
                1.7850461616133786e-05,
                0.9999821458113676
            ],
            [
                0.0,
                5.258455116405733e-12,
                3.500964394795963e-11,
                5.952806281125307e-08,
                0.9999999404316691
            ],
            [
                0.0,
                1.0038417579602394e-10,
                0.9999999925822358,
                5.250285529041441e-09,
                2.0670945424342975e-09
            ],
            [
                0.0,
                5.5838115356977776e-11,
                3.330154803379221e-10,
                1.5080384067558592e-07,
                0.9999998488073059
            ],
            [
                0.0,
                2.2407583262890132e-11,
                1.981091227605957e-10,
                4.4835200075343185e-07,
                0.9999995514274825
            ]
        ],
        [
            [
                6.979069695570432e-10,
                2.4820693142095964e-10,
                2.0626363314663863e-09,
                1.5345223934305933e-05,
                0.9999846517673154
            ],
            [
                0.0,
                1.5050191045226355e-08,
                0.9999998815814727,
                9.826319433776449e-08,
                5.105141961791119e-09
            ],
            [
                0.0,
                1.2700893016388478e-09,
                0.9999999203939017,
                2.6862276893582845e-08,
                5.147373202438639e-08
            ],
            [
                3.524280003399504e-11,
                3.2289576506595515e-11,
                2.1412616062944088e-10,
                6.260253545401341e-08,
                0.999999937115806
            ],
            [
                5.839531130141133e-11,
                5.839531130141133e-11,
                2.0014142385465272e-10,
                8.116604539471352e-08,
                0.9999999185170225
            ]
        ],
        [
            [
                1.0197588931237245e-10,
                1.2990380387429684e-10,
                5.226353796540587e-10,
                8.298421219630059e-07,
                0.999999169403363
            ],
            [
                1.1117047926946128e-10,
                8.910371130628043e-11,
                7.851674046693929e-10,
                1.5450052976291016e-07,
                0.9999998445140287
            ],
            [
                0.0,
                7.823491403140915e-11,
                0.9999999872026032,
                4.135279362483346e-09,
                8.583882419053664e-09
            ],
            [
                0.0,
                1.8446147368555356e-11,
                1.506355803602389e-10,
                2.776062344263895e-07,
                0.9999997222246837
            ],
            [
                8.652798763081629e-11,
                6.934098779664529e-11,
                1.5748039937943554e-10,
                3.478152393680242e-07,
                0.9999996518714113
            ]
        ],
        [
            [
                6.088646292321653e-10,
                1.8474643531010288e-10,
                4.6327753678030356e-10,
                9.076198120810313e-07,
                0.9999990911232993
            ],
            [
                0.0,
                2.172918594680821e-08,
                0.9999998265239204,
                1.4823664496169486e-07,
                3.5102487178026253e-09
            ],
            [
                0.0,
                7.928389619719147e-11,
                0.9999999863790094,
                4.746550031531964e-09,
                8.795156630717966e-09
            ],
            [
                2.2633305593749496e-11,
                1.986743470128083e-11,
                3.144567259983386e-10,
                8.247201676833335e-09,
                0.999999991395841
            ],
            [
                1.3541160997546568e-10,
                5.966711231456257e-11,
                2.521896828419921e-10,
                1.0576441036532526e-07,
                0.9999998937883213
            ]
        ],
        [
            [
                0.0,
                2.4509155898182718e-11,
                1.7286769354570423e-10,
                1.0197357334388614e-06,
                0.9999989800668898
            ],
            [
                0.0,
                4.835705314615846e-11,
                4.121567903951305e-10,
                1.2381177600705126e-06,
                0.9999987614217262
            ],
            [
                0.0,
                5.845540505689446e-10,
                0.9999999049295316,
                6.388390885626108e-08,
                3.0602005428881206e-08
            ],
            [
                1.2228514681952216e-11,
                2.4131431781768084e-11,
                2.5689895383546676e-10,
                6.987081750592608e-08,
                0.9999999298359236
            ],
            [
                0.0,
                2.060766392389659e-11,
                2.1845397786847015e-10,
                6.937125772288175e-08,
                0.9999999303896806
            ]
        ],
        [
            [
                0.0,
                1.4607670501639276e-11,
                1.0149659360993727e-10,
                3.1129602904308033e-06,
                0.9999968869236053
            ],
            [
                0.0,
                3.3733690536470966e-11,
                4.859117956366136e-10,
                1.0985446882784422e-06,
                0.9999989009356661
            ],
            [
                0.0,
                6.306879396398255e-10,
                0.9999998989846501,
                5.127295606801538e-08,
                4.9111705923317984e-08
            ],
            [
                0.0,
                2.4499667881362546e-11,
                1.61835427821633e-10,
                1.8978155282355265e-07,
                0.999999810032112
            ],
            [
                2.1957308517597796e-10,
                1.8379185570959424e-10,
                2.867675582650896e-10,
                8.14807673724851e-08,
                0.9999999178291001
            ]
        ],
        [
            [
                0.0,
                9.856596486110885e-12,
                8.718086141571929e-11,
                6.095694227383961e-08,
                0.9999999389460202
            ],
            [
                0.0,
                1.964540503853106e-08,
                0.9999991625618734,
                7.819039493285073e-07,
                3.58887722134228e-08
            ],
            [
                0.0,
                7.087973582881243e-10,
                0.9999993181302292,
                5.018551500105674e-07,
                1.7930582338948653e-07
            ],
            [
                0.0,
                1.7772100804165137e-11,
                6.85790375388885e-11,
                1.1204706390729249e-07,
                0.999999887866585
            ],
            [
                7.082118062346909e-11,
                9.774748823055691e-11,
                5.433625378830795e-10,
                1.563022046156422e-07,
                0.9999998429858642
            ]
        ],
        [
            [
                0.0,
                1.1336052566086104e-10,
                1.10414646586718e-09,
                1.5295575876337212e-05,
                0.9999847032066166
            ],
            [
                0.0,
                1.326866110648e-11,
                1.0435236944011446e-10,
                1.8926126930901634e-08,
                0.999999980956252
            ],
            [
                0.0,
                3.5818570782643725e-10,
                0.9999999553418848,
                1.3645817011412545e-08,
                3.065411250986577e-08
            ],
            [
                2.630416595771073e-11,
                5.4251208139946564e-11,
                2.3280309869531686e-10,
                4.716543364335026e-07,
                0.9999995280323051
            ],
            [
                9.37738012442335e-11,
                1.1201013631235272e-10,
                2.608504526841486e-10,
                1.935902717714007e-06,
                0.9999980636306478
            ]
        ],
        [
            [
                2.63702745524609e-11,
                8.607187158325063e-11,
                1.3239552301862096e-09,
                4.272245983598383e-06,
                0.999995726317619
            ],
            [
                0.0,
                1.9645366968244327e-08,
                0.9999982975713524,
                1.641965839672305e-06,
                4.081744085045727e-08
            ],
            [
                0.0,
                2.6174356067365326e-10,
                0.9999999857352055,
                7.0015255871703945e-09,
                7.0015255871703945e-09
            ],
            [
                0.0,
                3.40347293235457e-11,
                2.5378637209814235e-10,
                5.899669347921731e-08,
                0.9999999407154854
            ],
            [
                0.0,
                1.8683460458381065e-11,
                1.7435648232343918e-10,
                7.78572287226285e-08,
                0.9999999219497313
            ]
        ],
        [
            [
                1.5736488257568722e-09,
                1.2804024998286988e-09,
                8.933319793345629e-09,
                3.892685291216552e-06,
                0.9999960955273377
            ],
            [
                0.0,
                9.521692356806949e-11,
                6.21455113298948e-10,
                2.25222049629912e-07,
                0.9999997740612784
            ],
            [
                0.0,
                2.1787514776945775e-10,
                0.9999999888713419,
                5.574612432149029e-09,
                5.336170563184049e-09
            ],
            [
                2.9196097233500547e-10,
                6.196264870820289e-10,
                2.102503973726361e-09,
                6.749863934598435e-07,
                0.999999321999515
            ],
            [
                0.0,
                4.776357973418279e-12,
                2.1792490572886586e-11,
                3.188350342594718e-08,
                0.9999999680899277
            ]
        ],
        [
            [
                1.0682558413318224e-10,
                1.73323616441088e-10,
                1.586369142775093e-09,
                5.328537577171429e-07,
                0.999999465279724
            ],
            [
                0.0,
                2.1263220387051147e-09,
                0.9999999781574138,
                1.8963308939068945e-08,
                7.529553017516832e-10
            ],
            [
                0.0,
                5.105120075448222e-10,
                0.9999983682439608,
                1.4455447638762637e-06,
                1.8570076330520293e-07
            ],
            [
                4.9236189317845734e-11,
                1.082056867060977e-10,
                6.035481874887945e-10,
                1.5988829833368424e-07,
                0.9999998393507117
            ],
            [
                0.0,
                8.467487881433228e-12,
                4.860542974499182e-11,
                2.5162105171395285e-08,
                0.9999999747808219
            ]
        ],
        [
            [
                1.542509729680628e-11,
                7.970328391476607e-11,
                5.356991851559868e-10,
                2.011053604737192e-06,
                0.9999979883155676
            ],
            [
                0.0,
                4.180403350879516e-09,
                0.9999999049305888,
                8.54582390089627e-08,
                5.430768817499412e-09
            ],
            [
                0.0,
                5.625247819109239e-10,
                0.9999999656337225,
                1.7087832545222406e-08,
                1.671592038879213e-08
            ],
            [
                0.0,
                1.0468548764342854e-10,
                1.0645626377404454e-09,
                2.7646119356613884e-07,
                0.9999997223695583
            ],
            [
                6.527636205930266e-12,
                1.699066627357208e-11,
                7.221594304997426e-11,
                7.460840973703038e-08,
                0.999999925295856
            ]
        ],
        [
            [
                0.0,
                8.462982819867795e-12,
                1.4100735360141878e-10,
                1.7787599860269355e-07,
                0.999999821974531
            ],
            [
                0.0,
                7.817554638487919e-11,
                6.169235817000827e-10,
                2.520948380289554e-07,
                0.9999997472100629
            ],
            [
                0.0,
                3.761797993308262e-09,
                3.7669050793756563e-06,
                0.9998901203511912,
                0.0001061089819314308
            ],
            [
                2.161701502875783e-10,
                1.4501770728943143e-10,
                4.1634520837648277e-10,
                3.5063245749216895e-07,
                0.9999996485900094
            ],
            [
                2.310557370175274e-10,
                5.361097969388145e-11,
                3.446465328231507e-10,
                6.225564069740729e-07,
                0.9999993768142796
            ]
        ],
        [
            [
                2.1245828004435473e-09,
                1.0017478322406485e-09,
                2.8975368735408196e-09,
                6.849077524641936e-06,
                0.9999931448986079
            ],
            [
                0.0,
                8.588614961715523e-09,
                0.9999999404462372,
                4.78021361372908e-08,
                3.1630117946692e-09
            ],
            [
                0.0,
                9.463884788102489e-10,
                0.999999899967975,
                6.781547457785333e-08,
                3.127016207874292e-08
            ],
            [
                3.051536047258958e-10,
                1.5063529852562869e-10,
                4.749690209226595e-10,
                1.0749324267570323e-06,
                0.9999989241368153
            ],
            [
                1.1311748361632275e-11,
                1.5992853860812794e-11,
                5.182643517148463e-11,
                3.7723905716672605e-08,
                0.9999999621969632
            ]
        ],
        [
            [
                0.0,
                3.5389625644724e-12,
                3.8616088145726394e-11,
                2.3099352611695422e-07,
                0.9999997689643189
            ],
            [
                0.0,
                3.257232060353818e-11,
                7.130795668775491e-10,
                3.940556251770853e-07,
                0.999999605198723
            ],
            [
                0.0,
                3.4251851160785713e-11,
                0.9999999981285488,
                7.077544162816121e-10,
                1.1294448437194615e-09
            ],
            [
                0.0,
                8.434481122597265e-11,
                4.776426952737096e-10,
                2.3428804895354005e-06,
                0.9999976565575229
            ],
            [
                3.869152806652754e-10,
                8.581565272600483e-11,
                4.725635270688226e-10,
                1.5526136162431825e-07,
                0.999999843793344
            ]
        ],
        [
            [
                0.0,
                2.713916477434101e-10,
                3.0174765366162185e-09,
                5.7050757449182536e-05,
                0.9999429459536826
            ],
            [
                0.0,
                3.3601056704532472e-09,
                0.9999998781194187,
                1.150102267627373e-07,
                3.5102488989156887e-09
            ],
            [
                0.0,
                3.0282333905779407e-10,
                0.9999999553537549,
                3.088369509312525e-08,
                1.3459726786363974e-08
            ],
            [
                0.0,
                1.2793545739033214e-10,
                5.893590479290452e-10,
                5.74389612795262e-07,
                0.9999994248930928
            ],
            [
                3.956059954313745e-10,
                1.277284488967619e-10,
                3.312145643104352e-10,
                8.539204538831965e-07,
                0.999999145224997
            ]
        ],
        [
            [
                0.0,
                1.3128624381176305e-10,
                1.197506877050909e-09,
                2.4178867105879572e-05,
                0.999975819804101
            ],
            [
                0.0,
                1.717005617891515e-09,
                0.999999961588563,
                3.264906285450635e-08,
                4.045368587206452e-09
            ],
            [
                0.0,
                7.149494350861614e-10,
                0.9999999845009642,
                6.747713474082089e-09,
