{
    "[['A', 'B', 'C', 'D', 'E'], ['A', 'B', 'C', 'D', 'E']]": [
        [
            [
                0.9999999358532412,
                6.39308398830105e-08,
                2.1404816763778025e-10,
                1.824156628996632e-12,
                4.6498869490531923e-14
            ],
            [
                0.8795848401547983,
                0.12041515777551544,
                2.0560648711335543e-09,
                1.2931093561544091e-11,
                6.90284365251311e-13
            ],
            [
                0.0,
                1.5809193352974835e-10,
                0.9999999965371724,
                1.3622094349389055e-09,
                1.9425261256611604e-09
            ],
            [
                0.0,
                5.706296542069067e-10,
                4.181442346542078e-08,
                0.00026626208779527275,
                0.9997336955271516
            ],
            [
                0.0,
                8.867777558997974e-12,
                1.793597669148046e-10,
                4.303514212132681e-07,
                0.9999995694603512
            ]
        ],
        [
            [
                0.9999999065446827,
                9.335296749122118e-08,
                9.993333099890573e-11,
                2.358568239591874e-12,
                5.788213340228871e-14
            ],
            [
                0.9998154748557909,
                0.00018452441400042466,
                7.265490487619168e-10,
                3.593596067888667e-12,
                6.587351471930226e-14
            ],
            [
                0.0,
                7.042633057864301e-12,
                0.9999999996816615,
                2.697232589644474e-10,
                4.1572445873428004e-11
            ],
            [
                0.0,
                1.542147844075919e-11,
                1.0416350931781205e-09,
                8.504899439319887e-07,
                0.9999991484529994
            ],
            [
                0.0,
                3.2383324042102855e-11,
                4.71336856952525e-09,
                5.588714159644935e-05,
                0.9999441081126517
            ]
        ],
        [
            [
                0.9999993931022465,
                6.063130851001672e-07,
                5.744988320524158e-10,
                9.989382850860908e-12,
                1.8015560320779462e-13
            ],
            [
                0.09868687735992647,
                0.901313121298766,
                1.3288531077314801e-09,
                1.1807515766380635e-11,
                6.469845756470094e-13
            ],
            [
                0.0,
                1.1359986172301741e-11,
                0.9999999998144913,
                8.9988085136162e-11,
                8.416064642202354e-11
            ],
            [
                0.0,
                4.873709444082939e-10,
                3.077184754384554e-07,
                0.0032153317414008236,
                0.9967843600527528
            ],
            [
                0.0,
                6.274229595688586e-11,
                1.67214695747859e-08,
                0.0003219654978344513,
                0.9996780177179537
            ]
        ],
        [
            [
                0.999999852757765,
                1.4670090467151595e-07,
                5.324435340754644e-10,
                8.623795880365592e-12,
                2.6289041138781506e-13
            ],
            [
                0.9999956436196236,
                4.35543271247505e-06,
                9.437675431550384e-10,
                3.768744201428358e-12,
                1.2766323286373777e-13
            ],
            [
                3.2268196117236015e-08,
                0.9999994458202508,
                5.218870416449879e-07,
                2.3026853272830164e-11,
                1.484522923198235e-12
            ],
            [
                0.0,
                5.3989194168301845e-12,
                1.420078962489455e-10,
                2.1724681586329548e-07,
                0.9999997826057774
            ],
            [
                0.0,
                8.258751274729222e-10,
                1.6782993997494934e-06,
                0.0033454665898193067,
                0.9966528542849058
            ]
        ],
        [
            [
                0.9999999781477711,
                2.1206002172905814e-08,
                6.433468065743418e-10,
                2.7838152498518214e-12,
                9.585435908636173e-14
            ],
            [
                0.8775639046131476,
                0.12243609250186444,
                2.8597841687196137e-09,
                2.4691961333655083e-11,
                5.11956309775424e-13
            ],
            [
                0.0,
                2.1675724735684114e-10,
                0.9999999776443868,
                1.4342542332388703e-08,
                7.796313725735842e-09
            ],
            [
                0.0,
                5.950901950866154e-11,
                5.6602836461221485e-09,
                3.0554357729059002e-06,
                0.9999969388444344
            ],
            [
                0.0,
                9.71792077202473e-11,
                6.701939086906448e-08,
                4.022510065130876e-05,
                0.9999597077827785
            ]
        ],
        [
            [
                0.9999999575925629,
                4.194670136255625e-08,
                4.583502465655302e-10,
                2.2895719983517964e-12,
                9.590281869681688e-14
            ],
            [
                0.9999795600016896,
                2.0439497053997837e-05,
                4.98643162833307e-10,
                2.535040655554984e-12,
                7.820092545242821e-14
            ],
            [
                5.219596763585036e-11,
                1.8008116647918264e-08,
                0.999999981502716,
                3.355057495917251e-10,
                1.0146543001001597e-10
            ],
            [
                0.0,
                1.0212922383275056e-11,
                7.293704781432636e-10,
                5.676360588265278e-07,
                0.9999994316243578
            ],
            [
                0.0,
                2.3576520043323024e-11,
                2.7739135643410295e-09,
                0.0001590719787164628,
                0.9998409252237934
            ]
        ],
        [
            [
                0.999999982676053,
                1.7126400576655202e-08,
                1.9426807296369862e-10,
                3.219915095742558e-12,
                5.846933367041175e-14
            ],
            [
                0.9999595608033414,
                4.043895675679889e-05,
                2.3740604089460705e-10,
                2.4037063096717874e-12,
                9.218733478586047e-14
            ],
            [
                1.1551146605227733e-07,
                0.9999998686701044,
                1.581653834498726e-08,
                1.4747526503537593e-12,
                4.162246712331028e-13
            ],
            [
                0.0,
                6.849011462666697e-12,
                2.650927253164351e-10,
                6.919896649501794e-07,
                0.9999993077383934
            ],
            [
                0.0,
                8.984162405327118e-11,
                3.55549855058082e-08,
                6.908139810265586e-07,
                0.9999992735411919
            ]
        ],
        [
            [
                0.9999999851959656,
                1.4492079784597779e-08,
                3.096435310164778e-10,
                2.138773485061493e-12,
                1.7238275312277793e-13
            ],
            [
                0.9999621486879879,
                3.785110531097606e-05,
                2.0519073283220607e-10,
                1.4439131995791017e-12,
                6.636523287010019e-14
            ],
            [
                0.0,
                2.991662146083261e-11,
                0.9999999995294513,
                2.897679267661862e-10,
                1.508641745738092e-10
            ],
            [
                0.0,
                4.187445650516515e-11,
                4.996164197118468e-09,
                7.957258799556198e-07,
                0.9999991992360814
            ],
            [
                0.0,
                3.42713910678235e-11,
                2.377475085143899e-08,
                2.0226142511282315e-05,
                0.9999797500484664
            ]
        ],
        [
            [
                0.9999999848656855,
                1.4777995001938893e-08,
                3.5470686480206933e-10,
                1.5502512829951466e-12,
                6.2063767596008e-14
            ],
            [
                0.002449714909764524,
                0.9975502840856703,
                1.0025850963427916e-09,
                1.85163918483563e-12,
                1.2857961466098744e-13
            ],
            [
                0.0,
                9.302648278701447e-11,
                0.9999999996941085,
                1.3590633562687568e-10,
                7.695870383335214e-11
            ],
            [
                0.0,
                3.7485885571246804e-10,
                7.105771051150284e-07,
                7.816304176004454e-05,
                0.9999211260062759
            ],
            [
                0.0,
                8.234838267741385e-11,
                9.310023776289595e-09,
                4.879046283767751e-05,
                0.9999512001447901
            ]
        ],
        [
            [
                0.9999986021103197,
                1.397637616922329e-06,
                2.4954651728427655e-10,
                2.4279017073180563e-12,
                8.889766844384814e-14
            ],
            [
                0.9999598209249844,
                4.017859463603559e-05,
                4.786230363216513e-10,
                1.7019556059017893e-12,
                5.4420260389208124e-14
            ],
            [
                3.889892244286773e-07,
                0.9999995745499553,
                3.645129371766368e-08,
                8.658324262669355e-12,
                8.681619990473041e-13
            ],
            [
                0.0,
                8.057253408848315e-11,
                3.588931844006337e-08,
                0.00011802311149491037,
                0.9998819409186142
            ],
            [
                0.0,
                1.1369920701337594e-10,
                4.916832515174362e-08,
                7.916227709358576e-05,
                0.9999207884408821
            ]
        ],
        [
            [
                0.9999999716783495,
                2.75038624366677e-08,
                8.130866439246611e-10,
                4.551221716934892e-12,
                1.5006639803839106e-13
            ],
            [
                0.9995464139172491,
                0.00045358496443880425,
                1.1127449573639321e-09,
                5.49606608557379e-12,
                7.108714657957098e-14
            ],
            [
                0.0,
                1.890282906991338e-11,
                0.9999999996066016,
                1.8411534502411948e-10,
                1.9038018630180916e-10
            ],
            [
                0.0,
                3.184055131282828e-11,
                8.812044696603666e-10,
                1.0175416458064607e-07,
                0.9999998973327904
            ],
            [
                0.0,
                2.9944537437246416e-11,
                5.20192115575641e-09,
                1.5018212130309731e-05,
                0.999984976556004
            ]
        ],
        [
            [
                0.999999983678798,
                1.5991475494261188e-08,
                3.2713359464732857e-10,
                2.4952197774989714e-12,
                9.767726547121632e-14
            ],
            [
                0.11712921482974173,
                0.8828707838799745,
                1.2710467188104365e-09,
                1.8564177811733486e-11,
                6.729526231612056e-13
            ],
            [
                4.355432699265193e-06,
                0.999995640586676,
                3.975100162468199e-09,
                4.857927226065043e-12,
                6.666454526330812e-13
            ],
            [
                0.0,
                5.050213964552521e-11,
                1.2678148645273003e-08,
                4.276284967355818e-08,
                0.9999999445084995
            ],
            [
                0.0,
                5.847433045186462e-11,
                1.3512355578061297e-08,
                1.346796547188843e-05,
                0.9999865184636981
            ]
        ],
        [
            [
                0.9999999444046419,
                5.523104958231031e-08,
                3.6056765694353677e-10,
                3.5868851616717732e-12,
                1.5418373981797502e-13
            ],
            [
                0.999996082862864,
                3.916883016874544e-06,
                2.5189835791958515e-10,
                2.0418365131697664e-12,
                1.7889449207847617e-13
            ],
            [
                4.257592622211499e-11,
                5.856778668498033e-10,
                0.9999999974118021,
                1.3196843429338994e-09,
                6.402595377508503e-10
            ],
            [
                0.0,
                5.487301103762311e-11,
                2.2627123856539586e-08,
                3.7478039922545263e-07,
                0.999999602537604
            ],
            [
                0.0,
                4.202341215162426e-12,
                1.7123998025686154e-10,
                6.52434115768886e-07,
                0.9999993473904418
            ]
        ],
        [
            [
                0.9999998156540568,
                1.8381510221917958e-07,
                5.269545540636904e-10,
                3.679475758087496e-12,
                2.0698126903144878e-13
            ],
            [
                0.9998713061109031,
                0.0001286935675375661,
                3.203929094325185e-10,
                1.0569860379537898e-12,
                1.0942006621128025e-13
            ],
            [
                0.0,
                2.3705344476527017e-11,
                0.9999999992869262,
                4.532773930532158e-10,
                2.360911018275186e-10
            ],
            [
                0.0,
                2.0721225608285756e-10,
                4.3857007714881334e-08,
                0.0002784941892419445,
                0.9997214617465381
            ],
            [
                0.0,
                3.6551721038626954e-10,
                9.570448361633418e-08,
                0.00022041420839658,
                0.9997794897216025
            ]
        ],
        [
            [
                0.9999999346530215,
                6.48994667801816e-08,
                4.4286763171280953e-10,
                4.450892353046629e-12,
                1.931365144968411e-13
            ],
            [
                0.9909715838229759,
                0.009028415761247511,
                4.098895975585126e-10,
                5.678214022084894e-12,
                2.088805502581672e-13
            ],
            [
                4.218757682154214e-08,
                0.6473180623988267,
                0.35268188871016437,
                6.703432041834732e-09,
                0.0
            ],
            [
                0.0,
                4.1172288071833044e-11,
                4.119361709745757e-09,
                4.866471272464629e-07,
                0.9999995091923388
            ],
            [
                0.0,
                2.0809935925357692e-11,
                7.536568960929737e-09,
                1.147663958672033e-06,
                0.9999988447786624
            ]
        ],
        [
            [
                0.9999998917635392,
                1.0788828320682166e-07,
                3.4403246104617053e-10,
                3.950837956640433e-12,
                1.9433560191742088e-13
            ],
            [
                0.9789505182711206,
                0.021049480418005674,
                1.3042623157642997e-09,
                6.479086314943575e-12,
                1.3235738052454602e-13
            ],
            [
                0.0,
                1.4309730864683596e-11,
                0.9999999993092519,
                3.737486826360221e-10,
                3.0268995853485447e-10
            ],
            [
                0.0,
                1.9707637382103468e-11,
                9.843267051390405e-10,
                5.595457533808706e-06,
                0.9999944035384319
            ],
            [
                0.0,
                1.5776863088093324e-11,
                7.821406407045613e-10,
                5.158076507411604e-06,
                0.999994841125575
            ]
        ],
        [
            [
                0.999999979005614,
                2.0503834779486156e-08,
                4.883172259157508e-10,
                2.173992083087246e-12,
                5.991049000046195e-14
            ],
            [
                0.9820090696523166,
                0.017990929305396326,
                1.0346000300570002e-09,
                7.366186903433415e-12,
                3.2088778260977617e-13
            ],
            [
                1.5633753143051958e-07,
                0.9999998127361699,
                3.0923009656851496e-08,
                2.689570023846525e-12,
                5.996081767539705e-13
            ],
            [
                0.0,
                8.743097271502315e-11,
                8.03826281989294e-08,
                2.13855676119108e-05,
                0.9999785339623289
            ],
            [
                0.0,
                2.898523608761797e-11,
                6.49529295263291e-09,
                7.101537286076709e-05,
                0.9999289781028611
            ]
        ],
        [
            [
                0.9999994422485954,
                5.575171310475053e-07,
                2.308584011308876e-10,
                3.3329793817337416e-12,
                8.217567128046152e-14
            ],
            [
                0.9839084916303128,
                0.01609150711413397,
                1.2404359516187119e-09,
                1.4661739322776793e-11,
                4.555675022705997e-13
            ],
            [
                7.778865080242245e-06,
                0.9999922191739595,
                1.9575598577502683e-09,
                2.9119429460544627e-12,
                4.883919234462985e-13
            ],
            [
                0.0,
                3.9362423226034056e-10,
                1.8576700338563068e-07,
                4.4872245675698027e-05,
                0.9999549415936967
            ],
            [
                0.0,
                8.569886801157112e-11,
                1.0209763045845667e-08,
                0.00014887796006730268,
                0.9998511117444708
            ]
        ],
        [
            [
                0.9999995147746737,
                4.848275441355009e-07,
                3.9400956582252037e-10,
                3.519609268638667e-12,
                2.5317729927321656e-13
            ],
            [
                0.9869554926864194,
                0.013044504545458488,
                2.7632043937846334e-09,
                4.783186665764324e-12,
                1.3451301301155872e-13
            ],
            [
                1.4317752458489948e-08,
                0.9999945481940896,
                5.437462418917284e-06,
                2.3744669105110125e-11,
                1.9942673658382633e-12
            ],
            [
                0.0,
                8.24085659252148e-11,
                1.5784382577493442e-08,
                5.678596675355821e-07,
                0.9999994162735413
            ],
            [
                0.0,
                5.8178742130304105e-11,
                1.9671126476805886e-08,
                1.5492769083086133e-05,
                0.9999844875016117
            ]
        ],
        [
            [
                0.9999999018158868,
                9.782038138210794e-08,
                3.6056768457042836e-10,
                3.1040248365369565e-12,
                5.991049251787516e-14
            ],
            [
                0.9986145358427646,
                0.001385463738767683,
                4.134504359873964e-10,
                4.867461455707861e-12,
                1.4979844321686512e-13
            ],
            [
                0.0,
                2.114533965789298e-06,
                0.9999978771737388,
                5.638796953254182e-09,
                2.6534984191208563e-09
            ],
            [
                0.0,
                5.618264383619932e-11,
                1.3957752613461766e-08,
                5.205965940549092e-07,
                0.9999994653894706
            ],
            [
                0.0,
                4.27760019071555e-11,
                3.6706140225078525e-09,
                1.8001567980632947e-05,
                0.9999819947186295
            ]
        ],
        [
            [
                0.9999999343237365,
                6.489946675881118e-08,
                7.74358100972344e-10,
                2.3636797605142525e-12,
                7.500769919790563e-14
            ],
            [
                0.8895316528974881,
                0.11046834684069749,
                2.5742181892014266e-10,
                4.2314494551120014e-12,
                1.6100666037106092e-13
            ],
            [
                0.0,
                6.239775386829061e-11,
                0.9999999996463538,
                1.7419858129380181e-10,
                1.1704980886599833e-10
            ],
            [
                0.0,
                4.7336796448373154e-11,
                2.3206992552734177e-09,
                4.6930255927593035e-06,
                0.9999953046063711
            ],
            [
                0.0,
                4.6303700633937115e-11,
                4.1586230368121266e-08,
                3.510006636388299e-06,
                0.9999964483608296
            ]
        ],
        [
            [
                0.9999998184496226,
                1.814760126996366e-07,
                7.318771294758591e-11,
                1.1392832961849645e-12,
                3.777563545783271e-14
            ],
            [
                0.9998729676322861,
                0.00012703216385495119,
                2.0207813836492268e-10,
                1.7195496419008356e-12,
                6.129450962503541e-14
            ],
            [
                0.0,
                2.2120605494669998e-11,
                0.9999999996898197,
                1.7679236499639373e-10,
                1.1126742819041704e-10
            ],
            [
                0.0,
                4.74984210052297e-11,
                8.632252067203341e-09,
                5.277711181398856e-07,
                0.9999994635491314
            ],
            [
                0.0,
                8.113159603985708e-10,
                7.065907631977597e-07,
                0.00037125953103931753,
                0.9996280330668815
            ]
        ],
        [
            [
                0.9999999792709859,
                2.05038347849273e-08,
                2.2354148061289814e-10,
                1.5739165022283454e-12,
                6.405464900960196e-14
            ],
            [
                0.9999779542277151,
                2.2044626865576643e-05,
                1.1418041102908103e-09,
                3.5228465387784433e-12,
                9.239699364401435e-14
            ],
            [
                0.0,
                6.510020713453715e-11,
                0.9999999988601012,
                6.746050081481727e-10,
                4.001937066748187e-10
            ],
            [
                0.0,
                8.235325325307727e-11,
                5.061241239047697e-09,
                9.753658800777715e-07,
                0.9999990194905254
            ],
            [
                0.0,
                1.7536628178560568e-11,
                6.314029376359414e-10,
                8.968767404672177e-06,
                0.9999910305836557
            ]
        ],
        [
            [
                0.9999998871543427,
                1.1155000504588004e-07,
                1.2871532779426353e-09,
                8.303094440761243e-12,
                1.9588295692116315e-13
            ],
            [
                0.9999512045932927,
                4.879502322855348e-05,
                3.8043822482589273e-10,
                2.8996720981109294e-12,
                1.4081873337308453e-13
            ],
            [
                0.0,
                1.7598516935203346e-11,
                0.9999999994533888,
                2.979517184448149e-10,
                2.310610316687117e-10
            ],
            [
                0.0,
                7.163564214287529e-11,
                2.895577339560848e-08,
                2.9336811332180716e-07,
                0.9999996776044777
            ],
            [
                0.0,
                4.627324052598421e-11,
                5.013097916177111e-09,
                1.5343328114682205e-06,
                0.9999984606078174
            ]
        ],
        [
            [
                0.9999998124485947,
                1.8723167890649303e-07,
                3.173604020351909e-10,
                2.2451208634990954e-12,
                1.2095029629020277e-13
            ],
            [
                0.9999772536894537,
                2.2746134100204776e-05,
                1.73435405371146e-10,
                3.010757065787854e-12,
                0.0
            ],
            [
                1.572786294196922e-05,
                0.9999842690688943,
                3.0658776226645306e-09,
                2.0532753841981394e-12,
                2.3295731911624494e-13
            ],
            [
                0.0,
                1.1117280833758186e-10,
                4.54160532702878e-08,
                0.0003876303702129583,
                0.999612324102561
            ],
            [
                0.0,
                4.3953137716388275e-12,
                4.740187381954884e-10,
                2.546811910870291e-07,
                0.9999997448403948
            ]
        ],
        [
            [
                0.999999772486825,
                2.2714158578325419e-07,
                3.684486617182142e-10,
                3.0884635368578174e-12,
                5.213300816494749e-14
            ],
            [
                0.9999821790576765,
                1.782077873408753e-05,
                1.6221274374759732e-10,
                1.3274551890800147e-12,
                4.9202692542827826e-14
            ],
            [
                0.0,
                8.60845116445396e-11,
                0.9999999959531691,
                2.3885915490616757e-09,
                1.5721547373199969e-09
            ],
            [
                0.0,
                0.0,
                7.130673731029092e-10,
                3.919048469160704e-05,
                0.999960808802241
            ],
            [
                0.0,
                7.004033400936131e-10,
                3.6947986359308916e-07,
                0.142439868608863,
                0.8575597612108701
            ]
        ],
        [
            [
                0.9999999062862989,
                9.348500073067716e-08,
                2.2706608810309202e-10,
                1.5928096300217682e-12,
                4.1513906400120754e-14
            ],
            [
                0.99998533542076,
                1.4663587654141957e-05,
                9.84694746866524e-10,
                6.808724984512233e-12,
                8.230366548493917e-14
            ],
            [
                3.18820743964723e-10,
                0.00010081727316955296,
                0.9998991823264562,
                8.155340798409974e-11,
                0.0
            ],
            [
                0.0,
                2.223294998427488e-11,
                3.369032131985341e-09,
                1.615349791844238e-07,
                0.9999998350737558
            ],
            [
                0.0,
                1.2427063744397841e-10,
                9.040093220007356e-08,
                9.451254857379643e-05,
                0.9999053969262234
            ]
        ],
        [
            [
                0.9999998237115478,
                1.7546031462679534e-07,
                8.222788417283088e-10,
                5.745256157334577e-12,
                1.1355468034054995e-13
            ],
            [
                0.9763729527817686,
                0.023627045216549618,
                1.9846359172232985e-09,
                1.680986276835805e-11,
                2.3591023649563076e-13
            ],
            [
                9.335297237264004e-08,
                0.9999998396253024,
                6.701735082607682e-08,
                3.6637749879041935e-12,
                7.107064386669351e-13
            ],
            [
                0.0,
                2.9222210740832004e-11,
                1.2904528463625342e-08,
                8.87287099742631e-08,
                0.9999998983375393
            ],
            [
                0.0,
                7.79916156938672e-11,
                1.856386050996624e-07,
                1.0067857394673245e-05,
                0.9999897464260086
            ]
        ],
        [
            [
                0.9999999863023932,
                1.358541195477957e-08,
                1.1123793122833363e-10,
                9.202505589072155e-13,
                3.678699861483784e-14
            ],
            [
                0.999998833232738,
                1.166483234670444e-06,
                2.8051757406244183e-10,
                3.4060041570688272e-12,
                1.0374355322621674e-13
            ],
            [
                0.0,
                1.4991607389484737e-11,
                0.9999999998366029,
                8.325808056806133e-11,
                6.514740844224885e-11
            ],
            [
                0.0,
                9.414172748475057e-11,
                2.1853254962065238e-08,
                4.045157310674512e-05,
                0.9999595264794966
            ],
            [
                0.0,
                1.6067487796359785e-11,
                2.6704208233131192e-09,
                1.2540134502959794e-05,
                0.9999874571790088
            ]
        ],
        [
            [
                0.999999945328874,
                5.441679102025036e-08,
                2.522243011350242e-10,
                2.063266505883003e-12,
                4.757423240316058e-14
            ],
            [
                0.9998222851654982,
                0.0001777145154605779,
                3.165925531952175e-10,
                2.4139427545714634e-12,
                3.479987923269585e-14
            ],
            [
                0.0,
                1.7170056795214254e-09,
                0.9999999974823932,
                5.207547256463124e-10,
                2.798463542962752e-10
            ],
            [
                0.0,
                6.628247150313806e-11,
                3.6927692584087397e-09,
                4.662314228667918e-07,
                0.9999995300095254
            ],
            [
                0.0,
                7.336349564406913e-12,
                3.207450955257475e-10,
                1.906012104655943e-07,
                0.9999998090707081
            ]
        ],
        [
            [
                0.9999994639431957,
                5.355763436842622e-07,
                4.747860313037329e-10,
                5.489475604944638e-12,
                1.8508084106703942e-13
            ],
            [
                0.9962631892285552,
                0.0037368104385506937,
                3.311918235738803e-10,
                1.6119970470049045e-12,
                9.03079328945585e-14
            ],
            [
                0.0,
                2.8318221714439026e-11,
                0.9999999986149806,
                1.086385755362822e-09,
                2.7031553273329043e-10
            ],
            [
                0.0,
                1.7557923493879916e-10,
                5.005695476111334e-08,
                0.003886902233894903,
                0.9961130475335712
            ],
            [
                0.0,
                2.5576354908459266e-11,
                1.3596610391788016e-08,
                2.5764767494952282e-05,
                0.9999742216103183
            ]
        ],
        [
            [
                0.9999998576545321,
                1.421240817139501e-07,
                2.193298825421116e-10,
                1.959230319378514e-12,
                9.697889546182724e-14
            ],
            [
                0.9998336509068748,
                0.00016634851453816032,
                5.746577854023299e-10,
                3.8479316509626176e-12,
                8.13173469166783e-14
            ],
            [
                0.0,
                4.125648008459742e-11,
                0.9999999986168504,
                5.563360959567418e-10,
                7.855569015169983e-10
            ],
            [
                0.0,
                2.7501264573245516e-10,
                3.0695289107479056e-07,
                0.003076672973095598,
                0.9969230197990007
            ],
            [
                0.0,
                1.2178563308117422e-11,
                6.748006342370614e-10,
                1.165455788881436e-06,
                0.9999988338572319
            ]
        ],
        [
            [
                0.9999999495039146,
                5.024251962534724e-08,
                2.5081005907181975e-10,
                2.6585145052737743e-12,
                9.721557608978551e-14
            ],
            [
                0.9999813627400007,
                1.8637051072687144e-05,
                2.074257808459736e-10,
                1.4674796491249121e-12,
                3.320652984379739e-14
            ],
            [
                8.6941320992951e-09,
                0.9999989830357716,
                1.0082533363240982e-06,
                1.082526954945038e-11,
                5.934587432827761e-12
            ],
            [
                0.0,
                8.268897927046681e-11,
                8.944576596564841e-08,
                1.7822767782110194e-05,
                0.999982087703763
            ],
            [
                0.0,
                1.0412566025592444e-11,
                6.540603714487982e-10,
                3.281314655412745e-05,
                0.999967186188973
            ]
        ],
        [
            [
                0.99999991910711,
                8.067954207486037e-08,
                2.0957845373447628e-10,
                3.693299074118468e-12,
                7.62982555657518e-14
            ],
            [
                0.9995111340751682,
                0.0004888655338911243,
                3.900101637525456e-10,
                8.506560947463897e-13,
                7.996323847056079e-14
            ],
            [
                0.0,
                7.438506679495968e-11,
                0.9999999903012157,
                5.961052315048749e-09,
                3.6633470219913705e-09
            ],
            [
                0.0,
                3.9077246130269943e-11,
                6.4054449701109714e-09,
                7.823097435108069e-07,
                0.9999992112457342
            ],
            [
                0.0,
                6.103316064841416e-11,
                1.035431595688702e-08,
                8.268051382131935e-06,
                0.9999917215332688
            ]
        ],
        [
            [
                0.9999972392493494,
                2.760627188724904e-06,
                1.2211808158010353e-10,
                1.2945671613565254e-12,
                4.939187681612359e-14
            ],
            [
                0.9999927849863319,
                7.214894115942371e-06,
                1.1886972686258082e-10,
                6.617187891649253e-13,
                2.07819407006604e-14
            ],
            [
                9.378481441192455e-07,
                0.9999990245382974,
                3.7611468334668186e-08,
                1.866539113178122e-12,
                2.2364434472574574e-13
            ],
            [
                0.0,
                1.7734929988970691e-10,
                1.0827440377857478e-07,
                3.8703254885070134e-05,
                0.9999611882933619
            ],
            [
                0.0,
                8.130082575864318e-12,
                5.314755614069856e-10,
                6.728978325042445e-06,
                0.9999932704820693
            ]
        ],
        [
            [
                0.9999996025355066,
                3.968055135848935e-07,
                6.520126532398675e-10,
                6.7811322901080014e-12,
                1.8606199007573918e-13
            ],
            [
                0.9997546119722805,
                0.0002453873413530008,
                6.838171163063337e-10,
                2.4399066116103122e-12,
                1.0937811987253957e-13
            ],
            [
                0.0,
                0.0,
                0.9999999838049172,
                1.0748380354918076e-08,
                5.44670238243494e-09
            ],
            [
                0.0,
                4.872823815269654e-11,
                9.138471481463809e-09,
                1.4156871842505076e-06,
                0.9999985751256161
            ],
            [
                0.0,
                9.509749831623526e-11,
                1.516267764250938e-08,
                4.002237387948055e-05,
                0.9999599623683454
            ]
        ],
        [
            [
                0.9999999506389292,
                4.9107493349294126e-08,
                2.5189930217915517e-10,
                1.615777077838539e-12,
                6.219257501320646e-14
            ],
            [
                0.9997401072693657,
                0.0002598922961745024,
                4.327076370189529e-10,
                1.5749586442124469e-12,
                1.7715598287910612e-13
            ],
            [
                0.0,
                3.9322706937518316e-11,
                0.9999999996448854,
                1.6009740188880406e-10,
                1.5569439001492936e-10
            ],
            [
                0.0,
                6.106713772673696e-12,
                6.030603432335694e-10,
                1.1866581052295481e-05,
                0.9999881328097807
            ],
            [
                0.0,
                3.590829865785439e-11,
                7.651369090761031e-09,
                2.7780659460065527e-06,
                0.9999972142467767
            ]
        ],
        [
            [
                0.9999998674987352,
                1.3230603771019567e-07,
                1.9340442489496284e-10,
