{
    "[['A', 'B', 'C', 'D', 'E'], ['A', 'B', 'C', 'D', 'E']]": [
        [
            [
                0.0,
                1.0491136016673706e-10,
                1.2554695548570694e-09,
                0.9999997238315823,
                2.7480803683156806e-07
            ],
            [
                0.0,
                2.763119863883238e-07,
                0.9999995332545338,
                1.3380178970886136e-07,
                5.6631689948083816e-08
            ],
            [
                0.0,
                6.674390664289483e-10,
                0.9999999972359106,
                1.2082279852694093e-09,
                8.884224820764296e-10
            ],
            [
                0.0,
                8.432200753070478e-10,
                7.71105610148928e-09,
                0.9999999761303345,
                1.5315389296678716e-08
            ],
            [
                0.0,
                2.647819419682212e-10,
                8.971653977135394e-09,
                0.9999994014727592,
                5.89290804737072e-07
            ]
        ],
        [
            [
                5.918587234676497e-10,
                1.1735820087482478e-08,
                8.998427409546521e-08,
                0.9999928384379555,
                7.059250091627877e-06
            ],
            [
                0.0,
                0.0,
                6.877792199368978e-10,
                0.9999969229827201,
                3.0763295007209597e-06
            ],
            [
                0.0,
                5.848138712044332e-10,
                0.9999999898228841,
                7.87659264111902e-09,
                1.7157092843663479e-09
            ],
            [
                0.0,
                1.2634686237865892e-06,
                0.04761318735714183,
                0.9523854614762327,
                8.769800172429235e-08
            ],
            [
                0.0,
                3.1690629343957025e-09,
                9.185659571617931e-08,
                0.9999996861196631,
                2.1885467827146935e-07
            ]
        ],
        [
            [
                0.9999996033539867,
                3.752786142781661e-07,
                1.866008934078171e-08,
                9.916003763445476e-10,
                1.7157092348834906e-09
            ],
            [
                0.0,
                6.546847678607861e-09,
                0.9999999766799667,
                1.5643902556359003e-08,
                1.1292832626727683e-09
            ],
            [
                0.0,
                2.6837823316697945e-10,
                0.9999999972110887,
                1.4941723085285817e-09,
                1.0263607392312059e-09
            ],
            [
                0.0,
                9.065950142886345e-10,
                2.601362597077092e-08,
                0.9999999061270802,
                6.695269881995072e-08
            ],
            [
                0.0,
                2.4033879990374053e-10,
                2.9869500339450206e-09,
                0.9999993205763346,
                6.761963765929093e-07
            ]
        ],
        [
            [
                0.0,
                3.7378718956660296e-10,
                3.224260618083768e-08,
                0.9999903701634458,
                9.59722016085778e-06
            ],
            [
                2.373628319663645e-08,
                7.414739354192793e-05,
                1.7345123256036163e-05,
                0.9999083677443023,
                1.1600261652056601e-07
            ],
            [
                0.0,
                3.94121070127721e-07,
                0.9999918647524113,
                4.206669135624905e-06,
                3.534457382880133e-06
            ],
            [
                3.301914522060645e-10,
                1.6292142386683213e-08,
                8.424344346517508e-07,
                0.9999991132299453,
                2.7713286315635224e-08
            ],
            [
                0.0,
                0.0,
                4.410501840463351e-10,
                0.9999975334652039,
                2.4660937458014063e-06
            ]
        ],
        [
            [
                0.0,
                4.3239820124513096e-10,
                2.6884266218409222e-08,
                0.9999996895186558,
                2.8316467975779107e-07
            ],
            [
                0.0,
                8.107266061022218e-10,
                0.9999999841654894,
                1.3148660203172368e-08,
                1.875123793353537e-09
            ],
            [
                0.0,
                7.25852365541608e-10,
                0.9999999939628395,
                3.871842084970015e-09,
                1.4394661283383624e-09
            ],
            [
                0.0,
                1.3319761331063465e-10,
                7.866743249401437e-09,
                0.9996893051423938,
                0.00031068685766523567
            ],
            [
                0.0,
                1.3404963736561027e-10,
                1.984466634286285e-08,
                0.9975151000441532,
                0.0024848799771306895
            ]
        ],
        [
            [
                0.0,
                2.3229301590753782e-10,
                1.2045027430401073e-09,
                0.9999978580691158,
                2.1404940884707142e-06
            ],
            [
                0.0,
                2.0346590994159615e-09,
                0.9999999949771721,
                2.535919977180698e-09,
                4.522488711692636e-10
            ],
            [
                0.0,
                1.1888406446129153e-09,
                0.9999999937684216,
                3.274327769170618e-09,
                1.768410180704235e-09
            ],
            [
                0.0,
                2.5942174960910675e-08,
                1.2737892188547329e-05,
                0.9999872113376753,
                2.4827961182006406e-08
            ],
            [
                0.0,
                1.6170336496108787e-10,
                1.5409851227713911e-09,
                0.999901084984326,
                9.89133129856461e-05
            ]
        ],
        [
            [
                0.0,
                2.119745805603532e-09,
                4.217115882102437e-08,
                0.9999997076049894,
                2.4810410587376273e-07
            ],
            [
                0.0,
                2.5137079413941715e-07,
                0.9999996681748591,
                7.001342471659616e-08,
                1.0440922115199861e-08
            ],
            [
                0.0,
                1.485229753893589e-10,
                0.9999999951377709,
                3.4961435955119113e-09,
                1.217562562715521e-09
            ],
            [
                0.0,
                2.4265522486447467e-10,
                7.185041233535001e-09,
                0.9999998743381379,
                1.1823416577537288e-07
            ],
            [
                0.0,
                8.665970489451383e-09,
                7.618087763189316e-07,
                0.9999992127083749,
                1.68168783197354e-08
            ]
        ],
        [
            [
                0.0,
                1.349056415104447e-07,
                7.98715696680846e-08,
                0.9999994492781893,
                3.359445995395895e-07
            ],
            [
                0.0,
                1.642526590060374e-06,
                0.9999980970498658,
                2.277704319496439e-07,
                3.2653112257761057e-08
            ],
            [
                0.0,
                7.411266531371563e-09,
                0.999999944483045,
                3.711936261178007e-08,
                1.0986325922390065e-08
            ],
            [
                0.0,
                2.0328465302849468e-10,
                3.813196367352391e-09,
                0.9998872199795322,
                0.00011277600398672316
            ],
            [
                0.0,
                3.030354061393786e-10,
                2.0787830915734628e-08,
                0.9999998937614943,
                8.514763943281767e-08
            ]
        ],
        [
            [
                0.0,
                1.815162278948231e-10,
                7.826723307837204e-09,
                0.9999889131122532,
                1.1078879507137542e-05
            ],
            [
                0.0,
                4.2305036848639997e-07,
                0.9999995068896375,
                5.331666326546334e-08,
                1.6743330712564646e-08
            ],
            [
                0.0,
                9.104974962227142e-10,
                0.9999999863455826,
                9.204297284300151e-09,
                3.5396227070253573e-09
            ],
            [
                6.714890508332202e-11,
                8.738067106030494e-10,
                2.1722349898447036e-08,
                0.9999997682031637,
                2.091335307602356e-07
            ],
            [
                0.0,
                3.1243315865149805e-09,
                0.9999749072559301,
                2.5087145712311638e-05,
                2.4740258585238215e-09
            ]
        ],
        [
            [
                0.0,
                3.3376391122114956e-10,
                1.2940192199144631e-08,
                0.9999996942633199,
                2.924627239045065e-07
            ],
            [
                0.0,
                1.6684568635123945e-09,
                0.999999981917293,
                1.39875486573392e-08,
                2.4267015646734284e-09
            ],
            [
                0.0,
                1.0288112713227183e-08,
                0.9999999309913516,
                4.929499819076478e-08,
                9.425537373819718e-09
            ],
            [
                0.0,
                4.633630164124087e-11,
                3.0701420883425286e-10,
                0.9999987231047605,
                1.276541888996193e-06
            ],
            [
                0.0,
                6.243763986899049e-11,
                1.2866967826910082e-09,
                0.9999986248660139,
                1.3737848517312563e-06
            ]
        ],
        [
            [
                0.0,
                2.3591958300976086e-10,
                8.836807281517794e-09,
                0.9999956493503611,
                4.3415769121134696e-06
            ],
            [
                0.0,
                1.1803452354309664e-07,
                0.9999997063333668,
                1.3973635671725858e-07,
                3.589575316106705e-08
            ],
            [
                0.0,
                8.87618368650696e-09,
                0.9999999666531152,
                1.701248246752908e-08,
                7.458218659472225e-09
            ],
            [
                0.0,
                1.1104528269949641e-09,
                1.7347683790218835e-07,
                0.9999995383185764,
                2.8709413291327486e-07
            ],
            [
                0.0,
                1.9389170660633885e-09,
                3.2505980522685343e-07,
                0.9999995357907259,
                1.3721055175134237e-07
            ]
        ],
        [
            [
                0.0,
                1.022929353538165e-08,
                4.2211234126377516e-08,
                0.9999991019488261,
                8.45610646037218e-07
            ],
            [
                0.0,
                6.623476475419733e-09,
                0.999999958765032,
                3.2567586773509155e-08,
                2.0439046400050664e-09
            ],
            [
                0.0,
                2.680032792087606e-10,
                0.99999999672334,
                1.750192789323078e-09,
                1.2584640416787809e-09
            ],
            [
                0.0,
                2.0454031696932114e-08,
                9.449405552557525e-07,
                0.9999989758256105,
                5.8779802334582644e-08
            ],
            [
                0.0,
                9.291672550149033e-07,
                0.9375336553702146,
                0.06246539209500329,
                2.3367527000175282e-08
            ]
        ],
        [
            [
                0.9999966693821952,
                3.209905383629897e-06,
                6.707335701840464e-08,
                1.666667064188047e-08,
                3.6972393567272515e-08
            ],
            [
                0.0,
                1.3352167600022045e-10,
                0.9999999942168869,
                5.451265014898865e-09,
                1.9832650651463907e-10
            ],
            [
                0.0,
                9.22103389810635e-11,
                0.9999999973402913,
                1.990310750164337e-09,
                5.771875528455128e-10
            ],
            [
                0.0,
                6.335366121090406e-11,
                8.614684647202428e-09,
                0.999999943148768,
                4.8173193824148184e-08
            ],
            [
                0.0,
                6.2889970001893375e-09,
                3.366276995484471e-07,
                0.9999994294911335,
                2.2759216991451444e-07
            ]
        ],
        [
            [
                0.0,
                1.1599795334587504e-09,
                1.8253504770760833e-08,
                0.9999997198654921,
                2.607210236164802e-07
            ],
            [
                0.0,
                3.928091546330765e-09,
                0.9999996967536818,
                2.9069364473741656e-07,
                8.624581846064719e-09
            ],
            [
                0.0,
                1.752553616144737e-10,
                0.9999999964071613,
                2.0074174692568227e-09,
                1.410165777425495e-09
            ],
            [
                0.0,
                1.5792625962649418e-09,
                2.7240423139268784e-08,
                0.9999996631068403,
                3.080734739811934e-07
            ],
            [
                0.0,
                2.2129775097604227e-10,
                2.4499552368743462e-09,
                0.9999996803677277,
                3.169610194039882e-07
            ]
        ],
        [
            [
                0.0,
                4.496092875231e-10,
                1.3887991211078244e-08,
                0.9999997369413869,
                2.4872101262478763e-07
            ],
            [
                3.258770545678056e-09,
                2.5019352252529244e-06,
                0.9999974250222163,
                6.503428528329832e-08,
                4.749502624379588e-09
            ],
            [
                0.0,
                1.1432810335387083e-10,
                0.9999999982135941,
                1.198475686250358e-09,
                4.736021296119764e-10
            ],
            [
                0.0,
                3.258776746874772e-09,
                1.1453322848279424e-07,
                0.9999998047828879,
                7.742510695027709e-08
            ],
            [
                0.0,
                8.161751789390476e-11,
                4.078559223024437e-09,
                0.9999998872332493,
                1.0860657385033549e-07
            ]
        ],
        [
            [
                7.002433785605875e-09,
                9.860847433544558e-06,
                4.325451118657636e-06,
                0.9999856868644673,
                1.1983454655728577e-07
            ],
            [
                0.0,
                1.0809328561524372e-06,
                0.9999985927613277,
                2.6519730925749844e-07,
                6.110850677712761e-08
            ],
            [
                0.0,
                4.3885372928047796e-08,
                0.9999998406003967,
                8.695878086907064e-08,
                2.8555449612628385e-08
            ],
            [
                0.0,
                2.7321163067879148e-09,
                3.493831937599768e-08,
                0.9999997961793549,
                1.6615020943638873e-07
            ],
            [
                0.0,
                2.721676449081297e-10,
                2.8716137571161233e-08,
                0.9999996344677857,
                3.365439090579831e-07
            ]
        ],
        [
            [
                0.0,
                1.6977822038977776e-09,
                6.553622686035638e-08,
                0.013618401996695525,
                0.9863815307692954
            ],
            [
                6.2732070327059405e-09,
                1.147807917001978e-05,
                0.9999883423060518,
                1.4795404606981993e-07,
                2.5387525007397843e-08
            ],
            [
                0.0,
                2.793601153384346e-09,
                0.9999999582376233,
                3.294312517794216e-08,
                6.0256503983245604e-09
            ],
            [
                3.3451859357793454e-06,
                0.9999755206811981,
                5.958816818587551e-06,
                3.13429693908851e-07,
                1.4861886353460685e-05
            ],
            [
                0.0,
                4.358303126158541e-10,
                1.866253687720671e-09,
                0.9999997799582765,
                2.177396395443e-07
            ]
        ],
        [
            [
                0.0,
                1.6394214199061852e-10,
                1.4379924507114273e-09,
                0.9999992337192218,
                7.646788435450642e-07
            ],
            [
                0.0,
                1.72935555521109e-07,
                0.9999997705698795,
                4.563034935354971e-08,
                1.0864215459672683e-08
            ],
            [
                0.0,
                5.470096007382112e-09,
                0.9999999812257919,
                6.50776774135903e-09,
                6.796344317424863e-09
            ],
            [
                0.0,
                6.90595662295071e-08,
                6.541366328862228e-06,
                0.999993287787517,
                1.0178658795028843e-07
            ],
            [
                0.0,
                9.455823946888093e-09,
                1.9543851725449097e-07,
                0.9999997462355911,
                4.887006778527398e-08
            ]
        ],
        [
            [
                0.0,
                1.850024394030873e-10,
                2.064592592790357e-09,
                0.9999995788328246,
                4.189175803328611e-07
            ],
            [
                0.0,
                6.899655594355736e-10,
                0.9999999916043593,
                6.935058031793134e-09,
                7.706170898241028e-10
            ],
            [
                0.0,
                2.409391394012413e-10,
                0.9999999976707876,
                1.237552830705112e-09,
                8.507206614064341e-10
            ],
            [
                0.0,
                2.5182077940096528e-08,
                0.9708904296318411,
                0.02910953331359881,
                1.1872482087068944e-08
            ],
            [
                0.0,
                1.2437258756929745e-10,
                6.5868404776409765e-09,
                0.9999999407468381,
                5.254194891756912e-08
            ]
        ],
        [
            [
                0.0,
                1.9824340696911687e-09,
                1.1048554840517058e-07,
                0.999999772150685,
                1.1538133253519313e-07
            ],
            [
                0.0,
                2.1404991547434684e-07,
                0.9999996608659902,
                9.910909149126608e-08,
                2.5975002808620532e-08
            ],
            [
                0.0,
                7.116474816779929e-10,
                0.999999978400524,
                1.8180399485671754e-08,
                2.7074290747402832e-09
            ],
            [
                0.0,
                6.127891292250635e-08,
                0.0005022432400408277,
                0.9994976485011753,
                4.697987098344799e-08
            ],
            [
                0.0,
                1.3485590530586603e-10,
                2.6742793839089885e-09,
                0.9999982062423883,
                1.7909484763818238e-06
            ]
        ],
        [
            [
                1.6455342215581847e-09,
                2.950442359361967e-07,
                3.995787615865277e-07,
                0.999998471860974,
                8.318704944105856e-07
            ],
            [
                0.0,
                5.582376940258235e-10,
                0.9999999977977043,
                1.4817756253393997e-09,
                1.6228238202280118e-10
            ],
            [
                0.0,
                3.816193940192967e-09,
                0.9999999605399497,
                2.2708969273526727e-08,
                1.2934887133935915e-08
            ],
            [
                0.0,
                2.719522833847621e-10,
                3.803847198629099e-09,
                0.9999998267335137,
                1.6919068678348136e-07
            ],
            [
                0.0,
                3.043462108359015e-10,
                5.970109236794538e-09,
                0.9999999372276339,
                5.6497910526899874e-08
            ]
        ],
        [
            [
                0.0,
                1.1775438665611366e-08,
                4.931934811815076e-08,
                0.9999982194653794,
                1.7194398338091223e-06
            ],
            [
                0.0,
                2.838954630714775e-06,
                0.999997057840816,
                8.823069749981163e-08,
                1.49738557586717e-08
            ],
            [
                0.0,
                1.7581281131925016e-10,
                0.9999999983900023,
                8.653232181964088e-10,
                5.688615489837139e-10
            ],
            [
                0.0,
                1.9894719246026344e-09,
                8.747914551317959e-08,
                0.9999998587717465,
                5.175963600380307e-08
            ],
            [
                1.913295557921032e-10,
                1.8393536539565835e-09,
                2.48915457583282e-08,
                0.9999998259712861,
                1.471064850016333e-07
            ]
        ],
        [
            [
                0.0,
                1.4295307403320526e-10,
                3.541398868569688e-09,
                0.99871077334274,
                0.001289222972907983
            ],
            [
                0.0,
                1.8834811096320173e-07,
                0.999999736797147,
                6.445535888867194e-08,
                1.0399383177526198e-08
            ],
            [
                0.0,
                3.8994376046750605e-11,
                0.99999999934492,
                3.8687396992161185e-10,
                2.2921174387727752e-10
            ],
            [
                6.494292412168651e-06,
                0.9999932208801839,
                2.0757311450836312e-07,
                4.013138853866578e-08,
                3.712290098129263e-08
            ],
            [
                0.0,
                1.944290692115319e-09,
                4.554972374699556e-07,
                0.9999993584995378,
                1.8405893405779967e-07
            ]
        ],
        [
            [
                9.161001895328513e-09,
                3.326037384610522e-05,
                3.938830220074734e-06,
                0.9999627184633003,
                7.317163157555473e-08
            ],
            [
                0.0,
                9.1533694725642e-07,
                0.9999987962238784,
                2.601177766995896e-07,
                2.8321397564730197e-08
            ],
            [
                0.0,
                1.6264696924827047e-08,
                0.9999999214323644,
                4.5325107253059194e-08,
                1.6977831365108857e-08
            ],
            [
                1.0397048870611292e-05,
                4.538568639110418e-05,
                1.1109053502835312e-05,
                6.681849200455743e-06,
                0.9999264263620349
            ],
            [
                0.0,
                6.19056757529626e-11,
                2.8192303414111005e-09,
                0.9999996349467364,
                3.621721275503689e-07
            ]
        ],
        [
            [
                0.0,
                2.7749677662877076e-08,
                1.0784934503558859e-06,
                0.9999987755337588,
                1.1822311305234094e-07
            ],
            [
                0.0,
                3.3707902363081344e-07,
                0.9999994600826879,
                1.6537402652760337e-07,
                3.74642619052866e-08
            ],
            [
                0.0,
                6.788230914627571e-10,
                0.9999999878967839,
                8.260614749625731e-09,
                3.163778224307871e-09
            ],
            [
                0.0,
                1.9612774232710454e-10,
                1.7897923434464372e-08,
                0.999999825918694,
                1.559872548306008e-07
            ],
            [
                0.0,
                1.0595096417648757e-07,
                0.00698563956525434,
                0.9930142075981752,
                4.688560644174878e-08
            ]
        ],
        [
            [
                0.0,
                5.792565546998455e-10,
                4.449152821492704e-08,
                0.003700361820553445,
                0.9962995931086618
            ],
            [
                0.0,
                4.5567333729533987e-10,
                0.9998946091067472,
                0.00010537785581266605,
                1.2581766669425535e-08
            ],
            [
                0.0,
                8.293526960784467e-10,
                0.9999999914441114,
                5.168453618628467e-09,
                2.558082110843325e-09
            ],
            [
                0.0,
                1.0339973986105789e-07,
                4.448730676208483e-07,
                0.9999994043410891,
                4.7386103410408845e-08
            ],
            [
                0.0,
                8.36309838917277e-11,
                5.463693579004134e-09,
                0.9999998468920651,
                1.4756061029255588e-07
            ]
        ],
        [
            [
                0.0,
                8.536870656039161e-10,
                4.399818387136355e-08,
                0.9811014070045307,
                0.018898548143598166
            ],
            [
                0.0,
                9.819564418246858e-10,
                0.9999999864594569,
                1.124979887019531e-08,
                1.3087877386099714e-09
            ],
            [
                0.0,
                1.8018990137895464e-10,
                0.9999999978944192,
                1.5010850272597858e-09,
                4.2430592130255405e-10
            ],
            [
                0.0,
                1.0007963543317893e-10,
                8.028115889840695e-09,
                0.9999998006915026,
                1.9118030187382913e-07
            ],
            [
                0.0,
                2.6300517651100474e-10,
                1.5441185435906566e-09,
                0.9999288580278455,
                7.114016503071835e-05
            ]
        ],
        [
            [
                0.0,
                2.765408045608058e-09,
                1.144962452795501e-08,
                0.9999996996698804,
                2.861150869979125e-07
            ],
            [
                0.0,
                1.352654468128621e-07,
                0.999999494380959,
                3.665220256151088e-07,
                3.83156860501683e-09
            ],
            [
                0.0,
                1.1800159754508575e-10,
                0.9999999992336555,
                4.5354721540673427e-10,
                1.947956949159536e-10
            ],
            [
                0.0,
                8.698112919777019e-09,
                1.3275352035007988e-06,
                0.9999983929207268,
                2.708459567352418e-07
            ],
            [
                0.0,
                1.3866696775518564e-10,
                2.0274149853386117e-09,
                0.9999999069098914,
                9.092402665709566e-08
            ]
        ],
        [
            [
                0.0,
                4.128104113848564e-11,
                1.2305129109926575e-09,
                0.9999993394180864,
                6.593101196569912e-07
            ],
            [
                0.0,
                2.729002295087921e-07,
                0.9999995389753771,
                1.5566879647081973e-07,
                3.24555969807347e-08
            ],
            [
                0.0,
                1.0440921444996904e-08,
                0.9999999616127121,
                1.8377309985745163e-08,
                9.569056221210682e-09
            ],
            [
                0.0,
                2.356952802372146e-09,
                3.0261810455474155e-08,
                0.9999997489144387,
                2.184667981356812e-07
            ],
            [
                0.0,
                1.7309401013232622e-10,
                7.015829048215084e-09,
                0.9999997067287293,
                2.8608234761763797e-07
            ]
        ],
        [
            [
                1.1424642614756567e-09,
                3.6264773344830703e-07,
                6.875225812352629e-07,
                0.9999988871553209,
                6.153190012999243e-08
            ],
            [
                0.0,
                1.2721181602525095e-06,
                0.9999985596220242,
                1.5411718121352088e-07,
                1.4142634279282997e-08
            ],
            [
                0.0,
                1.780550456889033e-09,
                0.9999999561955161,
                2.9073370362417847e-08,
                1.2950562869202106e-08
            ],
            [
                0.013716144367030754,
                0.9862829945598628,
                8.37506374519324e-07,
                1.838526902564579e-08,
                5.1814628583236394e-09
            ],
            [
                0.0,
                5.835539028421527e-09,
                5.339270461720338e-07,
                0.999999413691204,
                4.654621072155979e-08
            ]
        ],
        [
            [
                0.0,
                1.1425976795931921e-08,
                4.812975528873381e-08,
                0.999999519512345,
                4.2093192295598037e-07
            ],
            [
                0.0,
                4.231762198114976e-09,
                0.9999999424911281,
                4.764629862738338e-08,
                5.630811082217385e-09
            ],
            [
                0.0,
                2.0785162486217455e-09,
                0.9999997025028948,
                2.561531591450076e-07,
                3.926542979213472e-08
            ],
            [
                0.0,
                9.757053940359936e-11,
                8.859912615428624e-09,
                0.9999997997735852,
                1.9126893157545267e-07
            ],
            [
                0.0,
                4.969135446562166e-09,
                3.5587432813491054e-07,
                0.9999995887081369,
                5.044839965966437e-08
            ]
        ],
        [
            [
                0.0,
                2.2149284146717177e-10,
                1.8986255332169483e-08,
                0.9999996716076748,
                3.0918457710017896e-07
            ],
            [
                0.0,
                9.494269096463878e-08,
                0.9999997088915544,
                1.228169395105578e-07,
                7.334881526738071e-08
            ],
            [
                0.0,
                2.644896905406e-10,
                0.999999999000718,
                5.690232398833152e-10,
                1.657690108506595e-10
            ],
            [
                2.1379644124357923e-06,
                0.9886970939422555,
                9.270395780343904e-05,
                5.909135827963033e-06,
                0.011202154999700653
            ],
            [
                0.0,
                5.380667232168337e-10,
                3.7776757986607036e-08,
                0.9999994203059305,
                5.413792448165966e-07
            ]
        ],
        [
            [
                0.0,
                4.033224684423218e-10,
                1.1204615233498022e-08,
                0.999999890420811,
                9.797125116939299e-08
            ],
            [
                0.0,
                3.440140750858864e-10,
                0.9999999727905117,
                2.4891119157535928e-08,
                1.974354968196246e-09
            ],
            [
                0.0,
                1.8471577179547153e-10,
                0.9999999941350834,
                4.377867481777066e-09,
                1.3023332695392371e-09
            ],
            [
                0.0,
                1.1092765827806922e-08,
                2.0885490408062287e-07,
                0.9999997065968323,
                7.34554977493444e-08
            ],
            [
                0.0,
                2.3090505982285126e-10,
                1.3286408361470698e-08,
                0.9968772613522534,
                0.003122725130433215
            ]
        ],
        [
            [
                0.0,
                1.4356712415994023e-09,
                1.1707225188882095e-08,
                0.9999938881858967,
                6.098671206694208e-06
            ],
            [
                0.0,
                1.450446125273219e-09,
                0.9999999980870955,
                3.7482666603014863e-10,
                8.763165037021183e-11
            ],
            [
                0.0,
                3.3462653005105735e-09,
                0.9999999650268366,
                1.751963780529278e-08,
                1.4107260149172721e-08
            ],
            [
                0.0,
                1.7799621378801665e-10,
                1.9450889534738763e-08,
                0.9999999676047596,
                1.2766354657153893e-08
            ],
            [
                0.0,
                1.813993535160108e-09,
                1.029902013275156e-06,
                0.9999988967278514,
                7.15561417700029e-08
            ]
        ],
        [
            [
                0.0,
                4.131707855180272e-09,
                5.13998596076642e-08,
                0.9999993791899016,
                5.652785308922551e-07
            ],
            [
                0.0,
                1.3866888467392734e-09,
                0.9999999896738344,
                7.286714013936167e-09,
                1.6527627154326558e-09
            ],
            [
                0.0,
                2.1766133487122864e-09,
                0.999999927610837,
                4.459832178840905e-08,
                2.5614227701834083e-08
            ],
            [
                0.0006260337124810686,
                0.9993737809584802,
                1.5466062178361542e-07,
                2.7570828423170415e-08,
                3.0975885887673296e-09
            ],
            [
                0.0,
                5.088386810312823e-11,
                1.747784196871657e-09,
                0.9999987755928967,
                1.2226084352394924e-06
            ]
        ],
        [
            [
                0.0,
                1.316973695256873e-09,
                1.502242921964634e-08,
                0.9999899811299231,
                1.0002530673800486e-05
            ],
            [
                0.0,
                3.5876883666731594e-07,
                0.999999574268354,
                6.032392700528205e-08,
                6.6388823094315775e-09
            ],
            [
                0.0,
                2.7464427445678155e-09,
                0.9999999794983052,
                1.058864697965124e-08,
                7.166605028060402e-09
            ],
            [
                0.0,
                1.3054314139517382e-10,
                2.4692788005637455e-09,
                0.9999999204685046,
                7.693167352164784e-08
            ],
            [
                9.02645390328298e-10,
                1.6811081406173404e-07,
                1.7138817529098232e-06,
                0.9999980936257957,
                2.3478992049688953e-08
            ]
        ],
        [
            [
                0.0,
                2.7526769731601e-10,
                3.5060468209544095e-09,
                0.9999997684478186,
                2.2777086694979416e-07
            ],
            [
                0.0,
                3.457394990241524e-10,
                1.4647451579926772e-06,
                0.9999981159919352,
                4.189171672787755e-07
            ],
            [
                0.0,
                1.363953248039369e-10,
                0.9999999915680936,
                6.423221150172119e-09,
                1.8722897747903303e-09
            ],
            [
                0.0,
                1.6632714140041717e-09,
                4.707522019267952e-08,
                0.9999998846082394,
                6.665326892085685e-08
            ],
            [
                0.0,
                3.007128794352289e-09,
                3.2129695136188525e-07,
                0.583274333606081,
                0.41672534208983875
            ]
        ],
        [
            [
                0.0,
                8.967966499432527e-11,
                9.549419835053527e-09,
                0.9999990426785711,
                9.476823293259278e-07
            ],
            [
                0.0,
                6.167227156554901e-07,
                0.9999992081360307,
                1.4907264602561342e-07,
                2.6068607419170116e-08
            ],
            [
                0.0,
                1.8528352194527253e-10,
                0.9999999981802108,
                1.2080643771368582e-09,
                4.2644135283104027e-10
            ],
            [
                0.0005176121507131895,
                0.9994813390236754,
                9.973443364204325e-07,
                3.9276511526419933e-08,
                1.2204763362800038e-08
            ],
            [
                4.943090030660828e-10,
                1.620564356342674e-08,
                1.9181180639402663e-07,
                0.9999997395788225,
                5.190941867042348e-08
            ]
        ],
        [
            [
                0.0,
                1.4170411257474822e-09,
                2.5267477549033773e-08,
                0.037215472576558994,
                0.9627845007389223
            ],
            [
                0.0,
