{
    "[['A', 'B', 'C', 'D', 'E'], ['A', 'B', 'C', 'D', 'E']]": [
        [
            [
                0.9999989275667561,
                1.0354731916222375e-06,
                2.9811630545182894e-08,
                4.4185450573481914e-09,
                2.729876685370488e-09
            ],
            [
                3.261482960466738e-08,
                3.643494502729843e-05,
                0.9999633343362556,
                1.4895938339351157e-07,
                4.914450407207489e-08
            ],
            [
                0.0,
                1.0026084505959966e-12,
                0.9999999999659888,
                1.3615586568151904e-11,
                1.939314513759912e-11
            ],
            [
                0.9999983478487794,
                1.5636834086328714e-06,
                6.732560150213618e-08,
                1.011233731673946e-08,
                1.1029872953237137e-08
            ],
            [
                0.9999856163223153,
                1.409688683094012e-05,
                2.5160056019959974e-07,
                2.239766173719407e-08,
                1.2792631776263562e-08
            ]
        ],
        [
            [
                0.9999982765498454,
                1.705488154125487e-06,
                1.2400816518150966e-08,
                4.243732921463458e-09,
                1.3174509832042194e-09
            ],
            [
                1.6555210550948315e-08,
                1.5715867937441544e-05,
                0.9999839003938377,
                2.6197271272070714e-07,
                1.0521030159201318e-07
            ],
            [
                0.0,
                2.5016244610918257e-12,
                0.999999999910711,
                3.3191131359744736e-11,
                5.359625847025418e-11
            ],
            [
                0.999998350136558,
                1.5049374185025391e-06,
                1.3222316975020735e-07,
                9.886944515715398e-09,
                2.815909230129672e-09
            ],
            [
                0.9999976980671272,
                2.2459220166402597e-06,
                4.927891862761739e-08,
                4.961596866226638e-09,
                1.770340520704108e-09
            ]
        ],
        [
            [
                0.9999931802935996,
                5.662651379658394e-06,
                8.908766472348407e-07,
                1.001504349354754e-07,
                1.6602793852923171e-07
            ],
            [
                4.773159840014368e-07,
                0.028963213027063034,
                0.9710339563843778,
                1.0297761723809448e-06,
                1.3234964028351486e-06
            ],
            [
                0.0,
                1.289471612023354e-11,
                0.9999999996570876,
                1.2550571564491506e-10,
                2.045120357913189e-10
            ],
            [
                0.9999765361318496,
                2.3246314487520095e-05,
                1.8377443098287838e-07,
                2.771265402993702e-08,
                6.0665778542810345e-09
            ],
            [
                0.9999984694089218,
                1.1460648977949141e-06,
                1.2349179484132408e-07,
                3.9558528651512907e-08,
                2.2147585694829044e-07
            ]
        ],
        [
            [
                0.9999924592643659,
                7.146795624658157e-06,
                3.673450719793181e-07,
                1.49020837348001e-08,
                1.1692853670377869e-08
            ],
            [
                1.192589206096487e-07,
                0.9999885697298715,
                1.1288398251404786e-05,
                2.0732435027346435e-08,
                1.880521410521841e-09
            ],
            [
                0.0,
                0.0,
                0.9999999999347049,
                1.6418677661943448e-11,
                4.887651921870092e-11
            ],
            [
                0.999963702043783,
                3.56752452394977e-05,
                5.645367372891041e-07,
                3.833456862625516e-08,
                1.9839671537344e-08
            ],
            [
                0.9999984641649611,
                1.4615469692601784e-06,
                6.30159580967452e-08,
                6.836348962057937e-09,
                4.435762667770306e-09
            ]
        ],
        [
            [
                0.9999831621535807,
                1.6716711201497766e-05,
                9.352994014176957e-08,
                1.8157007863155204e-08,
                9.448269936897829e-09
            ],
            [
                0.9999922470802731,
                7.387476345649541e-06,
                3.0779007799324766e-07,
                3.7350391485196807e-08,
                2.0302911649077865e-08
            ],
            [
                0.0,
                3.337826926682668e-12,
                0.9999999999182589,
                5.071711488947505e-11,
                2.768603653324801e-11
            ],
            [
                0.999894208249515,
                0.00010519943337376029,
                4.62191336628981e-07,
                9.77016080448928e-08,
                3.242416653929295e-08
            ],
            [
                0.9999947761187774,
                5.020722549402474e-06,
                1.8864293146820584e-07,
                9.69560276203933e-09,
                4.8201389431460236e-09
            ]
        ],
        [
            [
                0.9999467432457577,
                5.2938372112132754e-05,
                2.728859195141543e-07,
                3.700865906725588e-08,
                8.487551565101322e-09
            ],
            [
                3.2168768247663474e-08,
                0.999992807036569,
                7.14679555422054e-06,
                1.222023170215129e-08,
                1.778876957548264e-09
            ],
            [
                0.0,
                1.7990022505157301e-12,
                0.9999999999326812,
                1.1218262463842667e-11,
                5.430152050774675e-11
            ],
            [
                0.9999963626963483,
                3.5142504774425508e-06,
                1.0644298205586971e-07,
                1.3944183458753729e-08,
                2.6660086984520866e-09
            ],
            [
                0.9999993803724381,
                5.580421213778535e-07,
                5.259659681014548e-08,
                3.549885987687378e-09,
                5.438957838111735e-09
            ]
        ],
        [
            [
                0.9999949713786446,
                4.76314925445756e-06,
                1.9978034539535068e-07,
                2.6528569623811182e-08,
                3.916318605820592e-08
            ],
            [
                1.0183021087940652e-08,
                6.574399257444756e-06,
                0.9999933622338063,
                3.17047283457702e-08,
                2.1479187010286636e-08
            ],
            [
                0.0,
                2.0571993471953995e-12,
                0.9999999998078017,
                4.2066339827620934e-11,
                1.4807464723039838e-10
            ],
            [
                0.9962390813921536,
                0.0037596037268724392,
                1.1625861775164907e-06,
                1.0536131804788272e-07,
                4.6933478373855806e-08
            ],
            [
                0.9999893570580678,
                1.0279144127476043e-05,
                3.3707581904305365e-07,
                2.2397745521073964e-08,
                4.324240055366668e-09
            ]
        ],
        [
            [
                0.999980416264117,
                1.884117185767494e-05,
                9.054449712711952e-08,
                9.677925598582731e-08,
                5.552402722296126e-07
            ],
            [
                6.27789322433833e-07,
                0.0008048903307872776,
                0.9991942959217394,
                1.6885235036337892e-07,
                1.7105800534459235e-08
            ],
            [
                0.0,
                7.588365033680996e-13,
                0.9999999999680702,
                5.567038631014536e-12,
                2.5603981756673076e-11
            ],
            [
                0.9998493454425181,
                0.00014956959297912918,
                7.858983174015533e-07,
                1.8187970623747803e-07,
                1.171864790243251e-07
            ],
            [
                0.9999984571714953,
                1.4502477939049992e-06,
                7.549017096460013e-08,
                5.840762204675601e-09,
                1.1249777642792442e-08
            ]
        ],
        [
            [
                0.999996678736293,
                2.9564830768312824e-06,
                3.261618646914334e-07,
                1.2567999793828495e-08,
                2.6050765786922345e-08
            ],
            [
                1.735758758212495e-08,
                5.1702975428894605e-05,
                0.9999480348609381,
                1.975810944585158e-07,
                4.7224950941990123e-08
            ],
            [
                0.0,
                7.629086992198806e-13,
                0.9999999999574911,
                9.696272015309573e-12,
                3.2049663364086675e-11
            ],
            [
                0.9997921882715695,
                0.00020745926893387558,
                2.6401531374361054e-07,
                3.88692402506228e-08,
                4.957494261579085e-08
            ],
            [
                0.9999994107358772,
                5.700055515722273e-07,
                1.4045991340667125e-08,
                1.2845780555142582e-09,
                3.9280019217636905e-09
            ]
        ],
        [
            [
                0.9999988541765865,
                9.985208469047058e-07,
                1.3988797309868513e-07,
                4.722124134420077e-09,
                2.69246928883002e-09
            ],
            [
                0.008773378153467248,
                0.009173239222044499,
                0.7555055046573553,
                0.0005671491500297209,
                0.2259807288171033
            ],
            [
                0.0,
                4.235018097301488e-12,
                0.9999999998413533,
                8.17192351949709e-11,
                7.269229718318724e-11
            ],
            [
                4.236150568378573e-06,
                0.999989421027594,
                6.276622419587819e-06,
                6.001682012015241e-08,
                6.182598065198961e-09
            ],
            [
                0.9999973177865308,
                2.538806017113882e-06,
                1.3659522631307866e-07,
                5.494774716191158e-09,
                1.3174511335526306e-09
            ]
        ],
        [
            [
                0.9999545639943663,
                4.455358575865527e-05,
                4.545711376445838e-07,
                6.152379669275587e-08,
                3.663249407928031e-07
            ],
            [
                1.6739371184681086e-08,
                0.00017873432392826225,
                0.9998212287799968,
                1.8299799209537095e-08,
                1.8569046998751138e-09
            ],
            [
                0.0,
                7.033142500196944e-12,
                0.9999999997920872,
                8.211609811042457e-11,
                1.1876365966838772e-10
            ],
            [
                0.9999757359460769,
                2.394905659102494e-05,
                2.8536492024224244e-07,
                1.9191748382394546e-08,
                1.0440663531302997e-08
            ],
            [
                0.9999985919804649,
                1.3486017049669295e-06,
                4.319222479697366e-08,
                3.830794217204545e-09,
                1.239481114692233e-08
            ]
        ],
        [
            [
                0.9999939518944887,
                5.527922152804685e-06,
                1.2695336811720252e-07,
                1.5089491438463976e-07,
                2.4233507598870213e-07
            ],
            [
                6.200746213774768e-06,
                0.9811748226266412,
                0.01881751578786205,
                1.3510591212389168e-06,
                1.0978016182806792e-07
            ],
            [
                0.0,
                8.182099654796431e-13,
                0.9999999999384226,
                9.397232108318952e-12,
                5.1361953946156605e-11
            ],
            [
                0.9984664042972863,
                0.0015330354512542701,
                5.164216320632337e-07,
                4.135352145113739e-08,
                2.4763060324592977e-09
            ],
            [
                0.999986372649248,
                1.3320531970172797e-05,
                2.836211662848128e-07,
                1.249269127016196e-08,
                1.070492428090541e-08
            ]
        ],
        [
            [
                0.9999994223884379,
                5.18542787706508e-07,
                3.739109265968845e-08,
                4.12981712065217e-09,
                1.7547864607714848e-08
            ],
            [
                7.317749755508522e-08,
                0.0016798930894597734,
                0.9983197718596145,
                2.5241361653633275e-07,
                9.459811607853034e-09
            ],
            [
                0.0,
                4.965281605427774e-12,
                0.9999999997570879,
                6.161189468734744e-11,
                1.7633503359959317e-10
            ],
            [
                0.9884156025686622,
                0.011582415819273734,
                1.8987107087953995e-06,
                7.250823790398778e-08,
                1.0393117419069556e-08
            ],
            [
                0.9999996706653748,
                2.624956514678045e-07,
                4.942925604697237e-08,
                4.720124977218132e-09,
                1.2689592789733717e-08
            ]
        ],
        [
            [
                0.9999905718771478,
                3.117163917213855e-06,
                3.217071838110987e-07,
                1.1835769856735107e-07,
                5.870894052657241e-06
            ],
            [
                2.4262711946149105e-07,
                0.8172600997307577,
                0.18273386068206335,
                5.525839651680707e-06,
                2.711204077729874e-07
            ],
            [
                0.0,
                2.337523649847203e-12,
                0.9999999998959468,
                1.7862872167235593e-11,
                8.385300458943428e-11
            ],
            [
                0.9999552050515395,
                4.463622161701525e-05,
                1.4553290461510625e-07,
                7.5087045431592e-09,
                5.6852343025475785e-09
            ],
            [
                0.99999978673945,
                1.8393328690770633e-07,
                1.808377228159918e-08,
                2.7884163240431756e-09,
                8.45507449344416e-09
            ]
        ],
        [
            [
                0.9999959805256582,
                5.175033666929937e-07,
                4.5173208660524594e-08,
                6.41655118359697e-08,
                3.3926322545756815e-06
            ],
            [
                1.0248443279223595e-06,
                0.004440643718738516,
                0.9955580992999142,
                2.1097368568128812e-07,
                2.116333368631435e-08
            ],
            [
                0.0,
                8.208485232698249e-13,
                0.9999999999783911,
                7.378617356085483e-12,
                1.3409457389341513e-11
            ],
            [
                0.9999748947090291,
                2.481765604035196e-05,
                2.5970756404022834e-07,
                2.5168106839492734e-08,
                2.7592597390879353e-09
            ],
            [
                0.9999963492347472,
                3.4325024468179957e-06,
                1.9978054921701716e-07,
                1.1610427038421282e-08,
                6.871829590203457e-09
            ]
        ],
        [
            [
                0.999993296010727,
                6.124905969844861e-06,
                4.73137404435392e-07,
                5.183422574515942e-08,
                5.411167287302573e-08
            ],
            [
                8.607200326504978e-08,
                0.0005286753849127521,
                0.9994703148341503,
                8.449875715765894e-07,
                7.872136205828758e-08
            ],
            [
                0.0,
                1.3201103073126069e-12,
                0.9999999999745803,
                7.078617002433107e-12,
                1.702102567636654e-11
            ],
            [
                0.9992374967115053,
                0.0007614758377699396,
                9.633049800503394e-07,
                5.339756959086298e-08,
                1.0748175084183447e-08
            ],
            [
                0.9999991153798748,
                7.834729074229626e-07,
                8.138166757823697e-08,
                8.620338894860552e-09,
                1.1145211317649952e-08
            ]
        ],
        [
            [
                0.9999971716763079,
                2.701179215702514e-06,
                1.1539872212060942e-07,
                5.619385183832388e-09,
                6.126369142433457e-09
            ],
            [
                0.00036285099428034394,
                0.999636922241839,
                2.155520791055405e-07,
                1.0846388860387444e-08,
                3.654126743207321e-10
            ],
            [
                0.0,
                3.9479980033432615e-12,
                0.9999999999037703,
                2.4449950386948703e-11,
                6.783179888375404e-11
            ],
            [
                0.9999728575117094,
                2.6644661300757675e-05,
                4.3609250260458115e-07,
                3.459073956363782e-08,
                2.71437477267391e-08
            ],
            [
                0.9999923863531471,
                7.525677660920622e-06,
                7.711148577052615e-08,
                7.463299231369116e-09,
                3.3944069856928264e-09
            ]
        ],
        [
            [
                0.9999961591882579,
                3.749918890088109e-06,
                6.607807975394052e-08,
                1.3701995458258151e-08,
                1.1112776948130052e-08
            ],
            [
                1.2941447059494602e-07,
                0.952386449054491,
                0.04761323442389353,
                1.7661637723468667e-07,
                1.0490767654909248e-08
            ],
            [
                0.0,
                1.1067382299320783e-12,
                0.9999999999721678,
                7.198418222758943e-12,
                1.9527100723839506e-11
            ],
            [
                1.3060839300266913e-06,
                0.9999951402570069,
                3.506713929854917e-06,
                3.286636709437686e-08,
                1.4078766257218624e-08
            ],
            [
                0.999998816360198,
                7.465748495552644e-07,
                3.78731269995589e-07,
                2.98020227940954e-08,
                2.8531659625643867e-08
            ]
        ],
        [
            [
                0.9999974984686623,
                2.352081576524759e-06,
                1.4160901971903028e-07,
                4.596786338689538e-09,
                3.2439550810276206e-09
            ],
            [
                8.593709097729327e-06,
                0.9899804849883873,
                0.010009875629910037,
                9.783891051333293e-07,
                6.728349978625989e-08
            ],
            [
                0.0,
                3.2704201561406554e-13,
                0.9999999999897105,
                3.79465305406552e-12,
                6.167653068304586e-12
            ],
            [
                0.9999283672946349,
                7.147099463650016e-05,
                1.3909644114855034e-07,
                1.9655749952685964e-08,
                2.9585375151114963e-09
            ],
            [
                0.9999876980778156,
                1.2086429983317775e-05,
                1.1704127821566195e-07,
                3.1798418478154525e-08,
                6.665250432727316e-08
            ]
        ],
        [
            [
                0.9999996166887813,
                3.415768024432989e-07,
                3.219958471455449e-08,
                1.921660819890582e-09,
                7.613170693428945e-09
            ],
            [
                4.199395422383214e-05,
                0.49993725528939503,
                0.49993725528939503,
                6.6948289987174625e-06,
                7.680063798744668e-05
            ],
            [
                0.0,
                1.9750299643590265e-12,
                0.9999999999131683,
                2.33803316063928e-11,
                6.147619659221569e-11
            ],
            [
                0.999995681754473,
                3.371055684609959e-06,
                4.887801578363274e-07,
                4.603562179697326e-08,
                4.123740628286618e-07
            ],
            [
                0.9999980412485122,
                1.8514858671048445e-06,
                8.537465514498899e-08,
                1.0242764994878088e-08,
                1.1648200395352081e-08
            ]
        ],
        [
            [
                0.9999994482364515,
                4.563046121446613e-07,
                1.2455694769926632e-08,
                1.6842174894920996e-08,
                6.61610668028218e-08
            ],
            [
                1.4753366944780273e-06,
                0.2284259169249089,
                0.7715723389582678,
                2.468339368201001e-07,
                2.194619208930018e-08
            ],
            [
                0.0,
                3.0688215801691966e-12,
                0.9999999999008375,
                3.865927343133055e-11,
                5.743418723154444e-11
            ],
            [
                0.999999338058654,
                5.652316759994725e-07,
                8.328711916952075e-08,
                6.421371863410625e-09,
                7.00117885580733e-09
            ],
            [
                0.9999990241967966,
                8.928124533909414e-07,
                7.078374730456228e-08,
                8.88624589135379e-09,
                3.320756499962363e-09
            ]
        ],
        [
            [
                0.9999995416452835,
                3.162384877425466e-07,
                3.3052829125890126e-08,
                1.6552558743612323e-08,
                9.251084100718532e-08
            ],
            [
                9.79575615730965e-07,
                0.020848118924843437,
                0.9791507234871571,
                1.5685575126845778e-07,
                2.1156632616577104e-08
            ],
            [
                0.0,
                1.385734908916998e-12,
                0.9999999999645075,
                8.509632253508066e-12,
                2.559704802341963e-11
            ],
            [
                0.9999978866040317,
                2.018302873994234e-06,
                8.46390481018152e-08,
                3.0013872100361394e-09,
                7.452659082322918e-09
            ],
            [
                0.9999984028890629,
                1.4204068236734406e-06,
                1.1180070445164577e-07,
                2.1610728411077256e-08,
                4.32926804611939e-08
            ]
        ],
        [
            [
                0.9999943630556275,
                4.880803004054956e-06,
                3.429094420223635e-07,
                9.845248195911408e-08,
                3.147794445743728e-07
            ],
            [
                0.9999983283980047,
                1.5636833782179676e-06,
                7.026224824860662e-08,
                1.2563182192243857e-08,
                2.509318649498648e-08
            ],
            [
                0.0,
                4.942736278242871e-12,
                0.9999999999247038,
                1.952710072291267e-11,
                5.082634968428155e-11
            ],
            [
                0.999989700276214,
                9.473276504771601e-06,
                7.037863479006047e-07,
                5.075880315815045e-08,
                7.190213003970751e-08
            ],
            [
                0.9999992177566074,
                7.041006020084561e-07,
                6.726655963094676e-08,
                4.064650570614486e-09,
                6.811580412352494e-09
            ]
        ],
        [
            [
                0.9999994249854205,
                5.127851415554543e-07,
                2.3973378585117483e-08,
                1.3249209033276405e-08,
                2.5006850307374673e-08
            ],
            [
                5.007204615990682e-06,
                0.9999855753048553,
                9.321436787839168e-06,
                8.513172397347012e-08,
                1.0922016752945098e-08
            ],
            [
                0.0,
                1.5928733894607684e-12,
                0.9999999999145315,
                1.877129411349139e-11,
                6.510442907897428e-11
            ],
            [
                0.9999532150124035,
                4.4888550376766095e-05,
                1.8574653762189938e-06,
                2.9973609949794096e-08,
                8.998233625173113e-09
            ],
            [
                0.9999988732071069,
                7.846588254112987e-07,
                1.0279153061387317e-07,
                5.459425238714596e-08,
                1.8474828477890488e-07
            ]
        ],
        [
            [
                0.9999947777791262,
                3.2098993117683437e-06,
                2.6134662958359537e-07,
                6.418228022520377e-08,
                1.6867926523676923e-06
            ],
            [
                1.8285736718026925e-08,
                0.9999026238368567,
                9.730468981096475e-05,
                5.1244310000801894e-08,
                1.943285624145918e-09
            ],
            [
                0.0,
                1.793530762683779e-12,
                0.9999999999120699,
                1.747452476344507e-11,
                6.866227895498209e-11
            ],
            [
                0.9966270749088929,
                0.0033679791873062266,
                4.882926088343402e-06,
                4.726703877780089e-08,
                1.5710673833759407e-08
            ],
            [
                0.9999278669604674,
                3.3317881020963465e-06,
                1.6836642062587394e-07,
                3.3859201959579316e-07,
                6.829429299027182e-05
            ]
        ],
        [
            [
                0.999998899782013,
                7.196939932883958e-07,
                1.5938727107667493e-07,
                1.5829032444802464e-08,
                2.0530769034645489e-07
            ],
            [
                7.56310785964566e-09,
                7.623996870448442e-07,
                0.9999991236521367,
                7.317679028759495e-08,
                3.3208277970164056e-08
            ],
            [
                0.0,
                2.563465591924578e-12,
                0.9999999999203106,
                1.7656750268691148e-11,
                5.94690770708878e-11
            ],
            [
                0.9999877801005973,
                1.1808183194178004e-05,
                3.668560229742296e-07,
                2.935358854604899e-08,
                1.5506596974748467e-08
            ],
            [
                0.9999978351161475,
                1.8126818139261992e-06,
                3.386456237147943e-07,
                6.778207398332034e-09,
                6.778207398332034e-09
            ]
        ],
        [
            [
                0.9999963502301905,
                3.375263627995057e-06,
                5.175944206288181e-08,
                3.124929478908228e-08,
                1.9149744456196222e-07
            ],
            [
                1.742099763565515e-07,
                0.06776979267971751,
                0.9322298637320182,
                1.2981025230580199e-07,
                3.9568035545902724e-08
            ],
            [
                0.0,
                1.1034253701240218e-11,
                0.9999999997122111,
                1.1252963694989798e-10,
                1.6422507028188653e-10
            ],
            [
                0.9998756782946024,
                0.00012394588032164222,
                3.558302343311123e-07,
                1.6316462083485665e-08,
                3.6783795561589334e-09
            ],
            [
                0.9999989249930689,
                8.63070454206808e-07,
                8.494049775703042e-08,
                1.7285730924495232e-08,
                1.0971024839106289e-07
            ]
        ],
        [
            [
                0.9999979514981311,
                1.9342289332338665e-06,
                9.18630724047324e-08,
                1.1690534556786162e-08,
                1.0719328836047e-08
            ],
            [
                1.8786465044077924e-07,
                0.9940013108492489,
                0.005998068566651437,
                3.901312757985265e-07,
                4.258817338203911e-08
            ],
            [
                0.0,
                3.116363782264985e-12,
                0.9999999998673532,
                3.8890166217176955e-11,
                9.064026099347398e-11
            ],
            [
                0.9999143324076245,
                8.53794346517043e-05,
                2.705976146050914e-07,
                1.505857616959789e-08,
                2.501532961962783e-09
            ],
            [
                0.9999883153632273,
                1.1595693842357047e-05,
                6.445462272025061e-08,
                1.8340892768214954e-08,
                6.14741484429615e-09
            ]
        ],
        [
            [
                0.9999985847244177,
                1.1582469705607302e-06,
                7.657549120519466e-08,
                1.4749132215068846e-08,
                1.6570398830917893e-07
            ],
            [
                0.9999918492695891,
                8.105774786291252e-06,
                3.330596451701001e-08,
                6.958337613168236e-09,
                4.6913224871695286e-09
            ],
            [
                0.0,
                0.0,
                0.9999999998913156,
                5.49474783564537e-11,
                5.3737004731107025e-11
            ],
            [
                0.9999920815825525,
                7.740428502830616e-06,
                1.6328969283814664e-07,
                1.314570074776284e-08,
                1.5535510540471424e-09
            ],
            [
                0.9999621799903705,
                3.7670863869273624e-05,
                1.332262744314874e-07,
                1.1611134828914231e-08,
                4.308351011598552e-09
            ]
        ],
        [
            [
                0.9999965256012302,
                1.693628687356635e-06,
                4.6257802380109304e-07,
                5.2446532193080826e-08,
                1.2657455263446922e-06
            ],
            [
                1.4649551967105097e-07,
                0.0007206906080744431,
                0.9992789949908469,
                1.4326239986502943e-07,
                2.4643159252977724e-08
            ],
            [
                0.0,
                0.0,
                0.9999999999055353,
                2.1634039072264843e-11,
                7.283066231055091e-11
            ],
            [
                0.9971716516529651,
                0.0028261544056768077,
                1.8340735671324743e-06,
                2.8442454913480306e-07,
                7.544324192065788e-08
            ],
            [
                0.9999962212380517,
                3.7097533135636716e-06,
                4.844529459910279e-08,
                1.3313197448549252e-08,
                7.2501427071876416e-09
            ]
        ],
        [
            [
                0.9999970567978351,
                2.2302556925171753e-06,
                4.145652948070112e-07,
                2.754733498250141e-08,
                2.708338425258694e-07
            ],
            [
                2.4144358053978047e-08,
                0.9998401231436774,
                0.00015972318929759172,
                1.2634197157875213e-07,
                3.180695538485819e-09
            ],
            [
                0.0,
                2.5016244611038744e-12,
                0.9999999999155273,
                2.7773728998591847e-11,
                5.4197323669869456e-11
            ],
            [
                0.9999729621279289,
                2.664466091190885e-05,
                3.8295707925744786e-07,
                7.359415210223038e-09,
                2.894664699184069e-09
            ],
            [
                0.9999816030349709,
                1.8246710056689316e-05,
                1.4314823321352605e-07,
                6.172334273873604e-09,
                9.34405113694077e-10
            ]
        ],
        [
            [
                0.9999964330698933,
                3.3653830898964425e-06,
                1.6299502531948772e-07,
                2.051197147161571e-08,
                1.804002009453413e-08
            ],
            [
                0.0,
                4.481018491150082e-09,
                1.698122194353914e-07,
                0.9999885752908696,
                1.1250415892602858e-05
            ],
            [
                0.0,
                0.0,
                0.9999999998873974,
                3.652306123830827e-11,
                7.607951901809172e-11
            ],
            [
                0.9998748600652664,
                0.00012489417799152756,
                2.281846156997013e-07,
                1.5241575114207525e-08,
                2.3305512807285198e-09
            ],
            [
                0.999991648616069,
                8.203552803733559e-06,
                1.3198002134581189e-07,
                9.777929046174908e-09,
                6.073176791316582e-09
            ]
        ],
        [
            [
                0.9999955429728318,
                4.173139948426033e-06,
                2.5196840268886e-07,
                1.1229047010031705e-08,
                2.0689770240822893e-08
            ],
            [
                4.287482078464461e-08,
                0.00039754283962934914,
                0.9996022258877458,
                1.7282145848828808e-07,
                1.5576345431846355e-08
            ],
            [
                0.0,
                2.6673930398000728e-12,
                0.9999999998045004,
                2.9122500121092825e-11,
                1.6370967035691373e-10
            ],
            [
                0.9999546933891917,
                4.5192321410959185e-05,
                8.707728897501623e-08,
                2.1805080909287544e-08,
                5.4070275190465124e-09
            ],
            [
                0.9999970106301392,
                2.9121546350696317e-06,
                6.027964201190542e-08,
                1.0640070016406015e-08,
                6.295513609254242e-09
            ]
        ],
        [
            [
                0.9999982928580287,
                1.5503550385489017e-06,
                1.1483409822098472e-07,
                9.705556467947274e-09,
                3.2247278284911926e-08
            ],
            [
                9.279637736418267e-07,
                0.9976390123710338,
                0.002359466388970545,
                5.085990730888273e-07,
                8.467714882863697e-08
            ],
            [
                0.0,
                2.8465557914274547e-12,
                0.9999999997335656,
                4.118304863928701e-11,
                2.2240469438133475e-10
            ],
            [
                0.9998895769922541,
                0.00010994513431296817,
                4.448242640982344e-07,
                2.8089048137440102e-08,
                4.960120789269082e-09
            ],
            [
                0.999998494334797,
                1.4155265853128364e-06,
                7.349291389387943e-08,
                1.2408578247792727e-08,
                4.2371254637400635e-09
            ]
        ],
        [
            [
                0.9999987502804485,
                1.0536498132134607e-06,
                1.0524361314218643e-07,
                1.8638035432858177e-08,
                7.218808986134904e-08
            ],
            [
                5.63858748208074e-07,
                0.9999797378160179,
                1.958495705632539e-05,
                1.0860429488671612e-07,
                4.763882586787442e-09
            ],
            [
                0.0,
                7.451222329429769e-13,
                0.9999999999715721,
                8.06736812825023e-12,
                1.96154963310669e-11
            ],
            [
                0.9999522823901561,
                4.70830576632727e-05,
                5.882738980300916e-07,
                3.8014122221772864e-08,
                8.26416040159897e-09
            ],
            [
                0.9999992538436677,
                6.696147729304399e-07,
                3.7018046270409355e-08,
                1.3226029994204693e-08,
                2.6297483074751563e-08
            ]
        ],
        [
            [
                0.99999770507346,
                1.9046174324045735e-06,
                1.6376050799960337e-07,
                3.316453941908419e-08,
                1.9338406014399313e-07
            ],
            [
                2.9946637511012175e-08,
                0.08976071431412419,
                0.9102389831712822,
                2.5321524395078023e-07,
                1.935271220950538e-08
            ],
            [
                0.0,
                5.546858083788719e-12,
                0.9999999997279005,
                6.55090073565342e-11,
                2.010435851325848e-10
            ],
            [
                0.9999995126013768,
                4.0775443507031096e-07,
                2.6297483609619206e-08,
                1.7875305315762693e-08,
                3.547139929508879e-08
            ],
            [
                0.9999992410929015,
                6.47542078332456e-07,
                6.041062277390355e-08,
                1.303976845583963e-08,
                3.791462878247852e-08
            ]
        ],
        [
            [
                0.9999966428665753,
                3.190899668313288e-06,
                1.447661613843361e-07,
