{
    "[['A', 'B', 'C', 'D', 'E'], ['A', 'B', 'C', 'D', 'E']]": [
        [
            [
                0.9999999969030653,
                2.854977232634822e-09,
                2.39280367571787e-10,
                2.515471268824557e-12,
                1.6170650569157188e-13
            ],
            [
                0.9999999946523144,
                4.64308325339731e-09,
                7.015906116006606e-10,
                2.783815295797422e-12,
                2.2814670224528565e-13
            ],
            [
                0.0,
                1.947252114027384e-09,
                0.9999999881709128,
                6.870033780733543e-09,
                3.0118011426296766e-09
            ],
            [
                0.0,
                0.0,
                0.999995749536025,
                3.97882258928775e-06,
                2.7164138575604484e-07
            ],
            [
                0.9999999975052787,
                2.2638423356094717e-09,
                2.2781396506164578e-10,
                2.680214096294434e-12,
                3.8463077723458697e-13
            ]
        ],
        [
            [
                0.9999999972766125,
                2.528072215434905e-09,
                1.8970091109192752e-10,
                5.3374246743175445e-12,
                2.7692715570945185e-13
            ],
            [
                0.9999999673290609,
                3.1493422459278514e-08,
                1.1697777551560796e-09,
                7.123936884757157e-12,
                6.150310692152062e-13
            ],
            [
                0.0,
                1.2424888962809653e-09,
                0.9999999973996949,
                7.828436249232263e-10,
                5.749724043242641e-10
            ],
            [
                0.0,
                2.3029184164700518e-11,
                1.458407850323138e-09,
                1.7336597833986122e-06,
                0.9999982648587796
            ],
            [
                0.999999983996982,
                1.583214265247548e-08,
                1.6694173577452265e-10,
                3.863750694597467e-12,
                6.973626196222016e-14
            ]
        ],
        [
            [
                0.9999999975629834,
                1.9423371780417475e-09,
                4.905474057812351e-10,
                3.9441594549957994e-12,
                1.8780335404648888e-13
            ],
            [
                0.9999999843339731,
                1.5318866019517145e-08,
                3.4525776660730574e-10,
                1.7990262418849716e-12,
                1.0404773235085493e-13
            ],
            [
                0.0,
                7.828436232791319e-10,
                0.999999995299538,
                2.5610405977470734e-09,
                1.356577798139331e-09
            ],
            [
                0.0,
                7.332845206413297e-10,
                3.2697754071471906e-05,
                0.997674633754559,
                0.0022926677580850817
            ],
            [
                0.9999999955707897,
                3.928076799129387e-09,
                4.901873137379225e-10,
                1.0394330589685521e-11,
                5.518984277835194e-13
            ]
        ],
        [
            [
                0.99999999269898,
                7.0109869027977364e-09,
                2.875858776820026e-10,
                2.211173560518326e-12,
                2.361056005042878e-13
            ],
            [
                0.9999999665707315,
                3.251203907391004e-08,
                9.086983663976945e-10,
                7.762500758893833e-12,
                7.684011047979871e-13
            ],
            [
                0.0,
                2.629095062437299e-09,
                0.9999999964601494,
                5.497948066090753e-10,
                3.609605824691842e-10
            ],
            [
                0.0,
                0.0,
                2.9776456898305036e-06,
                0.9980940477528855,
                0.0019029746014246663
            ],
            [
                0.9999999984612022,
                1.3585172000600164e-09,
                1.7782315803526616e-10,
                2.1265581318939465e-12,
                3.3082009325287283e-13
            ]
        ],
        [
            [
                0.9999999985324812,
                1.2352158404379595e-09,
                2.3044309683897102e-10,
                1.6504888962123957e-12,
                2.0947461877210328e-13
            ],
            [
                0.9999999770088105,
                2.268464026526184e-08,
                3.0258258647126696e-10,
                3.7467474336558874e-12,
                2.197231381492262e-13
            ],
            [
                0.0,
                1.3324450581253396e-08,
                0.9999999849181895,
                1.0972499347040643e-09,
                6.6010997260935e-10
            ],
            [
                0.9999999097587506,
                9.01803221740539e-08,
                5.930800234241113e-11,
                1.4247765517055177e-12,
                1.943760121815807e-13
            ],
            [
                0.9999999917753232,
                7.921520105969171e-09,
                2.9869711712467997e-10,
                4.000666074989879e-12,
                4.592044839735616e-13
            ]
        ],
        [
            [
                0.9999999973979874,
                2.3504746942057263e-09,
                2.490733652738704e-10,
                2.186951278766159e-12,
                2.7757601197881173e-13
            ],
            [
                0.999999991479723,
                8.267960279663959e-09,
                2.5053515059274486e-10,
                1.6662409046104924e-12,
                1.153598531343379e-13
            ],
            [
                0.0,
                4.5244213568324337e-10,
                0.9999999986636363,
                5.51951907655631e-10,
                3.3196972969847305e-10
            ],
            [
                0.0,
                2.1312923024129135e-09,
                3.7921239177883416e-05,
                0.7744493984774108,
                0.22551267815211906
            ],
            [
                0.9999999950155096,
                4.7750445973649615e-09,
                2.0489857466652808e-10,
                4.3002414880511066e-12,
                2.4689958041402686e-13
            ]
        ],
        [
            [
                0.9999999969859144,
                2.8549772328713543e-09,
                1.576264449193602e-10,
                1.339194206597055e-12,
                1.4305459098515484e-13
            ],
            [
                0.9999999938080719,
                5.909554825791477e-09,
                2.807648648598813e-10,
                1.4842625534041732e-12,
                1.2400241570681932e-13
            ],
            [
                0.0,
                8.627560268290139e-09,
                0.9999999865118894,
                2.7742890074164104e-09,
                2.0862614255577574e-09
            ],
            [
                0.0,
                7.192689297231382e-10,
                0.0004095011335488498,
                0.9995455928065357,
                4.490534064659988e-05
            ],
            [
                0.9999999927253109,
                7.024841003367331e-09,
                2.4458778180672217e-10,
                5.077555043035332e-12,
                1.8279624295016112e-13
            ]
        ],
        [
            [
                0.9999999843223855,
                1.470660174743042e-08,
                9.662975546427622e-10,
                4.401874483351434e-12,
                3.1342691430245204e-13
            ],
            [
                0.9999999960192039,
                3.7635489826112995e-09,
                2.1574300327707886e-10,
                1.4037178050946605e-12,
                1.0033348826031854e-13
            ],
            [
                0.0,
                4.428279067831027e-10,
                0.9999999958951482,
                2.1120537637799914e-09,
                1.5499698325198401e-09
            ],
            [
                0.0,
                1.0265265890552241e-10,
                9.195896905728306e-06,
                0.9999535861095177,
                3.721789092392465e-05
            ],
            [
                0.9999999895650075,
                1.0016108320059126e-08,
                4.137281157062943e-10,
                4.810405160985762e-12,
                3.456644503722629e-13
            ]
        ],
        [
            [
                0.999999999039229,
                8.806012664573262e-10,
                7.869256693417961e-11,
                1.284906895478685e-12,
                1.9202280326620514e-13
            ],
            [
                0.999999993066021,
                6.72755030748016e-09,
                2.0370267273362343e-10,
                2.575448130924092e-12,
                1.505735954328118e-13
            ],
            [
                0.0,
                5.8338847624329236e-08,
                0.9999999359987956,
                4.589593956107466e-09,
                1.0727628292074937e-09
            ],
            [
                0.0,
                2.3893364007097353e-11,
                1.5170798466403055e-09,
                4.783267106080722e-07,
                0.9999995201323161
            ],
            [
                0.9999999952923515,
                4.385807291646956e-09,
                3.1695870839037e-10,
                4.7005051232212246e-12,
                1.8216591637186186e-13
            ]
        ],
        [
            [
                0.9999999974920697,
                2.3483551090593743e-09,
                1.5528511894102496e-10,
                4.025473680893825e-12,
                2.6469115272245755e-13
            ],
            [
                0.9999999967130044,
                3.163331736031508e-09,
                1.226208290013426e-10,
                9.49218009708201e-13,
                9.374111381753693e-14
            ],
            [
                0.0,
                1.172489567823892e-09,
                0.9999999921009138,
                3.510248880564805e-09,
                3.216347665395096e-09
            ],
            [
                0.0,
                6.052428369848844e-10,
                1.4299863561223447e-06,
                0.8734749802654102,
                0.12652358914299092
            ],
            [
                0.999999992495045,
                7.110237417774214e-09,
                3.87370156369795e-10,
                7.0277250159241694e-12,
                3.1971845666453617e-13
            ]
        ],
        [
            [
                0.9999999976032523,
                2.224794794195125e-09,
                1.7064820938350778e-10,
                1.1329167791628805e-12,
                1.719056789459666e-13
            ],
            [
                0.9999999481865556,
                5.1202496562695624e-08,
                6.066516474580832e-10,
                3.907044044119396e-12,
                3.89152045499555e-13
            ],
            [
                0.0,
                1.4933289684041459e-09,
                0.9999999934699175,
                1.5265045151922781e-09,
                3.5102488853703493e-09
            ],
            [
                0.0,
                2.5553218713024555e-09,
                0.0016178228588191945,
                0.9918773779910333,
                0.006504796594825689
            ],
            [
                0.9999999833665791,
                1.6358591724677787e-08,
                2.67617105301135e-10,
                6.8321148963999105e-12,
                3.7989961795497877e-13
            ]
        ],
        [
            [
                0.9999999879613938,
                1.1493188070215065e-08,
                5.407499163628463e-10,
                4.477662930670318e-12,
                1.9053500923322098e-13
            ],
            [
                0.9999999920734323,
                7.613170828614487e-09,
                3.079948536619982e-10,
                4.949868586497793e-12,
                4.5209380138635417e-13
            ],
            [
                0.0,
                2.6980572000816196e-09,
                0.9999999929941772,
                2.9465535714861163e-09,
                1.3612120834115138e-09
            ],
            [
                0.0,
                1.3923180470939257e-09,
                2.7648678510401823e-07,
                0.011210383821849754,
                0.9887893382990471
            ],
            [
                0.9999999925952612,
                7.2087752107496154e-09,
                1.9243887778925756e-10,
                3.4013817216741406e-12,
                1.2315481469988317e-13
            ]
        ],
        [
            [
                0.9999999952221907,
                4.078831459549323e-09,
                6.892040156973462e-10,
                9.282597365728244e-12,
                4.911270979443684e-13
            ],
            [
                0.9999999861762492,
                1.324920857146696e-08,
                5.685285392348636e-10,
                5.785746535634144e-12,
                2.277128284011349e-13
            ],
            [
                0.0,
                1.270254140648087e-09,
                0.9999999976349183,
                6.839853842607983e-10,
                4.108421474784265e-10
            ],
            [
                0.0,
                0.0,
                0.998366711529646,
                0.0016327554153253358,
                5.330550285868252e-07
            ],
            [
                0.9999999680379931,
                3.1624162837329686e-08,
                3.344228212509945e-10,
                3.151865751154995e-12,
                2.692160622859685e-13
            ]
        ],
        [
            [
                0.999999997045862,
                2.600775784836926e-09,
                3.5129999446513545e-10,
                1.8240765009640213e-12,
                2.38094962380894e-13
            ],
            [
                0.999999989870738,
                9.662224888652316e-09,
                4.6312908498535315e-10,
                3.643342752976214e-12,
                2.647441661356876e-13
            ],
            [
                0.0,
                1.3456621175082077e-08,
                0.9999999843103671,
                1.12875352710114e-09,
                1.1042581137402304e-09
            ],
            [
                0.0,
                1.0956167195382161e-09,
                5.433020317737281e-06,
                0.42020435914135734,
                0.5797902067427081
            ],
            [
                0.9999999948854719,
                4.960754844615716e-09,
                1.491048466303819e-10,
                4.211047069552216e-12,
                4.571656365564495e-13
            ]
        ],
        [
            [
                0.9999999980638916,
                1.7402166634229464e-09,
                1.935937601049546e-10,
                2.1420068284184e-12,
                1.5592357643803098e-13
            ],
            [
                0.9999999918021415,
                8.048645038353414e-09,
                1.4751255025128178e-10,
                1.6187909193007625e-12,
                8.233067025754175e-14
            ],
            [
                0.0,
                4.4185534513814235e-09,
                0.9999999928277974,
                1.921499590032785e-09,
                8.32149393336035e-10
            ],
            [
                0.0,
                0.0,
                9.342613733118083e-07,
                0.998642068383732,
                0.001356997354894697
            ],
            [
                0.9999999978834682,
                1.8074279763352711e-09,
                3.028487669503031e-10,
                4.661711002883079e-12,
                1.5933230980981657e-12
            ]
        ],
        [
            [
                0.9999999987448198,
                1.14183023390465e-09,
                1.0950833530825397e-10,
                3.4838567796488724e-12,
                3.5768134151603903e-13
            ],
            [
                0.9999999632609038,
                3.6451294850683376e-08,
                2.815649847972983e-10,
                5.803363654640902e-12,
                4.3306941048073137e-13
            ],
            [
                0.0,
                4.2495871671786643e-10,
                0.9999999943952729,
                3.3601056605965717e-09,
                1.819662629984482e-09
            ],
            [
                0.0,
                5.253698837365787e-10,
                6.529972069048057e-06,
                0.9673733743268571,
                0.03262009517570395
            ],
            [
                0.9999999745449466,
                2.5060756830451784e-08,
                3.8745660450396455e-10,
                6.2744655783528295e-12,
                5.654876282616577e-13
            ]
        ],
        [
            [
                0.9999999845980692,
                1.5024119690426605e-08,
                3.755379706172635e-10,
                2.0838561709564162e-12,
                1.892524860033642e-13
            ],
            [
                0.9999999926522902,
                6.6737448110756056e-09,
                6.719390819195414e-10,
                1.8681739603089972e-12,
                1.575351335663637e-13
            ],
            [
                0.0,
                1.378158948195519e-09,
                0.999999994740107,
                2.775051116135641e-09,
                1.1066829196282044e-09
            ],
            [
                0.0,
                2.0972973511873166e-09,
                4.839709226778673e-06,
                0.44109336143167394,
                0.558901796761802
            ],
            [
                0.9999999951782439,
                4.516525782078504e-09,
                2.979255766189873e-10,
                6.933619042022663e-12,
                3.7110916671842805e-13
            ]
        ],
        [
            [
                0.9999999981499299,
                1.6189014702874854e-09,
                2.286183762323026e-10,
                2.4144125079168562e-12,
                1.357556043494142e-13
            ],
            [
                0.9999999826291753,
                1.5570761275887277e-08,
                1.7878671765300565e-09,
                1.1180431869639933e-11,
                1.0157996119157285e-12
            ],
            [
                0.0,
                1.4910727184833606e-08,
                0.9999999835242066,
                1.115526549552653e-09,
                4.495398340643417e-10
            ],
            [
                0.0,
                4.0623983587089194e-11,
                5.48893960364156e-09,
                0.0008648481366313223,
                0.9991351463338051
            ],
            [
                0.9999999819353617,
                1.7721928310844454e-08,
                3.3604115498494504e-10,
                6.341359517406673e-12,
                3.274801987599229e-13
            ]
        ],
        [
            [
                0.9999999982371648,
                1.576048800961204e-09,
                1.849124703033249e-10,
                1.7428913358411335e-12,
                1.3111012161608126e-13
            ],
            [
                0.9999999977737715,
                1.9951720390601593e-09,
                2.294335043838557e-10,
                1.5196753091520198e-12,
                1.0321715741457352e-13
            ],
            [
                0.0,
                1.1023894002885963e-09,
                0.9999999967985127,
                1.4338104287201809e-09,
                6.652872871952989e-10
            ],
            [
                0.0,
                1.0993740741888774e-09,
                4.080074621287907e-06,
                0.9995659563079226,
                0.00042996251808208015
            ],
            [
                0.9999999856047441,
                1.4144010003784129e-08,
                2.4712563077856646e-10,
                3.69485602189555e-12,
                4.2547712869411256e-13
            ]
        ],
        [
            [
                0.999999996651654,
                3.0621665579240074e-09,
                2.8255057719462747e-10,
                3.287288594264149e-12,
                3.4147772999133946e-13
            ],
            [
                0.9999999785516556,
                1.982548453992961e-08,
                1.6157703437858995e-09,
                6.7811324148015125e-12,
                3.0826531413561534e-13
            ],
            [
                0.0,
                6.690233198817648e-10,
                0.9999999803675149,
                1.2455693973815911e-08,
                6.507767735773562e-09
            ],
            [
                0.0,
                8.07392966550137e-11,
                1.668301770723652e-08,
                4.3521585644974985e-05,
                0.999956461650598
            ],
            [
                0.9999999898908657,
                9.596765848517883e-09,
                5.039776281649157e-10,
                8.03337243149468e-12,
                3.574201423510214e-13
            ]
        ],
        [
            [
                0.999999997652999,
                2.064151475579519e-09,
                2.8051810134508805e-10,
                2.180790651927832e-12,
                1.507037522879829e-13
            ],
            [
                0.9999999837941231,
                1.4045991017775087e-08,
                2.154885438735803e-09,
                4.65257054816852e-12,
                3.4790606202822263e-13
            ],
            [
                0.0,
                2.7513923088177026e-09,
                0.9999999931653811,
                2.522071232521032e-09,
                1.5611553708366618e-09
            ],
            [
                0.0,
                7.157544684441259e-10,
                2.936892069079997e-05,
                0.9998519578200258,
                0.00011867254352890297
            ],
            [
                0.9999999982389349,
                1.657529707017223e-09,
                1.0083648148219815e-10,
                2.581526881677193e-12,
                1.1751111130295485e-13
            ]
        ],
        [
            [
                0.9999999925792344,
                7.294570809570589e-09,
                1.2500330028946692e-10,
                1.0879579633882684e-12,
                1.0327209853347217e-13
            ],
            [
                0.9999999981308836,
                1.7047457537168935e-09,
                1.6317627873881594e-10,
                1.0569436448413326e-12,
                1.3754041012158432e-13
            ],
            [
                0.0,
                3.963297300270476e-09,
                0.999999992342777,
                2.4514368881236222e-09,
                1.2424888899978009e-09
            ],
            [
                0.0,
                4.547679989419594e-09,
                0.2028676109405088,
                0.7970443140779062,
                8.807043390512548e-05
            ],
            [
                0.9999999938904685,
                5.92133408113265e-09,
                1.7985511920797512e-10,
                8.01607674963726e-12,
                3.2642193797706894e-13
            ]
        ],
        [
            [
                0.9999999970963591,
                2.666313653513275e-09,
                2.327444914233225e-10,
                4.216729487318566e-12,
                3.66261997337937e-13
            ],
            [
                0.9999999734120382,
                2.6129788648088213e-08,
                4.5459254919026645e-10,
                3.326862845772368e-12,
                2.5366065285203315e-13
            ],
            [
                0.0,
                8.184874860507711e-10,
                0.999999995424645,
                2.3046387247190837e-09,
                1.452228846215513e-09
            ],
            [
                0.0,
                9.659082668901764e-11,
                5.607602415876174e-07,
                0.999976870624114,
                2.256851905363901e-05
            ],
            [
                0.9999999909957452,
                8.821348488900462e-09,
                1.8105461762681757e-10,
                1.7545653008084737e-12,
                9.703532987816819e-14
            ]
        ],
        [
            [
                0.9999999989323309,
                1.0053521751273105e-09,
                6.141642477295743e-11,
                8.185049734302034e-13,
                8.199217668808886e-14
            ],
            [
                0.9999999965313231,
                3.1222467389331657e-09,
                3.4416962709210877e-10,
                2.1547301081246404e-12,
                1.05984199061233e-13
            ],
            [
                0.0,
                5.23744312453137e-09,
                0.9999999925293158,
                1.3227436341695813e-09,
                9.104975018529879e-10
            ],
            [
                0.9999995337838522,
                4.6571637974882806e-07,
                4.921997307411171e-10,
                7.373538615220574e-12,
                1.946947377264036e-13
            ],
            [
                0.0,
                4.6857376208597985e-11,
                5.633765558260686e-09,
                0.0008027079366741828,
                0.9991972863827029
            ]
        ],
        [
            [
                0.9999999982766326,
                1.4199279799693457e-09,
                2.9792557754207653e-10,
                5.309289402815951e-12,
                2.0456868223748722e-13
            ],
            [
                0.9999999817841999,
                1.788393315356628e-08,
                3.2522550187068797e-10,
                6.274465623775277e-12,
                3.669850458441148e-13
            ],
            [
                0.0,
                4.29035953197656e-09,
                0.9999999936589012,
                9.916004087471406e-10,
                1.0591388785696092e-09
            ],
            [
                0.0,
                3.216902737083333e-11,
                2.516118126490778e-09,
                1.7812190276311165e-06,
                0.9999982162326853
            ],
            [
                0.9999999828326352,
                1.6674810244771327e-08,
                4.836658018412992e-10,
                8.669545272838148e-12,
                2.1930068564126796e-13
            ]
        ],
        [
            [
                0.9999999967784339,
                2.9805759144651402e-09,
                2.3928036754196516e-10,
                1.596520312657692e-12,
                1.1322033403205895e-13
            ],
            [
                0.9999999950782266,
                4.5525223906226226e-09,
                3.670388124412582e-10,
                2.0680536261976625e-12,
                1.4421536128327277e-13
            ],
            [
                0.0,
                4.596795039428511e-09,
                0.99999998730071,
                5.712996507890266e-09,
                2.3894983199559994e-09
            ],
            [
                0.0,
                3.1461888727674564e-09,
                0.00013031752822337882,
                0.8137303970963415,
                0.18613928222924625
            ],
            [
                0.9999999974794438,
                2.278679679311974e-09,
                2.3948126407355335e-10,
                2.3288235612135716e-12,
                6.635231883342466e-14
            ]
        ],
        [
            [
                0.9999999947982845,
                4.863218730244031e-09,
                3.3409066972280115e-10,
                3.980890656415244e-12,
                4.253043111364234e-13
            ],
            [
                0.9999999883392309,
                9.525661782367102e-09,
                2.1309749041915744e-09,
                3.736706036314748e-12,
                3.9572085911599765e-13
            ],
            [
                0.0,
                2.0086228953507231e-10,
                0.9999999961845571,
                2.3281120792791943e-09,
                1.2864684881032615e-09
            ],
            [
                0.0,
                5.967226278746758e-10,
                0.9999998706921072,
                1.2527905599163898e-07,
                3.4321140428555717e-09
            ],
            [
                0.999999989288494,
                1.055795297751e-08,
                1.4852779044525512e-10,
                4.840870874650142e-12,
                1.84268236588242e-13
            ]
        ],
        [
            [
                0.9999999981145937,
                1.6308488455523262e-09,
                2.5214783437393773e-10,
                2.192184142876066e-12,
                2.1731369951533456e-13
            ],
            [
                0.9999999917147125,
                7.983923459252833e-09,
                2.9794205523311776e-10,
                3.2510113424483167e-12,
                1.709724392081601e-13
            ],
            [
                0.0,
                5.344563787337065e-09,
                0.9999999906778853,
                2.5414933346960162e-09,
                1.4360574301977866e-09
            ],
            [
                0.0,
                1.2664481104565652e-10,
                9.662501365660303e-09,
                0.0002515879756626002,
                0.9997484022351911
            ],
            [
                0.9999999980592527,
                1.8425525807026371e-09,
                9.707787137127168e-11,
                9.780725730245889e-13,
                1.388157377046912e-13
            ]
        ],
        [
            [
                0.9999999950973963,
                4.465260629811263e-09,
                4.34053332413289e-10,
                3.1155257771919237e-12,
                1.7421226994777393e-13
            ],
            [
                0.9999999836077949,
                1.583214264631381e-08,
                5.560422330957191e-10,
                3.778590381269945e-12,
                2.4154291912533484e-13
            ],
            [
                0.0,
                1.1292832765533588e-09,
                0.9999999889714711,
                8.144001418808582e-09,
                1.755244113449415e-09
            ],
            [
                0.0,
                0.0,
                0.7585566631051455,
                0.2413939640529999,
                4.9372841854531853e-05
            ],
            [
                0.9999999797220676,
                1.9011729492295047e-08,
                1.247639746810351e-09,
                1.7422440718203004e-11,
                1.1407291769529723e-12
            ]
        ],
        [
            [
                0.999999990358062,
                9.263668600614562e-09,
                3.727256890677832e-10,
                5.143388406299608e-12,
                4.0037556454110105e-13
            ],
            [
                0.9999999890930092,
                1.0384874050291289e-08,
                5.178802410631103e-10,
                3.760314322562665e-12,
                4.762064979187791e-13
            ],
            [
                0.0,
                1.9331195610871744e-09,
                0.9999999970539282,
                6.006633709900934e-10,
                4.122888987920119e-10
            ],
            [
                0.0,
                7.594193407064872e-11,
                1.079242447695524e-08,
                2.1803970664109055e-05,
                0.9999781851609695
            ],
            [
                0.9999999971615776,
                2.327645873492927e-09,
                5.075236441909102e-10,
                2.816108972204255e-12,
                4.3684331300650896e-13
            ]
        ],
        [
            [
                0.9999999991345585,
                8.206478319733143e-10,
                4.398117025529336e-11,
                6.882912719726195e-13,
                1.240132965732224e-13
            ],
            [
                0.9999999955210053,
                4.027983621802823e-09,
                4.488826720766201e-10,
                1.844599789395318e-12,
                2.8385897474971504e-13
            ],
            [
                0.0,
                5.282073424233854e-10,
                0.9999999959810058,
                1.6684568869770931e-09,
                1.8223301075446698e-09
            ],
            [
                0.0,
                4.4154506865052323e-10,
                1.9952102471010275e-05,
                0.9885723063771177,
                0.01140774107886622
            ],
            [
                0.9999999959758348,
                3.6954889710845097e-09,
                3.252255064861696e-10,
                3.2510113563012736e-12,
                1.9984509974718916e-13
            ]
        ],
        [
            [
                0.9999999958946053,
                3.92807680040136e-09,
                1.7490305801211153e-10,
                2.1236762026222687e-12,
                2.914036190378091e-13
            ],
            [
                0.9999999826465579,
                1.671767433502328e-08,
                6.315498871848549e-10,
                3.848511178089189e-12,
                3.6954673034728297e-13
            ],
            [
                0.0,
                4.779892314713202e-09,
                0.9999999898384008,
                4.189630726814642e-09,
                1.1920762704612473e-09
            ],
            [
                0.0,
                0.0,
                0.9949293776665779,
                0.005068267482341913,
                2.3548510803782837e-06
            ],
            [
                0.9999999952362069,
                4.66002902332192e-09,
                1.0228874008699916e-10,
                1.3804193182834377e-12,
                9.489731408161904e-14
            ]
        ],
        [
            [
                0.9999999982739123,
                1.5011337011906325e-09,
                2.2358839065128956e-10,
                1.2330083694442516e-12,
                1.326452328115476e-13
            ],
            [
                0.9999999825057285,
                1.7226256572804797e-08,
                2.6459110489971575e-10,
                3.2326777945135023e-12,
                1.911122597285131e-13
            ],
            [
                0.0,
                1.969510638959259e-09,
                0.9999999964751998,
                6.420057851563516e-10,
                9.132838513666566e-10
            ],
            [
                0.0,
                4.101179209716417e-10,
                1.1088772152414994e-07,
                0.0007979810095767923,
                0.9992019076925839
            ],
            [
                0.9999999994478155,
                4.383521956993527e-10,
                1.1119677941830178e-10,
                1.7914315657817971e-12,
                8.438849120717082e-13
            ]
        ],
        [
            [
                0.9999999965323485,
                3.1711790687246186e-09,
                2.9305279412126285e-10,
                3.1857361406551814e-12,
                2.341225913634433e-13
            ],
            [
                0.999999986225256,
                1.3370198582235678e-08,
                3.989864449301091e-10,
                5.19252563711894e-12,
                3.6660026669904245e-13
            ],
            [
                0.0,
                7.130034302812492e-10,
                0.999999997119617,
                1.0361344339395714e-09,
                1.1312450703920525e-09
            ],
            [
                0.0,
                4.3242050039192825e-10,
                0.00011294983441696046,
                0.9994893064622523,
                0.00039774327091019634
            ],
            [
                0.9999999974631835,
                2.3276458741949583e-09,
                2.0192979140638307e-10,
                6.871491109989589e-12,
                3.6954673582271865e-13
            ]
        ],
        [
            [
                0.9999999983437406,
                1.5091087397632805e-09,
                1.4511953042988086e-10,
                1.8072631981743233e-12,
                2.2377064892959364e-13
            ],
            [
                0.9999999935316659,
                5.618859800090225e-09,
                8.458328158370961e-10,
                3.2989022908882466e-12,
                3.4259068562675065e-13
            ],
            [
                0.0,
                4.264871187639107e-09,
                0.9999999926646785,
                2.1249638649589485e-09,
                9.45486337588244e-10
            ],
            [
                0.0,
                3.663571296047553e-09,
                0.0001664861321528057,
                0.44005353005979764,
                0.5597799801444783
            ],
            [
                0.0,
                3.378599347721919e-10,
                1.958584285225469e-06,
                0.997261725959003,
                0.002736315118851927
            ]
        ],
        [
            [
                0.9999999967128617,
                3.038139559604803e-09,
                2.4602136714500865e-10,
                2.725507480914418e-12,
                2.5172986444151947e-13
            ],
            [
                0.9999999694375279,
                2.9609042417180992e-08,
                9.497500552668266e-10,
                3.4398682258873376e-12,
                2.3989554397985687e-13
            ],
            [
                0.0,
                9.353155075383033e-08,
                0.9999999054515094,
                7.203370189814393e-10,
                2.9660280817568557e-10
            ],
            [
                0.0,
                0.0,
                0.007083095779344811,
                0.9929121786073974,
                4.7256132576553505e-06
            ],
            [
                0.9999999945940705,
                5.274857438254916e-09,
                1.2811908685303029e-10,
                2.7838152956352816e-12,
                1.6927894555582604e-13
            ]
        ],
        [
            [
                0.9999999982633643,
                1.4623240784412573e-09,
                2.7037122165769184e-10,
                3.6244624573385435e-12,
                3.1586105725666273e-13
            ],
            [
                0.9999999875687225,
                1.1631993593749844e-08,
                7.959348612020455e-10,
                3.133398060005261e-12,
                2.1549057219404564e-13
            ],
            [
                0.0,
                1.2546556867289727e-09,
                0.9999999926187535,
                4.632167817199772e-09,
                1.4944231145750256e-09
            ],
            [
                0.0,
                2.498340287723358e-11,
                2.52197498044241e-09,
                0.00014283467254105038,
