{
    "[['A', 'B', 'C', 'D', 'E'], ['A', 'B', 'C', 'D', 'E']]": [
        [
            [
                0.9999999679985453,
                2.942853672804549e-08,
                2.350474625103081e-09,
                1.185210705785239e-10,
                1.0392234288376152e-10
            ],
            [
                0.9999993032543094,
                6.915977727928446e-07,
                5.081874437822429e-09,
                5.553265482426897e-11,
                1.0510679457426013e-11
            ],
            [
                0.0,
                3.667922838463234e-11,
                0.9999999959312009,
                3.1421946464922415e-09,
                8.899251050343685e-10
            ],
            [
                0.9999974890940646,
                2.4946516120364333e-06,
                1.544699585806787e-08,
                5.128356948283487e-10,
                2.9449170748391655e-10
            ],
            [
                0.9999999382226081,
                5.957963961618217e-08,
                2.028618038642219e-09,
                1.1976159534154603e-10,
                4.937264718265209e-11
            ]
        ],
        [
            [
                0.9999999598811229,
                3.667781391657894e-08,
                3.1384449910986405e-09,
                1.463232827272398e-10,
                1.5629481089613372e-10
            ],
            [
                3.4157647551821385e-07,
                0.9999992556291045,
                4.0197524320499945e-07,
                7.072254204996147e-10,
                1.1195140005273015e-10
            ],
            [
                0.0,
                1.0813987696425957e-10,
                0.9999999073838762,
                8.494066220752656e-08,
                7.56732179220208e-09
            ],
            [
                0.9999997271275168,
                2.687049074622096e-07,
                3.987021247034714e-09,
                1.6199106218956853e-10,
                1.8563397230234157e-11
            ],
            [
                0.9999999855491601,
                1.1752261606344885e-08,
                2.560044267983237e-09,
                1.0392234470766259e-10,
                3.461140779992545e-11
            ]
        ],
        [
            [
                0.999999984585924,
                1.3810515306834416e-08,
                1.5040598410893073e-09,
                5.950595177202539e-11,
                3.9994855029707236e-11
            ],
            [
                0.000546267073951277,
                0.9994537025642896,
                2.7776578593356187e-08,
                2.3483729824716246e-09,
                2.368077219404575e-10
            ],
            [
                0.0,
                5.7038557368395444e-11,
                0.9999999931576646,
                5.952690026496133e-09,
                8.326066324978086e-10
            ],
            [
                0.9999998740768106,
                1.2282688674473805e-07,
                2.9454016760502455e-09,
                1.1585152435237479e-10,
                3.504953353712145e-11
            ],
            [
                0.999999946921624,
                5.230716862782922e-08,
                7.152999541771378e-10,
                4.552751992095453e-11,
                1.037966948036701e-11
            ]
        ],
        [
            [
                0.9999999847668328,
                1.3005392222364925e-08,
                2.0375445602825442e-09,
                1.289329607370841e-10,
                6.129763925101678e-11
            ],
            [
                0.999998632005941,
                1.3660439895257128e-06,
                1.8140555507866302e-09,
                1.1930923874244685e-10,
                1.6704866607766556e-11
            ],
            [
                0.0,
                1.815799493171907e-10,
                0.9999996790258158,
                3.0967768558058515e-07,
                1.1114918641942492e-08
            ],
            [
                0.9999999404938691,
                5.67003247140518e-08,
                2.553752958729473e-09,
                1.4666892120267242e-10,
                1.0538446331989804e-10
            ],
            [
                0.9999999335765398,
                6.393083973745906e-08,
                2.3122737055924456e-09,
                1.266090733441336e-10,
                5.373762254826695e-11
            ]
        ],
        [
            [
                0.9999999560017448,
                4.035267672572306e-08,
                3.553876198645704e-09,
                7.402980091499563e-11,
                1.767231539109766e-11
            ],
            [
                0.999995584103197,
                4.41061158137844e-06,
                5.041720993337055e-09,
                1.9590866131682423e-10,
                4.759218667259657e-11
            ],
            [
                0.0,
                1.2852636115573477e-10,
                0.9999999975090839,
                1.875123818374429e-09,
                4.872658962676873e-10
            ],
            [
                0.9999993846863288,
                6.128204054710381e-07,
                2.30913552824556e-09,
                1.660829545925939e-10,
                1.8047391397561224e-11
            ],
            [
                0.9999999541017358,
                3.8907139883799326e-08,
                6.541904497995726e-09,
                3.1338792993166343e-10,
                1.3583169435512641e-10
            ]
        ],
        [
            [
                0.9999999483441113,
                4.8327528690226134e-08,
                3.0362451067823357e-09,
                1.0857823297608274e-10,
                1.835368123854304e-10
            ],
            [
                0.998704169869319,
                0.0012958187756690086,
                1.1034501780304649e-08,
                3.1229478763547046e-10,
                8.215318254383332e-12
            ],
            [
                0.0,
                8.168136807793734e-11,
                0.9999999974574556,
                1.257655391422303e-09,
                1.203207694700103e-09
            ],
            [
                0.9999996888192119,
                3.0957670165602564e-07,
                1.3401775329991445e-09,
                1.334132365958722e-10,
                1.304955936052253e-10
            ],
            [
                0.9999999820666398,
                1.6060557234363844e-08,
                1.5872711386732587e-09,
                9.030204212355039e-11,
                1.9522976551645887e-10
            ]
        ],
        [
            [
                0.9999998740412164,
                1.2282243562082465e-07,
                2.9266863403841482e-09,
                1.5622239248152217e-10,
                5.3439263756580786e-11
            ],
            [
                0.99998117196466,
                1.882506190848983e-05,
                2.793548006492491e-09,
                1.6762102576521933e-10,
                1.2262474390971191e-11
            ],
            [
                0.0,
                2.61175418338007e-11,
                0.9999999987242336,
                6.905896327215678e-10,
                5.590592237109199e-10
            ],
            [
                0.9999998177258197,
                1.783341156527551e-07,
                3.7563203326261815e-09,
                1.6099186144480843e-10,
                2.2752465560786008e-11
            ],
            [
                0.9999999654196711,
                3.175471904329261e-08,
                2.599932539672462e-09,
                2.0045085731198506e-10,
                2.52264110621921e-11
            ]
        ],
        [
            [
                0.9999999862491102,
                1.2566033898498668e-08,
                1.1381012776893154e-09,
                2.440587351828825e-11,
                2.234889309105842e-11
            ],
            [
                0.9999846818862606,
                1.5266531274671773e-05,
                4.768875752161062e-08,
                3.806445449629915e-09,
                8.726186923883076e-11
            ],
            [
                0.0,
                1.1160623065605262e-10,
                0.9999999979410716,
                1.3145519184447183e-09,
                6.327701149825181e-10
            ],
            [
                0.999986365210588,
                1.3629268470192305e-05,
                4.7233667969488415e-09,
                5.068087566626573e-10,
                2.907661265480213e-10
            ],
            [
                0.9999999425798543,
                5.5149046766263976e-08,
                2.061609589784885e-09,
                1.3386234527009388e-10,
                7.562696143397145e-11
            ]
        ],
        [
            [
                0.9999999570244923,
                3.985365774073383e-08,
                2.811658497854586e-09,
                1.1494381764288959e-10,
                1.9524763526412646e-10
            ],
            [
                0.9999164093373278,
                8.357144361850267e-05,
                1.8547676345770616e-08,
                6.244064395339329e-10,
                4.69709280265118e-11
            ],
            [
                0.0,
                3.8467885772839846e-11,
                0.9999999986877093,
                5.181944547729707e-10,
                7.556284144772128e-10
            ],
            [
                0.9999986605887038,
                1.3308272134268127e-06,
                7.740424243523208e-09,
                5.135071387670683e-10,
                3.30151156080658e-10
            ],
            [
                0.999999927335421,
                6.839521949971231e-08,
                3.6954891579612794e-09,
                2.3408723884306045e-10,
                3.397832003874194e-10
            ]
        ],
        [
            [
                0.9999999537234604,
                4.3209031152294426e-08,
                2.4472509041030277e-09,
                1.3754454908562103e-10,
                4.827128428348237e-10
            ],
            [
                0.001494837364998265,
                0.9985051523454053,
                1.0055021854523517e-08,
                2.263689880001817e-10,
                8.205608451059432e-12
            ],
            [
                0.0,
                7.710254243651733e-11,
                0.9999999971050948,
                1.875166736286261e-09,
                9.426359091497863e-10
            ],
            [
                0.9999999296536312,
                6.825082977482326e-08,
                2.00651417044004e-09,
                7.393244342238742e-11,
                1.509248328178627e-11
            ],
            [
                0.9999999431397136,
                5.356843655975947e-08,
                3.1711788994070123e-09,
                9.788517489043578e-11,
                2.2785468534215703e-11
            ]
        ],
        [
            [
                0.9999998635158839,
                1.2897915261432354e-07,
                6.798652133007235e-09,
                2.2828111518772297e-10,
                4.780300127487546e-10
            ],
            [
                0.3331381733190154,
                0.6668615002042577,
                3.237684422367715e-07,
                2.567114831609802e-09,
                1.411696383138569e-10
            ],
            [
                0.0,
                0.0,
                0.9999999980941836,
                1.2008805881837922e-09,
                7.04935980218028e-10
            ],
            [
                0.999999936181211,
                6.03703137696029e-08,
                3.1116408768840173e-09,
                1.6471476707927377e-10,
                1.7211953672115908e-10
            ],
            [
                0.9999999759869093,
                2.2687366259466012e-08,
                1.2675652129495089e-09,
                4.9204177079975954e-11,
                8.955090911476724e-12
            ]
        ],
        [
            [
                0.9999998880840019,
                1.078230700863158e-07,
                3.868985214387247e-09,
                9.018809514419114e-11,
                1.3375490644155824e-10
            ],
            [
                0.9999979927016581,
                2.000336333933942e-06,
                6.811567195783027e-09,
                1.4073222837686675e-10,
                9.70859714720184e-12
            ],
            [
                0.0,
                3.2089361026823576e-11,
                0.9999999938579158,
                4.994468048036239e-09,
                1.1155265610801802e-09
            ],
            [
                0.9999988067937378,
                1.18922914332848e-06,
                3.765214750734878e-09,
                1.9375592924745747e-10,
                1.814842864674603e-11
            ],
            [
                0.9999999693650357,
                2.8401295252908446e-08,
                2.1519609899907986e-09,
                6.203593058591623e-11,
                1.9672109204566203e-11
            ]
        ],
        [
            [
                0.9999999888917604,
                9.812716891276976e-09,
                1.2281703924971485e-09,
                2.7931401942801316e-11,
                3.9420630994331506e-11
            ],
            [
                0.9997627415735496,
                0.00023724201034155292,
                1.617078473562761e-08,
                2.368899525447775e-10,
                8.434171064050983e-12
            ],
            [
                0.0,
                2.3541828085011292e-11,
                0.999999996901564,
                2.2599552143886035e-09,
                8.149389228176028e-10
            ],
            [
                0.9999996984878188,
                2.9699784338224986e-07,
                3.906953553474404e-09,
                3.2034158233065687e-10,
                2.870428195118971e-10
            ],
            [
                0.9999999652624686,
                3.235275015160528e-08,
                2.2247947222435174e-09,
                1.227188603113394e-10,
                3.726743075243652e-11
            ]
        ],
        [
            [
                0.9999999818169035,
                1.6918608895041625e-08,
                1.1963082992715294e-09,
                5.009049697328389e-11,
                1.808867692340994e-11
            ],
            [
                0.9999991335951243,
                8.624368832791897e-07,
                3.752309961108309e-09,
                2.0740046366000389e-10,
                8.2820893392251e-12
            ],
            [
                0.0,
                2.6212575803925416e-10,
                0.99999999675661,
                1.750192789381307e-09,
                1.2310715565714111e-09
            ],
            [
                0.9999999713666853,
                2.5157786094594973e-08,
                3.276108085750502e-09,
                9.422507258248797e-11,
                1.051954905845567e-10
            ],
            [
                0.9999999728917667,
                2.4632869196520674e-08,
                2.309135510139648e-09,
                9.137729842232888e-11,
                7.485117104257028e-11
            ]
        ],
        [
            [
                0.9999999921301167,
                6.004391633186302e-09,
                1.7950632779461944e-09,
                5.3686805126960574e-11,
                1.674177247041696e-11
            ],
            [
                0.99999948070191,
                5.151358687012224e-07,
                4.0354272586441225e-09,
                1.1266944522732618e-10,
                1.4124658358101715e-11
            ],
            [
                0.0,
                7.615675614298728e-11,
                0.9999999911677765,
                6.839205010059959e-09,
                1.9168616766161935e-09
            ],
            [
                0.9999944403174265,
                5.55487407807969e-06,
                4.296690032526145e-09,
                4.362752854014607e-10,
                7.553009715427733e-11
            ],
            [
                0.9999999737905914,
                2.2524082848987208e-08,
                3.1678963374584913e-09,
                1.8683147985843615e-10,
                3.30597925495121e-10
            ]
        ],
        [
            [
                0.9999999760899289,
                2.2085731524243283e-08,
                1.7009099639820997e-09,
                7.960543879541265e-11,
                4.3824077655242454e-11
            ],
            [
                0.9999939037254663,
                6.090772278644762e-06,
                5.060353242012416e-09,
                3.7909457112469346e-10,
                6.280742983427837e-11
            ],
            [
                0.0,
                6.228066312480313e-10,
                0.9999999445951093,
                4.729147523007973e-08,
                7.490608786585546e-09
            ],
            [
                0.9999998046530991,
                1.8385104015681702e-07,
                1.0913791649030155e-08,
                4.115268356143211e-10,
                1.7054214180479194e-10
            ],
            [
                0.9999999830307612,
                1.599147548389812e-08,
                8.130866531551556e-10,
                2.8039224698583556e-11,
                1.366374810432161e-10
            ]
        ],
        [
            [
                0.9999999593972674,
                3.752905913097278e-08,
                2.9574597497693475e-09,
                5.23530027891488e-11,
                6.386078195315782e-11
            ],
            [
                0.9999996044200427,
                3.9271442489838695e-07,
                2.7838035252595686e-09,
                7.736888576903335e-11,
                4.360127644105503e-12
            ],
            [
                0.0,
                2.7878776643089817e-10,
                0.9999999798636288,
                1.5574860216337698e-08,
                4.28272315738792e-09
            ],
            [
                0.9999998208573058,
                1.7103053995115814e-07,
                5.867594263484174e-09,
                4.151391311217462e-10,
                1.8294207491220052e-09
            ],
            [
                0.9999999737962486,
                2.343885853730388e-08,
                2.3785487360570227e-09,
                1.7630442543151414e-10,
                2.1003984662430697e-10
            ]
        ],
        [
            [
                0.999999931249554,
                6.295024889341114e-08,
                4.177597735509525e-09,
                3.218052113615952e-10,
                1.3007941708425804e-09
            ],
            [
                0.9999892960388443,
                1.069912372457936e-05,
                4.722078999922794e-09,
                1.1242987956412593e-10,
                2.922286493699279e-12
            ],
            [
                0.0,
                4.125695218687428e-11,
                0.9999999975656317,
                1.5319881106045e-09,
                8.611230871784005e-10
            ],
            [
                0.9999811373655718,
                1.884145946349854e-05,
                2.01255565944698e-08,
                9.408271026996185e-10,
                1.0858092788020367e-10
            ],
            [
                0.9999999298797421,
                6.620019827684217e-08,
                3.6489956002390456e-09,
                1.3553202552255597e-10,
                1.3553202552255597e-10
            ]
        ],
        [
            [
                0.9999999702117173,
                2.61297885644645e-08,
                2.9041598750322617e-09,
                2.364538713600222e-10,
                5.178802312848622e-10
            ],
            [
                0.9996501880322706,
                0.00034977064035176457,
                4.0460496498450936e-08,
                8.090675094519472e-10,
                5.781380874335147e-11
            ],
            [
                0.0,
                9.292912242816353e-11,
                0.9999999984867791,
                7.964542381168504e-10,
                6.238374343392299e-10
            ],
            [
                0.9999972485566776,
                2.738655395589733e-06,
                1.1696110511364039e-08,
                7.878391652122273e-10,
                3.0397725643625597e-10
            ],
            [
                0.9999999871856543,
                1.1569574208296379e-08,
                1.1456369323771899e-09,
                5.120925711922662e-11,
                4.7925219125061484e-11
            ]
        ],
        [
            [
                0.9999999556914527,
                3.891456160143061e-08,
                4.468233809511781e-09,
                1.6737438133987288e-10,
                7.583775046457892e-10
            ],
            [
                0.9878742469238477,
                0.012125697218297803,
                5.544098365337408e-08,
                3.999136858925957e-10,
                1.695712552837637e-11
            ],
            [
                0.0,
                5.845336652732882e-11,
                0.9999999913753815,
                6.565642845374138e-09,
                2.0005220926609305e-09
            ],
            [
                0.9999998971535682,
                1.0139400749588336e-07,
                1.3470019321337082e-09,
                8.950365783476272e-11,
                1.5918719466605778e-11
            ],
            [
                0.9999999098874623,
                8.444619021872456e-08,
                4.211696246342137e-09,
                3.340855834012639e-10,
                1.1205656983260194e-09
            ]
        ],
        [
            [
                0.9999999529272523,
                4.4337768706998835e-08,
                2.490554289246862e-09,
                1.574698778710894e-10,
                8.695483282666793e-11
            ],
            [
                0.99998460415611,
                1.539277053080024e-05,
                2.882329120154277e-09,
                1.59824028794382e-10,
                3.120606264294664e-11
            ],
            [
                0.0,
                1.4548730000659669e-10,
                0.9999999937071151,
                3.5396227330824056e-09,
                2.607774642351813e-09
            ],
            [
                0.9999993983894713,
                5.965852710439325e-07,
                4.146186277043385e-09,
                5.346029217193935e-10,
                3.4446844143172244e-10
            ],
            [
                0.9999999610128596,
                3.502465906112201e-08,
                3.22676885668276e-09,
                2.5839925252198867e-10,
                4.773129777722603e-10
            ]
        ],
        [
            [
                0.9999999865528544,
                1.1126562993977648e-08,
                2.2153477262290054e-09,
                5.49343786855758e-11,
                5.03005512637451e-11
            ],
            [
                0.9897217399515134,
                0.010278243874297387,
                1.5178708191400067e-08,
                9.684471530622003e-10,
                2.7033808888731778e-11
            ],
            [
                0.0,
                1.681756791739226e-10,
                0.9999999893607462,
                7.572562692537483e-09,
                2.898515392753648e-09
            ],
            [
                0.9999998844574993,
                1.0370865179535707e-07,
                1.0450066631925379e-08,
                1.0347815800127963e-09,
                3.490005676811172e-10
            ],
            [
                0.9999999238722769,
                7.188897209976621e-08,
                3.64899557831783e-09,
                2.501789350218957e-10,
                3.3957652297102926e-10
            ]
        ],
        [
            [
                0.9999999542863222,
                4.028938281674301e-08,
                5.131970031246503e-09,
                9.127678765463237e-11,
                2.010481775717854e-10
            ],
            [
                0.999998672591241,
                1.3217645833027617e-06,
                5.476265626322771e-09,
                1.495742652035174e-10,
                1.8335687847703464e-11
            ],
            [
                0.0,
                1.1759133274233465e-10,
                0.9999999865233136,
                9.542901328904346e-09,
                3.816194039350527e-09
            ],
            [
                0.999994238557734,
                5.760520468060054e-06,
                8.6395272881854e-10,
                5.0847970698893755e-11,
                6.9972826808996955e-12
            ],
            [
                0.9999999552866867,
                4.32040042164032e-08,
                1.3585171414066945e-09,
                8.038832885265114e-11,
                7.040353129099459e-11
            ]
        ],
        [
            [
                0.9999999738293537,
                2.403770806453634e-08,
                2.0616096542091563e-09,
                5.5565709258118446e-11,
                1.576275636652603e-11
            ],
            [
                0.9998633489697091,
                0.0001366369832642562,
                1.3576293631822384e-08,
                4.5979851478953196e-10,
                1.093461035061601e-11
            ],
            [
                0.0,
                1.341785578928772e-10,
                0.999999989002157,
                8.390204403665947e-09,
                2.473459781966391e-09
            ],
            [
                0.9999998813308131,
                1.1304416966756929e-07,
                5.1580146962813e-09,
                3.973278698985529e-10,
                6.967467949812281e-11
            ],
            [
                0.9999999855970405,
                1.2991904867102116e-08,
                1.3345834438702265e-09,
                5.553265299652008e-11,
                2.0938255546526924e-11
            ]
        ],
        [
            [
                0.9999999681896522,
                2.788412265493842e-08,
                3.790361944355935e-09,
                6.868166202198797e-11,
                6.718169805877522e-11
            ],
            [
                0.711951777206011,
                0.2880481861746502,
                3.421383627844523e-08,
                2.3576002209922027e-09,
                4.7902188779018674e-11
            ],
            [
                0.0,
                6.699321546417837e-11,
                0.9999999851415782,
                1.2758127270763209e-08,
                2.0333012512036963e-09
            ],
            [
                0.9999996848167811,
                3.076638997144492e-07,
                6.5703409744925555e-09,
                6.654104156310995e-10,
                2.8356774654234693e-10
            ],
            [
                0.9999999350232697,
                6.142378519576689e-08,
                3.3557698409777697e-09,
                1.3361110395558922e-10,
                6.356415360179624e-11
            ]
        ],
        [
            [
                0.9999999710637457,
                2.2687366147772393e-08,
                5.65890152920655e-09,
                1.2117815027583684e-10,
                4.688082121289679e-10
            ],
            [
                0.9999960587353295,
                3.933387109751738e-06,
                7.463327529203316e-09,
                3.7343871072233857e-10,
                4.0794652873403077e-11
            ],
            [
                0.0,
                6.449461436569539e-11,
                0.9999999982705801,
                7.632504400735004e-10,
                9.016750015434417e-10
            ],
            [
                0.9999993568068862,
                6.331277962450179e-07,
                9.399863252900357e-09,
                5.893309056443691e-10,
                7.612306094496868e-11
            ],
            [
                0.9999999674566862,
                2.9382377566255636e-08,
                2.8659161525958636e-09,
                1.636260030690488e-10,
                1.313942074973622e-10
            ]
        ],
        [
            [
                0.9999999735149763,
                2.4859235712750584e-08,
                1.4405812294784778e-09,
                1.2301813003022792e-10,
                6.218875692977015e-11
            ],
            [
                0.9999977647463927,
                2.225831785606491e-06,
                8.620323141459165e-09,
                7.292744956549015e-10,
                7.222406915745508e-11
            ],
            [
                0.0,
                6.112834604760768e-11,
                0.9999999968484459,
                1.7326520978413957e-09,
                1.3577737367572556e-09
            ],
            [
                0.9999999451585909,
                5.356843666790757e-08,
                1.2302452453971784e-09,
                3.470143711004653e-11,
                8.025821659082395e-12
            ],
            [
                0.9999998190391021,
                1.729715211176437e-07,
                7.570108208169442e-09,
                2.1881761631135282e-10,
                2.004508757610865e-10
            ]
        ],
        [
            [
                0.9999999259411305,
                7.227034375583912e-08,
                1.7012832086477297e-09,
                6.083918472340335e-11,
                2.6403290957342736e-11
            ],
            [
                0.9999994762091615,
                5.206035504484962e-07,
                2.815914415147841e-09,
                3.2138868319129974e-10,
                4.99848442870114e-11
            ],
            [
                0.0,
                3.024243283580098e-11,
                0.9999999379977694,
                5.8098986592347595e-08,
                3.873001479408524e-09
            ],
            [
                0.9999999189119144,
                7.96199909319781e-08,
                1.2153839115728596e-09,
                7.009495909271822e-11,
                1.8261566697641778e-10
            ],
            [
                0.9999998076983188,
                1.9020282051238525e-07,
                2.034496216209425e-09,
                5.5582143097379753e-11,
                8.782386907840235e-12
            ]
        ],
        [
            [
                0.9999999795640853,
                1.8803214522073583e-08,
                1.4576652205435726e-09,
                6.511200298206114e-11,
                1.0992288850283478e-10
            ],
            [
                0.2675901463991268,
                0.7324096856576583,
                1.5976073587031496e-07,
                7.835521352930296e-09,
                3.469576648483696e-10
            ],
            [
                0.0,
                5.897815530352171e-11,
                0.9999999989726613,
                5.976771724189547e-10,
                3.706831550664207e-10
            ],
            [
                0.999999370928632,
                6.174819263331162e-07,
                1.0450066248494217e-08,
                8.332325458679735e-10,
                3.061429079781175e-10
            ],
            [
                0.9999999705332141,
                2.6737298527294383e-08,
                2.361907542674437e-09,
                1.4213606298342275e-10,
                2.254438968776506e-10
            ]
        ],
        [
            [
                0.9999999819562159,
                1.5701656728416247e-08,
                2.1879851333322078e-09,
                1.0249321282683438e-10,
                5.1649203389367966e-11
            ],
            [
                0.9999754012678521,
                2.458252120946486e-05,
                1.571160241991868e-08,
                4.5886020866593734e-10,
                4.047556372560074e-11
            ],
            [
                0.0,
                1.3359758930104668e-10,
                0.999999989407162,
                6.355257627601928e-09,
                4.103982809942035e-09
            ],
            [
                0.9999995106676739,
                4.848113595492721e-07,
                3.895620476459734e-09,
                5.519519014965045e-10,
                7.33943195931405e-11
            ],
            [
                0.9999999725612067,
                2.412309128919169e-08,
                3.00650927058163e-09,
                1.5289805523606438e-10,
                1.5629481287796508e-10
            ]
        ],
        [
            [
                0.9999999773834752,
                2.0700744243995625e-08,
                1.704745718347837e-09,
                9.38924605928535e-11,
                1.1714249367563596e-10
            ],
            [
                0.9986401513954485,
                0.0013598137067221535,
                3.3913866043561785e-08,
                9.606504231166238e-10,
                2.331295820971365e-11
            ],
            [
                0.0,
                1.116941802511775e-10,
                0.9999999874324944,
                1.0306004175593715e-08,
                2.1498072239548656e-09
            ],
            [
                0.9999997845782101,
                2.1164414314168244e-07,
                3.4906665917018933e-09,
                2.2781397086896915e-10,
                5.916597916591163e-11
            ],
            [
                0.9999999533749993,
                4.437135477149252e-08,
                2.118698918372602e-09,
                1.003378473899122e-10,
                3.460929423818476e-11
            ]
        ],
        [
            [
                0.9999999801878914,
                1.8231028015415595e-08,
                1.4824427473760157e-09,
                7.488073025041983e-11,
                2.375698978097355e-11
            ],
            [
                0.982255398865481,
                0.01774458637662693,
                1.4009310144873494e-08,
                7.29865923834212e-10,
                1.8716167490548106e-11
            ],
            [
                0.0,
                1.045888939740911e-10,
                0.9999999880401299,
                8.25680270957065e-09,
                3.5984783642184506e-09
            ],
            [
                0.0,
                9.90020551776473e-10,
                0.999999907819318,
                8.144036939493938e-08,
                9.75029202697019e-09
            ],
            [
                0.9999999845167498,
                1.4474123966096002e-08,
                8.874418786650208e-10,
                5.348137585173128e-11,
                6.820309271035824e-11
            ]
        ],
        [
            [
                0.9999999762608852,
                2.1683065746301732e-08,
                1.973214272372484e-09,
                6.316061798533499e-11,
                1.9674360763298392e-11
            ],
            [
                0.9999980013431027,
                1.988737143525735e-06,
                9.667608090727003e-09,
                2.0489193769095017e-10,
                4.725389816569353e-11
            ],
            [
                0.0,
                3.2376159314726237e-11,
                0.9999999977994922,
                1.2862697522760618e-09,
                8.818618770250229e-10
            ],
            [
                0.9999988000273848,
                1.1822306335513002e-06,
                1.6494222499701188e-08,
                1.0811105563818227e-09,
                1.6664873333854437e-10
            ],
            [
                0.9999999840229787,
                1.3465761536696908e-08,
                2.1548854392289607e-09,
                1.97644133130338e-10,
                1.5873006092228983e-10
            ]
        ],
        [
            [
                0.9999999220494666,
                7.589166272100207e-08,
                1.9707545356771703e-09,
                7.736889189749093e-11,
                1.0747175580548644e-11
            ],
            [
                0.9999997030407793,
                2.9013778398319956e-07,
                6.696415330997483e-09,
                1.196100018721014e-10,
                5.41151735613024e-12
            ],
            [
                0.0,
                4.285227375683365e-11,
                0.9999999962729285,
                2.8138260197041626e-09,
                8.703934114762007e-10
            ],
            [
                0.999942466616319,
                5.751833975048491e-05,
                1.111428274889857e-08,
                3.175900597289912e-09,
                7.537470855704545e-10
            ],
            [
                0.9999998608952588,
                1.3599068371865754e-07,
                3.0310029266056776e-09,
                6.925493960072434e-11,
                1.3799356234070826e-11
            ]
        ],
        [
            [
                0.9999999654575903,
                3.1547290183626285e-08,
                2.783803534751503e-09,
                1.5327121177332532e-10,
                5.804484701287965e-11
            ],
            [
                0.9996420651394302,
                0.00035785240077121735,
                7.959144678803855e-08,
                2.685801449751191e-09,
                1.825501983946863e-10
            ],
            [
                0.0,
                5.4668884215329614e-11,
                0.9999999972314821,
                1.8313896839461392e-09,
                8.824591951319313e-10
            ],
            [
                0.999999602335856,
                3.8384372969614446e-07,
                1.170858729103232e-08,
                1.0559135486230772e-09,
                1.0559135486230772e-09
            ],
            [
                0.9999999259690292,
                6.992827936270441e-08,
                3.742268177811597e-09,
                2.0192980104149293e-10,
                1.5849349380396246e-10
            ]
        ],
        [
            [
                0.9999999769038815,
                2.155749818374055e-08,
                1.4824427425076591e-09,
                2.653692988544485e-11,
                2.964047055457553e-11
            ],
            [
                0.999403775622165,
                0.0005962082031864409,
                1.5840750578101627e-08,
                3.2470483843101387e-10,
                9.192808499681502e-12
            ],
            [
                0.0,
                9.995124261483189e-11,
                0.9999999545755897,
                4.0807632053099125e-08,
                4.516827119372195e-09
            ],
            [
                0.9999999570233483,
                4.1631384814051814e-08,
                1.1480759092203858e-09,
                8.251677347127069e-11,
                1.1467425233296172e-10
            ],
            [
                0.9999999722185301,
                2.5298195752559083e-08,
                2.3483550497081285e-09,
                9.163141491056122e-11,
                4.3287743628171144e-11
            ]
        ],
        [
            [
                0.9999999865171758,
