{
    "[['A', 'B', 'C', 'D', 'E'], ['A', 'B', 'C', 'D', 'E']]": [
        [
            [
                6.58395625159845e-06,
                4.250003385357222e-07,
                3.334103887694126e-07,
                0.04701307288608505,
                0.952979584746936
            ],
            [
                0.0,
                3.1302640542445533e-07,
                0.003180088121088203,
                0.4019366209789435,
                0.5948829778735628
            ],
            [
                0.0,
                1.6625687528045168e-11,
                0.9999999989009241,
                6.308179337630095e-10,
                4.516325369720137e-10
            ],
            [
                7.58674760788939e-12,
                5.237210459599055e-10,
                4.067069702615447e-09,
                4.940908042926381e-08,
                0.9999999459925419
            ],
            [
                1.1228880182478025e-11,
                3.805812056062387e-10,
                3.6035678045087153e-09,
                2.1307077183432752e-08,
                0.999999974697545
            ]
        ],
        [
            [
                9.242024012436291e-05,
                2.0512930909854037e-06,
                2.2789232075465446e-07,
                0.943277347661268,
                0.056627952913195945
            ],
            [
                0.0,
                2.5434964532805187e-07,
                0.00045039991474299693,
                0.14194384645610328,
                0.8576054992795085
            ],
            [
                0.0,
                3.473540982063503e-11,
                0.9999999965073021,
                1.480758518087269e-09,
                1.977204000787382e-09
            ],
            [
                1.0478832389971439e-11,
                2.813685168980224e-10,
                1.3360843453898739e-08,
                4.24944389192775e-07,
                0.99999956140292
            ],
            [
                2.8896968505107653e-11,
                3.3724250665363166e-10,
                1.7817497209675593e-09,
                2.6870733478291024e-08,
                0.9999999709813774
            ]
        ],
        [
            [
                0.0,
                4.889910755918796e-10,
                4.746975418225124e-09,
                2.779414805827693e-06,
                0.9999972153492276
            ],
            [
                0.0,
                6.294580405735763e-08,
                4.245771831421868e-06,
                0.087744446179664,
                0.9122512451027005
            ],
            [
                0.0,
                2.66549602188502e-12,
                0.9999999998326885,
                5.2130203602093555e-11,
                1.1251568666703684e-10
            ],
            [
                5.4566975429878e-12,
                1.5036518555361795e-10,
                5.4120732469022046e-09,
                6.973102576715818e-08,
                0.9999999247010791
            ],
            [
                9.520743344804722e-12,
                3.025179708029595e-10,
                3.227138374955254e-09,
                6.816792505423192e-07,
                0.9999993147815724
            ]
        ],
        [
            [
                0.00013703212266346173,
                1.4762275651335012e-06,
                1.3614906452723436e-06,
                0.03486461036365013,
                0.964995519795476
            ],
            [
                2.2048713686450296e-10,
                2.6229494805932515e-09,
                2.2536708687754318e-07,
                9.49743912547427e-06,
                0.999990274350351
            ],
            [
                0.0,
                2.3053617995629793e-11,
                0.999999998906155,
                3.708755149219349e-10,
                6.999158797051464e-10
            ],
            [
                7.629876712892452e-12,
                1.6573360328154976e-10,
                3.543811046038631e-09,
                1.1208724870928757e-07,
                0.9999998841955767
            ],
            [
                0.0,
                1.9558124034769842e-10,
                2.761834481989757e-09,
                6.881854138776714e-08,
                0.9999999282240428
            ]
        ],
        [
            [
                4.686279291397412e-05,
                1.5219460739152086e-07,
                6.997644131863823e-08,
                0.00010932876948876514,
                0.9998435862665486
            ],
            [
                0.0,
                8.1133346560727e-09,
                5.577894305866344e-07,
                2.5726884120038872e-05,
                0.9999737072131146
            ],
            [
                0.0,
                7.284479575590581e-12,
                0.9999999993286159,
                2.0898567279334355e-10,
                4.5511396672896627e-10
            ],
            [
                0.0,
                3.8414822567947817e-10,
                1.8174220055902257e-09,
                7.467418311298821e-08,
                0.9999999231242467
            ],
            [
                4.8926049338826885e-11,
                3.320761407556828e-10,
                2.0477249786065583e-09,
                5.9592254882047764e-08,
                0.999999937979018
            ]
        ],
        [
            [
                0.8043278373263035,
                7.885465990641949e-06,
                1.5104673727272417e-06,
                0.006170302244600846,
                0.18949246449573226
            ],
            [
                1.5452255907875355e-10,
                1.1826444886537658e-08,
                1.3541783235315194e-06,
                0.0021409445740202815,
                0.9978576892666888
            ],
            [
                0.0,
                1.3933367392198848e-11,
                0.9999999984878754,
                4.781868704346e-10,
                1.020004510579885e-09
            ],
            [
                3.026459173086947e-11,
                3.755229184746928e-10,
                3.6225050432477547e-09,
                3.9401972277745944e-08,
                0.9999999565697352
            ],
            [
                1.355477126451649e-11,
                3.172816878575756e-10,
                5.029158287166891e-09,
                5.237737927077993e-07,
                0.9999994708662124
            ]
        ],
        [
            [
                0.9999968677995634,
                8.97859590872871e-07,
                1.0013400760908955e-07,
                5.495922289298862e-07,
                1.584614609115245e-06
            ],
            [
                0.0,
                2.2005071454848974e-07,
                0.7971999435760486,
                0.20278128527355835,
                1.855109967852615e-05
            ],
            [
                0.0,
                1.5982646797093017e-10,
                0.999999984887141,
                4.886016343549206e-09,
                1.0067016200257442e-08
            ],
            [
                5.3328685341050045e-11,
                5.381426616816975e-10,
                2.4353969329319003e-08,
                1.0532831659582e-06,
                0.9999989217713934
            ],
            [
                0.0,
                9.514375532855009e-11,
                2.0090031262519173e-09,
                4.1428464434026657e-07,
                0.9999995836112088
            ]
        ],
        [
            [
                4.86539414402735e-11,
                4.151367332454615e-10,
                5.473665518812183e-09,
                1.0804540746519294e-07,
                0.9999998860171364
            ],
            [
                0.0,
                4.6553115467562205e-09,
                2.1935364119994225e-07,
                0.0005424001756067725,
                0.9994573758154405
            ],
            [
                0.0,
                7.913508298997713e-11,
                0.9999999946989881,
                3.3932935142972054e-09,
                1.828583380324317e-09
            ],
            [
                2.8095863604633276e-11,
                2.1307867982616406e-10,
                3.3883069994452093e-09,
                3.731863049136165e-08,
                0.9999999590518879
            ],
            [
                2.2159528422264043e-12,
                1.1743846543286022e-10,
                3.2434290780111917e-09,
                3.196131707599461e-08,
                0.9999999646755994
            ]
        ],
        [
            [
                6.684943257031586e-07,
                1.659628704863819e-07,
                2.124475570639203e-07,
                0.347742442294468,
                0.6522565108007787
            ],
            [
                0.0,
                1.4975534223299076e-09,
                5.783985476689836e-07,
                0.9998308228361321,
                0.0001685972677667822
            ],
            [
                0.0,
                9.723107120677436e-12,
                0.9999999984831389,
                3.4627075200346486e-10,
                1.1608671261359056e-09
            ],
            [
                2.6179536383584854e-11,
                9.045068298036472e-10,
                1.2773345739646978e-08,
                4.367176125970027e-07,
                0.9999995495783554
            ],
            [
                0.0,
                1.125622636587373e-10,
                5.857172539020942e-09,
                1.33735336738999e-07,
                0.9999998602949285
            ]
        ],
        [
            [
                0.0005743223362381453,
                1.3012466043292637e-06,
                2.546921490156683e-07,
                0.011681605662065466,
                0.987742516062943
            ],
            [
                0.0,
                1.613172239088275e-08,
                6.647353283972208e-05,
                0.9958003276020347,
                0.004133182733403083
            ],
            [
                0.0,
                7.359516101503025e-12,
                0.999999999335105,
                2.7376392739277885e-10,
                3.8377178356675527e-10
            ],
            [
                0.0,
                9.713529306505856e-11,
                2.58408277676317e-09,
                7.004428070419439e-08,
                0.9999999272745013
            ],
            [
                1.9906581182857515e-11,
                3.7578806199832065e-10,
                7.1180265298013965e-09,
                4.160696025642139e-07,
                0.9999995764166763
            ]
        ],
        [
            [
                5.7685710730930356e-11,
                6.579178545077175e-10,
                4.528155682960903e-08,
                1.5543500674345885e-07,
                0.9999997985678328
            ],
            [
                0.0,
                1.6942998840944192e-07,
                7.29187305445288e-05,
                0.20191215620367406,
                0.798014755635793
            ],
            [
                0.0,
                1.8530463308047962e-11,
                0.9999999992102793,
                3.6841984537398235e-10,
                4.0277050171240216e-10
            ],
            [
                1.9068061909593797e-11,
                3.5964659556389184e-10,
                5.149845448531597e-09,
                3.972898100665118e-07,
                0.9999995971816298
            ],
            [
                4.0733072493725464e-11,
                2.93973703919715e-10,
                7.536381446011784e-09,
                4.0708979533426695e-08,
                0.9999999514199321
            ]
        ],
        [
            [
                0.9993113109626974,
                4.829145945379466e-06,
                5.576412457823265e-08,
                7.17164803709829e-06,
                0.000676632479195398
            ],
            [
                0.0,
                1.6143010210928492e-09,
                2.921838342735751e-06,
                0.9999644821876862,
                3.25943596699949e-05
            ],
            [
                0.0,
                2.160208333615784e-11,
                0.9999999986183106,
                4.089142803505054e-10,
                9.51173179144068e-10
            ],
            [
                0.0,
                2.445966353576018e-10,
                3.6770535474478113e-09,
                1.595506841311978e-06,
                0.9999984005715086
            ],
            [
                6.3808154089334275e-12,
                3.1811065367584506e-10,
                3.945640249028973e-09,
                2.3411750179074602e-07,
                0.9999997616123665
            ]
        ],
        [
            [
                0.48141085604096007,
                3.26690625332692e-06,
                1.0883535793286626e-06,
                0.0002133803031623895,
                0.5183714083960449
            ],
            [
                0.0,
                2.81366365974468e-10,
                2.5744073452086656e-08,
                7.341852095174763e-06,
                0.999992632122465
            ],
            [
                0.0,
                9.185329698245668e-11,
                0.9999999900373332,
                3.710886856389927e-09,
                6.1599266421447984e-09
            ],
            [
                1.554471350321598e-11,
                3.6811710002489196e-10,
                1.2709981519347282e-09,
                9.756579534243434e-09,
                0.9999999885887604
            ],
            [
                0.0,
                3.5729324313804187e-10,
                1.0114440058982493e-08,
                4.3390253333022884e-07,
                0.9999995556257334
            ]
        ],
        [
            [
                0.0005954799922932425,
                0.9993879042124975,
                3.339317386067564e-06,
                1.0859341864829248e-05,
                2.417135958281543e-06
            ],
            [
                7.101474606389842e-11,
                2.5445733322301515e-09,
                1.1110324162207713e-07,
                0.0004313887731963181,
                0.999568497507974
            ],
            [
                0.0,
                9.362743156622615e-11,
                0.9999999897775386,
                4.676082189910657e-09,
                5.452752030669569e-09
            ],
            [
                8.090235242077429e-12,
                2.454537649077722e-10,
                2.2921667081833025e-09,
                1.1204620878383072e-07,
                0.9999998854080805
            ],
            [
                4.8251377558394866e-11,
                7.050690857586436e-10,
                1.1241733660473391e-08,
                3.7354577395491834e-07,
                0.999999614459172
            ]
        ],
        [
            [
                0.0006231742853012526,
                0.00020528491669473937,
                2.0296544813278888e-06,
                0.9904890546843356,
                0.008680456459187167
            ],
            [
                0.0,
                3.088528564675907e-08,
                2.845792224969904e-05,
                0.037874801630181094,
                0.9620967095622834
            ],
            [
                0.0,
                2.29209877454004e-11,
                0.9999999947281188,
                1.5518778388043387e-09,
                3.6970822902557e-09
            ],
            [
                0.0,
                6.108047659634688e-10,
                2.47544332781203e-08,
                3.281589952029843e-07,
                0.9999996464757668
            ],
            [
                0.0,
                1.5650243561411186e-10,
                1.824768258627515e-09,
                6.131793513299554e-07,
                0.999999384839378
            ]
        ],
        [
            [
                0.0037066450987461993,
                5.9854998129143054e-06,
                6.020171474038868e-07,
                0.015698014512258544,
                0.980588752872035
            ],
            [
                1.5479371899558118e-09,
                1.8116336020488922e-07,
                4.2392719765359574e-05,
                0.49997871228446855,
                0.49997871228446855
            ],
            [
                0.0,
                4.85711410558301e-11,
                0.9999999950596821,
                1.4984532876437976e-09,
                3.3932935155211457e-09
            ],
            [
                7.018324848666552e-11,
                1.0561995787464168e-09,
                2.0075332939123487e-08,
                1.3419654734139416e-07,
                0.999999844601737
            ],
            [
                2.728015569026398e-11,
                3.639699849522637e-10,
                1.8896791224899673e-09,
                4.707827060933397e-08,
                0.9999999506408002
            ]
        ],
        [
            [
                6.08075108872895e-11,
                9.162814345322122e-10,
                9.144783359964744e-09,
                2.970073248887538e-06,
                0.9999970198048788
            ],
            [
                0.0,
                5.510160384720276e-09,
                3.272108644729496e-07,
                0.053956745446245666,
                0.9460429218327294
            ],
            [
                0.0,
                1.70753047727448e-10,
                0.9999999963182897,
                1.6593010824116034e-09,
                1.8516561771374498e-09
            ],
            [
                0.0,
                3.333198738232606e-10,
                2.6406136503220727e-09,
                6.104836422446468e-07,
                0.9999993865424242
            ],
            [
                1.3319177820012132e-10,
                3.408394384697738e-09,
                2.6567358197918533e-08,
                6.443286819306602e-08,
                0.9999999054581874
            ]
        ],
        [
            [
                2.3601983922929136e-11,
                2.0577468804023636e-10,
                1.8419455954036982e-08,
                1.0742580809217019e-06,
                0.9999989070930865
            ],
            [
                0.0,
                1.2229501161182302e-06,
                0.027361390880534846,
                0.119822853564311,
                0.852814532605038
            ],
            [
                0.0,
                3.677433874056307e-12,
                0.999999999643215,
                1.0483535267146606e-10,
                2.4827226410800764e-10
            ],
            [
                2.5933626673098953e-11,
                2.713010605181548e-10,
                4.528256807160626e-09,
                1.2470260315534567e-07,
                0.9999998704719053
            ],
            [
                8.131048721924412e-11,
                8.021147453484044e-10,
                7.305821546853325e-09,
                1.0035963451828263e-07,
                0.9999998914511188
            ]
        ],
        [
            [
                3.6302622389843426e-11,
                2.7620648189845566e-10,
                4.804892434672868e-09,
                8.46637511914006e-08,
                0.9999999102188473
            ],
            [
                0.0,
                3.8800980359742324e-10,
                1.6470896140453063e-08,
                2.3318232457579718e-05,
                0.9999766649086365
            ],
            [
                0.0,
                2.1436152015684057e-10,
                0.9999999827553744,
                8.886262883941925e-09,
                8.14400136818468e-09
            ],
            [
                0.0,
                3.394483059352069e-10,
                3.222027447088517e-09,
                1.8725882108420099e-07,
                0.9999998091797031
            ],
            [
                1.922662462103358e-12,
                5.813614660942131e-11,
                2.449371072155874e-09,
                8.282354910035856e-09,
                0.9999999892082153
            ]
        ],
        [
            [
                0.0005949861840473781,
                9.665589683804042e-07,
                9.348148134736383e-07,
                0.0029883153296614458,
                0.9964147971125092
            ],
            [
                8.209245109984902e-11,
                5.134790102917845e-09,
                3.331017585035016e-07,
                2.2552361061093994e-05,
                0.9999771093202979
            ],
            [
                0.0,
                9.474512932787898e-12,
                0.9999999996924962,
                9.742511312264806e-11,
                2.0060423703027113e-10
            ],
            [
                2.6063646537460338e-11,
                3.8623103696458185e-10,
                1.7757514148864163e-09,
                2.779824276561719e-07,
                0.9999997198295262
            ],
            [
                1.6873917679852367e-11,
                3.5870739376327314e-10,
                4.9885941572403645e-09,
                2.4415528636634422e-06,
                0.9999975530829608
            ]
        ],
        [
            [
                0.9999971148884188,
                7.89412229508098e-07,
                4.031405877518725e-08,
                4.077536518254105e-07,
                1.6476316411068668e-06
            ],
            [
                3.4657403809201965e-10,
                2.01152723316759e-08,
                4.679368260901435e-06,
                0.0002437858122603611,
                0.9997515143576323
            ],
            [
                0.0,
                8.234002015581073e-12,
                0.9999999993502864,
                1.9877072412593378e-10,
                4.427088318898555e-10
            ],
            [
                1.0632101100251e-11,
                2.0541509142966503e-10,
                4.2248748851305645e-09,
                3.1557220027467915e-08,
                0.999999964001858
            ],
            [
                5.008342829610242e-11,
                1.632797241478061e-09,
                1.4830713734178534e-08,
                8.204221514404403e-07,
                0.9999991630642543
            ]
        ],
        [
            [
                2.6361361113541742e-08,
                3.5158991076346254e-08,
                5.838506648491084e-07,
                0.03879167195130017,
                0.9612076826776829
            ],
            [
                0.0,
                2.3017229876965355e-08,
                3.395114667725864e-06,
                0.014194463120411727,
                0.9858021187476907
            ],
            [
                0.0,
                3.8276058480802966e-11,
                0.9999999978029654,
                1.151169898626132e-09,
                1.0075886118376837e-09
            ],
            [
                0.0,
                6.28103082502103e-11,
                2.261861355308374e-09,
                6.777225712377028e-07,
                0.999999319952757
            ],
            [
                0.0,
                4.1808534332228475e-11,
                7.716289929328228e-10,
                1.7276402680387097e-08,
                0.9999999819101598
            ]
        ],
        [
            [
                4.6665133781847994e-07,
                2.0997387867101683e-07,
                6.698597545712284e-06,
                0.9670327819726191,
                0.03295984280461864
            ],
            [
                4.444578875012397e-09,
                6.300992109956554e-07,
                0.007840205621864613,
                0.6815293604185223,
                0.3106297994158233
            ],
            [
                0.0,
                5.0611975946997546e-11,
                0.9999999968974698,
                1.2580392552545402e-09,
                1.7938790385338913e-09
            ],
            [
                6.50841587445078e-12,
                1.0533804841744231e-10,
                1.8482688153294049e-09,
                3.486757422710627e-07,
                0.9999996493641424
            ],
            [
                5.016074230773739e-12,
                1.3155319429210115e-10,
                1.3521397785850742e-09,
                2.3040245282871336e-08,
                0.9999999754710457
            ]
        ],
        [
            [
                0.9999157626152002,
                3.052264209402751e-06,
                1.1210670974318197e-07,
                1.8821580040883602e-05,
                6.225143383986874e-05
            ],
            [
                0.0,
                2.1677978149029905e-08,
                2.372882497018083e-05,
                0.9554312656634143,
                0.04454498383363748
            ],
            [
                0.0,
                2.3584839047935067e-11,
                0.9999999991492132,
                3.317886891881876e-10,
                4.954133442310819e-10
            ],
            [
                0.0,
                5.366827208436856e-11,
                1.821794837170124e-09,
                1.6135699375016328e-07,
                0.9999998367675432
            ],
            [
                0.0,
                8.047946136153119e-11,
                2.573429017687116e-09,
                1.1497491497335998e-07,
                0.9999998823711765
            ]
        ],
        [
            [
                0.016274233658661128,
                4.425202010239089e-06,
                2.3807877932551257e-06,
                0.9522128615578941,
                0.031506098793641094
            ],
            [
                0.0,
                1.5404589654328478e-07,
                0.001628342196874213,
                0.998326598639626,
                4.4905117603115354e-05
            ],
            [
                0.0,
                3.632230956928922e-10,
                0.9999999939720965,
                3.208094841571016e-09,
                2.4565856107349406e-09
            ],
            [
                0.0,
                2.1985342977034992e-10,
                2.0024690154126985e-09,
                2.5855914008245835e-07,
                0.9999997392185375
            ],
            [
                3.498975393972278e-11,
                5.771622570657555e-10,
                9.352704472568965e-09,
                3.081919046204623e-07,
                0.999999681843239
            ]
        ],
        [
            [
                8.798045850697632e-12,
                3.2366049645681357e-10,
                2.8086248728131566e-09,
                1.2725591875894407e-07,
                0.9999998696029978
            ],
            [
                0.0,
                3.2310922834484623e-09,
                6.494698351288604e-07,
                2.25058873909973e-05,
                0.9999768414116815
            ],
            [
                0.0,
                0.0,
                0.9999999996384965,
                1.3855750999849976e-10,
                2.2294578650175742e-10
            ],
            [
                0.0,
                4.8405504668186495e-11,
                7.40299865517073e-10,
                7.098885791407364e-08,
                0.9999999282224367
            ],
            [
                0.0,
                1.5724568740357904e-10,
                6.2141513673814e-09,
                8.039923173406036e-07,
                0.9999991896362856
            ]
        ],
        [
            [
                0.9992457308109529,
                5.699590717935994e-06,
                3.4309622424533617e-07,
                5.1063159250047586e-05,
                0.0006971633428547021
            ],
            [
                0.0,
                6.341336510940583e-08,
                8.500610888137235e-05,
                0.08453572829142234,
                0.9153792021863312
            ],
            [
                0.0,
                3.0252934791043896e-11,
                0.9999999992085888,
                3.5408431462124757e-10,
                4.0707387159186535e-10
            ],
            [
                2.1111493923846058e-11,
                4.2121116111620505e-10,
                3.7468246008675205e-09,
                1.4236065971139832e-07,
                0.999999853450193
            ],
            [
                0.0,
                4.911960119718071e-11,
                1.0730002006465483e-09,
                6.86714242120664e-08,
                0.999999930206456
            ]
        ],
        [
            [
                3.5648054510515412e-06,
                5.075138184974941e-07,
                6.062720944317744e-07,
                0.021584273580684637,
                0.9784110478279514
            ],
            [
                0.0,
                1.1124616833943572e-07,
                0.00015483545963182355,
                0.9688565999520843,
                0.030988453342115575
            ],
            [
                0.0,
                2.366582659970284e-10,
                0.9999999844267824,
                7.836014095644258e-09,
                7.500545275320262e-09
            ],
            [
                3.91778255528319e-12,
                1.5307255413554138e-10,
                2.6980057673977744e-09,
                1.1291444447145443e-07,
                0.9999998842305594
            ],
            [
                3.521551609256553e-11,
                2.3819025148849115e-10,
                1.821794861614593e-09,
                2.85101707778742e-08,
                0.9999999693946287
            ]
        ],
        [
            [
                3.822512201676097e-06,
                3.0097282767377523e-07,
                1.0885694648955802e-06,
                0.001471620065664742,
                0.998523167879841
            ],
            [
                3.082873850205644e-11,
                3.425868053930931e-09,
                2.0452775325948925e-07,
                1.232548352738464e-05,
                0.9999874665320225
            ],
            [
                0.0,
                5.797215673117479e-11,
                0.9999999963103012,
                1.516943852527994e-09,
                2.114782768501398e-09
            ],
            [
                0.0,
                3.831279953341098e-11,
                2.3139634368384786e-09,
                1.9858288832728645e-07,
                0.9999997990648354
            ],
            [
                4.7930154752501966e-11,
                7.039067812648681e-10,
                4.417382057219511e-09,
                1.4296610066354044e-07,
                0.9999998518646803
            ]
        ],
        [
            [
                3.2037623497057345e-11,
                3.598881599737325e-10,
                4.276095497474833e-09,
                2.1951479073411747e-07,
                0.9999997758171879
            ],
            [
                8.012015033412539e-11,
                2.478182098898039e-09,
                1.1290497003118512e-07,
                1.0836665600472112e-05,
                0.9999890478711273
            ],
            [
                0.0,
                1.0549059990387834e-11,
                0.9999999993278863,
                2.9768757708218905e-10,
                3.6387698938974003e-10
            ],
            [
                1.76823647804481e-11,
                4.3351142879312363e-10,
                2.5354123100535593e-09,
                1.794045212329739e-07,
                0.9999998176088727
            ],
            [
                0.0,
                2.0151349418624173e-10,
                1.7299146588169336e-09,
                9.047389585070291e-08,
                0.999999907594676
            ]
        ],
        [
            [
                0.0,
                3.2643285630591155e-11,
                2.3811088845493245e-09,
                2.3671144934335555e-07,
                0.9999997608747986
            ],
            [
                0.0,
                6.56391855220569e-08,
                0.00015188325153685754,
                0.9820956366957958,
                0.01775241441348178
            ],
            [
                0.0,
                7.773854489292123e-11,
                0.9999999983255679,
                5.339670256190703e-10,
                1.0627266673604687e-09
            ],
            [
                3.978600112716835e-11,
                1.313851840389891e-10,
                2.1161707043151113e-09,
                4.276790736601014e-08,
                0.9999999549447507
            ],
            [
                3.674257718334538e-12,
                1.6397935990608386e-10,
                1.492281123137807e-09,
                1.5022708658008496e-07,
                0.9999998481129787
            ]
        ],
        [
            [
                2.836004498474249e-12,
                1.1150516617847758e-10,
                7.407278176155503e-10,
                8.518662757199643e-08,
                0.9999999139583035
            ],
            [
                0.0,
                1.0244104387101465e-06,
                0.6440499846683074,
                0.35437067061333843,
                0.0015783203079153553
            ],
            [
                0.0,
                1.489257853582502e-10,
                0.9999999943931557,
                3.917541912434726e-09,
                1.5403767764745034e-09
            ],
            [
                0.0,
                4.117615707019203e-10,
                6.829975510057452e-09,
                4.859426642133826e-07,
                0.9999995068155988
            ],
            [
                6.939083309741491e-12,
                1.22492032875252e-10,
                3.707957898518108e-09,
                2.0170164893872467e-07,
                0.999999794460962
            ]
        ],
        [
            [
                0.0,
                6.626704555291973e-11,
                6.792945163640726e-10,
                5.342252741000639e-08,
                0.9999999458319109
            ],
            [
                0.0,
                6.329780751404823e-07,
                0.004757783411351765,
                0.7438143265646758,
                0.2514272570458973
            ],
            [
                0.0,
                4.6271144258947604e-10,
                0.9999999749285156,
                1.4573657164557357e-08,
                1.003511577102958e-08
            ],
            [
                8.783893966284297e-12,
                1.623096183747381e-10,
                1.326217190609288e-09,
                2.838748498418237e-08,
                0.9999999701152043
            ],
            [
                2.293712453006769e-11,
                2.3437761283289055e-10,
                2.2192257716899932e-09,
                4.428840874836889e-08,
                0.9999999532350508
            ]
        ],
        [
            [
                0.0,
                1.5923586874782848e-10,
                4.722862768590166e-09,
                4.2060891736884785e-07,
                0.999999574508984
            ],
            [
                0.0,
                5.986703899351771e-08,
                0.0006471214520590272,
                0.9993157434121114,
                3.707526879053362e-05
            ],
            [
                0.0,
                3.23334547088748e-11,
                0.9999999984367018,
                5.901194252617029e-10,
                9.408450721884501e-10
            ],
            [
                7.464853357335407e-12,
                1.8507935984437325e-10,
                2.1496595285840107e-09,
                4.97159335987492e-08,
                0.9999999479418626
            ],
            [
                0.0,
                2.99986303543647e-10,
                4.216598972993456e-09,
                4.0955766995736236e-07,
                0.9999995859257448
            ]
        ],
        [
            [
                3.461933141906575e-11,
                5.96632731176349e-10,
                1.1576306911097959e-08,
                5.754724917785208e-07,
                0.9999994123199493
            ],
            [
                0.0,
                1.0124559691121776e-07,
                0.03490269805297744,
                0.9650680064774785,
                2.919422394721199e-05
            ],
            [
                0.0,
                1.5324607510232098e-10,
                0.9999999827358695,
                1.2245968039064644e-08,
                4.864916449052458e-09
            ],
            [
                8.195743651170287e-11,
                1.1282068568639466e-09,
                1.7519237786267974e-08,
                6.761847585379846e-07,
                0.9999993050858395
            ],
            [
                2.1452297009854664e-11,
                3.256898280063486e-10,
                9.387357445398542e-09,
                1.3748391078734765e-07,
                0.9999998527815895
            ]
        ],
        [
            [
                1.544291560835234e-10,
                6.377999263314522e-10,
                5.7723741609640115e-09,
                3.069239283514443e-07,
                0.9999996865114683
            ],
            [
                0.0,
                4.707809317034808e-08,
                2.168095845463053e-06,
                0.015282207436868303,
                0.984715577389193
            ],
            [
                0.0,
                8.591899979995422e-11,
                0.9999999930870289,
                2.3945032622150127e-09,
                4.432548732977179e-09
            ],
            [
                0.0,
                3.730535611932096e-10,
                1.7577912066348136e-08,
                2.5088210482289074e-06,
                0.9999974732279862
            ],
            [
                9.309321707526511e-11,
                7.30906488892976e-10,
                1.2858042877822913e-08,
                3.958103703990042e-07,
                0.999999590507587
            ]
        ],
        [
            [
                1.3156533487768057e-05,
                7.48010218645088e-07,
                5.604159871233374e-07,
                0.003381024335543858,
                0.9966045107047626
            ],
            [
                0.0,
                1.0601863403408139e-08,
                1.0482076650256964e-06,
                0.0004056592172077739,
                0.9995932819732638
            ],
            [
                0.0,
                1.742972008545395e-11,
                0.9999999986952892,
                6.829555281925856e-10,
                6.043257565121148e-10
            ],
            [
                0.0,
                5.7470675209759134e-11,
                7.774836756597847e-10,
                1.6660607572684714e-07,
                0.99999983255897
            ],
            [
                2.7198757320855795e-10,
                2.8540135691826047e-09,
                1.6653737400199295e-08,
                4.54476650692906e-07,
                0.9999995257436107
            ]
        ],
        [
            [
                0.00835426040523201,
