{
    "[['A', 'B', 'C', 'D', 'E'], ['A', 'B', 'C', 'D', 'E']]": [
        [
            [
                0.9999902673256151,
                9.732126637347194e-06,
                5.442577155831059e-10,
                3.4008953545972084e-12,
                8.890173882644021e-14
            ],
            [
                0.9999967499461303,
                3.2494248703449673e-06,
                6.262264890791245e-10,
                2.725585382791951e-12,
                4.724463091692908e-14
            ],
            [
                0.0,
                5.4609064606044625e-11,
                0.9999999994958468,
                2.466368520027068e-10,
                2.0290735153085146e-10
            ],
            [
                0.0,
                8.384264472123117e-10,
                0.9997807468807198,
                0.00021431310166491758,
                4.939179188869634e-06
            ],
            [
                0.0,
                1.8259187357553275e-11,
                2.3909114967922093e-09,
                3.627938468318932e-06,
                0.999996369652361
            ]
        ],
        [
            [
                0.9999997595049952,
                2.3964589664302717e-07,
                8.45832819551916e-10,
                3.120092888701799e-12,
                1.5518510057587244e-13
            ],
            [
                0.9999970941138394,
                2.9053111161843326e-06,
                5.719513343652463e-10,
                2.950902129091033e-12,
                1.4220580551855957e-13
            ],
            [
                0.0,
                1.8945250001666606e-10,
                0.9999999996133415,
                1.073697713510205e-10,
                8.983631304375736e-11
            ],
            [
                0.0,
                2.5698998006978735e-11,
                6.773839509574979e-09,
                3.037394040981186e-06,
                0.9999969558064205
            ],
            [
                0.0,
                6.946101447330308e-12,
                5.315698837407015e-10,
                2.1827750057188285e-07,
                0.9999997811839834
            ]
        ],
        [
            [
                0.9999999956305015,
                4.329365119751593e-09,
                3.9420631259976934e-11,
                7.126855443029783e-13,
                0.0
            ],
            [
                0.9960021685532737,
                0.003997829781072977,
                1.65092595872296e-09,
                1.4432283011914866e-11,
                2.9513511571051924e-13
            ],
            [
                0.0,
                2.3811848814273803e-10,
                0.9999999992607487,
                2.973062639228572e-10,
                2.038266534223055e-10
            ],
            [
                0.0,
                5.483521313591003e-12,
                8.19415299857772e-10,
                1.4701988719879417e-06,
                0.9999985289762293
            ],
            [
                0.0,
                4.331068167641044e-12,
                4.162737393778175e-10,
                4.7504445985787406e-09,
                0.9999999948289506
            ]
        ],
        [
            [
                0.9999998245455174,
                1.7511862131530206e-07,
                3.3218062804261506e-10,
                3.5993994094842767e-12,
                8.133083175142922e-14
            ],
            [
                0.9999977464522267,
                2.2534527148627415e-06,
                9.308718608131359e-11,
                1.9389436898112754e-12,
                3.2296917100697493e-14
            ],
            [
                3.5761211764287294e-11,
                2.2740524082993005e-08,
                0.9999999769086562,
                2.5918310077159354e-10,
                5.5875510836311715e-11
            ],
            [
                0.0,
                2.2854718633786212e-11,
                5.283325363390141e-09,
                9.32855086530937e-06,
                0.9999906661429546
            ],
            [
                0.0,
                2.3040519217327228e-11,
                1.4888326595594028e-09,
                7.790996427960422e-08,
                0.9999999205781626
            ]
        ],
        [
            [
                0.9999996694754176,
                3.301063419444176e-07,
                4.151391177656376e-10,
                3.0439527445116794e-12,
                5.728159564339813e-14
            ],
            [
                0.999999572000357,
                4.2792779444737203e-07,
                7.098536472721593e-11,
                8.298103447166212e-13,
                3.342952576521414e-14
            ],
            [
                5.8049776796096075e-09,
                0.021584373484775442,
                0.9784156202001185,
                5.101284605418291e-10,
                0.0
            ],
            [
                0.0,
                1.681086487534377e-10,
                1.3225323704792084e-08,
                0.03244401230247812,
                0.9675559743040896
            ],
            [
                0.0,
                1.6831806866009208e-11,
                1.8148342350132613e-09,
                4.6990805050099666e-06,
                0.999995299087829
            ]
        ],
        [
            [
                0.9999845684444545,
                1.5431440738315183e-05,
                1.1394429706919242e-10,
                8.259589282595931e-13,
                3.6806227555358646e-14
            ],
            [
                0.9999990970487841,
                9.028225473162315e-07,
                1.2702632530650032e-10,
                1.6112809236672613e-12,
                3.095454879321886e-14
            ],
            [
                3.7097530734731606e-06,
                0.9999962757288627,
                1.4517172073817276e-08,
                7.471231114678086e-13,
                1.4457146094517668e-13
            ],
            [
                0.0,
                2.492890160456858e-11,
                3.911024232728013e-09,
                1.0768721703624366e-07,
                0.9999998883768297
            ],
            [
                0.0,
                4.973043920535309e-12,
                2.6257660924534455e-10,
                1.402236188948464e-07,
                0.9999998595088314
            ]
        ],
        [
            [
                0.9999844871485323,
                1.5512609896451918e-05,
                2.3985199151220184e-10,
                1.6780702673986863e-12,
                4.123722053783137e-14
            ],
            [
                0.9999998949041332,
                1.0400817110174879e-07,
                1.0816550997048471e-09,
                6.040658582762095e-12,
                0.0
            ],
            [
                0.0,
                1.838949409260214e-10,
                0.9999999995256299,
                1.0658034905908458e-10,
                1.838949409260214e-10
            ],
            [
                0.0,
                2.7545504310999348e-11,
                6.19594842804928e-09,
                8.726129917073498e-07,
                0.9999991211635143
            ],
            [
                0.0,
                2.1755903766152065e-11,
                1.1202494548296145e-09,
                5.892371544625253e-08,
                0.9999999399342792
            ]
        ],
        [
            [
                0.9996495980661673,
                0.0003504018202281561,
                1.0698789649396336e-10,
                6.5043822900203906e-12,
                1.1226362972525879e-13
            ],
            [
                0.9999994791706042,
                5.20326586370433e-07,
                4.998782545111064e-10,
                2.878418502149e-12,
                5.266750951967905e-14
            ],
            [
                0.0,
                4.910329972193004e-11,
                0.9999999998768503,
                3.4766231033080267e-11,
                3.928020373655908e-11
            ],
            [
                0.0,
                7.306218323260048e-11,
                1.9395838623213975e-08,
                1.506929392426533e-06,
                0.9999984736017067
            ],
            [
                0.0,
                1.0835310169111595e-11,
                1.3852852029493437e-09,
                3.0400846974495795e-07,
                0.9999996945954097
            ]
        ],
        [
            [
                0.9999993523861094,
                6.475420732064371e-07,
                7.137881532037856e-11,
                4.190477158131473e-13,
                1.945346402459571e-14
            ],
            [
                0.9999980490653142,
                1.950630344059343e-06,
                3.024896764991224e-10,
                1.8087390753595343e-12,
                4.336643257439514e-14
            ],
            [
                0.0,
                4.6568167339067216e-11,
                0.9999999998226476,
                7.81338083944206e-11,
                5.265061798420084e-11
            ],
            [
                0.0,
                2.604865139206099e-10,
                0.9999928226099186,
                6.659627738971882e-06,
                5.175018558453831e-07
            ],
            [
                0.0,
                3.947034216747331e-12,
                2.6591613787101476e-10,
                9.338782230039076e-09,
                0.9999999903913547
            ]
        ],
        [
            [
                0.9999998386869059,
                1.6118412333745728e-07,
                1.2717297961771062e-10,
                1.7351529006911688e-12,
                6.277319992721546e-14
            ],
            [
                0.9999995672772832,
                4.324578841169129e-07,
                2.6329780156621524e-10,
                1.4630668081090021e-12,
                7.166655605094346e-14
            ],
            [
                2.106492666016838e-10,
                1.1961053646417503e-05,
                0.9999880385690111,
                1.6669323385517049e-10,
                0.0
            ],
            [
                0.0,
                2.340219291485438e-11,
                1.896087634450902e-09,
                5.993876033519689e-09,
                0.9999999920866341
            ],
            [
                0.0,
                5.87960876229258e-11,
                1.3844636440456304e-09,
                1.172475116512813e-07,
                0.9999998813092286
            ]
        ],
        [
            [
                0.9999994247786941,
                5.750550035110726e-07,
                1.647147613858477e-10,
                1.587638172243171e-12,
                0.0
            ],
            [
                0.9999976771444131,
                2.3226644897546357e-06,
                1.8915929844494367e-10,
                1.8736085989992606e-12,
                6.40858087159351e-14
            ],
            [
                0.0,
                2.1250276480711358e-10,
                0.9999999995412958,
                1.6091049998236468e-10,
                8.529119630818168e-11
            ],
            [
                0.0,
                1.79782326216292e-11,
                1.0556725263040434e-08,
                3.875919456386068e-06,
                0.9999961135058401
            ],
            [
                0.0,
                1.7969729029667177e-11,
                1.1704272033589776e-09,
                2.730199603361839e-07,
                0.9999997257916426
            ]
        ],
        [
            [
                0.9999999625864687,
                3.730546471302913e-08,
                1.065587989974471e-10,
                1.4783574819838646e-12,
                2.960245795568464e-14
            ],
            [
                0.9999992779195808,
                7.214683569500581e-07,
                6.090980672804224e-10,
                2.9639834080437313e-12,
                0.0
            ],
            [
                1.0496720523109115e-10,
                8.565810370930949e-07,
                0.999999143014928,
                2.990676601995788e-10,
                0.0
            ],
            [
                0.0,
                1.7763865097446927e-11,
                2.156719320643686e-09,
                3.765480644034469e-07,
                0.9999996212774525
            ],
            [
                0.0,
                1.2094671727286573e-11,
                1.1824407721856074e-09,
                3.9233988116764566e-08,
                0.9999999595714765
            ]
        ],
        [
            [
                0.9999999953815573,
                4.468233986856457e-09,
                1.466689292529909e-10,
                3.4886643660276118e-12,
                5.10325973461654e-14
            ],
            [
                0.9999993004851407,
                6.990650903518445e-07,
                4.471155969961335e-10,
                2.5865689652236357e-12,
                6.670063005192776e-14
            ],
            [
                1.0444018880160022e-10,
                6.687484758852176e-08,
                0.9999999326542033,
                3.0568956314393123e-10,
                6.081934526469347e-11
            ],
            [
                0.0,
                7.706604354336366e-12,
                7.681136592249124e-10,
                2.0253261034860143e-07,
                0.9999997966915695
            ],
            [
                0.0,
                5.716225371474909e-12,
                4.654279727692059e-10,
                6.85590042665705e-08,
                0.9999999309698515
            ]
        ],
        [
            [
                0.9999999866438096,
                1.3297893670962437e-08,
                5.7149742277381736e-11,
                1.1186398812282133e-12,
                2.8223221454775077e-14
            ],
            [
                0.4663827481276075,
                0.5336172436869073,
                8.147139584845368e-09,
                3.7037058199293746e-11,
                1.3085161389435363e-12
            ],
            [
                3.048639078524306e-10,
                1.490812722000523e-06,
                0.9999985083005108,
                5.819031773203262e-10,
                0.0
            ],
            [
                0.0,
                3.6804477295071295e-10,
                1.6317675824046074e-06,
                2.4288527138891882e-05,
                0.9999740793372339
            ],
            [
                0.0,
                1.3658634263207786e-11,
                8.024743457666963e-10,
                1.196931483353637e-07,
                0.9999998794907187
            ]
        ],
        [
            [
                0.9999999000606157,
                9.971205148391798e-08,
                2.2595187944190277e-10,
                1.318177993047709e-12,
                6.273167108217465e-14
            ],
            [
                0.999999272583942,
                7.270846007784831e-07,
                3.2949942243318176e-10,
                1.9054709929095557e-12,
                5.2643106213076385e-14
            ],
            [
                2.5469026962543875e-10,
                4.617093564294019e-05,
                0.9999538284460354,
                3.636313686445887e-10,
                0.0
            ],
            [
                0.0,
                4.252276778005986e-11,
                4.780749308047102e-09,
                1.40042400768892e-07,
                0.9999998551343271
            ],
            [
                0.0,
                5.7902425389051333e-11,
                1.8445145976954704e-09,
                3.0746279917562624e-08,
                0.9999999673513031
            ]
        ],
        [
            [
                0.9999979362118248,
                2.063693969473097e-06,
                9.342442522420846e-11,
                7.512814552207964e-13,
                3.029486654594329e-14
            ],
            [
                0.9999936977961971,
                6.30199287602268e-06,
                2.0917151041034873e-10,
                1.755532769191395e-12,
                0.0
            ],
            [
                8.14217646843603e-11,
                6.260611768528044e-08,
                0.9999999368437368,
                4.117325427406674e-10,
                5.699114717766538e-11
            ],
            [
                0.0,
                2.4633958572132916e-11,
                9.489338790640266e-09,
                7.592861485814226e-07,
                0.9999992311998788
            ],
            [
                0.0,
                5.568270268051393e-12,
                3.2287064850763294e-10,
                3.923503582520301e-08,
                0.9999999604365253
            ]
        ],
        [
            [
                0.9999999695105319,
                3.036634749850822e-08,
                1.2117815008762127e-10,
                1.8861833625219145e-12,
                5.618952542396611e-14
            ],
            [
                0.9999899405992335,
                1.0059200159242979e-05,
                1.9785383720768097e-10,
                2.699525170958373e-12,
                5.373876519095005e-14
            ],
            [
                0.0,
                7.144188163781972e-11,
                0.9999999998284317,
                3.621133715980776e-11,
                6.391513258008825e-11
            ],
            [
                0.0,
                8.144618418488836e-10,
                8.399611774326356e-07,
                0.034358472823471056,
                0.9656406864008897
            ],
            [
                0.0,
                1.213573425652924e-11,
                5.155926514993557e-10,
                1.754479325509193e-07,
                0.9999998240243391
            ]
        ],
        [
            [
                0.9999999608590988,
                3.895198850152771e-08,
                1.877481199445068e-10,
                1.0982951500111083e-12,
                6.640827818349089e-14
            ],
            [
                0.9999991221546235,
                8.765865587841387e-07,
                1.2572979715541107e-09,
                1.4414970258235174e-12,
                7.821226308795575e-14
            ],
            [
                1.0504762934945945e-08,
                0.9388615527634353,
                0.061138435572120786,
                1.1596809382075721e-09,
                0.0
            ],
            [
                0.0,
                7.458833293672102e-12,
                2.0345659250134354e-09,
                6.173270771835043e-07,
                0.999999380630898
            ],
            [
                0.0,
                5.382070546704968e-11,
                1.8367279063204394e-09,
                6.923625611374273e-09,
                0.9999999911858258
            ]
        ],
        [
            [
                0.9999997476619931,
                2.521212853310386e-07,
                2.1570720385377056e-10,
                9.76864447618647e-13,
                3.7775632783784536e-14
            ],
            [
                0.9999999465687524,
                5.332754359507607e-08,
                1.0276765335824229e-10,
                8.997443035318891e-13,
                3.6849708451343085e-14
            ],
            [
                2.4755858727733412e-11,
                1.5059867821387828e-08,
                0.9999999846851759,
                1.6192588501154173e-10,
                6.827454793145573e-11
            ],
            [
                0.0,
                2.215948583046226e-12,
                2.753679809268389e-10,
                8.842186267612417e-07,
                0.9999991155037894
            ],
            [
                0.0,
                4.053255884948233e-12,
                4.917436769306244e-10,
                1.286761818299604e-07,
                0.9999998708280213
            ]
        ],
        [
            [
                0.9999991429500157,
                8.570018435244563e-07,
                4.7300966888119496e-11,
                8.165246638778053e-13,
                2.32957638560581e-14
            ],
            [
                0.9999737927260413,
                2.6207169006091086e-05,
                1.0391283422044568e-10,
                1.0397577449470413e-12,
                0.0
            ],
            [
                0.0,
                4.862536716116073e-11,
                0.9999999997932076,
                9.872744509896251e-11,
                5.943959302632108e-11
            ],
            [
                0.0,
                1.429494501927136e-11,
                1.148658560546541e-09,
                2.284503483827998e-08,
                0.9999999759920116
            ],
            [
                0.0,
                1.8019565995701612e-11,
                8.583485571919586e-10,
                7.867933298222066e-08,
                0.999999920444299
            ]
        ],
        [
            [
                0.9999994930245644,
                5.066432990957292e-07,
                3.2963645151421146e-10,
                2.450801947740555e-12,
                4.9391970470485116e-14
            ],
            [
                0.9999982126423904,
                1.7871028321309537e-06,
                2.527092279190587e-10,
                2.0260511187023182e-12,
                4.221795199317015e-14
            ],
            [
                7.33815807285195e-11,
                1.4510978413230138e-07,
                0.9999998545102968,
                2.6447101897325313e-10,
                4.206633873018537e-11
            ],
            [
                0.0,
                2.066986047846152e-11,
                4.5336582694853855e-09,
                8.200158324858404e-06,
                0.9999917952873469
            ],
            [
                0.0,
                8.251315287817434e-11,
                5.382999765178066e-09,
                1.6572057090341618e-07,
                0.9999998288139162
            ]
        ],
        [
            [
                0.9999983667537173,
                1.6331595395481287e-06,
                8.59188395824889e-11,
                7.96220661528969e-13,
                2.7974226446760502e-14
            ],
            [
                0.9999995892860503,
                4.1053568938990806e-07,
                1.7721673044484113e-10,
                9.942540345586183e-13,
                4.938019477759154e-14
            ],
            [
                0.0,
                2.633704848589762e-11,
                0.9999999990323352,
                5.910318366660408e-10,
                3.502956860826175e-10
            ],
            [
                0.0,
                2.3387556165158258e-11,
                2.0055344946614003e-09,
                1.5392431626387496e-07,
                0.9999998440467617
            ],
            [
                0.0,
                9.960483187636419e-12,
                1.0644246372111251e-09,
                2.164491800081698e-07,
                0.9999997824764348
            ]
        ],
        [
            [
                0.999999884117954,
                1.1551146783668133e-07,
                3.6572085354204784e-10,
                4.857250639446888e-12,
                0.0
            ],
            [
                0.9999998411540182,
                1.5870608098472815e-07,
                1.3880350071452847e-10,
                1.062923668132967e-12,
                3.4513656649538926e-14
            ],
            [
                0.0,
                1.4996534030704993e-10,
                0.9999999996902951,
                8.785591008100029e-11,
                7.188351187776698e-11
            ],
            [
                0.0,
                2.3520642837879866e-11,
                8.842236405590232e-09,
                1.1018455437264175e-06,
                0.9999988892886991
            ],
            [
                0.0,
                8.87394004572348e-11,
                5.131911286359512e-09,
                2.9043387453408013e-06,
                0.9999970904406039
            ]
        ],
        [
            [
                0.9999999711880693,
                2.8532148344994797e-08,
                2.764346739724982e-10,
                3.2689187533492033e-12,
                7.881802323965253e-14
            ],
            [
                0.9999994274891764,
                5.724062461573144e-07,
                1.0359916525396373e-10,
                9.484651701670407e-13,
                2.9950261654553277e-14
            ],
            [
                0.0,
                1.6701394953636192e-11,
                0.999999999792474,
                1.1045609040306766e-10,
                8.036870876823895e-11
            ],
            [
                0.0,
                4.4561607678031744e-11,
                1.426462517766668e-08,
                1.399275893822561e-07,
                0.9999998457632239
            ],
            [
                0.0,
                2.509683524502613e-11,
                7.786535818544001e-09,
                1.7525747797552443e-07,
                0.9999998169308894
            ]
        ],
        [
            [
                0.999999964119803,
                3.581614816279538e-08,
                6.348514918324411e-11,
                5.310106842892476e-13,
                3.2754999105346046e-14
            ],
            [
                0.9999997325418686,
                2.673608823398998e-07,
                9.592546821623076e-11,
                1.2969273745133695e-12,
                2.6648476394880967e-14
            ],
            [
                8.320855006943829e-11,
                1.0626162850271453e-07,
                0.9999998931748134,
                4.0466786542428437e-10,
                7.568165608754464e-11
            ],
            [
                0.0,
                1.753195593584878e-10,
                4.235760084087537e-07,
                0.0012646567579597677,
                0.9987349194907122
            ],
            [
                0.0,
                9.798412733882711e-12,
                9.055787505616959e-10,
                4.920518940810663e-08,
                0.9999999498794335
            ]
        ],
        [
            [
                0.9999999823398008,
                1.748191862637888e-08,
                1.7630442693778023e-10,
                1.937564679914645e-12,
                3.846034325440298e-14
            ],
            [
                0.9999999368162593,
                6.307091308538277e-08,
                1.1084590562715763e-10,
                1.953461681663888e-12,
                2.8177503686833534e-14
            ],
            [
                0.0,
                8.679046608032367e-11,
                0.9999999996894102,
                9.22838852083775e-11,
                1.3151531434420608e-10
            ],
            [
                0.0,
                1.4369628890869173e-11,
                1.0703490009994321e-09,
                4.516594695797559e-09,
                0.9999999943986866
            ],
            [
                0.0,
                1.801956507049644e-11,
                6.607272025640142e-10,
                1.1012131009560145e-08,
                0.9999999883091223
            ]
        ],
        [
            [
                0.9999993666501704,
                6.331278024770787e-07,
                2.195554798565497e-10,
                2.388036626963275e-12,
                8.356388723355598e-14
            ],
            [
                0.9999986220338264,
                1.3777406143050834e-06,
                2.2284929076344343e-10,
                2.672735466668925e-12,
                3.726339674612439e-14
            ],
            [
                7.104671738627284e-11,
                5.284234979109546e-08,
                0.9999999467318561,
                3.5474744657624527e-10,
                0.0
            ],
            [
                0.0,
                1.4130775618070071e-11,
                3.892322812922764e-09,
                6.446925732324905e-06,
                0.9999935491678141
            ],
            [
                0.0,
                8.138760596308183e-11,
                2.2752934274778465e-08,
                3.139228377143231e-06,
                0.999996837937301
            ]
        ],
        [
            [
                0.9999999701956646,
                2.975329037808413e-08,
                4.9683060026276024e-11,
                1.3619501217911119e-12,
                0.0
            ],
            [
                0.9999940948524022,
                5.904910872420837e-06,
                2.3428645836605734e-10,
                2.3719444814252323e-12,
                6.690220083961578e-14
            ],
            [
                0.0,
                1.532769859901564e-11,
                0.9999999997867086,
                1.3721073310868343e-10,
                6.075302417043065e-11
            ],
            [
                0.0,
                2.0387710686013122e-11,
                3.938888153939683e-09,
                4.196473216271397e-07,
                0.9999995763934025
            ],
            [
                0.0,
                6.880185804670375e-12,
                6.681982002842448e-10,
                1.5949135361595937e-06,
                0.9999984044113853
            ]
        ],
        [
            [
                0.9999999788386775,
                2.1025129411209508e-08,
                1.3431042280612574e-10,
                1.8433125120751523e-12,
                3.934792989319379e-14
            ],
            [
                0.9997780853634045,
                0.0002219144735104629,
                1.615806528189028e-10,
                1.4462807717893926e-12,
                5.811876251415892e-14
            ],
            [
                5.973588805272241e-11,
                3.1673783370741295e-08,
                0.9999999680174355,
                2.0124614772486593e-10,
                4.77991469708813e-11
            ],
            [
                0.0,
                3.313767900361813e-11,
                4.28367895523235e-09,
                2.4094375924842146e-06,
                0.9999975862455909
            ],
            [
                0.0,
                7.519456559042768e-12,
                3.9441110207490556e-10,
                3.059151726400887e-07,
                0.9999996936828968
            ]
        ],
        [
            [
                0.9999999656111377,
                3.431232076998572e-08,
                7.567847688579372e-11,
                8.630340456675036e-13,
                0.0
            ],
            [
                0.999998294004184,
                1.705488183893706e-06,
                5.039766533192352e-10,
                3.559447071567494e-12,
                9.608188203655567e-14
            ],
            [
                6.002896750418787e-11,
                3.027526161342423e-08,
                0.9999999691798344,
                4.570189825186391e-10,
                2.7855853360105265e-11
            ],
            [
                0.0,
                3.8830423999145925e-11,
                1.875953690058305e-09,
                8.85584531910345e-06,
                0.9999911422398968
            ],
            [
                0.0,
                1.0669398907645218e-11,
                1.071967087893644e-09,
                2.8500873542434222e-08,
                0.9999999704164899
            ]
        ],
        [
            [
                0.9999999986401276,
                1.3408652593022487e-09,
                1.8771401500082836e-11,
                2.1952877179777438e-13,
                1.631737680982787e-14
            ],
            [
                0.9999879595073283,
                1.204029719184324e-05,
                1.9452205995391277e-10,
                9.050956382565059e-13,
                5.289916745296585e-14
            ],
            [
                9.62562849995103e-11,
                4.040566465154838e-08,
                0.9999999592236121,
                2.2758160636791046e-10,
                4.6885625626227294e-11
            ],
            [
                0.0,
                5.369845523350811e-12,
                8.158238768979144e-10,
                7.743012794621627e-08,
                0.9999999217486784
            ],
            [
                0.0,
                6.49046886675277e-11,
                7.961706381168596e-09,
                2.473121626011232e-06,
                0.9999975188517629
            ]
        ],
        [
            [
                0.9999999774561067,
                2.248931116301368e-08,
                5.368680433915985e-11,
                8.76146794746669e-13,
                1.901457258103321e-14
            ],
            [
                0.9996864079742498,
                0.0003135918776833587,
                1.4638692436327834e-10,
                1.628999596875189e-12,
                5.097461406724755e-14
            ],
            [
                6.562797634575336e-10,
                1.1774616044272626e-05,
                0.9999882242882463,
                4.394295775948772e-10,
                0.0
            ],
            [
                0.0,
                4.7051875635954895e-12,
                6.503645013795491e-10,
                5.750709074812118e-07,
                0.9999994242740229
            ],
            [
                0.0,
                2.7545925670682666e-11,
                1.6340247357522199e-09,
                1.2396673071294037e-07,
                0.9999998743716986
            ]
        ],
        [
            [
                0.9999999380677574,
                6.186210158504393e-08,
                6.936599227268173e-11,
                7.609497432129346e-13,
                1.4142807853705734e-14
            ],
            [
                0.9999992501622932,
                7.493438822148548e-07,
                4.91340521726827e-10,
                2.410777118695152e-12,
                7.347600467892733e-14
            ],
            [
                0.0,
                2.3955161806194456e-10,
                0.9999999992330202,
                3.268934641533979e-10,
                2.0053461178004244e-10
            ],
            [
                0.0,
                1.9040939711845592e-12,
                3.367385751482811e-10,
                5.53170779201073e-08,
                0.9999999443442795
            ],
            [
                0.0,
                1.3434059102044577e-11,
                2.9251126316648565e-09,
                4.992975604599476e-06,
                0.9999950040858487
            ]
        ],
        [
            [
                0.9999999171516953,
                8.261501729536812e-08,
                2.3041849289160255e-10,
                2.7848722440583242e-12,
                8.402178272418968e-14
            ],
            [
                0.9999986134395594,
                1.3864054185681733e-06,
                1.5419663658990408e-10,
                8.252944609478888e-13,
                0.0
            ],
            [
                1.505709598535461e-10,
                4.3963606610430354e-07,
                0.9999995595289769,
                5.957275977994793e-10,
                8.865837091813947e-11
            ],
            [
                0.0,
                2.832161045706941e-12,
                4.983075717589243e-10,
                3.5331712684455563e-07,
                0.9999996461817334
            ],
            [
                0.0,
                1.3710524074634465e-11,
                1.0129300550463166e-09,
                7.841281281614636e-08,
                0.9999999205605467
            ]
        ],
        [
            [
                0.9999999187411003,
                8.115133961042697e-08,
                1.0640384403634323e-10,
                1.1238924424519995e-12,
                3.230166161973733e-14
            ],
            [
                0.9999990269903726,
                9.72722180481014e-07,
                2.84813358953178e-10,
                2.63359797106101e-12,
                0.0
            ],
            [
                1.2985598763932546e-10,
                1.5374723848446838e-07,
                0.9999998456162359,
                5.066695815377008e-10,
                0.0
            ],
            [
                0.0,
                1.7893103252979178e-09,
                2.968255466407052e-06,
                0.42747598295235384,
                0.5725210470028695
            ],
            [
                0.0,
                8.513901975020057e-12,
                2.793360062850627e-10,
                6.683489727271134e-09,
                0.9999999930286603
            ]
        ],
        [
            [
                0.9999999650338683,
                3.452297957619249e-08,
                4.404247163546896e-10,
                2.669260767633915e-12,
                5.823638363017862e-14
            ],
            [
                0.9998101250058252,
                0.00018987487851759337,
                1.1429081686073026e-10,
                1.2690243884117664e-12,
                9.739374778169627e-14
            ],
            [
                0.0,
                1.0399383324741173e-08,
                0.9999999893718455,
                1.3946881404996909e-10,
                8.930226829336801e-11
            ],
            [
                0.0,
                1.843964079057788e-11,
                4.795983518288745e-09,
                4.478165589326136e-07,
                0.9999995473690179
            ],
            [
                0.0,
                1.307419188804452e-11,
                1.458585844125817e-09,
                1.2879349783543184e-06,
                0.9999987105933617
            ]
        ],
        [
            [
                0.9999994990521707,
                5.008185745447707e-07,
                1.2851214077817099e-10,
                7.133913768813208e-13,
                2.9301194980563576e-14
            ],
            [
                0.9999997236506561,
                2.762506146615422e-07,
                9.729678989526198e-11,
                1.378587961508894e-12,
                5.369399240583169e-14
            ],
            [
                0.0,
                4.430363551064781e-11,
                0.9999999996791502,
                1.9392489199806566e-10,
                8.262134900208676e-11
            ],
            [
                0.0,
                7.596652320309366e-12,
                6.404867201256884e-10,
                3.154727510172237e-09,
                0.999999996197189
            ],
            [
                0.0,
                4.49587380416434e-12,
                2.072699580999489e-10,
                4.903888480038254e-08,
                0.9999999507493493
            ]
        ],
        [
            [
                0.9999999279462585,
                7.202168720623705e-08,
                3.136616840728737e-11,
                6.689075079027788e-13,
                1.9168386268413043e-14
            ],
            [
                0.9999997464059486,
