{
    "[['A', 'B', 'C', 'D', 'E'], ['A', 'B', 'C', 'D', 'E']]": [
        [
            [
                0.9999999779491013,
                2.1776734717772303e-08,
                2.7237796530679485e-10,
                1.6616770326529481e-12,
                1.2417566424721942e-13
            ],
            [
                0.9999988861608199,
                1.1133579559471633e-06,
                4.734738563744669e-10,
                7.469183071039292e-12,
                2.811529439368029e-13
            ],
            [
                0.0,
                2.793682260717746e-12,
                0.9999999999303764,
                2.716209074558978e-11,
                3.9667797048722416e-11
            ],
            [
                0.0,
                2.41918484944312e-11,
                2.1984821551209636e-08,
                1.7812147843357613e-07,
                0.9999997998695082
            ],
            [
                0.0,
                7.58187292043948e-12,
                2.261024459725602e-09,
                2.468169931072618e-07,
                0.9999997509144005
            ]
        ],
        [
            [
                0.9999999789538019,
                2.0796594626007343e-08,
                2.463998679427102e-10,
                3.1300649298281544e-12,
                7.341408797028672e-14
            ],
            [
                0.9999995934392293,
                4.054507052814297e-07,
                1.0996823748691955e-09,
                1.0126507633757979e-11,
                2.563850455639873e-13
            ],
            [
                0.0,
                4.481401277265288e-10,
                0.9999999985572567,
                6.108070926154195e-10,
                3.837959395858029e-10
            ],
            [
                0.0,
                1.190257550919149e-11,
                2.266594646210547e-09,
                6.939362244851368e-08,
                0.9999999283278803
            ],
            [
                0.0,
                9.25118852902891e-12,
                2.612035800188886e-09,
                6.925937001404125e-09,
                0.999999990452776
            ]
        ],
        [
            [
                0.9999999679195503,
                3.175471912267558e-08,
                3.244466911045694e-10,
                1.075391547948516e-12,
                2.0853500758610016e-13
            ],
            [
                0.9999987338192452,
                1.262399102320219e-06,
                3.763541989016831e-09,
                1.7462730711456277e-11,
                6.476920922104039e-13
            ],
            [
                0.0,
                5.213736307829509e-11,
                0.9999999996521074,
                1.511709404222419e-10,
                1.4458437072803488e-10
            ],
            [
                0.0,
                1.986422540864994e-10,
                5.686438623784556e-07,
                4.452028689532617e-07,
                0.9999989859546264
            ],
            [
                0.0,
                1.9226624792461948e-12,
                9.110998555844737e-11,
                1.782555376462727e-09,
                0.9999999981244119
            ]
        ],
        [
            [
                0.9999998183355923,
                1.803349367409677e-07,
                1.321492935886053e-09,
                7.667896219409221e-12,
                3.100609144785937e-13
            ],
            [
                0.9999999211606596,
                7.8380215436143e-08,
                4.5011298738490535e-10,
                8.752870922660652e-12,
                2.589811045139444e-13
            ],
            [
                0.0,
                0.0,
                0.9999999998523519,
                5.7629951986199e-11,
                9.001812691700566e-11
            ],
            [
                0.0,
                1.0127344447720736e-10,
                2.147824776905245e-08,
                9.42141366125264e-05,
                0.9999057642838662
            ],
            [
                0.0,
                2.8331226755683077e-12,
                1.1506841461057718e-10,
                2.250106745124539e-08,
                0.999999977381031
            ]
        ],
        [
            [
                0.9999999694828223,
                3.011055918876572e-08,
                4.0422890781605263e-10,
                2.3030092960143214e-12,
                8.668974134826423e-14
            ],
            [
                0.20236742947134215,
                0.7976325677917437,
                2.714233294809923e-09,
                2.1752415376939223e-11,
                9.284929329808059e-13
            ],
            [
                1.4837744764642571e-10,
                5.97163906479535e-08,
                0.9999999395707746,
                5.644572758746943e-10,
                0.0
            ],
            [
                0.0,
                4.2671290219923945e-11,
                4.173299195558429e-08,
                1.6664978867536287e-07,
                0.9999997915745481
            ],
            [
                0.0,
                8.500418086346242e-12,
                4.2953356294928285e-10,
                4.8561464009541836e-09,
                0.9999999947058196
            ]
        ],
        [
            [
                0.9999998816584853,
                1.1741076469917508e-07,
                9.186052804467495e-10,
                1.1931806023813399e-11,
                2.1298368989274682e-13
            ],
            [
                0.9999994248242262,
                5.749974228255731e-07,
                1.752553659018364e-10,
                2.991495214252693e-12,
                1.0415038815049989e-13
            ],
            [
                0.0,
                3.825350637173088e-11,
                0.9999999986636212,
                9.520099018890482e-10,
                3.461155789692379e-10
            ],
            [
                0.0,
                5.39843521149408e-12,
                7.791512095150901e-09,
                1.5416619905084575e-08,
                0.9999999767864697
            ],
            [
                0.0,
                5.571074974258417e-12,
                7.469817753329734e-10,
                2.4974187409415193e-07,
                0.9999997495055731
            ]
        ],
        [
            [
                0.9999998478008404,
                1.519938571632381e-07,
                2.0404758700205238e-10,
                1.170273626063079e-12,
                8.466445634163673e-14
            ],
            [
                0.9999987119377207,
                1.2866483956354486e-06,
                1.3969225566473334e-09,
                1.6328329940372972e-11,
                6.326255589486665e-13
            ],
            [
                0.0,
                6.75838456710751e-11,
                0.9999999993268012,
                3.095490541016115e-10,
                2.9606584858298384e-10
            ],
            [
                0.0,
                1.771537805281908e-11,
                2.0965810407710348e-09,
                5.271591050774644e-08,
                0.9999999451697931
            ],
            [
                0.0,
                1.855929089948351e-11,
                4.5855948319918e-09,
                7.657252907112317e-09,
                0.9999999877385929
            ]
        ],
        [
            [
                0.9999999797400851,
                1.9844097838169343e-08,
                4.115181754661701e-10,
                4.216729414131853e-12,
                8.230491983248084e-14
            ],
            [
                0.9999960411635013,
                3.957094322444787e-06,
                1.7308651008232001e-09,
                1.098895010080838e-11,
                3.221682670085049e-13
            ],
            [
                0.0,
                0.0,
                0.999999999810876,
                5.7378673733821367e-11,
                1.317452897286846e-10
            ],
            [
                0.0,
                4.8811094110498284e-12,
                1.7358639947349746e-09,
                7.001205128766461e-09,
                0.9999999912580498
            ],
            [
                0.0,
                2.8093827210878332e-11,
                3.0198023291095646e-09,
                4.147691060455835e-08,
                0.9999999554751933
            ]
        ],
        [
            [
                0.9999992160790785,
                7.834729863181303e-07,
                4.4060203887689376e-10,
                7.152788358069761e-12,
                1.8033060155552056e-13
            ],
            [
                0.9999998142396905,
                1.8480874742385985e-07,
                9.373254918754462e-10,
                1.3956295321060532e-11,
                2.8031765309677395e-13
            ],
            [
                0.0,
                0.0,
                0.9999999998030953,
                1.3751622503633235e-10,
                5.938848422836919e-11
            ],
            [
                0.0,
                2.2624338913385922e-10,
                2.602894889690556e-07,
                0.000361459785754222,
                0.9996382796985134
            ],
            [
                0.0,
                1.0147698877636716e-11,
                9.624311627599096e-10,
                3.78472899365199e-08,
                0.9999999611801313
            ]
        ],
        [
            [
                0.999999990055617,
                9.244711466200467e-09,
                6.9506805991394e-10,
                4.508394021666295e-12,
                9.511222525779668e-14
            ],
            [
                0.9999999140493738,
                8.475051246751786e-08,
                1.1949469151506814e-09,
                5.02198108305751e-12,
                1.4476683151581733e-13
            ],
            [
                3.2903740798125533e-07,
                0.9999995921225578,
                7.880774889573537e-08,
                2.8535699572836366e-11,
                3.749585955233883e-12
            ],
            [
                0.0,
                6.340298749322591e-11,
                1.7790375736542157e-06,
                2.4843312244520723e-06,
                0.9999957365677989
            ],
            [
                0.0,
                3.5049448778013443e-12,
                2.51118815948117e-10,
                8.567329507931177e-09,
                0.9999999911780467
            ]
        ],
        [
            [
                0.9999999365000507,
                6.286817621177807e-08,
                6.272845089271429e-10,
                4.2574120522349036e-12,
                2.312388087551915e-13
            ],
            [
                0.9999996597328037,
                3.392216358940876e-07,
                1.0404338316939385e-09,
                4.661142071881221e-12,
                4.654325734709065e-13
            ],
            [
                0.0,
                0.0,
                0.9999999999028626,
                3.7437705795844176e-11,
                5.969989666039471e-11
            ],
            [
                0.0,
                2.4903476464746105e-11,
                2.4850419013254218e-08,
                7.711222584787959e-06,
                0.9999922639020927
            ],
            [
                0.0,
                4.2275288334366295e-12,
                2.9852341766083596e-10,
                7.868593633631924e-08,
                0.9999999210113126
            ]
        ],
        [
            [
                0.99999996995655,
                2.9783098989326734e-08,
                2.586546811607919e-10,
                1.6469071034114714e-12,
                4.934375967326446e-14
            ],
            [
                0.999999907640748,
                9.162212251247082e-08,
                7.283861983224452e-10,
                8.13856993395792e-12,
                6.048241582090389e-13
            ],
            [
                0.0,
                8.519591903742222e-11,
                0.9999999993144992,
                3.6592808524460273e-10,
                2.343767295549075e-10
            ],
            [
                0.0,
                2.1141324572787619e-10,
                1.1460238920184058e-07,
                7.364211419990653e-05,
                0.9999262430719977
            ],
            [
                0.0,
                3.865881097424432e-12,
                9.343565463147917e-11,
                9.553336606417748e-09,
                0.9999999903493618
            ]
        ],
        [
            [
                0.999999967511251,
                2.988683787788993e-08,
                2.5936521589536187e-09,
                8.110938792613267e-12,
                1.4840154821921743e-13
            ],
            [
                0.999997388656916,
                2.607475275860166e-06,
                3.857652183951213e-09,
                9.685569910293811e-12,
                4.703919902645078e-13
            ],
            [
                0.0,
                5.963969057517704e-11,
                0.9999999995876636,
                1.4715537866672907e-10,
                2.055412965116591e-10
            ],
            [
                0.0,
                5.000267637683527e-11,
                1.847350745479799e-07,
                2.0767846867062864e-07,
                0.999999607536454
            ],
            [
                0.0,
                1.2754579654315393e-11,
                7.778545123512797e-10,
                2.7924199626019297e-08,
                0.9999999712851911
            ]
        ],
        [
            [
                0.9999999283057694,
                7.137620850998082e-08,
                3.1521998706580123e-10,
                2.601029909067291e-12,
                2.0094667924965834e-13
            ],
            [
                0.9999969907029416,
                3.0086392269972217e-06,
                6.526758443462949e-10,
                4.811019843658526e-12,
                3.4467098666708395e-13
            ],
            [
                0.0,
                3.2689126122705837e-12,
                0.9999999999080629,
                3.216577544143997e-11,
                5.6502461743103924e-11
            ],
            [
                0.0,
                3.18898593164533e-10,
                4.6848245951441516e-08,
                2.1762619891128272e-06,
                0.9999977765708663
            ],
            [
                0.0,
                1.755962220879349e-11,
                2.0508165482015343e-09,
                3.3842590583823384e-08,
                0.9999999640890334
            ]
        ],
        [
            [
                0.9999999751228152,
                2.458171046797312e-08,
                2.9326470793803004e-10,
                2.0978939558959167e-12,
                1.1160669636637152e-13
            ],
            [
                0.9999954225973529,
                4.5754540397096e-06,
                1.9402450546510785e-09,
                7.694148888518108e-12,
                6.682634557705327e-13
            ],
            [
                0.0,
                1.5150050148433096e-11,
                0.9999999990981674,
                5.520466648528148e-10,
                3.3463594506430194e-10
            ],
            [
                0.0,
                3.444139167503702e-10,
                7.719073236242398e-06,
                7.891589872749856e-06,
                0.9999843889924771
            ],
            [
                0.0,
                2.1595696932281252e-11,
                4.011583495902464e-09,
                1.2676535979724476e-05,
                0.999987319430841
            ]
        ],
        [
            [
                0.9999998984379465,
                9.992528692335699e-08,
                1.6303015041487631e-09,
                6.2780930777709615e-12,
                1.870469204098762e-13
            ],
            [
                0.9999995522996408,
                4.465341977787628e-07,
                1.1627529575880852e-09,
                2.9119653411769183e-12,
                4.966368453995526e-13
            ],
            [
                0.0,
                6.420057864225002e-10,
                0.9999999984473762,
                6.143063188218745e-10,
                2.9631159510025223e-10
            ],
            [
                0.0,
                8.95268773102911e-11,
                3.147426959555523e-06,
                1.6036996678025413e-05,
                0.9999808154868355
            ],
            [
                0.0,
                3.6179147404950196e-12,
                1.0013309372424327e-10,
                3.4827193472681483e-09,
                0.9999999964135295
            ]
        ],
        [
            [
                0.9999991328250782,
                8.651933092913597e-07,
                1.961783543326811e-09,
                1.9467970261651716e-11,
                3.6090494703021656e-13
            ],
            [
                0.9999250931491084,
                7.490345525792035e-05,
                3.366295810116882e-09,
                2.8963736183061116e-11,
                3.742609998099247e-13
            ],
            [
                0.0,
                5.515685541498236e-11,
                0.9999999995730049,
                1.766231692430304e-10,
                1.952152469962664e-10
            ],
            [
                0.0,
                6.301369631466993e-11,
                3.975549258061227e-08,
                7.019470937080594e-05,
                0.9999297654721229
            ],
            [
                0.0,
                5.6130345711636334e-12,
                1.5894818696259375e-10,
                5.526909218386684e-08,
                0.9999999445663466
            ]
        ],
        [
            [
                0.9999999802736572,
                1.940649516702305e-08,
                3.148246018037326e-10,
                4.840732334566281e-12,
                1.8222012451007825e-13
            ],
            [
                0.9999995930485942,
                4.0545070512304634e-07,
                1.486072039034138e-09,
                1.4122018324438992e-11,
                5.064716949340308e-13
            ],
            [
                0.0,
                1.4438031220337441e-08,
                0.9999999848137995,
                5.948271938722146e-10,
                1.533419777474914e-10
            ],
            [
                0.0,
                0.0,
                1.1948421204798908e-09,
                0.00010662185534016773,
                0.9998933769498177
            ],
            [
                0.0,
                1.7588474389867235e-12,
                1.5601544046797156e-10,
                4.46858342216348e-09,
                0.9999999953736423
            ]
        ],
        [
            [
                0.999999970775562,
                2.6433159464402665e-08,
                2.7786049194969124e-09,
                1.2321673137840103e-11,
                3.5183992505805734e-13
            ],
            [
                0.9999999018170151,
                9.734892020123599e-08,
                8.274029948805697e-10,
                6.091067585717945e-12,
                5.70686443453264e-13
            ],
            [
                0.0,
                5.5530959064742495e-11,
                0.9999999993630477,
                4.4524844429389075e-10,
                1.3617281621805037e-10
            ],
            [
                0.0,
                4.718441813263359e-09,
                0.0005567210205423668,
                0.01571714428115774,
                0.9837261299798581
            ],
            [
                0.0,
                8.116184775654832e-12,
                2.796761207999557e-10,
                5.368555342306604e-08,
                0.9999999460266542
            ]
        ],
        [
            [
                0.9999999475881897,
                5.1666227501072574e-08,
                7.425851196281206e-10,
                2.9102271790100284e-12,
                8.766093443561848e-14
            ],
            [
                0.9999994102675579,
                5.886493649759762e-07,
                1.074150952057548e-09,
                8.507295388162819e-12,
                4.187249593124436e-13
            ],
            [
                0.0,
                9.83153987351356e-10,
                0.9999999981934822,
                5.790654306691754e-10,
                2.4429824934720864e-10
            ],
            [
                0.0,
                8.235340766415186e-11,
                6.756020025412002e-07,
                2.1798167246893023e-07,
                0.9999991063339716
            ],
            [
                0.0,
                5.3984352997526935e-12,
                1.002034529013132e-09,
                5.857172618861068e-09,
                0.9999999931353944
            ]
        ],
        [
            [
                0.9999998933800422,
                1.0645840813487218e-07,
                1.5714794130104754e-10,
                4.254992686365074e-12,
                1.4661584498488613e-13
            ],
            [
                0.9999938572018297,
                6.141148902845005e-06,
                1.6288842268899983e-09,
                1.9726818250765177e-11,
                6.565154052847165e-13
            ],
            [
                0.0,
                3.551363780303248e-12,
                0.9999999998600106,
                5.27143247327877e-11,
                8.37237153984473e-11
            ],
            [
                0.0,
                1.89272906939448e-11,
                7.30070959092243e-09,
                1.0128031436158977e-06,
                0.9999989798772195
            ],
            [
                0.0,
                1.3450493946519741e-11,
                5.131931236116943e-09,
                8.991204926788122e-08,
                0.999999904942569
            ]
        ],
        [
            [
                0.9999999812743946,
                1.7968111660940786e-08,
                7.540705803140031e-10,
                3.3055534639809944e-12,
                1.1768741126804112e-13
            ],
            [
                0.9999970018554682,
                2.997681467501376e-06,
                4.598599174797616e-10,
                2.9717896059370597e-12,
                2.325657435297908e-13
            ],
            [
                0.0,
                1.4817062917142767e-11,
                0.9999999997885942,
                9.445828058343684e-11,
                1.0213044173327085e-10
            ],
            [
                0.0,
                2.656793801737404e-10,
                3.5210333671805093e-06,
                1.6263238962563449e-06,
                0.9999948523770573
            ],
            [
                0.0,
                9.514008406511742e-12,
                1.0813064884389881e-09,
                1.0832728063660006e-07,
                0.9999998905818989
            ]
        ],
        [
            [
                0.9999999590516614,
                4.031521150646028e-08,
                6.299365868188239e-10,
                3.067896770789075e-12,
                1.22466139741311e-13
            ],
            [
                0.9999995301955564,
                4.6784288339491684e-07,
                1.954940596594791e-09,
                6.37799253623932e-12,
                2.4154292478345924e-13
            ],
            [
                1.6363646811373978e-08,
                0.9798684340229626,
                0.020131549432029355,
                1.813611831992785e-10,
                0.0
            ],
            [
                0.0,
                2.001503022261751e-09,
                5.375490104476816e-07,
                0.011775172952003471,
                0.988224287497483
            ],
            [
                0.0,
                1.8246689298440613e-11,
                2.64670985510599e-09,
                1.4739591402272522e-07,
                0.9999998499391294
            ]
        ],
        [
            [
                0.9999998845499216,
                1.1481899105696573e-07,
                6.240242760526608e-10,
                6.803727012171568e-12,
                2.5920347571112636e-13
            ],
            [
                0.9999985441001694,
                1.4550216257827773e-06,
                8.657755454185657e-10,
                1.2120397824656987e-11,
                3.089015635667984e-13
            ],
            [
                0.0,
                4.544395207060795e-12,
                0.9999999999369444,
                3.393892045768734e-11,
                2.4572438783778266e-11
            ],
            [
                0.0,
                5.4166705455992534e-12,
                5.33309497529031e-10,
                1.47675132330776e-08,
                0.9999999846937606
            ],
            [
                0.0,
                1.3552832471569425e-11,
                2.140760188484227e-09,
                4.321002017926683e-08,
                0.9999999546356669
            ]
        ],
        [
            [
                0.9999999950422702,
                4.775044597492745e-09,
                1.7971521092268734e-10,
                2.912665146742356e-12,
                5.745513612991986e-14
            ],
            [
                0.999998643876766,
                1.3533996651585466e-06,
                2.687661398839259e-09,
                3.537580692996863e-11,
                5.317069446700427e-13
            ],
            [
                0.0,
                1.079360744829479e-10,
                0.9999999971276345,
                1.95683570185167e-09,
                8.075936191226535e-10
            ],
            [
                0.0,
                3.4698640437103055e-12,
                5.71968795953239e-10,
                3.248284464686617e-08,
                0.9999999669417168
            ],
            [
                0.0,
                6.537357643846784e-11,
                7.0427376272264915e-09,
                1.4235875858894977e-07,
                0.9999998505331303
            ]
        ],
        [
            [
                0.9999999756599417,
                2.3874175883014998e-08,
                4.628570869309883e-10,
                2.881000085073243e-12,
                1.4431827097832064e-13
            ],
            [
                0.999991091466869,
                8.907616122388742e-06,
                9.140157964063375e-10,
                2.68278681081491e-12,
                3.100277905449285e-13
            ],
            [
                0.0,
                2.5152256305002846e-09,
                0.9999999968103528,
                5.128366752018008e-10,
                1.61584968088245e-10
            ],
            [
                0.0,
                4.342369449714288e-11,
                1.8607027877564423e-08,
                2.1827416599431454e-07,
                0.9999997630753824
            ],
            [
                0.0,
                4.97304378849826e-12,
                3.543126439864978e-10,
                2.8589170543347315e-07,
                0.9999997137490088
            ]
        ],
        [
            [
                0.9999999419561834,
                5.7395067069648896e-08,
                6.411931777001766e-10,
                7.379756977213315e-12,
                1.7651815040670269e-13
            ],
            [
                0.999999721087486,
                2.7727338342789514e-07,
                1.6288933901499678e-09,
                9.903518762116193e-12,
                3.337856925598278e-13
            ],
            [
                0.0,
                5.7764431254794914e-11,
                0.9999999975558884,
                1.5704704030237188e-09,
                8.158767492615806e-10
            ],
            [
                0.0,
                4.199074771170194e-11,
                2.586480555302172e-08,
                5.415648813289471e-08,
                0.9999999199367156
            ],
            [
                0.0,
                8.028409943756446e-12,
                8.286491100634233e-10,
                7.24573650058488e-08,
                0.9999999267059575
            ]
        ],
        [
            [
                0.9999993055261961,
                6.941596178972175e-07,
                3.112119956531016e-10,
                2.846105248935155e-12,
                1.280556191167556e-13
            ],
            [
                0.9999865093770968,
                1.3489213312030985e-05,
                1.391991388803899e-09,
                1.724355427754602e-11,
                3.5630113856350643e-13
            ],
            [
                0.0,
                7.186486773171103e-11,
                0.9999999993641846,
                3.700255018049553e-10,
                1.93924891936986e-10
            ],
            [
                0.0,
                4.0537627200394464e-10,
                1.2635873482881294e-05,
                3.306891159405313e-06,
                0.9999840568299814
            ],
            [
                0.0,
                1.5469911486876834e-11,
                2.7837558527031512e-09,
                1.1334275864945562e-07,
                0.9999998838580156
            ]
        ],
        [
            [
                0.9999999398756584,
                5.989365380495645e-08,
                2.2634613767827258e-10,
                4.156544998208511e-12,
                1.8508086296296232e-13
            ],
            [
                0.9998673367034496,
                0.0001326608971393111,
                2.3712333052018424e-09,
                2.776175987746456e-11,
                4.159175628503228e-13
            ],
            [
                0.0,
                2.9660280037348446e-10,
                0.9999999983555918,
                1.0967394157383047e-09,
                2.5106613645250686e-10
            ],
            [
                0.0,
                1.4309208955222078e-08,
                0.344699613619162,
                0.0043175331342543526,
                0.6509828389373747
            ],
            [
                0.0,
                1.6101449133990688e-11,
                2.1561804996429426e-09,
                2.1087701600632655e-08,
                0.9999999767400164
            ]
        ],
        [
            [
                0.9999999238388589,
                7.601088718867344e-08,
                1.483536745849893e-10,
                1.8123099447537164e-12,
                8.784254262456206e-14
            ],
            [
                0.9999912845798216,
                8.714882372812239e-06,
                5.3348753964553e-10,
                4.112635280486427e-12,
                2.053630717976377e-13
            ],
            [
                0.0,
                5.65463410983638e-11,
                0.9999999995432098,
                1.7581281152199883e-10,
                2.2443095562265106e-10
            ],
            [
                0.0,
                5.943199602532606e-11,
                2.5421565189535084e-06,
                1.0685285326501107e-07,
                0.9999973509311958
            ],
            [
                0.0,
                6.602566600855113e-12,
                6.60727233276333e-10,
                2.0295953514519727e-07,
                0.9999997963731351
            ]
        ],
        [
            [
                0.999999982066475,
                1.667481023199575e-08,
                1.2512883705634776e-09,
                7.25853002714749e-12,
                1.6777845748683124e-13
            ],
            [
                0.9942122172916475,
                0.005787779198791709,
                3.482367335954606e-09,
                2.6705811881395493e-11,
                4.876593755796094e-13
            ],
            [
                6.5077432421425124e-09,
                0.6242988816672528,
                0.3757011081545298,
                3.6704741344420894e-09,
                0.0
            ],
            [
                0.0,
                5.891856207513619e-11,
                1.7902790006116864e-06,
                5.205464582065874e-07,
                0.9999976891156226
            ],
            [
                0.0,
                5.016074231358144e-12,
                3.236938298967489e-10,
                2.4083737956501353e-08,
                0.999999975587552
            ]
        ],
        [
            [
                0.9999999409474655,
                5.77298208051594e-08,
                1.3183760263449538e-09,
                4.202854217116433e-12,
                1.3484334640874556e-13
            ],
            [
                0.9999957256884836,
                4.273770052586158e-06,
                5.38141647401723e-10,
                3.1822381741196655e-12,
                1.3992983843704003e-13
            ],
            [
                0.0,
                1.916084801979685e-11,
                0.9999999998912013,
                5.385253834901961e-11,
                3.578529850599122e-11
            ],
            [
                0.0,
                3.0539917446344044e-11,
                2.6467099962437996e-09,
                9.405787065298151e-08,
                0.9999999032648794
            ],
            [
                0.0,
                7.237986161670201e-12,
                2.0792765921773986e-10,
                1.3635547397856422e-07,
                0.9999998634293604
            ]
        ],
        [
            [
                0.9999998264729483,
                1.7297150178367407e-07,
                5.476450646460124e-10,
                7.689483465760922e-12,
                2.1563076508722272e-13
            ],
            [
                0.9999997769589242,
                2.2136710666979047e-07,
                1.6632111579923333e-09,
                1.0341609868618878e-11,
                4.1636998909728255e-13
            ],
            [
                0.0,
                1.0171131881117838e-10,
                0.999999999594475,
                1.1879447086467577e-10,
                1.8501901438648004e-10
            ],
            [
                0.0,
                1.0742794217597549e-10,
                2.5017391645324912e-08,
                3.793725574165342e-05,
                0.9999620376194388
            ],
            [
                0.0,
                2.0930418841522926e-12,
                1.9913349603716343e-10,
                1.1998348848366258e-08,
                0.9999999878004245
            ]
        ],
        [
            [
                0.9999996588474901,
                3.3825669532904635e-07,
                2.8771386600046062e-09,
                1.7908414839668812e-11,
                7.673451654054611e-13
            ],
            [
                0.9999999305522963,
                6.86760087009866e-08,
                7.639874620423214e-10,
                7.342635118536967e-12,
                3.648034795361499e-13
            ],
            [
                0.0,
                1.7920006817579048e-10,
                0.9999999993103985,
                3.056038497821378e-10,
                2.0479777059280656e-10
            ],
            [
                0.0,
                2.138388159278266e-10,
                1.4408205027240648e-05,
                2.668985070204077e-07,
                0.9999853246826268
            ],
            [
                0.0,
                3.9896091819945435e-12,
                3.862310397139306e-10,
                3.424327980535743e-08,
                0.9999999653664996
            ]
        ],
        [
            [
                0.9999999585797185,
                4.0315211487433797e-08,
                1.0999445990993054e-09,
                4.999721466932893e-12,
                1.2575544366570942e-13
            ],
            [
                0.9999842331991541,
                1.5764848973147706e-05,
                1.941851865307621e-09,
                9.791164274111904e-12,
                2.2973617288983197e-13
            ],
            [
                0.0,
                5.990015452081258e-12,
                0.9999999998652067,
                8.33979438393425e-11,
                4.540533346120284e-11
            ],
            [
                0.0,
                7.725843680873654e-11,
                5.394236517507875e-08,
                1.3932778108161017e-06,
                0.9999985527025655
            ],
            [
                0.0,
                4.676280040987987e-12,
                2.3675307049299764e-10,
                1.6137453751502252e-07,
                0.9999998383840332
            ]
        ],
        [
            [
                0.9999999528042189,
                4.618557374074033e-08,
                1.0056282948854145e-09,
                4.395472925180577e-12,
                1.8370884741775283e-13
            ],
            [
                0.9999994294246817,
                5.69627342395161e-07,
                9.353038527316828e-10,
                1.2261235072564357e-11,
                4.1084936804527403e-13
            ],
            [
                0.0,
                1.17040432527522e-10,
                0.9999999995374904,
                1.7657096025078834e-10,
                1.688983191980239e-10
            ],
            [
                0.0,
                9.325489192970062e-12,
                1.9671426188329724e-08,
                1.8401476651994228e-08,
                0.9999999619177716
            ],
            [
                0.0,
                5.1104727892581475e-12,
                1.2058146139085478e-10,
                3.7013315718324464e-08,
                0.9999999628609924
            ]
        ],
        [
            [
                0.9999998022813059,
                1.9705122254248378e-07,
                6.597525332418414e-10,
                7.512088188029127e-12,
                2.0698047669417483e-13
            ],
            [
                0.999999598573887,
                3.979530336059018e-07,
                3.449979122662389e-09,
                2.1768519995580078e-11,
                1.3318985525352609e-12
            ],
            [
                0.0,
                4.328776679737243e-10,
                0.9999999986427741,
                3.9623958438250795e-10,
                5.281086204519342e-10
            ],
            [
                0.0,
                6.689588297253219e-12,
                1.8551487841317298e-09,
                3.184217736393621e-08,
                0.9999999662959842
            ],
            [
                0.0,
                2.768464934298597e-12,
                1.0854552163078991e-10,
                5.6768797454042985e-09,
                0.9999999942118063
            ]
        ],
        [
            [
                0.9999999801032724,
                1.9011802023673275e-08,
                8.805592604436649e-10,
                4.257728436497164e-12,
                1.0870405823506715e-13
            ],
            [
                0.9999995432016358,
                4.563046010819603e-07,
                4.913405485642252e-10,
