{
    "[['A', 'B', 'C', 'D', 'E'], ['A', 'B', 'C', 'D', 'E']]": [
        [
            [
                0.9999999118515521,
                7.966039619823007e-08,
                6.440420744228866e-09,
                1.4330996122451546e-09,
                6.145313457542829e-10
            ],
            [
                0.9999982472322627,
                1.7178666125003014e-06,
                3.065534281746751e-08,
                3.894736556766628e-09,
                3.5104548057575154e-10
            ],
            [
                0.0,
                0.0,
                0.9999999998626707,
                3.3680265638927596e-11,
                1.0364916759517831e-10
            ],
            [
                0.9999992229072803,
                7.232988593145224e-07,
                2.8503539839469324e-08,
                1.1609319981462503e-08,
                1.3681000579570984e-08
            ],
            [
                0.9999995591372359,
                3.5748022422762466e-07,
                3.3251506386037695e-08,
                2.608208847968203e-08,
                2.4048945014976656e-08
            ]
        ],
        [
            [
                0.9999997804591774,
                1.8238446139054413e-07,
                2.6418543775448955e-08,
                5.8022992368457395e-09,
                4.9355182833194974e-09
            ],
            [
                0.9999947002665363,
                5.218564619551874e-06,
                7.13021798564752e-08,
                8.03168372359199e-09,
                1.8349805171373474e-09
            ],
            [
                0.0,
                1.027850530588192e-11,
                0.9999999980839882,
                3.0493251214503816e-10,
                1.6008007842684505e-09
            ],
            [
                0.9999884097708105,
                1.1547986004230262e-05,
                3.6694328058275254e-08,
                4.807009653973414e-09,
                7.418475769626698e-10
            ],
            [
                0.9999996996270948,
                2.831990144115047e-07,
                1.0623077663140458e-08,
                5.0500944518423406e-09,
                1.500718685238725e-09
            ]
        ],
        [
            [
                0.9999997418815583,
                2.1943629271670317e-07,
                3.103575184935033e-08,
                4.926639504950826e-09,
                2.7197577396725064e-09
            ],
            [
                0.9999905608624544,
                9.271973132752182e-06,
                1.3550159318118993e-07,
                2.4506199820586572e-08,
                7.156619787201433e-09
            ],
            [
                0.0,
                0.0,
                0.9999999997029023,
                6.36252839684544e-11,
                2.3347233276079394e-10
            ],
            [
                0.9999931865834006,
                6.7123655816723e-06,
                5.820324868230839e-08,
                2.5029276856787753e-08,
                1.7818492032048487e-08
            ],
            [
                0.999997422199152,
                2.5504032738410543e-06,
                1.545241877423022e-08,
                8.083137387360294e-09,
                3.862018009311895e-09
            ]
        ],
        [
            [
                0.9999998932715479,
                9.508784882526412e-08,
                5.9965404996271084e-09,
                3.3477784525256514e-09,
                2.2962844357340366e-09
            ],
            [
                0.000348546613002811,
                0.9996414213963516,
                9.987803611538365e-06,
                4.201420340749363e-08,
                2.1728305804118573e-09
            ],
            [
                0.0,
                4.22928684283113e-12,
                0.9999999997741018,
                4.2665592079031067e-11,
                1.7900330129100973e-10
            ],
            [
                0.999997245943357,
                2.5750212785946347e-06,
                1.5980948956573045e-07,
                1.5331873787579887e-08,
                3.8940010073618705e-09
            ],
            [
                0.9999996497413437,
                2.3553508882503304e-07,
                1.3729307500863005e-08,
                1.9196616604680615e-08,
                8.179764341100559e-08
            ]
        ],
        [
            [
                0.9999998891227044,
                9.113445783913745e-08,
                1.6949099368575922e-08,
                2.0705986325790877e-09,
                7.231397750064168e-10
            ],
            [
                0.9999986701413464,
                1.2788569880547477e-06,
                3.96056371772536e-08,
                9.149790497475508e-09,
                2.246237791745414e-09
            ],
            [
                0.0,
                5.900490445511383e-12,
                0.999999999365675,
                9.87756635881793e-11,
                5.296489905644884e-10
            ],
            [
                0.9999993612302069,
                5.434623482469137e-07,
                8.421022720451795e-08,
                6.895751438680413e-09,
                4.201466092792633e-09
            ],
            [
                0.9999992406370668,
                7.136541602802798e-07,
                3.6216709450289077e-08,
                7.3365000222100965e-09,
                2.155563654754375e-09
            ]
        ],
        [
            [
                0.999999908767536,
                7.725723197766943e-08,
                1.218206674135372e-08,
                1.1010487656011275e-09,
                6.9211665072651e-10
            ],
            [
                0.9999949689806298,
                5.018017753717336e-06,
                1.1733693592955569e-08,
                1.2154835207910742e-09,
                5.24396499265905e-11
            ],
            [
                0.0,
                0.0,
                0.9999999998491935,
                5.5192109815305486e-11,
                9.561438996284976e-11
            ],
            [
                0.9999956510409563,
                4.247261864402646e-06,
                8.744544455695535e-08,
                1.042710974244216e-08,
                3.82462475653547e-09
            ],
            [
                0.9999998974524905,
                8.168476609053855e-08,
                1.1443643261797775e-08,
                5.872049940403066e-09,
                3.5470502691548644e-09
            ]
        ],
        [
            [
                0.999999872945763,
                9.789130373274835e-08,
                1.8288075355612637e-08,
                4.5484691062674104e-09,
                6.326388933504341e-09
            ],
            [
                0.9656804998051113,
                0.03431083830218013,
                7.671107884807663e-06,
                8.999349983350824e-07,
                9.084982553467165e-08
            ],
            [
                0.0,
                0.0,
                0.999999999588219,
                5.255329763548734e-11,
                3.5922772722765556e-10
            ],
            [
                0.9999841294043675,
                1.572786262024596e-05,
                1.1845740828928336e-07,
                1.6363959283822738e-08,
                7.91164485505925e-09
            ],
            [
                0.9999996286446586,
                3.5118831103771337e-07,
                1.4120047285760127e-08,
                4.0605976594156066e-09,
                1.9863855197773293e-09
            ]
        ],
        [
            [
                0.9999998584976775,
                1.2300576578910855e-07,
                1.6786755056811302e-08,
                1.1957858815229362e-09,
                5.140157213152617e-10
            ],
            [
                0.9999961241965432,
                3.8554993140593775e-06,
                1.7143723612377983e-08,
                2.9805647272748167e-09,
                1.798544446654183e-10
            ],
            [
                0.0,
                7.456980444809189e-13,
                0.999999999941988,
                1.7598516943801966e-11,
                3.966779704918302e-11
            ],
            [
                0.9999962826764454,
                3.5962161287291573e-06,
                9.200633458654511e-08,
                2.247867574522039e-08,
                6.622415493477168e-09
            ],
            [
                0.9999998315341619,
                1.5231482835282952e-07,
                7.368361664828644e-09,
                6.256238983603128e-09,
                2.526409084389983e-09
            ]
        ],
        [
            [
                0.9999996566414785,
                3.094881337615158e-07,
                2.129834221228497e-08,
                6.286022795990438e-09,
                6.286022795990438e-09
            ],
            [
                0.9983207874399762,
                0.0016791425906138983,
                6.144194560952832e-08,
                8.464384798717143e-09,
                6.307959748596929e-11
            ],
            [
                0.0,
                9.665528051751288e-12,
                0.9999999987444197,
                4.286611098424963e-10,
                8.172535573008963e-10
            ],
            [
                0.9989814351486016,
                3.4457411531000254e-07,
                6.478283931893725e-08,
                3.584143747641953e-06,
                0.0010145713506960427
            ],
            [
                0.9999997256871657,
                2.0492272211486295e-07,
                3.974616626014645e-08,
                8.640981952763057e-09,
                2.1002964247905693e-08
            ]
        ],
        [
            [
                0.9999999188672093,
                6.785429129018796e-08,
                6.26874568610294e-09,
                2.7082504386457837e-09,
                4.301503337512893e-09
            ],
            [
                0.9999944480347184,
                5.522358001427419e-06,
                2.6326944737070892e-08,
                3.0641356454520046e-09,
                2.161998484327809e-10
            ],
            [
                0.0,
                1.6478843638341417e-12,
                0.999999999890619,
                2.665014438918779e-11,
                8.108298175773383e-11
            ],
            [
                0.9999924519307711,
                4.705610009751012e-06,
                1.1925936938075704e-07,
                3.2280556288896543e-07,
                2.4003942867570846e-06
            ],
            [
                0.999999725037512,
                2.5351366053135593e-07,
                1.2893284327480162e-08,
                6.118999842120358e-09,
                2.4365432397796915e-09
            ]
        ],
        [
            [
                0.9999968519107055,
                3.039601801116116e-06,
                4.8284409038913096e-08,
                1.5626277615710787e-08,
                4.457680670787324e-08
            ],
            [
                0.9999954258601415,
                4.5520168774837675e-06,
                1.6684226636230367e-08,
                3.836065687365113e-09,
                1.6026887593057188e-09
            ],
            [
                0.0,
                4.750165555381065e-12,
                0.9999999995621676,
                9.052761158447977e-11,
                3.425546199015803e-10
            ],
            [
                0.9999998315330844,
                1.350612636006414e-07,
                8.1278933375839e-09,
                6.895751393621869e-09,
                1.8382007345781412e-08
            ],
            [
                0.999999945594474,
                4.519569831565616e-08,
                6.407631619559046e-09,
                1.4894659121709775e-09,
                1.3127302994382995e-09
            ]
        ],
        [
            [
                0.9999998140359074,
                1.4665461526668972e-07,
                3.347269497979549e-08,
                4.153991362434174e-09,
                1.6827909496608312e-09
            ],
            [
                0.8577375397060132,
                0.1421583396993843,
                0.00010400227756074034,
                1.1187472909081682e-07,
                6.442312551831444e-09
            ],
            [
                0.0,
                2.0613863695182417e-12,
                0.9999999999271403,
                2.829657093109475e-11,
                4.250184873349438e-11
            ],
            [
                0.9999969852015888,
                2.8702230002670602e-06,
                5.143781360356808e-08,
                2.9418098235159498e-08,
                6.371949918420613e-08
            ],
            [
                0.999999627390064,
                3.574805469315412e-07,
                9.784327980850385e-09,
                3.3302708882360017e-09,
                2.0147899916726535e-09
            ]
        ],
        [
            [
                0.9999995521273805,
                4.083132437911146e-07,
                3.023077437662276e-08,
                5.431100321641781e-09,
                3.897500959212309e-09
            ],
            [
                0.9999974614848123,
                2.498606334993415e-06,
                3.47161213602398e-08,
                4.5866094134463415e-09,
                6.061219389267685e-10
            ],
            [
                0.0,
                2.3359336967575598e-11,
                0.9999999961598751,
                1.2296846208445484e-09,
                2.5870810628435226e-09
            ],
            [
                0.9990297500607158,
                0.0009316993587899004,
                3.849299429312345e-05,
                5.668983845848522e-08,
                8.963627415959336e-10
            ],
            [
                0.9999950631217829,
                4.788075181420888e-06,
                8.659349486630981e-08,
                4.1972471234811716e-08,
                2.0237069513376462e-08
            ]
        ],
        [
            [
                0.9999969984158835,
                2.9199969769396023e-06,
                4.6867458469824796e-08,
                1.7359840525484057e-08,
                1.7359840525484057e-08
            ],
            [
                0.9999931301779738,
                6.814248154217297e-06,
                4.601060716107002e-08,
                8.489122139450394e-09,
                1.0741427977883482e-09
            ],
            [
                0.0,
                0.0,
                0.9999999997753359,
                5.5117313146320786e-11,
                1.695467560938692e-10
            ],
            [
                0.9994507192780471,
                3.7719771601256487e-06,
                9.94616973116886e-08,
                2.667589369858758e-06,
                0.0005427416937257909
            ],
            [
                4.225461500356665e-06,
                5.31285829524062e-07,
                3.9721785063293035e-05,
                0.042592323014679384,
                0.9573631984529274
            ]
        ],
        [
            [
                0.5911148479790168,
                1.5167385823705017e-05,
                1.5167385823705017e-05,
                0.00674204444558066,
                0.40211277280375507
            ],
            [
                0.999996158515967,
                3.770808228345111e-06,
                6.322338942081307e-08,
                6.837561446493579e-09,
                6.148537292553579e-10
            ],
            [
                0.0,
                6.477801093183017e-12,
                0.9999999987655388,
                2.5325786132299194e-10,
                9.747255918519894e-10
            ],
            [
                0.9999991585754212,
                7.616606307384869e-07,
                3.669474872667238e-08,
                2.2421767798326044e-08,
                2.0647431595851757e-08
            ],
            [
                0.9999998890671069,
                8.955912246726339e-08,
                1.177939367786434e-08,
                2.421453888501147e-09,
                7.172923194759994e-09
            ]
        ],
        [
            [
                0.9999997727151593,
                1.979115200842295e-07,
                2.2700092803819885e-08,
                4.538962100600261e-09,
                2.1342656813240057e-09
            ],
            [
                0.9999989754287336,
                9.620876669707984e-07,
                3.9873278030380125e-08,
                6.778207855380429e-09,
                1.5832113473337332e-08
            ],
            [
                0.0,
                0.0,
                0.9999999998144378,
                2.2812256817058332e-11,
                1.627501345486928e-10
            ],
            [
                0.9999759202622329,
                2.3955199935503924e-05,
                6.999513035692459e-08,
                3.452212479683119e-08,
                2.002057626510153e-08
            ],
            [
                0.999999824439545,
                1.6875849111340807e-07,
                4.211229988233517e-09,
                1.4549180673936787e-09,
                1.1358155508392462e-09
            ]
        ],
        [
            [
                0.9999999023125049,
                8.823473501264704e-08,
                8.674703023308095e-09,
                6.624408449172442e-10,
                1.1561621370516929e-10
            ],
            [
                0.9999978382700202,
                2.065213939813388e-06,
                8.747130429266678e-08,
                7.642559707708894e-09,
                1.4021759305788189e-09
            ],
            [
                0.0,
                7.992173230116556e-11,
                0.9999999907359912,
                4.541074901087617e-09,
                4.6430123879263324e-09
            ],
            [
                0.9999996380849183,
                3.094910795413418e-07,
                3.9394233790382894e-08,
                6.514884133201858e-09,
                6.514884133201858e-09
            ],
            [
                0.9999997324483219,
                2.187720263622139e-07,
                4.27427093203113e-08,
                3.5114005810866202e-09,
                2.5255419103657623e-09
            ]
        ],
        [
            [
                0.9999991378152965,
                7.816824938767593e-07,
                6.506194786601683e-08,
                1.0513622366730388e-08,
                4.926639465439967e-09
            ],
            [
                0.9999989985312835,
                8.722851680066097e-07,
                1.2135018379346686e-07,
                6.52067701206669e-09,
                1.312687743622851e-09
            ],
            [
                0.0,
                0.0,
                0.9999999995810749,
                7.786987874440001e-11,
                3.410551578116596e-10
            ],
            [
                0.9999986252860417,
                1.2740110082449686e-06,
                6.087862910016293e-08,
                2.668385806472243e-08,
                1.3140462842516666e-08
            ],
            [
                0.9999997802971409,
                1.8311191452532524e-07,
                7.456810863756196e-09,
                5.826342184318471e-09,
                2.330779155672461e-08
            ]
        ],
        [
            [
                0.9999999062691958,
                8.268217089718841e-08,
                6.6016321791704006e-09,
                2.987246269771422e-09,
                1.4597547708175407e-09
            ],
            [
                0.9999983421148475,
                1.575606389963419e-06,
                4.7040574789201793e-08,
                3.05468380304242e-08,
                4.691349591785654e-09
            ],
            [
                0.0,
                4.835949655511056e-13,
                0.9999999999416864,
                1.3386866804118535e-11,
                4.4443199474027355e-11
            ],
            [
                0.9999511147517711,
                4.8746838663466965e-05,
                1.2220949220813991e-07,
                1.404529457441258e-08,
                2.1547785928992317e-09
            ],
            [
                0.9999998407680634,
                1.3736058538423785e-07,
                1.714136775985531e-08,
                2.4638729975663406e-09,
                2.2661103026500793e-09
            ]
        ],
        [
            [
                0.999994908557166,
                2.3702738116768225e-06,
                1.135645677330167e-07,
                1.1460616365620128e-06,
                1.4615428179583592e-06
            ],
            [
                0.9998295166296299,
                0.00017040576298199144,
                5.662208268756566e-08,
                1.9154226696253264e-08,
                1.83107880383792e-09
            ],
            [
                0.0,
                0.0,
                0.9999999998694882,
                4.655147184947653e-11,
                8.396039095982201e-11
            ],
            [
                0.9999996294132923,
                3.3922162560904984e-07,
                2.492508803992917e-08,
                4.089519226301247e-09,
                2.35047466986224e-09
            ],
            [
                0.999999853962657,
                1.1224491894444658e-07,
                6.805294619623851e-09,
                5.775909020720965e-09,
                2.1211220403180233e-08
            ]
        ],
        [
            [
                0.9999986560558373,
                1.3069624350356348e-06,
                2.296780473158935e-08,
                8.629403345587899e-09,
                5.384519637854514e-09
            ],
            [
                0.9999895171581136,
                1.0280820989999654e-05,
                1.0368155596898697e-07,
                4.808809656711882e-08,
                5.0251243830499194e-08
            ],
            [
                0.0,
                1.0316923716306582e-11,
                0.9999999990737862,
                3.1829272983482584e-10,
                5.976042182930369e-10
            ],
            [
                0.9999771435570803,
                1.6859154302216853e-05,
                3.0376865488190237e-06,
                1.072531207417924e-06,
                1.887070861182196e-06
            ],
            [
                0.9999994231184368,
                5.324423408380163e-07,
                3.762058172807346e-08,
                5.117357465638741e-09,
                1.7012831644389628e-09
            ]
        ],
        [
            [
                0.9999994992701953,
                4.3159757031562856e-07,
                2.7360394226950578e-08,
                3.3735222004695456e-08,
                8.036618274012052e-09
            ],
            [
                0.9999859949859503,
                1.3803333282873093e-05,
                1.6952517808187515e-07,
                2.990605386116325e-08,
                2.2495347932400096e-09
            ],
            [
                0.0,
                8.654164196018572e-12,
                0.9999999983865706,
                9.262020886827683e-10,
                6.785732573762086e-10
            ],
            [
                0.99999987360661,
                8.421023019728923e-08,
                1.83820081191774e-08,
                3.867184978435812e-09,
                1.9933966714905447e-08
            ],
            [
                0.9999997933094746,
                1.7903772572816267e-07,
                1.956993531038033e-08,
                6.26979792275675e-09,
                1.8130664105518394e-09
            ]
        ],
        [
            [
                0.9999984543183426,
                1.495941163385692e-06,
                4.302916780172521e-08,
                4.2640985195088e-09,
                2.4472276885449644e-09
            ],
            [
                0.9999879332830361,
                1.190620984308213e-05,
                1.2929738596996455e-07,
                3.048275611141915e-08,
                7.269787844580228e-10
            ],
            [
                0.0,
                3.6331437185710695e-11,
                0.9999999962409525,
                1.1274754263796276e-09,
                2.5952407063895228e-09
            ],
            [
                0.999999490811776,
                4.86246762308543e-07,
                1.980129805823722e-08,
                2.9237961081162777e-09,
                2.1636772956040651e-10
            ],
            [
                0.9999990553924822,
                8.979769444867414e-07,
                3.6047521572256256e-08,
                8.297882598157731e-09,
                2.285169167694932e-09
            ]
        ],
        [
            [
                0.9999998917260489,
                7.356738294266908e-08,
                1.5898262115644282e-08,
                8.249829214690954e-09,
                1.0558476799177054e-08
            ],
            [
                0.9999992805807126,
                6.970280081623222e-07,
                1.995789635093892e-08,
                2.1487454924341895e-09,
                2.8463740841347565e-10
            ],
            [
                0.0,
                2.3896268764108127e-12,
                0.9999999997857558,
                6.108265882658179e-11,
                1.5077183494797496e-10
            ],
            [
                0.9999975469908327,
                1.5769593863484473e-06,
                4.886997778542333e-08,
                1.2158222156172286e-07,
                7.055975817036588e-07
            ],
            [
                0.999998807378796,
                1.1216429597413517e-06,
                3.9820758602094245e-08,
                1.7504040057501757e-08,
                1.3653445753055478e-08
            ]
        ],
        [
            [
                0.999999787216278,
                1.945110460947413e-07,
                9.595759503510357e-09,
                4.338458154931991e-09,
                4.338458154931991e-09
            ],
            [
                0.9999956101590473,
                4.3379641503055125e-06,
                3.934414924284299e-08,
                1.1612287101939155e-08,
                9.203660932171801e-10
            ],
            [
                0.0,
                2.6683547789753197e-12,
                0.9999999999083786,
                4.571521526868418e-11,
                4.323790438953629e-11
            ],
            [
                0.9999976204492917,
                2.111603856512694e-06,
                1.7347238992327472e-07,
                5.2158429888608386e-08,
                4.23160318833849e-08
            ],
            [
                0.9999997642036146,
                1.3634325361200215e-07,
                7.192298233215947e-08,
                1.9616723598169546e-08,
                7.913425852197536e-09
            ]
        ],
        [
            [
                0.9999994761560831,
                4.476478657192172e-07,
                3.58529194954721e-08,
                1.765576609211713e-08,
                2.2687365737799724e-08
            ],
            [
                0.9999749278159631,
                2.502358646826625e-05,
                3.6482942550750945e-08,
                9.542664474263258e-09,
                2.5719617142249547e-09
            ],
            [
                0.0,
                0.0,
                0.999999999659551,
                6.421156775412742e-11,
                2.7623755792551106e-10
            ],
            [
                0.9999965020441439,
                3.3907300810285185e-06,
                6.569704672388184e-08,
                2.9753176548770662e-08,
                1.1775551798225936e-08
            ],
            [
                0.9999998325826388,
                1.261826611166073e-07,
                9.342327192613888e-09,
                9.342327192613888e-09,
                2.2550045917849896e-08
            ]
        ],
        [
            [
                0.9999995750163457,
                3.705815897296774e-07,
                1.838200920440747e-08,
                2.1614729187840066e-08,
                1.4405326177061149e-08
            ],
            [
                0.9999974298583458,
                2.4711483798551486e-06,
                8.103456304742691e-08,
                1.3799273015945087e-08,
                4.159438106651427e-09
            ],
            [
                0.0,
                7.86454114475663e-12,
                0.9999999988496548,
                4.967759078115371e-10,
                6.45704682388264e-10
            ],
            [
                0.9999990294689624,
                8.963376000399696e-07,
                4.9665892623509954e-08,
                1.9230294501361828e-08,
                5.297250238171512e-09
            ],
            [
                0.999999702864878,
                2.708800539594358e-07,
                1.7755660142284837e-08,
                5.746262202566234e-09,
                2.75314551110378e-09
            ]
        ],
        [
            [
                0.9999998315315789,
                1.5929426855557967e-07,
                6.3777342868300445e-09,
                2.258102345368581e-09,
                5.383161319409276e-10
            ],
            [
                0.9999993573798189,
                5.84732763096716e-07,
                5.3852823481197974e-08,
                3.667107972767132e-09,
                3.6748641521118194e-10
            ],
            [
                0.0,
                4.218501419781916e-11,
                0.9999999981961172,
                1.1019794630898062e-09,
                6.597185298676657e-10
            ],
            [
                0.9999820900123344,
                1.782077927163664e-05,
                5.1896449722583926e-08,
                2.74713567910924e-08,
                9.840587320882942e-09
            ],
            [
                0.9999979438468405,
                2.0091212110153067e-06,
                4.238687358741467e-08,
                4.3106525384115146e-09,
                3.344221841821698e-10
            ]
        ],
        [
            [
                0.9999997397887604,
                1.540435611885047e-07,
                1.69037712887129e-08,
                1.492042828470621e-08,
                7.434347886245844e-08
            ],
            [
                0.999996781549579,
                3.1293910452625074e-06,
                7.589137010186377e-08,
                1.143714047054479e-08,
                1.7308651443206999e-09
            ],
            [
                0.0,
                4.682677367034397e-13,
                0.999999999937865,
                1.7140165317461453e-11,
                4.452652031974307e-11
            ],
            [
                0.9999987652410859,
                1.1408784201521877e-06,
                3.3299231493613774e-08,
                4.841176045275231e-08,
                1.2169501987413106e-08
            ],
            [
                0.9999912153442732,
                8.52379113911647e-06,
                1.5415481927072467e-07,
                6.571873354924326e-08,
                4.099103494570525e-08
            ]
        ],
        [
            [
                0.9999996706350872,
                3.0225917804445726e-07,
                2.228031863084063e-08,
                3.51006154498635e-09,
                1.3153545420503582e-09
            ],
            [
                0.9999822787205528,
                1.770386470436821e-05,
                1.2942834785371426e-08,
                3.5101887949811634e-09,
                9.617192545150666e-10
            ],
            [
                0.0,
                0.0,
                0.9999999997803097,
                2.584814513299322e-11,
                1.9384205606201686e-10
            ],
            [
                0.9997938366109113,
                0.00020582772569137522,
                3.299187602040739e-07,
                5.417050892520707e-09,
                3.2758628530360273e-10
            ],
            [
                0.9999991548345141,
                5.375874441420899e-07,
                8.968732779657463e-08,
                8.258255920328244e-08,
                1.3530815472882287e-07
            ]
        ],
        [
            [
                0.9999990112223621,
                9.043701483716971e-07,
                4.747213283781326e-08,
                1.923106442228063e-08,
                1.770429220049237e-08
            ],
            [
                0.9999991803578268,
                7.259787927037776e-07,
                5.2188284253701424e-08,
                2.2489312003366215e-08,
                1.8985784290063855e-08
            ],
            [
                0.0,
                6.8867638385803195e-12,
                0.9999999994695838,
                2.0944018147129316e-10,
                3.1408927910214786e-10
            ],
            [
                0.9879347611913156,
                0.012053327213887188,
                1.1282253290812926e-05,
                5.580112978740716e-07,
                7.133020863682046e-08
            ],
            [
                0.999999876709149,
                1.0859890840566941e-07,
                6.480270162721143e-09,
                4.44928619237191e-09,
                3.7623862610752866e-09
            ]
        ],
        [
            [
                0.9999993688493445,
                5.25815269581061e-07,
                6.324992405163058e-08,
                2.6082086625802535e-08,
                1.600337513347968e-08
            ],
            [
                0.9999787189447868,
                2.1237385810236244e-05,
                3.7913981771909815e-08,
                5.350673807790497e-09,
                4.047473912555454e-10
            ],
            [
                0.0,
                0.0,
                0.999999999459579,
                1.2593158099543585e-10,
                4.144895348945154e-10
            ],
            [
                0.9999996284365941,
                3.4548424320370733e-07,
                1.7813700720672245e-08,
                5.739920049804743e-09,
                2.5255419487478294e-09
            ],
            [
                0.9999993556627513,
                6.091024570766735e-07,
                2.1666280704702616e-08,
                1.1493187653561357e-08,
                2.075323375063914e-09
            ]
        ],
        [
            [
                0.999999938239828,
                5.024252504878719e-08,
                5.17826214986286e-09,
                2.6397275602344803e-09,
                3.6996572615126902e-09
            ],
            [
                0.9999908998592004,
                9.022238680718896e-06,
                6.83945612999006e-08,
                8.694065969023333e-09,
                8.134915041617842e-10
            ],
            [
                0.0,
                0.0,
                0.999999999414293,
                6.760756853537871e-11,
                5.180995795972498e-10
            ],
            [
                0.9999990936799813,
                8.221272804173732e-07,
                4.9339867308889256e-08,
                2.5895015313232674e-08,
                8.95785560399517e-09
            ],
            [
                0.9999993220970775,
                5.919691660934924e-07,
                2.8881035114731063e-08,
                1.676333509217905e-08,
                4.028938616344311e-08
            ]
        ],
        [
            [
                0.9999984057225464,
                1.5394656083085832e-06,
                3.858904975723185e-08,
                1.273252869840089e-08,
                3.490266903690324e-09
            ],
            [
                0.9999666754528939,
                3.327991960638005e-05,
                3.981491289542478e-08,
                4.5414736311278085e-09,
                2.711133029314133e-10
            ],
            [
                0.0,
                0.0,
                0.9999999988256159,
                1.2523001003607206e-10,
                1.0491541951346011e-09
            ],
            [
                0.9999994552231639,
                3.6072886642838754e-07,
                4.1735699309745e-08,
                6.259107332037934e-08,
                7.972119705853335e-08
            ],
            [
                0.999999719062832,
                2.3526725332154943e-07,
                2.7706045863715256e-08,
                1.0443669961424407e-08,
                7.520198821596822e-09
            ]
        ],
        [
            [
                0.9999999234817645,
                6.132241064192133e-08,
                1.0393355710875786e-08,
                2.2511016503063806e-09,
                2.551367594814078e-09
            ],
            [
                1.0397971334301536e-05,
                0.999986178177158,
                3.4107634604603175e-06,
                1.2667948879689743e-08,
                4.200983369750514e-10
            ],
            [
                0.0,
                0.0,
                0.9999999992614832,
                1.418249107624442e-10,
                5.966919039826385e-10
            ],
            [
                0.9999993205189628,
                6.41735614090158e-07,
                2.217153961481704e-08,
                8.916399173381849e-09,
                6.657484347134421e-09
            ],
            [
                0.9999968032783795,
                3.0961346294820926e-06,
                8.413541778769707e-08,
                1.1733716514831489e-08,
                4.717856755514621e-09
            ]
        ],
        [
            [
                0.9999997509304765,
                1.5738334662063752e-07,
                1.750407326665357e-08,
                1.9011802199452233e-08,
                5.517030150904352e-08
            ],
            [
                0.9985409491970231,
                0.0014582814208345394,
                6.629847086279405e-07,
                9.715785252100329e-08,
                9.239581364960288e-09
            ],
            [
                0.0,
                0.0,
                0.999999999316836,
                9.086268752211999e-11,
                5.923014151935459e-10
            ],
            [
                0.9999845811692085,
                1.5266531556988238e-05,
                1.0612551050677128e-07,
                3.544995764940733e-08,
                1.0723766224661643e-08
            ],
            [
                0.9999998840399734,
                8.573578466156536e-08,
                2.4414990238923752e-08,
                4.500436647246768e-09,
                1.308815220332341e-09
            ]
        ],
        [
            [
                0.9999988465271895,
                4.1164246972941973e-07,
                8.612619768345913e-08,
                1.3042562057710827e-07,
                5.252785225555105e-07
            ],
            [
                0.9999997999905087,
                1.8031481280231664e-07,
