{
    "[['A', 'B', 'C', 'D', 'E'], ['A', 'B', 'C', 'D', 'E']]": [
        [
            [
                0.9999999948403406,
                5.016914419016733e-09,
                1.4188470534729705e-10,
                7.99015319559868e-13,
                6.138599839630252e-14
            ],
            [
                0.9999999719787683,
                2.7790409518380525e-08,
                2.29075812860967e-10,
                1.6578875815230689e-12,
                8.869848532709627e-14
            ],
            [
                0.0,
                3.690040683401006e-11,
                0.9999999985770884,
                5.06140290540045e-10,
                8.798709371429153e-10
            ],
            [
                0.0,
                7.48529888369576e-12,
                1.0927220149101391e-09,
                3.852001882008263e-07,
                0.9999996136996046
            ],
            [
                0.0,
                1.7343389721499376e-12,
                2.014058924403531e-10,
                2.5929906816334158e-08,
                0.9999999738669529
            ]
        ],
        [
            [
                0.9999999952612781,
                4.644899086795058e-09,
                9.313193785883425e-11,
                6.414870383779128e-13,
                4.9308574181244754e-14
            ],
            [
                0.9999999439697418,
                5.587740607781201e-08,
                1.5111500523242102e-10,
                1.6459524047284698e-12,
                9.111383853780613e-14
            ],
            [
                0.0,
                2.354712722870667e-11,
                0.9999999992588045,
                2.898480775972669e-10,
                4.2780021878131435e-10
            ],
            [
                0.0,
                1.1756481799326891e-11,
                1.2614296103758944e-09,
                6.305804241690201e-08,
                0.9999999356687714
            ],
            [
                0.0,
                0.0,
                1.6116144473976204e-10,
                2.2731993328800464e-07,
                0.9999997725189053
            ]
        ],
        [
            [
                0.9999999988538324,
                1.0088770572392606e-09,
                1.3663748320524073e-10,
                6.021111841126506e-13,
                5.089281875984942e-14
            ],
            [
                0.99999999229104,
                7.3975818782436165e-09,
                3.096435332134217e-10,
                1.600847184707751e-12,
                1.3373939413170788e-13
            ],
            [
                0.0,
                2.014684214848667e-11,
                0.9999999995045841,
                1.995406981473534e-10,
                2.7572853320659755e-10
            ],
            [
                0.0,
                1.1268787877893913e-11,
                1.5235674821812826e-08,
                5.524425200740608e-07,
                0.9999994323105363
            ],
            [
                0.0,
                0.0,
                1.410634002315861e-07,
                0.06697196611655382,
                0.933027892820046
            ]
        ],
        [
            [
                0.9999999957494061,
                4.19748535211019e-09,
                5.231836632138196e-11,
                7.561188831134974e-13,
                3.4018843426238394e-14
            ],
            [
                0.9999999693168697,
                3.0181282652019474e-08,
                4.997200148257517e-10,
                2.048436544303079e-12,
                7.933596251188788e-14
            ],
            [
                0.0,
                3.321095236533514e-11,
                0.9999999993123656,
                2.421346410308664e-10,
                4.122888997231406e-10
            ],
            [
                0.0,
                2.1231901667574575e-12,
                8.657408780956668e-10,
                2.51348490668594e-07,
                0.9999997477836452
            ],
            [
                0.0,
                2.4423277408092823e-12,
                5.713680176825353e-10,
                4.374211660707173e-09,
                0.999999995051978
            ]
        ],
        [
            [
                0.9999999955520282,
                4.237060605316735e-09,
                2.0999538716716581e-10,
                8.170325480630791e-13,
                9.861550274149726e-14
            ],
            [
                0.9999999742185917,
                2.5586494131713964e-08,
                1.9249247072656938e-10,
                2.2391848198942952e-12,
                1.8268505208204217e-13
            ],
            [
                0.0,
                2.9358189315299714e-11,
                0.9999999990547024,
                2.843991747658451e-10,
                6.315402609342695e-10
            ],
            [
                0.0,
                4.115915502777587e-12,
                7.793232341306917e-10,
                5.792988147690425e-09,
                0.9999999934235726
            ],
            [
                0.0,
                3.814347119403391e-12,
                5.42190632170535e-10,
                1.3527183008741625e-08,
                0.999999985926812
            ]
        ],
        [
            [
                0.9999999986916053,
                1.214132701284752e-09,
                9.312731978087498e-11,
                1.0562443387516402e-12,
                7.848978121592174e-14
            ],
            [
                0.9999999843702687,
                1.55506978040791e-08,
                7.788265175798337e-11,
                1.102734693675624e-12,
                4.820337961143172e-14
            ],
            [
                0.0,
                2.7945310458673496e-11,
                0.9999999996204973,
                2.0297625193220346e-10,
                1.485810608547135e-10
            ],
            [
                0.0,
                1.2597733817685592e-12,
                2.453779318872634e-10,
                2.717730218554905e-09,
                0.9999999970356321
            ],
            [
                0.0,
                2.3982750251729213e-12,
                4.0698613879718905e-10,
                1.3788932202936829e-08,
                0.9999999858016835
            ]
        ],
        [
            [
                0.9999999990136295,
                9.628149352453183e-10,
                2.32368672815591e-11,
                3.0314882541602227e-13,
                1.5642870514487532e-14
            ],
            [
                0.999999965348838,
                3.341719376232753e-08,
                1.229330472934266e-09,
                4.237199479941968e-12,
                4.0050081366356304e-13
            ],
            [
                0.0,
                1.0575960779206701e-10,
                0.9999999992063386,
                3.248987639700731e-10,
                3.6300285619411053e-10
            ],
            [
                0.0,
                7.402351621202245e-13,
                5.074827315757775e-11,
                8.158238427758437e-10,
                0.9999999991326876
            ],
            [
                0.0,
                7.178468968116675e-12,
                5.711435698236665e-10,
                1.1231709425440299e-07,
                0.9999998871045838
            ]
        ],
        [
            [
                0.9999999988902717,
                1.0282104062521444e-09,
                8.082157556278391e-11,
                6.324288922083491e-13,
                6.386482848625522e-14
            ],
            [
                0.9999999626554553,
                3.714656027860561e-08,
                1.961460767367211e-10,
                1.6097203145900533e-12,
                2.287938165711655e-13
            ],
            [
                0.0,
                2.22070983777248e-11,
                0.9999999994453248,
                2.2942737831362044e-10,
                3.0304060403277e-10
            ],
            [
                0.0,
                2.816866375973269e-12,
                5.333562879889165e-10,
                2.062236029779711e-08,
                0.9999999788414666
            ],
            [
                0.0,
                2.538006573612795e-12,
                5.746895481055781e-10,
                5.706364863915883e-07,
                0.999999428786286
            ]
        ],
        [
            [
                0.9999999966388236,
                3.1711790690622704e-09,
                1.8916905041260977e-10,
                7.69473235195765e-13,
                5.879207272102318e-14
            ],
            [
                0.9999999442597338,
                5.536362693806932e-08,
                3.733745931562566e-10,
                3.1892682665753286e-12,
                7.532913135696109e-14
            ],
            [
                0.0,
                1.3509198054985317e-10,
                0.999999999234489,
                3.396373964738999e-10,
                2.9078166839155185e-10
            ],
            [
                0.0,
                0.0,
                1.6689756859810818e-09,
                3.1047459536690556e-09,
                0.9999999952262784
            ],
            [
                0.0,
                6.3699199601325864e-12,
                2.8018229229998197e-10,
                7.1636258522747015e-09,
                0.999999992549822
            ]
        ],
        [
            [
                0.9999999983165802,
                1.5040598617410362e-09,
                1.786185913486016e-10,
                7.111009608675105e-13,
                3.013494374981642e-14
            ],
            [
                0.9999999150637403,
                8.475051255348593e-08,
                1.8419613872341944e-10,
                1.4743674062587624e-12,
                7.669043732595131e-14
            ],
            [
                0.0,
                8.339333092797765e-11,
                0.9999999993942876,
                3.152530415227434e-10,
                2.0706607511133086e-10
            ],
            [
                0.0,
                3.688167345329537e-12,
                4.306116810472353e-09,
                5.578051091902325e-08,
                0.999999939909684
            ],
            [
                0.0,
                1.2299478005982077e-12,
                2.7198757018346627e-10,
                8.268181060795356e-09,
                0.9999999914586014
            ]
        ],
        [
            [
                0.9999999868709244,
                1.2893284629374388e-08,
                2.336269045676592e-10,
                1.9179595498633825e-12,
                2.4593560091013197e-13
            ],
            [
                0.9999999623641037,
                3.7146560267782896e-08,
                4.865628416770787e-10,
                2.5968904907796864e-12,
                1.7662727257994586e-13
            ],
            [
                0.0,
                8.096027971641562e-11,
                0.9999999988235238,
                5.174734413525956e-10,
                5.780424830008037e-10
            ],
            [
                0.0,
                9.802015819893071e-13,
                4.787773413395853e-10,
                5.3111611218899564e-09,
                0.9999999942090814
            ],
            [
                0.0,
                4.3066519864068816e-12,
                6.987847123211654e-10,
                1.0966302014549592e-06,
                0.9999989026667073
            ]
        ],
        [
            [
                0.9999999955497225,
                4.30150315458378e-09,
                1.4730674055646646e-10,
                1.400097310017533e-12,
                6.745624596446566e-14
            ],
            [
                0.9999999671348738,
                3.2349047945599073e-08,
                5.119014163129225e-10,
                4.0073560261956594e-12,
                1.6940813976935127e-13
            ],
            [
                0.0,
                4.063871024256585e-11,
                0.9999999995088644,
                1.9297551609535393e-10,
                2.575214989592713e-10
            ],
            [
                0.0,
                3.220891727839195e-12,
                7.222231136798117e-10,
                2.112929150052449e-08,
                0.9999999781452644
            ],
            [
                0.0,
                2.1149530986603654e-12,
                5.788545412300123e-10,
                7.248819050202695e-08,
                0.99999992693084
            ]
        ],
        [
            [
                0.9999999966006465,
                3.324337110981032e-09,
                7.427165121005327e-11,
                6.437840548716206e-13,
                1.009854933917463e-13
            ],
            [
                0.9999999907371825,
                9.151623209274263e-09,
                1.1014976738037641e-10,
                9.511699055278404e-13,
                9.339951973077165e-14
            ],
            [
                0.0,
                8.515644111542553e-11,
                0.9999999995523181,
                2.3681856722851647e-10,
                1.2570671888530331e-10
            ],
            [
                0.0,
                4.594807278715871e-12,
                1.208739768505754e-09,
                6.562113173175869e-07,
                0.9999993425753482
            ],
            [
                0.0,
                1.1194665479174588e-11,
                2.508073425355532e-09,
                6.30154798322807e-08,
                0.999999934465252
            ]
        ],
        [
            [
                0.9999999886578722,
                1.1214364462537479e-08,
                1.2696019125213076e-10,
                7.218405440437436e-13,
                8.126694849059411e-14
            ],
            [
                0.9999999849996861,
                1.4549688193693505e-08,
                4.4711558325124964e-10,
                3.3800720182942416e-12,
                1.301007308626017e-13
            ],
            [
                0.0,
                2.657973479524384e-11,
                0.9999999994961222,
                1.9918060124485509e-10,
                2.7811751611526235e-10
            ],
            [
                0.0,
                2.4167081561179187e-11,
                2.4420473077632892e-09,
                9.28245212511966e-09,
                0.9999999882513334
            ],
            [
                0.0,
                3.6630619204387745e-12,
                1.0568444480449892e-09,
                3.743403265466948e-07,
                0.999999624599166
            ]
        ],
        [
            [
                0.9999999978783605,
                1.812478559044704e-09,
                3.0722742388175613e-10,
                1.772638873818421e-12,
                1.609909921875213e-13
            ],
            [
                0.999999994785465,
                5.173700776472832e-09,
                4.0393275481208333e-11,
                4.0651615279701655e-13,
                3.434934461168937e-14
            ],
            [
                0.0,
                1.5049773820080282e-10,
                0.9999999986633892,
                4.766434097532594e-10,
                7.094695582866893e-10
            ],
            [
                0.0,
                3.773054114866536e-11,
                1.0315719348814207e-08,
                2.437026817610611e-07,
                0.9999997459438683
            ],
            [
                0.0,
                1.0951615813455855e-12,
                9.71441790894338e-11,
                2.943291530383241e-08,
                0.9999999704688454
            ]
        ],
        [
            [
                0.9999999956878467,
                4.159120542679258e-09,
                1.5098075800091976e-10,
                1.9020541070658094e-12,
                1.49941657696924e-13
            ],
            [
                0.9999999358785789,
                6.393083988463036e-08,
                1.877481376357844e-10,
                2.6643728352055313e-12,
                1.684804404921298e-13
            ],
            [
                0.0,
                1.5430334896327717e-11,
                0.9999999996840574,
                1.7757912291124335e-10,
                1.229332234407829e-10
            ],
            [
                0.0,
                3.4365369586777713e-12,
                8.384201272156128e-10,
                1.1378224633628251e-07,
                0.999999885375897
            ],
            [
                0.0,
                6.29322288474716e-12,
                7.513012444922319e-10,
                1.8100300730416065e-08,
                0.9999999811421049
            ]
        ],
        [
            [
                0.9999999988852641,
                1.0538934732544535e-09,
                6.041375948726703e-11,
                3.997109759566354e-13,
                2.9050999330095454e-14
            ],
            [
                0.9999999805710927,
                1.9196433017923165e-08,
                2.286183722134574e-10,
                3.855873336435709e-12,
                0.0
            ],
            [
                0.0,
                1.5049773813135514e-10,
                0.9999999982019359,
                5.688615488767301e-10,
                1.078704763798409e-09
            ],
            [
                0.0,
                2.701755646018179e-12,
                2.386454541722956e-10,
                2.1511987946475764e-08,
                0.9999999782466649
            ],
            [
                0.0,
                4.755369210796407e-12,
                1.2493329377821722e-09,
                6.787370815082511e-08,
                0.9999999308722035
            ]
        ],
        [
            [
                0.999999993016174,
                6.7986522029721346e-09,
                1.8353682058439883e-10,
                1.636929541789617e-12,
                0.0
            ],
            [
                0.9999999830253082,
                1.669161157591269e-08,
                2.82098240940798e-10,
                9.330857851286713e-13,
                4.8796708792307814e-14
            ],
            [
                0.0,
                5.751410253084518e-11,
                0.9999999994883948,
                2.0940503058624168e-10,
                2.4468623776185095e-10
            ],
            [
                0.0,
                2.3475767114194793e-12,
                9.819114814464425e-10,
                2.3767495520528893e-08,
                0.9999999752482456
            ],
            [
                0.0,
                1.0765366839816467e-12,
                1.7299730486673995e-10,
                4.403067301488929e-08,
                0.9999999557952532
            ]
        ],
        [
            [
                0.9999999812231027,
                1.8622081384229083e-08,
                1.541060686484317e-10,
                6.541354843318148e-13,
                5.573705131920472e-14
            ],
            [
                0.9999999277835354,
                7.192298552342846e-08,
                2.911735091974995e-10,
                2.195824965760406e-12,
                1.0969757349425496e-13
            ],
            [
                0.0,
                1.212643338479703e-11,
                0.9999999998386615,
                8.083421733159258e-11,
                6.83777638127973e-11
            ],
            [
                0.0,
                1.472009846296546e-12,
                6.929144278697753e-10,
                1.0870164034269011e-08,
                0.9999999884354495
            ],
            [
                0.0,
                7.71280956895897e-12,
                4.0654003369299686e-10,
                8.165216649596886e-09,
                0.9999999914205305
            ]
        ],
        [
            [
                0.9999999918882087,
                7.687706447798043e-09,
                4.2129794498003385e-10,
                2.786997619730332e-12,
                0.0
            ],
            [
                0.9999999653275348,
                3.409527278281882e-08,
                5.729055912223135e-10,
                3.979850441374198e-12,
                3.070371431696019e-13
            ],
            [
                0.0,
                3.1161513904955384e-11,
                0.9999999995678432,
                1.3792337820414603e-10,
                2.6307189648820413e-10
            ],
            [
                0.0,
                2.2323191332804812e-12,
                3.450503778833001e-10,
                5.8918651223695304e-08,
                0.9999999407340661
            ],
            [
                0.0,
                3.617914585124159e-12,
                6.382367439651645e-10,
                4.588948077132455e-08,
                0.9999999534686645
            ]
        ],
        [
            [
                0.9999999985169559,
                1.4021786253229607e-09,
                8.037897982882313e-11,
                4.863978805699602e-13,
                0.0
            ],
            [
                0.9999999835572562,
                1.6114377661606436e-08,
                3.274119981918425e-10,
                8.876842994852727e-13,
                6.634459838156701e-14
            ],
            [
                0.0,
                3.9247551718669775e-11,
                0.9999999993205149,
                2.934773481427358e-10,
                3.467604984551901e-10
            ],
            [
                0.0,
                3.737575568398239e-12,
                1.392161298930828e-09,
                3.371097234542163e-08,
                0.9999999648931287
            ],
            [
                0.0,
                3.2394056839416877e-12,
                9.21646714213858e-10,
                2.1522218955587873e-07,
                0.9999997838529243
            ]
        ],
        [
            [
                0.9999999961668629,
                3.775354392813143e-09,
                5.7078933809876165e-11,
                6.402048292561223e-13,
                6.356866012597116e-14
            ],
            [
                0.9999999406504196,
                5.887764737426747e-08,
                4.688081978709504e-10,
                3.0453404026618295e-12,
                7.936925791701423e-14
            ],
            [
                0.0,
                6.502004349496822e-11,
                0.999999998900374,
                4.264413531381476e-10,
                6.081647296461028e-10
            ],
            [
                0.0,
                8.435699657483475e-12,
                7.886800628262701e-09,
                6.004887519973804e-08,
                0.9999999320558886
            ],
            [
                0.0,
                3.569560489239103e-10,
                0.009003987014211914,
                0.9690493714250772,
                0.02194664120375484
            ]
        ],
        [
            [
                0.9999999968638908,
                3.063375805450516e-09,
                7.174899869323161e-11,
                9.290403909509683e-13,
                5.5301615312516116e-14
            ],
            [
                0.9999999594381256,
                4.0315211522040664e-08,
                2.43666282395319e-10,
                2.870052727455689e-12,
                1.2663567618743555e-13
            ],
            [
                0.0,
                1.1896657136216182e-10,
                0.9999999984049439,
                7.786056175598877e-10,
                6.974837697270825e-10
            ],
            [
                0.0,
                5.1751633441928955e-12,
                7.5309931415694e-09,
                1.3259238909581566e-07,
                0.9999998598714426
            ],
            [
                0.0,
                2.442332404051856e-12,
                8.112045759136175e-10,
                2.141340168817827e-09,
                0.9999999970450129
            ]
        ],
        [
            [
                0.9999999994379869,
                5.099066908634392e-10,
                5.1598790236465586e-11,
                5.074880230100522e-13,
                0.0
            ],
            [
                0.9999999873897255,
                1.2474595482247157e-08,
                1.3468136691253117e-10,
                9.976220643697482e-13,
                0.0
            ],
            [
                0.0,
                4.339661936023294e-11,
                0.99999999936189,
                2.0749187042163102e-10,
                3.8722167865502363e-10
            ],
            [
                0.0,
                2.63910927092234e-12,
                1.8399818978130754e-09,
                2.0825900634377722e-07,
                0.9999997898983726
            ],
            [
                0.0,
                1.7299119663151815e-12,
                1.4430610789873111e-10,
                3.0495884061236196e-09,
                0.9999999968043756
            ]
        ],
        [
            [
                0.999999994582131,
                5.3037307331790466e-09,
                1.1350851901623338e-10,
                5.745231614522723e-13,
                5.518149923782587e-14
            ],
            [
                0.9999999430498187,
                5.6751285118131627e-08,
                1.9763168520742924e-10,
                1.217739471966982e-12,
                4.6862754935212076e-14
            ],
            [
                0.0,
                3.292592705729224e-11,
                0.9999999996119051,
                1.5010184164179734e-10,
                2.0506708527275256e-10
            ],
            [
                0.0,
                0.0,
                1.771351359958049e-08,
                3.601001804763556e-07,
                0.999999622186306
            ],
            [
                0.0,
                2.8059219170681366e-12,
                2.037543511116456e-10,
                2.1131024522304745e-08,
                0.9999999786624152
            ]
        ],
        [
            [
                0.9999999970770745,
                2.715403752103566e-09,
                2.0645126649191117e-10,
                1.0027423193058795e-12,
                6.777944629316201e-14
            ],
            [
                0.9999999636462344,
                3.6086869363693057e-08,
                2.634283849324976e-10,
                3.3291352734788724e-12,
                1.387905820564876e-13
            ],
            [
                0.0,
                8.66234318707536e-11,
                0.9999999988032391,
                6.992953874641628e-10,
                4.1084214795842195e-10
            ],
            [
                0.0,
                9.701483792161656e-13,
                5.347711948473499e-10,
                4.2513323616704195e-09,
                0.9999999952129264
            ],
            [
                0.0,
                0.0,
                1.8259798619943415e-09,
                1.3758805649668749e-07,
                0.9999998605859636
            ]
        ],
        [
            [
                0.9999999973146341,
                2.4702114075860646e-09,
                2.1393672809329926e-10,
                1.178595435232596e-12,
                3.9251010245286376e-14
            ],
            [
                0.9999999415503392,
                5.820790912617913e-08,
                2.3925160341782697e-10,
                2.367288937592042e-12,
                1.329144378435169e-13
            ],
            [
                0.0,
                4.857253090882669e-11,
                0.999999999210696,
                3.7036583816698385e-10,
                3.7036583816698385e-10
            ],
            [
                0.0,
                3.082914991521165e-11,
                9.905290932017214e-09,
                4.898053364838301e-07,
                0.9999995002585435
            ],
            [
                0.0,
                0.0,
                1.2914413282236212e-10,
                1.596401740996383e-08,
                0.9999999839068385
            ]
        ],
        [
            [
                0.9999999956506849,
                4.031557694654431e-09,
                3.158290075133822e-10,
                1.834645343819949e-12,
                9.377705880177694e-14
            ],
            [
                0.9999999652432231,
                3.441030149567104e-08,
                3.441847150381599e-10,
                2.1912267715196504e-12,
                9.967903522468055e-14
            ],
            [
                0.0,
                2.7918619174583603e-11,
                0.9999999991667636,
                3.493948628043949e-10,
                4.559228494190618e-10
            ],
            [
                0.0,
                6.587710241211521e-12,
                3.246771509242887e-09,
                7.042952698388053e-09,
                0.9999999897036881
            ],
            [
                0.0,
                1.9990962946485127e-12,
                2.911857115084325e-10,
                7.90933644114441e-09,
                0.9999999917974788
            ]
        ],
        [
            [
                0.9999999962722388,
                3.70493202439482e-09,
                2.250026103144492e-11,
                2.674467782531336e-13,
                6.140473486304536e-14
            ],
            [
                0.9999999720656746,
                2.7790409520795684e-08,
                1.4188470211592023e-10,
                1.9375424864669076e-12,
                9.378653694287374e-14
            ],
            [
                0.0,
                1.4868205949106365e-09,
                0.9999999982098087,
                1.95062645557051e-10,
                1.0830810687829138e-10
            ],
            [
                0.0,
                2.451425156072467e-11,
                5.558053132814309e-08,
                0.0004224428664290746,
                0.9995775015285254
            ],
            [
                0.0,
                1.009275845944698e-12,
                1.0417220004889531e-10,
                1.4371315552484753e-09,
                0.9999999984576871
            ]
        ],
        [
            [
                0.9999999940121929,
                5.805575851613126e-09,
                1.8121388728674504e-10,
                9.07050223162141e-13,
                1.1043043206982088e-13
            ],
            [
                0.999997181621875,
                2.818041286132218e-06,
                3.347100068509328e-10,
                1.965031268830022e-12,
                1.638090658408857e-13
            ],
            [
                0.0,
                5.878016515520519e-11,
                0.9999999990630646,
                5.068155456314207e-10,
                3.713398525365573e-10
            ],
            [
                0.0,
                1.4334370513396841e-11,
                1.0494749249750644e-08,
                1.330035481861901e-06,
                0.9999986594554345
            ],
            [
                0.0,
                5.514998725771564e-12,
                3.764877077157044e-09,
                3.1378422431461177e-06,
                0.9999968583873647
            ]
        ],
        [
            [
                0.9999999955594934,
                4.324916555475573e-09,
                1.1467425675206553e-10,
                8.652921869264364e-13,
                5.032907334447866e-14
            ],
            [
                0.9999999902670421,
                9.601617738441579e-09,
                1.3027077402259506e-10,
                1.0100211035250583e-12,
                5.945004624677207e-14
            ],
            [
                0.0,
                1.020563932503548e-11,
                0.9999999998038536,
                8.765973523035016e-11,
                9.828122585277297e-11
            ],
            [
                0.0,
                2.749468066816565e-12,
                9.171154462692654e-10,
                4.827830864471083e-09,
                0.9999999942523041
            ],
            [
                0.0,
                5.432376489766677e-12,
                5.978778374162156e-10,
                8.687369441957758e-09,
                0.9999999907093203
            ]
        ],
        [
            [
                0.9999999955360239,
                4.32491655537407e-09,
                1.3663748275190373e-10,
                2.232191524937981e-12,
                1.8968759593457392e-13
            ],
            [
                0.9999999464850704,
                5.324075035587625e-08,
                2.700295198506829e-10,
                4.0206085774570675e-12,
                1.2913604877977974e-13
            ],
            [
                0.0,
                2.496220731020365e-11,
                0.9999999996548652,
                1.3879371088689832e-10,
                1.8137883268716046e-10
            ],
            [
                0.0,
                4.755368930826187e-12,
                1.0017555264685778e-09,
                7.786535319095939e-09,
                0.9999999912069538
            ],
            [
                0.0,
                1.5358572824386605e-11,
                2.1075266506593447e-09,
                1.43069562699402e-06,
                0.9999985671814877
            ]
        ],
        [
            [
                0.999999998680426,
                1.2601261689418457e-09,
                5.887138473995217e-11,
                5.233018950434476e-13,
                5.2997532571525584e-14
            ],
            [
                0.9999999575460208,
                4.2202540667444906e-08,
                2.491826453547532e-10,
                2.167669449990132e-12,
                8.845671908349825e-14
            ],
            [
                0.0,
                3.795530848929428e-11,
                0.9999999993837652,
                3.3538355190104564e-10,
                2.4289601629060854e-10
            ],
            [
                0.0,
                1.1787983652825704e-11,
                2.681414673212508e-09,
                5.4373813043803954e-09,
                0.9999999918694161
            ],
            [
                0.0,
                3.720548025969757e-12,
                8.685625238065065e-10,
                2.2845688455945032e-08,
                0.9999999762820285
            ]
        ],
        [
            [
                0.999999998017495,
                1.8525605300486218e-09,
                1.2791178694838057e-10,
                1.9342562703170904e-12,
                9.849519617635139e-14
            ],
            [
                0.9999999253201847,
                7.442903774491217e-08,
                2.4918266702952423e-10,
                1.4526754943476685e-12,
                1.4224271112145462e-13
            ],
            [
                0.0,
                4.9164589662396296e-11,
                0.9999999992807869,
                1.8659857520131298e-10,
                4.834499884418121e-10
            ],
            [
                0.0,
                8.218421586064579e-12,
                1.4268373532052206e-09,
                5.967343561109724e-07,
                0.9999994018305881
            ],
            [
                0.0,
                3.903433789578342e-11,
                2.9158339863741514e-08,
                5.381445678019651e-05,
                0.9999461563458456
            ]
        ],
        [
            [
                0.9999999950994827,
                4.846116372518144e-09,
                5.377442824771559e-11,
                5.86705596684177e-13,
                3.9905032707833665e-14
            ],
            [
                0.9999999629615413,
                3.6694747622934923e-08,
                3.418653419009109e-10,
                1.6931971336031092e-12,
                1.525441918036736e-13
            ],
            [
                0.0,
                4.517572306641461e-11,
                0.9999999995124007,
                2.1015285703546887e-10,
                2.3227086277121785e-10
            ],
            [
                0.0,
                2.2329324263526068e-12,
                1.2193311082206658e-09,
                2.0379731229610818e-08,
                0.9999999783987048
            ],
            [
                0.0,
                4.488043088983066e-12,
                2.6769623758031583e-10,
                6.9503924984575526e-09,
                0.9999999927774232
            ]
        ],
        [
            [
                0.9999999958585737,
                3.6394519561139145e-09,
                4.998487185990237e-10,
                2.043480608536803e-12,
                8.203175206349202e-14
            ],
            [
                0.9999999622727548,
                3.71465602643896e-08,
                5.780182067548165e-10,
                2.4839562722070325e-12,
                1.82768695622481e-13
            ],
            [
                0.0,
                5.970194626107538e-11,
                0.9999999987672721,
                6.448185504937845e-10,
                5.282073438951117e-10
            ],
            [
                0.0,
                2.050086053114772e-12,
                8.396603856719737e-10,
                2.426659943887125e-09,
                0.9999999967316295
            ],
            [
                0.0,
                7.618558886804863e-13,
                3.1944342027655664e-10,
                2.7840279847220885e-08,
                0.9999999718395148
            ]
        ],
        [
            [
                0.9999999981958927,
                1.736178570571257e-09,
                6.745519115576946e-11,
                4.4362358466360317e-13,
                2.991566278760357e-14
            ],
            [
                0.9999999814015442,
                1.8368339243731218e-08,
                2.290758150194971e-10,
                9.9305059069817e-13,
                4.776699375492153e-14
            ],
            [
                0.0,
                8.954446639543652e-11,
                0.9999999990667674,
                5.251144176624547e-10,
                3.1857393906161735e-10
            ],
            [
                0.0,
                4.405334976676867e-12,
                1.351059626297904e-09,
                9.960840043298188e-09,
                0.9999999886836949
            ],
            [
                0.0,
                3.1695354854248753e-12,
                5.446813935028998e-10,
                7.121203719633757e-09,
                0.9999999923309454
            ]
        ],
        [
            [
                0.9999999963494526,
                3.6186656081635643e-09,
                3.151675075247124e-11,
                3.205317635955566e-13,
                4.449716185478602e-14
            ],
            [
                0.9999999853120858,
                1.4524678020759114e-08,
                1.6158003512371024e-10,
                1.5357598143482529e-12,
                1.2061049237456738e-13
            ],
            [
                0.0,
                1.8196260808666445e-11,
