{
    "[['A', 'B', 'C', 'D', 'E'], ['A', 'B', 'C', 'D', 'E']]": [
        [
            [
                0.9999999812387389,
                1.84102887226754e-08,
                3.3106677026216906e-10,
                1.8614453498232825e-11,
                1.2910853546894277e-12
            ],
            [
                0.9898845551821035,
                0.010115368327991425,
                6.917267353755653e-08,
                6.794400682929831e-09,
                5.228308278536919e-10
            ],
            [
                0.0,
                6.289518233746289e-11,
                0.9999999966247763,
                1.4371617051505755e-09,
                1.875166735385584e-09
            ],
            [
                0.9999996516657019,
                3.4677095227679034e-07,
                1.4035165000298592e-09,
                1.1243116447752165e-10,
                4.7398053789132656e-11
            ],
            [
                0.9999997305665388,
                2.667534570047531e-07,
                1.4058366369515389e-09,
                7.056973908187239e-10,
                5.684699758425581e-10
            ]
        ],
        [
            [
                0.9999999803380896,
                1.9386591338022717e-08,
                2.6179798166600267e-10,
                9.758593171351017e-12,
                3.762602927296834e-12
            ],
            [
                2.564892709050095e-07,
                0.0058344608292958825,
                0.9941651721446734,
                1.10536759858527e-07,
                0.0
            ],
            [
                0.0,
                2.6584348574593438e-11,
                0.9999999983021755,
                1.1120786515510066e-09,
                5.591615996486703e-10
            ],
            [
                0.9999978280683113,
                2.1660064026509226e-06,
                4.243733041797308e-09,
                1.1068011092926337e-09,
                5.747520017907148e-10
            ],
            [
                0.9999999856412569,
                1.3897875356403278e-08,
                4.3831707525483557e-10,
                1.8238582348952958e-11,
                4.312109771670551e-12
            ]
        ],
        [
            [
                0.9999999801870387,
                1.9022828910756817e-08,
                7.260378960207833e-10,
                4.4505971704640704e-11,
                1.9588501922535077e-11
            ],
            [
                0.9997330684206523,
                0.0002669187822695137,
                1.2123769643104795e-08,
                2.3169521514814368e-10,
                4.4161333080348756e-10
            ],
            [
                0.0,
                5.33930838050056e-12,
                0.9999999996883093,
                1.9100177329996565e-10,
                1.1534946912830754e-10
            ],
            [
                0.9736739917010251,
                0.026326002055120996,
                5.686665997053489e-09,
                4.358777131968444e-10,
                1.213102067368827e-10
            ],
            [
                0.9999999237117274,
                7.459147733499011e-08,
                1.5267317105365111e-09,
                1.3612140550781282e-10,
                3.3942223478269664e-11
            ]
        ],
        [
            [
                0.9999999321116535,
                6.72665595703588e-08,
                5.747531425792476e-10,
                4.074745215204386e-11,
                6.286409103565301e-12
            ],
            [
                0.999247743914403,
                0.0007514934143101261,
                7.537567941451851e-07,
                8.627197972951909e-09,
                2.872947465708234e-10
            ],
            [
                0.0,
                3.003302436044365e-11,
                0.9999999983001091,
                8.164620764186637e-10,
                8.533956928561923e-10
            ],
            [
                0.9999995134338068,
                4.843326006180855e-07,
                1.8745766778701187e-09,
                2.808082440525327e-10,
                7.820776071600964e-11
            ],
            [
                0.9999998533788255,
                1.4487264343079125e-07,
                1.571731948192031e-09,
                1.5085812786838847e-10,
                2.594075009126285e-11
            ]
        ],
        [
            [
                0.999999916543558,
                8.041452815409741e-08,
                2.9480827626864455e-09,
                8.251677996777616e-11,
                1.1314252222694196e-11
            ],
            [
                0.9813899342559405,
                0.018609391549162826,
                6.60031670101387e-07,
                1.1545964426492452e-08,
                2.6172622332434553e-09
            ],
            [
                0.0,
                1.7742677003252393e-10,
                0.9999999946866778,
                1.9331195565109966e-09,
                3.202775767180631e-09
            ],
            [
                0.999999177352381,
                1.8985974956715166e-07,
                6.7895294074149575e-09,
                4.7798924197705034e-09,
                6.212184475974736e-07
            ],
            [
                0.9999998115486134,
                1.7358393760970473e-07,
                9.149808576310776e-09,
                3.1633319044922097e-09,
                2.554308581014617e-09
            ]
        ],
        [
            [
                0.9999995096068268,
                4.893538492919421e-07,
                1.0110345422368872e-09,
                2.751861838289054e-11,
                7.707629068877487e-13
            ],
            [
                0.9337742206447407,
                0.06622319586160517,
                2.5817884992481174e-06,
                1.5279610901595618e-09,
                1.7719376594478585e-10
            ],
            [
                0.0,
                4.8518641566626314e-11,
                0.9999999989295958,
                4.4895802339644055e-10,
                5.729274655046291e-10
            ],
            [
                0.9999995537173236,
                4.049580354745947e-07,
                2.7027611920151244e-08,
                2.630439408696506e-09,
                1.1666589457308536e-08
            ],
            [
                0.9999994449543839,
                5.495482441404979e-07,
                3.726029290264043e-09,
                1.215300464147257e-09,
                5.560422650086816e-10
            ]
        ],
        [
            [
                0.9999999706005618,
                2.9002698719201866e-08,
                3.770250378409914e-10,
                1.3129468478438564e-11,
                6.585059421153041e-12
            ],
            [
                0.9999915898659304,
                8.031076447403029e-06,
                1.5572425608588132e-08,
                2.3112827764518416e-08,
                3.403723688492131e-07
            ],
            [
                0.0,
                0.0,
                0.9999999996189621,
                9.803147664729772e-11,
                2.8300633468568207e-10
            ],
            [
                0.9999943917515701,
                5.59971207109498e-06,
                7.173634557641494e-09,
                1.055086157462903e-09,
                3.0763788968965206e-10
            ],
            [
                0.9999998885868774,
                1.1023947395262861e-07,
                1.0050473386848363e-09,
                1.005071748284181e-10,
                6.809403852146034e-11
            ]
        ],
        [
            [
                0.9999996942745158,
                3.0080497988088896e-07,
                4.2034463310468955e-09,
                4.6150043918972557e-10,
                2.55557430860528e-10
            ],
            [
                0.00019931364064552725,
                0.9997999726071426,
                7.075455758712197e-07,
                5.491599434094973e-09,
                7.150366871107655e-10
            ],
            [
                0.0,
                3.281727214507326e-11,
                0.9999999975012066,
                1.7688622236865674e-09,
                6.971140313005036e-10
            ],
            [
                0.9999986465708037,
                1.348602903948993e-06,
                3.667038045206796e-09,
                6.052139320047988e-10,
                5.540403002148274e-10
            ],
            [
                0.9999999753294248,
                2.4123091355969672e-08,
                5.323308211429235e-10,
                1.2293550268310242e-11,
                2.8595942729020434e-12
            ]
        ],
        [
            [
                0.999999960982185,
                3.858912357381441e-08,
                4.1888054735655516e-10,
                7.259028294911398e-12,
                2.5518696413688836e-12
            ],
            [
                0.9585244203551754,
                0.04147510149785558,
                4.358343013293241e-07,
                2.6078406854137424e-08,
                1.623426096890605e-08
            ],
            [
                0.0,
                1.4852750692290425e-10,
                0.9999999877511155,
                6.839204986692715e-09,
                5.2611520448176915e-09
            ],
            [
                0.9999998182025504,
                1.696099346411496e-07,
                1.0821447599733162e-08,
                9.228076915431031e-10,
                4.432597486021312e-10
            ],
            [
                0.9999999285915814,
                6.74111812566553e-08,
                3.401263838695164e-09,
                3.922706763707397e-10,
                2.0370268388326132e-10
            ]
        ],
        [
            [
                0.9999999745345778,
                2.403770808148831e-08,
                1.2304705668006545e-09,
                1.5267279173034963e-10,
                4.4570788458055126e-11
            ],
            [
                0.9995606034656748,
                0.0004392323416268532,
                1.240397056147441e-07,
                1.0254064562354052e-08,
                2.989892832163219e-08
            ],
            [
                0.0,
                2.5596901529802838e-11,
                0.9999999989271873,
                6.382026883676131e-10,
                4.0901334512061496e-10
            ],
            [
                0.9999979616980401,
                2.030634022478912e-06,
                4.765018448172883e-09,
                2.5842107768831444e-09,
                3.187082504989358e-10
            ],
            [
                0.9999999108844868,
                8.258256257217703e-08,
                4.538745757236282e-09,
                5.720135625259851e-10,
                1.4221912555644438e-09
            ]
        ],
        [
            [
                0.9999999938351074,
                6.01828809093817e-09,
                1.302707744874097e-10,
                7.849300462901716e-12,
                8.484641022435078e-12
            ],
            [
                0.9999671140637281,
                3.285839773708984e-05,
                2.383563866743776e-08,
                2.460421448388874e-09,
                1.2424747001032235e-09
            ],
            [
                0.0,
                4.9612891700541386e-11,
                0.9999999983490622,
                9.32316921955185e-10,
                6.69008019358229e-10
            ],
            [
                0.9999993093416989,
                4.6627767526193123e-07,
                1.4830544412536596e-08,
                5.751295582030983e-09,
                2.037987859050992e-07
            ],
            [
                0.9999997598707253,
                2.3563551491273707e-07,
                3.5643849438975623e-09,
                5.355387831688358e-10,
                3.9383600704737753e-10
            ]
        ],
        [
            [
                0.999999939350439,
                5.930730278427641e-08,
                1.1963083910796265e-09,
                1.0837155245535977e-10,
                3.7578428901121846e-11
            ],
            [
                0.9998434399380971,
                0.00015647696122167472,
                8.142763729754297e-08,
                9.470114992635318e-10,
                7.260324299731832e-10
            ],
            [
                0.0,
                1.0490510770488627e-11,
                0.9999999995270323,
                2.3607624218653064e-10,
                2.2640095940201087e-10
            ],
            [
                0.9999994204093515,
                5.724062421047761e-07,
                4.844674746067702e-09,
                7.516882788984324e-10,
                1.5880433883135155e-09
            ],
            [
                0.9999998332598939,
                1.6448377857913394e-07,
                1.8183857728692386e-09,
                1.5410606421727838e-10,
                2.8383557439350353e-10
            ]
        ],
        [
            [
                0.9999998947551211,
                1.0454637465755604e-07,
                6.6816383000112e-10,
                2.2520440919314428e-11,
                7.819951888963486e-12
            ],
            [
                0.9667358361350571,
                0.03326304633465563,
                1.1063827351169383e-06,
                1.057024355080534e-08,
                5.77308628491211e-10
            ],
            [
                0.0,
                1.0474680671468986e-10,
                0.999999978947369,
                1.4595995352589421e-08,
                6.3518886240576296e-09
            ],
            [
                0.9999997258427393,
                2.6736088054881424e-07,
                5.6420348522953225e-09,
                6.770322100178678e-10,
                4.773129793227878e-10
            ],
            [
                0.9999993843727827,
                6.038225888120293e-07,
                2.192137275705102e-09,
                1.4758804684806647e-09,
                8.136610782483453e-09
            ]
        ],
        [
            [
                0.9999999660853047,
                3.2977639383555014e-08,
                9.116774175999118e-10,
                2.2209130850478457e-11,
                3.1694870393352375e-12
            ],
            [
                0.9843825036335421,
                0.015617395463402975,
                9.972993393629122e-08,
                9.908574546264754e-10,
                1.8226351824603285e-10
            ],
            [
                0.0,
                2.927420321017519e-11,
                0.9999999983772307,
                7.348288389385747e-10,
                8.586661914884095e-10
            ],
            [
                0.9999993155901407,
                6.535345442426976e-07,
                1.3824273039766746e-08,
                3.2267690820179407e-09,
                1.3824273039766746e-08
            ],
            [
                0.9999998472766911,
                1.4686468393778832e-07,
                5.1592542742210544e-09,
                4.80553125226599e-10,
                2.1881759640514097e-10
            ]
        ],
        [
            [
                0.9999999200189856,
                7.838021534665834e-08,
                1.5622456496127338e-09,
                3.3634430814806316e-11,
                4.918951681533821e-12
            ],
            [
                0.9951294853212611,
                0.004869101909630955,
                1.3825381250490756e-06,
                2.085888541098422e-08,
                9.3720973712793e-09
            ],
            [
                0.0,
                2.023140492662606e-11,
                0.9999999994435746,
                1.1261895978354726e-10,
                4.235749457459296e-10
            ],
            [
                0.9999984342882193,
                1.5636833573912418e-06,
                1.921495908121397e-09,
                7.668469973297028e-11,
                3.024301106144973e-11
            ],
            [
                0.9999997093603613,
                2.850787365998903e-07,
                4.928425063855497e-09,
                5.346028967764352e-10,
                9.787416059615561e-11
            ]
        ],
        [
            [
                0.9999999760670671,
                2.3330296198960217e-08,
                5.821406950290679e-10,
                1.8390010439300004e-11,
                2.1058799384140712e-12
            ],
            [
                0.9922668302208046,
                0.007723337383589869,
                9.780909795010665e-06,
                4.6425100213913915e-08,
                5.0607104398378704e-09
            ],
            [
                0.0,
                7.746324233586137e-11,
                0.9999999905512601,
                6.789529263027805e-09,
                2.5817474621525295e-09
            ],
            [
                0.9999960558839655,
                5.661725201064716e-07,
                1.4725435841386138e-08,
                7.113682905294661e-09,
                3.3561043958599276e-06
            ],
            [
                0.9999997570778845,
                2.414770962703344e-07,
                1.1099764850827922e-09,
                1.4577645954040163e-10,
                1.8926613334750772e-10
            ]
        ],
        [
            [
                0.9999999488670113,
                5.0880353966748607e-08,
                2.4387411458120583e-10,
                7.221548617749836e-12,
                1.5392289490679029e-12
            ],
            [
                0.05390867821194791,
                0.9460901531922026,
                1.1365574062059392e-06,
                2.943836191364114e-08,
                2.6000813828687173e-09
            ],
            [
                0.0,
                5.4516338166650665e-11,
                0.9999999993482467,
                1.766710129204835e-10,
                4.205657365456908e-10
            ],
            [
                0.9999996010980137,
                3.8647701852450333e-07,
                3.6973360243536485e-09,
                2.496270781203369e-09,
                6.2313609495010155e-09
            ],
            [
                0.9999992411420691,
                7.573061244946222e-07,
                1.1724895259623674e-09,
                2.8529615645689643e-10,
                9.402059221556404e-11
            ]
        ],
        [
            [
                0.9999997548923879,
                2.4081637669147984e-07,
                4.100532250196367e-09,
                1.601682604330666e-10,
                3.053479096227908e-11
            ],
            [
                0.9999916849209002,
                8.220986750618424e-06,
                7.88972332989412e-08,
                8.74744337522433e-09,
                6.447672449509061e-09
            ],
            [
                0.0,
                1.4827014231621594e-11,
                0.9999999994518654,
                1.8871641430480908e-10,
                3.4459132807763616e-10
            ],
            [
                0.9999329832459446,
                6.701003300029497e-05,
                3.602097241987647e-09,
                8.368160858901989e-10,
                2.2821418687355705e-09
            ],
            [
                0.9999984452053697,
                1.5482274624690487e-06,
                5.247272154831452e-09,
                7.875657277839959e-10,
                5.323298162353627e-10
            ]
        ],
        [
            [
                0.9999999008977313,
                9.635728400700502e-08,
                2.51890799714943e-09,
                1.2660906920669965e-10,
                9.946762070879239e-11
            ],
            [
                0.9999585653995893,
                4.0954602246828065e-05,
                1.8183496501894084e-07,
                2.1957079871430575e-08,
                2.7620611902491723e-07
            ],
            [
                0.0,
                1.2959785209471446e-11,
                0.9999999996839337,
                8.598392036623295e-11,
                2.171226198674737e-10
            ],
            [
                0.9999982368115252,
                1.7584335673451196e-06,
                3.695482029582247e-09,
                8.496714963803557e-10,
                2.0975400991959768e-10
            ],
            [
                0.9999996269587141,
                3.7056566150761054e-07,
                1.8402345177509853e-09,
                5.209414854448853e-10,
                1.1444831797070186e-10
            ]
        ],
        [
            [
                0.9999999897228825,
                9.955882602300256e-09,
                2.94118414053563e-10,
                1.7223832050141726e-11,
                9.892456019501176e-12
            ],
            [
                0.9999860202237332,
                1.3939257418422464e-05,
                3.888377144764125e-08,
                1.3408473154668267e-09,
                2.942295038517741e-10
            ],
            [
                0.0,
                3.619704292662823e-11,
                0.9999999983699721,
                9.110134342330494e-10,
                6.828174626928155e-10
            ],
            [
                0.9999999355733937,
                5.9579639458342924e-08,
                3.2688866067661224e-09,
                9.257553013709592e-10,
                6.523249371699173e-10
            ],
            [
                0.9999999454614582,
                5.259659518189122e-08,
                9.76534301513378e-10,
                4.097433965423986e-10,
                5.55669017821408e-10
            ]
        ],
        [
            [
                0.999999980825162,
                1.898194550670075e-08,
                1.8337585736743616e-10,
                8.123386634645139e-12,
                1.39357786620661e-12
            ],
            [
                0.10209355478027225,
                0.8979037208206957,
                2.6928633688711672e-06,
                2.9749316491351003e-08,
                1.786346803048712e-09
            ],
            [
                0.0,
                9.538337564131185e-12,
                0.9999999991185338,
                4.0448574617230656e-10,
                4.674421230470584e-10
            ],
            [
                0.9999996204302303,
                3.7638793765977326e-07,
                2.578317478505696e-09,
                4.1252487206428197e-10,
                1.909897474171093e-10
            ],
            [
                0.9999998163504871,
                1.814760123186938e-07,
                1.8745767987767895e-09,
                2.6289935879612184e-10,
                3.602437388649165e-11
            ]
        ],
        [
            [
                0.9999999648502492,
                3.4312320743877866e-08,
                7.921440317011569e-10,
                2.188909526172796e-11,
                2.339674730198895e-11
            ],
            [
                0.9999750518211868,
                2.4883870480466173e-05,
                5.968768924665522e-08,
                1.981439778142058e-09,
                2.6392037446989916e-09
            ],
            [
                0.0,
                1.0322932424245669e-10,
                0.9999999921442136,
                3.961551465099541e-09,
                3.7910055189920966e-09
            ],
            [
                0.9999966825972115,
                3.3097401400309444e-06,
                6.955670909159143e-09,
                6.681612855016718e-10,
                3.8816134642717804e-11
            ],
            [
                0.9999997196243366,
                2.73654440506869e-07,
                5.752293530871221e-09,
                5.786877985646832e-10,
                3.9024155990632e-10
            ]
        ],
        [
            [
                0.9999999661687307,
                3.277490985778509e-08,
                1.0388751536738366e-09,
                1.6127636073160838e-11,
                1.3566973040930697e-12
            ],
            [
                0.978942162675127,
                0.021057411030360105,
                4.0823030151117774e-07,
                1.6103501261158108e-08,
                1.9607100170115814e-09
            ],
            [
                0.0,
                5.3611901197087085e-11,
                0.9999999952782497,
                3.0792041375543583e-09,
                1.5889341163937847e-09
            ],
            [
                0.9999990630091823,
                9.110469881143865e-07,
                7.286700312456851e-09,
                5.864326991584349e-09,
                1.2792802270910024e-08
            ],
            [
                0.9999996792381263,
                3.1804138250202207e-07,
                2.3126970975002908e-09,
                2.128187492675405e-10,
                1.9497524035536206e-10
            ]
        ],
        [
            [
                0.9999999825171831,
                1.7126400573934334e-08,
                3.4180601660266855e-10,
                1.1664457319330247e-11,
                2.945807283558086e-12
            ],
            [
                0.9423022754655905,
                0.0576957617019931,
                1.9508256209268025e-06,
                1.106679184134513e-08,
                9.400037500184511e-10
            ],
            [
                0.0,
                0.0,
                0.9999999996812525,
                3.752757176650115e-11,
                2.8121988832186495e-10
            ],
            [
                0.9999977945550395,
                1.8661355907045116e-06,
                1.6743300046448993e-08,
                9.048489762304384e-09,
                3.1351757999889385e-07
            ],
            [
                0.9999999726253167,
                2.3460774726339747e-08,
                1.8745766447920065e-09,
                5.302230952806447e-10,
                1.5091087009513822e-09
            ]
        ],
        [
            [
                0.999999975634306,
                2.397337749678443e-08,
                3.8347836007958143e-10,
                6.687559926341495e-12,
                2.150419068874879e-12
            ],
            [
                0.0010764102470840285,
                0.9989231149928602,
                4.732615155548139e-07,
                1.2069864853394093e-09,
                2.915536137533094e-10
            ],
            [
                0.0,
                6.261948169520075e-12,
                0.9999999998538955,
                4.342452267506586e-11,
                9.641798756030251e-11
            ],
            [
                0.9999948869903608,
                5.09787150916931e-06,
                8.379984888131822e-09,
                2.2325994773818734e-09,
                4.525545717772736e-09
            ],
            [
                0.9999999799917543,
                1.9461614523771193e-08,
                5.12297007328519e-10,
                2.2136770386048698e-11,
                1.2197462384165665e-11
            ]
        ],
        [
            [
                0.9999999533881876,
                4.577967813194893e-08,
                7.959743062309459e-10,
                3.357072067350003e-11,
                2.5892836463460728e-12
            ],
            [
                0.00012772701946620787,
                0.9998655726191836,
                6.693725395310545e-06,
                6.263666171103072e-09,
                3.7228874967162685e-10
            ],
            [
                0.0,
                1.0010292202419514e-10,
                0.9999999961248986,
                9.554133581891575e-10,
                2.819585272599703e-09
            ],
            [
                0.9999997132310271,
                2.52121276650257e-07,
                1.6022861097089083e-08,
                3.906953145330205e-09,
                1.471788193868252e-08
            ],
            [
                0.9999997703128436,
                2.2828234040801156e-07,
                1.1003181577355187e-09,
                2.2625246221434243e-10,
                7.824536190122427e-11
            ]
        ],
        [
            [
                0.9999999787895872,
                2.064743130160835e-08,
                5.492351026841836e-10,
                1.2878100535273664e-11,
                8.681206433088879e-13
            ],
            [
                0.012130755736270347,
                0.9878680828254872,
                1.1164221423419702e-06,
                4.058377140702578e-08,
                4.432328474020014e-09
            ],
            [
                0.0,
                2.65116855036855e-11,
                0.9999999986289281,
                4.834370787915957e-10,
                8.611230880940296e-10
            ],
            [
                0.9999976165642179,
                2.351231585126305e-06,
                2.259792578977524e-08,
                5.815916437797454e-09,
                3.7903548382368996e-09
            ],
            [
                0.9999998689490557,
                1.271902794706786e-07,
                2.642790360289775e-09,
                5.560422356260204e-10,
                6.618320929761718e-10
            ]
        ],
        [
            [
                0.9999999626573414,
                3.697387285257814e-08,
                3.5769006136903653e-10,
                9.419537468957014e-12,
                1.6761445364563454e-12
            ],
            [
                0.9999383381279168,
                6.138867822669817e-05,
                2.7103949890709976e-07,
                1.199864003080103e-09,
                9.54493510961378e-10
            ],
            [
                0.0,
                5.087368003726646e-11,
                0.9999999973232547,
                1.5149545411329926e-09,
                1.11091688303545e-09
            ],
            [
                0.9999995839583212,
                4.077548044233944e-07,
                3.604770706436339e-09,
                1.3781588749409333e-09,
                3.3039447303269033e-09
            ],
            [
                0.9999999438195746,
                4.065256954415632e-08,
                2.687666494621249e-09,
                1.347001834417755e-09,
                1.1493187562884829e-08
            ]
        ],
        [
            [
                0.9999999883965346,
                1.11128195013501e-08,
                4.5264669994789653e-10,
                1.6907518315682096e-11,
                2.109149104970518e-11
            ],
            [
                0.9983432902638888,
                0.0016566964964060413,
                1.2145804217320082e-08,
                6.856311987704543e-10,
                4.0826980217141054e-10
            ],
            [
                0.0,
                1.2739342037508683e-10,
                0.9999999777828164,
                1.4517227547860958e-08,
                7.572562604862883e-09
            ],
            [
                0.9999991557077591,
                8.27540753424736e-07,
                6.547422199714955e-09,
                2.751392300583857e-09,
                7.452672982663858e-09
            ],
            [
                0.9999977214947078,
                2.2776055190776355e-06,
                6.939751843850982e-10,
                1.5049744931451513e-10,
                5.5300749843883094e-11
            ]
        ],
        [
            [
                0.9999999542302068,
                4.5370945413461764e-08,
                3.808288105827448e-10,
                1.707966010823768e-11,
                9.393535322340297e-13
            ],
            [
                2.9401289653314827e-05,
                0.9998056944674726,
                0.00016489413100801592,
                9.737060175004141e-09,
                3.7480595893762156e-10
            ],
            [
                0.0,
                5.536225017923088e-12,
                0.9999999998150426,
                2.6588303947465273e-11,
                1.528327482574605e-10
            ],
            [
                0.9999996878998989,
                3.0174968684214513e-07,
                3.5643851122736638e-09,
                1.0553961689836862e-09,
                5.730633035952561e-09
            ],
            [
                0.9999997662900946,
                2.2985237413515974e-07,
                2.3641927536126207e-09,
                9.07430580505955e-10,
                5.859080372668599e-10
            ]
        ],
        [
            [
                0.9999998860503053,
                1.1258809745099778e-07,
                1.3412847633806988e-09,
                1.746276332290403e-11,
                2.849771812094135e-12
            ],
            [
                4.805423685817932e-09,
                8.39614394236052e-07,
                0.9999991272587313,
                2.8321450830407914e-08,
                0.0
            ],
            [
                0.0,
                5.769822364561385e-12,
                0.9999999998570157,
                4.547033279141488e-11,
                9.174421543609719e-11
            ],
            [
                0.9999931043853083,
                6.541365908950629e-06,
                3.6073314333032645e-08,
                2.140385795049067e-08,
                2.967716102931276e-07
            ],
            [
                0.9999997458130225,
                2.4918849813392123e-07,
                4.237060557351385e-09,
                6.473595756690005e-10,
                1.140591102121784e-10
            ]
        ],
        [
            [
                0.9999998984003611,
                1.013940076223007e-07,
                1.9763169994281715e-10,
                6.76129515307731e-12,
                1.2382970905661435e-12
            ],
            [
                5.11776766206547e-07,
                0.0005136730488774138,
                0.9994857323194796,
                8.285487689004753e-08,
                0.0
            ],
            [
                0.0,
                3.2455608800700365e-11,
                0.9999999990904516,
                2.8664013269163136e-10,
                5.904526865040405e-10
            ],
            [
                1.1632215158196645e-08,
                1.1632215158196645e-08,
                4.34400177449707e-07,
                9.47495714579821e-06,
                0.9999900673782464
            ],
            [
                0.9999995302970489,
                4.6739960085736066e-07,
                1.4053889646379921e-09,
                5.967681662189403e-10,
                3.0119317948949853e-10
            ]
        ],
        [
            [
                0.9999999838489011,
                1.5753132636292402e-08,
                3.8745660810884325e-10,
                8.474839603263936e-12,
                2.0350246802363314e-12
            ],
            [
                0.9916191224079408,
                0.00838083365854665,
                4.2793041766813085e-08,
                1.0405092386751396e-09,
                9.996154354258014e-11
            ],
            [
                0.0,
                8.591899979202074e-11,
                0.9999999929946921,
                3.80087388254565e-09,
                3.1185150411435457e-09
            ],
            [
                0.9999976752622445,
                2.297683445790843e-06,
                1.298088336325306e-08,
                4.077890479888126e-09,
                9.995535837381215e-09
            ],
            [
                0.9999999943458042,
                5.50785903377425e-09,
                1.3576409718563384e-10,
                8.145558058461465e-12,
                2.4271978264792004e-12
            ]
        ],
        [
            [
                0.9999999893534531,
                1.037774577345891e-08,
                2.522243122390935e-10,
                1.3321025215838836e-11,
                3.2559198789438805e-12
            ],
            [
                0.8636383990218763,
                0.1363589639129916,
                2.620540554517312e-06,
                1.5289267312113517e-08,
                1.2353100770149598e-09
            ],
            [
                0.0,
                9.141769820201761e-12,
                0.999999999645943,
                2.089238976683914e-10,
                1.3599112724962147e-10
            ],
            [
                0.9999971269244832,
                2.2141302932564835e-06,
                1.9802960321006967e-08,
                1.3948332137794099e-08,
                6.251939309821502e-07
            ],
            [
                0.9999999673855253,
                3.197229209389817e-08,
                5.684699749332419e-10,
                6.411928677582082e-11,
                9.593383574243514e-12
            ]
        ],
        [
            [
                0.9999999822514541,
                1.735990681069931e-08,
                3.765507228335845e-10,
                9.216914459656848e-12,
                2.8714654818397225e-12
            ],
            [
                0.9999968448239824,
                3.0500931727096536e-06,
                3.092289207612156e-08,
                3.092289207612156e-08,
                4.323706082451049e-08
            ],
            [
                0.0,
                2.9890327665248254e-11,
                0.9999999982146208,
                1.008713506029182e-09,
                7.467752221559204e-10
            ],
            [
                0.9999988359971074,
                1.1525008473011926e-06,
                8.264539225766886e-09,
                1.849848860575964e-09,
                1.3876572710751025e-09
            ],
            [
                0.999999230954668,
                7.662593086157919e-07,
                2.176613389196336e-09,
                3.147993719192877e-10,
                2.946107979798095e-10
            ]
        ],
        [
            [
                0.9999999660904431,
                3.3544913716426246e-08,
                3.501360264360341e-10,
                1.1814679311829175e-11,
                2.6923160385741236e-12
            ],
            [
                0.9992402795316258,
                0.0007484758506076916,
                1.1239489240624335e-05,
                4.546621633681601e-09,
                5.819042536311483e-10
            ],
            [
                0.0,
                4.9392046763927845e-11,
                0.9999999880754741,
                9.448432293108214e-09,
                2.4267015796174967e-09
            ],
            [
                0.999999780101907,
                2.123730261217163e-07,
                4.901595264455936e-09,
                1.8232410407544231e-09,
                8.002305859934426e-10
            ],
            [
                0.999999932927609,
                6.620019847861157e-08,
                8.456199368559304e-10,
                2.2728046137507237e-11,
                3.844644970332678e-12
            ]
        ],
        [
            [
                0.9999999475774032,
                5.0775457785632806e-08,
                1.4002435932336736e-09,
