{
    "[['A', 'B', 'C', 'D', 'E'], ['A', 'B', 'C', 'D', 'E']]": [
        [
            [
                0.25443081776970616,
                0.7455691765935029,
                5.5927811265783054e-09,
                4.1477795895489325e-11,
                2.5319093593460042e-12
            ],
            [
                1.21201350667284e-05,
                0.9999878787000408,
                1.1560877698748723e-09,
                7.944265059294935e-12,
                8.603140965570321e-13
            ],
            [
                0.0,
                2.3351974854548567e-12,
                0.9999999999274856,
                1.5672819119234254e-11,
                5.4506460835138296e-11
            ],
            [
                0.0,
                1.2395241924645373e-11,
                1.8085419465432383e-09,
                0.0002669040254398391,
                0.999733094153623
            ],
            [
                0.0,
                5.003829122697178e-10,
                7.845619587956064e-08,
                0.0599341598039215,
                0.9400657612394997
            ]
        ],
        [
            [
                0.0014327411762730731,
                0.9985672585799752,
                2.2744623173231117e-10,
                1.5628639630154147e-11,
                6.770609258379337e-13
            ],
            [
                7.22733431120888e-05,
                0.99992772459607,
                2.03403432574699e-09,
                2.5060335954960215e-11,
                1.7230788865252344e-12
            ],
            [
                0.0,
                6.956293448540402e-13,
                0.9999999999511668,
                1.079401373794219e-11,
                3.734342498013597e-11
            ],
            [
                0.0,
                6.146880628790566e-11,
                1.6302431291734222e-08,
                0.0003343048930892005,
                0.9996656787430108
            ],
            [
                0.0,
                9.130552145484035e-11,
                1.308925714750819e-08,
                0.0015281995538428137,
                0.9984717872655945
            ]
        ],
        [
            [
                4.8649913255604666e-05,
                0.9999513496566077,
                4.239176308007918e-10,
                5.676437944958489e-12,
                5.429235099372816e-13
            ],
            [
                0.008631520554156977,
                0.9913684721737528,
                7.247156090231795e-09,
                2.299586821609857e-11,
                1.9383668264585304e-12
            ],
            [
                0.0,
                2.2958166889943623e-12,
                0.9999999999116749,
                3.047503672237442e-11,
                5.555447762565679e-11
            ],
            [
                0.0,
                4.15975327192778e-10,
                5.231016639127881e-08,
                0.35769569098910015,
                0.6423042562847582
            ],
            [
                0.0,
                2.756447946255712e-11,
                2.999121084664019e-09,
                8.055119675816312e-05,
                0.9999194457765562
            ]
        ],
        [
            [
                0.011587243295798442,
                0.9884127521017104,
                4.577799587562544e-09,
                2.2644013349463296e-11,
                2.047471691550221e-12
            ],
            [
                0.00019406515515787385,
                0.9998059341356578,
                7.05256021970162e-10,
                3.48382337576586e-12,
                4.4452307855991153e-13
            ],
            [
                0.0,
                6.95904048277449e-13,
                0.9999999999624996,
                1.7792111514326573e-11,
                1.901235358305417e-11
            ],
            [
                0.0,
                8.333338901628701e-11,
                5.98016162427103e-09,
                0.008244482652346957,
                0.9917555112841581
            ],
            [
                0.0,
                2.393506546165946e-10,
                9.664307381166211e-09,
                0.37504346903204316,
                0.6249565210642987
            ]
        ],
        [
            [
                0.8140995505011117,
                0.18590044438352224,
                5.06340422833811e-09,
                4.825432398611562e-11,
                3.7074782959387986e-12
            ],
            [
                0.9995760754712054,
                0.000423923598083036,
                9.232935991739764e-10,
                7.0737989533763915e-12,
                3.4416124052977576e-13
            ],
            [
                0.0,
                1.0595171236994044e-12,
                0.9999999999486853,
                1.7795301761462894e-11,
                3.245988049675725e-11
            ],
            [
                0.0,
                4.653445344499596e-10,
                2.6086666098267786e-08,
                0.4594858442042788,
                0.5405141292437106
            ],
            [
                0.0,
                3.381311906907614e-11,
                2.6131022594103267e-09,
                2.146505024536929e-07,
                0.9999997827025822
            ]
        ],
        [
            [
                0.0005225033760572358,
                0.9994774961307742,
                4.82114746506705e-10,
                9.703542278138278e-12,
                1.3502768992437015e-12
            ],
            [
                6.827608777661021e-06,
                0.9999931719995577,
                3.804541911667665e-10,
                1.0204918783611234e-11,
                1.005609511482254e-12
            ],
            [
                0.0,
                4.5072998221997613e-13,
                0.9999999999731333,
                6.354169256467993e-12,
                2.0061790988236448e-11
            ],
            [
                0.0,
                2.663962306100612e-11,
                1.0861909396546575e-09,
                7.32446957925804e-05,
                0.9999267541913768
            ],
            [
                0.0,
                5.040324185345433e-10,
                4.982890588947961e-08,
                0.12275126168622155,
                0.8772486879808401
            ]
        ],
        [
            [
                2.6181164765310894e-05,
                0.9999738183094943,
                5.219072127499494e-10,
                3.342592540762509e-12,
                4.906327667034853e-13
            ],
            [
                0.00024731382030590906,
                0.9997526857655001,
                4.012316184171936e-10,
                1.1545506268821846e-11,
                1.4169416866452661e-12
            ],
            [
                0.0,
                3.3561806019528946e-12,
                0.9999999999128151,
                3.341829121441076e-11,
                5.041023561525366e-11
            ],
            [
                0.0,
                3.146839492023253e-11,
                2.0787224166507697e-09,
                1.1378897459867063e-05,
                0.9999886189923494
            ],
            [
                0.0,
                2.4270661168674036e-10,
                5.4680753238112915e-08,
                0.0028245850751229496,
                0.9971753600014172
            ]
        ],
        [
            [
                0.001876818562596693,
                0.9981231809917257,
                4.3631024871850966e-10,
                8.95657789468638e-12,
                4.107616295534608e-13
            ],
            [
                1.617317668505782e-06,
                0.9999983822896368,
                3.8622665283455997e-10,
                4.868520257060967e-12,
                1.5995592736988908e-12
            ],
            [
                0.0,
                2.0062660889396592e-12,
                0.99999999991888,
                1.64625160497187e-11,
                6.265117243067973e-11
            ],
            [
                0.0,
                3.6462593234426974e-10,
                1.046542537877057e-08,
                0.0015878634438933738,
                0.9984121257260552
            ],
            [
                0.0,
                1.5603388598725106e-10,
                1.2401171513046797e-08,
                0.00022849046540094213,
                0.9997714969773938
            ]
        ],
        [
            [
                0.0177955541002317,
                0.9822044411973646,
                4.664867088063019e-09,
                3.449048284798457e-11,
                3.046142460075555e-12
            ],
            [
                9.142709178813927e-05,
                0.9999085715894408,
                1.310333894276665e-09,
                7.357831877254785e-12,
                1.0794811260994709e-12
            ],
            [
                0.0,
                2.797729540905336e-12,
                0.9999999999487061,
                1.9986055147698844e-11,
                2.8510073751304098e-11
            ],
            [
                0.0,
                5.1463449558607394e-11,
                6.4443528562858775e-09,
                0.00012298777860916685,
                0.9998770057255746
            ],
            [
                0.0,
                5.2598422016182107e-11,
                4.53361477893938e-09,
                1.7435358698859394e-05,
                0.9999825600550879
            ]
        ],
        [
            [
                0.7827915697483397,
                0.21720842708821844,
                3.1071275027669413e-09,
                5.074962907206003e-11,
                5.564639496002805e-12
            ],
            [
                0.00015331744106105048,
                0.9998466814459845,
                1.073515994564091e-09,
                3.649019491298943e-11,
                2.948297417464043e-12
            ],
            [
                0.0,
                2.4403115109921764e-12,
                0.9999999999268228,
                2.1580627418011158e-11,
                4.915633827352617e-11
            ],
            [
                0.0,
                6.819775919835874e-11,
                3.4264431186702206e-09,
                0.9978836003027782,
                0.0021163962025808974
            ],
            [
                0.0,
                8.023070927814059e-11,
                1.922196985369712e-08,
                5.795121622720947e-05,
                0.9999420294815722
            ]
        ],
        [
            [
                0.010720164608152293,
                0.9892798338123912,
                1.5553004258899673e-09,
                2.2033525509097458e-11,
                2.122623376963365e-12
            ],
            [
                1.4093148031178941e-07,
                0.9999998500081582,
                9.005513800004826e-09,
                5.1457949849635356e-11,
                3.389736879036623e-12
            ],
            [
                0.0,
                2.063542112759765e-12,
                0.999999999937651,
                1.37342103933978e-11,
                4.6551471852649607e-11
            ],
            [
                0.0,
                5.86369411714398e-11,
                2.5278887955837064e-09,
                0.00596018331672928,
                0.9940398140967449
            ],
            [
                0.0,
                5.330997087078348e-11,
                4.831414070747909e-09,
                0.0003518234130483235,
                0.9996481717022275
            ]
        ],
        [
            [
                0.0012753926034108592,
                0.9987246061054675,
                1.2708090476770518e-09,
                1.9471312434793e-11,
                8.413215011922598e-13
            ],
            [
                3.249869656176911e-07,
                0.999999662714655,
                1.2103298645141524e-08,
                1.8774813111240845e-10,
                7.33257223441185e-12
            ],
            [
                0.0,
                1.2081431848022471e-12,
                0.9999999999452527,
                1.4630842314879202e-11,
                3.8908492281736166e-11
            ],
            [
                0.0,
                2.0111415798865362e-10,
                2.172769555647074e-08,
                0.4174472845262275,
                0.5825526935449629
            ],
            [
                0.0,
                1.5981731915058092e-10,
                1.77611815556579e-08,
                0.029942888713624646,
                0.9700570933653765
            ]
        ],
        [
            [
                0.00019806022905122868,
                0.9998019394580073,
                3.0745252879486837e-10,
                4.4335651236593156e-12,
                1.0553945159458636e-12
            ],
            [
                4.3228222559331056e-07,
                0.9999995635911135,
                4.064650522678521e-09,
                5.55821427811942e-11,
                6.428163093643626e-12
            ],
            [
                0.0,
                1.5775140430057587e-12,
                0.9999999999664322,
                8.669148570169095e-12,
                2.332131857133739e-11
            ],
            [
                0.0,
                8.361982503707456e-11,
                1.9602651048101115e-09,
                0.00024987830249471524,
                0.9997501196536204
            ],
            [
                0.0,
                1.0158471668026059e-10,
                4.887230581578772e-08,
                2.8558490175112797e-05,
                0.9999713925359343
            ]
        ],
        [
            [
                3.47004855769796e-05,
                0.9999652990171749,
                4.805998839810443e-10,
                1.562696967974229e-11,
                1.021431941803556e-12
            ],
            [
                0.002174018795646228,
                0.9978259780273923,
                3.135363964941785e-09,
                4.0269657757957385e-11,
                1.3279592912186447e-12
            ],
            [
                0.0,
                1.2339070776226027e-12,
                0.9999999999499414,
                2.468372079274943e-11,
                2.4140821942428303e-11
            ],
            [
                0.0,
                7.38070435549313e-11,
                6.107887689774074e-09,
                0.00391338855408892,
                0.9960866052642163
            ],
            [
                0.0,
                1.5824058759839975e-11,
                1.40829238192945e-09,
                1.506215341353547e-06,
                0.9999984923605423
            ]
        ],
        [
            [
                0.001011784695414744,
                0.9989882147409969,
                5.598050818095617e-10,
                2.725424325102575e-12,
                1.0579500935629493e-12
            ],
            [
                1.0890153829138259e-07,
                0.9999998546812388,
                3.6338144935340834e-08,
                7.461867950036212e-11,
                4.459253413450542e-12
            ],
            [
                0.0,
                8.525971811216761e-13,
                0.9999999999779892,
                5.522472525763877e-12,
                1.5635675651909388e-11
            ],
            [
                0.0,
                1.5794869527038525e-11,
                7.858401705433079e-10,
                0.0014310656314661244,
                0.9985689335668989
            ],
            [
                0.0,
                6.795015669480794e-11,
                6.312744513905135e-09,
                0.0002668088370100055,
                0.9997331847822953
            ]
        ],
        [
            [
                0.005695003203298838,
                0.9943049957639962,
                1.0224159341033874e-09,
                9.39114037802936e-12,
                8.978432159221895e-13
            ],
            [
                0.04524864705622306,
                0.9547513501642046,
                2.718409307192281e-09,
                5.835489070922845e-11,
                2.8082723667189073e-12
            ],
            [
                0.0,
                5.196198732774334e-13,
                0.9999999999419309,
                8.527326002620026e-12,
                4.902216611202234e-11
            ],
            [
                0.0,
                1.0006913028633634e-10,
                1.6846575191050388e-08,
                0.002756966395445986,
                0.9972430166579098
            ],
            [
                0.0,
                6.293274440958208e-11,
                4.850231552178598e-09,
                0.0013551906463328072,
                0.9986448044405029
            ]
        ],
        [
            [
                0.8641347626721311,
                0.13586523438821144,
                2.911780967039036e-09,
                2.5535655128195416e-11,
                2.340878907832855e-12
            ],
            [
                4.5630459900107863e-07,
                0.9999995386413472,
                5.014618486904296e-09,
                3.748507900630568e-11,
                1.95029340598575e-12
            ],
            [
                0.0,
                7.675266599537784e-13,
                0.9999999999751517,
                6.403370492211705e-12,
                1.7677339264889375e-11
            ],
            [
                0.0,
                8.196466749274931e-10,
                9.379881170836952e-08,
                0.0024889972499236657,
                0.997510908131618
            ],
            [
                0.0,
                8.410014776530131e-11,
                4.550369314984951e-09,
                6.440396570535837e-05,
                0.9999355913998251
            ]
        ],
        [
            [
                2.9013433945022797e-06,
                0.999997097260276,
                1.3837903823443232e-09,
                1.1247700219890972e-11,
                1.2916370540672124e-12
            ],
            [
                2.418350220856822e-05,
                0.9999758134678616,
                2.980502058626552e-09,
                4.787962841824688e-11,
                1.5482330993780528e-12
            ],
            [
                0.0,
                5.183686365335727e-13,
                0.9999999999804738,
                4.668322086565168e-12,
                1.4339484544384021e-11
            ],
            [
                0.0,
                3.634800313473766e-11,
                2.7904486636391028e-09,
                0.00029187777803430496,
                0.9997081193951691
            ],
            [
                0.0,
                2.7889241642513864e-11,
                2.1943838575014115e-09,
                5.912551881738835e-06,
                0.9999940852258452
            ]
        ],
        [
            [
                2.487345655875944e-05,
                0.999975126367782,
                1.7104381420899088e-10,
                4.118326504074481e-12,
                4.970557166351383e-13
            ],
            [
                9.80538820357614e-06,
                0.9999901864708385,
                8.1030959629006e-09,
                3.602402697777845e-11,
                1.8377553000787487e-12
            ],
            [
                0.0,
                7.231290102548637e-13,
                0.9999999999710014,
                8.257861177316813e-12,
                2.001764375574938e-11
            ],
            [
                0.0,
                8.87983311674722e-11,
                1.250284732006486e-08,
                5.8696546308187614e-05,
                0.9999412908620461
            ],
            [
                0.0,
                7.216265768559195e-11,
                5.945961361692903e-09,
                5.5252529157147074e-05,
                0.9999447414527188
            ]
        ],
        [
            [
                2.2092021205944744e-07,
                0.9999997782172421,
                8.458328353793522e-10,
                1.4813361398277668e-11,
                1.899675745645663e-12
            ],
            [
                7.834031388198391e-06,
                0.9999921642045589,
                1.7589575431839442e-09,
                4.1074301946156864e-12,
                9.878724775291606e-13
            ],
            [
                0.0,
                1.1085001512050225e-12,
                0.9999999999208611,
                2.94480326084221e-11,
                4.85824449432447e-11
            ],
            [
                0.0,
                1.9616292959155576e-10,
                3.194053867373822e-08,
                0.008591869875863285,
                0.9914080979874351
            ],
            [
                0.0,
                2.5173108689776888e-11,
                1.0800264902572649e-09,
                0.00016663287794947804,
                0.999833366016851
            ]
        ],
        [
            [
                0.8905471484958027,
                0.10945284683156356,
                4.648985076788871e-09,
                2.2073611590351108e-11,
                1.5750697175506187e-12
            ],
            [
                2.301173205879066e-07,
                0.9999997448382623,
                2.4859235954925814e-08,
                1.7861858865865154e-10,
                6.562427677214137e-12
            ],
            [
                0.0,
                7.553059328263003e-13,
                0.9999999999815419,
                6.197582139367611e-12,
                1.1505343529832892e-11
            ],
            [
                0.0,
                6.307878400815729e-10,
                1.3821155089161883e-07,
                0.0014152573346101083,
                0.9985846038230511
            ],
            [
                0.0,
                1.9658643961491494e-11,
                1.1359369272568194e-09,
                6.223688709406143e-05,
                0.9999377619573103
            ]
        ],
        [
            [
                0.03428453349798599,
                0.9657154635946074,
                2.8344783174702123e-09,
                6.995578380863618e-11,
                2.9722998348479964e-12
            ],
            [
                2.712440332970245e-07,
                0.9999997193931215,
                9.294498966263517e-09,
                6.287430979151244e-11,
                5.471924109855591e-12
            ],
            [
                0.0,
                2.7279102518762803e-12,
                0.9999999999077112,
                2.5335339487048424e-11,
                6.422565380714692e-11
            ],
            [
                0.0,
                2.111145491712662e-11,
                1.1976211012962516e-09,
                2.589032487753881e-06,
                0.9999974097487797
            ],
            [
                0.0,
                2.183134785510255e-11,
                3.0840296805522878e-09,
                0.00011172093998987269,
                0.999888275954149
            ]
        ],
        [
            [
                0.9376047240434292,
                0.06239527230164452,
                3.6015339678060724e-09,
                5.055177405522623e-11,
                2.8407143444635986e-12
            ],
            [
                9.302835978161581e-07,
                0.9999990677458531,
                1.9564289635642207e-09,
                1.3207305589835137e-11,
                9.127826777874367e-13
            ],
            [
                0.0,
                1.87350864851725e-12,
                0.9999999999483145,
                1.3717062774691118e-11,
                3.609493845979042e-11
            ],
            [
                0.0,
                1.277306455233743e-10,
                5.880355009320045e-09,
                1.7745142268203607e-05,
                0.9999822488496461
            ],
            [
                0.0,
                1.287586522101674e-11,
                2.200624664392422e-09,
                4.331314743362073e-05,
                0.9999566846390657
            ]
        ],
        [
            [
                0.03021972506627517,
                0.9697802725439789,
                2.3383521956027825e-09,
                4.8246777787066394e-11,
                3.1468981070082756e-12
            ],
            [
                4.063179894648486e-06,
                0.9999959361018028,
                7.072227356192035e-10,
                1.0557070976567074e-11,
                5.226555084196586e-13
            ],
            [
                0.0,
                2.0522456426273374e-12,
                0.9999999999145626,
                2.7861274087643508e-11,
                5.5524074923690106e-11
            ],
            [
                0.0,
                2.7890621860303325e-11,
                2.4869655830638376e-09,
                1.0902873655953893e-05,
                0.9999890946114879
            ],
            [
                0.0,
                1.500199149811867e-11,
                1.4518356577099806e-09,
                3.64226163620939e-05,
                0.9999635759168002
            ]
        ],
        [
            [
                5.065858550405841e-05,
                0.9999493411234258,
                2.8641770462653234e-10,
                3.844798787108436e-12,
                8.076093369388414e-13
            ],
            [
                2.6133191034328415e-07,
                0.9999997290097731,
                9.647069312839973e-09,
                9.299662834288931e-12,
                1.9477542820743734e-12
            ],
            [
                0.0,
                2.284381243839004e-12,
                0.9999999998839204,
                1.786696112192337e-11,
                9.592821547972841e-11
            ],
            [
                0.0,
                1.0415000682288614e-09,
                3.1364796420547286e-07,
                0.054544984893873216,
                0.9454547004166626
            ],
            [
                0.0,
                1.5775931423618103e-11,
                8.761699122920702e-10,
                5.545460196020986e-07,
                0.9999994445620346
            ]
        ],
        [
            [
                0.0011540061078214505,
                0.9988459933678566,
                5.159763855350311e-10,
                7.148342225388101e-12,
                1.1971054524577787e-12
            ],
            [
                4.980703427312351e-05,
                0.9999501919310316,
                1.007953848133123e-09,
                2.510368050998227e-11,
                1.6377196943355379e-12
            ],
            [
                0.0,
                2.683001647289474e-12,
                0.9999999999076405,
                4.0375328410616054e-11,
                4.9301126348034076e-11
            ],
            [
                0.0,
                1.381445329912486e-10,
                2.876245729767607e-08,
                9.175849604514588e-05,
                0.9999082126033529
            ],
            [
                0.0,
                1.2129770726730627e-10,
                4.241750548048392e-09,
                0.003992843974626771,
                0.996007151662325
            ]
        ],
        [
            [
                0.008471206283912226,
                0.9915287883113352,
                5.384766514228417e-09,
                1.863907529412302e-11,
                1.347025599044582e-12
            ],
            [
                3.758182149636492e-06,
                0.9999962380778619,
                3.631124718213961e-09,
                1.0443580650404499e-10,
                4.428038324311537e-12
            ],
            [
                0.0,
                1.2384033571447454e-12,
                0.9999999999461417,
                1.9745978035014634e-11,
                3.2873905993770016e-11
            ],
            [
                0.0,
                4.567451175391374e-11,
                5.754389527070806e-09,
                8.621869358978063e-05,
                0.9999137755063462
            ],
            [
                0.0,
                8.885063341509464e-12,
                6.003907797774373e-10,
                9.269820393590767e-07,
                0.9999990724086848
            ]
        ],
        [
            [
                0.8766535600435891,
                0.1233464352202858,
                4.678803678368165e-09,
                5.0306696593421476e-11,
                7.014695326574593e-12
            ],
            [
                5.066432958829222e-07,
                0.9999994866832088,
                6.66481472768248e-09,
                7.717312238704863e-12,
                9.631807856351461e-13
            ],
            [
                0.0,
                2.442924096897735e-12,
                0.9999999999127078,
                1.502186197052203e-11,
                6.9827541992068e-11
            ],
            [
                0.0,
                6.642624457844891e-11,
                1.6555621258805654e-08,
                7.829770324707452e-05,
                0.9999216856747054
            ],
            [
                0.0,
                1.2707163224124293e-10,
                9.447783528328373e-09,
                0.04065871478731334,
                0.9593412756378314
            ]
        ],
        [
            [
                0.000647230085439851,
                0.999352768846075,
                1.054711936516071e-09,
                1.2154498759555562e-11,
                1.6186581966643454e-12
            ],
            [
                1.001692043149363e-06,
                0.9999989868724598,
                1.140146321234339e-08,
                3.2241693247984765e-11,
                1.792197005884676e-12
            ],
            [
                0.0,
                1.3481590609025877e-12,
                0.9999999999735005,
                1.1462718296090527e-11,
                1.368849616177325e-11
            ],
            [
                0.0,
                6.148592850179181e-11,
                8.59415403796683e-09,
                5.4965674374314644e-05,
                0.9999450256699857
            ],
            [
                0.0,
                5.866290198922158e-11,
                2.0879056393201387e-09,
                2.8194406017376463e-05,
                0.9999718034474141
            ]
        ],
        [
            [
                1.8084472671729134e-05,
                0.9999819151710232,
                3.497162364140222e-10,
                5.437497692009457e-12,
                1.151242839747752e-12
            ],
            [
                4.935452521711074e-07,
                0.9999995052868436,
                1.1516815882485232e-09,
                1.4214683683959399e-11,
                2.0079045276200136e-12
            ],
            [
                0.0,
                1.1183006994064262e-12,
                0.99999999997227,
                1.2570257901394963e-11,
                1.404173753376475e-11
            ],
            [
                0.0,
                1.3300010829216414e-10,
                8.666053623680705e-09,
                5.54391619331597e-05,
                0.9999445520390131
            ],
            [
                0.0,
                1.004584905825183e-10,
                1.2425250443652137e-08,
                0.0002497000981155532,
                0.9997502873761754
            ]
        ],
        [
            [
                0.04623366060394443,
                0.9537663349316714,
                4.423646437201179e-09,
                3.794821179066818e-11,
                2.7894118461249684e-12
            ],
            [
                3.0174940962761773e-07,
                0.9999996036741202,
                9.447464864955875e-08,
                9.599356523595007e-11,
                5.827978584708839e-12
            ],
            [
                0.0,
                8.906947011893463e-13,
                0.9999999999305422,
                2.605882596102725e-11,
                4.250817233977862e-11
            ],
            [
                0.0,
                3.550349693316659e-11,
                3.978634710900383e-09,
                2.7052537338998977e-05,
                0.9999729434485228
            ],
            [
                0.0,
                4.529133211651762e-11,
                3.052404903600732e-09,
                0.0016424225433317738,
                0.998357574358972
            ]
        ],
        [
            [
                7.766379608036639e-05,
                0.9999223356359299,
                5.595553171944795e-10,
                7.687519281997332e-12,
                7.468339539204201e-13
            ],
            [
                0.3511602381740215,
                0.6488397501337526,
                1.1166468256610096e-08,
                5.2275499377007e-10,
                3.00264784220442e-12
            ],
            [
                0.0,
                2.387176010314159e-12,
                0.9999999999292559,
                2.1342146366738065e-11,
                4.70149384588678e-11
            ],
            [
                0.0,
                1.6799936069977932e-10,
                2.05028588207169e-08,
                0.03902707304233482,
                0.960972906286807
            ],
            [
                0.0,
                1.5882032249434298e-10,
                1.2916570864454452e-08,
                0.005331601595977416,
                0.9946683853286314
            ]
        ],
        [
            [
                0.0047149404954961276,
                0.9952850582948847,
                1.2025308390574116e-09,
                5.684932491553152e-12,
                1.4033055048275117e-12
            ],
            [
                1.102460971248526e-05,
                0.9999889731653424,
                2.2127209585917832e-09,
                1.0759501224382682e-11,
                1.464901215493315e-12
            ],
            [
                0.0,
                1.796852096022937e-12,
                0.9999999999375266,
                2.0564275511207842e-11,
                4.011227638739767e-11
            ],
            [
                0.0,
                1.7327181280048606e-09,
                2.971150985517604e-07,
                0.09841380090220234,
                0.901585900249981
            ],
            [
                0.0,
                7.410976376122365e-11,
                8.025711547512493e-09,
                0.0005740268415460044,
                0.9994259650586326
            ]
        ],
        [
            [
                0.9998523159220974,
                0.0001476806485054685,
                3.341583998426586e-09,
                8.533692307875937e-11,
                2.476094698539161e-12
            ],
            [
                4.788075317127236e-06,
                0.9999952106733778,
                1.2200453047727344e-09,
                3.011355752475914e-11,
                1.146231868958029e-12
            ],
            [
                0.0,
                1.3851086405940858e-12,
                0.9999999999487343,
                1.694622874781057e-11,
                3.293421787332801e-11
            ],
            [
                0.0,
                3.244188822176599e-10,
                3.046034069368418e-07,
                0.9823138336909223,
                0.01768586138125186
            ],
            [
                0.0,
                1.5376158922244614e-11,
                2.3475477402351945e-10,
                5.5225552193344754e-05,
                0.9999447741976757
            ]
        ],
        [
            [
                0.0017308927571101185,
                0.9982691068299336,
                3.9844271207008017e-10,
                1.3817292555637061e-11,
                6.961987962596365e-13
            ],
            [
                8.717716908161975e-06,
                0.9999912810335306,
                1.2422708708344224e-09,
                6.123742584264226e-12,
                1.1666008869828094e-12
            ],
            [
                0.0,
                2.626785357124566e-12,
                0.9999999999161975,
                3.810974870676329e-11,
                4.306596782967542e-11
            ],
            [
                0.0,
                8.505498987112353e-11,
                1.222484847660596e-08,
                0.00041391113205437914,
                0.9995860765580421
            ],
            [
                0.0,
                1.2682611163676387e-10,
                9.274205667651513e-09,
                0.012374663990975582,
                0.9876253266079926
            ]
        ],
        [
            [
                0.0004027377433662319,
                0.9995972620920083,
                1.5906587082151523e-10,
                5.1257994723136336e-12,
                4.338300313883376e-13
            ],
            [
                2.3201974191959477e-05,
                0.9999767972617157,
                7.580001308711282e-10,
                5.098099189912367e-12,
                9.940948462300826e-13
            ],
            [
                0.0,
                2.1878566391894094e-12,
                0.9999999999731417,
                8.43330218234088e-12,
                1.6237208802214787e-11
            ],
            [
                0.0,
                1.6414615725783036e-10,
                1.6700369564543842e-08,
                0.0007573011886673232,
                0.999242681946817
            ],
            [
                0.0,
                1.2149028530964984e-11,
                5.985441795747007e-10,
                0.0009008732337015045,
                0.9990991261556053
            ]
        ],
        [
            [
                0.6302067713306311,
                0.3697932262031473,
                2.4000725823236383e-09,
                6.400895017155451e-11,
                2.1401446702217905e-12
            ],
            [
                5.515388449506445e-08,
                0.9999996832636716,
                2.614408326383153e-07,
                1.357640873205295e-10,
                5.847095092602737e-12
            ],
            [
                0.0,
                3.0427859037030827e-12,
                0.9999999998990072,
                3.9021086149306506e-11,
                5.892901687769857e-11
            ],
            [
                0.0,
                1.0042099116812431e-09,
                1.1843311826399315e-07,
                0.47890503712989413,
                0.5210948434327777
            ],
            [
                0.0,
                8.635338933055701e-11,
                1.9464696680200364e-08,
                7.32655902471179e-05,
                0.9999267148587028
            ]
        ],
        [
            [
                0.9783603662971515,
                0.021639631020992384,
                2.6503621711243943e-09,
                2.916897282017561e-11,
                2.3249888297217803e-12
            ],
            [
                0.0005183564373766328,
                0.999481638433085,
                5.096522110401805e-09,
                3.0240993279477673e-11,
