{
    "[['A', 'B', 'C', 'D', 'E'], ['A', 'B', 'C', 'D', 'E']]": [
        [
            [
                5.012663538698217e-05,
                0.9999495889942497,
                2.8392076298154747e-07,
                4.334254261595026e-10,
                1.617492421778835e-11
            ],
            [
                2.6043497487716524e-09,
                0.9986858506741928,
                0.001314145991775413,
                7.296821117826735e-10,
                0.0
            ],
            [
                0.0,
                4.581024954693638e-08,
                0.9999999529413852,
                8.884224427241773e-10,
                3.5994305667629714e-10
            ],
            [
                0.0,
                3.742799492163033e-11,
                1.6661925768525762e-09,
                7.35416739830892e-07,
                0.9999992628796396
            ],
            [
                3.5049448608878736e-12,
                8.058206508240188e-11,
                1.0514138559612102e-09,
                1.2512054828324862e-08,
                0.9999999863524442
            ]
        ],
        [
            [
                3.3880406256543815e-06,
                0.9999959886591621,
                6.228224172706246e-07,
                4.699595171602456e-10,
                7.835448667711992e-12
            ],
            [
                0.0,
                1.215825629536173e-07,
                0.9999998780595606,
                2.781382044807577e-10,
                7.973825522994417e-11
            ],
            [
                0.0,
                3.8628832152157836e-11,
                0.9999999996838049,
                1.1166393407220447e-10,
                1.6590217590584323e-10
            ],
            [
                0.0,
                1.321955419931109e-11,
                1.6872252341634536e-10,
                8.714242272118681e-08,
                0.9999999126756353
            ],
            [
                0.0,
                3.3240926531826784e-11,
                6.406003155174378e-10,
                4.435900034253813e-08,
                0.9999999549671583
            ]
        ],
        [
            [
                0.0002106597652995991,
                0.9997893126184314,
                2.742042254310132e-08,
                1.907858643235713e-10,
                5.060596631999502e-12
            ],
            [
                2.0218888956390074e-09,
                0.9999739311655127,
                2.6066487381535183e-05,
                3.252168358112225e-10,
                0.0
            ],
            [
                0.0,
                9.364886452034503e-11,
                0.9999999992071837,
                3.843871450765683e-10,
                3.147801753591212e-10
            ],
            [
                0.0,
                3.8430116304431073e-11,
                1.1809464322557171e-09,
                1.6135269555678492e-05,
                0.9999838635110678
            ],
            [
                0.0,
                2.1595987107798548e-11,
                3.5870807232474053e-10,
                7.801598928074153e-08,
                0.9999999216037067
            ]
        ],
        [
            [
                0.002062357247778458,
                0.9979376255967104,
                1.7088027768167578e-08,
                6.373799827741183e-11,
                3.7455326349115855e-12
            ],
            [
                6.835380510408986e-10,
                0.04479384557902233,
                0.9552061494524613,
                4.284978359324556e-09,
                0.0
            ],
            [
                0.0,
                1.9190180671282245e-11,
                0.9999999996600042,
                1.4261101809517537e-10,
                1.7819459845354994e-10
            ],
            [
                0.0,
                3.526599755638935e-11,
                2.899914538051463e-09,
                9.157320388702961e-08,
                0.9999999054916155
            ],
            [
                0.0,
                5.00681219181607e-12,
                1.8754161993402377e-10,
                1.0121990953637504e-07,
                0.999999898587542
            ]
        ],
        [
            [
                1.8093587901736026e-06,
                0.9999981712216218,
                1.9231064315822077e-08,
                1.7982389848390973e-10,
                8.699642823649375e-12
            ],
            [
                2.642094849495918e-09,
                0.9997242040457702,
                0.0002757927533427236,
                5.337369010573501e-10,
                2.5055222739893852e-11
            ],
            [
                0.0,
                9.683062615912461e-11,
                0.999999999290055,
                4.200574709795588e-10,
                1.9305687702038944e-10
            ],
            [
                0.0,
                6.939073486605275e-11,
                6.855360583491252e-09,
                2.5998895293343526e-06,
                0.9999973931857193
            ],
            [
                7.706603803074951e-12,
                7.812724858780336e-11,
                8.753546974824765e-10,
                3.5459695764775076e-08,
                0.9999999635791157
            ]
        ],
        [
            [
                0.008079781869056444,
                0.9919201995111671,
                1.8509331951472024e-08,
                1.0561023503756823e-10,
                4.834356490745166e-12
            ],
            [
                1.626478225691635e-09,
                0.6317646922609806,
                0.36823530153299444,
                4.5795467598859736e-09,
                0.0
            ],
            [
                0.0,
                3.350404119114087e-07,
                0.9999996643898935,
                4.423256502113072e-10,
                1.2736888702265646e-10
            ],
            [
                0.0,
                2.5444640399989226e-11,
                9.565456872716262e-10,
                1.1544693186068089e-07,
                0.9999998835710778
            ],
            [
                0.0,
                1.4072732184813539e-11,
                2.3493977785373273e-10,
                4.2976733743788506e-09,
                0.9999999954533141
            ]
        ],
        [
            [
                4.5365412503281e-06,
                0.9999951172633367,
                3.454826022984337e-07,
                6.945393023069149e-10,
                1.8271416676054613e-11
            ],
            [
                0.0,
                4.308863046143711e-06,
                0.9999956893473039,
                1.530323429939438e-09,
                2.5932650369277485e-10
            ],
            [
                1.1146768027589285e-11,
                6.78823098293085e-10,
                0.9999999979587983,
                9.245024232708062e-10,
                4.2672938377037444e-10
            ],
            [
                0.0,
                1.2868334520142083e-10,
                4.593841171033714e-09,
                3.105629916063513e-08,
                0.9999999642211763
            ],
            [
                1.8591202547442686e-12,
                4.2281111727418304e-11,
                7.607157269225636e-10,
                5.703559541465022e-08,
                0.9999999421595487
            ]
        ],
        [
            [
                0.979348471362273,
                0.020651483626459632,
                4.486203842593004e-08,
                1.4801648558904555e-10,
                1.2123791372747248e-12
            ],
            [
                8.874554256911805e-10,
                0.2515916881435203,
                0.7484083079333697,
                3.0356545931684743e-09,
                0.0
            ],
            [
                0.0,
                3.1821972486402454e-11,
                0.9999999991720394,
                4.1132827940195323e-10,
                3.848104114217163e-10
            ],
            [
                0.0,
                5.441287237603118e-11,
                2.123602555484325e-09,
                1.6373530276313739e-06,
                0.999998360468957
            ],
            [
                0.0,
                1.825925793974938e-11,
                3.303489535252346e-10,
                2.8537032844096046e-09,
                0.9999999967976885
            ]
        ],
        [
            [
                0.10938204280687831,
                0.8906178728387818,
                8.330093326799009e-08,
                1.0437352049072838e-09,
                9.671189056118785e-12
            ],
            [
                0.0,
                8.17960916163907e-06,
                0.9999918201426766,
                1.9764150648106762e-10,
                5.052025713422407e-11
            ],
            [
                0.0,
                6.071699696251647e-11,
                0.9999999983719201,
                1.0966139110722734e-09,
                4.70749026658963e-10
            ],
            [
                0.0,
                1.6694047340129202e-10,
                3.7639009498631e-09,
                1.8288417127695727e-07,
                0.9999998131849873
            ],
            [
                1.0983370834184345e-12,
                2.713826954042937e-11,
                4.084084090515434e-10,
                5.95188396005998e-09,
                0.999999993611471
            ]
        ],
        [
            [
                3.753908166662998e-08,
                0.9999992403480864,
                7.216768378498564e-07,
                4.1568342152460444e-10,
                2.0310626255665244e-11
            ],
            [
                1.1009170145053647e-08,
                0.9994001541875537,
                0.000599833457083327,
                1.3461928750930152e-09,
                0.0
            ],
            [
                0.0,
                2.8907057420385434e-11,
                0.9999999992856925,
                4.472469409463476e-10,
                2.3815346218976774e-10
            ],
            [
                0.0,
                2.0054061865043364e-11,
                4.1513670795318655e-10,
                1.7447283333497827e-07,
                0.9999998250919759
            ],
            [
                0.0,
                1.144408369918193e-11,
                3.528168989783781e-10,
                2.4083737955645148e-08,
                0.9999999755520009
            ]
        ],
        [
            [
                6.828231224119791e-07,
                0.9999987736485927,
                5.434618993471981e-07,
                6.281761967054375e-11,
                3.567903183005004e-12
            ],
            [
                1.6345047857038705e-09,
                0.8129137119732635,
                0.18708628209307437,
                4.29915734710809e-09,
                0.0
            ],
            [
                0.0,
                2.5650858049528684e-11,
                0.9999999991489328,
                4.741498611137482e-10,
                3.5126649422314285e-10
            ],
            [
                0.0,
                9.761799785452951e-11,
                8.908799639747388e-09,
                5.1695162005153904e-06,
                0.999994821477382
            ],
            [
                0.0,
                2.320542068472408e-11,
                3.921068342785111e-10,
                5.799422382723614e-09,
                0.9999999937852653
            ]
        ],
        [
            [
                0.9997042274179959,
                0.0002957693173249536,
                3.1294550518649843e-09,
                1.3371817968510636e-10,
                1.5059234884046196e-12
            ],
            [
                1.306934319169542e-09,
                0.9696766807320649,
                0.03032331485019072,
                3.110809943720747e-09,
                0.0
            ],
            [
                0.0,
                6.357661824761807e-08,
                0.9999999353217929,
                6.59263214835184e-10,
                4.4232566459278807e-10
            ],
            [
                1.2178586672487028e-11,
                5.420076468506332e-10,
                7.821366179502582e-09,
                7.890066001184245e-07,
                0.9999992026178475
            ],
            [
                0.0,
                7.908890674502603e-11,
                2.777942501367509e-09,
                3.574810384365238e-08,
                0.9999999613948648
            ]
        ],
        [
            [
                1.2662941980415437e-07,
                0.9999994760053786,
                3.97194720509411e-07,
                1.5903431177108503e-10,
                1.1446877746064099e-11
            ],
            [
                1.3110388875545827e-09,
                0.017116827762313817,
                0.9828831690532716,
                1.873375748469381e-09,
                0.0
            ],
            [
                0.0,
                1.8294529410494485e-08,
                0.999999980957888,
                5.620936376285718e-10,
                1.8548895811871035e-10
            ],
            [
                0.0,
                8.500941652078722e-11,
                4.8608912765873804e-09,
                1.916935020089314e-07,
                0.9999998033605974
            ],
            [
                0.0,
                3.1318222438207146e-11,
                1.0577761450230814e-09,
                1.628726494308794e-08,
                0.9999999826236406
            ]
        ],
        [
            [
                0.0052610124513416436,
                0.994738961695203,
                2.5675860335202217e-08,
                1.7040458924221054e-10,
                7.19051389945716e-12
            ],
            [
                0.0,
                2.8893830095794277e-07,
                0.9999997107645817,
                2.0431669087091697e-10,
                9.28003476859297e-11
            ],
            [
                0.0,
                6.017625798171931e-08,
                0.9999999392746453,
                4.322968272820022e-10,
                1.1680003725735922e-10
            ],
            [
                0.0,
                1.0217467493574032e-10,
                6.6481958388373885e-09,
                3.0801590103330447e-07,
                0.9999996852337284
            ],
            [
                4.8388492540796904e-12,
                5.84751115971086e-11,
                1.5170798457092508e-09,
                2.0638483418124517e-09,
                0.9999999963557578
            ]
        ],
        [
            [
                8.349289160583148e-05,
                0.9999164709616555,
                3.584990945114501e-08,
                2.904834110350544e-10,
                6.345799594555889e-12
            ],
            [
                1.134332032122447e-10,
                1.405996422560763e-05,
                0.9999859394163602,
                5.059810307268777e-10,
                0.0
            ],
            [
                0.0,
                9.681105101363599e-11,
                0.9999999991911082,
                3.599966271876014e-10,
                3.520841593957865e-10
            ],
            [
                0.0,
                4.489432271450778e-11,
                1.679058909543803e-09,
                2.302052206921613e-08,
                0.9999999752555246
            ],
            [
                2.1411163496775554e-12,
                4.243575011666062e-11,
                7.085580788047839e-10,
                7.326921159915384e-09,
                0.9999999919199439
            ]
        ],
        [
            [
                3.91291197049607e-07,
                0.9999994620923378,
                1.4621121242557192e-07,
                3.761845957438684e-10,
                2.9068002484238555e-11
            ],
            [
                1.2728352789020572e-08,
                0.9996701417770969,
                0.0003298437549079592,
                1.7396425293120547e-09,
                0.0
            ],
            [
                0.0,
                2.4893183494280676e-10,
                0.9999999983066257,
                1.0733010360343918e-09,
                3.711415883258923e-10
            ],
            [
                0.0,
                6.514629247898177e-11,
                3.9013089990549905e-09,
                7.923352900097817e-08,
                0.9999999168000157
            ],
            [
                3.788440731976146e-12,
                1.5852885135931595e-10,
                1.0778532525050079e-09,
                5.303500508193056e-08,
                0.9999999457248244
            ]
        ],
        [
            [
                0.00017797926648267884,
                0.9998218879879334,
                1.3262994315042677e-07,
                1.0687001005009197e-10,
                8.770818496024538e-12
            ],
            [
                3.0304711936587947e-09,
                0.9998255466372569,
                0.000174449318798518,
                9.915020802267431e-10,
                2.1971163468940217e-11
            ],
            [
                0.0,
                2.5728289442655206e-10,
                0.9999999992523649,
                2.601612941031287e-10,
                2.3019094178496956e-10
            ],
            [
                0.0,
                2.5090469198645065e-11,
                7.919522317702561e-10,
                3.1559887020707454e-07,
                0.9999996835840872
            ],
            [
                0.0,
                2.1454384368940753e-11,
                4.380755350769759e-10,
                4.705311295115087e-09,
                0.9999999948351588
            ]
        ],
        [
            [
                7.908597842121497e-07,
                0.9999991659197692,
                4.3073919935688454e-08,
                1.3810422447006348e-10,
                8.422531953291112e-12
            ],
            [
                1.4286191112147105e-08,
                0.9999230412160062,
                7.694404519057024e-05,
                4.5261219513712877e-10,
                0.0
            ],
            [
                0.0,
                1.474576967506903e-10,
                0.9999999991301132,
                3.551929652921138e-10,
                3.6723628704770066e-10
            ],
            [
                0.0,
                4.0860145438491824e-11,
                1.2218315408082536e-09,
                7.24843192692367e-08,
                0.9999999262529891
            ],
            [
                2.32554331054628e-12,
                4.243575008173259e-11,
                1.1993400636225485e-09,
                7.659034956366083e-09,
                0.9999999910968637
            ]
        ],
        [
            [
                9.971443437758692e-06,
                0.9999899973451721,
                3.1149855139961945e-08,
                6.002015445211596e-11,
                1.5148886806651408e-12
            ],
            [
                4.478227004538989e-08,
                0.9999986308762835,
                1.3239887169090458e-06,
                3.3308534849004176e-10,
                1.9644174951668608e-11
            ],
            [
                0.0,
                3.4986082161879175e-11,
                0.9999999994808599,
                2.192186376694116e-10,
                2.6493551657577193e-10
            ],
            [
                0.0,
                1.0104325661838154e-10,
                2.76053879377066e-09,
                2.3087173580781474e-07,
                0.9999997662666821
            ],
            [
                4.88670822277373e-12,
                1.1810833553367477e-10,
                1.615733484234465e-09,
                6.336584987004422e-08,
                0.9999999348954216
            ]
        ],
        [
            [
                1.3245136155955626e-05,
                0.9999866810546905,
                7.32823895307932e-08,
                4.950515862515707e-10,
                3.1712485389883335e-11
            ],
            [
                0.0,
                5.717119585591003e-08,
                0.9999999418251695,
                8.365288062170746e-10,
                1.6710579358047777e-10
            ],
            [
                0.0,
                1.5578520810084956e-11,
                0.9999999996607192,
                1.96060429459719e-10,
                1.2764199466724593e-10
            ],
            [
                0.0,
                4.714667290697368e-11,
                4.773951688265442e-09,
                2.40805929771104e-06,
                0.9999975871196041
            ],
            [
                3.966626185089973e-12,
                7.132750774268236e-11,
                1.4664773837602057e-09,
                4.485476142707634e-08,
                0.999999953603467
            ]
        ],
        [
            [
                0.006473482567643959,
                0.9935264972030605,
                2.0023133262581364e-08,
                1.8793513385570004e-10,
                1.822703538590453e-11
            ],
            [
                2.6785891061321527e-08,
                0.9999952822596654,
                4.690242479069237e-06,
                6.914212367139222e-10,
                2.0543222005405838e-11
            ],
            [
                0.0,
                1.707993882432149e-09,
                0.9999999962794321,
                1.5649505521002654e-09,
                4.476232954886545e-10
            ],
            [
                0.0,
                2.0615458088005455e-10,
                7.566528023703925e-09,
                1.1532979813066005e-06,
                0.9999988389293362
            ],
            [
                0.0,
                1.2371668740157286e-11,
                2.487030854366534e-10,
                6.136847723159338e-09,
                0.9999999936020776
            ]
        ],
        [
            [
                2.0230992595724894e-06,
                0.9999979360637302,
                4.047014477166647e-08,
                3.59294867128085e-10,
                7.570644629705725e-12
            ],
            [
                2.0286458804470184e-08,
                0.9995286873236303,
                0.00047129126498308873,
                1.1249277453690675e-09,
                0.0
            ],
            [
                0.0,
                8.136610866665363e-09,
                0.9999999907652771,
                9.292137039514665e-10,
                1.6889831771641183e-10
            ],
            [
                0.0,
                4.435317929414362e-11,
                1.1348800565155054e-09,
                4.0981710154581e-07,
                0.9999995890036653
            ],
            [
                1.7039605143852697e-11,
                1.996069247606454e-10,
                2.7313869751264985e-09,
                3.6007526523871907e-08,
                0.9999999610444401
            ]
        ],
        [
            [
                2.0973093313545985e-05,
                0.9999790092483737,
                1.7604217296067985e-08,
                4.875817382611649e-11,
                5.337312653472183e-12
            ],
            [
                0.0,
                2.205555164205393e-06,
                0.9999977938586782,
                5.032831501126439e-10,
                8.28745116591218e-11
            ],
            [
                0.0,
                6.215792613511745e-11,
                0.9999999996771141,
                1.0384507062425253e-10,
                1.5688289675340507e-10
            ],
            [
                0.0,
                6.050186148114074e-11,
                2.393685975315808e-09,
                2.0366530748694902e-07,
                0.9999997938805046
            ],
            [
                0.0,
                2.146596803814703e-11,
                4.0154168198873863e-10,
                9.270845010951796e-09,
                0.9999999903061473
            ]
        ],
        [
            [
                2.372003425875737e-08,
                0.9999987901688462,
                1.185763722408337e-06,
                3.232995557017648e-10,
                2.4097302254340056e-11
            ],
            [
                2.7784355574395342e-09,
                0.9999398511893668,
                6.0145654349305305e-05,
                3.5692952352944475e-10,
                2.0918816861934543e-11
            ],
            [
                0.0,
                3.667045176089726e-09,
                0.9999999951117546,
                8.806012629987873e-10,
                3.405988030921911e-10
            ],
            [
                0.0,
                7.261164694437589e-11,
                2.600696389186716e-09,
                1.3005770954700876e-07,
                0.9999998672689825
            ],
            [
                2.0455785677491006e-12,
                1.4608792293203815e-10,
                9.94519213937538e-10,
                2.350623787829542e-08,
                0.9999999753511094
            ]
        ],
        [
            [
                0.9989876662861905,
                0.0010123266874022402,
                6.934370645558285e-09,
                8.817403785133223e-11,
                3.862594112937395e-12
            ],
            [
                1.0494898323147748e-10,
                0.00017357458124027462,
                0.9998264249462843,
                3.675263629749725e-10,
                0.0
            ],
            [
                0.0,
                2.0708858833167416e-10,
                0.9999999994253359,
                1.6950051831791801e-10,
                1.9807511228218044e-10
            ],
            [
                0.0,
                1.867659344587597e-10,
                3.0198025785286498e-09,
                3.1635160986085786e-07,
                0.9999996804418215
            ],
            [
                0.0,
                5.381074895196663e-11,
                7.850206775503107e-10,
                6.410761412214775e-09,
                0.9999999927504071
            ]
        ],
        [
            [
                3.454580529316354e-06,
                0.9999965038259212,
                4.1376956137600575e-08,
                2.0816415705137063e-10,
                8.429024262365847e-12
            ],
            [
                2.794130212954264e-08,
                0.9999530181640415,
                4.6953202120036795e-05,
                6.925365436870946e-10,
                0.0
            ],
            [
                0.0,
                1.0042649968138226e-10,
                0.999999998773097,
                6.499850137406749e-10,
                4.764916100819492e-10
            ],
            [
                0.0,
                1.1012519540445647e-10,
                5.675754071017789e-09,
                1.8486497797928256e-07,
                0.9999998093491428
            ],
            [
                0.0,
                1.3140817943649574e-11,
                2.0671368657360762e-10,
                4.651921066616047e-09,
                0.9999999951282244
            ]
        ],
        [
            [
                0.02274850976586253,
                0.9772514672689775,
                2.2870015169637383e-08,
                8.843829521146943e-11,
                6.706374946612954e-12
            ],
            [
                1.7912266575506025e-08,
                0.99999229413392,
                7.686456728929068e-06,
                1.468117346967156e-09,
                2.896732630454347e-11
            ],
            [
                0.0,
                9.931387513651592e-11,
                0.9999999994177458,
                2.9558398668704726e-10,
                1.8735641563874798e-10
            ],
            [
                0.0,
                3.104689457567231e-11,
                6.999145329829787e-10,
                1.7136137807343934e-08,
                0.9999999821329008
            ],
            [
                6.931093335060439e-12,
                1.2789299794568163e-10,
                2.700543847248089e-09,
                3.440701994454791e-08,
                0.9999999627576122
            ]
        ],
        [
            [
                0.14515274261028796,
                0.8548471487061752,
                1.0836757983693188e-07,
                3.1004481806949617e-10,
                5.912217930748301e-12
            ],
            [
                2.1887656942883914e-09,
                0.9998803067673766,
                0.00011969070495853439,
                3.388990503384289e-10,
                0.0
            ],
            [
                0.0,
                5.6053239998152524e-11,
                0.9999999994040669,
                3.711415887331984e-10,
                1.687382874935236e-10
            ],
            [
                0.0,
                2.5533949723871812e-11,
                6.005442369862042e-10,
                4.7195850210503327e-07,
                0.9999995274154198
            ],
            [
                0.0,
                5.713023433053502e-11,
                6.243909702156571e-10,
                3.482719345255937e-09,
                0.9999999958357595
            ]
        ],
        [
            [
                1.581037154326204e-06,
                0.9999980975554001,
                3.207284422603632e-07,
                6.656566551126363e-10,
                1.3346661161167393e-11
            ],
            [
                1.8611144151920094e-08,
                0.9999586996600238,
                4.1280650890345505e-05,
                1.0497145981937454e-09,
                2.8226978015774162e-11
            ],
            [
                0.0,
                3.9020063972839355e-10,
                0.9999999981342884,
                1.208064377081381e-09,
                2.6744667687777295e-10
            ],
            [
                0.0,
                1.0629429940728607e-10,
                6.126555651454568e-09,
                1.9428106230367387e-06,
                0.9999980509565269
            ],
            [
                0.0,
                5.5708228000752055e-11,
                5.293752850599895e-10,
                9.866335245697326e-09,
                0.9999999895485813
            ]
        ],
        [
            [
                0.0762508905947378,
                0.9237490851529643,
                2.3906027466682445e-08,
                3.4061569364774117e-10,
                5.654663555141271e-12
            ],
            [
                0.0,
                1.843347224499042e-07,
                0.999999815262165,
                3.658659926408929e-10,
                3.7246541801002395e-11
            ],
            [
                0.0,
                1.62711336449933e-10,
                0.9999999993952808,
                2.7747586180417865e-10,
                1.6453201325658516e-10
            ],
            [
                0.0,
                5.602480781866095e-11,
                1.6564424988711655e-09,
                1.2729888787637093e-07,
                0.9999998709886447
            ],
            [
                0.0,
                2.0047905462456176e-11,
                5.286608978752949e-10,
                9.457248913416792e-09,
                0.9999999899940423
            ]
        ],
        [
            [
                0.005273374748747961,
                0.994726609100749,
                1.6047390873271563e-08,
                9.70484364347404e-11,
                6.063722723724845e-12
            ],
            [
                1.3742190599719536e-09,
                0.02853521669994269,
                0.9714647787829961,
                3.1428420781298253e-09,
                0.0
            ],
            [
                0.0,
                2.9800131438882827e-09,
                0.9999999937687767,
                1.8388801853043804e-09,
                1.4123299335788432e-09
            ],
            [
                0.0,
                2.332643476005619e-11,
                1.361863934042906e-09,
                1.0881765830302113e-07,
                0.9999998897971514
            ],
            [
                2.7017556491853906e-12,
                1.8379324734545475e-10,
                1.5723646306386958e-09,
                1.8822196300956227e-08,
                0.999999979418944
            ]
        ],
        [
            [
                1.9276107649351456e-06,
                0.9999979844419113,
                8.695198529686158e-08,
                9.695930606308368e-10,
                2.574531054961856e-11
            ],
            [
                3.0586625420904454e-10,
                0.00029000738575419655,
                0.9997099898250305,
                2.4833489759458295e-09,
                0.0
            ],
            [
                0.0,
                3.9145580771669863e-07,
                0.999999608307607,
                1.825244189222454e-10,
                5.4060731510927474e-11
            ],
            [
                0.0,
                1.0821745929366556e-10,
                4.6967395036024405e-09,
                2.0161029955498222e-07,
                0.9999997935847434
            ],
            [
                4.8165656276236035e-12,
                1.6292748064327615e-10,
                1.7918272754419795e-09,
                4.325122780508153e-09,
                0.9999999937153059
            ]
        ],
        [
            [
                3.664000717298174e-05,
                0.9999632350171755,
                1.247811140373461e-07,
                1.8778142454050819e-10,
                6.7561768737786034e-12
            ],
            [
                2.050348201202416e-08,
                0.999982297070236,
                1.7679819959361068e-05,
                2.6063225177300694e-09,
                0.0
            ],
            [
                0.0,
                1.751516091490727e-08,
                0.9999999815329731,
                6.187253616779419e-10,
                3.331406381466977e-10
            ],
            [
                0.0,
                3.23681319802135e-11,
                2.7519262140447823e-10,
                1.6990723565906108e-08,
                0.9999999827017158
            ],
            [
                0.0,
                8.122678412610393e-11,
                1.1449139241065162e-09,
                9.483481924218654e-08,
                0.99999990393904
            ]
        ],
        [
            [
                3.96173876319835e-06,
                0.9999960332917546,
                4.92662064680004e-09,
                3.876271544643324e-11,
                4.098782142250547e-12
            ],
            [
                1.7040209780770798e-09,
                0.3263335042976876,
                0.6736664836092161,
                1.0389075202770907e-08,
                0.0
            ],
            [
                0.0,
                1.478237796773628e-10,
                0.999999999441685,
                2.3582152137530525e-10,
                1.746696936782572e-10
            ],
            [
                0.0,
                2.6675214362216686e-11,
                8.194168481649743e-10,
                5.748983883962532e-08,
                0.9999999416640691
            ],
            [
                0.0,
                2.664155479135133e-11,
                6.155930041209776e-10,
                1.9118311054450804e-08,
                0.9999999802394544
            ]
        ],
        [
            [
                1.761003789152857e-05,
                0.9999823848062329,
                5.109974078620067e-09,
                4.271615905274888e-11,
                3.1852987759527972e-12
            ],
            [
                6.447573805688105e-09,
                0.9999804387835246,
                1.9554479878696092e-05,
                2.890227541222428e-10,
                0.0
            ],
            [
                0.0,
                4.254676491818779e-08,
                0.9999999571035888,
                2.679051408311197e-10,
                8.174105600528328e-11
            ],
            [
                0.0,
                7.78508703997614e-11,
                2.1390378923402114e-09,
                4.402064337372738e-06,
                0.9999955957187739
            ],
            [
                1.3710523959255115e-11,
                2.2053129459509984e-10,
                2.8443784512133714e-09,
                8.477621835888558e-08,
                0.9999999121451614
            ]
        ],
        [
            [
                0.040894616863168254,
                0.9591053718646867,
                1.1135671187308267e-08,
                1.3157477797317947e-10,
                4.899073436701935e-12
            ],
            [
                1.4784153598931607e-10,
                6.478904611555873e-07,
                0.9999993513205385,
                6.411589386736543e-10,
                0.0
            ],
            [
                0.0,
                5.394197504650663e-11,
                0.9999999993492172,
                2.9676067993224687e-10,
                3.000801722331436e-10
            ],
            [
                0.0,
                8.166080513611321e-11,
                2.9584189498843547e-09,
                6.030284441392558e-07,
                0.9999993939314761
            ],
            [
                1.1787983484610678e-11,
                2.4656017966093655e-10,
                2.4550491857907364e-09,
                1.9687228873575968e-08,
                0.9999999775993739
            ]
        ],
        [
            [
                1.76798199388738e-05,
                0.9999822959114626,
                2.420803823312212e-08,
                5.759126947644118e-11,
                2.968871767918293e-12
            ],
            [
                1.029087373018356e-09,
                0.6333096892428984,
                0.36669030285189796,
                6.87611630103213e-09,
                0.0
            ],
            [
                0.0,
                5.831250094252935e-11,
                0.9999999992037609,
                5.259925319327898e-10,
                2.1193405690921847e-10
            ],
            [
                0.0,
                3.2738185183694584e-11,
                7.931327745356784e-10,
                3.2988837461923955e-08,
                0.9999999661852916
            ],
            [
                0.0,
                4.342369204489236e-11,
                7.293704178611673e-10,
                5.420588070072106e-08,
                0.9999999450213252
            ]
        ],
        [
            [
                6.61850852121008e-07,
                0.9999967648433745,
                2.572059211426635e-06,
                1.2152031869579602e-09,
                3.135869276331746e-11
            ],
            [
                1.312094624571441e-09,
                0.9995456898878254,
                0.00045430598212987814,
                2.747579928351386e-09,
                7.037010959009916e-11
            ],
            [
                0.0,
