{
    "[['A', 'B', 'C', 'D', 'E'], ['A', 'B', 'C', 'D', 'E']]": [
        [
            [
                0.9999999955720966,
                4.351626869039728e-09,
                7.53400269140744e-11,
                8.613484602462057e-13,
                7.532683639458529e-14
            ],
            [
                0.9999996037757344,
                3.954410008789138e-07,
                7.748352381593595e-10,
                8.010390830199742e-12,
                4.1904772124864183e-13
            ],
            [
                0.0,
                3.1789638194354317e-11,
                0.9999999998603015,
                3.1612777780128035e-11,
                7.629618621361926e-11
            ],
            [
                0.0,
                3.358468222715568e-11,
                1.9225636206560746e-08,
                1.3740042170908396e-05,
                0.9999862406986082
            ],
            [
                0.0,
                8.051058520625756e-12,
                1.2890720593125185e-09,
                2.62980483370497e-07,
                0.9999997357223935
            ]
        ],
        [
            [
                0.99999999726994,
                2.5430450293741727e-09,
                1.8535951841636652e-10,
                1.5159639059379948e-12,
                1.3938563019436042e-13
            ],
            [
                0.9999999026016692,
                9.706987509052212e-08,
                3.258451822845578e-10,
                2.2687926949588936e-12,
                3.418876628857085e-13
            ],
            [
                0.0,
                1.2424888972182873e-09,
                0.9999999981540855,
                4.510135996475341e-10,
                1.5241181203518744e-10
            ],
            [
                0.0,
                1.7228088747151124e-09,
                1.0058260867736488e-05,
                0.07577155541851527,
                0.9242183845978081
            ],
            [
                0.0,
                7.905357673845314e-12,
                7.722547434111233e-10,
                1.2138728740847484e-06,
                0.9999987853469657
            ]
        ],
        [
            [
                0.9999999904868594,
                9.244958333912118e-09,
                2.635299064140181e-10,
                4.446835985653128e-12,
                2.0556175997593605e-13
            ],
            [
                0.9999997553461664,
                2.445494377386916e-07,
                1.033418123051414e-10,
                9.891847257211833e-13,
                6.480154782500885e-14
            ],
            [
                0.0,
                8.371078145259371e-11,
                0.9999999995069913,
                1.7641005163030098e-10,
                2.3288792390116823e-10
            ],
            [
                0.0,
                3.667945647615898e-10,
                0.00013919219239722064,
                0.9962907865362414,
                0.003570020904566736
            ],
            [
                0.0,
                4.127196405049847e-12,
                1.9379547628455113e-10,
                1.1926455265949329e-06,
                0.9999988071565507
            ]
        ],
        [
            [
                0.9999999959259587,
                3.584408234341348e-09,
                4.782124078254676e-10,
                1.0802870143172656e-11,
                6.177468770651626e-13
            ],
            [
                0.9999989714490181,
                1.0273533936318581e-06,
                1.1920740617195663e-09,
                4.951209666573886e-12,
                5.630435050840032e-13
            ],
            [
                0.0,
                6.411525310683772e-11,
                0.9999999990866861,
                5.480923438748816e-10,
                3.0110644301679213e-10
            ],
            [
                0.0,
                8.684714775341102e-10,
                1.0498604770303174e-06,
                0.019802960645050497,
                0.980195988626001
            ],
            [
                0.0,
                7.735025682389e-12,
                9.964293336999331e-10,
                2.5045645876850727e-07,
                0.999999748539377
            ]
        ],
        [
            [
                0.9999999945038076,
                5.3727322953776116e-09,
                1.2211831614344265e-10,
                1.2730827704874683e-12,
                6.88740046318138e-14
            ],
            [
                0.9065734926996222,
                0.09342648433288493,
                2.294748817775384e-08,
                1.6900619055728146e-11,
                3.1040958766308626e-12
            ],
            [
                0.0,
                2.3459409087382593e-10,
                0.9999999995582742,
                1.215703194428304e-10,
                8.556134676160962e-11
            ],
            [
                0.0,
                7.7476840531181e-11,
                1.5457732687886888e-07,
                0.004636924695192292,
                0.995362920650004
            ],
            [
                0.9999995403434361,
                1.5203394461861275e-08,
                3.0503039974850663e-09,
                8.666929999278344e-09,
                4.3273593557881183e-07
            ]
        ],
        [
            [
                0.9999999964192177,
                3.4201749027081162e-09,
                1.5714793875994606e-10,
                3.2920509739661115e-12,
                1.6756450838797234e-13
            ],
            [
                0.99999930901894,
                6.900456001007579e-07,
                9.307445193249884e-10,
                4.398056177504835e-12,
                3.1741923567666597e-13
            ],
            [
                0.0,
                3.287177418373977e-11,
                0.9999999996064513,
                2.37493003882956e-10,
                1.231841345378476e-10
            ],
            [
                0.0,
                5.60290830461301e-11,
                6.202976045358728e-06,
                0.9999914198146587,
                2.3771532668257237e-06
            ],
            [
                0.0,
                5.944942487267269e-12,
                2.4691878748174235e-10,
                3.5105384787218636e-08,
                0.9999999646417516
            ]
        ],
        [
            [
                0.9999999939892974,
                5.864338043824523e-09,
                1.4259524164121319e-10,
                3.638231800343355e-12,
                1.3093293933697148e-13
            ],
            [
                0.9690198888097736,
                0.030980110354195903,
                8.201439213505913e-10,
                1.3567393582673406e-11,
                2.3192575470783833e-12
            ],
            [
                0.0,
                3.687319783862297e-10,
                0.999999998680527,
                4.806163890435983e-10,
                4.701245151912907e-10
            ],
            [
                0.0,
                2.6122138418620996e-10,
                2.0394236996687855e-06,
                0.008830301651484242,
                0.9911676586635947
            ],
            [
                0.0,
                8.627876147644772e-12,
                5.342950600874691e-10,
                2.1325251093904986e-08,
                0.9999999781318258
            ]
        ],
        [
            [
                0.9999999995227662,
                4.4814012815921235e-10,
                2.8762797294050467e-11,
                3.0847823903415554e-13,
                2.2373639326705767e-14
            ],
            [
                0.9999999789082765,
                2.0881893077183188e-08,
                2.074297412655233e-10,
                2.254681806623278e-12,
                1.4594427122292884e-13
            ],
            [
                0.0,
                1.01994951962547e-10,
                0.9999999991468613,
                3.301517947932186e-10,
                4.209919021064807e-10
            ],
            [
                0.0,
                0.0,
                1.0294845712832767e-06,
                0.8515189876328135,
                0.1484799828826152
            ],
            [
                0.0,
                1.2988218043599938e-11,
                8.158238278540915e-10,
                1.3753820428001686e-07,
                0.9999998616329837
            ]
        ],
        [
            [
                0.9999999903378164,
                9.400544924986037e-09,
                2.5871389456758137e-10,
                2.745899078228367e-12,
                1.7903341542875887e-13
            ],
            [
                0.9999909296515804,
                9.0700241421186e-06,
                3.2037455687253996e-10,
                3.787003221258551e-12,
                1.1594463349789349e-13
            ],
            [
                0.0,
                1.2817206110287078e-11,
                0.999999999937687,
                2.2202354947310935e-11,
                2.7293220387171483e-11
            ],
            [
                0.0,
                2.8887011623044274e-10,
                4.6152491824173745e-07,
                0.0372932659004225,
                0.9627062722857892
            ],
            [
                0.0,
                3.317408835448776e-12,
                1.179367920298499e-10,
                9.8062062603194e-07,
                0.9999990192581197
            ]
        ],
        [
            [
                0.9999999937516884,
                5.730632739242813e-09,
                5.12553086155753e-10,
                4.6626446854632514e-12,
                4.62988832003163e-13
            ],
            [
                0.9999998239729226,
                1.754914411844295e-07,
                5.3009465755012e-10,
                5.267831226505388e-12,
                2.738193712181709e-13
            ],
            [
                0.0,
                7.184979148358315e-11,
                0.9999999996362396,
                2.2764369711120615e-10,
                6.426670464211527e-11
            ],
            [
                0.0,
                0.0,
                2.3636800982028626e-06,
                0.9598905504188232,
                0.040107085901078636
            ],
            [
                0.0,
                7.879735949984344e-12,
                1.5928544951439588e-09,
                1.3466365700874033e-06,
                0.9999986517626956
            ]
        ],
        [
            [
                0.9999999695741115,
                3.032241862409254e-08,
                1.0228620118981382e-10,
                1.0006101234810296e-12,
                1.8326508416939092e-13
            ],
            [
                0.9999984322746145,
                1.5667702912125694e-06,
                9.514344467248746e-10,
                3.4166422632849697e-12,
                2.43128786317718e-13
            ],
            [
                0.0,
                1.8053735801268496e-10,
                0.9999999993107238,
                3.4355180595801514e-10,
                1.651870003890257e-10
            ],
            [
                0.0,
                7.51235340278016e-10,
                2.2771407583824803e-06,
                0.29078840645304965,
                0.7092093156549567
            ],
            [
                0.0,
                7.698905888102425e-12,
                6.37351192207434e-10,
                4.33682451017675e-07,
                0.9999995656724989
            ]
        ],
        [
            [
                0.9999999970722739,
                2.852228611436058e-09,
                7.416604659276826e-11,
                1.157928649028564e-12,
                1.733851923950222e-13
            ],
            [
                0.999999748091316,
                2.5160414577920954e-07,
                2.9631159156303716e-10,
                7.792748710690949e-12,
                4.341528523523386e-13
            ],
            [
                0.0,
                3.1759594112599333e-10,
                0.9999999986939068,
                4.942486765235691e-10,
                4.942486765235691e-10
            ],
            [
                0.0,
                3.081909843441459e-11,
                3.6592060977789235e-09,
                0.00032575297173450765,
                0.9996742433382403
            ],
            [
                0.0,
                6.080701312395681e-12,
                9.064825575428765e-10,
                4.676227098978619e-08,
                0.9999999523251657
            ]
        ],
        [
            [
                0.9999999989445596,
                9.449364749960953e-10,
                1.093290624089402e-10,
                1.1104300663588622e-12,
                6.444078144826587e-14
            ],
            [
                0.9999977113452851,
                2.288354408011047e-06,
                2.9590551017953947e-10,
                4.1937576979532385e-12,
                2.0758932435209505e-13
            ],
            [
                0.0,
                1.4281734994200317e-10,
                0.9999999993748887,
                2.545212825865246e-10,
                2.2777268976494088e-10
            ],
            [
                0.0,
                2.223295001990782e-11,
                1.7663234744633697e-09,
                1.615349794433173e-07,
                0.9999998366764641
            ],
            [
                0.0,
                2.6976311384632065e-12,
                5.3306210790449603e-11,
                4.621375023311361e-09,
                0.9999999953226211
            ]
        ],
        [
            [
                0.9999999979356817,
                1.956432649214029e-09,
                1.0647042794918748e-10,
                1.3334873017359737e-12,
                8.190964548344924e-14
            ],
            [
                0.9999975914852077,
                2.407682710967258e-06,
                8.288482216396543e-10,
                2.964266037120481e-12,
                2.686835901483092e-13
            ],
            [
                0.0,
                6.739950421089835e-11,
                0.9999999994104094,
                2.9565785131688945e-10,
                2.2653313656583837e-10
            ],
            [
                0.0,
                2.4464039459536985e-11,
                5.262296501430486e-09,
                7.0912605862575295e-06,
                0.9999929034526532
            ],
            [
                0.0,
                3.456488039189155e-12,
                1.1056849433298465e-09,
                1.3189591071889641e-06,
                0.9999986799317513
            ]
        ],
        [
            [
                0.9999999931685826,
                6.744175144029382e-09,
                8.332241974510987e-11,
                3.702693989122247e-12,
                2.1707590965824222e-13
            ],
            [
                0.9999999564941148,
                4.3326384029584045e-08,
                1.697130500276967e-10,
                9.484945344859985e-12,
                3.0323150790104056e-13
            ],
            [
                0.0,
                4.08162121258313e-11,
                0.9999999997839948,
                9.683062620695311e-11,
                7.835841837633156e-11
            ],
            [
                0.0,
                8.085645933601606e-10,
                6.625549451754662e-05,
                0.015910102373289253,
                0.9840236413236286
            ],
            [
                0.0,
                7.598536030605317e-12,
                4.3856878633265505e-10,
                2.3574440388910212e-08,
                0.9999999759793922
            ]
        ],
        [
            [
                0.9999999980094005,
                1.872675506388287e-09,
                1.1635576605178187e-10,
                1.3409450540039357e-12,
                2.2712984214870695e-13
            ],
            [
                0.9999999753663772,
                2.433650935350759e-08,
                2.9423343451839304e-10,
                2.6025383241605346e-12,
                2.7727650778957074e-13
            ],
            [
                0.0,
                4.588716050999789e-10,
                0.9999999989366684,
                3.6798091626711894e-10,
                2.3647913549996034e-10
            ],
            [
                0.0,
                7.338819712783672e-10,
                3.0042352934942962e-06,
                0.48048126627256477,
                0.5195157287582597
            ],
            [
                0.0,
                2.7196913235827056e-12,
                7.298752354754367e-11,
                2.5156010810062183e-08,
                0.999999974768282
            ]
        ],
        [
            [
                0.9999999981563399,
                1.8114901190193143e-09,
                3.183951831662865e-11,
                3.1184075945105457e-13,
                1.8892131148441557e-14
            ],
            [
                0.9999998927053442,
                1.0720275187761313e-07,
                9.104484317403865e-11,
                8.077418270916575e-13,
                5.135913321363592e-14
            ],
            [
                0.0,
                6.535425427589796e-11,
                0.9999999997643569,
                1.3025661313792655e-10,
                4.003225233481386e-11
            ],
            [
                0.0,
                3.280664821178186e-10,
                0.0008084286633810466,
                0.9984814081648156,
                0.0007101628437368963
            ],
            [
                0.0,
                1.0451086930096198e-11,
                6.782070628691925e-10,
                1.3318378700349145e-06,
                0.9999986674734719
            ]
        ],
        [
            [
                0.9999999930315422,
                6.744175143105158e-09,
                2.2100795376283182e-10,
                3.147270227677286e-12,
                1.274214170407194e-13
            ],
            [
                0.9999999861828079,
                1.3465761565780653e-08,
                3.490005615791953e-10,
                2.2424330890957816e-12,
                1.873096769815401e-13
            ],
            [
                0.0,
                8.03607380071648e-11,
                0.9999999995843463,
                2.3145271729059072e-10,
                1.0384031707333674e-10
            ],
            [
                0.0,
                5.63997443879271e-11,
                1.2486617458708376e-08,
                0.0005069556034345806,
                0.9994930318535482
            ],
            [
                0.0,
                2.8168663597656784e-12,
                1.0493597680366259e-10,
                2.6804546532753917e-08,
                0.9999999730877006
            ]
        ],
        [
            [
                0.9999999987964958,
                1.1379428378172076e-09,
                6.406941068208839e-11,
                1.3746809405963524e-12,
                1.1720981304509663e-13
            ],
            [
                0.9999991501110934,
                8.494118789344159e-07,
                4.662151389419905e-10,
                1.045393792240335e-11,
                3.5875334761412144e-13
            ],
            [
                0.0,
                1.9827204303605218e-10,
                0.9999999994794453,
                1.150039094188794e-10,
                2.072786657767058e-10
            ],
            [
                0.0,
                4.124163088348099e-10,
                0.0019378174939570217,
                0.9980544942728172,
                7.687820809478785e-06
            ],
            [
                0.0,
                8.562051965189683e-13,
                3.175939610533744e-11,
                4.999672063599149e-09,
                0.9999999949677123
            ]
        ],
        [
            [
                0.9999999972468243,
                2.632190894528424e-09,
                1.1976158813368438e-10,
                1.0777858779263692e-12,
                1.454046858933021e-13
            ],
            [
                0.9999997193269677,
                2.804671585715381e-07,
                2.0253112663085624e-10,
                3.1394999122611133e-12,
                2.032575838782862e-13
            ],
            [
                0.0,
                4.677926433057099e-10,
                0.999999998883528,
                3.6705141533190496e-10,
                2.816278358240413e-10
            ],
            [
                0.0,
                1.1605227783646236e-11,
                1.6654014455709817e-09,
                2.5538798728709215e-07,
                0.9999997429350059
            ],
            [
                0.0,
                3.7109309668337575e-12,
                1.8929971964487112e-10,
                1.8649550686485996e-07,
                0.9999998133114825
            ]
        ],
        [
            [
                0.9999999941082138,
                5.742011550405123e-09,
                1.4618241538223663e-10,
                3.3759678192817446e-12,
                2.163608021052765e-13
            ],
            [
                0.9999992879476863,
                7.114341547384044e-07,
                6.143063217435634e-10,
                3.5978552601329155e-12,
                2.546845476881309e-13
            ],
            [
                0.0,
                6.355384565811604e-11,
                0.9999999997294513,
                1.507798872391942e-10,
                5.621501867761402e-11
            ],
            [
                0.0,
                9.004337567390464e-11,
                4.891987244401506e-08,
                0.0022662925189386824,
                0.9977336584711455
            ],
            [
                0.0,
                1.5397583183031434e-11,
                1.1805777080090383e-08,
                1.6343225847201393e-05,
                0.999983644952978
            ]
        ],
        [
            [
                0.9999999984407366,
                1.4937819240440714e-09,
                6.408639908688678e-11,
                1.3457415328044624e-12,
                4.9282341747402416e-14
            ],
            [
                0.9999987282593208,
                1.271405069455438e-06,
                3.311659436030027e-10,
                4.118420759785327e-12,
                3.254124140767376e-13
            ],
            [
                0.0,
                1.1101897736743462e-10,
                0.9999999995925843,
                1.695005183462667e-10,
                1.2689627919288275e-10
            ],
            [
                0.0,
                2.8020367602249663e-10,
                6.12341381184971e-07,
                0.02488764764150924,
                0.9751117397369059
            ],
            [
                0.0,
                1.0220463286969898e-11,
                1.764353754501011e-09,
                3.757194471740428e-07,
                0.9999996225059786
            ]
        ],
        [
            [
                0.9999999879778917,
                1.1929457470491785e-08,
                9.127209024105148e-11,
                1.2908932987852247e-12,
                8.769471887740774e-14
            ],
            [
                0.9999996482351715,
                3.514292074578473e-07,
                3.309733355584133e-10,
                4.34341925249184e-12,
                3.0420996199310343e-13
            ],
            [
                0.0,
                2.3745993827153163e-10,
                0.999999998635239,
                5.263959932486234e-10,
                6.009051579014373e-10
            ],
            [
                0.0,
                1.370517692310331e-09,
                5.0309840541180295e-06,
                0.2747298669677528,
                0.7252651006776754
            ],
            [
                0.0,
                7.977746130920461e-12,
                1.785981468973187e-10,
                2.5827091491148037e-08,
                0.9999999739863326
            ]
        ],
        [
            [
                0.9999999948838418,
                4.96075484460763e-09,
                1.5242547516483199e-10,
                2.8501414210613713e-12,
                1.2759141348330896e-13
            ],
            [
                0.9999937354490458,
                6.264392674482294e-06,
                1.5267076540436272e-10,
                5.442862349938032e-12,
                1.66098552806885e-13
            ],
            [
                0.0,
                2.205782910087702e-11,
                0.9999999998342368,
                5.93027972752528e-11,
                8.440258166163405e-11
            ],
            [
                0.0,
                1.8593679083856325e-09,
                5.806075004535766e-05,
                0.1449158584896831,
                0.8550260789009037
            ],
            [
                0.0,
                3.1577025496987718e-12,
                1.4721910351538278e-10,
                1.7493793162141897e-08,
                0.99999998235583
            ]
        ],
        [
            [
                0.9999999983006429,
                1.6349163499186373e-09,
                6.38069694123623e-11,
                6.041335228445205e-13,
                2.95855251952603e-14
            ],
            [
                0.9999999021950681,
                9.764627309797511e-08,
                1.5701132253106374e-10,
                1.5196376643710186e-12,
                1.2790744723374847e-13
            ],
            [
                0.0,
                2.1386451534786233e-10,
                0.9999999985077741,
                8.24254269017615e-10,
                4.5410726258243305e-10
            ],
            [
                0.0,
                7.87816586371708e-10,
                5.946043479701837e-06,
                0.09984261556738254,
                0.9001514376013211
            ],
            [
                0.0,
                1.4738387647624537e-12,
                4.529064177632235e-11,
                3.2237546397904815e-09,
                0.9999999967294808
            ]
        ],
        [
            [
                0.9999999976295664,
                2.2601535087672465e-09,
                1.0891176078494394e-10,
                1.2589542848983821e-12,
                1.0928511320318366e-13
            ],
            [
                0.9999999805739223,
                1.8815412352851932e-08,
                6.078481258082303e-10,
                2.67570386338383e-12,
                1.4140871878368269e-13
            ],
            [
                0.0,
                1.4325187416498639e-11,
                0.9999999997823725,
                1.6403379551284164e-10,
                3.92683679915774e-11
            ],
            [
                0.0,
                1.3301704469604997e-11,
                1.5450701397384094e-09,
                0.0007624270840485246,
                0.9992375713575796
            ],
            [
                0.0,
                6.693200116094844e-12,
                3.2275673964820917e-10,
                1.6148800073212877e-07,
                0.9999998381825492
            ]
        ],
        [
            [
                0.9999999979157428,
                2.021368261287644e-09,
                6.211265380941256e-11,
                7.100438195416342e-13,
                6.617777362016294e-14
            ],
            [
                0.9999998978124601,
                1.0189419305156972e-07,
                2.891716426585694e-10,
                4.008342349301066e-12,
                1.6675977011627486e-13
            ],
            [
                0.0,
                1.7195185155808607e-10,
                0.9999999990020012,
                4.267293842155398e-10,
                3.9931762511937937e-10
            ],
            [
                0.0,
                2.2519177491594905e-09,
                0.3813568298949887,
                0.6184697901139561,
                0.00017337773913740352
            ],
            [
                0.0,
                2.047514685455993e-12,
                3.687599139481726e-11,
                2.8124269573622485e-08,
                0.999999971836807
            ]
        ],
        [
            [
                0.9999999985840249,
                1.3451405238393787e-09,
                6.975499353373371e-11,
                1.0030522065198997e-12,
                7.65508687356247e-14
            ],
            [
                0.9999999488333593,
                5.101153565810412e-08,
                1.5165351026975413e-10,
                3.283052644953426e-12,
                1.6828836430105348e-13
            ],
            [
                0.0,
                7.545766530801543e-11,
                0.9999999994848812,
                2.5836279358335096e-10,
                1.8129824359328026e-10
            ],
            [
                0.0,
                3.43452678307796e-11,
                2.5482100529079423e-06,
                0.9994849543206413,
                0.0005124974349606504
            ],
            [
                0.0,
                1.6063650416604722e-12,
                1.6908656598261318e-10,
                7.487470816662004e-08,
                0.9999999249545989
            ]
        ],
        [
            [
                0.9999999994372055,
                5.237920019783733e-10,
                3.8285185354804225e-11,
                6.390434048187654e-13,
                7.836412776396128e-14
            ],
            [
                0.999994982303024,
                5.016740240123569e-06,
                9.52780109640722e-10,
                3.422218635643821e-12,
                5.338297494598997e-13
            ],
            [
                0.0,
                1.5844421885756168e-10,
                0.9999999989629789,
                4.778960091226703e-10,
                4.006809942336832e-10
            ],
            [
                0.0,
                1.154954909917378e-09,
                1.5543190217201697e-05,
                0.2314769062134637,
                0.7685075494413641
            ],
            [
                0.0,
                5.515009231378154e-12,
                2.9373830104532374e-10,
                1.2363997672570383e-06,
                0.9999987633009794
            ]
        ],
        [
            [
                0.9999999832469594,
                1.668429073933926e-08,
                6.672236086850442e-11,
                1.8942050785279647e-12,
                1.3320071522772176e-13
            ],
            [
                0.9999988368077486,
                1.1627358812191858e-06,
                4.50482298274767e-10,
                5.728252809292286e-12,
                1.5954449862592718e-13
            ],
            [
                0.0,
                1.1420322133032816e-10,
                0.9999999994095212,
                3.097203226997396e-10,
                1.6655531072255148e-10
            ],
            [
                0.0,
                1.5372180079306266e-10,
                3.1078450119893596e-07,
                4.695696698838249e-05,
                0.9999527320947886
            ],
            [
                0.0,
                1.904094062415058e-12,
                5.3255398096211753e-11,
                7.687750440168914e-09,
                0.99999999225709
            ]
        ],
        [
            [
                0.9999999942916682,
                5.610089331383836e-09,
                9.630679005097374e-11,
                1.8583758427393e-12,
                7.746726147050924e-14
            ],
            [
                0.9999991499456825,
                8.490409512770693e-07,
                1.0081653101472601e-09,
                5.035860315158961e-12,
                1.6517729398925976e-13
            ],
            [
                0.0,
                4.3885307691377694e-11,
                0.9999999997221398,
                1.7662316926937108e-10,
                5.7351648134994877e-11
            ],
            [
                0.0,
                1.0304356745970422e-11,
                1.14141864627738e-09,
                3.968883966981137e-07,
                0.9999996019598804
            ],
            [
                0.0,
                4.579583042065061e-12,
                2.275212837298753e-10,
                1.328017033048876e-07,
                0.9999998669661959
            ]
        ],
        [
            [
                0.9999999979865652,
                1.9636291811302425e-09,
                4.892567316763178e-11,
                8.323798903765357e-13,
                4.726455125194435e-14
            ],
            [
                0.9999999651266652,
                3.460129493563863e-08,
                2.6991469528767463e-10,
                1.954437942269336e-12,
                1.7077981575954653e-13
            ],
            [
                0.0,
                1.8160557325466534e-10,
                0.9999999994569955,
                2.8912531099587966e-10,
                7.227353848177758e-11
            ],
            [
                0.0,
                3.781874749224873e-10,
                1.670652682056221e-05,
                0.9915545076570453,
                0.008428785437946567
            ],
            [
                0.0,
                3.640036478424907e-12,
                1.3105881599230688e-10,
                1.270742506305752e-07,
                0.9999998727910505
            ]
        ],
        [
            [
                0.9999999969410966,
                2.87713860380183e-09,
                1.793782324994576e-10,
                2.172441861305326e-12,
                2.140760005243049e-13
            ],
            [
                0.9999863781066276,
                1.3621485137146248e-05,
                4.0432529437423494e-10,
                3.699743019122526e-12,
                2.1030089059705961e-13
            ],
            [
                0.0,
                7.30641696064712e-10,
                0.9999999987015535,
                3.089615558325508e-10,
                2.5884321493096765e-10
            ],
            [
                0.0,
                8.242801562443047e-12,
                7.722547589480941e-10,
                1.5513815361253166e-06,
                0.9999984478379662
            ],
            [
                0.0,
                1.551319852488474e-11,
                1.5744743661322214e-09,
                1.4394538362038694e-07,
                0.9999998544646288
            ]
        ],
        [
            [
                0.9999999940838193,
                5.8315229382527174e-09,
                8.348706956105666e-11,
                1.0668294874336966e-12,
                1.0376531853161639e-13
            ],
            [
                0.9999991678401047,
                8.317817289231786e-07,
                3.7562179159474053e-10,
                2.3546261996223043e-12,
                1.899895788566151e-13
            ],
            [
                0.0,
                1.2509536708060579e-10,
                0.9999999997963964,
                5.245775805797573e-11,
                2.6050427459233704e-11
            ],
            [
                0.0,
                4.2635003288569684e-11,
                1.6658883380549526e-08,
                5.1876438478711743e-05,
                0.9999481068600029
            ],
            [
                0.0,
                1.849535589339419e-12,
                5.914104538012828e-11,
                8.192099189534191e-08,
                0.9999999180180176
            ]
        ],
        [
            [
                0.9999999981911125,
                1.7036308388018953e-09,
                1.0407151151259603e-10,
                1.1052446941866459e-12,
                8.000854802541162e-14
            ],
            [
                0.9999999214598476,
                7.839546577949006e-08,
                1.4229502815236423e-10,
                2.217263642493303e-12,
                1.7427542320256278e-13
            ],
            [
                0.0,
                3.10079112343194e-10,
                0.9999999993914499,
                1.6823407107217438e-10,
                1.3023698743093412e-10
            ],
            [
                0.0,
                2.617640401012631e-10,
                4.297591799844388e-07,
                0.014051460620717432,
                0.9859481093583385
            ],
            [
                0.0,
                1.9344591346455432e-12,
                5.5257203646696736e-11,
                3.18421774214001e-08,
                0.999999968100631
            ]
        ],
        [
            [
                0.9999999961173909,
                3.765221921892234e-09,
                1.1635576583163564e-10,
                9.438200518545712e-13,
                8.753212225139893e-14
            ],
            [
                0.9999999915741934,
                8.224973329107464e-09,
                1.980951350486284e-10,
                2.6188212017677983e-12,
                1.193507138595251e-13
            ],
            [
                0.0,
                1.952152468870658e-10,
                0.9999999990136195,
                4.693172902554437e-10,
                3.218481633035276e-10
            ],
            [
                0.0,
                7.313328289861964e-11,
                1.809829775422785e-08,
                0.001216153900410796,
                0.9987838279281581
            ],
            [
                0.0,
                2.9078302745624504e-12,
                1.9071418159274872e-10,
                3.117142843862757e-08,
                0.9999999686349496
            ]
        ],
        [
            [
                0.9999999969827433,
                2.932234739696986e-09,
                8.381782560556002e-11,
                1.0828961237011527e-12,
                1.2132135296140737e-13
            ],
            [
                0.9999992052967622,
                7.944580763315566e-07,
                2.433611481275822e-10,
                1.7050879205481664e-12,
                9.514960823765513e-14
            ],
            [
                0.0,
                6.200659498256221e-11,
                0.9999999991363047,
                4.798405686579213e-10,
                3.2184816334301364e-10
            ],
            [
                0.0,
                1.8753239234994204e-09,
                0.07389088329917821,
                0.9225792558306081,
                0.003529858994889921
            ],
            [
                0.0,
                6.343875820847872e-12,
                1.601465699693815e-10,
                1.361328995526064e-07,
                0.9999998637006101
            ]
        ],
        [
            [
                0.9999999881773628,
                1.1690556973056878e-08,
                1.3025661162864394e-10,
                1.59322279804341e-12,
                2.301866364143134e-13
            ],
            [
                0.9994000562721853,
                0.0005999430266253735,
