{
    "[['A', 'B', 'C', 'D', 'E'], ['A', 'B', 'C', 'D', 'E']]": [
        [
            [
                0.9999999355186461,
                6.43586837191189e-08,
                1.216361970556076e-10,
                9.868536641712547e-13,
                4.7141839088888486e-14
            ],
            [
                0.9870249755049141,
                0.012975024079982004,
                4.1283656345255853e-10,
                1.9971525453994994e-12,
                2.7032026358378735e-13
            ],
            [
                0.0,
                4.0365220847509555e-12,
                0.9999999999668083,
                1.4009795627599625e-11,
                1.5145109678226385e-11
            ],
            [
                0.0,
                2.1229846901470536e-11,
                3.7711676052088585e-08,
                2.614684060326574e-06,
                0.9999973475830337
            ],
            [
                0.0,
                2.608270809124157e-10,
                2.0770125668829436e-07,
                0.18428887363153526,
                0.8157109184063809
            ]
        ],
        [
            [
                0.9999999125686501,
                8.727416128709184e-08,
                1.558084707692816e-10,
                1.2856497341088363e-12,
                9.446390486375749e-14
            ],
            [
                0.8766535605717674,
                0.12334643529460124,
                4.097170898495594e-09,
                3.510285794393573e-11,
                1.3577173957284782e-12
            ],
            [
                0.0,
                4.199512993348999e-12,
                0.999999999942601,
                1.595857431350355e-11,
                3.724092789345086e-11
            ],
            [
                0.0,
                1.2330754992295457e-10,
                1.5941905010069557e-07,
                0.0030220171162095963,
                0.9969778233414327
            ],
            [
                0.0,
                1.4948769482779849e-12,
                2.0861529184053302e-10,
                1.7738363650599402e-08,
                0.9999999820515263
            ]
        ],
        [
            [
                0.9999995297021671,
                4.702288159210523e-07,
                6.773393018615646e-11,
                1.2092797717423076e-12,
                7.366460335098857e-14
            ],
            [
                0.14465434370468822,
                0.855345655870708,
                4.200037618935718e-10,
                3.86157705916203e-12,
                7.383582677014147e-13
            ],
            [
                0.0,
                8.713526200726584e-12,
                0.9999999998649396,
                5.663128562751481e-11,
                6.97156227988763e-11
            ],
            [
                0.0,
                1.4328466521771663e-11,
                2.6460184149894783e-09,
                1.3352150666522654e-05,
                0.9999866451889865
            ],
            [
                0.0,
                1.9125529409122873e-12,
                1.972468151947308e-10,
                5.5586038935539127e-08,
                0.9999999442148018
            ]
        ],
        [
            [
                0.9999998976855244,
                1.0175008900415969e-07,
                5.556690575147179e-10,
                8.288379269998713e-12,
                4.291463958586513e-13
            ],
            [
                0.3434195614923931,
                0.6565804373099471,
                1.187718739214494e-09,
                8.798029069122565e-12,
                1.142813298978763e-12
            ],
            [
                0.0,
                3.193244772632852e-11,
                0.9999999997584039,
                8.15380071684337e-11,
                1.2812544123414914e-10
            ],
            [
                0.0,
                1.7405293433443441e-12,
                9.66728441030952e-11,
                1.0929518765571547e-08,
                0.9999999889720678
            ],
            [
                0.0,
                2.720382796869411e-11,
                6.550132789276153e-09,
                0.04370074346959859,
                0.9562992499530647
            ]
        ],
        [
            [
                0.9999949018769184,
                5.097871585059456e-06,
                2.4774199788632304e-10,
                3.347217912707249e-12,
                4.0732801081432143e-13
            ],
            [
                0.996052134636917,
                0.0039478652006510765,
                1.5857874757577457e-10,
                3.697245646543203e-12,
                1.5612622707034339e-13
            ],
            [
                0.0,
                2.1114302632864167e-12,
                0.99999999991743,
                4.4643619329026174e-11,
                3.581486514692533e-11
            ],
            [
                0.0,
                2.5444446943773205e-11,
                2.77782223995335e-08,
                7.691678541467927e-06,
                0.9999922805177917
            ],
            [
                0.0,
                3.5782639110894725e-11,
                1.6089072672127674e-08,
                0.0020005455249096807,
                0.997999438350235
            ]
        ],
        [
            [
                0.9999999743327623,
                2.548217271945427e-08,
                1.8419612768265193e-10,
                8.230872897358541e-13,
                4.544451140780353e-14
            ],
            [
                0.010819447651399625,
                0.9891805518165837,
                5.26634025475242e-10,
                4.805425926638075e-12,
                5.772791832340919e-13
            ],
            [
                0.0,
                3.693961166092635e-12,
                0.9999999999211551,
                2.794861535236444e-11,
                4.7202550856322316e-11
            ],
            [
                0.0,
                6.262560602553822e-11,
                1.4766507206329646e-07,
                0.0036933000464062717,
                0.996306552225896
            ],
            [
                0.0,
                2.500207717465519e-12,
                4.2519221686438755e-10,
                7.001205137959411e-09,
                0.9999999925711023
            ]
        ],
        [
            [
                0.9999999497309705,
                4.9879777268338435e-08,
                3.8459833421798575e-10,
                4.517397454829194e-12,
                1.363287880066931e-13
            ],
            [
                0.09942990049642843,
                0.9005700980644992,
                1.420448073307396e-09,
                1.683264249473739e-11,
                1.791622925688653e-12
            ],
            [
                0.0,
                4.525279804691523e-12,
                0.9999999999248284,
                2.7587568720521534e-11,
                4.30589042133144e-11
            ],
            [
                0.0,
                1.45576405814361e-10,
                1.2637041387340937e-07,
                0.7742702551924115,
                0.22572961829159813
            ],
            [
                0.0,
                3.1088538374306693e-12,
                3.2412075509705493e-10,
                1.980847808118736e-06,
                0.9999980188249623
            ]
        ],
        [
            [
                0.999999907692778,
                9.200669004772592e-08,
                2.9792558607032886e-10,
                2.517780183907995e-12,
                8.864318593252976e-14
            ],
            [
                0.9983472075493385,
                0.0016527922828761651,
                1.662547476825989e-10,
                1.2660628710778421e-12,
                2.644726517250881e-13
            ],
            [
                0.0,
                2.550061042589153e-11,
                0.99999999980551,
                1.1063024781188079e-10,
                5.835901042393706e-11
            ],
            [
                0.0,
                4.1199549709400435e-11,
                3.176320236742007e-08,
                1.0525286574131916e-05,
                0.9999894429090239
            ],
            [
                0.0,
                7.975722995101069e-12,
                1.2260943484208872e-09,
                0.0002526410872447128,
                0.9997473576786852
            ]
        ],
        [
            [
                0.9999999621426053,
                3.773074183474833e-08,
                1.2574939987054734e-10,
                8.6325794223748e-13,
                4.0232818143327116e-14
            ],
            [
                0.9999582615920047,
                4.1738347475483044e-05,
                5.910653476174646e-11,
                1.3351313495785835e-12,
                7.809509919050372e-14
            ],
            [
                0.0,
                1.2333547584757197e-11,
                0.9999999997509372,
                5.934262574944477e-11,
                1.7738684248886053e-10
            ],
            [
                0.0,
                1.413692916630413e-10,
                4.092814258544198e-08,
                0.03410909366227031,
                0.9658908652682179
            ],
            [
                0.0,
                7.39918286413919e-11,
                4.462648888729491e-08,
                3.694125693928938e-05,
                0.99996301404258
            ]
        ],
        [
            [
                0.999999401145364,
                5.987135118165826e-07,
                1.3880721232941827e-10,
                2.264439151125721e-12,
                5.256504662366067e-14
            ],
            [
                0.9991718968290215,
                0.0008281028828053625,
                2.8300631342799723e-10,
                4.8843779811645674e-12,
                2.8256737153143457e-13
            ],
            [
                0.0,
                7.268924692984988e-11,
                0.999999999467793,
                2.955839867018404e-10,
                1.6393370772533754e-10
            ],
            [
                0.0,
                2.0518190965442877e-12,
                2.531072035913414e-10,
                1.0368962110980658e-06,
                0.9999989628486299
            ],
            [
                0.0,
                5.5217270437537054e-11,
                6.066149089292931e-09,
                0.0015909881258555593,
                0.998409005752778
            ]
        ],
        [
            [
                0.9999999608237573,
                3.910056400314567e-08,
                7.48645914664305e-11,
                7.744174052489649e-13,
                3.972095974337374e-14
            ],
            [
                0.8973254409436601,
                0.10267455593197829,
                3.103402164855755e-09,
                1.9239475060873472e-11,
                1.7200154463728849e-12
            ],
            [
                0.0,
                1.2371014408249967e-10,
                0.9999999996093785,
                1.2234072683854003e-10,
                1.4457058273923853e-10
            ],
            [
                0.0,
                8.495884100106923e-11,
                9.248472992035293e-08,
                5.7825844639170125e-05,
                0.9999420815856721
            ],
            [
                0.0,
                2.638974545803665e-11,
                4.1484722702306e-09,
                0.002408771540342414,
                0.9975912242847956
            ]
        ],
        [
            [
                0.9999994793117477,
                5.206035520637145e-07,
                8.331240499352438e-11,
                1.3492085451088455e-12,
                3.8534798508143895e-14
            ],
            [
                0.05902269201841778,
                0.9409773073336289,
                6.416935896056837e-10,
                5.679567701428666e-12,
                5.80135759526617e-13
            ],
            [
                0.0,
                3.9149813270817445e-12,
                0.9999999999499101,
                2.475585910562502e-11,
                2.141918041994967e-11
            ],
            [
                0.0,
                1.2219451278556274e-10,
                6.229591274502019e-07,
                3.4727634694450474e-05,
                0.9999646492839835
            ],
            [
                0.0,
                5.845211223627728e-12,
                7.527571729878931e-10,
                4.148751827074694e-06,
                0.9999958504895705
            ]
        ],
        [
            [
                0.999999947572905,
                5.2330619398688014e-08,
                9.517533735391373e-11,
                1.103765751577729e-12,
                1.9643555584351644e-13
            ],
            [
                0.9999983264615365,
                1.6734153076270884e-06,
                1.2086860529767517e-10,
                2.181656000476217e-12,
                1.0550578499027581e-13
            ],
            [
                0.0,
                6.843526851807499e-12,
                0.9999999999358626,
                2.0352043054178032e-11,
                3.694181468075074e-11
            ],
            [
                0.0,
                6.100915495147169e-12,
                7.931327775885161e-10,
                1.4837567992538488e-07,
                0.9999998508250862
            ],
            [
                0.0,
                7.81121643400784e-12,
                1.1798793191784034e-09,
                9.487281229384461e-08,
                0.9999999039394972
            ]
        ],
        [
            [
                0.9999999392601734,
                6.048626328046676e-08,
                2.505351673760331e-10,
                2.8152606070140334e-12,
                2.1279488701453337e-13
            ],
            [
                0.8412581945354597,
                0.1587417965748828,
                8.868957442284945e-09,
                1.9402023810145552e-11,
                1.2981672685101293e-12
            ],
            [
                0.0,
                6.7674363861774255e-12,
                0.9999999998270508,
                5.3684552799435857e-11,
                1.1249723200888346e-10
            ],
            [
                0.0,
                1.51362218390749e-10,
                6.197816206778575e-07,
                0.0009663497621351917,
                0.999033030304882
            ],
            [
                0.0,
                1.9337655869852097e-12,
                3.8011400772297063e-10,
                1.4675471127897476e-06,
                0.9999985320708394
            ]
        ],
        [
            [
                0.9999995914319953,
                4.0849471087762403e-07,
                7.222420108824076e-11,
                9.954361893115412e-13,
                7.410230000479179e-14
            ],
            [
                0.99977054079976,
                0.00022945848463343263,
                7.100706080250633e-10,
                5.1353501406033426e-12,
                4.0030148425804065e-13
            ],
            [
                0.0,
                1.6478843639113918e-12,
                0.9999999999374973,
                1.7869755780378126e-11,
                4.2985134099447e-11
            ],
            [
                0.0,
                5.3311703935567047e-11,
                3.619095567879147e-08,
                0.0003205946945056563,
                0.9996793690612269
            ],
            [
                0.0,
                5.878708877725927e-12,
                4.1946101825715776e-10,
                1.3963546335730124e-06,
                0.9999986032200268
            ]
        ],
        [
            [
                0.9999984809500576,
                1.518888897753337e-06,
                1.5872461885584871e-10,
                2.0717688067053533e-12,
                2.4823685327420786e-13
            ],
            [
                0.06712648020172253,
                0.9328735188419992,
                9.41555942092087e-10,
                1.3347449856044746e-11,
                1.3749037865122465e-12
            ],
            [
                0.0,
                8.269635274752007e-12,
                0.9999999997668594,
                1.0118288520223188e-10,
                1.2368820191932668e-10
            ],
            [
                0.0,
                2.6330554775509215e-12,
                3.975469321503527e-10,
                6.320406939300618e-07,
                0.999999367559126
            ],
            [
                0.0,
                2.2406000016957388e-11,
                3.4124856796728925e-09,
                2.940178883058701e-07,
                0.99999970254722
            ]
        ],
        [
            [
                0.9999999003004119,
                9.965444190602282e-08,
                4.435360551345103e-11,
                6.974055641730248e-13,
                9.51439804893815e-14
            ],
            [
                1.9990863452287785e-05,
                0.999980009046146,
                8.965846082770642e-11,
                6.943965326355858e-13,
                4.859905484556795e-14
            ],
            [
                0.0,
                2.8717612997142626e-12,
                0.9999999999451863,
                1.658103513036719e-11,
                3.536110223927108e-11
            ],
            [
                0.0,
                2.0723558515778639e-10,
                4.344894831594988e-08,
                0.019670165224641073,
                0.9803297911191751
            ],
            [
                0.0,
                5.852395589764398e-12,
                9.608520035098933e-10,
                7.97639352592711e-08,
                0.9999999192693604
            ]
        ],
        [
            [
                0.9999999578690344,
                4.200242321227612e-08,
                1.2717297961425619e-10,
                1.2837775363364612e-12,
                8.561557380811003e-14
            ],
            [
                4.1885844210543976e-05,
                0.9999581139695315,
                1.836064907614656e-10,
                2.2950460281276795e-12,
                3.5642415726664277e-13
            ],
            [
                0.0,
                1.0673327545996336e-11,
                0.9999999998835525,
                4.016379939508768e-11,
                6.561041902749947e-11
            ],
            [
                0.0,
                6.339400223908781e-12,
                4.861660438612847e-09,
                4.1034603288089516e-08,
                0.9999999540973968
            ],
            [
                0.0,
                1.2816277880853545e-11,
                4.815790007542796e-10,
                5.665563360755678e-06,
                0.999994333942244
            ]
        ],
        [
            [
                0.999999883199272,
                1.1659343081798164e-07,
                2.066226305986295e-10,
                5.288607950409325e-13,
                1.4553537126571149e-13
            ],
            [
                0.9999566353619392,
                4.336448370383475e-05,
                1.528572409059206e-10,
                1.3990882795314526e-12,
                1.0060752542379463e-13
            ],
            [
                0.0,
                6.909245454019363e-13,
                0.9999999999755365,
                8.931704378304817e-12,
                1.4840793136817796e-11
            ],
            [
                0.0,
                9.574391244634805e-12,
                5.023828067086705e-09,
                1.5364530633606214e-06,
                0.9999984585135342
            ],
            [
                0.0,
                5.500806283543025e-12,
                4.436065128467078e-10,
                9.105493012513675e-07,
                0.9999990890015914
            ]
        ],
        [
            [
                0.99999994075632,
                5.91216182929098e-08,
                1.2163618319253278e-10,
                3.7039774772325734e-13,
                5.502027819529186e-14
            ],
            [
                0.013150004361397998,
                0.9868499950833919,
                5.498168150983621e-10,
                4.773480041241704e-12,
                6.198240818917036e-13
            ],
            [
                0.0,
                1.4023323265245055e-11,
                0.9999999999064544,
                2.943792416367451e-11,
                5.008428816156754e-11
            ],
            [
                0.0,
                1.6324188374892098e-11,
                6.949120187505323e-09,
                1.1596241201396661e-06,
                0.9999988334104355
            ],
            [
                0.0,
                7.181567200844663e-11,
                8.78121017260824e-09,
                0.0028011074033862547,
                0.9971988837435879
            ]
        ],
        [
            [
                0.9999566354318973,
                4.336448370686857e-05,
                8.328158892263689e-11,
                1.0480166146451787e-12,
                6.62971649144528e-14
            ],
            [
                0.9999352217672363,
                6.477811509383683e-05,
                1.1678643617786467e-10,
                8.152625707372851e-13,
                6.816137131468537e-14
            ],
            [
                0.0,
                2.5531355540245403e-12,
                0.9999999999530409,
                2.3436722284271584e-11,
                2.0969189567571622e-11
            ],
            [
                0.0,
                2.7562428048831143e-11,
                1.955016139837371e-08,
                0.00015507899355686296,
                0.9998449014287193
            ],
            [
                0.0,
                4.172011435537311e-11,
                6.731661343015871e-08,
                0.0007800175103789413,
                0.9992199151312875
            ]
        ],
        [
            [
                0.9999999431515317,
                5.6745115523578835e-08,
                1.0195565675650743e-10,
                1.3454976346679254e-12,
                5.153644837469939e-14
            ],
            [
                0.18182434276739698,
                0.8181756551520343,
                2.0637853077145057e-09,
                1.443858730484309e-11,
                2.344833508744057e-12
            ],
            [
                0.0,
                2.4969908888857363e-12,
                0.9999999999561051,
                1.9093137789718595e-11,
                2.2304817835759453e-11
            ],
            [
                0.0,
                2.0184805978325154e-11,
                1.6983110368679057e-08,
                0.00024141184912239942,
                0.9997585711475824
            ],
            [
                0.0,
                3.3480289192317255e-12,
                6.308011265924003e-10,
                4.1823337889874143e-07,
                0.9999995811324719
            ]
        ],
        [
            [
                0.9999998520891789,
                1.4771422167682242e-07,
                1.933922489390182e-10,
                3.095817955580347e-12,
                1.114945682956279e-13
            ],
            [
                0.05584907734364179,
                0.9441509220158926,
                6.307914636854199e-10,
                9.11777380014916e-12,
                5.56445614472579e-13
            ],
            [
                0.0,
                1.3053591563636217e-10,
                0.9999999997552811,
                6.609512341213931e-11,
                4.808783934669903e-11
            ],
            [
                0.0,
                1.3275882276685334e-10,
                1.5361005774859875e-07,
                0.922704835591596,
                0.0772950106655875
            ],
            [
                0.0,
                9.037544453119208e-11,
                1.483795673812175e-08,
                0.0039700959308724875,
                0.9960298891407953
            ]
        ],
        [
            [
                0.9999998734436641,
                1.265105289159347e-07,
                4.517848014797962e-11,
                6.016944424185837e-13,
                2.6653306064382984e-14
            ],
            [
                0.9994575398657466,
                0.0005424596896184996,
                4.4206755379706434e-10,
                2.293895150706703e-12,
                2.733533979743439e-13
            ],
            [
                0.0,
                6.29173476107406e-12,
                0.9999999999310547,
                2.733244798824768e-11,
                3.532119677024311e-11
            ],
            [
                0.0,
                6.846928246469424e-10,
                2.1120679475610993e-07,
                0.213971420428752,
                0.7860283676797604
            ],
            [
                0.0,
                4.226665953284534e-12,
                4.760819000788001e-10,
                3.6492877338220558e-09,
                0.9999999958704038
            ]
        ],
        [
            [
                0.9999997526458617,
                2.472801906607961e-07,
                7.29233759095365e-11,
                9.601360130635488e-13,
                6.40768893927631e-14
            ],
            [
                0.024707043098968495,
                0.9752929553760199,
                1.5144662513991118e-09,
                8.689576676689141e-12,
                1.8557475942119845e-12
            ],
            [
                0.0,
                1.6002854747607062e-12,
                0.9999999999379126,
                1.5769492793194664e-11,
                4.4717762152253754e-11
            ],
            [
                0.0,
                2.9932604582513975e-11,
                1.2829388785689824e-07,
                7.088623594531913e-06,
                0.999992783052585
            ],
            [
                0.0,
                2.3451657553375297e-11,
                6.4827674293090485e-09,
                6.071327217112072e-06,
                0.9999939221665638
            ]
        ],
        [
            [
                0.9999998226250774,
                1.771967203394535e-07,
                1.7698466594232924e-10,
                1.043896846698619e-12,
                1.7383585837347106e-13
            ],
            [
                0.5692279194770471,
                0.430772079845775,
                6.663820462270818e-10,
                9.402145012706081e-12,
                1.3937108752785365e-12
            ],
            [
                0.0,
                6.433044463499311e-12,
                0.9999999999292375,
                2.6140666376076925e-11,
                3.818877031564352e-11
            ],
            [
                0.0,
                4.364448388707723e-11,
                1.5746231926428678e-07,
                1.6634937326630216e-05,
                0.9999832075567097
            ],
            [
                0.0,
                1.4317239203983889e-11,
                4.9604050031191785e-09,
                1.9791124949998297e-06,
                0.9999980159127828
            ]
        ],
        [
            [
                0.999999978244938,
                2.1678806419640573e-08,
                7.485117144326145e-11,
                1.3646440248781627e-12,
                3.949831696857269e-14
            ],
            [
                0.48260485070197484,
                0.5173951483257857,
                9.61238773587167e-10,
                1.0229591108864363e-11,
                7.712085176261108e-13
            ],
            [
                0.0,
                4.3563726849593105e-11,
                0.9999999998189404,
                5.1934494998755435e-11,
                8.556134678391257e-11
            ],
            [
                0.0,
                3.293666870264316e-11,
                2.675622673669044e-08,
                0.00021351017483972636,
                0.9997864630359968
            ],
            [
                0.0,
                4.2319011658391355e-12,
                1.544821735982212e-10,
                2.4517747706324797e-08,
                0.9999999753235381
            ]
        ],
        [
            [
                0.9999999108783404,
                8.902706797992678e-08,
                9.363422163239722e-11,
                9.058538433644006e-13,
                5.162962516621596e-14
            ],
            [
                0.91654016263473,
                0.08345983056935169,
                6.7662723411567345e-09,
                2.8142901872219786e-11,
                1.502970731308428e-12
            ],
            [
                0.0,
                3.4279152703074915e-12,
                0.9999999999525047,
                1.1359986173869571e-11,
                3.270729152416567e-11
            ],
            [
                0.0,
                4.235381582503406e-12,
                1.3160772412222286e-09,
                2.3889072887620915e-06,
                0.9999976097723986
            ],
            [
                0.0,
                1.1742110253785582e-12,
                1.8660070902043487e-10,
                9.343414580798524e-09,
                0.9999999904688105
            ]
        ],
        [
            [
                0.9999994615014847,
                5.383247118854029e-07,
                1.7232254114723974e-10,
                1.2796046813245432e-12,
                2.0126697119112954e-13
            ],
            [
                0.9767210273094247,
                0.02327897201688409,
                6.707814837081343e-10,
                2.475867919956483e-12,
                4.341644417613237e-13
            ],
            [
                0.0,
                9.954662383408451e-10,
                0.999999998733075,
                1.7983007943379917e-10,
                9.162879578174962e-11
            ],
            [
                0.0,
                1.562307316732213e-10,
                8.264822989120718e-07,
                0.0004569706923980701,
                0.9995422026690722
            ],
            [
                0.0,
                8.780292585937582e-12,
                7.251041124888827e-09,
                2.6331776997582003e-07,
                0.9999997294224086
            ]
        ],
        [
            [
                0.9999999025676242,
                9.734892027430697e-08,
                8.266927138652118e-11,
                7.480442823206875e-13,
                3.8237400445722944e-14
            ],
            [
                0.9985419485166258,
                0.0014580506453127234,
                8.335457152377845e-10,
                4.3303495437675586e-12,
                1.856422871414038e-13
            ],
            [
                0.0,
                3.844058168154034e-12,
                0.9999999999348663,
                2.8428676571695625e-11,
                3.286111727367155e-11
            ],
            [
                0.0,
                6.5637050081039935e-12,
                1.2772608765826952e-09,
                2.921150312383315e-06,
                0.9999970775658631
            ],
            [
                0.0,
                3.0607255203354343e-12,
                1.236028328527143e-10,
                3.3153616600511786e-07,
                0.9999996683371704
            ]
        ],
        [
            [
                0.9999997310822952,
                2.687049085248783e-07,
                2.1124152223782135e-10,
                1.4186723853146282e-12,
                1.3615780056525732e-13
            ],
            [
                0.008035371228966887,
                0.9919646285174233,
                2.5155075495243875e-10,
                1.8252703378302633e-12,
                2.338561633866157e-13
            ],
            [
                0.0,
                1.711837343623158e-11,
                0.9999999998607141,
                8.041516941533186e-11,
                4.1752433366721484e-11
            ],
            [
                0.0,
                1.1164534856425601e-11,
                2.6300179005555466e-09,
                8.46870102687684e-06,
                0.9999915286577906
            ],
            [
                0.0,
                5.2343392446404214e-12,
                3.403039917111697e-10,
                1.0955064567406242e-08,
                0.999999988699397
            ]
        ],
        [
            [
                0.9999999052949209,
                9.45004149124592e-08,
                2.0210395996680446e-10,
                2.3571156325015037e-12,
                2.030952231200688e-13
            ],
            [
                0.9948467261033586,
                0.005153273550667954,
                3.4390650032745545e-10,
                1.9162483401325717e-12,
                1.5075406754134906e-13
            ],
            [
                0.0,
                1.2583259538266666e-11,
                0.9999999999075311,
                3.3753578926760683e-11,
                4.613188861976908e-11
            ],
            [
                0.0,
                8.501184150694336e-11,
                2.7567569024877123e-08,
                0.929646926933437,
                0.07035304541398231
            ],
            [
                0.0,
                1.781518577232141e-09,
                2.0686013340711468e-05,
                0.3126333801664264,
                0.6873459320387143
            ]
        ],
        [
            [
                0.9999999610189887,
                3.8914561808749345e-08,
                6.483119159216818e-11,
                1.5625053820935824e-12,
                5.577554769716158e-14
            ],
            [
                0.9907830207156489,
                0.009216978668213617,
                6.112382947023857e-10,
                4.47915774861341e-12,
                4.201489713411638e-13
            ],
            [
                0.0,
                2.8698846084189946e-11,
                0.999999999732055,
                1.3422719394999063e-10,
                1.0501887421570575e-10
            ],
            [
                0.0,
                9.782932608374178e-12,
                7.468041151821399e-09,
                0.00014563420247275163,
                0.9998543583197032
            ],
            [
                0.0,
                6.826735015169271e-12,
                1.2142391943828635e-09,
                3.071984292407523e-08,
                0.9999999680590911
            ]
        ],
        [
            [
                0.9999998749698146,
                1.247687439226015e-07,
                2.5974430773279616e-10,
                1.6202149320931493e-12,
                7.699162006626572e-14
            ],
            [
                0.9999630111193212,
                3.698838928686885e-05,
                4.872482229014956e-10,
                4.005460900489038e-12,
                1.3841412968210285e-13
            ],
            [
                0.0,
                3.5831108727313657e-12,
                0.9999999999081077,
                3.307384118650269e-11,
                5.523528764319927e-11
            ],
            [
                0.0,
                1.5673215814758293e-10,
                1.4001910634179619e-06,
                0.008701110213908554,
                0.9912974894382959
            ],
            [
                0.0,
                1.894479640740933e-12,
                2.2802871150071876e-10,
                3.700837423373751e-08,
                0.9999999627617024
            ]
        ],
        [
            [
                0.9999999534328894,
                4.6282311854113e-08,
                2.831612842486508e-10,
                1.5729411114880085e-12,
                6.463107940710388e-14
            ],
            [
                0.0005264706577956502,
                0.9994735292691694,
                6.796156165825643e-11,
                4.274637462343119e-12,
                7.987227827717031e-13
            ],
            [
                0.0,
                7.320344740792957e-12,
                0.9999999999097502,
                3.765871685415492e-11,
                4.527060502370257e-11
            ],
            [
                0.0,
                7.756240374413163e-12,
                5.484952289948957e-09,
                3.55289527314968e-08,
                0.9999999589783387
            ],
            [
                0.0,
                2.02260795879487e-11,
                1.8728433147797035e-09,
                0.0008490491070061277,
                0.9991509489999245
            ]
        ],
        [
            [
                0.9999999579235259,
                4.197271170700047e-08,
                1.0245411976312917e-10,
                1.239235031809189e-12,
                6.916453957618012e-14
            ],
            [
                7.490345546202058e-05,
                0.9999250958737482,
                6.661443448180788e-10,
                4.207995890387149e-12,
                4.3735935956848595e-13
            ],
            [
                0.0,
                4.611092838948838e-12,
                0.9999999999641276,
                1.29597852131027e-11,
                1.8301307426945e-11
            ],
            [
                0.0,
                4.495636254948413e-11,
                1.905166012229376e-08,
                0.004480214369309088,
                0.9955197665340745
            ],
            [
                0.0,
                6.877417362961263e-12,
                4.5170573923022917e-10,
                8.89205315286363e-07,
                0.9999991103361014
            ]
        ],
        [
            [
                0.99999964573473,
                3.539228064892555e-07,
                3.3978318571485767e-10,
                2.4057015579830343e-12,
                2.7459919913803206e-13
            ],
            [
                0.5526198732484077,
                0.44738012545266953,
                1.2887353287153485e-09,
                8.73569206966213e-12,
                1.4517641758584209e-12
            ],
            [
                0.0,
                1.2368820191291298e-10,
                0.9999999997150057,
                9.463031433443234e-11,
                6.667580003443208e-11
            ],
            [
                0.0,
                3.072139484247294e-10,
                8.85236677892362e-06,
                0.0003928186100534254,
                0.9995983287159538
            ],
            [
                0.0,
                3.859576647369658e-11,
                5.975464227174725e-09,
                3.4039608569449104e-05,
                0.9999659543773706
            ]
        ],
        [
            [
                0.9999998869125244,
                1.1304417029854928e-07,
                4.2795098397728844e-11,
                4.490746722379376e-13,
                6.122673695372935e-14
            ],
            [
                0.9720621263861122,
                0.027937872798267982,
                8.040141359826071e-10,
