{
    "[['A', 'B', 'C', 'D', 'E'], ['A', 'B', 'C', 'D', 'E']]": [
        [
            [
                0.0005597718263122614,
                0.9994401426858686,
                7.596827265897532e-08,
                9.206334192767684e-09,
                3.132122608644372e-10
            ],
            [
                4.4054282716262326e-08,
                0.32461873997276786,
                0.6753811500278505,
                6.290739962166862e-08,
                3.0376993718601723e-09
            ],
            [
                0.0,
                1.6370562131387784e-10,
                2.4962272370965337e-06,
                0.999993505447823,
                3.998161234342805e-06
            ],
            [
                0.0,
                9.623408009875337e-11,
                8.987068419274087e-09,
                2.9875857186745563e-05,
                0.9999701150595107
            ],
            [
                0.0,
                1.2179312376165436e-10,
                1.1390443564235103e-08,
                7.153860322067411e-06,
                0.9999928346274412
            ]
        ],
        [
            [
                0.9999964096524935,
                3.5192642150269698e-06,
                6.639366453543154e-08,
                4.564190193325037e-09,
                1.2543655125514163e-10
            ],
            [
                2.8507847196442305e-07,
                0.999999377117346,
                3.361458352754547e-07,
                1.59551509354034e-09,
                6.283175241981676e-11
            ],
            [
                0.0,
                1.5977259729169156e-09,
                0.0002604266984547926,
                0.9727251760527618,
                0.02701439565105752
            ],
            [
                0.0,
                2.350415203462784e-10,
                3.1787321809337213e-08,
                6.65237247602909e-06,
                0.9999933156051607
            ],
            [
                0.0,
                7.821238909987952e-11,
                2.3832217677541862e-09,
                2.2211815539789e-06,
                0.9999977763570118
            ]
        ],
        [
            [
                0.999984591796686,
                1.5291448432224493e-05,
                9.25802075137061e-08,
                2.371971726853041e-08,
                4.549568613688367e-10
            ],
            [
                3.4601098349577596e-08,
                0.9999941644355516,
                5.797473742575616e-06,
                3.268294183872012e-09,
                2.213133617803108e-10
            ],
            [
                0.0,
                0.0,
                7.344029329573647e-06,
                0.973722158890415,
                0.02627049708025535
            ],
            [
                0.0,
                1.24341050267557e-10,
                1.5235267784242983e-08,
                2.7149561817432773e-05,
                0.9999728350785738
            ],
            [
                0.0,
                1.9837910466143416e-10,
                5.251978477184265e-09,
                1.2583880180831658e-06,
                0.9999987361616244
            ]
        ],
        [
            [
                0.9988534205066595,
                0.0011457398443266013,
                8.193368589740547e-07,
                1.952549133724683e-08,
                7.866634300422823e-10
            ],
            [
                1.8462924417269344e-07,
                0.9999843471860406,
                1.5464162986467272e-05,
                3.7341471773132915e-09,
                2.8758151541849045e-10
            ],
            [
                0.0,
                8.318791783267797e-11,
                1.4045562304910902e-08,
                2.2720213886709095e-06,
                0.999997713849861
            ],
            [
                0.0,
                1.6447428725080455e-10,
                1.3122729696806238e-08,
                6.616766252656473e-07,
                0.9999993250361707
            ],
            [
                0.0,
                1.279637633897256e-10,
                6.411409527673022e-09,
                8.317158868029083e-07,
                0.99999916174474
            ]
        ],
        [
            [
                0.9998492446570687,
                0.00015010001624687908,
                4.795819267672577e-07,
                1.7296211648187475e-07,
                2.782641176504096e-09
            ],
            [
                1.520318402479886e-09,
                0.7244298737834385,
                0.27557004041939775,
                8.239816313040774e-08,
                1.878682318387353e-09
            ],
            [
                0.0,
                4.429423974698655e-08,
                0.4225326136491016,
                0.5391749796956065,
                0.038292362361052164
            ],
            [
                0.0,
                1.465788798872544e-10,
                3.1462983559546305e-08,
                3.892685214054999e-06,
                0.9999960757052235
            ],
            [
                0.0,
                1.5936073663308712e-10,
                8.991680267402539e-09,
                2.6203606220050894e-06,
                0.9999973704883371
            ]
        ],
        [
            [
                0.9998887571668322,
                0.00011093147152435133,
                1.7432398371220247e-07,
                1.3492081488756936e-07,
                2.1168449214872194e-09
            ],
            [
                1.49918512066687e-07,
                0.9999964658486857,
                3.365382799023583e-06,
                1.8040018535320188e-08,
                8.099846537842278e-10
            ],
            [
                0.0,
                4.118673878244342e-11,
                1.6851524019266146e-08,
                0.00017782996775157924,
                0.9998221531395376
            ],
            [
                0.0,
                4.113877105581877e-11,
                2.129496013329975e-09,
                8.072953289513417e-07,
                0.9999991905340363
            ],
            [
                0.0,
                1.2493513277903931e-10,
                6.5738883197978076e-09,
                2.118612312898022e-07,
                0.9999997814399453
            ]
        ],
        [
            [
                0.9997695790792905,
                0.00023031855550290095,
                9.685108732670235e-08,
                5.468833548878767e-09,
                4.5285543275670837e-11
            ],
            [
                2.282965931457024e-08,
                0.7340703648860221,
                0.2659295966236235,
                1.4950283019313366e-08,
                7.104120214203733e-10
            ],
            [
                0.0,
                5.104275666084758e-09,
                0.008227458368564096,
                0.9915582436294031,
                0.00021429289775698406
            ],
            [
                0.0,
                3.98047514063038e-11,
                5.792910882811247e-09,
                1.4053744013278491e-05,
                0.999985940423271
            ],
            [
                0.0,
                6.464215505287052e-11,
                1.0503635857004284e-09,
                1.165513585941456e-06,
                0.9999988333714083
            ]
        ],
        [
            [
                0.9998664174845646,
                0.00013185882547175198,
                2.4835103951468674e-07,
                1.4454372588638682e-06,
                2.9901665254272555e-08
            ],
            [
                1.7244913185781557e-06,
                0.9999976806734195,
                5.905481646842991e-07,
                4.001801496730496e-09,
                2.8529560923180416e-10
            ],
            [
                0.0,
                5.123353720994794e-09,
                0.0036636481141318383,
                0.020439899123117503,
                0.975896447639397
            ],
            [
                0.0,
                1.0468548995503416e-10,
                3.337437270731316e-09,
                1.3289761120822468e-07,
                0.9999998636602659
            ],
            [
                0.0,
                1.4929294453734594e-10,
                1.5771140477398183e-08,
                0.0002296839883647158,
                0.9997703000912018
            ]
        ],
        [
            [
                0.5648639052713662,
                0.43513224517954735,
                3.7618107806163095e-06,
                8.684623755115613e-08,
                8.920681000499623e-10
            ],
            [
                2.535134199368723e-07,
                0.9999994912532817,
                2.535134199368723e-07,
                1.5316053266370777e-09,
                1.8827311398822613e-10
            ],
            [
                0.0,
                4.857468916514091e-10,
                0.00029382159700357184,
                0.9996592346964095,
                4.6943220840054944e-05
            ],
            [
                0.0,
                1.2259440839244335e-10,
                1.63292894479438e-08,
                7.694173035137457e-06,
                0.999992289375081
            ],
            [
                0.0,
                1.4711384412277552e-10,
                1.844684470482216e-08,
                0.00019769224409356287,
                0.9998022891619479
            ]
        ],
        [
            [
                0.005725384598215593,
                0.9942705019976714,
                3.259959846394034e-06,
                8.379138719856414e-07,
                1.553039470984459e-08
            ],
            [
                6.575392820963728e-09,
                0.9996889549806848,
                0.00031099100648689955,
                4.653156814205308e-08,
                9.058672680309821e-10
            ],
            [
                0.0,
                1.7658047780867822e-09,
                1.2811110339876946e-05,
                0.011120932040956159,
                0.9888662550828992
            ],
            [
                0.0,
                1.7574911832979707e-10,
                7.897307553338924e-09,
                1.8894506973743357e-05,
                0.9999810974199697
            ],
            [
                0.0,
                1.053925044832214e-10,
                6.989716684058569e-09,
                6.9602861550288575e-06,
                0.9999930326187358
            ]
        ],
        [
            [
                0.939639370199903,
                0.06036050517777505,
                1.2371386968284288e-07,
                8.827588310694585e-10,
                2.5693604724693384e-11
            ],
            [
                0.03391177000507257,
                0.9660881383873162,
                8.421842456317345e-08,
                7.306629887930378e-09,
                8.255676511596346e-11
            ],
            [
                0.0,
                1.1250330256413232e-09,
                5.745307161740569e-06,
                0.6877378457990933,
                0.3122564077687119
            ],
            [
                0.0,
                2.365612465618216e-10,
                8.964880397020576e-09,
                5.330716135688354e-06,
                0.9999946600824228
            ],
            [
                0.0,
                5.448816498375665e-11,
                2.7259586844400407e-09,
                6.202298360523557e-07,
                0.999999376989717
            ]
        ],
        [
            [
                0.9999686245655365,
                3.130646271722417e-05,
                6.708870859326583e-08,
                1.837835249838515e-09,
                4.5202527561076404e-11
            ],
            [
                2.0946206780703743e-07,
                0.9355538216068824,
                0.06444585922359161,
                1.0857073874824446e-07,
                1.1367193273427512e-09
            ],
            [
                0.0,
                6.574612631981869e-10,
                0.9990194608414842,
                0.0009786528153315041,
                1.8856857230803713e-06
            ],
            [
                0.0,
                1.3013914691733259e-10,
                8.935517491826744e-09,
                2.2933092912544767e-06,
                0.9999976976250522
            ],
            [
                0.0,
                1.6286813803653088e-10,
                6.084597490951894e-09,
                5.859597810499727e-07,
                0.9999994077927534
            ]
        ],
        [
            [
                0.9999993250190947,
                5.991556375157608e-07,
                7.296954430950368e-08,
                2.7928821449767326e-09,
                6.284134473323063e-11
            ],
            [
                7.869460607009594e-07,
                0.9999990806086269,
                1.3042562001143588e-07,
                1.8745731849060067e-09,
                1.451192588520819e-10
            ],
            [
                0.0,
                9.800147997779471e-09,
                0.9877347624525467,
                0.011757370638088183,
                0.0005078571092172687
            ],
            [
                0.0,
                1.77102191990246e-10,
                1.3850903394699531e-08,
                6.905992569204558e-07,
                0.9999992953727376
            ],
            [
                0.0,
                5.486799196096411e-11,
                1.592089195659886e-09,
                5.528098640811961e-07,
                0.9999994455431787
            ]
        ],
        [
            [
                0.9999335922853669,
                6.626156338868951e-05,
                1.1010981493249403e-07,
                3.585640864356422e-08,
                1.8502077744252265e-10
            ],
            [
                2.1847531644001024e-09,
                5.9976789776589474e-05,
                0.999939978907679,
                4.017443143047282e-08,
                1.94335983875422e-09
            ],
            [
                0.0,
                9.606265816501828e-10,
                2.7728094222523993e-06,
                0.04503931610069979,
                0.9549579101292515
            ],
            [
                0.0,
                1.1802905360042073e-10,
                6.202120380088946e-09,
                1.9501076686199053e-06,
                0.9999980435721819
            ],
            [
                0.0,
                3.8090511023048857e-10,
                5.141996321437755e-08,
                1.1378171214285798e-05,
                0.9999885700279173
            ]
        ],
        [
            [
                0.9999983296461267,
                1.5243974158827856e-06,
                1.2930984388977034e-07,
                1.600334514849194e-08,
                6.432682909626578e-10
            ],
            [
                9.490896780850156e-05,
                0.9999050657243088,
                2.343662293047233e-08,
                1.8381577369510138e-09,
                3.31019868861053e-11
            ],
            [
                0.0,
                1.2139319234782792e-08,
                0.00022857744605066897,
                0.1973369233207733,
                0.8024344870938569
            ],
            [
                0.0,
                3.902190532589811e-11,
                2.6466796795595123e-09,
                2.2371158971943734e-07,
                0.9999997736027086
            ],
            [
                0.0,
                2.498856369470968e-10,
                1.2543644411902818e-08,
                1.6345883707474195e-06,
                0.9999983526180992
            ]
        ],
        [
            [
                0.15564606959054844,
                0.8443534519613686,
                4.606836987168138e-07,
                1.7355538492241102e-08,
                4.088456877525347e-10
            ],
            [
                8.403967078613293e-06,
                0.9999915225763851,
                7.290665887491987e-08,
                4.857885525733895e-10,
                6.408896530611073e-11
            ],
            [
                0.0,
                1.0851023220460802e-08,
                0.0014401803916873014,
                0.9375969449216234,
                0.060962863835666216
            ],
            [
                0.0,
                1.6426329566811529e-10,
                5.43345513939971e-08,
                2.3629871944400794e-05,
                0.9999763156292409
            ],
            [
                0.0,
                1.6426610578298354e-10,
                2.259952014156917e-08,
                5.362277478075412e-06,
                0.9999946149587355
            ]
        ],
        [
            [
                0.9853356738967609,
                0.014663896246455985,
                3.625944357243018e-07,
                6.693775536379873e-08,
                3.2459214881676386e-10
            ],
            [
                7.51327873914544e-08,
                0.9998822962295962,
                0.00011756692088678815,
                6.076540572089119e-08,
                9.51323843906543e-10
            ],
            [
                0.0,
                6.586988116644113e-10,
                0.001372974134178012,
                0.9985473505620576,
                7.967464506578269e-05
            ],
            [
                0.0,
                1.1555008058952639e-10,
                3.6107302732047874e-09,
                4.1620453622293894e-07,
                0.9999995800691834
            ],
            [
                0.0,
                2.95237478964446e-10,
                2.8594257738434235e-08,
                3.021166846969489e-06,
                0.9999969499436577
            ]
        ],
        [
            [
                0.9999532443788922,
                4.661331840367788e-05,
                6.44306528665028e-08,
                7.602958659659477e-08,
                1.842464679486839e-09
            ],
            [
                1.1915098751440141e-06,
                0.9999986236804124,
                1.8208589150623745e-07,
                2.5304168966768076e-09,
                1.9340406905731603e-10
            ],
            [
                0.0,
                3.1818909868166216e-09,
                0.0001925685295620434,
                0.8930400129782641,
                0.10676741531028282
            ],
            [
                0.0,
                8.324490534189825e-11,
                1.793883471034595e-08,
                4.487224787134135e-05,
                0.9999551097300491
            ],
            [
                0.0,
                2.462749012365707e-10,
                4.233120962449715e-08,
                1.1128405778358118e-05,
                0.999988829016737
            ]
        ],
        [
            [
                0.9106861552321796,
                0.08931311368920736,
                6.65467899263151e-07,
                6.519810248046819e-08,
                4.126114510559019e-10
            ],
            [
                0.0003124542424616327,
                0.9996874608658799,
                7.461623562265744e-08,
                9.787090782291255e-09,
                4.883321521509336e-10
            ],
            [
                0.0,
                9.307977818340406e-10,
                5.085397141516302e-06,
                0.92651291983122,
                0.0734819938408407
            ],
            [
                0.0,
                1.3782581352521614e-10,
                4.489137224779311e-09,
                1.0758472316641639e-06,
                0.9999989195258052
            ],
            [
                0.0,
                2.5799001388841233e-10,
                1.6501877087567734e-07,
                1.7272425566502926e-05,
                0.9999825622976726
            ]
        ],
        [
            [
                0.871993832295663,
                0.12800578674061705,
                3.562230664622695e-07,
                2.4496199409843655e-08,
                2.444539284457958e-10
            ],
            [
                1.6609469860439166e-06,
                0.9999971291312236,
                1.206345046669328e-06,
                3.5006209152907258e-09,
                7.61229185913402e-11
            ],
            [
                0.0,
                2.621378821625837e-09,
                5.2879131254626816e-05,
                0.21249772658701802,
                0.7874493916603486
            ],
            [
                0.0,
                2.729890937349475e-10,
                3.59609254168458e-08,
                1.14791459279672e-06,
                0.9999988158514926
            ],
            [
                0.0,
                5.824258378221333e-11,
                8.551411975360485e-09,
                1.4278822334919065e-06,
                0.999998563508112
            ]
        ],
        [
            [
                6.410600509026296e-06,
                0.9998510583362579,
                0.000141683947368379,
                8.36876497350018e-07,
                1.0239367446422998e-08
            ],
            [
                1.940660588554586e-08,
                0.9975927108311202,
                0.002407227170768207,
                4.2026544462506674e-08,
                5.649613036289091e-10
            ],
            [
                0.0,
                7.212485250918144e-10,
                2.218469688493453e-06,
                0.003323440812401646,
                0.9966743399966613
            ],
            [
                0.0,
                6.650560096864064e-11,
                2.182449993614319e-09,
                7.659290761167857e-07,
                0.9999992318219684
            ],
            [
                0.0,
                1.1094277930282408e-10,
                1.3086711762463178e-08,
                7.097779732678283e-05,
                0.9999290090050187
            ]
        ],
        [
            [
                0.5346232442226445,
                0.46520777891129833,
                0.00016777633709938537,
                1.1889614360833267e-06,
                1.1567521487286146e-08
            ],
            [
                0.8781130759944661,
                0.12188666732068425,
                2.4877178151999027e-07,
                7.866863472516854e-09,
                4.6204536632174535e-11
            ],
            [
                0.0,
                2.6929829215703285e-09,
                2.7097880391340445e-05,
                0.9894482491425306,
                0.01052465028409518
            ],
            [
                0.0,
                1.7061240398555266e-10,
                5.6554701975276334e-09,
                6.262280393094148e-07,
                0.9999993679458782
            ],
            [
                0.0,
                8.504736055763747e-11,
                4.793504913267535e-09,
                6.153351329121309e-05,
                0.9999384616081566
            ]
        ],
        [
            [
                0.6178659962571063,
                0.3821161721385026,
                1.6769115093155206e-05,
                1.0462960453491758e-06,
                1.619325267279745e-08
            ],
            [
                2.1217383065865806e-07,
                0.9999734593617626,
                2.6320507812804253e-05,
                7.323582272082494e-09,
                6.330115722155473e-10
            ],
            [
                0.0,
                2.4530914934587575e-10,
                7.497874623095685e-08,
                0.043109435724150845,
                0.9568904890517937
            ],
            [
                0.0,
                3.2074628578660497e-10,
                1.5137276705406733e-08,
                1.232925053459663e-06,
                0.9999987516169236
            ],
            [
                0.0,
                1.909171732207062e-11,
                1.5549681505663283e-09,
                8.458687881156154e-07,
                0.999999152557152
            ]
        ],
        [
            [
                0.9880678748365667,
                0.011931940421606968,
                1.675712545622999e-07,
                1.657707622037037e-08,
                5.93495613449357e-10
            ],
            [
                2.3702781916513113e-06,
                0.9999972332698172,
                3.954398749243448e-07,
                9.647892527862244e-10,
                4.732704738181793e-11
            ],
            [
                0.0,
                4.468195379277844e-11,
                7.602447465116832e-09,
                7.739048626761417e-06,
                0.9999922533042438
            ],
            [
                0.0,
                1.1117027434485585e-10,
                1.0709765144729306e-08,
                1.749584725119294e-06,
                0.9999982395943394
            ],
            [
                0.0,
                2.9877690454051285e-10,
                1.8171985546778262e-07,
                0.0012176743338521484,
                0.9987821436475155
            ]
        ],
        [
            [
                0.9999674645952378,
                3.179737634216663e-05,
                6.518601115043051e-07,
                8.273627958766012e-08,
                3.432029007447348e-09
            ],
            [
                2.5106402614818817e-06,
                0.9999974255107202,
                6.332344155871e-08,
                4.757723791425623e-10,
                4.980441363344393e-11
            ],
            [
                0.0,
                4.112727801044343e-09,
                4.999157684303613e-05,
                0.0967151280010465,
                0.9032348763093826
            ],
            [
                0.0,
                5.542905534072495e-11,
                3.594465506828701e-09,
                1.142965627220663e-05,
                0.9999885666938332
            ],
            [
                0.0,
                2.385571602769743e-10,
                3.40416636096626e-08,
                4.865069737771918e-07,
                0.9999994792128055
            ]
        ],
        [
            [
                0.9999553746642464,
                4.4286829400515264e-05,
                3.0646674439642186e-07,
                3.1922386303550526e-08,
                1.1722228374862734e-10
            ],
            [
                2.1662636496801362e-07,
                0.9999994358503456,
                3.467283015929758e-07,
                7.438368896731553e-10,
                5.115098127061184e-11
            ],
            [
                0.0,
                3.455896458090085e-11,
                5.389636664054254e-09,
                1.566063693498365e-06,
                0.9999984285121108
            ],
            [
                0.0,
                5.138333982584753e-10,
                6.060150573436503e-08,
                9.141975968878197e-07,
                0.999999024687064
            ],
            [
                0.0,
                3.975226846610493e-10,
                5.608444621180938e-08,
                7.33036410293295e-06,
                0.9999926131539282
            ]
        ],
        [
            [
                0.06253082528826129,
                0.9374577783826159,
                1.1011465790363628e-05,
                3.814899082521699e-07,
                3.3734241871555637e-09
            ],
            [
                2.79049127027598e-07,
                0.9999972074137066,
                2.505048299106407e-06,
                8.172321099188405e-09,
                3.165460544751306e-10
            ],
            [
                0.0,
                3.5526836303545003e-09,
                4.354678897791853e-05,
                0.17655783938729955,
                0.8233986102710389
            ],
            [
                0.0,
                1.460876394695481e-10,
                1.66795491396644e-08,
                1.3521340607540599e-06,
                0.9999986310403025
            ],
            [
                0.0,
                2.454036845258281e-10,
                2.372713970414176e-08,
                1.3682697436809215e-06,
                0.9999986077577129
            ]
        ],
        [
            [
                0.0005296301202747174,
                0.998862446827388,
                0.00012197877605339215,
                0.00044342340767439264,
                4.2520868609610365e-05
            ],
            [
                0.00045341906046391425,
                0.9995464387390328,
                1.40333317309846e-07,
                1.788252536040878e-09,
                7.893323270221538e-11
            ],
            [
                0.0,
                4.739723930588552e-11,
                2.5797342140556852e-09,
                1.251949737124055e-07,
                0.9999998721778949
            ],
            [
                0.0,
                1.9256150381358037e-10,
                9.83368244090565e-09,
                2.179890627102129e-06,
                0.9999978100831289
            ],
            [
                0.0,
                2.2710625599837253e-11,
                4.905268402998417e-10,
                2.3488537783481487e-06,
                0.9999976506329842
            ]
        ],
        [
            [
                0.20168549891987889,
                0.798313193452919,
                1.1247171495248638e-06,
                1.8225996215089176e-07,
                6.50090399598759e-10
            ],
            [
                6.594135183556266e-08,
                0.9999872681577451,
                1.265322597531422e-05,
                1.2181904040393567e-08,
                4.930237506222381e-10
            ],
            [
                0.0,
                2.0126994824888406e-10,
                7.969990565844344e-08,
                5.5262062788465535e-05,
                0.999944658036036
            ],
            [
                0.0,
                1.0504391015058309e-10,
                6.0816964769392115e-09,
                3.503518407111709e-06,
                0.9999964902948526
            ],
            [
                0.0,
                1.3877677389875614e-10,
                7.893678073227204e-09,
                4.362231096601526e-07,
                0.9999995557444356
            ]
        ],
        [
            [
                0.9999978587927583,
                2.0935953081789544e-06,
                4.302366937663542e-08,
                4.494517656736953e-09,
                9.374644290714067e-11
            ],
            [
                2.2853871183548756e-09,
                0.9998125566302245,
                0.00018743759111358298,
                3.393798445912256e-09,
                9.947634750304408e-11
            ],
            [
                0.0,
                4.1653720550307514e-11,
                1.1950887762138934e-08,
                8.591831587055145e-06,
                0.9999913961758715
            ],
            [
                0.0,
                1.3846504881156784e-10,
                2.3111460789085205e-08,
                0.00028741375956258176,
                0.9997125629905116
            ],
            [
                0.0,
                7.862220307556557e-11,
                4.441180591134409e-09,
                8.594437655323323e-06,
                0.999991401042542
            ]
        ],
        [
            [
                0.9999930554739505,
                6.904757729482449e-06,
                3.664662654974771e-08,
                3.0964191195149534e-09,
                2.5274524437206815e-11
            ],
            [
                5.300512254791815e-10,
                0.0002749232870906019,
                0.9997250669150098,
                8.332314273666137e-09,
                9.355340084881106e-10
            ],
            [
                0.0,
                1.909157115505003e-11,
                6.218356888132588e-10,
                1.5822459925287817e-07,
                0.9999998411344736
            ],
            [
                0.0,
                6.895679274739533e-11,
                8.105971871460832e-09,
                2.4486158997496804e-06,
                0.9999975432091717
            ],
            [
                0.0,
                1.201175514059451e-10,
                7.265328392964742e-09,
                9.170097045792834e-08,
                0.9999999009135836
            ]
        ],
        [
            [
                0.9853688608403196,
                0.014630141224046435,
                6.952759411217785e-07,
                2.959643756578011e-07,
                6.695317071255706e-09
            ],
            [
                0.9993030830572375,
                0.0006967167043003531,
                1.6317714742104513e-07,
                3.689068068775932e-08,
                1.706338857091639e-10
            ],
            [
                0.0,
                2.6111789626359355e-09,
                0.00015111633462280564,
                0.654753474675419,
                0.3450954063787793
            ],
            [
                0.0,
                9.890932932041618e-11,
                7.968466729246725e-09,
                1.2270735687143529e-05,
                0.9999877211969367
            ],
            [
                0.0,
                2.9641842501446823e-10,
                3.9066348123197844e-08,
                1.703064091327354e-05,
                0.9999829299963202
            ]
        ],
        [
            [
                0.1244197213816068,
                0.8755796024934863,
                6.677609338775424e-07,
                8.09469243650827e-09,
                2.6928066092526523e-10
            ],
            [
                9.230338969406241e-06,
                0.9999906333998982,
                1.0626324136768352e-07,
                2.8965823775635898e-08,
                1.03206730157e-09
            ],
            [
                0.0,
                1.0079667541876876e-10,
                0.9999997444975771,
                2.3214166561630537e-07,
                2.3259960664592372e-08
            ],
            [
                0.0,
                4.193575950290736e-11,
                2.2637862040786226e-09,
                8.34234888228146e-07,
                0.9999991634593899
            ],
            [
                0.0,
                3.391860097747873e-11,
                9.349899257544244e-10,
                9.319174554594285e-07,
                0.999999067113636
            ]
        ],
        [
            [
                0.17690822993010344,
                0.8230893020194945,
                1.9114501157400766e-06,
                5.521496170870235e-07,
                4.450669406858501e-09
            ],
            [
                4.522458544625552e-08,
                0.9999914724084652,
                8.478923339143741e-06,
                3.342947952536914e-09,
                1.0066237444089076e-10
            ],
            [
                0.0,
                2.5534560422785303e-09,
                7.009961477320008e-06,
                0.13342739442237886,
                0.8665655930626878
            ],
            [
                0.0,
                1.3873098636790412e-10,
                1.1355844265318594e-08,
                1.2869097691450354e-06,
                0.9999987015956556
            ],
            [
                0.0,
                5.0441492991017974e-11,
                1.2241664776618685e-09,
                2.5759410108426037e-07,
                0.9999997411312911
            ]
        ],
        [
            [
                0.6833509046066365,
                0.3166483934982014,
                6.736455314646655e-07,
                2.7603663534225214e-08,
                6.45967044577721e-10
            ],
            [
                8.118973746581993e-08,
                0.9883686367107353,
                0.01163118698001021,
                9.47231035324387e-08,
                3.9641347608059515e-10
            ],
            [
                0.0,
                1.5620847159858343e-09,
                2.0582585585653905e-05,
                0.846057722481497,
                0.15392169337083267
            ],
            [
                0.0,
                5.4356958899518774e-11,
                4.548139410969213e-09,
                1.307242265300257e-07,
                0.9999998646732771
            ],
            [
                0.0,
                8.803925373362892e-11,
                1.5533495896439222e-09,
                3.95230622569423e-07,
                0.9999996031279885
            ]
        ],
        [
            [
                0.9999958514523755,
                4.128894063674453e-06,
                1.8483861251676548e-08,
                1.153442504366538e-09,
                1.6257166135178705e-11
            ],
            [
                6.435635452968862e-08,
                0.9999637441027298,
                3.6179245614870165e-05,
                1.2133023666911074e-08,
                1.622771371760939e-10
            ],
            [
                0.0,
                1.0627227281401191e-09,
                0.0005359121618200965,
                0.9993323553919617,
                0.00013173138349547052
            ],
            [
                0.0,
                6.568216615735317e-11,
                1.021607463988358e-08,
                1.0383904553179803e-06,
                0.9999989513277878
            ],
            [
                0.0,
                5.29919524106397e-11,
                3.6471932040820853e-09,
                4.0621492806663e-06,
                0.9999959341505342
            ]
        ],
        [
            [
                0.9664713570883637,
                0.03352856930851944,
                6.919193351657968e-08,
                4.32937331820465e-09,
                8.181015477721057e-11
            ],
            [
                5.948615606153319e-09,
                0.0472366664374677,
                0.9527632864263561,
                4.019512951901941e-08,
                9.924310852625393e-10
            ],
            [
                0.0,
                5.955109385557316e-09,
                0.0031863738695871746,
                0.9905324736717639,
                0.0062811465035395074
            ],
            [
                0.0,
                7.820672019180731e-11,
                4.3857238227589655e-09,
                1.1506218130382629e-06,
                0.9999988449142564
            ],
            [
                0.0,
                1.5681379834133454e-10,
                2.068918039312185e-08,
                8.784361045388319e-07,
                0.9999991007179012
            ]
        ],
        [
            [
                0.9994760986845276,
                0.0005225026459005154,
                1.3408749319642561e-06,
                5.4520786860032203e-08,
                3.2738530640809628e-09
            ],
            [
                0.9962518687699914,
                0.0037480887326470417,
                3.876129674922444e-08,
                3.728239972854046e-09,
                7.824964854201032e-12
