{
    "[['A', 'B', 'C', 'D', 'E'], ['A', 'B', 'C', 'D', 'E']]": [
        [
            [
                0.9999970736111761,
                2.9186970188629314e-06,
                7.641146400400467e-09,
                4.6681733456849234e-11,
                3.976982443785063e-12
            ],
            [
                3.934729938291082e-08,
                0.9999412051657787,
                5.8754002180972905e-05,
                1.2827784253301326e-09,
                2.0196252738678325e-10
            ],
            [
                0.0,
                2.6634645394628266e-11,
                0.9999999994147728,
                3.491876684093282e-10,
                2.0940503057082487e-10
            ],
            [
                0.0,
                1.0801551167486459e-11,
                6.243909502459923e-10,
                3.551167675093303e-08,
                0.9999999638531307
            ],
            [
                0.0,
                2.7794342345214175e-11,
                7.371454230156648e-09,
                6.713652208319416e-06,
                0.9999932789485432
            ]
        ],
        [
            [
                0.9974846458530594,
                0.0025153462637895812,
                7.797206802405109e-09,
                8.002271764432463e-11,
                5.921404618993706e-12
            ],
            [
                3.2602674825432437e-06,
                0.9999966705109687,
                6.912176124064343e-08,
                8.552170024177233e-11,
                1.4265801206131973e-11
            ],
            [
                0.0,
                1.478415434927011e-10,
                0.999999998119834,
                1.218735901069768e-09,
                5.135884519555944e-10
            ],
            [
                0.0,
                5.2285045179668454e-11,
                1.6685172846621947e-09,
                4.284964026940577e-08,
                0.9999999554295573
            ],
            [
                0.0,
                3.987458528316823e-11,
                1.0839398550345423e-08,
                3.1962646031367407e-07,
                0.9999996694942666
            ]
        ],
        [
            [
                0.9999999118060285,
                8.582921241614842e-08,
                2.3504747732224368e-09,
                1.3377780406943853e-11,
                9.065365740987852e-13
            ],
            [
                0.003992948640092305,
                0.9960070193924466,
                3.1869398766667884e-08,
                7.580532033549905e-11,
                2.225683826196253e-11
            ],
            [
                0.0,
                4.4592665676375614e-10,
                0.9999999987754409,
                5.443448982677108e-10,
                2.3428778572072193e-10
            ],
            [
                0.0,
                3.421221775159926e-11,
                4.150165926582566e-09,
                2.43338635649538e-08,
                0.9999999714817583
            ],
            [
                0.0,
                5.273149234731295e-12,
                9.89242817133511e-10,
                2.7305705919905807e-08,
                0.9999999716997782
            ]
        ],
        [
            [
                0.9993972872025411,
                0.0006026953394845963,
                1.6627901285673415e-08,
                8.1492494376142e-10,
                1.5148085474697457e-11
            ],
            [
                0.9999931190928282,
                6.880272968360767e-06,
                6.222865993741166e-10,
                1.1241052509614044e-11,
                6.757836535957023e-13
            ],
            [
                0.0,
                2.6103398155724598e-11,
                0.9999999996450939,
                1.5982647032964168e-10,
                1.6897629702198211e-10
            ],
            [
                0.0,
                1.3768018771392608e-11,
                1.7026660731582512e-09,
                9.687234020953927e-08,
                0.9999999014112257
            ],
            [
                0.0,
                1.9960073937132162e-11,
                1.2874226973783182e-10,
                7.456721587514507e-10,
                0.9999999991056254
            ]
        ],
        [
            [
                0.999983156005883,
                1.684184590032167e-05,
                2.1222621418166744e-09,
                2.3519027914068046e-11,
                2.4357960637288914e-12
            ],
            [
                0.5634750618330953,
                0.43652491076706995,
                2.6992887408437013e-08,
                3.873509412753057e-10,
                1.9596386877024878e-11
            ],
            [
                0.0,
                3.235905841307489e-11,
                0.9999999995627127,
                2.3595199770413634e-10,
                1.6897629700806165e-10
            ],
            [
                0.0,
                3.248538167283768e-12,
                6.128375958135175e-10,
                5.3192207677126695e-09,
                0.9999999940646931
            ],
            [
                0.0,
                1.0655976355318326e-11,
                3.719714570298914e-10,
                1.3138632427731346e-08,
                0.9999999864787401
            ]
        ],
        [
            [
                0.9999968429934961,
                3.1539770910945727e-06,
                2.991351197978251e-09,
                3.742920720505582e-11,
                6.324674580763771e-13
            ],
            [
                6.941096275500758e-08,
                0.9999935996358656,
                6.330448529731045e-06,
                4.1151505938140643e-10,
                9.312679046535944e-11
            ],
            [
                0.0,
                1.1996111034880762e-11,
                0.9999999995402513,
                1.7359194120297543e-10,
                2.741605363694257e-10
            ],
            [
                0.0,
                1.2420682328892805e-11,
                2.7909262689135527e-10,
                6.413182929217839e-09,
                0.9999999932953036
            ],
            [
                0.0,
                2.1046682995952007e-11,
                6.067329661368903e-09,
                3.2828402064689194e-08,
                0.9999999610832215
            ]
        ],
        [
            [
                0.9999988250807668,
                1.17315129579649e-06,
                1.744573612834172e-09,
                2.1540614518186555e-11,
                1.8230643859781216e-12
            ],
            [
                4.005744762356614e-06,
                0.9999957769163555,
                2.172642302120192e-07,
                4.8131337721908666e-11,
                2.6520588646144677e-11
            ],
            [
                4.59357845738953e-09,
                0.20248139030104953,
                0.7975186035645079,
                1.2517705813258746e-09,
                2.8909332658259835e-10
            ],
            [
                0.0,
                2.1836399170356203e-10,
                1.3712526362970908e-07,
                8.893279650718314e-06,
                0.9999909693767216
            ],
            [
                0.0,
                1.1605227957314051e-11,
                2.858861014108362e-10,
                3.3843090855654146e-09,
                0.9999999963181996
            ]
        ],
        [
            [
                0.9978277865016529,
                0.002172189917062951,
                2.3537510782225432e-08,
                4.109509088634026e-11,
                2.6781957914328577e-12
            ],
            [
                8.99799461648995e-07,
                0.9999990682202688,
                3.193956310073282e-08,
                3.502754723596137e-11,
                5.678798907891739e-12
            ],
            [
                0.0,
                7.493202290046705e-11,
                0.999999998846441,
                6.742962691435058e-10,
                4.0433070522141637e-10
            ],
            [
                0.0,
                4.9236190963176886e-11,
                2.0219042284315004e-09,
                5.951747724078873e-09,
                0.999999991977112
            ],
            [
                0.0,
                6.379793159356573e-12,
                6.446685202535968e-10,
                1.5981740626164093e-09,
                0.9999999977507776
            ]
        ],
        [
            [
                0.9999728156673171,
                2.718277492793284e-05,
                1.5339441966966938e-09,
                2.1559768384719916e-11,
                2.2508920228988436e-12
            ],
            [
                1.4139196870781556e-06,
                0.999998361745076,
                2.241166813666126e-07,
                1.6327871219013616e-10,
                5.527691943944677e-11
            ],
            [
                0.0,
                2.1422326391770355e-11,
                0.9999999997063476,
                1.2175828497824958e-10,
                1.5047161892393936e-10
            ],
            [
                0.0,
                3.728776574229232e-11,
                7.26182288864814e-09,
                2.752401406712879e-08,
                0.9999999651768753
            ],
            [
                0.0,
                5.2731493761512735e-12,
                2.426667970494828e-10,
                1.2333983566945443e-09,
                0.9999999985186616
            ]
        ],
        [
            [
                0.9999509324656476,
                4.9061558121630445e-05,
                5.8564915003046746e-09,
                1.1242559323973665e-10,
                7.313701973091722e-12
            ],
            [
                6.990644351726786e-07,
                0.9999986016812981,
                6.990644351726786e-07,
                1.6694142540461626e-10,
                2.2890100585378194e-11
            ],
            [
                0.0,
                3.581001534349354e-11,
                0.9999999993588393,
                3.6547539437559845e-10,
                2.398753277956314e-10
            ],
            [
                0.0,
                3.3263696635309204e-11,
                3.426560765338138e-09,
                2.5058762324092807e-07,
                0.9999997459525523
            ],
            [
                0.0,
                6.962827921419712e-12,
                1.3594729817605835e-10,
                3.866381082652373e-09,
                0.9999999959907089
            ]
        ],
        [
            [
                0.6244013017769139,
                0.37559864218265937,
                5.552913476225292e-08,
                4.552181247319421e-10,
                5.6073982351226954e-11
            ],
            [
                2.2737827554370333e-05,
                0.9999772593066714,
                2.8077090814212423e-09,
                5.379238218051602e-11,
                4.272795278548868e-12
            ],
            [
                0.0,
                7.6404386670451e-11,
                0.9999999985557422,
                6.839266804734917e-10,
                6.839266804734917e-10
            ],
            [
                0.0,
                3.373369218412915e-11,
                1.1916836298378666e-08,
                1.6343171525712061e-06,
                0.9999983537322774
            ],
            [
                0.0,
                1.2723187650755779e-11,
                3.462951896916401e-10,
                1.6164331061711457e-09,
                0.9999999980245484
            ]
        ],
        [
            [
                0.9995671030693841,
                0.0004328942699312988,
                2.647654149036203e-09,
                1.1807538504742118e-11,
                1.2228741244792397e-12
            ],
            [
                4.3095805064023754e-07,
                0.9999993755930282,
                1.9333005440147917e-07,
                1.0392235565065433e-10,
                1.4944388430078286e-11
            ],
            [
                0.0,
                6.746792981412869e-11,
                0.9999999990793054,
                2.9461081355556216e-10,
                5.586158103753865e-10
            ],
            [
                0.0,
                9.115061213059218e-12,
                2.8157573475715295e-10,
                4.829166263863651e-09,
                0.999999994880143
            ],
            [
                0.0,
                1.9337693469186332e-12,
                1.3302218209880624e-10,
                2.748757760782428e-10,
                0.9999999995901683
            ]
        ],
        [
            [
                0.9999408757680182,
                5.9120584606135944e-05,
                3.62512481541439e-09,
                1.80159225369972e-11,
                4.23506657933792e-12
            ],
            [
                7.348243615577004e-05,
                0.9999265113496494,
                6.179496179180131e-09,
                2.8764496436185023e-11,
                5.934157358848527e-12
            ],
            [
                0.0,
                2.0763547522808614e-11,
                0.9999999997029967,
                2.119655894670009e-10,
                6.427405980793777e-11
            ],
            [
                0.0,
                8.563052366296389e-12,
                1.0222793657989281e-09,
                2.662655830897375e-08,
                0.9999999723425993
            ],
            [
                0.0,
                4.14004185623e-11,
                8.720738634701287e-09,
                1.3646702272970445e-08,
                0.9999999775911587
            ]
        ],
        [
            [
                0.9999832233096827,
                1.6775562944714432e-05,
                1.1046036379034969e-09,
                2.129969131260338e-11,
                1.469244182467806e-12
            ],
            [
                6.35751593663749e-06,
                0.9999936135881299,
                2.8865391819279396e-08,
                2.7412639061298514e-11,
                3.1287516299357775e-12
            ],
            [
                0.0,
                2.8923602914364477e-11,
                0.9999999996243316,
                1.8873765246403266e-10,
                1.5800722498235644e-10
            ],
            [
                0.0,
                7.671318631226882e-12,
                1.658543960313736e-10,
                3.226733592380419e-08,
                0.9999999675591383
            ],
            [
                0.0,
                4.5795830996435986e-12,
                6.739564764605039e-11,
                1.1796565177483178e-09,
                0.9999999987483683
            ]
        ],
        [
            [
                0.9999972359575143,
                2.761203809744409e-06,
                2.753066844558948e-09,
                7.567241554874366e-11,
                9.936649686966957e-12
            ],
            [
                0.9976931439279519,
                0.0023068491529507355,
                6.823426264324742e-09,
                8.979879747467012e-11,
                5.872220215063204e-12
            ],
            [
                0.0,
                3.9357147958682085e-11,
                0.9999999990901607,
                6.531740048901248e-10,
                2.1730822861022004e-10
            ],
            [
                0.0,
                3.902190604911088e-11,
                9.856611259556032e-09,
                1.979681549698169e-07,
                0.9999997921362119
            ],
            [
                0.0,
                5.466114085765857e-12,
                3.656322728439558e-10,
                8.590446013893849e-10,
                0.9999999987698569
            ]
        ],
        [
            [
                0.9999697240888927,
                3.0269015245432498e-05,
                6.811372209012465e-09,
                8.098931614239909e-11,
                3.500281788850905e-12
            ],
            [
                3.017965979357116e-07,
                0.9999980215761282,
                1.675980364253609e-06,
                5.780171539029833e-10,
                6.88925072857098e-11
            ],
            [
                0.0,
                4.1943758947244234e-11,
                0.9999999995963125,
                2.0191746739684497e-10,
                1.5982647032184512e-10
            ],
            [
                0.0,
                3.4815052711990557e-12,
                8.074284082270216e-11,
                4.1844855378115755e-10,
                0.9999999994973272
            ],
            [
                0.0,
                1.628562501790461e-11,
                2.2225160943965787e-10,
                1.2137969602589174e-09,
                0.9999999985476657
            ]
        ],
        [
            [
                0.9999975482427524,
                2.4420418745246934e-06,
                9.694844876858979e-09,
                1.9037356326994204e-11,
                1.4909019993784446e-12
            ],
            [
                6.9117480165789326e-06,
                0.9999930819251968,
                6.2459854459176185e-09,
                4.6192112601476274e-11,
                3.4609031668662434e-11
            ],
            [
                0.0,
                6.770160492751868e-12,
                0.9999999998090874,
                5.963969058838268e-11,
                1.2450289794799034e-10
            ],
            [
                0.0,
                1.7250067815284358e-11,
                2.87910239216099e-10,
                8.48428174617579e-09,
                0.999999991210558
            ],
            [
                0.0,
                1.633072733480606e-11,
                1.5819094484929388e-09,
                2.7556424488844172e-08,
                0.9999999708453353
            ]
        ],
        [
            [
                0.99999682742952,
                3.168850184025391e-06,
                3.644974979823134e-09,
                6.540151800373467e-11,
                9.919513006695179e-12
            ],
            [
                4.412525510894674e-08,
                0.9999953311417171,
                4.624560759368763e-06,
                1.4034889755328073e-10,
                3.1919476696107323e-11
            ],
            [
                0.0,
                9.04968819341254e-11,
                0.999999999411358,
                1.8037524310193913e-10,
                3.177698438423686e-10
            ],
            [
                0.0,
                3.285587120283383e-10,
                7.098266620169924e-07,
                1.962268584043216e-05,
                0.9999796671589388
            ],
            [
                0.0,
                2.7493593285768122e-11,
                2.5596536778086387e-09,
                7.261961579608997e-09,
                0.9999999901508912
            ]
        ],
        [
            [
                0.9999996081447621,
                3.907653993858134e-07,
                1.0734033639564172e-09,
                1.513667650388657e-11,
                1.298442151611496e-12
            ],
            [
                2.365705384811091e-06,
                0.9999975709124804,
                6.322351640153327e-08,
                1.3316384299456515e-10,
                2.5454544634288507e-11
            ],
            [
                0.0,
                3.475767791529468e-11,
                0.9999999996072781,
                1.204711207123565e-10,
                2.3749300388315234e-10
            ],
            [
                2.9147991885356665e-12,
                8.541280337981999e-11,
                6.226394983681211e-09,
                1.212700679099101e-08,
                0.9999999815582706
            ],
            [
                0.0,
                7.432620711975094e-11,
                5.981495810258732e-09,
                1.6988900630046137e-07,
                0.9999998240551717
            ]
        ],
        [
            [
                0.00013665758777446613,
                0.9998633352983524,
                7.041623474529725e-09,
                5.584323332643755e-11,
                1.6406532616205195e-11
            ],
            [
                2.0039135318403222e-07,
                0.9999996858944041,
                1.1346324180082923e-07,
                2.3358280677751546e-10,
                1.7418022711106996e-11
            ],
            [
                0.0,
                5.5431909252279314e-11,
                0.9999999986927703,
                9.196115348817431e-10,
                3.321863485996003e-10
            ],
            [
                0.0,
                9.20233995848257e-11,
                7.290898997553433e-09,
                6.824796555546123e-08,
                0.999999924369112
            ],
            [
                0.0,
                8.84426394931787e-12,
                1.2671977766245588e-09,
                2.3444492214428206e-08,
                0.9999999752794657
            ]
        ],
        [
            [
                0.6162778870074594,
                0.383721987210058,
                1.242453438224262e-07,
                1.4517885122265653e-09,
                8.535027010830268e-11
            ],
            [
                1.127873841881261e-08,
                0.9999967164259005,
                3.2708589129449495e-06,
                1.305489210896268e-09,
                1.3095910651410363e-10
            ],
            [
                0.0,
                1.5610444146524004e-10,
                0.9999999982307746,
                1.1984756862709484e-09,
                4.146453071301847e-10
            ],
            [
                0.0,
                6.372398998027706e-12,
                2.810011277444779e-10,
                3.180367997497456e-09,
                0.9999999965322586
            ],
            [
                0.0,
                7.858573244889158e-12,
                4.5092414400120416e-10,
                3.694725934099278e-10,
                0.9999999991717448
            ]
        ],
        [
            [
                0.999977537347471,
                2.2455269144633966e-05,
                7.28018443973429e-09,
                9.53515870256423e-11,
                7.848327031017114e-12
            ],
            [
                1.8052342340329673e-06,
                0.9999977862054716,
                4.0842848221149413e-07,
                1.1014955081366575e-10,
                2.1662445630428953e-11
            ],
            [
                0.0,
                3.731266760683404e-11,
                0.9999999996115103,
                1.8144353736687248e-10,
                1.697334517945635e-10
            ],
            [
                0.0,
                2.7096375976498646e-11,
                1.42128826327133e-09,
                1.9171599001387542e-07,
                0.9999998068356253
            ],
            [
                0.0,
                1.3497807028138619e-11,
                7.086837787247907e-10,
                4.0916882732448375e-09,
                0.99999999518613
            ]
        ],
        [
            [
                0.9994320609927226,
                0.0005679320360903187,
                6.939014496112356e-09,
                2.7064196752583197e-11,
                5.108260957991273e-12
            ],
            [
                9.319317306295587e-07,
                0.9999990070607325,
                6.087863057018822e-08,
                1.1730192079219022e-10,
                1.1604321419381314e-11
            ],
            [
                1.5828329935197599e-09,
                0.02651819099354847,
                0.9734818037901574,
                2.6967040395502005e-09,
                9.367570628873317e-10
            ],
            [
                0.0,
                1.2245512705227396e-10,
                1.9916135245215842e-07,
                1.7267535551189353e-05,
                0.9999825331806412
            ],
            [
                0.0,
                3.260165848138818e-11,
                1.0168634664079631e-09,
                1.0412641707291434e-08,
                0.9999999885378931
            ]
        ],
        [
            [
                0.9999949819914283,
                5.016740238560367e-06,
                1.2373451180042192e-09,
                2.6851377964523862e-11,
                4.136764045498619e-12
            ],
            [
                7.04234930987057e-05,
                0.9999295634662198,
                1.2990988433050149e-08,
                4.257470893057749e-11,
                7.118504172637123e-12
            ],
            [
                0.0,
                3.609135863996999e-11,
                0.9999999992692032,
                4.1566124037764174e-10,
                2.790441910105106e-10
            ],
            [
                0.0,
                2.5334855165627776e-11,
                3.6831251895383875e-09,
                8.739821838207103e-07,
                0.9999991223093561
            ],
            [
                0.0,
                1.1451223860251162e-11,
                1.288981117441568e-09,
                3.4700150429719605e-09,
                0.9999999952295526
            ]
        ],
        [
            [
                0.9213907268252188,
                0.07860922029146028,
                5.263463396171111e-08,
                2.256788095970419e-10,
                2.3008109124854316e-11
            ],
            [
                0.0007436589922207719,
                0.9992563346247136,
                6.35053213120439e-09,
                2.346946751417205e-11,
                9.06412541618548e-12
            ],
            [
                2.7371365990734522e-11,
                1.8538056431235652e-08,
                0.9999999805810859,
                7.006224295851088e-10,
                1.5286393957101157e-10
            ],
            [
                0.0,
                1.8918853811560337e-10,
                4.841954475363789e-07,
                1.4110612089978127e-06,
                0.9999981045541549
            ],
            [
                0.0,
                7.262241421975088e-12,
                2.4866276862678757e-10,
                2.8505752712239267e-09,
                0.9999999968934996
            ]
        ],
        [
            [
                0.9999821765834003,
                1.7820780814428127e-05,
                2.575221362305971e-09,
                5.72445498024133e-11,
                3.319383871294958e-12
            ],
            [
                3.877337226602747e-05,
                0.9999610224045753,
                2.0414542149692376e-07,
                6.4826742916489e-11,
                1.2910564905179057e-11
            ],
            [
                0.0,
                9.683062610069434e-11,
                0.9999999986866275,
                7.149494452281935e-10,
                5.015926375450252e-10
            ],
            [
                0.0,
                3.78990084408961e-12,
                5.950924420804348e-11,
                4.672228471848564e-10,
                0.9999999994694779
            ],
            [
                0.0,
                5.275133942478113e-11,
                1.5756761329619166e-09,
                9.321827573527095e-08,
                0.9999999051532967
            ]
        ],
        [
            [
                0.9999971864710413,
                2.81223424256942e-06,
                1.2803341439068161e-09,
                1.3376326289231401e-11,
                1.0056134286028501e-12
            ],
            [
                0.002333894499490663,
                0.9976660764879138,
                2.8935012534524867e-08,
                6.326563268455338e-11,
                1.4317347197631535e-11
            ],
            [
                0.0,
                7.447876608646092e-11,
                0.9999999994182063,
                3.197183370937926e-10,
                1.8759671149429715e-10
            ],
            [
                0.0,
                1.6502284630587696e-11,
                6.492688322234766e-10,
                3.649392141597964e-09,
                0.9999999956848367
            ],
            [
                0.0,
                1.4097609518027915e-11,
                3.484451773562305e-10,
                1.1429196871957451e-09,
                0.9999999984945376
            ]
        ],
        [
            [
                0.9999844635018392,
                1.5529617126049596e-05,
                6.828151796651719e-09,
                4.700399767493948e-11,
                5.878775725310796e-12
            ],
            [
                2.0942873317346626e-07,
                0.9999994808555035,
                3.094908095151018e-07,
                1.7843779166220989e-10,
                4.651606174532179e-11
            ],
            [
                0.0,
                1.0092513356655333e-11,
                0.9999999998673272,
                5.0471038986131664e-11,
                7.210913189335866e-11
            ],
            [
                0.0,
                6.707401958950634e-11,
                2.129606643673933e-08,
                1.3000116051097522e-07,
                0.9999998486356991
            ],
            [
                0.0,
                1.3100876468052172e-11,
                5.893590343971012e-10,
                1.418436491395762e-09,
                0.9999999979791037
            ]
        ],
        [
            [
                9.490896874141961e-05,
                0.9999050755529847,
                1.5411033828226244e-08,
                6.007203332232774e-11,
                7.168070417932508e-12
            ],
            [
                5.355763286992673e-07,
                0.999999316754744,
                1.4753175667224004e-07,
                1.2811907637379372e-10,
                9.051633496946579e-12
            ],
            [
                0.0,
                5.97019462711637e-11,
                0.99999999893625,
                6.168671114537235e-10,
                3.8718105945014877e-10
            ],
            [
                0.0,
                1.0147699155170496e-11,
                1.4209486385357279e-10,
                1.1318197247189179e-08,
                0.9999999885295602
            ],
            [
                0.0,
                5.443682247312081e-12,
                4.5851552542846633e-10,
                7.121879305466118e-10,
                0.9999999988238528
            ]
        ],
        [
            [
                0.9993502418450327,
                0.0006497567506019419,
                1.3867576191444231e-09,
                1.460789348205165e-11,
                2.9997170871792514e-12
            ],
            [
                5.560967157364512e-05,
                0.999944379490409,
                1.0775579128056625e-08,
                5.970752934348232e-11,
                2.7307110808486096e-12
            ],
            [
                0.0,
                4.5607395355456686e-11,
                0.9999999992001152,
                5.093448551347625e-10,
                2.449327804499963e-10
            ],
            [
                0.0,
                4.468229299955864e-11,
                2.245681997786983e-08,
                1.3430338473393326e-08,
                0.9999999640681594
            ],
            [
                0.0,
                2.0245339973689433e-11,
                7.332677392850695e-10,
                6.796875897413357e-09,
                0.9999999924496111
            ]
        ],
        [
            [
                0.9995923802613649,
                0.0004076059658303075,
                1.3695463978085516e-08,
                7.496590427047423e-11,
                2.374927662039653e-12
            ],
            [
                1.1627130901032069e-07,
                0.999998579212188,
                1.3040180370093104e-06,
                3.173597836615441e-10,
                1.811060831381825e-10
            ],
            [
                0.0,
                9.028115945168124e-12,
                0.9999999997256552,
                1.726268277474882e-10,
                9.268979164794614e-11
            ],
            [
                0.0,
                3.275105194484438e-11,
                4.041579919080472e-10,
                4.420230896595017e-09,
                0.99999999514286
            ],
            [
                0.0,
                5.832273310289601e-11,
                1.3348845187711757e-08,
                7.727693715430566e-09,
                0.9999999788651384
            ]
        ],
        [
            [
                0.9999927940124186,
                7.199414705597501e-06,
                6.541854538139588e-09,
                2.8854889389443028e-11,
                2.1665699277874917e-12
            ],
            [
                5.052445113348127e-07,
                0.9999994839236293,
                1.080570948929272e-08,
                2.3260900690162514e-11,
                2.888940352372658e-12
            ],
            [
                0.0,
                4.018832089103745e-11,
                0.9999999992769126,
                3.753868710685577e-10,
                3.0751234739536085e-10
            ],
            [
                0.0,
                1.9976450906720867e-11,
                2.7157145017853073e-09,
                8.066718728613378e-09,
                0.9999999891975903
            ],
            [
                0.0,
                3.738937541438538e-12,
                1.6149992730403566e-10,
                4.773478334451836e-09,
                0.9999999950612828
            ]
        ],
        [
            [
                0.0006013983073668089,
                0.9993985771548713,
                2.4468695065336265e-08,
                6.344701933620288e-11,
                5.6198050957775924e-12
            ],
            [
                0.0005269106093330042,
                0.9994730660660719,
                2.3279709742141738e-08,
                3.155921674377609e-11,
                1.3326259221192666e-11
            ],
            [
                0.0,
                1.040459082085178e-10,
                0.9999999994451416,
                3.0228955295951245e-10,
                1.485229760291024e-10
            ],
            [
                0.0,
                2.8765156387091666e-11,
                4.44173977082768e-09,
                1.665389722993277e-06,
                0.9999983301397721
            ],
            [
                0.0,
                6.054214422454369e-11,
                2.7218867762022257e-08,
                1.6663840794573462e-08,
                0.9999999560567493
            ]
        ],
        [
            [
                0.9999992112333472,
                7.807162736587036e-07,
                7.940171978370245e-09,
                1.0393087460266886e-10,
                6.276189595052228e-12
            ],
            [
                1.1187499916636553e-06,
                0.9999880729879905,
                1.0807797874241433e-05,
                4.4914045424813994e-10,
                1.5003192434564657e-11
            ],
            [
                0.0,
                1.6635742961659822e-11,
                0.9999999996586639,
                1.996050288773405e-10,
                1.250953670633761e-10
            ],
            [
                0.0,
                2.5463623811672827e-11,
                8.170856574774667e-09,
                9.251525237442577e-08,
                0.9999998992884274
            ],
            [
                0.0,
                9.108161757358187e-12,
                1.0963545781871898e-09,
                2.390774812561539e-09,
                0.9999999965037625
            ]
        ],
        [
            [
                0.999801812831723,
                0.00019818039485183255,
                6.742837507868598e-09,
                2.961238674963954e-11,
                9.752875853527458e-13
            ],
            [
                3.9770585324788645e-06,
                0.9999959866834435,
                3.6192331884099745e-08,
                3.9994699902223304e-11,
                2.569757309438421e-11
            ],
            [
                0.0,
                9.09356790262854e-11,
                0.9999999996448805,
                1.0391560704211481e-10,
                1.6026819003283758e-10
            ],
            [
                0.0,
                7.208616522786443e-11,
                8.392401282153644e-08,
                5.7565771000048086e-08,
                0.9999998584381301
            ],
            [
                0.0,
                2.5334856221574324e-11,
                8.025034274647502e-10,
                7.182269863092654e-10,
                0.9999999984539347
            ]
        ],
        [
            [
                0.999999728274696,
                2.693781681036556e-07,
                2.309135495826472e-09,
                3.557595951475535e-11,
                2.4245418734061295e-12
            ],
            [
                1.306711937044918e-06,
                0.9999985427521382,
                1.5030948899962492e-07,
                2.0104779791851935e-10,
                2.5388017602365535e-11
            ],
            [
                0.0,
                2.4431443452502988e-11,
                0.999999999323687,
                3.440140842136724e-10,
                3.0786740484840707e-10
            ],
            [
                0.0,
                1.2522492912857368e-11,
                9.640810528724428e-10,
                1.0490126494081313e-08,
                0.9999999885332699
            ],
            [
                0.0,
                9.083924742293636e-12,
                4.628553298302431e-10,
                5.383831725568661e-09,
                0.999999994144229
            ]
        ],
        [
            [
                0.9998833532346633,
                0.00011664433013668024,
                2.3836218596209413e-09,
                5.049983368260187e-11,
                1.0781971657681031e-12
            ],
            [
                7.922634546192922e-06,
                0.999992036327194,
                4.1003149846562286e-08,
                2.4045923793103514e-11,
                1.1064136505076466e-11
            ],
            [
                0.0,
                2.1682630588656292e-10,
                0.999999998161841,
                8.906909626159046e-10,
                7.306416956703756e-10
            ],
            [
                0.0,
                8.48343128239708e-11,
                4.198526061172319e-09,
                4.9702849289687776e-08,
                0.9999999460137903
            ],
            [
                0.0,
                7.430239689189191e-11,
                1.625433772246617e-08,
                4.83678038908605e-09,
                0.9999999788345795
            ]
        ],
        [
            [
                0.9999957034294565,
                4.295622934178681e-06,
                9.35168253788534e-10,
                1.131267651461246e-11,
                1.1283514434577209e-12
