{
    "[['A', 'B', 'C', 'D', 'E'], ['A', 'B', 'C', 'D', 'E']]": [
        [
            [
                1.1177277404753773e-07,
                2.6444191124011457e-07,
                9.904620731989293e-07,
                0.0028492643309994585,
                0.9971493689922419
            ],
            [
                0.0,
                6.811579863209474e-09,
                0.9999998523933411,
                1.0645840377149275e-07,
                3.433667536243765e-08
            ],
            [
                0.0,
                1.2086883350765582e-10,
                0.9999999761243193,
                7.90460077478886e-09,
                1.585021088462171e-08
            ],
            [
                1.7212830308250028e-11,
                2.2270979170054192e-11,
                5.11823327248913e-10,
                3.135196330915497e-09,
                0.9999999963134965
            ],
            [
                3.4728104959841083e-12,
                3.949112598086707e-12,
                1.0508098706318698e-10,
                8.452445952694734e-09,
                0.9999999914350511
            ]
        ],
        [
            [
                4.978300251037388e-07,
                5.669046406311434e-07,
                1.0375678601973315e-06,
                0.0008760221864272619,
                0.9991218755110468
            ],
            [
                0.0,
                2.6755092024261366e-09,
                0.9999996099404391,
                3.100914415808264e-07,
                7.72926101724938e-08
            ],
            [
                0.0,
                2.0688082209846108e-11,
                0.9999999977579503,
                8.337015366175043e-10,
                1.3876598757332463e-09
            ],
            [
                8.836794536975831e-12,
                2.3086708733587075e-11,
                4.2531795270501606e-10,
                9.364204392335595e-08,
                0.9999999059007146
            ],
            [
                5.611664655878981e-12,
                7.91510438658452e-12,
                1.6723589464531687e-10,
                4.070958179893369e-09,
                0.9999999957482792
            ]
        ],
        [
            [
                0.30672190954582895,
                0.0009399139693328995,
                6.048433691184143e-05,
                0.10543004392867741,
                0.5868476482192488
            ],
            [
                0.0,
                4.754224623017557e-09,
                0.9999993189153813,
                3.524189629829424e-07,
                3.239114311060223e-07
            ],
            [
                0.0,
                1.4899958247464137e-11,
                0.9999999993030975,
                2.8641988817606955e-10,
                3.955826125663098e-10
            ],
            [
                1.2346916269585716e-11,
                6.513870878540322e-11,
                9.918879060769321e-10,
                3.164075469820476e-08,
                0.9999999672898718
            ],
            [
                3.4608023897920118e-12,
                5.50057520840995e-12,
                1.3175383316124164e-10,
                3.898140197806132e-09,
                0.9999999959611445
            ]
        ],
        [
            [
                0.00044708794315025336,
                5.138408057489707e-06,
                5.026806862387118e-06,
                0.09239823640614811,
                0.9071445104357817
            ],
            [
                0.0,
                5.620928761426082e-09,
                0.9999997863429114,
                1.449652486580091e-07,
                6.307091111352967e-08
            ],
            [
                0.0,
                7.638584239835412e-12,
                0.9999999990466197,
                2.9971808846615015e-10,
                6.460237415584056e-10
            ],
            [
                0.0,
                9.219481601955695e-12,
                5.168796053698193e-10,
                3.773676950147228e-09,
                0.9999999957002239
            ],
            [
                0.0,
                1.68194756638173e-12,
                2.4079062627520617e-11,
                2.627896848285534e-09,
                0.999999997346342
            ]
        ],
        [
            [
                0.9970859812329171,
                0.0010675274543363793,
                4.397740363918173e-05,
                0.0014292958676014092,
                0.00037321804150584984
            ],
            [
                0.0,
                5.690232043898188e-10,
                0.9999999366245373,
                5.530589467465154e-08,
                7.500544916777353e-09
            ],
            [
                0.0,
                7.986683330162664e-12,
                0.9999999994963649,
                2.121694507015082e-10,
                2.83479046780294e-10
            ],
            [
                1.8271660342163442e-11,
                3.3456684575053996e-11,
                1.7010138048113788e-09,
                9.014811346522839e-09,
                0.9999999892324466
            ],
            [
                3.8196253955192706e-12,
                1.2900029640249263e-11,
                1.387238399258554e-10,
                2.808126736598037e-09,
                0.9999999970364297
            ]
        ],
        [
            [
                2.9737971508443665e-08,
                7.98435365705406e-08,
                5.173242076575704e-07,
                0.0003497704772861821,
                0.9996496026169981
            ],
            [
                0.0,
                5.489450008690174e-10,
                0.9999999824033482,
                9.636439929929713e-09,
                7.411266812409053e-09
            ],
            [
                0.0,
                1.955960528474963e-11,
                0.9999999952230769,
                1.0513216203459408e-09,
                3.706041642372425e-09
            ],
            [
                1.78788924142141e-11,
                2.035083951989046e-11,
                3.966751420586345e-10,
                9.36725399447179e-09,
                0.9999999901978412
            ],
            [
                2.1204554220693478e-11,
                2.1204554220693478e-11,
                3.861463364457933e-10,
                2.0415991471816548e-08,
                0.999999979155453
            ]
        ],
        [
            [
                0.00680934397295443,
                0.0004377231636866109,
                7.992716158886472e-05,
                0.8482760979613209,
                0.14439690774044925
            ],
            [
                0.0,
                1.0185055637445555e-09,
                0.9999999342149198,
                2.9592893996213788e-08,
                3.5173680479512404e-08
            ],
            [
                0.0,
                4.148418595135538e-12,
                0.9999999990735073,
                3.1127135353459246e-10,
                6.110727757288142e-10
            ],
            [
                9.294307607567777e-12,
                1.938168118797507e-11,
                1.0106122943599683e-09,
                2.98189087302377e-08,
                0.999999969141803
            ],
            [
                1.57525755376765e-10,
                1.3195502343401e-10,
                1.9659001032060938e-09,
                2.8927287456095383e-08,
                0.9999999688173317
            ]
        ],
        [
            [
                0.0,
                1.987403465412495e-07,
                1.5923817941798639e-06,
                0.6214639769239653,
                0.37853423195389413
            ],
            [
                0.0,
                7.877400155812238e-10,
                0.99999989815963,
                6.235965827354302e-08,
                3.869297173687878e-08
            ],
            [
                0.0,
                4.3628502850270775e-11,
                0.9999999959961645,
                1.4853551616076885e-09,
                2.4748519271809686e-09
            ],
            [
                1.1645939378862978e-11,
                3.4034730992496427e-11,
                6.744969272799001e-10,
                9.527642396325973e-09,
                0.99999998975218
            ],
            [
                5.884668627247655e-11,
                2.2727741382216412e-11,
                3.048644700336306e-10,
                4.902614300226529e-09,
                0.9999999947109468
            ]
        ],
        [
            [
                0.0,
                2.870984102409269e-08,
                3.8293334932417626e-07,
                0.00021942534142439392,
                0.9997801630153853
            ],
            [
                0.0,
                1.504355512652858e-09,
                0.9999998522521069,
                8.400009113589639e-08,
                6.224344637058356e-08
            ],
            [
                0.0,
                3.8010005278268104e-11,
                0.9999999978323795,
                7.548145479872839e-10,
                1.3747957882530755e-09
            ],
            [
                1.427157057569127e-11,
                3.425825378423333e-11,
                3.5609039509046937e-10,
                1.1293958607214238e-08,
                0.9999999883014211
            ],
            [
                7.327231436024157e-12,
                9.900535036448085e-12,
                1.0356300794688886e-10,
                4.030158433673639e-09,
                0.9999999958490509
            ]
        ],
        [
            [
                1.630678125547164e-05,
                2.1967910688045454e-06,
                4.55758622341716e-06,
                0.010616162827886732,
                0.9893607760135655
            ],
            [
                0.0,
                1.0723930571033343e-08,
                0.9999995488572756,
                3.5437403798899376e-07,
                8.604475584868052e-08
            ],
            [
                0.0,
                6.054442560302946e-12,
                0.9999999996724496,
                1.2933295609448427e-10,
                1.921630568871642e-10
            ],
            [
                5.916752720214122e-12,
                2.3427962164105955e-11,
                4.3887673512685184e-10,
                6.648892966615239e-09,
                0.9999999928828855
            ],
            [
                0.0,
                1.6815314228622675e-11,
                2.773927820051151e-10,
                4.115647036136659e-09,
                0.9999999955901449
            ]
        ],
        [
            [
                2.3560180160462034e-07,
                5.547168246857609e-07,
                2.9011359018345123e-06,
                0.011315026200277085,
                0.9886812823451948
            ],
            [
                0.0,
                3.5487961749312617e-09,
                0.9999998938370946,
                8.345663025441116e-08,
                1.915747899911682e-08
            ],
            [
                0.0,
                2.7492597138014714e-11,
                0.9999999971228308,
                1.0904505430515398e-09,
                1.7592258978948633e-09
            ],
            [
                1.2406310425704613e-11,
                2.6946498564708568e-11,
                8.561607736144283e-10,
                9.638075961352574e-09,
                0.9999999894664106
            ],
            [
                4.1513947508148065e-12,
                3.504944902037788e-12,
                7.071886598652596e-11,
                1.828649654905692e-09,
                0.9999999980929752
            ]
        ],
        [
            [
                5.323941006230163e-07,
                9.798111221171453e-07,
                4.077978182011677e-06,
                0.753822938692856,
                0.24617147112373927
            ],
            [
                0.0,
                8.154161938739303e-10,
                0.9999999219914187,
                5.1473732106616555e-08,
                2.571943298129799e-08
            ],
            [
                0.0,
                1.9537867447004947e-11,
                0.9999999976282932,
                8.703934126559012e-10,
                1.4817756250883703e-09
            ],
            [
                1.0491731208788452e-11,
                1.5425126208497235e-11,
                2.831299689645867e-10,
                1.783988210865401e-08,
                0.9999999818510711
            ],
            [
                0.0,
                2.9862959530841045e-12,
                9.363868342346835e-11,
                3.380876737481517e-09,
                0.9999999965224984
            ]
        ],
        [
            [
                1.6974441578902537e-05,
                4.7268442882543885e-06,
                1.6974441578902537e-05,
                0.519293887719602,
                0.4806674365529519
            ],
            [
                0.0,
                1.8788899658919448e-09,
                0.9999999318257919,
                4.0892246866247994e-08,
                2.5403071142928153e-08
            ],
            [
                0.0,
                1.5853119776804017e-11,
                0.9999999967851352,
                6.983090702055762e-10,
                2.500702776499635e-09
            ],
            [
                1.7990614845226058e-11,
                1.722724901547417e-11,
                2.902059845367199e-10,
                7.990626646600616e-09,
                0.9999999916839496
            ],
            [
                1.0233435155052725e-11,
                1.0233435155052725e-11,
                4.387252483157499e-10,
                5.521280257321388e-09,
                0.9999999940195277
            ]
        ],
        [
            [
                0.0003216782686441966,
                0.002259448444458201,
                8.168926270064753e-05,
                0.2875403047915191,
                0.7097968792326779
            ],
            [
                0.0,
                1.1519127531263863e-08,
                0.9999984704873217,
                1.2214231368841723e-06,
                2.965704139642929e-07
            ],
            [
                0.0,
                3.879355942425594e-11,
                0.9999999989226096,
                3.2126367020120005e-10,
                7.173329927480972e-10
            ],
            [
                1.7240702065138383e-10,
                1.2396831433680854e-10,
                1.4416724986807222e-09,
                8.851855053946134e-09,
                0.9999999894100972
            ],
            [
                0.0,
                1.5907458380092657e-11,
                2.3048617123760483e-10,
                1.8963091972394182e-08,
                0.9999999807905143
            ]
        ],
        [
            [
                0.001164678674867548,
                0.0003015617062558982,
                0.00022187046231828293,
                0.9348931461915754,
                0.0634187429649828
            ],
            [
                0.0,
                7.618643042782777e-10,
                0.9999999547782286,
                3.900864223155112e-08,
                5.451264799908286e-09
            ],
            [
                0.0,
                8.88361027199476e-11,
                0.9999999951745293,
                2.7577443033472196e-09,
                1.9788904511243507e-09
            ],
            [
                0.0,
                1.1389187864322342e-11,
                1.875183642329557e-10,
                1.4912519030005032e-08,
                0.9999999848885734
            ],
            [
                0.0,
                3.472810513111165e-12,
                1.461762817828227e-10,
                3.4835431467586857e-09,
                0.9999999963668078
            ]
        ],
        [
            [
                7.540875029454157e-07,
                6.335511762656523e-07,
                1.3260129992085058e-06,
                0.0033057859088360666,
                0.9966915004394854
            ],
            [
                0.0,
                1.388215706788011e-09,
                0.9999999271495936,
                5.6769580482298505e-08,
                1.469261030861243e-08
            ],
            [
                0.0,
                9.831754899714212e-12,
                0.9999999984561327,
                4.839084928429738e-10,
                1.0501271816128149e-09
            ],
            [
                0.0,
                7.0434659161228986e-12,
                2.128922248119567e-10,
                3.2065226637632814e-09,
                0.9999999965735415
            ],
            [
                8.082523414649308e-12,
                1.9076429534969594e-11,
                9.148930891120957e-10,
                1.332955323793415e-09,
                0.9999999977249927
            ]
        ],
        [
            [
                4.523097509305667e-06,
                1.2757568672800618e-06,
                1.588124549887936e-06,
                0.029678283353016043,
                0.9703143296680575
            ],
            [
                0.0,
                2.2056515912732563e-08,
                0.9999998536914825,
                7.002130031625202e-08,
                5.4230701375852294e-08
            ],
            [
                0.0,
                6.771529414158955e-12,
                0.9999999996693802,
                1.4873899624885774e-10,
                1.7510934571386685e-10
            ],
            [
                1.4491090390247726e-11,
                3.3225017763696533e-11,
                5.357308502286989e-10,
                4.295673730906567e-09,
                0.9999999951208793
            ],
            [
                4.776358073633871e-12,
                1.4724261852001646e-11,
                1.8343462825953235e-10,
                1.0725546187650699e-08,
                0.9999999890715187
            ]
        ],
        [
            [
                2.5604910768775323e-07,
                7.272669358702277e-07,
                1.073332269937675e-06,
                0.06214033560095747,
                0.9378576077507291
            ],
            [
                0.0,
                1.8815305419642146e-08,
                0.9999934628152342,
                5.125047750347188e-06,
                1.3933217100196334e-06
            ],
            [
                0.0,
                3.054939747881606e-12,
                0.9999999997670463,
                5.680480795337576e-11,
                1.730940195866785e-10
            ],
            [
                0.0,
                5.008454915786825e-12,
                9.81251983228856e-11,
                2.0960293739927195e-09,
                0.9999999978008369
            ],
            [
                1.652010110792648e-12,
                2.968277427540073e-12,
                4.35289255377764e-11,
                1.5330922616290696e-10,
                0.9999999997985416
            ]
        ],
        [
            [
                6.777006527084794e-05,
                1.2629512711068605e-05,
                1.108711380675415e-05,
                0.06734497804596958,
                0.9325635352622417
            ],
            [
                3.575751377742601e-08,
                0.9069171024191739,
                0.09305988990395826,
                2.2085343225129236e-05,
                8.865761289265039e-07
            ],
            [
                0.0,
                2.3911645721439476e-11,
                0.9999999953308958,
                1.9131543090513993e-09,
                2.732038359836854e-09
            ],
            [
                6.082812784908094e-12,
                1.153755943804472e-11,
                2.928287392290772e-10,
                3.480176098536127e-09,
                0.9999999962093749
            ],
            [
                3.4031809589235926e-11,
                4.739723880468054e-11,
                1.2096553007534053e-09,
                1.7896285544263977e-08,
                0.99999998081263
            ]
        ],
        [
            [
                1.6220405868493118e-05,
                4.89666475842441e-06,
                4.89666475842441e-06,
                0.022437844764714505,
                0.9775361414999001
            ],
            [
                0.0,
                9.750292206808456e-09,
                0.9999994494265485,
                3.323630576447889e-07,
                2.0846010154383202e-07
            ],
            [
                0.0,
                1.0354932680991928e-11,
                0.999999998514052,
                2.6674059260923505e-10,
                1.2088526709984212e-09
            ],
            [
                9.377786978649486e-12,
                2.3223486196042892e-11,
                3.912171159680684e-10,
                2.97500414581122e-09,
                0.9999999966011774
            ],
            [
                0.0,
                1.066663155518429e-11,
                4.33253485859711e-10,
                3.622396362470369e-08,
                0.9999999633321162
            ]
        ],
        [
            [
                2.3730138144877107e-05,
                7.737594352689451e-06,
                3.4936323490289175e-06,
                0.03570582687705925,
                0.9642592117580941
            ],
            [
                0.0,
                3.973036111241521e-10,
                0.9999999790305025,
                1.3151067947666789e-08,
                7.4211260406073e-09
            ],
            [
                0.0,
                1.1853299560878174e-11,
                0.9999999975484746,
                6.894459373799165e-10,
                1.750226173363849e-09
            ],
            [
                0.0,
                7.569865158195887e-12,
                8.535059476187757e-11,
                5.487788342397768e-09,
                0.9999999944192912
            ],
            [
                1.4492666835259942e-11,
                3.652961217857809e-11,
                1.6230042797630336e-09,
                1.7922205760401711e-07,
                0.9999998191039158
            ]
        ],
        [
            [
                3.2358972013978716e-07,
                5.452705975678064e-07,
                1.1376831374639388e-06,
                0.0018254092768522814,
                0.9981725841796925
            ],
            [
                0.0,
                2.8961817551276876e-10,
                0.9999999602225029,
                1.3114346402116843e-08,
                2.6373532514232602e-08
            ],
            [
                0.0,
                2.5883814607234845e-11,
                0.9999999980716667,
                6.048296784969442e-10,
                1.2976197343453613e-09
            ],
            [
                2.0634604704523886e-11,
                3.790654556370763e-11,
                1.4328562860210844e-09,
                1.8003514618690878e-08,
                0.999999980505088
            ],
            [
                1.2741862940940232e-11,
                5.3446296820951427e-11,
                1.8593607711695767e-09,
                1.1982614250467457e-08,
                0.9999999860918369
            ]
        ],
        [
            [
                5.402185914153842e-06,
                1.9861594626122674e-06,
                1.8061652630106124e-05,
                0.9859104601274671,
                0.014064089874526092
            ],
            [
                0.0,
                2.9660278119628527e-10,
                0.9999999336994283,
                4.704066087368143e-08,
                1.896330809599841e-08
            ],
            [
                0.0,
                1.0221438230082865e-11,
                0.9999999994364344,
                1.5236821309858342e-10,
                4.009760990453718e-10
            ],
            [
                0.0,
                1.0687689101467777e-11,
                1.4827417272022073e-10,
                2.960904244070442e-08,
                0.9999999702319957
            ],
            [
                1.8934836196341997e-11,
                3.174413455357516e-11,
                2.5637468998213995e-10,
                4.949980009008021e-09,
                0.9999999947429663
            ]
        ],
        [
            [
                2.3802920538078916e-07,
                5.431090982969421e-07,
                3.4367314959984046e-06,
                0.08335464555425844,
                0.9166411365759418
            ],
            [
                2.296565928349931e-06,
                0.953463565439609,
                0.046517643985099735,
                1.2206343091887899e-05,
                4.287666271071314e-06
            ],
            [
                0.0,
                1.235127415676675e-11,
                0.9999999990087993,
                3.3178868914159984e-10,
                6.470608470044199e-10
            ],
            [
                1.55916297804839e-11,
                1.8560140394739725e-11,
                6.441105100673031e-10,
                1.7030533800369974e-08,
                0.9999999822912039
            ],
            [
                8.605179972227839e-12,
                5.8492260398591464e-12,
                2.810011279204566e-10,
                2.546029820535253e-09,
                0.9999999971585147
            ]
        ],
        [
            [
                2.5059074784680873e-07,
                6.142375795726875e-07,
                2.070143816135513e-06,
                0.015083005510858173,
                0.9849140595169983
            ],
            [
                0.0,
                3.891298569851952e-09,
                0.9999997831030082,
                1.3986169081530637e-07,
                7.314400246706852e-08
            ],
            [
                0.0,
                1.10291616960879e-11,
                0.9999999990238011,
                3.4032346813252574e-10,
                6.248460737252869e-10
            ],
            [
                4.679119770325067e-11,
                7.780989701429288e-11,
                3.6909524467433998e-09,
                6.114823189426948e-09,
                0.9999999900696234
            ],
            [
                0.0,
                4.066908468429583e-12,
                1.6278955874942075e-10,
                2.5037632505524196e-08,
                0.9999999747955111
            ]
        ],
        [
            [
                0.9573670154130816,
                0.011899768703836968,
                0.00011472295006461582,
                0.020570159855940053,
                0.010048333077076758
            ],
            [
                1.1569954993517533e-07,
                0.18749731364010241,
                0.8123791498937912,
                0.0001190387697871287,
                4.381996769339119e-06
            ],
            [
                0.0,
                1.0587580870935025e-11,
                0.9999999988653294,
                6.808978668382465e-10,
                4.4318532957208e-10
            ],
            [
                1.7227249065092054e-11,
                2.5463623202237184e-11,
                6.877070536500997e-10,
                4.705454890736008e-09,
                0.9999999945641471
            ],
            [
                2.827810431032661e-12,
                4.353247357120435e-12,
                6.524938034853687e-11,
                8.428679472972328e-10,
                0.9999999990847017
            ]
        ],
        [
            [
                0.0,
                2.665032930017617e-07,
                2.020644100724066e-05,
                0.8794512126680302,
                0.12052831438766962
            ],
            [
                0.0,
                1.411264213655108e-08,
                0.999999927339914,
                3.486402914413976e-08,
                2.3683414928181884e-08
            ],
            [
                0.0,
                3.021671901143612e-11,
                0.999999997339065,
                1.4321513808191766e-09,
                1.1985671251287536e-09
            ],
            [
                3.274255614030533e-11,
                6.27559370567495e-11,
                1.1631432657426338e-09,
                2.81801273150964e-07,
                0.9999997169400852
            ],
            [
                3.659172431858383e-12,
                5.647345022402448e-12,
                6.575436465694672e-11,
                2.1278231959658513e-09,
                0.9999999977971159
            ]
        ],
        [
            [
                1.2479512192775207e-06,
                4.473980668359447e-06,
                6.783113837891104e-06,
                0.7686296339330514,
                0.23135786102122308
            ],
            [
                0.0,
                3.131113069657145e-10,
                0.9999999812725534,
                1.0808987238544678e-08,
                7.60534796495345e-09
            ],
            [
                0.0,
                7.716458823568844e-12,
                0.9999999991234454,
                2.449995951678472e-10,
                6.238386246130191e-10
            ],
            [
                4.22048106712153e-11,
                7.136343333857621e-11,
                1.6460930796835355e-09,
                4.049323116868325e-08,
                0.9999999577471075
            ],
            [
                2.235085421736215e-11,
                2.235085421736215e-11,
                7.514703670458589e-10,
                4.352390539303828e-09,
                0.9999999948514373
            ]
        ],
        [
            [
                7.387620225362458e-07,
                8.065572776064374e-07,
                9.404051169596307e-07,
                0.007676963394737058,
                0.9923205508808458
            ],
            [
                0.0,
                3.836022156374037e-09,
                0.9999839587638525,
                1.2732731505358707e-05,
                3.30466862003405e-06
            ],
            [
                0.0,
                6.418940317539313e-11,
                0.9999999897098696,
                6.375302086696951e-09,
                3.8506390586141166e-09
            ],
            [
                0.0,
                1.559162986094296e-11,
                1.5953499800719318e-10,
                1.2373268656816426e-08,
                0.9999999874516047
            ],
            [
                2.3732521765318325e-12,
                3.803449824587845e-12,
                6.009999881488973e-11,
                2.5361763511025936e-09,
                0.9999999973975469
            ]
        ],
        [
            [
                0.35942456951351537,
                0.635688776981708,
                9.67621484578548e-05,
                0.004337881706415213,
                0.0004520096499035186
            ],
            [
                0.0,
                1.3714747120681407e-09,
                0.9999999065130941,
                5.1027103359522e-08,
                4.108832783826334e-08
            ],
            [
                0.0,
                8.219805231000478e-11,
                0.9999999871769863,
                7.748947698995553e-09,
                4.9918680412935355e-09
            ],
            [
                1.1162277473564601e-11,
                2.44599778707442e-11,
                9.871431061731655e-10,
                4.0238082623299344e-08,
                0.999999958739152
            ],
            [
                3.723295412304189e-12,
                8.518905073494099e-12,
                1.250696003805883e-10,
                4.083167087246229e-09,
                0.9999999957795211
            ]
        ],
        [
            [
                0.0,
                1.521812500281236e-07,
                5.177600266119375e-07,
                0.02102020100795783,
                0.9789791290507655
            ],
            [
                0.0,
                2.615041797331539e-09,
                0.9999999037252209,
                5.7739736370230016e-08,
                3.592000101697304e-08
            ],
            [
                0.0,
                2.043773996113945e-11,
                0.9999999980721648,
                5.866404735374503e-10,
                1.3207570633579503e-09
            ],
            [
                0.0,
                1.2333547490115164e-11,
                3.6707591697697354e-10,
                7.543198349866104e-09,
                0.9999999920773922
            ],
            [
                1.5606655202890408e-11,
                1.7772100542559875e-11,
                6.069525938847236e-10,
                7.0037828825169534e-09,
                0.9999999923558859
            ]
        ],
        [
            [
                1.2563860631066983e-07,
                5.667268270383636e-07,
                4.106228804337388e-06,
                0.13417787339519205,
                0.8658173280105703
            ],
            [
                0.0,
                1.4437583717321422e-09,
                0.9999997775661276,
                1.2218735319072958e-07,
                9.880276086742684e-08
            ],
            [
                0.0,
                2.3936743258309183e-11,
                0.9999999978539933,
                7.514947360689191e-10,
                1.3705752695422941e-09
            ],
            [
                7.2091491980254974e-12,
                3.437797390339242e-11,
                7.676639837226847e-10,
                7.817502995699195e-09,
                0.9999999913732459
            ],
            [
                5.890216238776867e-11,
                4.14963959079337e-11,
                6.819805820818251e-10,
                7.518324509567619e-08,
                0.9999999240343758
            ]
        ],
        [
            [
                0.00015699024193628343,
                5.264181644257719e-06,
                1.255717664208952e-05,
                0.19693414613361188,
                0.8028910422661655
            ],
            [
                0.0,
                3.4501637849110783e-09,
                0.9999997169930633,
                2.102764866455239e-07,
                6.928028632006207e-08
            ],
            [
                0.0,
                3.257499332768972e-11,
                0.9999999985422301,
                6.769224785214915e-10,
                7.482722997450498e-10
            ],
            [
                1.6745924281350282e-11,
                3.300792169626091e-11,
                1.5433256657285868e-10,
                2.6111292396796902e-09,
                0.9999999971847844
            ],
            [
                0.0,
                5.779636184397301e-12,
                1.721090213128043e-10,
                4.777814133494912e-09,
                0.9999999950442973
            ]
        ],
        [
            [
                6.082059466223718e-08,
                1.679215981554793e-07,
                5.491725744815363e-07,
                0.007975401813930985,
                0.9920238202713018
            ],
            [
                0.0,
                3.0653922586918507e-09,
                0.9999998712959509,
                9.357365879192067e-08,
                3.2064998120792254e-08
            ],
            [
                0.0,
                1.9815474269755476e-11,
                0.9999999981937391,
                6.605495395504136e-10,
                1.1258959267856329e-09
            ],
            [
                1.0556768589134567e-11,
                4.801341802284168e-11,
                9.921225151684556e-10,
                4.303072512018049e-08,
                0.9999999559185822
            ],
            [
                6.808660023932774e-12,
                2.11510736049788e-11,
                5.935997576542051e-10,
                5.302365237724108e-09,
                0.9999999940760753
            ]
        ],
        [
            [
                8.791153500280555e-08,
                4.452699662088791e-07,
                2.310425702575302e-06,
                0.6505681763182055,
                0.34942898007459067
            ],
            [
                0.0,
                2.8471792795051903e-09,
                0.9999999248042575,
                6.235965993509305e-08,
                9.988903274482069e-09
            ],
            [
                0.0,
                1.0744941009862257e-11,
                0.9999999989717911,
                2.2442025404764833e-10,
                7.930435514965754e-10
            ],
            [
                0.0,
                1.1219932176923198e-11,
                3.1562969593055163e-10,
                6.438667780471042e-08,
                0.9999999352864726
            ],
            [
                1.0826922107368804e-11,
                2.5935407582808287e-11,
                3.2779066083797496e-10,
                5.028698110913467e-09,
                0.9999999946067488
            ]
        ],
        [
            [
                2.2165708560811058e-06,
                1.8647587986592243e-06,
                5.238815729665808e-06,
                0.014970247917456082,
                0.9850204319371596
            ],
            [
                0.0,
                1.0653181926295472e-09,
                0.9999999080310775,
                5.5007852625798646e-08,
                3.589575184294423e-08
            ],
            [
                0.0,
                8.174398018312467e-12,
                0.9999999993257027,
                1.744419635367184e-10,
                4.916808444284775e-10
            ],
            [
                2.764160787973245e-11,
                5.810222413709362e-11,
                2.4391331910309177e-09,
                3.0417417145232306e-08,
                0.9999999670577058
            ],
            [
                2.291530514657454e-11,
                1.7687355972923643e-11,
                1.625829031964331e-10,
                1.6856659651428685e-09,
                0.9999999981111485
            ]
        ],
        [
            [
                0.0,
                1.1510723306970282e-07,
                1.1806938443162377e-06,
                0.0078084705760486876,
                0.992190233622874
            ],
            [
                0.0,
                2.0908264987863147e-09,
                0.9999999341694467,
                4.764629823088603e-08,
                1.6093428722447988e-08
            ],
            [
                0.0,
                0.0,
                0.9999999971719058,
                1.135817778030006e-09,
                1.6922763845973527e-09
            ],
            [
                2.589604796315371e-12,
                7.32087532254816e-12,
                1.6931246394179948e-10,
                1.3528337392271125e-09,
                0.9999999984679433
            ],
            [
                0.0,
                8.106191024351364e-12,
                1.2624205526089408e-10,
                1.4387606977895405e-09,
                0.999999998426891
            ]
        ],
        [
            [
                0.00011472668350829066,
