{
    "[['A', 'B', 'C', 'D', 'E'], ['A', 'B', 'C', 'D', 'E']]": [
        [
            [
                0.0,
                7.2472254203555395e-09,
                6.600515002634729e-08,
                0.0003464391218837845,
                0.9996534876257407
            ],
            [
                0.0,
                2.2292548708544473e-09,
                0.9999998692975198,
                1.2372095014360274e-07,
                4.752275193477296e-09
            ],
            [
                0.0,
                6.127189287886811e-12,
                0.9999999997980082,
                6.222079303597201e-11,
                1.3364372056142342e-10
            ],
            [
                0.0,
                3.1623302245396974e-09,
                2.691535948217644e-08,
                3.341534757149609e-06,
                0.9999966283875531
            ],
            [
                0.0,
                3.8895697069124834e-09,
                1.705071887620811e-08,
                1.602422365713772e-06,
                0.9999983766373457
            ]
        ],
        [
            [
                0.0,
                9.16342557283817e-10,
                3.1080772428289424e-08,
                2.4577106051924633e-05,
                0.9999753908968331
            ],
            [
                0.0,
                3.3274388453561856e-09,
                0.9999988336848684,
                1.1216139744953032e-06,
                4.137371828490705e-08
            ],
            [
                0.0,
                6.429919620482936e-11,
                0.9999999982990411,
                7.102331767503461e-10,
                9.26426472743754e-10
            ],
            [
                1.1409789896823244e-09,
                6.5629008488716665e-09,
                5.044830541095017e-08,
                2.102152200189987e-06,
                0.9999978396956145
            ],
            [
                7.802562187606561e-09,
                1.857451251081072e-08,
                2.8306265041136454e-07,
                5.8665317638982454e-05,
                0.999941025242636
            ]
        ],
        [
            [
                0.0,
                2.5876351154518347e-08,
                7.30461669919352e-07,
                0.026029363736299403,
                0.9739698799256795
            ],
            [
                0.0,
                2.2707571731881714e-09,
                0.9999997228016114,
                2.6407019042296025e-07,
                1.0857441009904896e-08
            ],
            [
                0.0,
                3.0986095038233983e-10,
                0.9999999947070348,
                2.491552167772812e-09,
                2.491552167772812e-09
            ],
            [
                3.154673210734529e-09,
                7.94047411858902e-09,
                5.1264842312579495e-08,
                1.7153674980802767e-05,
                0.9999827839650296
            ],
            [
                7.638413535977749e-11,
                6.487563670799121e-10,
                3.246400099723947e-09,
                6.806944114259636e-07,
                0.999999315334048
            ]
        ],
        [
            [
                0.0,
                2.9168519536661232e-08,
                5.348763625116764e-06,
                0.20300347109192218,
                0.7969911509759331
            ],
            [
                0.0,
                9.791925642305668e-09,
                0.9999956146260242,
                4.328108109303885e-06,
                4.747394100204398e-08
            ],
            [
                0.0,
                5.720680943187014e-10,
                0.999999991159778,
                5.1051419126235394e-09,
                3.1630119550767375e-09
            ],
            [
                0.0,
                2.253945772556358e-09,
                2.437771814653824e-08,
                1.5069293816327547e-06,
                0.9999984664389545
            ],
            [
                1.124688145613195e-08,
                3.350226683036562e-08,
                1.4497285217403502e-07,
                8.848273377071157e-06,
                0.9999909620046225
            ]
        ],
        [
            [
                6.913152095681026e-08,
                1.2991522456721353e-06,
                5.570585140276379e-05,
                0.1510930529391525,
                0.848849872925678
            ],
            [
                0.0,
                1.2977923357459148e-10,
                0.9999999974873752,
                1.9894719634099406e-09,
                3.933735499986451e-10
            ],
            [
                0.0,
                1.3956081627812438e-11,
                0.9999999997274931,
                6.656931335118452e-11,
                1.9198134797954356e-10
            ],
            [
                3.7294579546113414e-08,
                1.0494989340802722e-08,
                1.311354598176733e-08,
                5.75576198759717e-07,
                0.9999993635206863
            ],
            [
                0.0,
                1.2321051238649017e-09,
                4.135967692579545e-08,
                1.6480245178930495e-06,
                0.9999983093836999
            ]
        ],
        [
            [
                0.0,
                3.480934682621783e-08,
                1.0382864540799096e-06,
                0.0026967535030530724,
                0.997302173401146
            ],
            [
                0.0,
                4.2587632163118925e-07,
                0.0025503562721567443,
                0.3261369210179913,
                0.6713122968335303
            ],
            [
                0.0,
                7.21889109006098e-12,
                0.9999999997296249,
                1.0798899676684848e-10,
                1.5516728324200434e-10
            ],
            [
                0.0,
                1.0019318142707839e-08,
                2.620760426516413e-06,
                0.0002793890711201395,
                0.9997179801491352
            ],
            [
                3.7628097615631595e-09,
                6.391373587710475e-09,
                2.4724941612006327e-08,
                7.818994914046953e-07,
                0.9999991832213836
            ]
        ],
        [
            [
                0.0,
                5.8820860849750536e-08,
                1.1796444249085982e-05,
                0.0797450173801387,
                0.9202431273547514
            ],
            [
                0.0,
                9.336034771257822e-10,
                0.9999999887810559,
                7.609831712703396e-09,
                2.6755089402354e-09
            ],
            [
                0.0,
                8.421379648048188e-11,
                0.9999999991002417,
                4.032555426880906e-10,
                4.1228889963568426e-10
            ],
            [
                0.0,
                1.4973276988411625e-09,
                4.622841037741883e-08,
                2.7722383898863943e-06,
                0.999997180035872
            ],
            [
                0.0,
                1.662253417377191e-09,
                3.395121013065957e-08,
                3.748535367940065e-06,
                0.9999962158511685
            ]
        ],
        [
            [
                1.6091280909146814e-08,
                2.194778299512472e-08,
                3.184911847009673e-07,
                6.272453796021857e-05,
                0.9999369189317912
            ],
            [
                0.0,
                1.1549179760218276e-08,
                0.9999997250960064,
                2.5544961007647844e-07,
                7.905203771291503e-09
            ],
            [
                0.0,
                2.8078989405198626e-11,
                0.9999999997155975,
                1.1391887818967226e-10,
                1.4240444107764534e-10
            ],
            [
                1.9072591391468006e-09,
                4.913491940287705e-09,
                2.8321450232166166e-08,
                6.20303757497658e-07,
                0.9999993445540413
            ],
            [
                0.0,
                2.4846899152596426e-09,
                3.400467595067538e-08,
                4.361072704140278e-06,
                0.99999560243793
            ]
        ],
        [
            [
                6.257328422655701e-08,
                3.2225498943129087e-07,
                5.094313885594354e-06,
                0.034905682382664234,
                0.9650888384751766
            ],
            [
                0.0,
                3.435403438133893e-08,
                0.9998067711091508,
                0.00019213962818431972,
                1.0549086304865182e-06
            ],
            [
                0.0,
                6.249923637583063e-11,
                0.9999999982651528,
                7.89888487707855e-10,
                8.824591960441035e-10
            ],
            [
                0.0,
                1.2220622501954526e-09,
                1.4992860219969982e-08,
                1.9876374050032563e-06,
                0.9999979961476725
            ],
            [
                9.421739621133202e-10,
                4.6777325605537995e-09,
                5.160428259797725e-08,
                3.7507022833155404e-06,
                0.9999961920735276
            ]
        ],
        [
            [
                0.0,
                1.881322355266046e-08,
                5.222403394348388e-06,
                0.10464329896088317,
                0.8953514598224989
            ],
            [
                0.0,
                1.6950287675177706e-09,
                0.9999999338877277,
                6.152661742228644e-08,
                2.8906261365877134e-09
            ],
            [
                0.0,
                5.393693386862301e-11,
                0.9999999994976005,
                1.896564121630864e-10,
                2.5880618996639087e-10
            ],
            [
                0.0,
                5.4166606715796446e-08,
                3.541091711415205e-05,
                0.9894844312890677,
                0.010480103627211449
            ],
            [
                0.0,
                1.7984800303620509e-09,
                2.4606854091526168e-08,
                1.1932052245011517e-06,
                0.9999987803894415
            ]
        ],
        [
            [
                0.0,
                6.773597242718267e-08,
                7.542490735079737e-06,
                0.18215745669391548,
                0.817834933079377
            ],
            [
                0.0,
                7.841934530550098e-09,
                0.9999998115165325,
                1.678676280946439e-07,
                1.2773904883748229e-08
            ],
            [
                0.0,
                1.2079410334337997e-11,
                0.9999999997970614,
                8.66014603395706e-11,
                1.0425767309690703e-10
            ],
            [
                0.0,
                3.718262367903184e-09,
                7.304821959784945e-08,
                3.7369669523368124e-06,
                0.9999961862665657
            ],
            [
                1.047694423771913e-09,
                7.333016962005061e-09,
                3.3265778756652014e-08,
                7.810942249333496e-06,
                0.9999921474112605
            ]
        ],
        [
            [
                0.0,
                4.098624483569515e-09,
                2.481921613377267e-07,
                2.2963942666972805e-05,
                0.9999767837665473
            ],
            [
                0.0,
                7.851962224545808e-09,
                0.9999994405034208,
                5.192954473433054e-07,
                3.2349169736853686e-08
            ],
            [
                0.0,
                8.208023896736198e-11,
                0.9999999989068931,
                6.189012360402029e-10,
                3.9212553384347007e-10
            ],
            [
                1.86498677349115e-09,
                2.9022106555963354e-09,
                2.1938783816098115e-08,
                2.619886912466514e-07,
                0.9999997113053275
            ],
            [
                1.2514005116639003e-09,
                6.197000289320389e-09,
                5.1031680290103604e-08,
                7.036017974192854e-07,
                0.9999992379181214
            ]
        ],
        [
            [
                0.0,
                4.1233630805110175e-09,
                4.42216244108847e-07,
                0.00013780534203371492,
                0.9998617483183591
            ],
            [
                0.0,
                6.520347308720099e-11,
                0.999999996869158,
                2.5692112191538812e-09,
                4.964273400286653e-10
            ],
            [
                0.0,
                5.042148632661124e-11,
                0.9999999982953749,
                6.5553662427518e-10,
                9.98666886371447e-10
            ],
            [
                9.553513753158809e-10,
                2.3584142581882816e-09,
                2.3495255806905167e-08,
                1.0776524405241107e-06,
                0.9999988955385379
            ],
            [
                4.522818718180555e-09,
                7.690038105266854e-09,
                3.84179365342173e-08,
                1.0478908346654354e-06,
                0.9999989014783721
            ]
        ],
        [
            [
                0.0,
                8.504972617869355e-09,
                9.466964039812986e-08,
                0.00010878607977227387,
                0.9998911107456148
            ],
            [
                0.0,
                2.5767884063752303e-09,
                0.9999999371905683,
                5.625800605407949e-08,
                3.974637239694384e-09
            ],
            [
                0.0,
                5.485375869420545e-11,
                0.9999999980627481,
                9.725083019447155e-10,
                9.098898870674951e-10
            ],
            [
                0.0,
                6.445090590889401e-09,
                2.7094894882484357e-06,
                0.0001477854765409634,
                0.9998494985888803
            ],
            [
                1.7798366778522223e-10,
                9.514290695348272e-10,
                8.308604727296542e-09,
                1.7662159532676603e-07,
                0.9999998139403872
            ]
        ],
        [
            [
                0.0,
                3.959768505164837e-09,
                8.043707178947026e-08,
                0.00046379988565506435,
                0.9995361157175047
            ],
            [
                0.0,
                3.9083769800122025e-09,
                0.9999996601203613,
                3.219794431085976e-07,
                1.3991818471180676e-08
            ],
            [
                0.0,
                5.135813336973358e-11,
                0.9999999984280703,
                4.942109696491087e-10,
                1.026360740480268e-09
            ],
            [
                5.999480574246826e-09,
                1.3098397917864314e-08,
                5.0387722313895334e-08,
                1.7197942539596068e-06,
                0.9999982107201453
            ],
            [
                1.983534630827095e-09,
                1.072251877071328e-08,
                1.109742122899631e-06,
                4.982662782179254e-06,
                0.9999938948890414
            ]
        ],
        [
            [
                5.932857280988792e-08,
                2.502950622634909e-07,
                4.401703520170459e-06,
                0.006392542398377144,
                0.9936027462744675
            ],
            [
                0.0,
                9.136828416327706e-10,
                0.9999999925614986,
                5.023990888244502e-09,
                1.5008273630487318e-09
            ],
            [
                0.0,
                6.545127325360487e-12,
                0.9999999995318543,
                1.7773296168685365e-10,
                2.838675305806448e-10
            ],
            [
                8.473798078757294e-10,
                4.878436559542833e-09,
                2.288088177400477e-08,
                1.9576918065227604e-06,
                0.9999980137014953
            ],
            [
                1.1546949059606227e-09,
                2.371599514756303e-09,
                2.1026773017596326e-08,
                1.3388342884395064e-06,
                0.9999986366126441
            ]
        ],
        [
            [
                4.682407743256111e-10,
                2.3044234012374465e-09,
                9.914042613951039e-09,
                2.050601667434262e-07,
                0.9999997822531265
            ],
            [
                0.0,
                4.2005987270419465e-10,
                0.9999999948374283,
                3.661083859273126e-09,
                1.0814281623932357e-09
            ],
            [
                0.0,
                7.78219198916471e-11,
                0.9999999989364945,
                4.5730587362833155e-10,
                5.283776347978164e-10
            ],
            [
                1.5288035000219282e-09,
                1.901644466777827e-08,
                1.7811943455313787e-07,
                1.1356966232626835e-05,
                0.9999884443690847
            ],
            [
                9.305704853789397e-10,
                1.6772887791926678e-09,
                1.3984266970014485e-08,
                6.360811902087915e-07,
                0.9999993473266836
            ]
        ],
        [
            [
                0.0,
                2.1255446502044144e-08,
                4.516853508679017e-07,
                0.0018100071132036597,
                0.9981895199459989
            ],
            [
                0.0,
                4.803141782825972e-09,
                0.9999995612277363,
                4.0301737549733256e-07,
                3.095174632387186e-08
            ],
            [
                0.0,
                3.018636131062042e-11,
                0.9999999993650144,
                2.3955161809356396e-10,
                3.652475173480659e-10
            ],
            [
                1.3170993278305719e-09,
                9.254626717447738e-09,
                1.2796225296761392e-07,
                6.374002100818474e-05,
                0.9999361214450128
            ],
            [
                0.0,
                1.1839506558949277e-09,
                1.5267645305960573e-08,
                1.8409149968566722e-06,
                0.9999981426334072
            ]
        ],
        [
            [
                0.0,
                7.107407655404924e-08,
                1.61529460192489e-05,
                0.045604997187988376,
                0.9543787787919159
            ],
            [
                0.0,
                1.3972023707929024e-09,
                0.9999999199230246,
                7.004160826298763e-08,
                8.638164746976444e-09
            ],
            [
                0.0,
                1.1951371253063684e-11,
                0.9999999996806268,
                9.156328127926134e-11,
                2.158586657513426e-10
            ],
            [
                4.8486519006547656e-08,
                5.541063787616769e-08,
                1.5220882537946323e-07,
                6.309982035243944e-05,
                0.9999366440736653
            ],
            [
                2.9734269689241127e-09,
                3.6706068777500735e-09,
                1.644013625783274e-08,
                1.4512341803563843e-06,
                0.9999985256816495
            ]
        ],
        [
            [
                0.0,
                2.4594702381780315e-08,
                7.502062623573039e-07,
                0.0008204981459541855,
                0.9991787270530811
            ],
            [
                0.0,
                2.205238155126944e-09,
                0.9999999403143554,
                5.3843681817363034e-08,
                3.636724686771975e-09
            ],
            [
                0.0,
                1.067394371312454e-10,
                0.9999999985642622,
                8.442001269530793e-10,
                4.847981415489956e-10
            ],
            [
                0.0,
                4.289394283773332e-09,
                4.9910902381039106e-08,
                2.0368076047448018e-06,
                0.9999979089920986
            ],
            [
                1.1242908063930654e-09,
                3.006721654250039e-09,
                1.563304613814957e-08,
                1.132880309766581e-06,
                0.9999988473556316
            ]
        ],
        [
            [
                0.0,
                3.1546508732829976e-08,
                1.927243096773027e-06,
                0.009400147787770643,
                0.9905978934226239
            ],
            [
                0.0,
                1.2780941834892837e-09,
                0.9999999489888566,
                4.6176236757407423e-08,
                3.5568124682850894e-09
            ],
            [
                0.0,
                2.003199462623331e-12,
                0.9999999999136726,
                5.841870362299912e-11,
                2.590559574530596e-11
            ],
            [
                4.579509399980699e-10,
                2.2587357947517114e-09,
                1.4926093724697918e-08,
                4.0515737223682915e-07,
                0.9999995771998473
            ],
            [
                0.0,
                3.8968149916874713e-10,
                4.9664731266463445e-09,
                1.905518622693968e-06,
                0.9999980891252228
            ]
        ],
        [
            [
                1.2776780539811558e-08,
                5.315866143310997e-08,
                2.9660578687604236e-07,
                0.001119948855184854,
                0.9988796886035863
            ],
            [
                0.0,
                2.480434110859153e-08,
                0.9999962356908373,
                3.610242948795969e-06,
                1.2926187279836158e-07
            ],
            [
                0.0,
                4.018274567978718e-10,
                0.9999999901402711,
                6.4590208890782275e-09,
                2.9988807154647335e-09
            ],
            [
                8.484180129607736e-10,
                6.934608138290081e-09,
                7.763212465895685e-08,
                2.5100739422166332e-05,
                0.9999748138454271
            ],
            [
                0.0,
                1.3331459526357215e-09,
                1.3199568246201912e-08,
                1.5866590480338895e-06,
                0.9999983988082377
            ]
        ],
        [
            [
                2.860571217485731e-08,
                5.458842495524124e-08,
                2.673111775428323e-07,
                2.8129356491439936e-05,
                0.9999715201381939
            ],
            [
                0.0,
                8.614684918513098e-09,
                0.9999997362241688,
                2.2736935834332257e-07,
                2.7791787782579394e-08
            ],
            [
                0.0,
                2.4634442212875597e-10,
                0.9999999970546443,
                1.014910323977167e-09,
                1.6841009109958733e-09
            ],
            [
                5.76128635808038e-09,
                1.1601239521493594e-08,
                1.7201377811594524e-07,
                0.00010761068824351808,
                0.9998921999354524
            ],
            [
                0.0,
                3.98546270420055e-09,
                1.929984468841874e-07,
                0.0001246236142666949,
                0.9998751794018237
            ]
        ],
        [
            [
                0.0,
                1.354747780794666e-08,
                1.564843974833192e-06,
                0.00013195291133627195,
                0.9998664686972111
            ],
            [
                0.0,
                2.7593278956699953e-09,
                0.9999999530720616,
                4.1699331795751334e-08,
                2.4692785867100253e-09
            ],
            [
                0.0,
                1.0124215059356747e-10,
                0.9999999977200245,
                1.0412636504819728e-09,
                1.1374697760392595e-09
            ],
            [
                0.0,
                5.412682237316304e-09,
                1.453074054430271e-07,
                3.6355446081530375e-06,
                0.9999962137353041
            ],
            [
                0.0,
                2.270606860416054e-08,
                8.924447325858475e-07,
                0.029228176495235087,
                0.9707709083539637
            ]
        ],
        [
            [
                0.0,
                6.509927826303729e-09,
                4.8819013516548e-08,
                1.1536384098427698e-05,
                0.9999884082869602
            ],
            [
                0.0,
                4.8391330779472935e-09,
                0.9999920351672015,
                7.910750923399493e-06,
                4.924274200316151e-08
            ],
            [
                0.0,
                1.3813083117942404e-10,
                0.999999996354733,
                1.9457930400355084e-09,
                1.5613429801440714e-09
            ],
            [
                6.2387701963058635e-09,
                1.1127815322071812e-08,
                4.0758161237035277e-08,
                6.260313293692054e-06,
                0.9999936815619596
            ],
            [
                0.0,
                2.0384931169391024e-09,
                5.386998352298701e-08,
                1.232925150563506e-06,
                0.9999987111663727
            ]
        ],
        [
            [
                7.500402672868819e-09,
                3.241618895080645e-08,
                1.7952569442581338e-07,
                1.6305194413009522e-05,
                0.999983475363301
            ],
            [
                0.0,
                6.5599717625574154e-09,
                0.9999992996698519,
                6.477501849157029e-07,
                4.6019991415461744e-08
            ],
            [
                0.0,
                6.871494591857504e-11,
                0.9999999953625929,
                2.334742318013773e-09,
                2.233949741721673e-09
            ],
            [
                0.0,
                1.595731983150128e-08,
                1.494182338741253e-07,
                0.00045315752535215055,
                0.9995466770990942
            ],
            [
                1.0167956018119628e-09,
                3.1541920536997254e-09,
                4.7283721378222745e-08,
                1.970733038376449e-06,
                0.9999979778122525
            ]
        ],
        [
            [
                0.0,
                8.983520271946608e-09,
                4.892390523261309e-07,
                6.449690096402527e-05,
                0.9999350048764634
            ],
            [
                0.0,
                9.02931728817617e-09,
                0.9999994473988792,
                5.175052841974516e-07,
                2.6066519204066814e-08
            ],
            [
                0.0,
                7.37199541052753e-11,
                0.9999999986884034,
                7.800385444822445e-10,
                4.5783825061748883e-10
            ],
            [
                0.0,
                6.787936454418448e-09,
                7.814972389386955e-08,
                0.0003193076378942478,
                0.9996806074244454
            ],
            [
                7.040303082761533e-10,
                1.66032676768676e-09,
                5.946153643540436e-09,
                2.646948642368847e-06,
                0.9999973447408469
            ]
        ],
        [
            [
                0.0,
                4.562919336562816e-09,
                8.432997472108624e-08,
                1.089910031017262e-05,
                0.9999890120067959
            ],
            [
                0.0,
                2.03274414146984e-08,
                0.9999978392957943,
                2.0719788013330782e-06,
                6.839796302713416e-08
            ],
            [
                0.0,
                1.5164455066066645e-10,
                0.9999999954252048,
                2.502358410999692e-09,
                1.920792386062239e-09
            ],
            [
                0.0,
                2.1720144008714203e-09,
                7.351520582410194e-08,
                7.264847777453993e-06,
                0.9999926594650024
            ],
            [
                0.0,
                1.3322665523494507e-09,
                2.12823429665544e-08,
                7.456993009648296e-06,
                0.9999925203923808
            ]
        ],
        [
            [
                4.010581425758467e-09,
                1.6673729089004565e-08,
                1.488348590941372e-07,
                6.707160344589567e-05,
                0.9999327588773844
            ],
            [
                0.0,
                2.8779563049579195e-09,
                0.9999998487895712,
                1.2971248700464628e-07,
                1.861998564661608e-08
            ],
            [
                0.0,
                1.3496089098174647e-10,
                0.9999999958856003,
                2.724103209271055e-09,
                1.2553355056264415e-09
            ],
            [
                1.9671662564872296e-07,
                1.2053784759106726e-07,
                2.96829071593176e-07,
                0.00017078370261201542,
                0.9998286022138432
            ],
            [
                0.0,
                1.7260288484869063e-09,
                8.804253913805693e-09,
                5.652106349030715e-07,
                0.9999994242590824
            ]
        ],
        [
            [
                0.0,
                2.2865317618087926e-07,
                6.666624142844719e-06,
                0.0012778251460617432,
                0.9987152795766192
            ],
            [
                0.0,
                1.221321853431829e-08,
                0.9999995318459527,
                4.19833440389449e-07,
                3.610738823200244e-08
            ],
            [
                0.0,
                1.5386200556492092e-10,
                0.9999999980952232,
                1.1120786513208593e-09,
                6.388359848560027e-10
            ],
            [
                2.7064996210823647e-09,
                1.7588240918362418e-08,
                2.3142679240790831e-07,
                1.8042592885742018e-05,
                0.9999817056855813
            ],
            [
                0.0,
                3.138600726503211e-09,
                1.5479468444656103e-08,
                2.442986357338607e-05,
                0.9999755515183574
            ]
        ],
        [
            [
                5.045896282204197e-09,
                1.3305759064517855e-08,
                1.8516068776565302e-07,
                0.0001719243390430982,
                0.9998278721486138
            ],
            [
                0.0,
                5.6110628620565635e-09,
                0.9999998234178565,
                1.5440434135711558e-07,
                1.6566739162290393e-08
            ],
            [
                0.0,
                4.9584700239780386e-11,
                0.9999999982037664,
                6.555366242151274e-10,
                1.0911121433068691e-09
            ],
            [
                6.291885360269457e-10,
                2.9022108882050872e-09,
                4.467034905706305e-08,
                8.755998885820452e-07,
                0.9999990761983629
            ],
            [
                1.139079134838755e-08,
                1.1712898723280538e-08,
                8.176722539703778e-08,
                1.0851044975047905e-06,
                0.999998810024587
            ]
        ],
        [
            [
                0.0,
                1.2471400795672032e-09,
                2.6512382135416992e-08,
                8.620783967435535e-05,
                0.9999137644008034
            ],
            [
                0.0,
                5.383441663838846e-09,
                0.9999978744206253,
                2.0561994588013243e-06,
                6.399647418119771e-08
            ],
            [
                0.0,
                4.4299157097335955e-11,
                0.9999999994915929,
                2.2688685198054528e-10,
                2.3722091767823326e-10
            ],
            [
                5.658771890558357e-09,
                8.639894130847958e-09,
                5.217763105375115e-08,
                1.1754324364028897e-06,
                0.9999987580912665
            ],
            [
                0.0,
                2.4358416053323477e-09,
                1.454627494174512e-08,
                2.0410055011537055e-06,
                0.9999979420123822
            ]
        ],
        [
            [
                0.0,
                1.9635028427320647e-08,
                6.070229879116358e-07,
                0.01384219710977061,
                0.986157176232213
            ],
            [
                0.0,
                1.5584846519027625e-08,
                0.9999971059088609,
                2.7951487669773225e-06,
                8.335752555046645e-08
            ],
            [
                0.0,
                5.2517224513404016e-11,
                0.9999999991602755,
                4.5225059825689734e-10,
                3.3495650876969665e-10
            ],
            [
                5.922316551724154e-09,
                1.4055719057115806e-08,
                1.6925847113386544e-07,
                1.9995857548590722e-05,
                0.9999798149059446
            ],
            [
                1.6368571358284537e-09,
                5.851131956342036e-09,
                2.94277521236158e-08,
                3.768604584734469e-06,
                0.999996194479674
            ]
        ],
        [
            [
                0.0,
                3.5769502701022076e-09,
                3.3888969662962166e-08,
                2.5726906915079426e-05,
                0.9999742356271649
            ],
            [
                0.0,
                2.082025164254174e-08,
                0.9999986649480198,
                1.2538132616275325e-06,
                6.041846692698729e-08
            ],
            [
                0.0,
                2.4051613888876367e-11,
                0.9999999994412587,
                2.8961818687123367e-10,
                2.4507156996084807e-10
            ],
            [
                3.301908589835366e-10,
                2.3034039952084415e-09,
                7.833593795724089e-09,
                1.2423948929516928e-06,
                0.9999987471379185
            ],
            [
                0.0,
                1.6422672581358577e-09,
                9.599187647599149e-08,
                1.4887760494382657e-05,
                0.9999850146053619
            ]
        ],
        [
            [
                0.0,
                1.811327798958414e-09,
                8.553830965412096e-08,
                5.006605689624378e-05,
                0.9999498465934663
            ],
            [
                0.0,
                5.62800893536995e-09,
                0.9999998720769943,
                1.0832376618488405e-07,
                1.3971230685461206e-08
            ],
            [
                0.0,
                8.752374180970622e-11,
                0.9999999985476353,
                6.89965564226195e-10,
                6.748752705170007e-10
            ],
            [
                6.074636388307838e-09,
                1.164469089957779e-08,
                3.0467294464823834e-08,
                5.743895855293734e-07,
                0.9999993774237926
            ],
            [
                1.4704995389586469e-09,
                2.6281123386073765e-09,
                1.7233979516046218e-08,
                2.6222204790809343e-06,
                0.9999973564469294
            ]
        ],
        [
            [
                2.1875188606201234e-08,
                4.061312249885633e-08,
                2.1530347285590106e-07,
                0.00033914353358248427,
                0.9996605786746335
            ],
            [
                0.0,
                2.42430044998856e-09,
                0.9999999499151325,
                4.506975792381754e-08,
                2.590809148259367e-09
            ],
            [
                0.0,
                4.530777202725406e-10,
                0.9999999907474605,
                5.574612442607662e-09,
                3.224849296987437e-09
            ],
            [
                0.0,
                7.752688508314131e-09,
                1.5794428025877652e-06,
                5.1756461582249145e-05,
                0.9999466563429267
            ],
            [
                6.900958707333726e-10,
                2.596731135422017e-09,
                1.1686700346840794e-08,
                5.456016749181876e-06,
                0.9999945290097234
            ]
        ],
        [
            [
                1.0258381387251152e-09,
                3.364549815411856e-09,
                3.681806579252057e-08,
                1.2405129232247208e-05,
                0.9999875536623141
            ],
            [
                0.0,
                9.657047382077352e-09,
                0.9999980535202819,
                1.893112809476301e-06,
                4.370986128924938e-08
            ],
            [
                0.0,
                1.8323321335509885e-10,
                0.9999999985424946,
                6.794448643760446e-10,
                5.94827202038416e-10
            ],
            [
                1.3927907966030258e-09,
                7.55376619184391e-09,
                1.5982869490103143e-07,
                2.1771722282575667e-05,
                0.9999780595024657
            ],
            [
                1.1312169825986503e-09,
                2.796549311268336e-09,
                4.5527763833483176e-08,
                3.4492556090474103e-07,
                0.999999605618909
            ]
        ],
        [
            [
                3.0651173759375962e-09,
                1.2621039874613505e-08,
                1.642278201615544e-07,
                7.490556035642301e-06,
                0.999992329529987
            ],
            [
                0.0,
                1.618553500034828e-08,
                0.9999914713540977,
                8.42108832462294e-06,
                9.137204256611059e-08
            ],
            [
                0.0,
                3.4695151727554326e-11,
                0.9999999994324551,
                2.8122847053276276e-10,
