{
    "[['A', 'B', 'C', 'D', 'E'], ['A', 'B', 'C', 'D', 'E']]": [
        [
            [
                0.9999995575577934,
                4.186364101212125e-07,
                2.4375880477470495e-10,
                8.215123403058788e-10,
                2.2740525390261893e-08
            ],
            [
                0.9999911764171149,
                8.690705659003535e-06,
                8.39225311819344e-09,
                2.0803220356873144e-08,
                1.0368175272330126e-07
            ],
            [
                3.837959214745705e-10,
                1.4940989044919257e-08,
                0.9999998321582213,
                1.1710927113028405e-07,
                3.540772290929176e-08
            ],
            [
                0.9999888004285513,
                1.0796630861728533e-05,
                2.2740264503697025e-08,
                2.770742121723647e-08,
                3.5249290128688926e-07
            ],
            [
                0.9999989415745181,
                1.041049792570524e-06,
                8.440926944216482e-09,
                5.2374332497616256e-09,
                3.6973291783121154e-09
            ]
        ],
        [
            [
                0.021932103929485323,
                0.978067748071858,
                2.9713534148524555e-08,
                5.127941266465148e-08,
                6.700570993456423e-08
            ],
            [
                0.9963790027477156,
                2.638383893190976e-05,
                1.5001192106782715e-07,
                6.997441208521049e-07,
                0.003593763657310575
            ],
            [
                0.0,
                2.2715802410846207e-09,
                0.9999999633798857,
                2.569026232522617e-08,
                8.658271691608338e-09
            ],
            [
                0.9997552656639027,
                0.00024263674666561826,
                3.611020960517473e-08,
                1.265548088391518e-07,
                1.9349244133227723e-06
            ],
            [
                0.9999995683005626,
                3.864770519207112e-07,
                3.539622915127424e-09,
                5.237443400065015e-09,
                3.6445319146915964e-08
            ]
        ],
        [
            [
                0.9984273945302599,
                6.520596922078588e-07,
                2.8508471550073046e-09,
                9.459508906766093e-08,
                0.0015718559641117258
            ],
            [
                0.9999922139389406,
                7.426277179940369e-06,
                3.0261578826862453e-08,
                1.9882438295981684e-08,
                3.096398624881259e-07
            ],
            [
                0.0,
                9.120187870106242e-09,
                0.9999995110254328,
                3.7186171750348933e-07,
                1.07992661921331e-07
            ],
            [
                0.9993049468862738,
                0.0006948839862078385,
                2.4992927605520783e-08,
                4.462981252172763e-08,
                9.950477836461657e-08
            ],
            [
                0.9997772309418684,
                3.3689762935584324e-06,
                3.022616020177231e-08,
                1.8128468417041627e-07,
                0.0002191885709937228
            ]
        ],
        [
            [
                0.9999996466274784,
                1.2350580854293397e-07,
                3.84994683355002e-10,
                2.0501126594134747e-09,
                2.274316056186248e-07
            ],
            [
                0.9999882163188486,
                1.156446272827595e-05,
                1.4604851618165872e-08,
                1.992252617367746e-08,
                1.846910452895698e-07
            ],
            [
                0.0,
                2.4632872097080188e-08,
                0.9999994945968588,
                4.067920066421987e-07,
                7.397826239882162e-08
            ],
            [
                0.9801268052740508,
                0.00040191111459353775,
                1.430677263667327e-07,
                3.5340191411911697e-06,
                0.019467606524488163
            ],
            [
                0.9999777599803096,
                1.6548338738079007e-05,
                7.670277565057723e-09,
                1.9760137704773245e-08,
                5.664250537111695e-06
            ]
        ],
        [
            [
                0.9999997242327158,
                2.4320164499737705e-07,
                1.916861621954025e-09,
                3.178154544602276e-09,
                2.7470622996036594e-08
            ],
            [
                0.9999743785849603,
                2.535303708280413e-05,
                2.0500355072694626e-08,
                1.5359709655432337e-08,
                2.325178921666372e-07
            ],
            [
                0.0,
                6.1887080168177924e-09,
                0.999999785917855,
                1.6824570369110413e-07,
                3.964773326959124e-08
            ],
            [
                0.9999816942427426,
                9.508831212449295e-06,
                8.094291890782056e-09,
                5.711910222754914e-08,
                8.731712650819084e-06
            ],
            [
                0.9999984590567244,
                1.265747973609937e-06,
                4.189622815083723e-09,
                4.189622815083723e-09,
                2.668160563600151e-07
            ]
        ],
        [
            [
                0.9999866639258331,
                1.3320532674273425e-05,
                2.5382185896763375e-09,
                4.419505986199838e-09,
                8.583768054376046e-09
            ],
            [
                0.06088148819784181,
                0.9382204753477863,
                9.705040079103644e-07,
                2.0184300448696108e-06,
                0.0008950475203190677
            ],
            [
                0.0,
                3.367777680540883e-10,
                0.999999979016998,
                1.6268356983069947e-08,
                4.377867415592091e-09
            ],
            [
                0.9999875189739719,
                1.2357686473157379e-05,
                1.3531751243161967e-08,
                1.842722286573524e-08,
                9.138058091568375e-08
            ],
            [
                0.9999975691744419,
                2.308700800231424e-06,
                5.418156249321078e-09,
                3.9781943926403376e-09,
                1.1272840728802071e-07
            ]
        ],
        [
            [
                0.9999989778767034,
                8.92812518467386e-07,
                2.975571798093202e-09,
                8.143986388581244e-09,
                1.1819121996728513e-07
            ],
            [
                0.9999724089772963,
                2.746615878165513e-05,
                2.1726989478544538e-08,
                1.5934660602081803e-08,
                8.720227176065597e-08
            ],
            [
                1.0761980652292619e-08,
                6.191267917246185e-06,
                0.9999904096405862,
                2.4115869531804806e-06,
                9.767425628782426e-07
            ],
            [
                0.9999057122477183,
                9.272163807025634e-05,
                2.706341141483699e-08,
                7.422743831838229e-08,
                1.4648233616775117e-06
            ],
            [
                0.9825840999431522,
                3.0111367309720655e-06,
                4.704488307698851e-08,
                5.690040540151909e-07,
                0.01741227287117974
            ]
        ],
        [
            [
                0.9999985548078684,
                1.4204068701342663e-06,
                1.4504433402504912e-09,
                4.371617668980062e-09,
                1.896320056626796e-08
            ],
            [
                0.9998968120019166,
                4.264392051654936e-05,
                3.207998742959965e-08,
                1.544872823487151e-07,
                6.0357510297108685e-05
            ],
            [
                0.0,
                1.0865535798166554e-09,
                0.9999999710605316,
                2.120850989971199e-08,
                6.644404994936646e-09
            ],
            [
                0.9989360768577391,
                0.0010594107909646805,
                3.508570443519044e-08,
                1.6620362418263934e-07,
                4.311061967557894e-06
            ],
            [
                0.9999907960016826,
                9.259941633130608e-07,
                8.197471338236108e-09,
                2.6571360366828925e-08,
                8.243235322418992e-06
            ]
        ],
        [
            [
                0.9999655245587288,
                3.421630312939854e-05,
                5.259887743904332e-09,
                7.855812571561695e-09,
                2.460224414709952e-07
            ],
            [
                0.9997846741045991,
                0.00021522600813192412,
                1.3461447893410852e-08,
                2.5426777861327507e-08,
                6.099904317022154e-08
            ],
            [
                1.773207188364095e-08,
                9.488969363664583e-05,
                0.9996456976979767,
                0.00024023594344357478,
                1.9158932871141e-05
            ],
            [
                0.9999957915161045,
                7.085395444458741e-07,
                5.612411627056283e-09,
                1.7030306105518162e-08,
                3.4773016333432614e-06
            ],
            [
                0.9999941880857054,
                5.775549114411514e-06,
                4.776793755121492e-09,
                7.4159193211065555e-09,
                2.4172467069524027e-08
            ]
        ],
        [
            [
                0.9999993659840699,
                1.6377487534209418e-07,
                2.6645850201171e-09,
                8.22649495233287e-09,
                4.5934997472280864e-07
            ],
            [
                0.9505765411171329,
                0.004170622066707494,
                1.3216014143335478e-05,
                1.824773742668093e-05,
                0.04522137306458975
            ],
            [
                0.0,
                2.192420492194788e-10,
                0.9999999776915516,
                1.7810540996575293e-08,
                4.278665254601875e-09
            ],
            [
                0.9999543324005022,
                4.4885513034378924e-05,
                1.6433866587918025e-08,
                9.217021185708888e-08,
                6.734823848782675e-07
            ],
            [
                0.9999857719529699,
                1.4146014193793301e-05,
                1.0612424186738034e-08,
                1.1995694118866253e-08,
                5.942471801863965e-08
            ]
        ],
        [
            [
                0.9999677542829636,
                3.718573233082024e-06,
                8.692193206737111e-09,
                4.3423349202043384e-08,
                2.8475028260935683e-05
            ],
            [
                0.20698575153450569,
                0.7930081429242329,
                3.49118272039756e-07,
                6.323674904014544e-07,
                5.1240554989029176e-06
            ],
            [
                0.0,
                3.7292495995103645e-09,
                0.9999997933250472,
                1.4388855335665203e-07,
                5.90571499116636e-08
            ],
            [
                0.9999232497939569,
                7.6498383641894e-05,
                3.7733550805580393e-08,
                4.601648624837376e-08,
                1.6807236428363525e-07
            ],
            [
                0.9997578243125866,
                1.5883979890954948e-05,
                1.7173045985095214e-08,
                1.1846046014020075e-07,
                0.0002261560740162788
            ]
        ],
        [
            [
                0.9999181118793586,
                3.580157000263567e-06,
                1.9343330309732098e-09,
                3.1768896333197e-08,
                7.827426041177814e-05
            ],
            [
                0.9981216319448671,
                0.0018783343036436616,
                5.773475422506535e-09,
                9.633096208861335e-09,
                1.834491756266781e-08
            ],
            [
                1.0126175928157535e-08,
                3.849710376600748e-07,
                0.9999977352222499,
                1.6400049932489756e-06,
                2.2967554327874807e-07
            ],
            [
                0.9960736298094294,
                0.0033889542075428818,
                4.8835034576478154e-08,
                9.928084113792086e-07,
                0.0005363743395818066
            ],
            [
                0.9999816728384,
                1.5279554219191025e-05,
                1.1809313536479845e-08,
                6.771246354115243e-08,
                2.9680856036770415e-06
            ]
        ],
        [
            [
                0.9999991882949981,
                7.980163756215457e-07,
                1.9824340938585663e-09,
                1.5187214445917124e-09,
                1.0187470887935313e-08
            ],
            [
                0.9999937807239033,
                5.831376038674161e-06,
                3.747446424058629e-09,
                1.763268013718854e-08,
                3.665199314398508e-07
            ],
            [
                0.0,
                1.487036261631491e-09,
                0.9999997238491917,
                2.0674201542944138e-07,
                6.79217565045179e-08
            ],
            [
                0.9999976518217683,
                1.9468596686466205e-06,
                1.5110508522984596e-08,
                1.9686704324736336e-08,
                3.665213502772821e-07
            ],
            [
                0.9999997543633368,
                2.127794912053877e-07,
                2.7950616052525545e-09,
                6.680762264869275e-09,
                2.338134822814252e-08
            ]
        ],
        [
            [
                0.9999978394440516,
                2.1417089871193997e-06,
                5.574601779025953e-09,
                3.444114573750873e-09,
                9.828244917902452e-09
            ],
            [
                0.018896534864556242,
                0.9809968364140296,
                3.7206410399347173e-06,
                1.1178519970920828e-06,
                0.00010179022837720369
            ],
            [
                0.0,
                5.755487266011144e-09,
                0.9999997378383279,
                2.29795162393012e-07,
                2.6611022391713903e-08
            ],
            [
                0.9998900688015854,
                0.00010316793000821026,
                1.9502675467206144e-08,
                4.596674597592742e-08,
                6.697798984936308e-06
            ],
            [
                0.9999987913171285,
                1.1828565308369336e-06,
                4.289303983604489e-09,
                9.474852528446612e-09,
                1.2062184174016248e-08
            ]
        ],
        [
            [
                0.9999941205898211,
                5.7654613936891e-06,
                5.062158352235274e-09,
                1.1446873488875411e-08,
                9.743975349383512e-08
            ],
            [
                0.9999844298898132,
                1.5512610857481395e-05,
                2.117266088396212e-08,
                8.788684224536662e-09,
                2.7537984283260864e-08
            ],
            [
                0.0,
                5.388105400394438e-09,
                0.999998708914088,
                1.100110000598387e-06,
                1.8558780596976295e-07
            ],
            [
                0.9086575722419049,
                5.998402487408742e-06,
                1.6931723668174192e-07,
                3.151691988550997e-06,
                0.09133310834638227
            ],
            [
                0.9999656331187337,
                2.08153967696013e-05,
                3.723116344668101e-09,
                2.8605547182978955e-08,
                1.3519155833174439e-05
            ]
        ],
        [
            [
                0.9999997724149926,
                2.0846029312602347e-07,
                7.934218037143451e-10,
                1.8788901143388843e-09,
                1.6452402344679997e-08
            ],
            [
                0.9993605735300185,
                0.0006392956116368934,
                1.3334492608919694e-08,
                3.756357677882217e-08,
                7.996027506192998e-08
            ],
            [
                0.0,
                1.2934887072647083e-08,
                0.9999999558016919,
                2.5848725774001506e-08,
                5.414695373520135e-09
            ],
            [
                0.9987244287087271,
                0.0012753604496064757,
                7.550702079407692e-08,
                6.352255634890343e-08,
                7.181208931888233e-08
            ],
            [
                0.974058157253217,
                1.6498622483912882e-05,
                3.081391503119173e-08,
                2.6930230096265835e-06,
                0.025922620287374295
            ]
        ],
        [
            [
                0.9999991550969684,
                6.148570233331372e-07,
                9.149314728907918e-10,
                1.7263679190154428e-09,
                2.2740470880302243e-07
            ],
            [
                0.9999835108274726,
                1.644226250461523e-05,
                9.541936453967698e-09,
                1.1640360523364662e-08,
                2.5727725790822586e-08
            ],
            [
                0.0,
                8.144001693916355e-09,
                0.9999999035425894,
                5.963011469881151e-08,
                2.8683294236236418e-08
            ],
            [
                0.999994166277231,
                5.623897043584441e-06,
                5.616277645239846e-09,
                4.2278679111495805e-08,
                1.6193076869130906e-07
            ],
            [
                0.9999958189225355,
                4.132652128288245e-06,
                5.214000131047855e-09,
                3.912188053083511e-09,
                3.9299148026009325e-08
            ]
        ],
        [
            [
                0.999998590497153,
                2.7087723392523275e-07,
                2.3639583181026616e-09,
                7.679660822836724e-09,
                1.1285819939485137e-06
            ],
            [
                7.412656631054412e-08,
                0.9999982755155914,
                1.6274613032783947e-06,
                2.0574077134201022e-08,
                2.322461879580532e-09
            ],
            [
                0.0,
                4.0285255560023554e-07,
                0.999998208606825,
                1.2731595085985967e-06,
                1.1538111086805019e-07
            ],
            [
                0.9998635684474502,
                1.784717701824356e-05,
                3.078372043102117e-08,
                2.625069259350531e-07,
                0.00011829108488532011
            ],
            [
                0.995082205133056,
                1.2528610771186425e-05,
                1.4852311918502311e-08,
                1.2267902612951467e-07,
                0.004905128724834665
            ]
        ],
        [
            [
                0.9999993308308439,
                6.600455526352334e-07,
                4.696211058618243e-09,
                3.192176397796329e-09,
                1.235215899177613e-09
            ],
            [
                2.2963666000991373e-06,
                0.9999976695918266,
                1.5371343561814778e-08,
                9.56934799128831e-09,
                9.100881582614474e-09
            ],
            [
                0.0,
                2.55608227778131e-09,
                0.9999999281685765,
                4.990689792878848e-08,
                1.936844312506313e-08
            ],
            [
                0.4594762851972177,
                1.8010462935928275e-05,
                4.887279619895796e-07,
                2.2988471327305445e-06,
                0.5405029167647517
            ],
            [
                0.9999931352637567,
                1.2731535047558097e-06,
                1.1373510944498566e-08,
                4.429964940069955e-08,
                5.535909578243194e-06
            ]
        ],
        [
            [
                0.9999981581507219,
                1.1781292350188372e-06,
                5.14945251762139e-09,
                1.3971203408825989e-08,
                6.445993871975501e-07
            ],
            [
                2.5025235827174393e-05,
                3.2501008230957034e-06,
                5.1934554723117e-07,
                2.2507080170996577e-06,
                0.9999689546097854
            ],
            [
                1.4424729958704757e-09,
                6.358668374342647e-08,
                0.9999980262225102,
                1.4538649271613425e-06,
                4.5488340592254617e-07
            ],
            [
                0.9999648490369398,
                3.510567452348478e-05,
                3.0512990322960247e-09,
                6.655046616835588e-09,
                3.558219098512247e-08
            ],
            [
                0.9999899422943936,
                1.000253028534302e-05,
                2.4599004461996447e-09,
                6.169650627290839e-09,
                4.6545769865992577e-08
            ]
        ],
        [
            [
                0.9970256170196709,
                0.0029450973528366365,
                3.934076959588885e-08,
                2.75998074820463e-07,
                2.897028864816741e-05
            ],
            [
                0.6933626875119835,
                0.3065817992193915,
                3.758934565446183e-06,
                4.202562554165193e-06,
                4.7551771505447926e-05
            ],
            [
                0.0,
                2.8270649633909125e-09,
                0.9999999392624946,
                3.450803457202701e-08,
                2.3402405946177406e-08
            ],
            [
                0.9999219521587125,
                7.78857159067832e-05,
                4.901286832557073e-09,
                5.211236401317644e-09,
                1.5201285736572245e-07
            ],
            [
                0.9999978310458105,
                2.0269385296782306e-06,
                5.765023822922286e-09,
                1.169292066371636e-08,
                1.2455771539449365e-07
            ]
        ],
        [
            [
                0.9999924793671585,
                7.304007317736436e-06,
                6.874896927548636e-09,
                2.1562309760063215e-08,
                1.8818831723318036e-07
            ],
            [
                0.9999902058223779,
                8.48264415491676e-06,
                3.533816391948874e-08,
                3.381117008612058e-08,
                1.2423841332066094e-06
            ],
            [
                0.0,
                6.1248382548812755e-09,
                0.999999859967309,
                1.1803452760639645e-07,
                1.5873324924840027e-08
            ],
            [
                0.9943775778024173,
                0.0003960585169150264,
                7.715886027054811e-08,
                8.260418634799461e-07,
                0.005225460479943882
            ],
            [
                0.9999973333374423,
                2.3068630778627023e-06,
                4.575687069129669e-09,
                4.187178039467734e-09,
                3.510366147276108e-07
            ]
        ],
        [
            [
                0.9999974002881058,
                2.224047279779436e-06,
                4.525563026207286e-09,
                8.197940806394067e-09,
                3.6294111057536205e-07
            ],
            [
                0.9999933058984442,
                4.979508595992765e-06,
                8.425822494095128e-09,
                5.49568895879858e-08,
                1.6512102477577254e-06
            ],
            [
                0.0,
                9.828263701802107e-09,
                0.9999998698675215,
                8.864565118544826e-08,
                3.165856363285508e-08
            ],
            [
                0.9999748910650512,
                2.2506339839816103e-05,
                4.2048276637335676e-08,
                4.804070206474454e-08,
                2.5125061302297976e-06
            ],
            [
                0.9999928762386131,
                7.103057673917004e-06,
                9.748172193172808e-09,
                6.553357043734137e-09,
                4.402183661898098e-09
            ]
        ],
        [
            [
                0.999998553832977,
                9.103104784052042e-07,
                2.249376139085182e-09,
                9.881307282937578e-09,
                5.237258611698098e-07
            ],
            [
                0.9386001312398289,
                0.059809428016978,
                4.0518924431870705e-06,
                6.538484357220201e-06,
                0.0015798503663926999
            ],
            [
                1.3616788574272686e-10,
                8.288154907927553e-09,
                0.9999999116363619,
                5.8338846203052843e-08,
                2.1600468958733546e-08
            ],
            [
                0.9999972554469716,
                1.686797434930606e-06,
                1.6029700839529603e-09,
                6.4143451166317975e-09,
                1.0497382784065197e-06
            ],
            [
                0.960515223967685,
                8.01993954633316e-06,
                4.837705398031397e-08,
                1.2814952642014383e-06,
                0.03947542622045062
            ]
        ],
        [
            [
                0.9999989545580331,
                9.746601807612886e-07,
                7.975305217971066e-10,
                3.2834211267879155e-09,
                6.67008344614119e-08
            ],
            [
                0.9999481937745446,
                4.886320173625602e-05,
                3.1009836984925595e-08,
                5.654200842473423e-08,
                2.8554718738230267e-06
            ],
            [
                1.4653037867091775e-08,
                7.31156478091799e-07,
                0.9999982588000128,
                7.003462277390019e-07,
                2.950442434178137e-07
            ],
            [
                0.9997255841173632,
                7.666388068514981e-05,
                2.829920667518369e-08,
                1.0872948986002136e-07,
                0.00019761497325497456
            ],
            [
                0.9999977048606687,
                1.5147112200686176e-06,
                1.649655035363064e-08,
                2.5559033035408738e-08,
                7.383725277395364e-07
            ]
        ],
        [
            [
                0.9999869537748818,
                1.1588706383652336e-05,
                9.722991650726316e-09,
                3.710060558284492e-08,
                1.410695137286558e-06
            ],
            [
                0.9958361858994537,
                0.004163101805459168,
                9.604095831844614e-08,
                8.78731423911853e-08,
                5.283809864131758e-07
            ],
            [
                2.1551536389685324e-08,
                2.669705402256191e-07,
                0.9999982821265977,
                1.0891260057662794e-06,
                3.4022531989003753e-07
            ],
            [
                0.9999449600626477,
                5.482176524061931e-05,
                4.429753643036986e-08,
                1.7656407385685415e-08,
                1.5621816792810184e-07
            ],
            [
                0.9999953393507031,
                4.404117625431456e-06,
                3.38243761017188e-09,
                5.04630040804644e-09,
                2.4810293336578356e-07
            ]
        ],
        [
            [
                0.9999982541032494,
                1.3196071301804073e-06,
                4.475091527015603e-09,
                1.4274669423817229e-08,
                4.07539859637466e-07
            ],
            [
                0.0008862916974680425,
                1.7468544402006947e-05,
                5.884665742610309e-08,
                8.55483748954323e-07,
                0.9990953254277235
            ],
            [
                0.0,
                2.1203635042741748e-10,
                0.9999999902834237,
                7.92099129328364e-09,
                1.5835486962714827e-09
            ],
            [
                0.9999687314692446,
                1.828625412054584e-05,
                9.109582645547904e-09,
                2.085510501843987e-08,
                1.2952311947200295e-05
            ],
            [
                0.028801830153167556,
                1.2973785672109942e-05,
                8.992782282861465e-08,
                2.196537319163971e-06,
                0.9711829095960184
            ]
        ],
        [
            [
                0.9999982730437141,
                1.3490549891183963e-07,
                1.9296088087236014e-09,
                1.1265902851470445e-08,
                1.5788552752713475e-06
            ],
            [
                0.9999742816385044,
                2.4650627390580202e-05,
                3.3151955811796264e-08,
                2.4863220336506076e-08,
                1.0097189289037942e-06
            ],
            [
                0.0,
                1.812052463858795e-10,
                0.9999999931547423,
                3.25876415256123e-09,
                3.405288217255327e-09
            ],
            [
                0.9999796123920598,
                7.810539867624268e-06,
                1.0412423333652444e-08,
                3.9597404604641185e-08,
                1.2527058244710647e-05
            ],
            [
                0.9999979063989196,
                2.0691963891720874e-06,
                4.351618815254103e-09,
                3.9869683602650966e-09,
                1.606610390560116e-08
            ]
        ],
        [
            [
                0.9999988901350372,
                5.208473874671421e-07,
                5.868130917524278e-09,
                1.58202791830323e-08,
                5.673291653782372e-07
            ],
            [
                3.4037527912353976e-07,
                0.9999995440491243,
                7.190282068848236e-08,
                3.580112429400867e-08,
                7.871651734831756e-09
            ],
            [
                0.0,
                1.898625352313093e-08,
                0.9999998147447726,
                1.1418639904038128e-07,
                5.208257488573677e-08
            ],
            [
                0.9991885689740015,
                0.00040549502651575326,
                5.439531153640584e-08,
                3.865776552902131e-07,
                0.00040549502651575326
            ],
            [
                0.9999247487976733,
                4.517514733348934e-06,
                4.807339721014341e-09,
                2.6996233901228293e-08,
                7.070188401961467e-05
            ]
        ],
        [
            [
                0.9428314559800955,
                0.057168470296564036,
                2.6494993508496968e-08,
                2.5059514642507705e-08,
                2.2168832440837603e-08
            ],
            [
                7.018614165442419e-05,
                0.9999296526857927,
                9.781179578071096e-08,
                2.5848085633892976e-08,
                3.7512671665585875e-08
            ],
            [
                0.0,
                5.742209190165449e-09,
                0.9999997235643002,
                1.9681252547175058e-07,
                7.3880965126208e-08
            ],
            [
                0.999987858117355,
                1.2127812198909805e-05,
                5.779567970169295e-09,
                4.737360906537987e-09,
                3.553517175725788e-09
            ],
            [
                0.0008118958776040178,
                4.724847150630663e-08,
                5.755476440352715e-09,
                1.6170854246109942e-07,
                0.9991878894099055
            ]
        ],
        [
            [
                0.9999953250095608,
                1.7454781904681641e-06,
                2.8801473735046376e-09,
                9.568764321421098e-09,
                2.9170633371982327e-06
            ],
            [
                1.320392052053146e-07,
                0.9999953278938759,
                3.1863552923539854e-07,
                3.43559571769114e-07,
                3.877871817924678e-06
            ],
            [
                0.0,
                4.113282764068068e-10,
                0.9999999918903947,
                5.334399911981188e-09,
                2.3638770905958657e-09
            ],
            [
                0.9999790800257677,
                1.8289776750041136e-05,
                4.010764814185312e-09,
                2.5129298594819625e-08,
                2.6010574187609023e-06
            ],
            [
                0.9999645471702604,
                3.449361056502952e-05,
                1.6939144368813028e-08,
                5.088074233054632e-08,
                8.91399287882004e-07
            ]
        ],
        [
            [
                0.9999939535648417,
                8.610385903229038e-08,
                8.869985554753624e-10,
                6.881194266403154e-09,
                5.952563106589592e-06
            ],
            [
                0.9999363739006254,
                5.192371050255088e-05,
                4.858066740259688e-08,
                1.1697232427241304e-07,
                1.1536835880364378e-05
            ],
            [
                8.249903494273742e-10,
                2.2579700628348815e-08,
                0.9999968872949669,
                2.8447516055962887e-06,
                2.445487363593725e-07
            ],
            [
                0.9999940798218245,
                5.778832874524529e-06,
                2.0477494204030647e-08,
                1.0818454997211499e-08,
                1.1004935174375485e-07
            ],
            [
                0.9987168999085029,
                0.0012828630522501684,
                1.4049714921443005e-08,
                1.857118100184621e-08,
                2.0441835089011246e-07
            ]
        ],
        [
            [
                0.9999994306343635,
                5.409999032529296e-07,
                1.2610350548143259e-09,
                2.975577401900892e-09,
                2.412912080815154e-08
            ],
            [
                0.9998184875259265,
                0.00018066363739407894,
                3.884878198340717e-08,
                8.283464966369076e-08,
                7.271532477737938e-07
            ],
            [
                0.0,
                2.4962707775395677e-09,
                0.9999999572581506,
                2.479313169439842e-08,
                1.5452446894616514e-08
            ],
            [
                0.9999523046151063,
                4.253762147764306e-05,
                2.189760611981515e-08,
                8.419368776319353e-08,
                5.0516721222065945e-06
            ],
            [
                0.9933347121817696,
                0.00042250230396052667,
                2.7290492668306123e-07,
                3.1101236924891756e-06,
                0.006239402485650759
            ]
        ],
        [
            [
                0.9999994732677696,
                8.310367354221436e-08,
                1.583847678432615e-09,
                7.049228596042869e-09,
                4.34995480677523e-07
            ],
            [
                1.0313453124596014e-05,
                0.9650737041436973,
                0.00013015369844353607,
                3.615327028750926e-05,
                0.03474967543444698
            ],
            [
                0.0,
                5.368969972256769e-10,
                0.9999999924343302,
                5.697326852472813e-09,
                1.3314459800779348e-09
            ],
            [
                0.9989042106862358,
                0.0009994602526058646,
                4.1431447874588275e-08,
                2.0109067620493618e-07,
                9.608653903424907e-05
            ],
            [
                0.9999996525239462,
                2.2695190652540708e-07,
                2.732768030699065e-09,
                3.0506530756074754e-09,
                1.1474072603249762e-07
            ]
        ],
        [
            [
                0.9999974137054515,
                4.367051225055364e-07,
                1.7894639053471252e-09,
                1.8710082690754214e-09,
                2.145928953811273e-06
            ],
            [
                0.9992889795550879,
                0.0007093959941327359,
                1.4533713339721867e-08,
                2.2116506253134893e-08,
                1.587800559676936e-06
            ],
            [
                0.0,
                8.299307397538124e-09,
                0.9999999201204349,
                5.500785984825658e-08,
                1.6572397870505827e-08
            ],
            [
                0.9999631173534727,
                3.479824601919754e-05,
                8.184441569994568e-09,
                4.943802103394837e-08,
                2.026778045550826e-06
            ],
            [
                0.9999962202712848,
                1.6018936825500567e-06,
                1.560539180550349e-09,
                1.3644751019077138e-08,
                2.1626297423902547e-06
            ]
        ],
        [
            [
                0.9999994391305038,
                4.040141124654134e-07,
                2.664585215022116e-09,
                3.9692890312708196e-09,
                1.5022150943637565e-07
            ],
            [
                0.9999756701341328,
                2.421576545980788e-05,
                2.090971247582904e-08,
                3.177792554579715e-08,
                6.141276944854164e-08
            ],
            [
                0.0,
                9.89503220597923e-10,
                0.999999958081035,
                2.351300847042622e-08,
                1.7416453213526965e-08
            ],
            [
                0.999876264901454,
                0.00012343876041356005,
                1.2995920103284788e-08,
                2.0832047390600928e-08,
                2.6251016498048897e-07
            ],
            [
                0.9999992996428331,
                6.801486754157773e-07,
                4.432548829658073e-09,
