{
    "[['A', 'B', 'C', 'D', 'E'], ['A', 'B', 'C', 'D', 'E']]": [
        [
            [
                0.9999997057932377,
                2.89033105315999e-07,
                5.055953710148002e-09,
                9.946457769533716e-11,
                1.823858159333845e-11
            ],
            [
                1.2464410055419254e-07,
                0.999956558217627,
                4.331190793996499e-05,
                5.159027864763745e-09,
                7.13047913792666e-11
            ],
            [
                0.0,
                7.632482087400363e-12,
                0.9999999997783835,
                1.0043588608996122e-10,
                1.1354814607985933e-10
            ],
            [
                0.9999942210457599,
                5.7409084984369585e-06,
                3.5113821778532677e-08,
                1.4659599991624213e-09,
                1.4659599991624213e-09
            ],
            [
                0.9999977206764671,
                2.23581593153868e-06,
                3.178689722532742e-08,
                3.2683065859579552e-09,
                8.452397538676134e-09
            ]
        ],
        [
            [
                0.9999997068275116,
                2.849838682444848e-07,
                8.049872883055118e-09,
                9.131126447699077e-11,
                4.743612637827963e-11
            ],
            [
                9.508621163029615e-08,
                0.9999837482984247,
                1.610569065299311e-05,
                5.0159312895520825e-08,
                7.653977973564271e-10
            ],
            [
                0.0,
                3.412793107815936e-12,
                0.9999999998225835,
                6.747307745519003e-11,
                1.065305556845147e-10
            ],
            [
                0.9999737190015091,
                2.6129005466887366e-05,
                7.976134150894056e-08,
                1.3349430349796396e-08,
                5.8882252121195994e-08
            ],
            [
                0.9999990278796245,
                9.210681576631184e-07,
                8.620322726227054e-09,
                2.578312569773435e-09,
                3.985358270357244e-08
            ]
        ],
        [
            [
                0.9999998431258944,
                1.5387676232125152e-07,
                2.889071504663631e-09,
                8.357054982813152e-11,
                2.470109866875736e-11
            ],
            [
                3.603837755295662e-08,
                0.005658449405090669,
                0.994341481319294,
                3.323723787358991e-08,
                0.0
            ],
            [
                0.0,
                1.948401858570748e-11,
                0.999999998100634,
                1.5646879052388904e-09,
                3.1519411947112633e-10
            ],
            [
                0.9998762992955817,
                0.00012368941003363534,
                1.0523032196001192e-08,
                7.186627784029518e-10,
                5.26895986022238e-11
            ],
            [
                0.9999984778274076,
                1.4959411985539245e-06,
                2.5062096583373263e-08,
                1.0354351021415983e-09,
                1.3386210132222573e-10
            ]
        ],
        [
            [
                0.9999997299862456,
                2.6736088165662603e-07,
                2.6007757103479902e-09,
                4.326223845091782e-11,
                8.834721132864921e-12
            ],
            [
                2.103215009047832e-08,
                0.9998471100408614,
                0.00015286441770948254,
                4.453446708380501e-09,
                5.5832369392808156e-11
            ],
            [
                0.0,
                1.20094468429836e-09,
                0.99999996516963,
                2.477417619294315e-08,
                8.85524908818842e-09
            ],
            [
                0.999995791420905,
                4.193714455750469e-06,
                1.3222196028366522e-08,
                1.128725516191944e-09,
                5.137177567507096e-10
            ],
            [
                0.9999995673941804,
                3.983851941363736e-07,
                9.596766370010886e-09,
                1.1561010074739818e-09,
                2.3467758114161805e-08
            ]
        ],
        [
            [
                0.9999999794819174,
                1.731367869355648e-08,
                3.125583386624504e-09,
                5.231836547029352e-11,
                2.6502230648340675e-11
            ],
            [
                3.282671212993811e-08,
                0.0001643167452672003,
                0.9998355907334995,
                5.969452117426275e-08,
                0.0
            ],
            [
                0.0,
                5.536396768181532e-11,
                0.9999999959340364,
                2.9468345987954998e-09,
                1.0637649907400969e-09
            ],
            [
                0.9999906183470124,
                9.340809921459071e-06,
                3.654611410497528e-08,
                3.211106915163069e-09,
                1.0858451080451113e-09
            ],
            [
                0.9999998804379062,
                1.127071282894994e-07,
                6.384769593511697e-09,
                2.4018664730884516e-10,
                2.3000924511042294e-10
            ]
        ],
        [
            [
                0.9999997457405365,
                2.338260865593835e-07,
                2.0224490779461192e-08,
                1.7046083031756844e-10,
                3.842520659567913e-11
            ],
            [
                2.7032815589130005e-08,
                0.9765101896979905,
                0.0234896240990625,
                1.5759826168752338e-07,
                1.5718697430136346e-09
            ],
            [
                0.0,
                7.009495626220271e-11,
                0.9999999977400578,
                1.215383862494252e-09,
                9.744634871438343e-10
            ],
            [
                0.9999990258311686,
                9.45834079743227e-07,
                2.5600113750266524e-08,
                1.6321433371688413e-09,
                1.1024945182821254e-09
            ],
            [
                0.9999997077289378,
                2.87938124329407e-07,
                4.237044232914892e-09,
                8.439324050865677e-11,
                1.1500581895885743e-11
            ]
        ],
        [
            [
                0.9999999132375713,
                8.475051239871715e-08,
                1.919067666603237e-09,
                7.654719202722636e-11,
                1.630150617662977e-11
            ],
            [
                1.4119447385858037e-07,
                0.9999969259830729,
                2.9186965879799656e-06,
                1.3810461541663103e-08,
                3.1540397392874087e-10
            ],
            [
                0.0,
                4.018249558833446e-11,
                0.9999999971276285,
                1.4941723084038778e-09,
                1.3380166776465363e-09
            ],
            [
                0.9999057309763507,
                9.423587958651858e-05,
                3.143035507255496e-08,
                1.5287335458498988e-09,
                1.8497420684890904e-10
            ],
            [
                0.9999995388888696,
                3.9838518278027495e-07,
                4.4306469978541356e-09,
                5.988128429836602e-09,
                5.230717222679335e-08
            ]
        ],
        [
            [
                0.9999999447352268,
                5.2475247768591576e-08,
                2.560044163497759e-09,
                1.609918435088373e-10,
                6.848936031233034e-11
            ],
            [
                2.939262298062566e-07,
                0.9999945156013444,
                5.1885270427266476e-06,
                1.9346503312282227e-09,
                1.0732487670969886e-11
            ],
            [
                0.0,
                1.2450289726725094e-10,
                0.9999999943414284,
                4.371626046628274e-09,
                1.1624424700545013e-09
            ],
            [
                0.9999873970751176,
                1.2592001648720181e-05,
                1.0504322464961163e-08,
                3.60866974928715e-10,
                5.804407597128902e-11
            ],
            [
                0.9999997769821761,
                2.1237302545916947e-07,
                1.011899376734949e-08,
                2.686624879028454e-10,
                2.571420981334404e-10
            ]
        ],
        [
            [
                0.9999995699335693,
                4.223376925085814e-07,
                7.570108127268115e-09,
                1.3502629773093505e-10,
                2.360374123607912e-11
            ],
            [
                5.185378111365097e-07,
                0.9999892290751343,
                1.0232987827864974e-05,
                1.9092838378338055e-08,
                3.063882503869995e-10
            ],
            [
                0.0,
                2.427449078896056e-11,
                0.9999999987756283,
                5.967146661166232e-10,
                6.033824650564094e-10
            ],
            [
                0.999994446275701,
                5.522357991713442e-06,
                9.840700702806737e-09,
                2.809160795979945e-09,
                1.8716445755791637e-08
            ],
            [
                0.9999999081859599,
                8.582921210544075e-08,
                5.274767063121619e-09,
                2.7174386489854065e-10,
                4.3831709355632827e-10
            ]
        ],
        [
            [
                0.9999997982663436,
                1.9002096998688187e-07,
                1.1112820037970345e-08,
                4.3344693032685945e-10,
                1.6641940577774325e-10
            ],
            [
                3.1707713019791576e-07,
                0.9999991314560289,
                5.491129220738258e-07,
                2.22865989039413e-09,
                1.2525892591377912e-10
            ],
            [
                0.0,
                5.719423414913419e-11,
                0.9999999994694599,
                2.340412442871256e-10,
                2.393045581359342e-10
            ],
            [
                0.9999922080025468,
                7.686332367790717e-06,
                8.552117388110724e-08,
                1.7721792654896005e-08,
                2.4221189268654275e-09
            ],
            [
                0.9999999661259824,
                3.291768748394917e-08,
                9.296267267562663e-10,
                1.4019872805822524e-11,
                1.2683353871480345e-11
            ]
        ],
        [
            [
                0.9999987890800129,
                1.201982345046482e-06,
                8.756273466007359e-09,
                1.4751226732573927e-10,
                3.385629134474179e-11
            ],
            [
                7.407444519802427e-07,
                0.9999878230797645,
                1.143106215641345e-05,
                4.960130337452142e-09,
                1.534964828186452e-10
            ],
            [
                0.0,
                6.401981543228892e-11,
                0.9999999963328148,
                2.6621568826664403e-09,
                9.410083856616458e-10
            ],
            [
                0.9999755934971722,
                2.439322084491434e-05,
                1.2792509658540197e-08,
                4.3151009589724245e-10,
                5.7963092478873624e-11
            ],
            [
                0.9999992319210452,
                7.538272380827542e-07,
                1.3727709386352004e-08,
                3.691907964988369e-10,
                1.5481637021290866e-10
            ]
        ],
        [
            [
                0.9999998527621471,
                1.4232346467020562e-07,
                4.512633560982002e-09,
                2.8708057470199917e-10,
                1.1467425404712309e-10
            ],
            [
                7.985375066158823e-08,
                0.999982322304552,
                1.758754897940607e-05,
                1.0112183700609406e-08,
                1.8053427428804163e-10
            ],
            [
                0.0,
                1.4733364126687597e-11,
                0.9999999991896831,
                4.0885422945274704e-10,
                3.867293677989331e-10
            ],
            [
                0.999882377376802,
                0.00011759674426046164,
                2.403491299858758e-08,
                1.5533793360723223e-09,
                2.906452743398028e-10
            ],
            [
                0.9999997560756813,
                2.418749047541512e-07,
                1.8747232858415268e-09,
                1.280309004410162e-10,
                4.6659743397199345e-11
            ]
        ],
        [
            [
                0.9999994675600471,
                5.151358619313739e-07,
                1.7044669194912302e-08,
                1.7095932233416596e-10,
                8.846258954413709e-11
            ],
            [
                3.7783637543235675e-10,
                6.329965078678898e-08,
                0.9999999035461014,
                2.6113248753694655e-08,
                6.663162750957224e-09
            ],
            [
                0.0,
                1.8792224185152198e-10,
                0.999999982538747,
                1.1690556907138317e-08,
                5.582773668501268e-09
            ],
            [
                0.9999925378233397,
                7.4451476160800124e-06,
                1.6558306243017078e-08,
                4.573015348813643e-10,
                1.3436417163768551e-11
            ],
            [
                0.9999993165469625,
                6.600455432072147e-07,
                2.2597969593665496e-08,
                6.437408565369359e-10,
                1.6578387738173362e-10
            ]
        ],
        [
            [
                0.9999999451966747,
                5.3276405805233096e-08,
                1.4304832634606636e-09,
                7.287581919535975e-11,
                2.356042383240676e-11
            ],
            [
                2.1974632581024115e-08,
                0.9999957894930693,
                4.185763113979396e-06,
                2.6881074424259155e-09,
                8.107663812476444e-11
            ],
            [
                0.0,
                3.189761208624364e-12,
                0.9999999998191291,
                8.142486615859555e-11,
                9.625628890708413e-11
            ],
            [
                0.9999972380189572,
                2.7447999449913544e-06,
                1.570162674656816e-08,
                1.0021587532801537e-09,
                4.77312076353795e-10
            ],
            [
                0.9999995365880198,
                4.499458522365686e-07,
                1.2430916388495129e-08,
                6.899537305487924e-10,
                3.4525777665127255e-10
            ]
        ],
        [
            [
                0.9999997796633062,
                2.0780329345994514e-07,
                1.2190341249326543e-08,
                2.4768340862408194e-10,
                9.537560333694524e-11
            ],
            [
                9.030683070150777e-08,
                0.9930292805942851,
                0.0069706132693081145,
                1.5829576084474967e-08,
                0.0
            ],
            [
                0.0,
                8.957909845944186e-12,
                0.9999999996174145,
                2.750556643125548e-10,
                9.857183740721155e-11
            ],
            [
                0.9999879264483632,
                1.2040296793798681e-05,
                3.02455372146413e-08,
                1.6527437630151716e-09,
                1.356562234476264e-09
            ],
            [
                0.9999996186594219,
                3.7429712996635254e-07,
                5.400791610453786e-09,
                8.842990998792195e-10,
                7.58357269671004e-10
            ]
        ],
        [
            [
                0.9999997545234864,
                2.4000726737356734e-07,
                5.274857429540816e-09,
                1.5267279454067198e-10,
                4.1715895945039944e-11
            ],
            [
                9.584094107292779e-08,
                0.2949751411532568,
                0.7050246459756845,
                1.1703011759952613e-07,
                0.0
            ],
            [
                0.0,
                3.806478084320147e-11,
                0.9999999950538851,
                3.1878745007422154e-09,
                1.7201754534214318e-09
            ],
            [
                0.9998201386712913,
                0.00017982479162433307,
                3.57562188322735e-08,
                7.450025518628573e-10,
                3.5863192688171043e-11
            ],
            [
                0.9999996424139691,
                3.1914185150733285e-07,
                2.3569225630525453e-08,
                1.8232410070633725e-09,
                1.3051712757260113e-08
            ]
        ],
        [
            [
                0.9999992737879366,
                7.22621062580635e-07,
                3.5100614073243222e-09,
                7.017575427803182e-11,
                1.0763689074821106e-11
            ],
            [
                3.66177892303533e-07,
                0.9999950960070124,
                4.529857494452993e-06,
                7.846363557067243e-09,
                1.1123729441962952e-10
            ],
            [
                0.0,
                2.4524024775183163e-11,
                0.9999999983592316,
                1.1923309627879226e-09,
                4.239135928224949e-10
            ],
            [
                0.9999360699652613,
                6.390106381322244e-05,
                2.7468841683901054e-08,
                1.4079834068652072e-09,
                9.41006083629868e-11
            ],
            [
                0.9999998858292979,
                1.064433824473635e-07,
                6.804464162719752e-09,
                3.819942596564693e-10,
                5.408613281232327e-10
            ]
        ],
        [
            [
                0.999999867226476,
                1.28961072756753e-07,
                3.636489021075749e-09,
                1.4730673921391996e-10,
                2.865519744287239e-11
            ],
            [
                8.785453541732918e-08,
                0.9999524279635161,
                4.746731737526778e-05,
                1.6683495343198963e-08,
                1.8107775676878904e-10
            ],
            [
                0.0,
                4.961222834473181e-11,
                0.9999999790662462,
                1.7810541021059346e-08,
                3.0736003673223378e-09
            ],
            [
                0.9999996213726476,
                3.6720006850428296e-07,
                1.0818660681800275e-08,
                3.4403245004664937e-10,
                2.645911039722639e-10
            ],
            [
                0.9999995304793182,
                4.624862853533933e-07,
                5.628341807261164e-09,
                8.663834786495564e-10,
                5.396711299936287e-10
            ]
        ],
        [
            [
                0.9999998763996213,
                1.1763133116874467e-07,
                5.4841679182367e-09,
                2.68511869510857e-10,
                2.1636773561004815e-10
            ],
            [
                6.520755387036596e-08,
                0.9999872632879654,
                1.2667750913209406e-05,
                3.7220869996624133e-09,
                3.1480463849276817e-11
            ],
            [
                0.0,
                2.422847709051904e-10,
                0.999999587660607,
                3.9519933322746393e-07,
                1.6897774898460815e-08
            ],
            [
                0.9999978813107924,
                2.1087543124922895e-06,
                9.006476265145533e-09,
                4.946749767442622e-10,
                4.337438254506376e-10
            ],
            [
                0.9999995764619136,
                4.116424757719171e-07,
                1.1401464497885554e-08,
                2.2540736848713657e-10,
                2.6873886145944876e-10
            ]
        ],
        [
            [
                0.9999990585867593,
                9.333520975445913e-07,
                7.72622017340772e-09,
                2.9411785969663156e-10,
                4.080515932589905e-11
            ],
            [
                1.5436018997402768e-07,
                0.1644525948359153,
                0.8355471343403686,
                1.1646352602957912e-07,
                0.0
            ],
            [
                0.0,
                8.167326679307988e-11,
                0.9999999931155219,
                3.697336151503788e-09,
                3.1054684947979736e-09
            ],
            [
                0.9998800391763901,
                0.00011987278847280904,
                6.505177224749777e-08,
                1.5572988555920574e-08,
                7.410376167635101e-09
            ],
            [
                0.9999997794118938,
                2.1901794945037246e-07,
                1.3498207250786171e-09,
                1.210818134728495e-10,
                9.925422563760445e-11
            ]
        ],
        [
            [
                0.9999998721381145,
                1.2094316098052695e-07,
                6.737438028563374e-09,
                1.689176477993167e-10,
                1.2369096897304973e-11
            ],
            [
                0.0,
                1.2252363524653916e-09,
                0.9999999940470099,
                3.3601056594263713e-09,
                1.3676479161724396e-09
            ],
            [
                0.0,
                1.1560739018015083e-10,
                0.9999999951877463,
                3.4441211772447844e-09,
                1.2525252790847078e-09
            ],
            [
                0.9999845822001265,
                1.5401022389628546e-05,
                1.5711752286697752e-08,
                8.884088930236663e-10,
                1.7732256279721375e-10
            ],
            [
                0.9999998628870379,
                1.2449762408039062e-07,
                1.1872980469437826e-08,
                4.6478123318552974e-10,
                2.775764314342691e-10
            ]
        ],
        [
            [
                0.9999998759539389,
                1.1695001143144793e-07,
                6.7076520461936005e-09,
                2.358997974855648e-10,
                1.5249788380247166e-10
            ],
            [
                8.636697512134628e-09,
                0.9996111227294969,
                0.0003888555471250097,
                1.26180547667962e-08,
                4.68625812603556e-10
            ],
            [
                0.0,
                1.9267310020462606e-11,
                0.9999999991619701,
                4.681246758572378e-10,
                3.506379388473983e-10
            ],
            [
                0.9999996706630893,
                3.177530647288387e-07,
                7.428703022515027e-09,
                7.42006110603399e-10,
                3.413136919791927e-09
            ],
            [
                0.9999967739913074,
                3.203412974682753e-06,
                1.6977765785020976e-08,
                1.7079873607525532e-09,
                3.909965042218893e-09
            ]
        ],
        [
            [
                0.9999999301956864,
                6.409261223334855e-08,
                5.631144631622294e-09,
                6.232627037393242e-11,
                1.8230375547785738e-11
            ],
            [
                7.271112675441553e-08,
                0.9694989113417609,
                0.03050074761563375,
                2.669891343407234e-07,
                1.3423442816030642e-09
            ],
            [
                0.0,
                2.6212575755221735e-10,
                0.9999999948985827,
                3.305306370258699e-09,
                1.5339851572264197e-09
            ],
            [
                0.9999996593868439,
                3.337746346767488e-07,
                6.031572564083767e-09,
                3.770250553402885e-10,
                4.299237222625938e-10
            ],
            [
                0.999998803561169,
                1.1758787244822791e-06,
                1.8985747713654147e-08,
                1.020430662107999e-09,
                5.539283171766549e-10
            ]
        ],
        [
            [
                0.9999997604402975,
                2.3124788173794506e-07,
                8.16294323531823e-09,
                1.1467425713041983e-10,
                3.420334520968703e-11
            ],
            [
                1.1639722557137494e-07,
                0.9999979315484796,
                1.95063034736068e-06,
                1.3711766048627613e-09,
                5.277085888801025e-11
            ],
            [
                0.0,
                3.4558437659980376e-11,
                0.9999999898945034,
                8.359742038693935e-09,
                1.7111959698416055e-09
            ],
            [
                0.9999987401876211,
                1.2384343658262274e-06,
                6.958006489578378e-09,
                1.1756987055651731e-09,
                1.3244307796611653e-08
            ],
            [
                0.9999995038262743,
                4.810132935131342e-07,
                1.3222246690826438e-08,
                9.902452407743003e-10,
                9.479402879263198e-10
            ]
        ],
        [
            [
                0.9999997627204518,
                2.3226080690819707e-07,
                4.8444806255933036e-09,
                1.516598819704828e-10,
                2.2600865541912062e-11
            ],
            [
                3.453501708272459e-07,
                0.9999816270749659,
                1.8007096626987704e-05,
                2.033298407894803e-08,
                1.4525217322498793e-10
            ],
            [
                0.0,
                6.7272449598543084e-12,
                0.9999999998531408,
                5.510154621641244e-11,
                8.503049410654763e-11
            ],
            [
                0.9999966037909053,
                3.1025661357491475e-06,
                7.741919224677091e-08,
                2.503400252127366e-08,
                1.9118976431039294e-07
            ],
            [
                0.9999995931062512,
                3.9492354710744094e-07,
                1.1476342353696343e-08,
                3.988875122247923e-10,
                9.497187591981131e-11
            ]
        ],
        [
            [
                0.9999998089974256,
                1.8090767879925517e-07,
                9.828301767099514e-09,
                2.0999539805836407e-10,
                5.659846109293707e-11
            ],
            [
                1.2032053747405327e-09,
                1.2076653303042685e-06,
                0.999998784565834,
                6.56563022579171e-09,
                0.0
            ],
            [
                0.0,
                8.198182424449415e-11,
                0.9999999955230556,
                2.5560824499449123e-09,
                1.8388801885302892e-09
            ],
            [
                0.9999115708474318,
                8.83888254044833e-05,
                3.801260182859624e-08,
                1.8910241351101923e-09,
                4.235377942037468e-10
            ],
            [
                0.9999998874379861,
                1.0840416942558515e-07,
                3.974205421140892e-09,
                1.3853716309796834e-10,
                4.5101767521595954e-11
            ]
        ],
        [
            [
                0.9999999408021718,
                5.713761967690099e-08,
                1.947452592895419e-09,
                7.924367772772675e-11,
                3.3512374678364917e-11
            ],
            [
                1.6404673641946388e-07,
                0.8931458396702822,
                0.10685393331795835,
                6.296502301987498e-08,
                0.0
            ],
            [
                0.0,
                1.4452970450253304e-11,
                0.9999999997805258,
                7.516534751424392e-11,
                1.2985599217844133e-10
            ],
            [
                0.9999995115689341,
                4.702288073942796e-07,
                1.394657636877908e-08,
                2.4514368784730748e-09,
                1.8042453713019834e-09
            ],
            [
                0.9999997720459609,
                2.1347299367852455e-07,
                1.35087481599782e-08,
                3.250686084948962e-10,
                6.472287233950972e-10
            ]
        ],
        [
            [
                0.9999999175700132,
                7.631289699217001e-08,
                5.929663902297932e-09,
                1.0591202041777175e-10,
                8.151390793110523e-11
            ],
            [
                3.607522330877452e-09,
                1.6419659595473667e-06,
                0.9999982513689499,
                9.186307804993464e-08,
                1.1194490240751632e-08
            ],
            [
                0.0,
                4.2947865222787665e-10,
                0.999997675893157,
                2.2976853645767184e-06,
                2.599199973235978e-08
            ],
            [
                0.9999996916452548,
                2.9435206310915703e-07,
                1.296816330543171e-08,
                5.508528920645442e-10,
                4.836658339762969e-10
            ],
            [
                0.9999992023484396,
                7.572910188531565e-07,
                3.235275246647768e-08,
                2.5315126797912635e-09,
                5.476276361285216e-09
            ]
        ],
        [
            [
                0.9999991701531191,
                8.136347674969474e-07,
                1.4777995293840612e-08,
                6.243278595320283e-10,
                8.097900830201088e-10
            ],
            [
                0.0,
                3.224537447887089e-06,
                0.9999967675232108,
                7.19256882487801e-09,
                7.467723644483782e-10
            ],
            [
                0.0,
                1.719518498162782e-10,
                0.9999999888723757,
                8.627560288655378e-09,
                2.3281120622556163e-09
            ],
            [
                0.9999956188223578,
                4.3387751166600875e-06,
                3.398872499218651e-08,
                3.932747355176451e-09,
                4.481053258556855e-09
            ],
            [
                0.9999996767119734,
                3.1482449890500994e-07,
                8.29229777300048e-09,
                1.5581976445853607e-10,
                1.5410041378070227e-11
            ]
        ],
        [
            [
                0.9999992705661146,
                7.232988075621465e-07,
                5.996540339765482e-09,
                1.263063603341551e-10,
                1.2231406431739494e-11
            ],
            [
                1.4316100157509815e-06,
                0.9999866021046225,
                1.1947327489723124e-05,
                1.7126171417151437e-08,
                1.8317005160893653e-09
            ],
            [
                0.0,
                2.7102577287137613e-11,
                0.9999999984895322,
                1.0056149143306052e-09,
                4.777501888600442e-10
            ],
            [
                0.9999909463811324,
                9.022239100454689e-06,
                2.965092089846999e-08,
                1.202744217429552e-09,
                5.261019014014629e-10
            ],
            [
                0.9999998273631384,
                1.6613040914906006e-07,
                5.572634859531574e-09,
                4.1614749575228046e-10,
                5.176698650339867e-10
            ]
        ],
        [
            [
                0.9999998531672182,
                1.3998191321727022e-07,
                6.659300007148668e-09,
                1.0827588218930576e-10,
                8.329270435571172e-11
            ],
            [
                0.999892083368833,
                0.00010788103537380282,
                3.453707388163113e-08,
                1.0056187195654907e-09,
                5.3100717532068506e-11
            ],
            [
                0.0,
                2.7193193045714017e-11,
                0.9999999984825345,
                7.451361602172007e-10,
                7.451361602172007e-10
            ],
            [
                0.9999959962625388,
                3.943498457387462e-06,
                1.9687267837156757e-08,
                1.0305965499796686e-08,
                3.02457704747677e-08
            ],
            [
                0.9999981951252674,
                1.7584334940424754e-06,
                4.508291379899417e-08,
                1.1027679257056244e-09,
                2.555569258830053e-10
            ]
        ],
        [
            [
                0.9999998753621921,
                1.0990460927109354e-07,
                1.4382209145880706e-08,
                1.2381849577530913e-10,
                2.271709140651257e-10
            ],
            [
                7.661201567671561e-08,
                0.9999977727741018,
                2.148037905378126e-06,
                2.497666417255058e-09,
                7.831075912463107e-11
            ],
            [
                0.0,
                1.3324582925913738e-11,
                0.9999999996814493,
                1.2900454527580996e-10,
                1.762213898761161e-10
            ],
            [
                0.9999999323249061,
                6.504061204095698e-08,
                2.5543085850172296e-09,
                5.0876593893943375e-11,
                2.929671537083092e-11
            ],
            [
                0.999999182297369,
                8.159130247547934e-07,
                1.692276417749888e-09,
                8.547098577612797e-11,
                1.185890799196137e-11
            ]
        ],
        [
            [
                0.9999985146687452,
                1.4631353148311784e-06,
                2.1139932927054258e-08,
                8.583337416991402e-10,
                1.976731547563733e-10
            ],
            [
                2.656705243873583e-08,
                0.00017185105594198986,
                0.9998274640360526,
                6.266283003757029e-07,
                3.171265246766519e-08
            ],
            [
                0.0,
                1.2085102450289053e-11,
                0.999999998346933,
                1.2857889833398225e-09,
                3.551929650139337e-10
            ],
            [
                0.9999994212802926,
                5.576649487054484e-07,
                2.0647432097301654e-08,
                3.5695129710852544e-10,
                5.037534616083198e-11
            ],
            [
                0.999998597071904,
                1.3478958130203358e-06,
                3.065534257871623e-08,
                6.005376839142532e-09,
                1.8371563579038972e-08
            ]
        ],
        [
            [
                0.9999976125911584,
                2.3657052013962126e-06,
                2.1392511249518897e-08,
                1.8916868962777334e-10,
                1.219602646123497e-10
            ],
            [
                5.130935023452619e-08,
                0.9999785871716844,
                2.1359517439935273e-05,
                1.9874124104148154e-09,
                1.411283591354644e-11
            ],
            [
                0.0,
                2.4634441888913675e-10,
                0.9999999839038727,
                1.3119900914653835e-08,
                2.7298818470320737e-09
            ],
            [
                0.9999984632831762,
                1.5288699943927964e-06,
                6.909444105694626e-09,
                5.978094329706154e-10,
                3.395758650672139e-10
            ],
            [
                0.9999999717241855,
                2.5062142986503422e-08,
                1.9750065540891313e-09,
                1.0987928674643427e-10,
                1.1287858072534592e-09
            ]
        ],
        [
            [
                0.9999998707007227,
                1.221205983096233e-07,
                6.941688201668193e-09,
                1.7733170013185147e-10,
                5.965891746886796e-11
            ],
            [
                6.232817275542229e-07,
                0.9999973038028366,
                2.0592625798132815e-06,
                1.3297867506245945e-08,
                3.549884003924753e-10
            ],
            [
                0.0,
                1.522009024045923e-10,
                0.9999999607008074,
                3.330621879551535e-08,
                5.840773075261877e-09
            ],
            [
                0.9999982218846563,
                1.7703179814095003e-06,
                6.6630101601807816e-09,
                8.099059370849492e-10,
                3.2444608593283395e-10
            ],
            [
                0.9999990351772768,
                8.96063251809444e-07,
                2.7333115004926315e-08,
                3.0621665340388897e-09,
                3.836418984512324e-08
            ]
        ],
        [
            [
                0.9999998951065316,
                9.090217680860354e-08,
                1.3805854064468534e-08,
                1.6485085145230035e-10,
                2.0586684479220766e-11
            ],
            [
                2.7626943170088423e-08,
                0.00016219374463988652,
                0.9998362454915874,
                1.5039315161598437e-06,
                2.92053133478415e-08
            ],
            [
                0.0,
                2.6920363589407127e-10,
                0.9999999665594248,
                2.8555449805370147e-08,
                4.615921889323026e-09
            ],
            [
                0.9999984266862596,
                1.5504201180658934e-06,
                1.6674778332979707e-08,
                1.3062888070269929e-09,
                4.912555031346307e-09
            ],
            [
                0.9999959996079264,
                3.98792132728116e-06,
                1.139107436908555e-08,
                7.771827771100415e-10,
                3.0248912867915615e-10
            ]
        ],
        [
            [
                0.9999993163246766,
                6.624614474130369e-07,
                2.088763034831792e-08,
                2.897662779928557e-10,
