{
    "[['A', 'B', 'C', 'D', 'E'], ['A', 'B', 'C', 'D', 'E']]": [
        [
            [
                0.9999998500888984,
                1.4622153563321333e-07,
                1.642994022318019e-09,
                1.1802528880079162e-09,
                8.663190007921423e-10
            ],
            [
                0.0,
                5.285603311820456e-09,
                0.9999955580932939,
                4.418054454887793e-06,
                1.8566647936978258e-08
            ],
            [
                0.0,
                1.5590299766045074e-10,
                0.999999997423149,
                1.7139528883021176e-09,
                7.069948106245789e-10
            ],
            [
                0.9955484778106785,
                0.004439978772613585,
                8.499649592660959e-06,
                3.0762310251813405e-07,
                2.7361440127217914e-06
            ],
            [
                0.9998021930204931,
                0.00019769639644784314,
                2.3757389516629062e-08,
                1.3904822701997778e-08,
                7.292084672218104e-08
            ]
        ],
        [
            [
                0.9999997751441632,
                1.6786764200028289e-07,
                3.7662634622857266e-09,
                5.141905434846857e-09,
                4.8080026104957506e-08
            ],
            [
                0.0,
                3.7057235454519523e-09,
                0.9999999902401292,
                5.261152057912771e-09,
                7.929951425124598e-10
            ],
            [
                0.0,
                7.264423792726366e-10,
                0.9999999896429851,
                6.870033790846729e-09,
                2.7605387522458707e-09
            ],
            [
                0.9974314988733042,
                0.002522564960716553,
                6.559360074081727e-07,
                2.8164976517986213e-07,
                4.499858020664327e-05
            ],
            [
                0.999994102816707,
                5.837407325509328e-06,
                6.415323601475195e-09,
                1.6986510491648417e-08,
                3.637413329723914e-08
            ]
        ],
        [
            [
                0.9999984207458739,
                1.571858759516601e-06,
                5.047840560631081e-09,
                1.8188749010512507e-09,
                5.286508042418732e-10
            ],
            [
                0.0,
                8.460171512563554e-09,
                0.9999999568647845,
                3.278478812355304e-08,
                1.8902559065614017e-09
            ],
            [
                0.0,
                1.4489197670693448e-09,
                0.9999999633820278,
                2.4407399878276038e-08,
                1.076165241065374e-08
            ],
            [
                0.8008927443868348,
                0.19908210561428655,
                1.8097299690977323e-06,
                5.7986683203523915e-06,
                1.7541600589210153e-05
            ],
            [
                0.9999253617962233,
                2.5156324602093613e-06,
                3.587405759807825e-08,
                2.6135085723616595e-07,
                7.182534640175614e-05
            ]
        ],
        [
            [
                0.9999995605741545,
                4.3388805265943495e-07,
                4.01813884825852e-09,
                5.945130397817982e-10,
                9.251410123249228e-10
            ],
            [
                0.0,
                8.25848750521684e-09,
                0.9999963540436592,
                3.581888190233761e-06,
                5.580966299921987e-08
            ],
            [
                0.0,
                4.960913176831405e-10,
                0.9999999952223251,
                2.8207148620079996e-09,
                1.4608688560764055e-09
            ],
            [
                0.9999893151345624,
                3.444379524068314e-06,
                4.2723395326139556e-08,
                6.200610107280465e-08,
                7.135756417108734e-06
            ],
            [
                0.9999824194326227,
                1.7550534397989e-05,
                1.42171993879234e-08,
                9.622737785271226e-09,
                6.193041845882015e-09
            ]
        ],
        [
            [
                0.9999951367803455,
                4.4255693363524514e-06,
                9.604438779542977e-09,
                5.250588799807865e-08,
                3.7553999135428895e-07
            ],
            [
                0.0,
                3.759696131346211e-09,
                0.9999999896568986,
                4.679954602729917e-09,
                1.9034506174136332e-09
            ],
            [
                0.0,
                6.672608525035916e-10,
                0.9999999788620064,
                1.854923306478387e-08,
                1.921499563197523e-09
            ],
            [
                5.736144936853339e-05,
                0.0013048310784046777,
                1.686740358040911e-05,
                8.186722322794848e-05,
                0.9985390728454183
            ],
            [
                0.9999988708587231,
                1.1187381994386152e-06,
                5.022687591760721e-09,
                1.531006538833389e-09,
                3.849383175051204e-09
            ]
        ],
        [
            [
                0.999999722011753,
                2.599429405413391e-07,
                4.901660423511715e-09,
                2.3738623568339497e-09,
                1.0769783833675595e-08
            ],
            [
                0.0,
                5.642034799935677e-09,
                0.9999999549810334,
                2.7207708108984183e-08,
                1.2169223424172376e-08
            ],
            [
                0.0,
                3.9767131744470247e-10,
                0.9999999915304308,
                4.561648920053614e-09,
                3.5102488785622678e-09
            ],
            [
                0.9999945710126674,
                5.022274311872949e-06,
                2.0188148525540377e-08,
                3.520220887869435e-08,
                3.513226633686132e-07
            ],
            [
                3.459903666862121e-05,
                0.9999653576803524,
                3.8855968022376344e-08,
                3.911874419596087e-09,
                5.151365411687863e-10
            ]
        ],
        [
            [
                0.9999998706650111,
                1.249253117407983e-07,
                1.2964495703833361e-09,
                7.770241320982623e-10,
                2.3362034011451217e-09
            ],
            [
                0.0,
                4.868573595206342e-09,
                0.9999998244896237,
                1.4714717499629866e-07,
                2.3494627843402928e-08
            ],
            [
                0.0,
                8.275402822556559e-10,
                0.9999999935755008,
                4.6321678216315856e-09,
                9.647911108183454e-10
            ],
            [
                0.9999039593101713,
                3.109122851877694e-05,
                2.565188987790358e-07,
                2.7048151110998993e-07,
                6.442246089996487e-05
            ],
            [
                0.9994362080409815,
                0.0005620524862256757,
                3.107142499044783e-07,
                2.378496798762653e-07,
                1.190908862981413e-06
            ]
        ],
        [
            [
                0.9999995461035361,
                4.466666534421996e-07,
                5.519879970756504e-09,
                1.3197296851692086e-09,
                3.902006494078733e-10
            ],
            [
                0.0,
                4.720124682789748e-09,
                0.9999999659160015,
                2.2099889899602995e-08,
                7.263983944669113e-09
            ],
            [
                0.0,
                2.4605012322763475e-09,
                0.9999998980863384,
                9.448599571244803e-08,
                4.967164792303959e-09
            ],
            [
                0.9999114408342129,
                3.3196709663070325e-05,
                1.71435517238943e-07,
                1.297008652802315e-07,
                5.506131974147588e-05
            ],
            [
                0.9802887925941993,
                0.0006026136778590898,
                8.065826408966833e-07,
                3.657714491364496e-06,
                0.019104129430809365
            ]
        ],
        [
            [
                0.9999977645601205,
                2.22658760131125e-06,
                4.114273659638941e-09,
                1.0168615685867037e-09,
                3.72114295057282e-09
            ],
            [
                0.0,
                3.932762382047111e-09,
                0.9999999166122407,
                5.912162391331988e-08,
                2.0333372930693002e-08
            ],
            [
                0.0,
                1.4618827139929428e-10,
                0.999999998639082,
                6.54357368447257e-10,
                5.603723380101356e-10
            ],
            [
                0.08761453002235077,
                0.0002121003162493416,
                1.7298992192549e-06,
                9.057530378782955e-05,
                0.9120810644583929
            ],
            [
                0.0,
                3.2227263803880614e-10,
                1.2274702849473847e-07,
                0.9998724646480541,
                0.00012741228264469124
            ]
        ],
        [
            [
                0.9999974443183601,
                2.536376017855439e-06,
                7.524675295917543e-09,
                5.04630982722192e-09,
                6.734636876825071e-09
            ],
            [
                0.0,
                2.389498287957723e-09,
                0.9999999739094991,
                2.000366638234927e-08,
                3.697336080492665e-09
            ],
            [
                0.0,
                5.281086195406413e-10,
                0.9999999969171958,
                1.7337330953526629e-09,
                8.209625080348187e-10
            ],
            [
                0.0018010790112694768,
                9.640122073355352e-06,
                6.897488351159348e-07,
                8.586114158905792e-06,
                0.9981800050036631
            ],
            [
                0.9986794942347534,
                1.1313574629826112e-05,
                1.7873763997575917e-07,
                7.707307504758329e-07,
                0.0013082427222263658
            ]
        ],
        [
            [
                0.9999994047680556,
                5.905487604526671e-07,
                4.180403253369972e-09,
                4.2495871944577155e-10,
                7.782192003779683e-11
            ],
            [
                0.0,
                3.987021177309939e-09,
                0.9999999480581514,
                3.888428984130881e-08,
                9.070537576217167e-09
            ],
            [
                0.0,
                1.8945249816928004e-10,
                0.9999999898621584,
                7.500545316088547e-09,
                2.447843869973932e-09
            ],
            [
                0.9959821372904339,
                0.004017673775982386,
                7.279507902659936e-08,
                5.281917452975112e-08,
                6.331933004501414e-08
            ],
            [
                0.9971736837236187,
                1.1195355484232645e-06,
                7.136912742864181e-08,
                5.44358198247065e-07,
                0.002824581013507228
            ]
        ],
        [
            [
                0.9999987631948648,
                1.2218461132897528e-06,
                5.796491597364075e-09,
                3.974629730612024e-09,
                5.187900411994406e-09
            ],
            [
                0.0,
                1.8990699214749422e-09,
                0.9999999646541763,
                2.8518328634927082e-08,
                4.928425147023899e-09
            ],
            [
                0.0,
                2.7401049849552806e-10,
                0.9999999959543628,
                3.1637782498002643e-09,
                6.078481351572025e-10
            ],
            [
                6.898715803381433e-06,
                0.9999917960225104,
                1.1014841925041608e-06,
                1.0634962812523222e-07,
                9.74278655271307e-08
            ],
            [
                0.9999860288587831,
                1.3326745589941775e-05,
                7.83657104157107e-08,
                3.214864996572715e-08,
                5.338812666288306e-07
            ]
        ],
        [
            [
                0.9999934259575948,
                6.541365673094196e-06,
                2.9029651571110172e-08,
                3.2468891496611524e-09,
                4.001914101947479e-10
            ],
            [
                0.0,
                1.0568505053881702e-09,
                0.9999999917018146,
                6.184484154164854e-09,
                1.0568505053881702e-09
            ],
            [
                0.0,
                2.3461288146398973e-10,
                0.9999999860177797,
                1.0719349366908777e-08,
                3.0282581279273643e-09
            ],
            [
                0.999931565428533,
                1.4080453909492152e-05,
                1.217911033526487e-07,
                1.68231919959872e-07,
                5.40640945341271e-05
            ],
            [
                0.999996057909104,
                3.8081071470218892e-06,
                5.03618758198188e-08,
                3.950536972722851e-08,
                4.4116503611388826e-08
            ]
        ],
        [
            [
                0.9999998072828146,
                1.8264729790806633e-07,
                3.928091980499449e-09,
                1.252525342354342e-09,
                4.889270172117695e-09
            ],
            [
                0.0,
                2.870588392791796e-09,
                0.9999999231039868,
                6.21363315166367e-08,
                1.1889093352138396e-08
            ],
            [
                0.0,
                7.199620035913525e-10,
                0.9999999842527476,
                1.3518181414605666e-08,
                1.5091087184984398e-09
            ],
            [
                0.9999946944929669,
                7.212152479155538e-07,
                2.6310881159522934e-08,
                5.874730599053692e-08,
                4.4992335980769895e-06
            ],
            [
                0.9999994915284817,
                3.901234573794225e-07,
                2.7302358924468283e-09,
                7.979690976218701e-09,
                1.0763813410307387e-07
            ]
        ],
        [
            [
                0.9505031950207964,
                0.04949564692378756,
                1.0710950662494774e-06,
                7.280133166962968e-08,
                1.4159018060857147e-08
            ],
            [
                0.0,
                3.2111375448614574e-09,
                0.9999999185563487,
                5.80060929272129e-08,
                2.0226420713444678e-08
            ],
            [
                0.0,
                8.392488899224076e-10,
                0.9999999911741068,
                6.290532371124955e-09,
                1.6961120671985694e-09
            ],
            [
                0.9970178703894628,
                0.002957879333959195,
                2.5901177412466156e-07,
                5.64794653497942e-07,
                2.342647015044966e-05
            ],
            [
                0.9999994470947615,
                4.825612705027921e-07,
                1.80081177579118e-08,
                2.0537065653428213e-08,
                3.17987844990912e-08
            ]
        ],
        [
            [
                0.9999960643073226,
                3.931110830222879e-06,
                3.5983960391366737e-09,
                7.859285751571762e-10,
                1.9752241009896646e-10
            ],
            [
                0.0,
                9.336034661703565e-10,
                0.9999999770464966,
                1.7302025377750062e-08,
                4.717874540992689e-09
            ],
            [
                0.0,
                1.0322031876956843e-09,
                0.9999999800176405,
                1.429845730538897e-08,
                4.651699180732534e-09
            ],
            [
                0.9189438622114419,
                0.01346596395618236,
                5.346427844440369e-06,
                3.5271891082421346e-05,
                0.06754955551344881
            ],
            [
                0.9995536692408102,
                1.495555421084749e-05,
                3.206180559820222e-07,
                8.842836469812123e-07,
                0.00043017030327596793
            ]
        ],
        [
            [
                0.9999991273239082,
                8.347187160694036e-07,
                1.4732374438624394e-08,
                6.4477212044924854e-09,
                1.67772800790794e-08
            ],
            [
                0.0,
                8.645973012041872e-10,
                0.9999999827863172,
                1.2197969608542974e-08,
                4.15111597982127e-09
            ],
            [
                0.0,
                8.279618190540103e-10,
                0.9999999870295466,
                9.070537929708689e-09,
                3.071953491049382e-09
            ],
            [
                2.432784463373035e-05,
                0.9999755375933895,
                1.2936818417463713e-07,
                4.710025265128229e-09,
                4.837672860622527e-10
            ],
            [
                0.9999986158792054,
                9.523410284656796e-07,
                1.6369797944226992e-08,
                2.0229816110417935e-08,
                3.9518015218436465e-07
            ]
        ],
        [
            [
                0.9999992656560133,
                5.188247218008216e-07,
                1.949824938217103e-08,
                1.149494184430931e-08,
                1.8452607356063678e-07
            ],
            [
                0.0,
                2.8694222003016786e-09,
                0.9999999694696469,
                2.262224775958252e-08,
                5.038683024041826e-09
            ],
            [
                0.0,
                1.7157092607022528e-09,
                0.9999999760302823,
                1.9478957248511805e-08,
                2.7750510642149207e-09
            ],
            [
                0.9999906322250356,
                4.999389125646084e-06,
                4.483953977060529e-08,
                1.3422855764268197e-07,
                4.189317741306765e-06
            ],
            [
                0.9999933851830859,
                1.0673649270853287e-06,
                7.351113158769534e-08,
                9.813058319806237e-08,
                5.375810272358546e-06
            ]
        ],
        [
            [
                0.9999994863587429,
                5.066432957185338e-07,
                5.14581982017837e-09,
                1.125457887499677e-09,
                7.266834907897561e-10
            ],
            [
                0.0,
                2.246015008707646e-09,
                0.999999978131284,
                1.657239685630077e-08,
                3.050303878372776e-09
            ],
            [
                0.0,
                1.526708324831557e-09,
                0.9999999840980311,
                1.1685563247427751e-08,
                2.6896973913365424e-09
            ],
            [
                0.9988343162144764,
                3.4333371493308365e-06,
                1.3268473304867566e-07,
                7.078074754539398e-07,
                0.0011614099561657518
            ],
            [
                0.9999519812116773,
                2.021953654888728e-06,
                7.707590151461906e-08,
                1.528851734668208e-07,
                4.576687359282991e-05
            ]
        ],
        [
            [
                0.9999997589768672,
                2.2591149643865826e-07,
                8.762522110140331e-09,
                2.1687108551039243e-09,
                4.1804032390769604e-09
            ],
            [
                0.0,
                3.970689492269415e-09,
                0.9999999375945453,
                4.942925156380318e-08,
                9.005513515224304e-09
            ],
            [
                0.0,
                2.6941167785729377e-10,
                0.9999999970789937,
                1.941881550708044e-09,
                7.097131760223426e-10
            ],
            [
                0.9996589838271326,
                0.00012571070450220745,
                4.839521730320997e-07,
                1.3357710215251215e-06,
                0.00021348574517066123
            ],
            [
                0.0006277477756259178,
                1.6880228866526107e-05,
                4.304067999597686e-07,
                1.3538676952850006e-05,
                0.9993414029117547
            ]
        ],
        [
            [
                0.9999990827697858,
                8.954046766043845e-07,
                6.088208054707142e-09,
                8.131212295025008e-09,
                7.606117244108397e-09
            ],
            [
                0.0,
                4.0325554147874747e-10,
                0.999999996101292,
                2.355806741433366e-09,
                1.1396457433734486e-09
            ],
            [
                0.0,
                1.4944230630955653e-09,
                0.9999999581710397,
                3.482667844432689e-08,
                5.507858834528745e-09
            ],
            [
                0.9999975439887747,
                2.1404921403509905e-06,
                3.1245361270941784e-08,
                5.6796338619436e-08,
                2.274773850229641e-07
            ],
            [
                0.6914398984349559,
                1.4192966195709684e-06,
                1.2752502463332485e-07,
                7.986974705387368e-06,
                0.30855056776869455
            ]
        ],
        [
            [
                0.9999998591516505,
                1.2679642784740808e-07,
                7.969545735557871e-09,
                2.2647621995949853e-09,
                3.817613640611733e-09
            ],
            [
                0.0,
                6.382845322664626e-09,
                0.9999999307657222,
                4.716967948489789e-08,
                1.568175277600104e-08
            ],
            [
                0.0,
                1.03100687706273e-09,
                0.9999999883012655,
                9.070537941243864e-09,
                1.5971897578907053e-09
            ],
            [
                0.027445268391373623,
                5.363234002252257e-06,
                2.3113114702166445e-06,
                1.537447621349529e-05,
                0.9725316825869404
            ],
            [
                0.9996466727361574,
                3.260603299296696e-06,
                4.3173280367648505e-08,
                4.0273194291878284e-07,
                0.0003496207553200937
            ]
        ],
        [
            [
                0.9999983120625807,
                1.6512181203269192e-06,
                9.839198575350737e-09,
                1.0514986160514683e-08,
                1.636511410712629e-08
            ],
            [
                0.0,
                4.146185978866833e-09,
                0.9999993264736546,
                6.472802706054972e-07,
                2.209988894055719e-08
            ],
            [
                0.0,
                3.0612364686169397e-10,
                0.9999999920585031,
                6.941396937863973e-09,
                6.93976511916496e-10
            ],
            [
                0.057835982317634704,
                5.667070609391949e-06,
                8.316651128944691e-07,
                7.003579767547017e-06,
                0.9421505153668754
            ],
            [
                0.9952705152771133,
                7.016673177036077e-05,
                5.198142459195451e-07,
                2.102543122971689e-06,
                0.004656695633747399
            ]
        ],
        [
            [
                0.9999991067215624,
                8.474012207753784e-07,
                2.102436669061816e-08,
                1.4184452489431997e-08,
                1.0668397415787666e-08
            ],
            [
                0.0,
                4.064650556141681e-09,
                0.9999999294517163,
                5.688686666171174e-08,
                9.596766412521288e-09
            ],
            [
                0.0,
                3.1971833256019174e-10,
                0.9999999852382224,
                1.205346777332187e-08,
                2.388591523468044e-09
            ],
            [
                0.9999534146213841,
                1.0474897608372702e-05,
                1.0407723138432929e-07,
                2.7927171500729175e-07,
                3.572713206106019e-05
            ],
            [
                0.9999950497612762,
                2.28267881566098e-06,
                1.7758608796131165e-08,
                4.991166405624853e-08,
                2.599889635310572e-06
            ]
        ],
        [
            [
                0.9999996658978385,
                3.2391173656399196e-07,
                7.364105058613346e-09,
                1.807814172206737e-09,
                1.0185056547080967e-09
            ],
            [
                0.0,
                2.1681276443092593e-09,
                0.9999999768929954,
                1.728352171864167e-08,
                3.6553552672313586e-09
            ],
            [
                0.0,
                7.886961420296583e-10,
                0.9999999665205572,
                2.8129097689323454e-08,
                4.56164880596735e-09
            ],
            [
                0.7165995055513984,
                4.276691627876432e-05,
                2.488018185087912e-06,
                0.0001304127615272191,
                0.2832248267526106
            ],
            [
                0.0,
                1.042770169387603e-09,
                2.4379938849457005e-07,
                0.9764318455210603,
                0.02356790963678091
            ]
        ],
        [
            [
                0.9999996201986912,
                3.657894207169668e-07,
                5.496870756747331e-09,
                3.2529018560927506e-09,
                5.262115426507103e-09
            ],
            [
                0.0,
                6.3828459790009925e-09,
                0.9999999143845943,
                6.601031221616283e-08,
                1.3222247390686205e-08
            ],
            [
                0.0,
                1.2335159753169027e-09,
                0.9999999879633593,
                8.88626293022145e-09,
                1.916861670473769e-09
            ],
            [
                0.9992945828328021,
                0.0006913453051909652,
                2.7780344520474994e-06,
                9.573128764285843e-07,
                1.0336514678465088e-05
            ],
            [
                0.999991293891906,
                7.42710609915689e-06,
                6.69825858362767e-08,
                9.970995716051118e-08,
                1.1123094517890106e-06
            ]
        ],
        [
            [
                0.9999942973658905,
                5.658656798851954e-06,
                1.4056845904000677e-08,
                9.625179899302982e-09,
                2.029528479174558e-08
            ],
            [
                0.0,
                4.952576823973597e-09,
                0.9999998283019466,
                1.3787991912160821e-07,
                2.886555744582361e-08
            ],
            [
                0.0,
                7.499650815811286e-11,
                0.9999999979582532,
                1.0375365577921554e-09,
                9.292137106352786e-10
            ],
            [
                0.26353200600122556,
                9.553637828307636e-05,
                2.670646331688236e-06,
                4.3680131637496214e-05,
                0.7363261068425222
            ],
            [
                0.999986211457497,
                1.2747669367174799e-06,
                1.6697694444609215e-08,
                8.065615520945605e-08,
                1.241642171670658e-05
            ]
        ],
        [
            [
                0.9999930727487744,
                6.854978593399934e-06,
                3.511790898654211e-08,
                1.8986109675068133e-08,
                1.8168613499496975e-08
            ],
            [
                0.0,
                2.9967020460219263e-09,
                0.9999999317457386,
                5.281876968652398e-08,
                1.2438789615717944e-08
            ],
            [
                0.0,
                9.449364649459892e-10,
                0.9999999883088116,
                9.005513971932343e-09,
                1.740737838854705e-09
            ],
            [
                0.00011181740777534538,
                0.9998879414307312,
                2.3661891146032448e-07,
                3.950082910734143e-09,
                5.924991494351912e-10
            ],
            [
                0.9999996027356708,
                3.5181515975592576e-07,
                8.92815786479271e-09,
                7.491194702914111e-09,
                2.9029817038886777e-08
            ]
        ],
        [
            [
                0.9999992750529382,
                6.840875373289485e-07,
                1.2563206066449815e-08,
                2.0979612137796983e-09,
                2.6198357158856813e-08
            ],
            [
                0.0,
                3.564323515449569e-09,
                0.9999994534868565,
                5.203265730064893e-07,
                2.262224687401955e-08
            ],
            [
                0.0,
                3.2141505683721323e-10,
                0.9999999952146321,
                2.5220712376893887e-09,
                1.9418815470876745e-09
            ],
            [
                3.9914267626093827e-07,
                0.999982377108051,
                1.720731726492582e-05,
                1.5821636123486707e-08,
                6.103714701077929e-10
            ],
            [
                0.9999854377721679,
                1.4456874192931838e-05,
                1.0433098193442563e-08,
                1.931826763052313e-08,
                7.560227335220222e-08
            ]
        ],
        [
            [
                0.9999973257681798,
                2.6415595988417115e-06,
                1.1612308408396076e-08,
                8.92814072864073e-09,
                1.2131772193144874e-08
            ],
            [
                0.0,
                2.747501051603716e-09,
                0.9999999582254142,
                3.4601294696846397e-08,
                4.425790203616681e-09
            ],
            [
                0.0,
                3.419833957984181e-10,
                0.9999999960500316,
                2.898515412142645e-09,
                7.094695564325916e-10
            ],
            [
                0.9999353790670626,
                1.0293216006878035e-06,
                2.7674832926242308e-08,
                4.541231098551895e-07,
                6.310981339384771e-05
            ],
            [
                0.9999943315880075,
                1.697115452159759e-07,
                9.379268655292702e-09,
                6.304794015940925e-08,
                5.426273238426525e-06
            ]
        ],
        [
            [
                0.9999994123176871,
                5.424593824998099e-07,
                6.806281415928446e-09,
                5.961052422722744e-09,
                3.245559673899211e-08
            ],
            [
                0.0,
                3.285745159238142e-09,
                0.9999999589368224,
                2.9610736397718158e-08,
                8.166696040270953e-09
            ],
            [
                0.0,
                4.4232563549229717e-10,
                0.9999999887413514,
                9.448432299399712e-09,
                1.367890528501216e-09
            ],
            [
                0.4465073352215695,
                0.00020637945482204236,
                2.452308148134005e-06,
                1.6219553087654633e-05,
                0.5532676134623725
            ],
            [
                0.9999971910463263,
                2.5944504534675677e-06,
                2.0739792306013445e-08,
                2.4928132459962603e-08,
                1.6883529556705259e-07
            ]
        ],
        [
            [
                0.9999999105808448,
                8.178812878437164e-08,
                6.231361392328241e-09,
                7.306417187793333e-10,
                6.690233529466575e-10
            ],
            [
                0.0,
                3.4134689737434745e-09,
                0.9999999165986184,
                6.757931083689101e-08,
                1.240860181295689e-08
            ],
            [
                0.0,
                5.992226902477903e-10,
                0.9999999852512702,
                1.1425279304134587e-08,
                2.72422788270367e-09
            ],
            [
                0.999997306858349,
                9.637020173844848e-07,
                2.757793194307101e-08,
                2.5585617609173154e-08,
                1.676276084035878e-06
            ],
            [
                6.917642728511369e-10,
                1.0522570477500338e-08,
                3.499007395794461e-08,
                1.3546549105262508e-06,
                0.9999985991406808
            ]
        ],
        [
            [
                0.9999997417399005,
                2.5420146316846866e-07,
                3.1458166122647297e-09,
                5.457681172142328e-10,
                3.670514084588477e-10
            ],
            [
                0.0,
                6.520689896451462e-09,
                0.9999997823638452,
                1.9972434729525952e-07,
                1.1391117458818999e-08
            ],
            [
                0.0,
                8.910410188929986e-10,
                0.9999999044597725,
                9.018032169619029e-08,
                4.468864821297707e-09
            ],
            [
                0.9736977017825431,
                3.423161278946075e-05,
                5.639004632558041e-06,
                1.3827973062763615e-05,
                0.026248599626972017
            ],
            [
                0.9999988389821219,
                6.545562406119252e-07,
                2.5989721689779987e-08,
                1.8232106935781762e-08,
                4.622398087808744e-07
            ]
        ],
        [
            [
                0.9999989910867879,
                8.659692434127987e-07,
                2.62095015115821e-08,
                2.9255491375177042e-08,
                8.747897575405936e-08
            ],
            [
                0.0,
                2.758159859401103e-09,
                0.9999999902216733,
                4.994468029875141e-09,
                2.0256986971061663e-09
            ],
            [
                0.0,
                4.028004602961226e-10,
                0.9999999911231218,
                7.412115077751851e-09,
                1.0619627590673102e-09
            ],
            [
                0.999818080777565,
                0.0001801505768948514,
                5.604444882815146e-08,
                1.0290354026044882e-07,
                1.6096975510728539e-06
            ],
            [
                0.9999631317121336,
                1.0470023189797811e-05,
                1.8659021751828994e-08,
                1.611636817802556e-07,
                2.6218441973017922e-05
            ]
        ],
        [
            [
                0.9999998156379757,
                1.7349887030347164e-07,
                7.2639845849207925e-09,
                1.527480297478736e-09,
                2.0716890358235553e-09
            ],
            [
                0.0,
                8.651103097989552e-10,
                0.9999999711517494,
                2.23433860194755e-08,
                5.639753950922996e-09
            ],
            [
                0.0,
                6.456677285055485e-10,
                0.9999999873553874,
                9.409568073236539e-09,
                2.5893765843442815e-09
            ],
            [
                0.0009632705549835674,
                0.9990364396917839,
                2.7309285374971097e-07,
                1.289950664259715e-08,
                3.760871989478758e-09
            ],
            [
                0.9998167253857765,
                2.3023719610385328e-05,
                9.356313099918026e-08,
                1.8458891363029785e-07,
                0.00015997274256851442
            ]
        ],
        [
            [
                0.9999984012278109,
                1.5821728459998442e-06,
                7.214868578211762e-09,
                3.068551020541752e-09,
                6.315923504374807e-09
            ],
            [
                0.0,
                1.5340436619299478e-09,
                0.9999999862270859,
                9.531441179809803e-09,
                2.7074290959301446e-09
            ],
            [
                0.0,
                5.720680878412541e-10,
                0.9999999798369175,
                1.7875305144130935e-08,
                1.715709267233332e-09
            ],
            [
                0.9978074178349698,
                0.002060019104077978,
                7.172095743826552e-07,
                2.579091149470924e-06,
                0.00012926676022848501
            ],
            [
                0.9999884826742937,
                2.241049297162208e-07,
                9.493195707310396e-09,
                7.210429410948583e-08,
                1.1211623286779273e-05
            ]
        ],
        [
            [
                0.9999971320799239,
                2.7732774699568077e-06,
                6.451033713733768e-08,
                1.701241802015652e-08,
                1.3119850986988407e-08
            ],
            [
                0.0,
                2.3109376479884253e-09,
                0.9999998820326049,
                1.0270589406735624e-07,
                1.295056345257818e-08
            ],
            [
                0.0,
                2.2542068126014828e-10,
                0.9999999846960825,
                1.102989363720097e-08,
                4.048602946900648e-09
            ],
            [
                0.7724645985677682,
                0.22753514833459024,
                2.2719790139975702e-07,
