{
    "[['A', 'B', 'C', 'D', 'E'], ['A', 'B', 'C', 'D', 'E']]": [
        [
            [
                0.9967123425761809,
                0.003287657423819135,
                0.0,
                0.0,
                0.0
            ],
            [
                0.003287658449225169,
                0.9967123415507748,
                0.0,
                0.0,
                0.0
            ],
            [
                0.0,
                0.0,
                0.003287657814449968,
                0.99671234218555,
                0.0
            ],
            [
                0.0,
                0.0,
                0.0,
                0.9999999824313055,
                1.7568694604204657e-08
            ],
            [
                0.0,
                0.0,
                0.0,
                0.00027068425553012856,
                0.9997293157444699
            ]
        ],
        [
            [
                0.9967123429668115,
                0.003287657033188348,
                0.0,
                0.0,
                0.0
            ],
            [
                0.05431342183165576,
                0.9456865781683443,
                0.0,
                0.0,
                0.0
            ],
            [
                0.0,
                0.0,
                2.1403231091013344e-07,
                0.9999997859676891,
                0.0
            ],
            [
                0.0,
                0.0,
                0.0,
                0.9999999970541039,
                2.9458961045340432e-09
            ],
            [
                0.0,
                0.0,
                0.0,
                0.9999991069047458,
                8.930952541784444e-07
            ]
        ],
        [
            [
                0.8949997446601503,
                0.10500025533984961,
                0.0,
                0.0,
                0.0
            ],
            [
                0.32865230603874457,
                0.6713476939612554,
                0.0,
                0.0,
                0.0
            ],
            [
                0.0,
                0.0,
                0.0032876796898504194,
                0.9967123203101496,
                0.0
            ],
            [
                0.0,
                0.0,
                0.0,
                1.0,
                0.0
            ],
            [
                0.0,
                0.0,
                0.0,
                9.273116672552026e-05,
                0.9999072688332744
            ]
        ],
        [
            [
                0.9999999266903125,
                7.330968749663866e-08,
                0.0,
                0.0,
                0.0
            ],
            [
                0.027346838435636702,
                0.9726531615643633,
                0.0,
                0.0,
                0.0
            ],
            [
                0.0,
                2.0611364186559076e-09,
                0.9999999979388635,
                0.0,
                0.0
            ],
            [
                0.0,
                0.0,
                0.0,
                1.0,
                0.0
            ],
            [
                0.0,
                0.0,
                0.0,
                4.372062217675419e-07,
                0.9999995627937782
            ]
        ],
        [
            [
                0.9999072688396647,
                9.273116033527859e-05,
                0.0,
                0.0,
                0.0
            ],
            [
                0.9864231706365278,
                0.01357682936347222,
                0.0,
                0.0,
                0.0
            ],
            [
                0.0,
                1.9115074777124888e-13,
                0.9999999999998088,
                0.0,
                0.0
            ],
            [
                0.0,
                0.0,
                0.0,
                1.0,
                0.0
            ],
            [
                0.0,
                0.0,
                0.0,
                1.0880008505385263e-05,
                0.9999891199914946
            ]
        ],
        [
            [
                0.8949997222547142,
                0.10500027774528577,
                0.0,
                0.0,
                0.0
            ],
            [
                7.331027220574412e-08,
                0.9999999266897278,
                0.0,
                0.0,
                0.0
            ],
            [
                0.0,
                0.0,
                1.0,
                0.0,
                0.0
            ],
            [
                0.0,
                0.0,
                0.0,
                0.9999999995060425,
                4.939574670463801e-10
            ],
            [
                0.0,
                0.0,
                0.0,
                0.8066791188611688,
                0.19332088113883122
            ]
        ],
        [
            [
                0.9864230708542725,
                0.013576929145727544,
                0.0,
                0.0,
                0.0
            ],
            [
                0.0007898633611239567,
                0.999210136638876,
                0.0,
                0.0,
                0.0
            ],
            [
                0.0,
                0.0,
                1.0,
                0.0,
                0.0
            ],
            [
                0.0,
                0.0,
                0.0,
                1.0,
                0.0
            ],
            [
                0.0,
                0.0,
                0.0,
                0.9994472213630764,
                0.0005527786369235996
            ]
        ],
        [
            [
                0.999907268805641,
                9.273119435900292e-05,
                0.0,
                0.0,
                0.0
            ],
            [
                0.19332102986239885,
                0.8066789701376013,
                0.0,
                0.0,
                0.0
            ],
            [
                0.0,
                0.0,
                0.8066777803459282,
                0.1933222196540718,
                0.0
            ],
            [
                0.0,
                0.0,
                0.0,
                1.0,
                0.0
            ],
            [
                0.0,
                0.0,
                0.0,
                0.9997293157444699,
                0.00027068425553012856
            ]
        ],
        [
            [
                0.8066789701376013,
                0.19332102986239885,
                0.0,
                0.0,
                0.0
            ],
            [
                0.02734664184383643,
                0.9726533581561636,
                0.0,
                0.0,
                0.0
            ],
            [
                0.0,
                0.0,
                9.273125515269376e-05,
                0.9999072687448474,
                0.0
            ],
            [
                0.0,
                0.0,
                0.0,
                0.9999981756533382,
                1.824346661820987e-06
            ],
            [
                0.0,
                0.0,
                0.0,
                0.9726533581561636,
                0.027346641843836426
            ]
        ],
        [
            [
                0.10500027774528577,
                0.8949997222547142,
                0.0,
                0.0,
                0.0
            ],
            [
                0.8949997222547144,
                0.10500027774528578,
                0.0,
                0.0,
                0.0
            ],
            [
                0.0,
                0.0,
                1.0,
                0.0,
                0.0
            ],
            [
                0.0,
                0.0,
                0.0,
                1.0,
                0.0
            ],
            [
                0.0,
                0.0,
                0.0,
                1.8243466618209871e-06,
                0.9999981756533382
            ]
        ],
        [
            [
                0.9999998952224699,
                1.0477753000692415e-07,
                0.0,
                0.0,
                0.0
            ],
            [
                0.5,
                0.5,
                0.0,
                0.0,
                0.0
            ],
            [
                0.0,
                0.0,
                1.0,
                0.0,
                0.0
            ],
            [
                0.0,
                0.0,
                0.0,
                1.0,
                0.0
            ],
            [
                0.0,
                0.0,
                0.0,
                0.0,
                1.0
            ]
        ],
        [
            [
                0.9998674696116349,
                0.00013253038836524603,
                0.0,
                0.0,
                0.0
            ],
            [
                0.00669285013177479,
                0.9933071498682252,
                0.0,
                0.0,
                0.0
            ],
            [
                0.0,
                0.0,
                0.9999999999999065,
                9.357636355035906e-14,
                0.0
            ],
            [
                0.0,
                0.0,
                0.0,
                1.0,
                0.0
            ],
            [
                0.0,
                0.0,
                0.0,
                0.6713476939612554,
                0.3286523060387446
            ]
        ],
        [
            [
                0.9456865659223365,
                0.05431343407766354,
                0.0,
                0.0,
                0.0
            ],
            [
                9.273043720455618e-05,
                0.9999072695627954,
                0.0,
                0.0,
                0.0
            ],
            [
                0.0,
                3.205173495334649e-14,
                0.9999999999999679,
                0.0,
                0.0
            ],
            [
                0.0,
                0.0,
                0.0,
                1.0,
                0.0
            ],
            [
                0.0,
                0.0,
                0.0,
                4.5397911995270955e-05,
                0.9999546020880047
            ]
        ],
        [
            [
                0.9996131705037431,
                0.0003868294962568618,
                0.0,
                0.0,
                0.0
            ],
            [
                0.013576932438554297,
                0.9864230675614457,
                0.0,
                0.0,
                0.0
            ],
            [
                0.0,
                0.0,
                0.9998105949978587,
                0.00018940500214123326,
                0.0
            ],
            [
                0.0,
                0.0,
                0.0,
                1.0,
                0.0
            ],
            [
                0.0,
                0.0,
                0.0,
                0.2551319185845978,
                0.7448680814154022
            ]
        ],
        [
            [
                0.9996131733141381,
                0.0003868266858618525,
                0.0,
                0.0,
                0.0
            ],
            [
                0.5,
                0.5,
                0.0,
                0.0,
                0.0
            ],
            [
                0.0,
                0.0,
                2.2224638790663296e-05,
                0.9999777753612094,
                0.0
            ],
            [
                0.0,
                0.0,
                0.0,
                0.9999999877076267,
                1.22923733897565e-08
            ],
            [
                0.0,
                0.0,
                0.0,
                8.600672435855246e-09,
                0.9999999913993276
            ]
        ],
        [
            [
                0.9933071474906947,
                0.006692852509305266,
                0.0,
                0.0,
                0.0
            ],
            [
                0.3286523060387446,
                0.6713476939612554,
                0.0,
                0.0,
                0.0
            ],
            [
                0.0,
                0.0,
                1.0,
                0.0,
                0.0
            ],
            [
                0.0,
                0.0,
                0.0,
                1.0,
                0.0
            ],
            [
                0.0,
                0.0,
                0.0,
                0.009538338696362884,
                0.9904616613036371
            ]
        ],
        [
            [
                0.9999351170019501,
                6.488299804977503e-05,
                0.0,
                0.0,
                0.0
            ],
            [
                0.5,
                0.5,
                0.0,
                0.0,
                0.0
            ],
            [
                0.0,
                0.0,
                1.0,
                0.0,
                0.0
            ],
            [
                0.0,
                0.0,
                0.0,
                0.9999999641119134,
                3.588808651468915e-08
            ],
            [
                0.0,
                0.0,
                0.0,
                0.019292201481934907,
                0.980707798518065
            ]
        ],
        [
            [
                0.9998105936433804,
                0.0001894063566196273,
                0.0,
                0.0,
                0.0
            ],
            [
                0.99671234218555,
                0.003287657814449968,
                0.0,
                0.0,
                0.0
            ],
            [
                0.0,
                0.0,
                1.0,
                0.0,
                0.0
            ],
            [
                0.0,
                0.0,
                3.059022269256248e-07,
                0.9999996940977731,
                0.0
            ],
            [
                0.0,
                0.0,
                0.0,
                0.00027068425553012856,
                0.9997293157444698
            ]
        ],
        [
            [
                0.9999546021204743,
                4.539787952563966e-05,
                0.0,
                0.0,
                0.0
            ],
            [
                0.05431343407766355,
                0.9456865659223365,
                0.0,
                0.0,
                0.0
            ],
            [
                0.0,
                0.0,
                1.2292361666841447e-08,
                0.9999999877076384,
                0.0
            ],
            [
                0.0,
                0.0,
                0.0,
                1.0,
                0.0
            ],
            [
                0.0,
                0.0,
                0.0,
                0.07585818002124355,
                0.9241418199787564
            ]
        ],
        [
            [
                0.9933071486794601,
                0.006692851320539924,
                0.0,
                0.0,
                0.0
            ],
            [
                9.273041578878125e-05,
                0.9999072695842113,
                0.0,
                0.0,
                0.0
            ],
            [
                0.0,
                0.0,
                1.0,
                0.0,
                0.0
            ],
            [
                0.0,
                0.0,
                0.0,
                0.9999987235596075,
                1.2764403924511583e-06
            ],
            [
                0.0,
                0.0,
                0.0,
                0.00038682656486119303,
                0.9996131734351388
            ]
        ],
        [
            [
                0.9999072687890609,
                9.273121093909649e-05,
                0.0,
                0.0,
                0.0
            ],
            [
                0.10500027774528578,
                0.8949997222547142,
                0.0,
                0.0,
                0.0
            ],
            [
                0.0,
                0.0,
                1.0,
                0.0,
                0.0
            ],
            [
                0.0,
                0.0,
                0.0,
                0.9999999999932013,
                6.798726161189076e-12
            ],
            [
                0.0,
                0.0,
                0.0,
                6.488297484731642e-05,
                0.9999351170251527
            ]
        ],
        [
            [
                0.9967123419902345,
                0.003287658009765401,
                0.0,
                0.0,
                0.0
            ],
            [
                0.027346851119025815,
                0.9726531488809742,
                0.0,
                0.0,
                0.0
            ],
            [
                0.0,
                0.9983878369450792,
                0.0016121630549208554,
                0.0,
                0.0
            ],
            [
                0.0,
                0.0,
                0.0,
                0.99999999983081,
                1.691899535849242e-10
            ],
            [
                0.0,
                0.0,
                0.0,
                0.6713476939612554,
                0.32865230603874457
            ]
        ],
        [
            [
                0.9456869577932953,
                0.05431304220670481,
                0.0,
                0.0,
                0.0
            ],
            [
                5.326233734998899e-06,
                0.999994673766265,
                0.0,
                0.0,
                0.0
            ],
            [
                0.0,
                0.0,
                1.0,
                0.0,
                0.0
            ],
            [
                0.0,
                0.0,
                0.0,
                1.0,
                0.0
            ],
            [
                0.0,
                0.0,
                0.0,
                0.0007898633611239567,
                0.999210136638876
            ]
        ],
        [
            [
                0.9999923875167336,
                7.6124832664356075e-06,
                0.0,
                0.0,
                0.0
            ],
            [
                0.0135769319396411,
                0.9864230680603588,
                0.0,
                0.0,
                0.0
            ],
            [
                0.0,
                0.0,
                1.0,
                0.0,
                0.0
            ],
            [
                0.0,
                0.0,
                0.0,
                1.0,
                0.0
            ],
            [
                0.0,
                0.0,
                0.0,
                7.612485662728742e-06,
                0.9999923875143373
            ]
        ],
        [
            [
                0.9999682358307806,
                3.1764169219395125e-05,
                0.0,
                0.0,
                0.0
            ],
            [
                0.00038682942279163774,
                0.9996131705772084,
                0.0,
                0.0,
                0.0
            ],
            [
                0.0,
                0.0,
                1.0,
                0.0,
                0.0
            ],
            [
                0.0,
                0.0,
                0.0,
                0.9999995627937781,
                4.3720622176754196e-07
            ],
            [
                0.0,
                0.0,
                0.0,
                0.001128526635177019,
                0.9988714733648228
            ]
        ],
        [
            [
                0.972653152051822,
                0.027346847948178,
                0.0,
                0.0,
                0.0
            ],
            [
                0.013576928347466632,
                0.9864230716525334,
                0.0,
                0.0,
                0.0
            ],
            [
                0.0,
                0.0,
                0.9999999957896211,
                4.21037887175138e-09,
                0.0
            ],
            [
                0.0,
                0.0,
                0.0,
                1.0,
                0.0
            ],
            [
                0.0,
                0.0,
                0.0,
                0.9726531552226694,
                0.027346844777330542
            ]
        ],
        [
            [
                0.99999937512459,
                6.248754100144749e-07,
                0.0,
                0.0,
                0.0
            ],
            [
                0.806678970137601,
                0.19332102986239882,
                0.0,
                0.0,
                0.0
            ],
            [
                0.0,
                0.0,
                1.0,
                0.0,
                0.0
            ],
            [
                0.0,
                0.0,
                0.0,
                1.0,
                0.0
            ],
            [
                0.0,
                0.0,
                0.0,
                0.9999981756515984,
                1.8243484016511987e-06
            ]
        ],
        [
            [
                0.9999996940976474,
                3.0590235256371156e-07,
                0.0,
                0.0,
                0.0
            ],
            [
                0.027346842399195184,
                0.9726531576008048,
                0.0,
                0.0,
                0.0
            ],
            [
                0.0,
                0.0,
                2.6074187146773868e-06,
                0.9999973925812853,
                0.0
            ],
            [
                0.0,
                0.0,
                0.0,
                1.0,
                0.0
            ],
            [
                0.0,
                0.0,
                0.0,
                0.05431343407766356,
                0.9456865659223365
            ]
        ],
        [
            [
                0.9998105950853352,
                0.00018940491466483655,
                0.0,
                0.0,
                0.0
            ],
            [
                0.8066789701376011,
                0.19332102986239885,
                0.0,
                0.0,
                0.0
            ],
            [
                0.0,
                0.0,
                1.0,
                0.0,
                0.0
            ],
            [
                0.0,
                0.0,
                0.0,
                1.0,
                0.0
            ],
            [
                0.0,
                0.0,
                0.0,
                0.038631610680503574,
                0.9613683893194964
            ]
        ],
        [
            [
                0.9999844498611199,
                1.5550138880033777e-05,
                0.0,
                0.0,
                0.0
            ],
            [
                0.027346847948178,
                0.972653152051822,
                0.0,
                0.0,
                0.0
            ],
            [
                0.0,
                0.0,
                0.9999993751301217,
                6.248698782161653e-07,
                0.0
            ],
            [
                0.0,
                0.0,
                0.0,
                0.9999973925638789,
                2.6074361210879227e-06
            ],
            [
                0.0,
                0.0,
                0.0,
                0.9999682358210777,
                3.176417892221001e-05
            ]
        ],
        [
            [
                0.9998105936715987,
                0.00018940632840122864,
                0.0,
                0.0,
                0.0
            ],
            [
                0.01357692834746663,
                0.9864230716525333,
                0.0,
                0.0,
                0.0
            ],
            [
                0.0,
                0.0,
                4.5397868702434395e-05,
                0.9999546021312976,
                0.0
            ],
            [
                0.0,
                0.0,
                0.0,
                1.0,
                0.0
            ],
            [
                0.0,
                0.0,
                0.0,
                0.9953077491273101,
                0.004692250872689785
            ]
        ],
        [
            [
                0.8949997222547142,
                0.10500027774528578,
                0.0,
                0.0,
                0.0
            ],
            [
                0.10500027774528578,
                0.8949997222547141,
                0.0,
                0.0,
                0.0
            ],
            [
                0.0,
                0.0,
                2.1403026974912535e-07,
                0.9999997859697302,
                0.0
            ],
            [
                0.0,
                0.0,
                0.0,
                0.9999999641119134,
                3.5888086514689146e-08
            ],
            [
                0.0,
                0.0,
                0.0,
                0.002302564881617554,
                0.9976974351183824
            ]
        ],
        [
            [
                0.9999962733622707,
                3.726637729317605e-06,
                0.0,
                0.0,
                0.0
            ],
            [
                0.006692850131774789,
                0.9933071498682252,
                0.0,
                0.0,
                0.0
            ],
            [
                0.0,
                0.9999999266902871,
                7.330971289492889e-08,
                0.0,
                0.0
            ],
            [
                0.0,
                0.0,
                0.0,
                1.0,
                0.0
            ],
            [
                0.0,
                0.0,
                0.0,
                0.9997293157444698,
                0.0002706842555301285
            ]
        ],
        [
            [
                0.19332223824461087,
                0.8066777617553891,
                0.0,
                0.0,
                0.0
            ],
            [
                0.027346641843836422,
                0.9726533581561636,
                0.0,
                0.0,
                0.0
            ],
            [
                0.0,
                0.0,
                1.0,
                0.0,
                0.0
            ],
            [
                0.0,
                0.0,
                0.0,
                1.0,
                0.0
            ],
            [
                0.0,
                0.0,
                0.0,
                0.00018940635661962734,
                0.9998105936433804
            ]
        ],
        [
            [
                0.027346847948178005,
                0.972653152051822,
                0.0,
                0.0,
                0.0
            ],
            [
                0.0007898695707370503,
                0.9992101304292629,
                0.0,
                0.0,
                0.0
            ],
            [
                0.0,
                0.0,
                1.0,
                0.0,
                0.0
            ],
            [
                0.0,
                0.0,
                0.0,
                0.9999981756533383,
                1.8243466618209873e-06
            ],
            [
                0.0,
                0.0,
                0.0,
                0.9983878384800782,
                0.0016121615199217515
            ]
        ],
        [
            [
                0.9996131703697771,
                0.00038682963022289475,
                0.0,
                0.0,
                0.0
            ],
            [
                0.05431302996078029,
                0.9456869700392198,
                0.0,
                0.0,
                0.0
            ],
            [
                0.0,
                0.0,
                1.0,
                0.0,
                0.0
            ],
            [
                0.0,
                0.0,
                0.0,
                1.0,
                0.0
            ],
            [
                0.0,
                0.0,
                0.0,
                0.9999072689217016,
                9.273107829843111e-05
            ]
        ],
        [
            [
                0.9967123419902345,
                0.003287658009765401,
                0.0,
                0.0,
                0.0
            ],
            [
                9.273045931116777e-05,
                0.999907269540689,
                0.0,
                0.0,
                0.0
            ],
            [
                0.0,
                0.9999999992940198,
                7.059801311332507e-10,
                0.0,
                0.0
            ],
            [
                0.0,
                0.0,
                0.0,
                1.0,
                0.0
            ],
            [
                0.0,
                0.0,
                0.0,
                0.027346844777330542,
                0.9726531552226694
            ]
        ],
        [
            [
                0.9999998502482516,
                1.4975174846158625e-07,
                0.0,
                0.0,
                0.0
            ],
            [
                9.273043167790413e-05,
                0.9999072695683221,
                0.0,
                0.0,
                0.0
            ],
            [
                0.0,
                4.53978687024344e-05,
                0.9999546021312976,
                0.0,
                0.0
            ],
            [
                0.0,
                0.0,
                2.4181203345426753e-10,
                0.9999999997581879,
                0.0
            ],
            [
                0.0,
                0.0,
                0.0,
                0.10500099472147155,
                0.8949990052785284
            ]
        ],
        [
            [
                0.9999946737248355,
                5.326275164548565e-06,
                0.0,
                0.0,
                0.0
            ],
            [
                0.10500027774528578,
                0.8949997222547142,
                0.0,
                0.0,
                0.0
            ],
            [
                0.0,
                0.0,
                0.00038682638047930854,
                0.9996131736195207,
                0.0
            ],
            [
                0.0,
                0.0,
                0.0,
                1.0,
                0.0
            ],
            [
                0.0,
                0.0,
                0.0,
                0.9726533581561636,
                0.027346641843836433
            ]
        ],
        [
            [
                0.9864231706365277,
                0.013576829363472218,
                0.0,
                0.0,
                0.0
            ],
            [
                0.01357692834746663,
                0.9864230716525333,
                0.0,
                0.0,
                0.0
            ],
            [
                0.0,
                0.9456865659223365,
                0.05431343407766356,
                0.0,
                0.0
            ],
            [
                0.0,
                0.0,
                2.9458708198135446e-09,
                0.9999999970541292,
                0.0
            ],
            [
                0.0,
                0.0,
                0.0,
                0.0,
                1.0
            ]
        ],
        [
            [
                0.9999351165330654,
                6.488346693457077e-05,
                0.0,
                0.0,
                0.0
            ],
            [
                0.99671234218555,
                0.0032876578144499674,
                0.0,
                0.0,
                0.0
            ],
            [
                0.0,
                0.0,
                0.999997392583772,
                2.6074162280567955e-06,
                0.0
            ],
            [
                0.0,
                0.0,
                0.0066928509242848554,
                0.9933071490757152,
                0.0
            ],
            [
                0.0,
                0.0,
                0.0,
                0.9996131734351389,
                0.00038682656486119303
            ]
        ],
        [
            [
                0.9999072688388011,
                9.273116119882473e-05,
                0.0,
                0.0,
                0.0
            ],
            [
                9.273125515269376e-05,
                0.9999072687448474,
                0.0,
                0.0,
                0.0
            ],
            [
                0.0,
                0.0,
                1.0,
                0.0,
                0.0
            ],
            [
                0.0,
                0.0,
                0.0,
                0.9999999877076265,
                1.2292373389756501e-08
            ],
            [
                0.0,
                0.0,
                0.0,
                6.248752415370163e-07,
                0.9999993751247584
            ]
        ],
        [
            [
                0.998871473499202,
                0.0011285265007979902,
                0.0,
                0.0,
                0.0
            ],
            [
                9.273046207449457e-05,
                0.9999072695379254,
                0.0,
                0.0,
                0.0
            ],
            [
                0.0,
                0.0,
                0.9999999999902831,
                9.716975193519977e-12,
                0.0
            ],
            [
                0.0,
                0.0,
                2.418120334542675e-10,
                0.999999999758188,
                0.0
            ],
            [
                0.0,
                0.0,
                0.0,
                0.6713460106096913,
                0.3286539893903087
            ]
        ],
        [
            [
                0.9998105936659551,
                0.00018940633404490806,
                0.0,
                0.0,
                0.0
            ],
            [
                0.027346851119025822,
                0.9726531488809742,
                0.0,
                0.0,
                0.0
            ],
            [
                0.0,
                0.0,
                1.0,
                0.0,
                0.0
            ],
            [
                0.0,
                0.0,
                3.456092748280353e-10,
                0.9999999996543908,
                0.0
            ],
            [
                0.0,
                0.0,
                0.0,
                0.00018940635661962734,
                0.9998105936433804
            ]
        ],
        [
            [
                0.9999777753622028,
                2.2224637797166622e-05,
                0.0,
                0.0,
                0.0
            ],
            [
                2.2224646241889753e-05,
                0.9999777753537581,
                0.0,
                0.0,
                0.0
            ],
            [
                0.0,
                0.0,
                1.0,
                0.0,
                0.0
            ],
            [
                0.0,
                0.0,
                0.0,
                1.0,
                0.0
            ],
            [
                0.0,
                0.0,
                0.0,
                0.0,
                1.0
            ]
        ],
        [
            [
                0.9999962733625761,
                3.7266374238969934e-06,
                0.0,
                0.0,
                0.0
            ],
            [
                0.8949997222547142,
                0.10500027774528577,
                0.0,
                0.0,
                0.0
            ],
            [
                0.0,
                0.0,
                1.0,
                0.0,
                0.0
            ],
            [
                0.0,
                0.0,
                0.0,
                1.0,
                0.0
            ],
            [
                0.0,
                0.0,
                0.0,
                0.9999999641119477,
                3.5888052289160326e-08
            ]
        ],
        [
            [
                0.9999991069061981,
                8.930938019283612e-07,
                0.0,
                0.0,
                0.0
            ],
            [
                0.027346846362754227,
                0.9726531536372457,
                0.0,
                0.0,
                0.0
            ],
            [
                NaN,
                NaN,
                NaN,
                NaN,
                NaN
            ],
            [
                0.0,
                0.0,
                0.0,
                1.0,
                0.0
            ],
            [
                0.0,
                0.0,
                0.0,
                0.00013253039823822116,
                0.9998674696017618
            ]
        ],
        [
            [
                0.8949997222547142,
                0.10500027774528577,
                0.0,
                0.0,
                0.0
            ],
            [
                0.9933071490757152,
                0.0066928509242848554,
                0.0,
                0.0,
                0.0
            ],
            [
                0.0,
                0.0,
                0.9864230684594895,
                0.013576931540510559,
                0.0
            ],
            [
                0.0,
                0.0,
                0.0,
                0.9999891199188633,
                1.0880081136730172e-05
            ],
            [
                0.0,
                0.0,
                0.0,
                0.5,
                0.5
            ]
        ],
        [
            [
                0.9999995627939985,
                4.372060014833008e-07,
                0.0,
                0.0,
                0.0
            ],
            [
                0.0032876574238191354,
                0.9967123425761808,
                0.0,
                0.0,
                0.0
            ],
            [
                0.0,
                0.0,
                1.0,
                0.0,
                0.0
            ],
            [
                0.0,
                0.0,
                0.0,
                0.99999989522247,
                1.0477753000692415e-07
            ],
            [
                0.0,
                0.0,
                0.0,
                5.326236115998773e-06,
                0.9999946737638841
            ]
        ],
        [
            [
                0.9999997859695614,
                2.140304386449918e-07,
                0.0,
                0.0,
                0.0
            ],
            [
                0.10500027774528578,
                0.8949997222547141,
