{
    "[['A', 'B', 'C', 'D', 'E'], ['A', 'B', 'C', 'D', 'E']]": [
        [
            [
                0.999992387514713,
                7.612485286978585e-06,
                0.0,
                0.0,
                0.0
            ],
            [
                0.0007898632905604519,
                0.9992101367094395,
                0.0,
                0.0,
                0.0
            ],
            [
                0.0,
                0.0,
                0.9999999999932012,
                6.79872129836292e-12,
                0.0
            ],
            [
                0.0,
                0.0,
                0.0,
                1.0,
                0.0
            ],
            [
                0.0,
                0.0,
                0.0,
                0.0,
                1.0
            ]
        ],
        [
            [
                0.9456865659223364,
                0.05431343407766355,
                0.0,
                0.0,
                0.0
            ],
            [
                0.9456865659223364,
                0.05431343407766356,
                0.0,
                0.0,
                0.0
            ],
            [
                0.0,
                0.0,
                0.9999891200018705,
                1.0879998129518424e-05,
                0.0
            ],
            [
                0.0,
                0.0,
                0.0,
                0.9992101366388761,
                0.0007898633611239568
            ],
            [
                0.0,
                0.0,
                0.0,
                4.5397868702434395e-05,
                0.9999546021312976
            ]
        ],
        [
            [
                0.8949990052785284,
                0.10500099472147156,
                0.0,
                0.0,
                0.0
            ],
            [
                2.607419336332905e-06,
                0.9999973925806637,
                0.0,
                0.0,
                0.0
            ],
            [
                0.0,
                0.0,
                0.3286539893903087,
                0.6713460106096912,
                0.0
            ],
            [
                0.0,
                0.0,
                0.0,
                0.9967123421855499,
                0.0032876578144499674
            ],
            [
                0.0,
                0.0,
                0.0,
                0.0,
                1.0
            ]
        ],
        [
            [
                0.999998175655078,
                1.824344921992435e-06,
                0.0,
                0.0,
                0.0
            ],
            [
                5.326278497974616e-06,
                0.9999946737215021,
                0.0,
                0.0,
                0.0
            ],
            [
                0.0,
                0.0,
                0.999999999999989,
                1.0978254572040398e-14,
                0.0
            ],
            [
                0.0,
                0.0,
                0.0,
                0.9998674706127505,
                0.00013252938724938622
            ],
            [
                0.0,
                0.0,
                0.0,
                0.0016121492399814518,
                0.9983878507600186
            ]
        ],
        [
            [
                0.9999072688664347,
                9.273113356535197e-05,
                0.0,
                0.0,
                0.0
            ],
            [
                7.6124856627287425e-06,
                0.9999923875143372,
                0.0,
                0.0,
                0.0
            ],
            [
                0.0,
                0.0,
                0.0003868291462168012,
                0.9996131708537832,
                0.0
            ],
            [
                0.0,
                0.0,
                0.0,
                0.013576829363472218,
                0.9864231706365277
            ],
            [
                0.0,
                0.0,
                0.0,
                0.0,
                1.0
            ]
        ],
        [
            [
                0.10500027774528578,
                0.8949997222547142,
                0.0,
                0.0,
                0.0
            ],
            [
                0.6713476939612554,
                0.32865230603874457,
                0.0,
                0.0,
                0.0
            ],
            [
                0.0,
                0.0,
                0.9999999998816221,
                1.1837777479694776e-10,
                0.0
            ],
            [
                0.0,
                0.0,
                0.0,
                0.9996131704850166,
                0.00038682951498329374
            ],
            [
                0.0,
                0.0,
                0.0,
                0.0,
                1.0
            ]
        ],
        [
            [
                0.003287656251926915,
                0.996712343748073,
                0.0,
                0.0,
                0.0
            ],
            [
                0.006692844584206937,
                0.9933071554157931,
                0.0,
                0.0,
                0.0
            ],
            [
                0.0,
                0.0,
                0.0016121492399814518,
                0.9983878507600186,
                0.0
            ],
            [
                0.0,
                0.0,
                0.0,
                0.9996131704850167,
                0.0003868295149832938
            ],
            [
                0.0,
                0.0,
                0.0,
                0.0,
                1.0
            ]
        ],
        [
            [
                0.9999777753400148,
                2.2224659985269556e-05,
                0.0,
                0.0,
                0.0
            ],
            [
                9.273114461874008e-05,
                0.9999072688553813,
                0.0,
                0.0,
                0.0
            ],
            [
                0.0,
                0.0,
                0.00018940635661962728,
                0.9998105936433803,
                0.0
            ],
            [
                0.0,
                0.0,
                0.0,
                0.6713476939612554,
                0.3286523060387446
            ],
            [
                0.0,
                0.0,
                0.0,
                2.22246387906633e-05,
                0.9999777753612095
            ]
        ],
        [
            [
                0.9933071506607352,
                0.006692849339264817,
                0.0,
                0.0,
                0.0
            ],
            [
                0.8066789701376011,
                0.19332102986239885,
                0.0,
                0.0,
                0.0
            ],
            [
                0.0,
                0.0,
                0.9999999999966718,
                3.328250108939835e-12,
                0.0
            ],
            [
                0.0,
                0.0,
                0.0,
                0.9999946737638841,
                5.326236115998773e-06
            ],
            [
                0.0,
                0.0,
                0.0,
                0.0005527786369235994,
                0.9994472213630764
            ]
        ],
        [
            [
                0.9976974351183825,
                0.002302564881617554,
                0.0,
                0.0,
                0.0
            ],
            [
                2.222464607630692e-05,
                0.9999777753539237,
                0.0,
                0.0,
                0.0
            ],
            [
                0.0,
                0.0,
                1.0,
                0.0,
                0.0
            ],
            [
                0.0,
                0.0,
                0.0,
                0.013576931540510557,
                0.9864230684594893
            ],
            [
                0.0,
                0.0,
                0.0,
                2.607438607727485e-06,
                0.9999973925613922
            ]
        ],
        [
            [
                0.9864231706365277,
                0.01357682936347222,
                0.0,
                0.0,
                0.0
            ],
            [
                0.32865230603874457,
                0.6713476939612554,
                0.0,
                0.0,
                0.0
            ],
            [
                0.0,
                0.0,
                0.9999999979388484,
                2.061151652521877e-09,
                0.0
            ],
            [
                0.0,
                0.0,
                0.0,
                0.10500027774528578,
                0.8949997222547142
            ],
            [
                0.0,
                0.0,
                0.0,
                0.0,
                1.0
            ]
        ],
        [
            [
                0.9456869577932953,
                0.05431304220670481,
                0.0,
                0.0,
                0.0
            ],
            [
                0.19332221965407181,
                0.8066777803459282,
                0.0,
                0.0,
                0.0
            ],
            [
                0.0,
                0.0,
                0.9999973925812853,
                2.6074187146773864e-06,
                0.0
            ],
            [
                0.0,
                0.0,
                0.0,
                0.9999546021312976,
                4.5397868702434395e-05
            ],
            [
                0.0,
                0.0,
                0.0,
                2.6074361210879227e-06,
                0.999997392563879
            ]
        ],
        [
            [
                0.19332102986239885,
                0.8066789701376011,
                0.0,
                0.0,
                0.0
            ],
            [
                0.003287657814449968,
                0.9967123421855499,
                0.0,
                0.0,
                0.0
            ],
            [
                0.0,
                0.0,
                0.9999999999966717,
                3.3282782789005446e-12,
                0.0
            ],
            [
                0.0,
                0.0,
                0.0,
                0.9999546021312976,
                4.5397868702434395e-05
            ],
            [
                0.0,
                0.0,
                0.0,
                0.0,
                1.0
            ]
        ],
        [
            [
                0.9967123429668118,
                0.003287657033188349,
                0.0,
                0.0,
                0.0
            ],
            [
                0.3286523060387446,
                0.6713476939612554,
                0.0,
                0.0,
                0.0
            ],
            [
                0.0,
                0.0,
                0.9999999999999842,
                1.5690636807878713e-14,
                0.0
            ],
            [
                0.0,
                0.0,
                0.0,
                0.019292201481934907,
                0.9807077985180651
            ],
            [
                0.0,
                0.0,
                0.0,
                0.0,
                1.0
            ]
        ],
        [
            [
                0.9999546021312976,
                4.5397868702434395e-05,
                0.0,
                0.0,
                0.0
            ],
            [
                0.00038682656486119303,
                0.9996131734351388,
                0.0,
                0.0,
                0.0
            ],
            [
                0.0,
                0.0,
                6.24874645610204e-07,
                0.9999993751253544,
                0.0
            ],
            [
                0.0,
                0.0,
                0.0,
                0.6713476939612554,
                0.3286523060387446
            ],
            [
                0.0,
                0.0,
                0.0,
                4.939563372048076e-10,
                0.9999999995060437
            ]
        ],
        [
            [
                0.10500027774528577,
                0.8949997222547141,
                0.0,
                0.0,
                0.0
            ],
            [
                0.006692850924284855,
                0.993307149075715,
                0.0,
                0.0,
                0.0
            ],
            [
                0.0,
                0.0,
                0.9999999999996095,
                3.9046636697769003e-13,
                0.0
            ],
            [
                0.0,
                0.0,
                0.0,
                0.8066789701376013,
                0.19332102986239888
            ],
            [
                0.0,
                0.0,
                0.0,
                0.0,
                1.0
            ]
        ],
        [
            [
                0.6713476939612554,
                0.32865230603874457,
                0.0,
                0.0,
                0.0
            ],
            [
                3.176392901650803e-05,
                0.9999682360709835,
                0.0,
                0.0,
                0.0
            ],
            [
                0.0,
                0.0,
                1.0,
                0.0,
                0.0
            ],
            [
                0.0,
                0.0,
                0.0,
                1.0,
                0.0
            ],
            [
                0.0,
                0.0,
                0.0,
                0.0,
                1.0
            ]
        ],
        [
            [
                0.8066777803459282,
                0.19332221965407184,
                0.0,
                0.0,
                0.0
            ],
            [
                0.0016121492399814518,
                0.9983878507600186,
                0.0,
                0.0,
                0.0
            ],
            [
                0.0,
                0.0,
                1.0,
                0.0,
                0.0
            ],
            [
                0.0,
                0.0,
                0.0,
                0.999210136638876,
                0.0007898633611239567
            ],
            [
                0.0,
                0.0,
                0.0,
                0.0016121492399814516,
                0.9983878507600186
            ]
        ],
        [
            [
                0.993307149075715,
                0.006692850924284855,
                0.0,
                0.0,
                0.0
            ],
            [
                0.0023025626907777997,
                0.9976974373092222,
                0.0,
                0.0,
                0.0
            ],
            [
                0.0,
                0.0,
                0.9999999995060396,
                4.939605290404423e-10,
                0.0
            ],
            [
                0.0,
                0.0,
                0.0,
                0.027346844777330546,
                0.9726531552226694
            ],
            [
                0.0,
                0.0,
                0.0,
                0.0,
                1.0
            ]
        ],
        [
            [
                0.003287657277332585,
                0.9967123427226674,
                0.0,
                0.0,
                0.0
            ],
            [
                0.0007898632670392849,
                0.9992101367329607,
                0.0,
                0.0,
                0.0
            ],
            [
                0.0,
                0.0,
                0.9999999996543933,
                3.4560663804858347e-10,
                0.0
            ],
            [
                0.0,
                0.0,
                0.0,
                1.0,
                0.0
            ],
            [
                0.0,
                0.0,
                0.0,
                0.0,
                1.0
            ]
        ],
        [
            [
                0.6713476939612554,
                0.3286523060387446,
                0.0,
                0.0,
                0.0
            ],
            [
                0.05431338509364797,
                0.945686614906352,
                0.0,
                0.0,
                0.0
            ],
            [
                0.0,
                0.0,
                0.9999999999999923,
                7.681197359837902e-15,
                0.0
            ],
            [
                0.0,
                0.0,
                0.0,
                0.999999974890009,
                2.5109990926928157e-08
            ],
            [
                0.0,
                0.0,
                0.0,
                0.0,
                1.0
            ]
        ],
        [
            [
                0.9456869577932953,
                0.05431304220670481,
                0.0,
                0.0,
                0.0
            ],
            [
                0.0001325305246123677,
                0.9998674694753875,
                0.0,
                0.0,
                0.0
            ],
            [
                0.0,
                0.0,
                0.999999999990283,
                9.717047011715362e-12,
                0.0
            ],
            [
                0.0,
                0.0,
                0.0,
                0.9996131704850167,
                0.0003868295149832938
            ],
            [
                0.0,
                0.0,
                0.0,
                0.0,
                1.0
            ]
        ],
        [
            [
                0.8066779290701919,
                0.19332207092980824,
                0.0,
                0.0,
                0.0
            ],
            [
                4.539788493724327e-05,
                0.9999546021150628,
                0.0,
                0.0,
                0.0
            ],
            [
                0.0,
                0.0,
                1.0,
                0.0,
                0.0
            ],
            [
                0.0,
                0.0,
                0.0,
                0.9904617423906267,
                0.0095382576093733
            ],
            [
                0.0,
                0.0,
                0.0,
                0.0,
                1.0
            ]
        ],
        [
            [
                0.027346844777330546,
                0.9726531552226695,
                0.0,
                0.0,
                0.0
            ],
            [
                0.0016121492399814516,
                0.9983878507600186,
                0.0,
                0.0,
                0.0
            ],
            [
                0.0,
                0.0,
                0.013576931540510559,
                0.9864230684594895,
                0.0
            ],
            [
                0.0,
                0.0,
                0.0,
                0.6713476939612554,
                0.3286523060387446
            ],
            [
                0.0,
                0.0,
                0.0,
                9.273045931116774e-05,
                0.9999072695406889
            ]
        ],
        [
            [
                0.05431343407766355,
                0.9456865659223365,
                0.0,
                0.0,
                0.0
            ],
            [
                0.027346641843836426,
                0.9726533581561635,
                0.0,
                0.0,
                0.0
            ],
            [
                0.0,
                0.0,
                0.9999999999994419,
                5.580734275889527e-13,
                0.0
            ],
            [
                0.0,
                0.0,
                0.0,
                0.9999987235596076,
                1.2764403924511583e-06
            ],
            [
                0.0,
                0.0,
                0.0,
                0.0016121492399814516,
                0.9983878507600186
            ]
        ],
        [
            [
                0.8949997222547142,
                0.10500027774528578,
                0.0,
                0.0,
                0.0
            ],
            [
                2.1403067797976972e-07,
                0.9999997859693219,
                0.0,
                0.0,
                0.0
            ],
            [
                0.0,
                0.0,
                0.945686614906352,
                0.05431338509364796,
                0.0
            ],
            [
                0.0,
                0.0,
                0.0,
                0.9998105936433804,
                0.0001894063566196273
            ],
            [
                0.0,
                0.0,
                0.0,
                0.0016121492399814514,
                0.9983878507600185
            ]
        ],
        [
            [
                0.05431342183165576,
                0.9456865781683442,
                0.0,
                0.0,
                0.0
            ],
            [
                0.013576944312693674,
                0.9864230556873064,
                0.0,
                0.0,
                0.0
            ],
            [
                0.0,
                0.0,
                0.9999999999983707,
                1.629316908334391e-12,
                0.0
            ],
            [
                0.0,
                0.0,
                0.0,
                0.9999962733607158,
                3.7266392841865614e-06
            ],
            [
                0.0,
                0.0,
                0.0,
                0.0,
                1.0
            ]
        ],
        [
            [
                0.9994472213630764,
                0.0005527786369235996,
                0.0,
                0.0,
                0.0
            ],
            [
                1.4975188681307589e-07,
                0.9999998502481132,
                0.0,
                0.0,
                0.0
            ],
            [
                0.0,
                0.0,
                0.9999999999999679,
                3.205171966989193e-14,
                0.0
            ],
            [
                0.0,
                0.0,
                0.0,
                0.9999995627937782,
                4.3720622176754207e-07
            ],
            [
                0.0,
                0.0,
                0.0,
                0.0,
                1.0
            ]
        ],
        [
            [
                0.054313042206704805,
                0.9456869577932953,
                0.0,
                0.0,
                0.0
            ],
            [
                0.05431304220670481,
                0.9456869577932953,
                0.0,
                0.0,
                0.0
            ],
            [
                0.0,
                0.0,
                0.9999999999861121,
                1.388793393134317e-11,
                0.0
            ],
            [
                0.0,
                0.0,
                0.0,
                0.9998674696017618,
                0.00013253039823822113
            ],
            [
                0.0,
                0.0,
                0.0,
                0.0,
                1.0
            ]
        ],
        [
            [
                0.6713476939612554,
                0.3286523060387446,
                0.0,
                0.0,
                0.0
            ],
            [
                2.6074392293877464e-06,
                0.9999973925607706,
                0.0,
                0.0,
                0.0
            ],
            [
                0.0,
                0.0,
                1.0,
                0.0,
                0.0
            ],
            [
                0.0,
                0.0,
                0.0,
                0.9999682358210777,
                3.176417892221001e-05
            ],
            [
                0.0,
                0.0,
                0.0,
                1.4975188681307589e-07,
                0.9999998502481131
            ]
        ],
        [
            [
                0.3286523060387446,
                0.6713476939612554,
                0.0,
                0.0,
                0.0
            ],
            [
                4.5397868702434395e-05,
                0.9999546021312975,
                0.0,
                0.0,
                0.0
            ],
            [
                0.0,
                0.0,
                1.0,
                0.0,
                0.0
            ],
            [
                0.0,
                0.0,
                0.0,
                1.0,
                0.0
            ],
            [
                0.0,
                0.0,
                0.0,
                3.726639284186561e-06,
                0.9999962733607157
            ]
        ],
        [
            [
                0.9999682360671971,
                3.176393280294339e-05,
                0.0,
                0.0,
                0.0
            ],
            [
                0.5,
                0.5,
                0.0,
                0.0,
                0.0
            ],
            [
                0.0,
                0.0,
                0.9999999999999679,
                3.20514522106167e-14,
                0.0
            ],
            [
                0.0,
                0.0,
                0.0,
                0.9999962733607158,
                3.7266392841865614e-06
            ],
            [
                0.0,
                0.0,
                0.0,
                0.0,
                1.0
            ]
        ],
        [
            [
                0.9999844498815105,
                1.5550118489433138e-05,
                0.0,
                0.0,
                0.0
            ],
            [
                6.488297484731642e-05,
                0.9999351170251527,
                0.0,
                0.0,
                0.0
            ],
            [
                0.0,
                0.0,
                1.0,
                0.0,
                0.0
            ],
            [
                0.0,
                0.0,
                0.0,
                0.9999682358210777,
                3.176417892221002e-05
            ],
            [
                0.0,
                0.0,
                0.0,
                0.0,
                1.0
            ]
        ],
        [
            [
                0.9998105936433803,
                0.0001894063566196273,
                0.0,
                0.0,
                0.0
            ],
            [
                0.0016121492399814518,
                0.9983878507600186,
                0.0,
                0.0,
                0.0
            ],
            [
                0.0,
                0.0,
                0.9999999641119477,
                3.5888052289160326e-08,
                0.0
            ],
            [
                0.0,
                0.0,
                0.0,
                0.9999995627937781,
                4.3720622176754196e-07
            ],
            [
                0.0,
                0.0,
                0.0,
                4.21037485642312e-09,
                0.9999999957896251
            ]
        ],
        [
            [
                0.8949997334574328,
                0.10500026654256715,
                0.0,
                0.0,
                0.0
            ],
            [
                0.5,
                0.5,
                0.0,
                0.0,
                0.0
            ],
            [
                0.0,
                0.0,
                0.9999999999999981,
                1.8408037872412398e-15,
                0.0
            ],
            [
                0.0,
                0.0,
                0.0,
                0.3286523060387446,
                0.6713476939612554
            ],
            [
                0.0,
                0.0,
                0.0,
                2.061151652521877e-09,
                0.9999999979388483
            ]
        ],
        [
            [
                0.8066789701376011,
                0.19332102986239882,
                0.0,
                0.0,
                0.0
            ],
            [
                0.19332102986239885,
                0.8066789701376011,
                0.0,
                0.0,
                0.0
            ],
            [
                0.0,
                0.0,
                0.9999999999594537,
                4.054634334883076e-11,
                0.0
            ],
            [
                0.0,
                0.0,
                0.0,
                0.9864231706365278,
                0.013576829363472221
            ],
            [
                0.0,
                0.0,
                0.0,
                7.612485662728744e-06,
                0.9999923875143373
            ]
        ],
        [
            [
                0.9456869577932951,
                0.054313042206704805,
                0.0,
                0.0,
                0.0
            ],
            [
                9.273120264904933e-05,
                0.9999072687973509,
                0.0,
                0.0,
                0.0
            ],
            [
                0.0,
                0.0,
                0.999999999990283,
                9.717046432534244e-12,
                0.0
            ],
            [
                0.0,
                0.0,
                0.0,
                0.8066789701376011,
                0.19332102986239885
            ],
            [
                0.0,
                0.0,
                0.0,
                1.2292385112682734e-08,
                0.9999999877076149
            ]
        ],
        [
            [
                0.5,
                0.5,
                0.0,
                0.0,
                0.0
            ],
            [
                4.5397853820531366e-05,
                0.9999546021461795,
                0.0,
                0.0,
                0.0
            ],
            [
                0.0,
                0.0,
                0.9456865659223365,
                0.05431343407766356,
                0.0
            ],
            [
                0.0,
                0.0,
                0.0,
                0.6713476939612555,
                0.3286523060387446
            ],
            [
                0.0,
                0.0,
                0.0,
                7.330964298137702e-08,
                0.9999999266903571
            ]
        ],
        [
            [
                0.9456869455473681,
                0.05431305445263193,
                0.0,
                0.0,
                0.0
            ],
            [
                0.01357682936347222,
                0.9864231706365277,
                0.0,
                0.0,
                0.0
            ],
            [
                0.0,
                0.0,
                5.3262767518940435e-06,
                0.9999946737232481,
                0.0
            ],
            [
                0.0,
                0.0,
                0.0,
                0.9999946737588046,
                5.326241195468727e-06
            ],
            [
                0.0,
                0.0,
                0.0,
                0.0,
                1.0
            ]
        ],
        [
            [
                0.003287656251926915,
                0.996712343748073,
                0.0,
                0.0,
                0.0
            ],
            [
                0.00038682958412705027,
                0.999613170415873,
                0.0,
                0.0,
                0.0
            ],
            [
                0.0,
                0.0,
                0.8949990052785284,
                0.10500099472147158,
                0.0
            ],
            [
                0.0,
                0.0,
                0.0,
                0.9999546021312975,
                4.5397868702434395e-05
            ],
            [
                0.0,
                0.0,
                0.0,
                0.0,
                1.0
            ]
        ],
        [
            [
                0.9992101308996899,
                0.0007898691003101084,
                0.0,
                0.0,
                0.0
            ],
            [
                0.19332102986239885,
                0.8066789701376011,
                0.0,
                0.0,
                0.0
            ],
            [
                0.0,
                0.0,
                1.0,
                0.0,
                0.0
            ],
            [
                0.0,
                0.0,
                0.0,
                0.05431304220670481,
                0.9456869577932951
            ],
            [
                0.0,
                0.0,
                0.0,
                0.00018940635661962728,
                0.9998105936433803
            ]
        ],
        [
            [
                0.6713476939612554,
                0.3286523060387446,
                0.0,
                0.0,
                0.0
            ],
            [
                0.5,
                0.5,
                0.0,
                0.0,
                0.0
            ],
            [
                0.0,
                0.0,
                0.9999999979388621,
                2.0611378928960806e-09,
                0.0
            ],
            [
                0.0,
                0.0,
                0.0,
                0.6713460106096912,
                0.3286539893903087
            ],
            [
                0.0,
                0.0,
                0.0,
                0.00018940491184301798,
                0.999810595088157
            ]
        ],
        [
            [
                0.8066789701376011,
                0.19332102986239885,
                0.0,
                0.0,
                0.0
            ],
            [
                0.000189404911843018,
                0.999810595088157,
                0.0,
                0.0,
                0.0
            ],
            [
                0.0,
                0.0,
                1.0,
                0.0,
                0.0
            ],
            [
                0.0,
                0.0,
                0.0,
                1.0,
                0.0
            ],
            [
                0.0,
                0.0,
                0.0,
                0.0,
                1.0
            ]
        ],
        [
            [
                0.9864230716525334,
                0.013576928347466632,
                0.0,
                0.0,
                0.0
            ],
            [
                0.9933071554157931,
                0.006692844584206937,
                0.0,
                0.0,
                0.0
            ],
            [
                0.0,
                0.0,
                1.0,
                0.0,
                0.0
            ],
            [
                0.0,
                0.0,
                0.0,
                0.9999999824311713,
                1.7568828643216152e-08
            ],
            [
                0.0,
                0.0,
                0.0,
                2.510999092692816e-08,
                0.9999999748900091
            ]
        ],
        [
            [
                0.9983878507600185,
                0.0016121492399814518,
                0.0,
                0.0,
                0.0
            ],
            [
                0.0016121492399814518,
                0.9983878507600186,
                0.0,
                0.0,
                0.0
            ],
            [
                0.0,
                0.0,
                0.9999999999998662,
                1.3374234501985907e-13,
                0.0
            ],
            [
                0.0,
                0.0,
                0.0,
                0.9999973925812854,
                2.6074187146773868e-06
            ],
            [
                0.0,
                0.0,
                0.0,
                6.248758374643969e-07,
                0.9999993751241625
            ]
        ],
        [
            [
                0.9933071990036673,
                0.006692800996332735,
                0.0,
                0.0,
                0.0
            ],
            [
                0.003287657814449968,
                0.99671234218555,
                0.0,
                0.0,
                0.0
            ],
            [
                0.0,
                0.0,
                0.9999999999999982,
                1.8408036638057312e-15,
                0.0
            ],
            [
                0.0,
                0.0,
                0.0,
                0.9999546024776388,
                4.5397522361228185e-05
            ],
            [
                0.0,
                0.0,
                0.0,
                4.372095573975654e-07,
                0.9999995627904426
            ]
        ],
        [
            [
                0.9967123421855499,
                0.0032876578144499674,
                0.0,
                0.0,
                0.0
            ],
            [
                0.0066928002038285405,
                0.9933071997961714,
                0.0,
                0.0,
                0.0
            ],
            [
                0.0,
                0.0,
                6.248752415370164e-07,
                0.9999993751247584,
                0.0
            ],
            [
                0.0,
                0.0,
                0.0,
                1.0,
                0.0
            ],
            [
                0.0,
                0.0,
                0.0,
                3.726639284186562e-06,
                0.9999962733607158
            ]
        ],
        [
            [
                0.0001894062663207664,
                0.9998105937336792,
                0.0,
                0.0,
                0.0
            ],
            [
                0.006692803373845876,
                0.9933071966261542,
                0.0,
                0.0,
                0.0
            ],
            [
                0.0,
                0.0,
                0.9999999989909806,
                1.0090194641677363e-09,
                0.0
            ],
            [
                0.0,
                0.0,
                0.0,
                0.013576931540510557,
                0.9864230684594893
            ],
            [
                0.0,
                0.0,
                0.0,
                0.0,
                1.0
            ]
        ],
        [
            [
                0.8066789701376013,
                0.19332102986239888,
                0.0,
                0.0,
                0.0
            ],
            [
                0.00018940486669392646,
                0.9998105951333061,
                0.0,
                0.0,
                0.0
            ],
            [
                0.0,
                0.0,
                0.9999999999716306,
                2.8369323330115085e-11,
                0.0
            ],
            [
                0.0,
                0.0,
                0.0,
                0.9999923875143373,
                7.612485662728742e-06
            ],
            [
