{
    "[['A', 'B', 'C', 'D', 'E'], ['A', 'B', 'C', 'D', 'E']]": [
        [
            [
                0.999954602152944,
                4.53978470560316e-05,
                0.0,
                0.0,
                0.0
            ],
            [
                0.03863161068050357,
                0.9613683893194963,
                0.0,
                0.0,
                0.0
            ],
            [
                0.0,
                0.0,
                4.372099743531077e-07,
                0.9999995627900256,
                0.0
            ],
            [
                0.0,
                0.0,
                0.0,
                0.0007898633611239567,
                0.999210136638876
            ],
            [
                0.0,
                0.0,
                0.0,
                0.0,
                1.0
            ]
        ],
        [
            [
                0.9999844499908779,
                1.555000912212237e-05,
                0.0,
                0.0,
                0.0
            ],
            [
                0.0023025451641346356,
                0.9976974548358654,
                0.0,
                0.0,
                0.0
            ],
            [
                0.0,
                0.0,
                0.9999999913993439,
                8.600656031390217e-09,
                0.0
            ],
            [
                0.0,
                0.0,
                0.0,
                0.9864231706365276,
                0.013576829363472218
            ],
            [
                0.0,
                0.0,
                0.0,
                3.7266428381751836e-06,
                0.9999962733571619
            ]
        ],
        [
            [
                0.9999923875143373,
                7.612485662728743e-06,
                0.0,
                0.0,
                0.0
            ],
            [
                1.6918963088100538e-10,
                0.9999999998308104,
                0.0,
                0.0,
                0.0
            ],
            [
                0.0,
                0.0,
                0.0,
                0.9999999985578738,
                1.4421262956663856e-09
            ],
            [
                0.0,
                0.0,
                0.0,
                0.05431343407766355,
                0.9456865659223364
            ],
            [
                0.0,
                0.0,
                0.0,
                1.0477683054385702e-07,
                0.9999998952231695
            ]
        ],
        [
            [
                0.9999995627937782,
                4.37206221767542e-07,
                0.0,
                0.0,
                0.0
            ],
            [
                3.0590193519475594e-07,
                0.9999996940980649,
                0.0,
                0.0,
                0.0
            ],
            [
                0.0,
                0.0,
                0.05431343407766355,
                0.9456865659223365,
                0.0
            ],
            [
                0.0,
                0.0,
                0.0,
                3.059001848153856e-07,
                0.9999996940998152
            ],
            [
                0.0,
                0.0,
                0.0,
                6.248752415370165e-07,
                0.9999993751247586
            ]
        ],
        [
            [
                0.9999991069055976,
                8.930944024576054e-07,
                0.0,
                0.0,
                0.0
            ],
            [
                6.248758374643969e-07,
                0.9999993751241626,
                0.0,
                0.0,
                0.0
            ],
            [
                0.0,
                0.0,
                0.10500099472147156,
                0.8949990052785284,
                0.0
            ],
            [
                0.0,
                0.0,
                0.0,
                0.003287657814449968,
                0.9967123421855499
            ],
            [
                0.0,
                0.0,
                0.0,
                0.0,
                1.0
            ]
        ],
        [
            [
                0.9999891199992765,
                1.0880000723484207e-05,
                0.0,
                0.0,
                0.0
            ],
            [
                0.9241418199787564,
                0.07585818002124355,
                0.0,
                0.0,
                0.0
            ],
            [
                0.0,
                0.0,
                0.0,
                1.0,
                0.0
            ],
            [
                0.0,
                0.0,
                0.0,
                7.612492922508999e-06,
                0.9999923875070775
            ],
            [
                0.0,
                0.0,
                0.0,
                0.0,
                1.0
            ]
        ],
        [
            [
                0.9999987235593032,
                1.2764406967779108e-06,
                0.0,
                0.0,
                0.0
            ],
            [
                1.4975145837016808e-07,
                0.9999998502485417,
                0.0,
                0.0,
                0.0
            ],
            [
                0.0,
                0.0,
                0.9999999979388474,
                2.061152635355806e-09,
                0.0
            ],
            [
                0.0,
                0.0,
                0.0,
                1.5550005414769383e-05,
                0.9999844499945852
            ],
            [
                0.0,
                0.0,
                0.0,
                2.5109966980186745e-08,
                0.999999974890033
            ]
        ],
        [
            [
                0.9999546021312976,
                4.5397868702434395e-05,
                0.0,
                0.0,
                0.0
            ],
            [
                8.282536140440809e-11,
                0.9999999999171747,
                0.0,
                0.0,
                0.0
            ],
            [
                0.0,
                0.0,
                0.9999891200018705,
                1.0879998129518424e-05,
                0.0
            ],
            [
                0.0,
                0.0,
                0.0,
                0.0005527786369235996,
                0.9994472213630764
            ],
            [
                0.0,
                0.0,
                0.0,
                3.726642838175183e-06,
                0.9999962733571618
            ]
        ],
        [
            [
                0.9999993751247586,
                6.248752415370164e-07,
                0.0,
                0.0,
                0.0
            ],
            [
                1.4975174399863707e-07,
                0.9999998502482559,
                0.0,
                0.0,
                0.0
            ],
            [
                0.0,
                0.0,
                1.009021388721465e-09,
                0.9999999989909786,
                0.0
            ],
            [
                0.0,
                0.0,
                0.0,
                6.488346983489966e-05,
                0.9999351165301651
            ],
            [
                0.0,
                0.0,
                0.0,
                0.0,
                1.0
            ]
        ],
        [
            [
                0.9999946737232481,
                5.326276751894043e-06,
                0.0,
                0.0,
                0.0
            ],
            [
                0.9456869577932953,
                0.05431304220670481,
                0.0,
                0.0,
                0.0
            ],
            [
                0.0,
                0.0,
                0.9726531552226695,
                0.02734684477733054,
                0.0
            ],
            [
                0.0,
                0.0,
                0.0,
                0.19332102986239885,
                0.8066789701376011
            ],
            [
                0.0,
                0.0,
                0.0,
                0.0,
                1.0
            ]
        ],
        [
            [
                0.9999987235583901,
                1.2764416097586034e-06,
                0.0,
                0.0,
                0.0
            ],
            [
                0.009538257609373298,
                0.9904617423906267,
                0.0,
                0.0,
                0.0
            ],
            [
                0.0,
                0.0,
                0.9983878384800783,
                0.0016121615199217515,
                0.0
            ],
            [
                0.0,
                0.0,
                0.0,
                9.273116672552028e-05,
                0.9999072688332745
            ],
            [
                0.0,
                0.0,
                0.0,
                4.210382887083471e-09,
                0.9999999957896171
            ]
        ],
        [
            [
                0.9999993751244606,
                6.248755395006357e-07,
                0.0,
                0.0,
                0.0
            ],
            [
                5.326236115998773e-06,
                0.9999946737638841,
                0.0,
                0.0,
                0.0
            ],
            [
                0.0,
                0.0,
                1.0,
                0.0,
                0.0
            ],
            [
                0.0,
                0.0,
                0.0,
                0.001128526635177019,
                0.998871473364823
            ],
            [
                0.0,
                0.0,
                0.0,
                3.588812074025062e-08,
                0.9999999641118793
            ]
        ],
        [
            [
                0.9999891199914945,
                1.088000850538526e-05,
                0.0,
                0.0,
                0.0
            ],
            [
                2.9458764386215672e-09,
                0.9999999970541235,
                0.0,
                0.0,
                0.0
            ],
            [
                0.0,
                0.0,
                2.22246387906633e-05,
                0.9999777753612094,
                0.0
            ],
            [
                0.0,
                0.0,
                0.0,
                0.0066928509242848554,
                0.9933071490757152
            ],
            [
                0.0,
                0.0,
                0.0,
                0.0,
                1.0
            ]
        ],
        [
            [
                0.9864230684594895,
                0.013576931540510559,
                0.0,
                0.0,
                0.0
            ],
            [
                0.00013252938724938622,
                0.9998674706127506,
                0.0,
                0.0,
                0.0
            ],
            [
                0.0,
                0.0,
                0.0066928572643687395,
                0.9933071427356313,
                0.0
            ],
            [
                0.0,
                0.0,
                0.0,
                0.3286523060387446,
                0.6713476939612555
            ],
            [
                0.0,
                0.0,
                0.0,
                0.0,
                1.0
            ]
        ],
        [
            [
                0.9999973925812854,
                2.6074187146773868e-06,
                0.0,
                0.0,
                0.0
            ],
            [
                0.00027068399745550493,
                0.9997293160025444,
                0.0,
                0.0,
                0.0
            ],
            [
                0.0,
                0.0,
                1.4975188681307589e-07,
                0.9999998502481131,
                0.0
            ],
            [
                0.0,
                0.0,
                0.0,
                1.4975174399863707e-07,
                0.999999850248256
            ],
            [
                0.0,
                0.0,
                0.0,
                4.3720955739756547e-07,
                0.9999995627904427
            ]
        ],
        [
            [
                0.9999981756498586,
                1.824350141483069e-06,
                0.0,
                0.0,
                0.0
            ],
            [
                0.006692850924284855,
                0.993307149075715,
                0.0,
                0.0,
                0.0
            ],
            [
                0.0,
                0.0,
                0.05431348306172077,
                0.9456865169382792,
                0.0
            ],
            [
                0.0,
                0.0,
                0.0,
                0.00013252938724938625,
                0.9998674706127506
            ],
            [
                0.0,
                0.0,
                0.0,
                1.0477663069812406e-07,
                0.9999998952233692
            ]
        ],
        [
            [
                0.9999546021096511,
                4.539789034884752e-05,
                0.0,
                0.0,
                0.0
            ],
            [
                0.013576931540510559,
                0.9864230684594895,
                0.0,
                0.0,
                0.0
            ],
            [
                0.0,
                0.0,
                0.9999999989909815,
                1.0090185018922483e-09,
                0.0
            ],
            [
                0.0,
                0.0,
                0.0,
                5.326276751894043e-06,
                0.999994673723248
            ],
            [
                0.0,
                0.0,
                0.0,
                0.0,
                1.0
            ]
        ],
        [
            [
                0.9999999487070873,
                5.129291276238427e-08,
                0.0,
                0.0,
                0.0
            ],
            [
                2.22246387906633e-05,
                0.9999777753612094,
                0.0,
                0.0,
                0.0
            ],
            [
                0.0,
                0.0,
                0.9999546021312975,
                4.539786870243439e-05,
                0.0
            ],
            [
                0.0,
                0.0,
                0.0,
                0.0032876578144499674,
                0.99671234218555
            ],
            [
                0.0,
                0.0,
                0.0,
                0.0,
                1.0
            ]
        ],
        [
            [
                0.9988714728273067,
                0.001128527172693294,
                0.0,
                0.0,
                0.0
            ],
            [
                0.00013252938724938622,
                0.9998674706127506,
                0.0,
                0.0,
                0.0
            ],
            [
                0.0,
                0.0,
                0.9999546020880047,
                4.539791199527095e-05,
                0.0
            ],
            [
                0.0,
                0.0,
                0.0,
                0.00078986938256624,
                0.9992101306174337
            ],
            [
                0.0,
                0.0,
                0.0,
                1.4975174399863707e-07,
                0.9999998502482559
            ]
        ],
        [
            [
                0.9997293156799512,
                0.00027068432004882293,
                0.0,
                0.0,
                0.0
            ],
            [
                0.003287657814449968,
                0.99671234218555,
                0.0,
                0.0,
                0.0
            ],
            [
                0.0,
                0.0,
                1.2764403924511583e-06,
                0.9999987235596075,
                0.0
            ],
            [
                0.0,
                0.0,
                0.0,
                6.248752415370163e-07,
                0.9999993751247584
            ],
            [
                0.0,
                0.0,
                0.0,
                0.0,
                1.0
            ]
        ],
        [
            [
                0.9999777753612094,
                2.2224638790663302e-05,
                0.0,
                0.0,
                0.0
            ],
            [
                0.0005527786369235996,
                0.9994472213630763,
                0.0,
                0.0,
                0.0
            ],
            [
                0.0,
                0.0,
                0.9999987235504778,
                1.2764495222852958e-06,
                0.0
            ],
            [
                0.0,
                0.0,
                0.0,
                0.9996131734351388,
                0.00038682656486119303
            ],
            [
                0.0,
                0.0,
                0.0,
                8.930926990183636e-07,
                0.999999106907301
            ]
        ],
        [
            [
                0.9999993751295257,
                6.248704741384311e-07,
                0.0,
                0.0,
                0.0
            ],
            [
                0.9613683893194964,
                0.03863161068050357,
                0.0,
                0.0,
                0.0
            ],
            [
                0.0,
                0.0,
                1.4421359229301704e-09,
                0.9999999985578641,
                0.0
            ],
            [
                0.0,
                0.0,
                0.0,
                0.0002706842555301286,
                0.99972931574447
            ],
            [
                0.0,
                0.0,
                0.0,
                0.0,
                1.0
            ]
        ],
        [
            [
                0.9999991069068751,
                8.930931248778694e-07,
                0.0,
                0.0,
                0.0
            ],
            [
                8.930935507375783e-07,
                0.9999991069064492,
                0.0,
                0.0,
                0.0
            ],
            [
                0.0,
                0.0,
                0.9999999999716307,
                2.8369309802570794e-11,
                0.0
            ],
            [
                0.0,
                0.0,
                0.0,
                0.003287657814449967,
                0.9967123421855499
            ],
            [
                0.0,
                0.0,
                0.0,
                0.0,
                1.0
            ]
        ],
        [
            [
                0.999999926690357,
                7.330964298137702e-08,
                0.0,
                0.0,
                0.0
            ],
            [
                0.10500099472147158,
                0.8949990052785285,
                0.0,
                0.0,
                0.0
            ],
            [
                0.0,
                0.0,
                0.0,
                1.0,
                0.0
            ],
            [
                0.0,
                0.0,
                0.0,
                0.0016121615199217512,
                0.9983878384800783
            ],
            [
                0.0,
                0.0,
                0.0,
                2.9458764386215676e-09,
                0.9999999970541236
            ]
        ],
        [
            [
                0.9999973925812853,
                2.6074187146773868e-06,
                0.0,
                0.0,
                0.0
            ],
            [
                0.0001894063566196273,
                0.9998105936433804,
                0.0,
                0.0,
                0.0
            ],
            [
                0.0,
                0.0,
                0.9999993751241626,
                6.248758374643969e-07,
                0.0
            ],
            [
                0.0,
                0.0,
                0.0,
                0.0007898633611239567,
                0.9992101366388761
            ],
            [
                0.0,
                0.0,
                0.0,
                0.0,
                1.0
            ]
        ],
        [
            [
                0.999999375129228,
                6.248707720997771e-07,
                0.0,
                0.0,
                0.0
            ],
            [
                0.0,
                1.0,
                0.0,
                0.0,
                0.0
            ],
            [
                0.0,
                0.0,
                0.9999946737689634,
                5.326231036533662e-06,
                0.0
            ],
            [
                0.0,
                0.0,
                0.0,
                0.006692850924284855,
                0.993307149075715
            ],
            [
                0.0,
                0.0,
                0.0,
                0.0,
                1.0
            ]
        ],
        [
            [
                0.9999987235504777,
                1.2764495222852958e-06,
                0.0,
                0.0,
                0.0
            ],
            [
                5.129296167913861e-08,
                0.9999999487070383,
                0.0,
                0.0,
                0.0
            ],
            [
                0.0,
                0.0,
                4.054642068491706e-11,
                0.9999999999594535,
                0.0
            ],
            [
                0.0,
                0.0,
                0.0,
                1.555012405050339e-05,
                0.9999844498759495
            ],
            [
                0.0,
                0.0,
                0.0,
                0.0,
                1.0
            ]
        ],
        [
            [
                0.999996273360716,
                3.726639284186562e-06,
                0.0,
                0.0,
                0.0
            ],
            [
                0.0001894063566196273,
                0.9998105936433804,
                0.0,
                0.0,
                0.0
            ],
            [
                0.0,
                0.0,
                0.9967123421855499,
                0.003287657814449968,
                0.0
            ],
            [
                0.0,
                0.0,
                0.0,
                0.0,
                1.0
            ],
            [
                0.0,
                0.0,
                0.0,
                0.0,
                1.0
            ]
        ],
        [
            [
                0.9999999748899852,
                2.511001487369241e-08,
                0.0,
                0.0,
                0.0
            ],
            [
                0.6713476939612555,
                0.3286523060387446,
                0.0,
                0.0,
                0.0
            ],
            [
                0.0,
                0.0,
                3.0590193519475594e-07,
                0.9999996940980648,
                0.0
            ],
            [
                0.0,
                0.0,
                0.0,
                5.326276751894043e-06,
                0.9999946737232481
            ],
            [
                0.0,
                0.0,
                0.0,
                2.511001487369241e-08,
                0.9999999748899852
            ]
        ],
        [
            [
                0.9999962733598273,
                3.7266401726833994e-06,
                0.0,
                0.0,
                0.0
            ],
            [
                1.497517439986371e-07,
                0.999999850248256,
                0.0,
                0.0,
                0.0
            ],
            [
                0.0,
                0.0,
                0.0,
                0.9999999266904269,
                7.330957306789182e-08
            ],
            [
                0.0,
                0.0,
                0.0,
                3.1763936589379194e-05,
                0.9999682360634106
            ],
            [
                0.0,
                0.0,
                0.0,
                5.12928638456766e-08,
                0.9999999487071363
            ]
        ],
        [
            [
                0.9999987235498691,
                1.2764501309432266e-06,
                0.0,
                0.0,
                0.0
            ],
            [
                0.027346844777330546,
                0.9726531552226694,
                0.0,
                0.0,
                0.0
            ],
            [
                0.0,
                0.0,
                0.5,
                0.5,
                0.0
            ],
            [
                0.0,
                0.0,
                0.0,
                0.003287657814449968,
                0.9967123421855502
            ],
            [
                0.0,
                0.0,
                0.0,
                2.6074361210879223e-06,
                0.9999973925638789
            ]
        ],
        [
            [
                0.9997293157444699,
                0.00027068425553012856,
                0.0,
                0.0,
                0.0
            ],
            [
                0.0,
                0.9427458125439105,
                0.00310964909981317,
                0.054144538356276174,
                0.0
            ],
            [
                0.0,
                0.0,
                0.0,
                0.9999987235596075,
                1.2764403924511583e-06
            ],
            [
                0.0,
                0.0,
                0.0,
                1.497516011843345e-07,
                0.9999998502483988
            ],
            [
                0.0,
                0.0,
                0.0,
                4.21037887175138e-09,
                0.9999999957896211
            ]
        ],
        [
            [
                0.9456869822851416,
                0.05431301771485837,
                0.0,
                0.0,
                0.0
            ],
            [
                0.0005527786369235994,
                0.9994472213630764,
                0.0,
                0.0,
                0.0
            ],
            [
                0.0,
                0.0,
                1.7568813982649463e-08,
                0.999999982431186,
                0.0
            ],
            [
                0.0,
                0.0,
                0.0,
                0.054313042206704805,
                0.9456869577932953
            ],
            [
                0.0,
                0.0,
                0.0,
                0.0,
                1.0
            ]
        ],
        [
            [
                0.9999962733607158,
                3.726639284186562e-06,
                0.0,
                0.0,
                0.0
            ],
            [
                0.2551319185845979,
                0.7448680814154022,
                0.0,
                0.0,
                0.0
            ],
            [
                0.0,
                0.0,
                0.0,
                0.9999999998308103,
                1.691897922328879e-10
            ],
            [
                0.0,
                0.0,
                0.0,
                0.0003868295149832938,
                0.9996131704850167
            ],
            [
                0.0,
                0.0,
                0.0,
                9.273045931116776e-05,
                0.9999072695406888
            ]
        ],
        [
            [
                0.9997293157444699,
                0.0002706842555301286,
                0.0,
                0.0,
                0.0
            ],
            [
                3.17639365893792e-05,
                0.9999682360634106,
                0.0,
                0.0,
                0.0
            ],
            [
                0.0,
                0.0,
                0.0,
                0.9998105936433804,
                0.0001894063566196273
            ],
            [
                0.0,
                0.0,
                0.0,
                0.027346641843836426,
                0.9726533581561636
            ],
            [
                0.0,
                0.0,
                0.0,
                0.0,
                1.0
            ]
        ],
        [
            [
                0.9999997859680972,
                2.1403190267637453e-07,
                0.0,
                0.0,
                0.0
            ],
            [
                4.210382887083471e-09,
                0.9999999957896172,
                0.0,
                0.0,
                0.0
            ],
            [
                0.0,
                0.0,
                0.10500027774528578,
                0.8949997222547142,
                0.0
            ],
            [
                0.0,
                0.0,
                0.0,
                0.00013252938724938622,
                0.9998674706127506
            ],
            [
                0.0,
                0.0,
                0.0,
                0.0,
                1.0
            ]
        ],
        [
            [
                0.9999987235504777,
                1.2764495222852956e-06,
                0.0,
                0.0,
                0.0
            ],
            [
                0.19332102986239885,
                0.8066789701376011,
                0.0,
                0.0,
                0.0
            ],
            [
                0.0,
                0.0,
                0.8066789701376011,
                0.19332102986239885,
                0.0
            ],
            [
                0.0,
                0.0,
                0.0,
                0.00018940635661962734,
                0.9998105936433804
            ],
            [
                0.0,
                0.0,
                0.0,
                1.0477753000692417e-07,
                0.99999989522247
            ]
        ],
        [
            [
                0.9999923875179672,
                7.612482032841211e-06,
                0.0,
                0.0,
                0.0
            ],
            [
                0.0,
                0.0,
                6.488340796124525e-05,
                0.9999351165920387,
                0.0
            ],
            [
                0.0,
                0.0,
                0.999999999986112,
                1.3887957109352831e-11,
                0.0
            ],
            [
                0.0,
                0.0,
                0.0,
                7.612427584735929e-06,
                0.9999923875724153
            ],
            [
                0.0,
                0.0,
                0.0,
                4.372095573975654e-07,
                0.9999995627904427
            ]
        ],
        [
            [
                0.999977775350612,
                2.22246493879639e-05,
                0.0,
                0.0,
                0.0
            ],
            [
                0.0011285266351770192,
                0.998871473364823,
                0.0,
                0.0,
                0.0
            ],
            [
                0.0,
                0.0,
                7.330971289492888e-08,
                0.999999926690287,
                0.0
            ],
            [
                0.0,
                0.0,
                0.0,
                4.5397868702434395e-05,
                0.9999546021312976
            ],
            [
                0.0,
                0.0,
                0.0,
                2.9458764386215676e-09,
                0.9999999970541236
            ]
        ],
        [
            [
                0.9999973925822178,
                2.607417782194387e-06,
                0.0,
                0.0,
                0.0
            ],
            [
                0.0,
                0.0,
                0.0,
                1.0,
                0.0
            ],
            [
                0.0,
                0.0,
                0.9999999957896171,
                4.210382887083471e-09,
                0.0
            ],
            [
                0.0,
                0.0,
                0.0,
                4.5397868702434395e-05,
                0.9999546021312975
            ],
            [
                0.0,
                0.0,
                0.0,
                0.0,
                1.0
            ]
        ],
        [
            [
                0.9999987235596075,
                1.2764403924511583e-06,
                0.0,
                0.0,
                0.0
            ],
            [
                0.05431343407766356,
                0.9456865659223365,
                0.0,
                0.0,
                0.0
            ],
            [
                0.0,
                0.0,
                0.10500099472147155,
                0.8949990052785284,
                0.0
            ],
            [
                0.0,
                0.0,
                0.0,
                3.176417892221002e-05,
                0.9999682358210777
            ],
            [
                0.0,
                0.0,
                0.0,
                0.0,
                1.0
            ]
        ],
        [
            [
                0.9999923875152447,
                7.612484755256697e-06,
                0.0,
                0.0,
                0.0
            ],
            [
                1.7568694604204654e-08,
                0.9999999824313054,
                0.0,
                0.0,
                0.0
            ],
            [
                0.0,
                0.0,
                0.0,
                0.9999998952225699,
                1.0477743008334296e-07
            ],
            [
                0.0,
                0.0,
                0.0,
                0.027346844777330546,
                0.9726531552226695
            ],
            [
                0.0,
                0.0,
                0.0,
                0.0,
                1.0
            ]
        ],
        [
            [
                0.999999106907301,
                8.930926990183637e-07,
                0.0,
                0.0,
                0.0
            ],
            [
                1.0477753000692415e-07,
                0.99999989522247,
                0.0,
                0.0,
                0.0
            ],
            [
                0.0,
                0.0,
                5.129291276238428e-08,
                0.9999999487070873,
                0.0
            ],
            [
                0.0,
                0.0,
                0.0,
                0.001128526635177019,
                0.998871473364823
            ],
            [
                0.0,
                0.0,
                0.0,
                0.0,
                1.0
            ]
        ],
        [
            [
                0.9999987235594553,
                1.2764405446145254e-06,
                0.0,
                0.0,
                0.0
            ],
            [
                0.9998674696017619,
                0.00013253039823822116,
                0.0,
                0.0,
                0.0
            ],
            [
                0.0,
                0.0,
                0.054313042206704805,
                0.9456869577932951,
                0.0
            ],
            [
                0.0,
                0.0,
                0.0,
                0.05431304220670481,
                0.9456869577932951
            ],
            [
                0.0,
                0.0,
                0.0,
                2.140306779797697e-07,
                0.9999997859693219
            ]
        ],
        [
            [
                0.9864230748455766,
                0.013576925154423443,
                0.0,
                0.0,
                0.0
            ],
            [
                0.00013252938724938625,
                0.9998674706127507,
                0.0,
                0.0,
                0.0
            ],
            [
                0.0,
                0.0,
                0.9999546021312975,
                4.5397868702434395e-05,
                0.0
            ],
            [
                0.0,
                0.0,
                0.0,
                0.006692850924284855,
                0.993307149075715
            ],
            [
                0.0,
                0.0,
                0.0,
                0.0,
                1.0
            ]
        ],
        [
            [
                0.9999999939823662,
                6.017633825897449e-09,
                0.0,
                0.0,
                0.0
            ],
            [
                0.0003868295149832938,
                0.9996131704850167,
                0.0,
                0.0,
                0.0
            ],
            [
                0.0,
                0.0,
                0.0,
                1.0,
                0.0
            ],
            [
                0.0,
                0.0,
                0.0,
                1.7568694604204657e-08,
                0.9999999824313054
            ],
            [
                0.0,
                0.0,
                0.0,
                0.0,
                1.0
            ]
        ],
        [
            [
                0.9998105949978587,
                0.00018940500214123323,
                0.0,
                0.0,
                0.0
            ],
            [
                1.4421249203482341e-09,
                0.9999999985578751,
                0.0,
                0.0,
                0.0
            ],
            [
                0.0,
                0.0,
                0.9933071490757152,
                0.0066928509242848554,
                0.0
            ],
            [
                0.0,
                0.0,
                0.0,
                0.0032876578144499674,
                0.9967123421855499
            ],
            [
                0.0,
                0.0,
                0.0,
                5.129291276238427e-08,
                0.9999999487070873
            ]
        ],
        [
            [
                0.9999987235605206,
                1.276439479471336e-06,
                0.0,
                0.0,
                0.0
            ],
            [
                0.006692850924284856,
                0.9933071490757152,
                0.0,
                0.0,
                0.0
            ],
            [
                0.0,
                0.0,
                0.9999999979388484,
                2.061151652521877e-09,
                0.0
            ],
            [
                0.0,
                0.0,
                0.0,
                2.22246387906633e-05,
                0.9999777753612094
            ],
            [
                0.0,
                0.0,
                0.0,
                1.0477743008334297e-07,
                0.9999998952225699
            ]
        ],
        [
            [
                0.9999946737651539,
                5.326234846132042e-06,
                0.0,
                0.0,
                0.0
            ],
            [
                0.0007898693825662401,
