{
    "[['A', 'B', 'C', 'D', 'E'], ['A', 'B', 'C', 'D', 'E']]": [
        [
            [
                0.9999996940977731,
                3.059022269256247e-07,
                0.0,
                0.0,
                0.0
            ],
            [
                0.05431304220670481,
                0.9456869577932951,
                0.0,
                0.0,
                0.0
            ],
            [
                0.0,
                0.0,
                1.0,
                0.0,
                0.0
            ],
            [
                0.0,
                0.0,
                0.0,
                0.10500099472147158,
                0.8949990052785284
            ],
            [
                0.0,
                0.0,
                0.0,
                2.22246387906633e-05,
                0.9999777753612094
            ]
        ],
        [
            [
                0.999999106907301,
                8.930926990183636e-07,
                0.0,
                0.0,
                0.0
            ],
            [
                0.00018940617602194857,
                0.9998105938239781,
                0.0,
                0.0,
                0.0
            ],
            [
                0.0,
                0.0,
                1.0,
                0.0,
                0.0
            ],
            [
                0.0,
                0.0,
                0.0,
                0.0007898633611239568,
                0.999210136638876
            ],
            [
                0.0,
                0.0,
                0.0,
                0.0001325295136225689,
                0.9998674704863774
            ]
        ],
        [
            [
                0.5,
                0.5,
                0.0,
                0.0,
                0.0
            ],
            [
                1.2764489136276546e-06,
                0.9999987235510863,
                0.0,
                0.0,
                0.0
            ],
            [
                0.0,
                0.0,
                1.0,
                0.0,
                0.0
            ],
            [
                0.0,
                0.0,
                0.0,
                0.9999351165301651,
                6.488346983489966e-05
            ],
            [
                0.0,
                0.0,
                0.0,
                7.612427584735928e-06,
                0.9999923875724153
            ]
        ],
        [
            [
                0.9998105938239781,
                0.00018940617602194855,
                0.0,
                0.0,
                0.0
            ],
            [
                2.222461759607725e-05,
                0.9999777753824038,
                0.0,
                0.0,
                0.0
            ],
            [
                0.0,
                0.0,
                1.0,
                0.0,
                0.0
            ],
            [
                0.0,
                0.0,
                0.0,
                0.01929234583070378,
                0.9807076541692962
            ],
            [
                0.0,
                0.0,
                0.0,
                0.038631894031181564,
                0.9613681059688185
            ]
        ],
        [
            [
                0.999998723549869,
                1.2764501309432264e-06,
                0.0,
                0.0,
                0.0
            ],
            [
                2.22246387906633e-05,
                0.9999777753612094,
                0.0,
                0.0,
                0.0
            ],
            [
                0.0,
                0.0,
                0.10500027774528578,
                0.8949997222547142,
                0.0
            ],
            [
                0.0,
                0.0,
                0.0,
                0.003287657814449968,
                0.99671234218555
            ],
            [
                0.0,
                0.0,
                0.0,
                3.1763936589379194e-05,
                0.9999682360634106
            ]
        ],
        [
            [
                0.9999998502481132,
                1.4975188681307589e-07,
                0.0,
                0.0,
                0.0
            ],
            [
                0.0003868261960975117,
                0.9996131738039025,
                0.0,
                0.0,
                0.0
            ],
            [
                0.0,
                0.0,
                0.8066789701376011,
                0.19332102986239885,
                0.0
            ],
            [
                0.0,
                0.0,
                0.0,
                2.607438607727485e-06,
                0.9999973925613923
            ],
            [
                0.0,
                0.0,
                0.0,
                0.0,
                1.0
            ]
        ],
        [
            [
                0.9997293157444698,
                0.0002706842555301286,
                0.0,
                0.0,
                0.0
            ],
            [
                0.10500027774528575,
                0.8949997222547141,
                0.0,
                0.0,
                0.0
            ],
            [
                0.0,
                0.0,
                1.0,
                0.0,
                0.0
            ],
            [
                0.0,
                0.0,
                0.0,
                0.999210136638876,
                0.0007898633611239568
            ],
            [
                0.0,
                0.0,
                0.0,
                1.497517439986371e-07,
                0.9999998502482559
            ]
        ],
        [
            [
                0.9992101308056046,
                0.0007898691943954744,
                0.0,
                0.0,
                0.0
            ],
            [
                0.8066789701376011,
                0.19332102986239882,
                0.0,
                0.0,
                0.0
            ],
            [
                0.0,
                0.0,
                0.6713476939612554,
                0.3286523060387446,
                0.0
            ],
            [
                0.0,
                0.0,
                0.0,
                0.8066777803459282,
                0.19332221965407184
            ],
            [
                0.0,
                0.0,
                0.0,
                1.8243466618209871e-06,
                0.9999981756533382
            ]
        ],
        [
            [
                0.9999999995060432,
                4.939567604350613e-10,
                0.0,
                0.0,
                0.0
            ],
            [
                0.5,
                0.5,
                0.0,
                0.0,
                0.0
            ],
            [
                0.0,
                0.0,
                0.9999999970541236,
                2.9458764386215676e-09,
                0.0
            ],
            [
                0.0,
                0.0,
                0.0,
                0.019292201481934904,
                0.980707798518065
            ],
            [
                0.0,
                0.000189404911843018,
                0.0,
                0.0,
                0.999810595088157
            ]
        ],
        [
            [
                0.9999777753400148,
                2.2224659985269556e-05,
                0.0,
                0.0,
                0.0
            ],
            [
                0.01357693154051056,
                0.9864230684594895,
                0.0,
                0.0,
                0.0
            ],
            [
                0.0,
                0.0,
                1.0,
                0.0,
                0.0
            ],
            [
                0.0,
                0.0,
                0.0,
                0.027346844777330542,
                0.9726531552226694
            ],
            [
                0.0,
                0.0,
                0.0,
                0.0,
                1.0
            ]
        ],
        [
            [
                0.9999072688332745,
                9.273116672552029e-05,
                0.0,
                0.0,
                0.0
            ],
            [
                0.0032876578144499674,
                0.99671234218555,
                0.0,
                0.0,
                0.0
            ],
            [
                0.0,
                0.0,
                0.003287656251926915,
                0.9967123437480732,
                0.0
            ],
            [
                0.0,
                0.0,
                0.0,
                0.9999072688332744,
                9.273116672552029e-05
            ],
            [
                0.0,
                0.0,
                0.0,
                0.0,
                1.0
            ]
        ],
        [
            [
                0.9999998952233192,
                1.0477668065952156e-07,
                0.0,
                0.0,
                0.0
            ],
            [
                0.0007898641138017338,
                0.9992101358861982,
                0.0,
                0.0,
                0.0
            ],
            [
                0.0,
                0.0,
                0.10500027774528577,
                0.8949997222547142,
                0.0
            ],
            [
                0.0,
                0.0,
                0.0,
                0.9613681059688184,
                0.03863189403118156
            ],
            [
                0.0,
                0.0,
                0.0,
                7.612427584735927e-06,
                0.9999923875724152
            ]
        ],
        [
            [
                0.9999999487074419,
                5.1292558117310516e-08,
                0.0,
                0.0,
                0.0
            ],
            [
                0.006692850924284856,
                0.9933071490757152,
                0.0,
                0.0,
                0.0
            ],
            [
                0.0,
                0.0,
                1.0,
                0.0,
                0.0
            ],
            [
                0.0,
                0.0,
                0.0,
                0.0,
                1.0
            ],
            [
                0.0,
                0.0,
                0.0,
                0.9613683893194964,
                0.038631610680503574
            ]
        ],
        [
            [
                0.9997293160025444,
                0.0002706839974555049,
                0.0,
                0.0,
                0.0
            ],
            [
                8.930944024576053e-07,
                0.9999991069055976,
                0.0,
                0.0,
                0.0
            ],
            [
                0.0,
                0.0,
                0.9999999957896211,
                4.21037887175138e-09,
                0.0
            ],
            [
                0.0,
                0.0,
                0.0,
                4.37206221767542e-07,
                0.9999995627937782
            ],
            [
                0.0,
                0.0,
                0.0,
                5.326236115998772e-06,
                0.999994673763884
            ]
        ],
        [
            [
                0.999999850248256,
                1.4975174399863707e-07,
                0.0,
                0.0,
                0.0
            ],
            [
                1.2764402117571833e-06,
                0.9999987235597882,
                0.0,
                0.0,
                0.0
            ],
            [
                0.0,
                0.0,
                0.9999999999952431,
                4.75689753792272e-12,
                0.0
            ],
            [
                0.0,
                0.0,
                0.0,
                0.10500099472147156,
                0.8949990052785284
            ],
            [
                0.0,
                0.0,
                0.0,
                7.612427584735928e-06,
                0.9999923875724154
            ]
        ],
        [
            [
                0.9999891200018705,
                1.0879998129518426e-05,
                0.0,
                0.0,
                0.0
            ],
            [
                0.0007898633611239567,
                0.999210136638876,
                0.0,
                0.0,
                0.0
            ],
            [
                0.0,
                0.0,
                0.9999998952233693,
                1.0477663069812406e-07,
                0.0
            ],
            [
                0.0,
                0.0,
                0.0,
                0.6713476939612554,
                0.32865230603874457
            ],
            [
                0.0,
                0.0,
                0.0,
                0.0001894063566196273,
                0.9998105936433804
            ]
        ],
        [
            [
                0.996712341892577,
                0.0032876581074231226,
                0.0,
                0.0,
                0.0
            ],
            [
                0.01357693154051056,
                0.9864230684594896,
                0.0,
                0.0,
                0.0
            ],
            [
                0.0,
                0.0,
                0.5,
                0.5,
                0.0
            ],
            [
                0.0,
                0.0,
                0.0,
                0.9456865659223364,
                0.05431343407766355
            ],
            [
                0.0,
                0.0,
                0.0,
                0.0,
                1.0
            ]
        ],
        [
            [
                0.9999993751253543,
                6.24874645610204e-07,
                0.0,
                0.0,
                0.0
            ],
            [
                0.10500027774528578,
                0.8949997222547142,
                0.0,
                0.0,
                0.0
            ],
            [
                0.0,
                0.0,
                0.9999999979388444,
                2.061155583860405e-09,
                0.0
            ],
            [
                0.0,
                0.0,
                0.0,
                0.6713476939612554,
                0.32865230603874457
            ],
            [
                0.0,
                0.0,
                0.0,
                0.0,
                1.0
            ]
        ],
        [
            [
                0.9456865705145896,
                0.05431342948541032,
                0.0,
                0.0,
                0.0
            ],
            [
                0.10500027774528577,
                0.8949997222547141,
                0.0,
                0.0,
                0.0
            ],
            [
                0.0,
                0.0,
                1.0,
                0.0,
                0.0
            ],
            [
                0.0,
                0.0,
                0.0,
                8.930935507375784e-07,
                0.9999991069064492
            ],
            [
                0.0,
                0.0,
                0.0,
                0.0,
                1.0
            ]
        ],
        [
            [
                0.9999777753400148,
                2.222465998526956e-05,
                0.0,
                0.0,
                0.0
            ],
            [
                9.273125515269376e-05,
                0.9999072687448473,
                0.0,
                0.0,
                0.0
            ],
            [
                0.0,
                0.0,
                0.9999891200018705,
                1.0879998129518426e-05,
                0.0
            ],
            [
                0.0,
                0.0,
                0.0,
                0.9241418199787564,
                0.07585818002124355
            ],
            [
                0.0,
                0.0,
                0.0,
                2.6074187146773868e-06,
                0.9999973925812853
            ]
        ],
        [
            [
                0.9998105936433803,
                0.0001894063566196273,
                0.0,
                0.0,
                0.0
            ],
            [
                0.0007898633611239569,
                0.9992101366388761,
                0.0,
                0.0,
                0.0
            ],
            [
                0.0,
                0.0,
                0.9983878507600186,
                0.0016121492399814518,
                0.0
            ],
            [
                0.0,
                0.0,
                0.0,
                0.02734664184383643,
                0.9726533581561635
            ],
            [
                0.0,
                0.0,
                0.0,
                0.0095382576093733,
                0.9904617423906267
            ]
        ],
        [
            [
                0.9998674694753876,
                0.00013253052461236771,
                0.0,
                0.0,
                0.0
            ],
            [
                0.013576842135560539,
                0.9864231578644395,
                0.0,
                0.0,
                0.0
            ],
            [
                0.0,
                0.0,
                1.0,
                0.0,
                0.0
            ],
            [
                0.0,
                0.0,
                0.0,
                3.17639365893792e-05,
                0.9999682360634106
            ],
            [
                0.0,
                0.0,
                0.0,
                1.8243466618209871e-06,
                0.9999981756533383
            ]
        ],
        [
            [
                0.9967123390605017,
                0.003287660939498294,
                0.0,
                0.0,
                0.0
            ],
            [
                4.539752236122818e-05,
                0.9999546024776388,
                0.0,
                0.0,
                0.0
            ],
            [
                0.0,
                0.0,
                1.2292373389756501e-08,
                0.9999999877076267,
                0.0
            ],
            [
                0.0,
                0.0,
                0.0,
                4.5397868702434395e-05,
                0.9999546021312976
            ],
            [
                0.0,
                0.0,
                0.0,
                0.0,
                1.0
            ]
        ],
        [
            [
                0.999810595088157,
                0.000189404911843018,
                0.0,
                0.0,
                0.0
            ],
            [
                2.6074162280567955e-06,
                0.999997392583772,
                0.0,
                0.0,
                0.0
            ],
            [
                0.0,
                0.0,
                1.0,
                0.0,
                0.0
            ],
            [
                0.0,
                0.0,
                0.0,
                4.539795528814878e-05,
                0.9999546020447118
            ],
            [
                0.0,
                0.0,
                0.0,
                1.4975174399863705e-07,
                0.999999850248256
            ]
        ],
        [
            [
                0.9999891199914945,
                1.088000850538526e-05,
                0.0,
                0.0,
                0.0
            ],
            [
                2.140306779797697e-07,
                0.999999785969322,
                0.0,
                0.0,
                0.0
            ],
            [
                0.0,
                0.0,
                1.0,
                0.0,
                0.0
            ],
            [
                0.0,
                0.0,
                0.0,
                0.9999072688332745,
                9.273116672552029e-05
            ],
            [
                0.0,
                0.0,
                0.0,
                0.001128526635177019,
                0.998871473364823
            ]
        ],
        [
            [
                0.9999991069064492,
                8.930935507375784e-07,
                0.0,
                0.0,
                0.0
            ],
            [
                0.19332102986239882,
                0.8066789701376011,
                0.0,
                0.0,
                0.0
            ],
            [
                0.0,
                0.0,
                1.0,
                0.0,
                0.0
            ],
            [
                0.0,
                0.0,
                0.0,
                3.0590251865677175e-07,
                0.9999996940974814
            ],
            [
                0.0,
                0.0,
                0.0,
                0.0,
                1.0
            ]
        ],
        [
            [
                0.9999973925812853,
                2.6074187146773864e-06,
                0.0,
                0.0,
                0.0
            ],
            [
                0.0066928509242848554,
                0.993307149075715,
                0.0,
                0.0,
                0.0
            ],
            [
                0.0,
                0.0,
                0.9999999999171747,
                8.28253614044081e-11,
                0.0
            ],
            [
                0.0,
                0.0,
                0.0,
                9.273045931116777e-05,
                0.9999072695406889
            ],
            [
                0.0,
                0.0,
                0.0,
                2.6074187146773868e-06,
                0.9999973925812853
            ]
        ],
        [
            [
                0.9999987235486517,
                1.2764513482599592e-06,
                0.0,
                0.0,
                0.0
            ],
            [
                4.5397825409639136e-05,
                0.9999546021745904,
                0.0,
                0.0,
                0.0
            ],
            [
                0.0,
                0.0,
                1.0,
                0.0,
                0.0
            ],
            [
                0.0,
                0.0,
                0.0,
                0.99671234218555,
                0.0032876578144499674
            ],
            [
                0.0,
                0.0,
                0.0,
                0.0,
                1.0
            ]
        ],
        [
            [
                0.9999999641116054,
                3.588839454591739e-08,
                0.0,
                0.0,
                0.0
            ],
            [
                0.01357682936347222,
                0.9864231706365277,
                0.0,
                0.0,
                0.0
            ],
            [
                0.0,
                0.0,
                1.0,
                0.0,
                0.0
            ],
            [
                0.0,
                0.0,
                0.0,
                0.9456865659223365,
                0.05431343407766356
            ],
            [
                0.0,
                0.0,
                0.0,
                7.612485662728743e-06,
                0.9999923875143372
            ]
        ],
        [
            [
                0.9999995627904426,
                4.372095573975654e-07,
                0.0,
                0.0,
                0.0
            ],
            [
                0.013576931540510559,
                0.9864230684594895,
                0.0,
                0.0,
                0.0
            ],
            [
                0.0,
                0.0,
                0.9999999999976713,
                2.3286958665740774e-12,
                0.0
            ],
            [
                0.0,
                0.0,
                0.0,
                3.7266392841865618e-06,
                0.9999962733607158
            ],
            [
                0.0,
                0.0,
                0.0,
                0.0001894063566196273,
                0.9998105936433804
            ]
        ],
        [
            [
                0.9999923875724154,
                7.61242758473593e-06,
                0.0,
                0.0,
                0.0
            ],
            [
                0.027346844777330542,
                0.9726531552226695,
                0.0,
                0.0,
                0.0
            ],
            [
                0.0,
                0.0,
                1.0,
                0.0,
                0.0
            ],
            [
                0.0,
                0.0,
                0.0,
                0.99972931574447,
                0.00027068425553012856
            ],
            [
                0.0,
                0.0,
                0.0,
                0.0011285180349513996,
                0.9988714819650486
            ]
        ],
        [
            [
                0.9999777753606091,
                2.222463939090089e-05,
                0.0,
                0.0,
                0.0
            ],
            [
                0.00038682656486119303,
                0.9996131734351388,
                0.0,
                0.0,
                0.0
            ],
            [
                0.0,
                0.0,
                1.0,
                0.0,
                0.0
            ],
            [
                0.0,
                0.0,
                0.0,
                0.9999998502481132,
                1.4975188681307589e-07
            ],
            [
                0.0,
                0.0,
                0.0,
                0.0,
                1.0
            ]
        ],
        [
            [
                0.9999999992940198,
                7.059801311332508e-10,
                0.0,
                0.0,
                0.0
            ],
            [
                0.10500099472147156,
                0.8949990052785285,
                0.0,
                0.0,
                0.0
            ],
            [
                0.0,
                0.0,
                1.0,
                0.0,
                0.0
            ],
            [
                0.0,
                0.1933222196540718,
                0.0,
                0.8066777803459283,
                0.0
            ],
            [
                0.0,
                0.0,
                0.0,
                1.0477753000692414e-07,
                0.99999989522247
            ]
        ],
        [
            [
                0.9983878383481644,
                0.0016121616518356796,
                0.0,
                0.0,
                0.0
            ],
            [
                0.05431304220670481,
                0.9456869577932951,
                0.0,
                0.0,
                0.0
            ],
            [
                0.0,
                0.0,
                1.0,
                0.0,
                0.0
            ],
            [
                0.0,
                0.0,
                0.0,
                0.9999973925613923,
                2.6074386077274855e-06
            ],
            [
                0.0,
                0.0,
                0.0,
                0.019292201481934907,
                0.9807077985180651
            ]
        ],
        [
            [
                0.9999996940974814,
                3.0590251865677175e-07,
                0.0,
                0.0,
                0.0
            ],
            [
                0.027346616477252568,
                0.9726533835227473,
                0.0,
                0.0,
                0.0
            ],
            [
                0.0,
                9.717035428099559e-12,
                0.999999999990283,
                0.0,
                0.0
            ],
            [
                0.0,
                0.0,
                0.0,
                0.0011285266351770192,
                0.998871473364823
            ],
            [
                0.0,
                0.0,
                0.0,
                6.488297484731642e-05,
                0.9999351170251526
            ]
        ],
        [
            [
                0.9999973925613923,
                2.607438607727485e-06,
                0.0,
                0.0,
                0.0
            ],
            [
                4.539786870243439e-05,
                0.9999546021312975,
                0.0,
                0.0,
                0.0
            ],
            [
                0.0,
                0.0,
                0.10500027774528578,
                0.8949997222547142,
                0.0
            ],
            [
                0.0,
                0.0,
                0.0,
                0.9999844498462904,
                1.555015370957831e-05
            ],
            [
                0.0,
                0.0,
                0.0,
                0.0001894063566196273,
                0.9998105936433804
            ]
        ],
        [
            [
                0.9997293160025444,
                0.0002706839974555049,
                0.0,
                0.0,
                0.0
            ],
            [
                0.00018940491184301798,
                0.999810595088157,
                0.0,
                0.0,
                0.0
            ],
            [
                0.0,
                0.0,
                6.248758374643969e-07,
                0.9999993751241625,
                0.0
            ],
            [
                0.0,
                0.0,
                0.0,
                0.003287657814449968,
                0.99671234218555
            ],
            [
                0.0,
                0.0,
                0.0,
                9.273116672552029e-05,
                0.9999072688332745
            ]
        ],
        [
            [
                0.9999996940974814,
                3.0590251865677175e-07,
                0.0,
                0.0,
                0.0
            ],
            [
                4.539782540963913e-05,
                0.9999546021745903,
                0.0,
                0.0,
                0.0
            ],
            [
                0.0,
                0.0,
                1.0,
                0.0,
                0.0
            ],
            [
                0.0,
                0.0,
                0.0,
                0.0095382576093733,
                0.9904617423906268
            ],
            [
                0.0,
                0.0,
                0.0,
                0.00013252938724938622,
                0.9998674706127505
            ]
        ],
        [
            [
                0.9998105952687533,
                0.00018940473124671656,
                0.0,
                0.0,
                0.0
            ],
            [
                0.0032876578144499674,
                0.99671234218555,
                0.0,
                0.0,
                0.0
            ],
            [
                0.0,
                0.0,
                1.0,
                0.0,
                0.0
            ],
            [
                0.0,
                0.0,
                0.0,
                0.9999891200018705,
                1.0879998129518426e-05
            ],
            [
                0.0,
                3.17639365893792e-05,
                0.0,
                0.0,
                0.9999682360634107
            ]
        ],
        [
            [
                0.9999981756515983,
                1.8243484016511983e-06,
                0.0,
                0.0,
                0.0
            ],
            [
                5.326236115998773e-06,
                0.999994673763884,
                0.0,
                0.0,
                0.0
            ],
            [
                0.0,
                0.0,
                4.539791199527095e-05,
                0.9999546020880047,
                0.0
            ],
            [
                0.0,
                0.0,
                0.0,
                0.00027068425553012856,
                0.9997293157444699
            ],
            [
                0.0,
                0.0,
                0.0,
                6.248752415370163e-07,
                0.9999993751247586
            ]
        ],
        [
            [
                0.9999072688332745,
                9.273116672552029e-05,
                0.0,
                0.0,
                0.0
            ],
            [
                0.01357691876833929,
                0.9864230812316607,
                0.0,
                0.0,
                0.0
            ],
            [
                0.0,
                0.0,
                1.0,
                0.0,
                0.0
            ],
            [
                0.0,
                0.0,
                0.0,
                0.9999998502482561,
                1.497517439986371e-07
            ],
            [
                0.0,
                0.0,
                0.0,
                0.0,
                1.0
            ]
        ],
        [
            [
                0.9999546021312976,
                4.5397868702434395e-05,
                0.0,
                0.0,
                0.0
            ],
            [
                1.0880008505385262e-05,
                0.9999891199914945,
                0.0,
                0.0,
                0.0
            ],
            [
                0.0,
                0.0,
                8.930935507375783e-07,
                0.9999991069064492,
                0.0
            ],
            [
                0.0,
                0.0,
                0.0,
                0.10500099472147156,
                0.8949990052785285
            ],
            [
                0.0,
                0.0,
                0.0,
                3.176417892221002e-05,
                0.9999682358210777
            ]
        ],
        [
            [
                0.9967123422893114,
                0.0032876577106886484,
                0.0,
                0.0,
                0.0
            ],
            [
                9.27303708847531e-05,
                0.9999072696291154,
                0.0,
                0.0,
                0.0
            ],
            [
                0.0,
                0.0,
                0.9999999999997268,
                2.7319989413219453e-13,
                0.0
            ],
            [
                0.0,
                0.0,
                0.0,
                6.488346983489965e-05,
                0.9999351165301652
            ],
            [
                0.0,
                0.0,
                0.0,
                3.059022269256247e-07,
                0.9999996940977731
            ]
        ],
        [
            [
                0.9999923875070774,
                7.612492922509e-06,
                0.0,
                0.0,
                0.0
            ],
            [
                5.326241195468726e-06,
                0.9999946737588045,
                0.0,
                0.0,
                0.0
            ],
            [
                0.0,
                0.0,
                0.9999973925589056,
                2.607441094369419e-06,
                0.0
            ],
            [
                0.0,
                0.0,
                0.0,
                0.013576931540510559,
                0.9864230684594895
            ],
            [
                0.0,
                0.0,
                0.0,
                3.176417892221002e-05,
                0.9999682358210777
            ]
        ],
        [
            [
                0.9999999487070872,
                5.129291276238428e-08,
                0.0,
                0.0,
                0.0
            ],
            [
                2.222461759607725e-05,
                0.999977775382404,
                0.0,
                0.0,
                0.0
            ],
            [
                0.0,
                0.0,
                3.588832609430485e-08,
                0.9999999641116739,
                0.0
            ],
            [
                0.0,
                0.0,
                0.0,
                0.0002706842555301286,
                0.9997293157444698
            ],
            [
                0.0,
                0.0,
                0.0,
                2.418115722348561e-10,
                0.9999999997581884
            ]
        ],
        [
            [
                0.9999682360634106,
                3.17639365893792e-05,
                0.0,
                0.0,
                0.0
            ],
            [
                5.3262767518940435e-06,
                0.9999946737232481,
                0.0,
                0.0,
                0.0
            ],
            [
                0.0,
                0.0,
                0.9999999997581859,
                2.418141089525054e-10,
                0.0
            ],
            [
                0.0,
                0.0,
                0.0,
                0.9953077491273102,
                0.004692250872689786
            ],
            [
                0.0,
                0.0,
                0.0,
                0.3286539893903087,
                0.6713460106096912
            ]
        ],
        [
            [
                0.9999891199914945,
                1.0880008505385262e-05,
                0.0,
                0.0,
                0.0
            ],
            [
                6.248758374643969e-07,
                0.9999993751241626,
                0.0,
                0.0,
                0.0
            ],
            [
                0.0,
                0.0,
                1.0,
                0.0,
                0.0
            ],
            [
                0.0,
                0.0,
                0.0,
                0.9864230684594895,
                0.013576931540510559
            ],
            [
                0.0,
                0.0,
                0.0,
                2.140304738643502e-07,
                0.9999997859695262
            ]
        ],
        [
            [
                0.9999981756515984,
                1.8243484016511987e-06,
                0.0,
                0.0,
                0.0
            ],
            [
                0.3286523060387446,
                0.6713476939612553,
                0.0,
                0.0,
                0.0
            ],
            [
                0.0,
                0.0,
                0.0,
                1.0,
                0.0
            ],
            [
                0.0,
                0.0,
                0.0,
                8.600680638099492e-09,
                0.9999999913993194
            ],
            [
                0.0,
                0.0,
                0.0,
                0.0,
                1.0
            ]
        ],
        [
            [
                0.9999987235596076,
                1.276440392451158e-06,
                0.0,
                0.0,
                0.0
            ],
            [
                1.088000850538526e-05,
                0.9999891199914945,
                0.0,
                0.0,
                0.0
            ],
            [
                0.0,
                0.0,
                1.0,
                0.0,
                0.0
            ],
            [
                0.0,
