{
    "[['A', 'B', 'C', 'D', 'E'], ['A', 'B', 'C', 'D', 'E']]": [
        [
            [
                0.999999895222392,
                1.0477760807228826e-07,
                0.0,
                0.0,
                0.0
            ],
            [
                1.824346974446606e-06,
                0.9999981756530255,
                0.0,
                0.0,
                0.0
            ],
            [
                0.0,
                0.0,
                1.0,
                0.0,
                0.0
            ],
            [
                0.0,
                0.0,
                0.0,
                0.8066777803459282,
                0.1933222196540718
            ],
            [
                0.0,
                0.0,
                0.0,
                0.19332102986239882,
                0.8066789701376011
            ]
        ],
        [
            [
                0.9999999970541265,
                2.945873629216217e-09,
                0.0,
                0.0,
                0.0
            ],
            [
                4.939569959720553e-10,
                0.999999999506043,
                0.0,
                0.0,
                0.0
            ],
            [
                0.0,
                0.0,
                1.0,
                0.0,
                0.0
            ],
            [
                0.0,
                0.0,
                0.0,
                0.9998674706127506,
                0.00013252938724938622
            ],
            [
                0.0,
                0.0,
                0.0,
                0.32865398939030877,
                0.6713460106096913
            ]
        ],
        [
            [
                0.9983878507600185,
                0.0016121492399814516,
                0.0,
                0.0,
                0.0
            ],
            [
                5.129291276238428e-08,
                0.9999999487070873,
                0.0,
                0.0,
                0.0
            ],
            [
                0.0,
                0.0,
                1.0,
                0.0,
                0.0
            ],
            [
                0.0,
                0.0,
                0.0,
                0.9999991069064492,
                8.930935507375784e-07
            ],
            [
                0.0,
                0.0,
                0.0,
                0.9726531552226694,
                0.02734684477733054
            ]
        ],
        [
            [
                0.99671234218555,
                0.0032876578144499682,
                0.0,
                0.0,
                0.0
            ],
            [
                6.798713193660393e-12,
                0.9999999999932012,
                0.0,
                0.0,
                0.0
            ],
            [
                0.0,
                0.0,
                1.0,
                0.0,
                0.0
            ],
            [
                0.0,
                0.0,
                0.0,
                0.9999981756515984,
                1.8243484016511985e-06
            ],
            [
                0.0,
                0.0,
                0.0,
                0.002302564881617554,
                0.9976974351183825
            ]
        ],
        [
            [
                0.9456869333014383,
                0.05431306669856165,
                0.0,
                0.0,
                0.0
            ],
            [
                6.248752415370164e-07,
                0.9999993751247586,
                0.0,
                0.0,
                0.0
            ],
            [
                0.0,
                0.0,
                1.0,
                0.0,
                0.0
            ],
            [
                0.0,
                0.0,
                0.0,
                0.9999998952225698,
                1.0477743008334297e-07
            ],
            [
                0.0,
                0.0,
                0.0,
                0.027346844777330542,
                0.9726531552226694
            ]
        ],
        [
            [
                0.9999891199992765,
                1.0880000723484207e-05,
                0.0,
                0.0,
                0.0
            ],
            [
                1.4975174943785636e-07,
                0.9999998502482506,
                0.0,
                0.0,
                0.0
            ],
            [
                0.0,
                0.0,
                1.0,
                0.0,
                0.0
            ],
            [
                0.0,
                0.0,
                0.0,
                0.9999891200018705,
                1.0879998129518426e-05
            ],
            [
                0.0,
                0.0,
                0.0,
                1.0477762993060065e-07,
                0.9999998952223701
            ]
        ],
        [
            [
                0.9999682358135049,
                3.1764186495140765e-05,
                0.0,
                0.0,
                0.0
            ],
            [
                1.0477676575008152e-07,
                0.9999998952232342,
                0.0,
                0.0,
                0.0
            ],
            [
                0.0,
                0.0,
                1.0,
                0.0,
                0.0
            ],
            [
                0.0,
                0.0,
                0.0,
                0.9998105952687533,
                0.00018940473124671656
            ],
            [
                0.0,
                0.0,
                0.0,
                4.5397868702434395e-05,
                0.9999546021312975
            ]
        ],
        [
            [
                0.999613170392825,
                0.0003868296071749718,
                0.0,
                0.0,
                0.0
            ],
            [
                0.013576931540510557,
                0.9864230684594893,
                0.0,
                0.0,
                0.0
            ],
            [
                0.0,
                0.0,
                1.0,
                0.0,
                0.0
            ],
            [
                0.0,
                0.0,
                0.0,
                0.999999974889985,
                2.5110014873692408e-08
            ],
            [
                0.0,
                0.0,
                0.0,
                1.824346661820987e-06,
                0.9999981756533382
            ]
        ],
        [
            [
                0.5,
                0.5,
                0.0,
                0.0,
                0.0
            ],
            [
                7.331021799501204e-08,
                0.999999926689782,
                0.0,
                0.0,
                0.0
            ],
            [
                0.0,
                0.0,
                1.0,
                0.0,
                0.0
            ],
            [
                0.0,
                0.0,
                0.0,
                0.9999072694522623,
                9.273054773766672e-05
            ],
            [
                0.0,
                0.0,
                0.0,
                0.0066928509242848554,
                0.9933071490757153
            ]
        ],
        [
            [
                0.9999993751289299,
                6.248710700612651e-07,
                0.0,
                0.0,
                0.0
            ],
            [
                2.8369336857665827e-11,
                0.9999999999716307,
                0.0,
                0.0,
                0.0
            ],
            [
                0.0,
                0.0,
                1.0,
                0.0,
                0.0
            ],
            [
                0.0,
                0.0,
                0.0,
                0.9999999824312886,
                1.756871135902517e-08
            ],
            [
                0.0,
                0.0,
                0.0,
                0.0007898633611239568,
                0.999210136638876
            ]
        ],
        [
            [
                0.3286523060387446,
                0.6713476939612554,
                0.0,
                0.0,
                0.0
            ],
            [
                2.511001487369241e-08,
                0.9999999748899852,
                0.0,
                0.0,
                0.0
            ],
            [
                0.0,
                0.0,
                1.0,
                0.0,
                0.0
            ],
            [
                0.0,
                0.0,
                0.0,
                0.9999987235510864,
                1.2764489136276546e-06
            ],
            [
                0.0,
                0.0,
                0.0,
                0.10500099472147156,
                0.8949990052785284
            ]
        ],
        [
            [
                0.9999546024762859,
                4.539752371411838e-05,
                0.0,
                0.0,
                0.0
            ],
            [
                3.176414863050506e-05,
                0.9999682358513695,
                0.0,
                0.0,
                0.0
            ],
            [
                0.0,
                0.0,
                1.0,
                0.0,
                0.0
            ],
            [
                0.0,
                0.0,
                0.0,
                0.9999981756515983,
                1.8243484016511985e-06
            ],
            [
                0.0,
                0.0,
                0.0,
                4.3720622176754196e-07,
                0.9999995627937782
            ]
        ],
        [
            [
                0.9999891200044644,
                1.0879995535553263e-05,
                0.0,
                0.0,
                0.0
            ],
            [
                2.510997841568834e-08,
                0.9999999748900216,
                0.0,
                0.0,
                0.0
            ],
            [
                0.0,
                0.0,
                1.0,
                0.0,
                0.0
            ],
            [
                0.0,
                0.0,
                0.0,
                0.999210136638876,
                0.0007898633611239568
            ],
            [
                0.0,
                0.0,
                0.0,
                0.8066789701376011,
                0.19332102986239882
            ]
        ],
        [
            [
                0.9726531552226695,
                0.027346844777330546,
                0.0,
                0.0,
                0.0
            ],
            [
                3.7266392841865614e-06,
                0.9999962733607158,
                0.0,
                0.0,
                0.0
            ],
            [
                0.0,
                0.0,
                1.0,
                0.0,
                0.0
            ],
            [
                0.0,
                0.0,
                0.0,
                0.999999974890009,
                2.5109990926928153e-08
            ],
            [
                0.0,
                0.0,
                0.0,
                0.19332221965407181,
                0.8066777803459282
            ]
        ],
        [
            [
                0.9983878507600186,
                0.0016121492399814516,
                0.0,
                0.0,
                0.0
            ],
            [
                1.555012486149297e-05,
                0.9999844498751386,
                0.0,
                0.0,
                0.0
            ],
            [
                0.0,
                0.0,
                1.0,
                0.0,
                0.0
            ],
            [
                0.0,
                0.0,
                0.0,
                0.9999987235498691,
                1.2764501309432264e-06
            ],
            [
                0.0,
                0.0,
                0.0,
                0.002302564881617554,
                0.9976974351183824
            ]
        ],
        [
            [
                0.6713476939612554,
                0.3286523060387446,
                0.0,
                0.0,
                0.0
            ],
            [
                3.059022269256247e-07,
                0.9999996940977731,
                0.0,
                0.0,
                0.0
            ],
            [
                0.0,
                0.0,
                1.0,
                0.0,
                0.0
            ],
            [
                0.0,
                0.0,
                0.0,
                0.9997293157444699,
                0.0002706842555301286
            ],
            [
                0.0,
                0.0,
                0.0,
                0.3286523060387446,
                0.6713476939612554
            ]
        ],
        [
            [
                0.0003868294227916377,
                0.9996131705772084,
                0.0,
                0.0,
                0.0
            ],
            [
                7.612484131369728e-06,
                0.9999923875158686,
                0.0,
                0.0,
                0.0
            ],
            [
                0.0,
                0.0,
                1.0,
                0.0,
                0.0
            ],
            [
                0.0,
                0.0,
                0.0,
                0.9997293157444699,
                0.0002706842555301286
            ],
            [
                0.0,
                0.0,
                0.0,
                0.8949997222547141,
                0.1050002777452858
            ]
        ],
        [
            [
                0.8066789701376011,
                0.19332102986239882,
                0.0,
                0.0,
                0.0
            ],
            [
                4.21034844318735e-09,
                0.9999999957896516,
                0.0,
                0.0,
                0.0
            ],
            [
                0.0,
                0.0,
                1.0,
                0.0,
                0.0
            ],
            [
                0.0,
                0.0,
                0.0,
                0.027346641843836433,
                0.9726533581561637
            ],
            [
                0.0,
                0.0,
                0.0,
                0.0007898633611239567,
                0.999210136638876
            ]
        ],
        [
            [
                0.9999962733593831,
                3.7266406169318976e-06,
                0.0,
                0.0,
                0.0
            ],
            [
                3.0590209929333545e-07,
                0.9999996940979008,
                0.0,
                0.0,
                0.0
            ],
            [
                0.0,
                0.0,
                1.0,
                0.0,
                0.0
            ],
            [
                0.0,
                0.0,
                0.0,
                0.9726533581561636,
                0.02734664184383643
            ],
            [
                0.0,
                0.0,
                0.0,
                0.001612161519921751,
                0.9983878384800782
            ]
        ],
        [
            [
                0.9999682358210777,
                3.176417892221001e-05,
                0.0,
                0.0,
                0.0
            ],
            [
                7.33096330132393e-08,
                0.999999926690367,
                0.0,
                0.0,
                0.0
            ],
            [
                0.0,
                0.0,
                1.0,
                0.0,
                0.0
            ],
            [
                0.0,
                0.0,
                0.0,
                1.0,
                0.0
            ],
            [
                0.0,
                0.0,
                0.0,
                0.006692850924284855,
                0.993307149075715
            ]
        ],
        [
            [
                0.9994472214947963,
                0.0005527785052037703,
                0.0,
                0.0,
                0.0
            ],
            [
                2.061139858551285e-09,
                0.9999999979388602,
                0.0,
                0.0,
                0.0
            ],
            [
                0.0,
                0.0,
                1.0,
                0.0,
                0.0
            ],
            [
                0.0,
                0.0,
                0.0,
                0.054313042206704805,
                0.9456869577932951
            ],
            [
                0.0,
                0.0,
                0.0,
                0.0,
                1.0
            ]
        ],
        [
            [
                0.999447225841533,
                0.0005527741584670016,
                0.0,
                0.0,
                0.0
            ],
            [
                1.047766853434038e-07,
                0.9999998952233146,
                0.0,
                0.0,
                0.0
            ],
            [
                0.0,
                0.0,
                1.0,
                0.0,
                0.0
            ],
            [
                0.0,
                0.0,
                0.0,
                0.9999987235498692,
                1.2764501309432266e-06
            ],
            [
                0.0,
                0.0,
                0.0,
                9.273116672552028e-05,
                0.9999072688332745
            ]
        ],
        [
            [
                0.9999999970541236,
                2.9458764386215672e-09,
                0.0,
                0.0,
                0.0
            ],
            [
                0.8949990052785284,
                0.10500099472147155,
                0.0,
                0.0,
                0.0
            ],
            [
                0.0,
                0.0,
                1.0,
                0.0,
                0.0
            ],
            [
                0.0,
                0.0,
                0.0,
                6.488297484731643e-05,
                0.9999351170251528
            ],
            [
                0.0,
                0.0,
                0.0,
                0.0,
                1.0
            ]
        ],
        [
            [
                0.9983878382882034,
                0.0016121617117965598,
                0.0,
                0.0,
                0.0
            ],
            [
                0.19332102986239882,
                0.8066789701376011,
                0.0,
                0.0,
                0.0
            ],
            [
                0.0,
                0.0,
                1.0,
                0.0,
                0.0
            ],
            [
                0.0,
                0.0,
                0.0,
                0.9999844499945852,
                1.555000541476938e-05
            ],
            [
                0.0,
                0.0,
                0.0,
                0.0,
                1.0
            ]
        ],
        [
            [
                0.9988714822338046,
                0.0011285177661954039,
                0.0,
                0.0,
                0.0
            ],
            [
                0.0003868295149832938,
                0.9996131704850167,
                0.0,
                0.0,
                0.0
            ],
            [
                0.0,
                0.0,
                1.0,
                0.0,
                0.0
            ],
            [
                0.0,
                0.0,
                0.0,
                0.05431304220670482,
                0.9456869577932953
            ],
            [
                0.0,
                0.0,
                0.0,
                3.176417892221001e-05,
                0.9999682358210777
            ]
        ],
        [
            [
                0.9864230684594895,
                0.013576931540510559,
                0.0,
                0.0,
                0.0
            ],
            [
                6.248752368813359e-07,
                0.9999993751247631,
                0.0,
                0.0,
                0.0
            ],
            [
                0.0,
                0.0,
                1.0,
                0.0,
                0.0
            ],
            [
                0.0,
                0.0,
                0.0,
                0.9726531552226695,
                0.027346844777330546
            ],
            [
                0.0,
                0.0,
                0.0,
                0.0,
                1.0
            ]
        ],
        [
            [
                0.9999946737634873,
                5.326236512832189e-06,
                0.0,
                0.0,
                0.0
            ],
            [
                2.061151903989107e-09,
                0.9999999979388481,
                0.0,
                0.0,
                0.0
            ],
            [
                0.0,
                0.0,
                1.0,
                0.0,
                0.0
            ],
            [
                0.0,
                0.0,
                0.0,
                0.3286539893903087,
                0.6713460106096912
            ],
            [
                0.0,
                0.0,
                0.0,
                0.001128526635177019,
                0.998871473364823
            ]
        ],
        [
            [
                0.8066789701376011,
                0.19332102986239882,
                0.0,
                0.0,
                0.0
            ],
            [
                8.930935507375785e-07,
                0.9999991069064493,
                0.0,
                0.0,
                0.0
            ],
            [
                0.0,
                0.0,
                1.0,
                0.0,
                0.0
            ],
            [
                0.0,
                0.0,
                0.0,
                0.9999995627900256,
                4.3720997435310775e-07
            ],
            [
                0.0,
                0.0,
                0.0,
                0.0,
                1.0
            ]
        ],
        [
            [
                0.999447225841533,
                0.0005527741584670017,
                0.0,
                0.0,
                0.0
            ],
            [
                0.00018940491184301798,
                0.999810595088157,
                0.0,
                0.0,
                0.0
            ],
            [
                0.0,
                0.0,
                1.0,
                0.0,
                0.0
            ],
            [
                0.0,
                0.0,
                0.0,
                1.0,
                0.0
            ],
            [
                0.0,
                0.0,
                0.0,
                9.273116672552029e-05,
                0.9999072688332745
            ]
        ],
        [
            [
                0.5,
                0.5,
                0.0,
                0.0,
                0.0
            ],
            [
                1.047767306209429e-07,
                0.9999998952232695,
                0.0,
                0.0,
                0.0
            ],
            [
                0.0,
                0.0,
                1.0,
                0.0,
                0.0
            ],
            [
                0.0,
                0.0,
                0.0,
                0.9999546024776389,
                4.539752236122818e-05
            ],
            [
                0.0,
                0.0,
                0.0,
                0.0,
                1.0
            ]
        ],
        [
            [
                0.9864230684594895,
                0.013576931540510559,
                0.0,
                0.0,
                0.0
            ],
            [
                4.53978687024344e-05,
                0.9999546021312976,
                0.0,
                0.0,
                0.0
            ],
            [
                0.0,
                0.0,
                1.0,
                0.0,
                0.0
            ],
            [
                0.0,
                0.0,
                0.0,
                0.9999999266902171,
                7.330978280854743e-08
            ],
            [
                0.0,
                0.0,
                0.0,
                8.930935507375785e-07,
                0.9999991069064493
            ]
        ],
        [
            [
                0.9456869577932953,
                0.05431304220670481,
                0.0,
                0.0,
                0.0
            ],
            [
                1.3887957109352834e-11,
                0.9999999999861121,
                0.0,
                0.0,
                0.0
            ],
            [
                0.0,
                0.0,
                1.0,
                0.0,
                0.0
            ],
            [
                0.0,
                0.0,
                0.0,
                0.9999999641119477,
                3.588805228916033e-08
            ],
            [
                0.0,
                0.0,
                0.0,
                0.00018940635661962726,
                0.9998105936433803
            ]
        ],
        [
            [
                0.9999946737251529,
                5.326274847079527e-06,
                0.0,
                0.0,
                0.0
            ],
            [
                6.017622348182813e-09,
                0.9999999939823776,
                0.0,
                0.0,
                0.0
            ],
            [
                0.0,
                0.0,
                1.0,
                0.0,
                0.0
            ],
            [
                0.0,
                0.0,
                0.0,
                0.9999995627937782,
                4.37206221767542e-07
            ],
            [
                0.0,
                0.0,
                0.0,
                0.8066777803459282,
                0.1933222196540718
            ]
        ],
        [
            [
                0.6713477991705821,
                0.328652200829418,
                0.0,
                0.0,
                0.0
            ],
            [
                1.8243449219924355e-06,
                0.9999981756550781,
                0.0,
                0.0,
                0.0
            ],
            [
                0.0,
                0.0,
                1.0,
                0.0,
                0.0
            ],
            [
                0.0,
                0.0,
                0.0,
                0.999999926690357,
                7.330964298137702e-08
            ],
            [
                0.0,
                0.0,
                0.0,
                0.0011285255601452364,
                0.9988714744398548
            ]
        ],
        [
            [
                0.9999946737626935,
                5.3262373064991094e-06,
                0.0,
                0.0,
                0.0
            ],
            [
                7.330960256263525e-08,
                0.9999999266903974,
                0.0,
                0.0,
                0.0
            ],
            [
                0.0,
                0.0,
                1.0,
                0.0,
                0.0
            ],
            [
                0.0,
                0.0,
                0.0,
                0.9999923875143374,
                7.612485662728744e-06
            ],
            [
                0.0,
                0.0,
                0.0,
                7.6124856627287425e-06,
                0.9999923875143372
            ]
        ],
        [
            [
                0.8066789701376011,
                0.19332102986239882,
                0.0,
                0.0,
                0.0
            ],
            [
                0.0007898631729546245,
                0.9992101368270453,
                0.0,
                0.0,
                0.0
            ],
            [
                0.0,
                0.0,
                1.0,
                0.0,
                0.0
            ],
            [
                0.0,
                0.0,
                0.0,
                0.9726533581561637,
                0.02734664184383643
            ],
            [
                0.0,
                0.0,
                0.0,
                0.9456865659223365,
                0.054313434077663564
            ]
        ],
        [
            [
                0.9999998502482164,
                1.4975178360731543e-07,
                0.0,
                0.0,
                0.0
            ],
            [
                1.497516011843345e-07,
                0.9999998502483988,
                0.0,
                0.0,
                0.0
            ],
            [
                0.0,
                0.0,
                1.0,
                0.0,
                0.0
            ],
            [
                0.0,
                0.0,
                0.0,
                0.9999351170251526,
                6.488297484731643e-05
            ],
            [
                0.0,
                0.0,
                0.0,
                0.001612149239981452,
                0.9983878507600187
            ]
        ],
        [
            [
                0.9726533644978117,
                0.02734663550218832,
                0.0,
                0.0,
                0.0
            ],
            [
                2.1403231091013347e-07,
                0.9999997859676891,
                0.0,
                0.0,
                0.0
            ],
            [
                0.0,
                0.0,
                1.0,
                0.0,
                0.0
            ],
            [
                0.0,
                0.0,
                0.0,
                0.999997392563879,
                2.607436121087923e-06
            ],
            [
                0.0,
                0.0,
                0.0,
                0.0,
                1.0
            ]
        ],
        [
            [
                0.9998105951333062,
                0.00018940486669392648,
                0.0,
                0.0,
                0.0
            ],
            [
                2.607419452893331e-06,
                0.9999973925805471,
                0.0,
                0.0,
                0.0
            ],
            [
                0.0,
                0.0,
                1.0,
                0.0,
                0.0
            ],
            [
                0.0,
                0.0,
                0.0,
                0.9988714733648231,
                0.0011285266351770192
            ],
            [
                0.0,
                0.0,
                0.0,
                0.0,
                1.0
            ]
        ],
        [
            [
                0.9988714823681825,
                0.0011285176318174299,
                0.0,
                0.0,
                0.0
            ],
            [
                1.2764497505319856e-06,
                0.9999987235502494,
                0.0,
                0.0,
                0.0
            ],
            [
                0.0,
                0.0,
                1.0,
                0.0,
                0.0
            ],
            [
                0.0,
                0.0,
                0.0,
                0.9999999824313054,
                1.7568694604204654e-08
            ],
            [
                0.0,
                0.0,
                0.0,
                0.0,
                1.0
            ]
        ],
        [
            [
                0.9983878504722086,
                0.001612149527791484,
                0.0,
                0.0,
                0.0
            ],
            [
                6.017628087037396e-09,
                0.9999999939823719,
                0.0,
                0.0,
                0.0
            ],
            [
                0.0,
                0.0,
                1.0,
                0.0,
                0.0
            ],
            [
                0.0,
                0.0,
                0.0,
                0.9976974351183824,
                0.002302564881617554
            ],
            [
                0.0,
                0.0,
                0.0,
                1.0477743008334297e-07,
                0.9999998952225698
            ]
        ],
        [
            [
                0.999999850248256,
                1.497517439986371e-07,
                0.0,
                0.0,
                0.0
            ],
            [
                8.600672435855244e-09,
                0.9999999913993275,
                0.0,
                0.0,
                0.0
            ],
            [
                0.0,
                0.0,
                1.0,
                0.0,
                0.0
            ],
            [
                0.0,
                0.0,
                0.0,
                0.9998674706127506,
                0.00013252938724938625
            ],
            [
                0.0,
                0.0,
                0.0,
                2.140304738643502e-07,
                0.9999997859695262
            ]
        ],
        [
            [
                0.9456869333014383,
                0.054313066698561646,
                0.0,
                0.0,
                0.0
            ],
            [
                2.5109847246822246e-08,
                0.9999999748901528,
                0.0,
                0.0,
                0.0
            ],
            [
                0.0,
                0.0,
                1.0,
                0.0,
                0.0
            ],
            [
                0.0,
                0.0,
                0.0,
                0.9904617423906266,
                0.009538257609373298
            ],
            [
                0.0,
                0.0,
                0.0,
                0.0,
                1.0
            ]
        ],
        [
            [
                0.9999999748899852,
                2.5110014873692408e-08,
                0.0,
                0.0,
                0.0
            ],
            [
                0.0032876578144499674,
                0.99671234218555,
                0.0,
                0.0,
                0.0
            ],
            [
                0.0,
                0.0,
                1.0,
                0.0,
                0.0
            ],
            [
                0.0,
                0.0,
                0.0,
                0.32865230603874457,
                0.6713476939612554
            ],
            [
                0.0,
                0.0,
                0.0,
                0.05431343407766355,
                0.9456865659223364
            ]
        ],
        [
            [
                0.01357692834746663,
                0.9864230716525334,
                0.0,
                0.0,
                0.0
            ],
            [
                0.0001894063566196273,
                0.9998105936433803,
                0.0,
                0.0,
                0.0
            ],
            [
                0.0,
                0.0,
                1.0,
                0.0,
                0.0
            ],
            [
                0.0,
                0.0,
                0.0,
                0.9999777753612094,
                2.22246387906633e-05
            ],
            [
                0.0,
                0.0,
                0.0,
                4.539786870243439e-05,
                0.9999546021312975
            ]
        ],
        [
            [
                0.9999923875125223,
                7.612487477673159e-06,
                0.0,
                0.0,
                0.0
            ],
            [
                3.588808544514088e-08,
                0.9999999641119146,
                0.0,
                0.0,
                0.0
            ],
            [
                0.0,
                0.0,
                1.0,
                0.0,
                0.0
            ],
            [
                0.0,
                0.0,
                0.0,
                0.9999999487070873,
                5.129291276238428e-08
            ],
            [
                0.0,
                0.0,
                0.0,
                0.0,
                1.0
            ]
        ],
        [
            [
                0.9999991068996356,
                8.931003645205374e-07,
                0.0,
                0.0,
                0.0
            ],
            [
                2.140305205078957e-07,
                0.9999997859694795,
                0.0,
                0.0,
                0.0
            ],
            [
                0.0,
                0.0,
                1.0,
                0.0,
                0.0
            ],
            [
                0.0,
                0.0,
                0.0,
                0.05431343407766355,
                0.9456865659223365
            ],
            [
                0.0,
                0.0,
                0.0,
                0.0007898693825662401,
                0.9992101306174339
            ]
        ],
        [
            [
                0.9999993751292837,
                6.248707162320138e-07,
                0.0,
                0.0,
                0.0
            ],
            [
                2.607416228056796e-06,
                0.999997392583772,
                0.0,
                0.0,
                0.0
            ],
            [
                0.0,
                0.0,
                1.0,
                0.0,
                0.0
            ],
            [
                0.0,
                0.0,
                0.0,
                0.9998105936433804,
                0.0001894063566196273
            ],
            [
                0.0,
                0.0,
                0.0,
                0.003287657814449968,
                0.9967123421855502
            ]
        ],
        [
            [
                0.9999962733607158,
                3.726639284186561e-06,
                0.0,
                0.0,
                0.0
            ],
            [
                2.1403056954342883e-07,
                0.9999997859694304,
                0.0,
                0.0,
                0.0
            ],
            [
                0.0,
                0.0,
                1.0,
                0.0,
                0.0
            ],
            [
                0.0,
                0.0,
                0.0,
                0.9999999992940193,
                7.059808044086903e-10
            ],
            [
                0.0,
                0.0,
                0.0,
                0.0001894063566196273,
                0.9998105936433803
            ]
        ],
        [
            [
                0.9999998952223959,
                1.0477760416901868e-07,
                0.0,
                0.0,
                0.0
            ],
            [
                1.229236711616385e-08,
                0.9999999877076329,
                0.0,
                0.0,
                0.0
            ],
            [
                0.0,
                0.0,
                1.0,
                0.0,
                0.0
