{
    "[['A', 'B', 'C', 'D', 'E'], ['A', 'B', 'C', 'D', 'E']]": [
        [
            [
                0.9999995627900257,
                4.3720997435310775e-07,
                0.0,
                0.0,
                0.0
            ],
            [
                0.0003868298837501378,
                0.99961317011625,
                0.0,
                0.0,
                0.0
            ],
            [
                0.0,
                0.0,
                1.0,
                0.0,
                0.0
            ],
            [
                0.0,
                0.0,
                1.0090194641677363e-09,
                0.9999999989909806,
                0.0
            ],
            [
                0.0,
                0.0,
                0.0,
                2.22246387906633e-05,
                0.9999777753612092
            ]
        ],
        [
            [
                0.8949996326329273,
                0.10500036736707268,
                0.0,
                0.0,
                0.0
            ],
            [
                1.5550109220987142e-05,
                0.9999844498907791,
                0.0,
                0.0,
                0.0
            ],
            [
                0.0,
                4.939567604350613e-10,
                0.9999999995060431,
                0.0,
                0.0
            ],
            [
                0.0,
                0.0,
                0.0,
                0.9994472213630764,
                0.0005527786369235996
            ],
            [
                0.0,
                0.0,
                0.0,
                0.993307149075715,
                0.006692850924284855
            ]
        ],
        [
            [
                0.9998674706127507,
                0.00013252938724938625,
                0.0,
                0.0,
                0.0
            ],
            [
                0.19332102986239885,
                0.8066789701376011,
                0.0,
                0.0,
                0.0
            ],
            [
                0.0,
                1.1837783829975173e-10,
                0.9999999998816222,
                0.0,
                0.0
            ],
            [
                0.0,
                0.0,
                0.0,
                0.5,
                0.5
            ],
            [
                0.0,
                0.0,
                0.0,
                0.9613681059688184,
                0.03863189403118156
            ]
        ],
        [
            [
                0.9999072694522624,
                9.273054773766672e-05,
                0.0,
                0.0,
                0.0
            ],
            [
                1.8243466618209873e-06,
                0.9999981756533382,
                0.0,
                0.0,
                0.0
            ],
            [
                0.0,
                0.1933208811388312,
                0.8066791188611688,
                0.0,
                0.0
            ],
            [
                0.0,
                0.0,
                0.0,
                1.0,
                0.0
            ],
            [
                0.0,
                0.0,
                0.0,
                0.14359910278422736,
                0.8564008972157725
            ]
        ],
        [
            [
                0.8066789701376013,
                0.19332102986239885,
                0.0,
                0.0,
                0.0
            ],
            [
                0.027346667210443158,
                0.9726533327895569,
                0.0,
                0.0,
                0.0
            ],
            [
                0.0,
                0.0,
                1.0,
                0.0,
                0.0
            ],
            [
                0.0,
                0.0,
                0.0,
                0.9983878507600186,
                0.0016121492399814518
            ],
            [
                0.0,
                0.0,
                0.0,
                1.0,
                0.0
            ]
        ],
        [
            [
                0.9999981756515983,
                1.8243484016511985e-06,
                0.0,
                0.0,
                0.0
            ],
            [
                0.19332102986239882,
                0.8066789701376011,
                0.0,
                0.0,
                0.0
            ],
            [
                0.0,
                6.547291653326494e-14,
                0.9999999999999345,
                0.0,
                0.0
            ],
            [
                0.0,
                0.0,
                0.0007898633611239568,
                0.999210136638876,
                0.0
            ],
            [
                0.0,
                0.0,
                0.0,
                0.00018940635661962728,
                0.9998105936433803
            ]
        ],
        [
            [
                0.00038682656486119303,
                0.9996131734351388,
                0.0,
                0.0,
                0.0
            ],
            [
                1.0879998129518426e-05,
                0.9999891200018705,
                0.0,
                0.0,
                0.0
            ],
            [
                0.0,
                0.0,
                1.0,
                0.0,
                0.0
            ],
            [
                0.0,
                0.0,
                0.0,
                0.14359910278422738,
                0.8564008972157726
            ],
            [
                0.0,
                0.0,
                0.0,
                0.8066789701376013,
                0.19332102986239885
            ]
        ],
        [
            [
                0.9999891199914946,
                1.0880008505385262e-05,
                0.0,
                0.0,
                0.0
            ],
            [
                0.0016121630549208552,
                0.998387836945079,
                0.0,
                0.0,
                0.0
            ],
            [
                0.0,
                3.5888090792882554e-08,
                0.9999999641119092,
                0.0,
                0.0
            ],
            [
                0.0,
                0.0,
                5.326271672390179e-06,
                0.9999946737283275,
                0.0
            ],
            [
                0.0,
                0.0,
                0.0,
                0.00013252938724938622,
                0.9998674706127506
            ]
        ],
        [
            [
                0.9999991068987838,
                8.931012162470624e-07,
                0.0,
                0.0,
                0.0
            ],
            [
                0.6713474835425506,
                0.3286525164574494,
                0.0,
                0.0,
                0.0
            ],
            [
                0.0,
                8.282536140440809e-11,
                0.9999999999171747,
                0.0,
                0.0
            ],
            [
                0.0,
                0.0,
                2.510982330021786e-08,
                0.9999999748901767,
                0.0
            ],
            [
                0.0,
                0.0,
                0.0,
                0.3286523060387446,
                0.6713476939612554
            ]
        ],
        [
            [
                0.9998105951474152,
                0.0001894048525848376,
                0.0,
                0.0,
                0.0
            ],
            [
                0.0007898634081662968,
                0.9992101365918337,
                0.0,
                0.0,
                0.0
            ],
            [
                0.0,
                0.003287657814449968,
                0.99671234218555,
                0.0,
                0.0
            ],
            [
                0.0,
                0.0,
                0.0,
                0.9998674706127506,
                0.00013252938724938622
            ],
            [
                0.0,
                0.0,
                0.0,
                0.9999962733607157,
                3.7266392841865618e-06
            ]
        ],
        [
            [
                0.9999999996543909,
                3.4560911002873023e-10,
                0.0,
                0.0,
                0.0
            ],
            [
                0.0016121615199217515,
                0.9983878384800783,
                0.0,
                0.0,
                0.0
            ],
            [
                0.0,
                3.059019351947559e-07,
                0.9999996940980648,
                0.0,
                0.0
            ],
            [
                0.0,
                0.0,
                0.0,
                0.9999999970541292,
                2.9458708198135446e-09
            ],
            [
                0.0,
                0.0,
                0.0,
                3.588839454591739e-08,
                0.9999999641116054
            ]
        ],
        [
            [
                0.999999850248256,
                1.497517439986371e-07,
                0.0,
                0.0,
                0.0
            ],
            [
                2.6074174713667947e-06,
                0.9999973925825286,
                0.0,
                0.0,
                0.0
            ],
            [
                0.0,
                1.0880091512676168e-05,
                0.9999891199084874,
                0.0,
                0.0
            ],
            [
                0.0,
                0.0,
                9.27303708847531e-05,
                0.9999072696291154,
                0.0
            ],
            [
                0.0,
                0.0,
                0.0,
                9.273116672552026e-05,
                0.9999072688332744
            ]
        ],
        [
            [
                0.999999926690357,
                7.3309642981377e-08,
                0.0,
                0.0,
                0.0
            ],
            [
                3.176396688088195e-05,
                0.9999682360331191,
                0.0,
                0.0,
                0.0
            ],
            [
                0.0,
                0.0,
                1.0,
                0.0,
                0.0
            ],
            [
                0.0,
                0.0,
                0.027346844777330542,
                0.9726531552226695,
                0.0
            ],
            [
                0.0,
                0.0,
                0.0,
                6.488346983489966e-05,
                0.9999351165301652
            ]
        ],
        [
            [
                0.10500027774528578,
                0.8949997222547142,
                0.0,
                0.0,
                0.0
            ],
            [
                0.8066789701376013,
                0.19332102986239885,
                0.0,
                0.0,
                0.0
            ],
            [
                0.0,
                1.7568698138423275e-08,
                0.9999999824313018,
                0.0,
                0.0
            ],
            [
                0.0,
                0.0,
                0.0,
                0.013576931540510559,
                0.9864230684594895
            ],
            [
                0.0,
                0.0,
                0.0,
                0.0,
                1.0
            ]
        ],
        [
            [
                0.8066777803459282,
                0.19332221965407181,
                0.0,
                0.0,
                0.0
            ],
            [
                0.0007898631729546245,
                0.9992101368270454,
                0.0,
                0.0,
                0.0
            ],
            [
                0.0,
                1.139992396633661e-12,
                0.99999999999886,
                0.0,
                0.0
            ],
            [
                0.0,
                0.0,
                0.0,
                0.9999351165301651,
                6.488346983489965e-05
            ],
            [
                0.0,
                0.0,
                0.0,
                9.273116672552029e-05,
                0.9999072688332744
            ]
        ],
        [
            [
                0.999992387521597,
                7.612478402955409e-06,
                0.0,
                0.0,
                0.0
            ],
            [
                0.0016121492399814518,
                0.9983878507600187,
                0.0,
                0.0,
                0.0
            ],
            [
                0.0,
                7.681205600873044e-15,
                0.9999999999999925,
                0.0,
                0.0
            ],
            [
                0.0,
                0.0,
                0.0,
                0.9999999641119134,
                3.588808651468915e-08
            ],
            [
                0.0,
                0.0,
                0.0,
                0.10500027774528577,
                0.8949997222547141
            ]
        ],
        [
            [
                0.9999981756533383,
                1.8243466618209873e-06,
                0.0,
                0.0,
                0.0
            ],
            [
                6.248752415370163e-07,
                0.9999993751247586,
                0.0,
                0.0,
                0.0
            ],
            [
                0.0,
                1.6293173984610013e-12,
                0.9999999999983707,
                0.0,
                0.0
            ],
            [
                0.0,
                0.0,
                0.006692844584206938,
                0.9933071554157932,
                0.0
            ],
            [
                0.0,
                0.0,
                0.0,
                1.0,
                0.0
            ]
        ],
        [
            [
                0.8949997222547142,
                0.10500027774528578,
                0.0,
                0.0,
                0.0
            ],
            [
                3.7266405527241032e-06,
                0.9999962733594473,
                0.0,
                0.0,
                0.0
            ],
            [
                0.0,
                7.976178953956602e-13,
                0.9999999999992024,
                0.0,
                0.0
            ],
            [
                0.0,
                0.0,
                0.0,
                0.9999946737638841,
                5.326236115998773e-06
            ],
            [
                0.0,
                0.0,
                0.0,
                0.7448680814154022,
                0.2551319185845979
            ]
        ],
        [
            [
                0.9999999641119477,
                3.5888052289160326e-08,
                0.0,
                0.0,
                0.0
            ],
            [
                4.53978768198381e-05,
                0.9999546021231801,
                0.0,
                0.0,
                0.0
            ],
            [
                0.0,
                3.904691830945463e-13,
                0.9999999999996095,
                0.0,
                0.0
            ],
            [
                0.0,
                0.0,
                0.0,
                1.0,
                0.0
            ],
            [
                0.0,
                0.0,
                0.0,
                4.53978687024344e-05,
                0.9999546021312977
            ]
        ],
        [
            [
                0.9999844500094146,
                1.5549990585366267e-05,
                0.0,
                0.0,
                0.0
            ],
            [
                0.054313042206704805,
                0.9456869577932951,
                0.0,
                0.0,
                0.0
            ],
            [
                0.0,
                3.588834320719575e-08,
                0.9999999641116568,
                0.0,
                0.0
            ],
            [
                0.0,
                0.0,
                0.0,
                0.9998105936433803,
                0.0001894063566196273
            ],
            [
                0.0,
                0.0,
                0.0,
                1.4975202962765091e-07,
                0.9999998502479704
            ]
        ],
        [
            [
                0.9999995627908596,
                4.3720914044242075e-07,
                0.0,
                0.0,
                0.0
            ],
            [
                0.6713476939612554,
                0.32865230603874457,
                0.0,
                0.0,
                0.0
            ],
            [
                0.0,
                3.2051677640429444e-14,
                0.999999999999968,
                0.0,
                0.0
            ],
            [
                0.0,
                0.0,
                9.273116672552029e-05,
                0.9999072688332744,
                0.0
            ],
            [
                0.0,
                0.0,
                0.0,
                0.9997293157444699,
                0.00027068425553012856
            ]
        ],
        [
            [
                0.999997392563879,
                2.607436121087923e-06,
                0.0,
                0.0,
                0.0
            ],
            [
                1.087999594086028e-05,
                0.9999891200040592,
                0.0,
                0.0,
                0.0
            ],
            [
                0.0,
                2.22246387906633e-05,
                0.9999777753612094,
                0.0,
                0.0
            ],
            [
                0.0,
                0.0,
                0.0,
                0.99671234218555,
                0.0032876578144499682
            ],
            [
                0.0,
                0.0,
                0.0,
                0.8066789701376013,
                0.19332102986239885
            ]
        ],
        [
            [
                0.9994472208361967,
                0.0005527791638032304,
                0.0,
                0.0,
                0.0
            ],
            [
                6.488346983489966e-05,
                0.9999351165301652,
                0.0,
                0.0,
                0.0
            ],
            [
                0.0,
                4.939560538247533e-10,
                0.999999999506044,
                0.0,
                0.0
            ],
            [
                0.0,
                0.0,
                0.0,
                0.9456865659223365,
                0.05431343407766356
            ],
            [
                0.0,
                0.0,
                0.0,
                0.00013252938724938622,
                0.9998674706127506
            ]
        ],
        [
            [
                0.9999999939823776,
                6.017622348182813e-09,
                0.0,
                0.0,
                0.0
            ],
            [
                0.00038682619609751187,
                0.9996131738039026,
                0.0,
                0.0,
                0.0
            ],
            [
                0.0,
                1.629315500169594e-12,
                0.9999999999983707,
                0.0,
                0.0
            ],
            [
                0.0,
                0.0,
                0.0,
                0.999999694097773,
                3.059022269256248e-07
            ],
            [
                0.0,
                0.0,
                0.0,
                0.9904617423906267,
                0.0095382576093733
            ]
        ],
        [
            [
                0.9456869639162578,
                0.054313036083742224,
                0.0,
                0.0,
                0.0
            ],
            [
                6.488340796124525e-05,
                0.9999351165920387,
                0.0,
                0.0,
                0.0
            ],
            [
                0.0,
                1.0090199453058243e-09,
                0.9999999989909801,
                0.0,
                0.0
            ],
            [
                0.0,
                0.0,
                9.27305035244067e-05,
                0.9999072694964756,
                0.0
            ],
            [
                0.0,
                0.0,
                0.0,
                1.0879998129518426e-05,
                0.9999891200018705
            ]
        ],
        [
            [
                0.9999072687448473,
                9.273125515269378e-05,
                0.0,
                0.0,
                0.0
            ],
            [
                1.2764408064425493e-06,
                0.9999987235591935,
                0.0,
                0.0,
                0.0
            ],
            [
                0.0,
                6.547304141306187e-14,
                0.9999999999999346,
                0.0,
                0.0
            ],
            [
                0.0,
                0.0,
                0.0,
                0.9807076541692962,
                0.019292345830703776
            ],
            [
                0.0,
                0.0,
                0.0,
                0.0011285266351770192,
                0.998871473364823
            ]
        ],
        [
            [
                0.9933071474906947,
                0.006692852509305267,
                0.0,
                0.0,
                0.0
            ],
            [
                0.8949997222547141,
                0.10500027774528577,
                0.0,
                0.0,
                0.0
            ],
            [
                0.0,
                1.9849291875242684e-11,
                0.9999999999801508,
                0.0,
                0.0
            ],
            [
                0.0,
                0.0,
                0.0,
                0.9999998502482559,
                1.4975174399863707e-07
            ],
            [
                0.0,
                0.0,
                0.0,
                0.9953077847582307,
                0.004692215241769328
            ]
        ],
        [
            [
                0.9983878505201769,
                0.0016121494798231417,
                0.0,
                0.0,
                0.0
            ],
            [
                0.0003868264899560419,
                0.999613173510044,
                0.0,
                0.0,
                0.0
            ],
            [
                0.0,
                0.0,
                1.0,
                0.0,
                0.0
            ],
            [
                0.0,
                0.0,
                0.6713460106096913,
                0.3286539893903087,
                0.0
            ],
            [
                0.0,
                0.0,
                0.0,
                1.0,
                0.0
            ]
        ],
        [
            [
                0.999210136638876,
                0.0007898633611239569,
                0.0,
                0.0,
                0.0
            ],
            [
                0.0016121507749688822,
                0.9983878492250311,
                0.0,
                0.0,
                0.0
            ],
            [
                0.0,
                0.0,
                1.0,
                0.0,
                0.0
            ],
            [
                0.0,
                0.0,
                0.0,
                1.0,
                0.0
            ],
            [
                0.0,
                0.0,
                0.0,
                0.038631894031181564,
                0.9613681059688185
            ]
        ],
        [
            [
                0.19332102986239885,
                0.8066789701376011,
                0.0,
                0.0,
                0.0
            ],
            [
                0.003287654689404603,
                0.9967123453105954,
                0.0,
                0.0,
                0.0
            ],
            [
                0.0,
                0.0,
                1.0,
                0.0,
                0.0
            ],
            [
                0.0,
                0.0,
                0.0,
                0.9999981756533382,
                1.824346661820987e-06
            ],
            [
                0.0,
                0.0,
                0.0,
                0.00018940635661962728,
                0.9998105936433803
            ]
        ],
        [
            [
                0.9999981756533382,
                1.8243466618209871e-06,
                0.0,
                0.0,
                0.0
            ],
            [
                0.19332221965407181,
                0.8066777803459282,
                0.0,
                0.0,
                0.0
            ],
            [
                0.0,
                0.0,
                1.0,
                0.0,
                0.0
            ],
            [
                0.0,
                0.0,
                0.0,
                0.9998105936433804,
                0.0001894063566196273
            ],
            [
                0.0,
                0.0,
                0.0,
                0.01357682936347222,
                0.9864231706365277
            ]
        ],
        [
            [
                0.9864230652664449,
                0.013576934733555226,
                0.0,
                0.0,
                0.0
            ],
            [
                0.8066789701376011,
                0.19332102986239882,
                0.0,
                0.0,
                0.0
            ],
            [
                0.0,
                0.0,
                0.9999999999996095,
                3.9046648334575285e-13,
                0.0
            ],
            [
                0.0,
                0.0,
                0.0,
                0.001128526635177019,
                0.998871473364823
            ],
            [
                0.0,
                0.0,
                0.0,
                0.0005527786369235994,
                0.9994472213630764
            ]
        ],
        [
            [
                0.9999999266903571,
                7.330964298137703e-08,
                0.0,
                0.0,
                0.0
            ],
            [
                2.5109966980186745e-08,
                0.999999974890033,
                0.0,
                0.0,
                0.0
            ],
            [
                0.0,
                1.9115072356012156e-13,
                0.9999999999998089,
                0.0,
                0.0
            ],
            [
                0.0,
                0.0,
                0.0,
                0.9998674706127505,
                0.00013252938724938622
            ],
            [
                0.0,
                0.0,
                0.0,
                0.03863161068050357,
                0.9613683893194964
            ]
        ],
        [
            [
                0.9999973925613145,
                2.6074386854350097e-06,
                0.0,
                0.0,
                0.0
            ],
            [
                2.061155583860405e-09,
                0.9999999979388444,
                0.0,
                0.0,
                0.0
            ],
            [
                0.0,
                6.54728697034025e-14,
                0.9999999999999346,
                0.0,
                0.0
            ],
            [
                0.0,
                0.0,
                0.0,
                0.9999999824313054,
                1.7568694604204657e-08
            ],
            [
                0.0,
                0.0,
                0.0,
                7.612427584735927e-06,
                0.9999923875724153
            ]
        ],
        [
            [
                0.9999777753400148,
                2.222465998526956e-05,
                0.0,
                0.0,
                0.0
            ],
            [
                0.0016121492399814518,
                0.9983878507600187,
                0.0,
                0.0,
                0.0
            ],
            [
                0.0,
                1.1837789474671718e-10,
                0.9999999998816221,
                0.0,
                0.0
            ],
            [
                0.0,
                0.0,
                0.0,
                0.9999351170251526,
                6.488297484731643e-05
            ],
            [
                0.0,
                0.0,
                0.0,
                0.980707798518065,
                0.019292201481934904
            ]
        ],
        [
            [
                0.9999962733607157,
                3.7266392841865614e-06,
                0.0,
                0.0,
                0.0
            ],
            [
                7.612492922509001e-06,
                0.9999923875070775,
                0.0,
                0.0,
                0.0
            ],
            [
                0.0,
                6.547280726363801e-14,
                0.9999999999999346,
                0.0,
                0.0
            ],
            [
                0.0,
                0.0,
                0.0,
                0.001128526635177019,
                0.998871473364823
            ],
            [
                0.0,
                0.0,
                0.0,
                0.00953832968666366,
                0.9904616703133363
            ]
        ],
        [
            [
                0.9999999266902871,
                7.330971289492889e-08,
                0.0,
                0.0,
                0.0
            ],
            [
                1.4975174399863707e-07,
                0.999999850248256,
                0.0,
                0.0,
                0.0
            ],
            [
                0.0,
                1.62931666554727e-12,
                0.9999999999983706,
                0.0,
                0.0
            ],
            [
                0.0,
                0.0,
                0.0,
                0.10500027774528578,
                0.8949997222547142
            ],
            [
                0.0,
                0.0,
                0.0,
                0.0016121492399814516,
                0.9983878507600186
            ]
        ],
        [
            [
                0.9999987235510864,
                1.2764489136276546e-06,
                0.0,
                0.0,
                0.0
            ],
            [
                0.05431343407766356,
                0.9456865659223365,
                0.0,
                0.0,
                0.0
            ],
            [
                0.0,
                3.205166999871491e-14,
                0.9999999999999679,
                0.0,
                0.0
            ],
            [
                0.0,
                0.0,
                0.0,
                0.9992101306174338,
                0.0007898693825662401
            ],
            [
                0.0,
                0.0,
                0.0,
                0.0032876578144499674,
                0.99671234218555
            ]
        ],
        [
            [
                0.999968236033119,
                3.176396688088195e-05,
                0.0,
                0.0,
                0.0
            ],
            [
                1.4975174399863707e-07,
                0.999999850248256,
                0.0,
                0.0,
                0.0
            ],
            [
                0.0,
                4.939602935017636e-10,
                0.9999999995060397,
                0.0,
                0.0
            ],
            [
                0.0,
                0.0,
                0.0,
                0.9999999824311882,
                1.7568811888283792e-08
            ],
            [
                0.0,
                0.0,
                0.0,
                0.0003868265648611931,
                0.9996131734351388
            ]
        ],
        [
            [
                0.9999999824311872,
                1.7568812800478183e-08,
                0.0,
                0.0,
                0.0
            ],
            [
                0.1050001881235664,
                0.8949998118764335,
                0.0,
                0.0,
                0.0
            ],
            [
                0.0,
                5.3262818314027515e-06,
                0.9999946737181686,
                0.0,
                0.0
            ],
            [
                0.0,
                0.0,
                0.0,
                1.0,
                0.0
            ],
            [
                0.0,
                0.0,
                0.0,
                0.3286523060387446,
                0.6713476939612554
            ]
        ],
        [
            [
                0.9999993751241625,
                6.248758374643969e-07,
                0.0,
                0.0,
                0.0
            ],
            [
                2.1403050454269596e-07,
                0.9999997859694955,
                0.0,
                0.0,
                0.0
            ],
            [
                0.0,
                0.5,
                0.5,
                0.0,
                0.0
            ],
            [
                0.0,
                0.0,
                0.0,
                1.0,
                0.0
            ],
            [
                0.0,
                0.0,
                0.0,
                0.9456865659223364,
                0.05431343407766355
            ]
        ],
        [
            [
                0.9726533644978117,
                0.027346635502188323,
                0.0,
                0.0,
                0.0
            ],
            [
                0.00018940482154484577,
                0.9998105951784552,
                0.0,
                0.0,
                0.0
            ],
            [
                0.0,
                0.0,
                1.0,
                0.0,
                0.0
            ],
            [
                0.0,
                0.0,
                0.0,
                0.14359816453604263,
                0.8564018354639573
            ],
            [
                0.0,
                0.0,
                0.0,
                0.0095382576093733,
                0.9904617423906267
            ]
        ],
        [
            [
                0.9999546020880047,
                4.539791199527094e-05,
                0.0,
                0.0,
                0.0
            ],
            [
                1.8243461928826593e-06,
                0.9999981756538071,
                0.0,
                0.0,
                0.0
            ],
            [
                0.0,
                0.0,
                1.0,
                0.0,
                0.0
            ],
            [
                0.0,
                0.0,
                1.0879998129518426e-05,
                0.9999891200018705,
                0.0
            ],
            [
                0.0,
                0.0,
                0.0,
                0.6713476939612554,
                0.3286523060387446
            ]
        ],
        [
            [
                0.9999962733571619,
                3.726642838175184e-06,
                0.0,
                0.0,
                0.0
            ],
            [
                0.19332102986239885,
                0.8066789701376011,
                0.0,
                0.0,
                0.0
            ],
            [
                0.0,
                2.06115238964728e-09,
                0.9999999979388475,
                0.0,
                0.0
            ],
            [
                0.0,
                0.0,
                3.176417892221002e-05,
                0.9999682358210777,
                0.0
            ],
            [
                0.0,
                0.0,
                0.0,
                0.038631610680503574,
                0.9613683893194964
            ]
        ],
        [
            [
                0.9999995627900257,
                4.372099743531078e-07,
                0.0,
                0.0,
                0.0
            ],
            [
                0.00018940488291938003,
                0.9998105951170807,
                0.0,
                0.0,
                0.0
            ],
            [
                0.0,
                2.4181190373621916e-10,
                0.9999999997581881,
                0.0,
                0.0
            ],
            [
                0.0,
                0.0,
                0.0,
                0.9456869577932951,
                0.054313042206704805
            ],
            [
                0.0,
                0.0,
                0.0,
                0.9983878507600186,
                0.0016121492399814518
            ]
        ],
        [
            [
                0.9992101370152146,
                0.0007898629847853369,
                0.0,
                0.0,
                0.0
            ],
            [
                1.2764499775899312e-06,
                0.9999987235500224,
                0.0,
                0.0,
                0.0
            ],
            [
                0.0,
                0.0,
                1.0,
                0.0,
                0.0
            ],
            [
                0.0,
                0.0,
                0.0,
                0.9999962733607158,
                3.726639284186562e-06
            ],
            [
                0.0,
                0.0,
                0.0,
                0.14359816453604263,
                0.8564018354639574
            ]
        ],
        [
            [
                0.9998105950881571,
                0.00018940491184301798,
                0.0,
                0.0,
                0.0
            ],
            [
                2.6074187146773868e-06,
                0.9999973925812853,
                0.0,
                0.0,
                0.0
            ],
            [
                0.0,
                0.0032876578144499674,
                0.99671234218555,
                0.0,
                0.0
            ],
            [
                0.0,
                0.0,
                0.0,
                0.07585818002124355,
                0.9241418199787564
            ],
            [
                0.0,
                0.0,
                0.0,
                0.0023025648816175537,
                0.9976974351183825
            ]
        ],
        [
            [
                0.9999682360634106,
                3.17639365893792e-05,
                0.0,
                0.0,
                0.0
            ],
            [
                9.273037088475311e-05,
                0.9999072696291152,
                0.0,
                0.0,
                0.0
            ],
            [
                0.0,
                2.3286950337676867e-12,
                0.9999999999976712,
                0.0,
                0.0
            ],
            [
                0.0,
                0.0,
                0.1933222196540718,
                0.8066777803459282,
                0.0
            ],
            [
                0.0,
                0.0,
                0.0,
                1.0,
                0.0
