{
    "[['A', 'B', 'C', 'D', 'E'], ['A', 'B', 'C', 'D', 'E']]": [
        [
            [
                0.8949997446601503,
                0.1050002553398496,
                0.0,
                0.0,
                0.0
            ],
            [
                4.5397510354329455e-05,
                0.9999546024896456,
                0.0,
                0.0,
                0.0
            ],
            [
                0.0,
                0.0016121599849241068,
                0.9983878400150759,
                0.0,
                0.0
            ],
            [
                0.0,
                0.0,
                0.8949990052785285,
                0.10500099472147158,
                0.0
            ],
            [
                0.0,
                0.0,
                0.0,
                0.9999682360634106,
                3.17639365893792e-05
            ]
        ],
        [
            [
                0.9998105951417715,
                0.00018940485822847302,
                0.0,
                0.0,
                0.0
            ],
            [
                0.0003868264935572507,
                0.9996131735064427,
                0.0,
                0.0,
                0.0
            ],
            [
                0.0,
                2.0611536181902037e-09,
                0.9999999979388464,
                0.0,
                0.0
            ],
            [
                0.0,
                0.0,
                0.0,
                1.0,
                0.0
            ],
            [
                0.0,
                0.0,
                0.0,
                0.9996131734351388,
                0.00038682656486119303
            ]
        ],
        [
            [
                0.0016121490001397972,
                0.9983878509998602,
                0.0,
                0.0,
                0.0
            ],
            [
                1.2764406862275192e-06,
                0.9999987235593137,
                0.0,
                0.0,
                0.0
            ],
            [
                0.0,
                4.756890733131076e-12,
                0.999999999995243,
                0.0,
                0.0
            ],
            [
                0.0,
                0.0,
                0.0,
                1.0,
                0.0
            ],
            [
                0.0,
                0.0,
                0.0,
                0.9999072695406889,
                9.273045931116776e-05
            ]
        ],
        [
            [
                0.19332102986239885,
                0.8066789701376011,
                0.0,
                0.0,
                0.0
            ],
            [
                1.2764489136276549e-06,
                0.9999987235510864,
                0.0,
                0.0,
                0.0
            ],
            [
                0.0,
                1.911511792995039e-13,
                0.9999999999998088,
                0.0,
                0.0
            ],
            [
                0.0,
                0.0,
                0.0,
                0.9999777753612094,
                2.22246387906633e-05
            ],
            [
                0.0,
                0.0,
                0.0,
                6.488297484731643e-05,
                0.9999351170251527
            ]
        ],
        [
            [
                0.003287656837872973,
                0.9967123431621271,
                0.0,
                0.0,
                0.0
            ],
            [
                0.003287657814449968,
                0.9967123421855499,
                0.0,
                0.0,
                0.0
            ],
            [
                0.0,
                1.4421359229301707e-09,
                0.999999998557864,
                0.0,
                0.0
            ],
            [
                0.0,
                0.0,
                0.8066789701376013,
                0.19332102986239885,
                0.0
            ],
            [
                0.0,
                0.0,
                0.0,
                0.6713476939612554,
                0.3286523060387446
            ]
        ],
        [
            [
                0.1933222196540718,
                0.8066777803459283,
                0.0,
                0.0,
                0.0
            ],
            [
                2.9458715386253012e-09,
                0.9999999970541285,
                0.0,
                0.0,
                0.0
            ],
            [
                0.0,
                1.9849102578546722e-11,
                0.9999999999801509,
                0.0,
                0.0
            ],
            [
                0.0,
                0.0,
                1.4975174399863707e-07,
                0.9999998502482559,
                0.0
            ],
            [
                0.0,
                0.0,
                0.0,
                0.99671234218555,
                0.003287657814449968
            ]
        ],
        [
            [
                0.9996131705678452,
                0.00038682943215485177,
                0.0,
                0.0,
                0.0
            ],
            [
                1.0477762788138365e-07,
                0.9999998952223721,
                0.0,
                0.0,
                0.0
            ],
            [
                0.0,
                0.9999999999171747,
                8.282528241602583e-11,
                0.0,
                0.0
            ],
            [
                0.0,
                0.0,
                0.0032876578144499674,
                0.99671234218555,
                0.0
            ],
            [
                0.0,
                0.0,
                0.0,
                0.0005527786369235996,
                0.9994472213630764
            ]
        ],
        [
            [
                0.02734664184383643,
                0.9726533581561636,
                0.0,
                0.0,
                0.0
            ],
            [
                1.2292373389756498e-08,
                0.9999999877076265,
                0.0,
                0.0,
                0.0
            ],
            [
                0.0,
                2.3286814313054675e-12,
                0.9999999999976713,
                0.0,
                0.0
            ],
            [
                0.0,
                0.0,
                0.0,
                0.9999962733607158,
                3.726639284186562e-06
            ],
            [
                0.0,
                0.0,
                0.0,
                0.9999546021312976,
                4.5397868702434395e-05
            ]
        ],
        [
            [
                4.5397530478569965e-05,
                0.9999546024695215,
                0.0,
                0.0,
                0.0
            ],
            [
                7.059854438380025e-10,
                0.9999999992940145,
                0.0,
                0.0,
                0.0
            ],
            [
                0.0,
                0.0,
                1.0,
                0.0,
                0.0
            ],
            [
                0.0,
                0.0,
                3.059022269256248e-07,
                0.999999694097773,
                0.0
            ],
            [
                0.0,
                0.0,
                0.0,
                0.9999682358210777,
                3.176417892221001e-05
            ]
        ],
        [
            [
                0.3286523060387446,
                0.6713476939612554,
                0.0,
                0.0,
                0.0
            ],
            [
                0.00038682941702965993,
                0.9996131705829704,
                0.0,
                0.0,
                0.0
            ],
            [
                0.0,
                0.0,
                0.9999999999996095,
                3.904695554751551e-13,
                0.0
            ],
            [
                0.0,
                0.0,
                0.0,
                1.0,
                0.0
            ],
            [
                0.0,
                0.0,
                0.0,
                0.9998105936433804,
                0.0001894063566196273
            ]
        ],
        [
            [
                0.945686614906352,
                0.05431338509364796,
                0.0,
                0.0,
                0.0
            ],
            [
                0.10500027774528577,
                0.8949997222547141,
                0.0,
                0.0,
                0.0
            ],
            [
                0.0,
                1.7568845398164493e-08,
                0.9999999824311546,
                0.0,
                0.0
            ],
            [
                0.0,
                0.0,
                0.0,
                0.00013252938724938625,
                0.9998674706127506
            ],
            [
                0.0,
                0.0,
                0.0,
                0.5,
                0.5
            ]
        ],
        [
            [
                0.32865230603874457,
                0.6713476939612554,
                0.0,
                0.0,
                0.0
            ],
            [
                1.0477762993060065e-07,
                0.9999998952223701,
                0.0,
                0.0,
                0.0
            ],
            [
                0.0,
                0.6713476939612554,
                0.3286523060387446,
                0.0,
                0.0
            ],
            [
                0.0,
                0.0,
                3.588808651468916e-08,
                0.9999999641119135,
                0.0
            ],
            [
                0.0,
                0.0,
                0.0,
                0.0032876578144499674,
                0.9967123421855499
            ]
        ],
        [
            [
                0.19332220106353412,
                0.806677798936466,
                0.0,
                0.0,
                0.0
            ],
            [
                0.8949997222547141,
                0.10500027774528578,
                0.0,
                0.0,
                0.0
            ],
            [
                0.0,
                4.210382887083471e-09,
                0.9999999957896171,
                0.0,
                0.0
            ],
            [
                0.0,
                0.0,
                0.0,
                2.2224638790663296e-05,
                0.9999777753612094
            ],
            [
                0.0,
                0.0,
                0.0,
                0.9998105936433803,
                0.00018940635661962726
            ]
        ],
        [
            [
                0.003287658205080846,
                0.9967123417949192,
                0.0,
                0.0,
                0.0
            ],
            [
                2.1403209802250967e-07,
                0.999999785967902,
                0.0,
                0.0,
                0.0
            ],
            [
                0.0,
                0.0,
                0.9999999999998088,
                1.9115099700362057e-13,
                0.0
            ],
            [
                0.0,
                0.0,
                0.0,
                1.0,
                0.0
            ],
            [
                0.0,
                0.0,
                0.0,
                0.0003868295149832938,
                0.9996131704850167
            ]
        ],
        [
            [
                0.8066777617553892,
                0.1933222382446109,
                0.0,
                0.0,
                0.0
            ],
            [
                9.273045931116776e-05,
                0.9999072695406889,
                0.0,
                0.0,
                0.0
            ],
            [
                0.0,
                3.5888086514689146e-08,
                0.9999999641119134,
                0.0,
                0.0
            ],
            [
                0.0,
                0.0,
                0.0,
                0.013576931540510557,
                0.9864230684594893
            ],
            [
                0.0,
                0.0,
                0.0,
                2.22246387906633e-05,
                0.9999777753612095
            ]
        ],
        [
            [
                0.5,
                0.5,
                0.0,
                0.0,
                0.0
            ],
            [
                3.588808651468915e-08,
                0.9999999641119134,
                0.0,
                0.0,
                0.0
            ],
            [
                0.0,
                2.3286792105028545e-12,
                0.9999999999976714,
                0.0,
                0.0
            ],
            [
                0.0,
                0.0,
                3.059022269256248e-07,
                0.9999996940977731,
                0.0
            ],
            [
                0.0,
                0.0,
                0.0,
                0.9864230684594893,
                0.013576931540510557
            ]
        ],
        [
            [
                4.5397530478569965e-05,
                0.9999546024695215,
                0.0,
                0.0,
                0.0
            ],
            [
                7.059855173547453e-10,
                0.9999999992940145,
                0.0,
                0.0,
                0.0
            ],
            [
                0.0,
                2.418137630348953e-10,
                0.9999999997581862,
                0.0,
                0.0
            ],
            [
                0.0,
                0.0,
                0.0,
                0.9807076541692963,
                0.01929234583070378
            ],
            [
                0.0,
                0.0,
                0.0,
                8.600664233618821e-09,
                0.9999999913993357
            ]
        ],
        [
            [
                0.9726531536372458,
                0.027346846362754227,
                0.0,
                0.0,
                0.0
            ],
            [
                0.32865230603874457,
                0.6713476939612554,
                0.0,
                0.0,
                0.0
            ],
            [
                0.0,
                0.0016121492399814516,
                0.9983878507600186,
                0.0,
                0.0
            ],
            [
                0.0,
                0.0,
                0.0,
                0.9998674706127507,
                0.00013252938724938622
            ],
            [
                0.0,
                0.0,
                0.0,
                0.9999351165301651,
                6.488346983489965e-05
            ]
        ],
        [
            [
                0.027346847948178002,
                0.972653152051822,
                0.0,
                0.0,
                0.0
            ],
            [
                0.054313042206704805,
                0.9456869577932951,
                0.0,
                0.0,
                0.0
            ],
            [
                0.0,
                4.21037485642312e-09,
                0.9999999957896251,
                0.0,
                0.0
            ],
            [
                0.0,
                0.0,
                0.0,
                0.998871473364823,
                0.001128526635177019
            ],
            [
                0.0,
                0.0,
                0.0,
                0.05431343407766354,
                0.9456865659223364
            ]
        ],
        [
            [
                0.6713476939612554,
                0.32865230603874457,
                0.0,
                0.0,
                0.0
            ],
            [
                0.5,
                0.5,
                0.0,
                0.0,
                0.0
            ],
            [
                0.0,
                0.0,
                0.9933071490757152,
                0.006692850924284855,
                0.0
            ],
            [
                0.0,
                0.0,
                5.129286384567659e-08,
                0.9999999487071363,
                0.0
            ],
            [
                0.0,
                0.0,
                0.0,
                1.2292349943937572e-08,
                0.9999999877076501
            ]
        ],
        [
            [
                0.32865231918991167,
                0.6713476808100883,
                0.0,
                0.0,
                0.0
            ],
            [
                0.003287657228503736,
                0.9967123427714963,
                0.0,
                0.0,
                0.0
            ],
            [
                0.0,
                1.1837704804506145e-10,
                0.9999999998816229,
                0.0,
                0.0
            ],
            [
                0.0,
                0.0,
                0.0,
                0.9999995627937783,
                4.37206221767542e-07
            ],
            [
                0.0,
                0.0,
                0.0,
                0.8949997222547141,
                0.10500027774528577
            ]
        ],
        [
            [
                0.013576933137032801,
                0.9864230668629672,
                0.0,
                0.0,
                0.0
            ],
            [
                0.0003868266109566779,
                0.9996131733890433,
                0.0,
                0.0,
                0.0
            ],
            [
                0.0,
                4.0546382016855476e-11,
                0.9999999999594537,
                0.0,
                0.0
            ],
            [
                0.0,
                0.0,
                0.0016121492399814516,
                0.9983878507600186,
                0.0
            ],
            [
                0.0,
                0.0,
                0.0,
                3.176417892221001e-05,
                0.9999682358210777
            ]
        ],
        [
            [
                0.003287658449225169,
                0.9967123415507748,
                0.0,
                0.0,
                0.0
            ],
            [
                1.0880001331445026e-05,
                0.9999891199986686,
                0.0,
                0.0,
                0.0
            ],
            [
                0.0,
                4.21038288708347e-09,
                0.9999999957896171,
                0.0,
                0.0
            ],
            [
                0.0,
                0.0,
                0.05431304220670482,
                0.9456869577932951,
                0.0
            ],
            [
                0.0,
                0.0,
                0.0,
                0.5,
                0.5
            ]
        ],
        [
            [
                0.013576930343119,
                0.986423069656881,
                0.0,
                0.0,
                0.0
            ],
            [
                1.4421386735887709e-09,
                0.9999999985578614,
                0.0,
                0.0,
                0.0
            ],
            [
                0.0,
                6.24874645610204e-07,
                0.9999993751253543,
                0.0,
                0.0
            ],
            [
                0.0,
                0.0,
                0.0,
                1.0,
                0.0
            ],
            [
                0.0,
                0.0,
                0.0,
                0.054313434077663564,
                0.9456865659223366
            ]
        ],
        [
            [
                0.8949990164813145,
                0.10500098351868542,
                0.0,
                0.0,
                0.0
            ],
            [
                1.0477753000692415e-07,
                0.99999989522247,
                0.0,
                0.0,
                0.0
            ],
            [
                0.0,
                8.282544039286568e-11,
                0.9999999999171746,
                0.0,
                0.0
            ],
            [
                0.0,
                0.0,
                4.210370815762315e-09,
                0.9999999897720184,
                6.017610845153697e-09
            ],
            [
                0.0,
                0.0,
                0.0,
                1.22923733897565e-08,
                0.9999999877076267
            ]
        ],
        [
            [
                0.05431343560841471,
                0.9456865643915853,
                0.0,
                0.0,
                0.0
            ],
            [
                1.2764501258908891e-06,
                0.9999987235498741,
                0.0,
                0.0,
                0.0
            ],
            [
                0.0,
                0.0,
                0.9999999824311713,
                1.7568828643216152e-08,
                0.0
            ],
            [
                0.0,
                0.0,
                7.059861906353216e-10,
                0.9999999992940138,
                0.0
            ],
            [
                0.0,
                0.0,
                0.0,
                0.8949990052785285,
                0.10500099472147158
            ]
        ],
        [
            [
                0.1933222196540718,
                0.8066777803459282,
                0.0,
                0.0,
                0.0
            ],
            [
                3.588808651468915e-08,
                0.9999999641119134,
                0.0,
                0.0,
                0.0
            ],
            [
                0.0,
                4.054634334883076e-11,
                0.9999999999594537,
                0.0,
                0.0
            ],
            [
                0.0,
                0.0,
                0.0,
                0.8066789701376013,
                0.19332102986239885
            ],
            [
                0.0,
                0.0,
                0.0,
                0.9456869577932953,
                0.05431304220670481
            ]
        ],
        [
            [
                0.0032876582050808466,
                0.9967123417949192,
                0.0,
                0.0,
                0.0
            ],
            [
                0.006692850924284857,
                0.9933071490757152,
                0.0,
                0.0,
                0.0
            ],
            [
                0.0,
                0.0,
                1.0,
                0.0,
                0.0
            ],
            [
                0.0,
                0.0,
                0.0,
                1.0,
                0.0
            ],
            [
                0.0,
                0.0,
                0.0,
                0.5,
                0.5
            ]
        ],
        [
            [
                0.9933071997961714,
                0.006692800203828542,
                0.0,
                0.0,
                0.0
            ],
            [
                2.6074187146773868e-06,
                0.9999973925812853,
                0.0,
                0.0,
                0.0
            ],
            [
                0.0,
                0.0,
                1.0,
                0.0,
                0.0
            ],
            [
                0.0,
                0.0,
                1.4421359229301707e-09,
                0.999999998557864,
                0.0
            ],
            [
                0.0,
                0.0,
                0.0,
                0.019292201481934907,
                0.9807077985180651
            ]
        ],
        [
            [
                0.05431343713916591,
                0.945686562860834,
                0.0,
                0.0,
                0.0
            ],
            [
                5.129291063735482e-08,
                0.9999999487070894,
                0.0,
                0.0,
                0.0
            ],
            [
                0.0,
                0.10500099472147156,
                0.8949990052785285,
                0.0,
                0.0
            ],
            [
                0.0,
                0.0,
                3.059022269256248e-07,
                0.9999996940977731,
                0.0
            ],
            [
                0.0,
                0.0,
                0.0,
                0.8066777803459283,
                0.19332221965407181
            ]
        ],
        [
            [
                0.10500026654256715,
                0.8949997334574328,
                0.0,
                0.0,
                0.0
            ],
            [
                9.273118913454698e-05,
                0.9999072688108654,
                0.0,
                0.0,
                0.0
            ],
            [
                0.0,
                1.3887957109352833e-11,
                0.999999999986112,
                0.0,
                0.0
            ],
            [
                0.0,
                0.0,
                0.0,
                0.9998105936433803,
                0.00018940635661962726
            ],
            [
                0.0,
                0.0,
                0.0,
                7.612420325017982e-06,
                0.999992387579675
            ]
        ],
        [
            [
                0.8066777803459282,
                0.1933222196540718,
                0.0,
                0.0,
                0.0
            ],
            [
                2.6074386660081282e-06,
                0.9999973925613339,
                0.0,
                0.0,
                0.0
            ],
            [
                0.0,
                4.939565248981797e-10,
                0.9999999995060435,
                0.0,
                0.0
            ],
            [
                0.0,
                0.0,
                0.0,
                0.9999351170251527,
                6.488297484731643e-05
            ],
            [
                0.0,
                0.0,
                0.0,
                0.9241418199787564,
                0.07585818002124356
            ]
        ],
        [
            [
                0.9933071490757152,
                0.0066928509242848554,
                0.0,
                0.0,
                0.0
            ],
            [
                2.2224659985269556e-05,
                0.9999777753400146,
                0.0,
                0.0,
                0.0
            ],
            [
                0.0,
                6.248758374643969e-07,
                0.9999993751241625,
                0.0,
                0.0
            ],
            [
                0.0,
                0.0,
                0.0,
                0.00038682656486119303,
                0.9996131734351388
            ],
            [
                0.0,
                0.0,
                0.0,
                0.9999891200018703,
                1.0879998129518424e-05
            ]
        ],
        [
            [
                0.3286523060387446,
                0.6713476939612554,
                0.0,
                0.0,
                0.0
            ],
            [
                2.22246468214297e-05,
                0.9999777753531786,
                0.0,
                0.0,
                0.0
            ],
            [
                0.0,
                0.10500099472147158,
                0.8949990052785284,
                0.0,
                0.0
            ],
            [
                0.0,
                0.0,
                1.0090185004371067e-09,
                0.9999999975488456,
                1.4421359214750288e-09
            ],
            [
                0.0,
                0.0,
                0.0,
                0.32865230603874457,
                0.6713476939612554
            ]
        ],
        [
            [
                0.9998105934627824,
                0.0001894065372174782,
                0.0,
                0.0,
                0.0
            ],
            [
                0.006692857264368739,
                0.9933071427356311,
                0.0,
                0.0,
                0.0
            ],
            [
                0.0,
                0.0,
                0.9999993751247584,
                6.248752415370164e-07,
                0.0
            ],
            [
                0.0,
                0.0,
                0.0,
                0.9997293157444699,
                0.00027068425553012856
            ],
            [
                0.0,
                0.0,
                0.0,
                2.607438607727485e-06,
                0.9999973925613922
            ]
        ],
        [
            [
                0.0007898692355578255,
                0.9992101307644422,
                0.0,
                0.0,
                0.0
            ],
            [
                0.0007898633611239567,
                0.999210136638876,
                0.0,
                0.0,
                0.0
            ],
            [
                0.0,
                6.547296336316088e-14,
                0.9999999999999346,
                0.0,
                0.0
            ],
            [
                0.0,
                0.0,
                0.9998105936433803,
                0.00018940635661962728,
                0.0
            ],
            [
                0.0,
                0.0,
                0.0,
                0.00018940491184301798,
                0.999810595088157
            ]
        ],
        [
            [
                0.0016121491680289517,
                0.9983878508319711,
                0.0,
                0.0,
                0.0
            ],
            [
                0.054313042206704805,
                0.9456869577932951,
                0.0,
                0.0,
                0.0
            ],
            [
                0.0,
                7.681190034480753e-15,
                0.9999999999999923,
                0.0,
                0.0
            ],
            [
                0.0,
                0.0,
                0.0007898693825662401,
                0.9992101306174338,
                0.0
            ],
            [
                0.0,
                0.0,
                0.0,
                1.2292396835620148e-08,
                0.9999999877076031
            ]
        ],
        [
            [
                0.9992101373915531,
                0.0007898626084468963,
                0.0,
                0.0,
                0.0
            ],
            [
                3.588832609430486e-08,
                0.9999999641116739,
                0.0,
                0.0,
                0.0
            ],
            [
                0.0,
                1.5690494652828017e-14,
                0.9999999999999842,
                0.0,
                0.0
            ],
            [
                0.0,
                0.0,
                1.4421249203482341e-09,
                0.9999999985578751,
                0.0
            ],
            [
                0.0,
                0.0,
                0.0,
                0.006692850924284856,
                0.9933071490757152
            ]
        ],
        [
            [
                0.0003868266167186139,
                0.9996131733832815,
                0.0,
                0.0,
                0.0
            ],
            [
                5.32627373593804e-06,
                0.999994673726264,
                0.0,
                0.0,
                0.0
            ],
            [
                0.0,
                7.330971289492889e-08,
                0.9999999266902871,
                0.0,
                0.0
            ],
            [
                0.0,
                0.0,
                0.0,
                0.9999546021312976,
                4.53978687024344e-05
            ],
            [
                0.0,
                0.0,
                0.0,
                0.9999844499945852,
                1.555000541476938e-05
            ]
        ],
        [
            [
                0.19332218247299776,
                0.8066778175270023,
                0.0,
                0.0,
                0.0
            ],
            [
                4.939565248981797e-10,
                0.9999999995060435,
                0.0,
                0.0,
                0.0
            ],
            [
                0.0,
                0.0,
                5.326241195468727e-06,
                0.9999946737588046,
                0.0
            ],
            [
                0.0,
                0.0,
                0.0,
                1.0,
                0.0
            ],
            [
                0.0,
                0.0,
                0.0,
                0.9999981756533383,
                1.8243466618209871e-06
            ]
        ],
        [
            [
                0.0032876585957117713,
                0.9967123414042883,
                0.0,
                0.0,
                0.0
            ],
            [
                1.087999488706207e-05,
                0.9999891200051129,
                0.0,
                0.0,
                0.0
            ],
            [
                0.0,
                6.248752415370163e-07,
                0.9999993751247583,
                0.0,
                0.0
            ],
            [
                0.0,
                0.0,
                0.0,
                0.999999999990283,
                9.717035428099559e-12
            ],
            [
                0.0,
                0.0,
                0.0,
                0.0032876578144499674,
                0.99671234218555
            ]
        ],
        [
            [
                0.0032876576191345455,
                0.9967123423808655,
                0.0,
                0.0,
                0.0
            ],
            [
                0.1933222196540718,
                0.8066777803459282,
                0.0,
                0.0,
                0.0
            ],
            [
                0.0,
                1.6918979223288786e-10,
                0.9999999998308102,
                0.0,
                0.0
            ],
            [
                0.0,
                0.0,
                0.0,
                0.9953077491273102,
                0.004692250872689785
            ],
            [
                0.0,
                0.0,
                0.0,
                0.00018940491184301798,
                0.999810595088157
            ]
        ],
        [
            [
                0.8949990052785285,
                0.10500099472147158,
                0.0,
                0.0,
                0.0
            ],
            [
                9.273041216191663e-05,
                0.999907269587838,
                0.0,
                0.0,
                0.0
            ],
            [
                0.0,
                0.0,
                1.0,
                0.0,
                0.0
            ],
            [
                0.0,
                0.0,
                1.0477753000692414e-07,
                0.9999998952224699,
                0.0
            ],
            [
                0.0,
                0.0,
                0.0,
                0.0066928509242848554,
                0.9933071490757152
            ]
        ],
        [
            [
                0.00018940498803213428,
                0.9998105950119679,
                0.0,
                0.0,
                0.0
            ],
            [
                0.9456865659223365,
                0.05431343407766356,
                0.0,
                0.0,
                0.0
            ],
            [
                0.0,
                3.58883603200948e-08,
                0.9999999641116396,
                0.0,
                0.0
            ],
            [
                0.0,
                0.0,
                0.0,
                1.0,
                0.0
            ],
            [
                0.0,
                0.0,
                0.0,
                0.3286539893903087,
                0.6713460106096912
            ]
        ],
        [
            [
                0.0007898695354550202,
                0.999210130464545,
                0.0,
                0.0,
                0.0
            ],
            [
                4.539782540963912e-05,
                0.9999546021745903,
                0.0,
                0.0,
                0.0
            ],
            [
                0.0,
                3.32825606032012e-12,
                0.9999999999966718,
                0.0,
                0.0
            ],
            [
                0.0,
                0.0,
                5.326236115998773e-06,
                0.9999946737638841,
                0.0
            ],
            [
                0.0,
                0.0,
                0.0,
                0.9726531552226695,
                0.027346844777330546
            ]
        ],
        [
            [
                0.9864230684594895,
                0.013576931540510559,
                0.0,
                0.0,
                0.0
            ],
            [
                0.006692850280370421,
                0.9933071497196296,
                0.0,
                0.0,
                0.0
            ],
            [
                0.0,
                0.0,
                1.0,
                0.0,
                0.0
            ],
            [
                0.0,
                0.0,
                0.0,
                0.0002706842555301286,
                0.9997293157444698
            ],
            [
                0.0,
                0.0,
                0.0,
                0.9988714819650486,
                0.0011285180349513994
            ]
        ],
        [
            [
                0.6713476939612554,
                0.3286523060387446,
                0.0,
                0.0,
                0.0
            ],
            [
                2.1403040953016043e-07,
                0.9999997859695905,
                0.0,
                0.0,
                0.0
            ],
            [
                0.0,
                4.210382887083471e-09,
                0.9999999957896171,
                0.0,
                0.0
            ],
            [
                0.0,
                0.0,
                0.9864230684594895,
                0.013576931540510559,
                0.0
            ],
            [
                0.0,
                0.0,
                0.0,
                0.013576931540510557,
                0.9864230684594893
            ]
        ],
        [
            [
                0.0007898634610889328,
                0.999210136538911,
                0.0,
                0.0,
                0.0
            ],
            [
                0.0007898631729546245,
                0.9992101368270454,
                0.0,
                0.0,
                0.0
            ],
            [
                0.0,
                5.580731614788689e-13,
                0.999999999999442,
                0.0,
                0.0
            ],
            [
                0.0,
                0.0,
                2.836928274750156e-11,
                0.9999999999716307,
