{
    "[['A', 'B', 'C', 'D', 'E'], ['A', 'B', 'C', 'D', 'E']]": [
        [
            [
                0.9999891200122463,
                1.0879987753661485e-05,
                0.0,
                0.0,
                0.0
            ],
            [
                0.0005527744219046212,
                0.9994472255780953,
                0.0,
                0.0,
                0.0
            ],
            [
                0.0,
                4.7568939937591915e-12,
                0.999999999995243,
                0.0,
                0.0
            ],
            [
                0.0,
                0.0,
                0.0,
                0.10500027774528578,
                0.8949997222547141
            ],
            [
                0.0,
                0.0,
                0.0,
                0.8066789701376013,
                0.19332102986239888
            ]
        ],
        [
            [
                0.99330714867946,
                0.006692851320539923,
                0.0,
                0.0,
                0.0
            ],
            [
                6.24874645610204e-07,
                0.9999993751253544,
                0.0,
                0.0,
                0.0
            ],
            [
                0.0,
                0.0,
                1.0,
                0.0,
                0.0
            ],
            [
                0.0,
                0.0,
                0.0,
                0.0016121477049954804,
                0.9983878522950046
            ],
            [
                0.0,
                0.0,
                0.0,
                0.00013252938724938625,
                0.9998674706127506
            ]
        ],
        [
            [
                0.999997392583772,
                2.607416228056796e-06,
                0.0,
                0.0,
                0.0
            ],
            [
                2.061135927242751e-09,
                0.9999999979388641,
                0.0,
                0.0,
                0.0
            ],
            [
                0.0,
                0.0,
                1.0,
                0.0,
                0.0
            ],
            [
                0.0,
                0.0,
                0.0,
                6.488353170861306e-05,
                0.9999351164682914
            ],
            [
                0.0,
                0.0,
                0.0,
                0.5,
                0.5
            ]
        ],
        [
            [
                0.9983878503762718,
                0.0016121496237281722,
                0.0,
                0.0,
                0.0
            ],
            [
                0.9967123421855502,
                0.003287657814449968,
                0.0,
                0.0,
                0.0
            ],
            [
                0.0,
                0.0,
                1.0,
                0.0,
                0.0
            ],
            [
                0.0,
                0.0,
                0.0,
                0.10500027774528578,
                0.8949997222547142
            ],
            [
                0.0,
                0.0,
                0.0,
                2.5109990926928153e-08,
                0.999999974890009
            ]
        ],
        [
            [
                0.9999777753824038,
                2.222461759607725e-05,
                0.0,
                0.0,
                0.0
            ],
            [
                0.05431342948541033,
                0.9456865705145897,
                0.0,
                0.0,
                0.0
            ],
            [
                0.0,
                0.0,
                1.0,
                0.0,
                0.0
            ],
            [
                0.0,
                0.0,
                0.0,
                0.013576931540510559,
                0.9864230684594896
            ],
            [
                0.0,
                0.0,
                0.0,
                9.273125515269378e-05,
                0.9999072687448474
            ]
        ],
        [
            [
                0.9933071506607352,
                0.006692849339264817,
                0.0,
                0.0,
                0.0
            ],
            [
                3.0590251865677175e-07,
                0.9999996940974814,
                0.0,
                0.0,
                0.0
            ],
            [
                0.0,
                0.0,
                1.0,
                0.0,
                0.0
            ],
            [
                0.0,
                0.0,
                0.0,
                0.19332102986239885,
                0.8066789701376011
            ],
            [
                0.0,
                0.0,
                0.0,
                0.9864230684594895,
                0.013576931540510559
            ]
        ],
        [
            [
                0.9999998502483232,
                1.497516768103484e-07,
                0.0,
                0.0,
                0.0
            ],
            [
                0.02734661647725257,
                0.9726533835227473,
                0.0,
                0.0,
                0.0
            ],
            [
                0.0,
                0.0,
                1.0,
                0.0,
                0.0
            ],
            [
                0.0,
                0.0,
                0.0,
                3.17639365893792e-05,
                0.9999682360634106
            ],
            [
                0.0,
                0.0,
                0.0,
                0.0016121630549208552,
                0.9983878369450792
            ]
        ],
        [
            [
                0.999999785967689,
                2.1403231091013341e-07,
                0.0,
                0.0,
                0.0
            ],
            [
                5.129291276238427e-08,
                0.9999999487070872,
                0.0,
                0.0,
                0.0
            ],
            [
                0.0,
                0.0,
                1.0,
                0.0,
                0.0
            ],
            [
                0.0,
                0.0,
                0.0,
                4.3720955739756547e-07,
                0.9999995627904426
            ],
            [
                0.0,
                0.0,
                0.0,
                1.22923733897565e-08,
                0.9999999877076267
            ]
        ],
        [
            [
                0.999613170381301,
                0.00038682961869893306,
                0.0,
                0.0,
                0.0
            ],
            [
                1.8243484016511983e-06,
                0.9999981756515984,
                0.0,
                0.0,
                0.0
            ],
            [
                0.0,
                0.0,
                1.0,
                0.0,
                0.0
            ],
            [
                0.0,
                0.0,
                0.0,
                9.273045931116774e-05,
                0.9999072695406889
            ],
            [
                0.0,
                0.0,
                0.0,
                8.930935507375785e-07,
                0.9999991069064493
            ]
        ],
        [
            [
                0.9999777753612092,
                2.2224638790663296e-05,
                0.0,
                0.0,
                0.0
            ],
            [
                5.1292863845676584e-08,
                0.999999948707136,
                0.0,
                0.0,
                0.0
            ],
            [
                0.0,
                0.0,
                1.0,
                0.0,
                0.0
            ],
            [
                0.0,
                0.0,
                0.0,
                0.3286523060387446,
                0.6713476939612554
            ],
            [
                0.0,
                0.0,
                0.0,
                1.0879998129518428e-05,
                0.9999891200018706
            ]
        ],
        [
            [
                0.999954602142459,
                4.539785754100667e-05,
                0.0,
                0.0,
                0.0
            ],
            [
                0.32865230603874457,
                0.6713476939612554,
                0.0,
                0.0,
                0.0
            ],
            [
                0.0,
                0.0,
                1.0,
                0.0,
                0.0
            ],
            [
                0.0,
                0.0,
                0.0,
                0.013576931540510559,
                0.9864230684594893
            ],
            [
                0.0,
                0.0,
                0.0,
                0.19332102986239882,
                0.8066789701376013
            ]
        ],
        [
            [
                0.999996273360813,
                3.726639187007233e-06,
                0.0,
                0.0,
                0.0
            ],
            [
                2.222461759607725e-05,
                0.999977775382404,
                0.0,
                0.0,
                0.0
            ],
            [
                0.0,
                4.210378871751381e-09,
                0.9999999957896212,
                0.0,
                0.0
            ],
            [
                0.0,
                0.0,
                0.0,
                5.326236115998773e-06,
                0.999994673763884
            ],
            [
                0.0,
                0.0,
                0.0,
                0.10500027774528578,
                0.8949997222547142
            ]
        ],
        [
            [
                0.9456869455473681,
                0.054313054452631924,
                0.0,
                0.0,
                0.0
            ],
            [
                0.0007898633611239568,
                0.9992101366388761,
                0.0,
                0.0,
                0.0
            ],
            [
                0.0,
                0.0,
                1.0,
                0.0,
                0.0
            ],
            [
                0.0,
                0.0,
                0.0,
                0.3286523060387446,
                0.6713476939612555
            ],
            [
                0.0,
                0.0,
                0.0,
                0.9807077985180651,
                0.019292201481934907
            ]
        ],
        [
            [
                0.9999351170454548,
                6.488295454517194e-05,
                0.0,
                0.0,
                0.0
            ],
            [
                0.00038682951498329374,
                0.9996131704850167,
                0.0,
                0.0,
                0.0
            ],
            [
                0.0,
                0.0,
                1.0,
                0.0,
                0.0
            ],
            [
                0.0,
                0.0,
                0.0,
                0.9999923875143373,
                7.612485662728743e-06
            ],
            [
                0.0,
                0.0,
                0.0,
                4.3720622176754196e-07,
                0.9999995627937782
            ]
        ],
        [
            [
                0.9999351170251526,
                6.488297484731643e-05,
                0.0,
                0.0,
                0.0
            ],
            [
                0.6713476939612554,
                0.3286523060387446,
                0.0,
                0.0,
                0.0
            ],
            [
                0.0,
                0.0,
                1.0,
                0.0,
                0.0
            ],
            [
                0.0,
                0.0,
                0.0,
                0.9726531552226695,
                0.027346844777330546
            ],
            [
                0.0,
                0.0,
                0.0,
                0.19332102986239888,
                0.8066789701376011
            ]
        ],
        [
            [
                0.9983878503762718,
                0.0016121496237281724,
                0.0,
                0.0,
                0.0
            ],
            [
                1.0879998129518424e-05,
                0.9999891200018705,
                0.0,
                0.0,
                0.0
            ],
            [
                0.0,
                0.0,
                1.0,
                0.0,
                0.0
            ],
            [
                0.0,
                0.0,
                0.0,
                2.607438607727485e-06,
                0.9999973925613922
            ],
            [
                0.0,
                0.0,
                0.0,
                0.8066789701376011,
                0.19332102986239882
            ]
        ],
        [
            [
                1.0,
                0.0,
                0.0,
                0.0,
                0.0
            ],
            [
                0.9999351170251527,
                6.488297484731643e-05,
                0.0,
                0.0,
                0.0
            ],
            [
                0.0,
                0.0,
                1.0,
                0.0,
                0.0
            ],
            [
                0.0,
                0.0,
                0.0,
                0.9997293157444698,
                0.0002706842555301286
            ],
            [
                0.0,
                0.0,
                0.0,
                1.0477753000692415e-07,
                0.99999989522247
            ]
        ],
        [
            [
                0.9994472213630764,
                0.0005527786369235996,
                0.0,
                0.0,
                0.0
            ],
            [
                1.0477663069812406e-07,
                0.9999998952233692,
                0.0,
                0.0,
                0.0
            ],
            [
                0.0,
                0.0,
                1.0,
                0.0,
                0.0
            ],
            [
                0.0,
                0.0,
                0.0,
                0.013576931540510559,
                0.9864230684594895
            ],
            [
                0.0,
                0.0,
                0.0,
                4.372058048155785e-07,
                0.9999995627941952
            ]
        ],
        [
            [
                0.999977775362534,
                2.2224637466001077e-05,
                0.0,
                0.0,
                0.0
            ],
            [
                0.05431304220670481,
                0.9456869577932951,
                0.0,
                0.0,
                0.0
            ],
            [
                0.0,
                0.0,
                1.0,
                0.0,
                0.0
            ],
            [
                0.0,
                0.0,
                0.0,
                0.9726533581561636,
                0.027346641843836433
            ],
            [
                0.0,
                0.0,
                0.0,
                0.9933071490757153,
                0.006692850924284857
            ]
        ],
        [
            [
                0.9999973925613923,
                2.607438607727485e-06,
                0.0,
                0.0,
                0.0
            ],
            [
                0.5,
                0.5,
                0.0,
                0.0,
                0.0
            ],
            [
                0.0,
                0.0,
                1.0,
                0.0,
                0.0
            ],
            [
                0.0,
                0.0,
                0.0,
                4.3720622176754196e-07,
                0.9999995627937782
            ],
            [
                0.0,
                0.0,
                0.0,
                1.8243466618209873e-06,
                0.9999981756533383
            ]
        ],
        [
            [
                0.9999996940974814,
                3.0590251865677175e-07,
                0.0,
                0.0,
                0.0
            ],
            [
                0.02734684477733055,
                0.9726531552226696,
                0.0,
                0.0,
                0.0
            ],
            [
                0.0,
                0.0,
                1.0,
                0.0,
                0.0
            ],
            [
                0.0,
                0.0,
                0.0,
                0.8066789701376011,
                0.19332102986239882
            ],
            [
                0.0,
                0.0,
                0.0,
                6.488346983489965e-05,
                0.9999351165301651
            ]
        ],
        [
            [
                0.9999981756540578,
                1.8243459422725517e-06,
                0.0,
                0.0,
                0.0
            ],
            [
                0.013576931540510559,
                0.9864230684594895,
                0.0,
                0.0,
                0.0
            ],
            [
                0.0,
                0.0,
                1.0,
                0.0,
                0.0
            ],
            [
                0.0,
                0.0,
                0.0,
                0.9999987235608249,
                1.2764391751448739e-06
            ],
            [
                0.0,
                0.0,
                0.0,
                0.0007898633611239568,
                0.999210136638876
            ]
        ],
        [
            [
                0.9996131705656843,
                0.0003868294343155935,
                0.0,
                0.0,
                0.0
            ],
            [
                2.0611526353558063e-09,
                0.9999999979388474,
                0.0,
                0.0,
                0.0
            ],
            [
                0.0,
                0.0,
                1.0,
                0.0,
                0.0
            ],
            [
                0.0,
                0.0,
                0.0,
                0.5,
                0.5
            ],
            [
                0.0,
                0.0,
                0.0,
                6.017622348182813e-09,
                0.9999999939823777
            ]
        ],
        [
            [
                0.999994673763368,
                5.326236631882219e-06,
                0.0,
                0.0,
                0.0
            ],
            [
                4.210378871751381e-09,
                0.9999999957896212,
                0.0,
                0.0,
                0.0
            ],
            [
                0.0,
                1.911510881515405e-13,
                0.9999999999998088,
                0.0,
                0.0
            ],
            [
                0.0,
                0.0,
                0.0,
                0.00027068425553012856,
                0.9997293157444698
            ],
            [
                0.0,
                0.0,
                0.0,
                0.0,
                1.0
            ]
        ],
        [
            [
                0.9992101304527843,
                0.0007898695472156967,
                0.0,
                0.0,
                0.0
            ],
            [
                9.273125515269376e-05,
                0.9999072687448474,
                0.0,
                0.0,
                0.0
            ],
            [
                0.0,
                0.0,
                1.0,
                0.0,
                0.0
            ],
            [
                0.0,
                0.0,
                0.0,
                0.9933071490757153,
                0.006692850924284856
            ],
            [
                0.0,
                0.0,
                0.0,
                1.442127670985849e-09,
                0.9999999985578724
            ]
        ],
        [
            [
                1.0,
                0.0,
                0.0,
                0.0,
                0.0
            ],
            [
                0.000189404911843018,
                0.9998105950881571,
                0.0,
                0.0,
                0.0
            ],
            [
                0.0,
                0.0,
                1.0,
                0.0,
                0.0
            ],
            [
                0.0,
                0.0,
                0.0,
                0.3286523060387446,
                0.6713476939612554
            ],
            [
                0.0,
                0.0,
                0.0,
                6.488353170861305e-05,
                0.9999351164682915
            ]
        ],
        [
            [
                0.986423172233038,
                0.013576827766962014,
                0.0,
                0.0,
                0.0
            ],
            [
                9.273116672552029e-05,
                0.9999072688332745,
                0.0,
                0.0,
                0.0
            ],
            [
                0.0,
                0.0,
                1.0,
                0.0,
                0.0
            ],
            [
                0.0,
                0.0,
                0.0,
                0.0032876578144499674,
                0.99671234218555
            ],
            [
                0.0,
                0.0,
                0.0,
                1.2764501309432264e-06,
                0.999998723549869
            ]
        ],
        [
            [
                0.9999973925605958,
                2.6074394042297217e-06,
                0.0,
                0.0,
                0.0
            ],
            [
                0.19332102986239885,
                0.8066789701376011,
                0.0,
                0.0,
                0.0
            ],
            [
                0.0,
                0.0,
                1.0,
                0.0,
                0.0
            ],
            [
                0.0,
                0.0,
                0.0,
                0.9999991069064492,
                8.930935507375782e-07
            ],
            [
                0.0,
                0.0,
                0.0,
                5.3262767518940435e-06,
                0.999994673723248
            ]
        ],
        [
            [
                0.9999682358220243,
                3.17641779755938e-05,
                0.0,
                0.0,
                0.0
            ],
            [
                0.9456869577932951,
                0.05431304220670481,
                0.0,
                0.0,
                0.0
            ],
            [
                0.0,
                0.0,
                1.0,
                0.0,
                0.0
            ],
            [
                0.0,
                0.0,
                0.0,
                0.05431304220670481,
                0.9456869577932953
            ],
            [
                0.0,
                0.0,
                0.0,
                1.047767306209429e-07,
                0.9999998952232694
            ]
        ],
        [
            [
                0.9999999996543909,
                3.456091354969771e-10,
                0.0,
                0.0,
                0.0
            ],
            [
                0.0016121492399814516,
                0.9983878507600186,
                0.0,
                0.0,
                0.0
            ],
            [
                0.0,
                0.0,
                1.0,
                0.0,
                0.0
            ],
            [
                0.0,
                0.0,
                0.0,
                0.02734684477733054,
                0.9726531552226694
            ],
            [
                0.0,
                0.0,
                0.0,
                1.0477753000692417e-07,
                0.99999989522247
            ]
        ],
        [
            [
                0.999998175655078,
                1.8243449219924353e-06,
                0.0,
                0.0,
                0.0
            ],
            [
                2.2224617596077248e-05,
                0.9999777753824038,
                0.0,
                0.0,
                0.0
            ],
            [
                0.0,
                0.0,
                1.0,
                0.0,
                0.0
            ],
            [
                0.0,
                0.0,
                0.0,
                0.3286539893903087,
                0.6713460106096912
            ],
            [
                0.0,
                0.0,
                0.0,
                2.2224638790663296e-05,
                0.9999777753612092
            ]
        ],
        [
            [
                0.9999981756515983,
                1.8243484016511985e-06,
                0.0,
                0.0,
                0.0
            ],
            [
                3.5888052289160326e-08,
                0.9999999641119477,
                0.0,
                0.0,
                0.0
            ],
            [
                0.0,
                0.0,
                1.0,
                0.0,
                0.0
            ],
            [
                0.0,
                0.0,
                0.0,
                0.9933071490757153,
                0.0066928509242848554
            ],
            [
                0.0,
                0.0,
                0.0,
                0.10500027774528578,
                0.8949997222547142
            ]
        ],
        [
            [
                0.9967123414042882,
                0.0032876585957117717,
                0.0,
                0.0,
                0.0
            ],
            [
                4.939565248981797e-10,
                0.9999999995060435,
                0.0,
                0.0,
                0.0
            ],
            [
                0.0,
                0.0,
                1.0,
                0.0,
                0.0
            ],
            [
                0.0,
                0.0,
                0.0,
                0.9996131734351389,
                0.00038682656486119303
            ],
            [
                0.0,
                0.0,
                0.0,
                0.054313042206704805,
                0.9456869577932951
            ]
        ],
        [
            [
                0.9998105936694824,
                0.0001894063305176084,
                0.0,
                0.0,
                0.0
            ],
            [
                6.0176223481828125e-09,
                0.9999999939823776,
                0.0,
                0.0,
                0.0
            ],
            [
                0.0,
                0.0,
                1.0,
                0.0,
                0.0
            ],
            [
                0.0,
                0.0,
                0.0,
                2.607418714677387e-06,
                0.9999973925812854
            ],
            [
                0.0,
                0.0,
                0.0,
                0.9997293157444699,
                0.00027068425553012856
            ]
        ],
        [
            [
                0.9456865781683443,
                0.05431342183165576,
                0.0,
                0.0,
                0.0
            ],
            [
                1.2764391751448736e-06,
                0.9999987235608249,
                0.0,
                0.0,
                0.0
            ],
            [
                0.0,
                0.0,
                1.0,
                0.0,
                0.0
            ],
            [
                0.0,
                0.0,
                0.0,
                0.3286523060387446,
                0.6713476939612555
            ],
            [
                0.0,
                0.0,
                0.0,
                1.2764513482599592e-06,
                0.9999987235486517
            ]
        ],
        [
            [
                0.9999997859695884,
                2.1403041167297204e-07,
                0.0,
                0.0,
                0.0
            ],
            [
                3.7266392841865618e-06,
                0.9999962733607158,
                0.0,
                0.0,
                0.0
            ],
            [
                0.0,
                0.0,
                1.0,
                0.0,
                0.0
            ],
            [
                0.0,
                0.0,
                0.0,
                0.3286523060387446,
                0.6713476939612554
            ],
            [
                0.0,
                0.0,
                0.0,
                0.0,
                1.0
            ]
        ],
        [
            [
                0.9999998952223701,
                1.0477762993060064e-07,
                0.0,
                0.0,
                0.0
            ],
            [
                0.006692793863798347,
                0.9933072061362016,
                0.0,
                0.0,
                0.0
            ],
            [
                0.0,
                0.0,
                1.0,
                0.0,
                0.0
            ],
            [
                0.0,
                0.0,
                0.0,
                0.9983878384800783,
                0.0016121615199217515
            ],
            [
                0.0,
                0.0,
                0.0,
                0.0,
                1.0
            ]
        ],
        [
            [
                0.999935117015485,
                6.48829845150065e-05,
                0.0,
                0.0,
                0.0
            ],
            [
                4.539782540963912e-05,
                0.9999546021745903,
                0.0,
                0.0,
                0.0
            ],
            [
                0.0,
                0.0,
                1.0,
                0.0,
                0.0
            ],
            [
                0.0,
                0.0,
                0.0,
                0.8949997222547142,
                0.10500027774528578
            ],
            [
                0.0,
                0.0,
                0.0,
                1.2292396835620152e-08,
                0.9999999877076032
            ]
        ],
        [
            [
                0.9998105936208057,
                0.00018940637919434927,
                0.0,
                0.0,
                0.0
            ],
            [
                8.930944024576053e-07,
                0.9999991069055976,
                0.0,
                0.0,
                0.0
            ],
            [
                0.0,
                0.0,
                1.0,
                0.0,
                0.0
            ],
            [
                0.0,
                0.0,
                0.0,
                0.8949997222547142,
                0.10500027774528578
            ],
            [
                0.0,
                0.0,
                0.0,
                0.9726533581561635,
                0.027346641843836426
            ]
        ],
        [
            [
                0.9999995627904426,
                4.3720955739756547e-07,
                0.0,
                0.0,
                0.0
            ],
            [
                0.3286523060387446,
                0.6713476939612555,
                0.0,
                0.0,
                0.0
            ],
            [
                0.0,
                0.0,
                1.0,
                0.0,
                0.0
            ],
            [
                0.0,
                0.0,
                0.0,
                0.19332102986239885,
                0.8066789701376011
            ],
            [
                0.0,
                0.0,
                0.0,
                8.600590413843004e-09,
                0.9999999913994095
            ]
        ],
        [
            [
                0.99999999855786,
                1.4421400489200385e-09,
                0.0,
                0.0,
                0.0
            ],
            [
                0.013576931540510559,
                0.9864230684594895,
                0.0,
                0.0,
                0.0
            ],
            [
                0.0,
                0.0,
                1.0,
                0.0,
                0.0
            ],
            [
                0.0,
                0.0,
                0.0,
                0.9998674696017618,
                0.00013253039823822116
            ],
            [
                0.0,
                0.0,
                0.0,
                3.7266108523996005e-06,
                0.9999962733891475
            ]
        ],
        [
            [
                0.9999999999994419,
                5.580725627316441e-13,
                0.0,
                0.0,
                0.0
            ],
            [
                0.3286523060387446,
                0.6713476939612554,
                0.0,
                0.0,
                0.0
            ],
            [
                0.0,
                0.0,
                1.0,
                0.0,
                0.0
            ],
            [
                0.0,
                0.0,
                0.0,
                0.9983878507600186,
                0.0016121492399814516
            ],
            [
                0.0,
                0.0,
                0.0,
                0.10500099472147156,
                0.8949990052785285
            ]
        ],
        [
            [
                0.9999999913993357,
                8.60066423361882e-09,
                0.0,
                0.0,
                0.0
            ],
            [
                6.248698782161653e-07,
                0.9999993751301218,
                0.0,
                0.0,
                0.0
            ],
            [
                0.0,
                0.0,
                1.0,
                0.0,
                0.0
            ],
            [
                0.0,
                0.0,
                0.0,
                0.8949997222547141,
                0.10500027774528577
            ],
            [
                0.0,
                0.0,
                0.0,
                0.0,
                1.0
            ]
        ],
        [
            [
                0.9999946737668851,
                5.326233114947024e-06,
                0.0,
                0.0,
                0.0
            ],
            [
                0.05431304220670481,
                0.9456869577932951,
                0.0,
                0.0,
                0.0
            ],
            [
                0.0,
                0.0,
                1.0,
                0.0,
                0.0
            ],
            [
                0.0,
                0.0,
                0.0,
                2.511001487369241e-08,
                0.9999999748899852
            ],
            [
                0.0,
                0.0,
                0.0,
                9.27310782984311e-05,
                0.9999072689217016
            ]
        ],
        [
            [
                0.9998674706285472,
                0.00013252937145274686,
                0.0,
                0.0,
                0.0
            ],
            [
                2.6074361210879227e-06,
                0.9999973925638789,
                0.0,
                0.0,
                0.0
            ],
            [
                0.0,
                0.0,
                1.0,
                0.0,
                0.0
            ],
            [
                0.0,
                0.0,
                0.0,
                5.32627167239018e-06,
                0.9999946737283275
            ],
            [
                0.0,
                0.0,
                0.0,
                3.588805228916032e-08,
                0.9999999641119477
            ]
        ],
        [
            [
                0.99671234218555,
                0.0032876578144499682,
                0.0,
                0.0,
                0.0
            ],
            [
                0.006692850924284856,
                0.9933071490757153,
                0.0,
                0.0,
                0.0
            ],
            [
                0.0,
                0.0,
                1.0,
                0.0,
                0.0
            ],
            [
                0.0,
                0.0,
                0.0,
                0.9999777753612094,
                2.22246387906633e-05
            ],
            [
                0.0,
                0.0,
                0.0,
                4.5397825409639136e-05,
                0.9999546021745904
            ]
        ],
        [
            [
                0.9864230684594895,
                0.013576931540510557,
                0.0,
                0.0,
                0.0
            ],
            [
                1.4975188681307589e-07,
                0.9999998502481132,
                0.0,
                0.0,
                0.0
            ],
            [
                0.0,
                0.0,
                1.0,
                0.0,
                0.0
            ],
            [
                0.0,
                0.0,
                0.0,
                0.013576931540510559,
                0.9864230684594895
            ],
            [
                0.0,
                0.0,
                0.0,
                7.612492922508999e-06,
                0.9999923875070774
            ]
        ],
        [
            [
                0.8949997446601504,
                0.10500025533984961,
                0.0,
                0.0,
                0.0
            ],
            [
                0.3286523060387447,
                0.6713476939612554,
                0.0,
                0.0,
                0.0
            ],
            [
                0.0,
                0.0,
                1.0,
                0.0,
                0.0
            ],
            [
                0.0,
                0.0,
                0.0,
                0.00027068425553012856,
                0.9997293157444699
            ],
            [
                0.0,
                0.0,
                0.0,
                1.276440392451158e-06,
                0.9999987235596075
            ]
        ],
        [
            [
                0.9999351165331862,
                6.488346681372375e-05,
                0.0,
                0.0,
                0.0
            ],
            [
                0.19332102986239882,
                0.8066789701376011,
                0.0,
                0.0,
                0.0
            ],
            [
                0.0,
                0.0,
                1.0,
                0.0,
                0.0
            ],
            [
                0.0,
                0.0,
                0.0,
                0.00027068425553012856,
                0.9997293157444699
            ],
            [
                0.0,
                0.0,
                0.0,
                3.0590193519475594e-07,
                0.9999996940980648
            ]
        ],
        [
            [
                0.9999999913994004,
                8.600599556174798e-09,
                0.0,
                0.0,
                0.0
            ],
            [
