{
    "[['A', 'B', 'C', 'D', 'E'], ['A', 'B', 'C', 'D', 'E']]": [
        [
            [
                0.9983878507600186,
                0.0016121492399814518,
                0.0,
                0.0,
                0.0
            ],
            [
                3.059022269256247e-07,
                0.9999996940977731,
                0.0,
                0.0,
                0.0
            ],
            [
                0.0,
                0.0,
                1.0,
                0.0,
                0.0
            ],
            [
                0.0,
                0.0,
                0.0,
                1.0,
                0.0
            ],
            [
                0.3286523060387447,
                0.6713476939612554,
                0.0,
                0.0,
                0.0
            ]
        ],
        [
            [
                0.9726533581561636,
                0.027346641843836433,
                0.0,
                0.0,
                0.0
            ],
            [
                0.001128526635177019,
                0.998871473364823,
                0.0,
                0.0,
                0.0
            ],
            [
                0.0,
                0.0,
                0.9999999999999345,
                6.547240140662032e-14,
                0.0
            ],
            [
                0.0,
                0.0,
                0.0,
                1.0,
                0.0
            ],
            [
                0.0,
                0.0,
                2.4181203345426753e-10,
                0.999999999758188,
                0.0
            ]
        ],
        [
            [
                0.9998674706127507,
                0.00013252938724938625,
                0.0,
                0.0,
                0.0
            ],
            [
                2.6074185962957372e-06,
                0.9999973925814037,
                0.0,
                0.0,
                0.0
            ],
            [
                0.0,
                0.0,
                0.9999999999999346,
                6.547299458311012e-14,
                0.0
            ],
            [
                0.0,
                0.0,
                0.0,
                1.0,
                0.0
            ],
            [
                0.0,
                0.0,
                2.1403047386435023e-07,
                0.9999997859695261,
                0.0
            ]
        ],
        [
            [
                0.10500097231590035,
                0.8949990276840997,
                0.0,
                0.0,
                0.0
            ],
            [
                7.330971289492888e-08,
                0.999999926690287,
                0.0,
                0.0,
                0.0
            ],
            [
                0.0,
                0.0,
                1.0,
                0.0,
                0.0
            ],
            [
                0.0,
                0.0,
                0.0,
                1.0,
                0.0
            ],
            [
                0.0,
                0.0,
                0.0,
                1.0,
                0.0
            ]
        ],
        [
            [
                0.9999546021177685,
                4.5397882231441384e-05,
                0.0,
                0.0,
                0.0
            ],
            [
                1.0879998129518428e-05,
                0.9999891200018705,
                0.0,
                0.0,
                0.0
            ],
            [
                0.0,
                0.0,
                0.9999999999988599,
                1.1399934838156488e-12,
                0.0
            ],
            [
                0.0,
                0.0,
                0.0,
                1.0,
                0.0
            ],
            [
                1.229239683562015e-08,
                0.9999999877076032,
                0.0,
                0.0,
                0.0
            ]
        ],
        [
            [
                0.9999891200122464,
                1.0879987753661487e-05,
                0.0,
                0.0,
                0.0
            ],
            [
                1.0879998129518426e-05,
                0.9999891200018705,
                0.0,
                0.0,
                0.0
            ],
            [
                0.0,
                0.0,
                1.0,
                0.0,
                0.0
            ],
            [
                0.0,
                0.0,
                7.330964298137702e-08,
                0.999999926690357,
                0.0
            ],
            [
                0.0,
                0.0,
                0.0,
                1.0,
                0.0
            ]
        ],
        [
            [
                2.6074381426965663e-06,
                0.9999973925618574,
                0.0,
                0.0,
                0.0
            ],
            [
                0.006692800203828541,
                0.9933071997961714,
                0.0,
                0.0,
                0.0
            ],
            [
                0.0,
                0.0,
                1.0,
                0.0,
                0.0
            ],
            [
                0.0,
                0.0,
                0.0,
                1.0,
                0.0
            ],
            [
                0.9998105936433804,
                0.00018940635661962734,
                0.0,
                0.0,
                0.0
            ]
        ],
        [
            [
                0.8949997222547142,
                0.10500027774528577,
                0.0,
                0.0,
                0.0
            ],
            [
                1.44212740169712e-09,
                0.9999999985578726,
                0.0,
                0.0,
                0.0
            ],
            [
                0.0,
                9.71697982693592e-12,
                0.9999999999902831,
                0.0,
                0.0
            ],
            [
                0.0,
                0.0,
                0.0,
                1.0,
                0.0
            ],
            [
                0.0,
                0.0,
                0.0,
                1.0,
                0.0
            ]
        ],
        [
            [
                0.9999999979388445,
                2.0611555838604045e-09,
                0.0,
                0.0,
                0.0
            ],
            [
                2.2224638790663296e-05,
                0.9999777753612092,
                0.0,
                0.0,
                0.0
            ],
            [
                0.0,
                0.0,
                1.0,
                0.0,
                0.0
            ],
            [
                0.0,
                0.0,
                0.0,
                1.0,
                0.0
            ],
            [
                0.0,
                0.0,
                0.0,
                0.999994673763884,
                5.326236115998772e-06
            ]
        ],
        [
            [
                0.9933071490757152,
                0.0066928509242848554,
                0.0,
                0.0,
                0.0
            ],
            [
                6.248750718956833e-07,
                0.9999993751249281,
                0.0,
                0.0,
                0.0
            ],
            [
                0.0,
                0.0,
                1.0,
                0.0,
                0.0
            ],
            [
                0.0,
                0.0,
                0.0,
                1.0,
                0.0
            ],
            [
                0.0,
                0.0,
                4.210354779839256e-09,
                0.9999999957896453,
                0.0
            ]
        ],
        [
            [
                0.999810595088157,
                0.00018940491184301795,
                0.0,
                0.0,
                0.0
            ],
            [
                5.129291276238427e-08,
                0.9999999487070873,
                0.0,
                0.0,
                0.0
            ],
            [
                0.0,
                0.0,
                1.0,
                0.0,
                0.0
            ],
            [
                0.0,
                0.0,
                0.0,
                1.0,
                0.0
            ],
            [
                0.0,
                0.0,
                0.0,
                0.006692850924284856,
                0.9933071490757152
            ]
        ],
        [
            [
                0.9999973925812853,
                2.6074187146773868e-06,
                0.0,
                0.0,
                0.0
            ],
            [
                6.248751670461336e-07,
                0.999999375124833,
                0.0,
                0.0,
                0.0
            ],
            [
                0.0,
                0.0,
                1.0,
                0.0,
                0.0
            ],
            [
                0.0,
                0.0,
                0.0,
                1.0,
                0.0
            ],
            [
                0.0,
                0.0,
                0.0,
                1.0,
                0.0
            ]
        ],
        [
            [
                0.9999999957896532,
                4.210346749232514e-09,
                0.0,
                0.0,
                0.0
            ],
            [
                6.488297484731643e-05,
                0.9999351170251527,
                0.0,
                0.0,
                0.0
            ],
            [
                0.0,
                0.0,
                1.0,
                0.0,
                0.0
            ],
            [
                0.0,
                0.0,
                0.0,
                1.0,
                0.0
            ],
            [
                0.0,
                0.0,
                0.0,
                1.0,
                0.0
            ]
        ],
        [
            [
                0.9864231674435068,
                0.013576832556493189,
                0.0,
                0.0,
                0.0
            ],
            [
                4.539791199527095e-05,
                0.9999546020880048,
                0.0,
                0.0,
                0.0
            ],
            [
                0.0,
                5.580736936991634e-13,
                0.999999999999442,
                0.0,
                0.0
            ],
            [
                0.0,
                0.0,
                0.0,
                1.0,
                0.0
            ],
            [
                0.0,
                0.0,
                0.0,
                0.9976974351183824,
                0.002302564881617554
            ]
        ],
        [
            [
                0.9933071506607352,
                0.006692849339264817,
                0.0,
                0.0,
                0.0
            ],
            [
                2.5109990926928153e-08,
                0.999999974890009,
                0.0,
                0.0,
                0.0
            ],
            [
                0.0,
                0.0,
                1.0,
                0.0,
                0.0
            ],
            [
                0.0,
                0.0,
                0.0,
                1.0,
                0.0
            ],
            [
                1.984929187524268e-11,
                0.9999999999801507,
                0.0,
                0.0,
                0.0
            ]
        ],
        [
            [
                0.9999998502483988,
                1.4975160118433447e-07,
                0.0,
                0.0,
                0.0
            ],
            [
                2.607417859901291e-06,
                0.99999739258214,
                0.0,
                0.0,
                0.0
            ],
            [
                0.0,
                0.0,
                1.0,
                0.0,
                0.0
            ],
            [
                0.0,
                0.0,
                0.0,
                1.0,
                0.0
            ],
            [
                1.0,
                0.0,
                0.0,
                0.0,
                0.0
            ]
        ],
        [
            [
                0.9864230652664449,
                0.013576934733555228,
                0.0,
                0.0,
                0.0
            ],
            [
                1.497517501351922e-07,
                0.9999998502482499,
                0.0,
                0.0,
                0.0
            ],
            [
                0.0,
                0.0,
                1.0,
                0.0,
                0.0
            ],
            [
                0.0,
                0.0,
                1.2764403924511583e-06,
                0.9999987235596076,
                0.0
            ],
            [
                0.0,
                0.0,
                1.691886627729419e-10,
                0.9999999998308113,
                0.0
            ]
        ],
        [
            [
                0.9999999913993357,
                8.60066423361882e-09,
                0.0,
                0.0,
                0.0
            ],
            [
                0.006692850924284856,
                0.9933071490757153,
                0.0,
                0.0,
                0.0
            ],
            [
                0.0,
                0.0,
                1.0,
                0.0,
                0.0
            ],
            [
                0.0,
                0.0,
                0.0,
                1.0,
                0.0
            ],
            [
                0.0,
                0.0,
                0.0,
                0.9999997859691179,
                2.1403088209538384e-07
            ]
        ],
        [
            [
                0.19332102986239885,
                0.8066789701376011,
                0.0,
                0.0,
                0.0
            ],
            [
                2.140320103160596e-07,
                0.9999997859679897,
                0.0,
                0.0,
                0.0
            ],
            [
                0.0,
                0.0,
                1.0,
                0.0,
                0.0
            ],
            [
                0.0,
                0.0,
                0.0,
                1.0,
                0.0
            ],
            [
                0.9999999913993357,
                8.600664233618818e-09,
                0.0,
                0.0,
                0.0
            ]
        ],
        [
            [
                0.9456869639162578,
                0.054313036083742224,
                0.0,
                0.0,
                0.0
            ],
            [
                1.2292379772109973e-08,
                0.9999999877076202,
                0.0,
                0.0,
                0.0
            ],
            [
                0.0,
                0.0,
                1.0,
                0.0,
                0.0
            ],
            [
                0.0,
                0.0,
                0.0,
                1.0,
                0.0
            ],
            [
                0.0,
                0.0,
                0.0,
                1.0,
                0.0
            ]
        ],
        [
            [
                0.9992101305233484,
                0.0007898694766516397,
                0.0,
                0.0,
                0.0
            ],
            [
                3.176417892221001e-05,
                0.9999682358210777,
                0.0,
                0.0,
                0.0
            ],
            [
                0.0,
                0.0,
                1.0,
                0.0,
                0.0
            ],
            [
                0.0,
                0.0,
                0.0,
                0.9999891200018705,
                1.0879998129518426e-05
            ],
            [
                0.9999999641116397,
                3.58883603200948e-08,
                0.0,
                0.0,
                0.0
            ]
        ],
        [
            [
                0.999935117040621,
                6.48829593790153e-05,
                0.0,
                0.0,
                0.0
            ],
            [
                2.1403231091013344e-07,
                0.999999785967689,
                0.0,
                0.0,
                0.0
            ],
            [
                0.0,
                0.0,
                1.0,
                0.0,
                0.0
            ],
            [
                0.0,
                0.0,
                0.0,
                1.0,
                0.0
            ],
            [
                0.0,
                0.0,
                0.0,
                1.0,
                0.0
            ]
        ],
        [
            [
                0.02734664184383643,
                0.9726533581561636,
                0.0,
                0.0,
                0.0
            ],
            [
                1.555013888003378e-05,
                0.99998444986112,
                0.0,
                0.0,
                0.0
            ],
            [
                0.0,
                0.0,
                1.0,
                0.0,
                0.0
            ],
            [
                0.0,
                0.0,
                3.588812074025062e-08,
                0.9999999641118792,
                0.0
            ],
            [
                0.0,
                0.0,
                0.0,
                0.9999999985578626,
                1.4421372982588147e-09
            ]
        ],
        [
            [
                0.19332102986239885,
                0.8066789701376011,
                0.0,
                0.0,
                0.0
            ],
            [
                6.248750280304576e-07,
                0.9999993751249721,
                0.0,
                0.0,
                0.0
            ],
            [
                0.0,
                5.58071830930353e-13,
                0.9999999999994419,
                0.0,
                0.0
            ],
            [
                0.0,
                0.0,
                0.0,
                1.0,
                0.0
            ],
            [
                0.0,
                0.0,
                0.0,
                1.0,
                0.0
            ]
        ],
        [
            [
                1.555012405050339e-05,
                0.9999844498759495,
                0.0,
                0.0,
                0.0
            ],
            [
                0.0016121492399814516,
                0.9983878507600186,
                0.0,
                0.0,
                0.0
            ],
            [
                0.0,
                0.0,
                0.9999999999999679,
                3.205138725655812e-14,
                0.0
            ],
            [
                0.0,
                0.0,
                0.0,
                1.0,
                0.0
            ],
            [
                0.9999997859678932,
                2.1403210679315663e-07,
                0.0,
                0.0,
                0.0
            ]
        ],
        [
            [
                0.004692215241769329,
                0.9953077847582307,
                0.0,
                0.0,
                0.0
            ],
            [
                1.7568828688212332e-08,
                0.9999999824311714,
                0.0,
                0.0,
                0.0
            ],
            [
                0.0,
                4.7568895990000825e-12,
                0.9999999999952431,
                0.0,
                0.0
            ],
            [
                0.0,
                0.0,
                0.0,
                1.0,
                0.0
            ],
            [
                0.0,
                0.0,
                0.0,
                1.0,
                0.0
            ]
        ],
        [
            [
                0.9999996940979041,
                3.0590209587461407e-07,
                0.0,
                0.0,
                0.0
            ],
            [
                0.0016121492399814516,
                0.9983878507600186,
                0.0,
                0.0,
                0.0
            ],
            [
                0.0,
                0.0,
                1.0,
                0.0,
                0.0
            ],
            [
                0.0,
                0.0,
                0.0,
                1.0,
                0.0
            ],
            [
                0.0,
                0.0,
                1.497517439986371e-07,
                0.999999850248256,
                0.0
            ]
        ],
        [
            [
                0.9726533565707514,
                0.027346643429248682,
                0.0,
                0.0,
                0.0
            ],
            [
                0.0001894065372174782,
                0.9998105934627824,
                0.0,
                0.0,
                0.0
            ],
            [
                0.0,
                0.0,
                1.0,
                0.0,
                0.0
            ],
            [
                0.0,
                0.0,
                0.0,
                1.0,
                0.0
            ],
            [
                0.9999999985578628,
                1.442137298258815e-09,
                0.0,
                0.0,
                0.0
            ]
        ],
        [
            [
                0.8066789701376013,
                0.19332102986239885,
                0.0,
                0.0,
                0.0
            ],
            [
                9.273115014543465e-05,
                0.9999072688498545,
                0.0,
                0.0,
                0.0
            ],
            [
                0.0,
                2.7319989413219453e-13,
                0.9999999999997268,
                0.0,
                0.0
            ],
            [
                0.0,
                0.0,
                0.0,
                0.9967123421855499,
                0.003287657814449968
            ],
            [
                0.9999546021312975,
                4.539786870243439e-05,
                0.0,
                0.0,
                0.0
            ]
        ],
        [
            [
                0.013576928347466632,
                0.9864230716525334,
                0.0,
                0.0,
                0.0
            ],
            [
                5.3262767518940435e-06,
                0.999994673723248,
                0.0,
                0.0,
                0.0
            ],
            [
                0.0,
                0.0,
                1.0,
                0.0,
                0.0
            ],
            [
                0.0,
                0.0,
                0.0,
                1.0,
                0.0
            ],
            [
                0.0,
                0.0,
                0.0,
                0.9999999824311882,
                1.7568811888283792e-08
            ]
        ],
        [
            [
                0.9994472213630764,
                0.0005527786369235996,
                0.0,
                0.0,
                0.0
            ],
            [
                1.2764501309432266e-06,
                0.999998723549869,
                0.0,
                0.0,
                0.0
            ],
            [
                0.0,
                0.0,
                1.0,
                0.0,
                0.0
            ],
            [
                0.0,
                0.0,
                2.061153618190204e-09,
                0.9999999979388465,
                0.0
            ],
            [
                0.0,
                0.0,
                0.0,
                1.0,
                0.0
            ]
        ],
        [
            [
                0.9999981756533383,
                1.8243466618209873e-06,
                0.0,
                0.0,
                0.0
            ],
            [
                4.3720622176754196e-07,
                0.9999995627937782,
                0.0,
                0.0,
                0.0
            ],
            [
                0.0,
                0.0,
                1.0,
                0.0,
                0.0
            ],
            [
                0.0,
                0.0,
                0.0,
                1.0,
                0.0
            ],
            [
                0.0,
                0.0,
                0.0,
                1.0,
                0.0
            ]
        ],
        [
            [
                0.9999072695883562,
                9.273041164379312e-05,
                0.0,
                0.0,
                0.0
            ],
            [
                5.326236115998773e-06,
                0.9999946737638841,
                0.0,
                0.0,
                0.0
            ],
            [
                0.0,
                0.0,
                1.0,
                0.0,
                0.0
            ],
            [
                0.0,
                0.0,
                0.0,
                1.0,
                0.0
            ],
            [
                0.9999999824311546,
                1.7568845398164493e-08,
                0.0,
                0.0,
                0.0
            ]
        ],
        [
            [
                0.9999993751247586,
                6.248752415370164e-07,
                0.0,
                0.0,
                0.0
            ],
            [
                2.2224659985269556e-05,
                0.9999777753400148,
                0.0,
                0.0,
                0.0
            ],
            [
                0.0,
                0.0,
                1.0,
                0.0,
                0.0
            ],
            [
                0.0,
                0.0,
                0.0,
                0.980707798518065,
                0.019292201481934907
            ],
            [
                0.9999993751295257,
                6.24870474138431e-07,
                0.0,
                0.0,
                0.0
            ]
        ],
        [
            [
                0.6713476939612555,
                0.3286523060387446,
                0.0,
                0.0,
                0.0
            ],
            [
                1.8243461852369267e-06,
                0.9999981756538148,
                0.0,
                0.0,
                0.0
            ],
            [
                0.0,
                0.0,
                1.0,
                0.0,
                0.0
            ],
            [
                0.0,
                0.0,
                0.0,
                1.0,
                0.0
            ],
            [
                0.0,
                0.0,
                0.9999072688332745,
                9.273116672552029e-05,
                0.0
            ]
        ],
        [
            [
                0.9998674706127506,
                0.00013252938724938625,
                0.0,
                0.0,
                0.0
            ],
            [
                2.2224633492014887e-05,
                0.9999777753665079,
                0.0,
                0.0,
                0.0
            ],
            [
                0.0,
                0.0,
                1.0,
                0.0,
                0.0
            ],
            [
                0.0,
                0.0,
                4.5397868702434395e-05,
                0.9999546021312976,
                0.0
            ],
            [
                0.0,
                0.0,
                0.0,
                0.05431343407766355,
                0.9456865659223365
            ]
        ],
        [
            [
                0.9999996940977731,
                3.059022269256248e-07,
                0.0,
                0.0,
                0.0
            ],
            [
                1.0879998129518428e-05,
                0.9999891200018706,
                0.0,
                0.0,
                0.0
            ],
            [
                0.0,
                0.0,
                1.0,
                0.0,
                0.0
            ],
            [
                0.0,
                0.0,
                0.0,
                1.0,
                0.0
            ],
            [
                0.0,
                0.0,
                8.282520342771892e-11,
                0.9999999999171747,
                0.0
            ]
        ],
        [
            [
                0.10500099472147156,
                0.8949990052785285,
                0.0,
                0.0,
                0.0
            ],
            [
                2.2224638790663296e-05,
                0.9999777753612094,
                0.0,
                0.0,
                0.0
            ],
            [
                0.0,
                5.374312230043411e-15,
                0.9999999999999947,
                0.0,
                0.0
            ],
            [
                0.0,
                0.0,
                0.0,
                1.0,
                0.0
            ],
            [
                0.0,
                0.0,
                0.0,
                1.0,
                0.0
            ]
        ],
        [
            [
                0.9992101306174338,
                0.0007898693825662401,
                0.0,
                0.0,
                0.0
            ],
            [
                0.0032876578144499674,
                0.99671234218555,
                0.0,
                0.0,
                0.0
            ],
            [
                0.0,
                0.0,
                1.0,
                0.0,
                0.0
            ],
            [
                0.0,
                0.0,
                0.0,
                1.0,
                0.0
            ],
            [
                2.6074386077274846e-06,
                0.9999973925613922,
                0.0,
                0.0,
                0.0
            ]
        ],
        [
            [
                0.9999072695406889,
                9.273045931116776e-05,
                0.0,
                0.0,
                0.0
            ],
            [
                5.326236115998773e-06,
                0.999994673763884,
                0.0,
                0.0,
                0.0
            ],
            [
                0.0,
                0.0,
                1.0,
                0.0,
                0.0
            ],
            [
                0.0,
                0.0,
                0.0,
                1.0,
                0.0
            ],
            [
                0.0,
                0.0,
                0.0,
                0.9999998952222702,
                1.047777298543724e-07
            ]
        ],
        [
            [
                0.9983878511917335,
                0.0016121488082664998,
                0.0,
                0.0,
                0.0
            ],
            [
                3.588836032009481e-08,
                0.9999999641116397,
                0.0,
                0.0,
                0.0
            ],
            [
                0.0,
                0.0,
                1.0,
                0.0,
                0.0
            ],
            [
                0.0,
                0.0,
                0.0,
                1.0,
                0.0
            ],
            [
                0.0,
                0.0,
                0.0,
                0.9999999877076382,
                1.2292361666841444e-08
            ]
        ],
        [
            [
                0.19332102986239885,
                0.8066789701376013,
                0.0,
                0.0,
                0.0
            ],
            [
                4.939568219716779e-10,
                0.9999999995060431,
                0.0,
                0.0,
                0.0
            ],
            [
                0.0,
                0.0,
                1.0,
                0.0,
                0.0
            ],
            [
                0.0,
                0.0,
                7.059801311332507e-10,
                0.99999999929402,
                0.0
            ],
            [
                1.0,
                0.0,
                0.0,
                0.0,
                0.0
            ]
        ],
        [
            [
                0.9999072688332745,
                9.273116672552029e-05,
                0.0,
                0.0,
                0.0
            ],
            [
                0.10500009850191454,
                0.8949999014980854,
                0.0,
                0.0,
                0.0
            ],
            [
                0.0,
                0.0,
                1.0,
                0.0,
                0.0
            ],
            [
                0.0,
                0.0,
                0.0,
                0.9999777753612094,
                2.22246387906633e-05
            ],
            [
                0.0,
                0.0,
                0.0,
                1.0,
                0.0
            ]
        ],
        [
            [
                0.9999999266904269,
                7.330957306789181e-08,
                0.0,
                0.0,
                0.0
            ],
            [
                4.210374856423121e-09,
                0.9999999957896252,
                0.0,
                0.0,
                0.0
            ],
            [
                0.0,
                0.0,
                1.0,
                0.0,
                0.0
            ],
            [
                0.0,
                0.0,
                0.0,
                1.0,
                0.0
            ],
            [
                0.0,
                0.0,
                0.9999999998816221,
                1.183778382997517e-10,
                0.0
            ]
        ],
        [
            [
                0.9999351165253312,
                6.488347466878138e-05,
                0.0,
                0.0,
                0.0
            ],
            [
                4.3720968566021433e-07,
                0.9999995627903143,
                0.0,
                0.0,
                0.0
            ],
            [
                0.0,
                0.0,
                1.0,
                0.0,
                0.0
            ],
            [
                0.0,
                0.0,
                0.0,
                1.0,
                0.0
            ],
            [
                0.0,
                0.0,
                0.0,
                0.9999682360634107,
                3.17639365893792e-05
            ]
        ],
        [
            [
                0.998871473499202,
                0.0011285265007979905,
                0.0,
                0.0,
                0.0
            ],
            [
                2.1403026974912538e-07,
                0.9999997859697302,
                0.0,
                0.0,
                0.0
            ],
            [
                0.0,
                3.205170056558397e-14,
                0.999999999999968,
                0.0,
                0.0
            ],
            [
                0.0,
                0.0,
                0.0,
                1.0,
                0.0
            ],
            [
                0.0,
                0.0,
                0.0,
                0.9992101366388761,
                0.0007898633611239569
            ]
        ],
        [
            [
                0.9998674706127506,
                0.00013252938724938622,
                0.0,
                0.0,
                0.0
            ],
            [
                2.2224638790663296e-05,
                0.9999777753612094,
                0.0,
                0.0,
                0.0
            ],
            [
                0.0,
                0.0,
                1.0,
                0.0,
                0.0
            ],
            [
                0.0,
                0.0,
                0.0,
                1.0,
                0.0
            ],
            [
                0.0,
                0.0,
                0.0,
                0.9726531552226694,
                0.027346844777330542
            ]
        ],
        [
            [
                0.9999993751301218,
                6.248698782161654e-07,
                0.0,
                0.0,
                0.0
            ],
            [
                1.088000137197575e-05,
                0.999989119998628,
                0.0,
                0.0,
                0.0
            ],
            [
                0.0,
                2.418138783407104e-10,
                0.9999999997581862,
                0.0,
                0.0
            ],
            [
                0.0,
                0.0,
                0.0,
                0.9992101306174338,
                0.0007898693825662402
            ],
            [
                2.607418714677387e-06,
                0.9999973925812854,
                0.0,
                0.0,
                0.0
            ]
        ],
        [
            [
                0.9998105936848262,
                0.00018940631517385572,
                0.0,
                0.0,
                0.0
            ],
            [
                8.600656031390219e-09,
                0.9999999913993439,
                0.0,
                0.0,
                0.0
            ],
            [
                0.0,
                0.0,
                0.9999999999997268,
                2.731993730452469e-13,
                0.0
            ],
            [
                0.0,
                0.0,
                0.0,
                1.0,
                0.0
            ],
            [
                0.0,
                0.0,
                1.2764489136276546e-06,
                0.9999987235510863,
                0.0
            ]
        ],
        [
            [
                0.9999891200018705,
                1.0879998129518426e-05,
                0.0,
                0.0,
                0.0
            ],
            [
                3.059019351947559e-07,
                0.9999996940980648,
                0.0,
                0.0,
                0.0
            ],
            [
                0.0,
                0.0,
                1.0,
                0.0,
                0.0
            ],
            [
                0.0,
                0.0,
                0.0,
                0.9999995627946121,
                4.372053878640125e-07
            ],
            [
                0.9999999748900091,
                2.510999092692816e-08,
                0.0,
                0.0,
                0.0
            ]
        ],
        [
            [
                0.00038682951498329374,
                0.9996131704850166,
                0.0,
                0.0,
                0.0
            ],
            [
                1.4975174399863707e-07,
                0.999999850248256,
                0.0,
                0.0,
                0.0
            ],
            [
                0.0,
                0.0,
                1.0,
