{
    "[['A', 'B', 'C', 'D', 'E'], ['A', 'B', 'C', 'D', 'E']]": [
        [
            [
                0.9999777753559107,
                2.2224644089312968e-05,
                0.0,
                0.0,
                0.0
            ],
            [
                0.0001894063904817112,
                0.9998105936095183,
                0.0,
                0.0,
                0.0
            ],
            [
                0.0,
                0.32865230603874457,
                0.6713476939612554,
                0.0,
                0.0
            ],
            [
                0.0,
                0.0,
                0.9983878507600186,
                0.0016121492399814516,
                0.0
            ],
            [
                0.0,
                0.0,
                0.0,
                0.14359910278422738,
                0.8564008972157726
            ]
        ],
        [
            [
                0.9999999979388464,
                2.0611536181902037e-09,
                0.0,
                0.0,
                0.0
            ],
            [
                0.8949990052785284,
                0.10500099472147158,
                0.0,
                0.0,
                0.0
            ],
            [
                0.0,
                0.0007898633611239566,
                0.9992101366388759,
                0.0,
                0.0
            ],
            [
                0.0,
                0.0,
                3.588815496584473e-08,
                0.999999964111845,
                0.0
            ],
            [
                0.0,
                0.0,
                0.0,
                0.0,
                1.0
            ]
        ],
        [
            [
                0.9999072695766121,
                9.273042338792665e-05,
                0.0,
                0.0,
                0.0
            ],
            [
                0.0016121492399814516,
                0.9983878507600187,
                0.0,
                0.0,
                0.0
            ],
            [
                0.0,
                2.222462819336775e-05,
                0.9999777753718065,
                0.0,
                0.0
            ],
            [
                0.0,
                0.0,
                0.9999987235589989,
                1.276441001104736e-06,
                0.0
            ],
            [
                0.0,
                0.0,
                0.0,
                0.0,
                1.0
            ]
        ],
        [
            [
                0.9999997859697303,
                2.140302697491254e-07,
                0.0,
                0.0,
                0.0
            ],
            [
                0.8066789701376011,
                0.19332102986239882,
                0.0,
                0.0,
                0.0
            ],
            [
                0.0,
                1.337427113432774e-13,
                0.9999999999998662,
                0.0,
                0.0
            ],
            [
                0.0,
                0.0,
                0.003287657814449968,
                0.9967123421855502,
                0.0
            ],
            [
                0.0,
                0.0,
                3.7266392841865618e-06,
                0.9999962733607158,
                0.0
            ]
        ],
        [
            [
                0.027346844777330546,
                0.9726531552226694,
                0.0,
                0.0,
                0.0
            ],
            [
                0.0001894063566196273,
                0.9998105936433804,
                0.0,
                0.0,
                0.0
            ],
            [
                0.0,
                6.798726161189074e-12,
                0.9999999999932012,
                0.0,
                0.0
            ],
            [
                0.0,
                0.0,
                8.600598616009027e-09,
                0.9999999913994014,
                0.0
            ],
            [
                0.0,
                0.0,
                0.0,
                0.5883478329012533,
                0.41165216709874675
            ]
        ],
        [
            [
                0.9999072688318928,
                9.273116810719421e-05,
                0.0,
                0.0,
                0.0
            ],
            [
                0.027346641843836433,
                0.9726533581561636,
                0.0,
                0.0,
                0.0
            ],
            [
                0.0,
                3.0590251865677175e-07,
                0.9999996940974812,
                0.0,
                0.0
            ],
            [
                0.0,
                0.0,
                1.0879998129518426e-05,
                0.9999891200018706,
                0.0
            ],
            [
                0.0,
                0.0,
                0.0,
                0.0011285266351770192,
                0.998871473364823
            ]
        ],
        [
            [
                0.9999999957896225,
                4.210377481678809e-09,
                0.0,
                0.0,
                0.0
            ],
            [
                0.003287657814449968,
                0.99671234218555,
                0.0,
                0.0,
                0.0
            ],
            [
                0.0,
                0.0016121615199217515,
                0.9983878384800783,
                0.0,
                0.0
            ],
            [
                0.0,
                0.0,
                0.6713476939612555,
                0.3286523060387446,
                0.0
            ],
            [
                0.0,
                0.0,
                0.0,
                0.038631610680503574,
                0.9613683893194964
            ]
        ],
        [
            [
                0.9999996940977731,
                3.059022269256247e-07,
                0.0,
                0.0,
                0.0
            ],
            [
                0.013576929145727543,
                0.9864230708542725,
                0.0,
                0.0,
                0.0
            ],
            [
                0.0,
                0.9999973925812853,
                2.6074187146773868e-06,
                0.0,
                0.0
            ],
            [
                0.0,
                2.2224396990164008e-05,
                0.9999668957636764,
                1.0879839333487702e-05,
                0.0
            ],
            [
                0.0,
                0.0,
                0.0,
                0.9996131704850166,
                0.0003868295149832937
            ]
        ],
        [
            [
                0.9999999996543911,
                3.4560894522950376e-10,
                0.0,
                0.0,
                0.0
            ],
            [
                0.00027068425553012856,
                0.9997293157444699,
                0.0,
                0.0,
                0.0
            ],
            [
                0.0,
                0.9999999999171746,
                8.282551938139859e-11,
                0.0,
                0.0
            ],
            [
                0.0,
                0.0,
                0.0016121477049954806,
                0.9983878522950046,
                0.0
            ],
            [
                0.0,
                0.0,
                0.0,
                0.99671234218555,
                0.003287657814449967
            ]
        ],
        [
            [
                0.9999999992940145,
                7.059855173547452e-10,
                0.0,
                0.0,
                0.0
            ],
            [
                9.273114461874008e-05,
                0.9999072688553812,
                0.0,
                0.0,
                0.0
            ],
            [
                0.0,
                6.547299458311012e-14,
                0.9999999999999346,
                0.0,
                0.0
            ],
            [
                0.0,
                0.0,
                0.9967123171850805,
                0.0032876828149194692,
                0.0
            ],
            [
                0.0,
                0.0,
                0.0,
                0.9933071490757152,
                0.0066928509242848554
            ]
        ],
        [
            [
                0.9999987235500022,
                1.276449997799279e-06,
                0.0,
                0.0,
                0.0
            ],
            [
                0.05431304220670481,
                0.9456869577932953,
                0.0,
                0.0,
                0.0
            ],
            [
                0.0,
                0.0,
                1.0,
                0.0,
                0.0
            ],
            [
                0.0,
                0.0,
                0.0,
                0.9998674706127506,
                0.00013252938724938622
            ],
            [
                0.0,
                0.0,
                0.0,
                0.00027068425553012856,
                0.9997293157444699
            ]
        ],
        [
            [
                0.9999987235504206,
                1.276449579346964e-06,
                0.0,
                0.0,
                0.0
            ],
            [
                1.2764500929020973e-06,
                0.999998723549907,
                0.0,
                0.0,
                0.0
            ],
            [
                0.0,
                8.600656031390219e-09,
                0.999999991399344,
                0.0,
                0.0
            ],
            [
                0.0,
                0.0,
                2.6074187146773868e-06,
                0.9999973925812853,
                0.0
            ],
            [
                0.0,
                0.0,
                0.0,
                1.0,
                0.0
            ]
        ],
        [
            [
                0.9999998502482561,
                1.497517439986371e-07,
                0.0,
                0.0,
                0.0
            ],
            [
                7.059861906353216e-10,
                0.9999999992940138,
                0.0,
                0.0,
                0.0
            ],
            [
                0.0,
                5.7950764991928346e-11,
                0.9999999999420492,
                0.0,
                0.0
            ],
            [
                0.0,
                0.0,
                1.0477683054385702e-07,
                0.9999998952231695,
                0.0
            ],
            [
                0.0,
                0.0,
                0.0,
                0.9999682358210779,
                3.176417892221002e-05
            ]
        ],
        [
            [
                0.9726531552226695,
                0.027346844777330542,
                0.0,
                0.0,
                0.0
            ],
            [
                2.6074187146773868e-06,
                0.9999973925812854,
                0.0,
                0.0,
                0.0
            ],
            [
                0.0,
                4.5809423770232244e-14,
                0.9999999999999543,
                0.0,
                0.0
            ],
            [
                0.0,
                0.0,
                0.9999996940977002,
                3.059022998583854e-07,
                0.0
            ],
            [
                0.0,
                0.0,
                1.8243484016511985e-06,
                0.9999981756515983,
                0.0
            ]
        ],
        [
            [
                1.0,
                0.0,
                0.0,
                0.0,
                0.0
            ],
            [
                7.612492922509e-06,
                0.9999923875070775,
                0.0,
                0.0,
                0.0
            ],
            [
                0.0,
                2.7320197848992394e-13,
                0.9999999999997268,
                0.0,
                0.0
            ],
            [
                0.0,
                0.0,
                1.0477743008334297e-07,
                0.9999998952225699,
                0.0
            ],
            [
                0.0,
                0.0,
                0.0,
                0.054313042206704805,
                0.9456869577932951
            ]
        ],
        [
            [
                0.99999999983081,
                1.6918995358492418e-10,
                0.0,
                0.0,
                0.0
            ],
            [
                0.8949998118764336,
                0.1050001881235664,
                0.0,
                0.0,
                0.0
            ],
            [
                0.0,
                0.00018940509243949155,
                0.9998105949075604,
                0.0,
                0.0
            ],
            [
                0.0,
                0.0,
                0.9999072688332745,
                9.273116672552029e-05,
                0.0
            ],
            [
                0.0,
                0.0,
                5.1292570346410174e-08,
                0.9999999487074297,
                0.0
            ]
        ],
        [
            [
                0.9999999995060431,
                4.93956840480824e-10,
                0.0,
                0.0,
                0.0
            ],
            [
                1.4975174399863707e-07,
                0.999999850248256,
                0.0,
                0.0,
                0.0
            ],
            [
                0.0,
                1.0,
                0.0,
                0.0,
                0.0
            ],
            [
                0.0,
                0.0,
                0.013576918768339294,
                0.9864230812316608,
                0.0
            ],
            [
                0.0,
                0.0,
                0.0,
                0.9976974351183825,
                0.002302564881617554
            ]
        ],
        [
            [
                0.999999999294014,
                7.059860328351288e-10,
                0.0,
                0.0,
                0.0
            ],
            [
                0.9456869577932951,
                0.054313042206704805,
                0.0,
                0.0,
                0.0
            ],
            [
                0.0,
                0.0,
                1.0,
                0.0,
                0.0
            ],
            [
                0.0,
                0.0,
                0.0,
                0.9999998502481132,
                1.497518868130759e-07
            ],
            [
                0.0,
                0.0,
                0.0,
                0.0095382576093733,
                0.9904617423906268
            ]
        ],
        [
            [
                0.9999999999716307,
                2.836932333011509e-11,
                0.0,
                0.0,
                0.0
            ],
            [
                0.01357693154051056,
                0.9864230684594895,
                0.0,
                0.0,
                0.0
            ],
            [
                0.0,
                0.999999999999442,
                5.580723631493788e-13,
                0.0,
                0.0
            ],
            [
                0.0,
                0.0,
                0.9998105934627826,
                0.00018940653721747822,
                0.0
            ],
            [
                0.0,
                0.0,
                0.0,
                0.0,
                1.0
            ]
        ],
        [
            [
                0.9998105936208056,
                0.00018940637919434924,
                0.0,
                0.0,
                0.0
            ],
            [
                2.6074212013003494e-06,
                0.9999973925787987,
                0.0,
                0.0,
                0.0
            ],
            [
                0.0,
                2.7320171794433807e-13,
                0.9999999999997268,
                0.0,
                0.0
            ],
            [
                0.0,
                0.0,
                8.600672435855244e-09,
                0.9999999913993276,
                0.0
            ],
            [
                0.0,
                0.0,
                0.0,
                4.53978687024344e-05,
                0.9999546021312976
            ]
        ],
        [
            [
                0.9999999939823834,
                6.017616609333705e-09,
                0.0,
                0.0,
                0.0
            ],
            [
                9.273118883230575e-05,
                0.9999072688111678,
                0.0,
                0.0,
                0.0
            ],
            [
                0.0,
                0.9999973925613922,
                2.607438607727485e-06,
                0.0,
                0.0
            ],
            [
                0.0,
                0.0,
                0.027346844777330542,
                0.9726531552226694,
                0.0
            ],
            [
                0.0,
                0.0,
                0.0,
                0.05431343407766355,
                0.9456865659223364
            ]
        ],
        [
            [
                0.9999999877076149,
                1.2292385112682736e-08,
                0.0,
                0.0,
                0.0
            ],
            [
                0.19332102986239882,
                0.8066789701376011,
                0.0,
                0.0,
                0.0
            ],
            [
                0.0,
                0.0007898633611239568,
                0.999210136638876,
                0.0,
                0.0
            ],
            [
                0.0,
                0.0,
                0.0016121492399814518,
                0.9983878507600186,
                0.0
            ],
            [
                0.0,
                0.0,
                0.0,
                0.0005527786369235996,
                0.9994472213630764
            ]
        ],
        [
            [
                0.9999891199175662,
                1.088008243372288e-05,
                0.0,
                0.0,
                0.0
            ],
            [
                1.5550124050503392e-05,
                0.9999844498759495,
                0.0,
                0.0,
                0.0
            ],
            [
                0.0,
                4.53978687024344e-05,
                0.9999546021312976,
                0.0,
                0.0
            ],
            [
                0.0,
                0.0,
                0.006692847754245151,
                0.9933071522457549,
                0.0
            ],
            [
                0.0,
                0.0,
                0.0,
                0.00013252938724938625,
                0.9998674706127506
            ]
        ],
        [
            [
                0.9999998952233099,
                1.0477669002728625e-07,
                0.0,
                0.0,
                0.0
            ],
            [
                0.9998105949075605,
                0.00018940509243949157,
                0.0,
                0.0,
                0.0
            ],
            [
                0.0,
                8.600606818182875e-09,
                0.9999999913993932,
                0.0,
                0.0
            ],
            [
                0.0,
                0.0,
                2.1403210679315668e-07,
                0.9999997859678932,
                0.0
            ],
            [
                0.0,
                0.0,
                0.0,
                0.006692850924284856,
                0.9933071490757153
            ]
        ],
        [
            [
                0.9999844498771081,
                1.5550122891946926e-05,
                0.0,
                0.0,
                0.0
            ],
            [
                0.01357682936347222,
                0.9864231706365277,
                0.0,
                0.0,
                0.0
            ],
            [
                0.0,
                4.210382887083471e-09,
                0.9999999957896171,
                0.0,
                0.0
            ],
            [
                0.0,
                0.0,
                3.726639284186561e-06,
                0.9999962733607158,
                0.0
            ],
            [
                0.0,
                0.0,
                0.0,
                0.9904617423906267,
                0.0095382576093733
            ]
        ],
        [
            [
                0.9999999997581882,
                2.418118028444518e-10,
                0.0,
                0.0,
                0.0
            ],
            [
                0.003287657814449968,
                0.99671234218555,
                0.0,
                0.0,
                0.0
            ],
            [
                0.0,
                0.99671234218555,
                0.003287657814449968,
                0.0,
                0.0
            ],
            [
                0.0,
                0.0,
                1.2764501309432266e-06,
                0.9999987235498691,
                0.0
            ],
            [
                0.0,
                0.0,
                0.0,
                0.1050002777452858,
                0.8949997222547142
            ]
        ],
        [
            [
                0.9992101368270453,
                0.0007898631729546245,
                0.0,
                0.0,
                0.0
            ],
            [
                7.059861906353214e-10,
                0.9999999992940137,
                0.0,
                0.0,
                0.0
            ],
            [
                0.0,
                7.976239807604832e-13,
                0.9999999999992024,
                0.0,
                0.0
            ],
            [
                0.0,
                0.0,
                0.0,
                0.9999546021312976,
                4.5397868702434395e-05
            ],
            [
                0.0,
                0.0,
                0.0,
                0.9976974351183824,
                0.0023025648816175537
            ]
        ],
        [
            [
                0.99671234218555,
                0.003287657814449968,
                0.0,
                0.0,
                0.0
            ],
            [
                1.555012405050339e-05,
                0.9999844498759495,
                0.0,
                0.0,
                0.0
            ],
            [
                0.0,
                0.9999999641116396,
                3.58883603200948e-08,
                0.0,
                0.0
            ],
            [
                0.0,
                0.0,
                0.10500027774528578,
                0.8949997222547142,
                0.0
            ],
            [
                0.0,
                0.0,
                0.0,
                0.0,
                1.0
            ]
        ],
        [
            [
                0.9999999999420491,
                5.7950792625013033e-11,
                0.0,
                0.0,
                0.0
            ],
            [
                2.4181387834071036e-10,
                0.9999999997581861,
                0.0,
                0.0,
                0.0
            ],
            [
                0.0,
                1.7568702981612918e-08,
                0.9999999824312971,
                0.0,
                0.0
            ],
            [
                0.0,
                0.0,
                0.0003868291462168012,
                0.9996131708537832,
                0.0
            ],
            [
                0.0,
                0.0,
                0.0,
                0.25513046870004835,
                0.7448695312999517
            ]
        ],
        [
            [
                0.999999694097773,
                3.059022269256247e-07,
                0.0,
                0.0,
                0.0
            ],
            [
                0.3286523060387446,
                0.6713476939612554,
                0.0,
                0.0,
                0.0
            ],
            [
                0.0,
                5.326281831402751e-06,
                0.9999946737181686,
                0.0,
                0.0
            ],
            [
                0.0,
                0.0,
                0.999999785969322,
                2.140306779797697e-07,
                0.0
            ],
            [
                0.0,
                0.0,
                0.0,
                0.0,
                1.0
            ]
        ],
        [
            [
                0.9999998502482604,
                1.4975173953568808e-07,
                0.0,
                0.0,
                0.0
            ],
            [
                0.0032876578144499674,
                0.99671234218555,
                0.0,
                0.0,
                0.0
            ],
            [
                0.0,
                0.9999999266902871,
                7.330971289492889e-08,
                0.0,
                0.0
            ],
            [
                0.0,
                0.0,
                0.003287654689404603,
                0.9967123453105953,
                0.0
            ],
            [
                0.0,
                0.0,
                0.0,
                0.41165216709874675,
                0.5883478329012533
            ]
        ],
        [
            [
                0.999999926690322,
                7.330967793814461e-08,
                0.0,
                0.0,
                0.0
            ],
            [
                3.7266392841865614e-06,
                0.9999962733607158,
                0.0,
                0.0,
                0.0
            ],
            [
                0.0,
                0.0,
                1.0,
                0.0,
                0.0
            ],
            [
                0.0,
                0.0,
                7.6124856627287425e-06,
                0.9999923875143373,
                0.0
            ],
            [
                0.0,
                0.0,
                0.0,
                0.9953077491273102,
                0.004692250872689786
            ]
        ],
        [
            [
                0.999999694097773,
                3.0590222692562467e-07,
                0.0,
                0.0,
                0.0
            ],
            [
                1.4421276709858488e-09,
                0.9999999985578724,
                0.0,
                0.0,
                0.0
            ],
            [
                0.0,
                0.9967123421855499,
                0.0032876578144499674,
                0.0,
                0.0
            ],
            [
                0.0,
                0.0,
                0.32865398939030877,
                0.6713460106096912,
                0.0
            ],
            [
                0.0,
                0.0,
                0.0,
                0.0,
                1.0
            ]
        ],
        [
            [
                0.9999999999594537,
                4.0546382016855476e-11,
                0.0,
                0.0,
                0.0
            ],
            [
                0.02734661647725257,
                0.9726533835227474,
                0.0,
                0.0,
                0.0
            ],
            [
                0.0,
                6.24875837464397e-07,
                0.9999993751241625,
                0.0,
                0.0
            ],
            [
                0.0,
                0.0,
                0.0032876578144499674,
                0.99671234218555,
                0.0
            ],
            [
                0.0,
                0.0,
                0.0,
                0.9994472213630765,
                0.0005527786369235994
            ]
        ],
        [
            [
                0.99671234218555,
                0.0032876578144499674,
                0.0,
                0.0,
                0.0
            ],
            [
                8.600606818182875e-09,
                0.9999999913993932,
                0.0,
                0.0,
                0.0
            ],
            [
                0.0,
                1.9115099700362055e-13,
                0.9999999999998088,
                0.0,
                0.0
            ],
            [
                0.0,
                0.0,
                7.330964298137702e-08,
                0.9999999266903571,
                0.0
            ],
            [
                0.0,
                0.0,
                0.0,
                0.9456865659223366,
                0.05431343407766356
            ]
        ],
        [
            [
                0.9999999999861121,
                1.3887837908572367e-11,
                0.0,
                0.0,
                0.0
            ],
            [
                0.6713476939612554,
                0.32865230603874457,
                0.0,
                0.0,
                0.0
            ],
            [
                0.0,
                3.059025186567718e-07,
                0.9999996940974814,
                0.0,
                0.0
            ],
            [
                0.0,
                0.0,
                0.9999891200018705,
                1.0879998129518426e-05,
                0.0
            ],
            [
                0.0,
                0.0,
                0.0,
                0.9999546021312975,
                4.5397868702434395e-05
            ]
        ],
        [
            [
                0.9999999995060445,
                4.939555827517762e-10,
                0.0,
                0.0,
                0.0
            ],
            [
                0.19332102986239885,
                0.8066789701376011,
                0.0,
                0.0,
                0.0
            ],
            [
                0.0,
                1.2764513482599594e-06,
                0.9999987235486518,
                0.0,
                0.0
            ],
            [
                0.0,
                0.0,
                0.0,
                1.0,
                0.0
            ],
            [
                0.0,
                0.0,
                0.0,
                0.19332102986239882,
                0.8066789701376011
            ]
        ],
        [
            [
                0.999999999986112,
                1.3887943864771147e-11,
                0.0,
                0.0,
                0.0
            ],
            [
                0.0007898633023210356,
                0.999210136697679,
                0.0,
                0.0,
                0.0
            ],
            [
                0.0,
                9.716975193519977e-12,
                0.999999999990283,
                0.0,
                0.0
            ],
            [
                0.0,
                0.0,
                2.5110014873692408e-08,
                0.9999999748899852,
                0.0
            ],
            [
                0.0,
                0.0,
                0.0,
                0.000189404911843018,
                0.999810595088157
            ]
        ],
        [
            [
                0.9999999998308103,
                1.6918963088100538e-10,
                0.0,
                0.0,
                0.0
            ],
            [
                4.5397868702434395e-05,
                0.9999546021312976,
                0.0,
                0.0,
                0.0
            ],
            [
                0.0,
                0.0,
                1.0,
                0.0,
                0.0
            ],
            [
                0.0,
                0.0,
                1.756871135902517e-08,
                0.9999999824312886,
                0.0
            ],
            [
                0.0,
                0.0,
                0.006692850924284856,
                0.9933071490757152,
                0.0
            ]
        ],
        [
            [
                0.999999694097773,
                3.059022269256247e-07,
                0.0,
                0.0,
                0.0
            ],
            [
                2.607421201300349e-06,
                0.9999973925787987,
                0.0,
                0.0,
                0.0
            ],
            [
                0.0,
                0.9456865659223365,
                0.05431343407766356,
                0.0,
                0.0
            ],
            [
                0.0,
                0.0,
                0.0,
                0.9999351170251527,
                6.488297484731643e-05
            ],
            [
                0.0,
                0.0,
                0.0,
                0.9864230684594895,
                0.01357693154051056
            ]
        ],
        [
            [
                0.9999996940980648,
                3.0590193519475594e-07,
                0.0,
                0.0,
                0.0
            ],
            [
                3.0590222692562467e-07,
                0.999999694097773,
                0.0,
                0.0,
                0.0
            ],
            [
                0.0,
                0.0,
                1.0,
                0.0,
                0.0
            ],
            [
                0.0,
                0.0,
                0.0,
                0.9996131701162497,
                0.0003868298837501376
            ],
            [
                0.0,
                0.0,
                0.0,
                0.0,
                1.0
            ]
        ],
        [
            [
                0.9999999999902831,
                9.716970560106243e-12,
                0.0,
                0.0,
                0.0
            ],
            [
                1.0090196878217406e-09,
                0.9999999989909802,
                0.0,
                0.0,
                0.0
            ],
            [
                0.0,
                0.9999072687448473,
                9.273125515269376e-05,
                0.0,
                0.0
            ],
            [
                0.0,
                0.0,
                0.10500027774528577,
                0.8949997222547142,
                0.0
            ],
            [
                0.0,
                0.0,
                0.0,
                0.99972931574447,
                0.00027068425553012856
            ]
        ],
        [
            [
                0.9999999913993276,
                8.600672435855246e-09,
                0.0,
                0.0,
                0.0
            ],
            [
                7.612427584735929e-06,
                0.9999923875724154,
                0.0,
                0.0,
                0.0
            ],
            [
                0.0,
                0.9999999999171746,
                8.282540089862747e-11,
                0.0,
                0.0
            ],
            [
                0.0,
                6.01760665760207e-09,
                0.9999973865438012,
                2.607438592036945e-06,
                0.0
            ],
            [
                0.0,
                0.0,
                0.0,
                0.14359910278422738,
                0.8564008972157727
            ]
        ],
        [
            [
                0.9999999992940151,
                7.05984965054752e-10,
                0.0,
                0.0,
                0.0
            ],
            [
                5.129291276238426e-08,
                0.9999999487070872,
                0.0,
                0.0,
                0.0
            ],
            [
                0.0,
                0.9999946737181686,
                5.3262818314027515e-06,
                0.0,
                0.0
            ],
            [
                0.0,
                0.0,
                0.05431343407766356,
                0.9456865659223364,
                0.0
            ],
            [
                0.0,
                0.0,
                0.0,
                0.0,
                1.0
            ]
        ],
        [
            [
                0.9999891200057615,
                1.0879994238570913e-05,
                0.0,
                0.0,
                0.0
            ],
            [
                5.1292961679138595e-08,
                0.9999999487070382,
                0.0,
                0.0,
                0.0
            ],
            [
                0.0,
                0.9726533835227474,
                0.027346616477252575,
                0.0,
                0.0
            ],
            [
                0.0,
                0.0,
                2.2224638790663296e-05,
                0.9999777753612092,
                0.0
            ],
            [
                0.0,
                0.0,
                0.0,
                0.0,
                1.0
            ]
        ],
        [
            [
                0.9999999999976712,
                2.3286947561656227e-12,
                0.0,
                0.0,
                0.0
            ],
            [
                0.9726533581561636,
                0.02734664184383643,
                0.0,
                0.0,
                0.0
            ],
            [
                0.0,
                3.3282528862493103e-12,
                0.9999999999966717,
                0.0,
                0.0
            ],
            [
                0.0,
                0.0,
                2.22246387906633e-05,
                0.9999777753612092,
                0.0
            ],
            [
                0.0,
                0.0,
                0.0,
                0.9976974526450422,
                0.002302547354957752
            ]
        ],
        [
            [
                0.9999999957896232,
                4.210376864086772e-09,
                0.0,
                0.0,
                0.0
            ],
            [
                0.05431304220670481,
                0.9456869577932951,
                0.0,
                0.0,
                0.0
            ],
            [
                0.0,
                4.939560538247533e-10,
                0.9999999995060439,
                0.0,
                0.0
            ],
            [
                0.0,
                0.0,
                0.0,
                0.9999844498759495,
                1.555012405050339e-05
            ],
            [
                0.0,
                0.0,
                0.0,
                0.01357693154051056,
                0.9864230684594895
            ]
        ],
        [
            [
                0.9999973925607706,
                2.6074392293877464e-06,
                0.0,
                0.0,
                0.0
            ],
            [
                0.054313042206704805,
                0.9456869577932951,
                0.0,
                0.0,
                0.0
            ],
            [
                0.0,
                1.0,
                0.0,
                0.0,
                0.0
            ],
            [
                0.0,
                0.0,
                1.824346661820987e-06,
                0.9999981756533382,
