{
    "[['A', 'B', 'C', 'D', 'E'], ['A', 'B', 'C', 'D', 'E']]": [
        [
            [
                0.8066789701376011,
                0.19332102986239885,
                0.0,
                0.0,
                0.0
            ],
            [
                0.0032876578144499674,
                0.9967123421855499,
                0.0,
                0.0,
                0.0
            ],
            [
                0.0,
                0.0,
                0.9983878507600186,
                0.0016121492399814516,
                0.0
            ],
            [
                0.0,
                0.0,
                0.0,
                1.0,
                0.0
            ],
            [
                0.0,
                0.0,
                0.0,
                1.4421269833259533e-09,
                0.999999998557873
            ]
        ],
        [
            [
                0.9999973925613923,
                2.6074386077274855e-06,
                0.0,
                0.0,
                0.0
            ],
            [
                0.00013253039823822116,
                0.9998674696017618,
                0.0,
                0.0,
                0.0
            ],
            [
                0.0,
                0.0,
                0.9999999913993296,
                8.600670385295405e-09,
                0.0
            ],
            [
                0.0,
                0.0,
                0.0,
                0.9999777753612094,
                2.22246387906633e-05
            ],
            [
                0.0,
                0.0,
                0.0,
                0.0032876578144499682,
                0.9967123421855502
            ]
        ],
        [
            [
                0.9999999979388464,
                2.0611536181902037e-09,
                0.0,
                0.0,
                0.0
            ],
            [
                0.0001894065372174782,
                0.9998105934627826,
                0.0,
                0.0,
                0.0
            ],
            [
                0.0,
                0.0,
                1.0,
                0.0,
                0.0
            ],
            [
                0.0,
                0.0,
                0.0,
                1.0,
                0.0
            ],
            [
                0.0,
                0.0,
                0.0,
                0.0,
                1.0
            ]
        ],
        [
            [
                0.9999999939823719,
                6.017628087037395e-09,
                0.0,
                0.0,
                0.0
            ],
            [
                0.0016121507749688824,
                0.9983878492250312,
                0.0,
                0.0,
                0.0
            ],
            [
                0.0,
                0.0,
                0.9999999999983706,
                1.6293168597769636e-12,
                0.0
            ],
            [
                0.0,
                0.0,
                0.0,
                0.993307149075715,
                0.0066928509242848554
            ],
            [
                0.0,
                0.0,
                0.0,
                0.0,
                1.0
            ]
        ],
        [
            [
                0.999999106907301,
                8.930926990183636e-07,
                0.0,
                0.0,
                0.0
            ],
            [
                0.00038682951498329374,
                0.9996131704850166,
                0.0,
                0.0,
                0.0
            ],
            [
                0.0,
                0.0,
                0.9999999999999543,
                4.5809410117962115e-14,
                0.0
            ],
            [
                0.0,
                0.0,
                0.0,
                1.0,
                0.0
            ],
            [
                0.0,
                0.0,
                0.0,
                0.0,
                1.0
            ]
        ],
        [
            [
                0.9999999641118793,
                3.588812074025062e-08,
                0.0,
                0.0,
                0.0
            ],
            [
                0.5,
                0.5,
                0.0,
                0.0,
                0.0
            ],
            [
                0.0,
                0.0,
                1.0880000074992705e-05,
                0.999989119999925,
                0.0
            ],
            [
                0.0,
                0.0,
                0.0,
                1.0,
                0.0
            ],
            [
                0.0,
                0.0,
                0.0,
                1.4975167259146876e-07,
                0.9999998502483275
            ]
        ],
        [
            [
                0.9999999989909796,
                1.009020426444142e-09,
                0.0,
                0.0,
                0.0
            ],
            [
                2.0611536181902037e-09,
                0.9999999979388463,
                0.0,
                0.0,
                0.0
            ],
            [
                0.0,
                0.0,
                0.9999072688332744,
                9.273116672552028e-05,
                0.0
            ],
            [
                0.0,
                0.0,
                0.0,
                1.0,
                0.0
            ],
            [
                0.0,
                0.0,
                0.0,
                1.0880008505385263e-05,
                0.9999891199914946
            ]
        ],
        [
            [
                0.9999962733571619,
                3.7266428381751836e-06,
                0.0,
                0.0,
                0.0
            ],
            [
                0.027346844777330542,
                0.9726531552226695,
                0.0,
                0.0,
                0.0
            ],
            [
                0.0,
                0.0,
                0.9999999979388444,
                2.061155583860405e-09,
                0.0
            ],
            [
                0.0,
                0.0,
                0.0,
                0.9999999998308102,
                1.6918979223288784e-10
            ],
            [
                0.0,
                0.0,
                0.0,
                0.99671234218555,
                0.0032876578144499674
            ]
        ],
        [
            [
                0.9999962733642698,
                3.726635730201328e-06,
                0.0,
                0.0,
                0.0
            ],
            [
                1.2764391751448736e-06,
                0.9999987235608249,
                0.0,
                0.0,
                0.0
            ],
            [
                0.0,
                0.0,
                0.6713476939612554,
                0.32865230603874457,
                0.0
            ],
            [
                0.0,
                0.0,
                0.0,
                0.9999844498759495,
                1.555012405050339e-05
            ],
            [
                0.0,
                0.0,
                0.0,
                0.0001894063566196273,
                0.9998105936433804
            ]
        ],
        [
            [
                0.9999981756542081,
                1.8243457919065038e-06,
                0.0,
                0.0,
                0.0
            ],
            [
                0.027346844777330542,
                0.9726531552226694,
                0.0,
                0.0,
                0.0
            ],
            [
                0.0,
                0.0,
                0.9999999999801509,
                1.984912150813508e-11,
                0.0
            ],
            [
                0.0,
                0.0,
                0.0,
                0.9999999824312886,
                1.756871135902517e-08
            ],
            [
                0.0,
                0.0,
                0.0,
                0.027346819410563737,
                0.9726531805894362
            ]
        ],
        [
            [
                0.9999999913993972,
                8.600602781174456e-09,
                0.0,
                0.0,
                0.0
            ],
            [
                0.6713476939612555,
                0.3286523060387446,
                0.0,
                0.0,
                0.0
            ],
            [
                0.0,
                0.0,
                1.0,
                0.0,
                0.0
            ],
            [
                0.0,
                0.0,
                0.0,
                0.999999926690289,
                7.330971088081682e-08
            ],
            [
                0.0,
                0.0,
                0.0,
                2.2224638790663296e-05,
                0.9999777753612092
            ]
        ],
        [
            [
                0.9999987235510864,
                1.276448913627655e-06,
                0.0,
                0.0,
                0.0
            ],
            [
                0.1933222196540718,
                0.8066777803459282,
                0.0,
                0.0,
                0.0
            ],
            [
                0.0,
                0.0,
                1.0,
                0.0,
                0.0
            ],
            [
                0.0,
                0.0,
                0.0,
                0.9992101306174337,
                0.00078986938256624
            ],
            [
                0.0,
                0.0,
                0.0,
                0.0016121477049954802,
                0.9983878522950045
            ]
        ],
        [
            [
                0.9999682358210777,
                3.176417892221001e-05,
                0.0,
                0.0,
                0.0
            ],
            [
                1.4975174399863707e-07,
                0.999999850248256,
                0.0,
                0.0,
                0.0
            ],
            [
                0.0,
                0.0,
                0.9999999641116055,
                3.588839454591739e-08,
                0.0
            ],
            [
                0.0,
                0.0,
                0.0,
                1.0,
                0.0
            ],
            [
                0.0,
                0.0,
                0.0,
                2.1403047386435018e-07,
                0.9999997859695261
            ]
        ],
        [
            [
                0.999999974890033,
                2.5109966980186745e-08,
                0.0,
                0.0,
                0.0
            ],
            [
                0.9998105936433804,
                0.0001894063566196273,
                0.0,
                0.0,
                0.0
            ],
            [
                0.0,
                0.0,
                0.9999998502469707,
                1.4975302933348947e-07,
                0.0
            ],
            [
                0.0,
                0.0,
                0.0,
                1.0,
                0.0
            ],
            [
                0.0,
                0.0,
                0.0,
                7.6124856627287425e-06,
                0.9999923875143373
            ]
        ],
        [
            [
                0.9999891200122464,
                1.0879987753661485e-05,
                0.0,
                0.0,
                0.0
            ],
            [
                0.003287657814449968,
                0.9967123421855502,
                0.0,
                0.0,
                0.0
            ],
            [
                0.0,
                0.0,
                0.9999072688332745,
                9.273116672552029e-05,
                0.0
            ],
            [
                0.0,
                0.0,
                0.0,
                1.0,
                0.0
            ],
            [
                0.0,
                0.0,
                0.0,
                1.22923733897565e-08,
                0.9999999877076267
            ]
        ],
        [
            [
                0.9999993751295259,
                6.24870474138431e-07,
                0.0,
                0.0,
                0.0
            ],
            [
                0.9983878507600186,
                0.0016121492399814518,
                0.0,
                0.0,
                0.0
            ],
            [
                0.0,
                0.0,
                0.9998105936433803,
                0.0001894063566196273,
                0.0
            ],
            [
                0.0,
                0.0,
                0.0,
                0.9999981756515984,
                1.8243484016511983e-06
            ],
            [
                0.0,
                0.0,
                0.0,
                0.0005527749487802368,
                0.9994472250512197
            ]
        ],
        [
            [
                0.9999946737232481,
                5.3262767518940435e-06,
                0.0,
                0.0,
                0.0
            ],
            [
                0.8949997222547141,
                0.10500027774528577,
                0.0,
                0.0,
                0.0
            ],
            [
                0.0,
                0.0,
                1.0,
                0.0,
                0.0
            ],
            [
                0.0,
                0.0,
                0.0,
                1.0,
                0.0
            ],
            [
                0.0,
                0.0,
                0.0,
                0.0,
                1.0
            ]
        ],
        [
            [
                0.9999962733607157,
                3.726639284186561e-06,
                0.0,
                0.0,
                0.0
            ],
            [
                0.05431304220670481,
                0.9456869577932953,
                0.0,
                0.0,
                0.0
            ],
            [
                0.0,
                0.0,
                0.9996131736195206,
                0.0003868263804793085,
                0.0
            ],
            [
                0.0,
                0.0,
                0.0,
                0.9999999266904269,
                7.330957306789181e-08
            ],
            [
                0.0,
                0.0,
                0.0,
                2.6074187146773868e-06,
                0.9999973925812853
            ]
        ],
        [
            [
                0.9999998952232693,
                1.0477673062094289e-07,
                0.0,
                0.0,
                0.0
            ],
            [
                0.999210136638876,
                0.0007898633611239567,
                0.0,
                0.0,
                0.0
            ],
            [
                0.0,
                0.0,
                0.999210136638876,
                0.0007898633611239567,
                0.0
            ],
            [
                0.0,
                0.0,
                0.0,
                1.0,
                0.0
            ],
            [
                0.0,
                0.0,
                0.0,
                0.9933071490757153,
                0.006692850924284856
            ]
        ],
        [
            [
                0.9999999913993973,
                8.600602717094974e-09,
                0.0,
                0.0,
                0.0
            ],
            [
                1.7568845398164493e-08,
                0.9999999824311546,
                0.0,
                0.0,
                0.0
            ],
            [
                0.0,
                0.0,
                0.9999999999999962,
                3.760260827879484e-15,
                0.0
            ],
            [
                0.0,
                0.0,
                0.0,
                0.013576829363472216,
                0.9864231706365277
            ],
            [
                0.0,
                0.0,
                0.0,
                1.2764513482599592e-06,
                0.9999987235486517
            ]
        ],
        [
            [
                0.9999999641119477,
                3.5888052289160326e-08,
                0.0,
                0.0,
                0.0
            ],
            [
                0.3286523060387446,
                0.6713476939612555,
                0.0,
                0.0,
                0.0
            ],
            [
                0.0,
                0.0,
                0.9999999999998662,
                1.337424403062008e-13,
                0.0
            ],
            [
                0.0,
                0.0,
                0.0,
                0.9999999877076267,
                1.2292373389756501e-08
            ],
            [
                0.0,
                0.0,
                0.0,
                2.6074187146773868e-06,
                0.9999973925812853
            ]
        ],
        [
            [
                0.9999999877076265,
                1.2292373389756501e-08,
                0.0,
                0.0,
                0.0
            ],
            [
                5.326231036533663e-06,
                0.9999946737689634,
                0.0,
                0.0,
                0.0
            ],
            [
                0.0,
                0.0,
                0.19332102986239882,
                0.8066789701376011,
                0.0
            ],
            [
                0.0,
                0.0,
                0.0,
                0.1050002777452858,
                0.8949997222547141
            ],
            [
                0.0,
                0.0,
                0.0,
                4.372091404424208e-07,
                0.9999995627908597
            ]
        ],
        [
            [
                0.9999891200018705,
                1.0879998129518424e-05,
                0.0,
                0.0,
                0.0
            ],
            [
                1.0879998129518426e-05,
                0.9999891200018705,
                0.0,
                0.0,
                0.0
            ],
            [
                0.0,
                0.0,
                0.999999999881623,
                1.1837703393341852e-10,
                0.0
            ],
            [
                0.0,
                0.0,
                0.0,
                1.0,
                0.0
            ],
            [
                0.0,
                0.0,
                0.0,
                2.510999092692816e-08,
                0.9999999748900091
            ]
        ],
        [
            [
                0.999999850248256,
                1.4975174399863707e-07,
                0.0,
                0.0,
                0.0
            ],
            [
                0.003287657814449968,
                0.99671234218555,
                0.0,
                0.0,
                0.0
            ],
            [
                0.0,
                0.0,
                0.9983878499925251,
                0.0016121500074749845,
                0.0
            ],
            [
                0.0,
                0.0,
                0.0,
                1.0,
                0.0
            ],
            [
                0.0,
                0.0,
                0.0,
                0.9999998952231693,
                1.0477683054385702e-07
            ]
        ],
        [
            [
                0.9999999877076149,
                1.2292385112682734e-08,
                0.0,
                0.0,
                0.0
            ],
            [
                0.5,
                0.5,
                0.0,
                0.0,
                0.0
            ],
            [
                0.0,
                0.0,
                0.9999999999999064,
                9.357620737808393e-14,
                0.0
            ],
            [
                0.0,
                0.0,
                0.0,
                1.0,
                0.0
            ],
            [
                0.0,
                0.0,
                0.0,
                1.5550005414769383e-05,
                0.9999844499945852
            ]
        ],
        [
            [
                0.9999997859678933,
                2.1403210679315668e-07,
                0.0,
                0.0,
                0.0
            ],
            [
                0.05431343407766356,
                0.9456865659223365,
                0.0,
                0.0,
                0.0
            ],
            [
                0.0,
                0.0,
                0.9999996940979189,
                3.059020810601556e-07,
                0.0
            ],
            [
                0.0,
                0.0,
                0.0,
                0.9992101358861982,
                0.0007898641138017337
            ],
            [
                0.0,
                0.0,
                0.0,
                0.0,
                1.0
            ]
        ],
        [
            [
                0.9996131703006333,
                0.0003868296993666718,
                0.0,
                0.0,
                0.0
            ],
            [
                2.22246387906633e-05,
                0.9999777753612094,
                0.0,
                0.0,
                0.0
            ],
            [
                0.0,
                0.0,
                0.9983878400150759,
                0.001612159984924107,
                0.0
            ],
            [
                0.0,
                0.0,
                0.0,
                1.0,
                0.0
            ],
            [
                0.0,
                0.0,
                0.0,
                6.24874645610204e-07,
                0.9999993751253543
            ]
        ],
        [
            [
                0.9999999748899852,
                2.511001487369241e-08,
                0.0,
                0.0,
                0.0
            ],
            [
                0.6713476939612554,
                0.3286523060387446,
                0.0,
                0.0,
                0.0
            ],
            [
                0.0,
                0.0,
                0.9999999999716306,
                2.836932333011509e-11,
                0.0
            ],
            [
                0.0,
                0.0,
                0.0,
                1.0,
                0.0
            ],
            [
                0.0,
                0.0,
                0.0,
                0.9456869577932951,
                0.054313042206704805
            ]
        ],
        [
            [
                0.9999993751241626,
                6.248758374643969e-07,
                0.0,
                0.0,
                0.0
            ],
            [
                0.027346844777330546,
                0.9726531552226695,
                0.0,
                0.0,
                0.0
            ],
            [
                0.0,
                0.0,
                0.9967123406230262,
                0.0032876593769737604,
                0.0
            ],
            [
                0.0,
                0.0,
                0.0,
                1.0,
                0.0
            ],
            [
                0.0,
                0.0,
                0.0,
                1.4975174399863707e-07,
                0.999999850248256
            ]
        ],
        [
            [
                0.9999351170251527,
                6.488297484731643e-05,
                0.0,
                0.0,
                0.0
            ],
            [
                0.05431343407766356,
                0.9456865659223365,
                0.0,
                0.0,
                0.0
            ],
            [
                0.0,
                0.0,
                0.9999999999976714,
                2.328676434502566e-12,
                0.0
            ],
            [
                0.0,
                0.0,
                0.0,
                0.999999375124677,
                6.248753230114293e-07
            ],
            [
                0.0,
                0.0,
                0.0,
                2.5109978953554597e-08,
                0.999999974890021
            ]
        ],
        [
            [
                0.999999926690357,
                7.3309642981377e-08,
                0.0,
                0.0,
                0.0
            ],
            [
                1.0880008505385262e-05,
                0.9999891199914945,
                0.0,
                0.0,
                0.0
            ],
            [
                0.0,
                0.0,
                0.99671234218555,
                0.003287657814449968,
                0.0
            ],
            [
                0.0,
                0.0,
                0.0,
                1.0,
                0.0
            ],
            [
                0.0,
                0.0,
                0.0,
                5.129257034641017e-08,
                0.9999999487074297
            ]
        ],
        [
            [
                0.9998105935700126,
                0.00018940642998748348,
                0.0,
                0.0,
                0.0
            ],
            [
                0.19332102986239885,
                0.8066789701376011,
                0.0,
                0.0,
                0.0
            ],
            [
                0.0,
                0.0,
                0.9999999266898326,
                7.331016733464122e-08,
                0.0
            ],
            [
                0.0,
                0.0,
                0.0,
                0.9999844500094147,
                1.554999058536627e-05
            ],
            [
                0.0,
                0.0,
                0.0,
                1.7568694604204657e-08,
                0.9999999824313054
            ]
        ],
        [
            [
                0.99998444986112,
                1.5550138880033784e-05,
                0.0,
                0.0,
                0.0
            ],
            [
                2.22246387906633e-05,
                0.9999777753612094,
                0.0,
                0.0,
                0.0
            ],
            [
                0.0,
                0.0,
                1.0,
                0.0,
                0.0
            ],
            [
                0.0,
                0.0,
                0.0,
                1.0,
                0.0
            ],
            [
                0.0,
                0.0,
                0.0,
                3.7266392841865618e-06,
                0.9999962733607158
            ]
        ],
        [
            [
                0.9999999487071362,
                5.129286384567659e-08,
                0.0,
                0.0,
                0.0
            ],
            [
                0.0007898626084468964,
                0.9992101373915531,
                0.0,
                0.0,
                0.0
            ],
            [
                0.0,
                0.0,
                0.0032876828149194697,
                0.9967123171850805,
                0.0
            ],
            [
                0.0,
                0.0,
                0.0,
                1.0,
                0.0
            ],
            [
                0.0,
                0.0,
                0.0,
                0.9997293157444699,
                0.0002706842555301286
            ]
        ],
        [
            [
                0.9999999979388636,
                2.0611364186559076e-09,
                0.0,
                0.0,
                0.0
            ],
            [
                0.9864230684594895,
                0.013576931540510559,
                0.0,
                0.0,
                0.0
            ],
            [
                0.0,
                0.0,
                0.6713476939612554,
                0.3286523060387446,
                0.0
            ],
            [
                0.0,
                0.0,
                0.0,
                0.9999999998308102,
                1.6918979223288784e-10
            ],
            [
                0.0,
                0.0,
                0.0,
                5.326236115998773e-06,
                0.9999946737638841
            ]
        ],
        [
            [
                0.9999999877076265,
                1.22923733897565e-08,
                0.0,
                0.0,
                0.0
            ],
            [
                0.006692850924284856,
                0.9933071490757153,
                0.0,
                0.0,
                0.0
            ],
            [
                0.0,
                0.0,
                0.999954602152944,
                4.53978470560316e-05,
                0.0
            ],
            [
                0.0,
                0.0,
                0.0,
                0.9999999985578627,
                1.4421372982588147e-09
            ],
            [
                0.0,
                0.0,
                0.0,
                4.539791199527095e-05,
                0.9999546020880048
            ]
        ],
        [
            [
                0.9999997859695261,
                2.1403047386435023e-07,
                0.0,
                0.0,
                0.0
            ],
            [
                0.0007898633611239568,
                0.9992101366388761,
                0.0,
                0.0,
                0.0
            ],
            [
                0.0,
                0.0,
                0.9999999999999775,
                2.2425586200498186e-14,
                0.0
            ],
            [
                0.0,
                0.0,
                0.0,
                0.9999999748901768,
                2.510982330021786e-08
            ],
            [
                0.0,
                0.0,
                0.0,
                5.32627167239018e-06,
                0.9999946737283275
            ]
        ],
        [
            [
                0.9999946737689633,
                5.326231036533662e-06,
                0.0,
                0.0,
                0.0
            ],
            [
                0.19332102986239882,
                0.8066789701376011,
                0.0,
                0.0,
                0.0
            ],
            [
                0.0,
                0.0,
                0.9999546020880047,
                4.539791199527094e-05,
                0.0
            ],
            [
                0.0,
                0.0,
                0.0,
                0.9999999748902005,
                2.5109799353636305e-08
            ],
            [
                0.0,
                0.0,
                0.0,
                2.510999092692816e-08,
                0.9999999748900091
            ]
        ],
        [
            [
                0.9999682358135048,
                3.1764186495140765e-05,
                0.0,
                0.0,
                0.0
            ],
            [
                0.0016121492399814516,
                0.9983878507600187,
                0.0,
                0.0,
                0.0
            ],
            [
                0.0,
                0.0,
                0.9999999999999974,
                2.6309474290270414e-15,
                0.0
            ],
            [
                0.0,
                0.0,
                4.756861245813103e-12,
                0.9999999999952431,
                0.0
            ],
            [
                0.0,
                0.0,
                0.0,
                7.6124784029554106e-06,
                0.999992387521597
            ]
        ],
        [
            [
                0.9999999824312886,
                1.756871135902517e-08,
                0.0,
                0.0,
                0.0
            ],
            [
                0.0003868291462168012,
                0.9996131708537832,
                0.0,
                0.0,
                0.0
            ],
            [
                0.0,
                0.0,
                1.0,
                0.0,
                0.0
            ],
            [
                0.0,
                0.0,
                0.0,
                0.9999991069064492,
                8.930935507375784e-07
            ],
            [
                0.0,
                0.0,
                0.0,
                2.8369289511266453e-11,
                0.9999999999716307
            ]
        ],
        [
            [
                0.9999923875070775,
                7.612492922509e-06,
                0.0,
                0.0,
                0.0
            ],
            [
                0.00018940635661962734,
                0.9998105936433804,
                0.0,
                0.0,
                0.0
            ],
            [
                0.0,
                0.0,
                0.9999777753612094,
                2.2224638790663296e-05,
                0.0
            ],
            [
                0.0,
                0.0,
                0.0,
                1.0,
                0.0
            ],
            [
                0.0,
                0.0,
                0.0,
                1.8243466618209873e-06,
                0.9999981756533382
            ]
        ],
        [
            [
                0.9999999989909796,
                1.0090204264441418e-09,
                0.0,
                0.0,
                0.0
            ],
            [
                0.9996131734351388,
                0.00038682656486119303,
                0.0,
                0.0,
                0.0
            ],
            [
                0.0,
                0.0,
                0.9999999999994419,
                5.580730117920023e-13,
                0.0
            ],
            [
                0.0,
                0.0,
                0.0,
                1.0,
                0.0
            ],
            [
                0.0,
                0.0,
                0.0,
                6.488297484731643e-05,
                0.9999351170251527
            ]
        ],
        [
            [
                0.999999850248256,
                1.4975174399863707e-07,
                0.0,
                0.0,
                0.0
            ],
            [
                0.9456865659223365,
                0.05431343407766356,
                0.0,
                0.0,
                0.0
            ],
            [
                0.0,
                0.0,
                0.9999946737664238,
                5.326233576265612e-06,
                0.0
            ],
            [
                0.0,
                0.0,
                0.0,
                1.0,
                0.0
            ],
            [
                0.0,
                0.0,
                0.0,
                0.009538329686663662,
                0.9904616703133363
            ]
        ],
        [
            [
                0.999999106907301,
                8.930926990183636e-07,
                0.0,
                0.0,
                0.0
            ],
            [
                0.9456869577932953,
                0.05431304220670481,
                0.0,
                0.0,
                0.0
            ],
            [
                0.0,
                0.0,
                0.9999999999420497,
                5.7950350497239313e-11,
                0.0
            ],
            [
                0.0,
                0.0,
                0.0,
                0.9726533581561636,
                0.027346641843836426
            ],
            [
                0.0,
                0.0,
                0.0,
                8.930944024576054e-07,
                0.9999991069055976
            ]
        ],
        [
            [
                0.9999072694964757,
                9.27305035244067e-05,
                0.0,
                0.0,
                0.0
            ],
            [
                0.8949997222547141,
                0.10500027774528577,
                0.0,
                0.0,
                0.0
            ],
            [
                0.0,
                0.0,
                0.9999546021312976,
                4.539786870243439e-05,
                0.0
            ],
            [
                0.0,
                0.0,
                0.0,
                1.0,
                0.0
            ],
            [
                0.0,
                0.0,
                0.0,
                1.8243484016511983e-06,
                0.9999981756515983
            ]
        ],
        [
            [
                0.9999999824311797,
                1.7568820265747977e-08,
                0.0,
                0.0,
                0.0
            ],
            [
                1.0879998129518426e-05,
                0.9999891200018705,
                0.0,
                0.0,
                0.0
            ],
            [
                0.0,
                0.0,
                0.9999993751247584,
                6.248752415370164e-07,
                0.0
            ],
            [
                0.0,
                0.0,
                0.0,
                0.9999999996543908,
                3.4560927482803534e-10
            ],
            [
                0.0,
                0.0,
                0.0,
                6.248752415370164e-07,
                0.9999993751247586
            ]
        ],
        [
            [
                0.8066789701376011,
                0.19332102986239882,
                0.0,
                0.0,
                0.0
            ],
            [
                0.9933071490757152,
                0.0066928509242848554,
                0.0,
                0.0,
                0.0
            ],
            [
                0.0,
                0.0,
                0.9999999266903571,
                7.330964298137702e-08,
                0.0
            ],
            [
                0.0,
                0.0,
                0.0,
                0.9726531552226696,
                0.027346844777330542
            ],
            [
                0.0,
                0.0,
                0.0,
                5.129296167913861e-08,
                0.9999999487070383
            ]
        ],
        [
            [
                0.9998674707391236,
                0.00013252926087632406,
                0.0,
                0.0,
                0.0
            ],
            [
                9.273054773766672e-05,
                0.9999072694522623,
                0.0,
                0.0,
                0.0
            ],
            [
                0.0,
                0.0,
                0.9864230684594893,
                0.013576931540510559,
                0.0
            ],
            [
                0.0,
                0.0,
                0.0,
                0.9999999748899612,
                2.5110038820479497e-08
            ],
            [
                0.0,
                0.0,
                0.0,
                0.013576842135560537,
                0.9864231578644393
            ]
        ],
        [
            [
                0.9999999997581879,
                2.4181203345426753e-10,
                0.0,
                0.0,
                0.0
            ],
            [
                0.6713476939612554,
                0.32865230603874457,
                0.0,
                0.0,
                0.0
            ],
            [
