{
    "[['A', 'B', 'C', 'D', 'E'], ['A', 'B', 'C', 'D', 'E']]": [
        [
            [
                0.9999991069066172,
                8.930933827225908e-07,
                0.0,
                0.0,
                0.0
            ],
            [
                0.0001894063566196273,
                0.9998105936433804,
                0.0,
                0.0,
                0.0
            ],
            [
                0.0,
                0.0,
                1.0,
                0.0,
                0.0
            ],
            [
                0.0,
                0.0,
                0.0,
                0.9999997859695262,
                2.140304738643502e-07
            ],
            [
                0.0,
                0.0,
                0.0,
                1.0090175396176778e-09,
                0.9999999989909824
            ]
        ],
        [
            [
                0.9996131705311125,
                0.000386829468887463,
                0.0,
                0.0,
                0.0
            ],
            [
                3.1764209213943854e-05,
                0.9999682357907861,
                0.0,
                0.0,
                0.0
            ],
            [
                0.0,
                0.0,
                1.0,
                0.0,
                0.0
            ],
            [
                0.0,
                0.0,
                0.0,
                0.07585818002124356,
                0.9241418199787564
            ],
            [
                0.0,
                0.0,
                0.0,
                0.0,
                1.0
            ]
        ],
        [
            [
                0.9999991069067686,
                8.930932313427775e-07,
                0.0,
                0.0,
                0.0
            ],
            [
                5.1292912762384266e-08,
                0.9999999487070872,
                0.0,
                0.0,
                0.0
            ],
            [
                0.0,
                0.0,
                1.0,
                0.0,
                0.0
            ],
            [
                0.0,
                0.0,
                0.0,
                0.9999682358513694,
                3.1764148630505055e-05
            ],
            [
                0.0,
                0.0,
                0.0,
                1.4975174399863707e-07,
                0.999999850248256
            ]
        ],
        [
            [
                0.9999999997581882,
                2.4181180284445184e-10,
                0.0,
                0.0,
                0.0
            ],
            [
                1.2764500929020973e-06,
                0.9999987235499072,
                0.0,
                0.0,
                0.0
            ],
            [
                0.0,
                0.0,
                1.0,
                0.0,
                0.0
            ],
            [
                0.0,
                0.0,
                0.0,
                2.6074386077274855e-06,
                0.9999973925613923
            ],
            [
                0.0,
                0.0,
                0.0,
                1.4975145837016808e-07,
                0.9999998502485417
            ]
        ],
        [
            [
                0.9864230700560115,
                0.013576929943988505,
                0.0,
                0.0,
                0.0
            ],
            [
                1.0477683054385703e-07,
                0.9999998952231695,
                0.0,
                0.0,
                0.0
            ],
            [
                0.0,
                0.0,
                1.0,
                0.0,
                0.0
            ],
            [
                0.0,
                0.0,
                0.0,
                0.0,
                1.0
            ],
            [
                0.0,
                0.0,
                0.0,
                0.0,
                1.0
            ]
        ],
        [
            [
                0.9999682358187113,
                3.1764181288750684e-05,
                0.0,
                0.0,
                0.0
            ],
            [
                0.05431304220670481,
                0.9456869577932951,
                0.0,
                0.0,
                0.0
            ],
            [
                0.0,
                0.0,
                1.0,
                0.0,
                0.0
            ],
            [
                0.0,
                0.0,
                0.0,
                0.9967123421855499,
                0.003287657814449968
            ],
            [
                0.0,
                0.0,
                0.0,
                7.33095031544733e-08,
                0.9999999266904969
            ]
        ],
        [
            [
                0.0032876585957117713,
                0.9967123414042882,
                0.0,
                0.0,
                0.0
            ],
            [
                1.7568828643216155e-08,
                0.9999999824311714,
                0.0,
                0.0,
                0.0
            ],
            [
                0.0,
                0.0,
                1.0,
                0.0,
                0.0
            ],
            [
                0.0,
                0.0,
                0.0,
                7.612492922509e-06,
                0.9999923875070775
            ],
            [
                0.0,
                0.0,
                0.0,
                1.2764403924511583e-06,
                0.9999987235596076
            ]
        ],
        [
            [
                0.9999891200031674,
                1.0879996832535768e-05,
                0.0,
                0.0,
                0.0
            ],
            [
                0.013576931540510559,
                0.9864230684594895,
                0.0,
                0.0,
                0.0
            ],
            [
                0.0,
                0.0,
                1.0,
                0.0,
                0.0
            ],
            [
                0.0,
                0.0,
                0.0,
                2.1403190267637456e-07,
                0.9999997859680974
            ],
            [
                0.0,
                0.0,
                0.0,
                0.0,
                1.0
            ]
        ],
        [
            [
                0.3286523060387447,
                0.6713476939612555,
                0.0,
                0.0,
                0.0
            ],
            [
                0.5,
                0.5,
                0.0,
                0.0,
                0.0
            ],
            [
                0.0,
                0.0,
                1.0,
                0.0,
                0.0
            ],
            [
                0.0,
                0.0,
                0.0,
                0.99671234218555,
                0.0032876578144499674
            ],
            [
                0.0,
                0.0,
                0.0,
                0.0,
                1.0
            ]
        ],
        [
            [
                0.027346844777330546,
                0.9726531552226695,
                0.0,
                0.0,
                0.0
            ],
            [
                5.326234870934123e-06,
                0.9999946737651291,
                0.0,
                0.0,
                0.0
            ],
            [
                0.0,
                0.0,
                1.0,
                0.0,
                0.0
            ],
            [
                0.0,
                0.0,
                0.0,
                0.9726531552226695,
                0.027346844777330546
            ],
            [
                0.0,
                0.0,
                0.0,
                0.0,
                1.0
            ]
        ],
        [
            [
                0.9999998952224699,
                1.0477753000692415e-07,
                0.0,
                0.0,
                0.0
            ],
            [
                3.0590222692562467e-07,
                0.999999694097773,
                0.0,
                0.0,
                0.0
            ],
            [
                0.0,
                0.0,
                1.0,
                0.0,
                0.0
            ],
            [
                0.0,
                0.0,
                0.0,
                0.9967123421855502,
                0.003287657814449968
            ],
            [
                0.0,
                0.0,
                0.0,
                0.0,
                1.0
            ]
        ],
        [
            [
                0.999997392561198,
                2.6074388019963007e-06,
                0.0,
                0.0,
                0.0
            ],
            [
                2.6074162280567955e-06,
                0.999997392583772,
                0.0,
                0.0,
                0.0
            ],
            [
                0.0,
                0.0,
                1.0,
                0.0,
                0.0
            ],
            [
                0.0,
                0.0,
                0.0,
                0.9992101313701166,
                0.0007898686298834463
            ],
            [
                0.0,
                0.0,
                0.0,
                0.0,
                1.0
            ]
        ],
        [
            [
                0.9999999970541263,
                2.9458736292162167e-09,
                0.0,
                0.0,
                0.0
            ],
            [
                2.4181203345426753e-10,
                0.9999999997581879,
                0.0,
                0.0,
                0.0
            ],
            [
                0.0,
                0.0,
                1.0,
                0.0,
                0.0
            ],
            [
                0.0,
                0.0,
                0.0,
                0.0007898633611239567,
                0.999210136638876
            ],
            [
                0.0,
                0.0,
                0.0,
                8.930935507375784e-07,
                0.9999991069064492
            ]
        ],
        [
            [
                0.9999891200018705,
                1.0879998129518424e-05,
                0.0,
                0.0,
                0.0
            ],
            [
                1.8243484016511985e-06,
                0.9999981756515983,
                0.0,
                0.0,
                0.0
            ],
            [
                0.0,
                0.0,
                1.0,
                0.0,
                0.0
            ],
            [
                0.0,
                0.0,
                0.0,
                0.9999946737181685,
                5.3262818314027515e-06
            ],
            [
                0.0,
                0.0,
                0.0,
                0.0,
                1.0
            ]
        ],
        [
            [
                0.9996131736195206,
                0.00038682638047930843,
                0.0,
                0.0,
                0.0
            ],
            [
                3.4560911002873023e-10,
                0.9999999996543909,
                0.0,
                0.0,
                0.0
            ],
            [
                0.0,
                0.0,
                1.0,
                0.0,
                0.0
            ],
            [
                0.0,
                0.0,
                0.0,
                0.00027068451360499825,
                0.999729315486395
            ],
            [
                0.0,
                0.0,
                0.0,
                0.9456869577932951,
                0.054313042206704805
            ]
        ],
        [
            [
                0.32865398939030877,
                0.6713460106096912,
                0.0,
                0.0,
                0.0
            ],
            [
                1.2764403924511583e-06,
                0.9999987235596075,
                0.0,
                0.0,
                0.0
            ],
            [
                0.0,
                0.0,
                1.0,
                0.0,
                0.0
            ],
            [
                0.0,
                0.0,
                0.0,
                1.0090185018922483e-09,
                0.9999999989909815
            ],
            [
                0.0,
                0.0,
                0.0,
                0.0001894063566196273,
                0.9998105936433804
            ]
        ],
        [
            [
                0.9999991068996354,
                8.931003645205373e-07,
                0.0,
                0.0,
                0.0
            ],
            [
                0.9967123390605017,
                0.0032876609394982925,
                0.0,
                0.0,
                0.0
            ],
            [
                0.0,
                0.0,
                1.0,
                0.0,
                0.0
            ],
            [
                0.0,
                0.0,
                0.0,
                2.2224617596077248e-05,
                0.9999777753824038
            ],
            [
                0.0,
                0.0,
                0.0,
                0.0,
                1.0
            ]
        ],
        [
            [
                0.3286523060387446,
                0.6713476939612554,
                0.0,
                0.0,
                0.0
            ],
            [
                0.0007898633611239567,
                0.999210136638876,
                0.0,
                0.0,
                0.0
            ],
            [
                0.0,
                0.0,
                1.0,
                0.0,
                0.0
            ],
            [
                0.0,
                0.0,
                0.0,
                1.554999058536627e-05,
                0.9999844500094147
            ],
            [
                0.0,
                0.0,
                0.0,
                3.176417892221001e-05,
                0.9999682358210777
            ]
        ],
        [
            [
                0.9999072695406889,
                9.273045931116777e-05,
                0.0,
                0.0,
                0.0
            ],
            [
                1.7568677849400123e-08,
                0.9999999824313223,
                0.0,
                0.0,
                0.0
            ],
            [
                0.0,
                0.0,
                1.0,
                0.0,
                0.0
            ],
            [
                0.0,
                7.61250018229618e-06,
                0.0,
                0.0,
                0.9999923874998177
            ],
            [
                0.0,
                0.0,
                0.0,
                0.0,
                1.0
            ]
        ],
        [
            [
                0.9999946737651935,
                5.32623480644871e-06,
                0.0,
                0.0,
                0.0
            ],
            [
                0.3286523060387446,
                0.6713476939612555,
                0.0,
                0.0,
                0.0
            ],
            [
                0.0,
                0.0,
                1.0,
                0.0,
                0.0
            ],
            [
                0.0,
                0.0,
                0.0,
                0.9999995627941952,
                4.372058048155785e-07
            ],
            [
                0.0,
                0.0,
                0.0,
                0.0,
                1.0
            ]
        ],
        [
            [
                0.9999351165127632,
                6.488348723687558e-05,
                0.0,
                0.0,
                0.0
            ],
            [
                1.4421386735887705e-09,
                0.9999999985578613,
                0.0,
                0.0,
                0.0
            ],
            [
                0.0,
                0.0,
                1.0,
                0.0,
                0.0
            ],
            [
                0.0,
                0.0,
                0.0,
                0.9976974526450423,
                0.002302547354957752
            ],
            [
                0.0,
                0.0,
                0.0,
                0.0,
                1.0
            ]
        ],
        [
            [
                0.9999923875143373,
                7.6124856627287425e-06,
                0.0,
                0.0,
                0.0
            ],
            [
                0.054313042206704805,
                0.9456869577932951,
                0.0,
                0.0,
                0.0
            ],
            [
                0.0,
                0.0,
                1.0,
                0.0,
                0.0
            ],
            [
                0.0,
                0.0,
                0.0,
                0.998871473364823,
                0.001128526635177019
            ],
            [
                0.0,
                0.0,
                0.0,
                0.0,
                1.0
            ]
        ],
        [
            [
                0.19332102986239882,
                0.8066789701376011,
                0.0,
                0.0,
                0.0
            ],
            [
                0.9456869577932951,
                0.05431304220670481,
                0.0,
                0.0,
                0.0
            ],
            [
                0.0,
                0.0,
                1.0,
                0.0,
                0.0
            ],
            [
                0.0,
                0.0,
                0.0,
                0.00018940635661962734,
                0.9998105936433804
            ],
            [
                0.0,
                0.0,
                0.0,
                3.17639365893792e-05,
                0.9999682360634106
            ]
        ],
        [
            [
                0.9999999913993276,
                8.600672435855246e-09,
                0.0,
                0.0,
                0.0
            ],
            [
                6.248704741384311e-07,
                0.9999993751295259,
                0.0,
                0.0,
                0.0
            ],
            [
                0.0,
                0.0,
                1.0,
                0.0,
                0.0
            ],
            [
                0.0,
                0.0,
                0.0,
                0.9999072687448473,
                9.273125515269376e-05
            ],
            [
                0.0,
                0.0,
                0.0,
                6.248704741384311e-07,
                0.999999375129526
            ]
        ],
        [
            [
                0.9999072688553812,
                9.273114461874007e-05,
                0.0,
                0.0,
                0.0
            ],
            [
                8.282542492685803e-11,
                0.9999999999171746,
                0.0,
                0.0,
                0.0
            ],
            [
                0.0,
                0.0,
                1.0,
                0.0,
                0.0
            ],
            [
                0.0,
                0.0,
                0.0,
                0.9999891200018705,
                1.0879998129518424e-05
            ],
            [
                0.0,
                0.0,
                0.0,
                0.0,
                1.0
            ]
        ],
        [
            [
                0.9456869577932951,
                0.054313042206704805,
                0.0,
                0.0,
                0.0
            ],
            [
                0.0007898626084468964,
                0.9992101373915532,
                0.0,
                0.0,
                0.0
            ],
            [
                0.0,
                0.0,
                1.0,
                0.0,
                0.0
            ],
            [
                0.0,
                0.0,
                0.0,
                0.19332102986239882,
                0.8066789701376011
            ],
            [
                0.0,
                0.0,
                0.0,
                0.0,
                1.0
            ]
        ],
        [
            [
                0.999999974889985,
                2.5110014873692405e-08,
                0.0,
                0.0,
                0.0
            ],
            [
                1.0477683054385702e-07,
                0.9999998952231695,
                0.0,
                0.0,
                0.0
            ],
            [
                0.0,
                0.0,
                1.0,
                0.0,
                0.0
            ],
            [
                0.0,
                0.0,
                0.0,
                0.9933071490757152,
                0.0066928509242848554
            ],
            [
                0.0,
                0.0,
                0.0,
                1.5550124050503392e-05,
                0.9999844498759495
            ]
        ],
        [
            [
                0.6713476413565855,
                0.32865235864341436,
                0.0,
                0.0,
                0.0
            ],
            [
                0.0016121615199217512,
                0.9983878384800782,
                0.0,
                0.0,
                0.0
            ],
            [
                0.0,
                0.0,
                1.0,
                0.0,
                0.0
            ],
            [
                0.0,
                0.0,
                0.0,
                0.19332102986239885,
                0.8066789701376011
            ],
            [
                0.0,
                0.0,
                0.0,
                1.22923733897565e-08,
                0.9999999877076267
            ]
        ],
        [
            [
                0.9999993751247584,
                6.248752415370163e-07,
                0.0,
                0.0,
                0.0
            ],
            [
                0.3286523060387446,
                0.6713476939612554,
                0.0,
                0.0,
                0.0
            ],
            [
                0.0,
                0.0,
                1.0,
                0.0,
                0.0
            ],
            [
                0.0,
                0.0,
                0.0,
                0.9996131738039025,
                0.0003868261960975117
            ],
            [
                0.0,
                0.0,
                0.0,
                7.612485662728742e-06,
                0.9999923875143373
            ]
        ],
        [
            [
                0.9999999979388464,
                2.0611536181902033e-09,
                0.0,
                0.0,
                0.0
            ],
            [
                1.0879998129518426e-05,
                0.9999891200018705,
                0.0,
                0.0,
                0.0
            ],
            [
                0.0,
                0.0,
                1.0,
                0.0,
                0.0
            ],
            [
                0.0,
                0.0,
                0.0,
                2.4181203345426753e-10,
                0.9999999997581879
            ],
            [
                0.0,
                0.0,
                0.0,
                0.0,
                1.0
            ]
        ],
        [
            [
                0.9999891200018706,
                1.0879998129518426e-05,
                0.0,
                0.0,
                0.0
            ],
            [
                0.027346641843836433,
                0.9726533581561636,
                0.0,
                0.0,
                0.0
            ],
            [
                0.0,
                0.0,
                1.0,
                0.0,
                0.0
            ],
            [
                0.0,
                0.0,
                0.0,
                6.488346983489965e-05,
                0.9999351165301651
            ],
            [
                0.0,
                0.0,
                0.0,
                2.6074386077274855e-06,
                0.9999973925613923
            ]
        ],
        [
            [
                0.9999987235486518,
                1.2764513482599594e-06,
                0.0,
                0.0,
                0.0
            ],
            [
                2.510997128311516e-08,
                0.9999999748900287,
                0.0,
                0.0,
                0.0
            ],
            [
                0.0,
                0.0,
                1.0,
                0.0,
                0.0
            ],
            [
                0.0,
                0.0,
                0.0,
                0.0,
                1.0
            ],
            [
                0.0,
                0.0,
                0.0,
                0.0,
                1.0
            ]
        ],
        [
            [
                0.9864230684594895,
                0.013576931540510559,
                0.0,
                0.0,
                0.0
            ],
            [
                0.5,
                0.5,
                0.0,
                0.0,
                0.0
            ],
            [
                0.0,
                0.0,
                1.0,
                0.0,
                0.0
            ],
            [
                0.0,
                0.0,
                0.0,
                2.945890485688511e-09,
                0.9999999970541095
            ],
            [
                0.0,
                0.0,
                0.0,
                2.4181191814933216e-10,
                0.9999999997581881
            ]
        ],
        [
            [
                0.9999682360634106,
                3.1763936589379194e-05,
                0.0,
                0.0,
                0.0
            ],
            [
                0.00018940635661962728,
                0.9998105936433803,
                0.0,
                0.0,
                0.0
            ],
            [
                0.0,
                0.0,
                1.0,
                0.0,
                0.0
            ],
            [
                0.0,
                0.0,
                0.0,
                0.0016121615199217512,
                0.9983878384800783
            ],
            [
                0.0,
                0.0,
                0.0,
                0.0,
                1.0
            ]
        ],
        [
            [
                0.9999546024776389,
                4.5397522361228185e-05,
                0.0,
                0.0,
                0.0
            ],
            [
                3.726635730201329e-06,
                0.9999962733642698,
                0.0,
                0.0,
                0.0
            ],
            [
                0.0,
                0.0,
                1.0,
                0.0,
                0.0
            ],
            [
                0.0,
                0.0,
                0.0,
                0.10500027774528578,
                0.8949997222547142
            ],
            [
                0.0,
                0.0,
                0.0,
                0.0,
                1.0
            ]
        ],
        [
            [
                0.9999973925589056,
                2.607441094369419e-06,
                0.0,
                0.0,
                0.0
            ],
            [
                4.3720622176754207e-07,
                0.9999995627937783,
                0.0,
                0.0,
                0.0
            ],
            [
                0.0,
                0.0,
                1.0,
                0.0,
                0.0
            ],
            [
                0.0,
                0.0,
                0.0,
                0.9976974351183825,
                0.002302564881617554
            ],
            [
                0.0,
                0.0,
                0.0,
                0.0,
                1.0
            ]
        ],
        [
            [
                0.9996131704850167,
                0.0003868295149832938,
                0.0,
                0.0,
                0.0
            ],
            [
                0.00018940617602194855,
                0.9998105938239781,
                0.0,
                0.0,
                0.0
            ],
            [
                0.0,
                0.0,
                1.0,
                0.0,
                0.0
            ],
            [
                0.0,
                0.0,
                0.0,
                0.00027068425553012856,
                0.9997293157444699
            ],
            [
                0.0,
                0.0,
                0.0,
                0.0,
                1.0
            ]
        ],
        [
            [
                0.9726533557780452,
                0.02734664422195484,
                0.0,
                0.0,
                0.0
            ],
            [
                1.8243484016511983e-06,
                0.9999981756515984,
                0.0,
                0.0,
                0.0
            ],
            [
                0.0,
                0.0,
                1.0,
                0.0,
                0.0
            ],
            [
                0.0,
                0.0,
                0.0,
                0.8949997222547141,
                0.10500027774528577
            ],
            [
                0.0,
                0.0,
                0.0,
                0.0,
                1.0
            ]
        ],
        [
            [
                0.9967123421855502,
                0.003287657814449968,
                0.0,
                0.0,
                0.0
            ],
            [
                5.326275085181305e-06,
                0.9999946737249149,
                0.0,
                0.0,
                0.0
            ],
            [
                0.0,
                0.0,
                1.0,
                0.0,
                0.0
            ],
            [
                0.0,
                0.0,
                0.0,
                0.99671234218555,
                0.0032876578144499674
            ],
            [
                0.0,
                0.0,
                0.0,
                0.0,
                1.0
            ]
        ],
        [
            [
                0.9933071490757152,
                0.006692850924284855,
                0.0,
                0.0,
                0.0
            ],
            [
                0.0003868265619802254,
                0.9996131734380197,
                0.0,
                0.0,
                0.0
            ],
            [
                0.0,
                0.0,
                1.0,
                0.0,
                0.0
            ],
            [
                0.0,
                0.0,
                0.0,
                0.0,
                1.0
            ],
            [
                0.0,
                0.0,
                0.0,
                0.0,
                1.0
            ]
        ],
        [
            [
                0.9997293157827778,
                0.00027068421722216103,
                0.0,
                0.0,
                0.0
            ],
            [
                1.2764501309432264e-06,
                0.9999987235498691,
                0.0,
                0.0,
                0.0
            ],
            [
                0.0,
                0.0,
                1.0,
                0.0,
                0.0
            ],
            [
                0.0,
                0.0,
                0.0,
                0.006692800203828542,
                0.9933071997961715
            ],
            [
                0.0,
                0.0,
                0.0,
                0.0,
                1.0
            ]
        ],
        [
            [
                0.9999682360752433,
                3.176392475676879e-05,
                0.0,
                0.0,
                0.0
            ],
            [
                2.2224638790663296e-05,
                0.9999777753612094,
                0.0,
                0.0,
                0.0
            ],
            [
                0.0,
                0.0,
                1.0,
                0.0,
                0.0
            ],
            [
                0.0,
                0.0,
                0.0,
                0.9999999824312886,
                1.756871135902517e-08
            ],
            [
                0.0,
                0.0,
                0.0,
                4.3721039130904767e-07,
                0.9999995627896087
            ]
        ],
        [
            [
                0.993307149075715,
                0.006692850924284856,
                0.0,
                0.0,
                0.0
            ],
            [
                6.248710700612651e-07,
                0.9999993751289299,
                0.0,
                0.0,
                0.0
            ],
            [
                0.0,
                2.242558620049819e-14,
                0.9999999999999776,
                0.0,
                0.0
            ],
            [
                0.0,
                0.0,
                0.0,
                0.5883496806986256,
                0.4116503193013745
            ],
            [
                0.0,
                0.0,
                0.0,
                0.9996131704850166,
                0.00038682951498329374
            ]
        ],
        [
            [
                0.9998674696412537,
                0.00013253035874632505,
                0.0,
                0.0,
                0.0
            ],
            [
                6.248752042915739e-07,
                0.9999993751247958,
                0.0,
                0.0,
                0.0
            ],
            [
                0.0,
                0.0,
                1.0,
                0.0,
                0.0
            ],
            [
                0.0,
                0.0005527786369235996,
                0.0,
                0.0,
                0.9994472213630764
            ],
            [
                0.0,
                0.0,
                0.0,
                0.0,
                1.0
            ]
        ],
        [
            [
                0.9996131732968524,
                0.0003868267031476641,
                0.0,
                0.0,
                0.0
            ],
            [
                0.00018940509243949157,
                0.9998105949075605,
                0.0,
                0.0,
                0.0
            ],
            [
                0.0,
                0.0,
                1.0,
                0.0,
                0.0
            ],
            [
                0.0,
                0.0,
                0.0,
                0.0,
                1.0
            ],
            [
                0.0,
                0.0,
                0.0,
                0.0,
                1.0
            ]
        ],
        [
            [
                0.8066777803459282,
                0.1933222196540718,
                0.0,
                0.0,
                0.0
            ],
            [
                1.0477762993060063e-07,
                0.99999989522237,
                0.0,
                0.0,
                0.0
            ],
            [
                0.0,
                0.0,
                1.0,
                0.0,
                0.0
            ],
            [
                0.0,
                0.0,
                0.0,
                1.8243466618209873e-06,
                0.9999981756533383
            ],
            [
                0.0,
                0.0,
                0.0,
                5.129291276238427e-08,
                0.9999999487070872
            ]
        ],
        [
            [
                0.9999844498796568,
                1.5550120343123005e-05,
                0.0,
                0.0,
                0.0
            ],
            [
                0.013576931540510559,
                0.9864230684594896,
                0.0,
                0.0,
                0.0
            ],
            [
                0.0,
                0.0,
                1.0,
                0.0,
                0.0
            ],
            [
                0.0,
                0.0,
                0.0,
                0.0066928509242848554,
                0.9933071490757152
            ],
            [
                0.0,
                0.0,
                0.0,
                2.1403190267637456e-07,
                0.9999997859680974
            ]
        ],
        [
            [
                0.999999895222506,
                1.0477749409687621e-07,
                0.0,
                0.0,
                0.0
            ],
            [
                0.004692250872689786,
                0.9953077491273101,
                0.0,
                0.0,
                0.0
            ],
            [
                0.0,
                0.0,
                1.0,
                0.0,
                0.0
            ],
            [
                0.0,
                0.0,
                0.0,
                0.5,
                0.5
            ],
            [
                0.0,
                0.0,
                0.0,
                0.0,
                1.0
            ]
        ],
        [
            [
                0.9999995627900256,
                4.372099743531077e-07,
                0.0,
                0.0,
                0.0
            ],
            [
                3.0590193519475594e-07,
                0.9999996940980648,
                0.0,
                0.0,
                0.0
            ],
            [
                0.0,
                0.0,
                1.0,
                0.0,
                0.0
            ],
            [
                0.0,
                0.0,
                0.0,
                2.5109990926928157e-08,
                0.999999974890009
            ],
            [
                0.0,
                0.0,
                0.0,
                0.0,
                1.0
            ]
        ],
        [
            [
                0.9864231674435068,
                0.01357683255649319,
                0.0,
                0.0,
                0.0
            ],
            [
                4.5397479068763174e-05,
                0.9999546025209313,
                0.0,
                0.0,
                0.0
            ],
            [
                0.0,
                0.0,
                1.0,
                0.0,
                0.0
            ],
            [
                0.0,
                0.0,
                0.0,
                3.0590193519475594e-07,
                0.9999996940980649
            ],
            [
                0.0,
                0.0,
                0.0,
                0.9997293160025444,
                0.00027068399745550493
            ]
        ],
        [
            [
                0.9999998952223701,
                1.0477762993060064e-07,
                0.0,
                0.0,
                0.0
            ],
            [
                0.05431343407766354,
