{
    "[['A', 'B', 'C', 'D', 'E'], ['A', 'B', 'C', 'D', 'E']]": [
        [
            [
                0.9999546021245331,
                4.539787546693738e-05,
                0.0,
                0.0,
                0.0
            ],
            [
                1.1399918530430558e-12,
                0.99999999999886,
                0.0,
                0.0,
                0.0
            ],
            [
                0.0,
                0.0,
                1.2764513482599592e-06,
                0.9999987235486517,
                0.0
            ],
            [
                0.0,
                0.0,
                0.0,
                1.0,
                0.0
            ],
            [
                0.0,
                0.0,
                0.0,
                2.5109990926928153e-08,
                0.999999974890009
            ]
        ],
        [
            [
                0.9999991069064559,
                8.930935440835187e-07,
                0.0,
                0.0,
                0.0
            ],
            [
                3.3282528862493107e-12,
                0.9999999999966718,
                0.0,
                0.0,
                0.0
            ],
            [
                0.0,
                0.0,
                0.9456865659223365,
                0.05431343407766356,
                0.0
            ],
            [
                0.0,
                0.0,
                6.017622348182814e-09,
                0.9999999939823777,
                0.0
            ],
            [
                0.0,
                0.0,
                0.0,
                0.0016121492399814516,
                0.9983878507600185
            ]
        ],
        [
            [
                0.9999999913993932,
                8.600606818182875e-09,
                0.0,
                0.0,
                0.0
            ],
            [
                0.006692850924284855,
                0.993307149075715,
                0.0,
                0.0,
                0.0
            ],
            [
                0.0,
                0.0,
                0.9999987235510863,
                1.2764489136276549e-06,
                0.0
            ],
            [
                0.0,
                0.0,
                0.0,
                0.9999973925613923,
                2.607438607727485e-06
            ],
            [
                0.0,
                0.0,
                0.0,
                9.273116672552028e-05,
                0.9999072688332744
            ]
        ],
        [
            [
                0.9999999748899907,
                2.5110009261167486e-08,
                0.0,
                0.0,
                0.0
            ],
            [
                5.580734275889527e-13,
                0.999999999999442,
                0.0,
                0.0,
                0.0
            ],
            [
                0.0,
                0.0,
                0.999999999999442,
                5.580726292590819e-13,
                0.0
            ],
            [
                0.0,
                0.0,
                0.0,
                0.9999999877076267,
                1.22923733897565e-08
            ],
            [
                0.0,
                0.0,
                0.0,
                0.0,
                1.0
            ]
        ],
        [
            [
                0.9999981756539651,
                1.8243460348708587e-06,
                0.0,
                0.0,
                0.0
            ],
            [
                0.00018940509243949157,
                0.9998105949075605,
                0.0,
                0.0,
                0.0
            ],
            [
                0.0,
                0.0,
                0.9999999999861121,
                1.3887945934236201e-11,
                0.0
            ],
            [
                0.0,
                0.0,
                0.0,
                0.9999998502485415,
                1.4975145837016808e-07
            ],
            [
                0.0,
                0.0,
                0.0,
                0.9999999970541265,
                2.9458736292162167e-09
            ]
        ],
        [
            [
                0.999984449879657,
                1.5550120343123e-05,
                0.0,
                0.0,
                0.0
            ],
            [
                0.0007898626084468965,
                0.9992101373915531,
                0.0,
                0.0,
                0.0
            ],
            [
                0.0,
                0.0,
                0.9999999957896251,
                4.210374856423119e-09,
                0.0
            ],
            [
                0.0,
                0.0,
                0.0,
                0.9999546021312976,
                4.5397868702434395e-05
            ],
            [
                0.0,
                0.0,
                0.0,
                0.0,
                1.0
            ]
        ],
        [
            [
                0.9999987235494886,
                1.2764505113545806e-06,
                0.0,
                0.0,
                0.0
            ],
            [
                0.0032876593769737604,
                0.9967123406230263,
                0.0,
                0.0,
                0.0
            ],
            [
                0.0,
                0.0,
                1.4975188681307589e-07,
                0.9999998502481131,
                0.0
            ],
            [
                0.0,
                0.0,
                7.059794578584533e-10,
                0.9999999992940206,
                0.0
            ],
            [
                0.0,
                0.0,
                0.0,
                0.9999973925613923,
                2.607438607727485e-06
            ]
        ],
        [
            [
                0.9999999748900124,
                2.5109987559416266e-08,
                0.0,
                0.0,
                0.0
            ],
            [
                5.129296167913861e-08,
                0.9999999487070383,
                0.0,
                0.0,
                0.0
            ],
            [
                0.0,
                0.0,
                0.9999996940974814,
                3.0590251865677175e-07,
                0.0
            ],
            [
                0.0,
                0.0,
                0.0,
                0.9999999995060445,
                4.939555827517762e-10
            ],
            [
                0.0,
                0.0,
                0.0,
                0.9999973925613924,
                2.6074386077274855e-06
            ]
        ],
        [
            [
                0.9999995627904459,
                4.372095541401018e-07,
                0.0,
                0.0,
                0.0
            ],
            [
                4.939565248981797e-10,
                0.9999999995060435,
                0.0,
                0.0,
                0.0
            ],
            [
                0.0,
                0.0,
                0.9999546021312976,
                4.5397868702434395e-05,
                0.0
            ],
            [
                0.0,
                0.0,
                2.6074187146773868e-06,
                0.9999973925812854,
                0.0
            ],
            [
                0.0,
                0.0,
                0.0,
                0.9864230684594895,
                0.01357693154051056
            ]
        ],
        [
            [
                0.9999844498782666,
                1.5550121733390544e-05,
                0.0,
                0.0,
                0.0
            ],
            [
                0.0016121492399814516,
                0.9983878507600186,
                0.0,
                0.0,
                0.0
            ],
            [
                0.0,
                7.976243610973261e-13,
                0.9999999999992023,
                0.0,
                0.0
            ],
            [
                0.0,
                0.0,
                0.0,
                0.9999981756533383,
                1.8243466618209871e-06
            ],
            [
                0.0,
                0.0,
                0.0,
                0.9999996940980648,
                3.059019351947559e-07
            ]
        ],
        [
            [
                0.9864231706365278,
                0.013576829363472221,
                0.0,
                0.0,
                0.0
            ],
            [
                1.0879998129518428e-05,
                0.9999891200018706,
                0.0,
                0.0,
                0.0
            ],
            [
                0.0,
                0.0,
                1.0,
                0.0,
                0.0
            ],
            [
                0.0,
                0.0,
                0.0,
                1.0,
                0.0
            ],
            [
                0.0,
                0.0,
                0.0,
                0.0002706842555301286,
                0.9997293157444699
            ]
        ],
        [
            [
                0.9999996940976649,
                3.059023351851976e-07,
                0.0,
                0.0,
                0.0
            ],
            [
                4.53978687024344e-05,
                0.9999546021312976,
                0.0,
                0.0,
                0.0
            ],
            [
                0.0,
                0.0,
                0.9999999985578737,
                1.4421262956663856e-09,
                0.0
            ],
            [
                0.0,
                0.0,
                0.0,
                1.0,
                0.0
            ],
            [
                0.0,
                0.0,
                0.0,
                0.9999844498759494,
                1.555012405050339e-05
            ]
        ],
        [
            [
                0.9999997859679458,
                2.1403205416928012e-07,
                0.0,
                0.0,
                0.0
            ],
            [
                0.0,
                1.0,
                0.0,
                0.0,
                0.0
            ],
            [
                0.0,
                0.0,
                0.9999999997581863,
                2.4181364772913526e-10,
                0.0
            ],
            [
                0.0,
                0.0,
                0.0,
                0.9999998952232694,
                1.047767306209429e-07
            ],
            [
                0.0,
                0.0,
                0.0,
                0.999999974890009,
                2.5109990926928157e-08
            ]
        ],
        [
            [
                0.9999987235501733,
                1.2764498266142245e-06,
                0.0,
                0.0,
                0.0
            ],
            [
                1.7568828643216152e-08,
                0.9999999824311713,
                0.0,
                0.0,
                0.0
            ],
            [
                0.0,
                0.0,
                6.248746456102041e-07,
                0.9999993751253544,
                0.0
            ],
            [
                0.0,
                0.0,
                0.0,
                1.0,
                0.0
            ],
            [
                0.0,
                0.0,
                0.0,
                0.9933071997961715,
                0.006692800203828541
            ]
        ],
        [
            [
                0.9999987235496027,
                1.2764503972311626e-06,
                0.0,
                0.0,
                0.0
            ],
            [
                0.0016121492399814516,
                0.9983878507600185,
                0.0,
                0.0,
                0.0
            ],
            [
                0.0,
                0.0,
                1.0,
                0.0,
                0.0
            ],
            [
                0.0,
                0.0,
                0.0,
                0.9726533581561636,
                0.02734664184383643
            ],
            [
                0.0,
                0.0,
                0.0,
                0.0,
                1.0
            ]
        ],
        [
            [
                0.9999682358106651,
                3.176418933499027e-05,
                0.0,
                0.0,
                0.0
            ],
            [
                1.1837704804506145e-10,
                0.999999999881623,
                0.0,
                0.0,
                0.0
            ],
            [
                0.0,
                0.0,
                1.0,
                0.0,
                0.0
            ],
            [
                0.0,
                0.0,
                2.4181203345426753e-10,
                0.999999999758188,
                0.0
            ],
            [
                0.0,
                0.0,
                0.0,
                1.0,
                0.0
            ]
        ],
        [
            [
                0.9999999748900095,
                2.510999059953115e-08,
                0.0,
                0.0,
                0.0
            ],
            [
                2.4181203345426753e-10,
                0.999999999758188,
                0.0,
                0.0,
                0.0
            ],
            [
                0.0,
                0.0,
                0.999999999986112,
                1.3887940553627694e-11,
                0.0
            ],
            [
                0.0,
                0.0,
                0.0,
                1.0,
                0.0
            ],
            [
                0.0,
                0.0,
                0.0,
                4.372095573975654e-07,
                0.9999995627904427
            ]
        ],
        [
            [
                0.9999973925801294,
                2.6074198705682343e-06,
                0.0,
                0.0,
                0.0
            ],
            [
                4.539782540963913e-05,
                0.9999546021745904,
                0.0,
                0.0,
                0.0
            ],
            [
                0.0,
                0.0,
                0.9999999999966717,
                3.32825606032012e-12,
                0.0
            ],
            [
                0.0,
                0.0,
                0.0,
                0.19332102986239882,
                0.806678970137601
            ],
            [
                0.0,
                0.0,
                0.0,
                1.0,
                0.0
            ]
        ],
        [
            [
                0.9999993751248004,
                6.248751996358938e-07,
                0.0,
                0.0,
                0.0
            ],
            [
                1.388782466410436e-11,
                0.9999999999861121,
                0.0,
                0.0,
                0.0
            ],
            [
                0.0,
                0.0,
                0.9999072689217016,
                9.273107829843111e-05,
                0.0
            ],
            [
                0.0,
                0.0,
                0.0,
                1.0,
                0.0
            ],
            [
                0.0,
                0.0,
                0.0,
                1.4975188681307589e-07,
                0.9999998502481132
            ]
        ],
        [
            [
                0.9999998952223743,
                1.047776256370032e-07,
                0.0,
                0.0,
                0.0
            ],
            [
                1.1837761251215906e-10,
                0.9999999998816224,
                0.0,
                0.0,
                0.0
            ],
            [
                0.0,
                0.0,
                1.0,
                0.0,
                0.0
            ],
            [
                0.0,
                0.0,
                0.0,
                0.9999923875143373,
                7.6124856627287425e-06
            ],
            [
                0.0,
                0.0,
                0.0,
                0.999996273360716,
                3.7266392841865614e-06
            ]
        ],
        [
            [
                0.9999999998816221,
                1.183778382997517e-10,
                0.0,
                0.0,
                0.0
            ],
            [
                1.4421249203482341e-09,
                0.999999998557875,
                0.0,
                0.0,
                0.0
            ],
            [
                0.0,
                0.0,
                0.9999777753824038,
                2.2224617596077248e-05,
                0.0
            ],
            [
                0.0,
                0.0,
                0.0,
                0.9999999985578722,
                1.4421276709858486e-09
            ],
            [
                0.0,
                0.0,
                0.0,
                0.999998723549869,
                1.2764501309432266e-06
            ]
        ],
        [
            [
                0.999992387511388,
                7.612488612013637e-06,
                0.0,
                0.0,
                0.0
            ],
            [
                0.10500027774528578,
                0.8949997222547142,
                0.0,
                0.0,
                0.0
            ],
            [
                0.0,
                0.0,
                0.9999999999952432,
                4.756852172828962e-12,
                0.0
            ],
            [
                0.0,
                0.0,
                0.0,
                0.999999999654391,
                3.456089452295037e-10
            ],
            [
                0.0,
                0.0,
                0.0,
                0.8066789701376011,
                0.19332102986239885
            ]
        ],
        [
            [
                0.9999999999171746,
                8.28253614044081e-11,
                0.0,
                0.0,
                0.0
            ],
            [
                1.2292373389756501e-08,
                0.9999999877076267,
                0.0,
                0.0,
                0.0
            ],
            [
                0.0,
                0.0,
                0.9999999999420496,
                5.795040576302656e-11,
                0.0
            ],
            [
                0.0,
                0.0,
                0.0,
                0.999999999654391,
                3.4560894522950376e-10
            ],
            [
                0.0,
                0.0,
                0.0,
                0.00027068425553012856,
                0.9997293157444699
            ]
        ],
        [
            [
                0.9999546021157393,
                4.539788426079278e-05,
                0.0,
                0.0,
                0.0
            ],
            [
                2.3286725481077224e-12,
                0.9999999999976714,
                0.0,
                0.0,
                0.0
            ],
            [
                0.0,
                0.0,
                0.0016121615199217515,
                0.9983878384800783,
                0.0
            ],
            [
                0.0,
                0.0,
                0.0,
                0.9999999992940144,
                7.059855173547453e-10
            ],
            [
                0.0,
                0.0,
                0.0,
                0.001128526635177019,
                0.9988714733648228
            ]
        ],
        [
            [
                0.9999997859695213,
                2.1403047864830314e-07,
                0.0,
                0.0,
                0.0
            ],
            [
                0.027346844777330542,
                0.9726531552226695,
                0.0,
                0.0,
                0.0
            ],
            [
                0.0,
                0.0,
                1.0,
                0.0,
                0.0
            ],
            [
                0.0,
                0.0,
                0.0,
                0.999999974890009,
                2.510999092692816e-08
            ],
            [
                0.0,
                0.0,
                0.0,
                0.9999682358210777,
                3.176417892221002e-05
            ]
        ],
        [
            [
                0.999999948707136,
                5.1292863845676584e-08,
                0.0,
                0.0,
                0.0
            ],
            [
                1.756867784940012e-08,
                0.999999982431322,
                0.0,
                0.0,
                0.0
            ],
            [
                0.0,
                0.0,
                0.9999999824313179,
                1.7568682038099758e-08,
                0.0
            ],
            [
                0.0,
                0.0,
                0.0,
                0.9999999985578628,
                1.442137298258815e-09
            ],
            [
                0.0,
                0.0,
                0.0,
                0.9999999995060431,
                4.939569959720554e-10
            ]
        ],
        [
            [
                0.9999999997581879,
                2.418120334542675e-10,
                0.0,
                0.0,
                0.0
            ],
            [
                0.0007898631729546246,
                0.9992101368270455,
                0.0,
                0.0,
                0.0
            ],
            [
                0.0,
                0.0,
                1.0,
                0.0,
                0.0
            ],
            [
                0.0,
                0.0,
                8.282551938139857e-11,
                0.9999999999171744,
                0.0
            ],
            [
                0.0,
                0.0,
                0.0,
                6.488346983489965e-05,
                0.9999351165301651
            ]
        ],
        [
            [
                0.9999996940976831,
                3.059023169520037e-07,
                0.0,
                0.0,
                0.0
            ],
            [
                0.8949997222547142,
                0.10500027774528578,
                0.0,
                0.0,
                0.0
            ],
            [
                0.0,
                0.0,
                0.0007898693825662401,
                0.9992101306174337,
                0.0
            ],
            [
                0.0,
                0.0,
                0.0,
                1.0,
                0.0
            ],
            [
                0.0,
                0.0,
                0.0,
                0.9999993751247584,
                6.248752415370164e-07
            ]
        ],
        [
            [
                0.9864230668629672,
                0.0135769331370328,
                0.0,
                0.0,
                0.0
            ],
            [
                9.716970560106243e-12,
                0.999999999990283,
                0.0,
                0.0,
                0.0
            ],
            [
                0.0,
                0.0,
                1.0,
                0.0,
                0.0
            ],
            [
                0.0,
                0.0,
                0.0,
                1.0,
                0.0
            ],
            [
                0.0,
                0.0,
                0.0,
                0.9996131704850167,
                0.00038682951498329374
            ]
        ],
        [
            [
                0.9999777753559107,
                2.222464408931297e-05,
                0.0,
                0.0,
                0.0
            ],
            [
                1.388782466410436e-11,
                0.9999999999861121,
                0.0,
                0.0,
                0.0
            ],
            [
                0.0,
                0.0,
                1.0,
                0.0,
                0.0
            ],
            [
                0.0,
                0.0,
                0.0,
                0.9999999641119136,
                3.588808651468916e-08
            ],
            [
                0.0,
                0.0,
                0.0,
                0.9999999641119136,
                3.588808651468916e-08
            ]
        ],
        [
            [
                0.9992101363566219,
                0.0007898636433780391,
                0.0,
                0.0,
                0.0
            ],
            [
                0.0007898634081662968,
                0.9992101365918337,
                0.0,
                0.0,
                0.0
            ],
            [
                0.0,
                9.357616275748177e-14,
                0.9999999999999064,
                0.0,
                0.0
            ],
            [
                0.0,
                0.0,
                0.0,
                0.9999999939823776,
                6.017622348182814e-09
            ],
            [
                0.0,
                0.0,
                0.0,
                0.9999999487074785,
                5.129252143002905e-08
            ]
        ],
        [
            [
                0.9998105936208056,
                0.00018940637919434924,
                0.0,
                0.0,
                0.0
            ],
            [
                5.580728953689118e-13,
                0.9999999999994419,
                0.0,
                0.0,
                0.0
            ],
            [
                0.0,
                0.0,
                0.10500099472147155,
                0.8949990052785284,
                0.0
            ],
            [
                0.0,
                0.0,
                0.0,
                1.0,
                0.0
            ],
            [
                0.0,
                0.0,
                0.0,
                0.9864230684594893,
                0.013576931540510557
            ]
        ],
        [
            [
                0.999984449890779,
                1.5550109220987142e-05,
                0.0,
                0.0,
                0.0
            ],
            [
                0.3286523060387446,
                0.6713476939612554,
                0.0,
                0.0,
                0.0
            ],
            [
                0.0,
                0.0,
                1.0,
                0.0,
                0.0
            ],
            [
                0.0,
                0.0,
                0.0,
                0.999998175653338,
                1.8243466618209871e-06
            ],
            [
                0.0,
                0.0,
                0.0,
                0.9999999877076267,
                1.22923733897565e-08
            ]
        ],
        [
            [
                0.9999993751250331,
                6.248749668519307e-07,
                0.0,
                0.0,
                0.0
            ],
            [
                7.059801311332507e-10,
                0.99999999929402,
                0.0,
                0.0,
                0.0
            ],
            [
                0.0,
                0.0,
                0.9999999999801508,
                1.984928241036501e-11,
                0.0
            ],
            [
                0.0,
                0.0,
                1.6918979223288786e-10,
                0.9999999998308102,
                0.0
            ],
            [
                0.0,
                0.0,
                0.0,
                0.9999999999171747,
                8.282528241602584e-11
            ]
        ],
        [
            [
                0.9999999641119478,
                3.5888052289160326e-08,
                0.0,
                0.0,
                0.0
            ],
            [
                1.9849121508135077e-11,
                0.9999999999801509,
                0.0,
                0.0,
                0.0
            ],
            [
                0.0,
                0.0,
                1.0,
                0.0,
                0.0
            ],
            [
                0.0,
                0.0,
                0.0,
                1.0,
                0.0
            ],
            [
                0.0,
                0.0,
                0.0,
                0.9998105936433804,
                0.0001894063566196273
            ]
        ],
        [
            [
                0.9967123425761809,
                0.0032876574238191354,
                0.0,
                0.0,
                0.0
            ],
            [
                2.3286903145370995e-12,
                0.9999999999976713,
                0.0,
                0.0,
                0.0
            ],
            [
                0.0,
                0.0,
                0.9999987235596076,
                1.2764403924511583e-06,
                0.0
            ],
            [
                0.0,
                0.0,
                0.0,
                0.9999999877076265,
                1.22923733897565e-08
            ],
            [
                0.0,
                0.0,
                0.0,
                0.9983878507600185,
                0.0016121492399814516
            ]
        ],
        [
            [
                0.9999995627936544,
                4.3720634555023277e-07,
                0.0,
                0.0,
                0.0
            ],
            [
                0.6713476939612554,
                0.32865230603874457,
                0.0,
                0.0,
                0.0
            ],
            [
                0.0,
                0.0,
                0.9999999999998088,
                1.9115063241237547e-13,
                0.0
            ],
            [
                0.0,
                0.0,
                4.939569959720553e-10,
                0.9999999995060431,
                0.0
            ],
            [
                0.0,
                0.0,
                0.0,
                0.9999973925812853,
                2.6074187146773868e-06
            ]
        ],
        [
            [
                0.9999995627905232,
                4.37209476877144e-07,
                0.0,
                0.0,
                0.0
            ],
            [
                1.7568828643216152e-08,
                0.9999999824311714,
                0.0,
                0.0,
                0.0
            ],
            [
                0.0,
                0.0,
                1.0,
                0.0,
                0.0
            ],
            [
                0.0,
                0.0,
                1.691899535849242e-10,
                0.99999999983081,
                0.0
            ],
            [
                0.0,
                0.0,
                0.0,
                0.9983878507600186,
                0.0016121492399814516
            ]
        ],
        [
            [
                0.9999999985578737,
                1.4421262956663856e-09,
                0.0,
                0.0,
                0.0
            ],
            [
                0.10500099472147156,
                0.8949990052785284,
                0.0,
                0.0,
                0.0
            ],
            [
                0.0,
                0.0,
                0.9726531298558797,
                0.027346870144120215,
                0.0
            ],
            [
                0.0,
                0.0,
                0.0,
                0.9999999641119135,
                3.588808651468915e-08
            ],
            [
                0.0,
                0.0,
                0.0,
                0.9999962733607158,
                3.726639284186562e-06
            ]
        ],
        [
            [
                0.9998105937111045,
                0.00018940628889547762,
                0.0,
                0.0,
                0.0
            ],
            [
                0.003287657814449968,
                0.9967123421855502,
                0.0,
                0.0,
                0.0
            ],
            [
                0.0,
                0.0,
                1.2764489136276546e-06,
                0.9999987235510863,
                0.0
            ],
            [
                0.0,
                0.0,
                0.0,
                1.0,
                0.0
            ],
            [
                0.0,
                0.0,
                0.0,
                0.9726533581561636,
                0.027346641843836426
            ]
        ],
        [
            [
                0.9999923875160388,
                7.612483961218746e-06,
                0.0,
                0.0,
                0.0
            ],
            [
                3.7266072984414825e-06,
                0.9999962733927016,
                0.0,
                0.0,
                0.0
            ],
            [
                0.0,
                0.0,
                0.5,
                0.5,
                0.0
            ],
            [
                0.0,
                0.0,
                0.0,
                0.9999962733607158,
                3.726639284186561e-06
            ],
            [
                0.0,
                0.0,
                0.0,
                0.9999999748902005,
                2.5109799353636302e-08
            ]
        ],
        [
            [
                0.9999998952233342,
                1.047766658272292e-07,
                0.0,
                0.0,
                0.0
            ],
            [
                0.10500099472147158,
                0.8949990052785285,
                0.0,
                0.0,
                0.0
            ],
            [
                0.0,
                0.0,
                0.9999999999998662,
                1.337423924761855e-13,
                0.0
            ],
            [
                0.0,
                0.0,
                0.0,
                0.9999999985578614,
                1.4421386735887709e-09
            ],
            [
                0.0,
                0.0,
                0.0,
                0.9999923875143374,
                7.612485662728743e-06
            ]
        ],
        [
            [
                0.9999999939823782,
                6.01762180456113e-09,
                0.0,
                0.0,
                0.0
            ],
            [
                4.5397868702434395e-05,
                0.9999546021312975,
                0.0,
                0.0,
                0.0
            ],
            [
                0.0,
                0.0,
                0.9999973925613922,
                2.607438607727485e-06,
                0.0
            ],
            [
                0.0,
                0.0,
                7.059801311332507e-10,
                0.99999999929402,
                0.0
            ],
            [
                0.0,
                0.0,
                0.0,
                0.9999999487070873,
                5.129291276238428e-08
            ]
        ],
        [
            [
                0.9456869577932953,
                0.054313042206704805,
                0.0,
                0.0,
                0.0
            ],
            [
                0.000386826564861193,
                0.9996131734351388,
                0.0,
                0.0,
                0.0
            ],
            [
                0.0,
                0.0,
                2.5109966980186745e-08,
                0.999999974890033,
                0.0
            ],
            [
                0.0,
                0.0,
                5.795040576302655e-11,
                0.9999999999420496,
                0.0
            ],
            [
                0.0,
                0.0,
                0.0,
                1.0,
                0.0
            ]
        ],
        [
            [
                0.9999999999594537,
                4.054640135088166e-11,
                0.0,
                0.0,
                0.0
            ],
            [
                0.0016121477049954804,
                0.9983878522950045,
                0.0,
                0.0,
                0.0
            ],
            [
                0.0,
                3.904691830945098e-13,
                0.999999999999516,
                9.357614044715213e-14,
                0.0
            ],
            [
                0.0,
                0.0,
                0.0,
                0.9999546021745903,
                4.539782540963912e-05
            ],
            [
                0.0,
                0.0,
                0.0,
                0.0,
                1.0
            ]
        ],
        [
            [
                0.9998105935756563,
                0.00018940642434380124,
                0.0,
                0.0,
                0.0
            ],
            [
                1.6293178309257797e-12,
                0.9999999999983707,
                0.0,
                0.0,
                0.0
            ],
            [
                0.0,
                7.976239807604832e-13,
                0.9999999999992023,
                0.0,
                0.0
            ],
            [
                0.0,
                0.0,
                1.4975174399863705e-07,
                0.999999850248256,
                0.0
            ],
            [
                0.0,
                0.0,
                0.0,
                2.22246387906633e-05,
                0.9999777753612095
            ]
        ],
        [
            [
                0.9999973925629464,
                2.6074370535774807e-06,
                0.0,
                0.0,
                0.0
            ],
            [
                8.600672435855246e-09,
                0.9999999913993276,
                0.0,
                0.0,
                0.0
            ],
            [
                0.0,
                0.0,
                1.0,
                0.0,
                0.0
            ],
            [
                0.0,
                0.0,
                0.0,
                1.0,
                0.0
            ],
            [
                0.0,
                0.0,
                0.0,
                0.8949997222547142,
                0.10500027774528578
            ]
        ],
        [
            [
                0.999999948707051,
                5.1292949067783416e-08,
                0.0,
                0.0,
                0.0
            ],
            [
                1.9849159367365958e-11,
                0.9999999999801509,
                0.0,
                0.0,
                0.0
            ],
            [
                0.0,
                0.0,
                0.9999999824313137,
                1.7568686226800393e-08,
                0.0
            ],
            [
                0.0,
                0.0,
                0.0,
                0.9999999989909805,
                1.0090194641677363e-09
            ],
            [
                0.0,
                0.0,
                0.0,
                0.9999777753612094,
                2.2224638790663296e-05
            ]
        ],
        [
            [
                0.9999999970541066,
                2.9458934480643547e-09,
                0.0,
                0.0,
                0.0
            ],
            [
