{
    "[['A', 'B', 'C', 'D', 'E'], ['A', 'B', 'C', 'D', 'E']]": [
        [
            [
                0.9999946737638841,
                5.3262361159987736e-06,
                0.0,
                0.0,
                0.0
            ],
            [
                5.326281831402751e-06,
                0.9999946737181685,
                0.0,
                0.0,
                0.0
            ],
            [
                0.0,
                9.273125515269378e-05,
                0.9999072687448474,
                0.0,
                0.0
            ],
            [
                0.0,
                0.0,
                0.0,
                5.12929616791386e-08,
                0.9999999487070382
            ],
            [
                0.0,
                0.0,
                0.0,
                0.0,
                1.0
            ]
        ],
        [
            [
                0.9726531552226695,
                0.027346844777330546,
                0.0,
                0.0,
                0.0
            ],
            [
                6.798713193660392e-12,
                0.9999999999932012,
                0.0,
                0.0,
                0.0
            ],
            [
                0.0,
                1.0090199453058243e-09,
                0.99999999899098,
                0.0,
                0.0
            ],
            [
                0.0,
                0.0,
                0.0,
                0.9983878507600185,
                0.0016121492399814516
            ],
            [
                0.0,
                0.0,
                0.0,
                4.3720622176754207e-07,
                0.9999995627937783
            ]
        ],
        [
            [
                0.9998674707391237,
                0.00013252926087632406,
                0.0,
                0.0,
                0.0
            ],
            [
                0.8949997222547142,
                0.10500027774528578,
                0.0,
                0.0,
                0.0
            ],
            [
                0.0,
                0.0016121507749688822,
                0.998387849225031,
                0.0,
                0.0
            ],
            [
                0.0,
                0.0,
                0.0,
                0.5,
                0.5
            ],
            [
                0.0,
                0.0,
                0.0,
                6.017633825897449e-09,
                0.999999993982366
            ]
        ],
        [
            [
                0.999999998557864,
                1.4421359229301704e-09,
                0.0,
                0.0,
                0.0
            ],
            [
                2.9458736292162167e-09,
                0.9999999970541265,
                0.0,
                0.0,
                0.0
            ],
            [
                0.0,
                0.9726531552226695,
                0.027346844777330542,
                0.0,
                0.0
            ],
            [
                0.0,
                0.0,
                2.4181157223485614e-10,
                0.9999999997581884,
                0.0
            ],
            [
                0.0,
                0.0,
                0.0,
                0.0,
                1.0
            ]
        ],
        [
            [
                4.539785517343144e-05,
                0.9999546021448265,
                0.0,
                0.0,
                0.0
            ],
            [
                0.0016121507749688822,
                0.9983878492250311,
                0.0,
                0.0,
                0.0
            ],
            [
                0.0,
                1.276440392451158e-06,
                0.9999987235596075,
                0.0,
                0.0
            ],
            [
                0.0,
                0.0,
                0.0,
                0.0,
                1.0
            ],
            [
                0.0,
                0.0,
                0.0,
                1.2292385112682734e-08,
                0.9999999877076149
            ]
        ],
        [
            [
                0.9999999641118964,
                3.588810362746581e-08,
                0.0,
                0.0,
                0.0
            ],
            [
                7.976228397510424e-13,
                0.9999999999992023,
                0.0,
                0.0,
                0.0
            ],
            [
                0.0,
                1.0090185018922483e-09,
                0.9999999989909815,
                0.0,
                0.0
            ],
            [
                0.0,
                0.0,
                0.0,
                1.0,
                0.0
            ],
            [
                0.0,
                0.0,
                0.0,
                0.0,
                1.0
            ]
        ],
        [
            [
                0.9726533581561636,
                0.027346641843836426,
                0.0,
                0.0,
                0.0
            ],
            [
                1.7568677849400123e-08,
                0.9999999824313222,
                0.0,
                0.0,
                0.0
            ],
            [
                0.0,
                0.0,
                1.0,
                0.0,
                0.0
            ],
            [
                0.0,
                0.0,
                0.0,
                0.8949997222547141,
                0.1050002777452858
            ],
            [
                0.0,
                0.0,
                0.0,
                0.0,
                1.0
            ]
        ],
        [
            [
                0.9933071490757152,
                0.006692850924284856,
                0.0,
                0.0,
                0.0
            ],
            [
                4.210378871751381e-09,
                0.9999999957896212,
                0.0,
                0.0,
                0.0
            ],
            [
                0.0,
                1.4975174399863707e-07,
                0.999999850248256,
                0.0,
                0.0
            ],
            [
                0.0,
                0.0,
                0.0,
                0.9999973925812854,
                2.607418714677387e-06
            ],
            [
                0.0,
                0.0,
                0.0,
                0.0,
                1.0
            ]
        ],
        [
            [
                0.9999923875724153,
                7.612427584735928e-06,
                0.0,
                0.0,
                0.0
            ],
            [
                4.539747906876318e-05,
                0.9999546025209312,
                0.0,
                0.0,
                0.0
            ],
            [
                0.0,
                1.2764513482599594e-06,
                0.9999987235486518,
                0.0,
                0.0
            ],
            [
                0.0,
                0.0,
                0.0,
                0.9999998952232695,
                1.0477673062094289e-07
            ],
            [
                0.0,
                0.0,
                0.0,
                2.2224659985269556e-05,
                0.9999777753400148
            ]
        ],
        [
            [
                0.05431343407766355,
                0.9456865659223364,
                0.0,
                0.0,
                0.0
            ],
            [
                1.629327542445776e-12,
                0.9999999999983706,
                0.0,
                0.0,
                0.0
            ],
            [
                0.0,
                6.7987204878922325e-12,
                0.9999999999932012,
                0.0,
                0.0
            ],
            [
                0.0,
                0.0,
                0.0,
                0.6713476939612554,
                0.32865230603874457
            ],
            [
                0.0,
                0.0,
                0.0,
                0.0,
                1.0
            ]
        ],
        [
            [
                0.3286523060387446,
                0.6713476939612555,
                0.0,
                0.0,
                0.0
            ],
            [
                5.129257034641018e-08,
                0.9999999487074297,
                0.0,
                0.0,
                0.0
            ],
            [
                0.0,
                5.326231036533662e-06,
                0.9999946737689634,
                0.0,
                0.0
            ],
            [
                0.0,
                0.0,
                0.0,
                0.9996131704850167,
                0.0003868295149832938
            ],
            [
                0.0,
                0.0,
                0.0,
                0.0,
                1.0
            ]
        ],
        [
            [
                0.9999999824313054,
                1.7568694604204657e-08,
                0.0,
                0.0,
                0.0
            ],
            [
                3.588806940192066e-08,
                0.9999999641119306,
                0.0,
                0.0,
                0.0
            ],
            [
                0.0,
                0.0032876578144499674,
                0.9967123421855499,
                0.0,
                0.0
            ],
            [
                0.0,
                0.0,
                0.0,
                0.10500027774528578,
                0.8949997222547142
            ],
            [
                0.0,
                0.0,
                0.0,
                0.0,
                1.0
            ]
        ],
        [
            [
                0.9999999266903766,
                7.330962331820256e-08,
                0.0,
                0.0,
                0.0
            ],
            [
                1.2292396835620148e-08,
                0.9999999877076031,
                0.0,
                0.0,
                0.0
            ],
            [
                0.0,
                8.60066423361882e-09,
                0.9999999913993357,
                0.0,
                0.0
            ],
            [
                0.0,
                0.0,
                0.0,
                0.9999777753612094,
                2.2224638790663296e-05
            ],
            [
                0.0,
                0.0,
                0.0,
                9.273116672552026e-05,
                0.9999072688332744
            ]
        ],
        [
            [
                0.9933071490757153,
                0.006692850924284856,
                0.0,
                0.0,
                0.0
            ],
            [
                1.0879998129518426e-05,
                0.9999891200018706,
                0.0,
                0.0,
                0.0
            ],
            [
                0.0,
                0.0,
                4.5397522361228185e-05,
                0.9999546024776389,
                0.0
            ],
            [
                0.0,
                0.0,
                0.0,
                0.0005527744219046212,
                0.9994472255780953
            ],
            [
                0.0,
                0.0,
                0.0,
                0.0,
                1.0
            ]
        ],
        [
            [
                0.9864230684594895,
                0.013576931540510559,
                0.0,
                0.0,
                0.0
            ],
            [
                6.24874645610204e-07,
                0.9999993751253544,
                0.0,
                0.0,
                0.0
            ],
            [
                0.0,
                0.0,
                1.0,
                0.0,
                0.0
            ],
            [
                0.0,
                0.0,
                0.0,
                0.9996131734351388,
                0.00038682656486119303
            ],
            [
                0.0,
                0.0,
                0.0,
                0.0,
                1.0
            ]
        ],
        [
            [
                0.9999777753612095,
                2.22246387906633e-05,
                0.0,
                0.0,
                0.0
            ],
            [
                2.8369282747501568e-11,
                0.9999999999716307,
                0.0,
                0.0,
                0.0
            ],
            [
                0.0,
                1.2764501309432264e-06,
                0.9999987235498691,
                0.0,
                0.0
            ],
            [
                0.0,
                0.0,
                0.0,
                0.9456865659223365,
                0.05431343407766356
            ],
            [
                0.0,
                0.0,
                0.0,
                0.0,
                1.0
            ]
        ],
        [
            [
                0.9999999913993439,
                8.600656031390219e-09,
                0.0,
                0.0,
                0.0
            ],
            [
                7.330960802462609e-08,
                0.999999926690392,
                0.0,
                0.0,
                0.0
            ],
            [
                0.0,
                0.0,
                0.9999999999932012,
                6.798726161189074e-12,
                0.0
            ],
            [
                0.0,
                0.0,
                0.0,
                4.3720580481557844e-07,
                0.9999995627941952
            ],
            [
                0.0,
                0.0,
                0.0,
                8.930935507375783e-07,
                0.9999991069064492
            ]
        ],
        [
            [
                0.9726533581561636,
                0.027346641843836426,
                0.0,
                0.0,
                0.0
            ],
            [
                1.4975174399863707e-07,
                0.9999998502482559,
                0.0,
                0.0,
                0.0
            ],
            [
                0.0,
                0.0,
                0.9999999999171748,
                8.282528241602584e-11,
                0.0
            ],
            [
                0.0,
                0.0,
                0.0,
                0.19332102986239885,
                0.8066789701376013
            ],
            [
                0.0,
                0.0,
                0.0,
                0.0,
                1.0
            ]
        ],
        [
            [
                0.9999844498759495,
                1.5550124050503392e-05,
                0.0,
                0.0,
                0.0
            ],
            [
                2.242561293389611e-14,
                0.9999999999999776,
                0.0,
                0.0,
                0.0
            ],
            [
                0.0,
                7.976178953956603e-13,
                0.9999999999992023,
                0.0,
                0.0
            ],
            [
                0.0,
                0.0,
                0.0,
                2.2224659985269556e-05,
                0.9999777753400146
            ],
            [
                0.0,
                0.0,
                0.0,
                0.0,
                1.0
            ]
        ],
        [
            [
                0.9999993751253543,
                6.24874645610204e-07,
                0.0,
                0.0,
                0.0
            ],
            [
                3.5888120740250616e-08,
                0.9999999641118793,
                0.0,
                0.0,
                0.0
            ],
            [
                0.0,
                9.717044694991097e-12,
                0.999999999990283,
                0.0,
                0.0
            ],
            [
                0.0,
                0.0,
                0.0,
                0.0,
                1.0
            ],
            [
                0.0,
                0.0,
                0.0,
                0.0,
                1.0
            ]
        ],
        [
            [
                0.9999946737588046,
                5.326241195468727e-06,
                0.0,
                0.0,
                0.0
            ],
            [
                6.798706709905328e-12,
                0.9999999999932013,
                0.0,
                0.0,
                0.0
            ],
            [
                0.0,
                0.0,
                1.0,
                0.0,
                0.0
            ],
            [
                0.0,
                0.0,
                0.0,
                0.9999946737588046,
                5.326241195468727e-06
            ],
            [
                0.0,
                0.0,
                0.0,
                0.0,
                1.0
            ]
        ],
        [
            [
                0.9999946737232481,
                5.3262767518940435e-06,
                0.0,
                0.0,
                0.0
            ],
            [
                1.6293306501444004e-12,
                0.9999999999983707,
                0.0,
                0.0,
                0.0
            ],
            [
                0.0,
                2.2425602240533114e-14,
                0.9999999999999775,
                0.0,
                0.0
            ],
            [
                0.0,
                0.0,
                0.0,
                0.0,
                1.0
            ],
            [
                0.0,
                0.0,
                0.0,
                0.0,
                1.0
            ]
        ],
        [
            [
                0.9967123453105955,
                0.0032876546894046034,
                0.0,
                0.0,
                0.0
            ],
            [
                6.54728697034025e-14,
                0.9999999999999345,
                0.0,
                0.0,
                0.0
            ],
            [
                0.0,
                0.0,
                0.99999999855786,
                1.4421400489200385e-09,
                0.0
            ],
            [
                0.0,
                0.0,
                0.0,
                0.9999546021312976,
                4.5397868702434395e-05
            ],
            [
                0.0,
                0.0,
                0.0,
                0.0,
                1.0
            ]
        ],
        [
            [
                0.9726531552226695,
                0.027346844777330542,
                0.0,
                0.0,
                0.0
            ],
            [
                4.3720663871990316e-07,
                0.9999995627933613,
                0.0,
                0.0,
                0.0
            ],
            [
                0.0,
                0.013576829363472221,
                0.9864231706365278,
                0.0,
                0.0
            ],
            [
                0.0,
                0.0,
                0.0,
                0.0007898633611239569,
                0.9992101366388761
            ],
            [
                0.0,
                0.0,
                0.0,
                0.0,
                1.0
            ]
        ],
        [
            [
                0.9999993751247584,
                6.248752415370164e-07,
                0.0,
                0.0,
                0.0
            ],
            [
                7.059861906353215e-10,
                0.9999999992940138,
                0.0,
                0.0,
                0.0
            ],
            [
                0.0,
                0.0,
                0.9726533835227474,
                0.027346616477252575,
                0.0
            ],
            [
                0.0,
                0.0,
                0.0,
                0.9967123421855502,
                0.003287657814449968
            ],
            [
                0.0,
                0.0,
                0.0,
                0.0,
                1.0
            ]
        ],
        [
            [
                0.8066777803459281,
                0.1933222196540718,
                0.0,
                0.0,
                0.0
            ],
            [
                1.691899535849242e-10,
                0.99999999983081,
                0.0,
                0.0,
                0.0
            ],
            [
                0.0,
                2.061135927242751e-09,
                0.9999999979388641,
                0.0,
                0.0
            ],
            [
                0.0,
                0.0,
                0.0,
                1.0879998129518426e-05,
                0.9999891200018705
            ],
            [
                0.0,
                0.0,
                0.0,
                0.0,
                1.0
            ]
        ],
        [
            [
                0.9992101313701166,
                0.0007898686298834464,
                0.0,
                0.0,
                0.0
            ],
            [
                8.600590413843004e-09,
                0.9999999913994095,
                0.0,
                0.0,
                0.0
            ],
            [
                0.0,
                4.7568861966087224e-12,
                0.9999999999952431,
                0.0,
                0.0
            ],
            [
                0.0,
                0.0,
                0.0,
                0.9864230684594893,
                0.013576931540510559
            ],
            [
                0.0,
                0.0,
                0.0,
                0.0,
                1.0
            ]
        ],
        [
            [
                0.9999999824311863,
                1.7568813720853738e-08,
                0.0,
                0.0,
                0.0
            ],
            [
                1.2292361666841442e-08,
                0.9999999877076383,
                0.0,
                0.0,
                0.0
            ],
            [
                0.0,
                0.0,
                0.9999999985578738,
                1.4421262956663858e-09,
                0.0
            ],
            [
                0.0,
                0.0,
                0.0,
                6.248752415370164e-07,
                0.9999993751247584
            ],
            [
                0.0,
                0.0,
                0.0,
                9.273116672552026e-05,
                0.9999072688332744
            ]
        ],
        [
            [
                0.9864230684594893,
                0.013576931540510557,
                0.0,
                0.0,
                0.0
            ],
            [
                2.1403047386435023e-07,
                0.9999997859695261,
                0.0,
                0.0,
                0.0
            ],
            [
                0.0,
                0.0,
                0.9999999999992023,
                7.976236004238216e-13,
                0.0
            ],
            [
                0.0,
                0.0,
                0.0,
                0.0,
                1.0
            ],
            [
                0.0,
                0.0,
                0.0,
                0.0,
                1.0
            ]
        ],
        [
            [
                0.9999991069064492,
                8.930935507375785e-07,
                0.0,
                0.0,
                0.0
            ],
            [
                9.357614044718867e-14,
                0.9999999999999064,
                0.0,
                0.0,
                0.0
            ],
            [
                0.0,
                5.580731614788688e-13,
                0.9999999999994419,
                0.0,
                0.0
            ],
            [
                0.0,
                0.0,
                0.0,
                3.726642838175183e-06,
                0.9999962733571618
            ],
            [
                0.0,
                0.0,
                0.0,
                0.0,
                1.0
            ]
        ],
        [
            [
                0.9933071997961714,
                0.0066928002038285405,
                0.0,
                0.0,
                0.0
            ],
            [
                2.9458961045340436e-09,
                0.9999999970541039,
                0.0,
                0.0,
                0.0
            ],
            [
                0.0,
                0.0,
                0.02734664184383643,
                0.9726533581561635,
                0.0
            ],
            [
                0.0,
                0.0,
                0.0,
                0.9999072688332744,
                9.273116672552029e-05
            ],
            [
                0.0,
                0.0,
                0.0,
                0.0,
                1.0
            ]
        ],
        [
            [
                0.9996131734351388,
                0.00038682656486119303,
                0.0,
                0.0,
                0.0
            ],
            [
                3.3282528862493103e-12,
                0.9999999999966718,
                0.0,
                0.0,
                0.0
            ],
            [
                0.0,
                0.027346844777330546,
                0.9726531552226694,
                0.0,
                0.0
            ],
            [
                0.0,
                0.0,
                0.0,
                1.0,
                0.0
            ],
            [
                0.0,
                0.0,
                0.0,
                0.0,
                1.0
            ]
        ],
        [
            [
                0.9999682360331191,
                3.176396688088195e-05,
                0.0,
                0.0,
                0.0
            ],
            [
                4.5809412848415815e-14,
                0.9999999999999541,
                0.0,
                0.0,
                0.0
            ],
            [
                0.0,
                6.248755395006356e-07,
                0.9999993751244606,
                0.0,
                0.0
            ],
            [
                0.0,
                0.0,
                0.0,
                2.945898913960828e-09,
                0.999999997054101
            ],
            [
                0.0,
                0.0,
                0.0,
                0.0,
                1.0
            ]
        ],
        [
            [
                0.9999351170251526,
                6.488297484731642e-05,
                0.0,
                0.0,
                0.0
            ],
            [
                1.22923733897565e-08,
                0.9999999877076267,
                0.0,
                0.0,
                0.0
            ],
            [
                0.0,
                2.4181214875925785e-10,
                0.9999999997581879,
                0.0,
                0.0
            ],
            [
                0.0,
                0.0,
                0.0,
                2.510999092692816e-08,
                0.999999974890009
            ],
            [
                0.0,
                0.0,
                0.0,
                0.0,
                1.0
            ]
        ],
        [
            [
                0.9456869577932953,
                0.05431304220670482,
                0.0,
                0.0,
                0.0
            ],
            [
                6.54728697034025e-14,
                0.9999999999999346,
                0.0,
                0.0,
                0.0
            ],
            [
                0.0,
                4.939574670463802e-10,
                0.9999999995060426,
                0.0,
                0.0
            ],
            [
                0.0,
                0.0,
                0.0,
                0.027346641843836426,
                0.9726533581561635
            ],
            [
                0.0,
                0.0,
                0.0,
                9.273116672552026e-05,
                0.9999072688332744
            ]
        ],
        [
            [
                0.999999106907301,
                8.930926990183635e-07,
                0.0,
                0.0,
                0.0
            ],
            [
                2.836912041762801e-11,
                0.9999999999716308,
                0.0,
                0.0,
                0.0
            ],
            [
                0.0,
                0.0,
                0.9999999989909816,
                1.0090185018922485e-09,
                0.0
            ],
            [
                0.0,
                0.0,
                0.0,
                1.0,
                0.0
            ],
            [
                0.0,
                0.0,
                0.0,
                0.0,
                1.0
            ]
        ],
        [
            [
                0.999999999990283,
                9.71696592669472e-12,
                0.0,
                0.0,
                0.0
            ],
            [
                1.388793062020209e-11,
                0.9999999999861121,
                0.0,
                0.0,
                0.0
            ],
            [
                0.0,
                2.4181226406430314e-10,
                0.9999999997581878,
                0.0,
                0.0
            ],
            [
                0.0,
                0.0,
                0.0,
                1.2764501309432266e-06,
                0.9999987235498691
            ],
            [
                0.0,
                0.0,
                0.0,
                0.0,
                1.0
            ]
        ],
        [
            [
                0.9998105934627826,
                0.00018940653721747822,
                0.0,
                0.0,
                0.0
            ],
            [
                1.6293135578753195e-12,
                0.9999999999983706,
                0.0,
                0.0,
                0.0
            ],
            [
                0.0,
                2.6074373644074083e-06,
                0.9999973925626356,
                0.0,
                0.0
            ],
            [
                0.0,
                0.0,
                0.0,
                0.0,
                1.0
            ],
            [
                0.0,
                0.0,
                0.0,
                5.3262361159987736e-06,
                0.9999946737638841
            ]
        ],
        [
            [
                0.9999546021272389,
                4.539787276113607e-05,
                0.0,
                0.0,
                0.0
            ],
            [
                1.9115099700362057e-13,
                0.9999999999998088,
                0.0,
                0.0,
                0.0
            ],
            [
                0.0,
                0.0,
                1.0,
                0.0,
                0.0
            ],
            [
                0.0,
                0.0,
                0.0,
                7.3309642981377e-08,
                0.999999926690357
            ],
            [
                0.0,
                0.0,
                0.0,
                0.0,
                1.0
            ]
        ],
        [
            [
                0.9999997859678932,
                2.1403210679315666e-07,
                0.0,
                0.0,
                0.0
            ],
            [
                1.4975160118433447e-07,
                0.9999998502483988,
                0.0,
                0.0,
                0.0
            ],
            [
                0.0,
                3.588808522673444e-08,
                0.9999999282238294,
                3.588808522673444e-08,
                0.0
            ],
            [
                0.0,
                0.0,
                0.0,
                0.0001894063566196273,
                0.9998105936433803
            ],
            [
                0.0,
                0.0,
                0.0,
                0.0,
                1.0
            ]
        ],
        [
            [
                0.05431343407766355,
                0.9456865659223365,
                0.0,
                0.0,
                0.0
            ],
            [
                3.726607298441482e-06,
                0.9999962733927015,
                0.0,
                0.0,
                0.0
            ],
            [
                0.0,
                1.6293275424457762e-12,
                0.9999999999983707,
                0.0,
                0.0
            ],
            [
                0.0,
                0.0,
                0.0,
                1.0,
                0.0
            ],
            [
                0.0,
                0.0,
                0.0,
                0.0,
                1.0
            ]
        ],
        [
            [
                0.99999989522252,
                1.0477748004512165e-07,
                0.0,
                0.0,
                0.0
            ],
            [
                2.242559154717522e-14,
                0.9999999999999776,
                0.0,
                0.0,
                0.0
            ],
            [
                0.0,
                0.0,
                1.0,
                0.0,
                0.0
            ],
            [
                0.0,
                0.0,
                0.0,
                0.9999072688332744,
                9.273116672552026e-05
            ],
            [
                0.0,
                0.0,
                0.0,
                0.00013252938724938622,
                0.9998674706127506
            ]
        ],
        [
            [
                0.9999844499945852,
                1.5550005414769383e-05,
                0.0,
                0.0,
                0.0
            ],
            [
                2.061155583860405e-09,
                0.9999999979388444,
                0.0,
                0.0,
                0.0
            ],
            [
                0.0,
                2.328693090553934e-12,
                0.9999999999976713,
                0.0,
                0.0
            ],
            [
                0.0,
                0.0,
                0.0,
                0.8066789701376013,
                0.19332102986239882
            ],
            [
                0.0,
                0.0,
                0.0,
                0.0,
                1.0
            ]
        ],
        [
            [
                0.9864230684594895,
                0.013576931540510559,
                0.0,
                0.0,
                0.0
            ],
            [
                0.0,
                1.0,
                0.0,
                0.0,
                0.0
            ],
            [
                0.0,
                0.02734681941056374,
                0.9726531805894363,
                0.0,
                0.0
            ],
            [
                0.0,
                0.0,
                0.0,
                0.0,
                1.0
            ],
            [
                0.0,
                0.0,
                0.0,
                0.0,
                1.0
            ]
        ],
        [
            [
                0.8066789701376013,
                0.19332102986239882,
                0.0,
                0.0,
                0.0
            ],
            [
                1.4975160118433447e-07,
                0.9999998502483988,
                0.0,
                0.0,
                0.0
            ],
            [
                0.0,
                4.939598224247432e-10,
                0.9999999995060401,
                0.0,
                0.0
            ],
            [
                0.0,
                0.0,
                1.8243466618209871e-06,
                0.9999981756533382,
                0.0
            ],
            [
                0.0,
                0.0,
                0.0,
                0.0,
                1.0
            ]
        ],
        [
            [
                0.9864231706365277,
                0.01357682936347222,
                0.0,
                0.0,
                0.0
            ],
            [
                2.9458750339185574e-09,
                0.9999999970541249,
                0.0,
                0.0,
                0.0
            ],
            [
                0.0,
                8.600598616009027e-09,
                0.9999999913994013,
                0.0,
                0.0
            ],
            [
                0.0,
                0.0,
                0.0,
                0.000386826564861193,
                0.9996131734351388
            ],
            [
                0.0,
                0.0,
                0.0,
                1.0879998129518426e-05,
                0.9999891200018705
            ]
        ],
        [
            [
                0.9999351165301651,
                6.488346983489965e-05,
                0.0,
                0.0,
                0.0
            ],
            [
                4.054634334883076e-11,
                0.9999999999594537,
                0.0,
                0.0,
                0.0
            ],
            [
                0.0,
                0.0,
                1.0,
                0.0,
                0.0
            ],
            [
                0.0,
                0.0,
                1.7568828643216152e-08,
                0.9999999824311713,
                0.0
            ],
            [
                0.0,
                0.0,
                0.0,
                1.22923733897565e-08,
                0.9999999877076265
            ]
        ],
        [
            [
                0.99671234218555,
                0.003287657814449968,
                0.0,
                0.0,
                0.0
            ],
            [
                5.326241195468726e-06,
                0.9999946737588046,
                0.0,
                0.0,
                0.0
            ],
            [
                0.0,
                3.9046974166559276e-13,
                0.9999999999996095,
                0.0,
                0.0
            ],
            [
                0.0,
                0.0,
                0.0,
                0.0007898633611239568,
                0.9992101366388761
            ],
            [
                0.0,
                0.0,
                0.0,
                0.0,
                1.0
            ]
        ],
        [
            [
                0.9999998952233693,
                1.0477663069812406e-07,
                0.0,
                0.0,
                0.0
            ],
            [
                1.2292373389756501e-08,
                0.9999999877076267,
                0.0,
                0.0,
                0.0
            ],
            [
                0.0,
                6.798725350717807e-12,
                0.9999999999932013,
                0.0,
                0.0
            ],
            [
                0.0,
                0.0,
                0.0,
                0.6713476939612555,
                0.3286523060387446
            ],
            [
                0.0,
                0.0,
                0.0,
                0.0,
                1.0
            ]
        ],
        [
            [
                0.9988714808900239,
                0.0011285191099760217,
