{
    "[['A', 'B', 'C', 'D', 'E'], ['A', 'B', 'C', 'D', 'E']]": [
        [
            [
                0.9999993751249483,
                6.248750516725772e-07,
                0.0,
                0.0,
                0.0
            ],
            [
                2.2224641439987974e-05,
                0.99997777535856,
                0.0,
                0.0,
                0.0
            ],
            [
                0.0,
                2.7319937304524693e-13,
                0.9999999999997268,
                0.0,
                0.0
            ],
            [
                0.0,
                0.0,
                0.0,
                0.1050002777452858,
                0.8949997222547144
            ],
            [
                0.0,
                0.0,
                0.0,
                0.0,
                1.0
            ]
        ],
        [
            [
                0.9999999913993386,
                8.600661394076882e-09,
                0.0,
                0.0,
                0.0
            ],
            [
                0.0016121493838864615,
                0.9983878506161136,
                0.0,
                0.0,
                0.0
            ],
            [
                0.0,
                0.0,
                1.0,
                0.0,
                0.0
            ],
            [
                0.0,
                0.0,
                1.2764416097586036e-06,
                0.9999987235583903,
                0.0
            ],
            [
                0.0,
                0.0,
                0.0,
                0.01357681659139575,
                0.9864231834086042
            ]
        ],
        [
            [
                0.9999993751247334,
                6.248752665612992e-07,
                0.0,
                0.0,
                0.0
            ],
            [
                8.931001915136862e-07,
                0.9999991068998085,
                0.0,
                0.0,
                0.0
            ],
            [
                0.0,
                0.0,
                1.0,
                0.0,
                0.0
            ],
            [
                0.0,
                0.0,
                1.0879828946038551e-05,
                0.9999735702161862,
                1.5549954867813633e-05
            ],
            [
                0.0,
                0.0,
                0.0,
                0.0,
                1.0
            ]
        ],
        [
            [
                0.9999999996543939,
                3.4560618521121656e-10,
                0.0,
                0.0,
                0.0
            ],
            [
                6.248749435735392e-07,
                0.9999993751250564,
                0.0,
                0.0,
                0.0
            ],
            [
                0.0,
                0.0,
                1.0,
                0.0,
                0.0
            ],
            [
                0.0,
                0.0,
                0.9996131730663748,
                0.0003868269336252257,
                0.0
            ],
            [
                0.0,
                0.0,
                0.0,
                0.05431343407766356,
                0.9456865659223365
            ]
        ],
        [
            [
                1.0,
                0.0,
                0.0,
                0.0,
                0.0
            ],
            [
                0.003287658620126206,
                0.9967123413798739,
                0.0,
                0.0,
                0.0
            ],
            [
                0.0,
                0.0,
                1.0,
                0.0,
                0.0
            ],
            [
                0.0,
                0.0,
                0.0,
                0.00013252938724938622,
                0.9998674706127506
            ],
            [
                0.0,
                0.0,
                0.0,
                4.5397868702434395e-05,
                0.9999546021312976
            ]
        ],
        [
            [
                0.9864230682599242,
                0.013576931740075827,
                0.0,
                0.0,
                0.0
            ],
            [
                0.006692850131774789,
                0.9933071498682252,
                0.0,
                0.0,
                0.0
            ],
            [
                0.0,
                0.0,
                1.0,
                0.0,
                0.0
            ],
            [
                0.0,
                0.0,
                0.99671234218555,
                0.0032876578144499674,
                0.0
            ],
            [
                0.0,
                0.0,
                0.0,
                0.0,
                1.0
            ]
        ],
        [
            [
                0.9999999824311546,
                1.7568845398164497e-08,
                0.0,
                0.0,
                0.0
            ],
            [
                0.10500100592425875,
                0.8949989940757412,
                0.0,
                0.0,
                0.0
            ],
            [
                0.0,
                0.0,
                1.0,
                0.0,
                0.0
            ],
            [
                0.0,
                0.0,
                0.00038682693362522563,
                0.9996131730663748,
                0.0
            ],
            [
                0.0,
                0.0,
                0.0,
                0.0,
                1.0
            ]
        ],
        [
            [
                0.9999999641116156,
                3.588838436005516e-08,
                0.0,
                0.0,
                0.0
            ],
            [
                1.0880003317450606e-05,
                0.9999891199966825,
                0.0,
                0.0,
                0.0
            ],
            [
                0.0,
                0.0,
                1.0,
                0.0,
                0.0
            ],
            [
                0.0,
                0.0,
                0.0,
                0.9933071490757152,
                0.006692850924284855
            ],
            [
                0.0,
                0.0,
                0.0,
                3.05902810388197e-07,
                0.9999996940971896
            ]
        ],
        [
            [
                0.9983878511437652,
                0.001612148856234822,
                0.0,
                0.0,
                0.0
            ],
            [
                0.6713476939612554,
                0.3286523060387446,
                0.0,
                0.0,
                0.0
            ],
            [
                0.0,
                1.9115079192095963e-13,
                0.9999999999998088,
                0.0,
                0.0
            ],
            [
                0.0,
                0.0,
                5.3262716723901805e-06,
                0.9999946737283277,
                0.0
            ],
            [
                0.0,
                0.0,
                0.0,
                3.588812074025062e-08,
                0.9999999641118793
            ]
        ],
        [
            [
                0.9997293157283401,
                0.0002706842716598007,
                0.0,
                0.0,
                0.0
            ],
            [
                1.0879998129518428e-05,
                0.9999891200018705,
                0.0,
                0.0,
                0.0
            ],
            [
                0.0,
                0.0,
                1.0,
                0.0,
                0.0
            ],
            [
                0.0,
                0.0,
                0.9999999913993337,
                8.600666284177194e-09,
                0.0
            ],
            [
                0.0,
                0.0,
                0.0,
                1.2764501309432264e-06,
                0.999998723549869
            ]
        ],
        [
            [
                0.9999973925613922,
                2.607438607727485e-06,
                0.0,
                0.0,
                0.0
            ],
            [
                3.176396688088195e-05,
                0.9999682360331191,
                0.0,
                0.0,
                0.0
            ],
            [
                0.0,
                0.0,
                1.0,
                0.0,
                0.0
            ],
            [
                0.0,
                0.0,
                3.165951094120306e-05,
                0.9966807867602474,
                0.0032875537288114204
            ],
            [
                0.0,
                0.0,
                0.0,
                6.248752415370164e-07,
                0.9999993751247586
            ]
        ],
        [
            [
                0.9999351165417665,
                6.488345823358496e-05,
                0.0,
                0.0,
                0.0
            ],
            [
                2.2224633926669593e-05,
                0.9999777753660734,
                0.0,
                0.0,
                0.0
            ],
            [
                0.0,
                0.0,
                1.0,
                0.0,
                0.0
            ],
            [
                0.0,
                0.0,
                1.0,
                0.0,
                0.0
            ],
            [
                0.0,
                0.0,
                0.0,
                3.05902810388197e-07,
                0.9999996940971897
            ]
        ],
        [
            [
                0.999999926690357,
                7.330964298137702e-08,
                0.0,
                0.0,
                0.0
            ],
            [
                0.054313042206704805,
                0.9456869577932951,
                0.0,
                0.0,
                0.0
            ],
            [
                0.0,
                0.0,
                1.0,
                0.0,
                0.0
            ],
            [
                0.0,
                0.0,
                2.1403190267637453e-07,
                0.9999997859680972,
                0.0
            ],
            [
                0.0,
                0.0,
                0.0,
                6.488346983489965e-05,
                0.999935116530165
            ]
        ],
        [
            [
                0.9999999748900031,
                2.510999691361708e-08,
                0.0,
                0.0,
                0.0
            ],
            [
                1.8243460977357672e-06,
                0.9999981756539023,
                0.0,
                0.0,
                0.0
            ],
            [
                0.0,
                0.0,
                1.0,
                0.0,
                0.0
            ],
            [
                0.0,
                0.0,
                0.9999999999952432,
                4.75685670931887e-12,
                0.0
            ],
            [
                0.0,
                0.0,
                0.0,
                0.00013252938724938622,
                0.9998674706127506
            ]
        ],
        [
            [
                0.9999999970541247,
                2.945875251002743e-09,
                0.0,
                0.0,
                0.0
            ],
            [
                0.00018940628889547762,
                0.9998105937111045,
                0.0,
                0.0,
                0.0
            ],
            [
                0.0,
                0.0,
                1.0,
                0.0,
                0.0
            ],
            [
                0.0,
                0.0,
                0.0,
                1.0,
                0.0
            ],
            [
                0.0,
                0.0,
                0.0,
                1.497517439986371e-07,
                0.999999850248256
            ]
        ],
        [
            [
                0.9999999996543939,
                3.456061024756467e-10,
                0.0,
                0.0,
                0.0
            ],
            [
                0.8949997222547142,
                0.10500027774528577,
                0.0,
                0.0,
                0.0
            ],
            [
                0.0,
                0.0,
                1.0,
                0.0,
                0.0
            ],
            [
                0.0,
                0.0,
                1.8243466618209873e-06,
                0.9999981756533383,
                0.0
            ],
            [
                0.0,
                0.0,
                0.0,
                0.001128526635177019,
                0.9988714733648228
            ]
        ],
        [
            [
                0.9999999999952431,
                4.7568895990000825e-12,
                0.0,
                0.0,
                0.0
            ],
            [
                0.0016121490481081251,
                0.9983878509518919,
                0.0,
                0.0,
                0.0
            ],
            [
                0.0,
                0.0,
                1.0,
                0.0,
                0.0
            ],
            [
                0.0,
                0.0,
                1.0,
                0.0,
                0.0
            ],
            [
                0.0,
                0.0,
                0.0,
                0.004692250872689785,
                0.9953077491273102
            ]
        ],
        [
            [
                1.0,
                0.0,
                0.0,
                0.0,
                0.0
            ],
            [
                0.5,
                0.5,
                0.0,
                0.0,
                0.0
            ],
            [
                0.0,
                0.0,
                1.0,
                0.0,
                0.0
            ],
            [
                0.0,
                0.0,
                0.0,
                0.999210136638876,
                0.0007898633611239568
            ],
            [
                0.0,
                0.0,
                0.0,
                1.0477673062094291e-07,
                0.9999998952232695
            ]
        ],
        [
            [
                0.9999996940978033,
                3.059021967269086e-07,
                0.0,
                0.0,
                0.0
            ],
            [
                1.276449869410486e-06,
                0.9999987235501305,
                0.0,
                0.0,
                0.0
            ],
            [
                0.0,
                1.2879622734645088e-15,
                0.9999999999999987,
                0.0,
                0.0
            ],
            [
                0.0,
                0.0,
                1.2764501309432266e-06,
                0.9999987235498691,
                0.0
            ],
            [
                0.0,
                0.0,
                0.0,
                8.930935507375784e-07,
                0.9999991069064493
            ]
        ],
        [
            [
                0.9999993751250948,
                6.24874905164195e-07,
                0.0,
                0.0,
                0.0
            ],
            [
                1.1837786652323109e-10,
                0.9999999998816221,
                0.0,
                0.0,
                0.0
            ],
            [
                0.0,
                3.76027007321255e-15,
                0.9999999999999962,
                0.0,
                0.0
            ],
            [
                0.0,
                0.0,
                4.539791199527094e-05,
                0.9999546020880047,
                0.0
            ],
            [
                0.0,
                0.0,
                0.0,
                0.0,
                1.0
            ]
        ],
        [
            [
                0.9999995627903135,
                4.372096864745805e-07,
                0.0,
                0.0,
                0.0
            ],
            [
                4.539782540963913e-05,
                0.9999546021745904,
                0.0,
                0.0,
                0.0
            ],
            [
                0.0,
                0.0,
                1.0,
                0.0,
                0.0
            ],
            [
                0.0,
                0.0,
                0.0,
                0.9999995627937782,
                4.3720622176754196e-07
            ],
            [
                0.0,
                0.0,
                0.0,
                0.05431338509364796,
                0.9456866149063521
            ]
        ],
        [
            [
                0.999996273360695,
                3.7266393050107037e-06,
                0.0,
                0.0,
                0.0
            ],
            [
                3.1764209213943854e-05,
                0.999968235790786,
                0.0,
                0.0,
                0.0
            ],
            [
                0.0,
                0.0,
                1.0,
                0.0,
                0.0
            ],
            [
                0.0,
                0.0,
                0.0,
                0.5,
                0.5
            ],
            [
                0.0,
                0.0,
                0.0,
                0.0,
                1.0
            ]
        ],
        [
            [
                0.9999999999801508,
                1.9849146353247196e-11,
                0.0,
                0.0,
                0.0
            ],
            [
                6.798713193660393e-12,
                0.9999999999932013,
                0.0,
                0.0,
                0.0
            ],
            [
                0.0,
                0.0,
                1.0,
                0.0,
                0.0
            ],
            [
                0.0,
                0.0,
                0.9996131704850167,
                0.00038682951498329374,
                0.0
            ],
            [
                0.0,
                0.0,
                0.0,
                4.210378871751381e-09,
                0.9999999957896212
            ]
        ],
        [
            [
                0.9999999748899971,
                2.5110002900307427e-08,
                0.0,
                0.0,
                0.0
            ],
            [
                0.19332102986239882,
                0.8066789701376011,
                0.0,
                0.0,
                0.0
            ],
            [
                0.0,
                0.0,
                1.0,
                0.0,
                0.0
            ],
            [
                0.0,
                0.0,
                0.19332102986239885,
                0.8066789701376011,
                0.0
            ],
            [
                0.0,
                0.0,
                0.0,
                6.017616609333706e-09,
                0.9999999939823834
            ]
        ],
        [
            [
                0.9999999989909796,
                1.0090204264441418e-09,
                0.0,
                0.0,
                0.0
            ],
            [
                7.612423954876088e-06,
                0.9999923875760451,
                0.0,
                0.0,
                0.0
            ],
            [
                0.0,
                0.0,
                1.0,
                0.0,
                0.0
            ],
            [
                0.0,
                0.0,
                2.9458989139608285e-09,
                0.9999999970541011,
                0.0
            ],
            [
                0.0,
                0.0,
                0.0,
                0.32865230603874457,
                0.6713476939612554
            ]
        ],
        [
            [
                0.9999997859678587,
                2.140321412777494e-07,
                0.0,
                0.0,
                0.0
            ],
            [
                0.054313045268186345,
                0.9456869547318136,
                0.0,
                0.0,
                0.0
            ],
            [
                0.0,
                4.5809372232933847e-14,
                0.9999999999999543,
                0.0,
                0.0
            ],
            [
                0.0,
                0.0,
                0.999999982431163,
                1.7568837020688324e-08,
                0.0
            ],
            [
                0.0,
                0.0,
                0.0,
                5.129247251369456e-08,
                0.9999999487075275
            ]
        ],
        [
            [
                0.9999999824311616,
                1.7568838382846046e-08,
                0.0,
                0.0,
                0.0
            ],
            [
                0.002302547354957752,
                0.9976974526450423,
                0.0,
                0.0,
                0.0
            ],
            [
                0.0,
                0.0,
                1.0,
                0.0,
                0.0
            ],
            [
                0.0,
                0.0,
                0.0,
                0.0016121492399814516,
                0.9983878507600186
            ],
            [
                0.0,
                0.0,
                0.0,
                1.0879998129518426e-05,
                0.9999891200018705
            ]
        ],
        [
            [
                0.9999999999420491,
                5.795086861606384e-11,
                0.0,
                0.0,
                0.0
            ],
            [
                0.00018940617602194857,
                0.9998105938239781,
                0.0,
                0.0,
                0.0
            ],
            [
                0.0,
                0.0,
                1.0,
                0.0,
                0.0
            ],
            [
                0.0,
                0.0,
                0.0,
                0.9983878384800783,
                0.0016121615199217517
            ],
            [
                0.0,
                0.0,
                0.0,
                0.0,
                1.0
            ]
        ],
        [
            [
                0.9999998502482695,
                1.4975173047032328e-07,
                0.0,
                0.0,
                0.0
            ],
            [
                0.5,
                0.5,
                0.0,
                0.0,
                0.0
            ],
            [
                0.0,
                3.9046946237996954e-13,
                0.9999999999996094,
                0.0,
                0.0
            ],
            [
                0.0,
                0.0,
                4.3720580481557844e-07,
                0.9999995627941952,
                0.0
            ],
            [
                0.0,
                0.0,
                0.0,
                4.5397868702434395e-05,
                0.9999546021312975
            ]
        ],
        [
            [
                0.9999999641119135,
                3.588808651468915e-08,
                0.0,
                0.0,
                0.0
            ],
            [
                4.53978470560316e-05,
                0.999954602152944,
                0.0,
                0.0,
                0.0
            ],
            [
                0.0,
                0.0,
                1.0,
                0.0,
                0.0
            ],
            [
                0.0,
                0.0,
                0.8066789701376011,
                0.19332102986239882,
                0.0
            ],
            [
                0.0,
                0.0,
                0.0,
                3.7266392841865614e-06,
                0.999996273360716
            ]
        ],
        [
            [
                0.9999999998308101,
                1.691898729088868e-10,
                0.0,
                0.0,
                0.0
            ],
            [
                0.05431343407766355,
                0.9456865659223364,
                0.0,
                0.0,
                0.0
            ],
            [
                0.0,
                0.0,
                1.0,
                0.0,
                0.0
            ],
            [
                0.0,
                0.0,
                1.2292379251218218e-08,
                0.9999999877076207,
                0.0
            ],
            [
                0.0,
                0.0,
                0.0,
                0.001128526635177019,
                0.9988714733648228
            ]
        ],
        [
            [
                0.9999999641119287,
                3.588807131540853e-08,
                0.0,
                0.0,
                0.0
            ],
            [
                0.9864230748455766,
                0.013576925154423443,
                0.0,
                0.0,
                0.0
            ],
            [
                0.0,
                7.68120056468385e-15,
                0.9999999999999923,
                0.0,
                0.0
            ],
            [
                0.0,
                0.0,
                0.1933210298623988,
                0.8066789701376011,
                0.0
            ],
            [
                0.0,
                0.0,
                0.0,
                0.0,
                1.0
            ]
        ],
        [
            [
                0.9999991069061731,
                8.930938268810917e-07,
                0.0,
                0.0,
                0.0
            ],
            [
                0.003287658205080847,
                0.9967123417949192,
                0.0,
                0.0,
                0.0
            ],
            [
                0.0,
                0.0,
                1.0,
                0.0,
                0.0
            ],
            [
                0.0,
                0.0,
                0.0,
                0.9998105936433803,
                0.00018940635661962728
            ],
            [
                0.0,
                0.0,
                0.0,
                0.0,
                1.0
            ]
        ],
        [
            [
                0.9999973925615089,
                2.6074384911662025e-06,
                0.0,
                0.0,
                0.0
            ],
            [
                4.539785246763133e-05,
                0.9999546021475323,
                0.0,
                0.0,
                0.0
            ],
            [
                0.0,
                3.7602696249534524e-15,
                0.9999999999999962,
                0.0,
                0.0
            ],
            [
                0.0,
                0.0,
                0.0,
                0.9456865659223365,
                0.05431343407766355
            ],
            [
                0.0,
                0.0,
                0.0,
                0.0,
                1.0
            ]
        ],
        [
            [
                0.9999999995060433,
                4.939567604350613e-10,
                0.0,
                0.0,
                0.0
            ],
            [
                2.2224659985269556e-05,
                0.9999777753400148,
                0.0,
                0.0,
                0.0
            ],
            [
                0.0,
                0.0,
                1.0,
                0.0,
                0.0
            ],
            [
                0.0,
                0.0,
                0.6713476939612554,
                0.3286523060387446,
                0.0
            ],
            [
                0.0,
                0.0,
                0.0,
                0.05431343407766354,
                0.9456865659223364
            ]
        ],
        [
            [
                0.9999999877076354,
                1.2292364650427445e-08,
                0.0,
                0.0,
                0.0
            ],
            [
                0.05431309119042892,
                0.9456869088095712,
                0.0,
                0.0,
                0.0
            ],
            [
                0.0,
                1.9115081613209566e-13,
                0.9999999999998088,
                0.0,
                0.0
            ],
            [
                0.0,
                0.0,
                0.0,
                0.9953077491273101,
                0.004692250872689785
            ],
            [
                0.0,
                0.0,
                0.0,
                1.8243466618209875e-06,
                0.9999981756533383
            ]
        ],
        [
            [
                0.9999993751246927,
                6.24875307298506e-07,
                0.0,
                0.0,
                0.0
            ],
            [
                1.8243484016511983e-06,
                0.9999981756515983,
                0.0,
                0.0,
                0.0
            ],
            [
                0.0,
                0.0,
                1.0,
                0.0,
                0.0
            ],
            [
                0.0,
                0.0,
                2.2224617596077248e-05,
                0.9999777753824038,
                0.0
            ],
            [
                0.0,
                0.0,
                0.0,
                0.0,
                1.0
            ]
        ],
        [
            [
                0.0273468384356367,
                0.9726531615643633,
                0.0,
                0.0,
                0.0
            ],
            [
                0.0007898636433780391,
                0.9992101363566219,
                0.0,
                0.0,
                0.0
            ],
            [
                0.0,
                0.0,
                1.0,
                0.0,
                0.0
            ],
            [
                0.0,
                0.0,
                0.003287657814449968,
                0.99671234218555,
                0.0
            ],
            [
                0.0,
                0.0,
                0.0,
                0.0,
                1.0
            ]
        ],
        [
            [
                0.9999981756534504,
                1.82434654968355e-06,
                0.0,
                0.0,
                0.0
            ],
            [
                0.10500099472147156,
                0.8949990052785285,
                0.0,
                0.0,
                0.0
            ],
            [
                0.0,
                0.0,
                1.0,
                0.0,
                0.0
            ],
            [
                0.0,
                0.0,
                0.0,
                0.9999999939823317,
                6.017668259172707e-09
            ],
            [
                0.0,
                0.0,
                0.0,
                0.0,
                1.0
            ]
        ],
        [
            [
                0.9999999877076198,
                1.2292380204278422e-08,
                0.0,
                0.0,
                0.0
            ],
            [
                1.088000088560709e-05,
                0.9999891199991144,
                0.0,
                0.0,
                0.0
            ],
            [
                0.0,
                0.0,
                1.0,
                0.0,
                0.0
            ],
            [
                0.0,
                0.0,
                2.2224628193367746e-05,
                0.9999777753718067,
                0.0
            ],
            [
                0.0,
                0.0,
                0.0,
                0.0,
                1.0
            ]
        ],
        [
            [
                0.9999999999594535,
                4.054643276869388e-11,
                0.0,
                0.0,
                0.0
            ],
            [
                0.006692850131774789,
                0.9933071498682252,
                0.0,
                0.0,
                0.0
            ],
            [
                0.0,
                2.2425800068573884e-14,
                0.9999999999999775,
                0.0,
                0.0
            ],
            [
                0.0,
                0.0,
                0.0,
                0.9994472213630764,
                0.0005527786369235994
            ],
            [
                0.0,
                0.0,
                0.0,
                0.00013252938724938625,
                0.9998674706127506
            ]
        ],
        [
            [
                0.9999962733600772,
                3.726639922793642e-06,
                0.0,
                0.0,
                0.0
            ],
            [
                7.331020229165886e-08,
                0.9999999266897978,
                0.0,
                0.0,
                0.0
            ],
            [
                0.0,
                0.0,
                1.0,
                0.0,
                0.0
            ],
            [
                0.0,
                0.0,
                0.0,
                0.5,
                0.5
            ],
            [
                0.0,
                0.0,
                0.0,
                4.3720955739756547e-07,
                0.9999995627904427
            ]
        ],
        [
            [
                0.9999998502481952,
                1.497518048063307e-07,
                0.0,
                0.0,
                0.0
            ],
            [
                0.0003868264841941077,
                0.9996131735158059,
                0.0,
                0.0,
                0.0
            ],
            [
                0.0,
                0.0,
                0.9999999999996095,
                3.904662040624603e-13,
                0.0
            ],
            [
                0.0,
                0.0,
                0.9999999999983707,
                1.6293135578753195e-12,
                0.0
            ],
            [
                0.0,
                0.0,
                0.0,
                1.5550124050503392e-05,
                0.9999844498759495
            ]
        ],
        [
            [
                0.9999998502482477,
                1.4975175222719968e-07,
                0.0,
                0.0,
                0.0
            ],
            [
                0.05431342642390837,
                0.9456865735760915,
                0.0,
                0.0,
                0.0
            ],
            [
                0.0,
                0.0,
                1.0,
                0.0,
                0.0
            ],
            [
                0.0,
                0.0,
                0.0,
                0.9999682358210777,
                3.176417892221002e-05
            ],
            [
                0.0,
                0.0,
                0.0,
                0.0,
                1.0
            ]
        ],
        [
            [
                0.9999995627939713,
                4.372060287643376e-07,
                0.0,
                0.0,
                0.0
            ],
            [
                7.61242758473593e-06,
                0.9999923875724154,
                0.0,
                0.0,
                0.0
            ],
            [
                0.0,
                0.0,
                1.0,
                0.0,
                0.0
            ],
            [
                0.0,
                0.0,
                0.054313042206704805,
                0.9456869577932951,
                0.0
            ],
            [
                0.0,
                0.0,
                0.0,
                1.7568828643216152e-08,
                0.9999999824311713
            ]
        ],
        [
            [
                0.9999999877076265,
                1.22923733897565e-08,
                0.0,
                0.0,
                0.0
            ],
            [
                0.00018940635661962734,
                0.9998105936433804,
                0.0,
                0.0,
                0.0
            ],
            [
                0.0,
                0.0,
                1.0,
                0.0,
                0.0
            ],
            [
                0.0,
                0.0,
                0.6713476939612554,
                0.3286523060387446,
                0.0
            ],
            [
                0.0,
                0.0,
                0.0,
                7.612485662728743e-06,
                0.9999923875143373
            ]
        ],
        [
            [
                0.9999999998308102,
                1.6918969139794527e-10,
                0.0,
                0.0,
                0.0
            ],
            [
                2.2224639287411653e-05,
                0.9999777753607125,
                0.0,
                0.0,
                0.0
            ],
            [
                0.0,
                0.0,
                1.0,
                0.0,
                0.0
            ],
            [
                0.0,
                0.0,
                0.0,
                0.8949997222547141,
                0.10500027774528577
            ],
            [
                0.0,
                0.0,
                0.0,
                0.0,
                1.0
            ]
        ],
        [
            [
                0.9999987235499832,
                1.2764500168198423e-06,
                0.0,
                0.0,
                0.0
            ],
            [
                4.054644001896169e-11,
                0.9999999999594537,
                0.0,
                0.0,
                0.0
            ],
            [
                0.0,
                0.0,
                1.0,
                0.0,
                0.0
            ],
            [
                0.0,
                0.0,
                0.10500027774528578,
                0.8949997222547142,
                0.0
            ],
            [
                0.0,
                0.0,
                0.0,
                0.0,
                1.0
            ]
        ],
        [
            [
                0.9999999999594535,
                4.054639168386742e-11,
                0.0,
                0.0,
                0.0
            ],
            [
                0.0066928509242848554,
                0.9933071490757152,
                0.0,
                0.0,
                0.0
            ],
            [
                0.0,
                0.0,
                1.0,
                0.0,
                0.0
            ],
            [
                0.0,
                0.0,
                0.0,
                0.00018940635661962728,
                0.9998105936433803
            ],
            [
                0.0,
                0.0,
                0.0,
                0.0,
                1.0
            ]
        ],
        [
            [
                0.99999999899098,
                1.0090200235377714e-09,
                0.0,
                0.0,
                0.0
            ],
            [
                0.05431343407766354,
                0.9456865659223364,
                0.0,
                0.0,
                0.0
            ],
            [
                0.0,
                0.0,
                1.0,
