{
    "[['A', 'B', 'C', 'D', 'E'], ['A', 'B', 'C', 'D', 'E']]": [
        [
            [
                0.99671234218555,
                0.0032876578144499674,
                0.0,
                0.0,
                0.0
            ],
            [
                6.017616609333705e-09,
                0.9999999939823834,
                0.0,
                0.0,
                0.0
            ],
            [
                0.0,
                0.0,
                1.0,
                0.0,
                0.0
            ],
            [
                0.0,
                0.0,
                0.0,
                1.0,
                0.0
            ],
            [
                0.0,
                0.0,
                0.0,
                9.273116672552028e-05,
                0.9999072688332744
            ]
        ],
        [
            [
                0.999999974890009,
                2.510999092692816e-08,
                0.0,
                0.0,
                0.0
            ],
            [
                8.282544039286566e-11,
                0.9999999999171746,
                0.0,
                0.0,
                0.0
            ],
            [
                0.0,
                0.0,
                1.0,
                0.0,
                0.0
            ],
            [
                0.0,
                0.0,
                0.0,
                0.9999072688332745,
                9.273116672552029e-05
            ],
            [
                0.0,
                0.0,
                0.0,
                3.05902810388197e-07,
                0.9999996940971897
            ]
        ],
        [
            [
                0.9726533581561636,
                0.02734664184383643,
                0.0,
                0.0,
                0.0
            ],
            [
                2.607438607727485e-06,
                0.9999973925613922,
                0.0,
                0.0,
                0.0
            ],
            [
                0.0,
                0.0,
                1.0,
                0.0,
                0.0
            ],
            [
                0.0,
                0.0,
                0.0,
                0.001128526635177019,
                0.9988714733648228
            ],
            [
                0.0,
                0.0,
                0.0,
                3.176396688088195e-05,
                0.9999682360331191
            ]
        ],
        [
            [
                0.9999999989909796,
                1.0090204264441418e-09,
                0.0,
                0.0,
                0.0
            ],
            [
                3.456092748280354e-10,
                0.9999999996543908,
                0.0,
                0.0,
                0.0
            ],
            [
                0.0,
                0.0,
                1.0,
                0.0,
                0.0
            ],
            [
                0.0,
                0.0,
                0.0,
                0.9999072688332744,
                9.273116672552029e-05
            ],
            [
                0.0,
                0.0,
                0.0,
                0.5,
                0.5
            ]
        ],
        [
            [
                0.9997293157444699,
                0.0002706842555301286,
                0.0,
                0.0,
                0.0
            ],
            [
                0.9456869577932951,
                0.05431304220670481,
                0.0,
                0.0,
                0.0
            ],
            [
                0.0,
                0.0,
                1.0090204264441416e-09,
                0.9999999989909795,
                0.0
            ],
            [
                0.0,
                0.0,
                0.0,
                1.0,
                0.0
            ],
            [
                0.0,
                0.0,
                0.0,
                1.088007076079407e-05,
                0.9999891199292392
            ]
        ],
        [
            [
                0.9999993751247584,
                6.248752415370164e-07,
                0.0,
                0.0,
                0.0
            ],
            [
                2.4181226406430314e-10,
                0.9999999997581878,
                0.0,
                0.0,
                0.0
            ],
            [
                0.0,
                0.0,
                0.0,
                0.9999998952225699,
                1.0477743008334296e-07
            ],
            [
                0.0,
                0.0,
                0.0,
                0.01357693154051056,
                0.9864230684594896
            ],
            [
                0.0,
                0.0,
                0.0,
                0.0002706842555301286,
                0.99972931574447
            ]
        ],
        [
            [
                0.9999999913993932,
                8.600606818182875e-09,
                0.0,
                0.0,
                0.0
            ],
            [
                0.013576918768339292,
                0.9864230812316608,
                0.0,
                0.0,
                0.0
            ],
            [
                0.0,
                0.0,
                1.0,
                0.0,
                0.0
            ],
            [
                0.0,
                0.0,
                0.0,
                0.9999987235498691,
                1.2764501309432268e-06
            ],
            [
                0.0,
                0.0,
                0.0,
                4.372062217675421e-07,
                0.9999995627937783
            ]
        ],
        [
            [
                0.9999891200018705,
                1.0879998129518424e-05,
                0.0,
                0.0,
                0.0
            ],
            [
                0.10500027774528578,
                0.8949997222547142,
                0.0,
                0.0,
                0.0
            ],
            [
                0.0,
                0.0,
                1.0,
                0.0,
                0.0
            ],
            [
                0.0,
                0.0,
                0.0,
                0.99972931574447,
                0.0002706842555301286
            ],
            [
                0.0,
                0.0,
                0.0,
                1.8243466618209871e-06,
                0.9999981756533382
            ]
        ],
        [
            [
                0.9999999970541321,
                2.9458680104135526e-09,
                0.0,
                0.0,
                0.0
            ],
            [
                0.05431343407766355,
                0.9456865659223365,
                0.0,
                0.0,
                0.0
            ],
            [
                0.0,
                0.0,
                1.0,
                0.0,
                0.0
            ],
            [
                0.0,
                0.0,
                0.0,
                0.8949990052785285,
                0.10500099472147156
            ],
            [
                0.0,
                0.0,
                0.0,
                1.0879998129518426e-05,
                0.9999891200018705
            ]
        ],
        [
            [
                0.9999996940977731,
                3.059022269256247e-07,
                0.0,
                0.0,
                0.0
            ],
            [
                0.6713476939612554,
                0.3286523060387446,
                0.0,
                0.0,
                0.0
            ],
            [
                0.0,
                1.0090203315320728e-09,
                0.9999999989909797,
                0.0,
                0.0
            ],
            [
                0.0,
                0.0,
                0.0,
                1.0,
                0.0
            ],
            [
                0.0,
                0.0,
                0.0,
                0.0,
                1.0
            ]
        ],
        [
            [
                0.9999777753612094,
                2.22246387906633e-05,
                0.0,
                0.0,
                0.0
            ],
            [
                0.05431343407766355,
                0.9456865659223365,
                0.0,
                0.0,
                0.0
            ],
            [
                0.0,
                0.0,
                3.58883603200948e-08,
                0.9999999641116396,
                0.0
            ],
            [
                0.0,
                0.0,
                0.0,
                0.9999844499945852,
                1.5550005414769383e-05
            ],
            [
                0.0,
                0.0,
                0.0,
                0.00013252938724938622,
                0.9998674706127505
            ]
        ],
        [
            [
                0.9999923875143374,
                7.612485662728743e-06,
                0.0,
                0.0,
                0.0
            ],
            [
                8.930935507375783e-07,
                0.9999991069064492,
                0.0,
                0.0,
                0.0
            ],
            [
                0.0,
                0.0,
                1.0,
                0.0,
                0.0
            ],
            [
                0.0,
                0.0,
                0.0,
                0.9999973925613923,
                2.6074386077274855e-06
            ],
            [
                0.0,
                0.0,
                0.0,
                1.2764403924511583e-06,
                0.9999987235596076
            ]
        ],
        [
            [
                0.9983878384800782,
                0.0016121615199217512,
                0.0,
                0.0,
                0.0
            ],
            [
                0.9998674706127506,
                0.00013252938724938622,
                0.0,
                0.0,
                0.0
            ],
            [
                0.0,
                0.0,
                1.0,
                0.0,
                0.0
            ],
            [
                0.0,
                0.0,
                0.0,
                0.9999973925613923,
                2.607438607727485e-06
            ],
            [
                0.0,
                0.0,
                0.0,
                2.5110014873692405e-08,
                0.999999974889985
            ]
        ],
        [
            [
                0.99999989522237,
                1.0477762993060061e-07,
                0.0,
                0.0,
                0.0
            ],
            [
                0.10500027774528578,
                0.8949997222547142,
                0.0,
                0.0,
                0.0
            ],
            [
                0.0,
                4.054645935301553e-11,
                0.9999999999594534,
                0.0,
                0.0
            ],
            [
                0.0,
                0.0,
                0.0,
                0.00013252938724938625,
                0.9998674706127506
            ],
            [
                0.0,
                0.0,
                0.0,
                0.0,
                1.0
            ]
        ],
        [
            [
                0.9999999979388445,
                2.0611555838604045e-09,
                0.0,
                0.0,
                0.0
            ],
            [
                4.756883928349167e-12,
                0.9999999999952431,
                0.0,
                0.0,
                0.0
            ],
            [
                0.0,
                0.0,
                1.0,
                0.0,
                0.0
            ],
            [
                0.0,
                0.0,
                0.0,
                0.0011285266351770192,
                0.998871473364823
            ],
            [
                0.0,
                0.0,
                0.0,
                1.0880081136730172e-05,
                0.9999891199188633
            ]
        ],
        [
            [
                0.9992101364507067,
                0.0007898635492933338,
                0.0,
                0.0,
                0.0
            ],
            [
                0.003287657814449967,
                0.9967123421855499,
                0.0,
                0.0,
                0.0
            ],
            [
                0.0,
                0.0,
                1.0,
                0.0,
                0.0
            ],
            [
                0.0,
                0.0,
                0.0,
                0.002302564881617554,
                0.9976974351183824
            ],
            [
                0.0,
                0.0,
                0.0,
                2.607436121087923e-06,
                0.9999973925638789
            ]
        ],
        [
            [
                0.99999989522237,
                1.0477762993060061e-07,
                0.0,
                0.0,
                0.0
            ],
            [
                1.3887947175915384e-11,
                0.999999999986112,
                0.0,
                0.0,
                0.0
            ],
            [
                0.0,
                0.0,
                1.0,
                0.0,
                0.0
            ],
            [
                0.0,
                0.0,
                0.0,
                0.9996131704850166,
                0.00038682951498329374
            ],
            [
                0.0,
                0.0,
                0.0,
                1.7568828643216152e-08,
                0.9999999824311714
            ]
        ],
        [
            [
                0.9996131733890433,
                0.0003868266109566779,
                0.0,
                0.0,
                0.0
            ],
            [
                1.442137298258815e-09,
                0.9999999985578628,
                0.0,
                0.0,
                0.0
            ],
            [
                0.0,
                0.0,
                1.0,
                0.0,
                0.0
            ],
            [
                0.0,
                0.0,
                0.0,
                0.10500027774528578,
                0.8949997222547142
            ],
            [
                0.0,
                0.0,
                0.0,
                1.555000541476938e-05,
                0.9999844499945852
            ]
        ],
        [
            [
                0.9999996940974814,
                3.0590251865677175e-07,
                0.0,
                0.0,
                0.0
            ],
            [
                0.9983878507600186,
                0.0016121492399814516,
                0.0,
                0.0,
                0.0
            ],
            [
                0.0,
                0.0,
                1.0,
                0.0,
                0.0
            ],
            [
                0.0,
                0.0,
                0.0,
                0.9999546021312977,
                4.53978687024344e-05
            ],
            [
                0.0,
                0.0,
                0.0,
                3.17639365893792e-05,
                0.9999682360634106
            ]
        ],
        [
            [
                0.9999999487071362,
                5.12928638456766e-08,
                0.0,
                0.0,
                0.0
            ],
            [
                0.5,
                0.5,
                0.0,
                0.0,
                0.0
            ],
            [
                0.0,
                0.0,
                0.999994673723248,
                5.3262767518940435e-06,
                0.0
            ],
            [
                0.0,
                0.0,
                0.0,
                0.3286539893903087,
                0.6713460106096912
            ],
            [
                0.0,
                0.0,
                0.0,
                1.497520296276509e-07,
                0.9999998502479703
            ]
        ],
        [
            [
                0.9999999266902172,
                7.330978280854743e-08,
                0.0,
                0.0,
                0.0
            ],
            [
                0.6713476939612554,
                0.3286523060387446,
                0.0,
                0.0,
                0.0
            ],
            [
                0.0,
                0.0,
                1.0,
                0.0,
                0.0
            ],
            [
                0.0,
                0.0,
                0.0,
                0.9864231706365277,
                0.01357682936347222
            ],
            [
                0.0,
                0.0,
                0.0,
                2.6074187146773864e-06,
                0.9999973925812853
            ]
        ],
        [
            [
                0.9999946737638841,
                5.326236115998773e-06,
                0.0,
                0.0,
                0.0
            ],
            [
                6.7987229193045864e-12,
                0.9999999999932013,
                0.0,
                0.0,
                0.0
            ],
            [
                0.0,
                0.0,
                0.0032876578144499674,
                0.99671234218555,
                0.0
            ],
            [
                0.0,
                0.0,
                0.0,
                0.8949997222547142,
                0.1050002777452858
            ],
            [
                0.0,
                0.0,
                0.0,
                1.0879998129518426e-05,
                0.9999891200018705
            ]
        ],
        [
            [
                0.999999998557871,
                1.4421290463066234e-09,
                0.0,
                0.0,
                0.0
            ],
            [
                6.798706709905328e-12,
                0.9999999999932013,
                0.0,
                0.0,
                0.0
            ],
            [
                0.0,
                0.0,
                1.0,
                0.0,
                0.0
            ],
            [
                0.0,
                0.0,
                0.0,
                0.00018940491184301798,
                0.999810595088157
            ],
            [
                0.0,
                0.0,
                0.0,
                0.013576931540510559,
                0.9864230684594895
            ]
        ],
        [
            [
                0.9999973925812853,
                2.6074187146773868e-06,
                0.0,
                0.0,
                0.0
            ],
            [
                5.326236115998772e-06,
                0.999994673763884,
                0.0,
                0.0,
                0.0
            ],
            [
                0.0,
                0.0,
                2.2224617596077248e-05,
                0.999977775382404,
                0.0
            ],
            [
                0.0,
                0.0,
                0.0,
                0.19332221965407181,
                0.8066777803459282
            ],
            [
                0.0,
                0.0,
                0.0,
                1.5550124050503392e-05,
                0.9999844498759496
            ]
        ],
        [
            [
                0.9999997859697302,
                2.1403026974912538e-07,
                0.0,
                0.0,
                0.0
            ],
            [
                4.5397868702434395e-05,
                0.9999546021312976,
                0.0,
                0.0,
                0.0
            ],
            [
                0.0,
                0.0,
                0.9999993751241625,
                6.248758374643969e-07,
                0.0
            ],
            [
                0.0,
                0.0,
                0.0,
                0.6713476939612554,
                0.3286523060387446
            ],
            [
                0.0,
                0.0,
                0.0,
                2.1403026974912535e-07,
                0.9999997859697302
            ]
        ],
        [
            [
                0.9999993751247584,
                6.248752415370164e-07,
                0.0,
                0.0,
                0.0
            ],
            [
                0.3286539893903087,
                0.6713460106096912,
                0.0,
                0.0,
                0.0
            ],
            [
                0.0,
                0.0,
                0.9864230684594895,
                0.013576931540510557,
                0.0
            ],
            [
                0.0,
                0.0,
                0.0,
                0.19332102986239882,
                0.8066789701376011
            ],
            [
                0.0,
                0.0,
                0.0,
                2.22246387906633e-05,
                0.9999777753612094
            ]
        ],
        [
            [
                0.9996131704850166,
                0.00038682951498329374,
                0.0,
                0.0,
                0.0
            ],
            [
                8.600672435855246e-09,
                0.9999999913993276,
                0.0,
                0.0,
                0.0
            ],
            [
                0.0,
                0.0,
                1.0,
                0.0,
                0.0
            ],
            [
                0.0,
                0.0,
                0.0,
                0.9999351170251527,
                6.488297484731643e-05
            ],
            [
                0.0,
                0.0,
                0.0,
                8.931003645205373e-07,
                0.9999991068996354
            ]
        ],
        [
            [
                0.9999981756533382,
                1.824346661820987e-06,
                0.0,
                0.0,
                0.0
            ],
            [
                0.003287657814449968,
                0.99671234218555,
                0.0,
                0.0,
                0.0
            ],
            [
                0.0,
                0.0,
                1.0,
                0.0,
                0.0
            ],
            [
                0.0,
                0.0,
                0.0,
                0.9998105936433803,
                0.00018940635661962728
            ],
            [
                0.0,
                0.0,
                0.0,
                0.0011285266351770192,
                0.998871473364823
            ]
        ],
        [
            [
                0.9999682360634107,
                3.176393658937921e-05,
                0.0,
                0.0,
                0.0
            ],
            [
                1.691899535849242e-10,
                0.99999999983081,
                0.0,
                0.0,
                0.0
            ],
            [
                0.0,
                9.357631892968243e-14,
                0.9999999999999064,
                0.0,
                0.0
            ],
            [
                0.0,
                0.0,
                0.0,
                0.8949990052785285,
                0.10500099472147158
            ],
            [
                0.0,
                0.0,
                0.0,
                1.2764403924511583e-06,
                0.9999987235596075
            ]
        ],
        [
            [
                0.9998105936433804,
                0.0001894063566196273,
                0.0,
                0.0,
                0.0
            ],
            [
                1.8243484016511985e-06,
                0.9999981756515984,
                0.0,
                0.0,
                0.0
            ],
            [
                0.0,
                0.0,
                1.0,
                0.0,
                0.0
            ],
            [
                0.0,
                0.0,
                0.0,
                1.0,
                0.0
            ],
            [
                0.0,
                0.0,
                0.0,
                1.8243466618209871e-06,
                0.9999981756533382
            ]
        ],
        [
            [
                0.9999981756529032,
                1.8243470967783843e-06,
                0.0,
                0.0,
                0.0
            ],
            [
                9.273116672552028e-05,
                0.9999072688332744,
                0.0,
                0.0,
                0.0
            ],
            [
                0.0,
                0.0,
                0.9999999641119477,
                3.588805228916033e-08,
                0.0
            ],
            [
                0.0,
                0.0,
                0.0,
                6.488346983489966e-05,
                0.9999351165301652
            ],
            [
                0.0,
                0.0,
                0.0,
                2.140304738643502e-07,
                0.9999997859695262
            ]
        ],
        [
            [
                0.9999995627904426,
                4.3720955739756536e-07,
                0.0,
                0.0,
                0.0
            ],
            [
                0.3286523060387446,
                0.6713476939612555,
                0.0,
                0.0,
                0.0
            ],
            [
                0.0,
                0.0,
                1.0,
                0.0,
                0.0
            ],
            [
                0.0,
                0.0,
                0.0,
                1.0879998129518428e-05,
                0.9999891200018706
            ],
            [
                0.0,
                0.0,
                0.0,
                1.555000541476938e-05,
                0.9999844499945852
            ]
        ],
        [
            [
                0.9999999989909796,
                1.009020426444142e-09,
                0.0,
                0.0,
                0.0
            ],
            [
                1.2292385112682736e-08,
                0.9999999877076149,
                0.0,
                0.0,
                0.0
            ],
            [
                0.0,
                0.0,
                1.0,
                0.0,
                0.0
            ],
            [
                0.0,
                0.0,
                0.0,
                1.0,
                0.0
            ],
            [
                0.0,
                0.0,
                0.0,
                1.2764403924511583e-06,
                0.9999987235596075
            ]
        ],
        [
            [
                0.9999891199188633,
                1.0880081136730172e-05,
                0.0,
                0.0,
                0.0
            ],
            [
                0.00018940491184301798,
                0.999810595088157,
                0.0,
                0.0,
                0.0
            ],
            [
                0.0,
                0.0,
                1.0,
                0.0,
                0.0
            ],
            [
                0.0,
                0.0,
                0.0,
                1.0,
                0.0
            ],
            [
                0.0,
                0.0,
                0.0,
                1.555012405050339e-05,
                0.9999844498759494
            ]
        ],
        [
            [
                0.32865227973641137,
                0.6713477202635887,
                0.0,
                0.0,
                0.0
            ],
            [
                2.8369079835304757e-11,
                0.9999999999716309,
                0.0,
                0.0,
                0.0
            ],
            [
                0.0,
                0.0,
                1.0,
                0.0,
                0.0
            ],
            [
                0.0,
                0.0,
                0.0,
                0.00018940635661962728,
                0.9998105936433803
            ],
            [
                0.0,
                0.0,
                0.0,
                0.00013252938724938622,
                0.9998674706127506
            ]
        ],
        [
            [
                0.9999546021312976,
                4.5397868702434395e-05,
                0.0,
                0.0,
                0.0
            ],
            [
                0.9726533581561636,
                0.02734664184383643,
                0.0,
                0.0,
                0.0
            ],
            [
                0.0,
                0.0,
                1.0,
                0.0,
                0.0
            ],
            [
                0.0,
                0.0,
                0.0,
                0.9998674706127506,
                0.00013252938724938622
            ],
            [
                0.0,
                0.0,
                0.0,
                0.0002706842555301286,
                0.99972931574447
            ]
        ],
        [
            [
                0.9999997859678933,
                2.1403210679315666e-07,
                0.0,
                0.0,
                0.0
            ],
            [
                0.8066789701376011,
                0.19332102986239885,
                0.0,
                0.0,
                0.0
            ],
            [
                0.0,
                0.0,
                1.0879998129518426e-05,
                0.9999891200018705,
                0.0
            ],
            [
                0.0,
                0.0,
                0.0,
                0.013576931540510555,
                0.9864230684594893
            ],
            [
                0.0,
                0.0,
                0.0,
                0.002302564881617554,
                0.9976974351183825
            ]
        ],
        [
            [
                0.9999998502479704,
                1.4975202962765091e-07,
                0.0,
                0.0,
                0.0
            ],
            [
                0.9864230684594895,
                0.01357693154051056,
                0.0,
                0.0,
                0.0
            ],
            [
                0.0,
                0.0,
                1.0,
                0.0,
                0.0
            ],
            [
                0.0,
                0.0,
                0.0,
                0.8066777803459282,
                0.1933222196540718
            ],
            [
                0.0,
                0.0,
                0.0,
                0.006692850924284855,
                0.9933071490757152
            ]
        ],
        [
            [
                0.9999999989909805,
                1.0090194641677363e-09,
                0.0,
                0.0,
                0.0
            ],
            [
                0.5,
                0.5,
                0.0,
                0.0,
                0.0
            ],
            [
                0.0,
                0.0,
                0.9999993751301218,
                6.248698782161653e-07,
                0.0
            ],
            [
                0.0,
                0.0,
                0.0,
                0.02734684477733055,
                0.9726531552226696
            ],
            [
                0.0,
                0.0,
                0.0,
                4.3720622176754196e-07,
                0.9999995627937781
            ]
        ],
        [
            [
                0.9999999641119135,
                3.588808651468916e-08,
                0.0,
                0.0,
                0.0
            ],
            [
                0.05431343407766355,
                0.9456865659223365,
                0.0,
                0.0,
                0.0
            ],
            [
                0.0,
                0.0,
                0.0,
                0.999994673763884,
                5.326236115998773e-06
            ],
            [
                0.0,
                0.0,
                0.0,
                2.607418714677387e-06,
                0.9999973925812854
            ],
            [
                0.0,
                0.0,
                0.0,
                2.1403210679315666e-07,
                0.9999997859678933
            ]
        ],
        [
            [
                0.9999682358210777,
                3.176417892221001e-05,
                0.0,
                0.0,
                0.0
            ],
            [
                7.059861906353214e-10,
                0.9999999992940137,
                0.0,
                0.0,
                0.0
            ],
            [
                0.0,
                0.0,
                1.0,
                0.0,
                0.0
            ],
            [
                0.0,
                0.0,
                0.0,
                0.9988714733648231,
                0.0011285266351770192
            ],
            [
                0.0,
                0.0,
                0.0,
                5.326236115998772e-06,
                0.999994673763884
            ]
        ],
        [
            [
                0.9999923875143373,
                7.612485662728743e-06,
                0.0,
                0.0,
                0.0
            ],
            [
                1.1837789474671718e-10,
                0.999999999881622,
                0.0,
                0.0,
                0.0
            ],
            [
                0.0,
                0.0,
                1.0,
                0.0,
                0.0
            ],
            [
                0.0,
                0.0,
                0.0,
                4.53978687024344e-05,
                0.9999546021312976
            ],
            [
                0.0,
                0.0,
                0.0,
                0.0,
                1.0
            ]
        ],
        [
            [
                0.9999981756533382,
                1.8243466618209873e-06,
                0.0,
                0.0,
                0.0
            ],
            [
                0.6713476939612554,
                0.3286523060387446,
                0.0,
                0.0,
                0.0
            ],
            [
                0.0,
                0.0,
                1.0,
                0.0,
                0.0
            ],
            [
                0.0,
                0.0,
                0.0,
                1.0,
                0.0
            ],
            [
                0.0,
                0.0,
                0.0,
                0.002302564881617554,
                0.9976974351183824
            ]
        ],
        [
            [
                0.9864231706365277,
                0.013576829363472218,
                0.0,
                0.0,
                0.0
            ],
            [
                1.7568677849400123e-08,
                0.9999999824313222,
                0.0,
                0.0,
                0.0
            ],
            [
                0.0,
                0.0,
                1.8243466618209873e-06,
                0.9999981756533383,
                0.0
            ],
            [
                0.0,
                0.0,
                0.0,
                0.9983878384800783,
                0.0016121615199217517
            ],
            [
                0.0,
                0.0,
                0.0,
                2.6074187146773868e-06,
                0.9999973925812853
            ]
        ],
        [
            [
                0.9996131734351388,
                0.00038682656486119303,
                0.0,
                0.0,
                0.0
            ],
            [
                3.176417892221002e-05,
                0.9999682358210777,
                0.0,
                0.0,
                0.0
            ],
            [
                0.0,
                0.0,
                0.9999999999999346,
                6.547240140662034e-14,
                0.0
            ],
            [
                0.0,
                0.0,
                0.0,
                0.993307149075715,
                0.006692850924284855
            ],
            [
                0.0,
                0.0,
                0.0,
                3.7266392841865618e-06,
                0.999996273360716
            ]
        ],
        [
            [
                0.9999999824311713,
                1.7568828643216152e-08,
                0.0,
                0.0,
                0.0
            ],
            [
                0.9967123421855499,
                0.0032876578144499674,
                0.0,
                0.0,
                0.0
            ],
            [
                0.0,
                0.0,
                1.0,
                0.0,
                0.0
            ],
            [
                0.0,
                0.0,
                0.0,
                0.9904616703133364,
                0.009538329686663662
            ],
            [
                0.0,
                0.0,
                0.0,
                0.0,
                1.0
            ]
        ],
        [
            [
                0.9997293157444699,
                0.00027068425553012856,
                0.0,
                0.0,
                0.0
            ],
            [
                7.612427584735927e-06,
                0.9999923875724153,
                0.0,
                0.0,
                0.0
            ],
            [
                0.0,
                0.0,
                1.0,
                0.0,
                0.0
            ],
            [
                0.0,
                0.0,
                0.0,
                1.0,
                0.0
            ],
            [
                0.0,
                0.0,
                0.0,
                1.2764403924511585e-06,
                0.9999987235596076
            ]
        ],
        [
            [
                0.9992101306174338,
                0.0007898693825662401,
                0.0,
                0.0,
                0.0
            ],
            [
                0.00018940491184301798,
                0.999810595088157,
                0.0,
                0.0,
                0.0
            ],
            [
                0.0,
                0.0,
                1.0,
                0.0,
                0.0
            ],
            [
                0.0,
                0.0,
                0.0,
                1.0,
                0.0
            ],
            [
                0.0,
                0.0,
                0.0,
                0.009538329686663662,
                0.9904616703133364
            ]
        ],
        [
            [
                0.9999973925812853,
                2.6074187146773868e-06,
                0.0,
                0.0,
                0.0
            ],
            [
                2.0611536181902037e-09,
                0.9999999979388464,
                0.0,
                0.0,
                0.0
            ],
            [
                0.0,
                0.0,
                1.0,
                0.0,
                0.0
            ],
            [
                0.0,
                0.0,
                0.0,
                4.53978687024344e-05,
                0.9999546021312976
            ],
            [
                0.0,
                0.0,
                0.0,
