{
    "[['A', 'B', 'C', 'D', 'E'], ['A', 'B', 'C', 'D', 'E']]": [
        [
            [
                0.9726531552226695,
                0.027346844777330546,
                0.0,
                0.0,
                0.0
            ],
            [
                0.002302567072459388,
                0.9976974329275407,
                0.0,
                0.0,
                0.0
            ],
            [
                0.0,
                0.0,
                1.0,
                0.0,
                0.0
            ],
            [
                0.0,
                0.0,
                0.0,
                0.19332221965407181,
                0.8066777803459282
            ],
            [
                0.0,
                0.0,
                0.0,
                0.003287657814449968,
                0.99671234218555
            ]
        ],
        [
            [
                0.05431343407766356,
                0.9456865659223364,
                0.0,
                0.0,
                0.0
            ],
            [
                1.5550124050503392e-05,
                0.9999844498759496,
                0.0,
                0.0,
                0.0
            ],
            [
                0.0,
                0.0,
                1.0,
                0.0,
                0.0
            ],
            [
                0.0,
                0.0,
                0.0,
                0.6713476939612554,
                0.3286523060387446
            ],
            [
                0.0,
                0.0,
                0.0,
                0.1933222196540718,
                0.8066777803459283
            ]
        ],
        [
            [
                6.488350077174899e-05,
                0.9999351164992283,
                0.0,
                0.0,
                0.0
            ],
            [
                7.61242395487609e-06,
                0.9999923875760451,
                0.0,
                0.0,
                0.0
            ],
            [
                0.0,
                0.0,
                1.0,
                0.0,
                0.0
            ],
            [
                0.0,
                0.0,
                0.0,
                0.03863189403118156,
                0.9613681059688185
            ],
            [
                0.0,
                0.0,
                0.0,
                0.3286523060387446,
                0.6713476939612554
            ]
        ],
        [
            [
                0.0023025626907777997,
                0.9976974373092222,
                0.0,
                0.0,
                0.0
            ],
            [
                1.4975188681307589e-07,
                0.9999998502481131,
                0.0,
                0.0,
                0.0
            ],
            [
                0.0,
                0.0,
                0.9999999999801509,
                1.984912150813508e-11,
                0.0
            ],
            [
                0.0,
                0.0,
                0.0,
                1.0,
                0.0
            ],
            [
                0.0,
                0.0,
                0.0,
                0.05431343407766354,
                0.9456865659223364
            ]
        ],
        [
            [
                0.999810595088157,
                0.000189404911843018,
                0.0,
                0.0,
                0.0
            ],
            [
                4.539782540963912e-05,
                0.9999546021745904,
                0.0,
                0.0,
                0.0
            ],
            [
                0.0,
                0.0,
                1.0,
                0.0,
                0.0
            ],
            [
                0.0,
                0.0,
                0.0,
                0.9904617423906267,
                0.0095382576093733
            ],
            [
                0.0,
                0.0,
                0.0,
                6.488297484731643e-05,
                0.9999351170251527
            ]
        ],
        [
            [
                0.8949996326329274,
                0.10500036736707268,
                0.0,
                0.0,
                0.0
            ],
            [
                1.4421262956663856e-09,
                0.9999999985578737,
                0.0,
                0.0,
                0.0
            ],
            [
                0.0,
                0.0,
                1.0,
                0.0,
                0.0
            ],
            [
                0.0,
                0.0,
                0.0,
                0.10500099472147156,
                0.8949990052785284
            ],
            [
                0.0,
                0.0,
                0.0,
                0.0066928509242848554,
                0.9933071490757153
            ]
        ],
        [
            [
                0.6713476939612554,
                0.3286523060387446,
                0.0,
                0.0,
                0.0
            ],
            [
                0.0,
                1.0,
                0.0,
                0.0,
                0.0
            ],
            [
                0.0,
                0.0,
                1.0,
                0.0,
                0.0
            ],
            [
                0.0,
                0.0,
                0.0,
                0.9999991069064493,
                8.930935507375784e-07
            ],
            [
                0.0,
                0.0,
                0.0,
                4.539788493724326e-05,
                0.9999546021150627
            ]
        ],
        [
            [
                0.9864230812316608,
                0.013576918768339292,
                0.0,
                0.0,
                0.0
            ],
            [
                6.488297484731643e-05,
                0.9999351170251527,
                0.0,
                0.0,
                0.0
            ],
            [
                0.0,
                0.0,
                1.0,
                0.0,
                0.0
            ],
            [
                0.0,
                0.0,
                0.0,
                0.0001894063566196273,
                0.9998105936433804
            ],
            [
                0.0,
                0.0,
                0.0,
                0.0032876828149194692,
                0.9967123171850805
            ]
        ],
        [
            [
                0.00013252938724938625,
                0.9998674706127507,
                0.0,
                0.0,
                0.0
            ],
            [
                2.6074386077274855e-06,
                0.9999973925613923,
                0.0,
                0.0,
                0.0
            ],
            [
                0.0,
                0.0,
                1.0,
                0.0,
                0.0
            ],
            [
                0.0,
                0.0,
                0.0,
                0.9864230684594896,
                0.01357693154051056
            ],
            [
                0.0,
                0.0,
                0.0,
                0.00013252938724938622,
                0.9998674706127506
            ]
        ],
        [
            [
                0.6713460106096912,
                0.32865398939030877,
                0.0,
                0.0,
                0.0
            ],
            [
                4.372095573975654e-07,
                0.9999995627904426,
                0.0,
                0.0,
                0.0
            ],
            [
                0.0,
                0.0,
                1.0,
                0.0,
                0.0
            ],
            [
                0.0,
                0.0,
                0.0,
                0.01929220148193491,
                0.9807077985180651
            ],
            [
                0.0,
                0.0,
                0.0,
                0.002302547354957752,
                0.9976974526450423
            ]
        ],
        [
            [
                0.002302564881617554,
                0.9976974351183824,
                0.0,
                0.0,
                0.0
            ],
            [
                2.0611530499890107e-09,
                0.999999997938847,
                0.0,
                0.0,
                0.0
            ],
            [
                0.0,
                0.0,
                1.0,
                0.0,
                0.0
            ],
            [
                0.0,
                0.0,
                0.0,
                0.9999844499945852,
                1.5550005414769383e-05
            ],
            [
                0.0,
                0.0,
                0.0,
                0.006692850924284857,
                0.9933071490757153
            ]
        ],
        [
            [
                0.9456869577932951,
                0.05431304220670481,
                0.0,
                0.0,
                0.0
            ],
            [
                0.003287657814449968,
                0.99671234218555,
                0.0,
                0.0,
                0.0
            ],
            [
                0.0,
                0.0,
                1.0,
                0.0,
                0.0
            ],
            [
                0.0,
                0.0,
                0.0,
                0.10500099472147156,
                0.8949990052785285
            ],
            [
                0.0,
                0.0,
                0.0,
                0.00013252938724938622,
                0.9998674706127506
            ]
        ],
        [
            [
                0.027346641843836426,
                0.9726533581561635,
                0.0,
                0.0,
                0.0
            ],
            [
                1.4975174399863707e-07,
                0.999999850248256,
                0.0,
                0.0,
                0.0
            ],
            [
                0.0,
                1.388795048706041e-11,
                0.9999999999861121,
                0.0,
                0.0
            ],
            [
                0.0,
                0.0,
                0.0,
                0.0016121492399814516,
                0.9983878507600186
            ],
            [
                0.0,
                0.0,
                0.0,
                0.027346641843836433,
                0.9726533581561636
            ]
        ],
        [
            [
                0.99671234218555,
                0.0032876578144499674,
                0.0,
                0.0,
                0.0
            ],
            [
                4.37206221767542e-07,
                0.9999995627937782,
                0.0,
                0.0,
                0.0
            ],
            [
                0.0,
                0.0,
                1.0,
                0.0,
                0.0
            ],
            [
                0.0,
                0.0,
                0.0,
                0.5,
                0.5
            ],
            [
                0.0,
                0.0,
                0.0,
                4.3720580481557844e-07,
                0.9999995627941952
            ]
        ],
        [
            [
                0.0002706842555301286,
                0.9997293157444699,
                0.0,
                0.0,
                0.0
            ],
            [
                4.3720663871990327e-07,
                0.9999995627933613,
                0.0,
                0.0,
                0.0
            ],
            [
                0.0,
                0.0,
                1.0,
                0.0,
                0.0
            ],
            [
                0.0,
                0.0,
                0.0,
                0.8949990052785284,
                0.10500099472147155
            ],
            [
                0.0,
                0.0,
                0.0,
                0.99671234218555,
                0.003287657814449968
            ]
        ],
        [
            [
                0.998871473364823,
                0.0011285266351770192,
                0.0,
                0.0,
                0.0
            ],
            [
                1.7568811888283792e-08,
                0.999999982431188,
                0.0,
                0.0,
                0.0
            ],
            [
                0.0,
                3.904699278561191e-13,
                0.9999999999996095,
                0.0,
                0.0
            ],
            [
                0.0,
                0.0,
                0.0,
                0.9999999979388464,
                2.0611536181902037e-09
            ],
            [
                0.0,
                0.0,
                0.0,
                6.248704741384312e-07,
                0.999999375129526
            ]
        ],
        [
            [
                0.6713476939612554,
                0.3286523060387447,
                0.0,
                0.0,
                0.0
            ],
            [
                1.2764501309432266e-06,
                0.9999987235498691,
                0.0,
                0.0,
                0.0
            ],
            [
                0.0,
                0.0,
                1.0,
                0.0,
                0.0
            ],
            [
                0.0,
                0.0,
                0.0,
                0.9999844499945852,
                1.5550005414769383e-05
            ],
            [
                0.0,
                0.0,
                0.0,
                0.5,
                0.5
            ]
        ],
        [
            [
                0.8564008972157726,
                0.14359910278422738,
                0.0,
                0.0,
                0.0
            ],
            [
                1.7568811888283792e-08,
                0.9999999824311882,
                0.0,
                0.0,
                0.0
            ],
            [
                0.0,
                0.0,
                1.0,
                0.0,
                0.0
            ],
            [
                0.0,
                0.0,
                0.0,
                0.9953077491273102,
                0.004692250872689785
            ],
            [
                0.0,
                0.0,
                0.0,
                0.05431343407766356,
                0.9456865659223364
            ]
        ],
        [
            [
                0.9456865904143494,
                0.05431340958565056,
                0.0,
                0.0,
                0.0
            ],
            [
                5.795070972579851e-11,
                0.9999999999420492,
                0.0,
                0.0,
                0.0
            ],
            [
                0.0,
                0.0,
                1.0,
                0.0,
                0.0
            ],
            [
                0.0,
                0.0,
                0.0,
                0.9983878507600185,
                0.0016121492399814514
            ],
            [
                0.0,
                0.0,
                0.0,
                0.6713476939612554,
                0.3286523060387447
            ]
        ],
        [
            [
                0.8066789701376011,
                0.19332102986239885,
                0.0,
                0.0,
                0.0
            ],
            [
                3.7266375071935214e-06,
                0.9999962733624929,
                0.0,
                0.0,
                0.0
            ],
            [
                0.0,
                0.0,
                1.0,
                0.0,
                0.0
            ],
            [
                0.0,
                0.0,
                0.0,
                0.9999923875143374,
                7.612485662728743e-06
            ],
            [
                0.0,
                0.0,
                0.0,
                2.6074187146773864e-06,
                0.9999973925812853
            ]
        ],
        [
            [
                0.8066777803459282,
                0.19332221965407181,
                0.0,
                0.0,
                0.0
            ],
            [
                3.176396688088195e-05,
                0.9999682360331191,
                0.0,
                0.0,
                0.0
            ],
            [
                0.0,
                0.0,
                1.0,
                0.0,
                0.0
            ],
            [
                0.0,
                0.0,
                0.0,
                0.9864230684594895,
                0.013576931540510559
            ],
            [
                0.0,
                0.0,
                0.0,
                0.19332102986239882,
                0.8066789701376011
            ]
        ],
        [
            [
                0.6713476939612554,
                0.3286523060387446,
                0.0,
                0.0,
                0.0
            ],
            [
                0.0001325295136225689,
                0.9998674704863774,
                0.0,
                0.0,
                0.0
            ],
            [
                0.0,
                0.0,
                1.0,
                0.0,
                0.0
            ],
            [
                0.0,
                0.0,
                0.0,
                0.9967123421855499,
                0.0032876578144499674
            ],
            [
                0.0,
                0.0,
                0.0,
                0.6713476939612554,
                0.3286523060387446
            ]
        ],
        [
            [
                0.009538338696362884,
                0.9904616613036371,
                0.0,
                0.0,
                0.0
            ],
            [
                1.183768557740709e-10,
                0.9999999998816231,
                0.0,
                0.0,
                0.0
            ],
            [
                0.0,
                0.0,
                1.0,
                0.0,
                0.0
            ],
            [
                0.0,
                0.0,
                0.0,
                0.8949990052785284,
                0.10500099472147155
            ],
            [
                0.0,
                0.0,
                0.0,
                0.004692250872689786,
                0.9953077491273102
            ]
        ],
        [
            [
                0.41165216709874675,
                0.5883478329012533,
                0.0,
                0.0,
                0.0
            ],
            [
                5.795084789122192e-11,
                0.9999999999420491,
                0.0,
                0.0,
                0.0
            ],
            [
                0.0,
                0.0,
                1.0,
                0.0,
                0.0
            ],
            [
                0.0,
                0.0,
                0.0,
                0.9999996940977731,
                3.059022269256247e-07
            ],
            [
                0.0,
                0.0,
                0.0,
                0.00018940491184301795,
                0.999810595088157
            ]
        ],
        [
            [
                0.9992101306174337,
                0.00078986938256624,
                0.0,
                0.0,
                0.0
            ],
            [
                0.0032876609394982925,
                0.9967123390605017,
                0.0,
                0.0,
                0.0
            ],
            [
                0.0,
                0.0,
                1.0,
                0.0,
                0.0
            ],
            [
                0.0,
                0.0,
                0.0,
                0.05431343407766355,
                0.9456865659223365
            ],
            [
                0.0,
                0.0,
                0.0,
                0.0007898633611239569,
                0.9992101366388761
            ]
        ],
        [
            [
                0.02734664184383643,
                0.9726533581561636,
                0.0,
                0.0,
                0.0
            ],
            [
                0.003287654689404603,
                0.9967123453105954,
                0.0,
                0.0,
                0.0
            ],
            [
                0.0,
                0.0,
                1.0,
                0.0,
                0.0
            ],
            [
                0.0,
                0.0,
                0.0,
                0.993307149075715,
                0.0066928509242848554
            ],
            [
                0.0,
                0.0,
                0.0,
                3.059022269256247e-07,
                0.9999996940977731
            ]
        ],
        [
            [
                0.3286523060387446,
                0.6713476939612554,
                0.0,
                0.0,
                0.0
            ],
            [
                9.716961872461449e-12,
                0.9999999999902831,
                0.0,
                0.0,
                0.0
            ],
            [
                0.0,
                0.0,
                1.0,
                0.0,
                0.0
            ],
            [
                0.0,
                0.0,
                0.0,
                0.9726531552226695,
                0.027346844777330542
            ],
            [
                0.0,
                0.0,
                0.0,
                0.019292345830703776,
                0.9807076541692962
            ]
        ],
        [
            [
                0.8066777803459282,
                0.1933222196540718,
                0.0,
                0.0,
                0.0
            ],
            [
                0.9456869577932953,
                0.05431304220670481,
                0.0,
                0.0,
                0.0
            ],
            [
                0.0,
                0.0,
                0.9999999999994419,
                5.580726292590819e-13,
                0.0
            ],
            [
                0.0,
                0.0,
                0.0,
                0.9999995627904426,
                4.372095573975654e-07
            ],
            [
                0.0,
                0.0,
                0.0,
                0.9613681059688184,
                0.03863189403118156
            ]
        ],
        [
            [
                0.00018940482154484575,
                0.999810595178455,
                0.0,
                0.0,
                0.0
            ],
            [
                7.059797944957719e-10,
                0.9999999992940203,
                0.0,
                0.0,
                0.0
            ],
            [
                0.0,
                0.0,
                1.0,
                0.0,
                0.0
            ],
            [
                0.0,
                0.0,
                0.0,
                1.0,
                0.0
            ],
            [
                0.0,
                0.0,
                0.0,
                0.013576931540510559,
                0.9864230684594893
            ]
        ],
        [
            [
                0.9999844499945854,
                1.5550005414769383e-05,
                0.0,
                0.0,
                0.0
            ],
            [
                5.326236115998772e-06,
                0.999994673763884,
                0.0,
                0.0,
                0.0
            ],
            [
                0.0,
                0.0,
                1.0,
                0.0,
                0.0
            ],
            [
                0.0,
                0.0,
                0.0,
                0.9999351170251527,
                6.488297484731643e-05
            ],
            [
                0.0,
                0.0,
                0.0,
                0.00027068425553012856,
                0.9997293157444699
            ]
        ],
        [
            [
                0.8066778547080709,
                0.19332214529192912,
                0.0,
                0.0,
                0.0
            ],
            [
                6.017626652323237e-09,
                0.9999999939823734,
                0.0,
                0.0,
                0.0
            ],
            [
                0.0,
                0.0,
                1.0,
                0.0,
                0.0
            ],
            [
                0.0,
                0.0,
                0.0,
                0.9996131734351389,
                0.00038682656486119303
            ],
            [
                0.0,
                0.0,
                0.0,
                0.41165216709874675,
                0.5883478329012533
            ]
        ],
        [
            [
                0.9456865659223365,
                0.05431343407766355,
                0.0,
                0.0,
                0.0
            ],
            [
                4.2103477844270554e-09,
                0.9999999957896523,
                0.0,
                0.0,
                0.0
            ],
            [
                0.0,
                0.0,
                1.0,
                0.0,
                0.0
            ],
            [
                0.0,
                0.0,
                0.0,
                0.9998105936433803,
                0.00018940635661962728
            ],
            [
                0.0,
                0.0,
                0.0,
                1.2764501309432264e-06,
                0.999998723549869
            ]
        ],
        [
            [
                0.8066777803459282,
                0.1933222196540718,
                0.0,
                0.0,
                0.0
            ],
            [
                0.0,
                1.0,
                0.0,
                0.0,
                0.0
            ],
            [
                0.0,
                0.0,
                1.0,
                0.0,
                0.0
            ],
            [
                0.0,
                0.0,
                0.0,
                1.0,
                0.0
            ],
            [
                0.0,
                0.0,
                0.0,
                6.488297484731643e-05,
                0.9999351170251526
            ]
        ],
        [
            [
                0.9904617423906268,
                0.0095382576093733,
                0.0,
                0.0,
                0.0
            ],
            [
                8.930926990183636e-07,
                0.999999106907301,
                0.0,
                0.0,
                0.0
            ],
            [
                0.0,
                0.0,
                1.0,
                0.0,
                0.0
            ],
            [
                0.0,
                0.0,
                0.0,
                0.9999923875724154,
                7.612427584735929e-06
            ],
            [
                0.0,
                0.0,
                0.0,
                3.17639365893792e-05,
                0.9999682360634106
            ]
        ],
        [
            [
                0.8564008972157725,
                0.14359910278422738,
                0.0,
                0.0,
                0.0
            ],
            [
                1.0477743008334297e-07,
                0.9999998952225699,
                0.0,
                0.0,
                0.0
            ],
            [
                0.0,
                0.0,
                0.9999999999976713,
                2.3286953113697838e-12,
                0.0
            ],
            [
                0.0,
                0.0,
                0.0,
                0.9864230684594895,
                0.013576931540510559
            ],
            [
                0.0,
                0.0,
                0.0,
                3.1763906297905335e-05,
                0.999968236093702
            ]
        ],
        [
            [
                0.0016121500074749843,
                0.9983878499925251,
                0.0,
                0.0,
                0.0
            ],
            [
                2.0611536181902037e-09,
                0.9999999979388463,
                0.0,
                0.0,
                0.0
            ],
            [
                0.0,
                0.0,
                1.0,
                0.0,
                0.0
            ],
            [
                0.0,
                0.0,
                0.0,
                0.9726531552226694,
                0.027346844777330546
            ],
            [
                0.0,
                0.0,
                0.0,
                0.027346844777330542,
                0.9726531552226694
            ]
        ],
        [
            [
                0.9864230684594893,
                0.013576931540510559,
                0.0,
                0.0,
                0.0
            ],
            [
                0.0,
                1.0,
                0.0,
                0.0,
                0.0
            ],
            [
                0.0,
                0.0,
                1.0,
                0.0,
                0.0
            ],
            [
                0.0,
                0.0,
                0.0,
                0.9904616703133364,
                0.00953832968666366
            ],
            [
                0.0,
                0.0,
                0.0,
                0.054313042206704805,
                0.9456869577932951
            ]
        ],
        [
            [
                0.9998105934627826,
                0.00018940653721747825,
                0.0,
                0.0,
                0.0
            ],
            [
                7.612427584735927e-06,
                0.9999923875724153,
                0.0,
                0.0,
                0.0
            ],
            [
                0.0,
                0.0,
                1.0,
                0.0,
                0.0
            ],
            [
                0.0,
                0.0,
                0.0,
                0.9999999487074784,
                5.1292521430029036e-08
            ],
            [
                0.0,
                0.0,
                0.0,
                0.99671234218555,
                0.003287657814449968
            ]
        ],
        [
            [
                0.0007898686298834463,
                0.9992101313701166,
                0.0,
                0.0,
                0.0
            ],
            [
                7.330957306789182e-08,
                0.9999999266904269,
                0.0,
                0.0,
                0.0
            ],
            [
                0.0,
                1.9115072356012156e-13,
                0.9999999999998089,
                0.0,
                0.0
            ],
            [
                0.0,
                0.0,
                0.0,
                0.0095382576093733,
                0.9904617423906268
            ],
            [
                0.0,
                0.0,
                0.0,
                8.931003645205372e-07,
                0.9999991068996354
            ]
        ],
        [
            [
                0.3286523060387446,
                0.6713476939612554,
                0.0,
                0.0,
                0.0
            ],
            [
                1.139992396633661e-12,
                0.9999999999988599,
                0.0,
                0.0,
                0.0
            ],
            [
                0.0,
                0.0,
                1.0,
                0.0,
                0.0
            ],
            [
                0.0,
                0.0,
                0.0,
                0.9241418199787564,
                0.07585818002124355
            ],
            [
                0.0,
                0.0,
                0.0,
                5.3262767518940435e-06,
                0.999994673723248
            ]
        ],
        [
            [
                2.6074193363329048e-06,
                0.9999973925806636,
                0.0,
                0.0,
                0.0
            ],
            [
                2.5109978953554594e-08,
                0.999999974890021,
                0.0,
                0.0,
                0.0
            ],
            [
                0.0,
                0.0,
                1.0,
                0.0,
                0.0
            ],
            [
                0.0,
                0.0,
                0.0,
                0.027346844777330546,
                0.9726531552226695
            ],
            [
                0.0,
                0.0,
                0.0,
                0.0023025648816175546,
                0.9976974351183825
            ]
        ],
        [
            [
                0.6713476939612554,
                0.3286523060387446,
                0.0,
                0.0,
                0.0
            ],
            [
                8.282540089862747e-11,
                0.9999999999171747,
                0.0,
                0.0,
                0.0
            ],
            [
                0.0,
                0.0,
                1.0,
                0.0,
                0.0
            ],
            [
                0.0,
                0.0,
                0.0,
                0.10500099472147156,
                0.8949990052785284
            ],
            [
                0.0,
                0.0,
                0.0,
                0.00027068425553012856,
                0.9997293157444698
            ]
        ],
        [
            [
                0.8949997670655823,
                0.10500023293441764,
                0.0,
                0.0,
                0.0
            ],
            [
                2.9458957533558836e-09,
                0.9999999970541043,
                0.0,
                0.0,
                0.0
            ],
            [
                0.0,
                0.0,
                1.0,
                0.0,
                0.0
            ],
            [
                0.0,
                0.0,
                0.0,
                0.01357693154051056,
                0.9864230684594895
            ],
            [
                0.0,
                0.0,
                0.0,
                0.006692850924284855,
                0.993307149075715
            ]
        ],
        [
            [
                0.8066789701376011,
                0.19332102986239882,
                0.0,
                0.0,
                0.0
            ],
            [
                5.1292888304024595e-08,
                0.9999999487071116,
                0.0,
                0.0,
                0.0
            ],
            [
                0.0,
                0.0,
                1.0,
                0.0,
                0.0
            ],
            [
                0.0,
                0.0,
                0.0,
                0.19332102986239882,
                0.8066789701376011
            ],
            [
                0.0,
                0.0,
                0.0,
                6.488297484731642e-05,
                0.9999351170251526
            ]
        ],
        [
            [
                0.02734684477733055,
                0.9726531552226695,
                0.0,
                0.0,
                0.0
            ],
            [
                0.0,
                1.0,
                0.0,
                0.0,
                0.0
            ],
            [
                0.0,
                0.0,
                1.0,
                0.0,
                0.0
            ],
            [
                0.0,
                0.0,
                0.0,
                0.9997293157444699,
                0.00027068425553012856
            ],
            [
                0.0,
                0.0,
                0.0,
                0.00038682656486119303,
                0.9996131734351388
            ]
        ],
        [
            [
                0.8949990052785284,
                0.10500099472147156,
                0.0,
                0.0,
                0.0
            ],
            [
                0.0,
                0.9999999913993439,
                0.0,
                8.600656031390217e-09,
                0.0
            ],
            [
                0.0,
                0.0,
                1.0,
                0.0,
                0.0
            ],
            [
                0.0,
                0.0,
                0.0,
                0.9999891200018705,
                1.0879998129518426e-05
            ],
            [
                0.0,
                0.0,
                0.0,
                6.488297484731643e-05,
                0.9999351170251528
            ]
        ],
        [
            [
                0.006692800203828541,
                0.9933071997961714,
                0.0,
                0.0,
                0.0
            ],
            [
                2.140302697491254e-07,
                0.9999997859697303,
                0.0,
                0.0,
                0.0
            ],
            [
                0.0,
                0.0,
                1.0,
                0.0,
                0.0
            ],
            [
                0.0,
                0.0,
                0.0,
                0.6713476939612554,
                0.3286523060387447
            ],
            [
                0.0,
                0.0,
                0.0,
                0.99671234218555,
                0.003287657814449968
            ]
        ],
        [
            [
                0.9994472213630765,
                0.0005527786369235996,
                0.0,
                0.0,
                0.0
            ],
            [
                5.326231036533663e-06,
                0.9999946737689634,
                0.0,
                0.0,
                0.0
            ],
            [
                0.0,
                0.0,
                1.0,
                0.0,
                0.0
            ],
            [
                0.0,
                0.0,
                0.0,
                0.9904617423906267,
                0.009538257609373298
            ],
            [
                0.0,
                0.0,
                0.0,
                0.05431304220670481,
                0.9456869577932951
            ]
        ],
        [
            [
                0.32865230603874457,
                0.6713476939612554,
                0.0,
                0.0,
                0.0
            ],
            [
                1.0477757996875048e-07,
                0.99999989522242,
                0.0,
                0.0,
                0.0
            ],
            [
                0.0,
                0.0,
                1.0,
                0.0,
                0.0
            ],
            [
                0.0,
                0.0,
                0.0,
                1.0,
                0.0
            ],
            [
                0.0,
                0.0,
                0.0,
                0.0003868295149832938,
                0.9996131704850166
            ]
        ],
        [
            [
                0.9241418199787564,
                0.07585818002124355,
                0.0,
                0.0,
                0.0
            ],
