{
    "[['A', 'B', 'C', 'D', 'E'], ['A', 'B', 'C', 'D', 'E']]": [
        [
            [
                0.9999546024776388,
                4.539752236122818e-05,
                0.0,
                0.0,
                0.0
            ],
            [
                6.248752415370164e-07,
                0.9999993751247586,
                0.0,
                0.0,
                0.0
            ],
            [
                0.0,
                0.0,
                1.0,
                0.0,
                0.0
            ],
            [
                0.0,
                0.0,
                4.5397868702434395e-05,
                0.9999546021312976,
                0.0
            ],
            [
                0.0,
                0.0,
                0.0,
                5.326236115998772e-06,
                0.999994673763884
            ]
        ],
        [
            [
                0.9999997859695614,
                2.140304386449918e-07,
                0.0,
                0.0,
                0.0
            ],
            [
                0.006692850924284856,
                0.993307149075715,
                0.0,
                0.0,
                0.0
            ],
            [
                0.0,
                0.0,
                1.0,
                0.0,
                0.0
            ],
            [
                0.0,
                0.0,
                0.0,
                0.999996273360716,
                3.7266392841865618e-06
            ],
            [
                0.0,
                0.0,
                0.0,
                8.930935507375782e-07,
                0.9999991069064493
            ]
        ],
        [
            [
                0.9999991069061948,
                8.930938052553919e-07,
                0.0,
                0.0,
                0.0
            ],
            [
                2.51100128625375e-08,
                0.9999999748899872,
                0.0,
                0.0,
                0.0
            ],
            [
                0.0,
                7.330957306789182e-08,
                0.9999999266904269,
                0.0,
                0.0
            ],
            [
                0.0,
                0.0,
                4.539791199527095e-05,
                0.9999546020880047,
                0.0
            ],
            [
                0.0,
                0.0,
                0.0,
                0.0,
                1.0
            ]
        ],
        [
            [
                0.9999999985578725,
                1.442127499070844e-09,
                0.0,
                0.0,
                0.0
            ],
            [
                6.248750878995806e-07,
                0.9999993751249121,
                0.0,
                0.0,
                0.0
            ],
            [
                0.0,
                0.0,
                1.0,
                0.0,
                0.0
            ],
            [
                0.0,
                0.0,
                0.006692854094326052,
                0.9933071459056739,
                0.0
            ],
            [
                0.0,
                0.0,
                0.0,
                0.0,
                1.0
            ]
        ],
        [
            [
                0.9999891199914946,
                1.0880008505385262e-05,
                0.0,
                0.0,
                0.0
            ],
            [
                0.0007898701352497506,
                0.9992101298647502,
                0.0,
                0.0,
                0.0
            ],
            [
                0.0,
                3.904672281021762e-13,
                0.9999999999996095,
                0.0,
                0.0
            ],
            [
                0.0,
                0.0,
                0.0,
                0.9998674706127506,
                0.00013252938724938622
            ],
            [
                0.0,
                0.0,
                0.0,
                0.0,
                1.0
            ]
        ],
        [
            [
                0.999999998557873,
                1.4421269833259533e-09,
                0.0,
                0.0,
                0.0
            ],
            [
                0.0005527791638032304,
                0.9994472208361969,
                0.0,
                0.0,
                0.0
            ],
            [
                0.0,
                0.0,
                1.0,
                0.0,
                0.0
            ],
            [
                0.0,
                0.0,
                0.0,
                1.0,
                0.0
            ],
            [
                0.0,
                0.0,
                0.0,
                0.0,
                1.0
            ]
        ],
        [
            [
                0.9999987235498227,
                1.2764501773058543e-06,
                0.0,
                0.0,
                0.0
            ],
            [
                0.9456869088095712,
                0.05431309119042891,
                0.0,
                0.0,
                0.0
            ],
            [
                0.0,
                0.0,
                1.0,
                0.0,
                0.0
            ],
            [
                0.0,
                0.0,
                2.607421201300349e-06,
                0.9999973925787987,
                0.0
            ],
            [
                0.0,
                0.0,
                0.0,
                0.0,
                1.0
            ]
        ],
        [
            [
                0.9999996941003987,
                3.058996013578213e-07,
                0.0,
                0.0,
                0.0
            ],
            [
                0.027346844777330546,
                0.9726531552226695,
                0.0,
                0.0,
                0.0
            ],
            [
                0.0,
                3.3282544732843368e-12,
                0.9999999999966717,
                0.0,
                0.0
            ],
            [
                0.0,
                0.0,
                0.0,
                0.9999962733607158,
                3.726639284186561e-06
            ],
            [
                0.0,
                0.0,
                0.0,
                1.2292385112682736e-08,
                0.9999999877076149
            ]
        ],
        [
            [
                0.9999995627937815,
                4.372062185101033e-07,
                0.0,
                0.0,
                0.0
            ],
            [
                5.795079262501303e-11,
                0.9999999999420491,
                0.0,
                0.0,
                0.0
            ],
            [
                0.0,
                0.0,
                1.0,
                0.0,
                0.0
            ],
            [
                0.0,
                0.0,
                0.0,
                0.9999923875143374,
                7.612485662728743e-06
            ],
            [
                0.0,
                0.0,
                0.0,
                3.588832609430485e-08,
                0.9999999641116739
            ]
        ],
        [
            [
                0.999935117028053,
                6.488297194700969e-05,
                0.0,
                0.0,
                0.0
            ],
            [
                0.0016121492399814516,
                0.9983878507600186,
                0.0,
                0.0,
                0.0
            ],
            [
                0.0,
                0.0,
                1.0,
                0.0,
                0.0
            ],
            [
                0.0,
                0.0,
                4.3720601329151054e-07,
                0.9999995627939866,
                0.0
            ],
            [
                0.0,
                0.0,
                0.0,
                0.0,
                1.0
            ]
        ],
        [
            [
                0.9996131735273298,
                0.0003868264726702398,
                0.0,
                0.0,
                0.0
            ],
            [
                9.273043720455617e-05,
                0.9999072695627954,
                0.0,
                0.0,
                0.0
            ],
            [
                0.0,
                2.8369106890180477e-11,
                0.9999999999716309,
                0.0,
                0.0
            ],
            [
                0.0,
                0.0,
                0.0,
                0.9996131704850166,
                0.00038682951498329374
            ],
            [
                0.0,
                0.0,
                0.0,
                0.0,
                1.0
            ]
        ],
        [
            [
                0.9996131704734929,
                0.00038682952650725234,
                0.0,
                0.0,
                0.0
            ],
            [
                8.930934931383773e-07,
                0.9999991069065068,
                0.0,
                0.0,
                0.0
            ],
            [
                0.0,
                0.0,
                1.0,
                0.0,
                0.0
            ],
            [
                0.0,
                0.0,
                8.600656031390217e-09,
                0.9999999913993439,
                0.0
            ],
            [
                0.0,
                0.0,
                0.0,
                0.19332102986239888,
                0.8066789701376013
            ]
        ],
        [
            [
                0.999999974890009,
                2.5109990926928157e-08,
                0.0,
                0.0,
                0.0
            ],
            [
                6.248749435735391e-07,
                0.9999993751250564,
                0.0,
                0.0,
                0.0
            ],
            [
                0.0,
                0.0,
                1.0,
                0.0,
                0.0
            ],
            [
                0.0,
                0.0,
                0.0,
                0.9999891200018705,
                1.0879998129518426e-05
            ],
            [
                0.0,
                0.0,
                0.0,
                6.248752415370163e-07,
                0.9999993751247586
            ]
        ],
        [
            [
                0.9997293158735072,
                0.000270684126492786,
                0.0,
                0.0,
                0.0
            ],
            [
                6.0176739980710735e-09,
                0.999999993982326,
                0.0,
                0.0,
                0.0
            ],
            [
                0.0,
                0.0,
                1.0,
                0.0,
                0.0
            ],
            [
                0.0,
                0.0,
                2.1403231091013344e-07,
                0.9999997859676891,
                0.0
            ],
            [
                0.0,
                0.0,
                0.0,
                0.0,
                1.0
            ]
        ],
        [
            [
                0.027346844777330546,
                0.9726531552226695,
                0.0,
                0.0,
                0.0
            ],
            [
                0.9726533327895568,
                0.02734666721044315,
                0.0,
                0.0,
                0.0
            ],
            [
                0.0,
                0.0,
                1.0,
                0.0,
                0.0
            ],
            [
                0.0,
                0.0,
                0.0,
                0.9999998502482559,
                1.4975174399863707e-07
            ],
            [
                0.0,
                0.0,
                0.0,
                0.0,
                1.0
            ]
        ],
        [
            [
                0.9999999957896211,
                4.210378871751381e-09,
                0.0,
                0.0,
                0.0
            ],
            [
                0.05431304220670481,
                0.9456869577932953,
                0.0,
                0.0,
                0.0
            ],
            [
                0.0,
                4.210342733934889e-09,
                0.9999999957896573,
                0.0,
                0.0
            ],
            [
                0.0,
                0.0,
                0.0,
                0.9933071490757152,
                0.0066928509242848554
            ],
            [
                0.0,
                0.0,
                0.0,
                6.24870474138431e-07,
                0.999999375129526
            ]
        ],
        [
            [
                0.999999974890021,
                2.5109978953554597e-08,
                0.0,
                0.0,
                0.0
            ],
            [
                0.19332102986239885,
                0.8066789701376011,
                0.0,
                0.0,
                0.0
            ],
            [
                0.0,
                0.0,
                0.006692850924284855,
                0.993307149075715,
                0.0
            ],
            [
                0.0,
                0.0,
                0.0,
                0.9999072688332745,
                9.273116672552029e-05
            ],
            [
                0.0,
                0.0,
                0.0,
                8.930935507375785e-07,
                0.9999991069064493
            ]
        ],
        [
            [
                0.9999999487071335,
                5.1292866508865285e-08,
                0.0,
                0.0,
                0.0
            ],
            [
                0.998871480890024,
                0.0011285191099760217,
                0.0,
                0.0,
                0.0
            ],
            [
                0.0,
                0.0,
                1.0,
                0.0,
                0.0
            ],
            [
                0.0,
                0.0,
                0.0,
                0.9983878507600186,
                0.0016121492399814518
            ],
            [
                0.0,
                0.0,
                0.0,
                0.0,
                1.0
            ]
        ],
        [
            [
                0.9997293157283401,
                0.0002706842716598007,
                0.0,
                0.0,
                0.0
            ],
            [
                1.0879994876929395e-05,
                0.9999891200051231,
                0.0,
                0.0,
                0.0
            ],
            [
                0.0,
                7.059804677708901e-10,
                0.9999999992940195,
                0.0,
                0.0
            ],
            [
                0.0,
                0.0,
                0.0,
                0.8949997222547142,
                0.10500027774528578
            ],
            [
                0.0,
                0.0,
                0.0,
                3.17639365893792e-05,
                0.9999682360634106
            ]
        ],
        [
            [
                0.9999999266903578,
                7.330964223888726e-08,
                0.0,
                0.0,
                0.0
            ],
            [
                0.054313042206704805,
                0.9456869577932951,
                0.0,
                0.0,
                0.0
            ],
            [
                0.0,
                0.0,
                1.0,
                0.0,
                0.0
            ],
            [
                0.0,
                0.0,
                0.0,
                0.9999923875143374,
                7.612485662728743e-06
            ],
            [
                0.0,
                0.0,
                0.0,
                0.0,
                1.0
            ]
        ],
        [
            [
                0.9999999939823776,
                6.017622348182814e-09,
                0.0,
                0.0,
                0.0
            ],
            [
                2.2224644213500087e-05,
                0.9999777753557866,
                0.0,
                0.0,
                0.0
            ],
            [
                0.0,
                0.0,
                1.0,
                0.0,
                0.0
            ],
            [
                0.0,
                0.0,
                4.5397868702434395e-05,
                0.9999546021312975,
                0.0
            ],
            [
                0.0,
                0.0,
                0.0,
                0.0,
                1.0
            ]
        ],
        [
            [
                0.9999999985578745,
                1.442125608007146e-09,
                0.0,
                0.0,
                0.0
            ],
            [
                0.0016121477049954804,
                0.9983878522950045,
                0.0,
                0.0,
                0.0
            ],
            [
                0.0,
                0.0,
                1.0,
                0.0,
                0.0
            ],
            [
                0.0,
                0.0,
                0.0,
                0.9994472213630764,
                0.0005527786369235996
            ],
            [
                0.0,
                0.0,
                0.0,
                0.0,
                1.0
            ]
        ],
        [
            [
                0.9999777753691573,
                2.222463084269116e-05,
                0.0,
                0.0,
                0.0
            ],
            [
                0.19332102986239882,
                0.8066789701376011,
                0.0,
                0.0,
                0.0
            ],
            [
                0.0,
                0.0,
                1.0,
                0.0,
                0.0
            ],
            [
                0.0,
                0.0,
                0.0,
                0.9997293157444699,
                0.0002706842555301286
            ],
            [
                0.0,
                0.0,
                0.0,
                0.0002706842555301286,
                0.9997293157444699
            ]
        ],
        [
            [
                0.9999999266904269,
                7.330957306789181e-08,
                0.0,
                0.0,
                0.0
            ],
            [
                2.6074381997630195e-06,
                0.9999973925618003,
                0.0,
                0.0,
                0.0
            ],
            [
                0.0,
                0.0,
                1.0,
                0.0,
                0.0
            ],
            [
                0.0,
                0.0,
                0.6713460106096913,
                0.32865398939030877,
                0.0
            ],
            [
                0.0,
                0.0,
                0.0,
                1.0477762993060064e-07,
                0.9999998952223701
            ]
        ],
        [
            [
                0.9999973925622179,
                2.60743778208518e-06,
                0.0,
                0.0,
                0.0
            ],
            [
                0.6713477465659208,
                0.32865225343407917,
                0.0,
                0.0,
                0.0
            ],
            [
                0.0,
                0.0,
                1.0,
                0.0,
                0.0
            ],
            [
                0.0,
                0.0,
                0.0003868265648611931,
                0.9996131734351389,
                0.0
            ],
            [
                0.0,
                0.0,
                0.0,
                1.4975160118433447e-07,
                0.9999998502483988
            ]
        ],
        [
            [
                0.9999999641119416,
                3.588805843905763e-08,
                0.0,
                0.0,
                0.0
            ],
            [
                0.5,
                0.5,
                0.0,
                0.0,
                0.0
            ],
            [
                0.0,
                0.0,
                1.0,
                0.0,
                0.0
            ],
            [
                0.0,
                0.0,
                0.0,
                0.9999962733571619,
                3.726642838175184e-06
            ],
            [
                0.0,
                0.0,
                0.0,
                0.0,
                1.0
            ]
        ],
        [
            [
                0.32865235864341436,
                0.6713476413565856,
                0.0,
                0.0,
                0.0
            ],
            [
                0.32865230603874457,
                0.6713476939612554,
                0.0,
                0.0,
                0.0
            ],
            [
                0.0,
                3.32825606032012e-12,
                0.9999999999966717,
                0.0,
                0.0
            ],
            [
                0.0,
                0.0,
                0.0,
                0.9999993751247584,
                6.248752415370163e-07
            ],
            [
                0.0,
                0.0,
                0.0,
                6.24870474138431e-07,
                0.999999375129526
            ]
        ],
        [
            [
                0.9999999992940204,
                7.05979629212869e-10,
                0.0,
                0.0,
                0.0
            ],
            [
                6.248754100144749e-07,
                0.99999937512459,
                0.0,
                0.0,
                0.0
            ],
            [
                0.0,
                6.248746456102041e-07,
                0.9999993751253543,
                0.0,
                0.0
            ],
            [
                0.0,
                0.0,
                1.7568820265747973e-08,
                0.9999999824311798,
                0.0
            ],
            [
                0.0,
                0.0,
                0.0,
                0.0,
                1.0
            ]
        ],
        [
            [
                0.9999995627906512,
                4.372093489199434e-07,
                0.0,
                0.0,
                0.0
            ],
            [
                0.0007898634022860043,
                0.9992101365977141,
                0.0,
                0.0,
                0.0
            ],
            [
                0.0,
                0.0,
                0.999210136638876,
                0.0007898633611239568,
                0.0
            ],
            [
                0.0,
                0.0,
                0.0,
                0.9983878507600187,
                0.0016121492399814518
            ],
            [
                0.0,
                0.0,
                0.0,
                0.0,
                1.0
            ]
        ],
        [
            [
                0.8949997222547142,
                0.10500027774528578,
                0.0,
                0.0,
                0.0
            ],
            [
                0.8066789701376011,
                0.19332102986239882,
                0.0,
                0.0,
                0.0
            ],
            [
                0.0,
                0.0,
                1.0,
                0.0,
                0.0
            ],
            [
                0.0,
                0.0,
                0.0,
                0.027346844777330542,
                0.9726531552226694
            ],
            [
                0.0,
                0.0,
                0.0,
                0.0,
                1.0
            ]
        ],
        [
            [
                0.9999351170870259,
                6.488291297413402e-05,
                0.0,
                0.0,
                0.0
            ],
            [
                1.5549990585366267e-05,
                0.9999844500094146,
                0.0,
                0.0,
                0.0
            ],
            [
                0.0,
                0.0,
                1.0,
                0.0,
                0.0
            ],
            [
                0.0,
                0.0,
                0.0,
                0.9999991069064493,
                8.930935507375783e-07
            ],
            [
                0.0,
                0.0,
                0.0,
                1.0879998129518426e-05,
                0.9999891200018706
            ]
        ],
        [
            [
                0.5,
                0.5,
                0.0,
                0.0,
                0.0
            ],
            [
                0.0,
                1.0,
                0.0,
                0.0,
                0.0
            ],
            [
                0.0,
                2.607436121087923e-06,
                0.999997392563879,
                0.0,
                0.0
            ],
            [
                0.0,
                0.0,
                0.0,
                0.9996131704850167,
                0.0003868295149832938
            ],
            [
                0.0,
                0.0,
                0.0,
                0.0,
                1.0
            ]
        ],
        [
            [
                0.8949990052785284,
                0.10500099472147156,
                0.0,
                0.0,
                0.0
            ],
            [
                1.555013888003378e-05,
                0.9999844498611199,
                0.0,
                0.0,
                0.0
            ],
            [
                0.0,
                6.54725418953033e-14,
                0.9999999999999346,
                0.0,
                0.0
            ],
            [
                0.0,
                0.0,
                2.6074361210879227e-06,
                0.9999973925638789,
                0.0
            ],
            [
                0.0,
                0.0,
                0.0,
                3.5888120740250616e-08,
                0.9999999641118792
            ]
        ],
        [
            [
                0.9999891200018705,
                1.0879998129518424e-05,
                0.0,
                0.0,
                0.0
            ],
            [
                2.222461759607725e-05,
                0.999977775382404,
                0.0,
                0.0,
                0.0
            ],
            [
                0.0,
                1.5690517098276713e-14,
                0.9999999999999843,
                0.0,
                0.0
            ],
            [
                0.0,
                0.0,
                0.00018940644691853122,
                0.9998105935530814,
                0.0
            ],
            [
                0.0,
                0.0,
                0.0,
                8.930944024576054e-07,
                0.9999991069055976
            ]
        ],
        [
            [
                0.999999998990981,
                1.0090189830298775e-09,
                0.0,
                0.0,
                0.0
            ],
            [
                8.930926990183636e-07,
                0.999999106907301,
                0.0,
                0.0,
                0.0
            ],
            [
                0.0,
                0.0,
                1.0,
                0.0,
                0.0
            ],
            [
                0.0,
                0.0,
                0.0,
                0.9864231706365277,
                0.013576829363472218
            ],
            [
                0.0,
                0.0,
                0.0,
                0.0,
                1.0
            ]
        ],
        [
            [
                0.3286522534340791,
                0.6713477465659209,
                0.0,
                0.0,
                0.0
            ],
            [
                1.4421262956663856e-09,
                0.9999999985578737,
                0.0,
                0.0,
                0.0
            ],
            [
                0.0,
                0.0,
                1.0,
                0.0,
                0.0
            ],
            [
                0.0,
                0.0,
                0.0,
                0.9999999266903571,
                7.330964298137702e-08
            ],
            [
                0.0,
                0.0,
                0.0,
                3.7266392841865614e-06,
                0.9999962733607157
            ]
        ],
        [
            [
                0.9983878505681453,
                0.0016121494318548006,
                0.0,
                0.0,
                0.0
            ],
            [
                0.0016121492399814516,
                0.9983878507600185,
                0.0,
                0.0,
                0.0
            ],
            [
                0.0,
                0.0,
                1.0,
                0.0,
                0.0
            ],
            [
                0.0,
                0.0,
                0.0,
                1.0,
                0.0
            ],
            [
                0.0,
                0.0,
                0.0,
                0.0,
                1.0
            ]
        ],
        [
            [
                0.32865393678550575,
                0.6713460632144943,
                0.0,
                0.0,
                0.0
            ],
            [
                3.4560614365467583e-10,
                0.9999999996543938,
                0.0,
                0.0,
                0.0
            ],
            [
                0.0,
                0.0,
                1.0,
                0.0,
                0.0
            ],
            [
                0.0,
                0.0,
                0.0,
                0.999999974890057,
                2.5109943033468174e-08
            ],
            [
                0.0,
                0.0,
                0.0,
                0.8949990052785284,
                0.10500099472147155
            ]
        ],
        [
            [
                0.9864230716525333,
                0.01357692834746663,
                0.0,
                0.0,
                0.0
            ],
            [
                0.8066789701376011,
                0.19332102986239882,
                0.0,
                0.0,
                0.0
            ],
            [
                0.0,
                0.0,
                1.0,
                0.0,
                0.0
            ],
            [
                0.0,
                0.0,
                0.0,
                0.99671234218555,
                0.0032876578144499674
            ],
            [
                0.0,
                0.0,
                0.0,
                1.0090185018922485e-09,
                0.9999999989909816
            ]
        ],
        [
            [
                0.003287658449225169,
                0.9967123415507748,
                0.0,
                0.0,
                0.0
            ],
            [
                0.0001894063566196273,
                0.9998105936433803,
                0.0,
                0.0,
                0.0
            ],
            [
                0.0,
                0.006692857264368739,
                0.9933071427356311,
                0.0,
                0.0
            ],
            [
                0.0,
                0.0,
                1.8243466618209873e-06,
                0.9999981756533382,
                0.0
            ],
            [
                0.0,
                0.0,
                0.0,
                3.05902810388197e-07,
                0.9999996940971896
            ]
        ],
        [
            [
                0.9999891199914946,
                1.0880008505385262e-05,
                0.0,
                0.0,
                0.0
            ],
            [
                2.6074361210879227e-06,
                0.9999973925638789,
                0.0,
                0.0,
                0.0
            ],
            [
                0.0,
                0.9999999641118793,
                3.5888120740250616e-08,
                0.0,
                0.0
            ],
            [
                0.0,
                0.0,
                0.0,
                0.10500027774528578,
                0.8949997222547141
            ],
            [
                0.0,
                0.0,
                0.0,
                0.0,
                1.0
            ]
        ],
        [
            [
                0.9999999999716308,
                2.8369296275032955e-11,
                0.0,
                0.0,
                0.0
            ],
            [
                2.222463266410119e-05,
                0.9999777753673359,
                0.0,
                0.0,
                0.0
            ],
            [
                0.0,
                0.0,
                1.0,
                0.0,
                0.0
            ],
            [
                0.0,
                0.0,
                4.539791199527094e-05,
                0.9999546020880047,
                0.0
            ],
            [
                0.0,
                0.0,
                0.0,
                0.0,
                1.0
            ]
        ],
        [
            [
                0.013576827766962013,
                0.986423172233038,
                0.0,
                0.0,
                0.0
            ],
            [
                2.4181203345426753e-10,
                0.999999999758188,
                0.0,
                0.0,
                0.0
            ],
            [
                0.0,
                0.0,
                1.0,
                0.0,
                0.0
            ],
            [
                0.0,
                0.0,
                4.53978687024344e-05,
                0.9999546021312976,
                0.0
            ],
            [
                0.0,
                0.0,
                0.0,
                0.0,
                1.0
            ]
        ],
        [
            [
                0.9999996940998152,
                3.059001848153856e-07,
                0.0,
                0.0,
                0.0
            ],
            [
                0.8066789701376011,
                0.19332102986239882,
                0.0,
                0.0,
                0.0
            ],
            [
                0.0,
                0.0,
                1.0,
                0.0,
                0.0
            ],
            [
                0.0,
                0.0,
                1.0090194641677363e-09,
                0.9999999989909806,
                0.0
            ],
            [
                0.0,
                0.0,
                0.0,
                0.0,
                1.0
            ]
        ],
        [
            [
                0.3286523060387446,
                0.6713476939612555,
                0.0,
                0.0,
                0.0
            ],
            [
                1.2764399977775092e-06,
                0.9999987235600023,
                0.0,
                0.0,
                0.0
            ],
            [
                0.0,
                1.9849123874334895e-11,
                0.9999999999801509,
                0.0,
                0.0
            ],
            [
                0.0,
                0.0,
                0.0,
                0.9456865659223364,
                0.05431343407766355
            ],
            [
                0.0,
                0.0,
                0.0,
                0.9456869577932953,
                0.05431304220670481
            ]
        ],
        [
            [
                0.9999351165301651,
                6.488346983489965e-05,
                0.0,
                0.0,
                0.0
            ],
            [
                0.0016121613640234865,
                0.9983878386359766,
                0.0,
                0.0,
                0.0
            ],
            [
                0.0,
                0.0,
                1.0,
                0.0,
                0.0
            ],
            [
                0.0,
                0.0,
                9.273116672552029e-05,
                0.9999072688332745,
                0.0
            ],
            [
                0.0,
                0.0,
                0.0,
                0.32865398939030877,
                0.6713460106096913
            ]
        ],
        [
            [
                0.9726531552226695,
                0.027346844777330546,
                0.0,
                0.0,
                0.0
            ],
            [
                3.17639365893792e-05,
                0.9999682360634106,
                0.0,
                0.0,
                0.0
            ],
            [
                0.0,
                0.0,
                1.0,
                0.0,
                0.0
            ],
            [
                0.0,
                0.0,
                3.059022269256247e-07,
                0.9999996940977731,
                0.0
            ],
            [
                0.0,
                0.0,
                0.0,
                0.003287657814449968,
                0.99671234218555
            ]
        ],
        [
            [
                0.9998674704863774,
                0.0001325295136225689,
                0.0,
                0.0,
                0.0
            ],
            [
                0.013576824573942155,
                0.9864231754260578,
                0.0,
                0.0,
                0.0
            ],
            [
                0.0,
                0.0,
                1.0,
                0.0,
                0.0
            ],
            [
                0.0,
                0.0,
                0.0,
                0.993307149075715,
                0.006692850924284855
            ],
            [
                0.0,
                0.0,
                0.0,
                2.9458792480295974e-09,
                0.9999999970541208
            ]
        ],
        [
            [
                0.9999995627939634,
                4.3720603660254626e-07,
                0.0,
                0.0,
                0.0
            ],
            [
                0.05431304220670481,
                0.9456869577932953,
                0.0,
                0.0,
                0.0
            ],
            [
                0.0,
                0.0,
                1.0,
                0.0,
                0.0
            ],
            [
                0.0,
                0.0,
                0.0,
                0.9983878384800783,
                0.0016121615199217517
            ],
            [
                0.0,
                0.0,
                0.0,
                0.8066788214139465,
                0.1933211785860535
            ]
        ],
        [
            [
                9.273118883230575e-05,
                0.9999072688111678,
                0.0,
                0.0,
                0.0
            ],
            [
                0.19332102986239885,
                0.8066789701376011,
                0.0,
                0.0,
                0.0
            ],
            [
                0.0,
