{
    "[['A', 'B', 'C', 'D', 'E'], ['A', 'B', 'C', 'D', 'E']]": [
        [
            [
                0.9999351170251526,
                6.488297484731642e-05,
                0.0,
                0.0,
                0.0
            ],
            [
                0.32865209562010855,
                0.6713479043798914,
                0.0,
                0.0,
                0.0
            ],
            [
                0.0,
                0.0,
                1.0,
                0.0,
                0.0
            ],
            [
                0.0,
                0.0,
                0.0,
                0.0,
                1.0
            ],
            [
                0.0,
                0.0,
                0.0,
                0.0,
                1.0
            ]
        ],
        [
            [
                0.9994472213630764,
                0.0005527786369235996,
                0.0,
                0.0,
                0.0
            ],
            [
                0.19332102986239885,
                0.8066789701376011,
                0.0,
                0.0,
                0.0
            ],
            [
                0.0,
                0.0,
                0.9999999998816222,
                1.1837772540590154e-10,
                0.0
            ],
            [
                0.0,
                0.0,
                0.0,
                6.248704741384311e-07,
                0.9999993751295257
            ],
            [
                0.0,
                0.0,
                0.0,
                0.0,
                1.0
            ]
        ],
        [
            [
                0.9456869577932951,
                0.0543130422067048,
                0.0,
                0.0,
                0.0
            ],
            [
                0.013576931540510559,
                0.9864230684594895,
                0.0,
                0.0,
                0.0
            ],
            [
                0.0,
                0.0,
                1.0,
                0.0,
                0.0
            ],
            [
                0.0,
                0.0,
                0.0,
                0.03863161068050357,
                0.9613683893194965
            ],
            [
                0.0,
                0.0,
                0.0,
                7.612427584735929e-06,
                0.9999923875724154
            ]
        ],
        [
            [
                0.9999999641116739,
                3.588832609430486e-08,
                0.0,
                0.0,
                0.0
            ],
            [
                0.013576931540510557,
                0.9864230684594895,
                0.0,
                0.0,
                0.0
            ],
            [
                0.0,
                0.0,
                0.99999999899098,
                1.0090199453058243e-09,
                0.0
            ],
            [
                0.0,
                0.0,
                0.0,
                0.027346844777330546,
                0.9726531552226695
            ],
            [
                0.0,
                0.0,
                0.0,
                0.001128526635177019,
                0.998871473364823
            ]
        ],
        [
            [
                0.9999351170251527,
                6.488297484731643e-05,
                0.0,
                0.0,
                0.0
            ],
            [
                0.19332102986239885,
                0.8066789701376013,
                0.0,
                0.0,
                0.0
            ],
            [
                0.0,
                0.0,
                1.0,
                0.0,
                0.0
            ],
            [
                0.0,
                0.0,
                0.0,
                6.488297484731642e-05,
                0.9999351170251526
            ],
            [
                0.0,
                0.0,
                0.0,
                2.0611536181902037e-09,
                0.9999999979388464
            ]
        ],
        [
            [
                0.9456865659223365,
                0.05431343407766354,
                0.0,
                0.0,
                0.0
            ],
            [
                3.1764209213943854e-05,
                0.9999682357907861,
                0.0,
                0.0,
                0.0
            ],
            [
                0.0,
                0.0,
                0.6713476939612554,
                0.3286523060387446,
                0.0
            ],
            [
                0.0,
                0.0,
                0.0,
                0.01357693154051056,
                0.9864230684594895
            ],
            [
                0.0,
                0.0,
                0.0,
                0.00018940473124671656,
                0.9998105952687533
            ]
        ],
        [
            [
                0.9904617423906268,
                0.009538257609373298,
                0.0,
                0.0,
                0.0
            ],
            [
                1.2764416097586034e-06,
                0.9999987235583903,
                0.0,
                0.0,
                0.0
            ],
            [
                0.0,
                0.0,
                0.999999926690357,
                7.3309642981377e-08,
                0.0
            ],
            [
                0.0,
                0.0,
                0.0,
                3.726642838175183e-06,
                0.9999962733571618
            ],
            [
                0.0,
                0.0,
                0.0,
                0.002302564881617554,
                0.9976974351183825
            ]
        ],
        [
            [
                0.9999682360634106,
                3.176393658937921e-05,
                0.0,
                0.0,
                0.0
            ],
            [
                0.9983878522950046,
                0.0016121477049954806,
                0.0,
                0.0,
                0.0
            ],
            [
                0.0,
                0.0,
                1.0,
                0.0,
                0.0
            ],
            [
                0.0,
                0.0,
                0.0,
                0.0032876578144499674,
                0.99671234218555
            ],
            [
                0.0,
                0.0,
                0.0,
                7.330964298137702e-08,
                0.9999999266903571
            ]
        ],
        [
            [
                0.9933071490757153,
                0.006692850924284856,
                0.0,
                0.0,
                0.0
            ],
            [
                7.612485662728743e-06,
                0.9999923875143373,
                0.0,
                0.0,
                0.0
            ],
            [
                0.0,
                0.0,
                1.0,
                0.0,
                0.0
            ],
            [
                0.0,
                0.0,
                0.0,
                1.0879998129518428e-05,
                0.9999891200018706
            ],
            [
                0.0,
                0.0,
                0.0,
                4.21038288708347e-09,
                0.9999999957896171
            ]
        ],
        [
            [
                0.9999546024776388,
                4.5397522361228185e-05,
                0.0,
                0.0,
                0.0
            ],
            [
                0.0005527786369235994,
                0.9994472213630763,
                0.0,
                0.0,
                0.0
            ],
            [
                0.0,
                0.0,
                1.0,
                0.0,
                0.0
            ],
            [
                0.0,
                0.0,
                0.0,
                0.05431304220670481,
                0.9456869577932951
            ],
            [
                0.0,
                0.0,
                0.0,
                0.00953832968666366,
                0.9904616703133363
            ]
        ],
        [
            [
                0.19332102986239882,
                0.8066789701376011,
                0.0,
                0.0,
                0.0
            ],
            [
                0.9988714733648228,
                0.0011285266351770188,
                0.0,
                0.0,
                0.0
            ],
            [
                0.0,
                0.0,
                1.0,
                0.0,
                0.0
            ],
            [
                0.0,
                0.0,
                0.0,
                0.0,
                1.0
            ],
            [
                0.0,
                0.0,
                0.0,
                1.0879998129518426e-05,
                0.9999891200018706
            ]
        ],
        [
            [
                0.9456865659223365,
                0.05431343407766356,
                0.0,
                0.0,
                0.0
            ],
            [
                1.0879998129518426e-05,
                0.9999891200018706,
                0.0,
                0.0,
                0.0
            ],
            [
                0.0,
                0.0,
                0.9999891199084873,
                1.0880091512676166e-05,
                0.0
            ],
            [
                0.0,
                0.0,
                0.0,
                0.004692250872689785,
                0.9953077491273102
            ],
            [
                0.0,
                0.0,
                0.0,
                6.017633825897449e-09,
                0.999999993982366
            ]
        ],
        [
            [
                0.999999694097773,
                3.059022269256247e-07,
                0.0,
                0.0,
                0.0
            ],
            [
                0.0011285180349513996,
                0.9988714819650486,
                0.0,
                0.0,
                0.0
            ],
            [
                0.0,
                4.054642068491706e-11,
                0.9999999999594535,
                0.0,
                0.0
            ],
            [
                0.0,
                0.0,
                0.0,
                4.3720914044242075e-07,
                0.9999995627908596
            ],
            [
                0.0,
                0.0,
                0.0,
                1.2292361666841442e-08,
                0.9999999877076383
            ]
        ],
        [
            [
                0.9983878507600185,
                0.0016121492399814518,
                0.0,
                0.0,
                0.0
            ],
            [
                0.0032876578144499674,
                0.9967123421855499,
                0.0,
                0.0,
                0.0
            ],
            [
                0.0,
                0.0,
                1.0,
                0.0,
                0.0
            ],
            [
                0.0,
                0.0,
                0.0,
                0.00013253039823822113,
                0.9998674696017616
            ],
            [
                0.0,
                0.0,
                0.0,
                7.612485662728742e-06,
                0.9999923875143372
            ]
        ],
        [
            [
                0.9999999939823317,
                6.017668259172708e-09,
                0.0,
                0.0,
                0.0
            ],
            [
                0.0016121492399814518,
                0.9983878507600186,
                0.0,
                0.0,
                0.0
            ],
            [
                0.0,
                0.0,
                0.99999999899098,
                1.0090199453058243e-09,
                0.0
            ],
            [
                0.0,
                0.0,
                0.0,
                8.931003645205374e-07,
                0.9999991068996356
            ],
            [
                0.0,
                0.0,
                0.0,
                1.2764501309432266e-06,
                0.9999987235498691
            ]
        ],
        [
            [
                0.8066789701376011,
                0.19332102986239885,
                0.0,
                0.0,
                0.0
            ],
            [
                0.0011285180349513996,
                0.9988714819650486,
                0.0,
                0.0,
                0.0
            ],
            [
                0.0,
                0.0,
                1.0,
                0.0,
                0.0
            ],
            [
                0.0,
                0.0,
                0.0,
                2.22246387906633e-05,
                0.9999777753612092
            ],
            [
                0.0,
                0.0,
                0.0,
                0.0,
                1.0
            ]
        ],
        [
            [
                0.9999682358210779,
                3.176417892221002e-05,
                0.0,
                0.0,
                0.0
            ],
            [
                0.009538257609373298,
                0.9904617423906267,
                0.0,
                0.0,
                0.0
            ],
            [
                0.0,
                0.0,
                0.9999999999801507,
                1.984929187524268e-11,
                0.0
            ],
            [
                0.0,
                0.0,
                0.0,
                0.0016121492399814518,
                0.9983878507600186
            ],
            [
                0.0,
                0.0,
                0.0,
                0.001612149239981452,
                0.9983878507600186
            ]
        ],
        [
            [
                0.9953077847582307,
                0.004692215241769328,
                0.0,
                0.0,
                0.0
            ],
            [
                0.0007898633611239567,
                0.999210136638876,
                0.0,
                0.0,
                0.0
            ],
            [
                0.0,
                0.0,
                1.0,
                0.0,
                0.0
            ],
            [
                0.0,
                0.0,
                0.0,
                0.5,
                0.5
            ],
            [
                0.0,
                0.0,
                0.0,
                0.0016121477049954802,
                0.9983878522950045
            ]
        ],
        [
            [
                0.9992101306174338,
                0.0007898693825662401,
                0.0,
                0.0,
                0.0
            ],
            [
                0.013576931540510557,
                0.9864230684594893,
                0.0,
                0.0,
                0.0
            ],
            [
                0.0,
                0.0,
                1.0,
                0.0,
                0.0
            ],
            [
                0.0,
                0.0,
                0.0,
                0.9998674706127507,
                0.00013252938724938625
            ],
            [
                0.0,
                0.0,
                0.0,
                0.0,
                1.0
            ]
        ],
        [
            [
                0.9999999957896252,
                4.21037485642312e-09,
                0.0,
                0.0,
                0.0
            ],
            [
                0.9726531552226695,
                0.027346844777330546,
                0.0,
                0.0,
                0.0
            ],
            [
                0.0,
                0.0,
                1.0,
                0.0,
                0.0
            ],
            [
                0.0,
                0.0,
                0.0,
                0.0007898633611239568,
                0.9992101366388761
            ],
            [
                0.0,
                0.0,
                0.0,
                6.017622348182813e-09,
                0.9999999939823777
            ]
        ],
        [
            [
                0.9726533581561636,
                0.027346641843836433,
                0.0,
                0.0,
                0.0
            ],
            [
                0.0016121492399814518,
                0.9983878507600186,
                0.0,
                0.0,
                0.0
            ],
            [
                0.0,
                0.0,
                1.0,
                0.0,
                0.0
            ],
            [
                0.0,
                0.0,
                0.0,
                0.00018940635661962728,
                0.9998105936433803
            ],
            [
                0.0,
                0.0,
                0.0,
                4.372095573975655e-07,
                0.9999995627904427
            ]
        ],
        [
            [
                0.9999546021745903,
                4.539782540963912e-05,
                0.0,
                0.0,
                0.0
            ],
            [
                4.5397868702434395e-05,
                0.9999546021312976,
                0.0,
                0.0,
                0.0
            ],
            [
                0.0,
                1.3374252002293103e-13,
                0.9999999999998663,
                0.0,
                0.0
            ],
            [
                0.0,
                0.0,
                0.0,
                5.326276751894044e-06,
                0.9999946737232481
            ],
            [
                0.0,
                0.0,
                0.0,
                0.00038682656486119303,
                0.9996131734351389
            ]
        ],
        [
            [
                0.9996131734351388,
                0.00038682656486119303,
                0.0,
                0.0,
                0.0
            ],
            [
                0.006692850924284855,
                0.9933071490757152,
                0.0,
                0.0,
                0.0
            ],
            [
                0.0,
                0.0,
                1.0,
                0.0,
                0.0
            ],
            [
                0.0,
                0.0,
                0.0,
                0.00018940491184301798,
                0.999810595088157
            ],
            [
                0.0,
                0.0,
                0.0,
                1.0477663069812406e-07,
                0.9999998952233693
            ]
        ],
        [
            [
                0.9967123421855502,
                0.003287657814449968,
                0.0,
                0.0,
                0.0
            ],
            [
                0.8066789701376011,
                0.19332102986239885,
                0.0,
                0.0,
                0.0
            ],
            [
                0.0,
                0.0,
                1.0,
                0.0,
                0.0
            ],
            [
                0.0,
                0.0,
                0.0,
                0.03863189403118156,
                0.9613681059688184
            ],
            [
                0.0,
                0.0,
                0.0,
                1.0477663069812406e-07,
                0.9999998952233693
            ]
        ],
        [
            [
                0.9998105949075605,
                0.00018940509243949155,
                0.0,
                0.0,
                0.0
            ],
            [
                0.0016121492399814514,
                0.9983878507600185,
                0.0,
                0.0,
                0.0
            ],
            [
                0.0,
                0.0,
                0.9999546021745903,
                4.539782540963912e-05,
                0.0
            ],
            [
                0.0,
                0.0,
                0.0,
                5.326236115998773e-06,
                0.999994673763884
            ],
            [
                0.0,
                0.0,
                0.0,
                0.0,
                1.0
            ]
        ],
        [
            [
                0.3286523060387446,
                0.6713476939612554,
                0.0,
                0.0,
                0.0
            ],
            [
                9.273116672552028e-05,
                0.9999072688332744,
                0.0,
                0.0,
                0.0
            ],
            [
                0.0,
                0.0,
                1.0,
                0.0,
                0.0
            ],
            [
                0.0,
                0.0,
                0.0,
                0.0016121492399814516,
                0.9983878507600186
            ],
            [
                0.0,
                0.0,
                0.0,
                0.0,
                1.0
            ]
        ],
        [
            [
                0.9999998502485417,
                1.4975145837016808e-07,
                0.0,
                0.0,
                0.0
            ],
            [
                1.0879998129518428e-05,
                0.9999891200018706,
                0.0,
                0.0,
                0.0
            ],
            [
                0.0,
                0.0,
                0.9999999999996095,
                3.904665298929877e-13,
                0.0
            ],
            [
                0.0,
                0.0,
                0.0,
                0.10500099472147156,
                0.8949990052785285
            ],
            [
                0.0,
                0.0,
                0.0,
                1.0879998129518426e-05,
                0.9999891200018705
            ]
        ],
        [
            [
                0.9999072688332745,
                9.273116672552029e-05,
                0.0,
                0.0,
                0.0
            ],
            [
                9.273116672552026e-05,
                0.9999072688332744,
                0.0,
                0.0,
                0.0
            ],
            [
                0.0,
                0.0,
                1.0,
                0.0,
                0.0
            ],
            [
                0.0,
                0.0,
                0.0,
                1.2764513482599594e-06,
                0.9999987235486518
            ],
            [
                0.0,
                0.0,
                0.0,
                0.00013253052461236771,
                0.9998674694753876
            ]
        ],
        [
            [
                0.9999991069064493,
                8.930935507375784e-07,
                0.0,
                0.0,
                0.0
            ],
            [
                0.0016121492399814516,
                0.9983878507600186,
                0.0,
                0.0,
                0.0
            ],
            [
                0.0,
                0.0,
                1.0,
                0.0,
                0.0
            ],
            [
                0.0,
                0.0,
                0.0,
                0.0011285180349513994,
                0.9988714819650486
            ],
            [
                0.0,
                0.0,
                0.0,
                2.1403210679315668e-07,
                0.9999997859678933
            ]
        ],
        [
            [
                0.9992101306174338,
                0.00078986938256624,
                0.0,
                0.0,
                0.0
            ],
            [
                0.19332102986239882,
                0.8066789701376011,
                0.0,
                0.0,
                0.0
            ],
            [
                0.0,
                0.0,
                1.0,
                0.0,
                0.0
            ],
            [
                0.0,
                0.0,
                0.0,
                0.00953832968666366,
                0.9904616703133363
            ],
            [
                0.0,
                0.0,
                0.0,
                1.047767306209429e-07,
                0.9999998952232694
            ]
        ],
        [
            [
                0.6713476939612554,
                0.3286523060387446,
                0.0,
                0.0,
                0.0
            ],
            [
                9.273116672552029e-05,
                0.9999072688332745,
                0.0,
                0.0,
                0.0
            ],
            [
                0.0,
                0.0,
                0.9999999970541278,
                2.9458722245145457e-09,
                0.0
            ],
            [
                0.0,
                0.0,
                0.0,
                0.013576931540510559,
                0.9864230684594893
            ],
            [
                0.0,
                0.0,
                0.0,
                0.0,
                1.0
            ]
        ],
        [
            [
                0.9999546021312976,
                4.5397868702434395e-05,
                0.0,
                0.0,
                0.0
            ],
            [
                8.930944024576052e-07,
                0.9999991069055975,
                0.0,
                0.0,
                0.0
            ],
            [
                0.0,
                0.0,
                1.0,
                0.0,
                0.0
            ],
            [
                0.0,
                0.0,
                0.0,
                0.00013253039823822113,
                0.9998674696017616
            ],
            [
                0.0,
                0.0,
                0.0,
                1.4975188681307589e-07,
                0.9999998502481132
            ]
        ],
        [
            [
                0.9996131708537832,
                0.0003868291462168012,
                0.0,
                0.0,
                0.0
            ],
            [
                2.607438607727485e-06,
                0.9999973925613923,
                0.0,
                0.0,
                0.0
            ],
            [
                0.0,
                0.0,
                1.0,
                0.0,
                0.0
            ],
            [
                0.0,
                0.0,
                0.0,
                0.00018940635661962728,
                0.9998105936433803
            ],
            [
                0.0,
                0.0,
                0.0,
                1.4975188681307589e-07,
                0.9999998502481132
            ]
        ],
        [
            [
                0.9999997859678932,
                2.1403210679315663e-07,
                0.0,
                0.0,
                0.0
            ],
            [
                7.612485662728743e-06,
                0.9999923875143373,
                0.0,
                0.0,
                0.0
            ],
            [
                0.0,
                0.0,
                1.0,
                0.0,
                0.0
            ],
            [
                0.0,
                0.0,
                0.0,
                0.3286523060387446,
                0.6713476939612554
            ],
            [
                0.0,
                0.0,
                0.0,
                1.2764489136276549e-06,
                0.9999987235510864
            ]
        ],
        [
            [
                0.6713476939612554,
                0.3286523060387446,
                0.0,
                0.0,
                0.0
            ],
            [
                4.3720622176754196e-07,
                0.9999995627937781,
                0.0,
                0.0,
                0.0
            ],
            [
                0.0,
                0.0,
                1.0,
                0.0,
                0.0
            ],
            [
                0.0,
                0.0,
                0.0,
                0.0066928509242848554,
                0.993307149075715
            ],
            [
                0.0,
                0.0,
                0.0,
                9.273116672552029e-05,
                0.9999072688332744
            ]
        ],
        [
            [
                0.9999999487071362,
                5.129286384567659e-08,
                0.0,
                0.0,
                0.0
            ],
            [
                0.0002706842555301286,
                0.9997293157444699,
                0.0,
                0.0,
                0.0
            ],
            [
                0.0,
                0.0,
                0.9999999997581861,
                2.4181387834071036e-10,
                0.0
            ],
            [
                0.0,
                0.0,
                0.0,
                7.612478402955409e-06,
                0.999992387521597
            ],
            [
                0.0,
                0.0,
                0.0,
                8.600664233618821e-09,
                0.9999999913993358
            ]
        ],
        [
            [
                0.9864230684594895,
                0.013576931540510559,
                0.0,
                0.0,
                0.0
            ],
            [
                0.99972931574447,
                0.0002706842555301286,
                0.0,
                0.0,
                0.0
            ],
            [
                0.0,
                0.0,
                0.999999999986112,
                1.3887957109352833e-11,
                0.0
            ],
            [
                0.0,
                0.0,
                0.0,
                2.22246387906633e-05,
                0.9999777753612095
            ],
            [
                0.0,
                0.0,
                0.0,
                1.009019464167736e-09,
                0.9999999989909805
            ]
        ],
        [
            [
                0.9988714733648228,
                0.001128526635177019,
                0.0,
                0.0,
                0.0
            ],
            [
                1.6918963088100538e-10,
                0.9999999998308104,
                0.0,
                0.0,
                0.0
            ],
            [
                0.0,
                0.0,
                1.0,
                0.0,
                0.0
            ],
            [
                0.0,
                0.0,
                0.0,
                4.5397522361228185e-05,
                0.9999546024776389
            ],
            [
                0.0,
                0.0,
                0.0,
                1.497517439986371e-07,
                0.999999850248256
            ]
        ],
        [
            [
                0.9996131708537832,
                0.0003868291462168012,
                0.0,
                0.0,
                0.0
            ],
            [
                1.0879987753661485e-05,
                0.9999891200122464,
                0.0,
                0.0,
                0.0
            ],
            [
                0.0,
                0.0,
                0.999999999990283,
                9.716970560106243e-12,
                0.0
            ],
            [
                0.0,
                0.0,
                0.0,
                0.10500099472147156,
                0.8949990052785285
            ],
            [
                0.0,
                0.0,
                0.0,
                0.0,
                1.0
            ]
        ],
        [
            [
                0.9999351170251526,
                6.488297484731643e-05,
                0.0,
                0.0,
                0.0
            ],
            [
                2.5109966980186745e-08,
                0.999999974890033,
                0.0,
                0.0,
                0.0
            ],
            [
                0.0,
                0.0,
                1.0,
                0.0,
                0.0
            ],
            [
                0.0,
                0.0,
                0.0,
                2.6074361210879227e-06,
                0.9999973925638789
            ],
            [
                0.0,
                0.0,
                0.0,
                3.059022269256247e-07,
                0.999999694097773
            ]
        ],
        [
            [
                0.9967123484356378,
                0.0032876515643621997,
                0.0,
                0.0,
                0.0
            ],
            [
                0.9967123421855499,
                0.003287657814449967,
                0.0,
                0.0,
                0.0
            ],
            [
                0.0,
                0.0,
                1.0,
                0.0,
                0.0
            ],
            [
                0.0,
                0.0,
                0.0,
                6.488297484731643e-05,
                0.9999351170251527
            ],
            [
                0.0,
                0.0,
                0.0,
                0.0,
                1.0
            ]
        ],
        [
            [
                0.8066789701376011,
                0.19332102986239882,
                0.0,
                0.0,
                0.0
            ],
            [
                5.3262767518940435e-06,
                0.999994673723248,
                0.0,
                0.0,
                0.0
            ],
            [
                0.0,
                0.0,
                0.9999999999999541,
                4.5809456535697126e-14,
                0.0
            ],
            [
                0.0,
                0.0,
                0.0,
                7.330971289492888e-08,
                0.9999999266902871
            ],
            [
                0.0,
                0.0,
                0.0,
                0.806678970137601,
                0.19332102986239882
            ]
        ],
        [
            [
                0.9999962733891476,
                3.726610852399601e-06,
                0.0,
                0.0,
                0.0
            ],
            [
                2.22246387906633e-05,
                0.9999777753612094,
                0.0,
                0.0,
                0.0
            ],
            [
                0.0,
                1.6918963088100535e-10,
                0.9999999998308104,
                0.0,
                0.0
            ],
            [
                0.0,
                0.0,
                0.0,
                0.19332102986239885,
                0.8066789701376011
            ],
            [
                0.0,
                0.0,
                0.0,
                0.003287657814449968,
                0.99671234218555
            ]
        ],
        [
            [
                0.999810595088157,
                0.00018940491184301798,
                0.0,
                0.0,
                0.0
            ],
            [
                0.0007898641138017337,
                0.9992101358861982,
                0.0,
                0.0,
                0.0
            ],
            [
                0.0,
                0.0,
                1.0,
                0.0,
                0.0
            ],
            [
                0.0,
                0.0,
                0.0,
                0.0001325295136225689,
                0.9998674704863774
            ],
            [
                0.0,
                0.0,
                0.0,
                0.0,
                1.0
            ]
        ],
        [
            [
                0.999999850248256,
                1.4975174399863707e-07,
                0.0,
                0.0,
                0.0
            ],
            [
                4.3720663871990327e-07,
                0.9999995627933613,
                0.0,
                0.0,
                0.0
            ],
            [
                0.0,
                0.0,
                1.0,
                0.0,
                0.0
            ],
            [
                0.0,
                0.0,
                0.0,
                2.22246387906633e-05,
                0.9999777753612094
            ],
            [
                0.0,
                0.0,
                0.0,
                0.9998105950881571,
                0.00018940491184301798
            ]
        ],
        [
            [
                0.9983878507600187,
                0.0016121492399814518,
                0.0,
                0.0,
                0.0
            ],
            [
                0.9726531552226695,
                0.027346844777330542,
                0.0,
                0.0,
                0.0
            ],
            [
                0.0,
                0.0,
                1.0,
                0.0,
                0.0
            ],
            [
                0.0,
                0.0,
                0.0,
                6.017622348182813e-09,
                0.9999999939823776
            ],
            [
                0.0,
                0.0,
                0.0,
                2.0611555838604045e-09,
                0.9999999979388444
            ]
        ],
        [
            [
                0.9999891200018705,
                1.0879998129518426e-05,
                0.0,
                0.0,
                0.0
            ],
            [
                0.5,
                0.5,
                0.0,
                0.0,
                0.0
            ],
            [
                0.0,
                0.0,
                1.0,
                0.0,
                0.0
            ],
            [
                0.0,
                0.0,
                0.0,
                0.009538329686663662,
                0.9904616703133363
            ],
            [
                0.0,
                0.0,
                0.0,
                7.612485662728743e-06,
                0.9999923875143373
            ]
        ],
        [
            [
                0.9456865659223364,
                0.05431343407766356,
                0.0,
                0.0,
                0.0
            ],
            [
                0.9999072694522624,
                9.273054773766672e-05,
                0.0,
                0.0,
                0.0
            ],
            [
                0.0,
                0.0,
                1.0,
                0.0,
                0.0
            ],
            [
                0.0,
                0.0,
                0.0,
                0.002302545164134635,
                0.9976974548358654
            ],
            [
                0.0,
                0.0,
                0.0,
                4.5397868702434395e-05,
                0.9999546021312976
            ]
        ],
        [
            [
                0.9999999913993275,
                8.600672435855244e-09,
                0.0,
                0.0,
                0.0
            ],
            [
                0.0066928509242848554,
                0.9933071490757152,
                0.0,
                0.0,
                0.0
            ],
            [
                0.0,
                0.0,
                1.0,
                0.0,
                0.0
            ],
            [
                0.0,
                0.0,
                0.0,
                6.24875837464397e-07,
                0.9999993751241625
            ],
            [
                0.0,
