{
    "[['A', 'B', 'C', 'D', 'E'], ['A', 'B', 'C', 'D', 'E']]": [
        [
            [
                0.023564285957034668,
                9.630185081700918e-05,
                1.069816927352482e-06,
                0.36860743120913536,
                0.6077309111660856
            ],
            [
                9.867089368191258e-07,
                1.5131671629149165e-07,
                1.7146430298885558e-07,
                0.9241406045251047,
                0.07585808598493919
            ],
            [
                2.989446292947447e-09,
                2.503032735711104e-08,
                8.7364426813857e-08,
                0.9968272015344358,
                0.0031726830813636375
            ],
            [
                2.2531538971293155e-06,
                3.21395142216258e-08,
                3.838517582139219e-09,
                0.0031726754208592865,
                0.9968250354472118
            ],
            [
                7.684496598669494e-07,
                2.9796055235616245e-08,
                8.536712752515235e-09,
                0.07585811886447495,
                0.9241410743530972
            ]
        ],
        [
            [
                1.1628233568182977e-10,
                7.991960262689453e-11,
                1.0815942057668306e-11,
                5.043472049175384e-07,
                0.9999994954457773
            ],
            [
                0.001808833853538715,
                5.354957298885703e-07,
                8.212092990266248e-08,
                0.7297357694051309,
                0.26845477912467064
            ],
            [
                4.7130810798645046e-07,
                0.0319765075619347,
                0.14330878084912219,
                0.824685081480712,
                2.9158800123057505e-05
            ],
            [
                4.910754560809795e-06,
                5.865059936268448e-07,
                8.994360720699662e-08,
                0.37753855251914187,
                0.6224558602766964
            ],
            [
                2.038508757234244e-09,
                1.4010452135686046e-09,
                7.499254624344251e-10,
                0.010986942329432425,
                0.989013053481088
            ]
        ],
        [
            [
                0.99999999996059,
                3.775134542162941e-11,
                0.0,
                0.0,
                1.6586783579844568e-12
            ],
            [
                4.4035802494230074e-08,
                2.8714977673069235e-07,
                1.0563639865342323e-07,
                0.2689413038904715,
                0.7310582592875506
            ],
            [
                1.9522364219115285e-08,
                0.00015819120486922474,
                0.001500876363434477,
                0.9982955903703159,
                4.532253901612595e-05
            ],
            [
                0.022661369440969366,
                7.602046136303261e-06,
                2.0258766744181074e-07,
                0.013744815297047908,
                0.963586010628179
            ],
            [
                1.3176238943394608e-10,
                1.1627990055260263e-10,
                4.8472674192374035e-11,
                2.1444939757693443e-05,
                0.9999785547637274
            ]
        ],
        [
            [
                0.9999999999609568,
                3.775134542394102e-11,
                0.0,
                0.0,
                1.291780004140986e-12
            ],
            [
                1.039734040141054e-08,
                2.494192301190969e-08,
                5.565295276057218e-09,
                0.00669285114139484,
                0.9933071079540464
            ],
            [
                5.675685231681003e-14,
                2.7346982911333103e-12,
                0.99999999988079,
                1.1628233028271105e-10,
                1.361526107861348e-13
            ],
            [
                0.010977040584575156,
                2.354071174439848e-07,
                1.172023025046545e-08,
                0.0009010503612793328,
                0.9881216619267977
            ],
            [
                4.855216316535189e-07,
                1.6613636634793247e-08,
                5.393658125280697e-09,
                0.03732686417271833,
                0.9626726282983553
            ]
        ],
        [
            [
                0.9999999999186167,
                7.991959888138579e-11,
                0.0,
                0.0,
                1.4637785132439462e-12
            ],
            [
                1.7197097509694754e-07,
                2.2081510295705528e-07,
                2.502162923295792e-07,
                0.43782321763362464,
                0.562176139364005
            ],
            [
                5.2661325264748575e-09,
                2.124509491528601e-06,
                0.9399110821681873,
                0.0600865005350949,
                2.875210937748952e-07
            ],
            [
                1.272037384107385e-07,
                1.9507325086529757e-08,
                2.6400293657741852e-09,
                0.0024726228909211015,
                0.9975272277579861
            ],
            [
                0.001743329063932888,
                7.1245908235940545e-06,
                1.6755431631733962e-07,
                0.09518254239404336,
                0.9030668363968838
            ]
        ],
        [
            [
                0.9999999993296385,
                6.691586082855415e-10,
                4.193795653091622e-13,
                0.0,
                7.835041775185249e-13
            ],
            [
                3.57038441607065e-10,
                2.328183096724216e-09,
                1.4121144295879407e-09,
                0.0031726830566847276,
                0.9968273128459793
            ],
            [
                3.526019860272644e-08,
                0.00028571662106134194,
                0.8517091601505163,
                0.14800485804262714,
                2.299255965093272e-07
            ],
            [
                3.1595192701916796e-10,
                1.2496141121154122e-09,
                2.7882659696004984e-10,
                0.0004305571180811372,
                0.9995694410375262
            ],
            [
                0.5465382306596598,
                1.932423042356441e-05,
                1.0901984793789484e-06,
                0.12194916205701066,
                0.33149219285442644
            ]
        ],
        [
            [
                6.470051004645073e-07,
                8.144592236227518e-09,
                2.9962280404326474e-09,
                0.0009110505874503591,
                0.9990882912666289
            ],
            [
                7.414976345354039e-06,
                3.3231618443788484e-05,
                2.537265378635295e-07,
                0.06008419015276572,
                0.9398749095259074
            ],
            [
                2.299242758754063e-07,
                0.00028571497997802083,
                0.14800409546707,
                0.8517047265762776,
                5.2330523983793465e-06
            ],
            [
                3.166194437517705e-08,
                1.6947417575946074e-08,
                3.781479997823162e-09,
                0.01798621062196054,
                0.9820137369871975
            ],
            [
                0.00015090047557742348,
                0.00015090047557742348,
                1.0167594065774705e-06,
                0.04741150905631603,
                0.9522856732331225
            ]
        ],
        [
            [
                3.3898648960119923e-09,
                7.563810971286963e-10,
                2.1670681258174487e-10,
                0.0024726229575124203,
                0.9975273726795347
            ],
            [
                2.9693553508096837e-07,
                5.1599658881587864e-08,
                1.6751956570756683e-08,
                0.9706874143797861,
                0.029312220333063313
            ],
            [
                1.1200412333233204e-07,
                0.0027955382141833913,
                0.11886933883541835,
                0.8783321223218621,
                2.888624412868058e-06
            ],
            [
                1.3393124857658807e-07,
                2.988410094377326e-08,
                1.0993746355106279e-08,
                0.43782342275843955,
                0.5621764024324645
            ],
            [
                1.4414071944298273e-07,
                3.8412200625683536e-09,
                1.100527973721433e-09,
                0.00247262289284994,
                0.9975272280246826
            ]
        ],
        [
            [
                0.9999999988960364,
                1.1032560305506472e-09,
                2.882350788760265e-13,
                0.0,
                4.1937956515641867e-13
            ],
            [
                1.1911842650170688e-07,
                2.5217371088298915e-07,
                1.051216424285071e-07,
                0.49999976176070104,
                0.49999976182551903
            ],
            [
                1.932468119825867e-08,
                1.1343306320971006e-05,
                0.6791706107723441,
                0.32081746184668647,
                5.647499673198067e-07
            ],
            [
                7.707160009948438e-07,
                5.6948637676943915e-06,
                4.1253454767494357e-07,
                0.4378204876545133,
                0.5621726342311703
            ],
            [
                1.3350449566723078e-08,
                7.145980706454928e-09,
                3.3755222722619158e-09,
                0.006692851259799092,
                0.9933071248682483
            ]
        ],
        [
            [
                6.823821122449321e-08,
                1.6048089092462994e-09,
                4.5978545054303427e-10,
                0.00026119033929174066,
                0.9997387393579027
            ],
            [
                4.528794777598907e-08,
                2.6061414546251446e-07,
                6.589357519974157e-08,
                0.14804714115242584,
                0.8519524870519056
            ],
            [
                5.582265213076316e-08,
                0.0001468517400174717,
                0.5620936144345622,
                0.4377589483726962,
                5.296300720067796e-07
            ],
            [
                2.056056985460154e-09,
                4.9322243054088326e-09,
                5.198526171552709e-10,
                0.0024726229476039327,
                0.9975273695442621
            ],
            [
                9.237362173197151e-09,
                1.1032455832996514e-09,
                2.1724193596916255e-10,
                1.0129987994826779e-05,
                0.9999898594541555
            ]
        ],
        [
            [
                0.9999999999287799,
                7.052879847745302e-11,
                0.0,
                0.0,
                6.914400103639451e-13
            ],
            [
                4.340684374632773e-09,
                4.91863978436647e-09,
                2.0503941145820697e-09,
                0.005220125640795429,
                0.9947798630494863
            ],
            [
                5.4926420509183834e-11,
                6.34863101619346e-09,
                0.9999724578362574,
                2.753568965823837e-05,
                7.052691998147089e-11
            ],
            [
                2.319446175505617e-06,
                9.862536102340636e-05,
                3.824120245800173e-06,
                0.6223941166839491,
                0.37750111438860623
            ],
            [
                2.704041267133745e-05,
                1.0484705807739677e-06,
                7.595088169638701e-08,
                0.017985704296345217,
                0.9819861308695209
            ]
        ],
        [
            [
                0.9999999999439322,
                5.4927883481205514e-11,
                0.0,
                0.0,
                1.13999185245615e-12
            ],
            [
                4.348111396564725e-08,
                2.9884103458477766e-08,
                1.812562498559111e-08,
                0.4378234591254253,
                0.5621764493837322
            ],
            [
                2.6810038673185076e-14,
                1.4637785138729579e-12,
                0.999999999882121,
                1.1628233028211531e-10,
                1.0603575989691475e-13
            ],
            [
                1.134330590343133e-05,
                1.6180356870787664e-07,
                2.4813380914587525e-08,
                0.32081760187910163,
                0.6791708681980453
            ],
            [
                1.3432978773793575e-08,
                5.599698661942123e-09,
                1.6043405276180062e-09,
                0.0005527785723045097,
                0.9994472007906775
            ]
        ],
        [
            [
                0.9999999999582696,
                3.775134542152948e-11,
                0.0,
                0.0,
                3.9789625335962945e-12
            ],
            [
                9.334460988852988e-08,
                2.2392207848659116e-07,
                8.237632909959499e-08,
                0.939912971625699,
                0.060086628731283634
            ],
            [
                7.680455521902417e-08,
                0.000259435644080791,
                0.006690930256994586,
                0.9930222129786596,
                2.73443157098232e-05
            ],
            [
                4.1398272861479046e-08,
                4.363345857800365e-09,
                4.5989326990738114e-10,
                2.7535688556208778e-05,
                0.9999724180899319
            ],
            [
                3.9219644833953703e-07,
                2.3787917054833116e-07,
                2.994456835374609e-09,
                0.00150118125784285,
                0.9984981856720814
            ]
        ],
        [
            [
                6.466226757424845e-07,
                2.5072282017943283e-08,
                4.937025053345202e-09,
                0.001501181370638729,
                0.9984981419973784
            ],
            [
                3.835372824933718e-08,
                7.165419775427822e-08,
                2.9869913594291654e-08,
                0.18242550497349616,
                0.8175743551486643
            ],
            [
                9.174938833911912e-09,
                7.434529940155885e-05,
                0.006692350597876826,
                0.9932330861071375,
                2.0882064534935956e-07
            ],
            [
                6.136950712339929e-06,
                6.136950712339929e-06,
                2.8419720020545177e-08,
                0.0011694958035175984,
                0.9988182018753377
            ],
            [
                0.2869516250287785,
                7.901627889639734e-06,
                3.0637936200182206e-07,
                0.6074765768487452,
                0.10556359011522447
            ]
        ],
        [
            [
                1.8540736929879702e-07,
                5.598822759490099e-09,
                2.0596917879791703e-09,
                0.0007096703747387177,
                0.9992901365593775
            ],
            [
                1.0377607942070855e-08,
                9.158206865114827e-09,
                5.554733251682865e-09,
                0.008577485456520657,
                0.9914224894529313
            ],
            [
                3.668108736080733e-09,
                2.153126387189396e-06,
                0.9525720133062325,
                0.04742576488048844,
                6.50187830706696e-08
            ],
            [
                2.335419497522073e-09,
                1.2500599764347672e-09,
                3.5814817961149706e-10,
                7.48461968026225e-05,
                0.9999251498595697
            ],
            [
                0.49997590423218996,
                1.3497242004827163e-07,
                3.5968931595898487e-09,
                4.8053510047599766e-05,
                0.49997590368844935
            ]
        ],
        [
            [
                0.9999999996396913,
                3.5817479268775156e-10,
                4.752193058252583e-13,
                0.0,
                1.6586783573370953e-12
            ],
            [
                6.471334434789552e-07,
                2.90025088068987e-06,
                2.380670895503892e-07,
                0.9992865468949353,
                0.0007096676536510232
            ],
            [
                3.056119074258926e-07,
                2.142504878815e-05,
                1.668584477355427e-05,
                0.9990505672381546,
                0.0009110162563762718
            ],
            [
                1.833495681366622e-07,
                3.8815103879124063e-07,
                7.643147128063129e-08,
                0.32082109295419486,
                0.679178259113727
            ],
            [
                1.8547688166767174e-07,
                3.8494498698910845e-09,
                6.689340840057768e-10,
                0.0003353500702475453,
                0.9996644599344868
            ]
        ],
        [
            [
                0.9999999997800544,
                2.1724399336020814e-10,
                2.882350791484818e-13,
                0.0,
                2.4133627701924866e-12
            ],
            [
                1.1309517811239937e-09,
                3.0742456754927437e-09,
                3.0742456754927437e-09,
                0.09534946945235469,
                0.9046505232682022
            ],
            [
                2.973200427508957e-09,
                1.2895555601641459e-05,
                0.9914097112909067,
                0.008577375081133421,
                1.509915765241344e-08
            ],
            [
                1.0431696040719447e-06,
                1.2458884221993106e-07,
                2.453299763327764e-08,
                0.02297734514940621,
                0.97702146255915
            ],
            [
                5.294568829227279e-07,
                6.323460709670644e-08,
                4.346046750612586e-08,
                0.18242541672068532,
                0.8175739471273572
            ]
        ],
        [
            [
                0.9999999999500626,
                4.8473687035020266e-11,
                0.0,
                0.0,
                1.463778513289976e-12
            ],
            [
                1.4930862171034993e-10,
                2.789452289201382e-10,
                6.224109360159086e-11,
                4.785094845575983e-06,
                0.9999952144146594
            ],
            [
                1.274782138321111e-07,
                5.827599151031308e-05,
                0.0002034031965571273,
                0.9996799173422084,
                5.827599151031308e-05
            ],
            [
                0.0002680470454305392,
                2.3190613371620545e-06,
                4.0299243366211255e-07,
                0.37743843585294895,
                0.6222907950478497
            ],
            [
                9.237203573375515e-09,
                2.061098712650927e-09,
                3.5816525113798747e-10,
                2.7535689509891745e-05,
                0.9999724526540226
            ]
        ],
        [
            [
                2.2158180574678622e-08,
                2.9987836440821404e-09,
                6.691190747545399e-10,
                5.8291275230827165e-05,
                0.9999416828986859
            ],
            [
                2.3125362227840868e-07,
                2.3125362227840868e-07,
                1.5893813527352743e-07,
                0.970687165826022,
                0.029312212728598238
            ],
            [
                6.273876861177532e-09,
                8.660819856437502e-08,
                3.610366857426266e-08,
                0.320821265912081,
                0.679178605102175
            ],
            [
                0.21215053898761177,
                3.361766338085152e-05,
                5.433789201231756e-07,
                0.04733718350582511,
                0.740478116464262
            ],
            [
                4.261497410281286e-05,
                1.973464819017502e-07,
                2.356967611052049e-08,
                0.2689299069631279,
                0.7310272571466113
            ]
        ],
        [
            [
                0.9999999998966898,
                1.0261879625290491e-10,
                0.0,
                0.0,
                6.914400102620236e-13
            ],
            [
                2.1576451775472856e-07,
                3.557355498845764e-07,
                2.444932295204804e-07,
                0.6224588230847208,
                0.3775403609219822
            ],
            [
                7.552297314456628e-09,
                6.798361389760206e-07,
                0.1824253197280065,
                0.8175735256394676,
                4.672440896528683e-07
            ],
            [
                4.910740649095559e-06,
                3.8244886629762e-06,
                7.937465420793704e-08,
                0.37753734786576987,
                0.6224538375302638
            ],
            [
                0.03270386861994377,
                0.00013365317247245333,
                2.1603023299496994e-06,
                0.3102856318335263,
                0.6568746860717275
            ]
        ],
        [
            [
                0.9999999998500804,
                1.493094675438531e-10,
                0.0,
                0.0,
                6.101936674504964e-13
            ],
            [
                2.327376195016905e-08,
                4.9270554435147316e-08,
                7.168823369661808e-08,
                0.5621764198016477,
                0.43782343596580214
            ],
            [
                6.559712744418754e-12,
                1.1031740602752953e-09,
                0.9999251524760305,
                7.484619700796866e-05,
                2.1722785225062095e-10
            ],
            [
                0.008560589540350709,
                5.768082610816314e-05,
                1.3565230091764359e-06,
                0.2207805422561103,
                0.7705998308544217
            ],
            [
                6.821829928626913e-08,
                9.232342855827245e-09,
                1.4158256325563992e-09,
                0.0005527786066417022,
                0.9994471425268906
            ]
        ],
        [
            [
                5.596238896775007e-09,
                2.332859449113057e-09,
                3.577555834726109e-10,
                0.0011695103379054058,
                0.9988304813752407
            ],
            [
                4.996376769908961e-08,
                9.334460702190681e-08,
                2.8752163130450973e-07,
                0.9399129422985297,
                0.06008662687146427
            ],
            [
                1.4278924449180372e-07,
                1.0010298863769926e-05,
                0.32081336365747004,
                0.6791619183555171,
                1.4564898904547578e-05
            ],
            [
                6.52726743316614e-05,
                9.310646945327499e-07,
                7.642637128357937e-08,
                0.3208000305337099,
                0.6791336893008926
            ],
            [
                0.00015836795954171396,
                9.92534284235973e-08,
                6.345059396553613e-09,
                0.00043048874663237835,
                0.999411037695338
            ]
        ],
        [
            [
                0.9999999998831075,
                1.1628233018870545e-10,
                0.0,
                0.0,
                6.101936671649167e-13
            ],
            [
                3.88149552237267e-07,
                3.249936410945135e-06,
                3.4254077758898574e-07,
                0.320820017302106,
                0.6791760020711533
            ],
            [
                2.2116294861405262e-08,
                1.1456524372354478e-05,
                0.11920018959408715,
                0.8807768752408733,
                1.1456524372354478e-05
            ],
            [
                0.00013498267188387185,
                5.233846173306387e-06,
                8.459724429753047e-08,
                0.14802642143275158,
                0.8518332774519469
            ],
            [
                5.2989206044193234e-08,
                1.0434193329902294e-08,
                2.638177224081078e-09,
                0.0031726832415805957,
                0.9968272506968429
            ]
        ],
        [
            [
                3.3982615943299845e-09,
                2.789462982942249e-10,
                6.224133221120208e-11,
                1.0677030723865658e-06,
                0.9999989285574784
            ],
            [
                1.4421951310178116e-07,
                5.305534328835839e-08,
                2.2116757557921674e-08,
                0.22270009000404645,
                0.7772996906043396
            ],
            [
                4.846601506409722e-11,
                9.235987637824758e-09,
                0.9998415539492685,
                0.00015843624521902884,
                5.210587670306845e-10
            ],
            [
                3.2241744646700804e-08,
                1.818954763833439e-09,
                2.789457475001017e-10,
                3.726638986897195e-06,
                0.999996239021368
            ],
            [
                3.0573320465319533e-07,
                1.5221559962394775e-08,
                1.817956087958665e-09,
                0.0005527783395929997,
                0.9994468988876862
            ]
        ],
        [
            [
                0.9999999996833018,
                3.1608814509158895e-10,
                0.0,
                0.0,
                6.101936671046021e-13
            ],
            [
                1.708741040175505e-06,
                1.33076886015493e-06,
                4.5536449729184213e-08,
                0.029312141855460876,
                0.9706847730981891
            ],
            [
                5.292687789574708e-08,
                0.0002601231222234757,
                0.004069010245507518,
                0.9956541845905368,
                1.6629114854157783e-05
            ],
            [
                4.784734336855309e-06,
                1.3439334027706068e-08,
                4.5986872179004544e-10,
                7.48458378950628e-05,
                0.9999203555285653
            ],
            [
                2.988404690767325e-08,
                6.002377000093487e-07,
                2.2081510964947102e-07,
                0.5621760224626681,
                0.4378231266004754
            ]
        ],
        [
            [
                0.9999999999366185,
                6.224144618348348e-11,
                0.0,
                0.0,
                1.1399918522092657e-12
            ],
            [
                3.219307773285014e-08,
                1.0114764349512865e-05,
                1.7576824880868267e-06,
                0.9984869312219729,
                0.0015011641381117544
            ],
            [
                1.4924513034883118e-10,
                6.822662232009738e-08,
                0.9995693740235259,
                0.0004305571408992613,
                4.5970736511943765e-10
            ],
            [
                2.6451103983252818e-09,
                8.587416172515298e-10,
                1.916111545834555e-10,
                0.0005527785819024585,
                0.9994472177226343
            ],
            [
                1.0957428254077502e-06,
                2.770471730820465e-07,
                2.5769376715880392e-08,
                0.3775401339329271,
                0.6224584675076976
            ]
        ],
        [
            [
                3.3981450650488203e-09,
                5.905090683702029e-10,
                2.461608028792772e-10,
                3.535625736204546e-05,
                0.999964639507823
            ],
            [
                1.6049006259752467e-09,
                1.4163198313792335e-09,
                2.7888991062180647e-10,
                0.00020342706097932237,
                0.9997965696389103
            ],
            [
                8.116604372471407e-08,
                0.00035203907460246034,
                0.18236073459102814,
                0.8172840994350049,
                3.0457333207299654e-06
            ],
            [
                0.00012663385079262734,
                6.304728187098419e-06,
                5.864310719350319e-07,
                0.6223762174072252,
                0.3774902575827232
            ],
            [
                2.6461547775107503e-09,
                9.734659408037971e-10,
                3.1603811957126994e-10,
                0.00015843624614902643,
                0.9998415598181921
            ]
        ],
        [
            [
                8.705587086239856e-08,
                6.306306133677324e-09,
                1.8067869577673924e-09,
                0.006692851587548898,
                0.9933070532434871
            ],
            [
                6.761860352919035e-09,
                1.6220859741873114e-08,
                3.6193630319493664e-09,
                0.06008665281234253,
                0.9399133205855744
            ],
            [
                1.4879788969979388e-08,
                3.21314279447653e-06,
                0.022977001220152893,
                0.9770070625309899,
                1.27082262738541e-05
            ],
            [
                2.2819286454410947e-09,
                5.474062250144447e-09,
                4.263203966994112e-09,
                0.022977367519017296,
                0.9770226204617879
            ],
            [
                0.9973601669339995,
                6.127990974932653e-06,
                4.678778846593432e-08,
                0.0019253584970668088,
                0.0007082997901702323
            ]
        ],
        [
            [
                8.299252592505595e-07,
                2.694372831387122e-07,
                5.305534678531056e-08,
                0.22269989254144706,
                0.7772989550406637
            ],
            [
                1.3424679095014849e-08,
                4.358355191690628e-09,
                8.582110219306978e-10,
                0.001169510323041182,
                0.9988304710357134
            ],
            [
                2.2145843803162247e-08,
                2.751946596526539e-05,
                0.00015836359248596487,
                0.9993836177146935,
                0.00043047708101151067
            ],
            [
                0.9805294311031315,
                9.424027571171502e-05,
                3.8513846713161586e-07,
                0.008483243446863062,
                0.010892700035826373
            ],
            [
                4.137648634565305e-08,
                7.190155198407628e-09,
                1.1026460120616918e-09,
                0.0005527785571611875,
                0.9994471717735512
            ]
        ],
        [
            [
                0.9999999995937154,
                4.0586521224299683e-10,
                0.0,
                0.0,
                4.193795654199107e-13
            ],
            [
                1.6918979878613944e-10,
                1.1628233478651547e-10,
                2.594609598334853e-11,
                3.927863696954966e-07,
                0.999999606902212
            ],
            [
                2.3659776089942544e-14,
                7.835041784599093e-13,
                0.9999999999833913,
                1.573710210592833e-11,
                6.431393941070062e-14
            ],
            [
                9.328307764952235e-05,
                2.672604921246974e-05,
                1.3306116393441272e-06,
                0.970569988337103,
                0.029308671924395787
            ],
            [
                8.0053934885314e-09,
                7.064734957599849e-09,
                3.3371444979503793e-09,
                0.017986211234239633,
                0.9820137703584875
            ]
        ],
        [
            [
                0.9999999998500804,
                1.4930946753673249e-10,
                0.0,
                0.0,
                6.10193667421396e-13
            ],
            [
                2.767345011110012e-07,
                8.984262426943096e-08,
                1.769106164963463e-08,
                0.09534941995269355,
                0.9046501957791194
            ],
            [
                5.789279371862625e-12,
                1.6052067171790043e-09,
                0.9999869912265028,
                1.3007124750409234e-05,
                3.7750843620974516e-11
            ],
            [
                7.595305493810424e-08,
                9.752565301560622e-08,
                1.1647778221804006e-08,
                0.01798621032735697,
                0.9820136045461567
            ],
            [
                0.6708330545409543,
                1.0421394146478843e-06,
                5.879348259915991e-08,
                0.01228673777071148,
                0.31687910675543673
            ]
        ],
        [
            [
                0.999999999956747,
                4.2777878670461826e-11,
                0.0,
                0.0,
                4.752193060635098e-13
            ],
            [
                2.7645133041454914e-06,
                5.5526734045057814e-05,
                1.7672942281150957e-07,
                0.047423105254803054,
                0.9525184267684249
            ],
            [
                9.922106601834192e-08,
                1.7587354769586557e-06,
                2.258261053645352e-06,
                0.9990848362501397,
                0.000911047532263777
            ],
            [
                1.0605566217140443e-06,
                3.038545594629117e-07,
                2.4941877308939346e-08,
                0.00669284207440085,
                0.9933057685725407
            ],
            [
                1.7255096187804154e-08,
                1.3438282423034288e-08,
                1.103081394202333e-09,
                0.00015843624173486563,
                0.9998415319618051
            ]
        ],
        [
            [
                0.9999999999447455,
                5.492788348125019e-11,
                0.0,
                0.0,
                3.2661313411048673e-13
            ],
            [
                9.33444300396919e-08,
                1.0035481552611541e-06,
                2.2392186060008262e-07,
                0.9399121089487262,
                0.060086570236827876
            ],
            [
                1.5290980116117323e-09,
                5.443966007164301e-07,
                0.9525735563725747,
                0.04742584032274692,
                5.737897956962661e-08
            ],
            [
                3.6596058687404124e-06,
                1.3462937618999535e-06,
                4.606768316049585e-08,
                0.01798611696994304,
                0.9820088310627431
            ],
            [
                3.5817207877058806e-10,
                3.1608575010732966e-10,
                7.991899329677735e-11,
                7.889265041695173e-06,
                0.9999921099807815
            ]
        ],
        [
            [
                0.9999999997200735,
                2.789468090634371e-10,
                2.8823507911354286e-13,
                0.0,
                6.914400101401299e-13
            ],
            [
                0.20583651943383305,
                3.197669901864791e-07,
                4.903785617815007e-08,
                0.07572302348466617,
                0.7184400882766545
            ],
            [
                1.710903243233207e-08,
                2.729905841117078e-05,
                0.008577109187383481,
                0.9913790169292652,
                1.655771590766113e-05
            ],
            [
                1.4443574582482476e-07,
                2.5099169127185967e-08,
                1.4159982269082252e-09,
                0.00043055709543641325,
                0.9995692719536505
            ],
            [
                0.00013498306157335498,
                1.9254299640351846e-06,
                6.250955885497212e-07,
                0.1480268310658559,
                0.8518356353470182
            ]
        ],
        [
            [
                0.9999999999284652,
                7.052879846928288e-11,
                0.0,
                0.0,
                1.0060392786865198e-12
            ],
            [
                0.00012055216514676393,
                5.6944810675842376e-05,
                4.674314705964699e-06,
                0.9768446468197595,
                0.022973181889712112
            ],
            [
                2.319960341482294e-09,
                8.705586955537647e-08,
                1.435308638752449e-07,
                0.9933069188173635,
                0.006692848275942745
            ],
            [
                2.646245639231687e-09,
                1.1031193017355666e-09,
                1.9169339115889086e-10,
                0.00012339462713061882,
                0.9998766014318111
            ],
            [
                6.681536571663918e-10,
                7.571172830290394e-10,
                4.592148451554399e-10,
                0.0015011820268314058,
                0.9984988160886827
            ]
        ],
        [
            [
                0.9999999996414057,
                3.581747926882154e-10,
                0.0,
                0.0,
                4.193795654397351e-13
            ],
            [
                2.5009748291517566e-07,
                1.1208591557000038e-06,
                5.580434463472718e-08,
                0.18242526359480676,
                0.8175733096442099
            ],
            [
                5.38494004318141e-13,
                9.056076696086853e-11,
                0.9999999676612449,
                3.2241866327328724e-08,
                5.789356141047392e-12
            ],
            [
                0.001169422820668422,
                9.918833260934981e-08,
                2.058588168103356e-09,
                7.475866412392991e-05,
                0.9987557172682868
            ],
            [
                2.4373952450214997e-08,
                1.4783549459433258e-08,
                3.2986557584455762e-09,
                0.029312226659574583,
                0.9706877308842677
            ]
        ],
        [
            [
                0.9999999997201654,
                2.78946808813675e-10,
                0.0,
                0.0,
                8.878265463398184e-13
            ],
            [
                2.945019710524981e-09,
                4.284978394695228e-09,
                2.024080472871912e-09,
                0.01798621139354973,
