{
    "[['A', 'B', 'C', 'D', 'E'], ['A', 'B', 'C', 'D', 'E']]": [
        [
            [
                0.9999999999992164,
                7.835041782249035e-13,
                0.0,
                0.0,
                0.0
            ],
            [
                0.9999999999740539,
                2.594609497279075e-11,
                0.0,
                0.0,
                0.0
            ],
            [
                1.5428111973377608e-13,
                3.5817479166924014e-10,
                0.9999999962432968,
                3.3982678066004983e-09,
                1.060357595128906e-13
            ],
            [
                4.1937961857666634e-13,
                3.978963036208206e-12,
                8.878266594938198e-13,
                3.0590235897030555e-07,
                0.9999996940923549
            ],
            [
                7.835042167644492e-13,
                4.508755462454473e-12,
                1.0060393284075744e-12,
                1.4449803166667103e-07,
                0.9999998554956699
            ]
        ],
        [
            [
                0.9999999999985363,
                1.4637785135990559e-12,
                0.0,
                0.0,
                0.0
            ],
            [
                0.9999999999942106,
                5.789356327080913e-12,
                0.0,
                0.0,
                0.0
            ],
            [
                3.7010115564509825e-13,
                6.691585870455426e-10,
                0.9999999670883168,
                3.224186630851336e-08,
                2.8823506983203436e-13
            ],
            [
                6.914400971460156e-13,
                6.560200988387473e-12,
                1.4637786971447845e-12,
                6.825604229752407e-08,
                0.9999999317352423
            ],
            [
                1.2917776431064466e-12,
                1.5737073335716052e-11,
                5.109079687439512e-12,
                1.0677030762596953e-06,
                0.9999989322747858
            ]
        ],
        [
            [
                0.9999999999978701,
                2.1297851704882375e-12,
                0.0,
                0.0,
                0.0
            ],
            [
                0.9999999999975866,
                2.4133627712328144e-12,
                0.0,
                0.0,
                0.0
            ],
            [
                1.291779909504943e-12,
                4.139937413425411e-08,
                0.9999999263567777,
                3.2241864994423167e-08,
                6.914399596937477e-13
            ],
            [
                1.1398505742373372e-12,
                1.783026293577517e-11,
                6.55938716475285e-12,
                0.0001233946279994428,
                0.9998766053464712
            ],
            [
                1.139939774011833e-12,
                1.5736383177994907e-11,
                5.789091849580452e-12,
                4.539785572624302e-05,
                0.9999546021216084
            ]
        ],
        [
            [
                0.9999999999975866,
                2.4133627711537116e-12,
                0.0,
                0.0,
                0.0
            ],
            [
                0.9999999999821676,
                1.783247290058499e-11,
                0.0,
                0.0,
                0.0
            ],
            [
                1.1399919884437208e-12,
                7.194133884788549e-09,
                0.9999996869015858,
                3.0590235683452415e-07,
                7.835042715649712e-13
            ],
            [
                4.1937882193514225e-13,
                5.7893460594690934e-12,
                1.4637759176499674e-12,
                1.370956654552868e-06,
                0.9999986290356729
            ],
            [
                1.2917799937789965e-12,
                7.433680609011279e-12,
                1.8795288005239934e-12,
                8.152020645008427e-09,
                0.9999999918373744
            ]
        ],
        [
            [
                0.9999999999993898,
                6.101936675670593e-13,
                0.0,
                0.0,
                0.0
            ],
            [
                0.9999999999771028,
                2.2897348448688527e-11,
                0.0,
                0.0,
                0.0
            ],
            [
                1.3615236499349843e-13,
                1.3176490480680124e-10,
                0.999998239523825,
                1.7603431339552653e-06,
                1.1399897948566495e-12
            ],
            [
                6.101937445960371e-13,
                4.508755810036681e-12,
                8.878266596409657e-13,
                3.059023590210049e-07,
                0.9999996940916343
            ],
            [
                6.914400837675258e-13,
                5.789356940567622e-12,
                1.658678534208458e-12,
                8.764249145676325e-08,
                0.9999999123493691
            ]
        ],
        [
            [
                0.99999999999886,
                1.1399918526823895e-12,
                0.0,
                0.0,
                0.0
            ],
            [
                0.999999999868235,
                1.3176514265110726e-10,
                0.0,
                0.0,
                0.0
            ],
            [
                3.9789627319812495e-12,
                2.3823697849413604e-07,
                0.9999997366481619,
                2.510999279524349e-08,
                8.878265916116102e-13
            ],
            [
                1.6586341906862979e-12,
                1.3887574048919302e-11,
                5.108952980343457e-12,
                2.7535689833465988e-05,
                0.9999724642895114
            ],
            [
                4.752193051783638e-13,
                3.5114221052577752e-12,
                7.835041766949039e-13,
                2.0611536176729776e-09,
                0.9999999979340761
            ]
        ],
        [
            [
                0.9999999999987081,
                1.2917800043756824e-12,
                0.0,
                0.0,
                0.0
            ],
            [
                0.9999999999705993,
                2.94007773847382e-11,
                0.0,
                0.0,
                0.0
            ],
            [
                7.433680848900023e-12,
                1.444980280427121e-07,
                0.9999998303832545,
                2.510999215379509e-08,
                1.2917800354654097e-12
            ],
            [
                2.129740668370237e-12,
                2.2896870008571484e-11,
                6.560063090539952e-12,
                2.1444939755990175e-05,
                0.9999785550286573
            ],
            [
                8.87826547263719e-13,
                2.413362770250503e-12,
                4.75219305965461e-13,
                4.0586521238139826e-10,
                0.9999999995903583
            ]
        ],
        [
            [
                0.9999999999981204,
                1.8795288157720194e-12,
                0.0,
                0.0,
                0.0
            ],
            [
                0.9999999999978701,
                2.1297851703567303e-12,
                0.0,
                0.0,
                0.0
            ],
            [
                1.2015425493255802e-13,
                2.461696902948695e-10,
                0.9999999801976593,
                1.95556806996543e-08,
                3.7010116051245763e-13
            ],
            [
                5.637038359074539e-11,
                1.1322294209861689e-09,
                1.8667307296923864e-09,
                0.37754067493733656,
                0.6224593220073329
            ],
            [
                6.914400977207757e-13,
                5.789357057396754e-12,
                1.8795290531023312e-12,
                3.0590235900362783e-07,
                0.9999996940892807
            ]
        ],
        [
            [
                0.99999999999886,
                1.1399918526823895e-12,
                0.0,
                0.0,
                0.0
            ],
            [
                0.9999999999771028,
                2.2897348447725456e-11,
                0.0,
                0.0,
                0.0
            ],
            [
                1.7482341112880314e-13,
                4.0586520870483697e-10,
                0.9999999903561402,
                9.23744957223442e-09,
                3.7010116426396066e-13
            ],
            [
                4.1937958219826966e-13,
                3.978962691059588e-12,
                1.139991897516303e-12,
                3.9278636987099776e-07,
                0.9999996072080918
            ],
            [
                1.0060392373777576e-12,
                5.789356087580808e-12,
                1.6586782898236442e-12,
                4.139937546340205e-08,
                0.9999999585921706
            ]
        ],
        [
            [
                0.9999999999991123,
                8.878265475268082e-13,
                0.0,
                0.0,
                0.0
            ],
            [
                0.9999999999842628,
                1.5737102100975078e-11,
                0.0,
                0.0,
                0.0
            ],
            [
                9.6526796386005e-10,
                0.008577486043346882,
                0.9914224363011899,
                7.668073217398037e-08,
                9.463154134814063e-12
            ],
            [
                4.75219317043605e-13,
                5.109089143813998e-12,
                1.8795288591213763e-12,
                6.475946146613847e-07,
                0.9999993523979215
            ],
            [
                1.1399918240487905e-12,
                5.789356181479023e-12,
                1.8795287687334787e-12,
                2.5109990918770002e-08,
                0.9999999748812003
            ]
        ],
        [
            [
                0.9999999999992164,
                7.835041782579429e-13,
                0.0,
                0.0,
                0.0
            ],
            [
                0.9999999999572222,
                4.277787867856098e-11,
                0.0,
                0.0,
                0.0
            ],
            [
                1.2917801593465618e-12,
                5.602797107907907e-09,
                0.999999926139259,
                6.825604193013496e-08,
                6.101937407697741e-13
            ],
            [
                2.882351153584752e-13,
                3.098819525909206e-12,
                6.101937440022482e-13,
                6.82560422917183e-08,
                0.9999999317399605
            ],
            [
                2.4133627614043986e-12,
                6.56020013980532e-12,
                1.6586783517466183e-12,
                3.850741906127484e-09,
                0.9999999961386259
            ]
        ],
        [
            [
                0.9999999999989939,
                1.0060392789216383e-12,
                0.0,
                0.0,
                0.0
            ],
            [
                0.9999999999515263,
                4.8473687045021306e-11,
                0.0,
                0.0,
                0.0
            ],
            [
                1.7832440266842667e-11,
                1.0677030739052514e-06,
                0.9999989299427214,
                2.335588763632223e-09,
                7.83502744347644e-13
            ],
            [
                8.878147473659581e-13,
                8.423351794631591e-12,
                2.4133306948028418e-12,
                1.30071247685459e-05,
                0.9999869928635069
            ],
            [
                4.193795649929644e-13,
                2.7346982860818476e-12,
                6.101936665310792e-13,
                1.605228051951306e-09,
                0.9999999983910077
            ]
        ],
        [
            [
                0.9999999999993898,
                6.101936675897726e-13,
                0.0,
                0.0,
                0.0
            ],
            [
                0.9999999999942106,
                5.789356326865298e-12,
                0.0,
                0.0,
                0.0
            ],
            [
                6.431393937872919e-14,
                7.052879847187222e-11,
                0.9999999994694446,
                4.5990553760929356e-10,
                5.6756852294741956e-14
            ],
            [
                1.2917800549220314e-12,
                1.0815941977069576e-11,
                3.9789626902671e-12,
                3.9278636979276664e-07,
                0.9999996071975435
            ],
            [
                8.87826500236363e-13,
                5.109088754088977e-12,
                1.1399917919124153e-12,
                5.315784969366011e-08,
                0.9999999468350134
            ]
        ],
        [
            [
                0.9999999999992164,
                7.835041782249035e-13,
                0.0,
                0.0,
                0.0
            ],
            [
                0.9999999999200804,
                7.991959889450666e-11,
                0.0,
                0.0,
                0.0
            ],
            [
                2.12978543606914e-12,
                1.8553915935730888e-07,
                0.9999998118119124,
                2.6465739683517417e-09,
                2.2447773344483946e-13
            ],
            [
                2.5436656232460387e-13,
                2.4133627489384685e-12,
                3.7010116434824433e-13,
                9.237449574338076e-09,
                0.9999999907595126
            ],
            [
                4.752193056741427e-13,
                2.734698288122007e-12,
                5.384940210921461e-13,
                8.59216660827211e-10,
                0.999999999137035
            ]
        ],
        [
            [
                0.9999999999987081,
                1.2917800043212224e-12,
                0.0,
                0.0,
                0.0
            ],
            [
                0.9999999999200804,
                7.991959889068207e-11,
                0.0,
                0.0,
                0.0
            ],
            [
                1.0603575982040504e-13,
                1.0261879622524144e-10,
                0.9999999991389621,
                7.582560421130419e-10,
                5.675685227556655e-14
            ],
            [
                5.384940895827588e-13,
                3.9789630368695914e-12,
                1.0060394059641343e-12,
                3.059023590211528e-07,
                0.9999996940921175
            ],
            [
                1.2015425719685662e-13,
                1.1399918518976559e-12,
                1.9810087960563145e-13,
                7.58256042028473e-10,
                0.9999999992402857
            ]
        ],
        [
            [
                0.99999999999886,
                1.1399918526343175e-12,
                0.0,
                0.0,
                0.0
            ],
            [
                0.999999999986112,
                1.3887943860378214e-11,
                0.0,
                0.0,
                0.0
            ],
            [
                1.4121144349701706e-09,
                0.0031726800587206796,
                0.9968264895967132,
                8.288898096586738e-07,
                4.264216102898488e-11
            ],
            [
                6.101809176779722e-13,
                1.2255811351845445e-11,
                3.9788793948550955e-12,
                2.1444939760266364e-05,
                0.999978555043395
            ],
            [
                6.101936670765521e-13,
                3.098819135248287e-12,
                7.835041776281908e-13,
                7.582560419412438e-10,
                0.9999999992372515
            ]
        ],
        [
            [
                0.9999999999993898,
                6.101936675671481e-13,
                0.0,
                0.0,
                0.0
            ],
            [
                0.9999999999294713,
                7.052879848384002e-11,
                0.0,
                0.0,
                0.0
            ],
            [
                2.0206803649403582e-11,
                3.059017839790872e-07,
                0.9999979337302758,
                1.760343224680982e-06,
                4.508747334379297e-12
            ],
            [
                8.878265252679367e-13,
                3.0988190599167608e-12,
                6.10193652242895e-13,
                2.5109990918875765e-08,
                0.9999999748854123
            ],
            [
                4.752193058072784e-13,
                2.413362769447185e-12,
                5.384940212430086e-13,
                6.691586084676986e-10,
                0.9999999993274142
            ]
        ],
        [
            [
                0.9999999999987081,
                1.2917800044236993e-12,
                0.0,
                0.0,
                0.0
            ],
            [
                0.9999999999515263,
                4.8473687040663246e-11,
                0.0,
                0.0,
                0.0
            ],
            [
                3.2661313376933244e-13,
                7.582560416085531e-10,
                0.9999999984830967,
                7.582560416085531e-10,
                6.431393931421077e-14
            ],
            [
                1.7482340714686298e-13,
                2.734698202737929e-12,
                3.7010115583419333e-13,
                3.2241866324986645e-08,
                0.999999967754854
            ],
            [
                1.6586783566651441e-12,
                3.97896253044196e-12,
                8.878265466421162e-13,
                1.1032560308475924e-09,
                0.9999999988902184
            ]
        ],
        [
            [
                0.9999999999972653,
                2.7346982907192022e-12,
                0.0,
                0.0,
                0.0
            ],
            [
                0.9999999998308102,
                1.69189792179371e-10,
                0.0,
                0.0,
                0.0
            ],
            [
                5.008774636214581e-14,
                2.5946094974326627e-11,
                0.9999999996949926,
                2.78946809196175e-10,
                6.431393939360419e-14
            ],
            [
                2.2447643385770693e-13,
                4.508729700634467e-12,
                1.2917726869777837e-12,
                4.785094848323807e-06,
                0.9999952148991267
            ],
            [
                3.266131328698732e-13,
                2.1297851617687885e-12,
                4.752193042272192e-13,
                3.850741906157137e-09,
                0.9999999961463264
            ]
        ],
        [
            [
                0.9999999999981204,
                1.8795288160108896e-12,
                0.0,
                0.0,
                0.0
            ],
            [
                0.9999999999942106,
                5.789356327270959e-12,
                0.0,
                0.0,
                0.0
            ],
            [
                7.287724075910204e-14,
                6.224144605903909e-11,
                0.9999999972909759,
                2.646573631678886e-09,
                1.3615261043700716e-13
            ],
            [
                1.0060393283667905e-12,
                6.560200488218232e-12,
                2.1297852748654996e-12,
                1.444980316608132e-07,
                0.9999998554922722
            ],
            [
                4.1937956499312926e-13,
                2.4133627669715806e-12,
                5.384940206906266e-13,
                1.605228051951937e-09,
                0.9999999983914007
            ]
        ],
        [
            [
                0.9999999999987081,
                1.2917800043756824e-12,
                0.0,
                0.0,
                0.0
            ],
            [
                0.9999999995400946,
                4.599055375403335e-10,
                0.0,
                0.0,
                0.0
            ],
            [
                1.3887918301876395e-11,
                3.9278563155900653e-07,
                0.9999978468528999,
                1.7603430719438335e-06,
                4.508746943175354e-12
            ],
            [
                2.1297771158327593e-12,
                9.544998822283805e-12,
                2.1297771158327593e-12,
                2.902312199558457e-06,
                0.9999970976739959
            ],
            [
                4.1937956492329515e-13,
                2.7346982856275465e-12,
                6.914400091860021e-13,
                1.818961683585923e-09,
                0.9999999981771928
            ]
        ],
        [
            [
                0.9999999999989939,
                1.0060392789640177e-12,
                0.0,
                0.0,
                0.0
            ],
            [
                0.999999999994891,
                5.109089026421001e-12,
                0.0,
                0.0,
                0.0
            ],
            [
                2.8823510252988994e-13,
                5.211412907091331e-10,
                0.9999998869430166,
                1.1253518377151886e-07,
                3.701011976299759e-13
            ],
            [
                6.101936583473177e-13,
                3.511422059207201e-12,
                7.83504166419632e-13,
                1.5229979509765797e-08,
                0.9999999847651153
            ],
            [
                6.914400102700872e-13,
                2.7346982899151867e-12,
                4.752193059857506e-13,
                1.4930946752817236e-10,
                0.9999999998467892
            ]
        ],
        [
            [
                0.9999999999983413,
                1.6586783583867695e-12,
                0.0,
                0.0,
                0.0
            ],
            [
                0.9999999999572222,
                4.277787867252719e-11,
                0.0,
                0.0,
                0.0
            ],
            [
                4.193795517686752e-13,
                1.2501528244468122e-09,
                0.9999999665070862,
                3.2241866290922276e-08,
                4.752192903345332e-13
            ],
            [
                2.543665638829337e-13,
                2.4133627637234903e-12,
                5.384940199658796e-13,
                2.998960814779774e-09,
                0.999999996997833
            ],
            [
                3.266131339271709e-13,
                1.4637785125502645e-12,
                2.8823507903417593e-13,
                7.582560419749866e-10,
                0.9999999992396653
            ]
        ],
        [
            [
                0.9999999999989939,
                1.006039278757538e-12,
                0.0,
                0.0,
                0.0
            ],
            [
                0.9999999999934397,
                6.5602001668520266e-12,
                0.0,
                0.0,
                0.0
            ],
            [
                6.101936636127339e-13,
                1.1032560248441583e-09,
                0.999999993293049,
                5.602796399452194e-09,
                2.8823507738515745e-13
            ],
            [
                6.101937130937639e-13,
                5.1090894076338245e-12,
                1.4637786228746778e-12,
                2.38236984449565e-07,
                0.9999997617558325
            ],
            [
                6.101936352033761e-13,
                3.978962323537912e-12,
                1.2917799358624957e-12,
                5.31578497079832e-08,
                0.9999999468362695
            ]
        ],
        [
            [
                0.9999999999991123,
                8.878265474363834e-13,
                0.0,
                0.0,
                0.0
            ],
            [
                0.9999999998837177,
                1.162823302600426e-10,
                0.0,
                0.0,
                0.0
            ],
            [
                1.98100878675889e-13,
                3.331544523179401e-11,
                0.9999999943630797,
                5.602796405606025e-09,
                6.1019366428294e-13
            ],
            [
                1.2917209914267336e-12,
                1.7831658253850484e-11,
                7.433341073917057e-12,
                4.5397855723286514e-05,
                0.9999546021177199
            ],
            [
                3.2661313408276286e-13,
                1.658678357918953e-12,
                4.752193059919633e-13,
                4.0586521240403277e-10,
                0.9999999995916742
            ]
        ],
        [
            [
                0.9999999999989939,
                1.0060392790013832e-12,
                0.0,
                0.0,
                0.0
            ],
            [
                0.9999999999200804,
                7.991959890578052e-11,
                0.0,
                0.0,
                0.0
            ],
            [
                1.5428112015309183e-13,
                4.5990553737010363e-10,
                0.9999999989493598,
                5.90530399258647e-10,
                5.0087746324511274e-14
            ],
            [
                6.101902546131758e-13,
                6.560163473361542e-12,
                2.734682994926671e-12,
                6.144172125841691e-06,
                0.9999938558179692
            ],
            [
                3.2661313348758217e-13,
                2.129785165796757e-12,
                5.38494020470997e-13,
                2.0611536174457776e-09,
                0.9999999979358516
            ]
        ],
        [
            [
                0.9999999999991123,
                8.878265475643204e-13,
                0.0,
                0.0,
                0.0
            ],
            [
                0.9999999999972653,
                2.7346982906042e-12,
                0.0,
                0.0,
                0.0
            ],
            [
                4.2777636638870257e-11,
                4.7850948798354285e-06,
                0.9999951023232958,
                1.1253453795951032e-07,
                4.508729730326122e-12
            ],
            [
                1.13998321492525e-12,
                1.3887838631130186e-11,
                3.978932385839055e-12,
                7.889265047012024e-06,
                0.9999921107159463
            ],
            [
                6.101936478024531e-13,
                4.508755094823457e-12,
                8.878265188071318e-13,
                3.224186631800748e-08,
                0.999999967752127
            ]
        ],
        [
            [
                0.99999999999886,
                1.1399918527621985e-12,
                0.0,
                0.0,
                0.0
            ],
            [
                0.9999999999515263,
                4.847368704682281e-11,
                0.0,
                0.0,
                0.0
            ],
            [
                2.413362633923863e-12,
                3.850741702720583e-09,
                0.9999999429877034,
                5.315784950658862e-08,
                1.29177993096844e-12
            ],
            [
                4.752193415648438e-13,
                5.789356758623191e-12,
                1.2917801007079873e-12,
                2.3823698444062764e-07,
                0.9999997617554592
            ],
            [
                1.7482340930439736e-13,
                3.0988190762803263e-12,
                6.101936554650722e-13,
                1.955568069380167e-08,
                0.9999999804404356
            ]
        ],
        [
            [
                0.9999999999993898,
                6.101936675122138e-13,
                0.0,
                0.0,
                0.0
            ],
            [
                0.9999999999515263,
                4.8473687045021306e-11,
                0.0,
                0.0,
                0.0
            ],
            [
                1.748234117783167e-13,
                3.160881435351143e-10,
                0.9999999940807862,
                5.6027964039253445e-09,
                1.5428111939363577e-13
            ],
            [
                6.914308205383213e-13,
                1.0815797799063136e-11,
                4.508695314951825e-12,
                1.300712476981329e-05,
                0.9999869928592143
            ],
            [
                5.384940468436136e-13,
                5.789356598239308e-12,
                1.4637785822683684e-12,
                5.043472050632963e-07,
                0.9999994956450033
            ]
        ],
        [
            [
                0.9999999999987081,
                1.2917800043213155e-12,
                0.0,
                0.0,
                0.0
            ],
            [
                0.9999999999200804,
                7.991959890780064e-11,
                0.0,
                0.0,
                0.0
            ],
            [
                5.384940169935531e-13,
                1.6052280409311163e-09,
                0.9999999911998759,
                7.1941329664411675e-09,
                2.2447770350872558e-13
            ],
            [
                1.8795217079033927e-12,
                1.3887891338856117e-11,
                5.789334432591224e-12,
                2.9023121995359576e-06,
                0.9999970976662437
            ],
            [
                4.1937956508326736e-13,
                1.8795288131568104e-12,
                2.882350788257504e-13,
                1.605228052296952e-09,
                0.9999999983921848
            ]
        ],
        [
            [
                0.9999999999995248,
                4.752193061442076e-13,
                0.0,
                0.0,
                0.0
            ],
            [
                0.9999999998082829,
                1.9171715128557074e-10,
                0.0,
                0.0,
                0.0
            ],
            [
                5.675685231025127e-14,
                1.0815941554222159e-11,
                0.9999999997716853,
                2.1724399344636896e-10,
                1.9810087974878736e-13
            ],
            [
                6.914400639465295e-13,
                7.433681244870617e-12,
                2.4133629577027344e-12,
                8.315279901379979e-07,
                0.9999991684614714
            ],
            [
                3.098818973081914e-12,
                1.0815940979145595e-11,
                1.8795287160733983e-12,
                5.3157849702819275e-08,
                0.9999999468263561
            ]
        ],
        [
            [
                0.9999999999995248,
                4.752193061598107e-13,
                0.0,
                0.0,
                0.0
            ],
            [
                0.999999999990455,
                9.545034919728445e-12,
                0.0,
                0.0,
                0.0
            ],
            [
                1.5428112023153105e-13,
                2.461696950416725e-10,
                0.9999999994746089,
                2.7894680912840357e-10,
                1.2015425724944997e-13
            ],
            [
                1.1399918514641264e-12,
                2.4133627684878693e-12,
                4.193795652566207e-13,
                1.1032560308142473e-09,
                0.9999999988927712
            ],
            [
                8.8782650028345e-13,
                5.789356018584089e-12,
                1.4637784357085774e-12,
                5.31578496964794e-08,
                0.9999999468340093
            ]
        ],
        [
            [
                0.9999999999991123,
                8.878265475973219e-13,
                0.0,
                0.0,
                0.0
            ],
            [
                0.9999999999842628,
                1.5737102102223e-11,
                0.0,
                0.0,
                0.0
            ],
            [
                8.423464637571416e-12,
                8.764249138273715e-08,
                0.9999999113750948,
                9.736201333737582e-10,
                3.7010120666009493e-13
            ],
            [
                6.987014519387489e-12,
                1.801974794613667e-10,
                1.0929529609625643e-10,
                0.0600866544509755,
                0.9399133452525447
            ],
            [
                6.914400970826796e-13,
                7.433681601117803e-12,
                2.4133630733592625e-12,
                6.82560422912718e-08,
                0.9999999317334192
            ]
        ],
        [
            [
                0.9999999999978701,
                2.129785170187718e-12,
                0.0,
                0.0,
                0.0
            ],
            [
                0.999999999868235,
                1.3176514263636413e-10,
                0.0,
                0.0,
                0.0
            ],
            [
                8.878265324128761e-13,
                2.0611535866095225e-09,
                0.9999999827075597,
                1.5229979479969878e-08,
                4.1937955854787904e-13
            ],
            [
                5.38494019772692e-13,
                3.5114221003171914e-12,
                6.914400081224876e-13,
                3.3982678068565826e-09,
                0.9999999965969908
            ],
            [
                6.560200000268761e-12,
                1.2256067130448977e-11,
                2.734698221606987e-12,
                2.510999091483879e-08,
                0.999999974868458
            ]
        ],
        [
            [
                0.99999999999886,
                1.1399918524484172e-12,
                0.0,
                0.0,
                0.0
            ],
            [
                0.9999999999771028,
                2.289734844868519e-11,
                0.0,
                0.0,
                0.0
            ],
            [
                1.2917800561457383e-12,
                9.237450029241362e-09,
                0.9999998462625364,
                1.444980303560059e-07,
                6.914400381849093e-13
            ],
            [
                1.2015425677739288e-13,
                1.291779998976955e-12,
                2.882350780482665e-13,
                4.363462233321528e-09,
                0.9999999956348375
            ],
            [
                3.266131502015742e-13,
                3.978962729817014e-12,
                7.835042167033212e-13,
                1.4449803165539747e-07,
                0.9999998554968793
            ]
        ],
        [
            [
                0.99999999999886,
                1.1399918526344835e-12,
                0.0,
                0.0,
                0.0
            ],
            [
                0.999999999683912,
                3.160881452431356e-10,
                0.0,
                0.0,
                0.0
            ],
            [
                1.2917799665172228e-12,
                4.36346212367684e-09,
                0.9999999705244715,
                2.510999081356039e-08,
                7.835041552952547e-13
            ],
            [
                3.971297332580127e-12,
                7.976563920649484e-11,
                1.0242110811948359e-10,
                0.0019267343360601125,
                0.9980732654777819
            ],
            [
                3.7010116593742716e-13,
                1.463778506524884e-12,
                2.8823507784770823e-13,
                4.9444504762633864e-09,
                0.9999999950534273
            ]
        ],
        [
            [
                0.99999999999886,
                1.1399918527248328e-12,
                0.0,
                0.0,
                0.0
            ],
            [
                0.999999999994891,
                5.109089026420632e-12,
                0.0,
                0.0,
                0.0
            ],
            [
                4.1937880851989214e-13,
                4.5990470736513313e-10,
                0.9999982391950789,
                1.7603431333125473e-06,
                1.4637758708261437e-12
            ],
            [
                6.914400260108578e-13,
                8.423463941065927e-12,
                2.129785218134966e-12,
                6.475946143351592e-07,
                0.999999352394141
            ],
            [
                7.835041663512234e-13,
                3.5114220589006152e-12,
                6.914399999670802e-13,
                1.522997950843605e-08,
                0.999999984765034
            ]
        ],
        [
            [
                0.999999999994891,
                5.109089025958482e-12,
                0.0,
                0.0,
                0.0
            ],
            [
                0.9999999999925664,
                7.43368066963162e-12,
                0.0,
                0.0,
                0.0
            ],
            [
                3.7010115816234325e-13,
                9.736200057913926e-10,
                0.9999999739155436,
                2.5109990899539492e-08,
                4.752192938260184e-13
            ],
            [
                2.2447773400108147e-13,
                3.098819532138165e-12,
                8.878266605616343e-13,
                1.855391598170635e-07,
                0.9999998144566291
            ],
            [
                6.560199816585297e-12,
                1.5737101263493956e-11,
                5.109088754261516e-12,
                5.31578496954553e-08,
                0.999999946814744
            ]
        ],
        [
            [
                0.9999999999987081,
                1.2917800043212719e-12,
                0.0,
                0.0,
                0.0
            ],
            [
                0.9999999970010391,
                2.9989608146456943e-09,
                0.0,
                0.0,
                0.0
            ],
            [
                6.101936473502702e-13,
                1.1032559954409342e-09,
                0.9999999666537922,
                3.22418662941147e-08,
                4.752192903815871e-13
            ],
            [
                5.384940207921677e-13,
                2.4133627674266567e-12,
                4.752193054094127e-13,
                1.605228052254627e-09,
                0.9999999983913448
            ],
            [
                6.914400074255973e-13,
                3.51142209677809e-12,
                1.1399918476556368e-12,
                4.363462232317703e-09,
                0.9999999956311949
            ]
        ],
        [
            [
                0.9999999999993086,
                6.914400104126549e-13,
                0.0,
                0.0,
                0.0
            ],
            [
                0.9999999999842628,
                1.573710210222268e-11,
                0.0,
                0.0,
