{
    "[['A', 'B', 'C', 'D', 'E'], ['A', 'B', 'C', 'D', 'E']]": [
        [
            [
                0.9999999995322908,
                4.599055370751774e-10,
                3.7010116722348445e-13,
                0.0,
                7.43368065958215e-12
            ],
            [
                0.9999999895305228,
                1.046740167032822e-08,
                1.291779989431788e-12,
                0.0,
                7.83504169193641e-13
            ],
            [
                8.42343197146174e-12,
                1.2501481493702816e-09,
                0.9999962720690021,
                3.7266391108507762e-06,
                3.3315319717433313e-11
            ],
            [
                1.2275909087560938e-07,
                3.9854041743434456e-08,
                1.8825716311142632e-08,
                0.03732688127538422,
                0.9626729372857669
            ],
            [
                4.094454406126698e-08,
                3.1887642977416364e-08,
                2.1916035144292503e-08,
                0.010986942634896812,
                0.989012962616881
            ]
        ],
        [
            [
                0.9999999992318942,
                7.582560413722193e-10,
                8.878265461845212e-13,
                5.384940207676864e-13,
                8.423463738705299e-12
            ],
            [
                1.5150361509585264e-08,
                4.4275804189724444e-07,
                7.84807407581654e-06,
                0.9947716107213499,
                0.005220083296170825
            ],
            [
                9.357622936494182e-14,
                2.0206839020374274e-11,
                0.999999996581105,
                3.398267807748461e-09,
                3.2661313314975866e-13
            ],
            [
                1.818951508355165e-09,
                5.905270951926962e-10,
                1.6918884544862157e-10,
                6.144172109800187e-06,
                0.9999938532492227
            ],
            [
                5.211413139785349e-10,
                1.1032561703501096e-09,
                1.0261880915362819e-10,
                1.855391594707319e-07,
                0.9999998127338242
            ]
        ],
        [
            [
                0.999999999718064,
                2.789468090435208e-10,
                2.5436656451576604e-13,
                0.0,
                2.7346982892059423e-12
            ],
            [
                0.9999999983919392,
                1.6052280510414252e-09,
                4.1937956475525026e-13,
                0.0,
                2.4133627656026815e-12
            ],
            [
                2.4538868064041205e-10,
                4.676280519162979e-08,
                0.9968272637483572,
                0.0031726829147914947,
                6.328657485547759e-09
            ],
            [
                2.9987836961409483e-09,
                4.3632045321821175e-09,
                1.6051332450158615e-09,
                5.829127624276222e-05,
                0.9999416997566357
            ],
            [
                6.347795283999296e-09,
                2.060827401236068e-09,
                1.103081418716696e-09,
                0.00015843624525587832,
                0.99984155424304
            ]
        ],
        [
            [
                0.9999999996621258,
                3.1608814508489546e-10,
                8.878265468727923e-13,
                6.914400099361119e-13,
                2.0206839068072843e-11
            ],
            [
                0.9999999677197593,
                3.22418662351e-08,
                6.560199936715156e-12,
                2.4133626866917024e-12,
                2.9400776355608776e-11
            ],
            [
                8.140352280279237e-09,
                5.036262424022965e-07,
                0.0011692047916353927,
                0.9985693985893661,
                0.00026088485240391673
            ],
            [
                1.0279128538783627e-08,
                1.4956043773687113e-08,
                1.0279128538783627e-08,
                0.017986210915369203,
                0.98201375357033
            ],
            [
                1.8189548024619903e-09,
                9.736163459772826e-10,
                3.581734372735044e-10,
                2.902312190714638e-06,
                0.9999970945370648
            ]
        ],
        [
            [
                0.9999999993285424,
                6.691586079417134e-10,
                4.193795650936759e-13,
                0.0,
                1.879528813203458e-12
            ],
            [
                0.9999999715368515,
                2.8453347234288018e-08,
                4.508755106723875e-12,
                7.835041549477404e-13,
                4.508755106723875e-12
            ],
            [
                1.2917801673307272e-12,
                1.9171717549960824e-10,
                0.9999996939006531,
                3.0590235899352733e-07,
                3.978963036510259e-12
            ],
            [
                1.50626552097065e-08,
                7.115094516535546e-09,
                5.541241181104942e-09,
                0.010986942064333047,
                0.9890130302166761
            ],
            [
                6.348715675289579e-09,
                2.061126208539393e-09,
                5.905225456807926e-10,
                1.3007124653500168e-05,
                0.9999869838749821
            ]
        ],
        [
            [
                0.9999999988914516,
                1.103256030545589e-09,
                7.835041772295703e-13,
                0.0,
                4.508755234946953e-12
            ],
            [
                0.9999999827411662,
                1.7257827654539194e-08,
                0.0,
                0.0,
                1.0060392598466506e-12
            ],
            [
                6.560175414343652e-12,
                1.4166034413085981e-09,
                0.999996271921989,
                3.7266391101807613e-06,
                1.5737042725559355e-11
            ],
            [
                1.3581559740864707e-07,
                5.66163642396118e-08,
                4.996376607705867e-08,
                0.060086639233730255,
                0.939913118370542
            ],
            [
                1.361781628222801e-06,
                4.112220274770581e-08,
                8.097441831137262e-09,
                0.006692841929312982,
                0.9933057470694142
            ]
        ],
        [
            [
                0.9999999983861363,
                1.605228050321012e-09,
                1.2917800008712924e-12,
                7.83504176132051e-13,
                6.560200148273272e-12
            ],
            [
                0.9999999988951278,
                1.1032560297453583e-09,
                6.101936663235111e-13,
                0.0,
                1.0060392769140693e-12
            ],
            [
                1.6586784229386993e-12,
                4.5990555561744216e-10,
                0.9999996067489672,
                3.9278636970953485e-07,
                3.098819258335279e-12
            ],
            [
                8.223916577060943e-07,
                3.0254098346097404e-07,
                5.957385187122476e-08,
                0.010986927919607203,
                0.9890118875738998
            ],
            [
                1.8553508957754235e-07,
                1.3440129627825572e-08,
                1.1032330220050835e-09,
                2.1444940583507904e-05,
                0.9999783549809642
            ]
        ],
        [
            [
                0.9999999997171716,
                2.7894680906262767e-10,
                3.7010116756171706e-13,
                0.0,
                3.5114221105534344e-12
            ],
            [
                0.9999998554972109,
                1.4449803147524862e-07,
                3.0988192859300596e-12,
                0.0,
                1.6586784377091209e-12
            ],
            [
                1.0060393260533166e-12,
                2.789468222549171e-10,
                0.9999994953683334,
                5.043472050314213e-07,
                4.5087554519034214e-12
            ],
            [
                2.6677205617200385e-07,
                1.8334957408804127e-07,
                8.660820625850134e-08,
                0.3208211417417301,
                0.6791783215284334
            ],
            [
                9.236569051196182e-09,
                2.998674932396612e-09,
                4.058265213104259e-10,
                9.610239803828915e-05,
                0.9999038849608912
            ]
        ],
        [
            [
                0.9999999991322097,
                8.592166594008135e-10,
                1.139991849705383e-12,
                0.0,
                7.433680650579353e-12
            ],
            [
                2.507998028375864e-08,
                4.779393697704705e-06,
                2.1419756497845804e-05,
                0.9988042961332301,
                0.0011694796365940149
            ],
            [
                5.10907995795494e-12,
                1.6052252054422694e-09,
                0.9999986274234681,
                1.370956652535812e-06,
                9.545017977647305e-12
            ],
            [
                6.817614935693533e-08,
                1.3424679778845471e-08,
                4.938663694947233e-09,
                0.0011695103838319384,
                0.9988304030766753
            ],
            [
                1.5229921881957415e-08,
                1.6052219564960813e-09,
                3.1608694452819725e-10,
                2.902312149820296e-06,
                0.9999970805366194
            ]
        ],
        [
            [
                0.9999999983924173,
                1.6052280508340973e-09,
                4.752193049888725e-13,
                0.0,
                1.879528811443984e-12
            ],
            [
                0.9999999961480281,
                3.850741905660688e-09,
                5.384940193831427e-13,
                0.0,
                6.914400076222966e-13
            ],
            [
                9.544325727011482e-12,
                1.1031740604510524e-09,
                0.999925152635338,
                7.484619701989311e-05,
                5.492380236933062e-11
            ],
            [
                2.50991695669508e-08,
                7.1910324781387034e-09,
                2.0602652993641588e-09,
                0.0004305571029802434,
                0.9995694085465525
            ],
            [
                1.1245535348195433e-07,
                2.5092181031976753e-08,
                5.598822372138367e-09,
                0.0007096703253904516,
                0.9992901865282526
            ]
        ],
        [
            [
                0.9999999973423397,
                2.6465736276270696e-09,
                1.879528808526862e-12,
                7.835041751664482e-13,
                8.423463718560362e-12
            ],
            [
                0.999999986553967,
                1.3440409753612259e-08,
                2.7346982514022402e-12,
                4.75219299293204e-13,
                2.413362736365986e-12
            ],
            [
                6.101936975819163e-13,
                1.4930947491676845e-10,
                0.9999998553499189,
                1.4449803167283168e-07,
                2.1297852750426423e-12
            ],
            [
                7.324071960861425e-07,
                8.747364882980583e-08,
                3.646444191984145e-08,
                0.11920280904428639,
                0.8807963346104268
            ],
            [
                2.331093664563796e-09,
                2.331093664563796e-09,
                8.575614346380188e-10,
                0.001926734320795796,
                0.9980732601594555
            ]
        ],
        [
            [
                0.9999999981784673,
                1.8189616834031974e-09,
                6.914400091165426e-13,
                0.0,
                1.8795288122510545e-12
            ],
            [
                0.9999999956342578,
                4.363462226889599e-09,
                1.139991846237498e-12,
                0.0,
                1.139991846237498e-12
            ],
            [
                1.2255857787223452e-11,
                1.416584553603184e-09,
                0.9999832971132977,
                1.6701415084702014e-05,
                4.277714691528924e-11
            ],
            [
                0.00017331523890207806,
                4.296055256779759e-07,
                1.2308404386438367e-07,
                0.14802145190323615,
                0.8518046801682922
            ],
            [
                2.842741753410608e-08,
                4.939944447013942e-09,
                1.6037651533362548e-09,
                0.0009110513716766088,
                0.9990889136571963
            ]
        ],
        [
            [
                0.9999999990239619,
                9.736200294027302e-10,
                5.384940207255243e-13,
                0.0,
                1.8795288128746444e-12
            ],
            [
                0.9999999468394856,
                5.315784968695411e-08,
                1.6586782697585365e-12,
                0.0,
                1.0060392252076546e-12
            ],
            [
                1.4930947749365563e-10,
                1.046740248696124e-08,
                0.9999991578175556,
                8.315279810858849e-07,
                3.775134793931378e-11
            ],
            [
                1.3394563336158143e-06,
                2.3276260917209503e-07,
                5.193635826113595e-08,
                0.022977335002341188,
                0.9770210408423579
            ],
            [
                1.725332039015307e-08,
                1.0464667798472971e-08,
                2.060615266652698e-09,
                0.0002611903187897985,
                0.9997387799026067
            ]
        ],
        [
            [
                0.9999999991391246,
                8.592166605258658e-10,
                0.0,
                0.0,
                1.6586783562279172e-12
            ],
            [
                8.149175973556378e-09,
                3.7253527138093123e-06,
                1.0126558586548445e-05,
                0.9996507943751439,
                0.0003353455643797281
            ],
            [
                2.59441671136289e-11,
                3.850455801618842e-09,
                0.9999251498239311,
                7.484619705787201e-05,
                1.0261117144667521e-10
            ],
            [
                3.849082415919422e-09,
                3.396803309841721e-09,
                1.415998288191262e-09,
                0.0004305571140705089,
                0.9995694342240454
            ],
            [
                3.0573320447181223e-07,
                1.522155995336424e-08,
                2.334301821976264e-09,
                0.0005527783376072901,
                0.9994468983733265
            ]
        ],
        [
            [
                0.9999999981742429,
                1.8189616835805573e-09,
                1.0060392770861956e-12,
                0.0,
                5.789356316087092e-12
            ],
            [
                0.9999999981803469,
                1.8189616828639277e-09,
                0.0,
                0.0,
                6.914400089115507e-13
            ],
            [
                4.752193416192185e-13,
                1.0261880394878816e-10,
                0.9999997616564101,
                2.382369844678868e-07,
                3.5114223745212952e-12
            ],
            [
                8.15124353526091e-09,
                8.15124353526091e-09,
                1.605075019525583e-09,
                9.610239753216667e-05,
                0.9999038796949058
            ],
            [
                9.056008365939823e-11,
                4.0586213714522585e-10,
                9.056008365939823e-11,
                7.88926504470042e-06,
                0.999992110147973
            ]
        ],
        [
            [
                0.9999999936408529,
                6.348800058868159e-09,
                2.1297851517755347e-12,
                7.835041714504191e-13,
                7.433680605406536e-12
            ],
            [
                0.047423577831586516,
                0.9525279915016575,
                4.324471459116245e-05,
                5.1648446254696515e-06,
                2.1107539499474012e-08
            ],
            [
                6.5600254731562335e-12,
                1.1032266531622907e-09,
                0.9999724631744609,
                2.7535689807158788e-05,
                2.5945404050646264e-11
            ],
            [
                1.521917714991947e-08,
                4.3603672577169245e-09,
                2.333936407232993e-09,
                0.0007096703264335742,
                0.9992903077600855
            ],
            [
                7.882074883160592e-06,
                2.3801803741022672e-07,
                7.187521937104365e-09,
                0.0009110439859598334,
                0.9990808287335977
            ]
        ],
        [
            [
                0.999999998392032,
                1.605228051041574e-09,
                6.101936661852638e-13,
                0.0,
                2.1297851654575572e-12
            ],
            [
                0.9997388095804458,
                0.0002611903310800063,
                7.051037892810688e-11,
                9.542542103356231e-12,
                8.421263848994964e-12
            ],
            [
                4.2776984677145123e-11,
                3.8506614463229825e-09,
                0.9999785511119562,
                2.1444939678676847e-05,
                5.49267355747164e-11
            ],
            [
                5.858469678412869e-07,
                1.1536010785092541e-07,
                4.808920168760891e-08,
                0.0953494012279013,
                0.9046498494758214
            ],
            [
                1.3424679105186404e-08,
                2.9954507986815224e-09,
                1.41495076767851e-09,
                0.0011695103247814603,
                0.9988304718401378
            ]
        ],
        [
            [
                0.9999999993273725,
                6.691586084925239e-10,
                3.701011675070884e-13,
                0.0,
                3.098819135773069e-12
            ],
            [
                0.000999692502348268,
                0.9674778148706668,
                0.013800329311921718,
                0.01771997649659352,
                2.186818469800859e-06
            ],
            [
                6.560175415793436e-12,
                1.2501481494217965e-09,
                0.9999962720812834,
                3.7266391110043403e-06,
                2.2897262062228926e-11
            ],
            [
                1.6268063413713226e-06,
                2.8269655317028576e-07,
                1.3353639629281484e-07,
                0.07585802612450143,
                0.9241399308362078
            ],
            [
                1.7215154008740343e-08,
                8.131862954014335e-09,
                3.3898648147592575e-09,
                0.002472622891953755,
                0.9975273483711645
            ]
        ],
        [
            [
                0.9999999956327785,
                4.363462228432501e-09,
                1.8795288059810662e-12,
                0.0,
                1.8795288059810662e-12
            ],
            [
                1.0465026530395582e-08,
                1.0127794876306924e-05,
                5.8281435497232955e-05,
                0.9997731549375513,
                0.0001584253670486363
            ],
            [
                6.10193744572283e-13,
                1.317651592876743e-10,
                0.999999693963607,
                3.0590235900909654e-07,
                1.6586785677102171e-12
            ],
            [
                5.45538715322832e-08,
                3.3088595690353987e-08,
                2.274143706822946e-08,
                0.3775406271743437,
                0.622459262441752
            ],
            [
                7.193708117353922e-09,
                1.60513324428624e-09,
                5.211104681964406e-10,
                5.829127621626562e-05,
                0.9999416994038319
            ]
        ],
        [
            [
                0.9999999991354909,
                8.59216660726837e-10,
                7.83504177420776e-13,
                0.0,
                4.5087552360472664e-12
            ],
            [
                1.601258891251101e-09,
                6.00867966010472e-08,
                8.294718502359035e-07,
                0.9975264880986097,
                0.0024726207414846033
            ],
            [
                2.882351154351755e-13,
                7.052880734223372e-11,
                0.9999999316707273,
                6.825604230988145e-08,
                2.4133630740172528e-12
            ],
            [
                4.599020526146139e-10,
                5.211372994825079e-10,
                1.4930833612450396e-10,
                7.889265040413668e-06,
                0.9999921096046119
            ],
            [
                6.34819490611783e-09,
                2.060957139542861e-09,
                5.904741066022859e-10,
                9.61023984079449e-05,
                0.9999038886019659
            ]
        ],
        [
            [
                0.9999999996347264,
                3.5817479273275974e-10,
                5.384940213310495e-13,
                0.0,
                6.560200162740439e-12
            ],
            [
                0.9999999123545811,
                8.764249124971528e-08,
                1.463778665364468e-12,
                0.0,
                1.463778665364468e-12
            ],
            [
                1.0060392635493517e-12,
                3.1608814048790434e-10,
                0.9999999844510468,
                1.522997950652315e-08,
                1.8795287871441664e-12
            ],
            [
                4.6448263960397585e-06,
                7.123071979651258e-07,
                6.286088958929358e-07,
                0.9706819564544725,
                0.029312057803037563
            ],
            [
                3.6464438708056316e-08,
                4.934925140618904e-09,
                1.6021356231306782e-09,
                0.001926734249951326,
                0.9980732227485493
            ]
        ],
        [
            [
                0.9999999991357982,
                8.592166602269384e-10,
                1.0060392773039771e-12,
                0.0,
                3.978962528008799e-12
            ],
            [
                0.9999999956341059,
                4.363462228438293e-09,
                1.1399918466421077e-12,
                0.0,
                1.291779997531299e-12
            ],
            [
                3.5113620492141284e-12,
                4.598976710124252e-10,
                0.9999832980592491,
                1.670141510153153e-05,
                6.224038156632509e-11
            ],
            [
                6.3480132401230665e-09,
                3.850264658396375e-09,
                9.734993599702397e-10,
                0.00012339462624427094,
                0.9998765942019785
            ],
            [
                2.2158688621092927e-08,
                1.1860691325433693e-08,
                1.416557570691879e-09,
                3.535625625672555e-05,
                0.9999646083078058
            ]
        ],
        [
            [
                0.9999999997521121,
                2.4616969499222675e-10,
                2.5436656454207693e-13,
                0.0,
                1.4637785130002203e-12
            ],
            [
                0.9999999827377816,
                1.7257827671012016e-08,
                1.2917799810618436e-12,
                0.0,
                3.098819081810542e-12
            ],
            [
                8.878266138825897e-13,
                1.1628233895130059e-10,
                0.9999997616437156,
                2.3823698447027027e-07,
                2.129785329369411e-12
            ],
            [
                6.779917908139255e-08,
                3.202606450134811e-08,
                1.5128041686363193e-08,
                0.006692851443947554,
                0.9933070336027672
            ],
            [
                9.736145145362652e-10,
                3.160863544001004e-10,
                9.056025675767879e-11,
                4.785094841925681e-06,
                0.999995213524897
            ]
        ],
        [
            [
                0.9999999927965394,
                7.194132968311457e-09,
                1.8795288003374144e-12,
                8.878265401928393e-13,
                6.5602001116043976e-12
            ],
            [
                0.9999999993975137,
                5.905303988003642e-10,
                1.139991850932362e-12,
                0.0,
                1.0815941537247656e-11
            ],
            [
                1.2015425092124267e-13,
                3.331544364809883e-11,
                0.9999999468072509,
                5.315784971435793e-08,
                1.4637784362008884e-12
            ],
            [
                1.0352401484552268e-08,
                8.062458382838881e-09,
                4.890128201848918e-09,
                0.01098694211169933,
                0.9890130345833126
            ],
            [
                2.14198601242636e-05,
                7.725207790278243e-08,
                1.1846989845483029e-08,
                0.0011694853052104754,
                0.9988090057355975
            ]
        ],
        [
            [
                0.9999999992387203,
                7.582560418652197e-10,
                6.101936670153729e-13,
                0.0,
                2.413362768886051e-12
            ],
            [
                8.151803039909436e-09,
                1.370921171738739e-06,
                4.784985057013644e-06,
                0.9999723911267364,
                2.144481523174901e-05
            ],
            [
                5.108982269780864e-12,
                7.582401984572303e-10,
                0.9999785542675036,
                2.1444939747051728e-05,
                2.940016304134679e-11
            ],
            [
                6.442141019684095e-07,
                1.8457043041892899e-07,
                7.694047577348698e-08,
                0.005220120949393077,
                0.9947789733255988
            ],
            [
                1.3683154161488725e-06,
                5.305534632510558e-08,
                9.21963675204268e-09,
                0.0019267315771306457,
                0.9980718378324701
            ]
        ],
        [
            [
                0.9999999950507921,
                4.944450471286212e-09,
                1.6586783486314856e-12,
                0.0,
                3.0988191195111278e-12
            ],
            [
                0.999999999138993,
                8.592166608288933e-10,
                3.266131338649676e-13,
                0.0,
                1.4637785122714887e-12
            ],
            [
                1.2917801670391258e-12,
                3.5817483801661406e-10,
                0.9999996937336658,
                3.0590235892447414e-07,
                4.508755808613894e-12
            ],
            [
                2.1403625393778222e-05,
                1.4421649349155748e-07,
                1.1838021959410122e-08,
                0.001926692968173796,
                0.9980517473519169
            ],
            [
                1.2864220539836233e-05,
                1.429085814442263e-07,
                2.4833787750472314e-08,
                0.010986800312452125,
                0.9890001677246388
            ]
        ],
        [
            [
                0.9999999979351055,
                2.0611536159085133e-09,
                1.0060392760960331e-12,
                0.0,
                2.734698282927939e-12
            ],
            [
                2.215192630932875e-08,
                3.534539894096666e-05,
                4.538439060316918e-05,
                0.9996580789229157,
                0.00026116913561388666
            ],
            [
                2.018842445947562e-11,
                5.597690570801521e-09,
                0.9990889424638747,
                0.0009110513975797975,
                5.206663292024508e-10
            ],
            [
                6.019301726518391e-08,
                1.1852707865282338e-08,
                2.6446966041730016e-09,
                0.0007096703741657451,
                0.9992902549354125
            ],
            [
                2.3823175660814679e-07,
                1.9555272062700548e-08,
                1.4165791569607129e-09,
                2.1444939314549505e-05,
                0.9999782958570776
            ]
        ],
        [
            [
                0.9999999996389366,
                3.5817479259124455e-10,
                4.752193056972146e-13,
                0.0,
                2.413362768888235e-12
            ],
            [
                0.9999999928019899,
                7.194132973086946e-09,
                1.4637785024796972e-12,
                0.0,
                2.413362752631857e-12
            ],
            [
                2.289695668164114e-11,
                4.9443659021352504e-09,
                0.9999832935627868,
                1.670141502328275e-05,
                5.49269436906238e-11
            ],
            [
                2.3810524490995668e-07,
                1.9544868700776878e-08,
                5.599698636775167e-09,
                0.0005527785704857727,
                0.999446958179702
            ],
            [
                4.76011583956161e-06,
                6.789934101555066e-08,
                1.179913624595879e-08,
                0.00522010088143915,
                0.994775059304244
            ]
        ],
        [
            [
                0.999999989529255,
                1.046740167205731e-08,
                1.4637784969691105e-12,
                0.0,
                1.879528794509318e-12
            ],
            [
                2.8441737826088754e-08,
                2.752521322250657e-05,
                4.5381404520503e-05,
                0.999591739196669,
                0.0003353257438502617
            ],
            [
                1.139991940871965e-12,
                1.6918980529628606e-10,
                0.9999991682985813,
                8.315279901591984e-07,
                3.098819377462021e-12
            ],
            [
                1.4069560333220029e-06,
                1.0957384604982135e-06,
                2.3196783390778642e-06,
                0.6224563220961222,
                0.37753885553104477
            ],
            [
                8.151881194674819e-09,
                1.4165845417381691e-09,
                2.789420351820284e-10,
                1.6701414944814465e-05,
                0.9999832887376474
            ]
        ],
        [
            [
                0.9999999994686222,
                5.211412482403428e-10,
                6.914400099662665e-13,
                0.0,
                9.545034912794295e-12
            ],
            [
                5.565295200765684e-09,
                1.435308549672702e-07,
                5.009719088134885e-07,
                0.9933065020652267,
                0.006692847866714251
            ],
            [
                7.287724090672692e-14,
                3.5114221108965484e-12,
                0.9999999993270592,
                6.691586086566807e-10,
                1.98100879664988e-13
            ],
            [
                1.1861007769000427e-08,
                2.3355709094038345e-09,
                2.789441663075016e-10,
                1.0129987956791628e-05,
                0.9999898555365204
            ],
            [
                9.65897440094701e-07,
                1.6784780713394632e-07,
                4.808920188633965e-08,
                0.09534935610157459,
                0.9046494620639763
            ]
        ],
        [
            [
                0.9999999997458582,
                2.4616969487930067e-10,
                5.384940211142611e-13,
                0.0,
                7.433680663225399e-12
            ],
            [
                0.03731610107645951,
                0.962394784533963,
                0.00019581681644978877,
                9.249731455510674e-05,
                8.002585726379574e-07
            ],
            [
                1.5736383156586758e-11,
                1.41654406880179e-09,
                0.999954600580296,
                4.5397855664482695e-05,
                1.3175912300399348e-10
            ],
            [
                3.3980671206864334e-09,
                9.735625301295576e-10,
                2.7893033492546165e-10,
                5.829127648845043e-05,
                0.9999417040729516
            ],
            [
                2.5007801831915723e-08,
                5.579994827715552e-09,
                2.9867560026116033e-09,
                0.0040701376359737,
                0.9959298287894738
            ]
        ],
        [
            [
                0.999999999778918,
                2.1724399334665812e-10,
                3.266131340363248e-13,
                0.0,
                3.5114221107702523e-12
            ],
            [
                2.3494574927203917e-05,
                0.9668221968090395,
                0.003951181855927367,
                0.029195499188386317,
                7.627571719652372e-06
            ],
            [
                4.276670634924203e-11,
                8.149891643241054e-09,
                0.9997388006230611,
                0.00026119032528823397,
                8.589922594608253e-10
            ],
            [
                8.760471354592346e-08,
                1.5223416537721748e-08,
                7.191032790864175e-09,
                0.00043055712271002723,
                0.9995693328581271
            ],
            [
                0.0002020656479580861,
                3.4424303791306946e-07,
                2.8257189293381045e-08,
                0.006691495290543801,
                0.9931060665612709
            ]
        ],
        [
            [
                0.999999999591302,
                4.058652123169665e-10,
                4.1937956549634335e-13,
                0.0,
                2.4133627698673775e-12
            ],
            [
                3.587768487539848e-08,
                2.0646162449561594e-07,
                8.165715652189795e-07,
                0.9820127468334621,
                0.017986194255663286
            ],
            [
                6.101936667330164e-13,
                2.2897348417898276e-11,
                0.99999999837101,
                1.6052280524825395e-09,
                2.543665643093599e-13
            ],
            [
                1.0412760332675014e-08,
                1.0412760332675014e-08,
                7.156578539267454e-09,
                0.005220125552457878,
                0.9947798464654428
            ],
            [
                0.027148961013936327,
                2.0321489269408594e-06,
                2.750214506065198e-07,
                0.07379852785425815,
                0.899050203961428
            ]
        ],
        [
            [
                0.9999999985804393,
                1.416608783684298e-09,
                5.384940206506408e-13,
                0.0,
                2.413362766792377e-12
            ],
            [
                0.9999999990250881,
                9.736200294038267e-10,
                0.0,
                0.0,
                1.2917800022689215e-12
            ],
            [
                7.433667058054233e-12,
                2.6465687918833067e-09,
                0.9999977369947842,
                2.260325267336189e-06,
                2.5946047464195676e-11
            ],
            [
                8.8926393132592e-09,
                3.985404441669235e-08,
                1.7861343527105788e-07,
                0.9626728977601728,
                0.03732687487970826
            ],
            [
                8.150357812248882e-09,
                3.849956423377803e-09,
                9.73421425952731e-10,
                0.00020342705921789784,
                0.9997965599670464
            ]
        ],
        [
            [
                0.9999999976565437,
                2.3355930304061286e-09,
                1.463778508865661e-12,
                6.101936655677349e-13,
                5.789356307925968e-12
            ],
            [
                1.4880016785232646e-08,
                2.637546084527169e-07,
                1.0431697124543714e-06,
                0.9770213361643129,
                0.022977342031349473
            ],
            [
                1.0259199457568824e-10,
                1.5226002013612297e-08,
                0.999738793989641,
                0.00026119032368367325,
                3.580812457592169e-10
            ],
            [
                3.6389005144817713e-07,
                3.2113184328436535e-07,
                3.2113184328436535e-07,
                0.18242533586628568,
                0.8175736579799763
            ],
            [
                6.691522778803072e-10,
                4.5990118646569254e-10,
                1.6918819147108226e-10,
                1.0129988091963528e-05,
                0.9999898687136664
            ]
        ],
        [
            [
                0.9999999995394031,
                4.599055373454807e-10,
                0.0,
                0.0,
                6.914400099126062e-13
            ],
            [
                0.999903897526917,
                9.610240014778903e-05,
                7.052207567641509e-11,
                2.4131327290798367e-12,
                0.0
            ],
            [
                7.433624334871832e-12,
                1.6052158896772975e-09,
                0.9999921090845628,
                7.889265036539033e-06,
                3.7751059337458234e-11
            ],
            [
                1.2708250875392583e-05,
                8.12411298142117e-07,
                5.8850933173892486e-08,
                0.02297705667434045,
                0.9770093638125529
            ],
            [
                8.150730460417009e-09,
                3.3977299615845727e-09,
                8.5908067014072e-10,
                0.00015843624478608075,
                0.9998415513476728
            ]
        ],
        [
            [
                0.9999999847681409,
                1.522997947716069e-08,
                0.0,
                0.0,
                1.8795287835205507e-12
            ],
            [
                0.9999999827390008,
                1.7257827665625267e-08,
                1.8795287814339807e-12,
                0.0,
                1.2917799806586355e-12
            ],
