{
    "[['A', 'B', 'C', 'D', 'E'], ['A', 'B', 'C', 'D', 'E']]": [
        [
            [
                4.058652059169424e-10,
                7.99195976042003e-11,
                8.423463614778941e-12,
                1.5229979492147717e-08,
                0.9999999842758123
            ],
            [
                9.533863447316391e-12,
                7.982606131018374e-11,
                2.9366366825707695e-11,
                0.0011695103462127008,
                0.9988304895350609
            ],
            [
                1.4920356569559597e-10,
                2.05969169147059e-09,
                2.3806776346600126e-07,
                0.9992900893839829,
                0.0007096703393582447
            ],
            [
                6.5601753557312224e-12,
                2.2897261852591202e-11,
                5.789334431844599e-12,
                2.9023121991616592e-06,
                0.9999970976525541
            ],
            [
                7.582560385824716e-10,
                2.0206838978063608e-11,
                2.7346982764128635e-12,
                4.363462228724196e-09,
                0.9999999948553402
            ]
        ],
        [
            [
                2.0206838433276563e-11,
                2.594609413922981e-11,
                5.789356140512584e-12,
                3.224186632435029e-08,
                0.9999999677061914
            ],
            [
                3.73365904155889e-11,
                2.148572431184778e-10,
                8.956582430892496e-11,
                0.010986942372561493,
                0.9890130572856789
            ],
            [
                2.9379924108754625e-11,
                3.158639514991436e-10,
                2.7874895883612505e-10,
                0.0007096703414925101,
                0.9992903290345146
            ],
            [
                5.109079803186914e-12,
                2.5946048134976687e-11,
                6.560188323178001e-12,
                1.7603431337075103e-06,
                0.9999982396192509
            ],
            [
                2.7894680664816124e-10,
                4.8473686604159824e-11,
                6.560200106096768e-12,
                8.152020637355138e-09,
                0.9999999915139987
            ]
        ],
        [
            [
                5.109089020932068e-12,
                9.545034909517686e-12,
                1.658678356599051e-12,
                4.058652120810634e-10,
                0.9999999995778219
            ],
            [
                6.5600630920734065e-12,
                1.7832100296727995e-11,
                5.789235359514305e-12,
                2.144493976100306e-05,
                0.9999785550300576
            ],
            [
                7.990649726404842e-11,
                8.150684308258095e-09,
                0.00015843519657148157,
                0.999835413373598,
                6.143199239722357e-06
            ],
            [
                1.0261821493181764e-10,
                1.0261821493181764e-10,
                2.940061082319574e-11,
                4.785094845540411e-06,
                0.9999952146705174
            ],
            [
                3.331544537023762e-11,
                1.3887943843526265e-11,
                1.6586783563538564e-12,
                5.211412479844081e-10,
                0.9999999994299966
            ]
        ],
        [
            [
                5.7893563226858025e-12,
                9.545034912874357e-12,
                1.4637785125975318e-12,
                3.581747926543365e-10,
                0.9999999996250271
            ],
            [
                3.0987366218449036e-12,
                2.5945404077413156e-11,
                5.108952980733151e-12,
                2.753568983556632e-05,
                0.9999724642760114
            ],
            [
                4.846592318202052e-11,
                1.4163818927909007e-09,
                8.313963285988475e-07,
                0.9998407310428722,
                0.00015843609595128733
            ],
            [
                1.5737073333641648e-11,
                1.783244030381524e-11,
                5.109079686766051e-12,
                1.0677030761189544e-06,
                0.9999989322582452
            ],
            [
                1.5737073687769116e-11,
                2.5946048127600253e-11,
                5.789345873930312e-12,
                1.7603431332070466e-06,
                0.9999982396093944
            ]
        ],
        [
            [
                5.789356324102285e-12,
                9.545034915209742e-12,
                1.8795288150364725e-12,
                1.9171715122256073e-10,
                0.9999999997910689
            ],
            [
                2.1297487407520702e-12,
                1.5736832922043956e-11,
                5.789257301169887e-12,
                1.6701415105862808e-05,
                0.9999832985612382
            ],
            [
                1.0260862003217634e-10,
                2.6463111890639333e-09,
                9.610202941325915e-05,
                0.9999001689416055,
                3.726280061519972e-06
            ],
            [
                1.5736172755113864e-11,
                7.052463344554545e-11,
                2.5944562740768072e-11,
                5.829127674080001e-05,
                0.9999417086110539
            ],
            [
                6.5602003143364226e-12,
                1.5737102457536835e-11,
                5.789356457736382e-12,
                6.475946144201076e-07,
                0.9999993523772989
            ]
        ],
        [
            [
                2.9989609549263337e-09,
                7.991960239576147e-11,
                2.020683996662038e-11,
                5.043472034589311e-07,
                0.9999994925537091
            ],
            [
                2.2896521439790643e-11,
                4.2776333619149086e-11,
                1.7831828826920164e-11,
                3.535625751073085e-05,
                0.9999646436589845
            ],
            [
                6.620527192438266e-11,
                1.1735165239363796e-09,
                2.192417501824055e-09,
                0.2689414088064759,
                0.7310585877613849
            ],
            [
                1.0815942359683693e-11,
                2.020684058929899e-11,
                3.5114223738770023e-12,
                2.382369844241739e-07,
                0.9999997617284814
            ],
            [
                3.098813641784005e-12,
                1.5737074191109227e-11,
                5.1090799651450165e-12,
                1.3709566544651778e-06,
                0.9999986290194006
            ]
        ],
        [
            [
                1.573710201795916e-11,
                1.783247280740525e-11,
                2.129785158923972e-12,
                4.944450474005919e-09,
                0.9999999950198502
            ],
            [
                1.3173073064136836e-10,
                1.9166708212457377e-10,
                4.27667067296384e-11,
                0.0002611903276114395,
                0.999738809306224
            ],
            [
                3.759771029493244e-11,
                5.190203809926533e-10,
                9.199856380777388e-09,
                0.9959298525111385,
                0.004070137732387061
            ],
            [
                2.9397133752924e-11,
                4.846767971606248e-11,
                2.5942879481820494e-11,
                0.0001233946281196919,
                0.9998766052680726
            ],
            [
                2.461697046655657e-10,
                9.056077338570731e-11,
                1.2256067916281394e-11,
                3.927863696807403e-07,
                0.9999996068646438
            ]
        ],
        [
            [
                3.098819281838878e-12,
                1.3887944506370151e-11,
                5.7893565961085065e-12,
                5.043472048776689e-07,
                0.999999495630019
            ],
            [
                1.7832441276418937e-11,
                3.331538632581718e-11,
                8.423448812698593e-12,
                1.3709566545394158e-06,
                0.9999986289837741
            ],
            [
                1.5564206492216774e-11,
                2.434651527272386e-10,
                1.673309892286377e-10,
                0.010986942363223085,
                0.9890130572104167
            ],
            [
                3.331531975239903e-11,
                4.2777717327159516e-11,
                6.560175422408269e-12,
                3.7266391147620288e-06,
                0.9999962732782319
            ],
            [
                4.508755236156091e-12,
                6.560200159221973e-12,
                1.658678356655917e-12,
                5.905303990903884e-10,
                0.9999999993967419
            ]
        ],
        [
            [
                0.9999999995382642,
                4.599055373451271e-10,
                5.384940211664237e-13,
                0.0,
                1.2917800033251295e-12
            ],
            [
                9.056078119917938e-11,
                4.2777884028589656e-11,
                1.225606897371985e-11,
                6.82560422820534e-08,
                0.999999931598363
            ],
            [
                1.6733099390639396e-10,
                4.315523211527662e-09,
                8.667960080801228e-08,
                0.9890129661632795,
                0.010986942674265462
            ],
            [
                5.4704346203085446e-11,
                3.5671714668623754e-10,
                1.685012488837889e-10,
                0.004070137770678762,
                0.9959298616493985
            ],
            [
                4.277763939013374e-11,
                5.492757624283442e-11,
                1.388786617577265e-11,
                6.14417212304759e-06,
                0.999993855716284
            ]
        ],
        [
            [
                2.1724399308775793e-10,
                2.020683905114271e-11,
                2.734698286303045e-12,
                5.905303987523348e-10,
                0.9999999991692841
            ],
            [
                2.9399715481071475e-11,
                3.7749981921083837e-11,
                8.423159511651768e-12,
                3.535625750910069e-05,
                0.9999646436669181
            ],
            [
                1.6577613132823922e-12,
                1.1621804044004891e-10,
                0.999447221196604,
                0.0005527785829580502,
                1.0256206071279441e-10
            ],
            [
                3.331226985837647e-11,
                6.223551349580311e-11,
                1.5735602076979705e-11,
                9.610239971089227e-05,
                0.9999038974890058
            ],
            [
                6.560163470803471e-12,
                2.940061292673095e-11,
                1.0815881053583661e-11,
                6.144172123445833e-06,
                0.9999938557810999
            ]
        ],
        [
            [
                1.7832100293146875e-11,
                4.277698483277349e-11,
                7.43352534331093e-12,
                2.1444939756696394e-05,
                0.9999785549922007
            ],
            [
                1.3885111094384032e-11,
                5.491667968456455e-11,
                2.0202717433348704e-11,
                0.00020342706177438634,
                0.9997965728492211
            ],
            [
                1.480286303472632e-10,
                1.4044565409527983e-09,
                1.8033578952167409e-09,
                0.008577485636374284,
                0.9914225110077827
            ],
            [
                9.545034410730264e-12,
                2.0206838006084522e-11,
                4.5087550003910175e-12,
                5.3157849692218274e-08,
                0.9999999468078897
            ],
            [
                1.5737104067080717e-11,
                1.7832475129364174e-11,
                4.508755803906632e-12,
                6.825604226533924e-08,
                0.9999999317058793
            ]
        ],
        [
            [
                2.7346986354627475e-12,
                9.545036123067908e-12,
                3.5114225549154528e-12,
                3.0590235896709207e-07,
                0.99999969408185
            ],
            [
                8.423463722500777e-12,
                2.5946094884296693e-11,
                3.5114221000503207e-12,
                2.998960813475957e-09,
                0.9999999969631581
            ],
            [
                2.4594535388927795e-10,
                2.0592752357961067e-09,
                1.443663395408089e-07,
                0.9990888023841635,
                0.0009110509442763693
            ],
            [
                2.1724400403428085e-10,
                1.1628233593657443e-10,
                1.081594208136325e-11,
                1.4449803161245748e-07,
                0.9999998551576261
            ],
            [
                3.9789625277716545e-12,
                1.225606741925573e-11,
                2.413362766941189e-12,
                1.2501528638526109e-09,
                0.9999999987311987
            ]
        ],
        [
            [
                3.5114156912023832e-12,
                1.2256045028509243e-11,
                5.109079683855105e-12,
                2.2603252729782e-06,
                0.9999977396538505
            ],
            [
                3.774854054896028e-11,
                7.052355827956136e-11,
                2.0205337738743502e-11,
                7.484619707954465e-05,
                0.999925153674443
            ],
            [
                4.269546999777016e-11,
                1.6886385956233463e-10,
                7.039292954786282e-11,
                0.0019267343315804383,
                0.9980732653864672
            ],
            [
                1.3887706310555937e-11,
                2.940027449015887e-11,
                8.423319670436795e-12,
                1.6701415106296777e-05,
                0.9999832985331824
            ],
            [
                4.5990553465352426e-10,
                5.492788312596309e-11,
                6.560200122341233e-12,
                5.602796398410662e-09,
                0.99999999387581
            ]
        ],
        [
            [
                2.2897351310077246e-11,
                3.331544957365922e-11,
                4.508755804206258e-12,
                6.825604226987515e-08,
                0.9999999316832361
            ],
            [
                1.1194180884772424e-10,
                8.271443053916058e-10,
                3.042893848356047e-10,
                0.03732688385843432,
                0.9626731148981902
            ],
            [
                3.088254708363354e-10,
                4.263204122707293e-09,
                8.562874381772321e-08,
                0.9770225414443381,
                0.022977368354888485
            ],
            [
                3.978947527371203e-12,
                1.5737042747228233e-11,
                5.109069756811468e-12,
                3.726639115312099e-06,
                0.9999962733360597
            ],
            [
                1.0815941520241537e-11,
                7.433680646892138e-12,
                1.8795288101017743e-12,
                2.646573629844711e-09,
                0.9999999973332971
            ]
        ],
        [
            [
                1.1628232985885294e-10,
                2.5946094883838402e-11,
                2.4133627626316377e-12,
                2.9989608134229857e-09,
                0.9999999968563973
            ],
            [
                5.789345875387473e-12,
                1.7832440709582605e-11,
                4.508747101222972e-12,
                1.7603431336501198e-06,
                0.9999982396287358
            ],
            [
                1.5902371666061408e-10,
                1.5087750153918324e-09,
                3.6193631085782947e-09,
                0.9399133406430082,
                0.06008665406982989
            ],
            [
                2.7346515142503016e-12,
                2.5945651171704693e-11,
                7.433553518354606e-12,
                1.6701415105654743e-05,
                0.9999832985487805
            ],
            [
                7.433680634121721e-12,
                1.2256067381068099e-11,
                1.4637785065978836e-12,
                4.363462230502974e-09,
                0.9999999956153842
            ]
        ],
        [
            [
                5.109089020899305e-12,
                1.5737102084796165e-11,
                1.8795288139035877e-12,
                9.73620029935736e-10,
                0.9999999990036543
            ],
            [
                3.511421966309482e-12,
                1.3887943283302636e-11,
                5.7893560862581115e-12,
                4.1399375453943514e-08,
                0.999999958577436
            ],
            [
                1.9170289900947915e-10,
                6.34832814249045e-09,
                3.9275678001610913e-07,
                0.9999247545092096,
                7.484619397949694e-05
            ],
            [
                5.109089439171567e-12,
                1.2256068430296886e-11,
                3.5114223959267984e-12,
                1.1253518377452073e-07,
                0.9999998874439396
            ],
            [
                4.847368696970024e-11,
                2.5946094932984117e-11,
                3.5114221066394468e-12,
                5.905303987614038e-10,
                0.9999999993315385
            ]
        ],
        [
            [
                0.9999999969997171,
                2.998960811611222e-09,
                5.384940193969338e-13,
                0.0,
                7.835041750457859e-13
            ],
            [
                4.847359841723688e-11,
                3.3315384496585944e-11,
                9.545017467513483e-12,
                2.2603252734404676e-06,
                0.9999977395833926
            ],
            [
                6.204397773425362e-11,
                6.670356227375883e-10,
                7.171308775634465e-09,
                0.9968273090550736,
                0.0031726830445381214
            ],
            [
                4.847341591260633e-11,
                6.224109806546254e-11,
                2.0206726058045423e-11,
                6.144172124546544e-06,
                0.9999938556969542
            ],
            [
                3.3315445051600485e-11,
                1.3887943710698544e-11,
                2.7346982612152014e-12,
                1.046740167847412e-08,
                0.9999999894826602
            ]
        ],
        [
            [
                6.560200130619288e-12,
                9.545034868228267e-12,
                2.734698275945171e-12,
                4.9444504736487405e-09,
                0.9999999950367096
            ],
            [
                1.573653370428937e-11,
                4.84719362595186e-11,
                1.7831828823649475e-11,
                3.535625772871545e-05,
                0.999964643660231
            ],
            [
                3.097779240488744e-12,
                5.90332230368549e-10,
                0.9996646491057453,
                0.0003353500547377298,
                2.460870858327518e-10
            ],
            [
                1.0261743236215653e-10,
                7.052786107956794e-11,
                2.940038661323396e-11,
                1.3007124767934492e-05,
                0.9999869926726863
            ],
            [
                3.0987543882500444e-12,
                2.2896870011587103e-11,
                4.508661030914291e-12,
                2.1444939758814573e-05,
                0.999978555029737
            ]
        ],
        [
            [
                1.2255974573059302e-11,
                5.4927467290421106e-11,
                8.423399925198422e-12,
                7.88926504539775e-06,
                0.9999921106593477
            ],
            [
                2.594555283078953e-11,
                3.775055661632174e-11,
                1.7832100292906402e-11,
                2.1444939756407197e-05,
                0.9999785549787154
            ],
            [
                1.5713467828226315e-11,
                3.576368793259382e-10,
                6.339265367528251e-09,
                0.9984988112702263,
                0.0015011820171579647
            ],
            [
                3.511408867477235e-12,
                1.7832405639919336e-11,
                6.560175421556003e-12,
                3.7266391142778817e-06,
                0.9999962733329818
            ],
            [
                1.388794385144525e-11,
                9.545034913549322e-12,
                1.8795288147095164e-12,
                2.7894680901536066e-10,
                0.9999999996957407
            ]
        ],
        [
            [
                0.9999999992404851,
                7.582560414770306e-10,
                4.752193054534961e-13,
                0.0,
                7.835041771485205e-13
            ],
            [
                1.0815922368797185e-11,
                2.9400725233125096e-11,
                1.0815922368797185e-11,
                1.3709566541748742e-06,
                0.9999986289923132
            ],
            [
                3.5437128502000345e-11,
                4.891944693470565e-10,
                6.281381323446928e-10,
                0.7310585895528665,
                0.2689414092943637
            ],
            [
                7.052866949828047e-11,
                7.052866949828047e-11,
                1.5737073320206997e-11,
                2.2603252723364148e-06,
                0.9999977395179332
            ],
            [
                1.7832472851092065e-11,
                1.2256067404886658e-11,
                1.6586783536073524e-12,
                2.6465736304415045e-09,
                0.9999999973216791
            ]
        ],
        [
            [
                5.602796393903788e-09,
                7.052879796185714e-11,
                5.109088988274741e-12,
                8.592166552260001e-10,
                0.9999999934623489
            ],
            [
                2.413362671031437e-12,
                6.560199894146141e-12,
                1.6586782896342508e-12,
                4.139937545867493e-08,
                0.9999999585899924
            ],
            [
                1.3871689463594679e-11,
                9.045477788548994e-11,
                4.272781160872306e-11,
                0.0011695103461795708,
                0.9988304895067661
            ],
            [
                1.3887866180091636e-11,
                3.7751134273414025e-11,
                1.2255998887440224e-11,
                6.144172124958365e-06,
                0.99999385576398
            ],
            [
                3.5114220828284914e-12,
                2.020683891443045e-11,
                2.7346982678010522e-12,
                8.152020643550726e-09,
                0.9999999918215264
            ]
        ],
        [
            [
                3.581747924039304e-10,
                4.2777878615117504e-11,
                3.9789625289009184e-12,
                6.691586079627683e-10,
                0.9999999989259098
            ],
            [
                9.545017473055286e-12,
                1.5737073337030636e-11,
                3.098813473605959e-12,
                1.067703076348885e-06,
                0.9999989322685428
            ],
            [
                7.57565087735979e-10,
                9.229032106183362e-09,
                6.470051013648057e-07,
                0.9990882924199471,
                0.000911050588354284
            ],
            [
                3.775120265766912e-11,
                3.775120265766912e-11,
                7.433652556294648e-12,
                2.9023121992009747e-06,
                0.9999970976048648
            ],
            [
                4.847368546720182e-11,
                2.940077642512461e-11,
                4.508755093890139e-12,
                3.224186631133337e-08,
                0.9999999676757505
            ]
        ],
        [
            [
                2.6465739664737803e-09,
                1.6918981320202137e-10,
                2.2897351290445155e-11,
                1.8553915922565363e-07,
                0.9999998116221797
            ],
            [
                1.3176339132402615e-10,
                9.055956619414258e-11,
                2.0206570507871365e-11,
                1.3007124765543792e-05,
                0.999986992632705
            ],
            [
                1.4635468541457591e-12,
                7.990695072318641e-11,
                0.9998415635398634,
                0.0001584362470217642,
                1.3174428933410444e-10
            ],
            [
                5.210766634147183e-10,
                3.1604897242178695e-10,
                4.846767968711685e-11,
                0.00012339462811768954,
                0.9998766044862889
            ],
            [
                2.940077581646813e-11,
                2.0206838006795435e-11,
                3.511421925105176e-12,
                5.315784969408847e-08,
                0.9999999467890313
            ]
        ],
        [
            [
                1.783247288578189e-11,
                1.57371020871263e-11,
                2.413362768806508e-12,
                4.5990553728844364e-10,
                0.9999999995041116
            ],
            [
                2.734698419037078e-12,
                1.783247373919351e-11,
                6.5602004738789285e-12,
                5.043472050888076e-07,
                0.9999994956256675
            ],
            [
                1.0254543021935516e-10,
                2.644681502311971e-09,
                6.139813765814112e-06,
                0.9992841914577555,
                0.0007096659812518019
            ],
            [
                4.847082447283644e-11,
                9.055542187478351e-11,
                1.573617275999983e-11,
                5.8291276758899016e-05,
                0.9999417085684787
            ],
            [
                1.6918979031128544e-10,
                2.5946094683687578e-11,
                5.109088969171554e-12,
                1.0467401674088348e-08,
                0.9999999893323533
            ]
        ],
        [
            [
                0.9999999998802063,
                1.1628233020010802e-10,
                0.0,
                0.0,
                3.511422110293308e-12
            ],
            [
                2.3764932589741305e-10,
                1.065070386447645e-09,
                7.320114577632239e-10,
                0.14804720345001426,
                0.8519527945152545
            ],
            [
                2.78636263917703e-10,
                1.1847915426235783e-08,
                0.0009108659186778485,
                0.9988858802964622,
                0.00020324165830833498
            ],
            [
                4.508729700368603e-12,
                1.3887865190292516e-11,
                4.508729700368603e-12,
                4.785094848041646e-06,
                0.9999952148822466
            ],
            [
                1.6918978980898984e-10,
                2.2897348124542608e-11,
                3.978962478159423e-12,
                1.3440409756306973e-08,
                0.9999999863635243
            ]
        ],
        [
            [
                0.9999999996412867,
                3.581747926282478e-10,
                0.0,
                0.0,
                5.384940211739222e-13
            ],
            [
                1.3176464432709253e-10,
                7.991929665051193e-11,
                9.544998820759143e-12,
                2.902312199094859e-06,
                0.999997097466572
            ],
            [
                1.5968486560681996e-09,
                2.8304819686594868e-08,
                5.017144551539728e-07,
                0.994779344855029,
                0.005220123528847592
            ],
            [
                5.4927880561678243e-11,
                4.2777876393887615e-11,
                6.560199816081083e-12,
                5.315784969136961e-08,
                0.9999999467378844
            ],
            [
                1.6052280497986082e-09,
                4.847368690002915e-11,
                8.423463726200247e-12,
                1.1032560286411243e-09,
                0.9999999972346187
            ]
        ],
        [
            [
                2.4616971336252294e-10,
                6.224145082595059e-11,
                9.545035627793898e-12,
                2.382369843452907e-07,
                0.9999997614450594
            ],
            [
                2.020676287027155e-11,
                2.940066649347095e-11,
                8.423431981266092e-12,
                3.726639115188353e-06,
                0.999996273302854
            ],
            [
                5.3939915876145504e-11,
                4.284978262663472e-09,
                0.9820137489291665,
                0.01798621085423158,
                3.587768373213492e-08
            ],
            [
                6.224014567077107e-11,
                5.4926735770869485e-11,
                1.7832100291952905e-11,
                2.1444939755260517e-05,
                0.9999785549252458
            ],
            [
                2.0206839041769676e-11,
                1.2256067414711559e-11,
                1.879528812032299e-12,
                1.6052280513365531e-09,
                0.9999999983604295
            ]
        ],
        [
            [
                0.9999999997825315,
                2.1724399333232006e-10,
                0.0,
                0.0,
                2.244777053206693e-13
            ],
            [
                8.422966311382113e-12,
                7.052463347115188e-11,
                2.2895996265952712e-11,
                5.829127708855853e-05,
                0.9999417086210679
            ],
            [
                1.0220116976327727e-10,
                2.0527653688732766e-09,
                3.638613678512748e-08,
                0.9959298238421538,
                0.004070137616742792
            ],
            [
                1.573710206831621e-11,
                2.0206839040727237e-11,
                3.9789625260911095e-12,
                1.818961683097654e-09,
                0.9999999981411154
            ],
            [
                2.0206803242449723e-11,
                3.775127847033502e-11,
                1.0815922369355801e-11,
                1.370956654245681e-06,
                0.9999986289745718
            ]
        ],
        [
            [
                1.573695322697756e-11,
                3.775098829851226e-11,
                9.544944622625554e-12,
                1.012998810278998e-05,
                0.9999898699488643
            ],
            [
                6.56018816987053e-12,
                2.289730657833209e-11,
                3.978955258510586e-12,
                2.2603252729498106e-06,
                0.9999977396412906
            ],
            [
                1.1624996408484539e-10,
                3.3973219399738917e-09,
                7.483099550478131e-05,
                0.9997217537556373,
                0.00020341173528614756
            ],
            [
                4.277771689486906e-11,
                4.277771689486906e-11,
                6.560175356114381e-12,
                2.902312199331174e-06,
                0.9999970975956851
            ],
            [
                9.545034408832092e-12,
                1.0815940974837716e-11,
                3.5114219242833388e-12,
                5.3157849681647045e-08,
                0.9999999468182779
            ]
        ],
        [
            [
                2.5946094881107004e-11,
                2.94007772776515e-11,
                4.5087552246293725e-12,
                2.998960813107279e-09,
                0.9999999969411835
            ],
            [
                1.0815922368781609e-11,
                2.940072523308276e-11,
                1.2256045700675766e-11,
                1.3709566541729e-06,
                0.9999986289908731
            ],
            [
                8.997629310963097e-10,
                2.445809225520147e-09,
                3.558631424925806e-09,
                0.07585817537129441,
                0.924141817724502
            ],
            [
                9.730817373270378e-10,
                4.0564081833442075e-10,
                1.0256206054958154e-10,
                0.0005527785833470153,
                0.9994472199353684
            ],
            [
                2.1724400950348168e-10,
                5.4927887553862806e-11,
                8.42346437468459e-12,
                2.382369842914652e-07,
                0.9999997614824203
            ]
        ],
        [
            [
                2.6465735942776437e-09,
                1.0261879458646889e-10,
                5.109088941904313e-12,
                1.3440409724477699e-08,
                0.9999999838052887
            ],
            [
                5.789323531494504e-12,
                3.3315256686601225e-11,
                1.2255998012350015e-11,
                4.785094847418697e-06,
                0.9999952148537921
            ],
            [
                1.1528481194224617e-10,
                1.0937918416523025e-09,
                1.3325112505195903e-08,
                0.9914224999210498,
                0.0085774855447609
            ],
            [
                3.511415692015973e-12,
                2.2897306583924952e-11,
                1.2256045031348951e-11,
                1.0677030757580058e-06,
                0.9999989322582595
            ],
            [
                1.3176514217173955e-10,
                2.289734836449173e-11,
                3.5114220992734062e-12,
                2.9989608128124267e-09,
                0.9999999968428652
            ]
        ],
        [
            [
                5.492778304113642e-11,
                4.277780044481327e-11,
                1.2256045026566978e-11,
                2.260325272619997e-06,
                0.9999977395647658
            ],
            [
                1.225581135058257e-11,
                4.2776984835486776e-11,
                1.0815715555550244e-11,
                2.1444939758056614e-05,
                0.9999785549943934
            ],
            [
                7.042287739700058e-11,
                4.5921484543902475e-10,
                9.72157835423202e-10,
                0.9984988164732918,
                0.0015011820249126535
            ],
            [
                5.109089018134261e-12,
                1.3887943837974025e-11,
                3.0988191326995436e-12,
                1.6052280520659924e-09,
                0.9999999983726762
            ],
            [
                8.592167262430362e-10,
                1.4930947879783397e-10,
                1.5737103285027824e-11,
                8.315279883490593e-07,
                0.9999991674477484
            ]
        ],
        [
            [
                1.0815839232125656e-11,
                2.5945849517466303e-11,
                1.2255951494502676e-11,
                1.0129988101281122e-05,
                0.9999898699628811
            ],
            [
                2.9396124379559936e-11,
                6.223159579987663e-11,
                2.2893724686065693e-11,
                0.00015843624725228418,
                0.9998415636382263
            ],
            [
                1.7761300784696468e-10,
                1.1581822975878298e-09,
                1.487135507260579e-09,
                0.1824255144997515,
                0.8175744826773176
            ],
            [
                5.109089676172849e-12,
                9.545036133668625e-12,
                2.4133630779784753e-12,
                1.8553915979802097e-07,
                0.9999998144437727
            ],
            [
                1.7832472785996734e-11,
                2.020683895180848e-11,
                3.0988191174953985e-12,
                6.348800072555392e-09,
                0.9999999936100616
            ]
        ],
        [
            [
                0.999999999407811,
                5.905303990373048e-10,
                0.0,
                0.0,
                1.6586783565068162e-12
            ],
            [
                2.2897351316181856e-11,
                2.9400781064806016e-11,
                5.1090896661545185e-12,
                6.825604228807273e-08,
                0.9999999316865504
            ],
            [
                4.596504154466732e-10,
                3.848605808910104e-09,
                1.3701998838966235e-06,
                0.9994458476694407,
                0.0005527778224192317
            ],
            [
                5.4927783073307535e-11,
                4.8473598428032464e-11,
                8.4234483520725e-12,
                1.0677030759667693e-06,
                0.9999989321850993
            ],
            [
                6.691586077034618e-10,
                2.5946094927479766e-11,
                2.129785166417724e-12,
                4.5990553688528336e-10,
                0.9999999988428601
            ]
        ],
        [
            [
                2.289673872584097e-11,
                3.331455826885471e-11,
                8.423239447110898e-12,
                2.753568982500521e-05,
                0.9999724642455404
            ],
            [
                1.3887865190630503e-11,
                2.0206724619742352e-11,
                6.560163005030066e-12,
                4.7850948481581005e-06,
                0.999995214864497
            ],
            [
                5.1087094269367485e-12,
                4.277470032837078e-11,
                1.5735932853076955e-11,
                7.484619755435434e-05,
                0.9999251537388263
            ],
            [
                6.224014565113801e-11,
                1.0261665202650533e-10,
                4.847267417158458e-11,
                2.144493974849592e-05,
                0.999978554846922
            ],
            [
                2.335593025558491e-09,
                9.056076938332536e-11,
                7.433680630209478e-12,
                1.8189616772410647e-09,
                0.9999999957474508
            ]
        ],
        [
            [
                7.433581865743643e-12,
                2.2897044110675108e-11,
                5.7892793780665445e-12,
                1.3007124764347958e-05,
                0.9999869928391157
            ],
            [
                3.3308649955916355e-11,
                1.9167804617045442e-10,
                2.594080266871897e-11,
                0.000203427061347267,
                0.9997965726877251
            ],
            [
                1.3107706321290088e-10,
                5.573538553203172e-09,
                0.005220115786406458,
                0.9947781273552196,
                1.7511537581586773e-06
            ],
            [
