{
    "[['A', 'B', 'C', 'D', 'E'], ['A', 'B', 'C', 'D', 'E']]": [
        [
            [
                0.9999994956522565,
                5.043472049944206e-07,
                5.384940467700745e-13,
                0.0,
                0.0
            ],
            [
                1.0669437731774246e-06,
                0.9992880550026022,
                0.0007096687320752196,
                1.2090056860852815e-06,
                3.158633825468052e-10
            ],
            [
                1.5428111962251271e-13,
                1.7832472827621584e-11,
                0.9999999956161376,
                4.363462233239932e-09,
                2.413362760935367e-12
            ],
            [
                5.384940211871955e-13,
                1.8795288144860355e-12,
                0.0,
                1.1628233017519214e-10,
                0.9999999998812996
            ],
            [
                0.0,
                1.2917800034087467e-12,
                6.914400099568318e-13,
                9.056076980017604e-11,
                0.999999999907456
            ]
        ],
        [
            [
                0.9999970976861416,
                2.902312199593708e-06,
                1.658672085598257e-12,
                0.0,
                0.0
            ],
            [
                0.7772998551032577,
                0.22270014346000924,
                1.4138797053552674e-09,
                2.2853236965827426e-11,
                0.0
            ],
            [
                0.0,
                1.4637784933396423e-12,
                2.8823507525138013e-13,
                1.3440409760275582e-08,
                0.9999999865578382
            ],
            [
                4.752193058381816e-13,
                1.2917800035928507e-12,
                4.1937956545059684e-13,
                6.224144617158885e-11,
                0.9999999999355722
            ],
            [
                3.9789625336531825e-12,
                3.09881913702088e-12,
                4.752193060162668e-13,
                2.0206839079130613e-11,
                0.9999999999722402
            ]
        ],
        [
            [
                0.999983298583431,
                1.6701415105210742e-05,
                1.463753475980323e-12,
                0.0,
                0.0
            ],
            [
                6.385719864454589e-07,
                0.3201290622466994,
                0.6777132502918907,
                0.0021570128636228215,
                3.602580062737563e-08
            ],
            [
                1.1674807450014897e-11,
                4.964254449170274e-10,
                2.1108547050234568e-08,
                0.9525741040289678,
                0.04742587435438486
            ],
            [
                4.193795654852283e-13,
                1.8795288149582744e-12,
                4.193795654852283e-13,
                1.6918979211921316e-10,
                0.999999999828092
            ],
            [
                1.4637785133317105e-12,
                2.1297851698002332e-12,
                0.0,
                1.783247289847107e-11,
                0.999999999978574
            ]
        ],
        [
            [
                0.9999970976870168,
                2.902312199596248e-06,
                7.835012152024836e-13,
                0.0,
                0.0
            ],
            [
                1.6150385333794984e-11,
                6.060387385715369e-10,
                1.1322294233835974e-09,
                0.6224593232217415,
                0.37754067502384003
            ],
            [
                3.243885559900166e-10,
                2.0069209304992632e-08,
                0.6224580508454411,
                0.3775398816459584,
                2.0471150026863684e-06
            ],
            [
                4.752193058577534e-13,
                2.1297851690763355e-12,
                5.384940213002043e-13,
                3.581747927122433e-10,
                0.9999999996386817
            ],
            [
                1.0060392783602114e-12,
                2.413362769618799e-12,
                0.0,
                5.4927883459146985e-11,
                0.9999999999416527
            ]
        ],
        [
            [
                0.9999977396728471,
                2.260325273389496e-06,
                1.8795253793389896e-12,
                0.0,
                0.0
            ],
            [
                1.8333417245062895e-07,
                0.679121657548595,
                0.32079434763423936,
                8.381024769733547e-05,
                1.235295937093533e-09
            ],
            [
                2.939079842579676e-11,
                9.732895732970822e-10,
                4.783488705536044e-06,
                0.9996598670604567,
                0.0003353484481573285
            ],
            [
                0.0,
                2.734698289039932e-12,
                6.914400100487881e-13,
                7.052879844530613e-11,
                0.9999999999260452
            ],
            [
                7.835041780078243e-13,
                1.8795288153429688e-12,
                4.1937956557106527e-13,
                4.2777878662466544e-11,
                0.9999999999541398
            ]
        ],
        [
            [
                0.9999999677578791,
                3.224186631993033e-08,
                2.54366556433097e-13,
                0.0,
                0.0
            ],
            [
                6.166018670679151e-12,
                1.8019747943232053e-10,
                3.3665321248890886e-10,
                0.9399133451010394,
                0.060086654375943856
            ],
            [
                4.193484063019606e-13,
                8.422837898457933e-12,
                2.413183461084001e-12,
                7.484619755827358e-05,
                0.9999251537911863
            ],
            [
                6.914400104187975e-13,
                1.00603927888287e-12,
                4.1937956567102336e-13,
                3.7751345427764324e-11,
                0.9999999999601319
            ],
            [
                0.0,
                2.1297851692653717e-12,
                0.0,
                3.3315445395221606e-11,
                0.9999999999645548
            ]
        ],
        [
            [
                0.9999869928717282,
                1.3007124760284702e-05,
                3.511375439342538e-12,
                0.0,
                0.0
            ],
            [
                0.000158435636650941,
                0.9998378333447208,
                3.7260490372918324e-06,
                4.943648947725764e-09,
                2.5941888812284635e-11
            ],
            [
                3.448263593572644e-12,
                6.926022572958714e-11,
                6.926022572958714e-11,
                0.017986211568140866,
                0.9820137882898904
            ],
            [
                0.0,
                4.193795655310444e-13,
                0.0,
                6.224144618352834e-11,
                0.9999999999373392
            ],
            [
                0.0,
                2.4133627691022153e-12,
                0.0,
                2.5946094953403665e-11,
                0.9999999999716405
            ]
        ],
        [
            [
                0.9999999586004702,
                4.13993754591087e-08,
                1.542811138767633e-13,
                0.0,
                0.0
            ],
            [
                1.0694562516629867e-07,
                0.9503300951257275,
                0.0473141549497785,
                0.00235563303137607,
                9.94749269815835e-09
            ],
            [
                1.2912233135377735e-12,
                2.5934913540143677e-11,
                1.2250785704593936e-11,
                0.0004305571194898089,
                0.9995694428410333
            ],
            [
                7.835041774429532e-13,
                3.0988191345156578e-12,
                6.914400097554975e-13,
                1.0261879617772975e-10,
                0.9999999998928075
            ],
            [
                0.0,
                2.1297851684469556e-12,
                5.384940211410721e-13,
                3.1608814505902595e-10,
                0.9999999996812436
            ]
        ],
        [
            [
                0.9999998144606421,
                1.855391597911243e-07,
                1.9810090492746773e-13,
                0.0,
                0.0
            ],
            [
                8.205438573734976e-08,
                0.04661261676763747,
                0.9362394510467481,
                0.017147823492069947,
                2.663915878720438e-08
            ],
            [
                6.533502346384389e-12,
                1.312289026160369e-10,
                1.516799881816261e-08,
                0.9959298469818254,
                0.00407013771241341
            ],
            [
                1.2917800033503783e-12,
                3.978962531415225e-12,
                6.914400099255894e-13,
                2.4616969490795814e-10,
                0.9999999997478681
            ],
            [
                1.1399918522445357e-12,
                1.2917800038796816e-12,
                6.101936673324198e-13,
                2.94007773722171e-11,
                0.9999999999675573
            ]
        ],
        [
            [
                0.9999999956363834,
                4.363462233164972e-09,
                1.5428111961986234e-13,
                0.0,
                0.0
            ],
            [
                1.0484916119870822e-06,
                0.9820060482375605,
                0.01798606529057616,
                6.8370241509511075e-06,
                9.56100592006204e-10
            ],
            [
                0.0,
                1.6586753262997317e-12,
                4.1937879907293015e-13,
                1.0677030761580332e-06,
                0.9999989322948458
            ],
            [
                7.433680667073188e-12,
                7.433680667073188e-12,
                2.129785169443326e-12,
                1.0261879624414456e-10,
                0.9999999998803841
            ],
            [
                5.1090890240476314e-12,
                1.879528815061792e-12,
                5.384940213521525e-13,
                2.0206839074339793e-11,
                0.999999999972266
            ]
        ],
        [
            [
                0.9999996940973145,
                3.05902358940703e-07,
                3.266131753200881e-13,
                0.0,
                0.0
            ],
            [
                2.829514610129193e-07,
                0.18213799167436978,
                0.8162858928263257,
                0.0015758027250074179,
                2.9822836138121853e-08
            ],
            [
                1.458628833135915e-11,
                4.262738295105557e-10,
                7.963843587422481e-10,
                0.4378234987561261,
                0.5621765000066294
            ],
            [
                0.0,
                1.463778513000593e-12,
                0.0,
                2.461696949922894e-10,
                0.9999999997523665
            ],
            [
                1.4637785129600756e-12,
                2.41336276991108e-12,
                1.0060392784820521e-12,
                3.331544539512988e-11,
                0.9999999999618014
            ]
        ],
        [
            [
                0.9999986290423393,
                1.3709566546706252e-06,
                1.0060374948396523e-12,
                0.0,
                0.0
            ],
            [
                1.4144812959673986e-09,
                0.0015011799003338566,
                0.9984972673880058,
                1.551165611827198e-06,
                1.3156725524244492e-10
            ],
            [
                2.0200367406895773e-11,
                9.73308208135805e-10,
                5.8276049162833305e-05,
                0.999680547824733,
                0.0002611751325955537
            ],
            [
                0.0,
                1.1399918518449998e-12,
                0.0,
                1.9171715117413062e-10,
                0.9999999998071429
            ],
            [
                4.193795655501121e-13,
                7.835041779686786e-13,
                2.543665645631071e-13,
                1.5737102096061696e-11,
                0.9999999999828058
            ]
        ],
        [
            [
                0.9999991684716399,
                8.315279899450615e-07,
                3.701011962774082e-13,
                0.0,
                0.0
            ],
            [
                0.017986202583541017,
                0.9820135319020338,
                2.65102221848548e-07,
                3.9856507047254234e-10,
                1.3638146736326964e-11
            ],
            [
                9.038596290752387e-11,
                4.934906363715199e-09,
                0.22269929893557314,
                0.7772969765829668,
                3.7194561677429475e-06
            ],
            [
                4.19379565463908e-13,
                1.4637785128203586e-12,
                0.0,
                1.3176514258343277e-10,
                0.9999999998663518
            ],
            [
                1.8795288152354514e-12,
                1.6586783577637803e-12,
                6.91440010214441e-13,
                2.020683907620681e-11,
                0.9999999999755635
            ]
        ],
        [
            [
                0.9999785550583589,
                2.144493976160999e-05,
                1.879489543637715e-12,
                0.0,
                0.0
            ],
            [
                9.278186745456748e-07,
                0.3196816497744193,
                0.6767660389251323,
                0.003551342716305174,
                4.0765468641072186e-08
            ],
            [
                0.0,
                1.463778697867037e-12,
                3.7010121431629975e-13,
                3.059023589002835e-07,
                0.9999996940958072
            ],
            [
                5.384940213883773e-13,
                1.139991852225021e-12,
                6.914400101970688e-13,
                3.5817479277089086e-10,
                0.9999999996394553
            ],
            [
                3.978962533030964e-12,
                2.129785169453694e-12,
                6.10193667330176e-13,
                2.9400777372108994e-11,
                0.9999999999638802
            ]
        ],
        [
            [
                0.9999996072131551,
                3.9278636977767235e-07,
                4.752193247028698e-13,
                0.0,
                0.0
            ],
            [
                0.008577448543543842,
                0.991418359878957,
                4.186613775733381e-06,
                4.902016075200749e-09,
                6.170727562932506e-11
            ],
            [
                2.6627483795147472e-11,
                6.867318582164032e-10,
                2.1152830403669535e-09,
                0.37754067485183956,
                0.6224593223195181
            ],
            [
                1.006039278643281e-12,
                1.8795288153433387e-12,
                0.0,
                4.2777878662474964e-11,
                0.9999999999543365
            ],
            [
                1.6586783577597688e-12,
                1.879528815230906e-12,
                4.193795655460606e-13,
                2.2897348440518667e-11,
                0.999999999973145
            ]
        ],
        [
            [
                0.9999938558267375,
                6.144172122558489e-06,
                1.1399854758364412e-12,
                0.0,
                0.0
            ],
            [
                1.9883938000154404e-06,
                0.996821630427542,
                0.003172664957872902,
                3.7148086786621417e-06,
                1.4121063517042792e-09
            ],
            [
                2.8823509268439436e-13,
                3.0988192821398643e-12,
                8.878265889359219e-13,
                5.043472049266559e-07,
                0.9999994956485202
            ],
            [
                6.914400102982149e-13,
                2.1297851697366187e-12,
                0.0,
                4.847368703495446e-11,
                0.999999999948705
            ],
            [
                7.835041775591264e-13,
                2.4133627689152858e-12,
                0.0,
                1.0261879619294544e-10,
                0.9999999998941844
            ]
        ],
        [
            [
                0.9999982396562562,
                1.7603431336985652e-06,
                6.101925660030601e-13,
                0.0,
                0.0
            ],
            [
                1.217451289336289e-07,
                0.03701856172216509,
                0.9547213261238416,
                0.008259959626845816,
                3.078201854678198e-08
            ],
            [
                0.0,
                1.8795288126320022e-12,
                0.0,
                1.1032560300501543e-09,
                0.9999999988948645
            ],
            [
                1.463778512971865e-12,
                2.7346982894358368e-12,
                0.0,
                2.594609496230875e-11,
                0.9999999999698554
            ],
            [
                5.384940214499556e-13,
                1.8795288154031583e-12,
                8.87826547309393e-13,
                7.991959888123857e-11,
                0.9999999999167746
            ]
        ],
        [
            [
                0.9999977396738391,
                2.260325273023381e-06,
                8.878249240838015e-13,
                0.0,
                0.0
            ],
            [
                5.829105237029492e-05,
                0.9999379795157367,
                3.7264223055211357e-06,
                2.9987721790641533e-09,
                1.0815261194322338e-11
            ],
            [
                3.7010119517901786e-13,
                3.098819367467297e-12,
                6.101937128031864e-13,
                2.3823698433611529e-07,
                0.9999997617589366
            ],
            [
                8.878265471312582e-13,
                2.413362769890437e-12,
                7.835041778757116e-13,
                1.3176514259488263e-10,
                0.9999999998641502
            ],
            [
                2.4133627703341328e-12,
                1.6586783578839287e-12,
                6.101936673815053e-13,
                2.5946094966648025e-11,
                0.9999999999693716
            ]
        ],
        [
            [
                0.9999999907622622,
                9.23744957371761e-09,
                2.8823507659069096e-13,
                0.0,
                0.0
            ],
            [
                0.0011695087480347243,
                0.9988291213715893,
                1.3693532921185862e-06,
                5.20531336305287e-10,
                6.552522503055202e-12
            ],
            [
                6.081134084938173e-11,
                1.568345151325843e-09,
                8.562874387584267e-08,
                0.9770225442967045,
                0.022977368445395104
            ],
            [
                6.914400100427131e-13,
                2.1297851689496177e-12,
                0.0,
                7.991959885425844e-11,
                0.9999999999172591
            ],
            [
                2.1297851688215844e-12,
                2.7346982888515064e-12,
                6.914400100011467e-13,
                2.289734843351071e-11,
                0.9999999999715468
            ]
        ],
        [
            [
                0.9999962733598793,
                3.7266391146367077e-06,
                1.0060354843665032e-12,
                0.0,
                0.0
            ],
            [
                0.00043055653097124236,
                0.999568072692782,
                1.37036704741584e-06,
                4.0568955573513806e-10,
                3.509902383309835e-12
            ],
            [
                2.1493704794985574e-11,
                4.317126012757786e-10,
                6.753121301522309e-09,
                0.26894140771293096,
                0.7310585850807414
            ],
            [
                1.463778512937057e-12,
                3.0988191362050256e-12,
                8.878265471248906e-13,
                4.847368702333318e-11,
                0.9999999999460758
            ],
            [
                0.0,
                1.8795288152152308e-12,
                0.0,
                3.3315445398198273e-11,
                0.999999999964805
            ]
        ],
        [
            [
                0.9999999468417802,
                5.315784969401982e-08,
                3.701011480151364e-13,
                0.0,
                0.0
            ],
            [
                0.0005527775479504019,
                0.9994454616556687,
                1.7593697481061516e-06,
                1.4158229133156459e-09,
                1.0809941340385757e-11
            ],
            [
                1.0795105285037215e-11,
                2.45695463811023e-10,
                8.136316328302556e-09,
                0.9980732572897403,
                0.0019267343174527763
            ],
            [
                1.463778513139055e-12,
                1.6586783577959794e-12,
                6.101936673491505e-13,
                7.991959887565892e-11,
                0.9999999999163478
            ],
            [
                4.193795656121875e-13,
                7.835041780846507e-13,
                2.543665646007577e-13,
                1.573710209839106e-11,
                0.9999999999828058
            ]
        ],
        [
            [
                0.9999999123572841,
                8.76424914362304e-08,
                2.2447772917300072e-13,
                0.0,
                0.0
            ],
            [
                7.877401276413268e-06,
                0.9984886966432298,
                0.0015011669842028472,
                2.256913252484986e-06,
                2.0580384927620447e-09
            ],
            [
                3.664475676793049e-11,
                7.360296151034989e-10,
                3.737866809269937e-09,
                0.9706877677220992,
                0.02931222776735951
            ],
            [
                0.0,
                1.0060392786329486e-12,
                0.0,
                5.492788347403792e-11,
                0.9999999999440661
            ],
            [
                0.0,
                2.7346982888838593e-12,
                0.0,
                1.3887943851211584e-11,
                0.9999999999833773
            ]
        ],
        [
            [
                0.999999999641705,
                3.5817479278672237e-10,
                0.0,
                0.0,
                1.2015425723667153e-13
            ],
            [
                2.130101613329686e-05,
                0.9932673100744132,
                0.0066925836829991436,
                1.8798080759538975e-05,
                7.145694849069565e-09
            ],
            [
                9.038303855473426e-11,
                3.391598500089947e-09,
                0.0019266664143922365,
                0.9980380419604944,
                3.5288143131754365e-05
            ],
            [
                1.1399918523425041e-12,
                2.1297851696445544e-12,
                6.91440010268326e-13,
                9.056076984097373e-11,
                0.999999999905478
            ],
            [
                7.835041779621237e-13,
                1.879528815233339e-12,
                0.0,
                2.2897348440548307e-11,
                0.9999999999744396
            ]
        ],
        [
            [
                0.9999996940972217,
                3.059023589846688e-07,
                4.193796185963577e-13,
                0.0,
                0.0
            ],
            [
                8.720921737575234e-07,
                0.8167918424757962,
                0.18225090659706836,
                0.0009563647389180999,
                1.4096043687870305e-08
            ],
            [
                1.4851900502357913e-10,
                7.156046409545302e-09,
                0.0052197373945122106,
                0.9947057997457835,
                7.44555551388725e-05
            ],
            [
                6.914400102411116e-13,
                1.139991852297635e-12,
                4.1937956556325143e-13,
                6.224144618830828e-11,
                0.9999999999355078
            ],
            [
                7.835041779461749e-13,
                1.87952881519508e-12,
                4.75219305937298e-13,
                4.2777878659100604e-11,
                0.9999999999540838
            ]
        ],
        [
            [
                0.9999982396557264,
                1.7603431336136813e-06,
                1.1399897946354413e-12,
                0.0,
                0.0
            ],
            [
                1.3005065427130985e-05,
                0.9998282139142599,
                0.00015843413102457676,
                3.4657325443328516e-07,
                3.1603390046124955e-10
            ],
            [
                4.749565682075907e-13,
                1.7822613734823993e-11,
                5.786155523785422e-12,
                0.0005527785849684133,
                0.9994472213909479
            ],
            [
                0.0,
                1.2917800032552293e-12,
                5.38494021137285e-13,
                7.991959883483413e-11,
                0.9999999999182501
            ],
            [
                6.914400101924902e-13,
                1.879528815175783e-12,
                4.75219305932419e-13,
                1.3176514260537994e-10,
                0.9999999998651887
            ]
        ],
        [
            [
                0.9999997617624055,
                2.3823698440801983e-07,
                6.101937129873548e-13,
                0.0,
                0.0
            ],
            [
                9.713580471221337e-08,
                0.017914312673799206,
                0.9780883208194502,
                0.0039972234872406994,
                4.588370521963264e-08
            ],
            [
                0.0,
                1.87952888929561e-12,
                5.384940426204975e-13,
                3.9278636975285667e-07,
                0.9999996072112122
            ],
            [
                2.4133627702788817e-12,
                3.511422111114972e-12,
                1.006039278635375e-12,
                2.789468091072361e-10,
                0.9999999997141225
            ],
            [
                1.1399918522350415e-12,
                1.8795288152047504e-12,
                0.0,
                3.7751345415990183e-11,
                0.9999999999592291
            ]
        ],
        [
            [
                0.9999962733601021,
                3.7266391143789497e-06,
                7.835012229680609e-13,
                0.0,
                0.0
            ],
            [
                0.0,
                2.7346986341267818e-12,
                5.38494089224526e-13,
                3.059023588176514e-07,
                0.999999694094368
            ],
            [
                1.8363433291588175e-12,
                5.3665818571115005e-11,
                6.081133929642393e-11,
                0.02297736781916541,
                0.9770226320645211
            ],
            [
                4.752193059323726e-13,
                2.129785169410756e-12,
                5.384940213847589e-13,
                1.317651426053671e-10,
                0.9999999998650912
            ],
            [
                1.1399918523423991e-12,
                2.129785169644358e-12,
                7.83504178023992e-13,
                9.056076984096539e-11,
                0.9999999999053859
            ]
        ],
        [
            [
                0.9999970976863383,
                2.9023121979464782e-06,
                1.463772977113217e-12,
                0.0,
                0.0
            ],
            [
                2.835599182399929e-06,
                0.9770113232223588,
                0.022977103988059584,
                8.734260378406454e-06,
                2.9300207336092044e-09
            ],
            [
                1.3839032000542985e-10,
                1.099370481681745e-08,
                0.5621749818027999,
                0.43782231699166513,
                2.690073439822254e-06
            ],
            [
                1.0060392784547093e-12,
                2.129785169201623e-12,
                0.0,
                6.22414461778137e-11,
                0.9999999999346227
            ],
            [
                0.0,
                1.6586783574375497e-12,
                0.0,
                2.940077736666992e-11,
                0.9999999999689406
            ]
        ],
        [
            [
                0.9999998555009604,
                1.4449803162241226e-07,
                8.878265909260356e-13,
                0.0,
                1.2015426314797132e-13
            ],
            [
                2.674001694340904e-07,
                0.1183013903993429,
                0.8741355428379839,
                0.007562752895321881,
                4.646718192187908e-08
            ],
            [
                5.101416134244075e-12,
                3.156134403001616e-10,
                2.3787917949306934e-07,
                0.9984985797720034,
                0.0015011820281022523
            ],
            [
                7.835041776925347e-13,
                1.4637785126053355e-12,
                6.914400099757523e-13,
                6.22414461644214e-11,
                0.9999999999348199
            ],
            [
                4.5087552397378636e-12,
                3.0988191369644533e-12,
                6.101936674144852e-13,
                3.77513454213818e-11,
                0.999999999954031
            ]
        ],
        [
            [
                0.9999999936511998,
                6.348800072815896e-09,
                0.0,
                0.0,
                0.0
            ],
            [
                3.0518141846656236e-07,
                0.7769655751087969,
                0.22260437886612405,
                0.00042972743492475244,
                1.3408735726262673e-08
            ],
            [
                5.076114934460762e-11,
                1.3091472961848324e-09,
                3.825889209514197e-08,
                0.9241417875288893,
                0.07585817285231011
            ],
            [
                6.914400096894076e-13,
                1.8795288138082628e-12,
                6.101936668739648e-13,
                8.592166606690308e-10,
                0.9999999991376021
            ],
            [
                8.878265471467994e-13,
                2.4133627699326824e-12,
                0.0,
                2.594609496233203e-11,
                0.9999999999707527
            ]
        ],
        [
            [
                0.9999999748898547,
                2.5109990918987315e-08,
                1.5428111639640102e-13,
                0.0,
                0.0
            ],
            [
                7.715282504155772e-08,
                0.9975257534463734,
                0.0024726195281789876,
                1.5496559161004457e-06,
                2.1670640706796992e-10
            ],
            [
                4.262648892304585e-10,
                2.3273274376066185e-08,
                0.5621653127847618,
                0.4378147867528295,
                1.9876762869503883e-05
            ],
            [
                6.101936672532939e-13,
                1.879528814976679e-12,
                0.0,
                7.05287984524928e-11,
                0.9999999999269815
            ],
            [
                1.1399918523413995e-12,
                3.0988191368109935e-12,
                6.914400102676561e-13,
                9.056076984088598e-11,
                0.999999999904509
            ]
        ],
        [
            [
                0.9999962733592276,
                3.726639113750638e-06,
                1.6586721017597836e-12,
                0.0,
                0.0
            ],
            [
                2.1437741906331856e-05,
                0.9996428726861525,
                0.00033534270506898364,
                3.4650882528549174e-07,
                3.580470923982185e-10
            ],
            [
                0.0,
                2.4133627602073454e-12,
                0.0,
                3.398267803124629e-09,
                0.9999999965993187
            ],
            [
                0.0,
                6.101936670710364e-13,
                2.882350790187439e-13,
                4.599055373455556e-10,
                0.9999999995391959
            ],
            [
                6.101936671637555e-13,
                1.2917800035226193e-12,
                6.101936671637555e-13,
                2.172439932954344e-10,
                0.9999999997802438
            ]
        ],
        [
            [
                0.9999952149042656,
                4.785094846658923e-06,
                8.878215180859365e-13,
                0.0,
                0.0
            ],
            [
                5.4088043513505395e-06,
                0.997520918366774,
                0.0024726075265894924,
                1.0650567256761688e-06,
                2.4555957183408206e-10
            ],
            [
                1.8588793802825203e-12,
                4.230789968675015e-11,
                2.2645786823968022e-11,
                0.01098694237633632,
                0.9890130575568511
            ],
            [
                0.0,
                1.4637785131181634e-12,
                0.0,
                1.7832472895869536e-11,
                0.9999999999807037
            ],
            [
                6.101936673277485e-13,
                1.4637785130877142e-12,
                3.701011675967705e-13,
                1.1628233021973568e-10,
                0.9999999998812736
            ]
        ],
        [
            [
                0.9999977396741162,
                2.2603252736455326e-06,
                6.101925519341603e-13,
                0.0,
                0.0
            ],
            [
                1.854073860652088e-07,
                0.9992897518177162,
                0.0007096700983888705,
                3.925074393801596e-07,
                1.6906949039616005e-10
            ],
            [
                4.193788218061361e-13,
                3.09881364102898e-12,
                7.835027884720021e-13,
                1.3709566541311446e-06,
                0.9999986290390441
            ],
            [
                0.0,
                1.4637785125048338e-12,
                6.101936670847677e-13,
                1.3176514255503013e-10,
                0.9999999998661608
            ],
            [
                6.101936672810309e-13,
                1.0060392784927526e-12,
                0.0,
                2.5946094962375744e-11,
                0.9999999999724376
            ]
        ],
        [
            [
                0.9999999928058669,
                7.1941329771894854e-09,
                0.0,
                0.0,
                0.0
            ],
            [
                1.01561191700234e-06,
                0.9512108677180154,
                0.047358002222646085,
                0.0014300873823064938,
                2.7065115020840572e-08
            ],
            [
                3.969123734580828e-12,
                5.198526201256859e-10,
                0.9975273747044154,
                0.0024726229572988798,
                1.8144639315737737e-09
            ],
            [
                6.560200163012325e-12,
                4.5087552387611596e-12,
                8.878265471501458e-13,
                1.0261879623659305e-10,
                0.9999999998854243
            ],
            [
                3.511422110267902e-12,
                1.658678357445828e-12,
                6.914400100818987e-13,
                2.0206839072333356e-11,
                0.9999999999739315
            ]
        ],
        [
            [
                0.9999982396544534,
                1.7603431331479538e-06,
                2.4133584135430154e-12,
                0.0,
                0.0
            ],
            [
                7.336710992185737e-07,
                0.9997954468295529,
                0.00020342666176893282,
                3.9270584063083157e-07,
                1.3173825892601788e-10
            ],
            [
                2.882351014327084e-13,
                2.734698501159542e-12,
                1.291780103778753e-12,
                8.31527989818701e-07,
                0.9999991684676954
            ],
            [
                5.384940212734391e-13,
                1.8795288147870553e-12,
                0.0,
                7.052879844537723e-11,
                0.9999999999270532
            ],
            [
                6.914400099478337e-13,
                1.4637785125462318e-12,
                7.835041776608988e-13,
                1.0261879620627499e-10,
                0.9999999998944424
            ]
        ],
        [
            [
                0.9999869928731042,
                1.3007124765948958e-05,
                2.12975686265062e-12,
                0.0,
                0.0
            ],
            [
                3.4277327678095175e-08,
                0.0005189094162821591,
                0.7306789606163562,
                0.26880177047549364,
                3.2521454033467414e-07
            ],
            [
                9.357624148325274e-14,
                2.5946098253149945e-11,
                0.9999996940631778,
                3.0590235905939854e-07,
                8.423464816207297e-12
            ],
            [
                1.2917800037820584e-12,
                3.098819136313504e-12,
                1.0060392785014495e-12,
                1.0261879623726626e-10,
                0.9999999998919846
            ],
            [
                6.101936673209504e-13,
                1.4637785130714065e-12,
                6.914400101959086e-13,
                4.8473687027782235e-11,
                0.999999999948761
            ]
        ],
        [
            [
                0.9999982396561751,
                1.7603431335193415e-06,
                6.914387621688483e-13,
                0.0,
                0.0
            ],
            [
                8.734243343941414e-08,
                0.0014982928024214902,
                0.7761349848687111,
                0.22236639756485807,
                2.3742157609450446e-07
            ],
            [
                2.632619013535791e-12,
                7.693640513944474e-11,
                3.6342184476005595e-11,
                0.03732688390938287,
                0.962673115974706
            ],
            [
