{
    "[['A', 'B', 'C', 'D', 'E'], ['A', 'B', 'C', 'D', 'E']]": [
        [
            [
                0.999999990758157,
                9.237449568662565e-09,
                2.734698263968524e-12,
                0.0,
                1.6586783421598222e-12
            ],
            [
                2.7516105550173093e-05,
                0.9992610746663435,
                0.0007096497227645083,
                1.7590457765605815e-06,
                4.5956532353595417e-10
            ],
            [
                2.5436655118401134e-13,
                6.224144291260145e-11,
                0.9999999467781908,
                5.31578497117785e-08,
                1.4637784361298603e-12
            ],
            [
                1.0815942423168786e-11,
                2.9400779746559e-11,
                7.433681267464354e-12,
                1.1253518372839665e-07,
                0.9999998874171658
            ],
            [
                2.2897348377312905e-11,
                2.2897348377312905e-11,
                5.7893563087202626e-12,
                2.9989608144916687e-09,
                0.9999999969494551
            ]
        ],
        [
            [
                0.9999999943959832,
                5.6027964013250865e-09,
                6.101936638167083e-13,
                0.0,
                6.101936638167083e-13
            ],
            [
                0.022977362552300915,
                0.9770222975477835,
                3.386679219500938e-07,
                1.2214260778130258e-09,
                1.0567406138381406e-11
            ],
            [
                2.28041639733142e-11,
                2.052765422584454e-09,
                0.9959298497745328,
                0.004070137725094756,
                1.0424803000917905e-08
            ],
            [
                1.3887943511957754e-11,
                1.2256067132572546e-11,
                3.0988190599554807e-12,
                2.5109990919189515e-08,
                0.9999999748607662
            ],
            [
                1.0815941489032654e-11,
                2.0206838962708706e-11,
                7.433680625442606e-12,
                5.602796402181318e-09,
                0.9999999943587472
            ]
        ],
        [
            [
                0.9999999966000608,
                3.3982678053644096e-09,
                7.835041752484755e-13,
                0.0,
                8.878265441542096e-13
            ],
            [
                6.143351644638203e-06,
                0.9998603344840504,
                0.0001233925162905063,
                1.012867452990562e-05,
                9.734845706481892e-10
            ],
            [
                2.417419283319859e-10,
                1.694741756719734e-08,
                0.9820137363155454,
                0.01798621061761167,
                3.58776832712987e-08
            ],
            [
                5.211412455085237e-10,
                6.224144583729826e-11,
                8.423463701447049e-12,
                4.944450470815738e-09,
                0.9999999944637434
            ],
            [
                2.94007770284298e-11,
                3.775134497487295e-11,
                6.560200086841818e-12,
                1.1861120004328356e-08,
                0.9999999880651677
            ]
        ],
        [
            [
                0.9999999936496553,
                6.348800073149855e-09,
                1.0060392724863046e-12,
                0.0,
                5.38494018137225e-13
            ],
            [
                0.0002034264800583006,
                0.9997943064403529,
                2.2598640443320206e-06,
                7.192651883022626e-09,
                2.2892634289263512e-11
            ],
            [
                3.5109869415569013e-12,
                5.9045721524717e-10,
                0.9998766046465154,
                0.00012339462776745594,
                1.3174881299889692e-10
            ],
            [
                3.3315448087011126e-11,
                5.492788790396113e-11,
                1.2256068424625849e-11,
                1.1253518372244929e-07,
                0.9999998873643169
            ],
            [
                3.331544534373733e-11,
                2.289734840289728e-11,
                3.978962526530212e-12,
                1.8189616832983872e-09,
                0.9999999981208465
            ]
        ],
        [
            [
                0.9999999881362153,
                1.1861119995797841e-08,
                1.658678337162427e-12,
                0.0,
                1.0060392660901806e-12
            ],
            [
                2.7534717604308615e-05,
                0.9999370416984849,
                3.535527724525166e-05,
                6.825174119557347e-08,
                5.492442913855991e-11
            ],
            [
                1.3615260918343827e-13,
                3.331544502391075e-11,
                0.9999999881037697,
                1.1861120009733821e-08,
                1.658678339111257e-12
            ],
            [
                9.056076942257357e-11,
                3.775134524513372e-11,
                6.560200133806098e-12,
                3.850741902606029e-09,
                0.9999999960143857
            ],
            [
                7.582560404952629e-10,
                4.27778785601626e-11,
                3.0988191293388933e-12,
                9.736200283529268e-10,
                0.9999999982222472
            ]
        ],
        [
            [
                0.9999999865582074,
                1.3440409760280545e-08,
                6.914400008755385e-13,
                0.0,
                6.914400008755385e-13
            ],
            [
                0.999993855813997,
                6.144172115095297e-06,
                1.3887866157797834e-11,
                0.0,
                0.0
            ],
            [
                9.717425184475746e-10,
                6.011958077178664e-08,
                0.7772994215736202,
                0.2227000139594896,
                5.033755668874772e-07
            ],
            [
                2.940077880894085e-11,
                4.847368939745036e-11,
                1.2256068034416173e-11,
                1.4449803157070958e-07,
                0.9999998554118379
            ],
            [
                5.492788252396695e-11,
                3.3315444823879704e-11,
                6.5602000504430476e-12,
                1.7257827678300218e-08,
                0.9999999826473688
            ]
        ],
        [
            [
                0.9999999990257553,
                9.736200301127366e-10,
                2.5436656442725963e-13,
                0.0,
                3.701011674075904e-13
            ],
            [
                0.09534945067552608,
                0.9046504591958928,
                8.984263168724327e-08,
                2.859494028420488e-10,
                0.0
            ],
            [
                1.361526209409833e-13,
                9.056077663595563e-11,
                0.9999997616708548,
                2.3823698447897306e-07,
                1.4637786230553673e-12
            ],
            [
                3.7751348233099815e-11,
                2.5946096900514016e-11,
                1.2256068349980132e-11,
                2.3823698435895058e-07,
                0.9999997616870621
            ],
            [
                1.2256067042031901e-11,
                2.2897347705294396e-11,
                7.433680428485873e-12,
                3.22418663148537e-08,
                0.9999999677155467
            ]
        ],
        [
            [
                0.9999999677564362,
                3.2241866305271874e-08,
                1.0060392459806195e-12,
                0.0,
                6.914399878054333e-13
            ],
            [
                2.1444591467106812e-05,
                0.9999618390942999,
                1.6701064627229154e-05,
                1.5229399639130724e-08,
                2.020606941748817e-11
            ],
            [
                6.342555412434164e-09,
                5.3105566281078e-08,
                0.0005525406177584824,
                0.9990170808683307,
                0.0004303190657890639
            ],
            [
                1.416606194269946e-09,
                1.4930919438558604e-10,
                2.0206802112003747e-11,
                1.0677030743926575e-06,
                0.9999989307108035
            ],
            [
                4.508755718328463e-12,
                2.020684122365692e-11,
                7.433681457198972e-12,
                8.764249144771522e-08,
                0.9999999123253593
            ]
        ],
        [
            [
                0.9999999976631053,
                2.3355930317784204e-09,
                6.101936659262578e-13,
                0.0,
                6.914400086155148e-13
            ],
            [
                0.9968273162546604,
                0.003172683074803715,
                6.670356256997498e-10,
                3.500281718768904e-12,
                0.0
            ],
            [
                1.3615262812238112e-13,
                4.277788412940351e-11,
                0.9999998144160466,
                1.8553915985509474e-07,
                1.879529055543415e-12
            ],
            [
                7.991959870103304e-11,
                3.3315445326408535e-11,
                4.508755229403383e-12,
                2.335593032121405e-09,
                0.9999999975466631
            ],
            [
                5.492788262837027e-11,
                7.052879737966849e-11,
                1.7832472622070242e-11,
                1.522997950038679e-08,
                0.9999999846267313
            ]
        ],
        [
            [
                0.9999999996831284,
                3.1608814514441767e-10,
                0.0,
                0.0,
                7.835041777951571e-13
            ],
            [
                0.999998629040248,
                1.3709566531080736e-06,
                3.098813638716503e-12,
                0.0,
                0.0
            ],
            [
                1.5428111998657457e-13,
                1.2256067417676664e-11,
                0.9999999979240226,
                2.061153617994923e-09,
                2.4133627666302523e-12
            ],
            [
                1.78324751497729e-11,
                2.940078108866204e-11,
                7.433681606801143e-12,
                3.059023589551999e-07,
                0.9999996940429742
            ],
            [
                2.78946805734308e-10,
                6.224144543638908e-11,
                1.2256067288009815e-11,
                1.1861120000284095e-08,
                0.9999999877854356
            ]
        ],
        [
            [
                0.9999999936498778,
                6.348800070273029e-09,
                7.835041728578918e-13,
                0.0,
                5.384940178932176e-13
            ],
            [
                0.7772998503919277,
                0.22270014237297672,
                7.180273570968285e-09,
                5.482206523153292e-11,
                0.0
            ],
            [
                5.675685230073728e-14,
                1.8795288156916605e-12,
                0.9999999996396909,
                3.581747928668279e-10,
                1.9810087971558025e-13
            ],
            [
                3.3315446706487067e-11,
                3.7751346898686105e-11,
                6.560200421150417e-12,
                3.9278636969606046e-07,
                0.9999996071360033
            ],
            [
                2.4133627562147034e-12,
                5.789356291263793e-12,
                1.4637785046528033e-12,
                5.602796401277764e-09,
                0.9999999943875371
            ]
        ],
        [
            [
                0.9999999990245902,
                9.736200295147274e-10,
                7.835041770690015e-13,
                0.0,
                1.0060392774376106e-12
            ],
            [
                0.9999417087018718,
                5.8291277922531975e-05,
                2.020564574083559e-11,
                0.0,
                0.0
            ],
            [
                1.7482341221338773e-13,
                2.020683901928602e-11,
                0.9999999965800586,
                3.3982678075654446e-09,
                1.2917800002511997e-12
            ],
            [
                2.940077615970922e-11,
                4.2777876895488414e-11,
                1.0815941103640494e-11,
                4.1399375451467584e-08,
                0.99999995851763
            ],
            [
                3.7751345116588315e-11,
                3.7751345116588315e-11,
                7.433680608119076e-12,
                8.152020644030006e-09,
                0.999999991765043
            ]
        ],
        [
            [
                0.9999999956355081,
                4.363462232682232e-09,
                4.1937956389059116e-13,
                0.0,
                6.101936649271355e-13
            ],
            [
                1.3943071159428587e-07,
                0.0004709787539648766,
                0.1479771285825502,
                0.8515495721694786,
                2.1810632948198214e-06
            ],
            [
                5.208531029342322e-10,
                2.8437615859231928e-08,
                0.9994471861297434,
                0.0005527785664978066,
                6.345289780909948e-09
            ],
            [
                5.4927883288952286e-11,
                3.3315445287866765e-11,
                8.423463720639377e-12,
                3.3982678058473697e-09,
                0.9999999965050654
            ],
            [
                2.940077724971811e-11,
                1.2256067384435433e-11,
                3.0988191236363914e-12,
                4.3634622317018285e-09,
                0.999999995591782
            ]
        ],
        [
            [
                0.9999999918446622,
                8.152020636439459e-09,
                1.6586783430374504e-12,
                0.0,
                1.6586783430374504e-12
            ],
            [
                0.0004305567120130213,
                0.9995686110090455,
                8.311703742410699e-07,
                1.1027805873924324e-09,
                5.786861422601844e-12
            ],
            [
                1.387809343542053e-11,
                9.72929462876018e-10,
                0.999290326613091,
                0.0007096703404098267,
                2.0596916890714912e-09
            ],
            [
                5.789356321561479e-12,
                1.2256067428922344e-11,
                2.1297851683183937e-12,
                4.5990553729571373e-10,
                0.9999999995199194
            ],
            [
                5.492788335180658e-11,
                1.7832472856935624e-11,
                3.5114221032925145e-12,
                2.335593032092051e-09,
                0.9999999975881353
            ]
        ],
        [
            [
                0.9999999983921883,
                1.6052280505979267e-09,
                1.2917800010941348e-12,
                0.0,
                1.2917800010941348e-12
            ],
            [
                0.9947798741465569,
                0.00522012570491299,
                1.4853005292239573e-10,
                0.0,
                0.0
            ],
            [
                6.431393927900027e-14,
                1.2256067418273993e-11,
                0.9999999979261558,
                2.0611536180953782e-09,
                3.70101167079405e-13
            ],
            [
                7.991959629024858e-11,
                2.940077642190392e-11,
                3.978962404434691e-12,
                3.224186630780145e-08,
                0.9999999676448343
            ],
            [
                9.545017465893018e-12,
                2.940072362166056e-11,
                8.423448348766453e-12,
                2.2603252730567303e-06,
                0.9999977396273577
            ]
        ],
        [
            [
                0.9999999778372409,
                2.2159489257802958e-08,
                2.1297851214041715e-12,
                0.0,
                1.1399918265212879e-12
            ],
            [
                1.6675886193027403e-05,
                0.9984547119888808,
                0.0015011161786840886,
                2.7493888274218868e-05,
                2.0579678480532766e-09
            ],
            [
                7.360296128843751e-10,
                3.737866798000296e-09,
                3.2986558715090606e-09,
                0.029312227700391977,
                0.9706877645270557
            ],
            [
                1.2256068981982394e-11,
                2.5946098238462814e-11,
                9.545036120545044e-12,
                3.059023588862385e-07,
                0.9999996940498939
            ],
            [
                1.493094652129803e-10,
                6.224144522580096e-11,
                8.423463618689888e-12,
                1.5229979499218873e-08,
                0.999999984550046
            ]
        ],
        [
            [
                0.999999982740189,
                1.7257827665645774e-08,
                1.2917799806601703e-12,
                0.0,
                6.914399977803964e-13
            ],
            [
                0.9999998144591817,
                1.8553915961334736e-07,
                1.6586785676736465e-12,
                0.0,
                0.0
            ],
            [
                8.258073208822659e-14,
                1.5737101960635188e-11,
                0.9999999907458429,
                9.237449576137058e-09,
                8.878265395963628e-13
            ],
            [
                3.3315448936663037e-11,
                1.783247478958973e-11,
                6.560200860298104e-12,
                8.764249144129546e-08,
                0.9999999122998005
            ],
            [
                6.224144599481716e-11,
                2.5946094885110296e-11,
                7.433680644373743e-12,
                2.9989608135699964e-09,
                0.9999999969054179
            ]
        ],
        [
            [
                0.9999999956354608,
                4.363462231625219e-09,
                5.384940191444938e-13,
                0.0,
                5.384940191444938e-13
            ],
            [
                3.5284151750675894e-08,
                0.0050678862785824815,
                0.02916367205272519,
                0.9657682832306326,
                1.2315390802164956e-07
            ],
            [
                1.201542564468021e-13,
                2.0206838943756657e-11,
                0.9999999927850014,
                7.194132978180049e-09,
                5.384940178722299e-13
            ],
            [
                1.5737102712850025e-11,
                3.331544670453887e-11,
                8.42346407883018e-12,
                3.927863696730914e-07,
                0.9999996071561543
            ],
            [
                4.2777878592116345e-11,
                1.2256067416144168e-11,
                2.12978516609788e-12,
                1.250152863535223e-09,
                0.9999999986926833
            ]
        ],
        [
            [
                0.9999999123513412,
                8.764249139605318e-08,
                4.508755715670716e-12,
                0.0,
                1.6586785330594894e-12
            ],
            [
                0.0005527759434221726,
                0.9994424399949193,
                4.782448905269424e-06,
                1.604334407582962e-09,
                8.418774322231358e-12
            ],
            [
                8.258073257054503e-14,
                2.2897348377428998e-11,
                0.9999999965780608,
                3.3982678077664937e-09,
                6.914400083076258e-13
            ],
            [
                7.052879834279434e-11,
                3.7751345352691886e-11,
                3.9789625263408655e-12,
                1.6052280513545009e-09,
                0.9999999982825127
            ],
            [
                2.5946094796758062e-11,
                2.940077718207163e-11,
                6.560200121123944e-12,
                6.348800070529365e-09,
                0.9999999935892927
            ]
        ],
        [
            [
                0.9999999988948205,
                1.1032560306168644e-09,
                7.835041772801883e-13,
                0.0,
                1.1399918512601712e-12
            ],
            [
                0.9999999748896824,
                2.5109990918982988e-08,
                3.266131259741467e-13,
                0.0,
                0.0
            ],
            [
                1.0603577320114399e-13,
                2.5946098233718562e-11,
                0.9999999317171221,
                6.825604231558822e-08,
                7.835042766767401e-13
            ],
            [
                6.224144762015608e-11,
                5.492788473716909e-11,
                7.433680838492794e-12,
                6.475946144631404e-07,
                0.9999993522807825
            ],
            [
                7.433680632348794e-12,
                1.7832472812183234e-11,
                5.789356297575977e-12,
                4.944450475330721e-09,
                0.999999995024494
            ]
        ],
        [
            [
                0.9999999996409374,
                3.58174792659885e-10,
                0.0,
                0.0,
                8.878265469327115e-13
            ],
            [
                0.010986937523263234,
                0.9890126206765911,
                4.4019491684098976e-07,
                1.5875922737854782e-09,
                1.763655707362311e-11
            ],
            [
                4.1937959817614717e-13,
                9.056077687983388e-11,
                0.9999991683779308,
                8.315279902151532e-07,
                3.0988193776705457e-12
            ],
            [
                1.917171508079832e-10,
                3.331544532298694e-11,
                6.5602001487230896e-12,
                2.0611536163336167e-09,
                0.9999999977072536
            ],
            [
                3.3315449605110417e-11,
                4.2777884061341355e-11,
                1.0815942915451855e-11,
                3.059023589142172e-07,
                0.9999996940107319
            ]
        ],
        [
            [
                0.999999999330422,
                6.69158608469541e-10,
                0.0,
                0.0,
                4.1937956542447956e-13
            ],
            [
                0.9994472212573529,
                0.0005527785894436077,
                1.4922691744540634e-10,
                3.976762648206918e-12,
                0.0
            ],
            [
                1.0603577319799874e-13,
                3.331544959498334e-11,
                0.9999999317090724,
                6.82560423135636e-08,
                1.4637786974887585e-12
            ],
            [
                3.775134341511284e-11,
                4.8473684459112294e-11,
                7.43368027307869e-12,
                5.3157849689060806e-08,
                0.9999999467484917
            ],
            [
                4.944441703062387e-09,
                3.5817415563985974e-10,
                3.331538613530224e-11,
                1.3709566466995632e-06,
                0.9999986237074221
            ]
        ],
        [
            [
                0.9999999983928782,
                1.6052280510429325e-09,
                1.0060392766869892e-12,
                0.0,
                8.878265455547147e-13
            ],
            [
                0.00857748118650934,
                0.991421875516532,
                6.420398505582078e-07,
                1.2394284851331125e-09,
                1.7679497825415326e-11
            ],
            [
                5.0087746156890525e-14,
                1.0815941509445394e-11,
                0.9999999956253451,
                4.363462233643547e-09,
                3.266131328340929e-13
            ],
            [
                1.225606742816719e-11,
                2.2897348426690088e-11,
                5.109089021421757e-12,
                6.691586082594045e-10,
                0.9999999992905788
            ],
            [
                2.64656879027373e-09,
                4.599046952987401e-10,
                7.991945251343746e-11,
                2.2603252659615156e-06,
                0.9999977364883411
            ]
        ],
        [
            [
                0.9999999994783835,
                5.211412483301882e-10,
                0.0,
                0.0,
                4.752193058588662e-13
            ],
            [
                0.0004305515734694455,
                0.999556443028926,
                1.300153074912652e-05,
                3.849030990227316e-09,
                1.7824549718593698e-11
            ],
            [
                2.4133214909491316e-12,
                2.789420378654412e-10,
                0.9999832982702241,
                1.6701415105481504e-05,
                3.331487555663734e-11
            ],
            [
                3.581747856417189e-10,
                3.331544473460337e-11,
                6.560200032863494e-12,
                1.9555680684555842e-08,
                0.9999999800462689
            ],
            [
                2.594609487748567e-11,
                3.7751345289610944e-11,
                5.109089007332662e-12,
                3.3982678057062436e-09,
                0.9999999965329256
            ]
        ],
        [
            [
                0.9999999847675307,
                1.5229979501174206e-08,
                1.879528786484054e-12,
                0.0,
                6.10193658003093e-13
            ],
            [
                0.1480471923195808,
                0.8519527410548334,
                6.589357419327011e-08,
                7.320114876054502e-10,
                0.0
            ],
            [
                1.2015426659852697e-13,
                2.0206840651014276e-11,
                0.9999991684492693,
                8.315279903242327e-07,
                2.413362958243248e-12
            ],
            [
                1.2256067389249419e-11,
                1.7832472828340016e-11,
                3.978962518030031e-12,
                3.850741905534238e-09,
                0.9999999961151906
            ],
            [
                6.224144579121226e-11,
                2.594609480023514e-11,
                7.433680620056604e-12,
                6.348800071380178e-09,
                0.9999999935555786
            ]
        ],
        [
            [
                0.9999999585974275,
                4.139937543823992e-08,
                2.413362669840185e-12,
                0.0,
                7.835041453941505e-13
            ],
            [
                0.9996646498595221,
                0.0003353500605851414,
                7.989277946291055e-11,
                0.0,
                0.0
            ],
            [
                4.4202279609200816e-14,
                1.2256067048373454e-11,
                0.999999967745142,
                3.2241866331536334e-08,
                6.914399883686854e-13
            ],
            [
                5.109088992110755e-12,
                1.0815941481174102e-11,
                3.0988191169154895e-12,
                6.348800071367285e-09,
                0.999999993632176
            ],
            [
                6.560200086707383e-12,
                2.2897348172179677e-11,
                3.511422069781398e-12,
                1.1861120004085293e-08,
                0.9999999881059111
            ]
        ],
        [
            [
                0.9999999997204092,
                2.789468091089898e-10,
                2.2447770535893325e-13,
                0.0,
                4.193795655704886e-13
            ],
            [
                0.9994472213598563,
                0.0005527785916966638,
                4.844688693282859e-11,
                0.0,
                0.0
            ],
            [
                8.878215818075365e-13,
                1.3176440567550316e-10,
                0.9999938556619064,
                6.1441721262684886e-06,
                3.331525907244686e-11
            ],
            [
                2.289734842451089e-11,
                2.9400777351827e-11,
                4.508755236004553e-12,
                6.691586081957189e-10,
                0.9999999992740345
            ],
            [
                1.0815942428170479e-11,
                2.2897350300118638e-11,
                3.978962856217848e-12,
                1.125351837804371e-07,
                0.999999887427124
            ]
        ],
        [
            [
                0.9999999990255781,
                9.736200299570814e-10,
                3.266131338279249e-13,
                0.0,
                4.752193056211763e-13
            ],
            [
                0.9933071479326074,
                0.006692851470071311,
                5.865778282097144e-10,
                1.074354768162708e-11,
                0.0
            ],
            [
                9.019932944986258e-10,
                9.200581734086003e-08,
                0.8175740089265464,
                0.18242543092154867,
                4.6724409431513683e-07
            ],
            [
                2.940078049943477e-11,
                2.594609772432076e-11,
                5.109089567907728e-12,
                8.764249145505076e-08,
                0.9999999122970527
            ],
            [
                1.5737101997936355e-11,
                2.940077718934315e-11,
                6.560200122746438e-12,
                6.348800072099575e-09,
                0.9999999935995019
            ]
        ],
        [
            [
                0.9999999992403177,
                7.582560414769037e-10,
                5.384940208420306e-13,
                0.0,
                8.87826546307094e-13
            ],
            [
                0.9999962733534551,
                3.726639111275683e-06,
                7.433652624794612e-12,
                0.0,
                0.0
            ],
            [
                1.981008795257603e-13,
                2.594609494620485e-11,
                0.9999999987226968,
                1.250152864625192e-09,
                1.006039277865739e-12
            ],
            [
                4.599055717344551e-10,
                6.224145081277877e-11,
                7.433681219797197e-12,
                2.3823698429487389e-07,
                0.999999761233435
            ],
            [
                1.7832471946978337e-11,
                4.2777876383967684e-11,
                1.2256066783498985e-11,
                5.315784967904263e-08,
                0.9999999467692839
            ]
        ],
        [
            [
                0.9999999943959832,
                5.6027964013250865e-09,
                6.101936638167083e-13,
                0.0,
                6.101936638167083e-13
            ],
            [
                0.9999724642923963,
                2.7535689771845916e-05,
                1.783199801504057e-11,
                0.0,
                0.0
            ],
            [
                4.4202281018791206e-14,
                1.0815941552974093e-11,
                0.9999999996307669,
                3.581747928855375e-10,
                1.9810087972592827e-13
            ],
            [
                1.3176339127697416e-10,
                1.3176339127697416e-10,
                3.775084365141923e-11,
                1.3007124760899017e-05,
                0.9999869925739615
            ],
            [
                1.1628232859390562e-10,
                2.5946094601590506e-11,
                5.1090889530056825e-12,
                1.3440409753681917e-08,
                0.9999999864122529
            ]
        ],
        [
            [
                0.9999999950532517,
                4.944450473231338e-09,
                1.2917799972859667e-12,
                0.0,
                1.006039273442288e-12
            ],
            [
                0.8519527866009253,
                0.14804720187133544,
                1.1450585640948621e-08,
                7.715343915720091e-11,
                0.0
            ],
            [
                1.9095161384376593e-09,
                5.580424151455006e-08,
                0.8175727252676914,
                0.18242512297783986,
                2.0940407109968954e-06
            ],
            [
                2.5946097721556457e-11,
                2.5946097721556457e-11,
                3.0988194658238585e-12,
                8.764249144571331e-08,
                0.9999999123025176
            ],
            [
                1.7832472871788024e-11,
                9.545034903379396e-12,
                3.0988191324036888e-12,
                1.2501528638378244e-09,
                0.9999999987193708
            ]
        ],
        [
            [
                0.9999999995934272,
                4.0586521236934076e-10,
                2.8823507914684793e-13,
                0.0,
                4.1937956555046153e-13
            ],
            [
                0.7310585405401056,
                0.26894141526519266,
                4.4035883647240596e-08,
                1.5881819462401586e-10,
                0.0
            ],
            [
                2.6810038676069804e-14,
                8.878265477880724e-13,
                0.9999999999832656,
                1.5737102105836715e-11,
                8.258073285017427e-14
            ],
            [
                6.22414460729953e-11,
                2.940077731911656e-11,
                6.560200151702801e-12,
                1.8189616829916456e-09,
                0.9999999980828358
            ],
            [
                9.545034909444973e-12,
                1.2256067426899121e-11,
                2.1297851679668104e-12,
                9.736200299345625e-10,
                0.9999999990024491
            ]
        ],
        [
            [
                0.9999999943937841,
                5.6027964023776225e-09,
                2.413362756688459e-12,
                0.0,
                1.0060392729700439e-12
            ],
            [
                0.9996646498506652,
                0.0003353500588044901,
                9.05303794226547e-11,
                0.0,
                0.0
            ],
            [
                6.560063080109531e-12,
                1.8189236768378366e-09,
                0.9999785531642671,
                2.1444939721892983e-05,
                7.052732467575024e-11
            ],
            [
                5.4927882969153444e-11,
                2.0206838891422552e-11,
                4.508755197936635e-12,
                9.2374495710904e-09,
                0.999999990682907
            ],
            [
                1.7832472860121077e-11,
                1.7832472860121077e-11,
                5.7893563131391155e-12,
                2.0611536168875866e-09,
                0.9999999978973921
            ]
        ],
        [
            [
                0.999999998393569,
                1.6052280516589877e-09,
                4.193795649165938e-13,
                0.0,
                7.835041767851106e-13
            ],
            [
                0.49999995963593075,
                0.49999995816066517,
                8.186882500183665e-08,
                3.3457917571811896e-10,
                0.0
            ],
            [
                1.4922690976997374e-10,
                4.6885701313021755e-08,
                0.9994471680647772,
                0.0005527785550048628,
                6.345289666945023e-09
            ],
            [
                9.056076504307408e-11,
                2.5946093592169345e-11,
                5.1090887542388706e-12,
                5.315784969521968e-08,
                0.9999999467205345
            ],
            [
                3.5114220700522785e-12,
                1.081594142383766e-11,
                2.7346982578509278e-12,
                1.1861120005000292e-08,
                0.9999999881218179
            ]
        ],
        [
            [
                0.99999999735088,
                2.6465736298912453e-09,
                1.6586783532624902e-12,
                0.0,
                8.878265448208068e-13
            ],
            [
                0.9525741218491106,
                0.04742587525819733,
                2.856731243678293e-09,
                3.596093924382774e-11,
                0.0
            ],
            [
                1.3615262812432262e-13,
                4.8473693227396746e-11,
                0.9999998144082513,
                1.855391598577405e-07,
                3.978963041866154e-12
            ],
            [
                2.5946096898817585e-11,
                2.5946096898817585e-11,
                1.0815942356015383e-11,
                2.38236984343374e-07,
                0.9999997617003075
            ],
            [
                4.8473686076723674e-11,
                5.492788239228639e-11,
                1.225606719480498e-11,
                1.9555680690078226e-08,
                0.9999999803286617
            ]
        ],
        [
            [
                0.9999999976627094,
                2.335593031333597e-09,
                1.006039276067505e-12,
                0.0,
                6.914400084838273e-13
            ],
            [
                0.9770226312468399,
                0.02297736778216821,
                9.512493923212987e-10,
                1.9742551290387793e-11,
                0.0
            ],
            [
                4.752193429228096e-13,
                1.1628233926911544e-10,
                0.9999991683494628,
                8.31527990218165e-07,
                5.789356775166601e-12
            ],
            [
                0.00012339462602302392,
                7.581620625049467e-10,
                3.774666643985452e-11,
                1.0466104436911176e-08,
                0.9998765941119638
            ],
            [
                2.5946094940935688e-11,
                1.783247287939778e-11,
                2.1297851675222533e-12,
                1.2501528643713096e-09,
                0.9999999987039387
            ]
        ],
        [
            [
                0.99999999874854,
                1.2501528639856757e-09,
                4.1937956503248627e-13,
                0.0,
                8.878265461407897e-13
            ],
            [
                0.99999627335638,
                3.7266391112865827e-06,
                4.508738230604413e-12,
                0.0,
                0.0
            ],
            [
                1.0060354743121469e-12,
                2.789457542738436e-10,
                0.9999970973994252,
                2.902312199557088e-06,
                8.423431895835096e-12
            ],
            [
                7.433680639167786e-12,
                1.2256067389387654e-11,
