{
    "[['A', 'B', 'C', 'D', 'E'], ['A', 'B', 'C', 'D', 'E']]": [
        [
            [
                0.9999999999934397,
                6.560200166034712e-12,
                0.0,
                0.0,
                0.0
            ],
            [
                0.9999999988967441,
                1.103256030818222e-09,
                0.0,
                0.0,
                0.0
            ],
            [
                1.00603926704998e-12,
                2.172439908662365e-10,
                0.9999999879200198,
                1.1861120007113798e-08,
                6.101936603406385e-13
            ],
            [
                9.544908051512706e-12,
                3.33150025972182e-11,
                1.081579779323672e-11,
                1.3007124762806417e-05,
                0.9999869928215616
            ],
            [
                1.0815942696657927e-11,
                2.2897350868506567e-11,
                3.978962954988861e-12,
                8.76424914268652e-08,
                0.9999999123198163
            ]
        ],
        [
            [
                0.9999999999934397,
                6.560200165445433e-12,
                0.0,
                0.0,
                0.0
            ],
            [
                0.9999999991407833,
                8.592166607838063e-10,
                0.0,
                0.0,
                0.0
            ],
            [
                3.5114221895752754e-12,
                9.736200524287617e-10,
                0.9999993514224651,
                6.475946140425584e-07,
                5.789356454361174e-12
            ],
            [
                4.508678117603047e-12,
                4.277714695098793e-11,
                9.544871649866853e-12,
                1.6701415098639796e-05,
                0.9999832985280707
            ],
            [
                2.413362889064876e-12,
                1.2256068039450988e-11,
                2.734698424432751e-12,
                1.4449803163006965e-07,
                0.9999998554845643
            ]
        ],
        [
            [
                0.9999999999942106,
                5.7893563270810654e-12,
                0.0,
                0.0,
                0.0
            ],
            [
                0.9999999990263799,
                9.736200299049997e-10,
                0.0,
                0.0,
                0.0
            ],
            [
                2.8823507908871886e-13,
                4.847368701969709e-11,
                0.9999999991927275,
                7.582560421184719e-10,
                2.5436656451202025e-13
            ],
            [
                8.423319668152379e-12,
                4.277714695899845e-11,
                8.423319668152379e-12,
                1.6701415101767333e-05,
                0.9999832985252745
            ],
            [
                9.545017464543662e-12,
                3.7751276393887024e-11,
                1.081592177444349e-11,
                2.2603252727371935e-06,
                0.9999977396166151
            ]
        ],
        [
            [
                0.999999999996021,
                3.9789625347107e-12,
                0.0,
                0.0,
                0.0
            ],
            [
                0.999999992805867,
                7.194132972382877e-09,
                0.0,
                0.0,
                0.0
            ],
            [
                2.413362763859827e-12,
                1.60522804988218e-09,
                0.9999999967867113,
                1.60522804988218e-09,
                4.1937956445238755e-13
            ],
            [
                6.914399736124692e-13,
                9.545034410945604e-12,
                1.4637784356242645e-12,
                5.315784969341754e-08,
                0.9999999468304501
            ],
            [
                2.1297851678432313e-12,
                7.433680661488308e-12,
                2.1297851678432313e-12,
                8.592166606617171e-10,
                0.99999999912909
            ]
        ],
        [
            [
                0.999999999986112,
                1.388794385913051e-11,
                0.0,
                0.0,
                0.0
            ],
            [
                0.9999999996418252,
                3.58174792822155e-10,
                0.0,
                0.0,
                0.0
            ],
            [
                5.6756852279723515e-14,
                3.3315445394308424e-11,
                0.9999999992082891,
                7.582560421685778e-10,
                8.25807327877512e-14
            ],
            [
                1.783247215845763e-11,
                2.9400776156816925e-11,
                3.511421965754043e-12,
                4.139937544739493e-08,
                0.99999995854988
            ],
            [
                4.277787689008261e-11,
                2.9400776155993874e-11,
                6.560199892175049e-12,
                4.1399375446235985e-08,
                0.9999999585218857
            ]
        ],
        [
            [
                0.9999999999666846,
                3.331544541000776e-11,
                0.0,
                0.0,
                0.0
            ],
            [
                0.9999999918479795,
                8.152020641829017e-09,
                0.0,
                0.0,
                0.0
            ],
            [
                1.5428112015458559e-13,
                2.4616969491889895e-10,
                0.9999999989953372,
                7.58256041982204e-10,
                8.258073276745346e-14
            ],
            [
                1.658675326018737e-12,
                1.7832440301446937e-11,
                3.978955260299169e-12,
                1.0677030759771544e-06,
                0.9999989322734539
            ],
            [
                1.2256068996230707e-11,
                2.5946098268626495e-11,
                6.560200998949755e-12,
                1.8553915975861986e-07,
                0.9999998144160779
            ]
        ],
        [
            [
                0.9999999999821676,
                1.783247290343615e-11,
                0.0,
                0.0,
                0.0
            ],
            [
                0.9999999996418252,
                3.581747927999846e-10,
                0.0,
                0.0,
                0.0
            ],
            [
                1.74823412607422e-13,
                9.056076978292971e-11,
                0.9999999988056383,
                1.1032560309571988e-09,
                3.701011673941969e-13
            ],
            [
                1.5737104068363502e-11,
                2.5946098216732434e-11,
                3.978963031782259e-12,
                6.825604227090303e-08,
                0.9999999316982955
            ],
            [
                5.109088999675228e-12,
                1.3887943787797174e-11,
                2.4133627584236266e-12,
                4.944450474465343e-09,
                0.9999999950341392
            ]
        ],
        [
            [
                0.9999999999942106,
                5.789356327080739e-12,
                0.0,
                0.0,
                0.0
            ],
            [
                0.999999997664407,
                2.335593031780035e-09,
                0.0,
                0.0,
                0.0
            ],
            [
                4.847341277510102e-11,
                4.785094879036857e-06,
                0.9999951023193749,
                1.1253453794072973e-07,
                2.7346828173442825e-12
            ],
            [
                5.905303872057258e-10,
                2.1724398883999787e-10,
                2.020683865603948e-11,
                1.9555680667659186e-08,
                0.9999999796163381
            ],
            [
                1.658678435648537e-12,
                1.7832473733117922e-11,
                3.97896271991327e-12,
                5.043472049169748e-07,
                0.999999495629325
            ]
        ],
        [
            [
                0.9999999999925664,
                7.433680670466089e-12,
                0.0,
                0.0,
                0.0
            ],
            [
                0.9999999999094393,
                9.056076986881566e-11,
                0.0,
                0.0,
                0.0
            ],
            [
                8.703945206349879e-15,
                3.701011678432566e-13,
                0.9999999999944913,
                5.1090890278423055e-12,
                2.087967911555608e-14
            ],
            [
                1.3887442247690496e-11,
                5.49258995747445e-11,
                1.5736533700025372e-11,
                3.5356257494665664e-05,
                0.9999646436579555
            ],
            [
                2.73469826562252e-12,
                8.423463674477403e-12,
                1.463778500225515e-12,
                9.237449574249545e-09,
                0.9999999907499285
            ]
        ],
        [
            [
                0.9999999999972653,
                2.734698290820772e-12,
                0.0,
                0.0,
                0.0
            ],
            [
                0.9999999778405108,
                2.2159489267485498e-08,
                0.0,
                0.0,
                0.0
            ],
            [
                6.914400835758104e-13,
                4.5990558634194456e-10,
                0.9999999118957715,
                8.764249143246264e-08,
                1.139991973206113e-12
            ],
            [
                9.544980847198518e-12,
                4.8473412443932216e-11,
                8.42341603288198e-12,
                4.785094846345242e-06,
                0.9999952148387119
            ],
            [
                3.511422094995057e-12,
                6.5602001338127e-12,
                1.2917799980238368e-12,
                4.9444504760556284e-09,
                0.999999995044186
            ]
        ],
        [
            [
                0.9999999999969011,
                3.0988191377319347e-12,
                0.0,
                0.0,
                0.0
            ],
            [
                0.999999999979793,
                2.0206839083422174e-11,
                0.0,
                0.0,
                0.0
            ],
            [
                3.5114221966610463e-12,
                2.5109992153003067e-08,
                0.9999998303844895,
                1.4449802803815436e-07,
                3.978962630210981e-12
            ],
            [
                3.331531940924507e-11,
                5.492767575019117e-11,
                1.388789133517251e-11,
                2.9023121987661525e-06,
                0.9999970975856703
            ],
            [
                4.5087469979920405e-12,
                2.289730658843132e-11,
                4.5087469979920405e-12,
                1.067703075968138e-06,
                0.9999989322650092
            ]
        ],
        [
            [
                0.9999999999969011,
                3.0988191377321092e-12,
                0.0,
                0.0,
                0.0
            ],
            [
                0.9999999994788586,
                5.211412483717021e-10,
                0.0,
                0.0,
                0.0
            ],
            [
                4.1937956534377457e-13,
                1.493094674437762e-10,
                0.9999999988765684,
                9.736200301536822e-10,
                8.258073275824942e-14
            ],
            [
                3.0988191178875257e-12,
                1.0815941484566841e-11,
                2.4133627556074445e-12,
                6.3488000733587734e-09,
                0.9999999936348718
            ],
            [
                1.1399918480482422e-12,
                8.423463717552087e-12,
                1.1399918480482422e-12,
                3.850741905891407e-09,
                0.9999999961385546
            ]
        ],
        [
            [
                0.999999999989184,
                1.0815941554504481e-11,
                0.0,
                0.0,
                0.0
            ],
            [
                0.9999997617620097,
                2.3823698425465562e-07,
                1.0060393532021067e-12,
                0.0,
                0.0
            ],
            [
                5.008774620295715e-14,
                6.224144601102052e-11,
                0.9999999965393678,
                3.3982678075895457e-09,
                7.287724070287806e-14
            ],
            [
                3.0988193767869403e-12,
                1.573710331585731e-11,
                3.0988193767869403e-12,
                8.315279899780491e-07,
                0.9999991684500753
            ],
            [
                1.2256067419705885e-11,
                1.2256067419705885e-11,
                2.4133627670298294e-12,
                1.6052280519906807e-09,
                0.9999999983678465
            ]
        ],
        [
            [
                0.999999999996021,
                3.978962534562558e-12,
                0.0,
                0.0,
                0.0
            ],
            [
                0.999999998394772,
                1.6052280522132334e-09,
                0.0,
                0.0,
                0.0
            ],
            [
                3.511422501746994e-12,
                1.5229981429179602e-08,
                0.999999678861054,
                3.0590235433524936e-07,
                3.0988194814575733e-12
            ],
            [
                4.847359842243846e-11,
                7.991945278645047e-11,
                2.0206802139462657e-11,
                1.0677030758435531e-06,
                0.9999989321483244
            ],
            [
                9.545034888919168e-12,
                2.020683901841044e-11,
                3.978962521696671e-12,
                2.998960814199501e-09,
                0.9999999969673083
            ]
        ],
        [
            [
                0.999999999987744,
                1.2256067439556339e-11,
                0.0,
                0.0,
                0.0
            ],
            [
                0.9999999987498471,
                1.2501528643756243e-09,
                0.0,
                0.0,
                0.0
            ],
            [
                1.201542572661527e-13,
                1.5737102100109197e-11,
                0.9999999996257698,
                3.581747928746045e-10,
                1.9810087971988138e-13
            ],
            [
                3.978932385722538e-12,
                3.7751059386467244e-11,
                6.560150459018355e-12,
                7.889265046781e-06,
                0.999992110686663
            ],
            [
                3.77512030286701e-11,
                9.056042826301258e-11,
                1.3887891473736818e-11,
                3.7266391135589256e-06,
                0.9999962732186869
            ]
        ],
        [
            [
                0.9999999999975866,
                2.4133627710640126e-12,
                0.0,
                0.0,
                0.0
            ],
            [
                0.9999999988967441,
                1.1032560306188164e-09,
                0.0,
                0.0,
                0.0
            ],
            [
                9.357622964686615e-14,
                1.1628233025059555e-10,
                0.9999999996046045,
                2.7894680916307655e-10,
                7.287724092584897e-14
            ],
            [
                5.789323943476716e-12,
                2.5945949842126063e-11,
                7.433639088863008e-12,
                6.144172123492575e-06,
                0.9999938557887076
            ],
            [
                5.4927883254835804e-11,
                5.4927883254835804e-11,
                7.4336806378808e-12,
                3.850741904910995e-09,
                0.9999999960319685
            ]
        ],
        [
            [
                0.9999999999934397,
                6.560200166279782e-12,
                0.0,
                0.0,
                0.0
            ],
            [
                0.9999999993308415,
                6.691586084945646e-10,
                0.0,
                0.0,
                0.0
            ],
            [
                7.287724085694466e-14,
                9.056076977090773e-11,
                0.9999999986591199,
                1.250152864649838e-09,
                9.357622955839126e-14
            ],
            [
                2.4133399398812937e-12,
                2.2897131832927076e-11,
                5.109040692820729e-12,
                1.0129988100766616e-05,
                0.9999898699814798
            ],
            [
                2.7346981773446368e-12,
                1.3887943284768674e-11,
                2.7346981773446368e-12,
                4.1399375458313715e-08,
                0.9999999585812673
            ]
        ],
        [
            [
                0.9999999999941172,
                5.789356327437998e-12,
                0.0,
                0.0,
                9.357622966750794e-14
            ],
            [
                0.9999999988967441,
                1.1032560306783885e-09,
                0.0,
                0.0,
                0.0
            ],
            [
                3.701011667622645e-13,
                2.461696944518763e-10,
                0.999999997106467,
                2.6465736310645096e-09,
                4.193795645948876e-13
            ],
            [
                3.0986775722740316e-12,
                2.594490966140953e-11,
                5.108855624449629e-12,
                4.539785571217767e-05,
                0.9999546021101353
            ],
            [
                5.789356181141412e-12,
                1.5737101705673754e-11,
                3.511422023859113e-12,
                2.5109990917305694e-08,
                0.9999999748649713
            ]
        ],
        [
            [
                0.999999999989184,
                1.0815941552775777e-11,
                0.0,
                0.0,
                0.0
            ],
            [
                0.9999999995400946,
                4.5990553750815506e-10,
                0.0,
                0.0,
                0.0
            ],
            [
                6.431393864868843e-14,
                2.0206838849605044e-11,
                0.9999999881182388,
                1.1861120010105083e-08,
                3.701011634522108e-13
            ],
            [
                2.2897044106163125e-11,
                7.991853664263963e-11,
                2.9400386599333706e-11,
                1.3007124761784834e-05,
                0.9999869927430223
            ],
            [
                3.9789625089017285e-12,
                9.545034858225696e-12,
                1.291779996041316e-12,
                6.348800073065599e-09,
                0.9999999936363841
            ]
        ],
        [
            [
                0.9999999999964886,
                3.5114221123836697e-12,
                0.0,
                0.0,
                0.0
            ],
            [
                0.9999999999377585,
                6.224144620783429e-11,
                0.0,
                0.0,
                0.0
            ],
            [
                1.4930890373030912e-10,
                3.7266390978188008e-06,
                0.9999962688470075,
                4.363445773679642e-09,
                1.1399875476956017e-12
            ],
            [
                6.914400019625716e-13,
                6.560200085312099e-12,
                1.2917799884735023e-12,
                1.186112000156256e-08,
                0.9999999881303366
            ],
            [
                7.43368126988927e-12,
                1.573710337184891e-11,
                2.7346985114134817e-12,
                1.1253518376510636e-07,
                0.9999998874389108
            ]
        ],
        [
            [
                0.9999999999964886,
                3.511422112253116e-12,
                0.0,
                0.0,
                0.0
            ],
            [
                0.9999999998837177,
                1.162823302351662e-10,
                0.0,
                0.0,
                0.0
            ],
            [
                1.74823412581741e-13,
                9.056076976962662e-11,
                0.9999999986587413,
                1.2501528646321527e-09,
                3.7010116733983015e-13
            ],
            [
                8.423463300765388e-12,
                2.2897347223162204e-11,
                3.5114219242448547e-12,
                5.315784968106445e-08,
                0.9999999468073182
            ],
            [
                1.6586784921132663e-12,
                1.0815942425852507e-11,
                2.4133629656366663e-12,
                1.1253518375631962e-07,
                0.9999998874499283
            ]
        ],
        [
            [
                0.9999999999915765,
                8.423463752046522e-12,
                0.0,
                0.0,
                0.0
            ],
            [
                0.9999999998308102,
                1.6918979219116748e-10,
                0.0,
                0.0,
                0.0
            ],
            [
                1.2917799944761838e-12,
                7.194132972908361e-09,
                0.9999999921351924,
                6.691586037886631e-10,
                2.2447770371052067e-13
            ],
            [
                4.508420245051867e-12,
                5.492380240765764e-11,
                2.020533773673981e-11,
                7.484619707212242e-05,
                0.9999251537232903
            ],
            [
                3.5114221907670787e-12,
                2.5946095554607908e-11,
                5.1090891406659355e-12,
                6.47594614262357e-07,
                0.999999352370819
            ]
        ],
        [
            [
                0.999999999994891,
                5.109089026611046e-12,
                0.0,
                0.0,
                0.0
            ],
            [
                0.9999999997210531,
                2.7894680910911413e-10,
                0.0,
                0.0,
                0.0
            ],
            [
                3.037975385027622e-14,
                2.0206839087458463e-11,
                0.9999999998891753,
                9.05607698843426e-11,
                2.6810038674151203e-14
            ],
            [
                7.433241676615159e-12,
                4.277535244364692e-11,
                1.3887123712952988e-11,
                5.8291276732526314e-05,
                0.9999417086591718
            ],
            [
                1.4930947901601066e-10,
                1.3176515275814905e-10,
                2.940077963690812e-11,
                8.315279895641197e-07,
                0.999999168161535
            ]
        ],
        [
            [
                0.999999999986112,
                1.3887943860888673e-11,
                0.0,
                0.0,
                0.0
            ],
            [
                0.9999999995941349,
                4.0586521213386896e-10,
                0.0,
                0.0,
                0.0
            ],
            [
                2.244777053863163e-13,
                2.940077737768039e-11,
                0.9999999995641395,
                4.0586521243823214e-10,
                3.701011676683764e-13
            ],
            [
                5.7893460569329375e-12,
                3.3315386311549506e-11,
                6.5601885286820896e-12,
                1.370956653952289e-06,
                0.9999986289976811
            ],
            [
                1.0815941387036536e-11,
                3.33154448972598e-11,
                6.560200064892445e-12,
                1.5229979504983965e-08,
                0.9999999847193288
            ]
        ],
        [
            [
                0.9999999999964886,
                3.5114221126009245e-12,
                0.0,
                0.0,
                0.0
            ],
            [
                0.9999999995941349,
                4.058652123945677e-10,
                0.0,
                0.0,
                0.0
            ],
            [
                2.2447770530637368e-13,
                7.052879844962703e-11,
                0.9999999991708706,
                7.582560421300618e-10,
                1.201542572129545e-13
            ],
            [
                1.1399919953432046e-12,
                8.423464805922827e-12,
                1.4637786968412482e-12,
                6.825604228337017e-08,
                0.9999999317329304
            ],
            [
                8.423464163412728e-12,
                2.940077882019982e-11,
                7.433681033244073e-12,
                1.444980316260448e-07,
                0.9999998554567104
            ]
        ],
        [
            [
                0.9999999999942106,
                5.78935632686552e-12,
                0.0,
                0.0,
                0.0
            ],
            [
                0.9999999865595903,
                1.3440409758935795e-08,
                0.0,
                0.0,
                0.0
            ],
            [
                1.291777670859569e-12,
                1.4166062271820871e-09,
                0.9999982382349915,
                1.7603431316465133e-06,
                3.978955346837735e-12
            ],
            [
                1.879525378725839e-12,
                1.7832440291082474e-11,
                3.978955257986545e-12,
                1.0677030753565905e-06,
                0.9999989322732337
            ],
            [
                2.734698282886249e-12,
                1.0815941522854276e-11,
                2.129785164175837e-12,
                2.646573630484027e-09,
                0.999999997337746
            ]
        ],
        [
            [
                0.999999999994891,
                5.1090890266109115e-12,
                0.0,
                0.0,
                0.0
            ],
            [
                0.999999999683912,
                3.160881452314971e-10,
                0.0,
                0.0,
                0.0
            ],
            [
                1.879528966808396e-12,
                9.736201091423877e-10,
                0.9999998864871869,
                1.1253518371650526e-07,
                2.1297853412332245e-12
            ],
            [
                2.7346986379757267e-12,
                1.7832475166852836e-11,
                3.511422558142182e-12,
                1.855391597624575e-07,
                0.9999998144367616
            ],
            [
                2.2897306589240115e-11,
                4.277780047143403e-11,
                9.545017469988653e-12,
                1.067703076005852e-06,
                0.9999989322217038
            ]
        ],
        [
            [
                0.999999999994891,
                5.109089026205803e-12,
                0.0,
                0.0,
                0.0
            ],
            [
                0.999999999782756,
                2.172439933828619e-10,
                0.0,
                0.0,
                0.0
            ],
            [
                2.5436656431450654e-13,
                3.5817479243242825e-10,
                0.9999999983912433,
                1.2501528643068825e-09,
                1.748234125362547e-13
            ],
            [
                1.7831828823222847e-11,
                7.052625110583291e-11,
                1.7831828823222847e-11,
                3.535625750339995e-05,
                0.9999646436363067
            ],
            [
                2.4133627635888368e-12,
                7.43368064695772e-12,
                1.4637785091254414e-12,
                2.998960814612447e-09,
                0.9999999969897284
            ]
        ],
        [
            [
                0.999999999994891,
                5.109089026421001e-12,
                0.0,
                0.0,
                0.0
            ],
            [
                0.9999999999294713,
                7.052879848646262e-11,
                0.0,
                0.0,
                0.0
            ],
            [
                1.0603575988521493e-13,
                4.277787867757763e-11,
                0.999999999739752,
                2.172439934463901e-10,
                1.2015425728369676e-13
            ],
            [
                2.0206841218669427e-11,
                2.2897350868302247e-11,
                3.511422483245185e-12,
                8.764249142608313e-08,
                0.999999912310893
            ],
            [
                1.2256045311007526e-11,
                4.847359952462575e-11,
                9.545017685571282e-12,
                1.760343133166907e-06,
                0.9999982395865922
            ]
        ],
        [
            [
                0.9999999999934397,
                6.5602001657589e-12,
                0.0,
                0.0,
                0.0
            ],
            [
                0.999999999987744,
                1.2256067440930058e-11,
                0.0,
                0.0,
                0.0
            ],
            [
                3.7010116765739097e-13,
                1.3176514262908174e-10,
                0.9999999995094655,
                3.5817479283294724e-10,
                2.2447770537965328e-13
            ],
            [
                1.4637785704038812e-12,
                2.0206839867115614e-11,
                6.560200420374152e-12,
                3.927863696495823e-07,
                0.9999996071853995
            ],
            [
                3.511422042826644e-12,
                9.545034731066204e-12,
                1.6586783255888334e-12,
                1.9555680694946802e-08,
                0.9999999804296043
            ]
        ],
        [
            [
                0.999999999989184,
                1.0815941553747775e-11,
                0.0,
                0.0,
                0.0
            ],
            [
                0.9999999881383416,
                1.1861120000460001e-08,
                5.384940149252884e-13,
                0.0,
                0.0
            ],
            [
                3.4424770992096553e-14,
                1.3887943827605218e-11,
                0.9999999973393838,
                2.6465736317897894e-09,
                1.2015425699450088e-13
            ],
            [
                1.225606791383629e-11,
                2.940077851968475e-11,
                5.789356550618609e-12,
                3.927863696023788e-07,
                0.9999996071661842
            ],
            [
                5.789356285376568e-12,
                8.423463691388828e-12,
                1.2917799951123925e-12,
                7.194132976451511e-09,
                0.9999999927903624
            ]
        ],
        [
            [
                0.9999999999740539,
                2.594609497279309e-11,
                0.0,
                0.0,
                0.0
            ],
            [
                0.9999999993308415,
                6.691586083735624e-10,
                0.0,
                0.0,
                0.0
            ],
            [
                5.1090894391004286e-12,
                1.4449803623609858e-07,
                0.9999997678530738,
                8.764248924546088e-08,
                1.291780108712451e-12
            ],
            [
                3.9779233829332215e-12,
                3.7741486234544066e-11,
                9.542542124612524e-12,
                0.0002611903274416554,
                0.9997388096212964
            ],
            [
                1.3887943823876776e-11,
                1.5737102060304953e-11,
                2.7346982835013163e-12,
                2.335593031889525e-09,
                0.9999999976320473
            ]
        ],
        [
            [
                0.9999999999771028,
                2.2897348449539566e-11,
                0.0,
                0.0,
                0.0
            ],
            [
                0.9999999990263799,
                9.736200299576435e-10,
                0.0,
                0.0,
                0.0
            ],
            [
                6.431393938811142e-14,
                2.2897348447053427e-11,
                0.9999999996187809,
                3.5817479288124446e-10,
                8.258073282164992e-14
            ],
            [
                2.547941311634084e-11,
                3.1040279641209116e-10,
                1.4662389890235052e-10,
                0.017986211590166203,
                0.9820137879273277
            ],
            [
                1.4637785115222057e-12,
                5.109089018975508e-12,
                8.8782654626674e-13,
                1.250152864163027e-09,
                0.9999999987423864
            ]
        ],
        [
            [
                0.9999999999842628,
                1.573710210273813e-11,
                0.0,
                0.0,
                0.0
            ],
            [
                0.9999999999094393,
                9.056076986324546e-11,
                0.0,
                0.0,
                0.0
            ],
            [
                1.879528851848418e-12,
                3.850741995108692e-09,
                0.9999993485508869,
                6.475946121554756e-07,
                1.879528851848418e-12
            ],
            [
                1.2256045029548452e-11,
                3.3315384492597356e-11,
                5.78934574084645e-12,
                2.2603252731698567e-06,
                0.999997739623366
            ],
            [
                2.940078108348383e-11,
                3.3315449603706116e-11,
                5.109089669400236e-12,
                3.0590235890132287e-07,
                0.9999996940298158
            ]
        ],
        [
            [
                0.9999999999705993,
                2.94007773855823e-11,
                0.0,
                0.0,
                0.0
            ],
            [
                0.9999999985833912,
                1.4166087834179842e-09,
                0.0,
                0.0,
                0.0
            ],
            [
                5.384940081240743e-13,
                1.6918978797239287e-10,
                0.9999999747195893,
                2.5109990920877946e-08,
                6.914399931653665e-13
            ],
            [
                4.508747244255782e-12,
                2.2897307839061795e-11,
                5.789346059045237e-12,
                1.3709566544524958e-06,
                0.9999986290101501
            ],
            [
                1.8795288112642413e-12,
                7.433680651489784e-12,
                1.6586783542591996e-12,
                2.3355930322445644e-09,
                0.9999999976534351
            ]
        ],
        [
            [
                0.9999999999771028,
                2.2897348449539566e-11,
                0.0,
                0.0,
                0.0
            ],
            [
                0.9999999918479795,
                8.152020641004738e-09,
                0.0,
                0.0,
                0.0
            ],
            [
                3.7010116507578047e-13,
                2.4616969333012555e-10,
                0.9999999925590389,
                7.194132976219167e-09,
                2.882350771766571e-13
            ],
            [
                8.878266157932565e-13,
                1.2256068382082897e-11,
                2.734698500884264e-12,
                8.315279897349982e-07,
                0.9999991684561317
            ],
            [
                5.384940109931087e-13,
                5.7893562128100575e-12,
                1.1399918302182371e-12,
                1.9555680696286037e-08,
                0.9999999804368516
            ]
        ],
        [
            [
                0.999999999994891,
                5.109089026778626e-12,
                0.0,
                0.0,
                0.0
            ],
            [
                0.9999999988967441,
                1.1032560308545111e-09,
                0.0,
                0.0,
                0.0
            ],
            [
                3.2661313117849856e-13,
                1.9171714955603185e-10,
                0.9999999905701366,
                9.237449574287752e-09,
                3.7010116434622807e-13
            ],
            [
                7.433681606154385e-12,
                2.5946098242054587e-11,
                6.560200992231325e-12,
                3.059023589285852e-07,
                0.9999996940577011
            ],
            [
                1.2256067406946557e-11,
                1.2256067406946557e-11,
                2.1297851644995746e-12,
                2.6465736308863188e-09,
                0.9999999973267844
            ]
        ],
        [
            [
                0.9999999999200804,
                7.991959889451611e-11,
                0.0,
                0.0,
                0.0
            ],
            [
                0.9999999973534264,
                2.6465736311656473e-09,
                0.0,
                0.0,
                0.0
            ],
            [
                1.0603575987798263e-13,
                4.2777878674659903e-11,
                0.9999999996780491,
                2.7894680918888407e-10,
                1.2015425727550146e-13
            ],
            [
                2.4133628653756705e-12,
                9.54503529280822e-12,
                1.4637785708622768e-12,
                3.927863697725869e-07,
                0.9999996072002081
            ],
            [
                5.789356016414499e-12,
                2.0206838000131687e-11,
                4.508754999062761e-12,
                5.3157849676558236e-08,
                0.9999999468116454
            ]
        ],
        [
            [
                0.9999999999925664,
                7.433680670222029e-12,
                0.0,
                0.0,
                0.0
            ],
            [
                0.9999999995941349,
                4.0586521231803587e-10,
                0.0,
                0.0,
                0.0
            ],
            [
                2.5436656425429053e-13,
                2.4616969471371416e-10,
                0.9999999981480598,
                1.605228052135014e-09,
                2.882350787966728e-13
            ],
            [
                1.1399767004615174e-12,
                1.7832235881870963e-11,
                2.7346619424352648e-12,
                1.3007124763222239e-05,
                0.9999869928535299
            ],
            [
                4.508755342724334e-12,
                2.5946095560696587e-11,
                6.560200314277851e-12,
                6.475946144143257e-07,
                0.9999993523683706
            ]
        ],
        [
            [
                0.9999999999915765,
                8.423463751733663e-12,
                0.0,
                0.0,
                0.0
            ],
            [
                0.9999999827421723,
