{
    "[['A', 'B', 'C', 'D', 'E'], ['A', 'B', 'C', 'D', 'E']]": [
        [
            [
                0.999999999990455,
                9.545034920674772e-12,
                0.0,
                0.0,
                0.0
            ],
            [
                0.9999999998837177,
                1.1628233026005059e-10,
                0.0,
                0.0,
                0.0
            ],
            [
                1.981008945078742e-13,
                3.1608816889131805e-10,
                0.9999997614461192,
                2.3823698443204402e-07,
                6.101937130488875e-13
            ],
            [
                2.2447769820123442e-13,
                2.4133626933415395e-12,
                3.266131236560518e-13,
                3.224186632394001e-08,
                0.9999999677551691
            ],
            [
                1.6586783577831478e-12,
                5.109089024579343e-12,
                8.878265472405405e-13,
                3.160881452158229e-10,
                0.9999999996762563
            ]
        ],
        [
            [
                0.9999999999969011,
                3.0988191382492837e-12,
                0.0,
                0.0,
                0.0
            ],
            [
                0.9999938558267409,
                6.144172119133795e-06,
                1.1399854752010258e-12,
                0.0,
                0.0
            ],
            [
                1.201542600477906e-13,
                6.22414476432905e-11,
                0.9999993523427694,
                6.475946147038437e-07,
                2.543665705172563e-13
            ],
            [
                1.6586783537488833e-12,
                5.109089012152933e-12,
                8.878265450811543e-13,
                2.64657363066733e-09,
                0.9999999973457707
            ],
            [
                6.91440009578115e-13,
                3.9789625294156485e-12,
                8.87826546413115e-13,
                1.2501528643691384e-09,
                0.9999999987442889
            ]
        ],
        [
            [
                0.9999999999942106,
                5.789356327271275e-12,
                0.0,
                0.0,
                0.0
            ],
            [
                0.9999999998082829,
                1.9171715127035869e-10,
                0.0,
                0.0,
                0.0
            ],
            [
                3.978955313338379e-12,
                1.370956597858407e-06,
                0.9999985876397017,
                4.1399302040887626e-08,
                4.193788045921751e-13
            ],
            [
                3.266131325127147e-13,
                2.1297851594398227e-12,
                2.8823507778592267e-13,
                4.944450475203503e-09,
                0.9999999950528049
            ],
            [
                8.878265473141331e-13,
                2.7346982899537144e-12,
                3.7010116763756635e-13,
                3.160881452420237e-10,
                0.9999999996799191
            ]
        ],
        [
            [
                0.9999999999981204,
                1.8795288159410817e-12,
                0.0,
                0.0,
                0.0
            ],
            [
                0.9999997617624773,
                2.3823698431279303e-07,
                5.384940614726902e-13,
                0.0,
                0.0
            ],
            [
                8.878231894876794e-13,
                8.592134117809926e-10,
                0.999997096826237,
                2.902312197978104e-06,
                1.4637729771291674e-12
            ],
            [
                1.9810087962499635e-13,
                1.139991852009093e-12,
                1.7482341266834308e-13,
                5.905303993581248e-10,
                0.9999999994079567
            ],
            [
                6.9144001025083e-13,
                2.734698289839023e-12,
                4.1937956556914595e-13,
                2.7894680910809675e-10,
                0.9999999997172078
            ]
        ],
        [
            [
                0.9999999999942106,
                5.7893563270812e-12,
                0.0,
                0.0,
                0.0
            ],
            [
                0.9984988179601034,
                0.0015011820363904373,
                3.5061486137195825e-12,
                0.0,
                0.0
            ],
            [
                1.0603575984235632e-13,
                2.5946094964930996e-11,
                0.9999999993831932,
                5.905303994885114e-10,
                2.2447770534780592e-13
            ],
            [
                1.5428111206223593e-13,
                2.41336264267274e-12,
                2.8823506391842e-13,
                5.315784969929546e-08,
                0.9999999468392944
            ],
            [
                3.0988191298411366e-12,
                5.109089013421544e-12,
                8.878265453016058e-13,
                2.3355930321059243e-09,
                0.9999999976553113
            ]
        ],
        [
            [
                0.9999999999989939,
                1.0060392790013832e-12,
                0.0,
                0.0,
                0.0
            ],
            [
                0.9999999999969011,
                3.098819137731576e-12,
                0.0,
                0.0,
                0.0
            ],
            [
                8.87826507144471e-13,
                4.363462052905263e-09,
                0.9999999542359482,
                4.1399375289939804e-08,
                3.2661311930550155e-13
            ],
            [
                3.701011558444502e-13,
                3.5114219993831013e-12,
                6.10193647951448e-13,
                3.224186632588018e-08,
                0.9999999677536419
            ],
            [
                2.543665640956464e-13,
                2.4133627657416523e-12,
                3.70101166925096e-13,
                2.0611536172360062e-09,
                0.9999999979358085
            ]
        ],
        [
            [
                0.9999999999981204,
                1.879528816217398e-12,
                0.0,
                0.0,
                0.0
            ],
            [
                0.9999999994788586,
                5.211412483717247e-10,
                0.0,
                0.0,
                0.0
            ],
            [
                1.0603575980490489e-13,
                3.3315445386998345e-11,
                0.9999999989927837,
                9.73620030287874e-10,
                1.7482341264519638e-13
            ],
            [
                2.8823509057140616e-13,
                3.0988192594231005e-12,
                4.752193247872553e-13,
                3.927863698474201e-07,
                0.9999996072097679
            ],
            [
                4.193795618126607e-13,
                1.8795287984989684e-12,
                2.882350765778975e-13,
                9.2374495733076e-09,
                0.9999999907599634
            ]
        ],
        [
            [
                0.9999999999978701,
                2.1297851703568236e-12,
                0.0,
                0.0,
                0.0
            ],
            [
                0.9999999995400946,
                4.599055375253124e-10,
                0.0,
                0.0,
                0.0
            ],
            [
                5.384940206399512e-13,
                4.5990553689548864e-10,
                0.9999999979342078,
                1.605228051800876e-09,
                1.2015425706436422e-13
            ],
            [
                3.266131751037005e-13,
                2.734698633415044e-12,
                5.384940890843765e-13,
                6.825604229500058e-08,
                0.9999999317403578
            ],
            [
                8.878265476636511e-13,
                1.879528816153123e-12,
                2.882350792852498e-13,
                7.052879849663855e-11,
                0.9999999999264155
            ]
        ],
        [
            [
                0.9999999999975866,
                2.4133627709625057e-12,
                0.0,
                0.0,
                0.0
            ],
            [
                0.9999999634651793,
                3.6534820774697165e-08,
                0.0,
                0.0,
                0.0
            ],
            [
                2.5436657720063435e-13,
                7.991960284527932e-11,
                0.9999998554211028,
                1.444980316907485e-07,
                6.914400445718093e-13
            ],
            [
                3.266131341445146e-13,
                1.4637785135243311e-12,
                2.244777054098425e-13,
                1.9171715129704007e-10,
                0.9999999998062681
            ],
            [
                6.914400104277878e-13,
                2.413362770903971e-12,
                3.701011677167632e-13,
                1.0261879627750649e-10,
                0.9999999998939062
            ]
        ],
        [
            [
                0.999999999994891,
                5.109089026778731e-12,
                0.0,
                0.0,
                0.0
            ],
            [
                0.9999999999942106,
                5.789356327081319e-12,
                0.0,
                0.0,
                0.0
            ],
            [
                4.752193057544612e-13,
                1.493094674555034e-10,
                0.9999999989907442,
                8.592166609724303e-10,
                2.5436656445793574e-13
            ],
            [
                5.384940111249969e-13,
                3.978962457140787e-12,
                6.914399970186273e-13,
                1.9555680701075622e-08,
                0.9999999804391103
            ],
            [
                2.882350792240917e-13,
                1.6586783582216817e-12,
                2.2447770540837105e-13,
                1.6918979219087107e-10,
                0.9999999998286389
            ]
        ],
        [
            [
                0.9999999999972653,
                2.734698290990009e-12,
                0.0,
                0.0,
                0.0
            ],
            [
                0.9999999999925664,
                7.43368067022218e-12,
                0.0,
                0.0,
                0.0
            ],
            [
                1.101130590324413e-09,
                0.22270013781055586,
                0.7772998326813741,
                2.839853221768607e-08,
                8.407235804395784e-12
            ],
            [
                2.2447769346498733e-13,
                3.978962322474358e-12,
                7.835041364927965e-13,
                5.31578496937744e-08,
                0.9999999468371634
            ],
            [
                2.413362768599976e-12,
                4.508755236254342e-12,
                1.006039277935503e-12,
                9.736200299965754e-10,
                0.9999999990184518
            ]
        ],
        [
            [
                0.9999999999981204,
                1.8795288160108896e-12,
                0.0,
                0.0,
                0.0
            ],
            [
                0.9999999997538302,
                2.4616969505217956e-10,
                0.0,
                0.0,
                0.0
            ],
            [
                8.258073283657776e-14,
                9.056076987591298e-11,
                0.999999999793044,
                1.1628233027548183e-10,
                3.03797538474484e-14
            ],
            [
                4.1937956554051593e-13,
                2.4133627701215732e-12,
                3.266131340470994e-13,
                4.599055375390507e-10,
                0.9999999995369351
            ],
            [
                1.9810087970116495e-13,
                1.2917800041095718e-12,
                0.0,
                1.1628233024131993e-10,
                0.9999999998822278
            ]
        ],
        [
            [
                0.9999999999969011,
                3.0988191377320276e-12,
                0.0,
                0.0,
                0.0
            ],
            [
                0.999999999990455,
                9.545034920081139e-12,
                0.0,
                0.0,
                0.0
            ],
            [
                4.752193013907202e-13,
                9.736200212898056e-10,
                0.9999999897881285,
                9.23744956698744e-09,
                3.2661313092037776e-13
            ],
            [
                3.2661253717325155e-13,
                5.109079687761899e-12,
                1.2917776431879589e-12,
                1.0677030763270681e-06,
                0.9999989322901962
            ],
            [
                3.9789625326108485e-12,
                5.78935632403628e-12,
                1.0060392784675575e-12,
                2.7894680906070494e-10,
                0.9999999997102789
            ]
        ],
        [
            [
                0.9999999999972653,
                2.7346982907192947e-12,
                0.0,
                0.0,
                0.0
            ],
            [
                0.9999999996418252,
                3.581747928221006e-10,
                0.0,
                0.0,
                0.0
            ],
            [
                7.287724094468086e-14,
                6.560200166937102e-12,
                0.9999999998439373,
                1.4930946759202496e-10,
                1.2015425729543364e-13
            ],
            [
                1.2917799846402494e-12,
                5.1090889483853505e-12,
                7.835041662874259e-13,
                1.5229979507195935e-08,
                0.999999984762836
            ],
            [
                7.835041757928829e-13,
                3.0988191279895033e-12,
                6.101936656472129e-13,
                2.99896081447083e-09,
                0.9999999969965467
            ]
        ],
        [
            [
                0.9999999999975866,
                2.4133627711537678e-12,
                0.0,
                0.0,
                0.0
            ],
            [
                0.9999998874648163,
                1.1253518374663341e-07,
                0.0,
                0.0,
                0.0
            ],
            [
                6.560199890952673e-12,
                4.139937543852194e-08,
                0.9999999578355838,
                7.582560107510992e-10,
                2.2447769601679716e-13
            ],
            [
                1.9810087478130194e-13,
                2.129785116947038e-12,
                2.882350720351497e-13,
                2.5109990920681146e-08,
                0.9999999748873929
            ],
            [
                3.266131341486817e-13,
                1.6586783582537166e-12,
                2.2447770541270648e-13,
                7.991959889771395e-11,
                0.9999999999178706
            ]
        ],
        [
            [
                0.999999999986112,
                1.3887943861346527e-11,
                0.0,
                0.0,
                0.0
            ],
            [
                0.9999999981810384,
                1.8189616838489054e-09,
                0.0,
                0.0,
                0.0
            ],
            [
                2.543665635135583e-13,
                4.058652106943512e-10,
                0.999999995230298,
                4.363462231944628e-09,
                1.2015425673947795e-13
            ],
            [
                1.879521726380786e-12,
                1.57370427416943e-11,
                5.789334489505602e-12,
                3.7266391140016266e-06,
                0.9999962733374801
            ],
            [
                1.2917800043830138e-12,
                2.4133627710803438e-12,
                2.5436656465834034e-13,
                1.1628233026593439e-10,
                0.9999999998797582
            ]
        ],
        [
            [
                0.9999999999987081,
                1.2917800043757553e-12,
                0.0,
                0.0,
                0.0
            ],
            [
                0.9999999999978701,
                2.1297851704266703e-12,
                0.0,
                0.0,
                0.0
            ],
            [
                1.3615260917152722e-13,
                1.3176514111628237e-10,
                0.9999999880068243,
                1.1861120008696176e-08,
                1.5428111846372827e-13
            ],
            [
                1.1398505741507286e-12,
                1.5735151811894907e-11,
                5.7886388553077066e-12,
                0.00012339462762001168,
                0.9998766053497163
            ],
            [
                4.5087552371502415e-12,
                6.560200160668453e-12,
                8.878265468329373e-13,
                6.691586083657543e-10,
                0.9999999993188846
            ]
        ],
        [
            [
                0.9999999999981204,
                1.8795288159411254e-12,
                0.0,
                0.0,
                0.0
            ],
            [
                0.9999999999094393,
                9.056076986620801e-11,
                0.0,
                0.0,
                0.0
            ],
            [
                7.287724083738966e-14,
                2.94007773441076e-11,
                0.9999999983652157,
                1.6052280525246547e-09,
                8.258073271866664e-14
            ],
            [
                7.835041688899741e-13,
                5.109088965356097e-12,
                7.835041688899741e-13,
                1.186112000576446e-08,
                0.9999999881322038
            ],
            [
                1.9810087974282766e-13,
                6.914400104773737e-13,
                1.7482341277232885e-13,
                3.33154454112255e-11,
                0.9999999999656202
            ]
        ],
        [
            [
                0.9999999999972653,
                2.734698290719449e-12,
                0.0,
                0.0,
                0.0
            ],
            [
                0.999999352405386,
                6.47594614061322e-07,
                0.0,
                0.0,
                0.0
            ],
            [
                1.2015425705690298e-13,
                7.991959875606048e-11,
                0.9999999978587337,
                2.06115361796448e-09,
                7.28772408000047e-14
            ],
            [
                1.5428111957463143e-13,
                2.129785160677488e-12,
                3.2661313270251684e-13,
                4.363462231885728e-09,
                0.9999999956339272
            ],
            [
                4.752193059551205e-13,
                2.4133627701979897e-12,
                4.193795655537951e-13,
                3.1608814521719716e-10,
                0.9999999996806039
            ]
        ],
        [
            [
                0.9999999999983413,
                1.6586783583167693e-12,
                0.0,
                0.0,
                0.0
            ],
            [
                0.9999999990263799,
                9.736200300811517e-10,
                0.0,
                0.0,
                0.0
            ],
            [
                1.6586785512959635e-12,
                9.237450733375763e-09,
                0.9999999225040654,
                6.82560416800216e-08,
                7.835042693811347e-13
            ],
            [
                1.9810087739940555e-13,
                2.1297851450943048e-12,
                3.7010116336521575e-13,
                1.1861120007317038e-08,
                0.999999988136182
            ],
            [
                7.835041776975399e-13,
                3.5114221097512776e-12,
                7.835041776975399e-13,
                6.691586084384309e-10,
                0.9999999993257629
            ]
        ],
        [
            [
                0.9999999999975866,
                2.4133627711535755e-12,
                0.0,
                0.0,
                0.0
            ],
            [
                0.9999999995941349,
                4.058652123828278e-10,
                0.0,
                0.0,
                0.0
            ],
            [
                1.2015425718921028e-13,
                3.331544538603253e-11,
                0.9999999989927197,
                9.736200302596486e-10,
                2.2447770526201362e-13
            ],
            [
                1.1399245315804821e-12,
                1.388712372163696e-11,
                3.978727560839924e-12,
                5.829127676897733e-05,
                0.9999417087042253
            ],
            [
                7.835041778616264e-13,
                3.5114221104866626e-12,
                6.101936672583519e-13,
                4.599055374867361e-10,
                0.9999999995351894
            ]
        ],
        [
            [
                0.9999999999969011,
                3.0988191378472032e-12,
                0.0,
                0.0,
                0.0
            ],
            [
                0.999999998394772,
                1.6052280517718956e-09,
                0.0,
                0.0,
                0.0
            ],
            [
                7.287724076152956e-14,
                2.5946094912746235e-11,
                0.9999999973273346,
                2.646573631767043e-09,
                7.287724076152956e-14
            ],
            [
                4.752193060820525e-13,
                2.734698290469366e-12,
                6.101936675100668e-13,
                9.056076985955629e-11,
                0.999999999905619
            ],
            [
                8.87826544105266e-13,
                3.0988191256655e-12,
                4.1937956407097297e-13,
                3.850741906543198e-09,
                0.999999996144852
            ]
        ],
        [
            [
                0.999999999996021,
                3.978962534562811e-12,
                0.0,
                0.0,
                0.0
            ],
            [
                0.9999999999622486,
                3.775134543315059e-11,
                0.0,
                0.0,
                0.0
            ],
            [
                8.878266577497052e-13,
                6.825604221273936e-08,
                0.9999999303263066,
                1.4166089620047047e-09,
                1.5428113941759495e-13
            ],
            [
                2.543665641711449e-13,
                1.879528812352833e-12,
                3.2661313355128346e-13,
                1.8189616835016958e-09,
                0.9999999981785779
            ],
            [
                5.3849402143086e-13,
                1.879528815336508e-12,
                2.8823507916001785e-13,
                3.5817479279914787e-10,
                0.9999999996391189
            ]
        ],
        [
            [
                0.9999999999925664,
                7.433680669941406e-12,
                0.0,
                0.0,
                0.0
            ],
            [
                0.9999999999622486,
                3.7751345430830055e-11,
                0.0,
                0.0,
                0.0
            ],
            [
                5.384940192220074e-13,
                2.061153612665113e-09,
                0.9999999952915799,
                2.646573626359765e-09,
                1.5428111958762853e-13
            ],
            [
                2.7341404856215643e-12,
                2.9394780413502646e-11,
                7.432164398519286e-12,
                0.0002034270618650508,
                0.9997965728985738
            ],
            [
                7.835041783055248e-13,
                1.4637785137505519e-12,
                2.2447770544453455e-13,
                6.224144621311723e-11,
                0.9999999999352869
            ]
        ],
        [
            [
                0.9999999999972653,
                2.734698290604282e-12,
                0.0,
                0.0,
                0.0
            ],
            [
                0.9999999995941349,
                4.0586521233740947e-10,
                0.0,
                0.0,
                0.0
            ],
            [
                3.90083759969736e-14,
                1.7832472860222287e-11,
                0.9999999973354348,
                2.6465736317965496e-09,
                1.2015425699480781e-13
            ],
            [
                4.193795654017278e-13,
                2.129785168740443e-12,
                4.193795654017278e-13,
                7.582560420024744e-10,
                0.9999999992387754
            ],
            [
                1.8795288087598785e-12,
                6.5602001410016865e-12,
                7.83504175263584e-13,
                3.850741906829735e-09,
                0.9999999961400348
            ]
        ],
        [
            [
                0.9999999999981204,
                1.87952881601084e-12,
                0.0,
                0.0,
                0.0
            ],
            [
                0.9999999966017321,
                3.3982678071093165e-09,
                0.0,
                0.0,
                0.0
            ],
            [
                2.1297853533882963e-12,
                1.8553915215445453e-07,
                0.999999773058646,
                4.1399380734027325e-08,
                6.914400699211851e-13
            ],
            [
                3.2661312782789125e-13,
                2.7346982375795396e-12,
                2.882350736515805e-13,
                1.955568070161118e-08,
                0.9999999804409697
            ],
            [
                7.835041778245204e-13,
                3.0988191360247854e-12,
                6.914400100922293e-13,
                4.058652122943268e-10,
                0.999999999589561
            ]
        ],
        [
            [
                0.9999999999969011,
                3.0988191377319347e-12,
                0.0,
                0.0,
                0.0
            ],
            [
                0.9999999999450722,
                5.492788348422062e-11,
                0.0,
                0.0,
                0.0
            ],
            [
                1.0603577340019788e-13,
                7.991960909321004e-11,
                0.999999814380276,
                1.855391598572954e-07,
                5.384940902576782e-13
            ],
            [
                1.0060259075809643e-12,
                1.2255904543416328e-11,
                5.109021120955538e-12,
                1.300712476845945e-05,
                0.9999869928568607
            ],
            [
                1.0060392784983956e-12,
                2.7346982894582373e-12,
                4.752193059063447e-13,
                3.160881451847543e-10,
                0.999999999679696
            ]
        ],
        [
            [
                0.9999999999975866,
                2.413362771153817e-12,
                0.0,
                0.0,
                0.0
            ],
            [
                0.999999996149258,
                3.850741905931197e-09,
                0.0,
                0.0,
                0.0
            ],
            [
                1.2917799921661947e-12,
                9.237449571727069e-09,
                0.999999990301217,
                4.5990553337227113e-10,
                1.3615260947884807e-13
            ],
            [
                4.1937956387309e-13,
                4.508755221170541e-12,
                6.914400074545065e-13,
                4.3634622325001405e-09,
                0.9999999956309182
            ],
            [
                3.2661313399395837e-13,
                1.879528814900251e-12,
                2.5436656451590043e-13,
                5.905303993794982e-10,
                0.999999999407009
            ]
        ],
        [
            [
                0.9999999999942106,
                5.789356326866177e-12,
                0.0,
                0.0,
                0.0
            ],
            [
                0.9999999999450722,
                5.492788349299971e-11,
                0.0,
                0.0,
                0.0
            ],
            [
                9.357622856878818e-14,
                2.289734818249512e-11,
                0.9999999881151976,
                1.1861120009428825e-08,
                6.914400024211328e-13
            ],
            [
                1.2015425715902626e-13,
                1.2917800030799008e-12,
                1.9810087954325976e-13,
                8.592166607826158e-10,
                0.9999999991391733
            ],
            [
                2.413362766515678e-12,
                4.50875523236036e-12,
                6.914400091705208e-13,
                1.6052280516486972e-09,
                0.9999999983871584
            ]
        ],
        [
            [
                0.9999999999972653,
                2.734698290719449e-12,
                0.0,
                0.0,
                0.0
            ],
            [
                0.9999999992417439,
                7.582560419445331e-10,
                0.0,
                0.0,
                0.0
            ],
            [
                2.5436656330121625e-13,
                1.250152859326795e-09,
                0.9999999943860478,
                4.363462228302063e-09,
                8.258073238920371e-14
            ],
            [
                7.835041766687491e-13,
                3.97896252650468e-12,
                6.101936663293381e-13,
                1.8189616832867157e-09,
                0.9999999981756658
            ],
            [
                6.5602001648931086e-12,
                4.508755240053801e-12,
                6.914400103503482e-13,
                1.6918979217741925e-10,
                0.9999999998190499
            ]
        ],
        [
            [
                0.9999999999942106,
                5.789356327438644e-12,
                0.0,
                0.0,
                0.0
            ],
            [
                0.9990889485693479,
                0.0009110514077755208,
                2.287648206278813e-11,
                0.0,
                0.0
            ],
            [
                6.914400090932622e-13,
                1.2501528634925042e-09,
                0.999999997775453,
                9.736200290469214e-10,
                8.258073266437591e-14
            ],
            [
                4.1937879911940544e-13,
                5.109079687519232e-12,
                1.0060374400211322e-12,
                1.0677030762763552e-06,
                0.9999989322903893
            ],
            [
                3.2661313358059475e-13,
                1.8795288125215074e-12,
                2.882350787283235e-13,
                1.8189616836649349e-09,
                0.9999999981785439
            ]
        ],
        [
            [
                0.9999999999983413,
                1.6586783584484684e-12,
                0.0,
                0.0,
                0.0
            ],
            [
                0.9999999995941349,
                4.05865212369557e-10,
                0.0,
                0.0,
                0.0
            ],
            [
                4.193795651806462e-13,
                1.2501528644273343e-09,
                0.9999999984704164,
                2.789468088496894e-10,
                6.431393931371852e-14
            ],
            [
                3.266125369655977e-13,
                5.789345741101788e-12,
                1.1399897682166193e-12,
                2.2603252732695478e-06,
                0.9999977396674707
            ],
            [
                6.914400094926364e-13,
                3.511422107275381e-12,
                6.101936667003148e-13,
                1.4166087841818243e-09,
                0.9999999985785781
            ]
        ],
        [
            [
                0.9999999999954912,
                4.508755241015493e-12,
                0.0,
                0.0,
                0.0
            ],
            [
                0.9999999999954912,
                4.5087552410159e-12,
                0.0,
                0.0,
                0.0
            ],
            [
                2.543665639624042e-13,
                3.5817479193663123e-10,
                0.9999999969948612,
                2.6465736308425816e-09,
                1.3615261039398357e-13
            ],
            [
                6.914400064987473e-13,
                3.5114220920711576e-12,
                5.384940185081217e-13,
                5.602796403542619e-09,
                0.9999999943924622
            ],
            [
                3.7010116687659083e-13,
                2.7346982843308238e-12,
                3.7010116687659083e-13,
                2.335593032597973e-09,
                0.999999997660932
            ]
        ],
        [
            [
                0.9999999999985363,
                1.463778513660755e-12,
                0.0,
                0.0,
                0.0
            ],
            [
                0.9999999918479795,
                8.152020641005986e-09,
                0.0,
                0.0,
                0.0
            ],
            [
                2.7346984875168607e-12,
                9.237450323779322e-09,
                0.9999998782231683,
                1.1253518278173994e-07,
                1.4637786189969969e-12
            ],
            [
                3.098677573038831e-12,
                1.7831658253888202e-11,
                3.5112616984418194e-12,
                4.539785572338254e-05,
                0.999954602119835
            ],
            [
                1.1399918522559361e-12,
                4.508755239176567e-12,
                1.1399918522559361e-12,
                2.7894680909397265e-10,
                0.9999999997142643
            ]
        ],
        [
            [
                0.9999999999954912,
                4.50875524065868e-12,
                0.0,
                0.0,
                0.0
            ],
            [
                0.999999999979793,
                2.0206839084173216e-11,
                0.0,
                0.0,
                0.0
            ],
            [
                7.83504205734956e-13,
                4.363462404583744e-09,
                0.9999996028486025,
                3.9278636819830547e-07,
                7.83504205734956e-13
            ],
            [
                4.508712587148219e-12,
                2.5945849519343864e-11,
                7.433610345904673e-12,
                1.0129988102014173e-05,
                0.9999898699740098
            ],
            [
                4.1937956543883976e-13,
                2.7346982889893196e-12,
                4.1937956543883976e-13,
                6.69158608492454e-10,
                0.9999999993272679
            ]
        ],
        [
            [
                0.999999999986112,
                1.3887943860888673e-11,
                0.0,
                0.0,
                0.0
            ],
            [
                0.9999999999200804,
                7.991959890961664e-11,
                0.0,
                0.0,
                0.0
            ],
            [
                1.9810087935552611e-13,
                1.6918979187772308e-10,
                0.9999999977693523,
                2.061153617763039e-09,
                1.0603575967470705e-13
            ],
            [
                3.266131318370422e-13,
                2.1297851550338847e-12,
                2.8823507718964384e-13,
                7.194132976543307e-09,
                0.9999999928031222
            ],
            [
                8.878265474063937e-13,
                1.6586783580930022e-12,
                2.2447770539095618e-13,
                2.4616969505965727e-10,
                0.9999999997510594
            ]
        ],
        [
            [
                0.9999999999987081,
                1.2917800044236993e-12,
                0.0,
                0.0,
                0.0
            ],
            [
                0.9999999998973812,
                1.0261879628121431e-10,
                0.0,
                0.0,
                0.0
            ],
            [
                1.6586784292061872e-12,
                4.36346243785978e-09,
                0.999999491286536,
                5.043472029580773e-07,
                1.139991901355263e-12
            ],
            [
                4.752193044907071e-13,
                1.8795288094737015e-12,
                3.266131330509655e-13,
                3.3982678067205615e-09,
                0.9999999965990509
            ],
            [
                3.978962521780939e-12,
                7.433680646091561e-12,
                1.1399918490171577e-12,
                2.9989608142630137e-09,
                0.9999999969884865
            ]
        ],
        [
            [
                0.999999999996021,
                3.97896253439535e-12,
                0.0,
                0.0,
                0.0
            ],
            [
                0.9999999999666846,
                3.3315445414156184e-11,
                0.0,
                0.0,
                0.0
            ],
            [
                2.2447770338484498e-13,
                1.3176514145815834e-10,
                0.9999999906303364,
                9.237449574843846e-09,
                2.2447770338484498e-13
            ],
            [
                5.384919850243583e-13,
                7.433652555871285e-12,
                1.2917751188742338e-12,
                2.9023121990356813e-06,
                0.9999970976785371
            ],
            [
                3.978962534277477e-12,
                3.978962534277477e-12,
                6.10193667521335e-13,
                1.917171513006776e-10,
                0.9999999997997147
            ]
        ],
        [
            [
                0.9999999999972653,
                2.7346982907195686e-12,
                0.0,
                0.0,
                0.0
            ],
            [
                0.999997739673944,
                2.2603252724876614e-06,
                7.835027453556604e-13,
                0.0,
                0.0
            ],
            [
                2.5436656310721397e-13,
                7.582560379308034e-10,
                0.9999999936385184,
                5.602796401623594e-09,
                1.7482341170649545e-13
            ],
            [
                3.7010049125014143e-13,
                5.109079687762453e-12,
                1.139989768941526e-12,
                1.067703076327184e-06,
                0.9999989322903046
            ],
            [
                3.7010116331734216e-13,
                3.9789624870069435e-12,
                7.835041688911836e-13,
                1.1861120005782768e-08,
                0.9999999881337475
            ]
        ],
        [
            [
                0.9999999999981204,
                1.8795288160109333e-12,
                0.0,
                0.0,
                0.0
            ],
            [
                0.9999999943972036,
