{
    "[['A', 'B', 'C', 'D', 'E'], ['A', 'B', 'C', 'D', 'E']]": [
        [
            [
                0.999999999990455,
                9.545034918873633e-12,
                0.0,
                0.0,
                0.0
            ],
            [
                2.671863778513365e-12,
                1.1361053881916436e-10,
                4.7359918668920433e-11,
                0.02297736780825848,
                0.9770226320280991
            ],
            [
                1.5680660053683466e-10,
                1.0992991389317161e-08,
                0.437793120747585,
                0.5621374948287438,
                6.937327387334776e-05
            ],
            [
                5.384940143160714e-13,
                4.508755179838601e-12,
                8.878265355476062e-13,
                1.3440409764955643e-08,
                0.9999999865536553
            ],
            [
                9.545034849600173e-12,
                8.423463689834173e-12,
                1.1399918442970305e-12,
                7.194132975123743e-09,
                0.9999999927867584
            ]
        ],
        [
            [
                0.999999999998187,
                1.6586783583866071e-12,
                0.0,
                0.0,
                1.5428112027011208e-13
            ],
            [
                7.32913277171999e-12,
                2.1418865599109394e-10,
                3.5313739307518903e-10,
                0.0140636272705753,
                0.9859363721547695
            ],
            [
                3.5073123243623008e-12,
                5.205313020180098e-10,
                0.9988304799144737,
                0.0011695103348496791,
                9.226638096765867e-09
            ],
            [
                8.878265293652393e-13,
                6.5602000315986535e-12,
                2.4133627215973906e-12,
                1.9555680680785404e-08,
                0.9999999804344579
            ],
            [
                5.384940149228557e-13,
                3.511422068692287e-12,
                1.006039266481072e-12,
                1.186112000040642e-08,
                0.9999999881338241
            ]
        ],
        [
            [
                0.9999999999947367,
                5.1090890253727295e-12,
                0.0,
                0.0,
                1.5428112023793984e-13
            ],
            [
                5.441492373741481e-12,
                2.970954170257476e-10,
                9.151183092590366e-10,
                0.9399133444781343,
                0.06008665430421044
            ],
            [
                2.1286076552651617e-12,
                3.15913386607831e-10,
                0.9994472184549978,
                0.0005527785818497901,
                2.6451104011944855e-09
            ],
            [
                6.914399849630703e-13,
                7.433680395718405e-12,
                1.4637784596534873e-12,
                3.653482077761936e-08,
                0.9999999634555903
            ],
            [
                1.4637786995523777e-12,
                7.433681614025498e-12,
                1.1399919974546344e-12,
                1.8553915976506268e-07,
                0.9999998144508028
            ]
        ],
        [
            [
                0.999999999987744,
                1.2256067438972535e-11,
                0.0,
                0.0,
                0.0
            ],
            [
                0.00043055280901153057,
                0.9995593080452106,
                1.0125631403831367e-05,
                1.3434489598395822e-08,
                7.988439522532506e-11
            ],
            [
                2.54364637412788e-13,
                3.3315192991916815e-11,
                0.9999921106784831,
                7.889265050113429e-06,
                2.2897174964196557e-11
            ],
            [
                1.0060392250312337e-12,
                6.560199814385757e-12,
                2.7346981441194226e-12,
                5.315784967763224e-08,
                0.9999999468318495
            ],
            [
                7.835041731196578e-13,
                3.9789625084809084e-12,
                5.384940180731267e-13,
                6.348800072394141e-09,
                0.999999993645899
            ]
        ],
        [
            [
                0.9999999999769484,
                2.2897348443994955e-11,
                0.0,
                0.0,
                1.542811202352301e-13
            ],
            [
                2.2700925763143625e-11,
                3.1337661378971795e-10,
                1.9007252430038878e-10,
                0.008577485664914656,
                0.9914225138089352
            ],
            [
                1.8588793558535536e-12,
                3.1261544010500676e-10,
                0.9890130441743701,
                0.01098694221840882,
                1.3292746763190708e-08
            ],
            [
                5.384940016900838e-13,
                3.978962387425685e-12,
                1.4637784595283492e-12,
                3.653482077449601e-08,
                0.9999999634591981
            ],
            [
                1.0060392249317174e-12,
                5.7893560159587915e-12,
                1.4637784350447982e-12,
                5.3157849672373926e-08,
                0.9999999468338912
            ]
        ],
        [
            [
                0.999999999994891,
                5.109089026205976e-12,
                0.0,
                0.0,
                0.0
            ],
            [
                0.999998932296925,
                1.067703075002771e-06,
                0.0,
                0.0,
                0.0
            ],
            [
                2.2485288659716714e-11,
                1.3911155497388139e-09,
                0.017986031372108194,
                0.9820040194214648,
                9.947792826244985e-06
            ],
            [
                1.4637784793171156e-12,
                1.0815941300081567e-11,
                3.0988190650316095e-12,
                2.215948924641119e-08,
                0.9999999778251322
            ],
            [
                7.835041721910957e-13,
                5.109088986882114e-12,
                1.1399918438555852e-12,
                7.1941329723379206e-09,
                0.9999999927988344
            ]
        ],
        [
            [
                0.9999999999953164,
                4.508755239922862e-12,
                0.0,
                0.0,
                1.7482341273513468e-13
            ],
            [
                4.991698702752606e-12,
                1.2873760630820136e-10,
                8.847997659283983e-11,
                0.022977367801475697,
                0.977022631976315
            ],
            [
                4.2740768918284395e-11,
                1.8173837399201056e-09,
                0.0007095579748533327,
                0.9991321163049639,
                0.00015832386005830117
            ],
            [
                3.0988195253096402e-12,
                8.423464805323279e-12,
                1.2917801659397733e-12,
                6.825604227851198e-08,
                0.9999999317311437
            ],
            [
                1.0060392417579714e-12,
                5.1090888374938964e-12,
                8.878265147299647e-13,
                3.653482077445867e-08,
                0.9999999634581762
            ]
        ],
        [
            [
                0.9999999999983413,
                1.6586783578009473e-12,
                0.0,
                0.0,
                0.0
            ],
            [
                0.0003353446009150236,
                0.999647926985971,
                1.669582457255033e-05,
                3.22304928664041e-08,
                3.5804843367872644e-10
            ],
            [
                3.900837402592923e-14,
                7.43368027675988e-12,
                0.9999999468322641,
                5.31578497153848e-08,
                2.413362643403195e-12
            ],
            [
                6.914400037071533e-13,
                5.7893562702303305e-12,
                1.6586783421536085e-12,
                9.237449568627959e-09,
                0.9999999907544109
            ],
            [
                2.413362670280921e-12,
                6.560199892106026e-12,
                1.658678289118429e-12,
                4.13993754458004e-08,
                0.9999999585899924
            ]
        ],
        [
            [
                0.9999999999989939,
                1.0060392786878357e-12,
                0.0,
                0.0,
                0.0
            ],
            [
                8.97150422369857e-12,
                2.621857853779149e-10,
                6.289510029724399e-10,
                0.9399133447671285,
                0.060086654332763285
            ],
            [
                7.4283939965834e-12,
                2.1708949419497526e-10,
                8.309381459880065e-07,
                0.9992894991710347,
                0.0007096696663013439
            ],
            [
                1.2917800548607179e-12,
                6.5602004224541995e-12,
                1.6586784232114468e-12,
                3.9278636977412334e-07,
                0.9999996072041196
            ],
            [
                3.2661313349680884e-13,
                2.7346982850448054e-12,
                7.835041766306723e-13,
                1.4166087832517304e-09,
                0.9999999985795465
            ]
        ],
        [
            [
                0.9999999999981204,
                1.879528815772237e-12,
                0.0,
                0.0,
                0.0
            ],
            [
                7.419360574323236e-12,
                3.154792393688312e-10,
                1.1011307413564185e-09,
                0.8807970751590752,
                0.11920292341689546
            ],
            [
                7.287724062588374e-14,
                3.5114220973647657e-12,
                0.9999999956318135,
                4.363462233046735e-09,
                1.1399918478461024e-12
            ],
            [
                7.835041413342976e-13,
                8.423463354830466e-12,
                1.4637784446792061e-12,
                4.6911637992694116e-08,
                0.9999999530776913
            ],
            [
                2.1297853953637744e-12,
                9.545035928567462e-12,
                1.463778668359114e-12,
                8.764249142901714e-08,
                0.99999991234437
            ]
        ],
        [
            [
                0.9999999999969011,
                3.0988191370964068e-12,
                0.0,
                0.0,
                0.0
            ],
            [
                2.138892906591421e-11,
                1.1677959581890637e-09,
                1.6991330931909237e-09,
                0.4999999986840224,
                0.4999999984276597
            ],
            [
                5.096455698219946e-12,
                5.19852614111561e-10,
                0.9975273631386534,
                0.0024726229292218256,
                1.340717562477855e-08
            ],
            [
                6.914400057732872e-13,
                7.433680619449322e-12,
                1.4637785037087168e-12,
                6.3488000708615234e-09,
                0.9999999936416111
            ],
            [
                6.101936551512769e-13,
                3.5114220408152562e-12,
                1.291779978092202e-12,
                1.9555680683745056e-08,
                0.9999999804389059
            ]
        ],
        [
            [
                0.9999999999967031,
                3.098819137095539e-12,
                0.0,
                0.0,
                1.9810087970093296e-13
            ],
            [
                0.5621764771327098,
                0.43782347918481934,
                4.348111331891281e-08,
                2.0135750222343527e-10,
                0.0
            ],
            [
                8.192555764112181e-11,
                5.743425000163189e-09,
                0.9046474740487153,
                0.09534914881913538,
                3.371306798802174e-06
            ],
            [
                4.752192807651253e-13,
                4.508755000243804e-12,
                6.914399735742939e-13,
                5.315784969048263e-08,
                0.9999999468364749
            ],
            [
                2.129785140232627e-12,
                7.43368056511783e-12,
                1.8795287894259914e-12,
                1.3440409757250753e-08,
                0.9999999865481473
            ]
        ],
        [
            [
                0.9999999999925664,
                7.433680668420503e-12,
                0.0,
                0.0,
                0.0
            ],
            [
                5.725751564758199e-12,
                3.126154429851785e-10,
                3.8084357461895785e-09,
                0.9890130535573805,
                0.01098694231584263
            ],
            [
                9.357605863982493e-14,
                3.3315384524152603e-11,
                0.9999989322477774,
                1.0677030766124462e-06,
                1.5737073340915312e-11
            ],
            [
                2.129785081143078e-12,
                8.4234633992525e-12,
                1.6586782889680246e-12,
                4.1399375442046414e-08,
                0.9999999585884127
            ],
            [
                7.835041453005706e-13,
                5.7893560833706276e-12,
                1.6586782886174073e-12,
                4.1399375433295267e-08,
                0.9999999585923931
            ]
        ],
        [
            [
                0.9999999999978701,
                2.129785169840634e-12,
                0.0,
                0.0,
                0.0
            ],
            [
                7.803770953940797e-12,
                3.7600674140656984e-10,
                3.318247846422248e-10,
                0.18242551490919165,
                0.8175744843751731
            ],
            [
                1.2902681092049994e-12,
                1.9149276617642225e-10,
                0.9988304886059998,
                0.0011695103430061945,
                8.582110372216743e-10
            ],
            [
                6.101936656793813e-13,
                4.5087552269170835e-12,
                6.914400083357673e-13,
                2.6465736298826067e-09,
                0.9999999973476159
            ],
            [
                8.878265367854806e-13,
                4.5087551861250464e-12,
                8.878265367854806e-13,
                1.1861120003578768e-08,
                0.9999999881325955
            ]
        ],
        [
            [
                0.9999999999975866,
                2.413362770568898e-12,
                0.0,
                0.0,
                0.0
            ],
            [
                1.06883015207824e-11,
                8.490769578971446e-10,
                2.036829736976202e-09,
                0.6791787102311504,
                0.3208212868722546
            ],
            [
                3.773428542373051e-11,
                1.2495879161451312e-09,
                2.1435717030878696e-05,
                0.9995480151097482,
                0.0004305478858987168
            ],
            [
                3.701011674723361e-13,
                2.1297851687291502e-12,
                6.914400099711378e-13,
                5.211412482440144e-10,
                0.9999999994756674
            ],
            [
                6.914399966433527e-13,
                5.1090889242421545e-12,
                1.1399918298787209e-12,
                1.9555680690461902e-08,
                0.9999999804373789
            ]
        ],
        [
            [
                0.999999999987744,
                1.2256067437558597e-11,
                0.0,
                0.0,
                0.0
            ],
            [
                6.3331400229438364e-12,
                3.0514777496078553e-10,
                5.03103627284663e-10,
                0.8519527956503368,
                0.14804720353507872
            ],
            [
                2.3763028181623255e-10,
                1.0104296698806053e-08,
                0.14803507491098697,
                0.8518830388609895,
                8.18758860965814e-05
            ],
            [
                3.266131316097208e-13,
                2.734698269244411e-12,
                1.0060392710621445e-12,
                7.19413297153622e-09,
                0.9999999928017996
            ],
            [
                3.511422483077326e-12,
                9.545035927791633e-12,
                2.734698579515158e-12,
                8.764249142189348e-08,
                0.9999999123417175
            ]
        ],
        [
            [
                0.9999999999875693,
                1.225606743830738e-11,
                0.0,
                0.0,
                1.7482341274448577e-13
            ],
            [
                4.866783920209728e-12,
                1.6116574910304152e-10,
                1.2551601160573831e-10,
                0.04742587539940661,
                0.9525741243090449
            ],
            [
                1.005880061671982e-12,
                2.1720961207724045e-10,
                0.999841563288662,
                0.00015843624699173446,
                2.4613073591657043e-10
            ],
            [
                1.2917799841177352e-12,
                8.423463619694656e-12,
                1.879528786466941e-12,
                1.5229979501035537e-08,
                0.9999999847584258
            ],
            [
                2.1297851278581033e-12,
                7.433680521926497e-12,
                1.2917799786459306e-12,
                1.9555680692127708e-08,
                0.999999980433464
            ]
        ],
        [
            [
                0.9999999999572222,
                4.277787865922639e-11,
                0.0,
                0.0,
                0.0
            ],
            [
                9.542542624241955e-12,
                5.210051738960362e-10,
                1.8549069024405655e-07,
                0.9997386236385326,
                0.00026119034022949146
            ],
            [
                5.363448109700478e-12,
                2.584254020696624e-10,
                6.199303123584268e-10,
                0.18242551484197544,
                0.8175744842743055
            ],
            [
                1.0060393603149851e-12,
                8.423464432938498e-12,
                1.6586784925128663e-12,
                1.12535183783431e-07,
                0.999999887453728
            ],
            [
                8.878249729119118e-13,
                7.433667485590804e-12,
                1.0060374946492297e-12,
                1.3709566544111307e-06,
                0.999998629034018
            ]
        ],
        [
            [
                0.9999999999991229,
                7.835041782249834e-13,
                0.0,
                0.0,
                9.357622965478667e-14
            ],
            [
                3.739879367403683e-12,
                2.3137814332191755e-10,
                1.508775021000041e-09,
                0.9399133439790758,
                0.060086654277031186
            ],
            [
                1.2255297009162407e-11,
                3.16068275652458e-10,
                4.5397119148277635e-05,
                0.9999379018857052,
                1.6700666823061764e-05
            ],
            [
                1.1399897682294493e-12,
                1.2256045030226937e-11,
                2.4133583582800234e-12,
                1.06770307566026e-06,
                0.999998932281115
            ],
            [
                8.878265352322538e-13,
                6.560200074950353e-12,
                1.2917799864331535e-12,
                1.3440409760181664e-08,
                0.9999999865508504
            ]
        ],
        [
            [
                0.9999999999978701,
                2.129785170277677e-12,
                0.0,
                0.0,
                0.0
            ],
            [
                0.9525741195272341,
                0.047425875089514465,
                5.337076585928005e-09,
                4.617475989716077e-11,
                0.0
            ],
            [
                7.833443638640574e-13,
                2.171996813369083e-10,
                0.9997965717475926,
                0.00020342706100296085,
                9.734214379285327e-10
            ],
            [
                1.1399918450353433e-12,
                5.109088992169423e-12,
                1.2917799957105963e-12,
                6.348800071440188e-09,
                0.999999993643659
            ],
            [
                8.87826531844591e-13,
                5.109088935981771e-12,
                1.0060392611513838e-12,
                1.7257827676920884e-08,
                0.9999999827351694
            ]
        ],
        [
            [
                0.9999999999982212,
                1.6586783583867025e-12,
                0.0,
                0.0,
                1.201542572795038e-13
            ],
            [
                5.037234367259329e-12,
                4.5343738742908393e-10,
                2.032165383323572e-09,
                0.9859363702798001,
                0.014063627229559976
            ],
            [
                1.5428024634300118e-13,
                1.3887865192134787e-11,
                0.9999952147884911,
                4.785094848676405e-06,
                1.0261821499907024e-10
            ],
            [
                6.101937442499872e-13,
                4.508755807479698e-12,
                1.4637786976145724e-12,
                3.0590235884752315e-07,
                0.9999996940910585
            ],
            [
                5.384940168585781e-13,
                3.511422081314782e-12,
                1.0060392700974776e-12,
                8.15202064003654e-09,
                0.9999999918429235
            ]
        ],
        [
            [
                0.9999999999979661,
                1.8795288154248633e-12,
                0.0,
                0.0,
                1.5428112022772804e-13
            ],
            [
                0.0,
                1.0812311965990207e-11,
                1.6581217430614515e-12,
                0.0003353500559266284,
                0.999664649931603
            ],
            [
                4.4202280915399335e-14,
                8.423463731407768e-12,
                0.999999997342224,
                2.646573631663604e-09,
                2.7346982841051032e-12
            ],
            [
                1.658678567314685e-12,
                1.0815942916227358e-11,
                2.7346986351861356e-12,
                3.059023589361504e-07,
                0.9999996940824317
            ],
            [
                2.129785334142682e-12,
                1.2256068383175235e-11,
                1.4637786262825135e-12,
                8.315279898091094e-07,
                0.9999991684561605
            ]
        ],
        [
            [
                0.9999999999963824,
                3.5114221119381675e-12,
                0.0,
                0.0,
                1.0603575987180422e-13
            ],
            [
                8.916232186844254e-12,
                4.296081253521009e-10,
                6.250761340375269e-10,
                0.49999999955271857,
                0.49999999938368095
            ],
            [
                3.9008376085375435e-14,
                1.879528815747359e-12,
                0.9999999996813833,
                3.160881452982217e-10,
                6.101936675034971e-13
            ],
            [
                3.0988192821048525e-12,
                1.0815942057741631e-11,
                1.658678435661635e-12,
                5.043472049209574e-07,
                0.9999994956372217
            ],
            [
                2.5436655625490365e-13,
                2.4133626913507564e-12,
                8.878265182381243e-13,
                3.2241866297343685e-08,
                0.9999999677545781
            ]
        ],
        [
            [
                0.9999999999976954,
                2.129785170277199e-12,
                0.0,
                0.0,
                1.7482341277140395e-13
            ],
            [
                0.999983298579816,
                1.6701415074846467e-05,
                5.109001627059708e-12,
                0.0,
                0.0
            ],
            [
                4.750951970881979e-13,
                1.0259199619461151e-10,
                0.9997388091102636,
                0.0002611903268838734,
                4.597854280495548e-10
            ],
            [
                4.193796100838666e-13,
                5.789356939526628e-12,
                7.835042611686854e-13,
                8.764249144100411e-08,
                0.9999999123505163
            ],
            [
                2.734698286322349e-12,
                3.978962528170126e-12,
                8.878265461352014e-13,
                1.250152863977807e-09,
                0.9999999987422457
            ]
        ],
        [
            [
                0.9999999999975866,
                2.4133627705690723e-12,
                0.0,
                0.0,
                0.0
            ],
            [
                3.0276183077317866e-12,
                1.6530235860863434e-10,
                6.890827506721639e-11,
                0.022977367795756282,
                0.9770226319670055
            ],
            [
                1.0813446656899677e-11,
                4.5979945200133587e-10,
                2.753009754969828e-05,
                0.9997690479966337,
                0.00020342143520375386
            ],
            [
                5.384940121617893e-13,
                3.511422050687872e-12,
                3.701011612519332e-13,
                1.7257827679860042e-08,
                0.9999999827377523
            ],
            [
                2.413362670627336e-12,
                1.0815941103712416e-11,
                1.8795287377198663e-12,
                4.139937545174288e-08,
                0.9999999585855157
            ]
        ],
        [
            [
                0.999999999990455,
                9.545034917110745e-12,
                0.0,
                0.0,
                0.0
            ],
            [
                0.0,
                1.0220117363209299e-10,
                5.881271472741686e-10,
                0.9959298615429841,
                0.004070137766687509
            ],
            [
                1.8280098037109402e-11,
                2.394220361021151e-09,
                0.9046498446297259,
                0.09534940071538024,
                7.522423934925969e-07
            ],
            [
                5.384940893668714e-13,
                5.7893570554074136e-12,
                1.2917801669294983e-12,
                3.0590235889851363e-07,
                0.9999996940900214
            ],
            [
                1.6586783506789521e-12,
                7.433680635444228e-12,
                1.8795288072072896e-12,
                4.363462231279267e-09,
                0.9999999956255659
            ]
        ],
        [
            [
                0.9999999999964886,
                3.5114221119383226e-12,
                0.0,
                0.0,
                0.0
            ],
            [
                4.237838525325275e-12,
                1.4033793809410463e-10,
                1.4033793809410463e-10,
                0.060086654443311016,
                0.9399133452717753
            ],
            [
                5.008774631533157e-14,
                4.5087552366144296e-12,
                0.9999999988894506,
                1.103256030953607e-09,
                2.7346982881465405e-12
            ],
            [
                1.0060392750958871e-12,
                3.978962519275634e-12,
                7.835041752452653e-13,
                3.3982678053504865e-09,
                0.9999999965959636
            ],
            [
                2.129785167437402e-12,
                5.789356319166695e-12,
                1.2917800026519889e-12,
                6.69158608023835e-10,
                0.9999999993216304
            ]
        ],
        [
            [
                0.999999999990455,
                9.545034917773066e-12,
                0.0,
                0.0,
                0.0
            ],
            [
                1.6579635497381985e-12,
                1.1623221831017472e-10,
                2.0602653661261666e-09,
                0.9995694407049122,
                0.00043055711693226046
            ],
            [
                8.423063000318811e-12,
                3.5815775252825106e-10,
                1.3006666415612249e-05,
                0.9999516371820372,
                3.5355784966387324e-05
            ],
            [
                3.701011645929027e-13,
                3.511422082386108e-12,
                5.384940170228712e-13,
                8.152020642523702e-09,
                0.9999999918435595
            ],
            [
                0.0,
                5.109089003389128e-12,
                0.0,
                3.85074190417057e-09,
                0.999999996144149
            ]
        ],
        [
            [
                0.99999999999775,
                2.129785170086166e-12,
                0.0,
                0.0,
                1.201542572686573e-13
            ],
            [
                2.1186674209216595e-12,
                4.255457271087678e-11,
                1.7739385126812034e-11,
                0.00522012570711774,
                0.9947798742304695
            ],
            [
                0.0,
                4.1937956581389003e-13,
                0.9999999999910927,
                8.4234637539853e-12,
                6.43139394108296e-14
            ],
            [
                1.4637785464191525e-12,
                9.54503513341903e-12,
                1.6586783955072703e-12,
                6.475946142765388e-07,
                0.9999993523927182
            ],
            [
                6.914400058372815e-13,
                3.978962507888637e-12,
                1.4637785038441928e-12,
                6.348800071449119e-09,
                0.9999999936450656
            ]
        ],
        [
            [
                0.9999999999969011,
                3.0988191372862706e-12,
                0.0,
                0.0,
                0.0
            ],
            [
                2.4236831789256276e-11,
                1.323286178357894e-09,
                5.233698361785834e-09,
                0.49999999680712326,
                0.49999999661165523
            ],
            [
                1.3407257340169649e-11,
                5.031036200193945e-10,
                1.4702842962813377e-08,
                0.8519527833473728,
                0.14804720143327338
            ],
            [
                4.752193024958661e-13,
                3.098819114064984e-12,
                8.878265407816624e-13,
                7.19413297308274e-09,
                0.9999999928014053
            ],
            [
                3.0988190588042214e-12,
                5.7893561794249115e-12,
                1.6586783161374203e-12,
                2.5109990909860767e-08,
                0.9999999748794623
            ]
        ],
        [
            [
                0.999999999990455,
                9.545034917773066e-12,
                0.0,
                0.0,
                0.0
            ],
            [
                1.2914426414506026e-12,
                1.782781575095529e-11,
                6.5584868957688695e-12,
                0.0002611903273816238,
                0.9997388096469406
            ],
            [
                5.365995604895488e-12,
                2.5854814726204156e-10,
                4.26273829891037e-10,
                0.437823498991456,
                0.562176500318356
            ],
            [
                6.914400832875594e-13,
                5.789356936548913e-12,
                1.1399919727308673e-12,
                8.76424913959258e-08,
                0.9999999123498878
            ],
            [
                1.0060392252031714e-12,
                5.109088753421684e-12,
                1.0060392252031714e-12,
                5.315784968671721e-08,
                0.9999999468350291
            ]
        ],
        [
            [
                0.9999999999969011,
                3.0988191368811294e-12,
                0.0,
                0.0,
                0.0
            ],
            [
                0.0,
                1.57351518082698e-11,
                3.978469423129262e-12,
                0.00012339462859749828,
                0.9998766053516889
            ],
            [
                9.357570628346386e-14,
                2.5945949857081805e-11,
                0.9999938557758876,
                6.1441721270341945e-06,
                2.5945949857081805e-11
            ],
            [
                4.752193028493539e-13,
                3.5114220880485908e-12,
                1.0060392720267461e-12,
                6.348800070249725e-09,
                0.9999999936462072
            ],
            [
                1.2917800000322917e-12,
                8.423463723470601e-12,
                2.1297851631182517e-12,
                2.9989608138212384e-09,
                0.9999999969891942
            ]
        ],
        [
            [
                0.9999999999923916,
                7.43368066842016e-12,
                0.0,
                0.0,
                1.7482341273463324e-13
            ],
            [
                1.5728402229788608e-11,
                1.1026461238738953e-09,
                1.8543656542822678e-07,
                0.9994470348342572,
                0.0005527786108028586
            ],
            [
                9.463153667110661e-12,
                1.9007252239054993e-10,
                1.0377608094657414e-08,
                0.9914225038471733,
                0.008577485575682877
            ],
            [
                7.835042776239653e-13,
                1.081594292556094e-11,
                1.8795290543096684e-12,
                1.8553915973330448e-07,
                0.9999998144473613
            ],
            [
                2.289735131521672e-11,
                2.0206841613070067e-11,
                2.4133630731444266e-12,
                6.82560422851957e-08,
                0.9999999316984401
            ]
        ],
        [
            [
                0.9999999999903189,
                9.54503491710916e-12,
                0.0,
                0.0,
                1.3615261072721038e-13
            ],
            [
                0.9999986290425632,
                1.3709566533394515e-06,
                7.835027880195489e-13,
                0.0,
                0.0
            ],
            [
                4.1180618039102406e-11,
                2.8869842083227265e-09,
                0.03732642035651747,
                0.9626610551022321,
                1.2521613085693804e-05
            ],
            [
                7.835041774578134e-13,
                4.508755236260402e-12,
                1.291780003057105e-12,
                3.581747925489445e-10,
                0.9999999996352411
            ],
            [
                2.1297851589800205e-12,
                5.789356296177149e-12,
                1.4637785058950943e-12,
                4.944450474136039e-09,
                0.9999999950461667
            ]
        ],
        [
            [
                0.9999999999940563,
                5.789356326032385e-12,
                0.0,
                0.0,
                1.5428112024728242e-13
            ],
            [
                1.0060335798847832e-12,
                9.544980848452917e-12,
                3.098801583338434e-12,
                4.785094846974097e-06,
                0.9999952148915032
            ],
            [
                2.0879681732763696e-14,
                2.129785437826085e-12,
                0.9999999317396774,
                6.82560423160931e-08,
                2.129785437826085e-12
            ],
            [
                1.0060392755011555e-12,
                5.109089008855925e-12,
                1.139991848758605e-12,
                2.3355930300187756e-09,
                0.9999999976571519
            ],
            [
                2.7346984940770443e-12,
                1.0815942358130074e-11,
                1.6586784817276947e-12,
                2.3823698438995318e-07,
                0.9999997617478062
            ]
        ],
        [
            [
                0.9999999999923916,
                7.433680669277411e-12,
                0.0,
                0.0,
                1.7482341275479388e-13
            ],
            [
                4.539759795635868e-05,
                0.9999484491977656,
                6.143896777685672e-06,
                9.236975213181254e-09,
                7.052517604991295e-11
            ],
            [
                2.7250774091926556e-11,
                6.202247595496445e-10,
                5.193078331307555e-09,
                0.5621764977285753,
                0.4378234964308709
            ],
            [
                4.752193049773951e-13,
                3.5114221037728067e-12,
                6.914400088029386e-13,
                2.061153616801323e-09,
                0.9999999979341683
            ],
            [
                1.2917800019668079e-12,
                5.10908901691322e-12,
                1.1399918505564306e-12,
                1.4166087835515809e-09,
                0.9999999985758503
            ]
        ],
        [
            [
                0.999999999970445,
                2.9400777374607914e-11,
                0.0,
                0.0,
                1.5428112022349076e-13
            ],
            [
                1.6567370465471964e-12,
                7.98260612614697e-11,
                5.898392448176745e-10,
                0.9988304889866864,
                0.0011695103419916918
            ],
            [
                8.871968314645929e-13,
                1.690697895605275e-10,
                0.999290326845623,
                0.000709670339723577,
                2.644696480832492e-09
            ],
            [
                1.4637785118933115e-12,
                5.789356319900558e-12,
                1.4637785118933115e-12,
                7.582560416346766e-10,
                0.9999999992330271
            ],
            [
                0.0,
                2.1297851685828394e-12,
                3.7010116744691107e-13,
                5.211412482082133e-10,
                0.9999999994763589
            ]
        ],
        [
            [
                0.999999999995385,
                4.5087552406583985e-12,
                0.0,
                0.0,
                1.0603575987675341e-13
            ],
            [
                0.5621764998222696,
                0.4378234973980759,
                2.7796545273166167e-09,
