{
    "[['A', 'B', 'C', 'D', 'E'], ['A', 'B', 'C', 'D', 'E']]": [
        [
            [
                0.9999999999948084,
                5.109089026610625e-12,
                0.0,
                0.0,
                8.258073283207849e-14
            ],
            [
                5.9531930055134285e-08,
                0.010979196503041133,
                0.0007018765467371887,
                0.9883159990092671,
                2.8684090245333327e-06
            ],
            [
                3.7220406921353836e-11,
                1.1694304226722384e-08,
                0.9859363595835355,
                0.014063627102287856,
                1.5826519747785908e-09
            ],
            [
                4.544781427862806e-10,
                2.9635697632528978e-09,
                4.8861005058787954e-09,
                0.6791787065449445,
                0.32082128515090713
            ],
            [
                3.5394793438323217e-10,
                2.9635697707251983e-09,
                2.615341143258327e-09,
                0.32082128599221144,
                0.6791787080749296
            ]
        ],
        [
            [
                0.999999999987744,
                1.2256067440927664e-11,
                0.0,
                0.0,
                0.0
            ],
            [
                6.315188851269088e-09,
                7.44555558473728e-05,
                0.005219734975317601,
                0.9947054583560178,
                3.447976283892295e-07
            ],
            [
                5.1062643211250306e-12,
                1.2494616833879312e-09,
                0.9994472198466947,
                0.0005527785828238963,
                3.159133870013227e-10
            ],
            [
                1.2325705809689467e-09,
                1.0320187121334458e-08,
                1.5015783658794966e-08,
                0.9859363465306258,
                0.014063626900832876
            ],
            [
                3.391721357200065e-09,
                1.7224582309215075e-08,
                1.1838270752776166e-08,
                0.11920291977179664,
                0.8807970477736289
            ]
        ],
        [
            [
                0.9999999998837177,
                1.1628233024702288e-10,
                0.0,
                0.0,
                0.0
            ],
            [
                0.9999999865589801,
                1.3440409753679638e-08,
                6.101936587960719e-13,
                0.0,
                0.0
            ],
            [
                3.1604896134783743e-10,
                8.15101014363654e-09,
                5.042851407643192e-07,
                0.9998760927422943,
                0.00012339450550575564
            ],
            [
                6.199303073492227e-10,
                4.042453401434934e-09,
                4.042453401434934e-09,
                0.18242551347169325,
                0.8175744778234696
            ],
            [
                2.7796544627770683e-09,
                9.701947378331319e-09,
                1.599580700986819e-08,
                0.5621764849365345,
                0.4378234865860567
            ]
        ],
        [
            [
                0.9999999999959008,
                3.978962534841007e-12,
                0.0,
                0.0,
                1.2015425728763424e-13
            ],
            [
                0.9999999585984947,
                4.139937539855126e-08,
                2.129785078905476e-12,
                0.0,
                0.0
            ],
            [
                2.2700925612375712e-11,
                4.3260306845073795e-09,
                0.991422507407496,
                0.008577485619902105,
                2.6238702450113557e-09
            ],
            [
                3.5577742909668673e-10,
                3.824967831526824e-09,
                2.20111701189401e-08,
                0.9933071225693612,
                0.00669285123872344
            ],
            [
                2.784094208087525e-10,
                2.9931833542427786e-09,
                2.057182828826662e-09,
                0.22270014286382916,
                0.7772998518073951
            ]
        ],
        [
            [
                0.9999999999622486,
                3.77513454320586e-11,
                0.0,
                0.0,
                0.0
            ],
            [
                0.999999999683912,
                3.160881451859367e-10,
                0.0,
                0.0,
                0.0
            ],
            [
                7.567953197028275e-10,
                1.4421966006272373e-07,
                0.8807968527302045,
                0.11920288997495589,
                1.1231838419114106e-07
            ],
            [
                6.983254621329385e-09,
                4.553654025689827e-08,
                5.847007507788192e-08,
                0.970687660967873,
                0.02931222804225707
            ],
            [
                9.151183062008419e-10,
                2.8187628255131634e-09,
                9.151183062008419e-10,
                0.06008665415304569,
                0.9399133411979548
            ]
        ],
        [
            [
                0.9999999999915765,
                8.423463752323196e-12,
                0.0,
                0.0,
                0.0
            ],
            [
                1.1234473258569154e-05,
                0.67265424515351,
                0.31773936041010176,
                0.009594895753642798,
                2.6420948692115987e-07
            ],
            [
                5.523987982662029e-09,
                5.634620927070349e-07,
                0.014063594433984706,
                0.985934100994503,
                1.7355854316828226e-06
            ],
            [
                6.683754118106424e-10,
                4.35835516489335e-09,
                1.953279270715398e-08,
                0.9988304651265035,
                0.0011695103139731371
            ],
            [
                4.355055853828113e-09,
                2.8398531481747945e-08,
                2.506161607059368e-08,
                0.7772998110008726,
                0.22270013118392382
            ]
        ],
        [
            [
                0.9999999999964886,
                3.511422112384068e-12,
                0.0,
                0.0,
                0.0
            ],
            [
                1.4165412900383614e-09,
                7.888941404141234e-06,
                2.7535111071773486e-05,
                0.9999515678654864,
                1.3006665496314588e-05
            ],
            [
                4.830315348789878e-10,
                5.583085436305708e-08,
                0.5621762369882042,
                0.4378232941609885,
                4.125369215138016e-07
            ],
            [
                7.32011454123919e-10,
                2.8951614631167562e-09,
                3.280647733309442e-09,
                0.14804720276036631,
                0.8519527903318131
            ],
            [
                3.4875120290431045e-09,
                2.0069246054933625e-08,
                1.2172613049634058e-08,
                0.3775406623631223,
                0.6224593019075065
            ]
        ],
        [
            [
                0.9999999999925664,
                7.433680669945933e-12,
                0.0,
                0.0,
                0.0
            ],
            [
                3.0965022451520704e-05,
                0.992377374119144,
                0.006686586426981792,
                0.0009049310349201924,
                1.4339650255502476e-07
            ],
            [
                4.5901867096381674e-10,
                5.305534466797332e-08,
                0.7772996648683892,
                0.22270009643572228,
                1.8518152522035162e-07
            ],
            [
                1.925370003675107e-09,
                9.777835680279146e-09,
                7.61498608454492e-09,
                0.4999999904192422,
                0.4999999902625659
            ],
            [
                4.580699753342507e-09,
                1.2451632901137765e-08,
                5.8817349095070465e-09,
                0.18242551087956707,
                0.8175744662063653
            ]
        ],
        [
            [
                0.9999999998082829,
                1.9171715119363406e-10,
                0.0,
                0.0,
                0.0
            ],
            [
                7.692785704154847e-08,
                0.005219269779715317,
                0.00015760829072258324,
                0.9946169338650845,
                6.111136620479907e-06
            ],
            [
                3.314153432202894e-11,
                6.315658526742668e-09,
                0.9947798668958543,
                0.005220125657848654,
                1.0974968876785019e-09
            ],
            [
                1.4834582732239752e-09,
                5.8671912858520975e-09,
                5.8671912858520975e-09,
                0.9241418119421039,
                0.07585817484005523
            ],
            [
                3.1899487587783824e-09,
                9.825733913974334e-09,
                1.8356887663587237e-08,
                0.7310585499051382,
                0.2689414187222915
            ]
        ],
        [
            [
                0.999999999951372,
                4.847368704981476e-11,
                0.0,
                0.0,
                1.5428112027816975e-13
            ],
            [
                0.7772998248308091,
                0.2227001281022276,
                4.6821267820725105e-08,
                2.456954643622543e-10,
                0.0
            ],
            [
                1.9043394953196575e-10,
                5.280205623749135e-08,
                0.9933070801170728,
                0.0066928517623946766,
                1.512804239612279e-08
            ],
            [
                1.483101009453124e-10,
                1.2417852716689071e-09,
                2.9788880086187625e-09,
                0.9933071442479576,
                0.006692851383058959
            ],
            [
                2.3969296670454935e-09,
                9.4800407326094e-09,
                7.383063146105015e-09,
                0.37754066859349805,
                0.6224593121464684
            ]
        ],
        [
            [
                0.9999999999705993,
                2.940077738267861e-11,
                0.0,
                0.0,
                0.0
            ],
            [
                7.693929660163085e-08,
                0.0011647507909937694,
                0.004065379720543213,
                0.9947655918019009,
                4.200747265443292e-06
            ],
            [
                2.3281742338136193e-09,
                2.2531518190457962e-06,
                0.0031726724872911207,
                0.9968242431444835,
                8.288882320649862e-07
            ],
            [
                8.575614696801508e-10,
                8.136316687764651e-09,
                8.136316687764651e-09,
                0.8807970613405537,
                0.11920292152925138
            ],
            [
                1.8154576548135575e-09,
                6.336569840048691e-09,
                4.355056515375691e-09,
                0.11920292217424039,
                0.8807970653186755
            ]
        ],
        [
            [
                0.9999999999925664,
                7.433680669633073e-12,
                0.0,
                0.0,
                0.0
            ],
            [
                1.80556954943865e-05,
                0.06911046693850904,
                0.08873959548011433,
                0.8419377648655383,
                0.0001941170203439287
            ],
            [
                1.8154541634589807e-09,
                1.9908872332561174e-06,
                0.11920263613965347,
                0.8807949269306719,
                4.442269871939018e-07
            ],
            [
                7.32011453127964e-10,
                3.7174608989989075e-09,
                3.7174608989989075e-09,
                0.148047202534294,
                0.8519527892987728
            ],
            [
                3.149761165508949e-09,
                1.0993746701720964e-08,
                1.0993746701720964e-08,
                0.4378234881085211,
                0.5621764867542243
            ]
        ],
        [
            [
                0.9999999999915765,
                8.42346375204446e-12,
                0.0,
                0.0,
                0.0
            ],
            [
                4.361873045377251e-09,
                1.3002547892877455e-05,
                0.000335340129946892,
                0.999634957358311,
                1.669560197615429e-05
            ],
            [
                5.905057048674864e-10,
                3.224051906978261e-08,
                6.143955412297774e-06,
                0.9999584671913061,
                3.535602225686866e-05
            ],
            [
                1.2482754047317355e-09,
                2.5072281732046304e-08,
                1.8526049624628426e-07,
                0.9984986063535796,
                0.0015011820653671251
            ],
            [
                2.3601211001461352e-08,
                5.661636197911011e-08,
                9.334460026461684e-08,
                0.9399131895903121,
                0.06008663684751465
            ]
        ],
        [
            [
                0.9999999999964886,
                3.5114221122535676e-12,
                0.0,
                0.0,
                0.0
            ],
            [
                1.5198525342906184e-08,
                0.0001395528143705238,
                0.8806741226778075,
                0.11918627713401823,
                3.217527840342055e-08
            ],
            [
                4.362222615787517e-09,
                1.3705696039674681e-06,
                0.00026118433509090275,
                0.9997160014172959,
                2.1439315786520674e-05
            ],
            [
                1.014913750089082e-10,
                9.629233557533202e-10,
                1.7989776667032105e-09,
                0.9890130548065507,
                0.010986942330056943
            ],
            [
                2.2269761069469724e-10,
                2.112896101659499e-09,
                1.1309517856864688e-09,
                0.095349469782777,
                0.9046505267506775
            ]
        ],
        [
            [
                0.9999999999515263,
                4.847368704501296e-11,
                0.0,
                0.0,
                0.0
            ],
            [
                4.317517400863665e-06,
                0.13836922492746673,
                0.06536100170861377,
                0.7962599120444388,
                5.543802079700542e-06
            ],
            [
                9.3992132411545e-10,
                6.589357200055846e-08,
                0.8519526238391867,
                0.14804716983049385,
                1.3949682605432753e-07
            ],
            [
                9.139355726292582e-10,
                8.671179284557462e-09,
                9.825733392561399e-09,
                0.7310585762128914,
                0.26894140437626024
            ],
            [
                6.612617957944557e-10,
                3.358164492322451e-09,
                4.311968561560312e-09,
                0.3208212852173396,
                0.6791787064512655
            ]
        ],
        [
            [
                0.9999999999972653,
                2.7346982906038836e-12,
                0.0,
                0.0,
                0.0
            ],
            [
                2.6450800680069847e-09,
                5.04063519046593e-07,
                0.0005527727689406288,
                0.9994365961360367,
                1.0124386423442256e-05
            ],
            [
                2.335468561637172e-09,
                8.314844021641468e-07,
                3.535561644619487e-05,
                0.9999471097530225,
                1.6700810660722594e-05
            ],
            [
                3.8661653249136435e-10,
                1.963400758692696e-09,
                1.0509326948531218e-09,
                0.04742587525309943,
                0.9525741213459505
            ],
            [
                4.348111369128866e-08,
                3.8371948153490884e-08,
                1.599580780626322e-08,
                0.43782345624175956,
                0.5621764459093708
            ]
        ],
        [
            [
                0.9999999999954912,
                4.508755241016179e-12,
                0.0,
                0.0,
                0.0
            ],
            [
                9.604861046241682e-05,
                0.9993442499157835,
                0.0005527215907936558,
                6.9577380053749374e-06,
                2.2144954910652827e-08
            ],
            [
                1.4831009473938205e-10,
                2.826290132922993e-08,
                0.9933071033227734,
                0.006692851123698907,
                1.7142316188610895e-08
            ],
            [
                2.7588215927902673e-10,
                1.798977659184635e-09,
                4.890128280765383e-09,
                0.9890130507508733,
                0.010986942284138554
            ],
            [
                1.9071636323481209e-10,
                8.547314406440817e-10,
                3.5630507462961304e-10,
                0.0052201256860367595,
                0.9947798729122104
            ]
        ],
        [
            [
                0.9999999999740539,
                2.594609497484428e-11,
                0.0,
                0.0,
                0.0
            ],
            [
                1.803354560447931e-09,
                1.7452437834096687e-06,
                0.00857746977919639,
                0.9914205747340202,
                2.0843964540165663e-07
            ],
            [
                2.9567663360990362e-09,
                4.972516406385274e-07,
                0.01406353369087851,
                0.9859299083356056,
                6.057765109028754e-06
            ],
            [
                5.154157147621914e-10,
                5.541241145719289e-09,
                2.8140744524026397e-08,
                0.9890130238128474,
                0.01098694198975122
            ],
            [
                3.3198239072010914e-10,
                2.4530365088880004e-09,
                3.569147060177046e-09,
                0.5621764974003708,
                0.43782349624546335
            ]
        ],
        [
            [
                0.9999999999294713,
                7.052879847367274e-11,
                0.0,
                0.0,
                0.0
            ],
            [
                1.2997837465501214e-05,
                0.9992725570465871,
                0.0007096578800478585,
                4.7816371832458225e-06,
                5.598716192525465e-09
            ],
            [
                1.4538114328914015e-09,
                1.3086793464078503e-07,
                0.6224591142497089,
                0.3775405376637974,
                2.157647474948564e-07
            ],
            [
                2.4458091757836846e-09,
                1.2420843879609587e-08,
                1.2420843879609587e-08,
                0.9241417989317261,
                0.07585817378077689
            ],
            [
                6.646797528425701e-10,
                2.6288594186642512e-09,
                9.175620958092e-09,
                0.993307136198347,
                0.006692851332492945
            ]
        ],
        [
            [
                0.9999999999768783,
                2.2897348450951793e-11,
                0.0,
                0.0,
                2.2447770544814067e-13
            ],
            [
                0.9994472213596317,
                0.0005527785838129724,
                5.4897515087895293e-11,
                1.657761312041689e-12,
                0.0
            ],
            [
                1.079969800102502e-11,
                3.3931642458281435e-09,
                0.9984988139056924,
                0.001501182022190008,
                6.681536558889954e-10
            ],
            [
                1.1500479473495515e-10,
                8.497768799425879e-10,
                3.5423970644896854e-10,
                0.010986942370452042,
                0.9890130563105265
            ],
            [
                1.9373054591473243e-09,
                4.6473542028161014e-09,
                3.1940767183396716e-09,
                0.060086653872858976,
                0.9399133363484047
            ]
        ],
        [
            [
                0.9999999999740539,
                2.594609497388061e-11,
                0.0,
                0.0,
                0.0
            ],
            [
                1.2354951841722198e-07,
                0.029257383386175517,
                0.216184446581176,
                0.7545578156622418,
                2.3082088832567286e-07
            ],
            [
                1.2457214839627736e-08,
                2.5522098411987778e-05,
                0.4378120211373853,
                0.5621617641661031,
                6.80140884809106e-07
            ],
            [
                2.3698080875160623e-10,
                3.2714191550857264e-09,
                7.847726587345866e-09,
                0.9626731051931318,
                0.0373268834507417
            ],
            [
                4.2607145526205297e-10,
                3.14826588508433e-09,
                2.1637693896018307e-09,
                0.18242551392689457,
                0.8175744803349987
            ]
        ],
        [
            [
                0.9999999999925664,
                7.43368066887647e-12,
                0.0,
                0.0,
                0.0
            ],
            [
                2.474499253191308e-08,
                0.0027679642211880548,
                0.67729859825578,
                0.31993320559075356,
                2.0718728581418296e-07
            ],
            [
                1.5902372541085625e-10,
                5.6616367878003255e-08,
                0.939913287412909,
                0.060086643178880024,
                1.2632819231641283e-08
            ],
            [
                7.904156223990261e-11,
                1.4010452139251813e-09,
                2.6174970570954833e-09,
                0.9890130535864083,
                0.010986942316007817
            ],
            [
                1.864624255541326e-09,
                3.947409579957384e-09,
                2.713012283301485e-09,
                0.9046505222328611,
                0.0953494692420928
            ]
        ],
        [
            [
                0.9999999994788586,
                5.211412483305028e-10,
                0.0,
                0.0,
                0.0
            ],
            [
                0.9999546020692927,
                4.539785563871572e-05,
                7.052557635949788e-11,
                2.1296878704077594e-12,
                2.413252515867736e-12
            ],
            [
                1.2829840386796972e-09,
                1.4829279217059445e-07,
                0.37754050051645105,
                0.6224590728603632,
                2.770474094890498e-07
            ],
            [
                3.9396826289826844e-10,
                2.0007359263473335e-09,
                3.2986558788227736e-09,
                0.970687766568195,
                0.029312227738444985
            ],
            [
                5.348273042535202e-10,
                4.478054192366176e-09,
                6.51553040408783e-09,
                0.6224593170613484,
                0.3775406714102397
            ]
        ],
        [
            [
                0.999999999990455,
                9.545034918357565e-12,
                0.0,
                0.0,
                0.0
            ],
            [
                4.940463034008284e-09,
                9.603405092676484e-05,
                0.0007096013280696283,
                0.999192989828375,
                1.3698521656481202e-06
            ],
            [
                6.690693410745851e-10,
                6.022770272466453e-08,
                1.0128742209382972e-05,
                0.9998664170202233,
                0.00012339334079533042
            ],
            [
                1.6051334213179383e-09,
                6.825200982890137e-08,
                3.058842864787935e-07,
                0.9999413330315159,
                5.829122705439424e-05
            ],
            [
                2.784094501533913e-10,
                2.3310937858602226e-09,
                3.843323908744638e-09,
                0.1192029228784487,
                0.8807970706687241
            ]
        ],
        [
            [
                0.9999999998680369,
                1.3176514264191713e-10,
                0.0,
                0.0,
                1.9810087971613864e-13
            ],
            [
                7.193488710439564e-09,
                1.0129186328675693e-05,
                2.1443487626079317e-05,
                0.9999101306898037,
                5.828944275275781e-05
            ],
            [
                7.772910333667114e-10,
                1.0180503489356717e-07,
                0.9046504215848813,
                0.09534944666516193,
                2.9167630841526027e-08
            ],
            [
                5.550473085123785e-10,
                2.8187628180848284e-09,
                3.619363102035284e-09,
                0.9399133390387462,
                0.06008665396808058
            ],
            [
                3.174398476334249e-09,
                9.777835671984482e-09,
                7.61498607808503e-09,
                0.49999998971638987,
                0.49999998971638987
            ]
        ],
        [
            [
                0.9999999999954912,
                4.50875524065868e-12,
                0.0,
                0.0,
                0.0
            ],
            [
                3.821717672517336e-06,
                0.08417893707607017,
                0.6220029174252218,
                0.2938133574994839,
                9.662815515991397e-07
            ],
            [
                2.6456298852456796e-09,
                6.473636713023319e-07,
                0.00033534268395898903,
                0.999642569566183,
                2.1437740556815054e-05
            ],
            [
                6.5081780466035145e-09,
                7.374731885792252e-09,
                8.35666602816809e-09,
                0.9046505097859908,
                0.09534946797443318
            ],
            [
                6.859569298399221e-10,
                2.713012286135939e-09,
                3.94740958408149e-09,
                0.09534946940448395,
                0.9046505232491373
            ]
        ],
        [
            [
                0.9999999999947975,
                5.1090890262059056e-12,
                0.0,
                0.0,
                9.357622965438191e-14
            ],
            [
                0.9999938558121465,
                6.144172116571997e-06,
                1.573701405689e-11,
                0.0,
                0.0
            ],
            [
                4.2672100984174003e-11,
                1.18317909252838e-08,
                0.997527360270335,
                0.0024726229229778234,
                4.932224261527652e-09
            ],
            [
                1.8183512812836246e-09,
                1.9549118601999084e-08,
                9.927861606848342e-08,
                0.9996645293003954,
                0.000335350053518659
            ],
            [
                3.9653974305696686e-10,
                1.2214283978296963e-09,
                8.394746426391846e-10,
                0.022977367756390903,
                0.9770226297861663
            ]
        ],
        [
            [
                0.999999999990455,
                9.54503491932943e-12,
                0.0,
                0.0,
                0.0
            ],
            [
                0.9999999677575953,
                3.2241866274365276e-08,
                5.384940034335614e-13,
                0.0,
                0.0
            ],
            [
                1.2499050729579142e-09,
                3.6527580551727245e-08,
                7.483699346882682e-05,
                0.9998017398860782,
                0.00012338534296730137
            ],
            [
                8.557199298703323e-10,
                8.118844644516956e-09,
                1.5167998686139052e-08,
                0.9959298381830736,
                0.004070137674363196
            ],
            [
                3.448050447971062e-10,
                1.9842160334897033e-09,
                1.3637304066226217e-09,
                0.03732688375948754,
                0.962673112547761
            ]
        ],
        [
            [
                0.9999999999891112,
                1.0815941554149375e-11,
                0.0,
                0.0,
                7.287724093706458e-14
            ],
            [
                0.0001228914010470533,
                0.9957996343751787,
                0.00406960622804909,
                7.85618442963386e-06,
                1.18112955787717e-08
            ],
            [
                6.867318516851855e-10,
                5.455386811329847e-08,
                0.3775405360526531,
                0.6224591316593445,
                2.7704740237838635e-07
            ],
            [
                1.1581822816247147e-09,
                6.664878857140005e-09,
                8.557873851712514e-09,
                0.8175744716908303,
                0.1824255119282347
            ],
            [
                3.6716628032695726e-10,
                5.068574155395789e-09,
                1.7691062107658793e-08,
                0.9046505090279738,
                0.09534946784522358
            ]
        ],
        [
            [
                0.9999999999954912,
                4.5087552404435375e-12,
                0.0,
                0.0,
                0.0
            ],
            [
                0.9999999804435358,
                1.9555680665103254e-08,
                7.83504161568945e-13,
                0.0,
                0.0
            ],
            [
                4.943969918883739e-09,
                2.9020410809995415e-06,
                3.5354097942990294e-05,
                0.999903449863721,
                5.828905328502375e-05
            ],
            [
                3.939682640425073e-10,
                2.000735932158258e-09,
                6.495438569076862e-10,
                0.029312227829108077,
                0.9706877691266439
            ],
            [
                6.678694782760921e-10,
                4.355056063827637e-09,
                4.355056063827637e-09,
                0.222700141992243,
                0.7772998486297754
            ]
        ],
        [
            [
                0.999999999996021,
                3.97896253439535e-12,
                0.0,
                0.0,
                0.0
            ],
            [
                0.9999251537855122,
                7.484619875190544e-05,
                1.573593280962926e-11,
                0.0,
                0.0
            ],
            [
                9.274430708686642e-10,
                1.5597209112079571e-07,
                0.04742578435212337,
                0.9525723818903341,
                1.6768580082995775e-06
            ],
            [
                3.91817497343801e-10,
                2.895161468415957e-09,
                1.7560041954129268e-09,
                0.14804720300670332,
                0.8519527919503135
            ],
            [
                9.99188954804785e-10,
                3.0777186538424963e-09,
                2.3969296976860063e-09,
                0.6224593202079138,
                0.3775406733182488
            ]
        ],
        [
            [
                0.999999999989184,
                1.0815941553292282e-11,
                0.0,
                0.0,
                0.0
            ],
            [
                0.037326562190943706,
                0.9626647907405891,
                8.606011250007411e-06,
                3.985373871865719e-08,
                1.2034786289001916e-09
            ],
            [
                2.6381569662978492e-09,
                2.0957456625040513e-07,
                0.0031726573571276653,
                0.9968192662025692,
                7.864227579839913e-06
            ],
            [
                1.3840596859106413e-09,
                4.830842977425055e-09,
                6.202925167041255e-09,
                0.97702262008322,
                0.022977367498952146
            ],
            [
                5.074300158867988e-09,
                8.36610660584269e-09,
                3.077718622938121e-09,
                0.37754066967187183,
                0.6224593138100029
            ]
        ],
        [
            [
                0.9999999999450722,
                5.492788348420294e-11,
                0.0,
                0.0,
                0.0
            ],
            [
                0.9999999936507247,
                6.348800066736972e-09,
                4.752193025864179e-13,
                0.0,
                0.0
            ],
            [
                8.587399631087647e-10,
                1.067111641133981e-06,
                0.000552777779045206,
                0.9994456501827262,
                5.040678473122654e-07
            ],
            [
                1.6859456867489697e-09,
                3.5691470468556364e-09,
                4.5828755240586304e-09,
                0.4378234948599166,
                0.562176495302115
            ],
            [
                4.719834412297348e-10,
                3.4875121250128477e-09,
                4.478054209523173e-09,
                0.6224593189809512,
                0.377540672581499
            ]
        ],
        [
            [
                0.9999999998837177,
                1.162823302414552e-10,
                0.0,
                0.0,
                0.0
            ],
            [
                9.193331258060065e-09,
                0.0007067829065100342,
                0.004067254805157751,
                0.9952245886823651,
                1.3644126358898267e-06
            ],
            [
                1.9898059114372986e-09,
                1.580698623447201e-07,
                0.1480465724985962,
                0.851949190766255,
                4.076675480534248e-06
            ],
            [
                1.0242110781186185e-10,
                9.71744414986142e-10,
                2.3310936691607666e-09,
                0.9980732622712194,
                0.0019267343235214137
            ],
            [
                5.550473105169657e-10,
                1.709666077800996e-09,
                1.3314892801820331e-09,
                0.060086654223038403,
                0.939913342180759
            ]
        ],
        [
            [
                0.999999999990455,
                9.545034919730977e-12,
                0.0,
                0.0,
                0.0
            ],
            [
                0.0031686855301925145,
                0.9955713998605499,
                0.0005506349801359178,
                0.0007070293098118681,
                2.2503193098386976e-06
            ],
            [
                4.93985959963007e-09,
                5.038793778014617e-07,
                0.0009110357212503544,
                0.9990717692661838,
                1.668619332856008e-05
            ],
            [
                5.684874101126914e-10,
                3.2714191715100613e-09,
                2.5477838125268423e-09,
                0.03732688366171926,
                0.9626731099505903
            ],
            [
                2.3942248712178804e-09,
                1.5612307318607456e-08,
                1.769106188688393e-08,
                0.9046504976470919,
                0.09534946665531392
            ]
        ],
        [
            [
                0.999999999986112,
                1.3887943860379188e-11,
                0.0,
                0.0,
                0.0
            ],
            [
                4.3131329978627503e-07,
                0.05467050956367887,
                0.09013643185530061,
                0.8551906942556192,
                1.9330121015435937e-06
            ],
            [
                6.347674122253337e-09,
                1.0128306631238943e-05,
                0.00015843337224265278,
                0.9998235440403163,
                7.887933135596192e-06
            ],
            [
                2.9635696212168616e-09,
                1.7054165672783842e-08,
                3.6103669012598696e-08,
                0.6791786740714113,
                0.3208212698071844
            ],
            [
                2.4051351228138724e-10,
                8.394746437657519e-10,
                3.965397435891196e-10,
                0.022977367770444443,
                0.9770226307530276
            ]
        ],
        [
            [
                0.9999999999915765,
                8.423463752046982e-12,
                0.0,
                0.0,
                0.0
            ],
            [
                8.052008597008015e-07,
                0.02009720981345345,
                0.6655281783147478,
                0.3143732532650209,
                5.534059181456347e-07
            ],
            [
                7.87956009716941e-11,
                2.1847836291794898e-08,
                0.9859363462774016,
                0.014063626921055339,
                4.874911210684873e-09
            ],
            [
                2.4405795117188776e-10,
                1.2394285454064815e-09,
                2.973234516213186e-09,
                0.991422509918095,
                0.008577485625184017
            ],
            [
                1.022092284504616e-09,
                3.5674526070967714e-09,
                3.1482658758802404e-09,
                0.18242551364202425,
                0.8175744786201651
            ]
        ],
        [
            [
                0.999999999990455,
                9.54503491932884e-12,
                0.0,
                0.0,
                0.0
            ],
            [
                6.825854747343272e-07,
                0.010333356925829575,
                0.05946435040296,
                0.9301790059592395,
                2.26041264962658e-05
            ],
            [
                1.3232861534385039e-09,
                2.521737043637498e-07,
                0.49999957033661035,
                0.4999995712331298,
                6.049332691863623e-07
            ],
            [
                3.6146854606628923e-09,
                1.8356887456848485e-08,
                2.0801078624849687e-08,
                0.7310585415339262,
