{
    "[['A', 'B', 'C', 'D', 'E'], ['A', 'B', 'C', 'D', 'E']]": [
        [
            [
                0.9999999999915765,
                8.423463752046522e-12,
                0.0,
                0.0,
                0.0
            ],
            [
                0.999999999990455,
                9.54503492067425e-12,
                0.0,
                0.0,
                0.0
            ],
            [
                5.0087745395951566e-14,
                2.5946094473825617e-11,
                0.9999999804180687,
                1.9555680704260988e-08,
                2.543665597482294e-13
            ],
            [
                5.384930369976646e-13,
                6.560188171104921e-12,
                1.1399897682698656e-12,
                2.2603252733751224e-06,
                0.999997739666488
            ],
            [
                1.2917799354221887e-12,
                1.3887943119232814e-11,
                2.1297850565942006e-12,
                5.315784968986419e-08,
                0.9999999468248408
            ]
        ],
        [
            [
                0.99999999999886,
                1.1399918527248595e-12,
                0.0,
                0.0,
                0.0
            ],
            [
                0.9999999999934397,
                6.560200166279495e-12,
                0.0,
                0.0,
                0.0
            ],
            [
                9.357622824989873e-14,
                1.1628232851465656e-10,
                0.9999999846534202,
                1.522997951058937e-08,
                2.2447770205130808e-13
            ],
            [
                2.730591287517459e-12,
                6.214797124719545e-11,
                2.2862960932357127e-11,
                0.0015011820301271785,
                0.9984988178821312
            ],
            [
                1.2917800034170302e-12,
                6.560200161201596e-12,
                1.4637785125746672e-12,
                5.905303992685883e-10,
                0.9999999994001538
            ]
        ],
        [
            [
                0.9999999999989939,
                1.0060392790635934e-12,
                0.0,
                0.0,
                0.0
            ],
            [
                0.9999999999821676,
                1.7832472901437246e-11,
                0.0,
                0.0,
                0.0
            ],
            [
                2.2897306747268718e-11,
                1.0677030833747374e-06,
                0.9999988197350705,
                1.1253496972824742e-07,
                3.9789552878673695e-12
            ],
            [
                1.519241313902329e-11,
                4.43987392896579e-10,
                3.457777292616872e-10,
                0.1480472036638781,
                0.8519527955311643
            ],
            [
                2.734698144547283e-12,
                1.57371012606797e-11,
                3.098818972098474e-12,
                5.315784968594912e-08,
                0.9999999468205798
            ]
        ],
        [
            [
                0.9999999999985363,
                1.4637785137150774e-12,
                0.0,
                0.0,
                0.0
            ],
            [
                0.999999999994891,
                5.109089026421001e-12,
                0.0,
                0.0,
                0.0
            ],
            [
                6.914400074083626e-13,
                1.250152860446134e-09,
                0.999999995350713,
                3.3982678033468226e-09,
                1.7482341199636132e-13
            ],
            [
                3.098435101185277e-12,
                4.846767970488862e-11,
                1.388622272813387e-11,
                0.00012339462833622398,
                0.9998766053062114
            ],
            [
                7.834833145568557e-13,
                1.7831998046842638e-11,
                3.098736620200481e-12,
                2.753568982095381e-05,
                0.9999724642884648
            ]
        ],
        [
            [
                0.9999999999993086,
                6.914400105432369e-13,
                0.0,
                0.0,
                0.0
            ],
            [
                0.9999999999705993,
                2.940077738377393e-11,
                0.0,
                0.0,
                0.0
            ],
            [
                3.866157833458282e-10,
                1.0719784148099881e-07,
                0.047425738118467446,
                0.9525713896309417,
                2.7646661335919954e-06
            ],
            [
                8.87824924460731e-13,
                1.2256045033957576e-11,
                2.734693291213322e-12,
                1.06770307598526e-06,
                0.9999989322810455
            ],
            [
                3.2661317510324417e-13,
                3.978963033181457e-12,
                6.914400971194863e-13,
                6.825604229490521e-08,
                0.9999999317389606
            ]
        ],
        [
            [
                0.9999999999978701,
                2.1297851704265883e-12,
                0.0,
                0.0,
                0.0
            ],
            [
                0.999999999987744,
                1.2256067439555925e-11,
                0.0,
                0.0,
                0.0
            ],
            [
                2.7346985989414443e-12,
                8.76424920444733e-08,
                0.999999799818698,
                1.1253518736695689e-07,
                8.87826647627762e-13
            ],
            [
                5.7591351509861855e-12,
                1.0208311312404817e-10,
                2.277782137981915e-11,
                0.005220125702212226,
                0.9947798741671677
            ],
            [
                8.423416032775456e-12,
                5.4927572325017414e-11,
                1.5737012951002512e-11,
                4.785094846284728e-06,
                0.9999952148260657
            ]
        ],
        [
            [
                0.9999999999989939,
                1.0060392790892306e-12,
                0.0,
                0.0,
                0.0
            ],
            [
                0.9999999999915765,
                8.42346375232279e-12,
                0.0,
                0.0,
                0.0
            ],
            [
                1.2917702155044565e-12,
                1.103247671721876e-09,
                0.9999921096044738,
                7.889265040842169e-06,
                2.594589835978885e-11
            ],
            [
                1.1398831914242303e-12,
                1.783077315442283e-11,
                3.5110874120233714e-12,
                9.610239986104267e-05,
                0.9999038975776572
            ],
            [
                6.914400039413633e-13,
                5.789356272191347e-12,
                1.006039269458259e-12,
                9.237449571756942e-09,
                0.9999999907550635
            ]
        ],
        [
            [
                0.9999999999975866,
                2.4133627713644504e-12,
                0.0,
                0.0,
                0.0
            ],
            [
                0.9999999999915765,
                8.423463752046693e-12,
                0.0,
                0.0,
                0.0
            ],
            [
                1.542811202523543e-13,
                1.1628233025183629e-10,
                0.9999999996045521,
                2.789468091660529e-10,
                6.431393938665925e-14
            ],
            [
                5.656335659631002e-12,
                2.4051351240304907e-10,
                1.4587881934762398e-10,
                0.02297736780599476,
                0.9770226318019566
            ],
            [
                1.006039266748843e-12,
                5.789356256599734e-12,
                7.835041687445807e-13,
                1.1861120003563414e-08,
                0.999999988131301
            ]
        ],
        [
            [
                0.9999999999987081,
                1.29178000442379e-12,
                0.0,
                0.0,
                0.0
            ],
            [
                0.9999999999771028,
                2.2897348448689664e-11,
                0.0,
                0.0,
                0.0
            ],
            [
                1.3173827302891454e-10,
                0.00020342687884065746,
                0.9997963874796983,
                1.8550130094612843e-07,
                8.421746033803795e-12
            ],
            [
                2.016791303713947e-11,
                4.590195849806643e-10,
                2.456954787749444e-10,
                0.1192029236370316,
                0.8807970756380854
            ],
            [
                1.8787188351512465e-12,
                4.8452797367383645e-11,
                1.7824788018706225e-11,
                0.0004305571196186463,
                0.999569442812225
            ]
        ],
        [
            [
                0.9999999999964886,
                3.5114221123841398e-12,
                0.0,
                0.0,
                0.0
            ],
            [
                0.999999999987744,
                1.2256067440930727e-11,
                0.0,
                0.0,
                0.0
            ],
            [
                3.581481807483766e-10,
                7.484619704020884e-05,
                0.9999249152079418,
                2.3821903863135533e-07,
                1.783114796074552e-11
            ],
            [
                7.834683849053805e-13,
                2.2896302414100645e-11,
                7.433341072120713e-12,
                4.539785571231565e-05,
                0.9999546021131746
            ],
            [
                2.7346982655379794e-12,
                6.560200105653734e-12,
                1.4637785001802638e-12,
                9.237449573963977e-09,
                0.9999999907517917
            ]
        ],
        [
            [
                0.9999999999925664,
                7.433680670218791e-12,
                0.0,
                0.0,
                0.0
            ],
            [
                0.999999999979793,
                2.020683908342157e-11,
                0.0,
                0.0,
                0.0
            ],
            [
                1.2255904605598495e-11,
                1.0676888059090806e-06,
                0.9999859251726205,
                1.3007112429898078e-05,
                1.3887759344768528e-11
            ],
            [
                1.479150984295718e-11,
                3.814780667383726e-10,
                3.814780667383726e-10,
                0.06008665442416568,
                0.9399133447980866
            ],
            [
                4.193739916586666e-13,
                1.2255904542702129e-11,
                2.7346619433769945e-12,
                1.3007124767701476e-05,
                0.9999869928598224
            ]
        ],
        [
            [
                0.9999999999964886,
                3.5114221122534747e-12,
                0.0,
                0.0,
                0.0
            ],
            [
                0.9999999999925664,
                7.433680670870873e-12,
                0.0,
                0.0,
                0.0
            ],
            [
                5.78935699576088e-12,
                1.186112151794233e-08,
                0.999999802592052,
                1.8553915763879513e-07,
                1.8795290330920927e-12
            ],
            [
                5.78741354569799e-12,
                1.02584359663789e-10,
                3.7738676906044945e-11,
                0.00033535005554297527,
                0.9996646497983466
            ],
            [
                1.2917800643423186e-12,
                1.0815942055944677e-11,
                1.8795289031930213e-12,
                5.043472048371654e-07,
                0.999999495638808
            ]
        ],
        [
            [
                0.999999999996021,
                3.978962534394944e-12,
                0.0,
                0.0,
                0.0
            ],
            [
                0.9999999999983413,
                1.6586783583167693e-12,
                0.0,
                0.0,
                0.0
            ],
            [
                4.752192937765864e-13,
                1.103256003322671e-09,
                0.9999999737858025,
                2.5109990896927563e-08,
                4.752192937765864e-13
            ],
            [
                7.424980316753885e-12,
                1.0249869161271696e-10,
                2.936636681893675e-11,
                0.001169510346939215,
                0.9988304895137707
            ],
            [
                2.7346981767126817e-12,
                1.225606692924666e-11,
                3.0988190085466455e-12,
                4.139937544874683e-08,
                0.999999958582535
            ]
        ],
        [
            [
                0.9999999999915765,
                8.423463751374019e-12,
                0.0,
                0.0,
                0.0
            ],
            [
                0.9999999999981204,
                1.8795288161270084e-12,
                0.0,
                0.0,
                0.0
            ],
            [
                3.978955159506241e-12,
                2.5109945007715504e-08,
                0.9999977145542991,
                2.2603252167084086e-06,
                6.560188006639961e-12
            ],
            [
                5.38408798674621e-13,
                2.0203641116958502e-11,
                3.510866388951435e-12,
                0.00015843624772719355,
                0.9998415637280199
            ],
            [
                3.701011523424535e-13,
                4.508755053261335e-12,
                4.75219286353132e-13,
                4.139937545214673e-08,
                0.9999999585952706
            ]
        ],
        [
            [
                0.9999999999987081,
                1.2917800043213155e-12,
                0.0,
                0.0,
                0.0
            ],
            [
                0.9999999999925664,
                7.43368067046597e-12,
                0.0,
                0.0,
                0.0
            ],
            [
                5.1090895212679155e-12,
                8.764249065498075e-08,
                0.9999999031138097,
                9.237450553705413e-09,
                1.1399919630931747e-12
            ],
            [
                3.97129733285786e-12,
                9.038631068104738e-11,
                2.285323825887826e-11,
                0.0019267343352069822,
                0.9980732655475821
            ],
            [
                3.4930920421030577e-12,
                1.0208311311239324e-10,
                4.8220648233972264e-11,
                0.005220125703978211,
                0.9947798741422249
            ]
        ],
        [
            [
                0.9999999999969011,
                3.0988191376014106e-12,
                0.0,
                0.0,
                0.0
            ],
            [
                0.999999999989184,
                1.0815941553747775e-11,
                0.0,
                0.0,
                0.0
            ],
            [
                8.878266566866271e-13,
                2.6465739633585557e-09,
                0.999999929095886,
                6.825604213101001e-08,
                6.10193742565552e-13
            ],
            [
                0.0,
                2.289136854012965e-11,
                3.977923382195788e-12,
                0.0002611903279690371,
                0.9997388096451616
            ],
            [
                3.098813542413812e-12,
                3.7751277265802405e-11,
                1.081592202425143e-11,
                1.7603431330612523e-06,
                0.999998239605201
            ]
        ],
        [
            [
                0.9999999999989939,
                1.0060392789640519e-12,
                0.0,
                0.0,
                0.0
            ],
            [
                0.999999999989184,
                1.081594155374749e-11,
                0.0,
                0.0,
                0.0
            ],
            [
                8.258073273079051e-14,
                1.3887943843981155e-11,
                0.9999999985690504,
                1.4166087845028855e-09,
                3.7010116730009277e-13
            ],
            [
                3.7678621981592077e-11,
                6.678695549359469e-10,
                3.574848120393572e-10,
                0.1192029235741113,
                0.8807970753628558
            ],
            [
                6.101936960772331e-13,
                8.423464145368645e-12,
                1.2917800647324522e-12,
                5.043472049894845e-07,
                0.9999994956424696
            ]
        ],
        [
            [
                0.9999999999981204,
                1.8795288160108896e-12,
                0.0,
                0.0,
                0.0
            ],
            [
                0.9999999999821676,
                1.7832472901437246e-11,
                0.0,
                0.0,
                0.0
            ],
            [
                5.008774637505359e-14,
                2.020683908885799e-11,
                0.9999999999618898,
                1.7832472906942502e-11,
                2.087967911504973e-14
            ],
            [
                1.6584727986336787e-12,
                3.331131663305914e-11,
                1.0814601135877884e-11,
                0.00012339462845540393,
                0.9998766053257602
            ],
            [
                6.101925521873418e-13,
                1.0815921783277748e-11,
                2.1297812772227552e-12,
                1.0677030762688583e-06,
                0.9999989322833678
            ]
        ],
        [
            [
                0.999999999996021,
                3.978962534710793e-12,
                0.0,
                0.0,
                0.0
            ],
            [
                0.9999999998973812,
                1.0261879627402867e-10,
                0.0,
                0.0,
                0.0
            ],
            [
                7.835041950195939e-13,
                1.605228089017441e-09,
                0.9999993507982349,
                6.4759461363831e-07,
                1.139991877070854e-12
            ],
            [
                7.834758795132201e-13,
                1.3887442253307005e-11,
                3.5112952860879012e-12,
                3.535625750896483e-05,
                0.9999646437243088
            ],
            [
                6.101902107974146e-13,
                1.2255998009139137e-11,
                2.1297731049689126e-12,
                4.785094846165077e-06,
                0.9999952148901579
            ]
        ],
        [
            [
                0.9999999999989939,
                1.0060392790344224e-12,
                0.0,
                0.0,
                0.0
            ],
            [
                0.9999999999925664,
                7.43368067046597e-12,
                0.0,
                0.0,
                0.0
            ],
            [
                4.193795479132827e-13,
                1.250152812954049e-09,
                0.9999999573496328,
                4.139937541840387e-08,
                4.193795479132827e-13
            ],
            [
                2.3926599716414246e-12,
                1.1528481352678781e-10,
                8.978390305090323e-11,
                0.008577485681915705,
                0.9914225141106229
            ],
            [
                1.2917800026954504e-12,
                7.433680660321929e-12,
                1.2917800026954504e-12,
                1.2501528643635638e-09,
                0.9999999987398298
            ]
        ],
        [
            [
                0.9999999999991123,
                8.878265475972954e-13,
                0.0,
                0.0,
                0.0
            ],
            [
                0.999999999989184,
                1.081594155450485e-11,
                0.0,
                0.0,
                0.0
            ],
            [
                8.258073208744692e-14,
                2.5946094741430962e-11,
                0.9999999907364016,
                9.237449576049844e-09,
                1.2015425620012108e-13
            ],
            [
                2.8823509270364933e-13,
                5.7893565970575695e-12,
                7.835042148205383e-13,
                5.043472049603478e-07,
                0.9999994956459339
            ],
            [
                8.878266416025549e-13,
                7.433681457366497e-12,
                1.2917801412010283e-12,
                8.764249144969033e-08,
                0.9999999123478953
            ]
        ],
        [
            [
                0.9999999999981204,
                1.8795288160109333e-12,
                0.0,
                0.0,
                0.0
            ],
            [
                0.9999999999200804,
                7.991959889451302e-11,
                0.0,
                0.0,
                0.0
            ],
            [
                6.101936598960393e-13,
                7.194132937603659e-09,
                0.999999987202041,
                5.602796365325516e-09,
                4.193795604327727e-13
            ],
            [
                3.095995181730644e-12,
                7.046452554625369e-11,
                3.328508502281502e-11,
                0.0009110514050025095,
                0.999088948488152
            ],
            [
                2.73398409206247e-12,
                4.846102757313651e-11,
                2.2891368537009757e-11,
                0.00026119032793343915,
                0.9997388095979802
            ]
        ],
        [
            [
                0.9999999999991123,
                8.878265475268519e-13,
                0.0,
                0.0,
                0.0
            ],
            [
                0.999999999987744,
                1.2256067441598103e-11,
                0.0,
                0.0,
                0.0
            ],
            [
                9.357622943375826e-14,
                2.5946094912159083e-11,
                0.9999999973272324,
                2.6465736317071516e-09,
                1.5428111989935263e-13
            ],
            [
                1.1399898307824715e-12,
                1.2256045702735304e-11,
                1.6586754165405519e-12,
                1.3709566544032791e-06,
                0.9999986290282908
            ],
            [
                6.5602004209210235e-12,
                2.28973493386999e-11,
                4.508755416019042e-12,
                3.927863696823257e-07,
                0.9999996071796641
            ]
        ],
        [
            [
                0.9999999999991123,
                8.878265475642904e-13,
                0.0,
                0.0,
                0.0
            ],
            [
                0.999999999989184,
                1.081594155481771e-11,
                0.0,
                0.0,
                0.0
            ],
            [
                5.789356637241185e-12,
                5.043472084609948e-07,
                0.99999938310831,
                1.1253518071617567e-07,
                3.5114223004976094e-12
            ],
            [
                5.092879864193188e-12,
                1.0229322655761126e-10,
                2.2824704023899416e-11,
                0.0031726830721775434,
                0.9968273167976116
            ],
            [
                8.878265822006014e-13,
                1.3887944402360939e-11,
                2.4133628652187954e-12,
                3.9278636974705476e-07,
                0.9999996071964411
            ]
        ],
        [
            [
                0.9999999999987081,
                1.2917800044237334e-12,
                0.0,
                0.0,
                0.0
            ],
            [
                0.9999999999771028,
                2.2897348450953816e-11,
                0.0,
                0.0,
                0.0
            ],
            [
                7.972197928958598e-11,
                5.031005466561097e-07,
                0.99752687413077,
                0.0024726217177486955,
                9.712125312307084e-10
            ],
            [
                5.384848107469491e-13,
                1.5736832921153428e-11,
                2.7346515141296196e-12,
                1.67014151049177e-05,
                0.9999832985658852
            ],
            [
                1.0060392668767261e-12,
                8.423463650589535e-12,
                1.6586783384592213e-12,
                1.1861120005071148e-08,
                0.9999999881277918
            ]
        ],
        [
            [
                0.9999999999934397,
                6.5602001660361284e-12,
                0.0,
                0.0,
                0.0
            ],
            [
                0.999999999994891,
                5.109089026611046e-12,
                0.0,
                0.0,
                0.0
            ],
            [
                2.584254053489762e-10,
                1.1813792049470611e-07,
                0.8175743366273955,
                0.18242549572909342,
                4.924716517226326e-08
            ],
            [
                4.485218965404532e-12,
                9.008803113821432e-11,
                3.3141534551361775e-11,
                0.005220125704577034,
                0.9947798741677082
            ],
            [
                1.2917776418834615e-12,
                2.0206802128207644e-11,
                7.43366707478694e-12,
                2.260325272424036e-06,
                0.9999977396457954
            ]
        ],
        [
            [
                0.99999999999886,
                1.1399918526344108e-12,
                0.0,
                0.0,
                0.0
            ],
            [
                0.999999999996021,
                3.978962534562917e-12,
                0.0,
                0.0,
                0.0
            ],
            [
                1.7482341263584698e-13,
                2.9400777360679956e-11,
                0.9999999989965498,
                9.736200302358055e-10,
                2.543665644594125e-13
            ],
            [
                6.969648067688595e-11,
                1.7974959276889669e-09,
                3.3581645004057946e-09,
                0.6791787087379358,
                0.3208212860367072
            ],
            [
                3.978963032477423e-12,
                1.2256068973858943e-11,
                2.734698632927348e-12,
                6.825604228282804e-08,
                0.9999999317249879
            ]
        ],
        [
            [
                0.9999999999996299,
                3.701011677679578e-13,
                0.0,
                0.0,
                0.0
            ],
            [
                0.999999999994891,
                5.109089026421408e-12,
                0.0,
                0.0,
                0.0
            ],
            [
                1.0603575961564732e-13,
                1.1628232997366811e-10,
                0.9999999972368632,
                2.6465736314315454e-09,
                1.748234123331634e-13
            ],
            [
                7.835027636297078e-13,
                1.0815922025514893e-11,
                1.879525422426249e-12,
                1.7603431332668867e-06,
                0.9999982396433877
            ],
            [
                4.752166141042765e-13,
                1.2255998012046853e-11,
                2.129773105474198e-12,
                4.785094847300334e-06,
                0.9999952148902918
            ]
        ],
        [
            [
                0.9999999999993086,
                6.914400105004912e-13,
                0.0,
                0.0,
                0.0
            ],
            [
                0.999999999996021,
                3.978962534710793e-12,
                0.0,
                0.0,
                0.0
            ],
            [
                2.286296078262271e-11,
                6.339265367160619e-09,
                0.9984988112123204,
                0.0015011820202956165,
                4.0525567654433216e-10
            ],
            [
                4.269546761153486e-11,
                9.717443638076017e-10,
                7.567952714785843e-10,
                0.22270014383150652,
                0.7772998543972583
            ],
            [
                6.914399879333963e-13,
                5.1090888598837975e-12,
                8.878265186207461e-13,
                3.224186631123879e-08,
                0.9999999677514453
            ]
        ],
        [
            [
                0.9999999999989939,
                1.0060392790014975e-12,
                0.0,
                0.0,
                0.0
            ],
            [
                0.9999999999972653,
                2.734698290910654e-12,
                0.0,
                0.0,
                0.0
            ],
            [
                5.789355954107808e-12,
                3.224186528623176e-08,
                0.9999999355083502,
                3.224186528623176e-08,
                2.1297850331397427e-12
            ],
            [
                2.0737505256929115e-11,
                6.867318590789654e-10,
                9.991889591046912e-10,
                0.3775406754067386,
                0.622459322886603
            ],
            [
                6.560200471546586e-12,
                2.5946096182706497e-11,
                5.789356596473865e-12,
                5.043472049094975e-07,
                0.9999994956144994
            ]
        ],
        [
            [
                0.9999999999978701,
                2.129785170426482e-12,
                0.0,
                0.0,
                0.0
            ],
            [
                0.9999999999934397,
                6.56020016668479e-12,
                0.0,
                0.0,
                0.0
            ],
            [
                3.5114021686014908e-12,
                1.522989323887261e-08,
                0.9999951996643855,
                4.7850947762218284e-06,
                7.433638449263138e-12
            ],
            [
                1.9742551307445214e-11,
                5.769619219743698e-10,
                1.0779067783209418e-09,
                0.977022630583123,
                0.02297736774226575
            ],
            [
                1.00603938547286e-12,
                9.545035930338963e-12,
                1.6586785339911898e-12,
                8.764249144528306e-08,
                0.9999999123452988
            ]
        ],
        [
            [
                0.9999999999993086,
                6.91440010474787e-13,
                0.0,
                0.0,
                0.0
            ],
            [
                0.9999999999978701,
                2.12978517035678e-12,
                0.0,
                0.0,
                0.0
            ],
            [
                2.2447773357889768e-13,
                2.1724402067993733e-10,
                0.9999999315257058,
                6.825604230054851e-08,
                7.83504276504101e-13
            ],
            [
                3.5046575949023124e-12,
                7.039292952554048e-11,
                1.779811984874966e-11,
                0.0019267343382598986,
                0.9980732655700444
            ],
            [
                4.752193004874805e-13,
                4.5087551873642995e-12,
                8.878265370295041e-13,
                1.1861120006838854e-08,
                0.999999988133008
            ]
        ],
        [
            [
                0.9999999999995248,
                4.752193061857247e-13,
                0.0,
                0.0,
                0.0
            ],
            [
                0.999999999990455,
                9.54503492039768e-12,
                0.0,
                0.0,
                0.0
            ],
            [
                7.430477092924957e-12,
                5.600381886227711e-09,
                0.9995694371264325,
                0.00043055711650982406,
                1.492451220068444e-10
            ],
            [
                1.3053461618924746e-11,
                3.8147806667891523e-10,
                3.366532122481024e-10,
                0.06008665441480054,
                0.9399133448540147
            ],
            [
                2.1297850816341516e-12,
                1.3887943282513804e-11,
                2.7346981769006266e-12,
                4.1399375451592045e-08,
                0.9999999585818722
            ]
        ],
        [
            [
                0.99999999999886,
                1.139991852682428e-12,
                0.0,
                0.0,
                0.0
            ],
            [
                0.9999999999934397,
                6.560200166035994e-12,
                0.0,
                0.0,
                0.0
            ],
            [
                2.129785075502826e-12,
                1.955568021140171e-08,
                0.9999999553311933,
                2.5109990432057303e-08,
                1.0060392341945317e-12
            ],
            [
                4.790164405595704e-11,
                1.2353996827955228e-09,
                1.7974959320895349e-09,
                0.3208212870046168,
                0.679178709914586
            ],
            [
                2.4111634721736353e-12,
                4.842951294818493e-11,
                2.0188424579626847e-11,
                0.0009110514038563019,
                0.9990889485251147
            ]
        ],
        [
            [
                0.9999999999972653,
                2.7346982907195686e-12,
                0.0,
                0.0,
                0.0
            ],
            [
                0.9999999999934397,
                6.560200166279322e-12,
                0.0,
                0.0,
                0.0
            ],
            [
                6.431393927442731e-14,
                1.3887943834712425e-11,
                0.9999999979243557,
                2.061153617948823e-09,
                5.384940206024219e-13
            ],
            [
                1.192014409746412e-10,
                1.8646242612310967e-09,
                2.7130122915800523e-09,
                0.09534946971309516,
                0.9046505255900669
            ],
            [
                5.384940079687557e-13,
                6.560199999954374e-12,
                1.1399918238156814e-12,
                2.5109990913635434e-08,
                0.9999999748817705
            ]
        ],
        [
            [
                0.9999999999983413,
                1.6586783585508522e-12,
                0.0,
                0.0,
                0.0
            ],
            [
                0.9999999999964886,
                3.511422112499234e-12,
                0.0,
                0.0,
                0.0
            ],
            [
                6.101832304024106e-13,
                2.4616548445074415e-10,
                0.9999832983323274,
                1.67014151077786e-05,
                5.789257301833962e-12
            ],
            [
                4.504646406708276e-12,
                9.047824172784372e-11,
                3.328508500501382e-11,
                0.0009110514056443667,
                0.9990889484660875
            ],
            [
                3.978963040550736e-12,
                1.783247517011535e-11,
                3.978963040550736e-12,
                1.8553915979640253e-07,
                0.9999998144350498
            ]
        ],
        [
            [
                0.9999999999991123,
                8.878265476264223e-13,
                0.0,
                0.0,
                0.0
            ],
            [
                0.9999999999942106,
                5.78935632662264e-12,
                0.0,
                0.0,
                0.0
            ],
            [
                1.879518163828677e-12,
                2.9989438274796103e-09,
                0.999995211899233,
                4.785094834671885e-06,
                5.1090600709942035e-12
            ],
            [
                1.6581217422543547e-12,
                3.33042654771901e-11,
                1.0812311960727275e-11,
                0.0003353500560135679,
                0.9996646498982118
            ],
            [
                6.101936664967356e-13,
                4.50875523295656e-12,
                8.878265460071524e-13,
                1.605228051860959e-09,
                0.9999999983887651
            ]
        ],
        [
            [
                0.9999999999972653,
                2.7346982908210824e-12,
                0.0,
                0.0,
                0.0
            ],
            [
                0.9999999677579975,
                3.224186632402778e-08,
                1.3615260638113877e-13,
                0.0,
                0.0
            ],
            [
                3.5107058701293014e-12,
                2.0607331980874347e-09,
                0.9997965707586278,
                0.00020342706086976743,
                1.1625861158336597e-10
            ],
            [
                1.1399614962792024e-12,
                2.5945404065974408e-11,
                5.789202164356593e-12,
                2.7535689823426452e-05,
                0.999972464277302
            ],
            [
                3.701011556435655e-13,
                5.109088859430764e-12,
                7.835041526457982e-13,
                3.224186630837984e-08,
                0.9999999677518709
            ]
        ],
        [
            [
                0.9999999999993086,
                6.914400105231937e-13,
                0.0,
                0.0,
                0.0
            ],
            [
                0.999999999996021,
                3.978962534956388e-12,
                0.0,
                0.0,
                0.0
            ],
            [
                3.1397248463662866e-10,
                0.006692851374607105,
                0.9933070216401291,
                1.2666554066687142e-07,
                5.75060664960313e-12
            ],
            [
                1.006039318214279e-12,
                1.2256067918375693e-11,
                1.8795288892716956e-12,
                3.92786369747859e-07,
                0.9999996071984886
            ],
            [
                8.878215814189365e-13,
                2.0206726054863992e-11,
                3.978940277855504e-12,
                6.144172123579181e-06,
                0.999993855802803
            ]
        ],
        [
            [
                0.9999999999987081,
                1.2917800045034966e-12,
                0.0,
                0.0,
                0.0
            ],
            [
                0.9999999999572222,
                4.2777878675918814e-11,
                0.0,
                0.0,
                0.0
            ],
            [
