{
    "[['A', 'B', 'C', 'D', 'E'], ['A', 'B', 'C', 'D', 'E']]": [
        [
            [
                0.9999999999859759,
                1.388794385837997e-11,
                0.0,
                0.0,
                1.3615261074441762e-13
            ],
            [
                3.763157492373773e-11,
                8.564906974684618e-10,
                2.054614373669741e-09,
                0.9968273139957363,
                0.0031726830555269423
            ],
            [
                7.046452472885171e-11,
                1.1022506212277017e-09,
                1.0457862719670511e-08,
                0.9990889369770856,
                0.0009110513923366184
            ],
            [
                2.784094512545736e-10,
                1.1011307400980551e-09,
                6.678695542215337e-10,
                0.11920292341773116,
                0.880797074534859
            ],
            [
                3.8371947622970194e-08,
                4.92705560357045e-08,
                2.327376270621873e-08,
                0.5621764384190608,
                0.43782345066467293
            ]
        ],
        [
            [
                0.9999999999622486,
                3.77513454278212e-11,
                0.0,
                0.0,
                0.0
            ],
            [
                1.0809961655135652e-11,
                3.5797676586595067e-10,
                9.73081737663952e-10,
                0.9994472200764717,
                0.0005527785816599166
            ],
            [
                2.5349937657836008e-11,
                7.408337719492136e-10,
                1.7771678324654238e-09,
                0.9770226297278966,
                0.022977367728751877
            ],
            [
                1.505024925357325e-08,
                3.1861377919839467e-08,
                1.1721145904102675e-08,
                0.3208212886171181,
                0.6791786527501088
            ],
            [
                4.580699783960246e-09,
                7.55229716850674e-09,
                4.0424533710148416e-09,
                0.18242551205992236,
                0.8175744717646273
            ]
        ],
        [
            [
                0.9999999998973812,
                1.0261879628120053e-10,
                0.0,
                0.0,
                0.0
            ],
            [
                2.2862960826168478e-11,
                1.101599143528487e-09,
                3.8449588125606515e-09,
                0.9984988130125257,
                0.0015011820180534157
            ],
            [
                7.511748504142766e-11,
                1.5087750193765926e-09,
                1.1750351665690644e-09,
                0.06008665427334745,
                0.9399133429677249
            ],
            [
                5.154157306815638e-10,
                2.038508759045754e-09,
                7.499254631008424e-10,
                0.010986942336180663,
                0.9890130543599693
            ],
            [
                6.32646465201057e-08,
                2.988410298708116e-08,
                1.4116250709764987e-08,
                0.5621764405158715,
                0.4378234522191284
            ]
        ],
        [
            [
                0.9999999998973812,
                1.026187962740256e-10,
                0.0,
                0.0,
                0.0
            ],
            [
                8.978390246758623e-11,
                1.5914577505179126e-09,
                5.55473335161826e-09,
                0.9914225071601428,
                0.008577485603882148
            ],
            [
                2.9211025064303807e-10,
                5.8671912249323456e-09,
                1.8072221266860634e-08,
                0.9241418017370439,
                0.07585817403143343
            ],
            [
                3.5748477281969605e-10,
                2.641475040878213e-09,
                1.1011306204708626e-09,
                0.7772998528766359,
                0.22270014302327365
            ],
            [
                4.5806997484923625e-09,
                1.0988527455739628e-08,
                8.557873787331654e-09,
                0.8175744653406999,
                0.18242551053219924
            ]
        ],
        [
            [
                0.9999999999666846,
                3.331544540860912e-11,
                0.0,
                0.0,
                0.0
            ],
            [
                5.896435288910195e-10,
                3.3931642292457233e-09,
                4.937024821942113e-09,
                0.9984988090680443,
                0.0015011820121231287
            ],
            [
                3.809850228982009e-10,
                7.652288744603313e-09,
                2.670911212819069e-08,
                0.7310585649502696,
                0.26894140030734465
            ],
            [
                2.6414750022137888e-09,
                9.2196536712884e-09,
                7.180273498846558e-09,
                0.7772998411950836,
                0.22270013976351433
            ],
            [
                7.511748510899292e-11,
                8.075890729116772e-10,
                4.3227128082303133e-10,
                0.06008665438996403,
                0.9399133442950581
            ]
        ],
        [
            [
                0.9999999999794664,
                2.02068390815964e-11,
                0.0,
                0.0,
                3.2661313413932214e-13
            ],
            [
                7.98754103963313e-11,
                2.645110315660542e-09,
                3.222404044592901e-08,
                0.9994471864880045,
                0.0005527785629693133
            ],
            [
                9.027345283382673e-11,
                2.05461431622833e-09,
                2.8363075752129495e-08,
                0.996827286525209,
                0.0031726829668273816
            ],
            [
                3.835070681744072e-09,
                9.199856309053411e-09,
                4.345704410420235e-09,
                0.995929844913707,
                0.004070137705661557
            ],
            [
                1.6733098892623475e-10,
                1.236418064265492e-09,
                5.154157314367048e-10,
                0.010986942349616797,
                0.9890130557312183
            ]
        ],
        [
            [
                0.9999999999941172,
                5.789356327270888e-12,
                0.0,
                0.0,
                9.357622966480687e-14
            ],
            [
                6.182484823301165e-11,
                1.09587165617513e-09,
                2.9788880093041747e-09,
                0.9933071444765076,
                0.006692851386907949
            ],
            [
                4.805786006592067e-11,
                9.652679228034358e-10,
                2.623870254150988e-09,
                0.9914225107313779,
                0.00857748563142614
            ],
            [
                1.7788378488626572e-11,
                2.7825705651419706e-10,
                1.3143932656147298e-10,
                0.00247262296471166,
                0.9975273766078036
            ],
            [
                5.4641152894078655e-11,
                4.57504771815209e-10,
                2.1610995192491481e-10,
                0.005220125698425102,
                0.994779873573319
            ]
        ],
        [
            [
                0.9999999999509879,
                4.847368703800387e-11,
                0.0,
                0.0,
                5.384940215010259e-13
            ],
            [
                7.051441062131686e-11,
                1.8185906189842908e-09,
                2.510486911385432e-08,
                0.9997965459506024,
                0.00020342705542342212
            ],
            [
                3.5313738946298777e-10,
                4.874911290715883e-09,
                5.523998187912708e-09,
                0.9859363621301157,
                0.0140636271178374
            ],
            [
                3.140481202133238e-09,
                4.03245768416915e-09,
                2.158419060470758e-09,
                0.9241418155337654,
                0.07585817513487675
            ],
            [
                1.0650703807078327e-09,
                3.717460902504786e-09,
                2.2547540136521494e-09,
                0.14804720269855828,
                0.8519527902641565
            ]
        ],
        [
            [
                0.999999999944784,
                5.4927883491171644e-11,
                0.0,
                0.0,
                2.882350792480146e-13
            ],
            [
                6.150692840134395e-11,
                1.5862845907331165e-09,
                2.6153411461255366e-09,
                0.6791787092675176,
                0.3208212864693498
            ],
            [
                5.4845391297651345e-11,
                1.8162299206730546e-09,
                1.3420224772409565e-08,
                0.9984988027036593,
                0.0015011820050406133
            ],
            [
                1.3021016846604532e-10,
                2.6153411464992394e-09,
                1.7974959303698169e-09,
                0.32082128642647395,
                0.6791787090304788
            ],
            [
                1.3414516407246781e-08,
                1.9518006203799067e-08,
                2.506161604874702e-08,
                0.7772998109042798,
                0.22270013110158143
            ]
        ],
        [
            [
                0.9999999988967441,
                1.1032560306785039e-09,
                0.0,
                0.0,
                0.0
            ],
            [
                1.236877313226329e-10,
                2.8151197892594444e-09,
                2.8151197892594444e-09,
                0.7310585861425312,
                0.26894140810354156
            ],
            [
                1.6911688867588565e-10,
                2.0602654749469386e-09,
                1.854591877722305e-07,
                0.9995692553770616,
                0.00043055693436818256
            ],
            [
                2.0076424781531462e-10,
                1.6809784662386074e-09,
                7.940380033290092e-10,
                0.07585817568599866,
                0.9241418216382206
            ],
            [
                1.9134783071123247e-10,
                2.3310937920333003e-09,
                9.717444662070345e-10,
                0.1192029232364415,
                0.8807970732693724
            ]
        ],
        [
            [
                0.9999999999622486,
                3.7751345429426466e-11,
                0.0,
                0.0,
                0.0
            ],
            [
                5.208530943953403e-10,
                1.046161405903416e-08,
                4.137648624906466e-08,
                0.9994471690875879,
                0.0005527785534587647
            ],
            [
                3.77502681179485e-11,
                1.4165683603267294e-09,
                2.3823039528321088e-07,
                0.9999722246254947,
                2.7535689791439032e-05
            ],
            [
                1.67738413816508e-10,
                7.517514158772874e-10,
                3.5510222483613116e-10,
                0.00857748565933218,
                0.9914225130660758
            ],
            [
                4.934924982812405e-09,
                1.0447236270596165e-08,
                5.592002610274711e-09,
                0.22270013937474953,
                0.7772998396510866
            ]
        ],
        [
            [
                0.9999999996416891,
                3.581747927352536e-10,
                0.0,
                0.0,
                1.3615261069756307e-13
            ],
            [
                2.3137814216639124e-10,
                2.4875494574007216e-09,
                3.6193631039562154e-09,
                0.9399133396451226,
                0.06008665401658674
            ],
            [
                7.052005818227756e-11,
                2.0608981925880783e-09,
                1.125212287219597e-07,
                0.9998764908369093,
                0.00012339451044361368
            ],
            [
                8.271443026725422e-10,
                2.5477838175785203e-09,
                9.372772870364298e-10,
                0.037326883752748286,
                0.9626731119350463
            ],
            [
                5.488892442487068e-11,
                4.055773417853342e-10,
                1.915811708090026e-10,
                0.0007096703424937795,
                0.9992903290054588
            ]
        ],
        [
            [
                0.9999999999914704,
                8.423463751378426e-12,
                0.0,
                0.0,
                1.0603575987633832e-13
            ],
            [
                6.182484773378702e-11,
                1.8067868949038318e-09,
                1.0397340700385676e-08,
                0.9933071364020507,
                0.006692851331996733
            ],
            [
                1.998483652566699e-11,
                8.49776872665736e-10,
                9.135962363252054e-09,
                0.989013047741509,
                0.01098694225276688
            ],
            [
                2.6174970418136085e-09,
                3.3609327297936497e-09,
                3.80843572362734e-09,
                0.9890130479585911,
                0.010986942254543405
            ],
            [
                5.881734769098276e-09,
                2.0529271528980617e-08,
                2.0529271528980617e-08,
                0.8175744466892284,
                0.18242550637049368
            ]
        ],
        [
            [
                0.9999999993308415,
                6.691586084096692e-10,
                0.0,
                0.0,
                0.0
            ],
            [
                2.5941988663511746e-11,
                4.598327516148955e-10,
                1.604974006209351e-09,
                0.999841561662776,
                0.00015843624647518518
            ],
            [
                2.584253988430968e-10,
                3.567452589893507e-09,
                9.697341548996679e-09,
                0.8175744740022098,
                0.18242551247457056
            ],
            [
                9.293905057664544e-11,
                1.6473840889170146e-09,
                6.867318584921861e-10,
                0.3775406750034552,
                0.6224593225694899
            ],
            [
                9.645276016203438e-11,
                8.075890732836391e-10,
                4.322712810221282e-10,
                0.060086654343734475,
                0.9399133443199524
            ]
        ],
        [
            [
                0.9999999999796729,
                2.0206839083421535e-11,
                0.0,
                0.0,
                1.201542572772798e-13
            ],
            [
                2.930054223948553e-09,
                1.0226894125540153e-08,
                5.1936453818368245e-08,
                0.9770225686162265,
                0.022977366290371257
            ],
            [
                3.233888438669084e-11,
                1.0709167723051656e-09,
                2.56899578697785e-09,
                0.9706877685361036,
                0.029312227791644982
            ],
            [
                2.784094512930382e-10,
                1.6021357734362044e-09,
                5.893928130124874e-10,
                0.1192029233862384,
                0.8807970741438236
            ],
            [
                5.543299546020847e-10,
                2.4843344989011584e-09,
                9.139355871386934e-10,
                0.7310585874594069,
                0.26894140858799304
            ]
        ],
        [
            [
                0.9999999999924603,
                7.433680670221843e-12,
                0.0,
                0.0,
                1.0603575988485072e-13
            ],
            [
                4.273889453629034e-11,
                1.6037651856216784e-09,
                1.3428161494237709e-08,
                0.9990889335377285,
                0.0009110513876058362
            ],
            [
                3.6342184361575756e-11,
                8.271443035390718e-10,
                2.2484113298236716e-09,
                0.9626731131265218,
                0.037326883761580415
            ],
            [
                1.4138798435609248e-09,
                6.33656984165829e-09,
                4.355056516481951e-09,
                0.11920292218467797,
                0.8807970657098159
            ],
            [
                3.3609327285850917e-09,
                5.541241279010461e-09,
                1.2364180540066943e-09,
                0.01098694225845603,
                0.9890130476029518
            ]
        ],
        [
            [
                0.999999999782756,
                2.172439933152191e-10,
                0.0,
                0.0,
                0.0
            ],
            [
                5.490945067469427e-11,
                1.1028857989585238e-09,
                3.397127420384469e-09,
                0.9996646453925522,
                0.00033535005252504876
            ],
            [
                2.7840889400216134e-10,
                4.131954348111515e-08,
                0.2227000930731552,
                0.777299655490736,
                2.098381563392502e-07
            ],
            [
                1.4373612771605544e-10,
                6.441806325977618e-10,
                3.9071530406362203e-10,
                0.03732688386651323,
                0.9626731149548547
            ],
            [
                7.051763649294003e-11,
                2.789026626486017e-10,
                7.990695070590377e-11,
                0.00015843624705973202,
                0.9998415633236131
            ]
        ],
        [
            [
                0.9999999998082829,
                1.917171512612092e-10,
                0.0,
                0.0,
                0.0
            ],
            [
                9.540921463999871e-12,
                4.056903039268976e-10,
                3.396803326707107e-09,
                0.9995694390717572,
                0.0004305571162082577
            ],
            [
                3.985643312695245e-10,
                3.166188652730536e-08,
                0.017986186317221372,
                0.9820124353233706,
                1.3462989572343599e-06
            ],
            [
                2.1468027464439726e-10,
                2.3080304634924086e-09,
                1.2353996829542937e-09,
                0.32082128667696685,
                0.6791787095649227
            ],
            [
                7.083040507631206e-10,
                2.801396863923573e-09,
                2.1817300713174565e-09,
                0.4999999971542845,
                0.4999999971542845
            ]
        ],
        [
            [
                0.9999999999915765,
                8.423463752782074e-12,
                0.0,
                0.0,
                0.0
            ],
            [
                3.5510222053166414e-10,
                3.817708655340915e-09,
                9.158206972861671e-09,
                0.9914225011170754,
                0.00857748555190671
            ],
            [
                1.1225759249188198e-10,
                1.989813437772816e-09,
                2.554971028567108e-09,
                0.8519527923459638,
                0.14804720299699412
            ],
            [
                5.366581853545113e-11,
                5.769619227162161e-10,
                2.405135123810773e-10,
                0.022977367790444275,
                0.9770226313384145
            ],
            [
                3.574847732495911e-10,
                1.602135601084974e-09,
                1.1011306217950326e-09,
                0.2227001434317421,
                0.7772998535075069
            ]
        ],
        [
            [
                0.9999999999820948,
                1.7832472902188036e-11,
                0.0,
                0.0,
                7.287724093384649e-14
            ],
            [
                5.904729446383059e-10,
                1.7256148899251278e-08,
                6.475328277803902e-07,
                0.999903232227957,
                9.610239259351238e-05
            ],
            [
                6.198814344654873e-11,
                1.598695290322215e-09,
                2.8337552061944514e-08,
                0.9959298323569771,
                0.004070137644787475
            ],
            [
                1.5323058941065267e-10,
                1.86673073009031e-09,
                1.4538113543777886e-09,
                0.62245932214002,
                0.3775406743862075
            ],
            [
                8.747348175189904e-08,
                2.211675976978402e-08,
                9.21963714637655e-09,
                0.7772997688526032,
                0.22270011233751813
            ]
        ],
        [
            [
                0.9999999998308102,
                1.6918979217940898e-10,
                0.0,
                0.0,
                0.0
            ],
            [
                4.260378738820298e-11,
                1.245065172788242e-09,
                5.579994976743638e-09,
                0.9959298553883364,
                0.004070137743999675
            ],
            [
                4.118108994775401e-11,
                9.372772870479692e-10,
                3.2714191780368207e-09,
                0.96267311203267,
                0.037326883717452526
            ],
            [
                5.201372743052552e-10,
                3.843323498986411e-09,
                2.05718282632807e-09,
                0.22270014265492827,
                0.7772998509244281
            ],
            [
                3.84332337240198e-09,
                2.2116798963579804e-08,
                1.3414516666111745e-08,
                0.22270013523297258,
                0.7772998253923885
            ]
        ],
        [
            [
                0.9999999999294713,
                7.052879847749253e-11,
                0.0,
                0.0,
                0.0
            ],
            [
                4.847147198323636e-11,
                1.1032056173672794e-09,
                1.1860578139269128e-08,
                0.9999545891326017,
                4.539785514307219e-05
            ],
            [
                5.432441780284831e-11,
                1.2364180502097432e-09,
                1.1730807843695516e-08,
                0.9890130447537337,
                0.010986942224715919
            ],
            [
                5.342237926544668e-10,
                4.473001051614406e-09,
                5.068574222203151e-09,
                0.09534946914423519,
                0.9046505207799658
            ],
            [
                7.960062725566849e-10,
                3.5674526116378374e-09,
                2.45187193257354e-09,
                0.18242551377998986,
                0.8175744794046794
            ]
        ],
        [
            [
                0.9999999999842628,
                1.5737102102739774e-11,
                0.0,
                0.0,
                0.0
            ],
            [
                8.742630116428184e-11,
                1.0650703859405065e-09,
                9.399213166270766e-10,
                0.8519527945472533,
                0.14804720336032864
            ],
            [
                1.0746135746784449e-10,
                2.4458092225761156e-09,
                5.867191317794718e-09,
                0.9241418163638043,
                0.07585817521573385
            ],
            [
                6.992377394237111e-11,
                6.634182958464668e-10,
                3.5510222474041395e-10,
                0.008577485664118957,
                0.9914225132474367
            ],
            [
                3.9396826356855626e-10,
                2.568995785881095e-09,
                1.2135076833828466e-09,
                0.029312227788316082,
                0.9706877680352122
            ]
        ],
        [
            [
                0.9999999999770202,
                2.289734844772498e-11,
                0.0,
                0.0,
                8.258073282407193e-14
            ],
            [
                1.4908523075505548e-10,
                2.058058128005095e-09,
                1.1843306810793464e-08,
                0.9984988039450656,
                0.0015011820044842224
            ],
            [
                6.678198323882122e-10,
                1.7223300480734887e-08,
                0.0019265909836085721,
                0.9979986891216867,
                7.470200358446092e-05
            ],
            [
                2.3942249361079975e-09,
                4.473001058067187e-09,
                1.4521708299980215e-09,
                0.09534946932015113,
                0.9046505223604521
            ],
            [
                1.1617636206783459e-10,
                2.7869260470750466e-10,
                1.025252796784105e-10,
                0.0009110514035235992,
                0.9990889480990821
            ]
        ],
        [
            [
                0.9999999999771028,
                2.289734844868406e-11,
                0.0,
                0.0,
                0.0
            ],
            [
                9.544325633507118e-12,
                5.211025229034061e-10,
                1.046662396454261e-08,
                0.9999251428064426,
                7.484619628663585e-05
            ],
            [
                1.9169777579337667e-10,
                7.193405966957721e-09,
                4.784633792013316e-06,
                0.9998991060424108,
                9.610193869341489e-05
            ],
            [
                7.502040155538446e-11,
                1.035624698739848e-09,
                8.065453263466815e-10,
                0.26894140923211185,
                0.7310585888506977
            ],
            [
                3.1547920486316e-10,
                2.331093542779924e-09,
                9.717443623027686e-10,
                0.22270014330232601,
                0.777299853079357
            ]
        ],
        [
            [
                0.999999999991322,
                8.423463750520252e-12,
                0.0,
                0.0,
                2.543665646184611e-13
            ],
            [
                1.4493282234190009e-10,
                3.298655832110393e-09,
                1.675195657489452e-08,
                0.9706877524940862,
                0.029312227310368522
            ],
            [
                9.055887216827845e-11,
                4.363370815266345e-09,
                1.670136672868766e-05,
                0.9999795676007088,
                3.726578632869736e-06
            ],
            [
                4.076008360044713e-09,
                5.233698332929129e-09,
                2.8013968461211037e-09,
                0.49999999397685724,
                0.49999999391203925
            ],
            [
                2.405135120916683e-10,
                1.0779067784098518e-09,
                9.51249393221634e-10,
                0.022977367747985738,
                0.9770226299823446
            ]
        ],
        [
            [
                0.9999999999666846,
                3.331544541000776e-11,
                0.0,
                0.0,
                0.0
            ],
            [
                4.264216089176503e-11,
                9.705311084578602e-10,
                2.3281830981060627e-09,
                0.9968273136000757,
                0.0031726830585678103
            ],
            [
                3.154792359030204e-10,
                3.8433238861158925e-09,
                8.136316730755233e-09,
                0.8807970655612386,
                0.1192029221436415
            ],
            [
                4.5693731522060924e-09,
                9.673363039129809e-09,
                2.771464912480757e-09,
                0.9241418084166206,
                0.07585817456917834
            ],
            [
                1.0077303368860959e-10,
                6.571227248903559e-10,
                5.117676927186245e-10,
                0.01798621154628421,
                0.9820137871840523
            ]
        ],
        [
            [
                0.999999999987744,
                1.2256067441281576e-11,
                0.0,
                0.0,
                0.0
            ],
            [
                1.1625195506368757e-10,
                4.943158913930672e-09,
                5.314396666453953e-08,
                0.9997387514852097,
                0.0002611903114127748
            ],
            [
                2.28705490614185e-11,
                8.582110220378017e-10,
                1.7237629171026893e-08,
                0.9988304715599795,
                0.0011695103213098066
            ],
            [
                1.4493282509220273e-10,
                5.732204429092904e-10,
                2.389538315521759e-10,
                0.029312227898486986,
                0.9706877711444059
            ],
            [
                4.4642452940395196e-10,
                1.2135076860571432e-09,
                3.9396826443677325e-10,
                0.029312227848034413,
                0.9706877700980652
            ]
        ],
        [
            [
                0.9999999999859577,
                1.3887943860893113e-11,
                0.0,
                0.0,
                1.5428112027396508e-13
            ],
            [
                7.050512812134604e-11,
                2.9979543342726877e-09,
                3.223104657902042e-08,
                0.999664614658249,
                0.0003353500422449477
            ],
            [
                5.482206848991709e-11,
                6.678695182916872e-10,
                2.3310936696728224e-09,
                0.9980732626208328,
                0.001926734325382013
            ],
            [
                4.4907601174610545e-11,
                7.960062770974208e-10,
                3.3182478434760127e-10,
                0.1824255148647994,
                0.8175744839624619
            ],
            [
                2.487549405031539e-09,
                8.682400547190225e-09,
                1.6220859723095455e-08,
                0.939913319857579,
                0.060086652751611305
            ]
        ],
        [
            [
                0.9999999999771028,
                2.289734844953322e-11,
                0.0,
                0.0,
                0.0
            ],
            [
                2.939612391028273e-11,
                8.590806672224483e-10,
                1.5227569181066144e-08,
                0.9998415476397062,
                0.00015843624424787748
            ],
            [
                5.4792062579845364e-11,
                9.712125477174267e-10,
                9.214608093699695e-09,
                0.9975273668271706,
                0.002472622932216664
            ],
            [
                2.717048637751642e-11,
                5.457338073565737e-10,
                3.310042862034698e-10,
                0.07585817589144794,
                0.9241418232046436
            ],
            [
                2.4051351214805813e-10,
                9.5124939344466e-10,
                5.769619221572321e-10,
                0.022977367762617936,
                0.9770226304686572
            ]
        ],
        [
            [
                0.9999999999200804,
                7.991959890083852e-11,
                0.0,
                0.0,
                0.0
            ],
            [
                1.2790276878118716e-10,
                1.5581747082340652e-09,
                2.5689957849324697e-09,
                0.9706877679723136,
                0.029312227772613077
            ],
            [
                1.1627524154154232e-10,
                4.363196249162114e-09,
                2.2601916136107814e-06,
                0.9999394442189219,
                5.829110999301114e-05
            ],
            [
                3.051477745008602e-10,
                1.756004199719843e-09,
                5.700910961306714e-10,
                0.1480472033288759,
                0.851952794039881
            ],
            [
                3.042893846072582e-10,
                1.0620743105943413e-09,
                5.016883808502388e-10,
                0.03732688383042328,
                0.9626731143015247
            ]
        ],
        [
            [
                0.9999999999376523,
                6.224144619992976e-11,
                0.0,
                0.0,
                1.0603575986558125e-13
            ],
            [
                2.9373984379671174e-11,
                5.899922478390232e-10,
                1.603765206232522e-09,
                0.9990889463775544,
                0.0009110513993142445
            ],
            [
                2.786915277474356e-10,
                1.0457822425648783e-08,
                0.0009110478801885388,
                0.999085218140617,
                3.7232426804468717e-06
            ],
            [
                1.549668392464497e-09,
                1.0105107283753719e-08,
                1.6660505321431554e-08,
                0.8519527740521946,
                0.14804719763252439
            ],
            [
                3.476757730482953e-10,
                1.213507685939219e-09,
                5.732204423318348e-10,
                0.029312227861859,
                0.9706877700037371
            ]
        ],
        [
            [
                0.9999999999942106,
                5.789356326866401e-12,
                0.0,
                0.0,
                0.0
            ],
            [
                7.923401605250092e-11,
                1.5914577549949515e-09,
                2.62387025208085e-09,
                0.9914225100786859,
                0.00857748562675206
            ],
            [
                1.3966854385506605e-09,
                9.107533112787797e-09,
                2.18478361732539e-08,
                0.9859363408284124,
                0.01406362681953292
            ],
            [
                7.229932888829739e-11,
                1.1309517872734876e-09,
                4.160539114940146e-10,
                0.0953494699504333,
                0.9046505284302617
            ],
            [
                4.7791949100605556e-11,
                3.531373929816127e-10,
                1.299119867868157e-10,
                0.01406362728149373,
                0.9859363721876649
            ]
        ],
        [
            [
                0.999999999782756,
                2.1724399331520352e-10,
                0.0,
                0.0,
                0.0
            ],
            [
                5.287756585903286e-11,
                1.5453089903253164e-09,
                8.89263925098178e-09,
                0.9626731060310469,
                0.03732688347812727
            ],
            [
                4.0455904412672866e-10,
                7.170980639319381e-09,
                0.0031725393814558867,
                0.9967821992207605,
                4.5253822243889446e-05
            ],
            [
                1.7761300788388175e-10,
                1.9095197897782965e-09,
                7.024730731694497e-10,
                0.18242551443598637,
                0.8175744827744077
            ],
            [
                1.1735165124139695e-09,
                6.753121262674342e-09,
                4.641347842211428e-09,
                0.7310585811610554,
                0.26894140627095914
            ]
        ],
        [
            [
                0.9999999998308102,
                1.69189792179371e-10,
                0.0,
                0.0,
                0.0
            ],
            [
                3.331392362655439e-11,
                1.6051547309909785e-09,
                1.1253003429635936e-07,
                0.9999544879755291,
                4.5397855967876364e-05
            ],
            [
                2.784094194154331e-10,
                3.3917210706314738e-09,
                6.3365691789449405e-09,
                0.7772998482151197,
                0.22270014177818076
            ],
            [
                6.060387330707384e-10,
                5.074300185835815e-09,
                5.074300185835815e-09,
                0.3775406718455921,
                0.6224593173997688
            ],
            [
                8.626580894551536e-11,
                1.1908627593094575e-09,
                4.964254550056619e-10,
                0.047425875327145345,
                0.9525741228993007
            ]
        ],
        [
            [
                0.9999999999969011,
                3.098819137732245e-12,
                0.0,
                0.0,
                0.0
            ],
            [
                1.775990091581025e-11,
                5.8812714556865e-10,
                2.635803000264143e-09,
                0.9959298590058291,
                0.004070137752480916
            ],
            [
                1.3156725452867018e-10,
                2.058058130605277e-09,
                1.0451681590089087e-08,
                0.9984988053501855,
                0.0015011820085074252
            ],
            [
                2.310791043974803e-10,
                1.5068250422638476e-09,
                1.9348016527683606e-09,
                0.268941408761962,
                0.7310585875653323
            ],
            [
                3.154792389125873e-10,
                1.815457672470626e-09,
                7.567953519869492e-10,
                0.11920292329625068,
                0.8807970738160171
            ]
        ],
        [
            [
                0.9999999999964886,
                3.511422112253721e-12,
                0.0,
                0.0,
                0.0
            ],
            [
                9.053711826188733e-11,
                1.2498263656389537e-09,
                5.601333162704444e-09,
                0.9997388027335489,
                0.0002611903247545777
            ],
            [
                1.162781307818517e-10,
                2.998852517799785e-09,
                1.1253111052690937e-07,
                0.9999645280961214,
                3.5356257637470845e-05
            ],
            [
                2.2805961610425383e-10,
                1.909519786822575e-09,
                1.4871355052677638e-09,
                0.8175744821199904,
                0.18242551425529474
            ],
            [
                5.149912049619934e-10,
                3.805298903920061e-09,
                2.615341139259296e-09,
                0.6791787074844216,
                0.32082128557994727
            ]
        ],
        [
            [
                0.9999999999200804,
                7.99195988944974e-11,
                0.0,
                0.0,
                0.0
            ],
            [
                7.024177068501597e-11,
                1.2450651764343595e-09,
