{
    "[['A', 'B', 'C', 'D', 'E'], ['A', 'B', 'C', 'D', 'E']]": [
        [
            [
                0.9999999999985363,
                1.463778513715224e-12,
                0.0,
                0.0,
                0.0
            ],
            [
                0.9999999999821676,
                1.7832472901436713e-11,
                0.0,
                0.0,
                0.0
            ],
            [
                7.982606518144643e-11,
                1.8532216762909745e-07,
                0.998830304082092,
                0.0011695098475389245,
                6.683754606448162e-10
            ],
            [
                1.4615801934725898e-12,
                5.4845392135615e-11,
                1.5713467932531846e-11,
                0.0015011820297480436,
                0.9984988178982315
            ],
            [
                6.914308205047177e-13,
                1.2255904544096337e-11,
                3.978909649949286e-12,
                1.3007124769181141e-05,
                0.9999869928583045
            ]
        ],
        [
            [
                0.99999999999886,
                1.1399918527622484e-12,
                0.0,
                0.0,
                0.0
            ],
            [
                0.9999999999771028,
                2.2897348447725456e-11,
                0.0,
                0.0,
                0.0
            ],
            [
                3.4424771027396406e-14,
                2.5946094939574882e-11,
                0.9999999983687187,
                1.6052280525135544e-09,
                7.28772408368857e-14
            ],
            [
                8.023970166331357e-12,
                1.826247192192899e-10,
                1.2551601156162955e-10,
                0.04742587541330833,
                0.9525741242705269
            ],
            [
                4.193795520662791e-13,
                4.508755094235362e-12,
                8.878265186913289e-13,
                3.224186631380204e-08,
                0.9999999677523177
            ]
        ],
        [
            [
                0.9999999999992164,
                7.835041783127948e-13,
                0.0,
                0.0,
                0.0
            ],
            [
                0.9999999999740539,
                2.594609497279309e-11,
                0.0,
                0.0,
                0.0
            ],
            [
                7.835041644187787e-13,
                2.6465735913228615e-09,
                0.9999999821222932,
                1.5229979470872634e-08,
                3.7010116120472773e-13
            ],
            [
                1.1395005746786131e-12,
                2.5934913538698654e-11,
                1.3881958869240342e-11,
                0.0004305571196865747,
                0.9995694428393571
            ],
            [
                2.5436659158833175e-13,
                4.508755718233797e-12,
                6.914400836816256e-13,
                8.76424914458751e-08,
                0.999999912352054
            ]
        ],
        [
            [
                0.9999999999991123,
                8.878265475269546e-13,
                0.0,
                0.0,
                0.0
            ],
            [
                0.9999999999975866,
                2.4133627710640126e-12,
                0.0,
                0.0,
                0.0
            ],
            [
                9.544471101579388e-12,
                1.522908011611433e-08,
                0.9999416934559215,
                5.829127605489551e-05,
                2.939904070109607e-11
            ],
            [
                3.2661317567659807e-13,
                5.78935706252516e-12,
                1.0060394067976823e-12,
                1.8553915977847802e-07,
                0.9999998144537182
            ],
            [
                7.834907765880662e-13,
                1.3887706310276822e-11,
                3.098766133106427e-12,
                1.670141510596111e-05,
                0.9999832985671241
            ]
        ],
        [
            [
                0.9999999999996734,
                3.2661313418745704e-13,
                0.0,
                0.0,
                0.0
            ],
            [
                0.9999999999925664,
                7.43368066994576e-12,
                0.0,
                0.0,
                0.0
            ],
            [
                2.770797421431572e-10,
                0.006692851289553324,
                0.9933071290050896,
                1.942478957585998e-08,
                3.4879192065949966e-12
            ],
            [
                2.7343593802142e-12,
                3.7746666915535373e-11,
                1.081460113678472e-11,
                0.00012339462818815243,
                0.9998766053205163
            ],
            [
                7.835027885248704e-13,
                1.2256045701129481e-11,
                2.4133584903885673e-12,
                1.3709566542236522e-06,
                0.9999986290278928
            ]
        ],
        [
            [
                0.9999999999995248,
                4.752193061598218e-13,
                0.0,
                0.0,
                0.0
            ],
            [
                0.9999999998308102,
                1.6918979217221737e-10,
                0.0,
                0.0,
                0.0
            ],
            [
                1.0603575550866814e-13,
                1.026187920524487e-10,
                0.9999999584975294,
                4.1399375467401253e-08,
                3.701011524788255e-13
            ],
            [
                7.834937646943508e-13,
                1.3887759275728038e-11,
                3.0987779512960392e-12,
                1.3007124769790473e-05,
                0.9999869928574602
            ],
            [
                1.1674807703672376e-11,
                1.8262471922723122e-10,
                1.2551601156708753e-10,
                0.04742587544313465,
                0.9525741242370498
            ]
        ],
        [
            [
                0.9999999999954912,
                4.508755240443656e-12,
                0.0,
                0.0,
                0.0
            ],
            [
                0.9999999999978701,
                2.1297851704265883e-12,
                0.0,
                0.0,
                0.0
            ],
            [
                6.101936672405868e-13,
                4.5990553747334647e-10,
                0.9999999991812161,
                3.581747927231176e-10,
                9.35762296086655e-14
            ],
            [
                1.7798118884103507e-11,
                5.893927508616242e-10,
                3.574847740099447e-10,
                0.22270014395301355,
                0.7772998550823109
            ],
            [
                0.0,
                2.413362769807117e-12,
                4.193795654858716e-13,
                2.4616969497487095e-10,
                0.9999999997509976
            ]
        ],
        [
            [
                0.9999999999981204,
                1.8795288160109333e-12,
                0.0,
                0.0,
                0.0
            ],
            [
                0.9999999998308102,
                1.6918979217222572e-10,
                0.0,
                0.0,
                0.0
            ],
            [
                2.020683792746183e-11,
                3.2241865517276435e-08,
                0.9999999426262789,
                2.510999011253781e-08,
                1.6586782634690501e-12
            ],
            [
                2.369954598213725e-12,
                1.0077303380707164e-10,
                7.848211764142854e-11,
                0.0179862115674276,
                0.9820137882509473
            ],
            [
                6.914400083371284e-13,
                2.7346982822701864e-12,
                4.1937956440842727e-13,
                2.9989608146348347e-09,
                0.9999999969971936
            ]
        ],
        [
            [
                0.999999999994891,
                5.109089026778906e-12,
                0.0,
                0.0,
                0.0
            ],
            [
                0.9999999999972653,
                2.7346982907190972e-12,
                0.0,
                0.0,
                0.0
            ],
            [
                8.25807328406456e-14,
                4.847368705394849e-11,
                0.9999999998488065,
                1.0261879629848654e-10,
                1.842625214390795e-14
            ],
            [
                4.1927003991263595e-13,
                2.0201561835607497e-11,
                4.507577727627509e-12,
                0.0002611903282029404,
                0.9997388096466687
            ],
            [
                6.914281834953144e-13,
                2.020649344881085e-11,
                3.9788944750079176e-12,
                1.670141510481971e-05,
                0.9999832985600183
            ]
        ],
        [
            [
                0.9999999999985363,
                1.463778513660755e-12,
                0.0,
                0.0,
                0.0
            ],
            [
                0.9999999999622486,
                3.7751345427836754e-11,
                0.0,
                0.0,
                0.0
            ],
            [
                3.5114219167364284e-12,
                5.315784956739774e-08,
                0.9999999441915903,
                2.646573490700658e-09,
                4.752192796647739e-13
            ],
            [
                1.1099986697163504e-11,
                3.6758107621204177e-10,
                4.1652392788631433e-10,
                0.37754067572712324,
                0.6224593234776719
            ],
            [
                5.099246712685373e-12,
                1.1605832023673012e-10,
                6.21215422814266e-11,
                0.0019267343335928958,
                0.998073265483128
            ]
        ],
        [
            [
                0.9999999999992164,
                7.835041782870931e-13,
                0.0,
                0.0,
                0.0
            ],
            [
                0.999999999979793,
                2.0206839084173687e-11,
                0.0,
                0.0,
                0.0
            ],
            [
                6.101936653678108e-13,
                4.599055360618273e-10,
                0.999999996140992,
                3.398267806169615e-09,
                2.2447770462186433e-13
            ],
            [
                3.923002077363518e-12,
                1.2991198682678172e-10,
                7.879560307462686e-11,
                0.014063627296391797,
                0.9859363724909777
            ],
            [
                1.8795290149277343e-12,
                8.423464643584896e-12,
                1.6586785339916014e-12,
                8.764249144530481e-08,
                0.999999912345547
            ]
        ],
        [
            [
                0.9999999999975866,
                2.4133627710641326e-12,
                0.0,
                0.0,
                0.0
            ],
            [
                0.9999999998308102,
                1.6918979217938287e-10,
                0.0,
                0.0,
                0.0
            ],
            [
                7.287724094016422e-14,
                1.5737102102968922e-11,
                0.9999999998148021,
                1.691897922196488e-10,
                1.9810087975588e-13
            ],
            [
                4.497606428281789e-12,
                1.0236505047966497e-10,
                5.479206315016401e-11,
                0.0024726229653689574,
                0.9975273768729762
            ],
            [
                2.1297771371993948e-12,
                1.783240564232769e-11,
                3.5114088679514676e-12,
                3.7266391147811823e-06,
                0.9999962733374116
            ]
        ],
        [
            [
                0.9999999999989939,
                1.0060392789640177e-12,
                0.0,
                0.0,
                0.0
            ],
            [
                0.999999999994891,
                5.1090890262062634e-12,
                0.0,
                0.0,
                0.0
            ],
            [
                7.287724083367939e-14,
                1.2256067423158855e-11,
                0.9999999983819678,
                1.6052280524429305e-09,
                4.75219305465159e-13
            ],
            [
                3.408493348077055e-12,
                1.44932825150253e-10,
                4.4642452998910025e-10,
                0.9706877715331975,
                0.02931222787203665
            ],
            [
                1.748234312974015e-13,
                2.4133630268077825e-12,
                3.2661316878580017e-13,
                8.764249145396599e-08,
                0.9999999123545938
            ]
        ],
        [
            [
                0.9999999999934397,
                6.56020016575522e-12,
                0.0,
                0.0,
                0.0
            ],
            [
                0.9999999999294713,
                7.052879847750979e-11,
                0.0,
                0.0,
                0.0
            ],
            [
                3.074245611729358e-09,
                0.0953494678354839,
                0.9046505063647126,
                2.27157732869596e-08,
                9.784649896766315e-12
            ],
            [
                1.3871688876550403e-11,
                5.898392201991585e-10,
                4.135092175031082e-08,
                0.9988304477497778,
                0.0011695102955895929
            ],
            [
                2.2447770521192986e-13,
                2.4133627687136185e-12,
                2.882350789718562e-13,
                9.736200300424219e-10,
                0.9999999990234538
            ]
        ],
        [
            [
                0.9999999999987081,
                1.2917800043756824e-12,
                0.0,
                0.0,
                0.0
            ],
            [
                0.999999999979793,
                2.0206839084173216e-11,
                0.0,
                0.0,
                0.0
            ],
            [
                1.9171314307563694e-10,
                2.1444939498141942e-05,
                0.999978543005182,
                1.1860872166591995e-08,
                2.7346411162603263e-12
            ],
            [
                1.4637786970822019e-12,
                5.789357052336828e-12,
                2.1297854371556208e-12,
                6.825604229460585e-08,
                0.9999999317345748
            ],
            [
                6.914374025879696e-13,
                1.5737042746642793e-11,
                3.511408868321093e-12,
                3.7266391151734636e-06,
                0.999996273340945
            ]
        ],
        [
            [
                0.9999999999983413,
                1.6586783583868632e-12,
                0.0,
                0.0,
                0.0
            ],
            [
                0.9999999999572222,
                4.277787867252961e-11,
                0.0,
                0.0,
                0.0
            ],
            [
                3.266125371332909e-13,
                4.058644706058657e-10,
                0.9999989318895927,
                1.067703076196436e-06,
                1.1399897688019261e-12
            ],
            [
                4.470077321794821e-12,
                1.1528481358522442e-10,
                4.241091279728626e-11,
                0.008577485673267386,
                0.9914225141645668
            ],
            [
                1.658678567620914e-12,
                8.423464814368638e-12,
                1.4637786983089101e-12,
                3.059023589926267e-07,
                0.999999694086095
            ]
        ],
        [
            [
                0.9999999999993086,
                6.914400104748493e-13,
                0.0,
                0.0,
                0.0
            ],
            [
                0.9999999999915765,
                8.423463752046102e-12,
                0.0,
                0.0,
                0.0
            ],
            [
                9.357622470637034e-14,
                3.775134343289606e-11,
                0.9999999468024259,
                5.3157849714101436e-08,
                1.8795287164723077e-12
            ],
            [
                9.995463355431086e-12,
                2.577863975664149e-10,
                1.217696719619721e-10,
                0.07585817590846075,
                0.9241418237019877
            ],
            [
                6.91440098412105e-13,
                6.560201000399795e-12,
                1.1399919976670276e-12,
                1.8553915979963068e-07,
                0.9999998144524486
            ]
        ],
        [
            [
                0.9999999999987081,
                1.2917800043213543e-12,
                0.0,
                0.0,
                0.0
            ],
            [
                0.9999999999942106,
                5.789356327270959e-12,
                0.0,
                0.0,
                0.0
            ],
            [
                1.7015111606867852e-08,
                0.01406362663919712,
                0.9859363245373551,
                3.178841347478894e-08,
                1.992264742596894e-11
            ],
            [
                8.871968336193656e-13,
                2.9379924121626034e-11,
                9.53826485688699e-12,
                0.0007096703441731667,
                0.9992903296160215
            ],
            [
                4.752193039825125e-13,
                3.9789625166247665e-12,
                6.91440007355393e-13,
                4.363462231874666e-09,
                0.9999999956313921
            ]
        ],
        [
            [
                0.9999999999954912,
                4.508755241014042e-12,
                0.0,
                0.0,
                0.0
            ],
            [
                0.999999999987744,
                1.225606744052859e-11,
                0.0,
                0.0,
                0.0
            ],
            [
                5.4927048608084825e-11,
                1.0129939621644608e-05,
                0.9999850849348471,
                4.785044658550883e-06,
                2.5945700603239182e-11
            ],
            [
                2.4120284778674185e-12,
                4.844688705198618e-11,
                2.2884689027780016e-11,
                0.0005527785846583177,
                0.999447221341598
            ],
            [
                3.701011665547808e-13,
                3.5114221009998893e-12,
                6.914400082569188e-13,
                2.9989608142869444e-09,
                0.9999999969964661
            ]
        ],
        [
            [
                0.9999999999993086,
                6.91440010412685e-13,
                0.0,
                0.0,
                0.0
            ],
            [
                0.999999999979793,
                2.020683908483679e-11,
                0.0,
                0.0,
                0.0
            ],
            [
                4.606786007944386e-08,
                0.01798620326518135,
                0.9820135683356424,
                1.8220192107497053e-07,
                1.2939513794535556e-10
            ],
            [
                7.2628787558641995e-12,
                2.122524298300779e-10,
                1.287376062904466e-10,
                0.022977367810177625,
                0.9770226318415695
            ],
            [
                1.139968032543291e-12,
                1.3887653671853664e-11,
                2.1297406684009673e-12,
                2.1444939756299613e-05,
                0.9999785550430863
            ]
        ],
        [
            [
                0.99999999999886,
                1.139991852682462e-12,
                0.0,
                0.0,
                0.0
            ],
            [
                0.9999999998082829,
                1.917171512508552e-10,
                0.0,
                0.0,
                0.0
            ],
            [
                2.7346981401132524e-12,
                5.3157849599759155e-08,
                0.9999999447778427,
                2.061153508268482e-09,
                4.1937954260795535e-13
            ],
            [
                8.634923464532498e-12,
                3.2402311251092467e-10,
                1.7343707407576703e-10,
                0.0953494700797536,
                0.9046505294141512
            ],
            [
                6.101937168667677e-13,
                7.433681270588604e-12,
                2.4133629660521424e-12,
                1.1253518377569328e-07,
                0.999999887454359
            ]
        ],
        [
            [
                0.9999999999985363,
                1.463778513660755e-12,
                0.0,
                0.0,
                0.0
            ],
            [
                0.9999999999842628,
                1.5737102102738817e-11,
                0.0,
                0.0,
                0.0
            ],
            [
                2.789367348484028e-10,
                3.535622387947644e-05,
                0.9999638119900731,
                8.314986876256873e-07,
                8.423159532786811e-12
            ],
            [
                3.5061486157040223e-12,
                7.042287747890647e-11,
                2.935662293742909e-11,
                0.0015011820301038439,
                0.9984988178666105
            ],
            [
                8.878265412046961e-13,
                5.109088989845456e-12,
                1.2917799951230057e-12,
                7.1941329765106175e-09,
                0.9999999927985783
            ]
        ],
        [
            [
                0.9999999999981204,
                1.879528815941032e-12,
                0.0,
                0.0,
                0.0
            ],
            [
                0.999999999986112,
                1.3887943860377799e-11,
                0.0,
                0.0,
                0.0
            ],
            [
                5.78935622113944e-12,
                9.237449490298936e-09,
                0.9999999815183055,
                9.237449490298936e-09,
                1.0060392605867678e-12
            ],
            [
                4.752184482229804e-13,
                8.423448545095186e-12,
                1.2917776723530332e-12,
                1.7603431336817004e-06,
                0.9999982396466759
            ],
            [
                4.1937957521747634e-13,
                5.789356458210957e-12,
                1.1399918785405392e-12,
                6.475946144731934e-07,
                0.9999993523980368
            ]
        ],
        [
            [
                0.9999999999996299,
                3.7010116777865467e-13,
                0.0,
                0.0,
                0.0
            ],
            [
                0.999999999994891,
                5.109089026778824e-12,
                0.0,
                0.0,
                0.0
            ],
            [
                7.050512858013335e-11,
                0.0003353500457184666,
                0.999664621437565,
                2.8443798958133357e-08,
                2.4125528313342295e-12
            ],
            [
                7.83498241812553e-13,
                1.2255974578582414e-11,
                2.1297690333486737e-12,
                7.88926504895302e-06,
                0.9999921107197818
            ],
            [
                4.752193655649112e-13,
                5.789357051003867e-12,
                1.0060394047955817e-12,
                6.825604227889036e-08,
                0.9999999317366871
            ]
        ],
        [
            [
                0.99999999999886,
                1.1399918527622484e-12,
                0.0,
                0.0,
                0.0
            ],
            [
                0.9999999956365377,
                4.363462232340254e-09,
                0.0,
                0.0,
                0.0
            ],
            [
                3.7010116050726957e-13,
                2.4616969029141873e-10,
                0.9999999801974093,
                1.9555680699380173e-08,
                3.7010116050726957e-13
            ],
            [
                1.0035516427829098e-12,
                4.267210169406982e-11,
                2.2840730110675435e-11,
                0.0024726229667401314,
                0.9975273769667435
            ],
            [
                4.752184633029868e-13,
                4.508747244378977e-12,
                8.878249729629581e-13,
                1.3709566544899552e-06,
                0.9999986290374737
            ]
        ],
        [
            [
                0.9999999999989939,
                1.006039279001474e-12,
                0.0,
                0.0,
                0.0
            ],
            [
                0.9999999999740539,
                2.594609497388621e-11,
                0.0,
                0.0,
                0.0
            ],
            [
                1.573710061509678e-11,
                4.139937326348313e-08,
                0.9999999054243075,
                5.315784750525528e-08,
                2.734698032361793e-12
            ],
            [
                2.379421037966159e-12,
                1.668102930130016e-10,
                1.668102930130016e-10,
                0.01406362729035546,
                0.9859363723736446
            ],
            [
                4.1937956176917747e-13,
                3.5114220793090593e-12,
                6.101936618404969e-13,
                9.237449572349818e-09,
                0.9999999907580094
            ]
        ],
        [
            [
                0.9999999999981204,
                1.8795288159411254e-12,
                0.0,
                0.0,
                0.0
            ],
            [
                0.9999999999705993,
                2.940077738004009e-11,
                0.0,
                0.0,
                0.0
            ],
            [
                2.4133627560413513e-12,
                4.363462224391344e-09,
                0.9999999935727726,
                2.0611536089513792e-09,
                1.9810087850862294e-13
            ],
            [
                3.7010114796479477e-13,
                4.508754999930534e-12,
                8.878265001216073e-13,
                5.3157849686789216e-08,
                0.9999999468363836
            ],
            [
                3.7010118503567945e-13,
                5.109089265176382e-12,
                8.878265890500367e-13,
                5.04347204991481e-07,
                0.999999495646428
            ]
        ],
        [
            [
                0.9999999999985363,
                1.4637785135991877e-12,
                0.0,
                0.0,
                0.0
            ],
            [
                0.9999999999200804,
                7.991959888637369e-11,
                0.0,
                0.0,
                0.0
            ],
            [
                1.0603575987887181e-13,
                1.0261879628182415e-10,
                0.9999999997055078,
                1.9171715131007876e-10,
                5.0087746361256674e-14
            ],
            [
                2.40354122781616e-12,
                9.019221917648888e-11,
                7.024177092159732e-11,
                0.004070137780212284,
                0.9959298620569502
            ],
            [
                1.006039225431337e-12,
                9.545034411907266e-12,
                2.1297850569511423e-12,
                5.31578496987732e-08,
                0.9999999468294696
            ]
        ],
        [
            [
                0.9999999999978701,
                2.1297851702775075e-12,
                0.0,
                0.0,
                0.0
            ],
            [
                0.9999999987498471,
                1.2501528643757689e-09,
                0.0,
                0.0,
                0.0
            ],
            [
                6.560200016849905e-12,
                1.9555680636820007e-08,
                0.9999999770387077,
                3.398267741117724e-09,
                7.835041604357682e-13
            ],
            [
                2.934413876487277e-11,
                3.1547922279520146e-10,
                1.315113059810138e-10,
                0.0019267343343437099,
                0.9980732651893217
            ],
            [
                2.1295821641359136e-12,
                2.9397974970139533e-11,
                9.544125109394807e-12,
                9.61023998525883e-05,
                0.9999038975590757
            ]
        ],
        [
            [
                0.9999999999987081,
                1.2917800043756824e-12,
                0.0,
                0.0,
                0.0
            ],
            [
                0.999999999994891,
                5.1090890264211535e-12,
                0.0,
                0.0,
                0.0
            ],
            [
                1.9810087743362697e-13,
                3.775134499090671e-11,
                0.9999999881005112,
                1.1861120009366014e-08,
                4.193795608179737e-13
            ],
            [
                6.101355054273999e-13,
                1.2254899222409811e-11,
                3.978583269783266e-12,
                9.610239973252031e-05,
                0.9999038975834238
            ],
            [
                2.244777051031427e-13,
                1.8795288131986763e-12,
                3.7010116720150207e-13,
                1.4166087841255173e-09,
                0.9999999985809171
            ]
        ],
        [
            [
                0.9999999999991123,
                8.878265475643912e-13,
                0.0,
                0.0,
                0.0
            ],
            [
                0.999999999986112,
                1.3887943860378905e-11,
                0.0,
                0.0,
                0.0
            ],
            [
                2.1297284510028922e-12,
                3.3981773176016093e-09,
                0.9999724608960602,
                2.7535689745216214e-05,
                1.3887574004410694e-11
            ],
            [
                5.789301557631961e-12,
                3.331513023575303e-11,
                7.433610344869369e-12,
                1.0129988100603335e-05,
                0.9999898699653613
            ],
            [
                6.1018323036968e-13,
                1.3887706311043169e-11,
                2.129748740882129e-12,
                1.6701415106882724e-05,
                0.9999832985682655
            ]
        ],
        [
            [
                0.9999999999985363,
                1.4637785137150774e-12,
                0.0,
                0.0,
                0.0
            ],
            [
                0.9999999998973812,
                1.0261879627403378e-10,
                0.0,
                0.0,
                0.0
            ],
            [
                3.978962410288706e-12,
                1.1861119777088925e-08,
                0.9999999685786823,
                1.9555680470808474e-08,
                5.384940047842571e-13
            ],
            [
                5.23734582571084e-12,
                2.2269761131773715e-10,
                1.9652995220089117e-10,
                0.0953494701268642,
                0.9046505294486709
            ],
            [
                4.193795551721294e-13,
                5.109088898126976e-12,
                7.835041585800544e-13,
                2.51099909188327e-08,
                0.9999999748836972
            ]
        ],
        [
            [
                0.9999999999987081,
                1.2917800043756824e-12,
                0.0,
                0.0,
                0.0
            ],
            [
                0.999999999989184,
                1.081594155481771e-11,
                0.0,
                0.0,
                0.0
            ],
            [
                4.1937956201979694e-13,
                3.3982677885562203e-09,
                0.9999999909983185,
                5.602796386527726e-09,
                1.9810087800132805e-13
            ],
            [
                1.6567370475287908e-12,
                5.486359610562542e-11,
                1.7811601843843237e-11,
                0.0011695103471880892,
                0.99883048957848
            ],
            [
                0.0,
                2.413362693035423e-12,
                4.752192907609103e-13,
                3.2241866319850376e-08,
                0.999999967755245
            ]
        ],
        [
            [
                0.99999999999886,
                1.139991852682462e-12,
                0.0,
                0.0,
                0.0
            ],
            [
                0.999999999994891,
                5.109089025962149e-12,
                0.0,
                0.0,
                0.0
            ],
            [
                1.493089028430342e-10,
                3.726639075673079e-06,
                0.9999962627415184,
                1.0467362200842469e-08,
                2.7346879473461105e-12
            ],
            [
                2.882345588951432e-13,
                6.5601883227824095e-12,
                1.2917776722940764e-12,
                1.7603431336013582e-06,
                0.9999982396487261
            ],
            [
                4.991698702443157e-12,
                1.4587881943062106e-10,
                5.366581857088661e-11,
                0.022977367811922104,
                0.9770226319835416
            ]
        ],
        [
            [
                0.99999999999886,
                1.1399918527247686e-12,
                0.0,
                0.0,
                0.0
            ],
            [
                0.999999999990455,
                9.545034920085073e-12,
                0.0,
                0.0,
                0.0
            ],
            [
                3.0988015711990108e-12,
                4.363437516029655e-09,
                0.9999952105328461,
                4.785094828228692e-06,
                5.7893235082771705e-12
            ],
            [
                5.082418932116422e-12,
                1.156753217163239e-10,
                4.8220648237628e-11,
                0.00522012570201199,
                0.9947798741290095
            ],
            [
                3.7010116042697646e-13,
                3.978962455932584e-12,
                6.101936555067565e-13,
                1.9555680695137583e-08,
                0.99999998043936
            ]
        ],
        [
            [
                0.9999999999992164,
                7.835041781452312e-13,
                0.0,
                0.0,
                0.0
            ],
            [
                0.9999999990263799,
                9.73620030004144e-10,
                0.0,
                0.0,
                0.0
            ],
            [
                1.6051945031392653e-09,
                2.144493961891752e-05,
                0.9999785485063308,
                4.944347154360173e-09,
                4.508661001501834e-12
            ],
            [
                5.017193923134015e-12,
                1.2939513670810165e-10,
                7.848211763117127e-11,
                0.01798621157700835,
                0.9820137882100972
            ],
            [
                4.1937638808010474e-13,
                9.544962597405335e-12,
                2.1297690329698254e-12,
                7.88926504754966e-06,
                0.9999921107228583
            ]
        ],
        [
            [
                0.9999999999981204,
                1.8795288158619285e-12,
                0.0,
                0.0,
                0.0
            ],
            [
                0.999999999986112,
                1.388794386037858e-11,
                0.0,
                0.0,
                0.0
            ],
            [
                1.7482341155079112e-13,
                2.5946094793342788e-11,
                0.9999999927793266,
                7.194132977803947e-09,
                4.1937956277623493e-13
            ],
            [
                1.2255741078573584e-11,
                1.026160636919269e-10,
                4.847239626200791e-11,
                2.75356898244522e-05,
                0.9999724641468314
            ],
            [
                3.7010119528812603e-13,
                5.7893567577901936e-12,
                1.46377862260915e-12,
                2.382369844063491e-07,
                0.9999997617553924
            ]
        ],
        [
            [
                0.9999999999983413,
                1.658678358148103e-12,
                0.0,
                0.0,
                0.0
            ],
            [
                0.9999999999377585,
                6.224144620552045e-11,
                0.0,
                0.0,
                0.0
            ],
            [
                4.193795587512396e-13,
                1.605228028060319e-09,
                0.9999999831641487,
                1.5229979487355016e-08,
                2.244777017088523e-13
            ],
            [
                1.8300784166221086e-11,
                4.719834443980264e-10,
                5.34827309892776e-10,
                0.3775406756972402,
                0.6224593232776483
            ],
            [
                7.835042778143684e-13,
                5.789357062522514e-12,
                1.0060394067972225e-12,
                1.8553915977839323e-07,
                0.9999998144532612
            ]
        ],
        [
            [
                0.9999999999995248,
                4.752193061597982e-13,
                0.0,
                0.0,
                0.0
            ],
            [
                0.999999999782756,
                2.1724399339200057e-10,
                0.0,
                0.0,
                0.0
            ],
            [
                2.734698169072922e-12,
                1.9555680211724025e-08,
                0.9999999553301309,
                2.5109990432471162e-08,
                1.4637784485462393e-12
            ],
            [
                1.5706784789416387e-11,
                5.201372771194375e-10,
                5.893927509502819e-10,
                0.22270014385983866,
                0.7772998550149246
            ],
            [
                4.1937961857590717e-13,
                5.789357056755632e-12,
                8.878266594922125e-13,
                3.059023589697518e-07,
                0.9999996940905446
            ]
        ],
        [
            [
                0.9999999999991123,
                8.878265475973219e-13,
                0.0,
                0.0,
                0.0
            ],
            [
                0.9999999999572222,
                4.277787867433099e-11,
                0.0,
                0.0,
                0.0
            ],
            [
                9.544325342793124e-12,
