{
    "[['A', 'B', 'C', 'D', 'E'], ['A', 'B', 'C', 'D', 'E']]": [
        [
            [
                0.9999996072101189,
                3.9278636961963575e-07,
                3.5114222481126336e-12,
                0.0,
                0.0
            ],
            [
                0.9947798737489104,
                0.005220125727586302,
                5.184208231964038e-10,
                5.082418914004323e-12,
                0.0
            ],
            [
                1.3615260355357237e-13,
                2.5946093600131498e-11,
                0.9999999468139382,
                5.315784971153239e-08,
                2.129785057462343e-12
            ],
            [
                6.560200160042738e-12,
                8.423463744053865e-12,
                1.879528814215231e-12,
                1.1628233015843806e-10,
                0.9999999998668545
            ],
            [
                2.413362770276505e-12,
                4.5087552393865105e-12,
                6.914400102480159e-13,
                1.1628233022720327e-10,
                0.9999999998761042
            ]
        ],
        [
            [
                0.9999989322929463,
                1.0677030747699704e-06,
                3.978955255800417e-12,
                0.0,
                0.0
            ],
            [
                0.008577481335721877,
                0.9914221286478109,
                3.8941723394390845e-07,
                5.85464573589395e-10,
                1.3768807049372134e-11
            ],
            [
                6.43139381532943e-14,
                2.2897348007428076e-11,
                0.9999999804189442,
                1.9555680704354665e-08,
                2.4133627245060682e-12
            ],
            [
                2.734698289327358e-12,
                5.789356323936671e-12,
                1.4637785129138007e-12,
                3.58174792731725e-10,
                0.9999999996318374
            ],
            [
                4.752193060402995e-13,
                1.1399918524762638e-12,
                2.8823507920080274e-13,
                9.056076985159959e-11,
                0.9999999999075357
            ]
        ],
        [
            [
                0.9999989322934131,
                1.0677030755346292e-06,
                3.511415691281342e-12,
                0.0,
                0.0
            ],
            [
                0.6791786972895377,
                0.32082128074278277,
                2.1897982914342304e-08,
                6.969647950206549e-11,
                0.0
            ],
            [
                1.201538041297132e-13,
                2.940066650139618e-11,
                0.9999962733268543,
                3.7266391161929046e-06,
                4.5087382365404105e-12
            ],
            [
                5.109089023125356e-12,
                9.545034913615286e-12,
                1.8795288147225058e-12,
                1.9171715119053524e-10,
                0.9999999997917493
            ],
            [
                1.3887943853366792e-11,
                1.783247289325525e-11,
                2.4133627698179175e-12,
                1.317651425909232e-10,
                0.9999999998341011
            ]
        ],
        [
            [
                0.9999996940971027,
                3.059023589219061e-07,
                5.384940894080503e-13,
                0.0,
                0.0
            ],
            [
                0.9706877713681851,
                0.02931222789082594,
                7.360296178681646e-10,
                4.959328554952823e-12,
                0.0
            ],
            [
                3.037975374988504e-14,
                9.545034889993176e-12,
                0.9999999965920023,
                3.3982678078005678e-09,
                1.5428111978825916e-13
            ],
            [
                3.978962530537952e-12,
                7.433680662451814e-12,
                1.291780003065569e-12,
                4.599055372527172e-10,
                0.99999999952739
            ],
            [
                1.291780004027509e-12,
                1.879528815435491e-12,
                6.101936674022485e-13,
                6.224144619253188e-11,
                0.999999999933977
            ]
        ],
        [
            [
                0.999989870003488,
                1.0129988088545558e-05,
                8.423384052963887e-12,
                0.0,
                0.0
            ],
            [
                0.6791786612985166,
                0.32082129222854144,
                4.6358031843207486e-08,
                1.1491007233731891e-10,
                0.0
            ],
            [
                8.258073273089876e-14,
                1.2256067425598233e-11,
                0.9999999985703611,
                1.4166087845047424e-09,
                6.914400096502511e-13
            ],
            [
                3.0988191335594645e-12,
                5.789356319086092e-12,
                1.0060392776073438e-12,
                1.2501528643040976e-09,
                0.9999999987399528
            ],
            [
                3.0988191353965437e-12,
                4.508755237456569e-12,
                1.2917800033998125e-12,
                9.05607697995497e-11,
                0.9999999999005398
            ]
        ],
        [
            [
                0.9999999585994845,
                4.139937543830771e-08,
                1.1399918048681268e-12,
                0.0,
                0.0
            ],
            [
                0.7772998080127519,
                0.22270012359415828,
                6.812454113376087e-08,
                2.456954587110093e-10,
                2.2853237593384186e-11
            ],
            [
                4.752193057917643e-13,
                7.052879843908914e-11,
                0.9999999990692408,
                8.592166610398758e-10,
                5.384940212254289e-13
            ],
            [
                2.7346982896737615e-12,
                4.508755239132391e-12,
                1.0060392785776826e-12,
                1.0261879624504223e-10,
                0.9999999998891318
            ],
            [
                3.5114221098497077e-12,
                8.423463746008284e-12,
                1.4637785126557182e-12,
                1.317651425686123e-10,
                0.9999999998548361
            ]
        ],
        [
            [
                0.999995214902059,
                4.785094842169188e-06,
                3.0988015802268006e-12,
                0.0,
                0.0
            ],
            [
                0.022977363049377256,
                0.9770224313728376,
                2.05412482856117e-07,
                1.6530236329051668e-10,
                0.0
            ],
            [
                3.9008376093107907e-14,
                5.109089026923949e-12,
                0.9999999998254641,
                1.691897922237821e-10,
                1.9810087976071956e-13
            ],
            [
                2.734698287285289e-12,
                7.433680660645675e-12,
                1.46377851182076e-12,
                1.1032560306061533e-09,
                0.9999999988851118
            ],
            [
                3.7751345412151755e-11,
                1.2256067434152384e-11,
                1.8795288150136463e-12,
                9.0560769823229e-11,
                0.9999999998575524
            ]
        ],
        [
            [
                0.9999938558194565,
                6.144172120111773e-06,
                8.423416629567264e-12,
                0.0,
                0.0
            ],
            [
                0.02297734168662647,
                0.9770213179951306,
                1.3394563985472232e-06,
                8.394730863771625e-10,
                2.2371199990115758e-11
            ],
            [
                6.431393939254396e-14,
                7.433680669812104e-12,
                0.9999999997132285,
                2.7894680919157655e-10,
                3.2661313416714124e-13
            ],
            [
                6.560200160570962e-12,
                8.423463744732119e-12,
                2.7346982884308866e-12,
                2.789468089644629e-10,
                0.9999999997033349
            ],
            [
                8.423463746939766e-12,
                9.545034914309288e-12,
                1.2917800036314047e-12,
                1.1628233019827669e-10,
                0.9999999998644573
            ]
        ],
        [
            [
                0.9999952148952438,
                4.785094841113841e-06,
                9.544980836763278e-12,
                0.0,
                3.7009907071446315e-13
            ],
            [
                0.8807970645276305,
                0.11920292201515563,
                1.3414518422248444e-08,
                4.2695471628757504e-11,
                0.0
            ],
            [
                7.287724042670581e-14,
                1.7832472778094804e-11,
                0.9999999927869554,
                7.194132977858829e-09,
                1.0060392719463085e-12
            ],
            [
                1.0815941548353076e-11,
                1.2256067433977501e-11,
                1.879528814986827e-12,
                1.317651425921331e-10,
                0.9999999998432834
            ],
            [
                7.835041780693152e-13,
                2.1297851697675596e-12,
                5.384940214749731e-13,
                3.3315445403077146e-11,
                0.9999999999632327
            ]
        ],
        [
            [
                0.9999999123535297,
                8.76424913848466e-08,
                3.97896295308122e-12,
                0.0,
                0.0
            ],
            [
                0.0019267251340352315,
                0.9980684971482745,
                4.775876347151405e-06,
                1.8154471674099223e-09,
                2.5895963045365262e-11
            ],
            [
                8.258073284038307e-14,
                1.2256067441847146e-11,
                0.9999999998711546,
                1.1628233028084012e-10,
                2.2447770546084443e-13
            ],
            [
                2.4133627697870614e-12,
                5.789356323822187e-12,
                1.2917800036907696e-12,
                1.691897921180667e-10,
                0.9999999998213156
            ],
            [
                6.101936673116011e-13,
                3.0988191364419647e-12,
                6.101936673116011e-13,
                6.22414461832856e-11,
                0.9999999999334392
            ]
        ],
        [
            [
                0.9999970976866639,
                2.902312196114301e-06,
                1.1399875400948816e-12,
                0.0,
                0.0
            ],
            [
                0.9998766053649667,
                0.00012339462847392872,
                6.559387156174597e-12,
                0.0,
                0.0
            ],
            [
                1.2015425644045663e-13,
                2.5946094793328985e-11,
                0.9999999927787946,
                7.194132977800119e-09,
                1.0060392719380985e-12
            ],
            [
                3.331544538883273e-11,
                3.331544538883273e-11,
                3.5114221099161087e-12,
                2.4616969493894546e-10,
                0.9999999996836879
            ],
            [
                1.1399918522834207e-12,
                4.50875523928527e-12,
                7.835041779834566e-13,
                7.052879846404423e-11,
                0.9999999999230389
            ]
        ],
        [
            [
                0.9999996940945424,
                3.059023587827085e-07,
                3.0988195265107505e-12,
                0.0,
                0.0
            ],
            [
                0.9706877694568492,
                0.02931222795192877,
                2.5689957769690704e-09,
                2.2226168440440474e-11,
                0.0
            ],
            [
                1.8426252144970625e-14,
                4.508755241740599e-12,
                0.9999999998928149,
                1.0261879630440476e-10,
                3.900837609701215e-14
            ],
            [
                5.789356324771858e-12,
                6.560200163667878e-12,
                1.0060392785953817e-12,
                7.991959887488986e-11,
                0.9999999999067248
            ],
            [
                1.1399918521108829e-12,
                3.5114221105012138e-12,
                1.0060392784595302e-12,
                5.4927883464569606e-11,
                0.9999999999394147
            ]
        ],
        [
            [
                0.9999970976850705,
                2.9023121947864393e-06,
                2.7346879441127673e-12,
                0.0,
                0.0
            ],
            [
                0.9984988178686082,
                0.001501182040967001,
                9.042476434549472e-11,
                0.0,
                0.0
            ],
            [
                1.3615236500707226e-13,
                4.847359955116696e-11,
                0.9999982396058428,
                1.7603431341307644e-06,
                2.4133584148904086e-12
            ],
            [
                2.289734843228912e-11,
                9.54503491276657e-12,
                8.878265469089324e-13,
                4.847368701154226e-11,
                0.9999999999181961
            ],
            [
                9.545034913769987e-12,
                9.545034913769987e-12,
                1.4637785127348811e-12,
                7.052879844409813e-11,
                0.9999999999089173
            ]
        ],
        [
            [
                0.9999982396528887,
                1.7603431323810387e-06,
                3.978955348498005e-12,
                0.0,
                0.0
            ],
            [
                0.9626731159804993,
                0.03732688389265411,
                1.268466874687987e-10,
                0.0,
                0.0
            ],
            [
                3.9008375739827285e-14,
                1.5737101960829802e-11,
                0.9999999907464042,
                9.237449576251294e-09,
                3.7010116442489793e-13
            ],
            [
                3.978962532599844e-12,
                7.433680666303937e-12,
                1.2917800037349676e-12,
                1.3176514259374683e-10,
                0.9999999998555305
            ],
            [
                5.7893563205355004e-12,
                8.423463742544772e-12,
                1.8795288138785073e-12,
                1.4930946740836067e-10,
                0.9999999998345981
            ]
        ],
        [
            [
                0.9999999677581337,
                3.2241866297443007e-08,
                0.0,
                0.0,
                0.0
            ],
            [
                0.9890130562112573,
                0.010986942378257347,
                1.4010452141720283e-09,
                9.440168396413473e-12,
                0.0
            ],
            [
                1.0603575988337419e-13,
                1.2256067440416474e-11,
                0.9999999997700237,
                2.172439934426188e-10,
                3.7010116774805e-13
            ],
            [
                1.783247289526601e-11,
                1.2256067435246936e-11,
                1.8795288151815013e-12,
                1.691897921393074e-10,
                0.9999999997988422
            ],
            [
                5.109089024903632e-12,
                3.5114221112048884e-12,
                6.101936673831608e-13,
                1.4930946752737663e-10,
                0.9999999998414599
            ]
        ],
        [
            [
                0.9999994956476861,
                5.043472047907239e-07,
                5.109089263142692e-12,
                0.0,
                0.0
            ],
            [
                0.0005527780610809964,
                0.9994461539600619,
                1.0671126876548641e-06,
                8.587399863200052e-10,
                7.429556620372668e-12
            ],
            [
                4.193795591025193e-13,
                7.582560306132381e-10,
                0.9999999840100533,
                1.5229979500111914e-08,
                1.2917799840393952e-12
            ],
            [
                2.4133627692733572e-12,
                6.560200161195367e-12,
                1.2917800034158037e-12,
                4.5990553737740934e-10,
                0.9999999995298292
            ],
            [
                1.5737102097155678e-11,
                8.423463749272745e-12,
                1.006039278662755e-12,
                7.052879846761684e-11,
                0.9999999999043045
            ]
        ],
        [
            [
                0.9999997617625405,
                2.382369843934634e-07,
                4.752193414707637e-13,
                0.0,
                0.0
            ],
            [
                0.9984988177948919,
                0.0015011820340457714,
                1.6893570055474776e-10,
                2.126586628408401e-12,
                0.0
            ],
            [
                9.357622953211611e-14,
                1.57371020805797e-11,
                0.9999999983783312,
                1.605228052504652e-09,
                6.10193666741422e-13
            ],
            [
                1.1399918518481448e-12,
                5.109089022702281e-12,
                7.835041776842962e-13,
                5.211412482420126e-10,
                0.9999999994718263
            ],
            [
                2.1297851686971232e-12,
                5.7893563225909715e-12,
                1.6586783571551834e-12,
                1.917171511725129e-10,
                0.999999999798705
            ]
        ],
        [
            [
                0.9999962733486334,
                3.7266391105547983e-06,
                1.22560211991239e-11,
                0.0,
                0.0
            ],
            [
                0.9980732653999865,
                0.0019267343515885643,
                2.456954651588813e-10,
                2.7294300719118456e-12,
                0.0
            ],
            [
                1.5428111727812885e-13,
                3.7751344698668145e-11,
                0.9999999804051217,
                1.9555680702385327e-08,
                1.291779979323513e-12
            ],
            [
                2.1297851690381906e-12,
                6.560200162247171e-12,
                1.658678357420807e-12,
                1.317651425823173e-10,
                0.9999999998578861
            ],
            [
                2.413362770172176e-12,
                3.978962533098652e-12,
                7.835041779671789e-13,
                9.056076983439869e-11,
                0.9999999999022633
            ]
        ],
        [
            [
                0.9999991684669017,
                8.315279891965146e-07,
                5.109089415764424e-12,
                0.0,
                0.0
            ],
            [
                0.999290329529747,
                0.0007096703523957892,
                1.1619985366314632e-10,
                0.0,
                1.6575018928426031e-12
            ],
            [
                2.6810038483724096e-14,
                7.433680618535318e-12,
                0.999999992798152,
                7.194132978242743e-09,
                2.543665628961803e-13
            ],
            [
                6.560200163371922e-12,
                1.388794385484083e-11,
                1.6586783577051884e-12,
                1.1628233021744925e-10,
                0.9999999998616109
            ],
            [
                3.098819134852413e-12,
                8.423463743950495e-12,
                2.1297851682963797e-12,
                1.3176514253642306e-10,
                0.9999999998545828
            ]
        ],
        [
            [
                0.999999352402281,
                6.475946142173499e-07,
                2.7346983516736504e-12,
                0.0,
                3.7010117599045137e-13
            ],
            [
                0.9959298618535382,
                0.0040701377846563795,
                3.567171461518733e-10,
                5.088296812060994e-12,
                0.0
            ],
            [
                7.287724080016902e-14,
                1.573710207273838e-11,
                0.9999999979221486,
                2.0611536179691273e-09,
                8.87826545920792e-13
            ],
            [
                1.6586783573597288e-12,
                5.789356323304905e-12,
                0.0,
                7.052879844502248e-11,
                0.9999999999220233
            ],
            [
                8.423463747919776e-12,
                7.43368066657283e-12,
                1.8795288150778323e-12,
                9.056076982632167e-11,
                0.9999999998917026
            ]
        ],
        [
            [
                0.9999785550562822,
                2.144493973886739e-05,
                3.978879390884745e-12,
                0.0,
                0.0
            ],
            [
                0.9999832985670983,
                1.6701415069440246e-05,
                1.7832167842896697e-11,
                0.0,
                0.0
            ],
            [
                1.7482341964522855e-13,
                1.691897988599244e-10,
                0.999999607042386,
                3.9278636986679367e-07,
                1.879528889840812e-12
            ],
            [
                2.1297851693009267e-12,
                6.560200163056457e-12,
                1.0060392785016173e-12,
                2.4616969499026287e-10,
                0.9999999997441342
            ],
            [
                1.162823301578592e-10,
                1.7832472886009523e-11,
                1.879528814205875e-12,
                1.3176514253738412e-10,
                0.9999999997322406
            ]
        ],
        [
            [
                0.999998239652892,
                1.760343129043954e-06,
                3.978955340955094e-12,
                0.0,
                0.0
            ],
            [
                0.1192028962193116,
                0.8807969912332403,
                1.1231839010978585e-07,
                2.1682550076187352e-10,
                1.2232457698958237e-11
            ],
            [
                2.2447770532933925e-13,
                2.940077737021787e-11,
                0.9999999993009281,
                6.691586086142933e-10,
                2.8823507912261287e-13
            ],
            [
                1.0815941546395127e-11,
                8.423463745987067e-12,
                2.4133627694032004e-12,
                3.160881451131003e-10,
                0.999999999662259
            ],
            [
                5.789356324200865e-12,
                3.978962532723966e-12,
                8.878265471513006e-13,
                1.0261879623672652e-10,
                0.999999999886725
            ]
        ],
        [
            [
                0.9999993524023245,
                6.475946142173781e-07,
                2.7346983516737696e-12,
                0.0,
                3.266131414545038e-13
            ],
            [
                0.9999251537524996,
                7.48461980243295e-05,
                4.847008546811311e-11,
                0.0,
                1.0059645305723233e-12
            ],
            [
                2.5436657662490145e-13,
                7.052880180711525e-11,
                0.9999994955795983,
                5.043472051541567e-07,
                2.4133628846159146e-12
            ],
            [
                1.4637785128422662e-12,
                5.1090890235829716e-12,
                8.878265470673971e-13,
                2.7894680904227344e-10,
                0.9999999997135924
            ],
            [
                1.026187961825661e-10,
                3.7751345393328556e-11,
                4.5087552363873814e-12,
                1.9171715112464027e-10,
                0.9999999996634039
            ]
        ],
        [
            [
                0.9999989322918156,
                1.0677030753764303e-06,
                5.10907968321299e-12,
                0.0,
                0.0
            ],
            [
                0.9999832985691679,
                1.6701415095250386e-05,
                1.573683291204445e-11,
                0.0,
                0.0
            ],
            [
                1.3615261002274139e-13,
                3.775134522479286e-11,
                0.9999999943571862,
                5.602796405183479e-09,
                2.129785158657173e-12
            ],
            [
                3.0988191359023465e-12,
                3.978962532216957e-12,
                7.83504177793563e-13,
                4.277787865076827e-11,
                0.9999999999493607
            ],
            [
                9.545034915275939e-12,
                9.545034915275939e-12,
                1.6586783575996853e-12,
                1.0261879623569083e-10,
                0.9999999998766325
            ]
        ],
        [
            [
                0.9999962733469997,
                3.7266391124193783e-06,
                1.3887891469490121e-11,
                0.0,
                0.0
            ],
            [
                0.9988304894993362,
                0.001169510369052895,
                1.3161092445856305e-10,
                0.0,
                0.0
            ],
            [
                4.4202280360985063e-14,
                1.225606725682239e-11,
                0.9999999847573937,
                1.5229979511993093e-08,
                3.2661312928797923e-13
            ],
            [
                3.5114221103979988e-12,
                6.560200162589184e-12,
                1.4637785128842801e-12,
                2.461696949727286e-10,
                0.9999999997422948
            ],
            [
                4.2777878652409766e-11,
                1.783247289260568e-11,
                3.0988191360212557e-12,
                2.1724399331857715e-10,
                0.9999999997190467
            ]
        ],
        [
            [
                0.9999993524032561,
                6.475946142179814e-07,
                2.129785217749596e-12,
                0.0,
                0.0
            ],
            [
                0.9999785550523566,
                2.1444940209947648e-05,
                7.433525335699519e-12,
                0.0,
                0.0
            ],
            [
                2.882351007778982e-13,
                4.84736906672562e-11,
                0.9999997616765023,
                2.3823698446572975e-07,
                3.775134825002018e-11
            ],
            [
                3.3315445399513865e-11,
                7.433680667409799e-12,
                1.0060392786144372e-12,
                2.172439933634639e-10,
                0.9999999997410007
            ],
            [
                1.5737102089447508e-11,
                1.2256067430536362e-11,
                2.413362769162477e-12,
                1.0261879620345628e-10,
                0.9999999998669746
            ]
        ],
        [
            [
                0.9999646437317009,
                3.535625748345109e-05,
                1.0815550893929708e-11,
                0.0,
                0.0
            ],
            [
                0.9968273166088129,
                0.003172683073375821,
                3.150853195509805e-10,
                2.72602214773295e-12,
                0.0
            ],
            [
                9.357622881772165e-14,
                3.331544511168054e-11,
                0.9999999907288147,
                9.237449576020738e-09,
                3.2661313123977263e-13
            ],
            [
                1.1399918524228685e-12,
                3.511422111462197e-12,
                6.914400103170694e-13,
                7.991959888596972e-11,
                0.9999999999147375
            ],
            [
                1.2256067432445201e-11,
                7.43368066528351e-12,
                1.4637785127340035e-12,
                7.052879844405584e-11,
                0.9999999999083178
            ]
        ],
        [
            [
                0.9999998554992336,
                1.444980315833381e-07,
                2.734698423548333e-12,
                0.0,
                0.0
            ],
            [
                0.9525741161010739,
                0.04742587504725174,
                8.79935163355502e-09,
                5.232285740914594e-11,
                0.0
            ],
            [
                4.4202280841239474e-14,
                1.3887943803642721e-11,
                0.9999999956223173,
                4.363462233677122e-09,
                2.882350780717558e-13
            ],
            [
                1.6586783575454008e-12,
                4.508755238573958e-12,
                1.0060392784530794e-12,
                3.5817479273273307e-10,
                0.9999999996346518
            ],
            [
                1.879528814882879e-12,
                3.9789625323310555e-12,
                7.835041778160304e-13,
                1.1628233019974398e-10,
                0.9999999998770757
            ]
        ],
        [
            [
                0.999999887464206,
                1.125351837768014e-07,
                6.101937168727764e-13,
                0.0,
                0.0
            ],
            [
                5.8291052472476425e-05,
                0.9999379814154691,
                3.7264223120533805e-06,
                1.103186635368424e-09,
                6.559787518655774e-12
            ],
            [
                6.10187895086951e-13,
                2.7894417033968326e-10,
                0.999989869723919,
                1.0129988103222191e-05,
                8.42338406516794e-12
            ],
            [
                3.098819132235364e-12,
                1.0815941534645718e-11,
                2.4133627667815528e-12,
                1.1032560300342137e-09,
                0.9999999988804158
            ],
            [
                2.413362770068413e-12,
                3.9789625329275755e-12,
                7.83504177933492e-13,
                5.492788346938015e-11,
                0.9999999999378963
            ]
        ],
        [
            [
                0.9999646437394462,
                3.535625745505101e-05,
                3.098707209307327e-12,
                0.0,
                0.0
            ],
            [
                0.4999999591140699,
                0.49999995882136,
                8.18688252194852e-08,
                1.7908732802369087e-10,
                1.665771634022615e-11
            ],
            [
                1.5428111918807467e-13,
                3.331544517741149e-11,
                0.9999999927711054,
                7.194132977581501e-09,
                1.2917799953152937e-12
            ],
            [
                1.2917800030926146e-12,
                3.5114221087734233e-12,
                1.0060392779645101e-12,
                5.492788343754242e-11,
                0.9999999999392628
            ],
            [
                2.020683907277604e-11,
                1.2256067433517869e-11,
                2.1297851691169764e-12,
                7.052879845022862e-11,
                0.9999999998948785
            ]
        ],
        [
            [
                0.9999996072123387,
                3.927863695244876e-07,
                1.291780054039726e-12,
                0.0,
                0.0
            ],
            [
                0.3775406702930569,
                0.6224593140272517,
                1.562994483987333e-08,
                4.974668828685419e-11,
                0.0
            ],
            [
                2.24477703389779e-13,
                3.775134508755364e-11,
                0.9999999907218399,
                9.237449575046884e-09,
                2.734698265858568e-12
            ],
            [
                2.4133627684848817e-12,
                4.508755236039317e-12,
                1.0060392778875244e-12,
                4.0586521208446643e-10,
                0.9999999995862066
            ],
            [
                1.573710209604155e-11,
                9.545034916277147e-12,
                1.2917800038977255e-12,
                7.052879846262367e-11,
                0.9999999999028972
            ]
        ],
        [
            [
                0.9999993524026514,
                6.475946139641138e-07,
                2.7346983506042707e-12,
                0.0,
                0.0
            ],
            [
                0.00033534815512071127,
                0.9996585078951521,
                6.142115654456678e-06,
                1.8183409709016125e-09,
                1.5731731855587198e-11
            ],
            [
                9.357622936054867e-14,
                1.3887943816306309e-11,
                0.999999996586967,
                3.3982678075889216e-09,
                7.835041757613587e-13
            ],
            [
                6.914400101662003e-13,
                2.4133627699909413e-12,
                5.384940213643369e-13,
                1.6918979213235975e-10,
                0.9999999998271669
            ],
            [
                4.508755238588636e-12,
                8.423463747544575e-12,
                1.2917800037241553e-12,
                2.1724399332932753e-10,
                0.999999999768532
            ]
        ],
        [
            [
                0.9999993524039221,
                6.475946141443256e-07,
                1.463778546120307e-12,
                0.0,
                0.0
            ],
            [
                0.9999646437196329,
                3.5356257470470276e-05,
                2.289652141371811e-11,
                0.0,
                0.0
            ],
            [
                1.2015425689649406e-13,
                1.573710205169347e-11,
                0.9999999965848687,
                3.398267807581791e-09,
                1.006039275756453e-12
            ],
            [
                5.109089022903116e-12,
                1.2256067431720786e-11,
                1.6586783572389568e-12,
                1.3176514256787112e-10,
                0.9999999998492111
            ],
            [
                2.9400777376234945e-11,
                1.2256067437175495e-11,
                1.1399918524003242e-12,
                6.224144619391492e-11,
                0.9999999998949618
            ]
        ],
        [
            [
                0.9999999956359993,
                4.363462230590265e-09,
                5.384940190167704e-13,
                0.0,
                0.0
            ],
            [
                0.999290329570782,
                0.0007096703493551078,
                7.986291362303985e-11,
                0.0,
                0.0
            ],
            [
                1.0603575962573242e-13,
                2.0206839035052084e-11,
                0.9999999973319735,
                2.646573631683262e-09,
                1.139991849931872e-12
            ],
            [
                2.1724399295003027e-10,
                7.052879833000726e-11,
                5.789356313863882e-12,
                1.6052280510634683e-09,
                0.9999999981012098
            ],
            [
                2.020683907209461e-11,
                1.3887943852505144e-11,
                2.1297851690451546e-12,
                1.917171512038417e-10,
                0.9999999997720583
            ]
        ],
        [
            [
                0.9999996072091218,
                3.9278636946552494e-07,
                4.508755413530407e-12,
                0.0,
                0.0
            ],
            [
                0.3775406699629519,
                0.6224593142877672,
                1.5629944840865062e-08,
                1.1933610149558892e-10,
                0.0
            ],
            [
                1.5428113975969386e-13,
                3.775135019972573e-11,
                0.9999996940576056,
                3.059023590476673e-07,
                2.1297854393236798e-12
            ],
            [
                1.6586783578590622e-12,
                4.508755239426579e-12,
                8.878265472811745e-13,
                1.6918979215388289e-10,
                0.999999999823755
            ],
            [
                1.0815941549925999e-11,
                7.43368066729395e-12,
                1.1399918522686492e-12,
                7.052879846313036e-11,
                0.9999999999100815
            ]
        ],
        [
            [
                0.9999938558204473,
                6.144172119095126e-06,
                7.433639083542672e-12,
                0.0,
                0.0
            ],
            [
                0.0003353458939789581,
                0.9996516489860913,
                1.3002771268542405e-05,
                2.3347780534656666e-09,
                1.388309778502768e-11
            ],
            [
                2.8823507871884947e-13,
                3.775134536085495e-11,
                0.9999999979001153,
                2.0611536179650026e-09,
                6.914400091933096e-13
            ],
            [
                1.7832472893892448e-11,
                8.423463747735562e-12,
                1.291780003753444e-12,
                1.0261879623499313e-10,
                0.9999999998698335
            ],
            [
                1.1399918518896129e-12,
                2.7346982888217913e-12,
                5.384940212299418e-13,
                1.49309467468475e-10,
                0.9999999998462774
            ]
        ],
        [
            [
                0.9999921107265353,
                7.889265041344197e-06,
                8.423399920870426e-12,
                0.0,
                0.0
            ],
            [
                1.6701207789579998e-05,
                0.9999702907694941,
                1.300691370476315e-05,
                1.103222414325741e-09,
                5.789179917563634e-12
            ],
            [
                2.543665642975755e-13,
                3.33154453640202e-11,
                0.9999999983603145,
                1.605228052408172e-09,
                8.878265463098073e-13
            ],
            [
                1.879528813685115e-12,
                6.560200158192451e-12,
                8.878265464978467e-13,
                1.1032560306683163e-09,
                0.9999999988874164
            ],
            [
                4.50875523824381e-12,
                6.560200162259586e-12,
                1.0060392783794133e-12,
                2.1724399331271285e-10,
                0.999999999770681
            ]
        ],
        [
            [
                0.9998766053447123,
                0.00012339462934481043,
                2.5942879457484827e-11,
                0.0,
                0.0
            ],
            [
                0.9999785550551485,
