{
    "[['A', 'B', 'C', 'D', 'E'], ['A', 'B', 'C', 'D', 'E']]": [
        [
            [
                0.9999999999978701,
                2.129785169971207e-12,
                0.0,
                0.0,
                0.0
            ],
            [
                0.9999999996418252,
                3.5817479278669714e-10,
                0.0,
                0.0,
                0.0
            ],
            [
                1.291733347720153e-12,
                1.91710226853295e-10,
                0.999964643487165,
                3.5356257593902424e-05,
                6.223919816575117e-11
            ],
            [
                2.594362185168246e-11,
                1.0260901489384295e-10,
                4.846906664555603e-11,
                9.610239977450508e-05,
                0.9999038974232038
            ],
            [
                1.2917799752778704e-12,
                9.545034704803433e-12,
                3.5114220331651103e-12,
                2.215948926717684e-08,
                0.9999999778261625
            ]
        ],
        [
            [
                0.9999999999940905,
                5.789356326621538e-12,
                0.0,
                0.0,
                1.2015425727394462e-13
            ],
            [
                0.9999999999294713,
                7.052879847751252e-11,
                0.0,
                0.0,
                0.0
            ],
            [
                1.0603575783582962e-13,
                2.0206838693956985e-11,
                0.9999999804228664,
                1.955568070435481e-08,
                1.1399918306886034e-12
            ],
            [
                1.2253567531095618e-11,
                1.025978648017083e-10,
                6.222875062328772e-11,
                0.00020342706174547833,
                0.9997965727611743
            ],
            [
                4.277788403606301e-11,
                4.277788403606301e-11,
                1.2256068975861003e-11,
                6.825604229397784e-08,
                0.9999999316461459
            ]
        ],
        [
            [
                0.999999999996021,
                3.978962534562811e-12,
                0.0,
                0.0,
                0.0
            ],
            [
                1.6050505378887887e-09,
                8.314375557874777e-07,
                1.3005871619872681e-05,
                0.999890059970759,
                9.610111501472929e-05
            ],
            [
                1.0603576850628848e-13,
                1.783247435293885e-11,
                0.9999998874454138,
                1.1253518383689372e-07,
                1.4637786327216961e-12
            ],
            [
                2.289713183503499e-11,
                7.991884284648972e-11,
                2.0206647922489513e-11,
                1.0129988101699185e-05,
                0.9999898698888757
            ],
            [
                2.7346986386028124e-12,
                1.7832475170941945e-11,
                6.5602010005897435e-12,
                1.855391598050029e-07,
                0.9999998144337129
            ]
        ],
        [
            [
                0.9999999999941172,
                5.7893563263457495e-12,
                0.0,
                0.0,
                9.35762296498534e-14
            ],
            [
                0.9820137878612959,
                0.01798621155436766,
                5.799087689780596e-10,
                4.4276580894905805e-12,
                0.0
            ],
            [
                5.008774633751255e-14,
                9.545034915042178e-12,
                0.9999999992314572,
                7.58256042171683e-10,
                6.914400101291024e-13
            ],
            [
                1.4637784662362506e-12,
                1.081594120342632e-11,
                2.4133626928765153e-12,
                3.2241866317727414e-08,
                0.9999999677434406
            ],
            [
                2.7346982214298855e-12,
                1.783247245063275e-11,
                4.508755126617261e-12,
                2.5109990913212645e-08,
                0.9999999748649331
            ]
        ],
        [
            [
                0.9999999999991123,
                8.878265474844675e-13,
                0.0,
                0.0,
                0.0
            ],
            [
                0.999999495652104,
                5.043472045957843e-07,
                6.914400422412987e-13,
                0.0,
                0.0
            ],
            [
                9.357622943206077e-14,
                1.225606741052544e-11,
                0.9999999973405382,
                2.6465736316591425e-09,
                5.38494020300263e-13
            ],
            [
                2.413298506752354e-12,
                2.9399994483885265e-11,
                1.0815653541175197e-11,
                2.753568982561115e-05,
                0.9999724642675454
            ],
            [
                6.560200999838316e-12,
                2.5946098272140823e-11,
                7.433681614774235e-12,
                1.8553915978375064e-07,
                0.9999998144209002
            ]
        ],
        [
            [
                0.9999999999984301,
                1.4637785136605994e-12,
                0.0,
                0.0,
                1.0603575988153156e-13
            ],
            [
                0.9999999999622486,
                3.775134542399416e-11,
                0.0,
                0.0,
                0.0
            ],
            [
                3.900837550542184e-14,
                9.545034776909954e-12,
                0.9999999847598262,
                1.522997951186684e-08,
                6.101936584314965e-13
            ],
            [
                2.0076424412617842e-10,
                4.03245763825222e-09,
                1.594867934121464e-08,
                0.07585817439799943,
                0.9241418054200994
            ],
            [
                2.7346982524348343e-12,
                1.2256067268609804e-11,
                3.978962478864082e-12,
                1.344040975868722e-08,
                0.9999999865406206
            ]
        ],
        [
            [
                0.9999999999984537,
                1.4637785136607634e-12,
                0.0,
                0.0,
                8.258073282931749e-14
            ],
            [
                5.362635604471229e-06,
                0.9890062317405122,
                0.01098686861902075,
                1.5364208244942524e-06,
                5.840380468639422e-10
            ],
            [
                1.291575565647531e-12,
                1.4928583766816755e-10,
                0.9998415635118449,
                0.0001584362470311447,
                9.054643760662676e-11
            ],
            [
                9.543087986848661e-12,
                9.054229788234657e-11,
                5.491667966647744e-11,
                0.00020342706182557515,
                0.9997965727831724
            ],
            [
                6.914400836757718e-13,
                1.0815942698912366e-11,
                2.4133630265645562e-12,
                8.76424914451331e-08,
                0.9999999123435879
            ]
        ],
        [
            [
                0.9999999999972653,
                2.734698290473689e-12,
                0.0,
                0.0,
                0.0
            ],
            [
                0.9999999999841693,
                1.57371021002231e-11,
                0.0,
                0.0,
                9.357622964892004e-14
            ],
            [
                2.2447770386248953e-13,
                3.775134516705133e-11,
                0.9999999927664274,
                7.194132977778707e-09,
                1.4637785034343224e-12
            ],
            [
                5.784080481954814e-12,
                9.047824176773687e-11,
                2.5922450277932616e-11,
                0.0009110514049169656,
                0.9990889484728982
            ],
            [
                2.1297852738905424e-12,
                1.57371028674536e-11,
                7.433681031629795e-12,
                1.44498031594666e-07,
                0.9999998554766678
            ]
        ],
        [
            [
                0.9999999999975866,
                2.413362770962442e-12,
                0.0,
                0.0,
                0.0
            ],
            [
                0.9999999999821676,
                1.7832472902189335e-11,
                0.0,
                0.0,
                0.0
            ],
            [
                8.258073271555896e-14,
                9.545034906658801e-12,
                0.999999998384606,
                1.6052280524642466e-09,
                5.384940208624873e-13
            ],
            [
                3.9788793932303916e-12,
                5.492673576126257e-11,
                1.3887653668751743e-11,
                2.144493975150971e-05,
                0.9999785549874551
            ],
            [
                2.1297851445527636e-12,
                9.545034804510496e-12,
                3.0988191003056564e-12,
                1.1861120004301107e-08,
                0.9999999881241063
            ]
        ],
        [
            [
                0.9999999999978701,
                2.1297851701877996e-12,
                0.0,
                0.0,
                0.0
            ],
            [
                0.9999999999572222,
                4.277787867048952e-11,
                0.0,
                0.0,
                0.0
            ],
            [
                2.2447770449919873e-13,
                5.492788326414562e-11,
                0.9999999955807752,
                4.363462233449068e-09,
                6.101936650343711e-13
            ],
            [
                7.43358186769736e-12,
                4.8473042775420173e-11,
                1.573689293740699e-11,
                1.3007124767766527e-05,
                0.9999869928035887
            ],
            [
                1.879525422231128e-12,
                2.2897307105319365e-11,
                1.3887918784232122e-11,
                1.7603431330841387e-06,
                0.9999982396182021
            ]
        ],
        [
            [
                0.9999999999974805,
                2.413362771153561e-12,
                0.0,
                0.0,
                1.0603575988537659e-13
            ],
            [
                0.0009110505414054924,
                0.9990881180944706,
                8.307701562974949e-07,
                5.899922506773904e-10,
                3.975336514935404e-12
            ],
            [
                3.900837484227472e-14,
                1.2256067048366158e-11,
                0.9999999677445467,
                3.224186633151714e-08,
                1.2917799630760105e-12
            ],
            [
                7.433667248663001e-12,
                2.5946048129485646e-11,
                1.081592202593317e-11,
                1.7603431333349634e-06,
                0.9999982396126711
            ],
            [
                2.129785081991169e-12,
                9.545034524128881e-12,
                2.413362671023097e-12,
                4.139937545853185e-08,
                0.9999999585865365
            ]
        ],
        [
            [
                0.9999999999941172,
                5.789356326345596e-12,
                0.0,
                0.0,
                9.357622964985092e-14
            ],
            [
                0.999999998394772,
                1.605228051956886e-09,
                0.0,
                0.0,
                0.0
            ],
            [
                1.6583400325054913e-12,
                3.5810173486681545e-10,
                0.999796572508538,
                0.00020342706118753264,
                7.051441250615278e-11
            ],
            [
                1.2256021213148765e-11,
                4.277771732781673e-11,
                1.2256021213148765e-11,
                3.726639114819283e-06,
                0.9999962732935954
            ],
            [
                3.51142255405139e-12,
                2.0206841626131004e-11,
                5.7893570552806966e-12,
                3.0590235889181805e-07,
                0.9999996940681335
            ]
        ],
        [
            [
                0.9999999999989939,
                1.0060392789216768e-12,
                0.0,
                0.0,
                0.0
            ],
            [
                0.9999999943972036,
                5.602796402834302e-09,
                0.0,
                0.0,
                0.0
            ],
            [
                5.789091842600627e-12,
                1.2500957532855971e-09,
                0.9999546007721667,
                4.539785567150747e-05,
                1.1627701795627943e-10
            ],
            [
                1.879525422231172e-12,
                2.5946048125789296e-11,
                1.0815922024392302e-11,
                1.7603431330841798e-06,
                0.9999982396182254
            ],
            [
                1.8795289679089005e-12,
                1.3887944983444093e-11,
                4.50875560541214e-12,
                1.1253518378239701e-07,
                0.9999998874445399
            ]
        ],
        [
            [
                0.999999999996021,
                3.978962534562693e-12,
                0.0,
                0.0,
                0.0
            ],
            [
                0.9999999999915765,
                8.42346375097743e-12,
                0.0,
                0.0,
                0.0
            ],
            [
                3.037975384255743e-14,
                6.56020016558974e-12,
                0.9999999996350986,
                3.5817479288832636e-10,
                1.3615261075575046e-13
            ],
            [
                2.4132525196250663e-12,
                5.492537418085556e-11,
                3.77496208080845e-11,
                4.539785599762014e-05,
                0.9999546020489141
            ],
            [
                8.423464401468893e-12,
                2.289735021518454e-11,
                5.789356773406984e-12,
                8.315279899654304e-07,
                0.9999991684348999
            ]
        ],
        [
            [
                0.9999999999959566,
                3.978962534710537e-12,
                0.0,
                0.0,
                6.431393939630854e-14
            ],
            [
                0.9997388096360461,
                0.0002611903306472614,
                3.330674464808331e-11,
                0.0,
                0.0
            ],
            [
                1.0603575724709153e-13,
                1.783247245943307e-11,
                0.9999999748706068,
                2.510999092560442e-08,
                1.4637784772932766e-12
            ],
            [
                9.543087987281466e-12,
                6.222875061445759e-11,
                3.7743645163279896e-11,
                0.00020342706196872635,
                0.9997965728285158
            ],
            [
                5.789356609516876e-12,
                1.3887944538535156e-11,
                3.978962728818601e-12,
                1.4449803161913961e-07,
                0.9999998554783122
            ]
        ],
        [
            [
                0.9999999999981204,
                1.8795288157721737e-12,
                0.0,
                0.0,
                0.0
            ],
            [
                0.9999999993308415,
                6.691586083324981e-10,
                0.0,
                0.0,
                0.0
            ],
            [
                1.3615260813223587e-13,
                1.2256067203147971e-11,
                0.999999980430787,
                1.9555680703390232e-08,
                1.1399918306323737e-12
            ],
            [
                6.926022560443052e-11,
                8.437622801429349e-10,
                8.437622801429349e-10,
                0.017986211541232266,
                0.982013786701983
            ],
            [
                2.7346982296840567e-12,
                1.2256067166647893e-11,
                3.5114220338853003e-12,
                2.2159489271721738e-08,
                0.9999999778220087
            ]
        ],
        [
            [
                0.9999999999975866,
                2.4133627708472756e-12,
                0.0,
                0.0,
                0.0
            ],
            [
                0.9999999995400946,
                4.599055374888218e-10,
                0.0,
                0.0,
                0.0
            ],
            [
                2.244760046453858e-13,
                3.3315192992146364e-11,
                0.9999921106974312,
                7.889265050167788e-06,
                3.9789323874306574e-12
            ],
            [
                2.2804164243076288e-11,
                2.451678704747641e-10,
                9.019221918344876e-11,
                0.004070137775625232,
                0.9959298618662106
            ],
            [
                3.978583267909207e-12,
                5.49226478772979e-11,
                2.939797496084796e-11,
                9.610239999550802e-05,
                0.9999038975117053
            ]
        ],
        [
            [
                0.999999999996021,
                3.9789625342054726e-12,
                0.0,
                0.0,
                0.0
            ],
            [
                0.999999996149258,
                3.850741905930549e-09,
                0.0,
                0.0,
                0.0
            ],
            [
                7.287725022927931e-14,
                1.5737104108859247e-11,
                0.9999998144415186,
                1.855391598649697e-07,
                3.5114225600822773e-12
            ],
            [
                2.594609827102765e-11,
                4.847369320598658e-11,
                8.423464822011338e-12,
                1.855391597757904e-07,
                0.999999814377997
            ],
            [
                1.1399917919681371e-12,
                8.423463303173043e-12,
                2.7346981450776435e-12,
                5.3157849696258416e-08,
                0.9999999468298522
            ]
        ],
        [
            [
                0.9999999999983413,
                1.6586783584485071e-12,
                0.0,
                0.0,
                0.0
            ],
            [
                0.9999999999842628,
                1.573710210222354e-11,
                0.0,
                0.0,
                0.0
            ],
            [
                1.6586437006409957e-12,
                1.917131454241163e-10,
                0.9999785548335526,
                2.1444939760841706e-05,
                3.331474929163735e-11
            ],
            [
                1.6586753252669851e-12,
                2.5946047528537532e-11,
                9.545017465406069e-12,
                2.2603252729414174e-06,
                0.9999977396375773
            ],
            [
                1.4637785821070363e-12,
                2.0206840028672686e-11,
                6.560200472824054e-12,
                5.043472050077091e-07,
                0.9999994956245641
            ]
        ],
        [
            [
                0.9999999999969011,
                3.098819137453732e-12,
                0.0,
                0.0,
                0.0
            ],
            [
                0.9999999999771028,
                2.289734844772724e-11,
                0.0,
                0.0,
                0.0
            ],
            [
                2.7344951051123713e-12,
                5.904865238319648e-10,
                0.9999251531611111,
                7.48461971978439e-05,
                4.8470085496177614e-11
            ],
            [
                4.1605388836678553e-10,
                1.377781255243742e-08,
                4.243865036525209e-08,
                0.09534946471987299,
                0.9046504786476102
            ],
            [
                2.28811079068331e-11,
                1.492035659332138e-10,
                1.1619985398583288e-10,
                0.0007096703432212063,
                0.9992903293684943
            ]
        ],
        [
            [
                0.9999999999985363,
                1.4637785135988638e-12,
                0.0,
                0.0,
                0.0
            ],
            [
                0.9999999999515263,
                4.8473687038051075e-11,
                0.0,
                0.0,
                0.0
            ],
            [
                5.7782035167003954e-12,
                1.1011306825721277e-09,
                0.9980732641036868,
                0.001926734330384686,
                4.5901956026699166e-10
            ],
            [
                1.0815900648679102e-11,
                5.4927675758500336e-11,
                1.5737042585191526e-11,
                2.9023121992051984e-06,
                0.9999970976063202
            ],
            [
                1.879529051251268e-12,
                1.388794559926552e-11,
                2.734698633096088e-12,
                6.825604228703966e-08,
                0.9999999317254555
            ]
        ],
        [
            [
                0.9999999999981433,
                1.6586783581478942e-12,
                0.0,
                0.0,
                1.9810087971337205e-13
            ],
            [
                0.9999417087137757,
                5.829127667976471e-05,
                9.544471232517411e-12,
                0.0,
                0.0
            ],
            [
                1.6584158532940092e-12,
                2.789026626295328e-10,
                0.9998415631935595,
                0.0001584362469766644,
                2.789026626295328e-10
            ],
            [
                5.787413545471372e-12,
                5.490945089519549e-11,
                2.288966459960907e-11,
                0.00033535005628427503,
                0.9996646498601293
            ],
            [
                5.10906975554278e-12,
                4.277771732285112e-11,
                2.0206762865924772e-11,
                3.726639114386697e-06,
                0.9999962732927921
            ]
        ],
        [
            [
                0.999999999994891,
                5.109089025962322e-12,
                0.0,
                0.0,
                0.0
            ],
            [
                0.9999999997538302,
                2.4616969506026846e-10,
                0.0,
                0.0,
                0.0
            ],
            [
                7.287724091149463e-14,
                1.2256067436245364e-11,
                0.9999999993969162,
                5.905303995159713e-10,
                2.244777053582442e-13
            ],
            [
                8.423078938821078e-12,
                7.052557648915267e-11,
                3.33139234462538e-11,
                4.53978557221755e-05,
                0.9999546020320152
            ],
            [
                8.423463940780028e-12,
                2.5946095556644123e-11,
                1.0815941796514241e-11,
                6.475946143131793e-07,
                0.9999993523602002
            ]
        ],
        [
            [
                0.99999999999886,
                1.1399918524482633e-12,
                0.0,
                0.0,
                0.0
            ],
            [
                0.9999999999294713,
                7.052879848645047e-11,
                0.0,
                0.0,
                0.0
            ],
            [
                4.2307898584798516e-11,
                3.808435661956969e-09,
                0.9890130321313765,
                0.010986942101845953,
                2.191603405169323e-08
            ],
            [
                3.5114222838717327e-12,
                2.594609624256342e-11,
                9.545035386294689e-12,
                1.4449803162694873e-07,
                0.9999998554629659
            ],
            [
                1.2255857802382603e-11,
                6.224038158059185e-11,
                3.3314875556394634e-11,
                1.670141510535983e-05,
                0.9999832984770834
            ]
        ],
        [
            [
                0.9999999999983413,
                1.6586783583168414e-12,
                0.0,
                0.0,
                0.0
            ],
            [
                0.9999999999821676,
                1.7832472900587283e-11,
                0.0,
                0.0,
                0.0
            ],
            [
                1.748227534334957e-13,
                4.847350423112992e-11,
                0.9999962733077269,
                3.7266391160020363e-06,
                4.508738236309486e-12
            ],
            [
                1.0812311962580114e-11,
                1.3172092518537417e-10,
                7.050513058056641e-11,
                0.00033535005540525167,
                0.9996646497315563
            ],
            [
                3.098819129093434e-12,
                7.433680649254877e-12,
                2.7346982830948487e-12,
                2.3355930315423778e-09,
                0.9999999976511398
            ]
        ],
        [
            [
                0.999999999989184,
                1.0815941553748249e-11,
                0.0,
                0.0,
                0.0
            ],
            [
                0.9999999997538302,
                2.461696950326639e-10,
                0.0,
                0.0,
                0.0
            ],
            [
                1.3615261033338497e-13,
                1.38879438164535e-11,
                0.9999999965869244,
                3.398267807624938e-09,
                7.835041757696626e-13
            ],
            [
                1.2917777131646896e-12,
                2.289730783649595e-11,
                5.789346058396489e-12,
                1.370956654298868e-06,
                0.9999986290133672
            ],
            [
                3.978962720146235e-12,
                2.289734951708057e-11,
                7.433681016686723e-12,
                5.04347204946504e-07,
                0.9999994956184851
            ]
        ],
        [
            [
                0.999999999996021,
                3.978962534395548e-12,
                0.0,
                0.0,
                0.0
            ],
            [
                0.9999999998506905,
                1.4930946754392836e-10,
                0.0,
                0.0,
                0.0
            ],
            [
                1.0603576232518583e-13,
                2.2897348976859258e-11,
                0.9999993523805024,
                6.475946147079152e-07,
                1.8795288592564228e-12
            ],
            [
                5.789091848722532e-12,
                7.052557648501994e-11,
                3.3313923444301644e-11,
                4.539785571951523e-05,
                0.9999546020346519
            ],
            [
                8.87826510554199e-13,
                9.54503452191635e-12,
                3.0988190085607698e-12,
                4.139937544893552e-08,
                0.9999999585870929
            ]
        ],
        [
            [
                0.9999999999975866,
                2.413362770962562e-12,
                0.0,
                0.0,
                0.0
            ],
            [
                5.884495303294422e-09,
                3.4541097173814444e-06,
                0.5621730425336691,
                0.43782080740876567,
                2.690063352711218e-06
            ],
            [
                5.675685833775019e-14,
                1.0815942702860135e-11,
                0.9999999123454958,
                8.764249147712222e-08,
                1.1399919737870133e-12
            ],
            [
                8.956582412308595e-11,
                9.629233561690926e-10,
                1.091135111464924e-09,
                0.010986942357053213,
                0.9890130554993225
            ],
            [
                3.5114220117872372e-12,
                1.0815941244368697e-11,
                3.5114220117872372e-12,
                2.845334726664758e-08,
                0.9999999715288138
            ]
        ],
        [
            [
                0.9999999999983413,
                1.6586783582377387e-12,
                0.0,
                0.0,
                0.0
            ],
            [
                0.9999999991407833,
                8.592166609073993e-10,
                0.0,
                0.0,
                0.0
            ],
            [
                6.101913661679118e-13,
                1.3176464569533806e-10,
                0.999996273185732,
                3.7266391154964847e-06,
                4.277771733559026e-11
            ],
            [
                3.511295286280358e-12,
                5.4925899599968764e-11,
                2.0206109250675253e-11,
                3.535625751090273e-05,
                0.9999646436638459
            ],
            [
                3.0988195311904336e-12,
                2.594609826886409e-11,
                6.5602009990098285e-12,
                1.855391597603189e-07,
                0.9999998144252351
            ]
        ],
        [
            [
                0.9999999999983413,
                1.6586783583868632e-12,
                0.0,
                0.0,
                0.0
            ],
            [
                0.9999999999941172,
                5.789356326621845e-12,
                0.0,
                0.0,
                9.357622965431607e-14
            ],
            [
                2.5436656439307906e-13,
                3.3315445376528694e-11,
                0.9999999987157389,
                1.250152864693048e-09,
                5.384940210458573e-13
            ],
            [
                4.5085923929223285e-12,
                4.277633361786261e-11,
                1.2255624773609448e-11,
                3.535625750966754e-05,
                0.9999646436829498
            ],
            [
                3.978962455847589e-12,
                1.783247254965765e-11,
                4.5087551516546766e-12,
                1.9555680694719857e-08,
                0.9999999804179991
            ]
        ],
        [
            [
                0.9999999999969011,
                3.098819137286166e-12,
                0.0,
                0.0,
                0.0
            ],
            [
                0.9999999998082829,
                1.9171715128556725e-10,
                0.0,
                0.0,
                0.0
            ],
            [
                6.431394462642559e-14,
                1.0815942433793441e-11,
                0.9999998874518061,
                1.125351838389416e-07,
                2.129785343550394e-12
            ],
            [
                1.4222827375284777e-10,
                1.7326950860353482e-09,
                2.2248245298393403e-09,
                0.047425875246561354,
                0.9525741206536907
            ],
            [
                2.4133630267774826e-12,
                9.54503593116477e-12,
                3.511422484318234e-12,
                8.764249145286563e-08,
                0.9999999123420388
            ]
        ],
        [
            [
                0.9999999999964886,
                3.5114221121057834e-12,
                0.0,
                0.0,
                0.0
            ],
            [
                0.0001584327697089813,
                0.9998201004492964,
                2.1441543762526017e-05,
                2.5105490572293976e-08,
                1.3174152369858743e-10
            ],
            [
                5.675685212880835e-14,
                1.0815941519645258e-11,
                0.99999999659044,
                3.398267807668798e-09,
                4.193795643784764e-13
            ],
            [
                7.83504208988665e-13,
                9.545035294190163e-12,
                2.129785253815066e-12,
                3.92786369829455e-07,
                0.9999996072011718
            ],
            [
                5.109089265317688e-12,
                2.0206840028581377e-11,
                7.433681017555249e-12,
                5.0434720500543e-07,
                0.9999994956200454
            ]
        ],
        [
            [
                0.9999999999978701,
                2.1297851700862297e-12,
                0.0,
                0.0,
                0.0
            ],
            [
                0.9999999985833912,
                1.4166087838978017e-09,
                0.0,
                0.0,
                0.0
            ],
            [
                3.2661128411582826e-13,
                3.331525669991599e-11,
                0.9999952148640753,
                4.785094849331106e-06,
                7.433638562838304e-12
            ],
            [
                1.1399918053679521e-12,
                1.0815941104944573e-11,
                4.508755053730993e-12,
                4.1399375456459116e-08,
                0.9999999585841599
            ],
            [
                7.433681222980841e-12,
                2.5946096904647505e-11,
                1.3887944893673774e-11,
                2.382369843969043e-07,
                0.9999997617157479
            ]
        ],
        [
            [
                0.9999999999975866,
                2.4133627707166824e-12,
                0.0,
                0.0,
                0.0
            ],
            [
                0.9999999999666846,
                3.331544540861563e-11,
                0.0,
                0.0,
                0.0
            ],
            [
                5.6756854548563834e-14,
                1.5737102723027522e-11,
                0.9999996071959567,
                3.927863699271142e-07,
                1.879528890129453e-12
            ],
            [
                2.734682798661044e-12,
                3.7751131569477965e-11,
                2.5945947989929614e-11,
                4.785094846345289e-06,
                0.9999952148387219
            ],
            [
                2.129785056839341e-12,
                1.2256066787404688e-11,
                3.098818972683379e-12,
                5.3157849695982713e-08,
                0.9999999468246656
            ]
        ],
        [
            [
                0.9999999999953977,
                4.508755241015583e-12,
                0.0,
                0.0,
                9.357622966185193e-14
            ],
            [
                0.9999999999094393,
                9.056076985986873e-11,
                0.0,
                0.0,
                0.0
            ],
            [
                3.722040690288291e-11,
                4.874911276267197e-09,
                0.9859363599266705,
                0.014063627123827853,
                8.037369913957637e-09
            ],
            [
                3.5112147476906485e-12,
                3.774911605156792e-11,
                1.388712371776673e-11,
                5.829127712281133e-05,
                0.9999417086677297
            ],
            [
                2.5946098226387076e-11,
                3.331544958655774e-11,
                4.508755805951882e-12,
                6.825604229630137e-08,
                0.9999999316801874
            ]
        ],
        [
            [
                0.9999999999985363,
                1.463778513660711e-12,
                0.0,
                0.0,
                0.0
            ],
            [
                0.9859363708626464,
                0.014063627333310189,
                1.793379649340376e-09,
                1.0663825197651582e-11,
                0.0
            ],
            [
                6.547562336542785e-12,
                1.2477445219752272e-09,
                0.99807325808905,
                0.0019267343200883287,
                6.336569533936153e-09
            ],
            [
                1.6586782700329242e-12,
                1.573710126358054e-11,
                4.5087550006903834e-12,
                5.315784969574777e-08,
                0.9999999468202458
            ],
            [
                2.129785342620523e-12,
                9.545035692188608e-12,
                3.978962856549192e-12,
                1.1253518378980836e-07,
                0.9999998874491624
            ]
        ],
        [
            [
                0.9999999999963824,
                3.511422111937857e-12,
                0.0,
                0.0,
                1.0603575987179486e-13
            ],
            [
                0.999999999868235,
                1.317651426300428e-10,
                0.0,
                0.0,
                0.0
            ],
            [
                3.749866508059182e-11,
                2.6288593779252342e-09,
                0.9933071211479149,
                0.006692851243803775,
                2.4941923328688427e-08
            ],
            [
                5.788638853346839e-12,
                7.990969448737678e-11,
                4.2772577223829386e-11,
                0.0001233946281883305,
                0.9998766052433407
            ],
            [
                1.0060393283674606e-12,
                6.5602004882226006e-12,
                1.4637785855429166e-12,
                1.4449803166090946e-07,
                0.9999998554929382
            ]
        ],
        [
            [
                0.999999999990455,
                9.54503491932906e-12,
                0.0,
                0.0,
                0.0
            ],
            [
                0.9999999999666846,
                3.331544540702749e-11,
                0.0,
                0.0,
                0.0
            ],
            [
                6.431393904773856e-14,
                8.42346370642976e-12,
                0.9999999943875757,
                5.602796405584604e-09,
                1.139991846542999e-12
            ],
            [
                6.10193744489268e-13,
                1.0815942917335074e-11,
                3.098819528382497e-12,
                3.0590235896747943e-07,
                0.9999996940831162
            ],
            [
                1.4637784764845309e-12,
                1.0815941279151439e-11,
                2.413362709773073e-12,
                2.510999091173101e-08,
                0.9999999748753161
            ]
        ],
        [
            [
                0.9999999999959008,
                3.978962534205114e-12,
                0.0,
                0.0,
                1.2015425726843193e-13
            ],
            [
                0.999999999782756,
                2.1724399339196756e-10,
                0.0,
                0.0,
                0.0
            ],
            [
                1.6261110374714052e-14,
                5.1090890056099605e-12,
                0.9999999956311578,
                4.363462233767209e-09,
                2.543665636198051e-13
            ],
            [
                1.291780103744605e-12,
                2.2897350210538845e-11,
