{
    "[['A', 'B', 'C', 'D', 'E'], ['A', 'B', 'C', 'D', 'E']]": [
        [
            [
                0.9999999918435861,
                8.152020636430688e-09,
                1.6586783430356655e-12,
                0.0,
                2.7346982654125456e-12
            ],
            [
                0.9999994956496971,
                5.043472040471315e-07,
                3.0988192767358748e-12,
                0.0,
                0.0
            ],
            [
                1.6935624167788065e-08,
                0.0006969150936247601,
                0.9813293621465229,
                0.017973677902104385,
                2.792212379801534e-08
            ],
            [
                2.940077716475536e-11,
                6.224144574621263e-11,
                1.2256067349017687e-11,
                7.194132974513755e-09,
                0.9999999927019688
            ],
            [
                3.160881449481466e-10,
                7.052879840330004e-11,
                3.978962529754364e-12,
                8.592166606038754e-10,
                0.9999999987501875
            ]
        ],
        [
            [
                0.9999999973509841,
                2.64657362858968e-09,
                7.83504175451424e-13,
                0.0,
                1.6586783524467643e-12
            ],
            [
                0.9997388096596033,
                0.0002611903281439595,
                1.225286661425193e-11,
                0.0,
                0.0
            ],
            [
                4.277730809229042e-11,
                4.69110144823157e-08,
                0.9999869458887384,
                1.30071241548095e-05,
                3.331500103996252e-11
            ],
            [
                5.4927883085387674e-11,
                5.4927883085387674e-11,
                1.2256067349456781e-11,
                7.194132974771497e-09,
                0.9999999926837552
            ],
            [
                5.492788326627527e-11,
                5.492788326627527e-11,
                8.423463717161745e-12,
                3.850741905712964e-09,
                0.9999999960309789
            ]
        ],
        [
            [
                0.9999999997532201,
                2.4616969507359377e-10,
                0.0,
                0.0,
                6.101936674929643e-13
            ],
            [
                0.9999546021214927,
                4.5397855610970135e-05,
                2.2896302362987268e-11,
                0.0,
                0.0
            ],
            [
                9.038630936832948e-11,
                7.18027391394115e-09,
                0.9980732512418417,
                0.0019267343072242198,
                7.18027391394115e-09
            ],
            [
                6.5602001547171165e-12,
                2.9400777332625783e-11,
                5.1090890175988425e-12,
                1.416608783741685e-09,
                0.9999999985423211
            ],
            [
                6.69158607086444e-10,
                1.493094671638985e-10,
                9.545034893701164e-12,
                1.818961682000047e-09,
                0.9999999973530251
            ]
        ],
        [
            [
                0.9999999961451531,
                3.85074190310958e-09,
                1.0060392741474866e-12,
                0.0,
                3.0988191229023546e-12
            ],
            [
                0.9959298617523703,
                0.004070137777389585,
                4.580338817512457e-10,
                1.2206189498137685e-11,
                0.0
            ],
            [
                3.978879393613873e-12,
                5.211303593065524e-10,
                0.9999785545173051,
                2.1444939753576555e-05,
                1.783210029055264e-11
            ],
            [
                3.775134491142449e-11,
                6.224144535300259e-11,
                1.3887943669485216e-11,
                1.3440409761955449e-08,
                0.9999999864457096
            ],
            [
                1.103256029242514e-09,
                1.3176514233058826e-10,
                9.545034896011376e-12,
                1.250152862872804e-09,
                0.9999999975052809
            ]
        ],
        [
            [
                0.9999999950533944,
                4.944450469543428e-09,
                6.914400061638205e-13,
                0.0,
                1.463778504535476e-12
            ],
            [
                0.9999921107241455,
                7.88926503852406e-06,
                1.0815859589456844e-11,
                0.0,
                0.0
            ],
            [
                1.463775837590418e-12,
                5.21140295876214e-10,
                0.999998931763504,
                1.0677030759664966e-06,
                1.0815921780214797e-11
            ],
            [
                3.511422109355027e-12,
                2.0206839067080126e-11,
                5.1090890222121e-12,
                7.582560419227917e-10,
                0.9999999992129167
            ],
            [
                2.940077724809196e-11,
                6.22414459226362e-11,
                8.423463712996285e-12,
                4.363462231460486e-09,
                0.999999995536472
            ]
        ],
        [
            [
                0.9999999992402802,
                7.582560418664024e-10,
                0.0,
                0.0,
                1.4637785123406476e-12
            ],
            [
                0.9999938558170707,
                6.144172113427978e-06,
                1.0815881035948752e-11,
                0.0,
                0.0
            ],
            [
                4.508746991518236e-12,
                1.2501505786750686e-09,
                0.9999977384043328,
                2.260325270701316e-06,
                1.573707330882294e-11
            ],
            [
                1.9171715110833223e-10,
                1.1628233013996338e-10,
                1.2256067426998847e-11,
                6.691586081956151e-10,
                0.9999999990105859
            ],
            [
                5.78935631425972e-12,
                2.0206839039713657e-11,
                6.560200151756065e-12,
                2.0611536172865495e-09,
                0.9999999979062899
            ]
        ],
        [
            [
                0.999999988137405,
                1.1861120001646398e-08,
                6.914400019674589e-13,
                0.0,
                7.835041686179494e-13
            ],
            [
                0.9994472212083572,
                0.0005527785916128571,
                1.9161115427802655e-10,
                8.41880656701813e-12,
                0.0
            ],
            [
                5.194878870630744e-10,
                7.70988384345534e-08,
                0.9968272353271703,
                0.0031726832159782174,
                3.838525140224006e-09
            ],
            [
                7.433680652182735e-12,
                2.0206839035395913e-11,
                7.433680652182735e-12,
                1.8189616826177435e-09,
                0.9999999981459642
            ],
            [
                7.99195984917772e-11,
                3.775134523600679e-11,
                9.545034870557398e-12,
                4.94445047485526e-09,
                0.9999999949283336
            ]
        ],
        [
            [
                0.999999931732023,
                6.825604224357535e-08,
                8.423464801011758e-12,
                0.0,
                3.5114225496405866e-12
            ],
            [
                0.999569442296271,
                0.0004305571261708985,
                5.209166605191706e-10,
                4.2759443361882074e-11,
                1.3881958790304624e-11
            ],
            [
                1.2015427246253804e-13,
                2.2897351342547394e-11,
                0.9999996940733318,
                3.059023590592247e-07,
                1.2917801676081574e-12
            ],
            [
                2.594609477967196e-11,
                7.052879795905839e-11,
                1.5737101983680947e-11,
                7.1941329740134055e-09,
                0.999999992693655
            ],
            [
                1.4930946735731773e-10,
                9.056076973757583e-11,
                8.423463739665127e-12,
                1.1032560304046754e-09,
                0.9999999986484502
            ]
        ],
        [
            [
                0.9999999981742429,
                1.8189616822252835e-09,
                1.0060392763366148e-12,
                0.0,
                5.789356311773552e-12
            ],
            [
                0.9525741227497105,
                0.04742587521970471,
                1.9634007529013346e-09,
                6.718387925599205e-11,
                0.0
            ],
            [
                2.7346775700394722e-12,
                2.7894469563108483e-10,
                0.9999921104238724,
                7.889265047641238e-06,
                2.940055461516161e-11
            ],
            [
                3.331544535920478e-11,
                1.3887943838927094e-11,
                5.109089018484875e-12,
                1.4166087839873574e-09,
                0.9999999985310788
            ],
            [
                7.052879843859341e-11,
                4.277787864569941e-11,
                8.423463745806391e-12,
                3.1608814510632047e-10,
                0.9999999995621818
            ]
        ],
        [
            [
                0.999999995633934,
                4.363462229644184e-09,
                1.1399918469571569e-12,
                0.0,
                1.4637785063097913e-12
            ],
            [
                0.9399133250440934,
                0.0600866530453844,
                2.0827996237727756e-08,
                1.0369648726533647e-09,
                4.556105677957602e-11
            ],
            [
                6.214797080522242e-11,
                4.937024829265491e-09,
                0.998498811163697,
                0.0015011820209002678,
                1.8162299352397242e-09
            ],
            [
                2.289735087259305e-11,
                9.056077945273793e-11,
                2.0206841222456047e-11,
                8.764249144250671e-08,
                0.9999999122238437
            ],
            [
                1.3887943820971688e-11,
                3.775134532320742e-11,
                9.54503489260517e-12,
                2.6465736305256627e-09,
                0.999999997292242
            ]
        ],
        [
            [
                0.9999999979289591,
                2.0611536158958446e-09,
                1.4637785094794413e-12,
                0.0,
                8.423463727730073e-12
            ],
            [
                0.9975273769637276,
                0.002472622965917915,
                7.035440159631631e-11,
                0.0,
                0.0
            ],
            [
                5.109060076814127e-12,
                1.8189513801943742e-09,
                0.9999952130608928,
                4.785094840122768e-06,
                2.020672458581037e-11
            ],
            [
                1.9171715052791536e-10,
                1.1628232978792275e-10,
                1.7832472829277932e-11,
                3.850741905736772e-09,
                0.999999995823426
            ],
            [
                5.789356316233133e-12,
                1.3887943834984033e-11,
                3.9789625272478295e-12,
                1.8189616836264422e-09,
                0.9999999981573819
            ]
        ],
        [
            [
                0.9999999950533525,
                4.944450472666174e-09,
                5.384940185873749e-13,
                0.0,
                1.6586783490944115e-12
            ],
            [
                0.9999785550454899,
                2.1444939734591013e-05,
                1.3887653657795265e-11,
                0.0,
                8.878079955223605e-13
            ],
            [
                1.074223228682522e-08,
                3.139343441851029e-07,
                0.6224560642351267,
                0.3775387003289149,
                4.910759381891594e-06
            ],
            [
                1.0815941541895589e-11,
                2.5946094945845725e-11,
                5.7893563204929224e-12,
                8.592166606948235e-10,
                0.999999999098232
            ],
            [
                9.056076961427887e-11,
                9.056076961427887e-11,
                1.2256067405874058e-11,
                2.646573630654724e-09,
                0.9999999971600488
            ]
        ],
        [
            [
                0.9999999999498677,
                4.8473687042910405e-11,
                0.0,
                0.0,
                1.658678358236981e-12
            ],
            [
                0.9999962733554894,
                3.7266391140687408e-06,
                4.508738233970455e-12,
                0.0,
                8.878231987083215e-13
            ],
            [
                1.3151130102136958e-10,
                3.646443887480471e-08,
                0.9980732278936361,
                0.0019267342626692646,
                1.2477444835865817e-09
            ],
            [
                6.22414460850569e-11,
                4.847368695053895e-11,
                7.433680655151342e-12,
                1.6052280514712632e-09,
                0.9999999982766232
            ],
            [
                1.493094672721237e-10,
                4.277787859010301e-11,
                9.54503490061977e-12,
                1.605228051448638e-09,
                0.9999999981931396
            ]
        ],
        [
            [
                0.9999999999086557,
                9.056076983497758e-11,
                0.0,
                0.0,
                7.835041779721874e-13
            ],
            [
                0.9997388096071007,
                0.0002611903282613504,
                6.222519104220735e-11,
                2.4127324898391543e-12,
                0.0
            ],
            [
                3.5113620493294417e-12,
                4.598976710275283e-10,
                0.9999832980920886,
                1.6701415102080003e-05,
                2.9400274482735884e-11
            ],
            [
                3.775134527666028e-11,
                9.056076949820185e-11,
                1.5737102037609324e-11,
                3.850741905821825e-09,
                0.9999999960052088
            ],
            [
                5.4927882967920763e-11,
                9.056076900373824e-11,
                1.7832472732306147e-11,
                9.237449570883095e-09,
                0.9999999905992293
            ]
        ],
        [
            [
                0.9999999991399997,
                8.592166606710909e-10,
                0.0,
                0.0,
                7.835041773699422e-13
            ],
            [
                0.9999921107182267,
                7.88926503026191e-06,
                1.5736982827894862e-11,
                1.0060316540340032e-12,
                0.0
            ],
            [
                1.783216784107567e-11,
                2.3355530828980773e-09,
                0.99998329617662,
                1.670141506773469e-05,
                5.492694383681555e-11
            ],
            [
                1.225606735042257e-11,
                2.594609478445064e-11,
                5.109088989012977e-12,
                7.1941329753384e-09,
                0.9999999927625558
            ],
            [
                5.492788314189043e-11,
                3.775134519010467e-11,
                5.789356289979952e-12,
                6.348800073548377e-09,
                0.9999999935527313
            ]
        ],
        [
            [
                0.9999999988946102,
                1.1032560306166326e-09,
                4.752193055332568e-13,
                0.0,
                1.65867835631791e-12
            ],
            [
                0.9999998554998387,
                1.4449803144474424e-07,
                2.1297852716808163e-12,
                0.0,
                0.0
            ],
            [
                1.981005284630195e-13,
                3.7751278488880253e-11,
                0.9999986289996063,
                1.3709566549191603e-06,
                5.789346061015892e-12
            ],
            [
                1.7832472874271895e-11,
                4.8473686970622135e-11,
                1.0815941536739774e-11,
                1.4166087839522118e-09,
                0.9999999985062691
            ],
            [
                5.4927883026705943e-11,
                5.4927883026705943e-11,
                7.43368060700678e-12,
                8.152020642810225e-09,
                0.99999999173069
            ]
        ],
        [
            [
                0.9999999976638685,
                2.335593031963846e-09,
                0.0,
                0.0,
                5.384940201994137e-13
            ],
            [
                0.9947798741045687,
                0.00522012569963265,
                1.9071636302697254e-10,
                5.0824189219415e-12,
                0.0
            ],
            [
                3.567445819089201e-09,
                1.338674167481983e-07,
                0.8175726447578704,
                0.1824251237685456,
                2.0940387214792724e-06
            ],
            [
                3.331544533199907e-11,
                3.7751345341187155e-11,
                5.789356313149202e-12,
                2.3355930325133315e-09,
                0.9999999975875509
            ],
            [
                9.05607695477542e-11,
                4.2777878524846114e-11,
                5.78935630642146e-12,
                3.3982678063999003e-09,
                0.9999999964626041
            ]
        ],
        [
            [
                0.9999999976636993,
                2.3355930322685373e-09,
                2.88235078538474e-13,
                0.0,
                4.1937956466528276e-13
            ],
            [
                0.998830489548043,
                0.0011695103459510236,
                1.0249869147355639e-10,
                3.507312351633107e-12,
                0.0
            ],
            [
                1.981008779410019e-13,
                3.775134508759526e-11,
                0.9999999907229423,
                9.237449575057068e-09,
                1.6586783433080206e-12
            ],
            [
                3.775134502859374e-11,
                9.056076890312116e-11,
                1.7832472712493468e-11,
                1.0467401679899244e-08,
                0.9999999893864536
            ],
            [
                6.224144561664252e-11,
                6.224144561664252e-11,
                1.7832472732680734e-11,
                9.237449571077135e-09,
                0.9999999906202351
            ]
        ],
        [
            [
                0.9999999992401254,
                7.582560415635049e-10,
                3.2661313374992823e-13,
                0.0,
                1.2917800026944863e-12
            ],
            [
                0.9999993524009869,
                6.475946138555475e-07,
                3.5114221885612546e-12,
                0.0,
                8.878265668556458e-13
            ],
            [
                5.109079957912599e-12,
                1.6052252054289662e-09,
                0.9999986274151808,
                1.3709566525244504e-06,
                1.783244125020968e-11
            ],
            [
                1.388794382469858e-11,
                2.289734839006904e-11,
                5.789356311945519e-12,
                2.335593032027731e-09,
                0.9999999976218323
            ],
            [
                1.57371018849855e-11,
                4.2777878086564674e-11,
                9.545034788265181e-12,
                1.3440409761638682e-08,
                0.9999999864915303
            ]
        ],
        [
            [
                0.9999999994063649,
                5.905303993571848e-10,
                3.701011675225776e-13,
                0.0,
                2.734698289104056e-12
            ],
            [
                3.5356257400450426e-05,
                0.9999644028381334,
                2.3822858845025828e-07,
                2.6464780405249306e-09,
                2.9399715390725735e-11
            ],
            [
                1.1399897946190348e-12,
                2.7894630560682335e-10,
                0.9999982393672351,
                1.7603431335883467e-06,
                9.545017687856433e-12
            ],
            [
                5.905303822377168e-10,
                3.5817478231899594e-10,
                3.775134431403673e-11,
                2.8453347239087167e-08,
                0.9999999705601963
            ],
            [
                3.1608814456998943e-10,
                1.1628232998532576e-10,
                1.3887943827117632e-11,
                1.818961682596147e-09,
                0.99999999773478
            ]
        ],
        [
            [
                0.9999999992406039,
                7.582560415635497e-10,
                0.0,
                0.0,
                1.1399918511986719e-12
            ],
            [
                0.9999251537921401,
                7.484619704478539e-05,
                1.0815137936725862e-11,
                0.0,
                0.0
            ],
            [
                2.7346724192990247e-12,
                5.211363184025491e-10,
                0.9999898694722924,
                1.0129988099648478e-05,
                1.5736953222097233e-11
            ],
            [
                1.0261879580426854e-10,
                5.4927883235091345e-11,
                1.5737102028230084e-11,
                4.363462231141002e-09,
                0.9999999954632539
            ],
            [
                1.4930946707007335e-10,
                1.1628232987414726e-10,
                1.0815941517469684e-11,
                2.9989608138174313e-09,
                0.9999999967246314
            ]
        ],
        [
            [
                0.9999999994784392,
                5.211412480692738e-10,
                0.0,
                0.0,
                4.193795652588846e-13
            ],
            [
                0.9999986290285715,
                1.3709566528334768e-06,
                1.3887919212868589e-11,
                8.878249718902306e-13,
                0.0
            ],
            [
                1.0060393604823478e-12,
                2.4616971505028623e-10,
                0.999999887215227,
                1.1253518380215212e-07,
                2.413362966619563e-12
            ],
            [
                1.5737102060612577e-11,
                2.5946094906510774e-11,
                4.508755229043885e-12,
                2.6465736311310083e-09,
                0.9999999973072344
            ],
            [
                4.8473686916625026e-11,
                2.940077730424423e-11,
                9.545034894076258e-12,
                2.3355930317609276e-09,
                0.9999999975769875
            ]
        ],
        [
            [
                0.9999999991394914,
                8.592166601038955e-10,
                0.0,
                0.0,
                1.2917800020594858e-12
            ],
            [
                0.999941708714966,
                5.829127661105049e-05,
                8.422966289575332e-12,
                0.0,
                0.0
            ],
            [
                6.681510860324737e-10,
                3.7210456606839127e-06,
                0.9984950986664649,
                0.0015011769771344956,
                2.6425888077611405e-09
            ],
            [
                2.940077735592009e-11,
                4.277787863596495e-11,
                8.423463743889561e-12,
                8.592166608383147e-10,
                0.9999999990601811
            ],
            [
                2.2897348437705006e-11,
                2.2897348437705006e-11,
                5.789356323989777e-12,
                5.21141248362094e-10,
                0.9999999994272748
            ]
        ],
        [
            [
                0.9999999987486441,
                1.2501528645146066e-09,
                4.193795652099228e-13,
                0.0,
                7.835041773331213e-13
            ],
            [
                0.9999999123523761,
                8.764249137190785e-08,
                3.9789629524938004e-12,
                3.701012066143644e-13,
                7.835042605509803e-13
            ],
            [
                1.1623221409124107e-10,
                3.65190760917952e-08,
                0.9995694056696018,
                0.00043055710481404186,
                5.902758887745495e-10
            ],
            [
                6.224145123917726e-11,
                4.847369096457191e-11,
                1.2256068430646554e-11,
                1.1253518377773138e-07,
                0.999999887341845
            ],
            [
                2.0206838978144365e-11,
                4.847368679384188e-11,
                1.2256067376120858e-11,
                4.9444504745141095e-09,
                0.999999994974613
            ]
        ],
        [
            [
                0.9999999936494102,
                6.348800067788084e-09,
                7.835041725512253e-13,
                0.0,
                1.0060392716366713e-12
            ],
            [
                0.9999962733563783,
                3.726639112937436e-06,
                4.508738232601726e-12,
                0.0,
                0.0
            ],
            [
                3.396116654887211e-09,
                0.0002033393759564276,
                0.9993661868930973,
                0.00043046947615692075,
                8.586727623274502e-10
            ],
            [
                1.4930946717490696e-10,
                7.991959869144999e-11,
                8.423463729374215e-12,
                2.335593031841347e-09,
                0.9999999974267544
            ],
            [
                3.775134532038976e-11,
                2.940077729751856e-11,
                7.43368064824996e-12,
                2.646573630328129e-09,
                0.9999999972788405
            ]
        ],
        [
            [
                0.9999999988929538,
                1.1032560301742624e-09,
                6.914400093344675e-13,
                0.0,
                3.0988191326287324e-12
            ],
            [
                0.9997388095462092,
                0.000261190325963307,
                1.162519615399148e-10,
                5.787844357086028e-12,
                5.787844357086028e-12
            ],
            [
                1.51454203214596e-08,
                2.6845899869567533e-07,
                0.005218383289563233,
                0.9944477330233592,
                0.00033360008265860043
            ],
            [
                4.50875523211048e-12,
                2.2897348404735157e-11,
                6.560200153335643e-12,
                1.8189616834443877e-09,
                0.999999998147072
            ],
            [
                7.991959866168612e-11,
                2.9400777294307036e-11,
                5.109089010940042e-12,
                2.646573630039037e-09,
                0.9999999972389968
            ]
        ],
        [
            [
                0.9999999985802863,
                1.4166087823580372e-09,
                6.914400086024546e-13,
                0.0,
                2.413362764532932e-12
            ],
            [
                0.9999869928449509,
                1.3007124709973518e-05,
                2.594575000535186e-11,
                2.7346619312400735e-12,
                1.6586563052460659e-12
            ],
            [
                1.7832167765754767e-11,
                6.348691477827247e-09,
                0.9999832921851642,
                1.670141499718995e-05,
                3.331487534062453e-11
            ],
            [
                1.7832472876676974e-11,
                2.940077734096043e-11,
                7.433680659233784e-12,
                1.2501528641805663e-09,
                0.9999999986951802
            ],
            [
                1.573710207756153e-11,
                2.0206839052598465e-11,
                3.511422106838492e-12,
                1.4166087840055707e-09,
                0.9999999985439358
            ]
        ],
        [
            [
                0.9999999985814079,
                1.4166087826268256e-09,
                6.914400087336489e-13,
                0.0,
                1.2917800011235403e-12
            ],
            [
                0.9999832985647624,
                1.6701415031023453e-05,
                2.0206493359527183e-11,
                0.0,
                0.0
            ],
            [
                4.037465626125963e-10,
                1.9453598812430964e-08,
                0.9947798013013425,
                0.005220125960948006,
                5.288036414996356e-08
            ],
            [
                2.9400777030980395e-11,
                4.8473686466089137e-11,
                1.0815941424163245e-11,
                1.1861120005357339e-08,
                0.9999999880501896
            ],
            [
                5.4927883381137895e-11,
                4.847368694938206e-11,
                9.5450349005265e-12,
                1.8189616833007258e-09,
                0.9999999980680918
            ]
        ],
        [
            [
                0.999999991846282,
                8.152020640996536e-09,
                6.914400044621166e-13,
                0.0,
                1.0060392702159504e-12
            ],
            [
                0.9984988178863925,
                0.0015011820298350305,
                7.97995745380633e-11,
                3.972986873253013e-12,
                0.0
            ],
            [
                1.5428111392257186e-13,
                2.2897347507113404e-11,
                0.9999999585769627,
                4.1399375471400844e-08,
                6.101936424614217e-13
            ],
            [
                3.331544536801766e-11,
                3.775134538200157e-11,
                1.0815941539869237e-11,
                8.592166605338505e-10,
                0.9999999990589006
            ],
            [
                3.581747911797219e-10,
                7.052879814711143e-11,
                1.0815941501462925e-11,
                4.36346223042319e-09,
                0.9999999951970182
            ]
        ],
        [
            [
                0.999999998894977,
                1.1032560307757046e-09,
                4.752193056017759e-13,
                0.0,
                1.2917800029502333e-12
            ],
            [
                0.9994472212151354,
                0.0005527785848345396,
                1.9161115495794428e-10,
                8.41880659689163e-12,
                0.0
            ],
            [
                1.3887865170968345e-11,
                1.4166007596374123e-09,
                0.9999952134487242,
                4.785094841383461e-06,
                2.594594796302537e-11
            ],
            [
                3.775134466734021e-11,
                7.052879706238884e-11,
                1.7832472541849384e-11,
                1.9555680686157055e-08,
                0.9999999803182067
            ],
            [
                4.0586521055056105e-10,
                7.05287981467162e-11,
                1.0815941501402316e-11,
                4.363462230398738e-09,
                0.9999999951493277
            ]
        ],
        [
            [
                0.9999999956323393,
                4.36346222770426e-09,
                1.4637785056590196e-12,
                0.0,
                2.7346982757736427e-12
            ],
            [
                0.9999038974208742,
                9.610239881074752e-05,
                1.4929523507224527e-10,
                2.0204912924378985e-11,
                1.0814910555004905e-11
            ],
            [
                1.2924160882925057e-08,
                0.0011259053431300868,
                0.9615891901292616,
                0.037284856471935794,
                3.513151167613639e-08
            ],
            [
                3.7751344917782984e-11,
                6.224144536348597e-11,
                8.42346363732353e-12,
                1.3440409764219229e-08,
                0.9999999864511739
            ],
            [
                9.545034907017363e-12,
                3.3315445366435494e-11,
                6.560200157278618e-12,
                1.2501528643143036e-09,
                0.9999999987004264
            ]
        ],
        [
            [
                0.9999999985788823,
                1.4166087826232479e-09,
                0.0,
                0.0,
                4.508755229500211e-12
            ],
            [
                0.9399133445858341,
                0.060086654355679475,
                1.0369648949007932e-09,
                2.1521519791936607e-11,
                0.0
            ],
            [
                1.8646207126590736e-09,
                6.638509565041529e-07,
                0.9046491702682085,
                0.09534931161471334,
                8.524015010438007e-07
            ],
            [
                2.0206839062447485e-11,
                2.940077735243279e-11,
                5.789356320773071e-12,
                8.592166607364011e-10,
                0.9999999990853863
            ],
            [
                1.6918979009791702e-10,
                1.4930946571034962e-10,
                1.7832472680105043e-11,
                1.1861119999664039e-08,
                0.9999999878025482
            ]
        ],
        [
            [
                0.9999999961455173,
                3.85074190500515e-09,
                1.0060392746427204e-12,
                0.0,
                2.7346982789774255e-12
            ],
            [
                0.9999991684707191,
                8.315279891996889e-07,
                1.2917801028171165e-12,
                0.0,
                0.0
            ],
            [
                3.3310172397761994e-11,
                1.343828266146413e-08,
                0.9998415497628025,
                0.00015843624454593382,
                5.210587648170366e-10
            ],
            [
                1.5737102044392017e-11,
                2.940077727613375e-11,
                5.109089007781999e-12,
                3.3982678060051164e-09,
                0.9999999965514852
            ],
            [
                5.109089020132383e-12,
                1.573710208243388e-11,
                3.0988191339114658e-12,
                8.592166605836315e-10,
                0.9999999991168382
            ]
        ],
        [
            [
                0.9999999995378448,
                4.599055373810958e-10,
                3.7010116746966706e-13,
                0.0,
                1.8795288145605306e-12
            ],
            [
                0.9975273768758145,
                0.002472622962995671,
                1.4894026933505015e-10,
                9.521432866140731e-12,
                2.7279361891315875e-12
            ],
            [
                1.5428111977721674e-13,
                2.289734837601975e-11,
                0.9999999965776745,
                3.398267807557343e-09,
                1.0060392757492154e-12
            ],
            [
                3.3315445378736135e-11,
                3.3315445378736135e-11,
                4.5087552364851535e-12,
                8.592166608102836e-10,
                0.9999999990696438
            ],
            [
                3.775134529252774e-11,
                7.05287982303929e-11,
                1.3887943809685263e-11,
                3.3982678059688052e-09,
                0.9999999964795641
            ]
        ],
        [
            [
                0.9999999991402448,
                8.592166605271886e-10,
                0.0,
                0.0,
                5.384940209041142e-13
            ],
            [
                0.9999832985804041,
                1.670141508705441e-05,
                4.508678114475482e-12,
                0.0,
                0.0
            ],
            [
                2.2895996161912968e-11,
                4.3632045512188694e-09,
                0.9999417042211269,
                5.829127649708827e-05,
                1.1627546278386088e-10
            ],
            [
                1.5737101886829946e-11,
                5.4927882741556365e-11,
                1.0815941406059403e-11,
                1.344040976321395e-08,
                0.9999999864781093
            ],
            [
                8.423463650231368e-12,
                3.77513449756319e-11,
                7.433680580363113e-12,
                1.1861120004566811e-08,
                0.9999999880852716
            ]
        ],
        [
            [
                0.9999999981794232,
                1.8189616830243127e-09,
                4.75219305093945e-13,
                0.0,
                1.1399918502060774e-12
            ],
            [
                0.9999646436685731,
                3.535625738927202e-05,
                7.05262508781783e-11,
                3.5112952742009874e-12,
                0.0
            ],
            [
                5.7893344744014885e-12,
                2.998949504034527e-09,
                0.9999962703383245,
                3.7266391042789928e-06,
                1.783240559207348e-11
            ],
            [
                1.0815941540797728e-11,
                1.5737102082873054e-11,
                3.0988191339979445e-12,
                9.736200298167573e-10,
                0.9999999989967281
            ],
            [
                2.1724399271804752e-10,
                9.056076956746846e-11,
                1.225606739953896e-11,
                2.646573629286723e-09,
                0.9999999970333655
            ]
        ],
        [
            [
                0.9999999976625049,
                2.3355930310659197e-09,
                6.101936657401109e-13,
                0.0,
                1.2917800005087637e-12
            ],
            [
                0.222700138224665,
                0.7772998331599772,
                2.839853225179684e-08,
                2.1682546941980226e-10,
                0.0
            ],
            [
                2.645781277262249e-09,
                3.6523883922074073e-08,
                9.60828770498889e-05,
                0.9997004705009742,
                0.0002034074523108084
            ],
            [
                1.783247282088394e-11,
                9.056076945357338e-11,
                1.573710202985406e-11,
                4.363462231591284e-09,
                0.9999999955124075
            ],
            [
                1.0815941401994236e-11,
                3.331544494333276e-11,
                1.3887943665565843e-11,
