{
    "[['A', 'B', 'C', 'D', 'E'], ['A', 'B', 'C', 'D', 'E']]": [
        [
            [
                0.9999999999934397,
                6.5602001662789035e-12,
                0.0,
                0.0,
                0.0
            ],
            [
                0.9999999997210531,
                2.7894680914841897e-10,
                0.0,
                0.0,
                0.0
            ],
            [
                5.008774635330497e-14,
                1.573710209896726e-11,
                0.9999999995242248,
                4.5990553763448725e-10,
                8.258073281412669e-14
            ],
            [
                5.384940651496662e-13,
                6.560200696560471e-12,
                1.8795289679301354e-12,
                1.1253518378366843e-07,
                0.9999998874558379
            ],
            [
                8.878266133769833e-13,
                7.433681221036679e-12,
                2.1297853281565237e-12,
                2.3823698433459722e-07,
                0.9999997617525644
            ]
        ],
        [
            [
                0.999999999989184,
                1.0815941553292568e-11,
                0.0,
                0.0,
                0.0
            ],
            [
                0.9999999998506905,
                1.4930946753679008e-10,
                0.0,
                0.0,
                0.0
            ],
            [
                3.900837609251424e-14,
                6.560200166590952e-12,
                0.999999999824013,
                1.691897922212072e-10,
                1.9810087975770467e-13
            ],
            [
                1.0060374390670686e-12,
                1.0815921773096543e-11,
                3.098813470456732e-12,
                2.2603252724557067e-06,
                0.9999977396598068
            ],
            [
                2.882350735562733e-13,
                3.5114220428622213e-12,
                7.83504162772574e-13,
                1.955568069514494e-08,
                0.9999999804397361
            ]
        ],
        [
            [
                0.999999999994891,
                5.1090890262053845e-12,
                0.0,
                0.0,
                0.0
            ],
            [
                0.9999999992417439,
                7.582560419083185e-10,
                0.0,
                0.0,
                0.0
            ],
            [
                1.1399918224696395e-12,
                1.605228012133206e-09,
                0.9999999732825009,
                2.5109990883986885e-08,
                1.1399918224696395e-12
            ],
            [
                1.6586783359269886e-12,
                8.423463637729798e-12,
                2.413362738386973e-12,
                1.3440409764867465e-08,
                0.9999999865470948
            ],
            [
                2.1297851506579006e-12,
                9.54503483187182e-12,
                2.413362748832697e-12,
                9.237449573933222e-09,
                0.9999999907484624
            ]
        ],
        [
            [
                0.9999999999942106,
                5.789356326345546e-12,
                0.0,
                0.0,
                0.0
            ],
            [
                0.999999998394772,
                1.605228052160408e-09,
                0.0,
                0.0,
                0.0
            ],
            [
                7.287724088172762e-14,
                3.77513454031789e-11,
                0.9999999989884623,
                9.736200302793477e-10,
                9.357622959021323e-14
            ],
            [
                1.2917799715757608e-12,
                5.789356179892703e-12,
                1.2917799715757608e-12,
                2.5109990911889705e-08,
                0.9999999748816362
            ],
            [
                9.545034732022622e-12,
                1.5737101792257195e-11,
                4.508755152158781e-12,
                1.9555680696906294e-08,
                0.9999999804145285
            ]
        ],
        [
            [
                0.9999999999972653,
                2.7346982907189785e-12,
                0.0,
                0.0,
                0.0
            ],
            [
                0.9999999999572222,
                4.2777878677321945e-11,
                0.0,
                0.0,
                0.0
            ],
            [
                2.543665639951518e-13,
                2.1724399287372854e-10,
                0.9999999971357532,
                2.6465736311833064e-09,
                1.7482341231676562e-13
            ],
            [
                1.2256021085735859e-11,
                6.224121080188147e-11,
                2.940066618491156e-11,
                2.902312198532821e-06,
                0.9999970975839035
            ],
            [
                2.413362748826296e-12,
                1.081594145417584e-11,
                3.5114220799016433e-12,
                9.23744957390872e-09,
                0.9999999907458098
            ]
        ],
        [
            [
                0.9999999999959275,
                3.978962534394859e-12,
                0.0,
                0.0,
                9.35762296544802e-14
            ],
            [
                0.9999999950555496,
                4.94445047548341e-09,
                0.0,
                0.0,
                0.0
            ],
            [
                2.734698601548469e-12,
                1.1861121495708734e-08,
                0.9999999198788105,
                6.825604149963458e-08,
                1.291780151199124e-12
            ],
            [
                2.129785144902236e-12,
                8.423463651424862e-12,
                3.0988191008141354e-12,
                1.1861120006247376e-08,
                0.9999999881252278
            ],
            [
                7.835041585052672e-13,
                9.545034679176473e-12,
                1.6586783165717501e-12,
                2.5109990916435893e-08,
                0.999999974878022
            ]
        ],
        [
            [
                0.9999999999983413,
                1.6586783583867136e-12,
                0.0,
                0.0,
                0.0
            ],
            [
                0.999999974890009,
                2.5109990917926188e-08,
                0.0,
                0.0,
                0.0
            ],
            [
                4.4202281033303924e-14,
                1.2256067443237776e-11,
                0.9999999999498983,
                3.775134544013673e-11,
                5.008774637491346e-14
            ],
            [
                2.4133628254385945e-12,
                2.0206839539054527e-11,
                7.433680837468386e-12,
                6.475946143738976e-07,
                0.9999993523753317
            ],
            [
                5.1090892767577725e-12,
                2.020684007382779e-11,
                6.560200487483771e-12,
                1.4449803164463562e-07,
                0.9999998554700923
            ]
        ],
        [
            [
                0.9999999999622486,
                3.775134543081216e-11,
                0.0,
                0.0,
                0.0
            ],
            [
                0.9999999998973812,
                1.0261879627403378e-10,
                0.0,
                0.0,
                0.0
            ],
            [
                3.0379753849719157e-14,
                4.5087552415954834e-12,
                0.9999999999154212,
                7.99195989171432e-11,
                1.2015425729908103e-13
            ],
            [
                1.783247262855117e-11,
                2.020683877339928e-11,
                5.109088947957954e-12,
                1.5229979505921885e-08,
                0.9999999847268721
            ],
            [
                1.4637785106839048e-12,
                8.42346373466128e-12,
                1.4637785106839048e-12,
                2.061153617591855e-09,
                0.9999999979274954
            ]
        ],
        [
            [
                0.9999999999972653,
                2.734698290820772e-12,
                0.0,
                0.0,
                0.0
            ],
            [
                0.9999999950555496,
                4.944450474911947e-09,
                0.0,
                0.0,
                0.0
            ],
            [
                8.258073281541044e-14,
                1.783247289947667e-11,
                0.9999999995760656,
                4.058652124502474e-10,
                1.54281120244181e-13
            ],
            [
                6.22409745894937e-11,
                9.056008366518297e-11,
                2.5945898374135066e-11,
                7.889265045204366e-06,
                0.9999921105562078
            ],
            [
                6.914400097576443e-13,
                3.978962530448768e-12,
                7.835041774453858e-13,
                5.905303990946838e-10,
                0.9999999994040156
            ]
        ],
        [
            [
                0.9999999999666846,
                3.331544541330265e-11,
                0.0,
                0.0,
                0.0
            ],
            [
                0.9999999999377585,
                6.224144620782944e-11,
                0.0,
                0.0,
                0.0
            ],
            [
                8.2580732821276e-14,
                1.3887943859198473e-11,
                0.9999999996276301,
                3.5817479287962266e-10,
                2.24477705408906e-13
            ],
            [
                1.6586754161736987e-12,
                2.0206803240303406e-11,
                5.1090799637843545e-12,
                1.3709566541000612e-06,
                0.9999986290163714
            ],
            [
                1.2256068999105133e-11,
                2.289735136158855e-11,
                7.433681615510791e-12,
                1.8553915980213454e-07,
                0.9999998144182531
            ]
        ],
        [
            [
                0.9999999999954912,
                4.508755240847859e-12,
                0.0,
                0.0,
                0.0
            ],
            [
                0.9999999999842628,
                1.573710210163693e-11,
                0.0,
                0.0,
                0.0
            ],
            [
                3.900837609317985e-14,
                2.5946094977026292e-11,
                0.9999999998047808,
                1.6918979222409413e-10,
                4.4202281026635715e-14
            ],
            [
                0.9999999999942106,
                5.7893563260326875e-12,
                0.0,
                0.0,
                0.0
            ],
            [
                1.0060392634283434e-12,
                5.789356237491579e-12,
                1.8795287869180933e-12,
                1.5229979504691262e-08,
                0.9999999847613457
            ]
        ],
        [
            [
                0.9999999999964886,
                3.511422112253116e-12,
                0.0,
                0.0,
                0.0
            ],
            [
                0.999999999782756,
                2.1724399340716525e-10,
                0.0,
                0.0,
                0.0
            ],
            [
                5.008774635279454e-14,
                2.5946094969482547e-11,
                0.9999999995140341,
                4.5990553762980045e-10,
                6.431393938159692e-14
            ],
            [
                7.835042414929318e-13,
                1.2256068429374004e-11,
                4.508755604757065e-12,
                1.1253518376604684e-07,
                0.999999887447268
            ],
            [
                7.835041528768791e-13,
                7.433680429185695e-12,
                1.4637784662435874e-12,
                3.224186631788902e-08,
                0.9999999677484528
            ]
        ],
        [
            [
                0.9999999999978701,
                2.1297851703567303e-12,
                0.0,
                0.0,
                0.0
            ],
            [
                0.9999999999200804,
                7.991959890346606e-11,
                0.0,
                0.0,
                0.0
            ],
            [
                7.287724093509281e-14,
                8.423463751798175e-12,
                0.9999999997452138,
                2.4616969510349583e-10,
                1.2015425727962563e-13
            ],
            [
                6.914399734697123e-13,
                6.5601998149793775e-12,
                1.6586782696177585e-12,
                5.315784968244241e-08,
                0.9999999468332401
            ],
            [
                1.2917751319048768e-12,
                1.3887891476554853e-11,
                2.7346879757024637e-12,
                3.7266391143151092e-06,
                0.9999962733429713
            ]
        ],
        [
            [
                0.9999999999972653,
                2.7346982906040028e-12,
                0.0,
                0.0,
                0.0
            ],
            [
                0.9999999997538302,
                2.461696950673689e-10,
                0.0,
                0.0,
                0.0
            ],
            [
                9.357622857228923e-14,
                2.28973481833518e-11,
                0.9999999881154696,
                1.1861120009872595e-08,
                4.1937956083588515e-13
            ],
            [
                1.6586626668723992e-12,
                2.2897131834499928e-11,
                6.560138104924394e-12,
                1.0129988101462465e-05,
                0.9999898699807827
            ],
            [
                4.508755805770574e-12,
                1.573710407358651e-11,
                4.508755805770574e-12,
                6.825604229355664e-08,
                0.9999999317192031
            ]
        ],
        [
            [
                0.999999999994891,
                5.109089026611165e-12,
                0.0,
                0.0,
                0.0
            ],
            [
                0.9999998144600567,
                1.8553915976671098e-07,
                7.83504277765036e-13,
                0.0,
                0.0
            ],
            [
                5.6756852172012535e-14,
                2.9400777312907736e-11,
                0.9999999973239044,
                2.6465736317134187e-09,
                6.431393923965854e-14
            ],
            [
                4.1937957500093026e-13,
                7.43368083476982e-12,
                2.129785217489216e-12,
                6.475946141388087e-07,
                0.999999352395403
            ],
            [
                2.129785101387085e-12,
                1.0815941203986682e-11,
                3.978962405865797e-12,
                3.224186631939782e-08,
                0.9999999677412089
            ]
        ],
        [
            [
                0.9999999999972653,
                2.7346982909105823e-12,
                0.0,
                0.0,
                0.0
            ],
            [
                0.999999996149258,
                3.850741905017481e-09,
                0.0,
                0.0,
                0.0
            ],
            [
                3.0987956362452555e-12,
                7.194078467624104e-09,
                0.9999921035294074,
                7.889264991932785e-06,
                8.423399868113664e-12
            ],
            [
                0.9999999998973812,
                1.0261879628118866e-10,
                0.0,
                0.0,
                0.0
            ],
            [
                3.0988190592344692e-12,
                1.3887943508726405e-11,
                2.7346982214445288e-12,
                2.51099909133471e-08,
                0.9999999748702877
            ]
        ],
        [
            [
                0.999999999989184,
                1.0815941554142034e-11,
                0.0,
                0.0,
                0.0
            ],
            [
                0.9999999804443193,
                1.9555680699968497e-08,
                0.0,
                0.0,
                0.0
            ],
            [
                8.258073278705857e-14,
                3.775134541147628e-11,
                0.9999999992038164,
                7.582560421622181e-10,
                9.357622961078037e-14
            ],
            [
                2.4133630732008703e-12,
                1.573710407202688e-11,
                3.978963032708505e-12,
                6.825604228679207e-08,
                0.9999999317218282
            ],
            [
                4.508755000148531e-12,
                1.5737101261689287e-11,
                6.560199815832999e-12,
                5.315784968935937e-08,
                0.9999999468153442
            ]
        ],
        [
            [
                0.999999999994891,
                5.109089026421001e-12,
                0.0,
                0.0,
                0.0
            ],
            [
                0.9999999981810384,
                1.8189616835926002e-09,
                0.0,
                0.0,
                0.0
            ],
            [
                4.420228088373483e-14,
                1.7832472846552133e-11,
                0.9999999965837012,
                3.3982678077572835e-09,
                1.5428111978629405e-13
            ],
            [
                4.5055572877889644e-12,
                7.98629138296018e-11,
                5.488892444809259e-11,
                0.0007096703434789904,
                0.9992903295172637
            ],
            [
                2.12978515614949e-12,
                8.423463695908614e-12,
                2.12978515614949e-12,
                6.348800071906737e-09,
                0.9999999936385169
            ]
        ],
        [
            [
                0.999999999987744,
                1.2256067440926376e-11,
                0.0,
                0.0,
                0.0
            ],
            [
                0.9999999847700205,
                1.522997950794246e-08,
                0.0,
                0.0,
                0.0
            ],
            [
                3.9008376062195307e-14,
                1.2256067431653812e-11,
                0.9999999990139306,
                9.736200303122745e-10,
                1.542811201625209e-13
            ],
            [
                7.433681607015506e-12,
                1.3887945611144984e-11,
                4.508755809196783e-12,
                3.0590235896402105e-07,
                0.9999996940718107
            ],
            [
                2.7346983525503363e-12,
                1.3887944174536635e-11,
                3.978962624531279e-12,
                6.475946144249549e-07,
                0.999999352384784
            ]
        ],
        [
            [
                0.9999999999915765,
                8.423463750005733e-12,
                0.0,
                0.0,
                0.0
            ],
            [
                0.9999999992417439,
                7.582560419761544e-10,
                0.0,
                0.0,
                0.0
            ],
            [
                6.431393935945115e-14,
                4.27778786530614e-11,
                0.9999999991986772,
                7.582560421419335e-10,
                2.2447770530988824e-13
            ],
            [
                1.0060393598540539e-12,
                1.2256068425652e-11,
                3.5114223945960163e-12,
                1.125351837318714e-07,
                0.9999998874480428
            ],
            [
                7.835041766659051e-13,
                6.560200152743178e-12,
                1.658678355017821e-12,
                1.8189616832801133e-09,
                0.999999998172036
            ]
        ],
        [
            [
                0.9999999999964886,
                3.5114221122533697e-12,
                0.0,
                0.0,
                0.0
            ],
            [
                0.9999999999294713,
                7.052879848877676e-11,
                0.0,
                0.0,
                0.0
            ],
            [
                5.008774631289947e-14,
                2.0206839063783226e-11,
                0.9999999987293358,
                1.250152864751023e-09,
                2.543665644048751e-13
            ],
            [
                0.9999999999094393,
                9.056076985984699e-11,
                0.0,
                0.0,
                0.0
            ],
            [
                8.42346353881735e-12,
                1.783247245161259e-11,
                5.109088897264202e-12,
                2.5109990914592363e-08,
                0.9999999748586441
            ]
        ],
        [
            [
                0.999999999986112,
                1.3887943860893612e-11,
                0.0,
                0.0,
                0.0
            ],
            [
                0.999999999683912,
                3.1608814521811016e-10,
                0.0,
                0.0,
                0.0
            ],
            [
                7.287724075855561e-14,
                5.492788335907634e-11,
                0.9999999972983322,
                2.6465736316590428e-09,
                9.357622943205723e-14
            ],
            [
                1.8795288585527607e-12,
                1.3887944175405441e-11,
                3.511422191868395e-12,
                6.475946144654675e-07,
                0.9999993523861067
            ],
            [
                1.6586785661447455e-12,
                9.5450361153699e-12,
                2.413363073351833e-12,
                6.825604229106168e-08,
                0.9999999317303406
            ]
        ],
        [
            [
                0.9999999999969011,
                3.0988191380384815e-12,
                0.0,
                0.0,
                0.0
            ],
            [
                0.999999974890009,
                2.510999092074342e-08,
                0.0,
                0.0,
                0.0
            ],
            [
                1.8426252146146504e-14,
                6.101936677244657e-13,
                0.9999999999958209,
                3.5114221131689625e-12,
                3.9008376099501485e-14
            ],
            [
                2.413363026424852e-12,
                1.2256068737022504e-11,
                3.09881946562396e-12,
                8.764249144005968e-08,
                0.9999999123397404
            ],
            [
                2.7346932904402702e-12,
                1.5737073327222494e-11,
                3.511415691770739e-12,
                2.260325273344055e-06,
                0.9999977396527434
            ]
        ],
        [
            [
                0.9999999999572222,
                4.277787867431236e-11,
                0.0,
                0.0,
                0.0
            ],
            [
                0.9999999993308415,
                6.691586084417259e-10,
                0.0,
                0.0,
                0.0
            ],
            [
                2.882350720283593e-13,
                1.9171714650960217e-10,
                0.9999999746975843,
                2.5109990920089593e-08,
                4.193795551931217e-13
            ],
            [
                2.0206840721113054e-11,
                2.289735030449701e-11,
                8.423464434325115e-12,
                1.1253518380195581e-07,
                0.9999998874132885
            ],
            [
                5.789356265314374e-12,
                1.5737101934479586e-11,
                5.1090889720986565e-12,
                1.0467401680085338e-08,
                0.9999999895059627
            ]
        ],
        [
            [
                0.9999999999771028,
                2.2897348449537502e-11,
                0.0,
                0.0,
                0.0
            ],
            [
                0.9999999936511998,
                6.3488000728154605e-09,
                0.0,
                0.0,
                0.0
            ],
            [
                1.9810087970985696e-13,
                2.172439934036766e-10,
                0.999999999590768,
                1.9171715128385284e-10,
                7.287724092323328e-14
            ],
            [
                2.413362768308256e-12,
                6.5602001585719494e-12,
                1.8795288137938432e-12,
                8.59216660662439e-10,
                0.9999999991299302
            ],
            [
                6.914400969009971e-13,
                7.433681599164533e-12,
                1.8795290508739418e-12,
                6.825604227333689e-08,
                0.9999999317339531
            ]
        ],
        [
            [
                0.9999999999842628,
                1.57371021016374e-11,
                0.0,
                0.0,
                0.0
            ],
            [
                0.999999996149258,
                3.850741906167001e-09,
                0.0,
                0.0,
                0.0
            ],
            [
                8.258073279995878e-14,
                2.0206839076617195e-11,
                0.9999999993889559,
                5.905303994968083e-10,
                2.244777053509598e-13
            ],
            [
                2.734437625676147e-12,
                2.5943621853414703e-11,
                1.2254899220513957e-11,
                9.610239971765311e-05,
                0.9999038975593494
            ],
            [
                7.835042778109502e-13,
                8.423464822092758e-12,
                2.734698638198676e-12,
                1.855391597775838e-07,
                0.9999998144488985
            ]
        ],
        [
            [
                0.9999999999972653,
                2.734698290820772e-12,
                0.0,
                0.0,
                0.0
            ],
            [
                0.9999999999740539,
                2.5946094973885077e-11,
                0.0,
                0.0,
                0.0
            ],
            [
                1.3615261069094928e-13,
                7.052879844998776e-11,
                0.9999999991709587,
                7.582560421339399e-10,
                1.2015425721356904e-13
            ],
            [
                3.0988190835764224e-12,
                1.0815941364809324e-11,
                2.734698242926227e-12,
                1.7257827680846492e-08,
                0.9999999827255229
            ],
            [
                6.101936631464654e-13,
                7.433680616141345e-12,
                1.2917799950180164e-12,
                7.194132975925914e-09,
                0.9999999927965313
            ]
        ],
        [
            [
                0.9999999999924463,
                7.433680669631588e-12,
                0.0,
                0.0,
                1.2015425727374345e-13
            ],
            [
                0.9999999998973812,
                1.0261879626970978e-10,
                0.0,
                0.0,
                0.0
            ],
            [
                1.4421965859353767e-07,
                0.8807969412114519,
                0.11920288941688441,
                2.506161879687592e-08,
                9.03863104816916e-11
            ],
            [
                3.5114221923717566e-12,
                1.2256067719819979e-11,
                3.978962625350579e-12,
                6.475946145583e-07,
                0.999999352385639
            ],
            [
                1.1399918466308672e-12,
                8.423463707079022e-12,
                2.7346982762067162e-12,
                4.9444504741216256e-09,
                0.9999999950432514
            ]
        ],
        [
            [
                0.9999999999972653,
                2.7346982907190972e-12,
                0.0,
                0.0,
                0.0
            ],
            [
                0.9999999995400946,
                4.5990553750828534e-10,
                0.0,
                0.0,
                0.0
            ],
            [
                5.6756852303366875e-14,
                2.020683908204772e-11,
                0.9999999996214073,
                3.5817479288342247e-10,
                1.5428112025677607e-13
            ],
            [
                0.999999999994891,
                5.109089026205803e-12,
                0.0,
                0.0,
                0.0
            ],
            [
                9.544944621070064e-12,
                3.7750988292360177e-11,
                1.573695322441299e-11,
                1.0129988101139146e-05,
                0.999989869948866
            ]
        ],
        [
            [
                0.9999999999942106,
                5.789356326865046e-12,
                0.0,
                0.0,
                0.0
            ],
            [
                0.9999999677581337,
                3.224186631621326e-08,
                0.0,
                0.0,
                0.0
            ],
            [
                3.900837608140323e-14,
                2.0206839079652677e-11,
                0.9999999995197126,
                4.599055376246711e-10,
                1.3615261073774868e-13
            ],
            [
                3.97896242071392e-12,
                1.2256067089494694e-11,
                3.5114220117805386e-12,
                2.8453347266593305e-08,
                0.9999999715269062
            ],
            [
                1.2917799718720363e-12,
                8.423463539842669e-12,
                1.6586783166518703e-12,
                2.5109990917648795e-08,
                0.9999999748786352
            ]
        ],
        [
            [
                0.9999999999972653,
                2.7346982907192947e-12,
                0.0,
                0.0,
                0.0
            ],
            [
                0.9999999992417439,
                7.582560420045066e-10,
                0.0,
                0.0,
                0.0
            ],
            [
                8.878265338519682e-13,
                4.599055306161614e-10,
                0.9999999843084435,
                1.522997950465639e-08,
                7.835041661567793e-13
            ],
            [
                1.8795217078118786e-12,
                1.0815900649385096e-11,
                3.511408832525649e-12,
                2.9023121993946437e-06,
                0.9999970976715937
            ],
            [
                3.0988190592320624e-12,
                1.3887943508715618e-11,
                3.5114220233028095e-12,
                2.5109990913327597e-08,
                0.999999974869511
            ]
        ],
        [
            [
                0.9999999999969011,
                3.0988191378469237e-12,
                0.0,
                0.0,
                0.0
            ],
            [
                0.9999999907625504,
                9.237449574062104e-09,
                0.0,
                0.0,
                0.0
            ],
            [
                1.3615261057546734e-13,
                2.940077734242319e-11,
                0.9999999983649468,
                1.6052280524326892e-09,
                2.882350788501234e-13
            ],
            [
                7.433681600614541e-12,
                1.2256068974545369e-11,
                4.508755805314403e-12,
                6.825604228665086e-08,
                0.9999999317197592
            ],
            [
                4.508755605918057e-12,
                1.5737103376032688e-11,
                3.098819388636174e-12,
                1.1253518379502431e-07,
                0.9999998874414715
            ]
        ],
        [
            [
                0.999999999987744,
                1.2256067439555455e-11,
                0.0,
                0.0,
                0.0
            ],
            [
                0.9999999950555496,
                4.944450475719313e-09,
                0.0,
                0.0,
                0.0
            ],
            [
                6.91440008632565e-13,
                2.789468084552421e-10,
                0.9999999970735336,
                2.6465736310186375e-09,
                2.5436656397932527e-13
            ],
            [
                6.914400975731428e-13,
                5.789357056160638e-12,
                1.6586785673264118e-12,
                3.0590235893831307e-07,
                0.9999996940895016
            ],
            [
                2.1297851375153295e-12,
                7.43368055563353e-12,
                1.8795287870279847e-12,
                1.5229979505581722e-08,
                0.9999999847585774
            ]
        ],
        [
            [
                0.9999999999821676,
                1.7832472903427695e-11,
                0.0,
                0.0,
                0.0
            ],
            [
                0.999999999683912,
                3.1608814525352925e-10,
                0.0,
                0.0,
                0.0
            ],
            [
                9.357622966140404e-14,
                3.775134543189932e-11,
                0.999999999744805,
                2.1724399344522458e-10,
                1.0603575988464605e-13
            ],
            [
                9.544944622800209e-12,
                2.940049924913877e-11,
                5.789301558987564e-12,
                1.0129988102975339e-05,
                0.9999898699671622
            ],
            [
                7.835027636292896e-13,
                1.0815922025509119e-11,
                2.4133584137047797e-12,
                1.7603431332659472e-06,
                0.999998239642854
            ]
        ],
        [
            [
                0.9999999999969011,
                3.0988191377319347e-12,
                0.0,
                0.0,
                0.0
            ],
            [
                0.9999999999094393,
                9.05607698560678e-11,
                0.0,
                0.0,
                0.0
            ],
            [
                5.0087746204468543e-14,
                1.225606740153128e-11,
                0.9999999965890065,
                3.3982678076920884e-09,
                4.1937956438135064e-13
            ],
            [
                1.4637785062722543e-12,
                1.0815941499254598e-11,
                2.7346982769193158e-12,
                4.944450475410036e-09,
                0.9999999950405352
            ],
            [
                6.101936961103009e-13,
                7.433681017723071e-12,
                2.1297852699061996e-12,
                5.043472050168162e-07,
                0.9999994956426214
            ]
        ],
        [
            [
                0.999999999979793,
                2.020683908342271e-11,
                0.0,
                0.0,
                0.0
            ],
            [
                0.9999999996418252,
                3.5817479278673375e-10,
                0.0,
                0.0,
                0.0
            ],
            [
                5.6756850491353376e-14,
                2.594609414391607e-11,
                0.9999999677318042,
                3.224186633017366e-08,
                3.2661312371919927e-13
            ],
            [
                1.197446268541803e-11,
                2.725375145214647e-10,
                3.0882546298267546e-10,
                0.022977367814115364,
                0.9770226315925472
            ],
            [
                1.0060392682219696e-12,
                4.508755192721306e-12,
                8.878265380843612e-13,
                1.0467401679656144e-08,
                0.9999999895261956
            ]
        ],
        [
            [
                0.9999999999821676,
                1.7832472902843198e-11,
                0.0,
                0.0,
                0.0
            ],
            [
                0.9999998874641248,
                1.1253518375791723e-07,
                6.914400662294551e-13,
                0.0,
                0.0
            ],
            [
                3.9008376089580815e-14,
                8.423463751828495e-12,
                0.9999999997125177,
                2.7894680919946263e-10,
                7.287724093535512e-14
            ],
            [
                1.6586783259876726e-12,
                1.081594134257756e-11,
                3.978962456850532e-12,
                1.9555680699649086e-08,
                0.9999999804278658
            ],
            [
                4.752193446106202e-13,
                5.109089440187342e-12,
                1.1399919450016533e-12,
                1.125351837968947e-07,
                0.9999998874580919
            ]
        ],
        [
            [
                0.9999999999975866,
                2.4133627710639403e-12,
                0.0,
                0.0,
                0.0
            ],
            [
                0.9999999998307534,
                1.6918979218566024e-10,
                0.0,
                0.0,
                5.675685230088145e-14
            ],
            [
                4.193795650652349e-13,
                5.211412478286354e-10,
                0.9999999982279983,
                1.2501528640832979e-09,
                2.8823507881335687e-13
            ],
            [
                0.9999999998308102,
                1.6918979216408704e-10,
                0.0,
                0.0,
                0.0
            ],
            [
                1.0815942698715093e-11,
                1.783247479004532e-11,
                3.511422483944383e-12,
                8.76424914435346e-08,
                0.9999999123253488
            ]
        ],
        [
            [
                0.9999999999981204,
                1.8795288159409755e-12,
                0.0,
                0.0,
                0.0
            ],
            [
                0.9999999804443194,
                1.9555680690585694e-08,
                0.0,
                0.0,
                0.0
            ],
            [
                9.730817269218099e-10,
                0.0005527785800638898,
                0.999447209976821,
                1.0461614477266328e-08,
                8.418806509053764e-12
            ],
            [
                2.734698635334453e-12,
                9.545036122620116e-12,
                2.734698635334453e-12,
                3.0590235895274105e-07,
                0.9999996940826267
            ],
            [
                1.4637786267993305e-12,
                1.2256068387502492e-11,
                2.1297853348946465e-12,
                8.315279901026973e-07,
                0.9999991684561602
            ]
        ],
        [
            [
                0.9999999999981204,
                1.87952881594084e-12,
                0.0,
                0.0,
                0.0
            ],
            [
                0.9999999999450722,
                5.4927883489155385e-11,
                0.0,
                0.0,
                0.0
            ],
            [
                3.266131338776214e-13,
                1.9171715114037764e-10,
