{
    "[['A', 'B', 'C', 'D', 'E'], ['A', 'B', 'C', 'D', 'E']]": [
        [
            [
                0.9999999907615688,
                9.237449571817033e-09,
                7.835041708597731e-13,
                0.0,
                1.9810087787151805e-13
            ],
            [
                0.14804714885883996,
                0.8519525159807891,
                3.3463516274392687e-07,
                5.03103619017648e-10,
                2.2104830314474452e-11
            ],
            [
                3.442477076534759e-14,
                5.7893562750238745e-12,
                0.9999999907565021,
                9.2374495762765e-09,
                2.2447770341965967e-13
            ],
            [
                7.835041776962881e-13,
                5.109089022780478e-12,
                7.835041776962881e-13,
                6.691586084373617e-10,
                0.9999999993241653
            ],
            [
                4.2777878646224504e-11,
                4.2777878646224504e-11,
                3.5114221098086483e-12,
                4.058652122351804e-10,
                0.9999999995050677
            ]
        ],
        [
            [
                0.9999999998837177,
                1.1628233023519527e-10,
                0.0,
                0.0,
                0.0
            ],
            [
                0.37754063888564354,
                0.6224592812882304,
                7.937541187494769e-08,
                4.1652393425638854e-10,
                3.419036657025657e-11
            ],
            [
                5.00877463755867e-14,
                1.139991852979527e-12,
                0.999999999980884,
                1.78324729071323e-11,
                9.357622968308031e-14
            ],
            [
                6.101936670307232e-13,
                3.9789625310782856e-12,
                1.1399918516808923e-12,
                5.21141248165554e-10,
                0.9999999994731297
            ],
            [
                3.098819135810418e-12,
                5.789356323291426e-12,
                8.878265470118337e-13,
                7.052879844485827e-11,
                0.9999999999196951
            ]
        ],
        [
            [
                0.9999999998308102,
                1.6918979216417087e-10,
                0.0,
                0.0,
                0.0
            ],
            [
                0.9999999397623741,
                6.023574634632752e-08,
                1.8795290651469065e-12,
                0.0,
                0.0
            ],
            [
                1.5428111729226864e-13,
                2.020683869377387e-11,
                0.9999999804232668,
                1.9555680704177595e-08,
                6.914399971283054e-13
            ],
            [
                7.835041778461209e-13,
                3.978962532483868e-12,
                7.835041778461209e-13,
                3.1608814516497797e-10,
                0.999999999678366
            ],
            [
                1.6586783571543754e-12,
                5.1090890226425876e-12,
                6.914400099604033e-13,
                7.991959884474471e-11,
                0.9999999999126212
            ]
        ],
        [
            [
                0.9999999998837177,
                1.1628233024700073e-10,
                0.0,
                0.0,
                0.0
            ],
            [
                0.0003353487671946297,
                0.9996609248617301,
                3.725388243798222e-06,
                9.732895579633163e-10,
                9.541795076239868e-12
            ],
            [
                1.3615260355976436e-13,
                2.9400775827453186e-11,
                0.9999999468117255,
                5.3157849713949917e-08,
                8.878265005752373e-13
            ],
            [
                1.2917800038251717e-12,
                3.51142211076472e-12,
                6.101936673066711e-13,
                2.1724399334631588e-10,
                0.9999999997773426
            ],
            [
                2.7346982888294488e-12,
                9.545034913198816e-12,
                1.463778512647289e-12,
                4.05865212237589e-10,
                0.9999999995803912
            ]
        ],
        [
            [
                0.999999999989184,
                1.0815941553288886e-11,
                0.0,
                0.0,
                0.0
            ],
            [
                0.9706877694568492,
                0.02931222795192877,
                2.5689957769690704e-09,
                2.2226168440440474e-11,
                0.0
            ],
            [
                3.900837607236747e-14,
                5.109089024207488e-12,
                0.9999999993252182,
                6.691586086242632e-10,
                4.752193059184665e-13
            ],
            [
                4.752193049174692e-13,
                3.098819129855819e-12,
                7.835041762647614e-13,
                2.3355930321169904e-09,
                0.9999999976600493
            ],
            [
                3.0988191362717263e-12,
                1.783247289404704e-11,
                2.4133627699250746e-12,
                2.4616969498690296e-10,
                0.9999999997304856
            ]
        ],
        [
            [
                0.9999999999972653,
                2.734698290604282e-12,
                0.0,
                0.0,
                0.0
            ],
            [
                4.539729204522671e-05,
                0.9999415917734158,
                1.3006541935420404e-05,
                4.3632045765022255e-09,
                2.939904118263914e-11
            ],
            [
                8.258073275502678e-14,
                1.0815941544118543e-11,
                0.9999999988852353,
                1.1032560310004682e-09,
                6.101936670176927e-13
            ],
            [
                3.5114221065252046e-12,
                8.423463738033216e-12,
                1.4637785112698592e-12,
                1.4166087838791816e-09,
                0.9999999985699926
            ],
            [
                3.5114221079420454e-12,
                1.3887943843470288e-11,
                1.879528813630223e-12,
                8.592166605876409e-10,
                0.9999999991215045
            ]
        ],
        [
            [
                0.9999999992417439,
                7.582560419764125e-10,
                0.0,
                0.0,
                0.0
            ],
            [
                0.9820137866857626,
                0.01798621152230753,
                1.7862447578575813e-09,
                5.68522551317517e-12,
                0.0
            ],
            [
                6.431393894737125e-14,
                2.0206838943448396e-11,
                0.9999999927849044,
                7.1941329780703e-09,
                6.914400056716979e-13
            ],
            [
                1.1399918520240735e-12,
                6.560200162282462e-12,
                8.878265470513695e-13,
                2.172439933134704e-10,
                0.999999999774168
            ],
            [
                1.879528815166069e-12,
                5.7893563245014696e-12,
                8.878265471973998e-13,
                3.1608814520046376e-10,
                0.9999999996753552
            ]
        ],
        [
            [
                0.9999999988967441,
                1.1032560307774613e-09,
                0.0,
                0.0,
                0.0
            ],
            [
                0.9999997617611363,
                2.3823698428533164e-07,
                1.8795289548795764e-12,
                0.0,
                0.0
            ],
            [
                3.037975368286269e-14,
                6.560200131105278e-12,
                0.9999999943902864,
                5.602796405895671e-09,
                3.266131324342085e-13
            ],
            [
                2.129785168985934e-12,
                6.560200162086211e-12,
                8.878265470248098e-13,
                2.4616969495385467e-10,
                0.9999999997442526
            ],
            [
                7.835041777746156e-13,
                5.109089023291238e-12,
                1.1399918519795586e-12,
                5.211412483020877e-10,
                0.9999999994718263
            ]
        ],
        [
            [
                0.9999999976637155,
                2.3355930310676373e-09,
                6.914400084050913e-13,
                0.0,
                0.0
            ],
            [
                9.60968074477661e-05,
                0.9998456136645577,
                5.828566001757148e-05,
                3.850147168907904e-09,
                1.7829718651355603e-11
            ],
            [
                3.9786669007693384e-12,
                6.691088909554916e-10,
                0.999925153039306,
                7.484619705258408e-05,
                9.055404127359724e-11
            ],
            [
                1.1399918519822979e-12,
                9.54503491394813e-12,
                1.1399918519822979e-12,
                4.5990553743676705e-10,
                0.9999999995282693
            ],
            [
                4.508755236864666e-12,
                3.331544538154037e-11,
                2.413362768926659e-12,
                4.05865212158762e-10,
                0.9999999995538973
            ]
        ],
        [
            [
                0.9999999979382217,
                2.0611536169717423e-09,
                3.701011668776447e-13,
                0.0,
                2.5436656406303364e-13
            ],
            [
                0.014063613932424562,
                0.9859355652599251,
                8.198340307537251e-07,
                9.599269590406218e-10,
                1.3692622679309777e-11
            ],
            [
                1.2917456064318278e-12,
                3.160797284316211e-10,
                0.999972463972591,
                2.7535689831256153e-05,
                2.0206301009430497e-11
            ],
            [
                1.1399918516794062e-12,
                5.109089021946047e-12,
                7.835041775683239e-13,
                6.691586083280729e-10,
                0.9999999993238089
            ],
            [
                3.775134538232948e-11,
                3.3315445368307036e-11,
                2.129785167544781e-12,
                6.691586080575725e-10,
                0.9999999992576447
            ]
        ],
        [
            [
                0.9999999778400356,
                2.2159489265509906e-08,
                4.752192953859344e-13,
                0.0,
                0.0
            ],
            [
                0.9933071476623543,
                0.00669285147679612,
                8.534657033807297e-10,
                7.383925131967037e-12,
                0.0
            ],
            [
                2.5436658531499883e-13,
                1.162823397090166e-10,
                0.9999998873458661,
                1.1253518382293511e-07,
                2.4133629670652625e-12
            ],
            [
                1.4637785123655682e-12,
                9.545034911361765e-12,
                1.2917800032325008e-12,
                6.691586083245477e-10,
                0.9999999993185409
            ],
            [
                1.2256067432523547e-11,
                2.2897348434828835e-11,
                2.7346982890089344e-12,
                3.1608814513282194e-10,
                0.9999999996460238
            ]
        ],
        [
            [
                0.9999999988967441,
                1.1032560300518196e-09,
                0.0,
                0.0,
                0.0
            ],
            [
                0.996827316226131,
                0.0031726831010626543,
                6.670356239438079e-10,
                5.770988907985222e-12,
                0.0
            ],
            [
                1.3615261717655942e-13,
                4.277788069032856e-11,
                0.999999495606782,
                5.043472051720465e-07,
                3.098819283647598e-12
            ],
            [
                3.978962531334373e-12,
                1.3887943849247471e-11,
                2.1297851685455743e-12,
                5.905303992261192e-10,
                0.9999999993894728
            ],
            [
                3.978962532335027e-12,
                9.545034914439257e-12,
                8.878265470645165e-13,
                4.5990553746043093e-10,
                0.9999999995256827
            ]
        ],
        [
            [
                0.999999999782756,
                2.1724399336073245e-10,
                0.0,
                0.0,
                0.0
            ],
            [
                0.9999251537757923,
                7.484619826355074e-05,
                2.5944167171981937e-11,
                0.0,
                0.0
            ],
            [
                1.6586689621919502e-12,
                4.0586291334543745e-10,
                0.9999952144910713,
                4.78509484696634e-06,
                6.560163003396214e-12
            ],
            [
                1.4637785130308577e-12,
                5.789356324399641e-12,
                1.0060392785307e-12,
                1.4930946750801815e-10,
                0.9999999998424314
            ],
            [
                1.879528813053177e-12,
                1.0815941537225686e-11,
                1.2917800023901699e-12,
                1.250152864068121e-09,
                0.9999999987358599
            ]
        ],
        [
            [
                0.9999999997538302,
                2.461696950326962e-10,
                0.0,
                0.0,
                0.0
            ],
            [
                0.004070106654418022,
                0.9959220335366216,
                7.857150373723621e-06,
                2.635782825871715e-09,
                2.280398963106207e-11
            ],
            [
                2.2777821215935654e-11,
                1.8094664627440225e-09,
                0.9947798669316368,
                0.005220125662569661,
                5.573549086096249e-09
            ],
            [
                2.7346982880877295e-12,
                1.2256067428394995e-11,
                1.2917800031307552e-12,
                8.592166608164413e-10,
                0.9999999991245008
            ],
            [
                5.789356324340523e-12,
                1.225606743480558e-11,
                1.879528815113817e-12,
                2.1724399334316334e-10,
                0.999999999762831
            ]
        ],
        [
            [
                0.9999999999294713,
                7.052879848383604e-11,
                0.0,
                0.0,
                0.0
            ],
            [
                0.4999999719186603,
                0.49999997169069765,
                5.626755725304651e-08,
                1.2308478173288623e-10,
                0.0
            ],
            [
                1.7482342099624022e-13,
                5.49278860762126e-11,
                0.9999994955949575,
                5.043472051518001e-07,
                2.7346984193786384e-12
            ],
            [
                1.8795288149471956e-12,
                6.560200162597545e-12,
                1.291780003691909e-12,
                3.1608814516365494e-10,
                0.9999999996741804
            ],
            [
                6.914400100886195e-13,
                4.508755238347116e-12,
                8.878265470686158e-13,
                2.789468090426564e-10,
                0.9999999997149651
            ]
        ],
        [
            [
                0.999999999987744,
                1.2256067438972535e-11,
                0.0,
                0.0,
                0.0
            ],
            [
                0.9999998144591816,
                1.8553915964423147e-07,
                1.6586785679497433e-12,
                0.0,
                0.0
            ],
            [
                6.559712746248337e-12,
                7.581997044789873e-10,
                0.9999251527221471,
                7.484619702884418e-05,
                3.160646601287589e-10
            ],
            [
                1.8795288152856372e-12,
                1.081594155007261e-11,
                1.2917800039245162e-12,
                1.3176514261308133e-10,
                0.9999999998542477
            ],
            [
                1.879528815001871e-12,
                7.433680666272396e-12,
                7.835041778656335e-13,
                2.172439933302241e-10,
                0.9999999997726592
            ]
        ],
        [
            [
                0.9999999973534264,
                2.646573630830089e-09,
                0.0,
                0.0,
                0.0
            ],
            [
                0.02931222887364858,
                0.9706876859649857,
                8.507345942871135e-08,
                8.790620473927299e-11,
                0.0
            ],
            [
                1.0603575962321773e-13,
                1.5737102063523183e-11,
                0.9999999973365772,
                2.646573631620497e-09,
                1.0060392765127013e-12
            ],
            [
                3.0988191353384036e-12,
                1.225606743071779e-11,
                1.4637785125276934e-12,
                4.0586521220442845e-10,
                0.9999999995773161
            ],
            [
                1.4637785121622853e-12,
                7.433680662380085e-12,
                7.83504177455387e-13,
                3.581747925478353e-10,
                0.9999999996321443
            ]
        ],
        [
            [
                0.9999999991407833,
                8.592166604404961e-10,
                0.0,
                0.0,
                0.0
            ],
            [
                0.9399133398562293,
                0.060086654136242396,
                5.967320900100333e-09,
                4.0207491951411025e-11,
                0.0
            ],
            [
                4.42022810013617e-14,
                5.1090890240120925e-12,
                0.9999999992364546,
                7.582560421899345e-10,
                1.361526107010037e-13
            ],
            [
                1.0060392777007693e-12,
                5.109089020026486e-12,
                6.914400096063523e-13,
                1.2501528644201928e-09,
                0.9999999987430406
            ],
            [
                5.38494021168332e-13,
                3.0988191352283704e-12,
                7.835041776231551e-13,
                1.4930946745139231e-10,
                0.9999999998462696
            ]
        ],
        [
            [
                0.9999999973534264,
                2.6465736310676206e-09,
                0.0,
                0.0,
                0.0
            ],
            [
                0.11920290109442351,
                0.880796829177113,
                2.6943782170364403e-07,
                2.7840946492873846e-10,
                1.2232458180702356e-11
            ],
            [
                4.420228091822757e-14,
                6.560200150613695e-12,
                0.9999999973464953,
                2.6465736318329422e-09,
                3.2661313340547536e-13
            ],
            [
                7.83504176606043e-13,
                4.508755231358801e-12,
                8.87826545692535e-13,
                2.0611536174392123e-09,
                0.9999999979326664
            ],
            [
                4.752193047684503e-13,
                5.7893563103513505e-12,
                6.914400084989258e-13,
                2.6465736305071164e-09,
                0.9999999973464704
            ]
        ],
        [
            [
                0.9999999999094393,
                9.056076985605285e-11,
                0.0,
                0.0,
                0.0
            ],
            [
                0.9626731157127276,
                0.0373268838931768,
                3.907153041139877e-10,
                3.3803497223888078e-12,
                0.0
            ],
            [
                3.9008376019919146e-14,
                8.423463736785763e-12,
                0.9999999979301593,
                2.061153618111699e-09,
                2.2447770503086453e-13
            ],
            [
                1.658678344500629e-12,
                1.2256067337596567e-11,
                2.734698267827862e-12,
                8.152020643630645e-09,
                0.9999999918313299
            ],
            [
                1.2917800026306437e-12,
                9.545034906914608e-12,
                1.658678356146704e-12,
                1.2501528643008456e-09,
                0.9999999987373516
            ]
        ],
        [
            [
                0.9999999995941349,
                4.058652122959646e-10,
                0.0,
                0.0,
                0.0
            ],
            [
                0.9984988178117703,
                0.0015011820370179568,
                1.49085232425508e-10,
                2.1265866276949668e-12,
                0.0
            ],
            [
                3.900837609120685e-14,
                5.789356327157428e-12,
                0.9999999997767295,
                2.172439934488669e-10,
                1.981008797510652e-13
            ],
            [
                1.1399918513786105e-12,
                8.423463742160366e-12,
                1.8795288137927346e-12,
                5.905303990315268e-10,
                0.9999999993980266
            ],
            [
                5.789356323584989e-12,
                1.2256067433206114e-11,
                1.2917800036378436e-12,
                2.7894680903896053e-10,
                0.9999999997017159
            ]
        ],
        [
            [
                0.9999999999094393,
                9.056076985607051e-11,
                0.0,
                0.0,
                0.0
            ],
            [
                0.9992903292419211,
                0.0007096703494049357,
                4.0557734093639073e-10,
                3.0966212110840325e-12,
                0.0
            ],
            [
                5.008774578234061e-14,
                9.545034809245133e-12,
                0.9999999881283971,
                1.1861120010184596e-08,
                8.878265372799389e-13
            ],
            [
                5.384940214364222e-13,
                4.508755239456569e-12,
                6.914400102587596e-13,
                1.0261879625242048e-10,
                0.9999999998916425
            ],
            [
                1.658678357673964e-12,
                6.560200163248426e-12,
                1.139991852191933e-12,
                2.1724399334545874e-10,
                0.999999999773397
            ]
        ],
        [
            [
                0.999999999782756,
                2.1724399340006925e-10,
                0.0,
                0.0,
                0.0
            ],
            [
                0.002472622905275217,
                0.9975272328225654,
                1.4414072016731006e-07,
                1.314393232226102e-10,
                0.0
            ],
            [
                1.5428111847974026e-13,
                2.2897348183457167e-11,
                0.9999999881150449,
                1.1861120009927176e-08,
                7.835041691649486e-13
            ],
            [
                5.789356320751217e-12,
                2.0206839062371206e-11,
                3.51142210853674e-12,
                7.58256041746091e-10,
                0.9999999992122364
            ],
            [
                8.878265471856138e-13,
                2.7346982895578467e-12,
                4.752193059236543e-13,
                7.052879845866333e-11,
                0.9999999999253735
            ]
        ],
        [
            [
                0.9999999998837177,
                1.1628233025189915e-10,
                0.0,
                0.0,
                0.0
            ],
            [
                0.9975273766615637,
                0.0024726229780561632,
                3.57289132196808e-10,
                3.0911566711542576e-12,
                0.0
            ],
            [
                1.9810087676189565e-13,
                2.5946094584210013e-11,
                0.9999999847417465,
                1.5229979510766854e-08,
                2.129785138240427e-12
            ],
            [
                1.4637785127259251e-12,
                5.109089023176901e-12,
                1.139991851954047e-12,
                3.5817479268575335e-10,
                0.9999999996341125
            ],
            [
                5.789356310935474e-12,
                1.388794382227561e-11,
                1.6586783538158276e-12,
                2.6465736307741456e-09,
                0.9999999973320903
            ]
        ],
        [
            [
                0.9999999988967441,
                1.1032560308183826e-09,
                0.0,
                0.0,
                0.0
            ],
            [
                0.014063628100625674,
                0.9859363123571154,
                5.9388581364281824e-08,
                1.472095753258407e-10,
                6.4679373398214574e-12
            ],
            [
                2.6810038643227956e-14,
                6.5602001596898655e-12,
                0.9999999987431241,
                1.2501528647738061e-09,
                1.3615261063330246e-13
            ],
            [
                7.835041781388714e-13,
                2.4133627707010257e-12,
                5.384940215227782e-13,
                1.4930946754967042e-10,
                0.9999999998469551
            ],
            [
                4.508755238407272e-12,
                7.433680665942697e-12,
                1.4637785128638052e-12,
                9.056076981864507e-11,
                0.9999999998960329
            ]
        ],
        [
            [
                0.9999999997210531,
                2.789468091090984e-10,
                0.0,
                0.0,
                0.0
            ],
            [
                0.8807970591991415,
                0.11920292125695328,
                1.9518008996791326e-08,
                2.5896112389551495e-11,
                0.0
            ],
            [
                5.008774601551735e-14,
                8.423463693435273e-12,
                0.999999992797139,
                7.194132978199294e-09,
                2.5436656289464405e-13
            ],
            [
                1.6586783577006828e-12,
                6.560200163354101e-12,
                1.463778513054956e-12,
                3.1608814520010786e-10,
                0.9999999996742293
            ],
            [
                2.7346982888319836e-12,
                8.423463745967584e-12,
                1.6586783572402727e-12,
                4.0586521223796515e-10,
                0.999999999581318
            ]
        ],
        [
            [
                0.9999999997210531,
                2.789468090957954e-10,
                0.0,
                0.0,
                0.0
            ],
            [
                0.0019267287649498558,
                0.9980703732541916,
                2.896720886368391e-06,
                1.2477397239950823e-09,
                1.2232409828539327e-11
            ],
            [
                3.900837581939522e-14,
                7.433680618534002e-12,
                0.9999999927979748,
                7.194132978241468e-09,
                4.193795628017401e-13
            ],
            [
                1.4637785132688613e-12,
                6.560200164312757e-12,
                1.2917800040296542e-12,
                1.1628233023412598e-10,
                0.9999999998744018
            ],
            [
                1.4637785129337516e-12,
                4.508755238622722e-12,
                6.914400101308851e-13,
                2.1724399333096987e-10,
                0.999999999776092
            ]
        ],
        [
            [
                0.999999999683912,
                3.160881452181623e-10,
                0.0,
                0.0,
                0.0
            ],
            [
                0.001926733367110554,
                0.9980727630857189,
                5.033755773073695e-07,
                1.6886385502651888e-10,
                2.729430006857965e-12
            ],
            [
                6.431394462568903e-14,
                1.573710338199392e-11,
                0.999999887447723,
                1.1253518383765278e-07,
                1.2917801094551242e-12
            ],
            [
                1.1399918511907783e-12,
                6.560200157487179e-12,
                7.835041772324953e-13,
                8.59216660520362e-10,
                0.9999999991322996
            ],
            [
                1.2917800035517409e-12,
                3.5114221100214583e-12,
                8.878265469976755e-13,
                9.05607698102007e-11,
                0.9999999999037481
            ]
        ],
        [
            [
                0.9999999993308415,
                6.691586084097465e-10,
                0.0,
                0.0,
                0.0
            ],
            [
                2.1391932758488838e-05,
                0.9975059777383856,
                0.002472570111882891,
                6.008553654172358e-08,
                1.3143657751627353e-10
            ],
            [
                2.7346515143180916e-12,
                2.4616548442554244e-10,
                0.9999832982454345,
                1.6701415106068756e-05,
                9.055922084616594e-11
            ],
            [
                7.835041763587148e-13,
                8.423463731378437e-12,
                1.6586783543674991e-12,
                2.0611536167885694e-09,
                0.9999999979279808
            ],
            [
                1.0060392783243991e-12,
                3.51142211002956e-12,
                5.384940212621319e-13,
                2.7894680902101113e-10,
                0.9999999997159972
            ]
        ],
        [
            [
                0.9999999990263799,
                9.73620030045078e-10,
                0.0,
                0.0,
                0.0
            ],
            [
                0.9999997617590369,
                2.3823698421895112e-07,
                3.978962827595398e-12,
                0.0,
                0.0
            ],
            [
                1.6586721022137672e-12,
                2.7894575707166233e-10,
                0.9999962730663928,
                3.7266391147706304e-06,
                1.3887891478252421e-11
            ],
            [
                6.101936671579921e-13,
                5.1090890230183174e-12,
                6.914400100112527e-13,
                5.211412482742492e-10,
                0.999999999472448
            ],
            [
                2.413362769582968e-12,
                1.225606743267179e-11,
                2.413362769582968e-12,
                2.461696949520071e-10,
                0.9999999997367475
            ]
        ],
        [
            [
                0.9999999997536322,
                2.461696950327184e-10,
                0.0,
                0.0,
                1.9810087968513754e-13
            ],
            [
                0.03732686675795705,
                0.9626725826727923,
                5.501681231094283e-07,
                3.907153105898906e-10,
                1.041221034271436e-11
            ],
            [
                3.0379753749996094e-14,
                5.789356308828828e-12,
                0.9999999965956579,
                3.3982678078129904e-09,
                2.5436656386326715e-13
            ],
            [
                2.7346982879344793e-12,
                1.3887943846390236e-11,
                1.658678356695909e-12,
                4.5990553725015236e-10,
                0.9999999995218132
            ],
            [
                1.2256067430171656e-11,
                1.081594154499443e-11,
                1.658678357029305e-12,
                5.905303992233237e-10,
                0.9999999993847388
            ]
        ],
        [
            [
                0.9999999970007125,
                2.99896081328494e-09,
                3.2661313301841244e-13,
                0.0,
                0.0
            ],
            [
                0.9999986290359127,
                1.370956653531723e-06,
                7.433667480822436e-12,
                0.0,
                0.0
            ],
            [
                1.981008843036718e-13,
                3.7751346300105515e-11,
                0.9999993523623268,
                6.475946146961447e-07,
                5.109089144088231e-12
            ],
            [
                4.752193051911275e-13,
                5.1090890163878565e-12,
                7.835041767159478e-13,
                1.8189616833962912e-09,
                0.9999999981746706
            ],
            [
                2.1297851686448663e-12,
                7.433680664286289e-12,
                1.1399918518074098e-12,
                3.160881450883985e-10,
                0.9999999996732083
            ]
        ],
        [
            [
                0.999999999683912,
                3.1608814524321483e-10,
                0.0,
                0.0,
                0.0
            ],
            [
                0.9999999943961975,
                5.602796400682291e-09,
                1.0060392726656297e-12,
                0.0,
                0.0
            ],
            [
                6.43139388170535e-14,
                1.3887943735947181e-11,
                0.9999999907479068,
                9.237449576156123e-09,
                6.9144000427065e-13
            ],
            [
                2.734698289307077e-12,
                1.225606743385973e-11,
                2.4133627698168872e-12,
                3.5817479272906866e-10,
                0.9999999996244211
            ],
            [
                2.1297851691530488e-12,
                5.789356323830306e-12,
                1.2917800036925813e-12,
                3.1608814516381945e-10,
                0.9999999996747009
            ]
        ],
        [
            [
                0.999999996601362,
                3.3982678046351374e-09,
                3.701011662408901e-13,
                0.0,
                0.0
            ],
            [
                0.9992903295603068,
                0.0007096703479057985,
                9.049653714941279e-11,
                1.2908637738536648e-12,
                0.0
            ],
            [
                5.675685231119461e-14,
                6.560200166404686e-12,
                0.9999999998239388,
                1.6918979221640334e-10,
                2.543665646698726e-13
            ],
            [
                8.878265470961091e-13,
                5.789356323840972e-12,
                6.914400101100313e-13,
                3.160881451644018e-10,
                0.9999999996765432
            ],
            [
                1.658678356942337e-12,
                5.109089021989463e-12,
                1.0060392780873026e-12,
                5.90530399192361e-10,
                0.9999999994016957
            ]
        ],
        [
            [
                0.9999999998837177,
                1.1628233024145967e-10,
                0.0,
                0.0,
                0.0
            ],
            [
                0.9997388094771185,
                0.00026119032992317977,
                1.9166708173822484e-10,
                1.2914426382215411e-12,
                0.0
            ],
            [
                8.877605832262313e-13,
                1.4929837407641316e-10,
                0.9999251535033289,
                7.484619718664797e-05,
                1.4929837407641316e-10
            ],
            [
                4.752193057638691e-13,
                4.508755237425281e-12,
                6.914400099472515e-13,
                3.1608814508998784e-10,
                0.9999999996782365
            ],
            [
                1.8795288144982893e-12,
                7.433680664280692e-12,
                1.4637785125365371e-12,
                4.058652122068806e-10,
                0.9999999995833577
            ]
        ],
        [
            [
                0.9999999996418252,
                3.581747926283081e-10,
                0.0,
                0.0,
                0.0
            ],
            [
                0.9968273157991148,
                0.0031726830953585586,
                1.0997558217637994e-09,
                5.77098890931238e-12,
                0.0
            ],
            [
                9.357622470878636e-14,
                1.7832471959199665e-11,
                0.999999946823218,
                5.31578497154739e-08,
                1.0060392257474061e-12
            ],
            [
                5.384940214047186e-13,
                2.734698289709381e-12,
                2.882350791460254e-13,
                2.7894680909487293e-10,
                0.9999999997174918
            ],
            [
                1.006039278343575e-12,
                4.508755238083193e-12,
                1.1399918519794882e-12,
                1.6918979210347272e-10,
                0.9999999998241553
            ]
        ],
        [
            [
                0.9999999961490036,
                3.850741904628544e-09,
                2.543665635394885e-13,
                0.0,
                0.0
            ],
            [
                0.999983298562024,
                1.670141507913283e-05,
                2.2896956758209314e-11,
                0.0,
                0.0
            ],
            [
                4.420228050967006e-14,
                1.2256067298048617e-11,
                0.9999999881261604,
                1.18611200099994e-08,
                4.1937956084036866e-13
            ],
            [
                3.511422105972583e-12,
                1.5737102073680793e-11,
                3.511422105972583e-12,
                1.416608783656238e-09,
                0.9999999985606314
            ],
            [
                3.978962531670948e-12,
                1.3887943850422236e-11,
                1.8795288145710667e-12,
                3.581747926532805e-10,
                0.9999999996220788
            ]
        ],
        [
            [
                0.9999999995941349,
                4.058652123179837e-10,
                0.0,
                0.0,
                0.0
            ],
            [
                0.9996646497484374,
                0.00033535005844652544,
                1.916528149257775e-10,
                1.4632872992680419e-12,
                0.0
            ],
            [
                1.2015427259786244e-13,
                3.3315449658424715e-11,
                0.9999998144252747,
                1.8553915985680694e-07,
                2.129785441802828e-12
            ],
            [
                1.4637785129412483e-12,
                5.7893563240452286e-12,
