{
    "[['A', 'B', 'C', 'D', 'E'], ['A', 'B', 'C', 'D', 'E']]": [
        [
            [
                0.9999999999969011,
                3.09881913760169e-12,
                0.0,
                0.0,
                0.0
            ],
            [
                0.9999998874642777,
                1.1253518382422513e-07,
                5.384940653437347e-13,
                0.0,
                0.0
            ],
            [
                4.752193665085907e-13,
                4.599055961557697e-10,
                0.9999998139988008,
                1.855391597776793e-07,
                1.658678569142737e-12
            ],
            [
                6.914399881133898e-13,
                6.560199953914721e-12,
                2.413362693019069e-12,
                3.2241866319631895e-08,
                0.9999999677484687
            ],
            [
                0.0,
                2.1297851665518117e-12,
                5.384940206619047e-13,
                1.6052280518663182e-09,
                0.9999999983921037
            ]
        ],
        [
            [
                0.999999999996021,
                3.9789625342053385e-12,
                0.0,
                0.0,
                0.0
            ],
            [
                0.9999991684705465,
                8.315279896630329e-07,
                1.4637786260253682e-12,
                0.0,
                0.0
            ],
            [
                8.258073278748732e-14,
                1.0815941548370037e-11,
                0.9999999992306208,
                7.582560421661549e-10,
                2.2447770531705885e-13
            ],
            [
                4.752193246673298e-13,
                1.0815941975845048e-11,
                2.7346983974202526e-12,
                3.9278636974829725e-07,
                0.9999996071996043
            ],
            [
                4.752193048660695e-13,
                5.1090890128931526e-12,
                1.0060392762961329e-12,
                2.646573631050773e-09,
                0.9999999973468361
            ]
        ],
        [
            [
                0.9999999999985363,
                1.463778513360509e-12,
                0.0,
                0.0,
                0.0
            ],
            [
                0.9997388096583845,
                0.000261190329362613,
                1.2252866614236993e-11,
                0.0,
                0.0
            ],
            [
                8.258073263266726e-14,
                1.388794382747936e-11,
                0.9999999973386722,
                2.6465736317658053e-09,
                7.835041763916991e-13
            ],
            [
                4.752193415201158e-13,
                9.545035630715218e-12,
                1.8795289559278545e-12,
                2.3823698441820464e-07,
                0.9999997617511158
            ],
            [
                4.1937956533674975e-13,
                3.0988191350183958e-12,
                1.291780003242177e-12,
                6.6915860832956e-10,
                0.9999999993260313
            ]
        ],
        [
            [
                0.9999999999981204,
                1.8795288158617366e-12,
                0.0,
                0.0,
                0.0
            ],
            [
                0.9999999998082829,
                1.9171715127845014e-10,
                0.0,
                0.0,
                0.0
            ],
            [
                8.258073276664308e-14,
                2.289734843180155e-11,
                0.999999999003202,
                9.736200302526426e-10,
                1.9810087959159926e-13
            ],
            [
                3.2661313291639457e-13,
                3.5114220987298674e-12,
                4.752193042949075e-13,
                3.85074190670562e-09,
                0.9999999961449448
            ],
            [
                4.752193057644269e-13,
                2.7346982886415564e-12,
                1.2917800033923646e-12,
                3.160881450903589e-10,
                0.9999999996794102
            ]
        ],
        [
            [
                0.9999999999942106,
                5.7893563270812e-12,
                0.0,
                0.0,
                0.0
            ],
            [
                0.9999999995400946,
                4.599055374888218e-10,
                0.0,
                0.0,
                0.0
            ],
            [
                7.287724092111347e-14,
                1.2256067437863003e-11,
                0.9999999995817124,
                4.058652124410455e-10,
                9.357622964078564e-14
            ],
            [
                5.384940132894659e-13,
                5.10908894755099e-12,
                1.8795287869202505e-12,
                1.5229979504708742e-08,
                0.9999999847624934
            ],
            [
                3.701011663149843e-13,
                4.508755223481608e-12,
                8.878265441414237e-13,
                3.850741906700024e-09,
                0.9999999961434913
            ]
        ],
        [
            [
                0.999999999990455,
                9.545034919329256e-12,
                0.0,
                0.0,
                0.0
            ],
            [
                0.9984988179161287,
                0.0015011820354704389,
                4.840088861580583e-11,
                0.0,
                0.0
            ],
            [
                2.4133399256624423e-12,
                6.348740014937728e-09,
                0.9999898636485496,
                1.0129988041083024e-05,
                1.2255951421670906e-11
            ],
            [
                1.4637729779902244e-12,
                1.3887891339571094e-11,
                2.4133536442885534e-12,
                2.9023121996853746e-06,
                0.9999970976700353
            ],
            [
                2.244777052978527e-13,
                2.413362769637376e-12,
                6.101936672053377e-13,
                3.160881451437713e-10,
                0.9999999996806639
            ]
        ],
        [
            [
                0.9999999999972653,
                2.7346982901584432e-12,
                0.0,
                0.0,
                0.0
            ],
            [
                0.9525741244896185,
                0.04742587539666211,
                1.1076749138903157e-10,
                2.9518536597302203e-12,
                0.0
            ],
            [
                2.2447770486478055e-13,
                1.4930946719581044e-10,
                0.999999997203668,
                2.646573631395204e-09,
                2.2447770486478055e-13
            ],
            [
                1.463778453040595e-12,
                1.081594110592288e-11,
                3.5114219668404614e-12,
                4.1399375460203717e-08,
                0.9999999585848334
            ],
            [
                6.914400095173854e-13,
                5.1090890193691035e-12,
                2.1297851673314945e-12,
                1.1032560304661248e-09,
                0.9999999988888137
            ]
        ],
        [
            [
                0.999999999987744,
                1.225606743955703e-11,
                0.0,
                0.0,
                0.0
            ],
            [
                0.9999999999450722,
                5.4927883486847506e-11,
                0.0,
                0.0,
                0.0
            ],
            [
                6.431393934024963e-14,
                8.423463744741149e-12,
                0.999999998887968,
                1.103256031069503e-09,
                2.8823507901158204e-13
            ],
            [
                1.0060335800634467e-12,
                1.5737012956064447e-11,
                3.978939994985394e-12,
                4.785094847823891e-06,
                0.9999952148844301
            ],
            [
                6.914400083976533e-13,
                4.508755227320631e-12,
                8.878265448973723e-13,
                2.998960814897348e-09,
                0.9999999969949511
            ]
        ],
        [
            [
                0.9999999999942106,
                5.789356325677634e-12,
                0.0,
                0.0,
                0.0
            ],
            [
                0.9999999715466527,
                2.845334726868085e-08,
                0.0,
                0.0,
                0.0
            ],
            [
                3.037975381537942e-14,
                1.225606742834484e-11,
                0.9999999987374406,
                1.2501528647797252e-09,
                1.2015425716326478e-13
            ],
            [
                2.882351097954747e-13,
                5.789356940356059e-12,
                1.4637786687690299e-12,
                8.76424914535605e-08,
                0.9999999123499672
            ],
            [
                4.1937956519503166e-13,
                3.0988191339712328e-12,
                1.13999185129671e-12,
                8.592166606002033e-10,
                0.9999999991361253
            ]
        ],
        [
            [
                0.9999999999964886,
                3.5114221123842036e-12,
                0.0,
                0.0,
                0.0
            ],
            [
                0.9999999895325983,
                1.046740168225596e-08,
                0.0,
                0.0,
                0.0
            ],
            [
                2.6810037566673875e-14,
                1.573710145463747e-11,
                0.9999999585843221,
                4.1399375472051226e-08,
                5.384939994574765e-13
            ],
            [
                2.2447770425841816e-13,
                3.978962513792498e-12,
                1.139991846728431e-12,
                4.9444504745447855e-09,
                0.9999999950502061
            ],
            [
                4.193795653623135e-13,
                3.978962531324484e-12,
                6.91440009909821e-13,
                6.691586083703494e-10,
                0.9999999993257516
            ]
        ],
        [
            [
                0.999999999996021,
                3.978962534394944e-12,
                0.0,
                0.0,
                0.0
            ],
            [
                0.9999999943972036,
                5.6027964041375444e-09,
                0.0,
                0.0,
                0.0
            ],
            [
                6.43139377947248e-14,
                3.7751344491994794e-11,
                0.9999999748519952,
                2.5109990925025694e-08,
                1.981008748155775e-13
            ],
            [
                0.0,
                2.734698229367529e-12,
                8.878265276446785e-13,
                2.2159489269156882e-08,
                0.9999999778368883
            ],
            [
                0.0,
                4.5087552269189665e-12,
                8.878265448182797e-13,
                2.9989608146301834e-09,
                0.9999999969956426
            ]
        ],
        [
            [
                0.9999999999942106,
                5.789356326866042e-12,
                0.0,
                0.0,
                0.0
            ],
            [
                0.9995694428642857,
                0.0004305571218322793,
                1.3881958853687235e-11,
                0.0,
                0.0
            ],
            [
                1.0603576231513944e-13,
                1.4930947099902862e-10,
                0.9999993522543112,
                6.475946146465587e-07,
                1.658678396454999e-12
            ],
            [
                4.752193284177366e-13,
                5.789356598458637e-12,
                7.835042150101522e-13,
                5.043472050824035e-07,
                0.9999994956457467
            ],
            [
                2.882350783753652e-13,
                3.978962522459592e-12,
                6.914400083693337e-13,
                2.9989608147745178e-09,
                0.9999999969960804
            ]
        ],
        [
            [
                0.9999999999942106,
                5.789356326346137e-12,
                0.0,
                0.0,
                0.0
            ],
            [
                0.9999994956513314,
                5.043472048434817e-07,
                1.4637785816303953e-12,
                0.0,
                0.0
            ],
            [
                3.4424771076656895e-14,
                3.97896253490761e-12,
                0.9999999998041151,
                1.9171715133103913e-10,
                1.542811202831431e-13
            ],
            [
                5.384909712554345e-13,
                9.544980851080386e-12,
                2.7346827997731904e-12,
                4.7850948482913015e-06,
                0.9999952148923336
            ],
            [
                3.7010116739107294e-13,
                3.978962530803677e-12,
                1.006039278010633e-12,
                6.69158608282763e-10,
                0.9999999993254862
            ]
        ],
        [
            [
                0.9999999999975866,
                2.413362770847348e-12,
                0.0,
                0.0,
                0.0
            ],
            [
                0.999999999683912,
                3.1608814523144265e-10,
                0.0,
                0.0,
                0.0
            ],
            [
                1.3615261051078067e-13,
                3.775134536011262e-11,
                0.9999999979004837,
                2.061153617924473e-09,
                4.752193052363484e-13
            ],
            [
                3.2661312778673195e-13,
                3.978962456748333e-12,
                6.914399969504292e-13,
                1.9555680699146802e-08,
                0.9999999804393223
            ],
            [
                2.5436656407150694e-13,
                3.511422104180107e-12,
                6.914400088831408e-13,
                2.3355930326824254e-09,
                0.9999999976599496
            ]
        ],
        [
            [
                0.9999999999964886,
                3.5114221121056905e-12,
                0.0,
                0.0,
                0.0
            ],
            [
                0.9999998144608403,
                1.8553915967179432e-07,
                0.0,
                0.0,
                0.0
            ],
            [
                9.3576229358898e-14,
                7.991959864812375e-11,
                0.9999999965215443,
                3.3982678075289766e-09,
                1.7482341221151163e-13
            ],
            [
                2.543665540886534e-13,
                4.508755053536095e-12,
                8.878265106771679e-13,
                4.139937545466957e-08,
                0.9999999585949737
            ],
            [
                4.752193051241361e-13,
                5.10908901566763e-12,
                1.2917800016518736e-12,
                2.0611536174377775e-09,
                0.9999999979319703
            ]
        ],
        [
            [
                0.9999999999985363,
                1.4637785136608276e-12,
                0.0,
                0.0,
                0.0
            ],
            [
                0.9999999973534264,
                2.646573631165749e-09,
                0.0,
                0.0,
                0.0
            ],
            [
                3.442477093270559e-14,
                1.3887943803645192e-11,
                0.9999999956224952,
                4.3634622336778985e-09,
                1.2015425678720605e-13
            ],
            [
                4.752192978242487e-13,
                6.560200051465555e-12,
                1.2917799818087225e-12,
                1.7257827680990117e-08,
                0.9999999827338452
            ],
            [
                7.835041740321825e-13,
                5.789356295670119e-12,
                1.2917799974091944e-12,
                4.944450473703007e-09,
                0.9999999950476848
            ]
        ],
        [
            [
                0.9999999999983413,
                1.6586783582378582e-12,
                0.0,
                0.0,
                0.0
            ],
            [
                0.029312227812224614,
                0.9706877679349076,
                4.235557996083478e-09,
                1.730975744435206e-11,
                0.0
            ],
            [
                2.128274564257193e-12,
                4.595793376476261e-10,
                0.9992903289507601,
                0.0007096703415372793,
                2.4599509278707974e-10
            ],
            [
                4.1937954337002286e-13,
                8.423463303188178e-12,
                1.6586782700518379e-12,
                5.315784969635392e-08,
                0.9999999468316487
            ],
            [
                3.266131333974336e-13,
                3.0988191303601787e-12,
                1.1399918499682773e-12,
                2.3355930324971287e-09,
                0.9999999976598415
            ]
        ],
        [
            [
                0.9999999999981204,
                1.879528815861978e-12,
                0.0,
                0.0,
                0.0
            ],
            [
                0.9999999881386256,
                1.1861120006905485e-08,
                2.5436656164015296e-13,
                0.0,
                0.0
            ],
            [
                6.431393936714434e-14,
                1.2256067435071281e-11,
                0.9999999993182966,
                6.69158608636355e-10,
                2.2447770533674013e-13
            ],
            [
                3.2661312848927875e-13,
                6.560200051869246e-12,
                1.1399918328371335e-12,
                1.7257827682052098e-08,
                0.9999999827341456
            ],
            [
                1.7482341246548026e-13,
                2.7346982859351014e-12,
                4.752193052941154e-13,
                1.605228051865168e-09,
                0.9999999983913872
            ]
        ],
        [
            [
                0.9999999999975866,
                2.4133627708472756e-12,
                0.0,
                0.0,
                0.0
            ],
            [
                0.9999998555019685,
                1.4449803154840945e-07,
                0.0,
                0.0,
                0.0
            ],
            [
                4.42022810063921e-14,
                8.423463748747918e-12,
                0.9999999994007776,
                5.905303994933499e-10,
                2.2447770534964516e-13
            ],
            [
                7.83504169980423e-13,
                6.560200096766321e-12,
                1.2917799907289722e-12,
                1.0467401680839414e-08,
                0.9999999895239627
            ],
            [
                5.384940901921063e-13,
                5.789357064279524e-12,
                1.6586785696525115e-12,
                1.8553915983470248e-07,
                0.9999998144528537
            ]
        ],
        [
            [
                0.9999999999981204,
                1.8795288157721737e-12,
                0.0,
                0.0,
                0.0
            ],
            [
                0.9999999973534264,
                2.6465736310676206e-09,
                0.0,
                0.0,
                0.0
            ],
            [
                1.0603575913648467e-13,
                3.331544517698695e-11,
                0.999999992772026,
                7.1941329774898264e-09,
                4.1937956275792346e-13
            ],
            [
                4.752193041246247e-13,
                7.43368063868157e-12,
                1.658678351401301e-12,
                3.8507419053258045e-09,
                0.9999999961396906
            ],
            [
                4.752193049949813e-13,
                2.734698284213703e-12,
                1.0060392765690392e-12,
                2.3355930324979447e-09,
                0.999999997660191
            ]
        ],
        [
            [
                0.9999999999975866,
                2.413362770962442e-12,
                0.0,
                0.0,
                0.0
            ],
            [
                0.9999999987498471,
                1.2501528640850132e-09,
                0.0,
                0.0,
                0.0
            ],
            [
                8.258073282027844e-14,
                1.3887943859030708e-11,
                0.9999999996277003,
                3.5817479287529594e-10,
                1.5428112025327562e-13
            ],
            [
                3.701011670343081e-13,
                3.978962526968093e-12,
                8.878265458669918e-13,
                1.2501528636001394e-09,
                0.9999999987446102
            ],
            [
                6.101936631482149e-13,
                3.9789625057611515e-12,
                1.879528802332145e-12,
                7.19413297594654e-09,
                0.9999999927993983
            ]
        ],
        [
            [
                0.9999999999821676,
                1.7832472900574985e-11,
                0.0,
                0.0,
                0.0
            ],
            [
                0.9999999950555496,
                4.94445047324035e-09,
                0.0,
                0.0,
                0.0
            ],
            [
                5.0087746331313205e-14,
                1.0815941547110205e-11,
                0.9999999991297426,
                8.592166611090718e-10,
                1.7482341266263425e-13
            ],
            [
                2.8823507617586064e-13,
                3.5114220747753288e-12,
                6.914400030929967e-13,
                1.0467401679676152e-08,
                0.9999999895281072
            ],
            [
                4.193795649030032e-13,
                3.5114221055482602e-12,
                6.101936664001863e-13,
                1.8189616834979112e-09,
                0.9999999981764973
            ]
        ],
        [
            [
                0.9999999999972653,
                2.7346982903258e-12,
                0.0,
                0.0,
                0.0
            ],
            [
                0.9999996940976412,
                3.0590235884942363e-07,
                0.0,
                0.0,
                0.0
            ],
            [
                1.5428111728288678e-13,
                3.331544476600545e-11,
                0.9999999804102394,
                1.955568070298841e-08,
                6.10193655751725e-13
            ],
            [
                1.0060392682781024e-12,
                8.423463662323115e-12,
                2.4133627454330766e-12,
                1.046740168024018e-08,
                0.9999999895207555
            ],
            [
                4.1937956488073115e-13,
                5.789356315516592e-12,
                1.879528812249106e-12,
                1.605228051521719e-09,
                0.9999999983866836
            ]
        ],
        [
            [
                0.9999999999954912,
                4.508755240658561e-12,
                0.0,
                0.0,
                0.0
            ],
            [
                0.9999999468418621,
                5.3157849701669196e-08,
                2.8823506393129097e-13,
                0.0,
                0.0
            ],
            [
                6.43139391896545e-14,
                1.783247284579742e-11,
                0.9999999965835471,
                3.3982678076134607e-09,
                2.8823507833666153e-13
            ],
            [
                2.543665582577058e-13,
                5.109088897909318e-12,
                1.4637784768361614e-12,
                2.510999091776296e-08,
                0.9999999748831818
            ],
            [
                4.1937956421641843e-13,
                5.789356306346038e-12,
                2.1297851627209457e-12,
                3.3982678063556284e-09,
                0.9999999965933937
            ]
        ],
        [
            [
                0.9999999999972653,
                2.7346982903259053e-12,
                0.0,
                0.0,
                0.0
            ],
            [
                0.9914225142130858,
                0.008577485697130325,
                8.978390290997819e-11,
                0.0,
                0.0
            ],
            [
                1.0603575954471163e-13,
                1.5737102051871843e-11,
                0.9999999965855624,
                3.3982678076203094e-09,
                3.266131331374418e-13
            ],
            [
                6.101925659949877e-13,
                1.0815922028024129e-11,
                2.413358414265954e-12,
                1.760343133675277e-06,
                0.9999982396430269
            ],
            [
                4.752193053820918e-13,
                5.109089018440916e-12,
                1.2917800023530701e-12,
                1.416608783975169e-09,
                0.9999999985765151
            ]
        ],
        [
            [
                0.999999999996021,
                3.978962533989988e-12,
                0.0,
                0.0,
                0.0
            ],
            [
                0.9999999907625504,
                9.237449567640716e-09,
                0.0,
                0.0,
                0.0
            ],
            [
                4.420228099089356e-14,
                7.43368066469721e-12,
                0.9999999990187041,
                9.736200302983522e-10,
                1.981008796008997e-13
            ],
            [
                4.193795631247005e-13,
                5.789356291275336e-12,
                1.463778504655722e-12,
                5.602796401288936e-09,
                0.999999994389531
            ],
            [
                0.0,
                3.0988191322469162e-12,
                6.101936664855472e-13,
                1.4166087836832257e-09,
                0.9999999985796821
            ]
        ],
        [
            [
                0.999999999996021,
                3.9789625342053385e-12,
                0.0,
                0.0,
                0.0
            ],
            [
                0.9999999994094697,
                5.905303991502388e-10,
                0.0,
                0.0,
                0.0
            ],
            [
                2.543665643837491e-13,
                3.775134539026115e-11,
                0.9999999987111499,
                1.2501528646471937e-09,
                6.91440009731903e-13
            ],
            [
                4.1937956262503097e-13,
                5.789356284377611e-12,
                8.878265410442068e-13,
                7.194132975210159e-09,
                0.9999999927987704
            ],
            [
                6.101936350367997e-13,
                6.560199816340497e-12,
                3.511421925064432e-12,
                5.315784969347167e-08,
                0.9999999468314684
            ]
        ],
        [
            [
                0.999999999990455,
                9.54503491932884e-12,
                0.0,
                0.0,
                0.0
            ],
            [
                0.9999999987498471,
                1.2501528643160043e-09,
                0.0,
                0.0,
                0.0
            ],
            [
                2.6810038649882882e-14,
                5.789356322698339e-12,
                0.9999999990202755,
                9.736200302864774e-10,
                2.8823507904410755e-13
            ],
            [
                1.2917800674508985e-12,
                9.545035385875106e-12,
                2.734698424253474e-12,
                1.4449803162059685e-07,
                0.9999998554883969
            ],
            [
                5.38494021260702e-13,
                5.109089023179973e-12,
                1.4637785127268052e-12,
                5.905303993299652e-10,
                0.9999999994023583
            ]
        ],
        [
            [
                0.9999999999981204,
                1.8795288156706668e-12,
                0.0,
                0.0,
                0.0
            ],
            [
                0.999999997664407,
                2.335593032268765e-09,
                0.0,
                0.0,
                0.0
            ],
            [
                2.2447770500808053e-13,
                4.8473686956024614e-11,
                0.9999999978898215,
                2.0611536179024963e-09,
                3.266131335599544e-13
            ],
            [
                3.266131320326782e-13,
                5.109088992928933e-12,
                1.463778504059737e-12,
                6.348800072383992e-09,
                0.9999999936443005
            ],
            [
                3.266131340387657e-13,
                2.4133627700599955e-12,
                6.101936673121925e-13,
                6.224144618334592e-11,
                0.9999999999344085
            ]
        ],
        [
            [
                0.999999999994891,
                5.109089025962149e-12,
                0.0,
                0.0,
                0.0
            ],
            [
                0.9999999317434193,
                6.825604226790157e-08,
                5.384940888705837e-13,
                0.0,
                0.0
            ],
            [
                2.0879679089584805e-14,
                7.433680662784192e-12,
                0.9999999987422865,
                1.2501528647776531e-09,
                1.0603575977875833e-13
            ],
            [
                3.70101165633393e-13,
                4.5087552151781264e-12,
                6.914400065355398e-13,
                5.602796403840752e-09,
                0.9999999943916333
            ],
            [
                2.8823507360233717e-13,
                5.789356213397458e-12,
                1.658678325870718e-12,
                1.9555680698270202e-08,
                0.9999999804365831
            ]
        ],
        [
            [
                0.9999999999969011,
                3.0988191374538247e-12,
                0.0,
                0.0,
                0.0
            ],
            [
                0.9999999992417439,
                7.582560420045066e-10,
                0.0,
                0.0,
                0.0
            ],
            [
                1.060357598461398e-13,
                1.2256067436112763e-11,
                0.9999999993968194,
                5.905303995095822e-10,
                2.882350791566091e-13
            ],
            [
                4.193795635680728e-13,
                6.560200132646855e-12,
                1.1399918468741773e-12,
                4.944450475176927e-09,
                0.9999999950474299
            ],
            [
                0.0,
                3.0988191358377065e-12,
                6.101936671926157e-13,
                4.0586521226982427e-10,
                0.9999999995904258
            ]
        ],
        [
            [
                0.999999999996021,
                3.978962534710874e-12,
                0.0,
                0.0,
                0.0
            ],
            [
                0.9999999998506905,
                1.4930946753679008e-10,
                0.0,
                0.0,
                0.0
            ],
            [
                3.4424770835196865e-14,
                3.3315445180201356e-11,
                0.9999999927724346,
                7.194132978183945e-09,
                8.258073225703285e-14
            ],
            [
                4.1937959961702774e-13,
                8.423464432939471e-12,
                2.1297853425000742e-12,
                1.1253518378344398e-07,
                0.9999998874538435
            ],
            [
                3.701011675146714e-13,
                3.0988191358365602e-12,
                6.1019366719239e-13,
                5.211412483036269e-10,
                0.9999999994747797
            ]
        ],
        [
            [
                0.999999999996406,
                3.5114221121054005e-12,
                0.0,
                0.0,
                8.258073282566553e-14
            ],
            [
                0.9999999998082829,
                1.9171715128552587e-10,
                0.0,
                0.0,
                0.0
            ],
            [
                2.0879679103449912e-14,
                9.545034916893439e-12,
                0.999999999399831,
                5.905303995264644e-10,
                7.287724091278957e-14
            ],
            [
                3.7010116042667767e-13,
                4.5087551517473474e-12,
                8.878265300161104e-13,
                1.9555680695121794e-08,
                0.9999999804385526
            ],
            [
                5.3849400620035e-13,
                7.433680457345206e-12,
                2.129785109355253e-12,
                2.8453347266867724e-08,
                0.9999999715365507
            ]
        ],
        [
            [
                0.999999999996021,
                3.978962534395455e-12,
                0.0,
                0.0,
                0.0
            ],
            [
                0.9999999981810384,
                1.8189616835922447e-09,
                0.0,
                0.0,
                0.0
            ],
            [
                5.008774627109136e-14,
                4.8473686958817964e-11,
                0.9999999978902023,
                2.0611536180212728e-09,
                1.2015425706021372e-13
            ],
            [
                4.1937882191495443e-13,
                6.560188531240139e-12,
                1.1399898308519827e-12,
                1.3709566544868737e-06,
                0.999998629035226
            ],
            [
                8.878265466628003e-13,
                9.5450349101204e-12,
                3.098819134592172e-12,
                4.5990553725233674e-10,
                0.9999999995265627
            ]
        ],
        [
            [
                0.9999999999987081,
                1.2917800043213155e-12,
                0.0,
                0.0,
                0.0
            ],
            [
                0.9999999966017321,
                3.3982678050251684e-09,
                0.0,
                0.0,
                0.0
            ],
            [
                2.882350776828022e-13,
                7.052879810453255e-11,
                0.999999994325695,
                5.602796405237899e-09,
                6.914400067079615e-13
            ],
            [
                3.266131330762387e-13,
                3.5114221004483537e-12,
                6.91440008148315e-13,
                3.398267806983518e-09,
                0.9999999965972026
            ],
            [
                5.384940201764451e-13,
                5.1090890128928294e-12,
                1.0060392762960692e-12,
                2.6465736310506055e-09,
                0.9999999973467728
            ]
        ],
        [
            [
                0.9999999999972653,
                2.7346982903260794e-12,
                0.0,
                0.0,
                0.0
            ],
            [
                0.9999999995400946,
                4.599055375252792e-10,
                0.0,
                0.0,
                0.0
            ],
            [
                5.008774627302047e-14,
                1.3887943835735474e-11,
                0.9999999979248022,
                2.061153618100657e-09,
                1.0603575969207576e-13
            ],
            [
                4.1937957521583763e-13,
                8.423463942828466e-12,
                2.4133628257992057e-12,
                6.475946144706629e-07,
                0.9999993523941294
            ],
            [
                0.0,
                6.560200157842118e-12,
                2.129785167608079e-12,
                1.1032560306093991e-09,
                0.9999999988880539
            ]
        ],
        [
            [
                0.9999999999981204,
                1.8795288158618723e-12,
                0.0,
                0.0,
                0.0
            ],
            [
                0.9984988179373091,
                0.0015011820398279177,
                2.2862960886613347e-11,
                0.0,
                0.0
            ],
            [
                1.5428111962987924e-13,
                3.331544527281471e-11,
                0.9999999956026486,
                4.363462233448276e-09,
                4.1937956396421684e-13
            ],
            [
                6.101855574147733e-13,
                1.2255904543450278e-11,
                2.734661943543929e-12,
                1.3007124768495482e-05,
                0.9999869928596308
            ],
            [
                4.752193053989881e-13,
                5.789356318032873e-12,
                8.878265462054083e-13,
                1.2501528640766655e-09,
                0.9999999987426946
            ]
        ],
        [
            [
                0.9999999999934397,
                6.560200165091779e-12,
                0.0,
                0.0,
                0.0
            ],
            [
                0.9999999847700205,
                1.522997950575417e-08,
                0.0,
                0.0,
                0.0
            ],
            [
                9.357622948614001e-14,
                2.9400777329295974e-11,
                0.9999999979090637,
                2.0611536179834466e-09,
                2.882350787214287e-13
            ],
            [
                6.914399877980566e-13,
                9.545034606771598e-12,
                2.129785100431252e-12,
                3.224186630492789e-08,
                0.9999999677457674
            ],
            [
                0.0,
                2.7346982887680116e-12,
                1.4637785126144042e-12,
                1.6918979208680684e-10,
                0.9999999998266118
            ]
        ],
        [
            [
                0.9999999999821676,
                1.783247290058681e-11,
                0.0,
                0.0,
                0.0
            ],
            [
                0.9996646499305926,
                0.0003353500571554288,
                1.2251954563630819e-11,
                0.0,
                0.0
            ],
            [
                1.2015425619262013e-13,
                2.2897348242049856e-11,
                0.9999999907388414,
                9.237449575473171e-09,
                6.914400042195299e-13
            ],
            [
                2.2447769978363888e-13,
                5.109088897911809e-12,
                1.0060392536549638e-12,
                2.5109990917775205e-08,
                0.9999999748836694
            ],
            [
                4.752193059902861e-13,
                4.5087552395734655e-12,
                1.0060392786760995e-12,
                1.9171715126011602e-10,
                0.9999999998022928
            ]
        ],
        [
            [
                0.999999999989184,
                1.0815941552777005e-11,
