{
    "[['A', 'B', 'C', 'D', 'E'], ['A', 'B', 'C', 'D', 'E']]": [
        [
            [
                0.9999999999601243,
                3.331544538356224e-11,
                0.0,
                0.0,
                6.560200160651074e-12
            ],
            [
                1.0261860859462893e-10,
                3.5817413781279627e-10,
                5.492778302899221e-11,
                2.2603252721202524e-06,
                0.9999977391590074
            ],
            [
                5.675685224020468e-14,
                7.433680661072361e-12,
                0.999999998573166,
                1.4166087844936416e-09,
                2.734698287442258e-12
            ],
            [
                2.5945949844371457e-11,
                1.0261822228353832e-10,
                3.3315259060278303e-11,
                6.1441721240243e-06,
                0.9999938556659965
            ],
            [
                3.7751276397422666e-11,
                1.1628211762750288e-10,
                4.277780045103768e-11,
                2.260325272948887e-06,
                0.9999977394779159
            ]
        ],
        [
            [
                0.9999999999326494,
                6.224144619626065e-11,
                0.0,
                0.0,
                5.1090890253695274e-12
            ],
            [
                1.6830659976311363e-10,
                9.685376093862392e-10,
                4.037465439833419e-10,
                0.005220125693186757,
                0.9947798727662225
            ],
            [
                2.882350639704205e-13,
                4.277787640798337e-11,
                0.9999999467932947,
                5.315784970888567e-08,
                5.789356019935241e-12
            ],
            [
                1.0261880930677425e-10,
                1.0261880930677425e-10,
                2.9400781114471943e-11,
                1.8553915974762646e-07,
                0.9999998142262019
            ],
            [
                4.508755605772129e-12,
                4.2777882138266624e-11,
                8.42346443353365e-12,
                1.1253518379138206e-07,
                0.9999998874091061
            ]
        ],
        [
            [
                0.9999999999267366,
                7.052879846919895e-11,
                0.0,
                0.0,
                2.734698289966357e-12
            ],
            [
                0.22269908930138782,
                0.7772961889168551,
                1.756945005010882e-06,
                2.8967126012117845e-06,
                6.812415077319781e-08
            ],
            [
                1.4350379600118993e-14,
                5.384940217296509e-13,
                0.9999999999699638,
                2.940077739034672e-11,
                8.258073284854281e-14
            ],
            [
                5.905270959107557e-10,
                4.5990296472017923e-10,
                7.991915178397649e-11,
                6.144172117271278e-06,
                0.9999938546975334
            ],
            [
                9.545035930308049e-12,
                4.277788320484571e-11,
                1.0815942698895842e-11,
                8.764249144499921e-08,
                0.9999999122943697
            ]
        ],
        [
            [
                0.9999999999082994,
                9.05607698467748e-11,
                0.0,
                0.0,
                1.1399918524155289e-12
            ],
            [
                2.4603359298221384e-10,
                1.6043405573619366e-09,
                2.4603359298221384e-10,
                0.0005527785835018966,
                0.9994472193200904
            ],
            [
                1.0603575426623503e-13,
                2.0206838013712665e-11,
                0.9999999468160481,
                5.315784971228553e-08,
                5.789356020305515e-12
            ],
            [
                1.3887943460367939e-11,
                5.492788190933829e-11,
                2.0206838501538347e-11,
                2.8453347260905452e-08,
                0.9999999714576301
            ],
            [
                2.1724277826040652e-10,
                1.0261822227474888e-10,
                2.940061292698076e-11,
                6.14417212349804e-06,
                0.9999938554786149
            ]
        ],
        [
            [
                0.999999999981384,
                1.783247290057684e-11,
                0.0,
                0.0,
                7.835041781738562e-13
            ],
            [
                1.2255998013804932e-11,
                4.847341246056071e-11,
                1.573701295660001e-11,
                4.785094847986738e-06,
                0.9999952148286856
            ],
            [
                3.900837550607537e-14,
                1.0815941392105783e-11,
                0.999999984757507,
                1.5229979512121998e-08,
                1.6586783335830716e-12
            ],
            [
                2.2897306588792303e-11,
                1.691894828990007e-10,
                3.3315384504573574e-11,
                1.0677030759849706e-06,
                0.9999989320715219
            ],
            [
                2.99893243852766e-09,
                1.6052128610782543e-09,
                2.4616736508970845e-10,
                1.012998805264406e-05,
                0.9999898651616347
            ]
        ],
        [
            [
                0.9999999999089377,
                7.99195988855062e-11,
                3.2661313409879145e-13,
                0.0,
                1.0815941551326458e-11
            ],
            [
                4.5990472109510986e-10,
                1.4166062708141052e-09,
                1.0261861407097081e-10,
                1.3709566516266662e-06,
                0.9999986270642187
            ],
            [
                1.0603575828914659e-13,
                2.2897348105317457e-11,
                0.9999999847446037,
                1.522997951115608e-08,
                2.4133627348235332e-12
            ],
            [
                4.2777880347927724e-11,
                9.0560773407218e-11,
                2.0206839873518215e-11,
                3.927863697740379e-07,
                0.9999996070600847
            ],
            [
                9.7362000749104e-10,
                5.905303854529596e-10,
                6.22414447069608e-11,
                2.215948923145478e-08,
                0.9999999762141188
            ]
        ],
        [
            [
                0.9999999994074418,
                1.3176514247750547e-10,
                0.0,
                8.87826546340377e-13,
                4.5990553708531734e-10
            ],
            [
                5.1560717143384736e-11,
                3.6146853362279244e-09,
                8.67117934854232e-09,
                0.268941406479924,
                0.7310585811826505
            ],
            [
                5.384899414454214e-13,
                3.160857503371163e-10,
                0.9999921103277682,
                7.889265047430477e-06,
                9.056008369073626e-11
            ],
            [
                9.056077191671099e-11,
                1.317651456400116e-10,
                2.5946095561499292e-11,
                6.475946144343606e-07,
                0.9999993521571136
            ],
            [
                1.1628234496567167e-10,
                4.0586526382808056e-10,
                6.224145407786342e-11,
                1.8553915965849797e-07,
                0.9999998138764513
            ]
        ],
        [
            [
                0.9999999999682796,
                1.783247290193828e-11,
                0.0,
                0.0,
                1.388794386012914e-11
            ],
            [
                4.846333725444977e-11,
                6.347444558671878e-09,
                1.012793068236249e-05,
                0.9997864407477337,
                0.00020342492567607706
            ],
            [
                1.2873735398412997e-10,
                1.4880014952178951e-08,
                0.9770222401214457,
                0.02297736110879239,
                3.837610095724544e-07
            ],
            [
                5.905270535948751e-10,
                7.582517460575437e-10,
                1.4930862154269609e-10,
                4.785094840202954e-06,
                0.9999952134070723
            ],
            [
                4.277787639020077e-11,
                2.1724398183013192e-10,
                2.020683800402038e-11,
                5.3157849686788164e-08,
                0.9999999465619216
            ]
        ],
        [
            [
                0.9999999999356286,
                6.224144619979169e-11,
                0.0,
                0.0,
                2.1297851699536683e-12
            ],
            [
                3.5748409141019985e-10,
                6.011958022710022e-08,
                8.299259967589477e-07,
                0.9980723762966949,
                0.0019267333002441582
            ],
            [
                1.542811179488433e-13,
                2.594609458413385e-11,
                0.999999984738811,
                1.5229979510722147e-08,
                5.109088949568263e-12
            ],
            [
                1.026186086600266e-10,
                1.4930919458040372e-10,
                2.940072362821627e-11,
                1.0677030757857895e-06,
                0.9999989320155956
            ],
            [
                1.250152964693768e-09,
                6.69158661749237e-10,
                6.224145112349642e-11,
                1.1253518356857553e-07,
                0.9999998854832634
            ]
        ],
        [
            [
                0.9999999999807514,
                1.5737102100172842e-11,
                0.0,
                0.0,
                3.511422111883758e-12
            ],
            [
                2.461687637964744e-10,
                8.592134110641119e-10,
                1.0261840805795998e-10,
                2.902312195556573e-06,
                0.999997096479804
            ],
            [
                1.9810051755185878e-13,
                6.224133241255626e-11,
                0.9999977395323675,
                2.260325273676861e-06,
                7.991945278623278e-11
            ],
            [
                7.05282640463551e-11,
                4.599020527171632e-10,
                2.172423472405228e-10,
                7.889265042172822e-06,
                0.9999921099872852
            ],
            [
                8.592166538065025e-10,
                7.582560356333392e-10,
                3.775134508642253e-11,
                7.194132962413579e-09,
                0.9999999911506431
            ]
        ],
        [
            [
                0.9999999999067106,
                3.775134542190713e-11,
                0.0,
                6.101936674229765e-13,
                5.4927883479161014e-11
            ],
            [
                0.9999999895257393,
                1.046740167491509e-08,
                1.6586783399258792e-12,
                6.914400027784975e-13,
                4.508755190679133e-12
            ],
            [
                3.266125550007803e-13,
                6.224133583823774e-11,
                0.9999986289749878,
                1.3709566548640212e-06,
                5.789346060783047e-12
            ],
            [
                1.8189583987066175e-09,
                5.211403065185762e-10,
                1.1628212005329171e-10,
                1.7603431292916148e-06,
                0.9999982372004899
            ],
            [
                7.052879670359832e-11,
                7.991959688134712e-11,
                9.545034678218955e-12,
                2.510999091391696e-08,
                0.9999999747300157
            ]
        ],
        [
            [
                0.9999999999161013,
                7.991959887563923e-11,
                0.0,
                0.0,
                3.9789625331537124e-12
            ],
            [
                1.0261821479441304e-10,
                1.2501457819911086e-09,
                1.3176439601114838e-10,
                4.785094839133225e-06,
                0.9999952134206325
            ],
            [
                1.6261110442515864e-14,
                8.878265476460097e-13,
                0.999999999829708,
                1.6918979222340814e-10,
                1.981008797602817e-13
            ],
            [
                1.0261840814491388e-10,
                2.7894575412571307e-10,
                4.8473503703183435e-11,
                2.9023121980158528e-06,
                0.9999970972577643
            ],
            [
                3.224180797283907e-08,
                3.8507348284817565e-09,
                4.058644649153408e-10,
                1.7603430690408937e-06,
                0.9999982031585237
            ]
        ],
        [
            [
                0.999999999880983,
                1.1628233021055881e-10,
                0.0,
                0.0,
                2.7346982894364523e-12
            ],
            [
                2.939707842203109e-11,
                2.9985835195767645e-09,
                1.7601265180401269e-06,
                0.9998748424501718,
                0.000123394395329543
            ],
            [
                1.2015427003818776e-13,
                5.49278893246424e-11,
                0.9999999122979517,
                8.764249147295533e-08,
                4.508755719626937e-12
            ],
            [
                1.0261880414903163e-10,
                4.0586524362378056e-10,
                7.052880389397999e-11,
                8.315279895597592e-07,
                0.9999991678929976
            ],
            [
                2.06073319084371e-09,
                2.335116627388015e-09,
                7.581013746510272e-10,
                0.00020342706092443046,
                0.9997965677851244
            ]
        ],
        [
            [
                0.9999999999571396,
                3.331544537858681e-11,
                0.0,
                0.0,
                9.545034910498772e-12
            ],
            [
                1.3887943121215999e-11,
                9.056076504688235e-11,
                1.2256066787744157e-11,
                5.315784969745508e-08,
                0.9999999467254455
            ],
            [
                8.258074336023159e-14,
                2.0206841660630755e-11,
                0.9999998144370392,
                1.855391598630818e-07,
                3.511422560046548e-12
            ],
            [
                2.9944569050928946e-09,
                9.223576612426077e-09,
                2.332085382559922e-09,
                0.0015011820080137823,
                0.9984988034418673
            ],
            [
                2.461697262708464e-10,
                1.691898136288611e-10,
                4.8473693184550264e-11,
                1.855391596937402e-07,
                0.999999813997007
            ]
        ],
        [
            [
                0.9999999999846483,
                1.3887943859114185e-11,
                0.0,
                0.0,
                1.4637785135093407e-12
            ],
            [
                6.612617336773145e-10,
                3.610366734649109e-08,
                1.260141810613702e-07,
                0.32082125512738513,
                0.6791785820935048
            ],
            [
                3.266112840948278e-13,
                7.991914620446166e-11,
                0.9999952148091683,
                4.785094849023434e-06,
                1.573701296000945e-11
            ],
            [
                1.2256045034201338e-11,
                4.8473598429836034e-11,
                1.3887918471222602e-11,
                1.0677030760064956e-06,
                0.9999989322223064
            ],
            [
                1.8189616055883036e-09,
                1.1032559826294246e-09,
                7.052879533300364e-11,
                4.139937532234273e-08,
                0.9999999556078782
            ]
        ],
        [
            [
                0.9999999999695932,
                2.940077737841828e-11,
                0.0,
                0.0,
                1.0060392787896712e-12
            ],
            [
                4.2777802799497395e-11,
                1.317649089427048e-10,
                2.0206803242233516e-11,
                1.370956654231012e-06,
                0.9999986288485962
            ],
            [
                9.3576225807596e-14,
                2.2897347506853673e-11,
                0.9999999585763416,
                4.139937547093123e-08,
                1.2917799512131251e-12
            ],
            [
                3.581747822984491e-10,
                6.691585890832438e-10,
                7.052879639828512e-11,
                2.8453347237454928e-08,
                0.9999999704487905
            ],
            [
                2.289734749293732e-11,
                1.1628232540906047e-10,
                2.0206838239920335e-11,
                4.139937544576988e-08,
                0.999999958441238
            ]
        ],
        [
            [
                0.9999999999968641,
                2.1297851702759065e-12,
                0.0,
                0.0,
                1.006039278962165e-12
            ],
            [
                2.172440032710238e-10,
                1.250152922569631e-09,
                6.224144902625913e-11,
                5.043472042504783e-07,
                0.9999994941231574
            ],
            [
                1.2368702671470565e-10,
                1.8356782374734255e-08,
                0.26894019657139484,
                0.7310552931873027,
                4.4917608331024084e-06
            ],
            [
                1.081594145268566e-11,
                5.4927882978344034e-11,
                9.545034830531422e-12,
                9.23744957263602e-09,
                0.9999999906872615
            ],
            [
                2.289735131720326e-11,
                1.317651591634212e-10,
                1.7832475136098962e-11,
                6.825604229111749e-08,
                0.9999999315714627
            ]
        ],
        [
            [
                0.999999999996291,
                3.098819137730832e-12,
                0.0,
                0.0,
                6.101936675653942e-13
            ],
            [
                8.592150881393214e-10,
                1.6052251149810579e-09,
                1.91716800218474e-10,
                2.2603252668647674e-06,
                0.9999977370185762
            ],
            [
                7.834967663181318e-13,
                1.1628123023592716e-10,
                0.9999898698149122,
                1.0129988104143961e-05,
                7.991884286577737e-11
            ],
            [
                4.3634621536360684e-09,
                5.211412369282485e-10,
                2.5946094392259896e-11,
                1.7257827595190907e-08,
                0.999999977831623
            ],
            [
                4.277787760047158e-11,
                7.991959689461144e-11,
                1.2256067132033184e-11,
                2.5109990918084484e-08,
                0.9999999747550556
            ]
        ],
        [
            [
                0.9999999999837876,
                1.5737102099370186e-11,
                0.0,
                0.0,
                4.752193060508549e-13
            ],
            [
                1.8071738252316815e-08,
                7.2906595594486825e-06,
                0.07585612884284951,
                0.9241167443584549,
                1.9818067397930582e-05
            ],
            [
                2.4133492707196243e-12,
                8.592118551880265e-10,
                0.999993854849972,
                6.144172121121756e-06,
                1.1628167978212701e-10
            ],
            [
                2.940066648907878e-11,
                1.026184092248405e-10,
                3.33153197512333e-11,
                3.726639114631631e-06,
                0.9999962731955511
            ],
            [
                5.211412870684269e-10,
                2.172440094652018e-10,
                2.940077955243045e-11,
                2.3823698424948618e-07,
                0.9999997609952297
            ]
        ],
        [
            [
                0.9999999999856926,
                1.3887943858375752e-11,
                0.0,
                0.0,
                4.1937956563900596e-13
            ],
            [
                0.9999986290316994,
                1.370956652837765e-06,
                5.78934605222647e-12,
                1.8795254802466446e-12,
                3.9789554729060925e-12
            ],
            [
                1.6261110444234473e-14,
                4.193795657878254e-13,
                0.9999999999509972,
                4.847368705690842e-11,
                9.357622967721645e-14
            ],
            [
                2.940078108886026e-11,
                7.99196089763512e-11,
                1.7832475149893133e-11,
                3.0590235895726236e-07,
                0.9999996939704882
            ],
            [
                5.109088926520554e-12,
                2.940077680850643e-11,
                5.7893562136676185e-12,
                1.9555680699182764e-08,
                0.99999998040402
            ]
        ],
        [
            [
                0.9999999999853284,
                1.3887943857520253e-11,
                0.0,
                0.0,
                7.835041780864903e-13
            ],
            [
                9.961077138715582e-11,
                1.0160574910396728e-08,
                4.553653752427618e-08,
                0.9706877179347438,
                0.029312226268532884
            ],
            [
                2.8823124835960425e-13,
                7.052786110003997e-11,
                0.999986992749485,
                1.3007124771710055e-05,
                5.4927153453062405e-11
            ],
            [
                2.1724402067553539e-10,
                1.9171717535118378e-10,
                6.224145401273519e-11,
                3.059023587567025e-07,
                0.9999996936264386
            ],
            [
                3.1608756717319905e-10,
                7.582546556219527e-10,
                1.3176490164708592e-10,
                1.067703074995568e-06,
                0.9999989310908179
            ]
        ],
        [
            [
                0.9999999998965976,
                1.0261879621823609e-10,
                0.0,
                0.0,
                7.835041777522229e-13
            ],
            [
                5.166706876851662e-10,
                1.4044565416320257e-09,
                5.854645904954194e-10,
                0.008577485656782919,
                0.9914225118366252
            ],
            [
                4.1937797977868174e-13,
                9.056042740329183e-11,
                0.9999970975590687,
                2.902312200170897e-06,
                3.7751202670285176e-11
            ],
            [
                2.289726185058136e-11,
                7.991929664533634e-11,
                2.0206762660806473e-11,
                2.9023121989069043e-06,
                0.9999970975647778
            ],
            [
                7.433680616087728e-12,
                4.277787836591037e-11,
                8.423463690712661e-12,
                7.194132975874025e-09,
                0.9999999927472318
            ]
        ],
        [
            [
                0.9999999998485607,
                1.4930946749719338e-10,
                0.0,
                0.0,
                2.1297851692080882e-12
            ],
            [
                4.2777880333175986e-11,
                2.1724400185421233e-10,
                3.331544670161231e-11,
                3.9278636963858753e-07,
                0.999999606920293
            ],
            [
                5.6756852170063765e-14,
                1.3887943826727612e-11,
                0.9999999973373519,
                2.646573631622547e-09,
                2.129785165092042e-12
            ],
            [
                1.7832441272925818e-11,
                7.991945715031704e-11,
                1.3887919227429467e-11,
                1.370956654270865e-06,
                0.999998628931706
            ],
            [
                4.508755094915202e-12,
                2.940077643180886e-11,
                5.78935613949147e-12,
                3.224186631866354e-08,
                0.9999999677184348
            ]
        ],
        [
            [
                0.9999999998771574,
                1.162823301596361e-10,
                0.0,
                0.0,
                6.560200160110327e-12
            ],
            [
                7.966604819550132e-11,
                1.0434193202058048e-08,
                6.80394865371986e-08,
                0.9968272382469221,
                0.003172683199732144
            ],
            [
                3.037975372069935e-14,
                8.42346371738849e-12,
                0.9999999956273924,
                4.363462233735704e-09,
                6.914400076502956e-13
            ],
            [
                2.020683800703361e-11,
                5.492788056513505e-11,
                1.3887943120500137e-11,
                5.315784969471503e-08,
                0.9999999467531278
            ],
            [
                3.160881349155236e-10,
                2.789468000066913e-10,
                2.5946094119571493e-11,
                3.224186629992192e-08,
                0.9999999671371527
            ]
        ],
        [
            [
                0.9999999999729139,
                2.594609497276117e-11,
                0.0,
                0.0,
                1.1399918526048325e-12
            ],
            [
                4.590160713668224e-10,
                3.920270717571354e-07,
                6.13233517213309e-06,
                0.9980667527419144,
                0.0019267224368256818
            ],
            [
                1.361526081297389e-13,
                2.5946094472194478e-11,
                0.9999999804124476,
                1.9555680703031593e-08,
                5.789356214807044e-12
            ],
            [
                6.224133381621349e-11,
                2.78946305487387e-10,
                4.8473599515475776e-11,
                1.760343132834621e-06,
                0.9999982392672059
            ],
            [
                2.940077599708091e-11,
                5.4927880901916725e-11,
                1.783247206157284e-11,
                4.691163799127483e-08,
                0.9999999529862009
            ]
        ],
        [
            [
                0.9999999999874574,
                7.433680668384953e-12,
                0.0,
                0.0,
                5.109089025336686e-12
            ],
            [
                2.2777820501802404e-11,
                2.6327580857895377e-09,
                3.634410430924966e-08,
                0.9947798355120248,
                0.005220125488335061
            ],
            [
                4.50347819705803e-12,
                1.1019647819479166e-09,
                0.998830486219908,
                0.001169510340764275,
                2.332859461690322e-09
            ],
            [
                1.0815942699545232e-11,
                2.5946097722902855e-11,
                8.423464644061271e-12,
                8.764249145026127e-08,
                0.9999999123123231
            ],
            [
                2.020684164948624e-11,
                6.224145411216614e-11,
                2.020684164948624e-11,
                1.855391597607529e-07,
                0.9999998143581851
            ]
        ],
        [
            [
                0.9999999999286291,
                4.847368704188089e-11,
                0.0,
                0.0,
                2.289734844662007e-11
            ],
            [
                2.0206802599313285e-11,
                7.991945460519499e-11,
                2.0206802599313285e-11,
                1.7603431332009355e-06,
                0.9999982395365338
            ],
            [
                2.365977608869645e-14,
                1.1399918529166151e-12,
                0.99999999993642,
                6.224144622210344e-11,
                1.748234128075161e-13
            ],
            [
                3.775127727269842e-11,
                1.1628212032354202e-10,
                2.5946048130190918e-11,
                1.7603431333828136e-06,
                0.9999982394768872
            ],
            [
                3.7751277275373356e-11,
                9.056060637159469e-11,
                2.289730711082675e-11,
                1.760343133507546e-06,
                0.9999982395056572
            ]
        ],
        [
            [
                0.9999999999496467,
                4.8473687040575636e-11,
                0.0,
                0.0,
                1.8795288156811293e-12
            ],
            [
                0.9999999226121873,
                7.734422782878281e-08,
                3.0988194895883455e-12,
                2.7346986012304918e-12,
                3.775134971722024e-11
            ],
            [
                8.87760583299915e-13,
                1.9170290700017996e-10,
                0.9999251535197561,
                7.484619709929089e-05,
                9.055404133010634e-11
            ],
            [
                9.056077940265212e-11,
                2.7894683856719806e-10,
                4.277788317997027e-11,
                8.76424913940349e-08,
                0.9999999119452231
            ],
            [
                7.433681240805363e-12,
                5.4927887709879235e-11,
                1.5737103310278282e-11,
                8.315279896832606e-07,
                0.9999991683939117
            ]
        ],
        [
            [
                0.9999999998069911,
                1.9171715123883592e-10,
                0.0,
                0.0,
                1.2917800038629292e-12
            ],
            [
                1.225599801187358e-11,
                6.224109362314002e-11,
                1.5737012954120104e-11,
                4.785094847232683e-06,
                0.9999952148149187
            ],
            [
                7.287723912373069e-14,
                2.2897347880083372e-11,
                0.9999999748657469,
                2.5109990925371e-08,
                1.291779972269304e-12
            ],
            [
                5.49278826351233e-11,
                1.0261879468338067e-10,
                1.0815941385101491e-11,
                1.522997950225922e-08,
                0.9999999846016578
            ],
            [
                5.492788616107076e-11,
                2.1724400399488226e-10,
                4.8473689402664205e-11,
                1.4449803158625184e-07,
                0.9999998551813228
            ]
        ],
        [
            [
                0.9999999980626262,
                1.1628232994863818e-10,
                0.0,
                2.129785164479897e-12,
                1.8189616820222568e-09
            ],
            [
                2.1724401006678301e-10,
                4.5990557292038367e-10,
                4.8473690757488396e-11,
                8.315279894775044e-07,
                0.9999991677463873
            ],
            [
                3.5027394010022898e-12,
                9.712125558050987e-10,
                0.9975273744681276,
                0.002472622955898332,
                1.6012587991269017e-09
            ],
            [
                2.594609825984877e-11,
                1.6918981363078573e-10,
                2.0206841642417838e-11,
                1.8553915969585083e-07,
                0.9999998142454976
            ],
            [
                1.1253517948094229e-07,
                1.4166088465839411e-09,
                5.492788583370174e-11,
                3.6534823683102647e-08,
                0.9999998494584601
            ]
        ],
        [
            [
                0.9999999998658216,
                1.3176514258330763e-10,
                0.0,
                0.0,
                2.4133627696784334e-12
            ],
            [
                1.081594235822702e-11,
                4.277788185747438e-11,
                1.3887944893393043e-11,
                2.3823698439208855e-07,
                0.9999997616955338
            ],
            [
                5.675685229466447e-14,
                6.560200164494062e-12,
                0.999999999532694,
                4.599055376086657e-10,
                7.835041780693481e-13
            ],
            [
                1.5737014076889563e-11,
                6.224109806377937e-11,
                2.5945949845875168e-11,
                6.144172124380389e-06,
                0.9999938557239516
            ],
            [
                1.6918981341348877e-10,
                2.1724402066757618e-10,
                4.277788403774698e-11,
                3.0590235874549507e-07,
                0.9999996936684296
            ]
        ],
        [
            [
                0.9999999999770586,
                1.7832472899536036e-11,
                0.0,
                0.0,
                5.109089025596417e-12
            ],
            [
                3.160881851347683e-10,
                8.592167698424392e-10,
                3.3315449606371596e-11,
                1.8553915956691465e-07,
                0.9999998132522201
            ],
            [
                5.0087745393249843e-14,
                8.423463588785968e-12,
                0.9999999804334324,
                1.955568070320616e-08,
                2.413362724364332e-12
            ],
            [
                1.026187936683701e-10,
                1.6918978789462944e-10,
                2.28973478654621e-11,
                2.5109990909336828e-08,
                0.9999999745953032
            ],
            [
                8.592167236238077e-10,
                1.2501529561690201e-09,
                1.3176515216393708e-10,
                2.382369838596554e-07,
                0.9999997595218812
            ]
        ],
        [
            [
                0.9999999998487052,
                1.4930946751931532e-10,
                3.266131340591183e-13,
                0.0,
                1.658678357798876e-12
            ],
            [
                8.423463302992004e-12,
                6.224144289309158e-11,
                1.0815940977578207e-11,
                5.3157849695115934e-08,
                0.9999999467606695
            ],
            [
                9.357622926980111e-14,
                1.57371020364651e-11,
                0.9999999956171957,
                4.363462233424343e-09,
                3.511422097668639e-12
            ],
            [
                4.2777880344249614e-11,
                1.3176514779735713e-10,
                2.2897349342077483e-11,
                3.927863697402655e-07,
                0.9999996070161898
            ],
            [
                2.289734956863735e-11,
                4.8473689417191494e-11,
                1.0815942082643186e-11,
                1.444980316295571e-07,
                0.9999998554197814
            ]
        ],
        [
            [
                0.9999999999480149,
                4.8473687027723033e-11,
                0.0,
                0.0,
                3.5114221108426035e-12
            ],
            [
                1.3798311480576157e-10,
                2.445809231532457e-09,
                2.1584190711402026e-09,
                0.07585817550985703,
                0.9241418197479316
            ],
            [
                6.43139393653348e-14,
                4.508755238846676e-12,
                0.9999999993257933,
                6.691586086175275e-10,
                4.752193059136831e-13
            ],
            [
                3.7751347279276745e-11,
                6.224144925693097e-11,
                9.545035387176946e-12,
                1.4449803164030482e-07,
                0.9999998553924305
            ],
            [
                2.5946098222921205e-11,
                7.991960890992408e-11,
                1.2256068974641057e-11,
                6.825604228718376e-08,
                0.9999999316258359
            ]
        ],
        [
            [
                0.9999999999283313,
                7.052879848639311e-11,
                0.0,
                0.0,
                1.1399918526446565e-12
            ],
            [
                2.1225242268328914e-10,
                3.569536899828684e-08,
                2.3276282269123592e-07,
                0.9770223697880657,
                0.022977361541490233
            ],
            [
                6.914215986785817e-13,
                1.3176163399187773e-10,
                0.9999724640750959,
                2.7535689835109286e-05,
                1.0261606373164221e-10
            ],
            [
                2.789468315582716e-10,
                4.5990557458452817e-10,
                3.7751348456894376e-11,
                1.1253518370417472e-07,
                0.9999998866882126
            ],
            [
                2.4616972585062095e-10,
                1.4930948622145525e-10,
                1.783247512980727e-11,
                6.825604226703527e-08,
                0.999999931330646
            ]
        ],
        [
            [
                0.9999999999290468,
                5.4927883485975735e-11,
                0.0,
                2.88235079220749e-13,
                1.573710210010967e-11
            ],
            [
                4.8473689402666926e-11,
                2.4616970706485805e-10,
                2.5946096235257336e-11,
                1.4449803158625994e-07,
                0.9999998551813789
            ],
            [
                8.258073900789271e-14,
                2.5946096915770393e-11,
                0.999999761733008,
                2.382369844990346e-07,
                3.9789628322732685e-12
            ],
            [
                5.21140323884788e-10,
                2.789463142214209e-10,
                5.4927786025375484e-11,
                1.3709566532517306e-06,
                0.9999986281883323
            ],
            [
                6.224145278906204e-11,
                9.056077944144939e-11,
                1.573710376548666e-11,
                8.764249143158194e-08,
                0.9999999121889692
            ]
        ],
        [
            [
                0.9999999999975819,
                1.8795288158613384e-12,
                0.0,
                0.0,
                5.384940215812264e-13
            ],
            [
                3.68839398737854e-11,
                4.830842792047791e-09,
                4.58337602779261e-08,
                0.9770225826783085,
                0.0229773666202045
            ],
            [
                9.357622915382889e-14,
                1.573710201696157e-11,
                0.9999999943778615,
                5.6027964055301774e-09,
