{
    "[['A', 'B', 'C', 'D', 'E'], ['A', 'B', 'C', 'D', 'E']]": [
        [
            [
                0.999999999987744,
                1.22560674409309e-11,
                0.0,
                0.0,
                0.0
            ],
            [
                0.999999999683912,
                3.160881452031058e-10,
                0.0,
                0.0,
                0.0
            ],
            [
                1.5428112753029222e-13,
                7.991960266498339e-11,
                0.9999994955714293,
                5.043472051579051e-07,
                1.2917800651638261e-12
            ],
            [
                2.4133626425167232e-12,
                1.3887943120798998e-11,
                3.5114219252221278e-12,
                5.3157849695858954e-08,
                0.9999999468223375
            ],
            [
                3.978962527788829e-12,
                5.7893563170202825e-12,
                1.879528812737283e-12,
                1.6052280519386508e-09,
                0.999999998383124
            ]
        ],
        [
            [
                0.9999999999842628,
                1.5737102102739774e-11,
                0.0,
                0.0,
                0.0
            ],
            [
                0.9999999994788586,
                5.211412482092683e-10,
                0.0,
                0.0,
                0.0
            ],
            [
                2.1297853325601994e-12,
                1.2501529612461795e-09,
                0.999999167213168,
                8.315279891912637e-07,
                6.560200665930419e-12
            ],
            [
                1.2256067413589756e-11,
                8.42346373349964e-12,
                1.6586783547851888e-12,
                2.0611536173076107e-09,
                0.9999999979165082
            ],
            [
                4.508755127862987e-12,
                1.573710170745654e-11,
                3.5114220242569066e-12,
                2.5109990920150292e-08,
                0.9999999748662518
            ]
        ],
        [
            [
                0.9999999999740539,
                2.5946094975701207e-11,
                0.0,
                0.0,
                0.0
            ],
            [
                0.9999999990263799,
                9.736200300449903e-10,
                0.0,
                0.0,
                0.0
            ],
            [
                7.835042414243652e-13,
                6.691586628648844e-10,
                0.9999998867932154,
                1.1253518375619859e-07,
                1.6586784921114823e-12
            ],
            [
                1.2256067352122789e-11,
                1.573710198876249e-11,
                3.511422087024748e-12,
                7.194132976336404e-09,
                0.9999999927743624
            ],
            [
                1.2256067430275306e-11,
                8.423463744967439e-12,
                1.879528814419077e-12,
                8.592166609482613e-10,
                0.9999999991182242
            ]
        ],
        [
            [
                0.9999999999942106,
                5.789356326621865e-12,
                0.0,
                0.0,
                0.0
            ],
            [
                0.9999999995400946,
                4.5990553746697863e-10,
                0.0,
                0.0,
                0.0
            ],
            [
                5.384848108372061e-13,
                2.461654844498373e-10,
                0.9999832983286433,
                1.670141510771707e-05,
                9.544871655054522e-12
            ],
            [
                4.508755804652084e-12,
                2.940078105987469e-11,
                6.560200986378762e-12,
                6.825604227662432e-08,
                0.999999931703488
            ],
            [
                4.508755234759056e-12,
                8.423463740389977e-12,
                2.4133627677996074e-12,
                1.2501528642972827e-09,
                0.9999999987345016
            ]
        ],
        [
            [
                0.9999999999705993,
                2.9400777384731855e-11,
                0.0,
                0.0,
                0.0
            ],
            [
                0.9999999468421503,
                5.315784965982069e-08,
                0.0,
                0.0,
                0.0
            ],
            [
                1.7827815691074092e-11,
                2.998177601373688e-09,
                0.999738806251823,
                0.000261190326412281,
                4.057592148755761e-10
            ],
            [
                2.4133627423213984e-12,
                5.789356257935487e-12,
                1.006039266980962e-12,
                1.1861120006300079e-08,
                0.9999999881296712
            ],
            [
                2.7346982648721252e-12,
                7.43368059972038e-12,
                1.879528798174886e-12,
                9.23744957171481e-09,
                0.9999999907505025
            ]
        ],
        [
            [
                0.9999999999515263,
                4.8473687046813334e-11,
                0.0,
                0.0,
                0.0
            ],
            [
                0.9999999928052569,
                7.194132972381107e-09,
                6.101936628458011e-13,
                0.0,
                0.0
            ],
            [
                5.38490971305702e-13,
                1.493086218090134e-10,
                0.9999952147495148,
                4.785094848737984e-06,
                5.789323533090666e-12
            ],
            [
                2.5946094943644992e-11,
                1.2256067425620657e-11,
                2.1297851677446466e-12,
                1.250152864501851e-09,
                0.9999999987095152
            ],
            [
                5.109089020275477e-12,
                8.423463741628657e-12,
                1.6586783563858873e-12,
                1.103256030661847e-09,
                0.9999999988815527
            ]
        ],
        [
            [
                0.9999999999294713,
                7.052879848087605e-11,
                0.0,
                0.0,
                0.0
            ],
            [
                0.9999999998506905,
                1.4930946750917093e-10,
                0.0,
                0.0,
                0.0
            ],
            [
                5.0087746272996556e-14,
                1.783247287060768e-11,
                0.9999999979208702,
                2.061153618099673e-09,
                9.357622949141668e-14
            ],
            [
                2.5946094892943767e-11,
                2.5946094892943767e-11,
                5.109089010376541e-12,
                2.998960814475423e-09,
                0.9999999969440378
            ],
            [
                1.7832472865755363e-11,
                1.5737102069452953e-11,
                3.5114221050292238e-12,
                2.0611536175388213e-09,
                0.9999999979017653
            ]
        ],
        [
            [
                0.9999999999972653,
                2.7346982909105003e-12,
                0.0,
                0.0,
                0.0
            ],
            [
                0.9999999979388463,
                2.0611536174517573e-09,
                0.0,
                0.0,
                0.0
            ],
            [
                8.878181483870429e-13,
                5.211363184288384e-10,
                0.9999898694803308,
                1.0129988100159496e-05,
                9.544944620146992e-12
            ],
            [
                1.0815941424779138e-11,
                1.7832472689680014e-11,
                3.098819100758062e-12,
                1.1861120006032749e-08,
                0.9999999881071328
            ],
            [
                1.5737102067543384e-11,
                1.3887943830264668e-11,
                1.8795288118430367e-12,
                2.0611536172887175e-09,
                0.9999999979073417
            ]
        ],
        [
            [
                0.999999999782756,
                2.1724399341347384e-10,
                0.0,
                0.0,
                0.0
            ],
            [
                0.9999999468420142,
                5.3157849690777094e-08,
                1.3615260350041206e-13,
                0.0,
                0.0
            ],
            [
                2.558118674465246e-11,
                5.523998199194227e-09,
                0.9859363639414985,
                0.014063627158447745,
                3.350474272008673e-09
            ],
            [
                4.50875520337784e-12,
                1.2256067338312149e-11,
                2.73469826798753e-12,
                8.152020644106608e-09,
                0.99999999182848
            ],
            [
                1.3887943730974016e-11,
                3.331544510023881e-11,
                5.1090889787711574e-12,
                9.237449572848264e-09,
                0.999999990710238
            ]
        ],
        [
            [
                0.9999999999705993,
                2.9400777383775944e-11,
                0.0,
                0.0,
                0.0
            ],
            [
                0.999999999683912,
                3.160881452182092e-10,
                0.0,
                0.0,
                0.0
            ],
            [
                1.0603576850125305e-13,
                7.052880422203736e-11,
                0.9999998873934899,
                1.1253518383154965e-07,
                6.914400666818684e-13
            ],
            [
                3.098819124921952e-12,
                7.433680639248013e-12,
                1.4637785076073103e-12,
                3.8507419056192295e-09,
                0.9999999961372619
            ],
            [
                5.789356019006019e-12,
                1.5737101264944062e-11,
                3.5114219255190262e-12,
                5.315784970035357e-08,
                0.9999999468171126
            ]
        ],
        [
            [
                0.9999999999572222,
                4.2777878679647906e-11,
                0.0,
                0.0,
                0.0
            ],
            [
                0.9999999983944454,
                1.6052280513905622e-09,
                3.2661313350657224e-13,
                0.0,
                0.0
            ],
            [
                2.2870549375328635e-11,
                3.3942904832039827e-09,
                0.9988304848277948,
                0.0011695103400934392,
                1.4149507862039525e-09
            ],
            [
                6.560200111514052e-12,
                1.2256067338282544e-11,
                3.0988191119671133e-12,
                8.152020644086916e-09,
                0.9999999918260644
            ],
            [
                9.54503483133428e-12,
                2.0206838896503228e-11,
                3.5114220797132073e-12,
                9.237449573413004e-09,
                0.9999999907292872
            ]
        ],
        [
            [
                0.999999999989184,
                1.0815941554149207e-11,
                0.0,
                0.0,
                0.0
            ],
            [
                0.9999999881387739,
                1.1861120005842388e-08,
                1.0603575861448813e-13,
                0.0,
                0.0
            ],
            [
                9.670830651565853e-10,
                1.2666288554340666e-07,
                0.006692707860613002,
                0.9932858630873631,
                2.130142205540836e-05
            ],
            [
                1.4930946378001938e-10,
                4.277787758959836e-11,
                8.423463537847763e-12,
                2.5109990911702064e-08,
                0.9999999746894983
            ],
            [
                9.545034902285098e-12,
                1.573710207297256e-11,
                1.8795288124914595e-12,
                1.605228051728703e-09,
                0.9999999983676102
            ]
        ],
        [
            [
                0.9999999999450722,
                5.4927883495985176e-11,
                0.0,
                0.0,
                0.0
            ],
            [
                0.9999999956365377,
                4.363462232340553e-09,
                0.0,
                0.0,
                0.0
            ],
            [
                3.266131687935508e-13,
                1.917171716355195e-10,
                0.9999999121648546,
                8.764249145604576e-08,
                6.101937322426793e-13
            ],
            [
                2.7346982674322727e-12,
                8.423463680051835e-12,
                2.129785152140268e-12,
                8.15202064245141e-09,
                0.9999999918346915
            ],
            [
                9.54503440793468e-12,
                1.573710125792651e-11,
                3.511421923953199e-12,
                5.3157849676649206e-08,
                0.9999999468133567
            ]
        ],
        [
            [
                0.9999999999972653,
                2.7346982907195686e-12,
                0.0,
                0.0,
                0.0
            ],
            [
                0.9999977396728491,
                2.260325271373339e-06,
                1.8795253776624972e-12,
                0.0,
                0.0
            ],
            [
                4.752193000670253e-13,
                1.1032560179263804e-09,
                0.9999999870347787,
                1.1861119996344607e-08,
                3.701011630228443e-13
            ],
            [
                6.560199892980193e-12,
                1.5737101446755786e-11,
                3.0988190087390276e-12,
                4.1399375451317e-08,
                0.9999999585752284
            ],
            [
                2.129785168337409e-12,
                8.42346374411277e-12,
                1.463778512326327e-12,
                8.592166608610826e-10,
                0.9999999991287662
            ]
        ],
        [
            [
                0.9999999999515263,
                4.847368704841428e-11,
                0.0,
                0.0,
                0.0
            ],
            [
                0.9999999991407833,
                8.592166608713167e-10,
                0.0,
                0.0,
                0.0
            ],
            [
                1.4637786216840107e-12,
                3.2241869741692184e-08,
                0.9999998801132901,
                8.764248863438539e-08,
                8.878266130832522e-13
            ],
            [
                1.8795287156228676e-12,
                9.545034410345797e-12,
                1.8795287156228676e-12,
                5.3157849690077114e-08,
                0.9999999468288463
            ],
            [
                5.109089666600507e-12,
                1.0815942909068918e-11,
                1.879529051443785e-12,
                6.825604229403102e-08,
                0.9999999317261531
            ]
        ],
        [
            [
                0.9999999999925664,
                7.433680669633073e-12,
                0.0,
                0.0,
                0.0
            ],
            [
                0.9999998874643411,
                1.1253518374655132e-07,
                4.752193443980276e-13,
                0.0,
                0.0
            ],
            [
                2.3659775496252838e-14,
                8.42346354260023e-12,
                0.9999999748811426,
                2.5109990925868972e-08,
                4.193795552896471e-13
            ],
            [
                6.560200137062359e-12,
                9.54503487760288e-12,
                1.6586783510530892e-12,
                4.363462232263504e-09,
                0.9999999956187737
            ],
            [
                5.78935629489941e-12,
                1.573710201490005e-11,
                2.1297851585099667e-12,
                5.602796404796225e-09,
                0.9999999943735474
            ]
        ],
        [
            [
                0.9999999999925664,
                7.433680670222029e-12,
                0.0,
                0.0,
                0.0
            ],
            [
                0.9999999804439492,
                1.9555680692327776e-08,
                3.7010116037379946e-13,
                0.0,
                0.0
            ],
            [
                2.920398978381657e-11,
                2.4941923375592754e-08,
                0.9933071226731796,
                0.006692851259821519,
                1.0958716317935328e-09
            ],
            [
                1.0815941424774676e-11,
                1.7832472689672657e-11,
                3.511422070356483e-12,
                1.1861120006027855e-08,
                0.9999999881067202
            ],
            [
                5.905303936939204e-10,
                7.052879777057945e-11,
                1.0815941443719876e-11,
                9.237449564978713e-09,
                0.9999999900906754
            ]
        ],
        [
            [
                0.9999999999821676,
                1.783247290058681e-11,
                0.0,
                0.0,
                0.0
            ],
            [
                0.9999999317429518,
                6.825604223429472e-08,
                1.0060394041382779e-12,
                0.0,
                0.0
            ],
            [
                2.1297812714635357e-12,
                2.335588762486836e-09,
                0.9999977373304528,
                2.2603252684711595e-06,
                6.560188156872051e-12
            ],
            [
                3.098819130872878e-12,
                7.433680653523541e-12,
                1.2917800015140679e-12,
                2.061153617217896e-09,
                0.999999997927022
            ],
            [
                1.691897909590601e-10,
                4.847368668954354e-11,
                7.433680615126399e-12,
                7.194132974943674e-09,
                0.99999999258077
            ]
        ],
        [
            [
                0.9999999999705993,
                2.940077738144123e-11,
                0.0,
                0.0,
                0.0
            ],
            [
                0.9999999918479795,
                8.152020641831578e-09,
                0.0,
                0.0,
                0.0
            ],
            [
                2.0419048703213757e-10,
                3.891181916846473e-08,
                0.9399132032191744,
                0.06008663780797486,
                1.198568410247567e-07
            ],
            [
                3.978962405617356e-12,
                1.783247232454136e-11,
                3.511421998457868e-12,
                3.224186631738469e-08,
                0.9999999677328109
            ],
            [
                9.056076847148285e-11,
                4.847368629982344e-11,
                1.0815941387064355e-11,
                1.5229979505023137e-08,
                0.9999999846201701
            ]
        ],
        [
            [
                0.999999999994891,
                5.109089026205607e-12,
                0.0,
                0.0,
                0.0
            ],
            [
                0.9999999586001493,
                4.1399375438337277e-08,
                4.752192861946147e-13,
                0.0,
                0.0
            ],
            [
                2.725375141716565e-10,
                9.703007600302166e-08,
                0.9770225157868366,
                0.02297736780419508,
                1.9106354810945264e-08
            ],
            [
                2.4133627337948558e-12,
                6.560200064754801e-12,
                1.4637784910544787e-12,
                1.5229979504664415e-08,
                0.9999999847595831
            ],
            [
                2.129785137509696e-12,
                9.545034772945656e-12,
                2.4133627339338294e-12,
                1.5229979505541435e-08,
                0.9999999847559322
            ]
        ],
        [
            [
                0.999999999987744,
                1.2256067440931055e-11,
                0.0,
                0.0,
                0.0
            ],
            [
                0.9999999992417439,
                7.582560419084261e-10,
                0.0,
                0.0,
                0.0
            ],
            [
                1.0603575968948263e-13,
                1.2256067418005655e-11,
                0.999999997925874,
                2.061153618050251e-09,
                6.101936664613973e-13
            ],
            [
                3.978962322158125e-12,
                1.5737101261745607e-11,
                3.5114219248053544e-12,
                5.3157849689549604e-08,
                0.9999999468189229
            ],
            [
                3.5114221092030766e-12,
                8.423463744457098e-12,
                1.2917800032506752e-12,
                8.592166608962051e-10,
                0.9999999991275568
            ]
        ],
        [
            [
                0.999999999989184,
                1.0815941554149493e-11,
                0.0,
                0.0,
                0.0
            ],
            [
                0.9999999936508732,
                6.34880007148599e-09,
                3.266131319864806e-13,
                0.0,
                0.0
            ],
            [
                4.264216073372705e-11,
                5.58502089317952e-09,
                0.9968273099056905,
                0.0031726830545321235,
                1.412114425192574e-09
            ],
            [
                1.2256068012380514e-11,
                2.940077875608005e-11,
                7.433681017032057e-12,
                5.043472049699335e-07,
                0.9999994956037045
            ],
            [
                3.0988191200570653e-12,
                9.545034865349118e-12,
                1.879528805218334e-12,
                5.602796403790589e-09,
                0.9999999943826803
            ]
        ],
        [
            [
                0.9999999995400946,
                4.5990553754040053e-10,
                0.0,
                0.0,
                0.0
            ],
            [
                0.9999832985691731,
                1.670141509001704e-05,
                1.5736832907113352e-11,
                0.0,
                0.0
            ],
            [
                2.0192506603829584e-11,
                1.1852707190642211e-08,
                0.9992903171236758,
                0.0007096703347406122,
                6.686839823646959e-10
            ],
            [
                1.3887943761461743e-11,
                2.2897348285809123e-11,
                4.5087552086925554e-12,
                7.194132976709876e-09,
                0.9999999927645729
            ],
            [
                8.423463718847801e-12,
                9.545034882476922e-12,
                1.8795288085909984e-12,
                3.850741906483735e-09,
                0.9999999961294102
            ]
        ],
        [
            [
                0.999999999782756,
                2.172439934190194e-10,
                0.0,
                0.0,
                0.0
            ],
            [
                0.999999996149258,
                3.850741905361389e-09,
                0.0,
                0.0,
                0.0
            ],
            [
                8.25807315916594e-14,
                2.5946094585659156e-11,
                0.9999999847434533,
                1.522997951161748e-08,
                5.384940135337416e-13
            ],
            [
                3.9789623694106905e-12,
                1.3887943284078286e-11,
                3.5114219665055974e-12,
                4.1399375456255696e-08,
                0.9999999585792463
            ],
            [
                5.7893563209910354e-12,
                9.545034910080157e-12,
                2.4133627686068617e-12,
                8.5921666076875e-10,
                0.9999999991230355
            ]
        ],
        [
            [
                0.999999999979793,
                2.020683908593403e-11,
                0.0,
                0.0,
                0.0
            ],
            [
                0.9999999981806189,
                1.818961682680016e-09,
                4.1937956471442937e-13,
                0.0,
                0.0
            ],
            [
                2.7344951053051036e-12,
                5.904865238735833e-10,
                0.9999251531546134,
                7.484619724178713e-05,
                5.492380240388161e-11
            ],
            [
                5.789356285123416e-12,
                1.38879437603557e-11,
                2.4133627536550136e-12,
                7.194132976136932e-09,
                0.9999999927837764
            ],
            [
                6.56020015237554e-12,
                1.783247286525669e-11,
                3.5114221049310296e-12,
                2.061153617481183e-09,
                0.9999999979109422
            ]
        ],
        [
            [
                0.9999999999377585,
                6.224144620985883e-11,
                0.0,
                0.0,
                0.0
            ],
            [
                0.9999999996418252,
                3.58174792811766e-10,
                0.0,
                0.0,
                0.0
            ],
            [
                1.7482340938773563e-13,
                6.224144500457727e-11,
                0.9999999803815328,
                1.9555680703123857e-08,
                3.7010116057812074e-13
            ],
            [
                1.4637784960752047e-12,
                7.433680580683149e-12,
                1.6586783384601037e-12,
                1.186112000507746e-08,
                0.9999999881283238
            ],
            [
                6.5602000369968665e-12,
                2.020683868623044e-11,
                4.508755152152086e-12,
                1.955568069687725e-08,
                0.9999999804130435
            ]
        ],
        [
            [
                0.9999999999771028,
                2.289734844772485e-11,
                0.0,
                0.0,
                0.0
            ],
            [
                0.9999999994788586,
                5.211412482775899e-10,
                0.0,
                0.0,
                0.0
            ],
            [
                9.357622962794548e-14,
                2.940077737384993e-11,
                0.9999999993798818,
                5.905303995128833e-10,
                9.357622962794548e-14
            ],
            [
                2.2897348306915958e-11,
                2.2897348306915958e-11,
                4.508755212848737e-12,
                6.348800074580502e-09,
                0.9999999936008965
            ],
            [
                1.658678346500963e-12,
                7.43368061671978e-12,
                1.658678346500963e-12,
                7.1941329764857086e-09,
                0.999999992795116
            ]
        ],
        [
            [
                0.9999999999094393,
                9.056076986622564e-11,
                0.0,
                0.0,
                0.0
            ],
            [
                0.9990889485564092,
                0.0009110514103056591,
                3.328508496700449e-11,
                0.0,
                0.0
            ],
            [
                2.413063681792823e-12,
                1.1031193049127975e-09,
                0.9998766040975584,
                0.00012339462774035804,
                1.6916882443090262e-10
            ],
            [
                1.22560687351085e-11,
                2.5946097715830777e-11,
                5.109089566235951e-12,
                8.764249142637273e-08,
                0.9999999123141974
            ],
            [
                7.433680651762209e-12,
                1.7832472858753596e-11,
                3.098819130138645e-12,
                2.3355930323301577e-09,
                0.9999999976360421
            ]
        ],
        [
            [
                0.9999999999094393,
                9.056076986621106e-11,
                0.0,
                0.0,
                0.0
            ],
            [
                0.9999999991407833,
                8.592166606715455e-10,
                0.0,
                0.0,
                0.0
            ],
            [
                4.193795862312916e-13,
                4.058652323837386e-10,
                0.9999998550946777,
                1.4449803163748746e-07,
                1.0060393282043895e-12
            ],
            [
                3.978962532577198e-12,
                6.5602001627788786e-12,
                1.0060392784590494e-12,
                5.905303994105709e-10,
                0.9999999993979245
            ],
            [
                5.109088971482894e-12,
                9.545034817134467e-12,
                1.8795287957243057e-12,
                1.0467401678823775e-08,
                0.9999999895160646
            ]
        ],
        [
            [
                0.9999999999515263,
                4.8473687048406135e-11,
                0.0,
                0.0,
                0.0
            ],
            [
                0.9999999993308415,
                6.69158608409724e-10,
                0.0,
                0.0,
                0.0
            ],
            [
                1.2015426704700828e-13,
                4.847369098777845e-11,
                0.9999998874156122,
                1.1253518383160703e-07,
                6.101937171699461e-13
            ],
            [
                3.331544433160036e-11,
                3.331544433160036e-11,
                5.1090888608966325e-12,
                3.2241866317630475e-08,
                0.9999999676863938
            ],
            [
                1.3887943647379772e-11,
                1.3887943647379772e-11,
                3.511422058362598e-12,
                1.5229979506102525e-08,
                0.9999999847387331
            ]
        ],
        [
            [
                0.9999999997538302,
                2.4616969506741126e-10,
                0.0,
                0.0,
                0.0
            ],
            [
                0.9999999966017321,
                3.3982678069983167e-09,
                0.0,
                0.0,
                0.0
            ],
            [
                1.7343706483456747e-10,
                2.0046599049398944e-08,
                0.90465048155847,
                0.09534946517023962,
                3.3051254257941005e-08
            ],
            [
                2.734693353330392e-12,
                2.0206802601131046e-11,
                7.433667248765736e-12,
                1.760343133359292e-06,
                0.9999982396264915
            ],
            [
                9.545034678991592e-12,
                1.783247245257641e-11,
                3.978962434185838e-12,
                2.5109990915949528e-08,
                0.9999999748586526
            ]
        ],
        [
            [
                0.999999999868235,
                1.3176514263637972e-10,
                0.0,
                0.0,
                0.0
            ],
            [
                0.9999999992417439,
                7.582560419445591e-10,
                0.0,
                0.0,
                0.0
            ],
            [
                1.2244898426144512e-11,
                2.333464600725311e-09,
                0.9990889439219655,
                0.0009110513988605987,
                2.333464600725311e-09
            ],
            [
                1.225606735869218e-11,
                1.3887943768184867e-11,
                3.0988191171274776e-12,
                6.348800071801602e-09,
                0.999999993621957
            ],
            [
                7.052879830418092e-11,
                2.2897348389271727e-11,
                2.413362764752093e-12,
                2.6465736311437254e-09,
                0.9999999972575868
            ]
        ],
        [
            [
                0.999999999979793,
                2.0206839084174466e-11,
                0.0,
                0.0,
                0.0
            ],
            [
                0.9999999715463982,
                2.8453347263431202e-08,
                2.5436655734983617e-13,
                0.0,
                0.0
            ],
            [
                3.9767626522923615e-12,
                1.2494616835232255e-09,
                0.9994472198850369,
                0.0005527785827320481,
                2.7879258554386403e-10
            ],
            [
                6.560200422330467e-12,
                1.7832473599070263e-11,
                3.9789626900031945e-12,
                3.92786369766715e-07,
                0.9999996071852586
            ],
            [
                2.7346982535393005e-12,
                9.545034790024095e-12,
                2.1297851413204108e-12,
                1.3440409764115418e-08,
                0.9999999865451807
            ]
        ],
        [
            [
                0.999999999987744,
                1.2256067440930308e-11,
                0.0,
                0.0,
                0.0
            ],
            [
                0.9999999992417439,
                7.58256041640968e-10,
                0.0,
                0.0,
                0.0
            ],
            [
                2.928112610767294e-11,
                3.384438011305732e-09,
                0.9959298484381787,
                0.004070137723299218,
                1.042480298654255e-08
            ],
            [
                1.1399918158147649e-12,
                7.433680429584763e-12,
                1.4637784663221683e-12,
                3.224186631961988e-08,
                0.9999999677480961
            ],
            [
                2.2897347999212444e-11,
                2.594609446464037e-11,
                6.560200037151441e-12,
                1.9555680697338033e-08,
                0.9999999803889157
            ]
        ],
        [
            [
                0.9999999999942106,
                5.789356326621865e-12,
                0.0,
                0.0,
                0.0
            ],
            [
                0.9999999317436311,
                6.825604226102486e-08,
                3.266131749411227e-13,
                0.0,
                0.0
            ],
            [
                1.2917751178072974e-12,
                1.2501481368891458e-09,
                0.9999970964312545,
                2.902312196638528e-06,
                5.109069699687628e-12
            ],
            [
                1.3887943693241838e-11,
                2.594609466194539e-11,
                3.9789624866380104e-12,
                1.1861120004682993e-08,
                0.9999999880950668
            ],
            [
                1.317651406348025e-10,
                3.3315444899259045e-11,
                6.56020006528612e-12,
                1.522997950589791e-08,
                0.9999999845983798
            ]
        ],
        [
            [
                0.9999999999975866,
                2.413362771153648e-12,
                0.0,
                0.0,
                0.0
            ],
            [
                0.9999999950555496,
                4.9444504757195516e-09,
                0.0,
                0.0,
                0.0
            ],
            [
                3.4424771077881416e-14,
                5.789356327583981e-12,
                0.9999999998447124,
                1.4930946759014338e-10,
                1.5428112028863103e-13
            ],
            [
                6.560199893400401e-12,
                1.3887943283311116e-11,
                2.1297850817564233e-12,
                4.139937545396879e-08,
                0.9999999585780466
            ],
            [
                2.0206839015819705e-11,
                1.3887943813828003e-11,
                3.511422100447302e-12,
                3.3982678069825e-09,
                0.999999996564126
            ]
        ],
        [
            [
                0.9999999999294713,
                7.052879848643048e-11,
                0.0,
                0.0,
                0.0
            ],
            [
                0.9999999992417439,
                7.582560419764716e-10,
                0.0,
                0.0,
                0.0
            ],
            [
                2.129687873906143e-12,
                5.905034221191722e-10,
                0.9999546015257087,
                4.539785571328961e-05,
                2.5944909662045002e-11
            ],
            [
                2.0206840585123088e-11,
                4.8473690648783435e-11,
                9.545035628981821e-12,
                2.3823698437494036e-07,
                0.99999976168479
            ],
            [
                3.3315445227200634e-11,
                2.594609483131635e-11,
                5.789356294937964e-12,
                5.6027964048335375e-09,
                0.9999999943321527
            ]
        ],
        [
            [
                0.9999999999705993,
                2.940077738473041e-11,
                0.0,
                0.0,
                0.0
            ],
            [
                0.9999998555011849,
                1.4449803158362006e-07,
                7.835042163141261e-13,
                0.0,
                0.0
            ],
            [
                1.060357595430231e-13,
                2.020683901929048e-11,
                0.9999999965802793,
                3.398267807566195e-09,
                1.1399918490426632e-12
            ],
            [
                2.4133627339365363e-12,
                8.423463622196246e-12,
                2.1297851375120846e-12,
                1.5229979505558518e-08,
                0.9999999847570538
            ],
            [
                7.052879783763974e-11,
                4.2777878281202585e-11,
                6.5602001055102074e-12,
                9.237449573761879e-09,
                0.9999999906426836
            ]
        ],
        [
            [
                0.999999999990455,
                9.545034919730306e-12,
                0.0,
                0.0,
                0.0
            ],
            [
                0.9999999748896824,
                2.510999089921721e-08,
                3.2661312571704735e-13,
                0.0,
                0.0
            ],
            [
                1.225562462966721e-11,
                1.1860691606444752e-08,
                0.9999646318366441,
                3.5356257094408505e-05,
                3.331424172723949e-11
            ],
            [
                2.7346985014975543e-12,
                2.0206840641227014e-11,
                5.7893567731009795e-12,
                8.315279899214788e-07,
                0.9999991684432792
            ],
            [
                1.1399918470381852e-12,
                5.789356298228803e-12,
                1.1399918470381852e-12,
                4.944450475888273e-09,
                0.99999999504748
            ]
