{
    "[['A', 'B', 'C', 'D', 'E'], ['A', 'B', 'C', 'D', 'E']]": [
        [
            [
                0.999999999996021,
                3.978962533990568e-12,
                0.0,
                0.0,
                0.0
            ],
            [
                0.999999996149258,
                3.850741905361221e-09,
                0.0,
                0.0,
                0.0
            ],
            [
                5.675685207655601e-14,
                1.3887943803847019e-11,
                0.9999999956221737,
                4.363462233741311e-09,
                4.193795639923809e-13
            ],
            [
                3.0988136406100495e-12,
                3.7751278462077475e-11,
                9.5450179874641e-12,
                1.370956653945804e-06,
                0.999998628992951
            ],
            [
                5.789356276932578e-12,
                2.5946094750621805e-11,
                5.1090889823516854e-12,
                8.152020641533049e-09,
                0.9999999918111347
            ]
        ],
        [
            [
                0.9999999999925664,
                7.43368066887684e-12,
                0.0,
                0.0,
                0.0
            ],
            [
                0.9999999995398401,
                4.5990553741380875e-10,
                0.0,
                0.0,
                2.543665644880173e-13
            ],
            [
                1.1176086870576506e-14,
                3.7010116784874823e-13,
                0.9999999999944753,
                5.109089027918115e-12,
                3.4424771083721346e-14
            ],
            [
                2.2876482079567968e-11,
                1.1617636209658696e-10,
                4.842951294248495e-11,
                0.0009110514049922047,
                0.9990889484075254
            ],
            [
                9.54498085006865e-12,
                5.49275723422285e-11,
                1.225599801328591e-11,
                4.7850948477840965e-06,
                0.9999952148284237
            ]
        ],
        [
            [
                0.9999999999969011,
                3.098819137847395e-12,
                0.0,
                0.0,
                0.0
            ],
            [
                0.9999999999666846,
                3.331544540318633e-11,
                0.0,
                0.0,
                0.0
            ],
            [
                2.2447770488985457e-13,
                1.7832472859509914e-11,
                0.999999997334831,
                2.6465736316908243e-09,
                5.384940203067093e-13
            ],
            [
                1.3176238937721757e-10,
                2.789409805004953e-10,
                1.0261665202633638e-10,
                2.1444939748460615e-05,
                0.9999785545469315
            ],
            [
                9.545034804347156e-12,
                1.7832472686771437e-11,
                4.508755186322472e-12,
                1.1861120004098134e-08,
                0.9999999881069938
            ]
        ],
        [
            [
                0.9999999999915765,
                8.423463750005126e-12,
                0.0,
                0.0,
                0.0
            ],
            [
                0.9999999995400946,
                4.5990553738198024e-10,
                0.0,
                0.0,
                0.0
            ],
            [
                1.542811201592334e-13,
                2.940077736236263e-11,
                0.9999999989965367,
                9.73620030291528e-10,
                2.8823507904560277e-13
            ],
            [
                5.4927883127505604e-11,
                2.5946094802301167e-11,
                4.508755210934971e-12,
                6.348800071885718e-09,
                0.9999999935658173
            ],
            [
                5.1090888980068475e-12,
                2.020683857583882e-11,
                4.5087551275203865e-12,
                2.5109990918242294e-08,
                0.9999999748601844
            ]
        ],
        [
            [
                0.9999999999969011,
                3.09881913760169e-12,
                0.0,
                0.0,
                0.0
            ],
            [
                0.9999999999450722,
                5.492788348683565e-11,
                0.0,
                0.0,
                0.0
            ],
            [
                1.0603575979011981e-13,
                1.3887943848576712e-11,
                0.999999998882275,
                1.1032560310417486e-09,
                4.752193057163723e-13
            ],
            [
                8.422660846669914e-12,
                1.0260901489760984e-10,
                2.9397974969263924e-11,
                9.610239965893001e-05,
                0.9999038974599114
            ],
            [
                7.433680647534842e-12,
                1.3887943818599116e-11,
                2.1297851638454965e-12,
                2.9989608148452756e-09,
                0.9999999969775877
            ]
        ],
        [
            [
                0.999999999996765,
                3.0988191379484872e-12,
                0.0,
                0.0,
                1.3615261077498726e-13
            ],
            [
                0.9999999956362495,
                4.363462230981536e-09,
                2.8823507789369475e-13,
                0.0,
                0.0
            ],
            [
                1.7482341222025314e-13,
                2.940077729078782e-11,
                0.9999999965715463,
                3.398267807698897e-09,
                6.101936656424089e-13
            ],
            [
                1.4637758378273374e-12,
                1.5737073333941666e-11,
                2.4133583593628323e-12,
                1.0677030761393097e-06,
                0.9999989322773096
            ],
            [
                1.0815941365822817e-11,
                2.289734805112862e-11,
                4.508755162481224e-12,
                1.7257827682463613e-08,
                0.9999999827039504
            ]
        ],
        [
            [
                0.9999999999705993,
                2.9400777381437375e-11,
                0.0,
                0.0,
                0.0
            ],
            [
                3.5812902426799803e-10,
                2.2156658160432872e-08,
                4.784505933993801e-06,
                0.9998717989449053,
                0.00012339403437352739
            ],
            [
                3.7010115849558435e-13,
                7.991959690754684e-11,
                0.9999999748022856,
                2.5109990922148667e-08,
                7.43368048427759e-12
            ],
            [
                2.289730710914325e-11,
                4.8473599530441774e-11,
                9.545017686716525e-12,
                1.7603431333781189e-06,
                0.9999982395759507
            ],
            [
                6.224144417441644e-11,
                1.0261879292945496e-10,
                1.3887943406507096e-11,
                3.2241866308226385e-08,
                0.9999999675793856
            ]
        ],
        [
            [
                0.9999999999932854,
                6.5602001654457e-12,
                0.0,
                0.0,
                1.5428112025550086e-13
            ],
            [
                0.999999999987744,
                1.2256067439557316e-11,
                0.0,
                0.0,
                0.0
            ],
            [
                9.35762295933662e-14,
                1.2256067431652282e-11,
                0.9999999990138058,
                9.736200303121529e-10,
                2.24477705274119e-13
            ],
            [
                3.5114224830264548e-12,
                2.0206841217410723e-11,
                6.5602008587507905e-12,
                8.764249142062378e-08,
                0.9999999123272302
            ],
            [
                6.22414455461695e-11,
                3.3315445056129635e-11,
                3.0988191047218218e-12,
                1.0467401679897136e-08,
                0.9999999894339425
            ]
        ],
        [
            [
                0.999999999990455,
                9.545034919329256e-12,
                0.0,
                0.0,
                0.0
            ],
            [
                0.9999999999448974,
                5.4927883481247655e-11,
                0.0,
                0.0,
                1.748234127370356e-13
            ],
            [
                3.7743644413635117e-11,
                1.955169185598462e-08,
                0.9997965531610921,
                0.0002034270577944379,
                1.9167804232276024e-10
            ],
            [
                4.50871258728078e-12,
                4.847322847808411e-11,
                9.544944622175185e-12,
                1.0129988102312005e-05,
                0.9999898699493708
            ],
            [
                1.7832472321522157e-11,
                3.7751344200907475e-11,
                8.423463477366982e-12,
                3.224186631192585e-08,
                0.9999999676941265
            ]
        ],
        [
            [
                0.9999999999964886,
                3.511422112253721e-12,
                0.0,
                0.0,
                0.0
            ],
            [
                0.9999999999572222,
                4.277787866817878e-11,
                0.0,
                0.0,
                0.0
            ],
            [
                7.287724094327266e-14,
                6.560200166810339e-12,
                0.9999999998436873,
                1.4930946758913986e-10,
                3.7010116778347553e-13
            ],
            [
                2.0183189074300992e-11,
                1.914927662722454e-10,
                6.216859905156024e-11,
                0.0011695103465608622,
                0.9988304893795946
            ],
            [
                8.42346347751658e-12,
                2.9400776426187025e-11,
                8.42346347751658e-12,
                3.224186631249845e-08,
                0.999999967711886
            ]
        ],
        [
            [
                0.9999999999963824,
                3.511422112105628e-12,
                0.0,
                0.0,
                1.060357598768611e-13
            ],
            [
                0.9999999997825315,
                2.1724399336074628e-10,
                0.0,
                0.0,
                2.2447770535004207e-13
            ],
            [
                3.7010115849347727e-13,
                1.3176513936650247e-10,
                0.9999999747562152,
                2.510999092200571e-08,
                1.6586783169396728e-12
            ],
            [
                1.4637785854713287e-12,
                1.2256068041467369e-11,
                2.1297852747627584e-12,
                1.444980316538426e-07,
                0.9999998554861188
            ],
            [
                5.109089567456116e-12,
                2.5946097722027288e-11,
                5.789356939942759e-12,
                8.764249144730372e-08,
                0.9999999123206641
            ]
        ],
        [
            [
                0.999999999994891,
                5.109089026421687e-12,
                0.0,
                0.0,
                0.0
            ],
            [
                0.9999999999515263,
                4.84736870406716e-11,
                0.0,
                0.0,
                0.0
            ],
            [
                2.882350789583997e-13,
                2.5946094948014538e-11,
                0.9999999987229213,
                1.2501528647123876e-09,
                6.914400097679607e-13
            ],
            [
                1.2255343666442406e-11,
                9.055542186301737e-11,
                3.774911605065678e-11,
                5.82912770779189e-05,
                0.9999417085823622
            ],
            [
                3.978962444133782e-12,
                1.7832472497160005e-11,
                6.560200016960337e-12,
                2.21594892626545e-08,
                0.9999999778121392
            ]
        ],
        [
            [
                0.999999999996021,
                3.978962533990673e-12,
                0.0,
                0.0,
                0.0
            ],
            [
                3.1586334787479177e-10,
                7.1890166615203986e-09,
                8.30938139719851e-07,
                0.9992894918960323,
                0.0007096696609479732
            ],
            [
                8.258073283048043e-14,
                8.423463751910543e-12,
                0.9999999997447857,
                2.461696951067797e-10,
                5.384940216118694e-13
            ],
            [
                3.3315384512153185e-11,
                9.056060432751192e-11,
                1.783244030563456e-11,
                1.0677030762278848e-06,
                0.9999989321552153
            ],
            [
                2.940077615800828e-11,
                4.2777876893013554e-11,
                7.43368036013664e-12,
                4.139937544907248e-08,
                0.9999999585210122
            ]
        ],
        [
            [
                0.99999999999886,
                1.1399918526825188e-12,
                0.0,
                0.0,
                0.0
            ],
            [
                3.637655991064766e-08,
                0.0002601265845155337,
                0.004069066345149226,
                0.9956674961833285,
                3.2745104469200672e-06
            ],
            [
                1.201542572538798e-13,
                8.423463749993254e-12,
                0.9999999995309408,
                4.599055376208835e-10,
                6.101936674363361e-13
            ],
            [
                2.7346985802033017e-12,
                2.02068412227882e-11,
                4.508755718134624e-12,
                8.764249144394734e-08,
                0.9999999123300582
            ],
            [
                6.560199892429579e-12,
                2.5946093892254302e-11,
                7.433680359915738e-12,
                4.139937544784224e-08,
                0.9999999585606847
            ]
        ],
        [
            [
                0.9999999999978701,
                2.1297851701879353e-12,
                0.0,
                0.0,
                0.0
            ],
            [
                0.9999999979388463,
                2.0611536171156907e-09,
                0.0,
                0.0,
                0.0
            ],
            [
                1.5428111998753012e-13,
                1.5737102073032797e-11,
                0.9999999979208252,
                2.061153618007689e-09,
                2.1297851663773784e-12
            ],
            [
                1.3887944932527032e-11,
                5.492788773184045e-11,
                9.54503565656524e-12,
                8.315279900157212e-07,
                0.9999991683936491
            ],
            [
                1.5737104099806896e-11,
                2.5946098268573827e-11,
                5.109089675077511e-12,
                1.8553915975824322e-07,
                0.999999814414048
            ]
        ],
        [
            [
                0.999999999996021,
                3.97896253471101e-12,
                0.0,
                0.0,
                0.0
            ],
            [
                0.9999999998082829,
                1.9171715123912603e-10,
                0.0,
                0.0,
                0.0
            ],
            [
                9.35762296259591e-14,
                1.388794385569671e-11,
                0.9999999993949498,
                5.905303995003478e-10,
                5.384940214160709e-13
            ],
            [
                5.109089566974936e-12,
                2.0206841221658942e-11,
                3.978962955542025e-12,
                8.764249143904945e-08,
                0.9999999123282137
            ],
            [
                1.783247274952799e-11,
                4.847368663153304e-11,
                7.4336806062302e-12,
                8.152020641958603e-09,
                0.9999999917742396
            ]
        ],
        [
            [
                0.9999999999975866,
                2.413362770962562e-12,
                0.0,
                0.0,
                0.0
            ],
            [
                8.075890538979299e-10,
                1.0035481005014357e-06,
                0.9399123750552227,
                0.06008658167726807,
                3.8911819727157896e-08
            ],
            [
                1.3615261003425085e-13,
                3.7751345227984115e-11,
                0.9999999943584283,
                5.6027964056571025e-09,
                8.878265427941926e-13
            ],
            [
                9.544998819835187e-12,
                6.224121080790964e-11,
                1.3887891335401063e-11,
                2.902312198813915e-06,
                0.9999970976021271
            ],
            [
                1.5737101951174885e-11,
                4.277787826648608e-11,
                6.560200103253358e-12,
                9.237449570583998e-09,
                0.9999999906974754
            ]
        ],
        [
            [
                0.9999999999980003,
                1.879528815940856e-12,
                0.0,
                0.0,
                1.2015425727947447e-13
            ],
            [
                0.9999999985833912,
                1.416608783799192e-09,
                0.0,
                0.0,
                0.0
            ],
            [
                9.357622958949414e-14,
                1.2256067431145143e-11,
                0.9999999990135551,
                9.736200302718659e-10,
                4.75219305774821e-13
            ],
            [
                2.289734957232032e-11,
                3.7751347282540994e-11,
                4.50875546202163e-12,
                1.4449803165279914e-07,
                0.9999998554368109
            ],
            [
                1.57367732794156e-11,
                5.492673578898193e-11,
                9.544835478912085e-12,
                2.1444939762332124e-05,
                0.9999785549800293
            ]
        ],
        [
            [
                0.9999999999989939,
                1.0060392789217675e-12,
                0.0,
                0.0,
                0.0
            ],
            [
                0.9999999995941349,
                4.058652122712744e-10,
                0.0,
                0.0,
                0.0
            ],
            [
                1.542811199877035e-13,
                1.573710207305048e-11,
                0.9999999979219489,
                2.061153618010005e-09,
                1.0060392771217613e-12
            ],
            [
                3.0988195309512754e-12,
                2.5946098266861643e-11,
                5.1090896747403624e-12,
                1.855391597459995e-07,
                0.9999998144266862
            ],
            [
                5.1090895654495796e-12,
                1.783247478380872e-11,
                6.5602008581713884e-12,
                8.764249141288313e-08,
                0.9999999123280068
            ]
        ],
        [
            [
                0.9999999999954912,
                4.50875524065868e-12,
                0.0,
                0.0,
                0.0
            ],
            [
                0.9999999996418252,
                3.581747927545873e-10,
                0.0,
                0.0,
                0.0
            ],
            [
                5.6756852312414624e-14,
                4.50875524118961e-12,
                0.9999999998033473,
                1.9171715132883627e-10,
                3.701011677685457e-13
            ],
            [
                2.939904114416461e-11,
                7.052463346705869e-11,
                1.7831419820089015e-11,
                5.829127712866082e-05,
                0.9999417086051162
            ],
            [
                6.560200696802456e-12,
                2.0206840718574734e-11,
                6.560200696802456e-12,
                1.1253518378781948e-07,
                0.9999998874314889
            ]
        ],
        [
            [
                0.9999999999915765,
                8.423463751379147e-12,
                0.0,
                0.0,
                0.0
            ],
            [
                1.4163009151543329e-09,
                3.0583583877183255e-07,
                0.00015842688672700864,
                0.9997829838665777,
                5.828199455566332e-05
            ],
            [
                9.357622881951309e-14,
                1.3887943736009509e-11,
                0.9999999907479588,
                9.23744957619758e-09,
                6.101936620946666e-13
            ],
            [
                5.109089225347119e-12,
                1.7832473596734492e-11,
                5.789356552282478e-12,
                3.927863697152662e-07,
                0.9999996071848993
            ],
            [
                5.109088926407149e-12,
                1.5737101793739832e-11,
                4.508755152583564e-12,
                1.955568069874869e-08,
                0.9999999804189643
            ]
        ],
        [
            [
                0.9999999999969011,
                3.0988191377321092e-12,
                0.0,
                0.0,
                0.0
            ],
            [
                0.999999999986112,
                1.3887943857530029e-11,
                0.0,
                0.0,
                0.0
            ],
            [
                1.748234126957967e-13,
                2.5946094963276686e-11,
                0.9999999993038329,
                6.691586086266765e-10,
                8.878265471791238e-13
            ],
            [
                1.2253567530216621e-11,
                7.990329744329277e-11,
                2.5940802665033115e-11,
                0.00020342706184907434,
                0.9997965728200533
            ],
            [
                5.109088992853153e-12,
                1.388794376925285e-11,
                2.7346982727452275e-12,
                6.3488000722898245e-09,
                0.9999999936294681
            ]
        ],
        [
            [
                0.9999999999977158,
                2.1297851702772987e-12,
                0.0,
                0.0,
                1.5428112027003938e-13
            ],
            [
                0.9999999990255781,
                9.73620029135066e-10,
                3.266131335521694e-13,
                0.0,
                4.752193052199544e-13
            ],
            [
                1.361526101999162e-13,
                1.7832472828376687e-11,
                0.9999999956172774,
                4.363462233424699e-09,
                1.2917799990074981e-12
            ],
            [
                1.2249291340645688e-11,
                1.1621804042264026e-10,
                2.5931749971640413e-11,
                0.00055277858467742,
                0.9994472212609234
            ],
            [
                5.492789041465982e-11,
                4.847369315644338e-11,
                2.2897351334934877e-11,
                3.0590235895752356e-07,
                0.999999693971342
            ]
        ],
        [
            [
                0.9999999999975866,
                2.4133627710641326e-12,
                0.0,
                0.0,
                0.0
            ],
            [
                0.9999999998973812,
                1.0261879625927937e-10,
                0.0,
                0.0,
                0.0
            ],
            [
                3.900837607110054e-14,
                5.789356324173387e-12,
                0.9999999992357174,
                7.582560421943067e-10,
                1.9810087964895695e-13
            ],
            [
                1.0815839233992346e-11,
                5.4927363868985947e-11,
                1.5736953227349565e-11,
                1.012998810302944e-05,
                0.9999898699304168
            ],
            [
                9.545034522293055e-12,
                2.940077615907134e-11,
                4.508755053089549e-12,
                4.1399375450569385e-08,
                0.9999999585571699
            ]
        ],
        [
            [
                0.9999999999985363,
                1.4637785135990559e-12,
                0.0,
                0.0,
                0.0
            ],
            [
                0.9999999999377585,
                6.224144619993258e-11,
                0.0,
                0.0,
                0.0
            ],
            [
                2.2447769618912604e-13,
                3.775134387659001e-11,
                0.9999999585611848,
                4.139937547030375e-08,
                1.463778453397707e-12
            ],
            [
                9.545036122766493e-12,
                2.940078108887659e-11,
                8.423464813399507e-12,
                3.0590235895743224e-07,
                0.9999996940502718
            ],
            [
                1.7832472771767994e-11,
                2.594609478433527e-11,
                3.978962505407106e-12,
                7.194132975306411e-09,
                0.9999999927581094
            ]
        ],
        [
            [
                0.9999999999969011,
                3.0988191376018254e-12,
                0.0,
                0.0,
                0.0
            ],
            [
                2.289704507048777e-11,
                7.734319427368423e-08,
                0.9999869154658217,
                1.3007125309588773e-05,
                4.2777311890082165e-11
            ],
            [
                5.008774635766831e-14,
                7.43368066927013e-12,
                0.9999999996338662,
                3.5817479287981617e-10,
                4.752193060800858e-13
            ],
            [
                9.545036115098493e-12,
                2.5946098223657557e-11,
                6.560200987579827e-12,
                6.825604228912087e-08,
                0.9999999317019064
            ],
            [
                2.734698221041802e-12,
                1.2256067127915994e-11,
                3.97896243318749e-12,
                2.5109990909649264e-08,
                0.9999999748710393
            ]
        ],
        [
            [
                0.9999999999934397,
                6.5602001660361284e-12,
                0.0,
                0.0,
                0.0
            ],
            [
                2.396916020579621e-09,
                4.91075940252012e-06,
                0.377538789848567,
                0.6224562351778357,
                6.181727892371413e-08
            ],
            [
                1.201542571937045e-13,
                2.020683906936633e-11,
                0.9999999990056334,
                9.736200302960659e-10,
                4.193795654051053e-13
            ],
            [
                1.026160636927223e-10,
                2.78939381243923e-10,
                4.847239626238363e-11,
                2.7535689824665634e-05,
                0.9999724638801475
            ],
            [
                4.50875515196947e-12,
                1.081594134060643e-11,
                2.413362723485535e-12,
                1.9555680696085198e-08,
                0.9999999804265813
            ]
        ],
        [
            [
                0.999999999996021,
                3.978962534563091e-12,
                0.0,
                0.0,
                0.0
            ],
            [
                0.9999999895322281,
                1.0467401668371718e-08,
                3.701011633910359e-13,
                0.0,
                0.0
            ],
            [
                1.2015425705968025e-13,
                2.2897348407282266e-11,
                0.9999999979146887,
                2.0611536180121217e-09,
                1.1399918505961627e-12
            ],
            [
                1.493080550469795e-10,
                1.1628123018945605e-10,
                1.5736953222791793e-11,
                1.012998810009557e-05,
                0.9999898697305737
            ],
            [
                6.560200064640217e-12,
                1.7832472626767355e-11,
                3.5114220579696945e-12,
                1.52299795043984e-08,
                0.9999999847421164
            ]
        ],
        [
            [
                0.9999999999985363,
                1.4637785134501448e-12,
                0.0,
                0.0,
                0.0
            ],
            [
                0.9999999998308102,
                1.6918979214461283e-10,
                0.0,
                0.0,
                0.0
            ],
            [
                5.675685230848894e-14,
                1.2256067440247487e-11,
                0.9999999997086042,
                2.789468091992214e-10,
                1.3615261076617355e-13
            ],
            [
                1.5737103375467203e-11,
                3.7751348486014494e-11,
                5.789356795424094e-12,
                1.1253518379098057e-07,
                0.9999998874055384
            ],
            [
                1.08159411034156e-11,
                2.5946093893986916e-11,
                5.789356085791498e-12,
                4.139937545060678e-08,
                0.9999999585580732
            ]
        ],
        [
            [
                0.9999999999771028,
                2.289734844868406e-11,
                0.0,
                0.0,
                0.0
            ],
            [
                1.2522518615304196e-07,
                0.9820114859075182,
                0.017986168887358177,
                2.219669535251654e-06,
                3.1040220275030276e-10
            ],
            [
                3.2661314953467214e-13,
                6.224144913634298e-11,
                0.9999994955885682,
                5.043472051424962e-07,
                1.6586784363902234e-12
            ],
            [
                1.5737012954209517e-11,
                5.4927572336210964e-11,
                1.3887865188023554e-11,
                4.78509484725987e-06,
                0.9999952148206003
            ],
            [
                9.056076693307277e-11,
                7.052879620302407e-11,
                6.560199953467265e-12,
                3.224186631743275e-08,
                0.999999967590484
            ]
        ],
        [
            [
                0.9999999999978701,
                2.129785169971207e-12,
                0.0,
                0.0,
                0.0
            ],
            [
                0.9999999998504023,
                1.4930946753678057e-10,
                0.0,
                0.0,
                2.8823507918433486e-13
            ],
            [
                1.2015425705933593e-13,
                1.783247286979911e-11,
                0.9999999979201102,
                2.0611536180062148e-09,
                7.83504176821577e-13
            ],
            [
                7.433680482122251e-12,
                1.0815941280502767e-11,
                2.1297851164539956e-12,
                2.510999091486821e-08,
                0.9999999748696298
            ],
            [
                1.103256002846345e-09,
                5.492788204096728e-11,
                8.423463529254678e-12,
                2.5109990886086438e-08,
                0.9999999737234018
            ]
        ],
        [
            [
                0.9999999999985363,
                1.4637785136606616e-12,
                0.0,
                0.0,
                0.0
            ],
            [
                0.9999999995399198,
                4.5990553746697863e-10,
                0.0,
                0.0,
                1.7482341267571818e-13
            ],
            [
                8.258073274658059e-14,
                1.3887943846636636e-11,
                0.9999999987352663,
                1.250152864736964e-09,
                6.101936669552833e-13
            ],
            [
                5.7889261857078884e-12,
                3.774854055794367e-11,
                9.544325736889557e-12,
                7.484619746743022e-05,
                0.9999251537494508
            ],
            [
                4.84736868702621e-11,
                5.492788329148323e-11,
                8.42346372102751e-12,
                3.3982678060039534e-09,
                0.9999999964899071
            ]
        ],
        [
            [
                0.9999999999989939,
                1.006039279001518e-12,
                0.0,
                0.0,
                0.0
            ],
            [
                0.9999999999770202,
                2.289734844868824e-11,
                0.0,
                0.0,
                8.258073282754598e-14
            ],
            [
                9.357622943694633e-14,
                1.0815941528221397e-11,
                0.9999999973422287,
                2.6465736317973184e-09,
                2.8823507856990147e-13
            ],
            [
                9.545034900761743e-12,
                2.020683904348117e-11,
                4.5087552318654984e-12,
                1.8189616833455553e-09,
                0.9999999981467778
            ],
            [
                4.508755095212301e-12,
                1.388794341191795e-11,
                3.0988190376335834e-12,
                3.2241866320788075e-08,
                0.9999999677366381
            ]
        ],
        [
            [
                0.9999999999978701,
                2.1297851701880416e-12,
                0.0,
                0.0,
                0.0
            ],
            [
                0.9999999985833912,
                1.4166087839844468e-09,
                0.0,
                0.0,
                0.0
            ],
            [
                3.7010115852683596e-13,
                5.492788212449123e-11,
                0.9999999748325812,
                2.510999092426897e-08,
                2.1297851172513512e-12
            ],
            [
                1.225606835170491e-11,
                4.2777881857544194e-11,
                1.081594235824467e-11,
                2.3823698439247733e-07,
                0.9999997616971658
            ],
            [
                3.775134529795968e-11,
                3.775134529795968e-11,
                4.5087552249971924e-12,
                3.3982678064577728e-09,
                0.9999999965217208
            ]
        ],
        [
            [
                0.9999999999971292,
                2.734698290603982e-12,
                0.0,
                0.0,
                1.361526107597811e-13
            ],
            [
                9.924718915978834e-08,
                1.891314845619613e-05,
                0.00020333550844278428,
                0.9993471908211605,
                0.00043046127475132096
            ],
            [
                2.6810038675226973e-14,
                3.0988191384223397e-12,
                0.9999999999262521,
                7.052879850430534e-11,
                9.357622967935806e-14
            ],
            [
                1.6586783553564866e-12,
                6.560200154082626e-12,
                1.6586783553564866e-12,
                1.8189616836515052e-09,
                0.9999999981711607
            ],
            [
                1.3887943411180366e-11,
                5.4927881714797666e-11,
                5.789356139565481e-12,
                3.224186631907572e-08,
                0.9999999676835285
            ]
        ],
        [
            [
                0.9999999999740539,
                2.594609497154997e-11,
                0.0,
                0.0,
                0.0
            ],
            [
                0.9999999991407833,
                8.592166607312811e-10,
                0.0,
                0.0,
                0.0
            ],
            [
                1.2015425715804944e-13,
                1.5737102085950466e-11,
                0.9999999987333796,
                1.250152864725462e-09,
                6.101936669496693e-13
            ],
            [
                1.628743705674096e-10,
                1.2034878612006087e-09,
                1.2034878612006087e-09,
                0.037326883841646605,
                0.9626731135885033
            ],
            [
                4.5087551923079396e-12,
                2.020683886619649e-11,
                3.9789624917239676e-12,
                1.0467401678696482e-08,
                0.9999999895039037
            ]
        ],
        [
            [
                0.9999999999925664,
                7.433680669945933e-12,
                0.0,
                0.0,
                0.0
            ],
            [
                0.9999999996418252,
                3.5817479273527277e-10,
                0.0,
                0.0,
                0.0
            ],
            [
                1.2015425722932846e-13,
                1.0815941549329133e-11,
                0.9999999993192952,
                6.691586086370232e-10,
                6.10193667311654e-13
            ],
            [
                8.423464403214508e-12,
                2.940077965719027e-11,
                5.789356774606727e-12,
                8.3152799013775e-07,
                0.9999991684283962
            ],
            [
                7.433680599012473e-12,
                2.5946094726783907e-11,
                4.508755197812039e-12,
                9.237449570835132e-09,
                0.9999999907246618
            ]
        ],
        [
            [
                0.9999999999934397,
                6.560200165446886e-12,
                0.0,
                0.0,
                0.0
            ],
            [
                0.9999999998082829,
                1.9171715125087047e-10,
                0.0,
                0.0,
                0.0
            ],
            [
                5.6756852308508563e-14,
                5.10908902645934e-12,
                0.9999999997482942,
                2.4616969510425415e-10,
                3.7010116774307495e-13
            ],
            [
                3.511422276022633e-12,
                2.594609618456598e-11,
                6.5602004720167365e-12,
                5.043472049456426e-07,
                0.9999994956167774
            ],
            [
                1.7832474343503398e-11,
                3.775134848144179e-11,
                9.545035691131872e-12,
                1.1253518377734952e-07,
                0.9999998873996874
            ]
        ],
        [
            [
                0.9999999999876505,
                1.2256067440072986e-11,
                0.0,
                0.0,
                9.357622965765906e-14
            ],
            [
                0.9999999950555496,
                4.94445047203371e-09,
                0.0,
                0.0,
                0.0
            ],
            [
                7.287724090294119e-14,
                1.7832472894625757e-11,
                0.9999999993123259,
                6.691586086219202e-10,
