{
    "[['A', 'B', 'C', 'D', 'E'], ['A', 'B', 'C', 'D', 'E']]": [
        [
            [
                0.9999999990233563,
                9.736200295135261e-10,
                6.10193666640302e-13,
                0.0,
                2.413362767402617e-12
            ],
            [
                2.172435962392538e-10,
                2.172435962392538e-10,
                2.594604753579085e-11,
                1.0677030757917261e-06,
                0.9999989318364909
            ],
            [
                7.433482713913896e-12,
                1.2501195748963004e-09,
                0.9999724629208896,
                2.7535689795779005e-05,
                1.3176163380367754e-10
            ],
            [
                5.899922485128773e-10,
                4.594864251478877e-10,
                7.046452549424903e-11,
                0.0009110514034507884,
                0.999088947476606
            ],
            [
                3.775127640771307e-11,
                2.2897306584564185e-11,
                4.508746997230556e-12,
                2.2603252735650166e-06,
                0.9999977396095691
            ]
        ],
        [
            [
                0.9999999994075677,
                5.905303991493962e-10,
                6.101936669907176e-13,
                0.0,
                1.2917800031562982e-12
            ],
            [
                4.118109010498908e-11,
                5.016883814992151e-10,
                2.6853443975264997e-10,
                0.03732688386545491,
                0.9626731153231411
            ],
            [
                1.6586753633161075e-12,
                5.905293333875985e-10,
                0.9999982390387331,
                1.7603431329441892e-06,
                2.5946048123725945e-11
            ],
            [
                1.0434192649966993e-08,
                1.8131908035064143e-09,
                1.4883576461068998e-10,
                0.0031726830375378317,
                0.9968273045662429
            ],
            [
                1.7832472159793193e-11,
                2.2897347495551006e-11,
                4.508755053081506e-12,
                4.1399375450495535e-08,
                0.999999958555386
            ]
        ],
        [
            [
                0.9999999987477011,
                1.250152863984627e-09,
                1.0060392773502552e-12,
                0.0,
                1.1399918508539096e-12
            ],
            [
                5.366581855278836e-11,
                5.769619229026088e-10,
                2.4051351245877736e-10,
                0.022977367779232642,
                0.9770226313496261
            ],
            [
                1.3615260516155574e-13,
                2.9400776173343806e-11,
                0.9999999585699474,
                4.139937547066652e-08,
                1.1399918057591734e-12
            ],
            [
                1.1614623383777838e-10,
                2.786203308407719e-10,
                4.841695361566861e-11,
                0.0011695103451214639,
                0.9988304892116949
            ],
            [
                2.594604813346082e-11,
                2.2897307112089997e-11,
                5.109079802888422e-12,
                1.7603431336046644e-06,
                0.9999982396029139
            ]
        ],
        [
            [
                0.9999999995933513,
                4.0586521224284903e-10,
                0.0,
                0.0,
                7.83504177725145e-13
            ],
            [
                1.2500600245182785e-09,
                1.725654634549943e-08,
                1.8552518037591815e-07,
                0.9999249497685317,
                7.484619968157872e-05
            ],
            [
                1.4637116431675045e-12,
                3.160737053251501e-10,
                0.9999546017717221,
                4.539785581494648e-05,
                5.4925374195345283e-11
            ],
            [
                3.7750699705568475e-11,
                6.22403815883838e-11,
                9.544871654902294e-12,
                1.6701415107450703e-05,
                0.9999832984753566
            ],
            [
                1.6918915404372149e-10,
                4.847350421024383e-11,
                1.0815900757387293e-11,
                3.7266391143963155e-06,
                0.9999962731324071
            ]
        ],
        [
            [
                0.9999999996418252,
                3.581747923250767e-10,
                0.0,
                0.0,
                0.0
            ],
            [
                1.416300870941339e-09,
                9.929035656431572e-08,
                5.828204831832688e-05,
                0.9997831902121551,
                0.00015842703286908004
            ],
            [
                7.834967663174485e-13,
                1.3176389616243342e-10,
                0.9999898698727884,
                1.0129988104135127e-05,
                6.560138106655199e-12
            ],
            [
                2.5944909672797516e-11,
                7.05255765045768e-11,
                1.0815447446578841e-11,
                4.539785573210413e-05,
                0.9999546020369819
            ],
            [
                4.944450587969812e-09,
                1.9171715471162158e-10,
                1.7832473218423226e-11,
                6.475946112574375e-07,
                0.9999993472513886
            ]
        ],
        [
            [
                0.9999999993294653,
                6.691586082854256e-10,
                3.701011673925456e-13,
                0.0,
                1.006039278014636e-12
            ],
            [
                3.918174972590418e-10,
                3.2806477386045427e-09,
                1.7560041950330623e-09,
                0.14804720291680035,
                0.8519527916547301
            ],
            [
                1.9810086926008592e-13,
                2.594609360166684e-11,
                0.9999999468132714,
                5.315784971467796e-08,
                2.734698146025234e-12
            ],
            [
                5.904955260877755e-10,
                9.05554218252694e-11,
                2.0205645774180977e-11,
                5.829127701524443e-05,
                0.9999417080217281
            ],
            [
                4.058651991053781e-10,
                4.277787726235353e-11,
                6.560199949264644e-12,
                3.2241866296777834e-08,
                0.9999999673029305
            ]
        ],
        [
            [
                0.9999999997193945,
                2.789468090438919e-10,
                0.0,
                0.0,
                1.6586783574692972e-12
            ],
            [
                6.21479711596702e-11,
                5.203585916150083e-10,
                1.1015991470935205e-09,
                0.9984988162915212,
                0.0015011820243731734
            ],
            [
                2.4132525204528903e-12,
                3.1607370535019104e-10,
                0.9999546017830122,
                4.539785572497117e-05,
                4.277592443721376e-11
            ],
            [
                3.775120304057751e-11,
                4.277771732684208e-11,
                9.544998917922536e-12,
                3.726639114734375e-06,
                0.9999962732708114
            ],
            [
                4.277787729731433e-11,
                1.5737101594636525e-11,
                2.4133626932807546e-12,
                3.224186632312794e-08,
                0.9999999676972052
            ]
        ],
        [
            [
                0.9999999895289758,
                1.0467401649569206e-08,
                8.878265355324402e-13,
                0.0,
                2.7346982536635456e-12
            ],
            [
                3.1586395133905295e-10,
                5.207716152200868e-10,
                1.4920356582918407e-10,
                0.0007096703424052927,
                0.9992903286717556
            ],
            [
                1.981008945567321e-13,
                4.847369067235736e-11,
                0.999999761712214,
                2.3823698449080073e-07,
                2.1297853295529484e-12
            ],
            [
                1.2501481366793354e-09,
                5.4927675700706416e-11,
                9.544998811078947e-12,
                2.9023121961514376e-06,
                0.999997096373183
            ],
            [
                7.433680621579747e-12,
                1.0815941483412228e-11,
                3.0988191175567233e-12,
                6.348800072681032e-09,
                0.9999999936298514
            ]
        ],
        [
            [
                0.9999999985822425,
                1.4166087836868526e-09,
                6.101936664871094e-13,
                0.0,
                5.384940206516117e-13
            ],
            [
                3.254996431608362e-11,
                6.537835101191384e-10,
                3.0882546291389777e-10,
                0.022977367793755678,
                0.9770226312110853
            ],
            [
                2.7346411488517905e-12,
                5.211303593101066e-10,
                0.9999785545241254,
                2.1444939753722817e-05,
                1.2255811348105799e-11
            ],
            [
                1.917164281432524e-10,
                5.4927676299943756e-11,
                1.2256021209387565e-11,
                3.72663911367563e-06,
                0.9999962731019861
            ],
            [
                6.22409746125309e-11,
                7.052826409956099e-11,
                2.020668597874656e-11,
                7.889265048124412e-06,
                0.999992110581976
            ]
        ],
        [
            [
                0.9999999961456645,
                3.8507418999885945e-09,
                1.4637785054669429e-12,
                0.0,
                2.129785158357064e-12
            ],
            [
                1.9093692951961198e-10,
                3.1480177706115545e-10,
                1.1580910182503483e-10,
                0.004070137770830499,
                0.9959298616076218
            ],
            [
                5.1089044923364406e-12,
                8.591856277799382e-10,
                0.9999646428404679,
                3.535625748743637e-05,
                3.774998189795278e-11
            ],
            [
                4.058652436783233e-10,
                1.1628233919266957e-10,
                1.2256068381147058e-11,
                8.315279896715052e-07,
                0.9999991679376067
            ],
            [
                1.5229978872318887e-08,
                1.69189782570094e-10,
                2.2897347144864586e-11,
                4.139937481643961e-08,
                0.9999999431785592
            ]
        ],
        [
            [
                0.999999997349873,
                2.6465736285867393e-09,
                1.1399918485980681e-12,
                0.0,
                2.4133627624204236e-12
            ],
            [
                8.518459326167163e-10,
                6.2943373837508144e-09,
                1.93879240622039e-08,
                0.9914224880266749,
                0.008577485439217805
            ],
            [
                6.204397751472915e-11,
                6.328657759583039e-09,
                0.9968273067236514,
                0.003172683047122069,
                3.838524966015377e-09
            ],
            [
                2.0206762663986258e-11,
                4.847350372569342e-11,
                1.2256021089244195e-11,
                2.90231219936362e-06,
                0.9999970976068644
            ],
            [
                1.2256068999153205e-11,
                2.289735136167836e-11,
                3.511422558906862e-12,
                1.8553915980286224e-07,
                0.9999998144221753
            ]
        ],
        [
            [
                0.9999999994765898,
                5.211412483045702e-10,
                6.101936671934944e-13,
                0.0,
                1.6586783573728624e-12
            ],
            [
                3.6193630987952925e-09,
                3.1940767240158288e-09,
                1.0369648893836133e-09,
                0.06008665395224324,
                0.939913338197352
            ],
            [
                2.1297487407425807e-12,
                2.7894203787056673e-10,
                0.9999832982660718,
                1.670141510578839e-05,
                3.775069970181109e-11
            ],
            [
                3.3315256688848435e-11,
                4.277763635195768e-11,
                9.54498084998361e-12,
                4.7850948477414645e-06,
                0.9999952148195144
            ],
            [
                1.691898134868919e-10,
                7.991960895569836e-11,
                9.545036120294562e-12,
                3.05902358878211e-07,
                0.9999996938389867
            ]
        ],
        [
            [
                0.9999999996418252,
                3.58174792713219e-10,
                0.0,
                0.0,
                0.0
            ],
            [
                2.6743676776904248e-08,
                6.415474548995723e-08,
                4.409286875881108e-08,
                0.9399132258585287,
                0.060086639150180296
            ],
            [
                1.361526174846674e-13,
                3.3315447055154545e-11,
                0.999999855466858,
                1.4449803169581068e-07,
                1.6586784402409305e-12
            ],
            [
                1.9171716607899106e-10,
                5.4927887722072665e-11,
                9.545035654867853e-12,
                8.315279898678513e-07,
                0.99999916821582
            ],
            [
                4.0586520932683833e-10,
                5.492788306013476e-11,
                5.789356281362968e-12,
                7.194132971464018e-09,
                0.9999999923392847
            ]
        ],
        [
            [
                0.9999999997818683,
                2.1724399337234213e-10,
                0.0,
                0.0,
                8.878265472919649e-13
            ],
            [
                3.774998192879801e-11,
                6.223919817455473e-11,
                1.3887442256198257e-11,
                3.535625751632571e-05,
                0.999964643628607
            ],
            [
                3.326541174309384e-11,
                2.3320854071319456e-09,
                0.9984988143612642,
                0.0015011820251096687,
                1.2482753664497363e-09
            ],
            [
                6.348631010034375e-09,
                9.735940980545064e-10,
                7.991747019904013e-11,
                2.7535689631524792e-05,
                0.9999724569082259
            ],
            [
                2.020683843271794e-11,
                2.5946094138512523e-11,
                4.508755095585801e-12,
                3.2241866323458955e-08,
                0.9999999677074719
            ]
        ],
        [
            [
                0.9999999983942969,
                1.6052280512280905e-09,
                4.75219305105512e-13,
                0.0,
                0.0
            ],
            [
                6.2220559362662e-11,
                1.6913301587208138e-10,
                7.989277966218641e-11,
                0.00033535005487794463,
                0.9996646496338757
            ],
            [
                1.658668962467259e-12,
                3.16086354785533e-10,
                0.9999952145816179,
                4.7850948477605795e-06,
                5.7893235319081365e-12
            ],
            [
                1.8553066937794627e-07,
                2.998823970429227e-09,
                1.4930265403894913e-10,
                4.53978579843639e-05,
                0.9999544134632197
            ],
            [
                4.8473692179961776e-11,
                3.331544893870152e-11,
                4.508755718274078e-12,
                8.764249144665808e-08,
                0.9999999122712107
            ]
        ],
        [
            [
                0.9999999998679083,
                1.3176514263635462e-10,
                0.0,
                0.0,
                3.266131341186173e-13
            ],
            [
                8.671179299398806e-09,
                6.7531212285243464e-09,
                2.8151197544564687e-09,
                0.26894140477865236,
                0.7310585769819274
            ],
            [
                2.882350928116949e-13,
                7.052880180645054e-11,
                0.9999994955795645,
                5.043472051494034e-07,
                2.413362884593169e-12
            ],
            [
                4.0586524256852516e-10,
                3.77513482258734e-11,
                8.423464375458273e-12,
                2.3823698431334693e-07,
                0.9999997613109757
            ],
            [
                1.917171606938274e-10,
                9.056077429823842e-11,
                1.2256068039779051e-11,
                1.4449803163393747e-07,
                0.9999998552074344
            ]
        ],
        [
            [
                0.9999999995925755,
                4.0586521229555025e-10,
                4.19379565474214e-13,
                0.0,
                1.1399918520556064e-12
            ],
            [
                1.3878093477332346e-11,
                1.316716848252196e-10,
                6.219729985449036e-11,
                0.0007096703421375743,
                0.9992903294501153
            ],
            [
                1.3887574012192473e-11,
                2.646503157446564e-09,
                0.999972461518087,
                2.7535689760645593e-05,
                1.3176163363555988e-10
            ],
            [
                1.8188265365566379e-09,
                2.7892608321031923e-10,
                3.3312970044818456e-11,
                7.484619740480697e-05,
                0.9999251516715296
            ],
            [
                7.052880178644303e-11,
                4.277788067627285e-11,
                7.433681017568527e-12,
                5.04347205006331e-07,
                0.9999994955320546
            ]
        ],
        [
            [
                0.9999999988956672,
                1.1032560305502398e-09,
                5.384940209000954e-13,
                0.0,
                5.384940209000954e-13
            ],
            [
                1.0261743237571467e-10,
                7.991853669098352e-11,
                1.2255904544540976e-11,
                1.3007124769653034e-05,
                0.9999869926804384
            ],
            [
                1.20154272369595e-13,
                2.9400781075917624e-11,
                0.999999931713549,
                6.825604231386915e-08,
                8.878266590651304e-13
            ],
            [
                6.560200000257123e-12,
                1.2256067130427236e-11,
                4.508755126901254e-12,
                2.5109990914794248e-08,
                0.9999999748666841
            ],
            [
                5.492788929959311e-11,
                3.775134942222771e-11,
                5.7893569389970395e-12,
                8.764249143298689e-08,
                0.9999999122590401
            ]
        ],
        [
            [
                0.9999999994040731,
                5.905303988909848e-10,
                8.878265463373862e-13,
                0.0,
                4.508755234633626e-12
            ],
            [
                4.3809392542250436e-10,
                1.963400757347537e-09,
                1.7326950868914504e-09,
                0.9525741206933259,
                0.04742587517248426
            ],
            [
                1.7482343472855582e-13,
                2.9400781076102305e-11,
                0.9999999317133761,
                6.825604231429788e-08,
                1.0060394053174604e-12
            ],
            [
                1.4138797823767775e-09,
                8.575614371593414e-10,
                2.168254871491054e-10,
                0.0019267343282312408,
                0.998073263183502
            ],
            [
                6.124678592616414e-06,
                3.838503254088652e-09,
                4.5844383733727005e-10,
                0.003172663584634279,
                0.9968212074398259
            ]
        ],
        [
            [
                0.9999999997531388,
                2.46169695020857e-10,
                0.0,
                0.0,
                6.914400102426992e-13
            ],
            [
                1.1011307234454387e-09,
                4.934925528278869e-09,
                1.1838270927355707e-08,
                0.8807970606477308,
                0.11920292147794209
            ],
            [
                1.1399919061547425e-12,
                1.9171716030762498e-10,
                0.999999495455429,
                5.043472050814292e-07,
                4.508755452350481e-12
            ],
            [
                3.775134849287725e-11,
                2.594609707905626e-11,
                2.4133629668187058e-12,
                1.1253518381143814e-07,
                0.9999998873987054
            ],
            [
                1.0261880104159528e-10,
                5.492788603843034e-11,
                9.545035362294686e-12,
                5.043472048048837e-07,
                0.9999994954857035
            ]
        ],
        [
            [
                0.999999998581389,
                1.4166087820568223e-09,
                5.384940200319901e-13,
                0.0,
                1.4637785093868197e-12
            ],
            [
                7.024730681739796e-10,
                5.19061290872547e-09,
                4.042453397935938e-09,
                0.8175744769604213,
                0.18242551310403932
            ],
            [
                1.4637702217989918e-12,
                3.160863547873536e-10,
                0.9999952145737142,
                4.78509484778814e-06,
                1.3887865189556763e-11
            ],
            [
                2.2995265853233026e-10,
                1.6991330939936322e-09,
                4.868097819330718e-10,
                0.49999999892023356,
                0.49999999866387085
            ],
            [
                7.582401983598459e-10,
                1.1627990047996615e-10,
                1.3887653664081113e-11,
                2.144493974429745e-05,
                0.999978554171848
            ]
        ],
        [
            [
                0.9999999995385844,
                4.5990553741334827e-10,
                3.7010116749562177e-13,
                0.0,
                1.1399918519242484e-12
            ],
            [
                3.33154467145063e-11,
                2.940077853377394e-11,
                6.560200422729497e-12,
                3.927863697906066e-07,
                0.9999996071443538
            ],
            [
                1.7482341119777092e-13,
                3.3315445111167874e-11,
                0.9999999907285849,
                9.23744957587859e-09,
                4.752193018481242e-13
            ],
            [
                1.2501528123687698e-09,
                3.331544398213391e-11,
                5.109088807304217e-12,
                4.139937539902209e-08,
                0.9999999573120474
            ],
            [
                3.5808125133776953e-10,
                1.6914560629561105e-10,
                2.2891368536245102e-11,
                0.00026119032734891285,
                0.9997388091225329
            ]
        ],
        [
            [
                0.9999999997187541,
                2.7894680904371325e-10,
                4.193795654723493e-13,
                0.0,
                1.8795288149005548e-12
            ],
            [
                1.925370020364076e-09,
                4.61872257359631e-09,
                4.61872257359631e-09,
                0.499999994531712,
                0.49999999430547276
            ],
            [
                2.2893724627355347e-11,
                2.335223398181941e-09,
                0.9998415611162393,
                0.00015843624674087719,
                2.7890266201076486e-10
            ],
            [
                5.9052481286188e-10,
                1.317638960654928e-10,
                2.2897131823695275e-11,
                1.0129988096682348e-05,
                0.9999898692667174
            ],
            [
                1.1032518695080177e-09,
                1.3176464552115018e-10,
                2.0206762845229738e-11,
                3.726639110570008e-06,
                0.9999962721056662
            ]
        ],
        [
            [
                0.9999999999441844,
                5.4927883477855814e-11,
                0.0,
                0.0,
                8.878265473337282e-13
            ],
            [
                7.109234012283771e-09,
                2.81175659597788e-08,
                1.1721145334437069e-08,
                0.6791786802299747,
                0.3208212728220799
            ],
            [
                4.3119436699613615e-09,
                2.35424147427017e-07,
                0.32081951075515247,
                0.6791748912798585,
                5.3582288979218775e-06
            ],
            [
                0.00042450435476121663,
                5.238804921613726e-08,
                6.2568602195862666e-09,
                0.01405765360850914,
                0.9855177833918202
            ],
            [
                1.691897915493612e-10,
                4.27778785096298e-11,
                8.423463719012694e-12,
                3.398267805191119e-09,
                0.9999999963813411
            ]
        ],
        [
            [
                0.9999999997206337,
                2.789468091090524e-10,
                0.0,
                0.0,
                4.193795655705827e-13
            ],
            [
                2.577863970536367e-10,
                1.309147346323252e-09,
                6.183974190127618e-10,
                0.07585817575756677,
                0.924141822057102
            ],
            [
                2.5436658368115566e-13,
                3.331544790276819e-11,
                0.999999761727316,
                2.382369844924242e-07,
                2.129785329567462e-12
            ],
            [
                2.1724110596308936e-10,
                6.224061893363796e-11,
                2.020657050671638e-11,
                1.3007124764800319e-05,
                0.9999869925755469
            ],
            [
                5.211392826988008e-10,
                1.4930890432548511e-10,
                2.0206762856637835e-11,
                3.7266391126739507e-06,
                0.9999962726702324
            ]
        ],
        [
            [
                0.9999999988956041,
                1.1032560282052742e-09,
                0.0,
                0.0,
                1.1399918487682807e-12
            ],
            [
                2.158419070903021e-09,
                1.9047981445514363e-09,
                8.997629332092429e-10,
                0.07585817551135517,
                0.9241418195256647
            ],
            [
                2.289372456432486e-11,
                4.94366795913468e-09,
                0.9998415585958169,
                0.00015843624593463146,
                1.9168680889851308e-10
            ],
            [
                2.913945221111052e-07,
                1.4507678994366634e-08,
                2.2248246311779605e-09,
                0.04742585473401713,
                0.952573837138957
            ],
            [
                3.224156129544125e-08,
                5.211363015128829e-10,
                1.317638918336978e-10,
                1.0129987771342599e-05,
                0.9999898371177671
            ]
        ],
        [
            [
                0.9999999983931007,
                1.6052280515320198e-09,
                7.835041767231381e-13,
                0.0,
                8.878265458252214e-13
            ],
            [
                2.417419402552517e-10,
                1.7862447580103967e-09,
                1.5763554662021452e-09,
                0.9820137849154218,
                0.017986211480236068
            ],
            [
                2.4133306943617493e-12,
                4.59899424981193e-10,
                0.999986992390024,
                1.3007124766168545e-05,
                2.2897044113879974e-11
            ],
            [
                5.492788326727311e-11,
                3.775134527627885e-11,
                7.433680639564006e-12,
                3.850741905782918e-09,
                0.9999999960491452
            ],
            [
                4.2777877713124125e-11,
                2.9400776721661484e-11,
                6.560200018392554e-12,
                2.2159489267492343e-08,
                0.999999977761772
            ]
        ],
        [
            [
                0.9999999987471824,
                1.250152864082276e-09,
                1.0060392774288365e-12,
                0.0,
                1.65867835585671e-12
            ],
            [
                3.6758107139806257e-10,
                4.47805418237581e-09,
                9.480040778482047e-09,
                0.6224593153257119,
                0.3775406703486121
            ],
            [
                8.878266196119551e-13,
                1.6918980593768985e-10,
                0.9999998872912271,
                1.1253518381585369e-07,
                3.511422397216506e-12
            ],
            [
                2.5945997114045234e-11,
                3.7751203044644445e-11,
                8.423431981147407e-12,
                3.7266391151358456e-06,
                0.9999962732887642
            ],
            [
                3.1443812494619053e-10,
                3.563050748680093e-10,
                5.464115294306332e-11,
                0.005220125696818928,
                0.9947798735777967
            ]
        ],
        [
            [
                0.9999999997197613,
                2.7894680902206113e-10,
                0.0,
                0.0,
                1.2917800035595837e-12
            ],
            [
                1.491347160774458e-10,
                6.683754270522593e-10,
                8.582110362246245e-10,
                0.998830487982346,
                0.0011695103419328905
            ],
            [
                6.914400620592752e-13,
                1.691898048301765e-10,
                0.9999997615873449,
                2.3823698444817774e-07,
                5.789356758806665e-12
            ],
            [
                1.1628232797469588e-10,
                2.2897347998140886e-11,
                5.109088925799505e-12,
                1.955568069642286e-08,
                0.9999999803000306
            ],
            [
                1.6051700741821855e-09,
                1.493040745462988e-10,
                3.3314242064328756e-11,
                3.535625745215985e-05,
                0.9999646419547594
            ]
        ],
        [
            [
                0.9999999998676248,
                1.3176514261484395e-10,
                0.0,
                0.0,
                6.101936673617608e-13
            ],
            [
                0.00015843578657868387,
                0.9998386611033846,
                2.901852654027731e-06,
                1.2499501925262427e-09,
                7.432475529525181e-12
            ],
            [
                1.9810087339398692e-13,
                4.847368549400435e-11,
                0.9999999677086783,
                3.224186632916085e-08,
                7.83504153150794e-13
            ],
            [
                3.7741486236894125e-11,
                1.3173073069108644e-10,
                3.3306744702998204e-11,
                0.00026119032735362393,
                0.9997388094698675
            ],
            [
                8.59213420135435e-10,
                1.4930890428247862e-10,
                1.2256021202563095e-11,
                3.726639111600541e-06,
                0.9999962723401101
            ]
        ],
        [
            [
                0.9999999996831284,
                3.160881451664833e-10,
                0.0,
                0.0,
                7.835041778498522e-13
            ],
            [
                3.1530655260455317e-10,
                9.712125559068043e-10,
                8.570920723390229e-10,
                0.9975273749011981,
                0.0024726229551906274
            ],
            [
                4.193788219999806e-13,
                9.056060927245157e-11,
                0.9999986289483863,
                1.3709566547648256e-06,
                3.978955478499039e-12
            ],
            [
                1.1627369063798304e-10,
                5.492380242113925e-11,
                1.5735932855457717e-11,
                7.484619737870784e-05,
                0.9999251536156879
            ],
            [
                3.775113158390101e-11,
                2.940061083937375e-11,
                7.433638561039907e-12,
                4.785094848173463e-06,
                0.9999952148305664
            ]
        ],
        [
            [
                0.9999999988923449,
                1.1032560304700206e-09,
                8.878265463382718e-13,
                0.0,
                3.511422107413466e-12
            ],
            [
                1.5698188908243384e-11,
                3.153065529436976e-10,
                5.890701928889521e-10,
                0.9975273761217921,
                0.0024726229581330627
            ],
            [
                9.86286204616322e-15,
                6.10193667734719e-13,
                0.9999999999870972,
                1.2256067443581009e-11,
                2.6810038676683876e-14
            ],
            [
                1.6918754347849942e-10,
                7.052786107889271e-11,
                9.544908055184417e-12,
                1.3007124767809964e-05,
                0.9999869926259719
            ],
            [
                5.4925374198419603e-11,
                1.0261410830664953e-10,
                1.7831658254097566e-11,
                4.5397856012137475e-05,
                0.9999546019686166
            ]
        ],
        [
            [
                0.9999999999618785,
                3.775134542398979e-11,
                0.0,
                0.0,
                3.7010116767494685e-13
            ],
            [
                1.4883576638264858e-10,
                4.5844643533346204e-10,
                1.3134710282649181e-10,
                0.003172683068863896,
                0.9968273161925069
            ],
            [
                5.058652539628446e-10,
                2.1509937944736704e-08,
                0.9706875263309337,
                0.029312220399636584,
                2.312536264755484e-07
            ],
            [
                1.516920931984356e-07,
                9.697341832034289e-09,
                2.778334951670808e-09,
                0.18242549620674267,
                0.8175743396254873
            ],
            [
                1.6918625699380467e-10,
                6.224014567676888e-11,
                1.2255811350165637e-11,
                2.1444939757327075e-05,
                0.9999785548165605
            ]
        ],
        [
            [
                0.9999999992390038,
                7.582560416392085e-10,
                6.101936668334943e-13,
                0.0,
                2.129785167720104e-12
            ],
            [
                7.991198116520951e-11,
                7.991198116520951e-11,
                2.594362185677924e-11,
                9.610239962500818e-05,
                0.9999038974146074
            ],
            [
                1.4637703262352471e-12,
                3.1608637733930526e-10,
                0.9999938554980689,
                6.144172125103799e-06,
                1.2255998887730327e-11
            ],
            [
                1.6918979143600305e-10,
                2.594609485616861e-11,
                4.508755220295729e-12,
                4.363462231653519e-09,
                0.999999995436893
            ],
            [
                4.058652103415587e-10,
                4.847368678728887e-11,
                3.978962513229907e-12,
                4.944450473845684e-09,
                0.9999999945972315
            ]
        ],
        [
            [
                0.999999999536108,
                4.599055374652255e-10,
                8.878265470737723e-13,
                0.0,
                3.0988191360266054e-12
            ],
            [
                3.850367787419616e-09,
                7.733670436206911e-08,
                1.7601735995266291e-06,
                0.999902056417057,
                9.610222227133444e-05
            ],
            [
                3.1482657943556047e-09,
                1.5169179624498356e-07,
                0.8175731790064166,
                0.18242522694183017,
                1.4392116913151264e-06
            ],
            [
                3.7751346901681294e-11,
                2.594609598544434e-11,
                3.978962689603148e-12,
                3.927863697272241e-07,
                0.9999996071459538
            ],
            [
                4.5990472186888423e-10,
                7.052867337402878e-11,
                8.423448808974212e-12,
                1.370956653933255e-06,
                0.9999986285044892
            ]
        ],
        [
            [
                0.999999999781616,
                2.1724399334724426e-10,
                0.0,
                0.0,
                1.1399918522013024e-12
            ],
            [
                1.9171460317320472e-10,
                6.224061894880782e-11,
                1.5736892937653812e-11,
                1.3007124767970536e-05,
                0.9999869926055399
            ],
            [
                2.734661942194254e-12,
                6.691497147249377e-10,
                0.999986992123435,
                1.3007124762075897e-05,
                7.991853664442797e-11
            ],
            [
                4.2776739577490055e-11,
                6.223978883060664e-11,
                9.544780752553032e-12,
                2.753568983437491e-05,
                0.9999724641956043
            ],
            [
                9.545034891003825e-12,
                9.545034891003825e-12,
                1.2917800004773533e-12,
                2.998960814854481e-09,
                0.9999999969806572
            ]
        ],
        [
            [
                0.999999999720443,
                2.7894680908062174e-10,
                0.0,
                0.0,
                6.101936673093171e-13
            ],
            [
                2.2840730105913737e-11,
                2.1670681355447086e-10,
                9.033683997641068e-11,
                0.0024726229652373183,
                0.9975273767048783
            ],
