{
    "[['A', 'B', 'C', 'D', 'E'], ['A', 'B', 'C', 'D', 'E']]": [
        [
            [
                0.999999999987744,
                1.2256067439557567e-11,
                0.0,
                0.0,
                0.0
            ],
            [
                0.9999999586000861,
                4.139937543359408e-08,
                5.38493998957253e-13,
                0.0,
                0.0
            ],
            [
                1.5428112018854758e-13,
                5.492788346303534e-11,
                0.9999999991865416,
                7.582560421491193e-10,
                1.201542572159744e-13
            ],
            [
                3.70101214416741e-13,
                3.978963036377254e-12,
                5.384940895161282e-13,
                3.0590235898330195e-07,
                0.9999996940927535
            ],
            [
                6.101902109806303e-13,
                1.0815880284395833e-11,
                1.6586689624122383e-12,
                4.78509484760185e-06,
                0.9999952148920677
            ]
        ],
        [
            [
                0.9999999999915765,
                8.42346375137932e-12,
                0.0,
                0.0,
                0.0
            ],
            [
                0.9999999317439577,
                6.825604230660803e-08,
                0.0,
                0.0,
                0.0
            ],
            [
                2.413362674189349e-12,
                1.522997912851265e-08,
                0.9999999596566108,
                2.5109990541497808e-08,
                1.0060392385792982e-12
            ],
            [
                3.7010119769293233e-13,
                6.560200696968146e-12,
                1.1399919449385133e-12,
                1.1253518379066178e-07,
                0.9999998874567458
            ],
            [
                7.834907765386406e-13,
                1.5736832921143844e-11,
                3.098766132910945e-12,
                1.6701415104907524e-05,
                0.999983298565276
            ]
        ],
        [
            [
                0.9999999999942106,
                5.789356326866177e-12,
                0.0,
                0.0,
                0.0
            ],
            [
                0.9999998144608402,
                1.8553915977979944e-07,
                0.0,
                0.0,
                0.0
            ],
            [
                1.3615261056055227e-13,
                1.026187961297889e-10,
                0.9999999982917627,
                1.6052280522568416e-09,
                2.543665642735955e-13
            ],
            [
                1.2914426413139732e-12,
                2.939309903561309e-11,
                1.0813116847518205e-11,
                0.00026119032757646786,
                0.9997388096309259
            ],
            [
                2.8823507900278346e-13,
                3.511422109214298e-12,
                4.752193057138209e-13,
                5.905303991944273e-10,
                0.9999999994051947
            ]
        ],
        [
            [
                0.9999999999821676,
                1.7832472902850966e-11,
                0.0,
                0.0,
                0.0
            ],
            [
                0.999999998394772,
                1.6052280521011809e-09,
                0.0,
                0.0,
                0.0
            ],
            [
                1.3615260639969386e-13,
                6.224144421340266e-11,
                0.9999999676951458,
                3.2241866328421754e-08,
                6.101936479995484e-13
            ],
            [
                5.750606698690647e-12,
                1.680573620768061e-10,
                1.1550402317728134e-10,
                0.006692851422605278,
                0.9933071482880826
            ],
            [
                2.882350933293744e-13,
                3.978962728893321e-12,
                6.101936973666414e-13,
                1.4449803162185314e-07,
                0.999999855497091
            ]
        ],
        [
            [
                0.999999999994891,
                5.10908902661127e-12,
                0.0,
                0.0,
                0.0
            ],
            [
                0.9999999123570893,
                8.7642491415432e-08,
                4.1937960996150105e-13,
                0.0,
                0.0
            ],
            [
                2.5436656400250284e-13,
                7.58256040599622e-10,
                0.9999999971802533,
                2.0611536164812565e-09,
                8.258073261687815e-14
            ],
            [
                1.3831424781789301e-11,
                1.909369294992173e-10,
                1.3122890457007973e-10,
                0.004070137774136147,
                0.9959298618898665
            ],
            [
                5.38494046730263e-13,
                1.0815942058517444e-11,
                1.879528903640101e-12,
                5.043472049571336e-07,
                0.999999495639561
            ]
        ],
        [
            [
                0.9999999999942106,
                5.789356326866177e-12,
                0.0,
                0.0,
                0.0
            ],
            [
                0.9999546021403792,
                4.5397855641943046e-05,
                3.9787807547645855e-12,
                0.0,
                0.0
            ],
            [
                1.9810087963137906e-13,
                5.4927883461434857e-11,
                0.9999999991863298,
                7.582560421270252e-10,
                2.8823507909197023e-13
            ],
            [
                8.878215182010157e-13,
                1.3887865188079559e-11,
                4.508729699650161e-12,
                4.785094847279167e-06,
                0.9999952148858683
            ],
            [
                6.10193642301502e-13,
                5.7893560871820965e-12,
                1.006039237308472e-12,
                4.139937546055088e-08,
                0.9999999585932191
            ]
        ],
        [
            [
                0.999999999986112,
                1.3887943861350684e-11,
                0.0,
                0.0,
                0.0
            ],
            [
                0.9999994956524249,
                5.043472049636214e-07,
                3.7010118501523546e-13,
                0.0,
                0.0
            ],
            [
                9.357622964251473e-14,
                1.0261879626669768e-10,
                0.9999999995390303,
                3.581747928526798e-10,
                8.258073281506406e-14
            ],
            [
                3.0974837052106364e-12,
                4.275944359871422e-11,
                1.2250785702104373e-11,
                0.00043055711940231256,
                0.9995694428224899
            ],
            [
                2.882350771784351e-13,
                3.5114220869891853e-12,
                6.914400054980476e-13,
                7.194132976263544e-09,
                0.9999999928013759
            ]
        ],
        [
            [
                0.999999999990455,
                9.545034919327978e-12,
                0.0,
                0.0,
                0.0
            ],
            [
                0.9999999973531719,
                2.6465736313291396e-09,
                2.543665640091681e-13,
                0.0,
                0.0
            ],
            [
                1.5428112005545278e-13,
                3.331544536471301e-11,
                0.9999999983610779,
                1.6052280524415533e-09,
                2.2447770511836382e-13
            ],
            [
                8.878231898657634e-13,
                1.388789133731584e-11,
                2.413353643896649e-12,
                2.9023121992140686e-06,
                0.9999970976706117
            ],
            [
                1.981008715400635e-13,
                3.978962369833602e-12,
                6.914399818469135e-13,
                4.139937546065591e-08,
                0.9999999585957562
            ]
        ],
        [
            [
                0.9999999999515263,
                4.8473687046813334e-11,
                0.0,
                0.0,
                0.0
            ],
            [
                0.9999999918479795,
                8.152020643764297e-09,
                0.0,
                0.0,
                0.0
            ],
            [
                1.2015425587926709e-13,
                2.9400777040867426e-11,
                0.9999999881082192,
                1.1861120009346054e-08,
                1.1399918393967146e-12
            ],
            [
                3.131362654593147e-11,
                6.28951002187216e-10,
                8.075890726596126e-10,
                0.06008665439238355,
                0.9399133441397627
            ],
            [
                5.384919905847833e-13,
                9.544998919125415e-12,
                1.6586721024066594e-12,
                3.726639115204013e-06,
                0.9999962733491425
            ]
        ],
        [
            [
                0.9999999999771028,
                2.2897348449540985e-11,
                0.0,
                0.0,
                0.0
            ],
            [
                0.9999982396558615,
                1.760343132386272e-06,
                1.0060374620423605e-12,
                0.0,
                0.0
            ],
            [
                2.2447770421158497e-13,
                4.2777878443761845e-11,
                0.9999999943536628,
                5.6027964053270376e-09,
                5.384940186796252e-13
            ],
            [
                4.752175089814093e-13,
                6.56017535725187e-12,
                1.4637729780653926e-12,
                2.902312199834415e-06,
                0.999997097679301
            ],
            [
                1.4637785115783178e-12,
                5.789356318654734e-12,
                1.291780002537755e-12,
                9.736200296064477e-10,
                0.999999999017835
            ]
        ],
        [
            [
                0.9999999999925664,
                7.43368067022218e-12,
                0.0,
                0.0,
                0.0
            ],
            [
                0.9999999936511998,
                6.348800071985185e-09,
                0.0,
                0.0,
                0.0
            ],
            [
                1.0603575980283132e-13,
                3.775134540277126e-11,
                0.9999999989883865,
                9.736200302688344e-10,
                1.3615261066463175e-13
            ],
            [
                3.088987784844465e-12,
                7.966604497119597e-11,
                4.264216103574048e-11,
                0.0031726830713248787,
                0.9968273168032779
            ],
            [
                2.8823508580709216e-13,
                3.978962625051419e-12,
                8.878265677523398e-13,
                6.475946145096102e-07,
                0.9999993524002304
            ]
        ],
        [
            [
                0.9999999999821676,
                1.783247290285194e-11,
                0.0,
                0.0,
                0.0
            ],
            [
                0.9999999317436311,
                6.82560422919569e-08,
                3.2661317508913616e-13,
                0.0,
                0.0
            ],
            [
                1.361526100324487e-13,
                2.9400777225163816e-11,
                0.9999999943672471,
                5.6027964055829424e-09,
                4.193795634461147e-13
            ],
            [
                6.101913598967297e-13,
                1.0815900649420974e-11,
                1.4637729778484504e-12,
                2.9023121994042707e-06,
                0.9999970976749107
            ],
            [
                1.1399918505340737e-12,
                4.5087552323664686e-12,
                6.101936664168754e-13,
                1.6052280516508718e-09,
                0.9999999983885131
            ]
        ],
        [
            [
                0.9999999999964886,
                3.511422112384068e-12,
                0.0,
                0.0,
                0.0
            ],
            [
                0.999999992805867,
                7.194132973111821e-09,
                0.0,
                0.0,
                0.0
            ],
            [
                1.2015425232092226e-13,
                1.1628232546643402e-10,
                0.999999958484024,
                4.1399375466196276e-08,
                1.9810087156657478e-13
            ],
            [
                2.2447770357994407e-13,
                3.978962501766257e-12,
                6.914400047733712e-13,
                8.152020644666202e-09,
                0.9999999918430845
            ],
            [
                2.882351014313044e-13,
                7.433681241979962e-12,
                1.463778626292268e-12,
                8.315279898146506e-07,
                0.9999991684628244
            ]
        ],
        [
            [
                0.9999999999841567,
                1.573710210163712e-11,
                0.0,
                0.0,
                1.0603575988002743e-13
            ],
            [
                0.9999999847700205,
                1.522997950575334e-08,
                0.0,
                0.0,
                0.0
            ],
            [
                8.258073282749389e-14,
                2.2897348448673796e-11,
                0.9999999997306757,
                2.4616969509787695e-10,
                1.748234127676914e-13
            ],
            [
                1.0059146010445485e-12,
                2.2894510792820713e-11,
                3.5109869435638777e-12,
                0.00012339462761354182,
                0.999876605344975
            ],
            [
                3.266131325455819e-13,
                3.0988191222780344e-12,
                4.193795636125293e-13,
                4.944450475701065e-09,
                0.9999999950517047
            ]
        ],
        [
            [
                0.999999999989184,
                1.081594155374749e-11,
                0.0,
                0.0,
                0.0
            ],
            [
                0.9999999847696504,
                1.522997950255847e-08,
                3.701011619747198e-13,
                0.0,
                0.0
            ],
            [
                5.675685231289942e-14,
                1.2256067441199884e-11,
                0.9999999998183431,
                1.691897922214853e-10,
                1.5428112028268822e-13
            ],
            [
                1.1399853949113848e-12,
                2.0206724617076233e-11,
                7.433638560035231e-12,
                4.785094847526745e-06,
                0.9999952148763721
            ],
            [
                4.752193058568406e-13,
                3.978962532318323e-12,
                6.101936672208889e-13,
                3.581747927115553e-10,
                0.9999999996367608
            ]
        ],
        [
            [
                0.9999999999964886,
                3.511422111938006e-12,
                0.0,
                0.0,
                0.0
            ],
            [
                0.9999970976863383,
                2.9023121979464782e-06,
                1.463772977113217e-12,
                0.0,
                0.0
            ],
            [
                1.201542549537598e-13,
                3.7751344700057434e-11,
                0.99999998040556,
                1.9555680703104997e-08,
                8.878265303785471e-13
            ],
            [
                1.13827979913885e-12,
                4.271363434085158e-11,
                1.7805691879136685e-11,
                0.0015011820309485707,
                0.9984988179073938
            ],
            [
                8.878113614225457e-13,
                1.783216788067805e-11,
                5.7892573008104435e-12,
                1.6701415104825853e-05,
                0.9999832985603859
            ]
        ],
        [
            [
                0.999999999986112,
                1.3887943860378905e-11,
                0.0,
                0.0,
                0.0
            ],
            [
                0.9999999988967441,
                1.1032560306780828e-09,
                0.0,
                0.0,
                0.0
            ],
            [
                2.087967910000333e-14,
                9.54503491531785e-12,
                0.9999999992320718,
                7.582560421935824e-10,
                1.0603575983166795e-13
            ],
            [
                1.5706784795833764e-11,
                3.154792059612818e-10,
                1.9134781091731402e-10,
                0.22270014402990343,
                0.7772998554475627
            ],
            [
                4.752193040084544e-13,
                3.511422096613249e-12,
                6.101936648475141e-13,
                4.363462232112864e-09,
                0.999999995631941
            ]
        ],
        [
            [
                0.999999999994891,
                5.10908902661127e-12,
                0.0,
                0.0,
                0.0
            ],
            [
                0.999999999868235,
                1.3176514264681411e-10,
                0.0,
                0.0,
                0.0
            ],
            [
                1.3615260355633636e-13,
                5.492788058362746e-11,
                0.9999999467865479,
                5.3157849712611525e-08,
                5.384939930906994e-13
            ],
            [
                1.0060029425803735e-12,
                2.0206109248033535e-11,
                3.5112952858212962e-12,
                3.53562575062803e-05,
                0.9999646437177704
            ],
            [
                4.193788218910946e-13,
                8.423448811896525e-12,
                2.1297813928818893e-12,
                1.3709566544088753e-06,
                0.9999986290323729
            ]
        ],
        [
            [
                0.999999999989184,
                1.081594155329282e-11,
                0.0,
                0.0,
                0.0
            ],
            [
                0.9999999970010391,
                2.998960814645905e-09,
                0.0,
                0.0,
                0.0
            ],
            [
                7.287724091713521e-14,
                5.4927883478598454e-11,
                0.999999999485037,
                4.5990553760610405e-10,
                5.675685229434834e-14
            ],
            [
                4.752193428173877e-13,
                7.433681243938218e-12,
                1.139991940699912e-12,
                8.315279900337003e-07,
                0.9999991684629611
            ],
            [
                2.244777019789875e-13,
                3.978962473388622e-12,
                6.101936581837267e-13,
                1.5229979505682688e-08,
                0.9999999847652068
            ]
        ],
        [
            [
                0.999999999994891,
                5.109089026778824e-12,
                0.0,
                0.0,
                0.0
            ],
            [
                0.9999977396725985,
                2.2603252717048077e-06,
                2.1297812745104256e-12,
                0.0,
                0.0
            ],
            [
                1.2015425722635967e-13,
                2.0206839074858086e-11,
                0.9999999993101878,
                6.691586086204895e-10,
                3.2661313403040743e-13
            ],
            [
                7.834997957209835e-13,
                1.081588105479873e-11,
                1.4637703260046994e-12,
                6.1441721241360755e-06,
                0.9999938558148127
            ],
            [
                1.0060393282202301e-12,
                8.423464164212405e-12,
                2.1297852745552313e-12,
                1.4449803163976264e-07,
                0.9999998554904092
            ]
        ],
        [
            [
                0.9999999999934397,
                6.560200166684685e-12,
                0.0,
                0.0,
                0.0
            ],
            [
                0.9999962733598826,
                3.726639111299636e-06,
                1.0060354834656344e-12,
                0.0,
                0.0
            ],
            [
                7.287724093683182e-14,
                9.056076987017935e-11,
                0.9999999997401496,
                1.691897922119124e-10,
                2.681003866995825e-14
            ],
            [
                8.878231899702265e-13,
                1.2256021090054732e-11,
                1.6586720855764557e-12,
                2.9023121995555605e-06,
                0.9999970976729979
            ],
            [
                6.101937440542001e-13,
                6.560200988388006e-12,
                1.4637786971449034e-12,
                6.825604229752962e-08,
                0.9999999317353235
            ]
        ],
        [
            [
                0.9999999999450722,
                5.4927883481254156e-11,
                0.0,
                0.0,
                0.0
            ],
            [
                0.9999999997538302,
                2.4616969504307887e-10,
                0.0,
                0.0,
                0.0
            ],
            [
                1.1399918137952529e-12,
                9.237449343931823e-09,
                0.9999999656506363,
                2.5109990692920806e-08,
                7.835041515309516e-13
            ],
            [
                4.752193168755255e-13,
                7.433680838139218e-12,
                1.2917800335954621e-12,
                6.475946144323381e-07,
                0.9999993523961849
            ],
            [
                3.266131336028703e-13,
                3.0988191323093074e-12,
                7.835041768851004e-13,
                1.605228051863845e-09,
                0.999999998390563
            ]
        ],
        [
            [
                0.9999999999954912,
                4.5087552406581e-12,
                0.0,
                0.0,
                0.0
            ],
            [
                0.9999989322963854,
                1.0677030761596768e-06,
                5.384930372304528e-13,
                0.0,
                0.0
            ],
            [
                2.2447770487517045e-13,
                5.492788335614286e-11,
                0.9999999972977356,
                2.6465736315177e-09,
                5.38494020271484e-13
            ],
            [
                3.7010118505571844e-13,
                5.109089265453012e-12,
                7.835042149113265e-13,
                5.043472050187887e-07,
                0.9999994956465323
            ],
            [
                3.701011557546409e-13,
                3.511421998531015e-12,
                6.101936478033775e-13,
                3.224186631805633e-08,
                0.9999999677536419
            ]
        ],
        [
            [
                0.999999999996021,
                3.978962534562917e-12,
                0.0,
                0.0,
                0.0
            ],
            [
                0.9999785550567498,
                2.144493973887742e-05,
                3.5113487382151106e-12,
                0.0,
                0.0
            ],
            [
                1.3615260953841706e-13,
                2.2897348242782157e-11,
                0.9999999907387332,
                9.237449575768604e-09,
                7.835041711949382e-13
            ],
            [
                8.878198204094348e-13,
                1.5736982860197137e-11,
                3.511395505848883e-12,
                7.889265046455688e-06,
                0.9999921107148173
            ],
            [
                2.2447770428805704e-13,
                3.098819121962515e-12,
                6.101936644604285e-13,
                4.944450475197625e-09,
                0.9999999950516161
            ]
        ],
        [
            [
                0.999999999987744,
                1.2256067441284574e-11,
                0.0,
                0.0,
                0.0
            ],
            [
                0.9999999995400946,
                4.5990553757580406e-10,
                0.0,
                0.0,
                0.0
            ],
            [
                5.384939907567169e-13,
                4.363462001596681e-09,
                0.9999999424772623,
                5.315784948221065e-08,
                8.878264967047975e-13
            ],
            [
                2.5436657709694294e-13,
                3.9789627291684485e-12,
                8.878265909839893e-13,
                1.444980316318445e-07,
                0.9999998554968472
            ],
            [
                6.101925853573844e-13,
                8.423448812354092e-12,
                1.6586754166374229e-12,
                1.3709566544833464e-06,
                0.9999986290326532
            ]
        ],
        [
            [
                0.999999999979793,
                2.0206839084174466e-11,
                0.0,
                0.0,
                0.0
            ],
            [
                0.9998415637472471,
                0.0001584362496546347,
                3.0983287104111713e-12,
                0.0,
                0.0
            ],
            [
                2.5436656081471234e-13,
                1.4930946531698432e-10,
                0.9999999846202321,
                1.522997950982757e-08,
                2.2447770204007975e-13
            ],
            [
                4.752184371358276e-13,
                7.433667076694969e-12,
                1.4637758369822702e-12,
                2.260325273004203e-06,
                0.9999977396653543
            ],
            [
                2.543665969409936e-13,
                5.109089674883923e-12,
                6.914400982316691e-13,
                1.8553915975121298e-07,
                0.9999998144547853
            ]
        ],
        [
            [
                0.9999999999954912,
                4.508755241409477e-12,
                0.0,
                0.0,
                0.0
            ],
            [
                0.999999999868235,
                1.317651426468168e-10,
                0.0,
                0.0,
                0.0
            ],
            [
                5.675685145869729e-14,
                2.2897348106428632e-11,
                0.999999984746528,
                1.5229979511895168e-08,
                5.3849401354356e-13
            ],
            [
                4.1937882180286813e-13,
                9.545017988680119e-12,
                2.129781392433838e-12,
                1.3709566541204614e-06,
                0.9999986290312517
            ],
            [
                0.0,
                2.1297851674516958e-12,
                3.701011672503478e-13,
                9.736200296990805e-10,
                0.9999999990238801
            ]
        ],
        [
            [
                0.9999999999925664,
                7.433680669278558e-12,
                0.0,
                0.0,
                0.0
            ],
            [
                0.999998932296449,
                1.0677030757987809e-06,
                4.752184372586165e-13,
                0.0,
                0.0
            ],
            [
                1.3615261041386963e-13,
                2.1724399287749017e-10,
                0.9999999971358919,
                2.6465736312291326e-09,
                1.5428111987148666e-13
            ],
            [
                2.734265493231448e-12,
                6.223159578379787e-11,
                3.331017285825202e-11,
                0.00015843624742753557,
                0.9998415636542964
            ],
            [
                1.361526063474906e-13,
                4.5087550945510716e-12,
                5.384940041299286e-13,
                3.2241866316059666e-08,
                0.9999999677529503
            ]
        ],
        [
            [
                0.999999999996021,
                3.9789625347107e-12,
                0.0,
                0.0,
                0.0
            ],
            [
                0.9999999748898343,
                2.5109990917926585e-08,
                1.7482340837461967e-13,
                0.0,
                0.0
            ],
            [
                8.258073278517197e-14,
                1.388794385312671e-11,
                0.9999999992275752,
                7.582560421448953e-10,
                1.9810087963604778e-13
            ],
            [
                2.5436656362435523e-13,
                3.978962518421718e-12,
                7.835041750771194e-13,
                3.850741905913304e-09,
                0.9999999961442412
            ],
            [
                5.38490971108939e-13,
                8.42341603401614e-12,
                1.4637702215546935e-12,
                4.7850948469895245e-06,
                0.9999952148947273
            ]
        ],
        [
            [
                0.999999999979793,
                2.0206839083422174e-11,
                0.0,
                0.0,
                0.0
            ],
            [
                0.999999168471591,
                8.315279896639015e-07,
                4.1937959789812437e-13,
                0.0,
                0.0
            ],
            [
                6.431393939233753e-14,
                1.0815941553555175e-11,
                0.9999999997100186,
                2.789468091906811e-10,
                1.542811202659758e-13
            ],
            [
                1.6581217428296685e-12,
                2.939091113667302e-11,
                6.557998708834121e-12,
                0.0003353500552921994,
                0.9996646499071008
            ],
            [
                1.7713115645440057e-11,
                1.483101014946128e-10,
                8.995462370157512e-11,
                0.006692851420485689,
                0.9933071483235365
            ]
        ],
        [
            [
                0.9999999999842628,
                1.573710210097586e-11,
                0.0,
                0.0,
                0.0
            ],
            [
                0.9999999936510018,
                6.3488000743559215e-09,
                1.9810087850411962e-13,
                0.0,
                0.0
            ],
            [
                3.266131340473382e-13,
                1.1628233021982326e-10,
                0.9999999993620252,
                5.211412484196236e-10,
                2.2447770534305417e-13
            ],
            [
                2.5436611353850434e-13,
                3.978955477894437e-12,
                7.83502788715098e-13,
                1.3709566545565087e-06,
                0.9999986290383286
            ],
            [
                3.2661313329605977e-13,
                3.09881912939837e-12,
                5.3849402015523e-13,
                2.646573630946338e-09,
                0.9999999973494624
            ]
        ],
        [
            [
                0.999999999989184,
                1.0815941554500326e-11,
                0.0,
                0.0,
                0.0
            ],
            [
                0.9999999995941349,
                4.0586521233742333e-10,
                0.0,
                0.0,
                0.0
            ],
            [
                3.037975385123137e-14,
                5.109089027525183e-12,
                0.999999999932421,
                6.22414462225219e-11,
                1.9810087978403192e-13
            ],
            [
                3.5027394083500847e-12,
                7.972198147400982e-11,
                6.208754159996287e-11,
                0.002472622965409366,
                0.9975273768892783
            ],
            [
                6.101936914468793e-13,
                7.433680960910967e-12,
                1.879528889498168e-12,
                3.927863697951875e-07,
                0.9999996072037068
            ]
        ],
        [
            [
                0.9999999999842628,
                1.5737102102738817e-11,
                0.0,
                0.0,
                0.0
            ],
            [
                0.9999999881387439,
                1.1861120006406432e-08,
                1.3615260914524351e-13,
                0.0,
                0.0
            ],
            [
                5.0087746371250425e-14,
                8.423463753260377e-12,
                0.9999999999114868,
                7.991959891807557e-11,
                1.201542573004828e-13
            ],
            [
                4.50006942978497e-12,
                6.212154228591928e-11,
                4.2695469995072344e-11,
                0.0019267343353733953,
                0.9980732655553095
            ],
            [
                6.914399906553471e-13,
                5.1090888799964445e-12,
                7.835041557996474e-13,
                2.845334726522545e-08,
                0.9999999715400686
            ]
        ],
        [
            [
                0.999999999987744,
                1.2256067440073134e-11,
                0.0,
                0.0,
                0.0
            ],
            [
                0.9999417087215925,
                5.829127762393923e-05,
                7.834579087450771e-13,
                0.0,
                0.0
            ],
            [
                1.6586783008701405e-12,
                2.6465735462944403e-09,
                0.9999999651084378,
                3.224186624428959e-08,
                1.4637784629021786e-12
            ],
            [
                1.0058340737807454e-12,
                1.7828835553581252e-11,
                5.7881754525964225e-12,
                0.000203427062119601,
                0.9997965729132575
            ],
            [
                1.1399918493486372e-12,
                3.098819128675822e-12,
                5.384940200296699e-13,
                2.64657363032924e-09,
                0.9999999973486491
            ]
        ],
        [
            [
                0.999999999990455,
                9.545034919730781e-12,
                0.0,
                0.0,
                0.0
            ],
            [
                0.9999999317439577,
                6.825604227936432e-08,
                0.0,
                0.0,
                0.0
            ],
            [
                1.9810087925264184e-13,
                3.775134533754959e-11,
                0.9999999973148668,
                2.646573631531126e-09,
                6.101936660594637e-13
            ],
            [
                8.878113614775143e-13,
                1.7832167881782125e-11,
                5.1090016365467946e-12,
                1.6701415105859918e-05,
                0.9999832985610652
            ],
            [
                1.463767422440078e-12,
                2.594589837792909e-11,
                5.109050314275798e-12,
                7.889265046358e-06,
                0.999992110702435
            ]
        ],
        [
            [
                0.9999999999572222,
                4.277787867855447e-11,
                0.0,
                0.0,
                0.0
            ],
            [
                0.999999997664407,
                2.3355930325077914e-09,
                0.0,
                0.0,
                0.0
            ],
            [
                8.258073282153895e-14,
                1.573710210037979e-11,
                0.999999999667956,
                3.1608814530115247e-10,
                1.3615261075287547e-13
            ],
            [
                2.696237268622385e-12,
                1.0117555707765375e-10,
                5.415537321258958e-11,
                0.01406362728673685,
                0.985936372555236
            ],
            [
                4.752166479455391e-13,
                1.0815881053937892e-11,
                2.734682993949872e-12,
                6.14417212364706e-06,
                0.9999938558138506
            ]
        ],
        [
            [
                0.9999999999925664,
                7.433680670465835e-12,
                0.0,
                0.0,
                0.0
            ],
            [
                0.9999999985833912,
                1.4166087843282576e-09,
                0.0,
                0.0,
                0.0
            ],
            [
                6.431393932350874e-14,
                1.1628233013765748e-10,
                0.9999999986333643,
                1.2501528646176396e-09,
                1.3615261061629454e-13
            ],
            [
                2.543665852562592e-13,
                5.109089440189759e-12,
                8.878266194628015e-13,
                1.1253518379694793e-07,
                0.9999998874585649
            ],
            [
                4.193795640275485e-13,
                5.1090890060080654e-12,
                6.914400077091655e-13,
                3.850741906144475e-09,
                0.9999999961430381
            ]
        ],
        [
            [
                0.9999999999985363,
                1.4637785138427625e-12,
                0.0,
                0.0,
                0.0
            ],
            [
                0.9999999988967441,
                1.1032560309146486e-09,
                0.0,
                0.0,
                0.0
            ],
            [
                7.28772407045028e-14,
                2.0206839019879824e-11,
                0.9999999965811257,
                3.398267807665307e-09,
                3.266131331417666e-13
            ],
            [
                1.1399245311194101e-12,
                2.594456274281542e-11,
                5.7890144397853905e-12,
                5.829127716475472e-05,
                0.9999417086899617
            ],
            [
                7.834997399471885e-13,
                1.783237188700348e-11,
                5.109060085021297e-12,
                4.785094847809522e-06,
                0.9999952148814272
            ]
        ],
        [
            [
                0.9999999999915765,
                8.423463751378729e-12,
                0.0,
                0.0,
                0.0
            ],
            [
                0.9999982396562567,
                1.760343133151128e-06,
                6.101925658133005e-13,
                0.0,
                0.0
            ],
            [
                7.287724092652216e-14,
                1.388794385892788e-11,
                0.9999999996276099,
                3.58174792872644e-10,
                2.5436656462713654e-13
            ],
            [
                4.500069430294678e-12,
                1.160583202582691e-10,
                6.212154229295559e-11,
                0.001926734333271517,
                0.9980732654840485
            ],
            [
                1.291780166110624e-12,
                8.423464806437365e-12,
                1.4637786969306614e-12,
                6.825604228753951e-08,
