{
    "[['A', 'B', 'C', 'D', 'E'], ['A', 'B', 'C', 'D', 'E']]": [
        [
            [
                0.9999999999377585,
                6.224144619993132e-11,
                0.0,
                0.0,
                0.0
            ],
            [
                0.9999999936511998,
                6.348800073964182e-09,
                0.0,
                0.0,
                0.0
            ],
            [
                1.850814849037033e-10,
                1.4702843464844469e-08,
                0.8519526345227788,
                0.14804717147182364,
                1.79117472535288e-07
            ],
            [
                3.5114220968981906e-12,
                8.42346371493921e-12,
                1.2917799987239606e-12,
                4.363462232466947e-09,
                0.999999995623311
            ],
            [
                2.020683899792716e-11,
                2.2897348351871582e-11,
                4.508755221701025e-12,
                3.850741905179301e-09,
                0.999999996101645
            ]
        ],
        [
            [
                0.9999999999622486,
                3.775134542603638e-11,
                0.0,
                0.0,
                0.0
            ],
            [
                0.999999998394574,
                1.6052280521607635e-09,
                1.9810087943160204e-13,
                0.0,
                0.0
            ],
            [
                4.420228101905009e-14,
                5.789356326456727e-12,
                0.9999999996777518,
                3.1608814530721715e-10,
                3.2661313415045863e-13
            ],
            [
                1.2917799501831694e-12,
                7.433680358134616e-12,
                2.129785080930943e-12,
                4.139937543792288e-08,
                0.9999999585897694
            ],
            [
                2.7346982839215766e-12,
                5.109089013733322e-12,
                1.4637785100202943e-12,
                2.3355930322484517e-09,
                0.9999999976550995
            ]
        ],
        [
            [
                0.9999999999705993,
                2.9400777382683083e-11,
                0.0,
                0.0,
                0.0
            ],
            [
                0.9999999999294713,
                7.05287984838431e-11,
                0.0,
                0.0,
                0.0
            ],
            [
                2.0879679115026474e-14,
                5.384940217384496e-13,
                0.9999999999936169,
                5.7893563283333595e-12,
                3.442477108233738e-14
            ],
            [
                4.2777878646111774e-11,
                2.5946094956333148e-11,
                1.8795288146243903e-12,
                6.691586084476004e-10,
                0.999999999260238
            ],
            [
                4.508755237548366e-12,
                9.545034912792374e-12,
                1.463778512584959e-12,
                2.789468089932394e-10,
                0.9999999997055355
            ]
        ],
        [
            [
                0.9999999998308102,
                1.6918979218565492e-10,
                0.0,
                0.0,
                0.0
            ],
            [
                0.9999999847700205,
                1.522997950794332e-08,
                0.0,
                0.0,
                0.0
            ],
            [
                9.357622966915275e-14,
                1.2256067441578362e-11,
                0.9999999998848568,
                1.0261879629590982e-10,
                1.7482341279114383e-13
            ],
            [
                7.991959732116033e-11,
                2.594609446060046e-11,
                3.5114220427092704e-12,
                1.955568069429313e-08,
                0.9999999803349422
            ],
            [
                3.0988191362683445e-12,
                5.109089024018219e-12,
                1.291780003763233e-12,
                1.917171512240397e-10,
                0.9999999997987832
            ]
        ],
        [
            [
                0.9999999997538302,
                2.4616969502098927e-10,
                0.0,
                0.0,
                0.0
            ],
            [
                0.9999996940976413,
                3.059023587437608e-07,
                0.0,
                0.0,
                0.0
            ],
            [
                3.5113487366989088e-12,
                1.6051945114253682e-09,
                0.9999785534256189,
                2.1444939729617486e-05,
                2.5945552798377508e-11
            ],
            [
                1.6586783404231089e-12,
                8.42346366056298e-12,
                1.4637784978075507e-12,
                1.0467401678052952e-08,
                0.9999999895210524
            ],
            [
                7.835041737035477e-13,
                4.508755214656094e-12,
                7.835041737035477e-13,
                5.60279640319205e-09,
                0.9999999943911277
            ]
        ],
        [
            [
                0.9999999998082829,
                1.9171715127841362e-10,
                0.0,
                0.0,
                0.0
            ],
            [
                0.9999999468421503,
                5.315784966670291e-08,
                0.0,
                0.0,
                0.0
            ],
            [
                3.900837601944584e-14,
                1.225606741822233e-11,
                0.9999999979263765,
                2.06115361808669e-09,
                1.7482341245798793e-13
            ],
            [
                3.775134537475315e-11,
                2.940077733985681e-11,
                2.413362767483701e-12,
                1.4166087840900955e-09,
                0.9999999985138257
            ],
            [
                3.0988191338298015e-12,
                9.545034907772133e-12,
                1.8795288135719205e-12,
                9.736200297639282e-10,
                0.9999999990118567
            ]
        ],
        [
            [
                0.9999999998082829,
                1.9171715129183775e-10,
                0.0,
                0.0,
                0.0
            ],
            [
                0.9999038975900809,
                9.610239910410223e-05,
                1.081491058801766e-11,
                0.0,
                0.0
            ],
            [
                9.35762296714548e-14,
                9.545034921111992e-12,
                0.9999999998738247,
                1.1628233028115061e-10,
                2.543665646916257e-13
            ],
            [
                8.878265416063752e-13,
                7.433680620108735e-12,
                1.6586783472571412e-12,
                6.348800071424701e-09,
                0.9999999936412196
            ],
            [
                1.6586783570548021e-12,
                6.560200160799594e-12,
                1.1399918517663896e-12,
                5.905303992324013e-10,
                0.9999999994001108
            ]
        ],
        [
            [
                0.9999999998506905,
                1.4930946755573065e-10,
                0.0,
                0.0,
                0.0
            ],
            [
                0.999997739673069,
                2.2603252722574798e-06,
                1.658675324765097e-12,
                0.0,
                0.0
            ],
            [
                1.748234127628922e-13,
                3.33154454094272e-11,
                0.9999999997489775,
                2.1724399342810693e-10,
                2.882350792385686e-13
            ],
            [
                1.291780001831754e-12,
                5.7893563154906575e-12,
                1.006039276982551e-12,
                1.8189616833931635e-09,
                0.999999998172951
            ],
            [
                7.433680665139479e-12,
                1.2256067432207736e-11,
                1.8795288147154246e-12,
                3.581747926807903e-10,
                0.999999999620256
            ]
        ],
        [
            [
                0.9999999999705993,
                2.940077738266676e-11,
                0.0,
                0.0,
                0.0
            ],
            [
                0.99999985550143,
                1.4449803154839225e-07,
                5.384940476289398e-13,
                0.0,
                0.0
            ],
            [
                5.675685230154326e-14,
                7.43368066910613e-12,
                0.9999999996338595,
                3.581747928719142e-10,
                4.752193060696017e-13
            ],
            [
                3.978962527788705e-12,
                6.5602001548839865e-12,
                1.1399918507384113e-12,
                1.6052280519386006e-09,
                0.9999999983830927
            ],
            [
                8.423463746065033e-12,
                1.2256067431872296e-11,
                1.4637785126655797e-12,
                2.1724399329116963e-10,
                0.9999999997606126
            ]
        ],
        [
            [
                0.9999999990263799,
                9.736200299576692e-10,
                0.0,
                0.0,
                0.0
            ],
            [
                0.9999999677575235,
                3.2241866311434767e-08,
                6.101936476780611e-13,
                0.0,
                0.0
            ],
            [
                5.384940133745108e-13,
                2.7894680493512225e-10,
                0.9999999844898437,
                1.5229979507114028e-08,
                6.914399999070605e-13
            ],
            [
                1.2917800037765902e-12,
                3.511422110632662e-12,
                6.101936672837228e-13,
                3.1608814518437577e-10,
                0.9999999996784985
            ],
            [
                5.1090890238932564e-12,
                9.545034915049913e-12,
                1.463778512931164e-12,
                2.789468090592144e-10,
                0.9999999997049354
            ]
        ],
        [
            [
                0.9999999995400946,
                4.5990553752532614e-10,
                0.0,
                0.0,
                0.0
            ],
            [
                0.9999999998308102,
                1.69189792172268e-10,
                0.0,
                0.0,
                0.0
            ],
            [
                5.6756852205967166e-14,
                2.59460949277427e-11,
                0.9999999979126892,
                2.0611536180676218e-09,
                1.542811199920162e-13
            ],
            [
                2.129785154180681e-12,
                9.545034847659827e-12,
                1.4637785025965597e-12,
                7.194132973661297e-09,
                0.9999999927927284
            ],
            [
                5.789356322564277e-12,
                7.433680664434407e-12,
                1.4637785125668053e-12,
                4.599055373753759e-10,
                0.9999999995254076
            ]
        ],
        [
            [
                0.9999999995941349,
                4.058652123694777e-10,
                0.0,
                0.0,
                0.0
            ],
            [
                0.9999999907621803,
                9.237449571178688e-09,
                3.701011642216625e-13,
                0.0,
                0.0
            ],
            [
                5.675685230142041e-14,
                4.277787867091761e-11,
                0.9999999995989177,
                3.5817479287113894e-10,
                7.287724092621593e-14
            ],
            [
                2.594609492798402e-11,
                1.7832472870496236e-11,
                2.41336276673782e-12,
                1.605228051796453e-09,
                0.9999999983485801
            ],
            [
                3.098819135630946e-12,
                7.433680664937553e-12,
                1.6586783572598026e-12,
                3.1608814511609097e-10,
                0.9999999996717206
            ]
        ],
        [
            [
                0.9999999998973812,
                1.0261879627402213e-10,
                0.0,
                0.0,
                0.0
            ],
            [
                0.9999999981810384,
                1.818961683669064e-09,
                0.0,
                0.0,
                0.0
            ],
            [
                7.287724070089763e-14,
                2.940077728904279e-11,
                0.9999999965720339,
                3.398267807497198e-09,
                2.2447770470955981e-13
            ],
            [
                4.2777878660479566e-11,
                1.3887943855480786e-11,
                2.413362770185275e-12,
                1.0261879624694675e-10,
                0.999999999838302
            ],
            [
                3.7010116751951535e-13,
                1.879528814813681e-12,
                4.193795654529652e-13,
                2.4616969495555535e-10,
                0.9999999997511613
            ]
        ],
        [
            [
                0.9999999999200804,
                7.991959890084091e-11,
                0.0,
                0.0,
                0.0
            ],
            [
                0.9999996072130202,
                3.9278636962077533e-07,
                6.1019369117593e-13,
                0.0,
                0.0
            ],
            [
                8.25807328346972e-14,
                1.7832472903641453e-11,
                0.9999999998499933,
                1.3176514266766744e-10,
                3.266131341962339e-13
            ],
            [
                2.1297851654367577e-12,
                5.78935631372838e-12,
                1.1399918500902329e-12,
                2.061153617097379e-09,
                0.9999999979297873
            ],
            [
                9.056076975516488e-11,
                3.3315445369585715e-11,
                5.789356319680781e-12,
                9.736200297790023e-10,
                0.9999999988967143
            ]
        ],
        [
            [
                0.9999999997538302,
                2.4616969507368874e-10,
                0.0,
                0.0,
                0.0
            ],
            [
                0.9999996940966351,
                3.059023587833487e-07,
                1.0060394051820536e-12,
                0.0,
                0.0
            ],
            [
                4.420228102830939e-14,
                4.508755241468364e-12,
                0.9999999998789402,
                1.1628233028089499e-10,
                2.2447770546095036e-13
            ],
            [
                6.914399999103724e-13,
                5.789356238440273e-12,
                1.2917799846394895e-12,
                1.522997950718698e-08,
                0.9999999847622478
            ],
            [
                1.1399918517694725e-12,
                4.5087552372525655e-12,
                1.0060392781582368e-12,
                5.211412482060479e-10,
                0.999999999472204
            ]
        ],
        [
            [
                0.9999999981810384,
                1.8189616834075136e-09,
                0.0,
                0.0,
                0.0
            ],
            [
                0.9999999985833912,
                1.41660878418818e-09,
                0.0,
                0.0,
                0.0
            ],
            [
                8.258073248159026e-14,
                1.1628232977562222e-10,
                0.9999999955199483,
                4.363462233183652e-09,
                2.2447770448554445e-13
            ],
            [
                3.775134529513503e-11,
                1.3887943810644434e-11,
                1.4637785084006666e-12,
                3.398267806203506e-09,
                0.999999996548629
            ],
            [
                3.5114221073298098e-12,
                7.43368065955132e-12,
                1.0060392775509079e-12,
                1.2501528642339676e-09,
                0.999999998737896
            ]
        ],
        [
            [
                0.999999999683912,
                3.1608814521819396e-10,
                0.0,
                0.0,
                0.0
            ],
            [
                0.999986992871259,
                1.3007124761964788e-05,
                3.978909647741787e-12,
                0.0,
                0.0
            ],
            [
                6.431393939194436e-14,
                9.545034919490107e-12,
                0.9999999997112192,
                2.789468091889759e-10,
                2.2447770542330074e-13
            ],
            [
                1.2917799716682566e-12,
                3.97896243382742e-12,
                8.878265250844985e-13,
                2.5109990913687665e-08,
                0.9999999748838506
            ],
            [
                3.978962516577871e-12,
                9.545034876639803e-12,
                2.4133627601518157e-12,
                3.850741904128873e-09,
                0.9999999961333208
            ]
        ],
        [
            [
                0.999999999986112,
                1.3887943860379663e-11,
                0.0,
                0.0,
                0.0
            ],
            [
                0.9999999956362833,
                4.3634622325235506e-09,
                2.543665635473064e-13,
                0.0,
                0.0
            ],
            [
                3.701011558619672e-13,
                1.0261879299050011e-10,
                0.9999999676542569,
                3.22418663274062e-08,
                8.878265190659392e-13
            ],
            [
                2.2897348348967332e-11,
                2.594609486096458e-11,
                3.09881912417488e-12,
                4.363462232460077e-09,
                0.9999999955845955
            ],
            [
                5.384940652391672e-13,
                4.508755606212462e-12,
                6.914400665025975e-13,
                1.1253518380237246e-07,
                0.9999998874590775
            ]
        ],
        [
            [
                0.9999999999771028,
                2.2897348445394028e-11,
                0.0,
                0.0,
                0.0
            ],
            [
                0.999999999683912,
                3.1608814521818016e-10,
                0.0,
                0.0,
                0.0
            ],
            [
                6.55848688329723e-12,
                1.6048088282035435e-09,
                0.9997388077458341,
                0.0002611903267929033,
                3.1600559474403945e-10
            ],
            [
                4.508755095391862e-12,
                1.5737101594121178e-11,
                3.511421998968369e-12,
                3.224186632207211e-08,
                0.9999999677343764
            ],
            [
                4.752193050924456e-13,
                3.5114221046229214e-12,
                7.835041765532489e-13,
                1.8189616830185739e-09,
                0.9999999981762682
            ]
        ],
        [
            [
                0.9999999918479795,
                8.152020645739131e-09,
                0.0,
                0.0,
                0.0
            ],
            [
                0.9999999847694103,
                1.5229979495948492e-08,
                6.101936577937232e-13,
                0.0,
                0.0
            ],
            [
                2.0879679115609632e-14,
                4.752193062577761e-13,
                0.9999999999970561,
                2.4133627717350015e-12,
                3.4424771083298845e-14
            ],
            [
                3.978962530662669e-12,
                5.789356321201696e-12,
                1.0060392779749805e-12,
                9.736200300347808e-10,
                0.9999999990156057
            ],
            [
                6.914400090728806e-13,
                3.0988191314563816e-12,
                6.914400090728806e-13,
                1.818961683288336e-09,
                0.9999999981765566
            ]
        ],
        [
            [
                0.9999999998308102,
                1.691897921961324e-10,
                0.0,
                0.0,
                0.0
            ],
            [
                0.9770226316925693,
                0.02297736790523469,
                3.965397424011016e-10,
                5.656335639823623e-12,
                0.0
            ],
            [
                5.008774636892723e-14,
                2.0206839086386437e-11,
                0.9999999998479279,
                1.3176514267594256e-10,
                5.008774636892723e-14
            ],
            [
                1.2917800037286264e-12,
                4.508755238604242e-12,
                1.0060392784598366e-12,
                4.0586521231535363e-10,
                0.9999999995873281
            ],
            [
                3.5114221103948395e-12,
                6.560200162583282e-12,
                8.878265470920811e-13,
                7.991959886167678e-11,
                0.9999999999091209
            ]
        ],
        [
            [
                0.9999999998308102,
                1.6918979217938866e-10,
                0.0,
                0.0,
                0.0
            ],
            [
                0.9999869928656967,
                1.3007124758295541e-05,
                9.54490804820253e-12,
                0.0,
                0.0
            ],
            [
                6.914400062519939e-13,
                7.582560379199171e-10,
                0.9999999936379294,
                5.6027964015431545e-09,
                3.2661313218048e-13
            ],
            [
                8.423463741138843e-12,
                8.423463741138843e-12,
                1.4637785118095364e-12,
                9.736200297602408e-10,
                0.9999999990080692
            ],
            [
                2.4616969497792635e-10,
                2.940077736852673e-11,
                1.6586783575423035e-12,
                1.917171512172579e-10,
                0.9999999995310538
            ]
        ],
        [
            [
                0.9999999999705993,
                2.9400777381431766e-11,
                0.0,
                0.0,
                0.0
            ],
            [
                0.9999999993308415,
                6.691586084097999e-10,
                0.0,
                0.0,
                0.0
            ],
            [
                1.201542571098709e-13,
                3.331544536403391e-11,
                0.9999999983607262,
                1.6052280524088327e-09,
                6.101936667049983e-13
            ],
            [
                1.2256067419194042e-11,
                1.0815941535306719e-11,
                1.87952881271971e-12,
                1.4166087837645185e-09,
                0.9999999985584396
            ],
            [
                1.7832472893742373e-11,
                1.2256067434199758e-11,
                1.658678357574449e-12,
                3.16088145176052e-10,
                0.9999999996521647
            ]
        ],
        [
            [
                0.9999999999450722,
                5.492788348915812e-11,
                0.0,
                0.0,
                0.0
            ],
            [
                0.9999999123569702,
                8.76424914153848e-08,
                5.384940784308689e-13,
                0.0,
                0.0
            ],
            [
                1.0603575988287695e-13,
                3.3315445411496436e-11,
                0.9999999997747253,
                1.917171513173202e-10,
                1.3615261076741237e-13
            ],
            [
                6.560200160737872e-12,
                6.560200160737872e-12,
                8.87826546842332e-13,
                7.582560419340284e-10,
                0.9999999992277357
            ],
            [
                3.978962525116175e-12,
                1.081594152814282e-11,
                1.4637785101818498e-12,
                1.818961682651968e-09,
                0.9999999981647796
            ]
        ],
        [
            [
                0.999999999782756,
                2.1724399340004462e-10,
                0.0,
                0.0,
                0.0
            ],
            [
                0.9999996940972218,
                3.0590235892194257e-07,
                4.1937961851036264e-13,
                0.0,
                0.0
            ],
            [
                1.361526106193134e-13,
                2.5946094946623395e-11,
                0.9999999987233454,
                1.2501528646453586e-09,
                4.193795652537852e-13
            ],
            [
                6.101936658622934e-13,
                3.0988191290817726e-12,
                6.914400085430338e-13,
                2.6465736306759452e-09,
                0.9999999973490259
            ],
            [
                2.413362744705166e-12,
                1.0815941435706218e-11,
                1.8795287954117385e-12,
                1.0467401677083037e-08,
                0.9999999895174895
            ]
        ],
        [
            [
                0.9999999999705993,
                2.940077738377554e-11,
                0.0,
                0.0,
                0.0
            ],
            [
                0.9999999847700205,
                1.5229979495947255e-08,
                0.0,
                0.0,
                0.0
            ],
            [
                2.6810038676823504e-14,
                6.10193667737897e-13,
                0.9999999999962199,
                3.0988191386068737e-12,
                4.4202281034772026e-14
            ],
            [
                2.734698268150522e-12,
                9.545034841022268e-12,
                1.6586783446963322e-12,
                8.15202064459248e-09,
                0.9999999918340411
            ],
            [
                2.940077728915725e-11,
                3.331544530417082e-11,
                5.109089010045144e-12,
                2.9989608142808973e-09,
                0.9999999969332138
            ]
        ],
        [
            [
                0.9999999994094697,
                5.905303994001746e-10,
                0.0,
                0.0,
                0.0
            ],
            [
                0.9999999988967441,
                1.1032560308865117e-09,
                0.0,
                0.0,
                0.0
            ],
            [
                9.357622961145667e-14,
                2.594609496142993e-11,
                0.9999999992154798,
                7.582560421676983e-10,
                2.2447770531751578e-13
            ],
            [
                3.978962530953591e-12,
                5.1090890217925965e-12,
                8.878265467562766e-13,
                8.592166608628365e-10,
                0.9999999991308075
            ],
            [
                3.7010116753242626e-13,
                2.7346982891768283e-12,
                6.91440010083401e-13,
                3.5817479271200945e-10,
                0.9999999996380289
            ]
        ],
        [
            [
                0.9999999991407833,
                8.592166609674516e-10,
                0.0,
                0.0,
                0.0
            ],
            [
                0.9999993524040941,
                6.475946142185241e-07,
                1.2917800331689597e-12,
                0.0,
                0.0
            ],
            [
                5.008774636869645e-14,
                7.433680670906852e-12,
                0.9999999998760978,
                1.1628233027960082e-10,
                1.361526107824931e-13
            ],
            [
                1.6586783560444287e-12,
                8.423463739894588e-12,
                1.6586783560444287e-12,
                8.592166604308164e-10,
                0.9999999991290425
            ],
            [
                1.6586783561751452e-12,
                5.789356319170302e-12,
                1.1399918511618108e-12,
                9.73620029693153e-10,
                0.9999999990177919
            ]
        ],
        [
            [
                0.9999999997538302,
                2.4616969504303653e-10,
                0.0,
                0.0,
                0.0
            ],
            [
                0.9999998144601489,
                1.8553915967157788e-07,
                6.914400979348966e-13,
                0.0,
                0.0
            ],
            [
                3.9008376093680916e-14,
                5.789356327524612e-12,
                0.9999999998622084,
                1.3176514267350532e-10,
                1.9810087976362953e-13
            ],
            [
                7.83504177162328e-13,
                3.978962529011281e-12,
                6.914400095078465e-13,
                1.25015286424209e-09,
                0.9999999987443933
            ],
            [
                4.508755238029989e-12,
                1.2256067432506458e-11,
                2.1297851689412195e-12,
                5.21141248295906e-10,
                0.9999999994599642
            ]
        ],
        [
            [
                0.9999999993308415,
                6.691586084946951e-10,
                0.0,
                0.0,
                0.0
            ],
            [
                0.9999546021241197,
                4.539785567436186e-05,
                2.020591594419134e-11,
                0.0,
                0.0
            ],
            [
                8.258073282635344e-14,
                1.2256067439764964e-11,
                0.9999999997085784,
                2.789468091882393e-10,
                1.3615261076081323e-13
            ],
            [
                1.081594154010605e-11,
                1.2256067424632396e-11,
                2.129785167572913e-12,
                1.1032560305911825e-09,
                0.9999999988715422
            ],
            [
                5.789356212353821e-12,
                1.5737101790517876e-11,
                3.511422042790396e-12,
                1.9555680694744934e-08,
                0.9999999804192814
            ]
        ],
        [
            [
                0.9999999996418252,
                3.5817479278669714e-10,
                0.0,
                0.0,
                0.0
            ],
            [
                0.9990889485398411,
                0.0009110514117293645,
                4.8429512861025784e-11,
                0.0,
                0.0
            ],
            [
                1.0603575983781262e-13,
                2.2897348439736203e-11,
                0.9999999993860962,
                5.905303994632068e-10,
                3.7010116758902447e-13
            ],
            [
                1.2917799902677996e-12,
                9.54503481556486e-12,
                2.4133627447096518e-12,
                1.0467401677102494e-08,
                0.9999999895193482
            ],
            [
                1.1628232992394422e-10,
                3.775134531998616e-11,
                5.1090890114435e-12,
                2.335593031201672e-09,
                0.9999999975052642
            ]
        ],
        [
            [
                0.9999999992417439,
                7.582560418674091e-10,
                0.0,
                0.0,
                0.0
            ],
            [
                0.999995214900048,
                4.785094843062125e-06,
                5.109060079952487e-12,
                0.0,
                0.0
            ],
            [
                1.361526100306575e-13,
                7.052879810794815e-11,
                0.9999999943263405,
                5.602796405509233e-09,
                1.981008786724667e-13
            ],
            [
                5.109089019985522e-12,
                8.423463741150602e-12,
                1.2917800027436076e-12,
                1.2501528644101693e-09,
                0.9999999987350228
            ],
            [
                1.8189616798742174e-09,
                1.1628232981131863e-10,
                7.433680640970571e-12,
                1.8189616798742174e-09,
                0.9999999962383606
            ]
        ],
        [
            [
                0.9999999999450722,
                5.492788348422062e-11,
                0.0,
                0.0,
                0.0
            ],
            [
                0.9998415637381746,
                0.00015843624957134392,
                1.225412775606169e-11,
                0.0,
                0.0
            ],
            [
                4.75219294267285e-13,
                7.991959690979643e-11,
                0.9999999748077346,
                2.5109990922855467e-08,
                1.879528769039283e-12
            ],
            [
                6.56020014601504e-12,
                9.545034890628953e-12,
                1.4637785091860887e-12,
                2.9989608147367e-09,
                0.9999999969834701
            ],
            [
                7.835041762645199e-13,
                3.0988191298548638e-12,
                7.835041762645199e-13,
                2.3355930321162707e-09,
                0.9999999976597411
            ]
        ],
        [
            [
                0.9999999999705993,
                2.940077738004243e-11,
                0.0,
                0.0,
                0.0
            ],
            [
                0.999999974889811,
                2.5109990918986217e-08,
                1.981008747679301e-13,
                0.0,
                0.0
            ],
            [
                5.6756852307238744e-14,
                8.423463751635665e-12,
                0.9999999997121534,
                2.78946809193077e-10,
                4.193795656969086e-13
            ],
            [
                1.5737102068956215e-11,
                1.3887943831511488e-11,
                1.879528812011775e-12,
                2.0611536174737615e-09,
                0.9999999979073417
            ],
            [
                1.4637785125911242e-12,
                3.978962531665262e-12,
                7.835041776849279e-13,
                5.211412482424327e-10,
                0.9999999994726325
            ]
        ],
        [
            [
                0.999999999782756,
                2.172439934000161e-10,
                0.0,
                0.0,
                0.0
            ],
            [
                0.9999982396552085,
                1.7603431328147155e-06,
                1.6586753631941115e-12,
                0.0,
                0.0
            ],
            [
                3.700997718824753e-13,
                1.691891540981028e-10,
                0.9999962731862161,
                3.7266391155941434e-06,
                5.1090697571981394e-12
            ],
            [
                1.291779986428302e-12,
                9.545034787194596e-12,
                1.6586783353424854e-12,
                1.3440409760131186e-08,
                0.9999999865470948
            ],
            [
                9.54503491325753e-12,
                1.2256067431794541e-11,
                1.1399918518998175e-12,
                5.211412482656345e-10,
                0.9999999994559177
            ]
        ],
        [
            [
                0.9999999999915765,
                8.423463751733663e-12,
                0.0,
                0.0,
                0.0
            ],
            [
                0.999999990762296,
                9.237449572389414e-09,
                2.5436656227094467e-13,
                0.0,
                0.0
            ],
            [
                1.8795287702281734e-12,
                9.237449434363177e-09,
                0.9999999755295516,
                1.522997936945144e-08,
                1.1399918249553685e-12
            ],
            [
                1.9171715031410838e-10,
                7.99195984869474e-11,
                5.789356296669401e-12,
                4.944450474556452e-09,
                0.9999999947781233
            ],
            [
                3.581747925457256e-10,
                3.77513453919261e-11,
                2.7346982879072353e-12,
                3.581747925457256e-10,
                0.9999999992431643
            ]
        ],
        [
            [
                0.999999999868235,
                1.317651426511225e-10,
                0.0,
                0.0,
                0.0
            ],
            [
                0.9999998144599525,
                1.85539159695594e-07,
                8.878266599803884e-13,
                0.0,
                0.0
            ],
            [
                3.442477106778355e-14,
                8.423463750329385e-12,
                0.9999999995315005,
                4.599055376392356e-10,
                1.3615261074206043e-13
            ],
            [
                2.1297851693687e-12,
                3.9789625328721746e-12,
                6.914400101787693e-13,
                2.1724399334601463e-10,
                0.9999999997759559
            ],
            [
                3.0988191349131787e-12,
                7.43368066321572e-12,
                1.1399918516432324e-12,
                8.592166608613787e-10,
                0.9999999991291109
            ]
        ],
        [
            [
                0.9999999998837177,
                1.1628233025621355e-10,
                0.0,
                0.0,
                0.0
            ],
            [
                0.9980732656040806,
                0.0019267343475391507,
                4.838030569581475e-11,
                0.0,
                0.0
            ],
            [
                1.361526103230285e-13,
                3.7751345308054145e-11,
                0.9999999965627047,
                3.398267807366448e-09,
                1.1399918489756557e-12
            ],
            [
                2.4133627647528204e-12,
                4.508755229066908e-12,
                7.835041762077717e-13,
                2.3355930319471065e-09,
                0.9999999976567013
            ],
            [
                1.6586783574507591e-12,
                5.109089023555513e-12,
                1.0060392783956762e-12,
                1.1628233019961238e-10,
                0.9999999998759439
            ]
        ],
        [
            [
                0.9999999998082829,
                1.917171512612214e-10,
                0.0,
                0.0,
                0.0
            ],
            [
                0.9999999317429518,
                6.8256042253133e-08,
                1.0060394044159391e-12,
                0.0,
                0.0
            ],
            [
                1.2664165548676078e-14,
                4.752193062614263e-13,
                0.9999999999963864,
                3.0988191386195205e-12,
                2.681003867693292e-14
            ],
            [
                1.46377857094138e-12,
                9.545035293324037e-12,
                2.4133628655060896e-12,
                3.9278636979381325e-07,
                0.9999996072002081
            ],
            [
