{
    "[['A', 'B', 'C', 'D', 'E'], ['A', 'B', 'C', 'D', 'E']]": [
        [
            [
                0.9999999993308415,
                6.691586080296808e-10,
                0.0,
                0.0,
                0.0
            ],
            [
                3.843316200535188e-09,
                1.2727327437808196e-07,
                1.2727327437808196e-07,
                0.7772996500104381,
                0.22270009159969686
            ],
            [
                5.896435271890631e-10,
                1.0451681599900743e-08,
                2.378791767646845e-07,
                0.9984985690659274,
                0.001501182013570755
            ],
            [
                7.573685807414102e-10,
                1.4149507892563195e-09,
                1.4913471598081397e-10,
                0.0011695103433921508,
                0.9988304873351538
            ],
            [
                1.6052067148618677e-09,
                1.1032413653678387e-09,
                7.991853645738209e-11,
                1.3007124731633282e-05,
                0.9999869900869017
            ]
        ],
        [
            [
                0.9999999468418959,
                5.315784969401244e-08,
                2.5436655109899864e-13,
                0.0,
                0.0
            ],
            [
                0.22270009245061273,
                0.7772996970205109,
                2.0983815497745726e-07,
                6.678682131082051e-10,
                2.2853193532737546e-11
            ],
            [
                3.051477843590603e-10,
                2.424089102921179e-08,
                0.8519526442689642,
                0.1480471731143805,
                1.5807061646493815e-07
            ],
            [
                1.0259786469346771e-10,
                4.0578242647048907e-10,
                7.990329736472669e-11,
                0.00020342706210669758,
                0.9997965723496097
            ],
            [
                4.847369062891561e-11,
                1.6918980470881968e-10,
                3.331544787268412e-11,
                2.3823698427729462e-07,
                0.9999997615120367
            ]
        ],
        [
            [
                0.9999998555008285,
                1.4449803152707902e-07,
                1.1399919076081451e-12,
                0.0,
                0.0
            ],
            [
                0.9706877713845263,
                0.029312227867547176,
                7.360296176192097e-10,
                1.1896810741117896e-11,
                0.0
            ],
            [
                5.107374519023195e-12,
                9.732933037109403e-10,
                0.999664647551483,
                0.0003353500539830592,
                1.416133400804804e-09
            ],
            [
                3.3314749281233124e-11,
                2.7894098057442647e-10,
                3.775055661233849e-11,
                2.1444939754144433e-05,
                0.9999785547102396
            ],
            [
                3.331544695139618e-11,
                5.492788603164862e-11,
                1.2256068006856458e-11,
                5.043472047426141e-07,
                0.9999994955522958
            ]
        ],
        [
            [
                0.999999931742666,
                6.825604226095899e-08,
                1.291780165607574e-12,
                0.0,
                0.0
            ],
            [
                0.047420198226272546,
                0.952460082068618,
                0.00011754291527691786,
                2.1528735901411037e-06,
                2.3916242451833763e-08
            ],
            [
                9.906697765299209e-11,
                1.4702843116224915e-08,
                0.8519526143221049,
                0.14804716790930295,
                2.0296668210805227e-07
            ],
            [
                1.0260255558641754e-10,
                4.5983275196040125e-10,
                4.846601548477439e-11,
                0.00015843624773404126,
                0.9998415631413646
            ],
            [
                5.211413135225981e-10,
                6.69158692249051e-10,
                4.2777884003359284e-11,
                3.059023584995905e-07,
                0.9999996928645636
            ]
        ],
        [
            [
                0.9999999995941349,
                4.0586521235442106e-10,
                0.0,
                0.0,
                0.0
            ],
            [
                3.985650599383464e-10,
                7.064734727402971e-09,
                1.6079262125928674e-07,
                0.9820136210839694,
                0.01798621066010953
            ],
            [
                8.340245031149258e-10,
                4.5536194952387296e-08,
                0.029312005756627655,
                0.9706802898626526,
                7.65801050020883e-06
            ],
            [
                2.940077874028929e-11,
                2.461697064635537e-10,
                1.2256068005797945e-11,
                5.043472046990553e-07,
                0.9999994953649688
            ],
            [
                2.7894524862669023e-10,
                6.691548653000768e-10,
                7.052840391442687e-11,
                6.14417211795771e-06,
                0.9999938548092535
            ]
        ],
        [
            [
                0.9999999943962532,
                5.6027964028319945e-09,
                4.752193033334752e-13,
                0.0,
                4.752193033334752e-13
            ],
            [
                0.9999646437131461,
                3.5356257454121103e-05,
                2.939971543535441e-11,
                0.0,
                0.0
            ],
            [
                5.00877437134084e-14,
                1.0815940981800176e-11,
                0.9999999468305928,
                5.315784971586593e-08,
                6.914399739044621e-13
            ],
            [
                1.3172092509242595e-10,
                3.5805459710655653e-10,
                9.05303796084531e-11,
                0.00033535005558422434,
                0.9996646493641098
            ],
            [
                4.363404223665331e-09,
                2.0611262113483753e-09,
                2.789430995992389e-10,
                1.3007124671226778e-05,
                0.9999869861718552
            ]
        ],
        [
            [
                0.9999999970010391,
                2.9989608142995486e-09,
                0.0,
                0.0,
                0.0
            ],
            [
                0.9914225121402316,
                0.008577485648234053,
                2.0434722082423143e-09,
                1.4802863027131853e-10,
                2.0033496604896715e-11
            ],
            [
                6.223373264988821e-11,
                1.0260607877493574e-10,
                1.78302629307076e-11,
                0.00012339462813274458,
                0.9998766051891972
            ],
            [
                5.905259245033741e-10,
                4.058621367592961e-10,
                2.9400554576245544e-11,
                7.889265037198607e-06,
                0.9999921097091742
            ],
            [
                1.0261880916296812e-10,
                2.1724402070277643e-10,
                2.5946098230729276e-11,
                3.0590235879506074e-07,
                0.9999996937518323
            ]
        ],
        [
            [
                0.9999999468418237,
                5.3157849690753436e-08,
                3.266131167462914e-13,
                0.0,
                0.0
            ],
            [
                0.22270009250199313,
                0.7772996970704602,
                2.0983815502587022e-07,
                5.893916295386814e-10,
                0.0
            ],
            [
                1.0356148363064131e-09,
                5.654265420920766e-08,
                0.26893884820945074,
                0.7310515852090104,
                9.509003269854087e-06
            ],
            [
                1.22376611237736e-11,
                1.4908523273350756e-10,
                7.042287745091885e-11,
                0.0015011820301864868,
                0.9984988177380677
            ],
            [
                3.775127726621131e-11,
                2.461692506143942e-10,
                2.0206802597928746e-11,
                1.7603431330803195e-06,
                0.9999982393527396
            ]
        ],
        [
            [
                0.9999999804432578,
                1.955568068383016e-08,
                6.914399964088709e-13,
                0.0,
                3.7010116021297775e-13
            ],
            [
                0.9998415637427273,
                0.00015843624772926437,
                9.543524299291596e-12,
                0.0,
                0.0
            ],
            [
                4.50681219380423e-12,
                7.579292722790971e-10,
                0.9995694416593736,
                0.0004305571184828882,
                4.5970734153095684e-10
            ],
            [
                1.6051087836480956e-09,
                1.103174058294554e-09,
                1.0261117154272267e-10,
                7.484619687358285e-05,
                0.9999251509922323
            ],
            [
                3.579767651209756e-10,
                1.604340555677653e-09,
                3.579767651209756e-10,
                0.0005527785832427314,
                0.9994472190964632
            ]
        ],
        [
            [
                0.9999999994784392,
                5.211412482454588e-10,
                0.0,
                0.0,
                4.1937956540066647e-13
            ],
            [
                0.9999832985691839,
                1.6701415079252414e-05,
                1.573683289697043e-11,
                0.0,
                0.0
            ],
            [
                2.882301491460014e-13,
                7.052759213133952e-11,
                0.9999832985056495,
                1.670141511128068e-05,
                8.423319672950416e-12
            ],
            [
                1.388791878663907e-11,
                5.492778432284758e-11,
                5.789345874529463e-12,
                1.7603431333892281e-06,
                0.9999982395822615
            ],
            [
                2.2897306578778984e-11,
                9.056060426730496e-11,
                1.573707332478479e-11,
                2.260325272993926e-06,
                0.999997739545532
            ]
        ],
        [
            [
                0.9999999992414894,
                7.582560418206392e-10,
                0.0,
                0.0,
                2.543665644121085e-13
            ],
            [
                3.499450871439047e-10,
                5.474062177872252e-09,
                1.910635437124464e-08,
                0.9770226078539834,
                0.02297736721565487
            ],
            [
                1.3174755630823089e-10,
                5.6020486450901744e-09,
                1.0128741558169156e-05,
                0.9998664721917837,
                0.00012339333286192204
            ],
            [
                3.7749116041897796e-11,
                1.0261273617708263e-10,
                2.2895996256461024e-11,
                5.8291277157154454e-05,
                0.9999417085595851
            ],
            [
                5.4927886047210635e-11,
                1.493094745178018e-10,
                1.2256068010328814e-11,
                5.043472048855043e-07,
                0.9999994954363017
            ]
        ],
        [
            [
                0.9999999715460425,
                2.845334725864052e-08,
                6.101936499352488e-13,
                0.0,
                0.0
            ],
            [
                0.9997388096526229,
                0.0002611903271755782,
                2.0201561830937727e-11,
                0.0,
                0.0
            ],
            [
                2.0392621204812485e-10,
                1.4296331183931898e-08,
                0.2689408408716116,
                0.73105702286648,
                2.121761651113455e-06
            ],
            [
                4.928763583112804e-09,
                1.1823489189334055e-08,
                7.558503758747549e-10,
                0.0031726830170564204,
                0.9968272994748404
            ],
            [
                3.6533500640036565e-08,
                1.5229428862731725e-08,
                3.1607671224060903e-10,
                3.5356255656336275e-05,
                0.9999645916653375
            ]
        ],
        [
            [
                0.999999997000564,
                2.998960813586521e-09,
                4.752193044911316e-13,
                0.0,
                0.0
            ],
            [
                2.3352992613748097e-09,
                3.0586384325241585e-07,
                2.2600450964266315e-06,
                0.9998740374745047,
                0.00012339428125637318
            ],
            [
                8.997629400968015e-10,
                2.2016452242667183e-07,
                0.9241413183368473,
                0.0758581402613773,
                3.2033748993432395e-07
            ],
            [
                1.914292280137997e-10,
                5.896435335034774e-10,
                7.979957461533025e-11,
                0.001501182028368036,
                0.9984988171107596
            ],
            [
                1.69189805798323e-10,
                2.1724401088950975e-10,
                1.2256068424702707e-11,
                1.12535183723155e-07,
                0.9999998870661264
            ]
        ],
        [
            [
                0.999999996149258,
                3.850741905663809e-09,
                0.0,
                0.0,
                0.0
            ],
            [
                0.9999832985814137,
                1.670141507487315e-05,
                3.5113620436093804e-12,
                0.0,
                0.0
            ],
            [
                3.580600773489998e-10,
                7.191828904312768e-09,
                5.827604878075336e-05,
                0.9996805412704471,
                0.00026117513088319024
            ],
            [
                1.2499979319630014e-09,
                9.734993682504223e-10,
                1.3174881273283443e-10,
                0.00012339462729381455,
                0.9998766030174601
            ],
            [
                5.211412595891444e-10,
                7.582560585055205e-10,
                7.052879997278196e-11,
                6.475946134105373e-07,
                0.9999993510554605
            ]
        ],
        [
            [
                0.9999999748891701,
                2.510999091382124e-08,
                4.193795550884295e-13,
                0.0,
                4.193795550884295e-13
            ],
            [
                0.6791781317599205,
                0.320821041449589,
                8.217149355369292e-07,
                4.8861002715081505e-09,
                1.8945466741409038e-10
            ],
            [
                2.0545400204003326e-09,
                2.3747276476201457e-07,
                0.003172569753905562,
                0.9967919466355705,
                3.524408321915362e-05
            ],
            [
                2.996833709871094e-09,
                3.848010653061102e-09,
                5.207716116295272e-10,
                0.0007096703390768239,
                0.9992903222953071
            ],
            [
                7.991960503441432e-11,
                1.4930947902512446e-10,
                2.02068406337763e-11,
                8.315279896148758e-07,
                0.9999991682225745
            ]
        ],
        [
            [
                0.9999999961489698,
                3.850741905930402e-09,
                2.882350780841425e-13,
                0.0,
                0.0
            ],
            [
                0.6791767326348711,
                0.3208203616137035,
                2.868061542847533e-06,
                3.610360109248012e-08,
                1.5862815247662788e-09
            ],
            [
                3.58105144268285e-10,
                7.192734097584084e-09,
                3.535065913236298e-05,
                0.9998062111273657,
                0.00015843066266275766
            ],
            [
                5.4924639749062366e-11,
                3.581536410529292e-10,
                3.774911604098704e-11,
                5.8291276990744816e-05,
                0.9999417082721819
            ],
            [
                1.317553526141013e-10,
                2.789260836728612e-10,
                6.223682171949986e-11,
                7.4846197380329e-05,
                0.9999251533297013
            ]
        ],
        [
            [
                0.9999999979374634,
                2.061153615610596e-09,
                6.914400084034943e-13,
                0.0,
                6.914400084034943e-13
            ],
            [
                1.1964505810985363e-06,
                5.764821736928063e-05,
                4.489647682986633e-05,
                0.9889104582114684,
                0.010985800643751391
            ],
            [
                7.55823006259785e-10,
                3.6417591872086515e-08,
                0.003172571147875987,
                0.99679214759681,
                3.524408189908176e-05
            ],
            [
                1.4853005301920057e-10,
                8.547314405715646e-10,
                1.6830659981264084e-10,
                0.0052201256912600075,
                0.9947798731371718
            ],
            [
                2.060014047820875e-09,
                1.4158255692260803e-09,
                3.1591338600365715e-10,
                0.0005527785842933989,
                0.9994472176239536
            ]
        ],
        [
            [
                0.9999998555010805,
                1.444980315670267e-07,
                8.878265905857351e-13,
                0.0,
                0.0
            ],
            [
                0.9997965729309733,
                0.00020342706159449535,
                7.432164396763216e-12,
                0.0,
                0.0
            ],
            [
                1.0060029427869389e-12,
                1.6918368140242404e-10,
                0.9999646435017705,
                3.53562575135401e-05,
                7.05262511260598e-11
            ],
            [
                9.027345555477723e-11,
                4.045775591014942e-10,
                1.3134710280011866e-10,
                0.0031726830708526037,
                0.9968273163029492
            ],
            [
                1.6918754341942958e-10,
                1.6918754341942958e-10,
                1.783223588193463e-11,
                1.3007124763268682e-05,
                0.9999869925190293
            ]
        ],
        [
            [
                0.999999991847755,
                8.152020643195864e-09,
                2.244777035394562e-13,
                0.0,
                0.0
            ],
            [
                0.9998766053476003,
                0.0001233946295052691,
                2.2894510748700673e-11,
                0.0,
                0.0
            ],
            [
                2.617422274156122e-09,
                8.667712157542825e-08,
                0.010986644121734366,
                0.9889860334156908,
                2.7233168031007712e-05
            ],
            [
                2.9400163054759577e-11,
                1.6918625698992428e-10,
                2.5945552831307387e-11,
                2.1444939756835223e-05,
                0.9999785548357112
            ],
            [
                7.991914617100005e-11,
                1.6918883377167788e-10,
                2.9400610832286314e-11,
                4.785094847019947e-06,
                0.9999952146266443
            ]
        ],
        [
            [
                0.9999993524011831,
                6.475946140586003e-07,
                3.5114221896622582e-12,
                0.0,
                6.914400257155745e-13
            ],
            [
                0.9999921107304585,
                7.88926503281182e-06,
                4.508721069755593e-12,
                0.0,
                0.0
            ],
            [
                9.033684329319077e-11,
                7.715297259350138e-08,
                0.9975272953431858,
                0.0024726230608318575,
                4.352672864966084e-09
            ],
            [
                1.1022506293720106e-09,
                2.6441618025602004e-09,
                4.054953455642458e-10,
                0.0009110513999225847,
                0.9990889444481696
            ],
            [
                4.784962343342962e-06,
                3.2240822662064675e-08,
                1.6051760421123912e-09,
                2.753555710558806e-05,
                0.9999676456345524
            ]
        ],
        [
            [
                0.9999999928055788,
                7.194132974317057e-09,
                2.882350771004485e-13,
                0.0,
                0.0
            ],
            [
                0.9999998554998224,
                1.4449803144474188e-07,
                1.1399919069585607e-12,
                0.0,
                1.0060393268624362e-12
            ],
            [
                4.057274384719761e-10,
                4.6895715688831906e-08,
                4.7834884840664355e-06,
                0.9996598207774418,
                0.00033534843263111026
            ],
            [
                2.9400725234843544e-11,
                7.991945714939251e-11,
                1.3887919227268806e-11,
                1.3709566542550054e-06,
                0.9999986289201377
            ],
            [
                4.847350371493269e-11,
                1.1628189047377436e-10,
                2.2897261849101524e-11,
                2.9023121987193297e-06,
                0.9999970975001485
            ]
        ],
        [
            [
                0.9999999987498471,
                1.2501528640850132e-09,
                0.0,
                0.0,
                0.0
            ],
            [
                0.9999986290375598,
                1.370956650935053e-06,
                5.789346044191599e-12,
                0.0,
                0.0
            ],
            [
                5.473443507905681e-10,
                3.837180140780295e-08,
                0.5621749663207778,
                0.43782230468655087,
                2.6900735256320503e-06
            ],
            [
                9.056026328463351e-11,
                3.1608637718141075e-10,
                1.7832373150310053e-11,
                6.144172122034603e-06,
                0.9999938554033989
            ],
            [
                4.8473685021329605e-11,
                1.3176513715192765e-10,
                1.225606692795957e-11,
                4.1399375444399213e-08,
                0.9999999584081296
            ]
        ],
        [
            [
                0.999999999683912,
                3.160881451198275e-10,
                0.0,
                0.0,
                0.0
            ],
            [
                0.9525741065868587,
                0.04742587446687373,
                1.8628227368359868e-08,
                2.6571739249230676e-10,
                5.232285688655046e-11
            ],
            [
                8.589053707330423e-10,
                2.5100894295529233e-08,
                2.752644673940731e-05,
                0.9996371068222984,
                0.00033534077116245534
            ],
            [
                1.8162299374978574e-09,
                3.3931642384977504e-09,
                6.681536544455554e-10,
                0.0015011820213177672,
                0.9984988121011343
            ],
            [
                4.360367261873666e-09,
                1.5219177164427924e-08,
                1.249266136598938e-09,
                0.0007096703279475142,
                0.9992903088432419
            ]
        ],
        [
            [
                0.9999999987498471,
                1.250152864085199e-09,
                0.0,
                0.0,
                0.0
            ],
            [
                0.99944722123801,
                0.000552778584695487,
                1.6909625070850623e-10,
                5.786155512802807e-12,
                2.412028473240914e-12
            ],
            [
                8.588562417154218e-10,
                2.2150194413843657e-08,
                0.0002611489657793338,
                0.9995804331706726,
                0.00015839485449741124
            ],
            [
                7.126948539392757e-10,
                2.195254697240932e-09,
                7.126948539392757e-10,
                0.06008665424764365,
                0.939913342131712
            ],
            [
                2.789420377620932e-10,
                1.6918689818542868e-10,
                2.2896956785848947e-11,
                1.670141509929363e-05,
                0.9999832981138749
            ]
        ],
        [
            [
                0.9999999123567251,
                8.764249140655164e-08,
                7.83504260860688e-13,
                0.0,
                0.0
            ],
            [
                0.9999724642945013,
                2.753568976220065e-05,
                1.5736683009655676e-11,
                0.0,
                0.0
            ],
            [
                2.158414868744848e-09,
                4.9125295980941004e-08,
                2.088860738682947e-06,
                0.9241398499419562,
                0.07585800991359423
            ],
            [
                1.642304064949539e-10,
                9.450807366973708e-10,
                1.860974310662931e-10,
                0.02931222789637924,
                0.9706877708082122
            ],
            [
                4.5981172782703095e-10,
                1.6049006259794384e-09,
                2.171996807835443e-10,
                0.0002034270620756548,
                0.9997965706560122
            ]
        ],
        [
            [
                0.9999998554980867,
                1.4449803154790915e-07,
                1.8795289067705076e-12,
                5.384940476271394e-13,
                1.4637785843982127e-12
            ],
            [
                0.000261178373063314,
                0.9996931655400785,
                4.5385994691541645e-05,
                2.698749893755953e-07,
                2.171773125575708e-10
            ],
            [
                1.0603575973691225e-13,
                5.109089019471087e-12,
                0.9999999983887733,
                1.6052280524860107e-09,
                7.835041771887766e-13
            ],
            [
                3.3874864024739127e-09,
                3.838524976748222e-09,
                5.194878649390329e-10,
                0.0031726830559931636,
                0.9968273091985076
            ],
            [
                3.3981125530312004e-09,
                2.0610594485677952e-09,
                2.461584477166201e-10,
                4.5397855444941736e-05,
                0.9999545964392246
            ]
        ],
        [
            [
                0.99999999793723,
                2.0611536152670236e-09,
                6.101936656374375e-13,
                0.0,
                1.0060392757829252e-12
            ],
            [
                0.8519527877157026,
                0.1480472020158572,
                1.0105106363400867e-08,
                1.6333383201767047e-10,
                0.0
            ],
            [
                1.1398114358519181e-12,
                3.160381207442549e-10,
                0.999841563286511,
                0.00015843624702525675,
                1.4928583763071227e-10
            ],
            [
                9.735941029754487e-10,
                1.103226651701614e-09,
                1.6918528659414247e-10,
                2.753568977070142e-05,
                0.9999724620642233
            ],
            [
                4.5987136669830423e-10,
                4.0583505669859813e-10,
                3.7748540502600765e-11,
                7.484619767901363e-05,
                0.9999251528988661
            ]
        ],
        [
            [
                0.9999999468421503,
                5.315784965984037e-08,
                0.0,
                0.0,
                0.0
            ],
            [
                0.9984988175438085,
                0.001501182028028886,
                4.052556787938093e-10,
                1.7805691859672514e-11,
                5.101416129210615e-12
            ],
            [
                1.1024713827437035e-09,
                8.758014975611948e-08,
                0.00015834862542347787,
                0.9992888716823848,
                0.0005526910095705991
            ],
            [
                1.1628034124949735e-10,
                2.461654843569134e-10,
                2.94002744815609e-11,
                1.670141510141253e-05,
                0.9999832981930525
            ],
            [
                8.152021290135702e-09,
                1.4166088866788663e-09,
                3.331544777427759e-11,
                1.125351826660767e-07,
                0.9999998778628717
            ]
        ],
        [
            [
                0.9999999634645691,
                3.65348207779392e-08,
                6.101936450583905e-13,
                0.0,
                0.0
            ],
            [
                0.9994472213894958,
                0.0005527785926815402,
                1.7822613676692615e-11,
                0.0,
                0.0
            ],
            [
                1.384022666899651e-09,
                5.1935067422022076e-08,
                0.022976752945011503,
                0.9769962907305805,
                2.6903005317905004e-05
            ],
            [
                1.3887442249693216e-11,
                9.055749895427974e-11,
                2.5945157842062798e-11,
                3.535625749976442e-05,
                0.9999646436121101
            ],
            [
                9.056026329625373e-11,
                1.9171607890261732e-10,
                1.3887866175264984e-11,
                6.1441721228229915e-06,
                0.9999938555317129
            ]
        ],
        [
            [
                0.9999999961490336,
                3.8507419056635796e-09,
                2.244777045050233e-13,
                0.0,
                0.0
            ],
            [
                0.9995694428108592,
                0.0004305571269261576,
                6.221462309452504e-11,
                0.0,
                0.0
            ],
            [
                6.629094626779075e-11,
                8.68240055296777e-09,
                0.9399133200577363,
                0.06008665281293013,
                1.8380642114870664e-08
            ],
            [
                7.991487925315349e-11,
                2.789303359976577e-10,
                4.847082443427062e-11,
                5.829127671251956e-05,
                0.9999417083159714
            ],
            [
                2.5946095556515687e-11,
                1.4930947092142556e-10,
                2.289734896278903e-11,
                6.475946143099737e-07,
                0.9999993522072328
            ]
        ],
        [
            [
                0.9999999985825523,
                1.416608783561075e-09,
                4.193795649255087e-13,
                0.0,
                4.193795649255087e-13
            ],
            [
                0.010986921823985122,
                0.9890111014930458,
                1.9728129829191475e-06,
                3.808428614878817e-09,
                6.155751530600982e-11
            ],
            [
                1.3406126961258705e-08,
                3.717147449155381e-06,
                0.0024724295245978946,
                0.997449179019487,
                7.466090233894326e-05
            ],
            [
                2.460335930740789e-10,
                1.2494616828532195e-09,
                1.492269175186907e-10,
                0.0005527785834248746,
                0.9994472197718529
            ],
            [
                1.91713145293459e-10,
                3.1608154051815006e-10,
                4.847267416645481e-11,
                2.1444939746226444e-05,
                0.9999785545039864
            ]
        ],
        [
            [
                0.999999990762012,
                9.237449569626917e-09,
                5.3849401639226e-13,
                0.0,
                0.0
            ],
            [
                0.9999724642945123,
                2.7535689751205746e-05,
                1.5736683003372073e-11,
                0.0,
                0.0
            ],
            [
                6.683690482256444e-10,
                1.0455050984178968e-08,
                1.0118140788420232e-05,
                0.9988203721143564,
                0.0011694986214351732
            ],
            [
                2.937398442186495e-11,
                4.054953470920139e-10,
                1.1617636204634973e-10,
                0.0009110514041311315,
                0.9990889480448232
            ],
            [
                1.0261606366983487e-10,
                3.581652551524641e-10,
                4.847239625157238e-11,
                2.753568981852409e-05,
                0.9999724638009277
            ]
        ],
        [
            [
                0.9999999895295787,
                1.0467401670318337e-08,
                1.1399918394932378e-12,
                0.0,
                1.8795287941970678e-12
            ],
            [
                0.005113029178430649,
                0.9743709586155991,
                0.002415223967079508,
                0.017846225384232316,
                0.00025456285465840915
            ],
            [
                2.0033496528826766e-11,
                3.817708677677434e-09,
                0.991422506734575,
                0.008577485609974136,
                3.817708677677434e-09
            ],
            [
                4.7733141743872374e-09,
                2.1392509964641044e-08,
                3.7174608168586166e-09,
                0.14804719938313818,
                0.8519527707335769
            ],
            [
                3.331544488914918e-11,
                4.847368628789789e-11,
                3.09881908919022e-12,
                1.522997950127624e-08,
                0.9999999846851326
            ]
        ],
        [
            [
                0.999999999720933,
                2.7894680912087587e-10,
                1.2015425724620746e-13,
                0.0,
                0.0
            ],
            [
                0.5621763597960919,
                0.4378233882273636,
                2.5021652374283674e-07,
                1.6859456752746445e-09,
                7.407528322721285e-11
            ],
            [
                9.725101910547008e-10,
                3.220511451121063e-08,
                0.0007093651914506158,
                0.998860349893377,
                0.00043025173754772047
            ],
            [
                5.600381851688292e-09,
                5.600381851688292e-09,
                4.5970733658914127e-10,
                0.00043055711459365334,
                0.9995694312249352
            ],
            [
                6.69094825119871e-10,
                1.1031508702905137e-09,
                1.9169887695117307e-10,
                9.610239907546382e-05,
                0.99990389563698
            ]
        ],
        [
            [
                0.9999999865585185,
                1.344040976253903e-08,
                7.83504167512299e-13,
                0.0,
                2.882350752999207e-13
            ],
            [
                0.9999989322941903,
                1.0677030749998513e-06,
                2.734693288689408e-12,
                0.0,
                0.0
            ],
            [
                0.0,
                2.543665647279995e-13,
                0.9999999999952098,
                4.508755242123016e-12,
                2.6810038676796424e-14
            ],
            [
                1.1032413659175273e-09,
                7.582459627138245e-10,
                9.055956600316847e-11,
                1.3007124738114067e-05,
                0.999986990923215
            ],
            [
                3.5805459679942453e-10,
                1.2497333403257104e-09,
                1.691330155832181e-10,
                0.00033535005442337135,
                0.9996646481686557
            ]
        ],
        [
            [
                0.9999999987498471,
                1.2501528639867159e-09,
                0.0,
                0.0,
                0.0
            ],
            [
                0.0008695427428202654,
                0.022425797563135605,
                0.005670130943326676,
                0.9535692926430253,
                0.017465236107692086
            ],
            [
                6.689250817763065e-10,
                4.689526868696986e-08,
                1.3002770682564853e-05,
                0.9996516037893549,
                0.00033534587576866
            ],
            [
                4.5485278611396375e-10,
                2.038508760139769e-09,
                3.542397060077652e-10,
                0.01098694233941612,
                0.9890130548129826
            ],
            [
                1.250145781939219e-09,
                4.0586291266420097e-10,
                3.7751131511012775e-11,
                4.785094838934611e-06,
                0.9999952132114013
            ]
        ],
        [
            [
                0.9999999928054969,
                7.1941329743158e-09,
                3.70101164977862e-13,
                0.0,
                0.0
            ],
            [
                0.9998766053515601,
                0.00012339462823565092,
                2.020433484951583e-11,
                0.0,
                0.0
            ],
            [
                3.139725036469823e-10,
                6.3063063148671376e-09,
                5.983256841861901e-08,
                0.993307081782717,
                0.0066928517644357505
            ],
            [
                2.7894575646978793e-10,
                1.6052219966414846e-09,
                9.0560428097058e-11,
                3.7266391067297526e-06,
                0.9999962713861651
            ],
            [
                3.581748192016703e-10,
                4.599055714724811e-10,
                1.7832474211240863e-11,
                2.38236984159168e-07,
                0.999999760927103
            ]
        ],
        [
            [
                0.999999996149258,
                3.850741905019555e-09,
                0.0,
                0.0,
                0.0
            ],
            [
                1.602811014762228e-09,
                7.722775954193837e-08,
