{
    "[['A', 'B', 'C', 'D', 'E'], ['A', 'B', 'C', 'D', 'E']]": [
        [
            [
                0.9999999999515263,
                4.847368704296777e-11,
                0.0,
                0.0,
                0.0
            ],
            [
                0.9999999778398193,
                2.2159489265497875e-08,
                6.914399948470702e-13,
                0.0,
                0.0
            ],
            [
                4.420228100945792e-14,
                8.423463749332161e-12,
                0.9999999994701365,
                5.211412484710708e-10,
                2.5436656458258384e-13
            ],
            [
                5.109001636900586e-12,
                4.2777146972443e-11,
                8.423319670799769e-12,
                1.6701415107016467e-05,
                0.9999832985285836
            ],
            [
                3.511422083388561e-12,
                2.2897348260909526e-11,
                3.511422083388561e-12,
                8.152020644850968e-09,
                0.9999999918180592
            ]
        ],
        [
            [
                0.9999999999740539,
                2.5946094974839915e-11,
                0.0,
                0.0,
                0.0
            ],
            [
                0.9999999804438442,
                1.9555680688606744e-08,
                4.752192965751602e-13,
                0.0,
                0.0
            ],
            [
                4.193795656441197e-13,
                5.492788348415949e-11,
                0.9999999996283666,
                3.160881452852752e-10,
                1.981008797133369e-13
            ],
            [
                6.914400262754129e-13,
                1.573710246149376e-11,
                2.4133628262176177e-12,
                6.475946145829383e-07,
                0.9999993523865436
            ],
            [
                1.2917800339277704e-12,
                2.289734897300584e-11,
                2.734698353285011e-12,
                6.475946145989309e-07,
                0.9999993523784615
            ]
        ],
        [
            [
                0.999999999986112,
                1.3887943860373854e-11,
                0.0,
                0.0,
                0.0
            ],
            [
                0.999993855823901,
                6.14417212013908e-06,
                3.978940275627709e-12,
                0.0,
                0.0
            ],
            [
                2.5927690646488926e-11,
                5.312014609961082e-08,
                0.9992902763794782,
                0.0007096703053780365,
                1.6906978091362917e-10
            ],
            [
                5.1031093676156566e-12,
                1.1614623385772587e-10,
                3.327645313748389e-11,
                0.0011695103470943018,
                0.9988304894983798
            ],
            [
                2.1297853342782673e-12,
                2.2897350212337688e-11,
                5.7893567726871865e-12,
                8.315279898620455e-07,
                0.9999991684411937
            ]
        ],
        [
            [
                0.9999999999972653,
                2.734698290473689e-12,
                0.0,
                0.0,
                0.0
            ],
            [
                0.9999999997210531,
                2.789468090957954e-10,
                0.0,
                0.0,
                0.0
            ],
            [
                1.060357595430936e-13,
                2.0206839019303912e-11,
                0.9999999965809441,
                3.398267807568454e-09,
                4.752193046092777e-13
            ],
            [
                7.835012152871661e-13,
                1.5737042589012784e-11,
                3.0988074189622548e-12,
                2.902312199909936e-06,
                0.9999970976681808
            ],
            [
                1.0060394069015472e-12,
                1.57371041031479e-11,
                2.413363077973434e-12,
                1.8553915979763338e-07,
                0.9999998144416837
            ]
        ],
        [
            [
                0.9999999999969011,
                3.0988191377321815e-12,
                0.0,
                0.0,
                0.0
            ],
            [
                0.999999999989184,
                1.0815941552777005e-11,
                0.0,
                0.0,
                0.0
            ],
            [
                1.3615261059771625e-13,
                2.4616969479959107e-10,
                0.9999999985033665,
                1.2501528644470537e-09,
                1.7482341255585643e-13
            ],
            [
                6.008715932406802e-11,
                1.9898134379304654e-09,
                1.9898134379304654e-09,
                0.8519527929515622,
                0.14804720300872362
            ],
            [
                7.433525344106821e-12,
                9.055887761131754e-11,
                2.5945552833917352e-11,
                2.1444939758992457e-05,
                0.999978554936303
            ]
        ],
        [
            [
                0.9999999999925664,
                7.433680669278385e-12,
                0.0,
                0.0,
                0.0
            ],
            [
                0.9999999987498471,
                1.250152864248384e-09,
                0.0,
                0.0,
                0.0
            ],
            [
                2.734698263611575e-12,
                9.237449567456838e-09,
                0.9999999899001796,
                8.592166531262623e-10,
                4.1937956154703656e-13
            ],
            [
                1.1399918391937045e-12,
                7.433680582034599e-12,
                1.1399918391937045e-12,
                1.1861120007233823e-08,
                0.9999999881291662
            ],
            [
                1.992264842146112e-11,
                4.0015709047694387e-10,
                4.5343738805767093e-10,
                0.014063627273597869,
                0.985936371852885
            ]
        ],
        [
            [
                0.9999999999942106,
                5.789356325678171e-12,
                0.0,
                0.0,
                0.0
            ],
            [
                0.9999999997208286,
                2.789468091483702e-10,
                0.0,
                0.0,
                2.24477705390624e-13
            ],
            [
                1.1399919719000958e-12,
                1.6052282225469559e-09,
                0.9999999107501344,
                8.764249133205615e-08,
                1.0060393841731396e-12
            ],
            [
                2.1297853290683874e-12,
                1.7832474232007e-11,
                4.5087555770192066e-12,
                2.3823698443659793e-07,
                0.9999997617385445
            ],
            [
                1.6586184497789933e-12,
                3.774998191715781e-11,
                9.544690169570672e-12,
                3.535625750542362e-05,
                0.9999646436935412
            ]
        ],
        [
            [
                0.999999999989184,
                1.081594155219128e-11,
                0.0,
                0.0,
                0.0
            ],
            [
                0.9999999988967441,
                1.103256030730941e-09,
                0.0,
                0.0,
                0.0
            ],
            [
                7.991899041361192e-11,
                7.889264757081276e-06,
                0.9999920741142198,
                3.6534543957371296e-08,
                6.560150218124715e-12
            ],
            [
                7.40342818856049e-12,
                1.487018302395001e-10,
                6.198814528352871e-11,
                0.004070137781076524,
                0.99592986200083
            ],
            [
                1.1399918055118478e-12,
                1.3887943285899535e-11,
                2.1297850821533702e-12,
                4.139937546168477e-08,
                0.9999999585834669
            ]
        ],
        [
            [
                0.9999999999619942,
                3.775134543205064e-11,
                0.0,
                0.0,
                2.543665646653244e-13
            ],
            [
                0.9999999999511562,
                4.8473687044995023e-11,
                0.0,
                0.0,
                3.701011677240685e-13
            ],
            [
                1.4637786944059917e-12,
                2.0611538762918163e-09,
                0.9999999296798764,
                6.825604216981408e-08,
                1.4637786944059917e-12
            ],
            [
                3.5108663900005305e-12,
                6.223159579654436e-11,
                1.225412777892783e-11,
                0.0001584362475520366,
                0.9998415636744513
            ],
            [
                8.878198205666109e-13,
                2.2897174957634246e-11,
                3.978932386262883e-12,
                7.889265047852373e-06,
                0.9999921107071882
            ]
        ],
        [
            [
                0.9999999999964886,
                3.511422111938404e-12,
                0.0,
                0.0,
                0.0
            ],
            [
                0.9999999999572222,
                4.2777878668177787e-11,
                0.0,
                0.0,
                0.0
            ],
            [
                1.361526107075487e-13,
                1.1628233021559392e-10,
                0.9999999992928765,
                5.905303994545328e-10,
                1.7482341269688414e-13
            ],
            [
                9.995463349515706e-12,
                3.75076995042515e-10,
                2.5778639741385516e-10,
                0.07585817592634851,
                0.9241418234307925
            ],
            [
                2.1297771371619067e-12,
                2.940066648974114e-11,
                9.544998917874412e-12,
                3.7266391147155864e-06,
                0.9999962733198099
            ]
        ],
        [
            [
                0.9999999999377585,
                6.224144620782143e-11,
                0.0,
                0.0,
                0.0
            ],
            [
                0.9999982396549881,
                1.7603431323847345e-06,
                1.8795254214843713e-12,
                0.0,
                0.0
            ],
            [
                4.508754982420432e-12,
                2.510999011015704e-08,
                0.9999999426412223,
                3.224186551421946e-08,
                2.413362632732475e-12
            ],
            [
                1.6760976502922016e-11,
                4.898275337720039e-10,
                2.9709541720414577e-10,
                0.060086654401260695,
                0.9399133447950553
            ],
            [
                2.7346985120878274e-12,
                3.331544810785473e-11,
                6.560200697096072e-12,
                1.1253518379285624e-07,
                0.9999998874222058
            ]
        ],
        [
            [
                0.9999999999934397,
                6.560200165760031e-12,
                0.0,
                0.0,
                0.0
            ],
            [
                0.9999999999200804,
                7.991959890084652e-11,
                0.0,
                0.0,
                0.0
            ],
            [
                3.511422044152593e-12,
                1.5229979444469923e-08,
                0.9999999804023555,
                4.3634621669227265e-09,
                6.914399970630226e-13
            ],
            [
                5.0886978736844966e-11,
                1.1581822976771167e-09,
                1.3123924789822073e-09,
                0.18242551473819194,
                0.8175744827403464
            ],
            [
                1.0498898641352725e-11,
                3.4767577357689617e-10,
                1.449328251665527e-10,
                0.029312227941013253,
                0.9706877715558793
            ]
        ],
        [
            [
                0.9999999999934397,
                6.560200166280006e-12,
                0.0,
                0.0,
                0.0
            ],
            [
                0.9999999999947975,
                5.1090890262059056e-12,
                0.0,
                0.0,
                9.357622965438191e-14
            ],
            [
                3.978955184088741e-12,
                1.9555644955706052e-08,
                0.9999989127298868,
                1.0677030555270355e-06,
                7.433666937477776e-12
            ],
            [
                8.351203881168535e-12,
                2.7655389092408136e-10,
                1.9007252424004909e-10,
                0.008577485681452524,
                0.9914225138435699
            ],
            [
                1.8795289073654677e-12,
                2.5946096236584228e-11,
                4.508755460175995e-12,
                1.4449803159364961e-07,
                0.999999855469634
            ]
        ],
        [
            [
                0.9999999999934397,
                6.560200166035842e-12,
                0.0,
                0.0,
                0.0
            ],
            [
                0.9999999999515263,
                4.847368704840777e-11,
                0.0,
                0.0,
                0.0
            ],
            [
                9.5450358820419e-12,
                1.4449790132784155e-07,
                0.9999995495847047,
                3.0590205951153713e-07,
                5.789356910515632e-12
            ],
            [
                9.52664705900545e-12,
                1.6886385957634681e-10,
                6.212154229499939e-11,
                0.001926734332206957,
                0.9980732654272809
            ],
            [
                1.0060394046176979e-12,
                1.2256068970984821e-11,
                3.0988195247788977e-12,
                6.825604226682159e-08,
                0.9999999317275967
            ]
        ],
        [
            [
                0.9999999999915765,
                8.42346375173399e-12,
                0.0,
                0.0,
                0.0
            ],
            [
                0.9999999998506905,
                1.4930946755019017e-10,
                0.0,
                0.0,
                0.0
            ],
            [
                4.508755042555384e-12,
                3.224186594424128e-08,
                0.9999999558913657,
                1.1861119625892038e-08,
                1.1399918025423157e-12
            ],
            [
                2.12970824648994e-12,
                3.774998192400855e-11,
                1.2255624774362478e-11,
                3.5356257511839955e-05,
                0.9999646436903529
            ],
            [
                8.422130642202245e-12,
                7.990695071251549e-11,
                1.5734611525260393e-11,
                0.0001584362474376106,
                0.9998415636484987
            ]
        ],
        [
            [
                0.9999999999934397,
                6.5602001654470385e-12,
                0.0,
                0.0,
                0.0
            ],
            [
                0.9999999999374702,
                6.224144620986392e-11,
                0.0,
                0.0,
                2.8823507925546073e-13
            ],
            [
                4.752193042155504e-13,
                8.59216658190014e-10,
                0.9999999957417858,
                3.3982678047529304e-09,
                2.5436656363421607e-13
            ],
            [
                6.10187895058831e-13,
                1.573695322692378e-11,
                2.4133399403550864e-12,
                1.012998810275536e-05,
                0.9999898699931368
            ],
            [
                8.878266160987362e-13,
                2.0206840643648065e-11,
                3.098819376947402e-12,
                8.31527990021107e-07,
                0.9999991684478164
            ]
        ],
        [
            [
                0.9999999999842628,
                1.573710210163879e-11,
                0.0,
                0.0,
                0.0
            ],
            [
                0.9999999996418252,
                3.5817479277163646e-10,
                0.0,
                0.0,
                0.0
            ],
            [
                1.0060393275803223e-12,
                9.736200780416085e-10,
                0.9999998545262023,
                1.444980315478523e-07,
                1.1399919077720323e-12
            ],
            [
                7.419360187432334e-12,
                2.1682548759271898e-10,
                1.0242110812056232e-10,
                0.0019267343327724156,
                0.9980732653405616
            ],
            [
                1.1399245311986973e-12,
                3.331347798894193e-11,
                7.433241678773805e-12,
                5.829127722464559e-05,
                0.9999417086808887
            ]
        ],
        [
            [
                0.9999999999842628,
                1.5737102100224986e-11,
                0.0,
                0.0,
                0.0
            ],
            [
                0.9999991684689116,
                8.315279895665437e-07,
                3.0988193752534008e-12,
                0.0,
                0.0
            ],
            [
                2.882350782181677e-13,
                4.599055360681628e-10,
                0.9999999961409998,
                3.3982678062164284e-09,
                5.384940196712523e-13
            ],
            [
                4.760181052077521e-11,
                9.561079228256136e-10,
                5.117676925899624e-10,
                0.017986211547355708,
                0.9820137869371669
            ],
            [
                3.510866390026527e-12,
                5.4919190533753574e-11,
                1.2254127779018567e-11,
                0.00015843624746116015,
                0.9998415636818547
            ]
        ],
        [
            [
                0.999999999979793,
                2.0206839083418235e-11,
                0.0,
                0.0,
                0.0
            ],
            [
                0.9999999995941349,
                4.058652122960329e-10,
                0.0,
                0.0,
                0.0
            ],
            [
                7.835012230758453e-13,
                3.160869531255706e-10,
                0.9999962730389056,
                3.7266391148916147e-06,
                5.1090697562350015e-12
            ],
            [
                2.1297812759222145e-12,
                2.9400723623564845e-11,
                5.109079684363523e-12,
                2.260325273203131e-06,
                0.9999977396380872
            ],
            [
                2.4127324938675735e-12,
                3.7741486236589755e-11,
                1.0813116847415807e-11,
                0.0002611903275739944,
                0.9997388096214587
            ]
        ],
        [
            [
                0.9999999999933462,
                6.560200165446425e-12,
                0.0,
                0.0,
                9.357622964978343e-14
            ],
            [
                0.9999999999890479,
                1.0815941553746304e-11,
                0.0,
                0.0,
                1.3615261076441104e-13
            ],
            [
                3.9008375337274847e-14,
                1.3887943592771668e-11,
                0.9999999804302176,
                1.9555680704575125e-08,
                1.7482340940070963e-13
            ],
            [
                6.10193661173019e-13,
                9.545034819794581e-12,
                2.129785147963104e-12,
                1.0467401681740945e-08,
                0.9999999895203132
            ],
            [
                2.413349100280087e-12,
                3.331525669169474e-11,
                6.560163005019346e-12,
                4.7850948481502815e-06,
                0.999995214862863
            ]
        ],
        [
            [
                0.9999999999948084,
                5.109089026205707e-12,
                0.0,
                0.0,
                8.258073282553359e-14
            ],
            [
                0.9999999999903348,
                9.545034918356132e-12,
                0.0,
                0.0,
                1.2015425726126637e-13
            ],
            [
                6.10193666778226e-13,
                3.1608814492252197e-10,
                0.9999999984329506,
                1.2501528643742125e-09,
                1.981008794859898e-13
            ],
            [
                2.4133536685096914e-12,
                2.2897262086526717e-11,
                4.508738235047455e-12,
                3.726639114958922e-06,
                0.9999962733310658
            ],
            [
                3.5107058761633133e-12,
                7.051441250213014e-11,
                1.388511109183401e-11,
                0.00020342706185521526,
                0.9997965728502345
            ]
        ],
        [
            [
                0.999999999990455,
                9.54503491932884e-12,
                0.0,
                0.0,
                0.0
            ],
            [
                0.9999999992417439,
                7.582560415644141e-10,
                0.0,
                0.0,
                0.0
            ],
            [
                4.4202281013628433e-14,
                2.5946094969391205e-11,
                0.9999999995139681,
                4.5990553762818135e-10,
                1.3615261073878788e-13
            ],
            [
                1.4637116433301408e-12,
                4.847147260607786e-11,
                2.2896302421213526e-11,
                4.539785572641879e-05,
                0.999954602071442
            ],
            [
                3.978962456045215e-12,
                2.940077680325698e-11,
                4.5087551518786155e-12,
                1.955568069569114e-08,
                0.9999999804064308
            ]
        ],
        [
            [
                0.999999999989184,
                1.0815941553292282e-11,
                0.0,
                0.0,
                0.0
            ],
            [
                0.9999999998506905,
                1.4930946754392627e-10,
                0.0,
                0.0,
                0.0
            ],
            [
                4.752193015352327e-13,
                6.691586024522104e-10,
                0.9999999900922251,
                9.237449569796517e-09,
                6.914400037946219e-13
            ],
            [
                1.5149676413613872e-11,
                3.0428938497998677e-10,
                2.091348319466436e-10,
                0.03732688391501569,
                0.9626731155564104
            ],
            [
                8.878266603658101e-13,
                1.573710410132486e-11,
                3.0988195314546713e-12,
                1.855391597761399e-07,
                0.9999998144411164
            ]
        ],
        [
            [
                0.9999999999915765,
                8.423463751733245e-12,
                0.0,
                0.0,
                0.0
            ],
            [
                0.9999999998082829,
                1.917171512855538e-10,
                0.0,
                0.0,
                0.0
            ],
            [
                2.413344482732622e-12,
                1.2501433923980845e-09,
                0.99999210947398,
                7.889265039812661e-06,
                8.4233999192352e-12
            ],
            [
                4.508755417377695e-12,
                3.331544671536127e-11,
                5.789356553541507e-12,
                3.927863698006866e-07,
                0.9999996071700167
            ],
            [
                6.914347713031718e-13,
                2.020668597277717e-11,
                4.508721077174801e-12,
                7.889265045793793e-06,
                0.9999921107095474
            ]
        ],
        [
            [
                0.9999999999705993,
                2.940077738268709e-11,
                0.0,
                0.0,
                0.0
            ],
            [
                0.9999999999200804,
                7.991959888638275e-11,
                0.0,
                0.0,
                0.0
            ],
            [
                3.098819080624647e-12,
                1.5229979459178428e-08,
                0.9999999813681154,
                3.398267755783779e-09,
                5.384940116796277e-13
            ],
            [
                2.4132525207382814e-12,
                2.5944909671789264e-11,
                5.789091850102885e-12,
                4.539785573033991e-05,
                0.9999546021101224
            ],
            [
                3.510866389576909e-12,
                6.223159578903549e-11,
                1.7829650709823077e-11,
                0.0001584362473596366,
                0.9998415636690683
            ]
        ],
        [
            [
                0.9999999999925095,
                7.433680669945917e-12,
                0.0,
                0.0,
                5.675685230795511e-14
            ],
            [
                0.9999999995400946,
                4.5990553746705897e-10,
                0.0,
                0.0,
                0.0
            ],
            [
                6.560175316160701e-12,
                6.3487760648969935e-09,
                0.9999970913167451,
                2.902312181655114e-06,
                1.57370424900307e-11
            ],
            [
                1.4637729780862537e-12,
                2.5945996854113827e-11,
                3.978947487321244e-12,
                2.902312199875778e-06,
                0.9999970976564114
            ],
            [
                7.835041529558099e-13,
                8.423463479773498e-12,
                1.4637784663910495e-12,
                3.2241866321137086e-08,
                0.9999999677474628
            ]
        ],
        [
            [
                0.9999999999942106,
                5.789356326345964e-12,
                0.0,
                0.0,
                0.0
            ],
            [
                0.9999999996418252,
                3.5817479277154686e-10,
                0.0,
                0.0,
                0.0
            ],
            [
                2.734698168666742e-12,
                4.139937532694294e-08,
                0.999999955199147,
                3.3982676667423806e-09,
                4.752192849159302e-13
            ],
            [
                3.017289211716499e-11,
                7.7816914398648e-10,
                7.7816914398648e-10,
                0.3775406754228091,
                0.6224593229906797
            ],
            [
                1.8792313590633334e-12,
                4.846601553329205e-11,
                1.2254127777704126e-11,
                0.00015843624753621505,
                0.9998415636898644
            ]
        ],
        [
            [
                0.999999999986112,
                1.3887943860379442e-11,
                0.0,
                0.0,
                0.0
            ],
            [
                0.9999999998837177,
                1.1628233026003334e-10,
                0.0,
                0.0,
                0.0
            ],
            [
                1.3615261390508855e-13,
                4.2777879662462964e-11,
                0.9999993523614652,
                6.47594614715951e-07,
                1.0060393021607446e-12
            ],
            [
                3.511408832605022e-12,
                3.3315319417212524e-11,
                1.0815900649629583e-11,
                2.9023121994602485e-06,
                0.999997097640158
            ],
            [
                6.101937321339496e-13,
                1.0815942698331816e-11,
                2.1297853956410887e-12,
                8.764249144042886e-08,
                0.9999999123439527
            ]
        ],
        [
            [
                0.9999999999954912,
                4.508755240443402e-12,
                0.0,
                0.0,
                0.0
            ],
            [
                0.9999999847695453,
                1.522997949966726e-08,
                4.752192986309928e-13,
                0.0,
                0.0
            ],
            [
                3.26613150230847e-13,
                2.1724400411830909e-10,
                0.9999998552832576,
                1.4449803166834815e-07,
                1.1399919087226633e-12
            ],
            [
                3.5073123557064073e-12,
                1.0249869159259566e-10,
                3.7707161383888106e-11,
                0.0011695103487586748,
                0.9988304895075282
            ],
            [
                1.6586025839735425e-12,
                4.277592442821241e-11,
                7.433341072628699e-12,
                4.539785571541808e-05,
                0.9999546020924167
            ]
        ],
        [
            [
                0.9999999999821676,
                1.783247290218962e-11,
                0.0,
                0.0,
                0.0
            ],
            [
                0.999999999986112,
                1.3887943859130979e-11,
                0.0,
                0.0,
                0.0
            ],
            [
                1.0603575990525359e-13,
                2.7346982913343613e-12,
                0.9999999999486127,
                4.8473687058138025e-11,
                7.287724095133443e-14
            ],
            [
                1.0777890216046439e-10,
                1.9104267521397498e-09,
                4.582875536641851e-09,
                0.43782349643216084,
                0.562176496966758
            ],
            [
                1.5698188918775158e-11,
                2.4556099050484176e-10,
                1.314393265661598e-10,
                0.002472622963928507,
                0.997527376643373
            ]
        ],
        [
            [
                0.9999999999903615,
                9.545034918356925e-12,
                0.0,
                0.0,
                9.357622964444506e-14
            ],
            [
                0.9999999999291447,
                7.052879848643014e-11,
                0.0,
                0.0,
                3.266131341644006e-13
            ],
            [
                2.1650335641863114e-08,
                0.02297736736281574,
                0.977022486309408,
                1.2458896060373922e-07,
                8.847997333432678e-11
            ],
            [
                1.6586720854301734e-12,
                3.775120265895195e-11,
                9.544998821432483e-12,
                2.9023121992995986e-06,
                0.9999970976388458
            ],
            [
                1.1399919059325236e-12,
                1.7832473735456536e-11,
                3.978962720435085e-12,
                5.043472049831166e-07,
                0.9999994956298436
            ]
        ],
        [
            [
                0.9999999999942106,
                5.789356327271549e-12,
                0.0,
                0.0,
                0.0
            ],
            [
                0.9999999998837177,
                1.1628233025188389e-10,
                0.0,
                0.0,
                0.0
            ],
            [
                4.752192807731897e-13,
                4.0586519086571817e-10,
                0.9999999464349221,
                5.315784969138471e-08,
                8.878265001983599e-13
            ],
            [
                3.0986775734217504e-12,
                4.8471472608825906e-11,
                1.2255507542476382e-11,
                4.5397855728992575e-05,
                0.9999546020804454
            ],
            [
                1.6586784358498693e-12,
                2.594609618624053e-11,
                5.109089265041774e-12,
                5.04347204978193e-07,
                0.9999994956200812
            ]
        ],
        [
            [
                0.999999999986112,
                1.3887943859131396e-11,
                0.0,
                0.0,
                0.0
            ],
            [
                0.9999999999890479,
                1.0815941552774995e-11,
                0.0,
                0.0,
                1.3615261075218405e-13
            ],
            [
                1.4637786281908398e-12,
                2.9989610585513093e-09,
                0.999999884461657,
                1.1253518348856185e-07,
                2.7346985046932204e-12
            ],
            [
                4.129726044731022e-11,
                1.5496682655352563e-09,
                1.7560041978580274e-09,
                0.1480472033735439,
                0.8519527932794864
            ],
            [
                4.5084202459339025e-12,
                7.052355828636514e-11,
                1.783114797183704e-11,
                7.484619745683915e-05,
                0.99992515370968
            ]
        ],
        [
            [
                0.9999999999925664,
                7.43368066927871e-12,
                0.0,
                0.0,
                0.0
            ],
            [
                0.9999999997538302,
                2.4616969504307235e-10,
                0.0,
                0.0,
                0.0
            ],
            [
                1.7788378394643335e-11,
                4.352672681232389e-09,
                0.9975273715739892,
                0.0024726229550216844,
                1.1005280013931594e-09
            ],
            [
                1.879529055128423e-12,
                1.5737104104546984e-11,
                2.4133630781879903e-12,
                1.8553915981412847e-07,
                0.9999998144408102
            ],
            [
                1.6586785670716361e-12,
                2.2897351329979868e-11,
                6.560200991432285e-12,
                3.05902358891326e-07,
                0.9999996940665249
            ]
        ],
        [
            [
                0.9999999999740539,
                2.5946094973879332e-11,
                0.0,
                0.0,
                0.0
            ],
            [
                0.999999999782756,
                2.1724399338281501e-10,
                0.0,
                0.0,
                0.0
            ],
            [
                2.7346983970113794e-12,
                8.152021028721283e-09,
                0.9999994874945318,
                5.043472010267146e-07,
                3.5114222487378356e-12
            ],
            [
                4.550217363286598e-11,
                1.173516524962753e-09,
                1.0356246984114675e-09,
                0.2689414091916016,
                0.731058588553755
            ],
            [
                1.8795288893533474e-12,
                2.594609598793458e-11,
                5.1090892259930165e-12,
                3.927863697649227e-07,
                0.9999996071806956
            ]
        ],
        [
            [
                0.9999999999915765,
                8.423463750522026e-12,
                0.0,
                0.0,
                0.0
            ],
            [
                0.9999999999377585,
                6.224144620289963e-11,
                0.0,
                0.0,
                0.0
            ],
            [
                1.0060392698536603e-12,
                7.194132962894413e-09,
                0.9999999907432321,
                2.0611536031192613e-09,
                4.752193018228609e-13
            ],
            [
                1.0242110227970157e-10,
                1.413879704638906e-09,
                1.6021356001341576e-09,
                0.22270014353148462,
                0.777299853350079
            ],
            [
                2.1297082463577925e-12,
                4.847193626692213e-11,
                9.544690170710565e-12,
                3.535625750964611e-05,
                0.999964643682344
            ]
        ],
        [
            [
                0.9999999999891112,
                1.0815941552776635e-11,
                0.0,
                0.0,
                7.287724092781512e-14
            ],
            [
                0.999999999683912,
                3.1608814520307734e-10,
                0.0,
                0.0,
                0.0
            ],
            [
                5.6756852205287345e-14,
                3.331544535061547e-11,
                0.9999999979051475,
                2.0611536180429337e-09,
                3.266131335822083e-13
            ],
            [
                1.0057765404025766e-12,
                2.9393099037233603e-11,
                3.5105050645744677e-12,
                0.0002611903277247855,
                0.9997388096383659
            ],
            [
                2.8823510261986027e-13,
                8.423464434676172e-12,
                1.1399919451004333e-12,
                1.1253518380664583e-07,
                0.9999998874549645
            ]
        ],
        [
            [
                0.9999999999980143,
                1.8795288158617786e-12,
                0.0,
                0.0,
                1.0603575987702755e-13
            ],
            [
                0.9999999966017321,
                3.398267806566629e-09,
                0.0,
                0.0,
                0.0
            ],
            [
                6.224133400166428e-11,
                8.315264267702053e-07,
                0.9999974080321213,
                1.7603414592864024e-06,
                3.77512773734238e-11
            ],
            [
                6.914347714069641e-13,
                2.0206685975810428e-11,
                2.4133444849245353e-12,
                7.889265046978063e-06,
                0.9999921107116415
            ],
            [
                2.129781275919124e-12,
                2.940072362352218e-11,
                6.560188170596229e-12,
                2.2603252731998514e-06,
                0.9999977396366362
            ]
        ],
        [
            [
                0.9999999999794664,
                2.020683908482546e-11,
                0.0,
                0.0,
                3.2661313419151504e-13
            ],
            [
                0.9999999950550744,
                4.944450475717727e-09,
                4.752193037569796e-13,
                0.0,
                0.0
            ],
            [
                2.2897349282312527e-11,
                5.043471997753986e-07,
                0.999999485160371,
                1.0467402172280818e-08,
                2.129785247772452e-12
            ],
            [
                8.229919822727919e-12,
                2.7253751451343594e-10,
                1.0026094853745666e-10,
                0.02297736784479114,
                0.9770226317741805
            ],
            [
                1.139991944587347e-12,
                1.3887944980185966e-11,
