{
    "[['A', 'B', 'C', 'D', 'E'], ['A', 'B', 'C', 'D', 'E']]": [
        [
            [
                0.9999999999981204,
                1.8795288159410817e-12,
                0.0,
                0.0,
                0.0
            ],
            [
                0.9999999999572222,
                4.277787867854886e-11,
                0.0,
                0.0,
                0.0
            ],
            [
                8.25807328293365e-14,
                2.28973484491847e-11,
                0.9999999997850786,
                1.9171715131495328e-10,
                2.2447770543081673e-13
            ],
            [
                2.2447770531352298e-13,
                2.1297851691666407e-12,
                4.752193058779032e-13,
                5.211412483510647e-10,
                0.9999999994760294
            ],
            [
                5.109089023806067e-12,
                8.423463747449616e-12,
                1.6586783575321019e-12,
                3.5817479272986125e-10,
                0.999999999626634
            ]
        ],
        [
            [
                0.9999999999992164,
                7.835041782579429e-13,
                0.0,
                0.0,
                0.0
            ],
            [
                0.9999999999964886,
                3.511422112253116e-12,
                0.0,
                0.0,
                0.0
            ],
            [
                2.5944166556542785e-11,
                1.444871470977764e-07,
                0.9999250091599571,
                7.48461951963894e-05,
                1.317553493445177e-10
            ],
            [
                2.7346984181050537e-12,
                1.5737102834895978e-11,
                5.10908926442106e-12,
                5.043472049169189e-07,
                0.9999994956292142
            ],
            [
                4.752193057642548e-13,
                3.098819135377555e-12,
                6.101936671020065e-13,
                6.691586084071168e-10,
                0.9999999993266571
            ]
        ],
        [
            [
                0.9999999999987081,
                1.2917800043212224e-12,
                0.0,
                0.0,
                0.0
            ],
            [
                0.9999999999978701,
                2.1297851704265883e-12,
                0.0,
                0.0,
                0.0
            ],
            [
                2.020684152004858e-11,
                3.059023572858836e-07,
                0.9999996884739474,
                5.602797111260787e-09,
                6.914400938381078e-13
            ],
            [
                6.101936641202982e-13,
                3.5114220924284103e-12,
                6.101936641202982e-13,
                5.602796404112648e-09,
                0.9999999943924718
            ],
            [
                1.2256067433865725e-11,
                9.54503491487057e-12,
                1.463778512903661e-12,
                4.0586521230867384e-10,
                0.9999999995708699
            ]
        ],
        [
            [
                0.9999999999994615,
                5.384940216247653e-13,
                0.0,
                0.0,
                0.0
            ],
            [
                0.9999999999705993,
                2.94007773847376e-11,
                0.0,
                0.0,
                0.0
            ],
            [
                4.752193054307884e-13,
                7.582560414407985e-10,
                0.9999999982675551,
                9.736200295670186e-10,
                9.357622952175011e-14
            ],
            [
                3.7010116565189874e-13,
                2.4133627574393632e-12,
                4.752193034427981e-13,
                5.6027964041209015e-09,
                0.9999999943939448
            ],
            [
                1.139991852389471e-12,
                3.0988191369416654e-12,
                6.10193667409998e-13,
                4.847368703485617e-11,
                0.9999999999466773
            ]
        ],
        [
            [
                0.9999999999993086,
                6.914400105004912e-13,
                0.0,
                0.0,
                0.0
            ],
            [
                0.9999999999666846,
                3.331544541001511e-11,
                0.0,
                0.0,
                0.0
            ],
            [
                4.752193055322269e-13,
                2.7894680884965384e-10,
                0.999999998470289,
                1.250152864427175e-09,
                1.361526105955513e-13
            ],
            [
                7.835041765255497e-13,
                5.1090890151463045e-12,
                1.2917800015200619e-12,
                2.06115361722746e-09,
                0.999999997931662
            ],
            [
                1.2917799996262486e-12,
                3.5114220993508644e-12,
                6.914400079322065e-13,
                3.398267805921395e-09,
                0.9999999965962376
            ]
        ],
        [
            [
                0.9999999999985363,
                1.463778513660755e-12,
                0.0,
                0.0,
                0.0
            ],
            [
                0.9999999999515263,
                4.847368704298233e-11,
                0.0,
                0.0,
                0.0
            ],
            [
                3.7010119634870395e-13,
                2.4616971413104895e-10,
                0.9999991682230567,
                8.31527990105246e-07,
                2.4133629576076776e-12
            ],
            [
                6.914387461803304e-13,
                7.433667077548834e-12,
                1.6586753255035816e-12,
                2.260325273263834e-06,
                0.999997739664943
            ],
            [
                1.4930946740459134e-10,
                2.289734842346503e-11,
                3.511422108317255e-12,
                8.592166606794516e-10,
                0.9999999989650652
            ]
        ],
        [
            [
                0.9999999999978701,
                2.129785170187718e-12,
                0.0,
                0.0,
                0.0
            ],
            [
                0.9999999999450722,
                5.492788348684015e-11,
                0.0,
                0.0,
                0.0
            ],
            [
                6.101936670961048e-13,
                4.599055373644498e-10,
                0.9999999989488715,
                5.905303992513872e-10,
                8.25807327656387e-14
            ],
            [
                3.701011653374578e-13,
                3.978962508725234e-12,
                7.835041731677683e-13,
                6.348800072783984e-09,
                0.9999999936460673
            ],
            [
                5.384940176803792e-13,
                3.511422086673599e-12,
                5.384940176803792e-13,
                7.194132975616977e-09,
                0.9999999928012786
            ]
        ],
        [
            [
                0.9999999999987081,
                1.2917800043755891e-12,
                0.0,
                0.0,
                0.0
            ],
            [
                0.999999999990455,
                9.545034919327978e-12,
                0.0,
                0.0,
                0.0
            ],
            [
                1.3615261071855502e-13,
                1.783247289630497e-11,
                0.999999999390891,
                5.9053039950227e-10,
                6.101936673553413e-13
            ],
            [
                3.701011669779376e-13,
                3.0988191313425433e-12,
                6.101936663074655e-13,
                2.0611536175302902e-09,
                0.9999999979347673
            ],
            [
                1.2917800037749433e-12,
                4.508755238765904e-12,
                8.878265471510801e-13,
                3.160881451839728e-10,
                0.9999999996772235
            ]
        ],
        [
            [
                0.9999999999981204,
                1.8795288160724455e-12,
                0.0,
                0.0,
                0.0
            ],
            [
                0.9999999999821676,
                1.7832472900586278e-11,
                0.0,
                0.0,
                0.0
            ],
            [
                5.67568521720746e-14,
                3.331544533112008e-11,
                0.9999999973199716,
                2.6465736317163126e-09,
                8.258073263112296e-14
            ],
            [
                3.2661313366957463e-13,
                2.7346982864913557e-12,
                5.384940207710519e-13,
                1.1032560302858578e-09,
                0.9999999988931441
            ],
            [
                8.878265471152051e-13,
                3.5114221104862967e-12,
                6.101936672582884e-13,
                3.5817479273350814e-10,
                0.9999999996368159
            ]
        ],
        [
            [
                0.9999999999981204,
                1.8795288158619285e-12,
                0.0,
                0.0,
                0.0
            ],
            [
                0.9999999999450722,
                5.4927883491198205e-11,
                0.0,
                0.0,
                0.0
            ],
            [
                7.287724085882486e-14,
                7.991959882056462e-11,
                0.9999999986697612,
                1.2501528646820914e-09,
                9.357622956080549e-14
            ],
            [
                1.4637785131059774e-12,
                3.9789625330647784e-12,
                1.0060392785823288e-12,
                1.69189792143625e-10,
                0.9999999998243614
            ],
            [
                7.835041709833851e-13,
                4.5087551990026394e-12,
                8.87826539321229e-13,
                9.23744957327441e-09,
                0.9999999907563705
            ]
        ],
        [
            [
                0.9999999999991123,
                8.878265475642177e-13,
                0.0,
                0.0,
                0.0
            ],
            [
                0.9999999999200804,
                7.991959889451116e-11,
                0.0,
                0.0,
                0.0
            ],
            [
                1.0603575980303557e-13,
                5.49278834514243e-11,
                0.9999999989712398,
                9.736200302707099e-10,
                1.0603575980303557e-13
            ],
            [
                6.101936643799934e-13,
                3.978962513793356e-12,
                5.384940187920883e-13,
                4.9444504745458526e-09,
                0.9999999950504219
            ],
            [
                2.7346982806595135e-12,
                5.109089007638985e-12,
                1.006039275261526e-12,
                3.3982678059099927e-09,
                0.9999999965928823
            ]
        ],
        [
            [
                0.999999999994891,
                5.109089026202136e-12,
                0.0,
                0.0,
                0.0
            ],
            [
                0.9999999990263799,
                9.736200300450232e-10,
                0.0,
                0.0,
                0.0
            ],
            [
                8.258073284191296e-14,
                2.2897348452671802e-11,
                0.9999999998606988,
                1.1628233028299435e-10,
                3.900837609536112e-14
            ],
            [
                1.0060393260707676e-12,
                8.423464146215175e-12,
                2.129785270004819e-12,
                5.043472050401698e-07,
                0.9999994956412357
            ],
            [
                4.508755192948702e-12,
                1.0815941438910498e-11,
                1.8795287959685587e-12,
                1.0467401680184059e-08,
                0.999999989515394
            ]
        ],
        [
            [
                0.9999999999985363,
                1.4637785137151213e-12,
                0.0,
                0.0,
                0.0
            ],
            [
                0.9999999999975866,
                2.4133627710638587e-12,
                0.0,
                0.0,
                0.0
            ],
            [
                2.7346982643909283e-12,
                2.6465736125847116e-09,
                0.9999999901560203,
                7.19413295876823e-09,
                5.384940164192197e-13
            ],
            [
                5.384940041286166e-13,
                5.789356139009813e-12,
                1.2917799624535549e-12,
                3.224186631598112e-08,
                0.999999967750514
            ],
            [
                8.423463748237896e-12,
                7.43368066685357e-12,
                1.8795288151488148e-12,
                3.1608814519756206e-10,
                0.9999999996661753
            ]
        ],
        [
            [
                0.99999999999886,
                1.1399918526824921e-12,
                0.0,
                0.0,
                0.0
            ],
            [
                0.999999999979793,
                2.0206839083423182e-11,
                0.0,
                0.0,
                0.0
            ],
            [
                3.0988189514109263e-12,
                5.315784933107019e-08,
                0.9999999396446647,
                7.194132595469566e-09,
                2.5436654936227736e-13
            ],
            [
                8.878266586693507e-13,
                7.433681600265029e-12,
                1.658678565959572e-12,
                6.825604228344164e-08,
                0.9999999317339775
            ],
            [
                3.511422109876993e-12,
                6.5602001616158166e-12,
                1.2917800034985951e-12,
                3.160881451163526e-10,
                0.9999999996725484
            ]
        ],
        [
            [
                0.9999999999989939,
                1.006039278964082e-12,
                0.0,
                0.0,
                0.0
            ],
            [
                0.999999999987744,
                1.225606743955703e-11,
                0.0,
                0.0,
                0.0
            ],
            [
                3.266131341602188e-13,
                9.056076986386472e-11,
                0.9999999997397249,
                1.691897922001151e-10,
                1.9810087973300835e-13
            ],
            [
                3.701011480337641e-13,
                3.0988189727249202e-12,
                6.101936350738037e-13,
                5.315784969669532e-08,
                0.9999999468380711
            ],
            [
                7.835041773801806e-13,
                2.734698287660847e-12,
                4.1937956523511185e-13,
                9.736200299014136e-10,
                0.9999999990224424
            ]
        ],
        [
            [
                0.9999999999975866,
                2.413362771232871e-12,
                0.0,
                0.0,
                0.0
            ],
            [
                0.9999999999622486,
                3.775134542603153e-11,
                0.0,
                0.0,
                0.0
            ],
            [
                8.258073274752291e-14,
                3.7751345393402756e-11,
                0.9999999987119563,
                1.2501528647512293e-09,
                5.675685225207504e-14
            ],
            [
                4.193795997056861e-13,
                3.511422396947557e-12,
                6.914400665324699e-13,
                1.1253518380723433e-07,
                0.999999887460194
            ],
            [
                6.101936665745841e-13,
                4.508755233531787e-12,
                6.914400093501648e-13,
                1.4166087838899315e-09,
                0.9999999985775809
            ]
        ],
        [
            [
                0.9999999999991123,
                8.878265475972313e-13,
                0.0,
                0.0,
                0.0
            ],
            [
                0.9999999999705993,
                2.940077738004009e-11,
                0.0,
                0.0,
                0.0
            ],
            [
                7.835041658877738e-13,
                1.5229979499427382e-08,
                0.9999999840108607,
                7.582560305791574e-10,
                1.201542553825829e-13
            ],
            [
                1.6586783500237182e-12,
                6.5602001329911176e-12,
                1.4637785062800588e-12,
                4.9444504754363985e-09,
                0.9999999950458669
            ],
            [
                1.1399918503690705e-12,
                4.508755231713868e-12,
                1.0060392769223863e-12,
                1.8189616832843832e-09,
                0.9999999981743835
            ]
        ],
        [
            [
                0.9999999999989939,
                1.0060392790014172e-12,
                0.0,
                0.0,
                0.0
            ],
            [
                0.999999999782756,
                2.172439934000161e-10,
                0.0,
                0.0,
                0.0
            ],
            [
                8.878265427900805e-13,
                1.250152859267526e-09,
                0.9999999943852427,
                4.363462228095194e-09,
                2.5436656328915685e-13
            ],
            [
                4.193795592553924e-13,
                4.508755171525614e-12,
                1.1399918351510966e-12,
                1.522997950566358e-08,
                0.9999999847639522
            ],
            [
                1.2917800034917745e-12,
                3.5114221098584524e-12,
                6.914400100012734e-13,
                4.0586521224093695e-10,
                0.9999999995886402
            ]
        ],
        [
            [
                0.9999999999983413,
                1.6586783583868192e-12,
                0.0,
                0.0,
                0.0
            ],
            [
                0.999999999868235,
                1.3176514265492945e-10,
                0.0,
                0.0,
                0.0
            ],
            [
                1.7482341269515357e-13,
                2.46169694995736e-10,
                0.9999999992936999,
                4.5990553751810703e-10,
                5.0087746340630145e-14
            ],
            [
                1.2917799923179169e-12,
                5.789356272852597e-12,
                1.463778499997724e-12,
                9.237449572812027e-09,
                0.9999999907540055
            ],
            [
                3.0988191333172762e-12,
                7.433680659387349e-12,
                1.6586783560213845e-12,
                9.736200296028976e-10,
                0.9999999990141888
            ]
        ],
        [
            [
                0.9999999999986353,
                1.291780004503346e-12,
                0.0,
                0.0,
                7.287724094225089e-14
            ],
            [
                0.9999999999821676,
                1.7832472903430105e-11,
                0.0,
                0.0,
                0.0
            ],
            [
                8.878265443049824e-13,
                1.2501528614006668e-09,
                0.9999999961021877,
                2.6465736283535943e-09,
                1.9810087901479778e-13
            ],
            [
                2.129785115830512e-12,
                9.545034675786293e-12,
                3.098819058515026e-12,
                2.510999090751739e-08,
                0.9999999748752355
            ],
            [
                2.1297851672494833e-12,
                4.508755234448584e-12,
                8.878265463009494e-13,
                1.4166087841779806e-09,
                0.9999999985758647
            ]
        ],
        [
            [
                0.9999999999989939,
                1.0060392789640519e-12,
                0.0,
                0.0,
                0.0
            ],
            [
                0.9999999999377585,
                6.224144620987226e-11,
                0.0,
                0.0,
                0.0
            ],
            [
                7.835041737263018e-13,
                3.3982677987623337e-09,
                0.9999999939539557,
                2.6465736227624452e-09,
                4.193795632793314e-13
            ],
            [
                1.139991897230686e-12,
                9.545035292808245e-12,
                2.7346983975893715e-12,
                3.927863697725879e-07,
                0.9999996072002105
            ],
            [
                7.433680665629417e-12,
                1.5737102092630796e-11,
                1.8795288148393006e-12,
                3.5817479270439686e-10,
                0.999999999616775
            ]
        ],
        [
            [
                0.9999999999968185,
                3.098819137846947e-12,
                0.0,
                0.0,
                8.258073283224449e-14
            ],
            [
                0.9999999999094393,
                9.056076986620801e-11,
                0.0,
                0.0,
                0.0
            ],
            [
                6.101936663770519e-13,
                9.736200290934863e-10,
                0.9999999977754968,
                1.2501528635522947e-09,
                1.201542570452944e-13
            ],
            [
                1.1399919086150459e-12,
                7.43368103471861e-12,
                1.2917800677558382e-12,
                1.444980316547073e-07,
                0.9999998554921029
            ],
            [
                2.734698289995924e-12,
                3.978962533515145e-12,
                6.914400102905008e-13,
                1.1628233023434815e-10,
                0.9999999998763125
            ]
        ],
        [
            [
                0.9999999999993086,
                6.914400104456865e-13,
                0.0,
                0.0,
                0.0
            ],
            [
                0.9999999999972653,
                2.734698290719449e-12,
                0.0,
                0.0,
                0.0
            ],
            [
                1.4637784913667523e-12,
                1.5229979507913488e-08,
                0.9999999845223044,
                2.461696913540368e-10,
                8.258073157157546e-14
            ],
            [
                2.413362767719284e-12,
                5.7893563188618475e-12,
                8.878265463325357e-13,
                1.4166087842283795e-09,
                0.9999999985743007
            ],
            [
                8.878265370291377e-13,
                4.508755187362439e-12,
                8.878265370291377e-13,
                1.186112000683396e-08,
                0.9999999881325955
            ]
        ],
        [
            [
                0.9999999999981204,
                1.879528815941032e-12,
                0.0,
                0.0,
                0.0
            ],
            [
                0.9999999997538302,
                2.461696950673974e-10,
                0.0,
                0.0,
                0.0
            ],
            [
                4.752193055660149e-13,
                4.5990553717704624e-10,
                0.999999998565879,
                9.73620029844068e-10,
                1.2015425713792354e-13
            ],
            [
                6.101936662525376e-13,
                3.098819131063596e-12,
                6.101936662525376e-13,
                2.0611536173447507e-09,
                0.9999999979345271
            ],
            [
                2.1297851611193095e-12,
                5.109089004466846e-12,
                1.6586783512535763e-12,
                4.363462232790923e-09,
                0.9999999956276402
            ]
        ],
        [
            [
                0.9999999999985363,
                1.4637785137151942e-12,
                0.0,
                0.0,
                0.0
            ],
            [
                0.9999999999915765,
                8.423463751378729e-12,
                0.0,
                0.0,
                0.0
            ],
            [
                2.5436655413128514e-13,
                2.1724398444940678e-10,
                0.9999999583825876,
                4.139937546160809e-08,
                5.384939993216395e-13
            ],
            [
                4.752192863828526e-13,
                3.098819008994937e-12,
                4.752192863828526e-13,
                4.1399375454735874e-08,
                0.9999999585965753
            ],
            [
                1.8795288143986843e-12,
                6.5602001606830525e-12,
                1.2917800033149228e-12,
                6.691586083672434e-10,
                0.99999999932111
            ]
        ],
        [
            [
                0.9999999999989939,
                1.0060392790344224e-12,
                0.0,
                0.0,
                0.0
            ],
            [
                0.999999999986112,
                1.3887943860889668e-11,
                0.0,
                0.0,
                0.0
            ],
            [
                3.7751278733496986e-11,
                1.37095666380254e-06,
                0.9999985164670976,
                1.1253497586165637e-07,
                3.511415908445605e-12
            ],
            [
                1.5428112007070577e-13,
                1.8795288135119407e-12,
                2.2447770514055678e-13,
                1.250152864373264e-09,
                0.9999999987475889
            ],
            [
                8.878265467841695e-13,
                3.978962531078599e-12,
                7.83504177569407e-13,
                6.691586083289978e-10,
                0.9999999993251911
            ]
        ],
        [
            [
                0.9999999999989939,
                1.00603927887366e-12,
                0.0,
                0.0,
                0.0
            ],
            [
                0.9999999999989939,
                1.0060392789216383e-12,
                0.0,
                0.0,
                0.0
            ],
            [
                1.291780102681438e-12,
                1.4166088939985838e-09,
                0.9999991670516968,
                8.315279891123516e-07,
                2.4133629547259775e-12
            ],
            [
                4.1937956069181885e-13,
                2.734698258034855e-12,
                6.91440002209477e-13,
                1.1861120005798033e-08,
                0.9999999881350344
            ],
            [
                2.2447770532205942e-13,
                1.4637785129519136e-12,
                2.543665645336825e-13,
                5.211412483708827e-10,
                0.9999999994769162
            ]
        ],
        [
            [
                0.9999999999992164,
                7.835041782249376e-13,
                0.0,
                0.0,
                0.0
            ],
            [
                0.9999999999740539,
                2.594609497710868e-11,
                0.0,
                0.0,
                0.0
            ],
            [
                1.3615261070687824e-13,
                1.1628233021502128e-10,
                0.9999999992929784,
                5.905303994516246e-10,
                7.287724090355361e-14
            ],
            [
                2.543665541151824e-13,
                2.4133626710496464e-12,
                4.1937954832439645e-13,
                4.1399375458987285e-08,
                0.9999999585975374
            ],
            [
                1.1399918501635208e-12,
                3.97896252578214e-12,
                8.878265456023697e-13,
                2.0611536172298868e-09,
                0.9999999979328396
            ]
        ],
        [
            [
                0.9999999999987081,
                1.2917800043212719e-12,
                0.0,
                0.0,
                0.0
            ],
            [
                0.999999999987744,
                1.2256067440072525e-11,
                0.0,
                0.0,
                0.0
            ],
            [
                4.420228102188407e-14,
                2.9400777383181776e-11,
                0.9999999996915439,
                2.7894680919521293e-10,
                6.431393939338238e-14
            ],
            [
                2.54366564524283e-13,
                1.658678357522628e-12,
                3.701011675487586e-13,
                2.4616969497500625e-10,
                0.9999999997515472
            ],
            [
                8.878265464520067e-13,
                2.41336276804404e-12,
                5.384940209299246e-13,
                1.250152864423902e-09,
                0.9999999987460075
            ]
        ],
        [
            [
                0.9999999999985363,
                1.4637785136606616e-12,
                0.0,
                0.0,
                0.0
            ],
            [
                0.9999999999915765,
                8.423463751378729e-12,
                0.0,
                0.0,
                0.0
            ],
            [
                1.0603575828668273e-13,
                9.056076850584638e-11,
                0.9999999846791994,
                1.5229979510802194e-08,
                1.5428111794965418e-13
            ],
            [
                0.0,
                8.878265472370075e-13,
                1.98100879669021e-13,
                2.7894680909556347e-10,
                0.9999999997199673
            ],
            [
                1.6586783575772672e-12,
                3.511422110546159e-12,
                7.835041778749019e-13,
                5.211412483687924e-10,
                0.9999999994729052
            ]
        ],
        [
            [
                0.9999999999987081,
                1.2917800043212719e-12,
                0.0,
                0.0,
                0.0
            ],
            [
                0.9999999999450722,
                5.4927883489155385e-11,
                0.0,
                0.0,
                0.0
            ],
            [
                1.361526035377585e-13,
                1.9171714113720955e-10,
                0.9999999466500991,
                5.3157849705358203e-08,
                1.9810086922535438e-13
            ],
            [
                3.2661313399514543e-13,
                1.8795288149070817e-12,
                3.2661313399514543e-13,
                4.599055374658941e-10,
                0.9999999995375617
            ],
            [
                3.5114221109913627e-12,
                4.508755239232233e-12,
                7.835041779742403e-13,
                1.493094675182973e-10,
                0.9999999998418869
            ]
        ],
        [
            [
                0.9999999999975866,
                2.4133627712327506e-12,
                0.0,
                0.0,
                0.0
            ],
            [
                0.999999999683912,
                3.1608814520311316e-10,
                0.0,
                0.0,
                0.0
            ],
            [
                3.0988190730494687e-12,
                1.1861119899974622e-08,
                0.9999999788978566,
                9.237449466204058e-09,
                4.752192962059331e-13
            ],
            [
                2.244777048163376e-13,
                1.8795288107972866e-12,
                3.701011667286404e-13,
                2.6465736308240656e-09,
                0.9999999973509524
            ],
            [
                1.4637785133474999e-12,
                4.5087552398971564e-12,
                6.914400103263259e-13,
                2.461696950506302e-10,
                0.9999999997471662
            ]
        ],
        [
            [
                0.9999999999981204,
                1.8795288158618723e-12,
                0.0,
                0.0,
                0.0
            ],
            [
                0.9999999997538302,
                2.461696949925693e-10,
                0.0,
                0.0,
                0.0
            ],
            [
                3.2661313418638566e-13,
                1.6918979221366985e-10,
                0.9999999997505371,
                7.99195989069398e-11,
                2.6810038670236736e-14
            ],
            [
                5.384940205481067e-13,
                3.5114221053735313e-12,
                6.914400091181401e-13,
                1.6052280515270915e-09,
                0.9999999983900305
            ],
            [
                1.879528815303836e-12,
                3.098819136685247e-12,
                6.101936673595063e-13,
                4.599055375629766e-10,
                0.9999999995345059
            ]
        ],
        [
            [
                0.999999999996021,
                3.978962534561277e-12,
                0.0,
                0.0,
                0.0
            ],
            [
                0.9999999999842628,
                1.5737102100224098e-11,
                0.0,
                0.0,
                0.0
            ],
            [
                7.287724093146055e-14,
                1.783247290160421e-11,
                0.99999999973575,
                2.4616969509122647e-10,
                1.7482341276296844e-13
            ],
            [
                2.5436656447341887e-13,
                1.2917800034439049e-12,
                1.9810087959908163e-13,
                7.582560420034027e-10,
                0.9999999992399997
            ],
            [
                1.4637785126582928e-12,
                3.9789625318478455e-12,
                7.835041777208806e-13,
                5.905303993023253e-10,
                0.9999999994032434
            ]
        ],
        [
            [
                0.9999999999986255,
                1.2917800043212818e-12,
                0.0,
                0.0,
                8.2580732825851e-14
            ],
            [
                0.999999999868235,
                1.3176514265491867e-10,
                0.0,
                0.0,
                0.0
            ],
            [
                8.258073249054859e-14,
                2.2897348355248205e-11,
                0.9999999956132697,
                4.363462233657e-09,
                2.882350780704265e-13
            ],
            [
                8.878265251859752e-13,
                5.109088897664082e-12,
                1.1399918239483514e-12,
                2.5109990916557684e-08,
                0.9999999748828723
            ],
            [
                2.413362768552914e-12,
                6.5602001592369994e-12,
                1.4637785121363065e-12,
                7.582560417605511e-10,
                0.9999999992313067
            ]
        ],
        [
            [
                0.9999999999989939,
                1.0060392789217108e-12,
                0.0,
                0.0,
                0.0
            ],
            [
                0.9999999999954912,
                4.508755240848544e-12,
                0.0,
                0.0,
                0.0
            ],
            [
                1.9810087864730073e-13,
                1.9171715025553711e-10,
                0.9999999942050002,
                5.602796404797476e-09,
                2.882350776601447e-13
            ],
            [
                8.878265461368413e-13,
                3.978962528177475e-12,
                8.878265461368413e-13,
                1.250152863980116e-09,
                0.9999999987440926
            ],
            [
                1.2917800034504023e-12,
                4.5087552376331445e-12,
                7.835041776963603e-13,
                3.5817479265799497e-10,
                0.9999999996352411
            ]
        ],
        [
            [
                0.9999999999989939,
                1.0060392790014474e-12,
                0.0,
                0.0,
                0.0
            ],
            [
                0.9999999999821676,
                1.7832472903435046e-11,
                0.0,
                0.0,
                0.0
            ],
            [
                1.2254127691721287e-11,
                7.192994423939747e-09,
                0.9998415563994051,
                0.0001584362460604575,
                1.4928583659808377e-10
            ],
            [
                1.1399919977207099e-12,
                6.560201000708715e-12,
                1.2917801687257834e-12,
                1.8553915980836775e-07,
                0.9999998144518483
            ],
            [
                6.914400098469356e-13,
                5.109089021804169e-12,
                1.1399918516477488e-12,
                4.599055373018004e-10,
                0.9999999995331539
            ]
        ],
        [
            [
                0.9999999999987081,
                1.2917800043212224e-12,
                0.0,
                0.0,
                0.0
            ],
            [
                0.999999998394772,
                1.6052280521008672e-09,
                0.0,
                0.0,
                0.0
            ],
            [
                7.287724094658519e-14,
                9.056076988229937e-11,
                0.9999999998608742,
                4.8473687054979106e-11,
                1.8426252144299718e-14
            ],
            [
                3.266131331656337e-13,
                2.413362763608374e-12,
                4.752193046575483e-13,
                2.998960814636725e-09,
                0.9999999969978239
            ],
            [
                1.0060392785361406e-12,
                2.413362770040831e-12,
                4.19379565526485e-13,
                2.7894680907972115e-10,
                0.9999999997172144
            ]
        ],
        [
            [
                0.9999999999985363,
                1.4637785136606053e-12,
                0.0,
                0.0,
                0.0
            ],
            [
                0.9999999999934397,
                6.560200166279495e-12,
                0.0,
                0.0,
                0.0
            ],
            [
                3.7010116508744223e-13,
                2.461696933378823e-10,
                0.9999999925591027,
                7.194132976445852e-09,
                2.2447770382090058e-13
            ],
            [
                1.87952905487186e-12,
                8.423464822602048e-12,
                2.413363077858557e-12,
                1.8553915978880165e-07,
                0.9999998144481238
            ],
            [
                1.2917800037961275e-12,
                3.97896253278823e-12,
                1.2917800037961275e-12,
                1.6918979213186585e-10,
                0.9999999998242477
            ]
        ],
        [
            [
                0.9999999999992164,
                7.835041782579429e-13,
                0.0,
                0.0,
                0.0
            ],
            [
                0.999999999990455,
                9.545034920085073e-12,
