{
    "[['A', 'B', 'C', 'D', 'E'], ['A', 'B', 'C', 'D', 'E']]": [
        [
            [
                0.9999999748885453,
                2.5109990907851598e-08,
                1.463778476258382e-12,
                0.0,
                0.0
            ],
            [
                0.9820137878930622,
                0.017986211655304493,
                4.516334021025041e-10,
                0.0,
                0.0
            ],
            [
                8.258073900675798e-14,
                4.2777881876089836e-11,
                0.9999997617192672,
                2.3823698449576104e-07,
                8.87826613977585e-13
            ],
            [
                1.879528807340039e-12,
                6.56020013604596e-12,
                1.2917799984635918e-12,
                4.363462231587455e-09,
                0.9999999956268062
            ],
            [
                6.91440009777685e-13,
                3.978962530564094e-12,
                1.4637785121860272e-12,
                8.592166607787286e-10,
                0.9999999991346491
            ]
        ],
        [
            [
                0.999999996999732,
                2.9989608135856404e-09,
                8.878265445090484e-13,
                0.0,
                4.193795642617062e-13
            ],
            [
                7.888287265483714e-06,
                0.9998686649452101,
                0.00012339357389069106,
                5.315086150839009e-08,
                4.2772252772363204e-11
            ],
            [
                2.7339840907598097e-12,
                9.733657581920699e-10,
                0.9997388085807644,
                0.00026119032688394706,
                1.1625196171006496e-10
            ],
            [
                1.6586783545008353e-12,
                5.789356313326386e-12,
                1.6586783545008353e-12,
                2.0611536169542594e-09,
                0.9999999979297396
            ],
            [
                3.978962527781265e-12,
                9.54503490351535e-12,
                3.978962527781265e-12,
                1.4166087837750704e-09,
                0.9999999985658883
            ]
        ],
        [
            [
                0.999999997351867,
                2.646573630337756e-09,
                1.1399918493523056e-12,
                0.0,
                4.1937956447972525e-13
            ],
            [
                0.9999869928550352,
                1.3007124758156863e-05,
                2.020657049639577e-11,
                0.0,
                0.0
            ],
            [
                6.112193241167917e-11,
                2.1760915246410373e-08,
                0.9820137522936287,
                0.017986210928290287,
                1.4956043745536856e-08
            ],
            [
                3.5114221109564434e-12,
                9.5450349162622e-12,
                1.879528815243714e-12,
                3.1608814521352163e-10,
                0.9999999996689759
            ],
            [
                5.384940203217791e-13,
                3.978962525096328e-12,
                1.1399918499670325e-12,
                2.335593032494578e-09,
                0.9999999976587495
            ]
        ],
        [
            [
                0.9999999936508297,
                6.348800071483364e-09,
                3.701011652616386e-13,
                0.0,
                0.0
            ],
            [
                0.008577485496400538,
                0.9914223710549318,
                1.4325859512570764e-07,
                1.9007251932184128e-10,
                0.0
            ],
            [
                3.7010115236056906e-13,
                4.05865195651183e-10,
                0.9999999581936057,
                4.139937545417313e-08,
                7.835041456956947e-13
            ],
            [
                3.0988191365872912e-12,
                7.433680667231706e-12,
                1.139991852259104e-12,
                2.1724399335825928e-10,
                0.9999999997710836
            ],
            [
                1.291780001163537e-12,
                5.789356312495916e-12,
                1.6586783542629018e-12,
                2.3355930322497773e-09,
                0.999999997655667
            ]
        ],
        [
            [
                0.9999999996834876,
                3.1608814524315165e-10,
                2.882350791728065e-13,
                0.0,
                1.3615261072789206e-13
            ],
            [
                0.9999251537467542,
                7.48461970303935e-05,
                5.492380237703604e-11,
                0.0,
                1.2916840257488025e-12
            ],
            [
                4.506812190573184e-12,
                1.8181778045412904e-09,
                0.9995694409427572,
                0.0004305571183259338,
                1.162322183378319e-10
            ],
            [
                1.291780002845352e-12,
                5.109089020387929e-12,
                1.139991851331743e-12,
                9.736200298382849e-10,
                0.9999999990188391
            ],
            [
                8.878265461179829e-13,
                5.789356317462788e-12,
                1.8795288128809432e-12,
                1.4166087838860406e-09,
                0.9999999985748345
            ]
        ],
        [
            [
                0.9999999895301802,
                1.0467401677215877e-08,
                1.879528795435591e-12,
                0.0,
                5.384940157291518e-13
            ],
            [
                3.325126718814273e-11,
                6.678695548502194e-10,
                7.56795352928956e-10,
                0.11920292348197883,
                0.880797075060105
            ],
            [
                1.5428113179067229e-13,
                1.3176515249827568e-10,
                0.9999997616286826,
                2.3823698446415374e-07,
                2.413362951277408e-12
            ],
            [
                3.97896247995477e-12,
                7.43368056794999e-12,
                2.1297851410440545e-12,
                1.344040976237142e-08,
                0.9999999865460478
            ],
            [
                1.6586783551269975e-12,
                5.109089016397824e-12,
                2.1297851660928808e-12,
                1.60522805152042e-09,
                0.9999999983858745
            ]
        ],
        [
            [
                0.9999999961477479,
                3.850741905356831e-09,
                1.1399918478899842e-12,
                0.0,
                3.701011661858879e-13
            ],
            [
                0.9998766053278847,
                0.00012339462934273375,
                4.2772577184044784e-11,
                0.0,
                0.0
            ],
            [
                1.0060393562556948e-12,
                6.691586603268112e-10,
                0.9999991677923005,
                8.315279897168232e-07,
                9.545035653134215e-12
            ],
            [
                2.4133627587688553e-12,
                5.109089000406078e-12,
                1.4637785062019748e-12,
                4.944450475172641e-09,
                0.9999999950465632
            ],
            [
                7.835041775475774e-13,
                3.978962530967739e-12,
                8.878265467594333e-13,
                7.58256041863228e-10,
                0.9999999992360937
            ]
        ],
        [
            [
                0.9999999895318147,
                1.0467401678985621e-08,
                7.835041698416633e-13,
                0.0,
                0.0
            ],
            [
                0.9994472213252162,
                0.0005527785834899377,
                9.051070087728466e-11,
                7.830709966110902e-13,
                0.0
            ],
            [
                3.4424770674418796e-14,
                1.3887943699444864e-11,
                0.9999999881245875,
                1.1861120009980743e-08,
                3.701011634483311e-13
            ],
            [
                8.878265454855131e-13,
                5.109089014479858e-12,
                1.0060392766085735e-12,
                2.061153616958596e-09,
                0.9999999979318435
            ],
            [
                2.882350789789456e-13,
                2.1297851682551358e-12,
                5.384940210925725e-13,
                8.592166608278912e-10,
                0.9999999991378268
            ]
        ],
        [
            [
                0.99999999505501,
                4.944450475717408e-09,
                4.193795636139155e-13,
                0.0,
                1.2015425668052005e-13
            ],
            [
                5.488892300705332e-11,
                1.249266129437199e-09,
                1.4439539404880328e-07,
                0.9992901839787002,
                0.0007096703217508723
            ],
            [
                3.7010119533979423e-13,
                2.461697134599811e-10,
                0.999999761515012,
                2.3823698443960829e-07,
                1.4637786228135016e-12
            ],
            [
                6.101936671784659e-13,
                3.978962532041689e-12,
                6.101936671784659e-13,
                5.905303993310943e-10,
                0.9999999994042703
            ],
            [
                1.2917800031267314e-12,
                3.0988191347414563e-12,
                6.914400098058799e-13,
                7.582560418172264e-10,
                0.9999999992366619
            ]
        ],
        [
            [
                0.9999999994786013,
                5.211412483717608e-10,
                1.7482341268718655e-13,
                0.0,
                8.258073278946608e-14
            ],
            [
                0.9947798736773128,
                0.005220125727844475,
                5.874477546904259e-10,
                7.394875896041556e-12,
                0.0
            ],
            [
                9.357622914928171e-14,
                2.5946094833281624e-11,
                0.9999999943704725,
                5.602796405257918e-09,
                6.914400067104322e-13
            ],
            [
                1.4637785116909804e-12,
                4.508755234794717e-12,
                1.4637785116909804e-12,
                1.2501528643071704e-09,
                0.9999999987424109
            ],
            [
                1.4637785132446948e-12,
                4.508755239580494e-12,
                1.0060392786776678e-12,
                2.7894680911896275e-10,
                0.9999999997140747
            ]
        ],
        [
            [
                0.9999999966011146,
                3.3982678071081973e-09,
                4.1937956430929283e-13,
                0.0,
                1.9810087908280933e-13
            ],
            [
                1.02584353611145e-10,
                3.849449469764831e-09,
                6.473778604098521e-07,
                0.9996639986360072,
                0.0003353500340986551
            ],
            [
                1.2252866277749237e-11,
                2.844591635034069e-08,
                0.9997387810045459,
                0.0002611903200975809,
                2.1718725147666027e-10
            ],
            [
                6.101936665321873e-13,
                4.508755233218514e-12,
                7.835041769292125e-13,
                1.4166087837915038e-09,
                0.9999999985774888
            ],
            [
                4.508755237819268e-12,
                5.7893563229839235e-12,
                1.2917800035037276e-12,
                4.599055374087125e-10,
                0.9999999995285045
            ]
        ],
        [
            [
                0.9999999983937917,
                1.6052280517707303e-09,
                6.101936664624371e-13,
                0.0,
                3.7010116707193264e-13
            ],
            [
                0.9997388095792333,
                0.00026119032934193405,
                9.05371187781436e-11,
                8.875946804381466e-13,
                0.0
            ],
            [
                6.101936815235309e-13,
                1.9171715570003678e-10,
                0.9999993522079489,
                6.475946145961704e-07,
                5.109089143299501e-12
            ],
            [
                1.1399918509581534e-12,
                5.109089018713616e-12,
                1.2917800024220195e-12,
                1.416608784050781e-09,
                0.9999999985758503
            ],
            [
                1.6586783555651064e-12,
                5.109089017747295e-12,
                1.2917800021776951e-12,
                1.6052280519444111e-09,
                0.9999999983867125
            ]
        ],
        [
            [
                0.9999999950550593,
                4.944450475717652e-09,
                3.70101165896578e-13,
                0.0,
                1.2015425668052596e-13
            ],
            [
                2.2819155315686133e-09,
                4.125800067282107e-06,
                0.02297726299941813,
                0.9770180505522784,
                5.583663206832596e-07
            ],
            [
                8.876860390607281e-13,
                1.9168680992668845e-10,
                0.9998415635176454,
                0.00015843624700889866,
                4.2771108597283615e-11
            ],
            [
                1.4637785095659518e-12,
                5.789356310695672e-12,
                1.4637785095659518e-12,
                2.646573630664521e-09,
                0.9999999973447093
            ],
            [
                5.384940207285232e-13,
                4.508755233529403e-12,
                1.2917800022746606e-12,
                1.4166087838891825e-09,
                0.9999999985770522
            ]
        ],
        [
            [
                0.9999999994088755,
                5.905303993806004e-10,
                4.193795654730643e-13,
                0.0,
                1.7482341267499685e-13
            ],
            [
                0.9999991684619268,
                8.315279897398171e-07,
                9.54503565339816e-12,
                0.0,
                5.384940629906393e-13
            ],
            [
                6.953687366917459e-11,
                1.5015783621000866e-08,
                0.9859363447366478,
                0.014063626926649241,
                1.3251382535413764e-08
            ],
            [
                3.0988191329858026e-12,
                5.78935631801435e-12,
                1.4637785114164035e-12,
                1.2501528640726657e-09,
                0.9999999987394952
            ],
            [
                2.1297851670581796e-12,
                3.978962528555554e-12,
                1.4637785114471265e-12,
                1.4166087840507364e-09,
                0.9999999985758188
            ]
        ],
        [
            [
                0.9999999847680183,
                1.5229979502538587e-08,
                1.4637784908501616e-12,
                0.0,
                5.384940132127346e-13
            ],
            [
                1.797475340373438e-09,
                1.1343306255077924e-05,
                0.6791709509217827,
                0.3208176514445575,
                5.2529929436845214e-08
            ],
            [
                5.6756850897786537e-14,
                3.3315444583131546e-11,
                0.9999999748564621,
                2.5109990925434285e-08,
                1.7482340842689058e-13
            ],
            [
                5.109089022946518e-12,
                1.2256067431824901e-11,
                3.098819135618325e-12,
                5.211412482669254e-10,
                0.9999999994583948
            ],
            [
                5.384940206909883e-13,
                5.109089017774679e-12,
                1.0060392772573624e-12,
                1.4166087837904396e-09,
                0.9999999985767376
            ]
        ],
        [
            [
                0.9999993524029722,
                6.475946143917975e-07,
                2.4133628255053013e-12,
                0.0,
                0.0
            ],
            [
                0.9999997617613571,
                2.3823698433669193e-07,
                1.6586784813568738e-12,
                0.0,
                0.0
            ],
            [
                8.258074159898381e-14,
                2.9400780505719506e-11,
                0.9999999123268852,
                8.76424914737853e-08,
                1.1399919737436092e-12
            ],
            [
                7.43368066647958e-12,
                5.109089024027144e-12,
                1.4637785129695237e-12,
                3.160881451816596e-10,
                0.9999999996699054
            ],
            [
                1.8795288037225295e-12,
                6.56020012341961e-12,
                1.8795288037225295e-12,
                6.348800072751055e-09,
                0.9999999936408805
            ]
        ],
        [
            [
                0.9999999996836215,
                3.1608814527076625e-10,
                1.5428112024079922e-13,
                0.0,
                1.3615261073978684e-13
            ],
            [
                0.9999546019711413,
                4.5397855667416654e-05,
                1.6918206282854793e-10,
                2.129687871754167e-12,
                1.8794429502950313e-12
            ],
            [
                2.129740667185833e-12,
                9.735996866378025e-10,
                0.9999785540512117,
                2.1444939744064094e-05,
                3.3314749265573296e-11
            ],
            [
                6.560200158961327e-12,
                1.0815941542129902e-11,
                3.511422108456147e-12,
                8.592166607134374e-10,
                0.9999999991198958
            ],
            [
                8.878265470001353e-13,
                2.413362769534008e-12,
                6.914400100352869e-13,
                5.905303993318069e-10,
                0.9999999994054769
            ]
        ],
        [
            [
                0.9999999895311721,
                1.046740167815888e-08,
                8.878265379573658e-13,
                0.0,
                5.384940157776645e-13
            ],
            [
                0.9890130557843504,
                0.010986942386674126,
                1.7989776647830142e-09,
                2.2645786735250326e-11,
                7.352010538870007e-12
            ],
            [
                2.1297852085766396e-12,
                4.944450589278182e-09,
                0.9999993474542995,
                6.475946114288e-07,
                4.508755321938174e-12
            ],
            [
                3.5114221073223878e-12,
                8.42346373994556e-12,
                2.1297851672837733e-12,
                1.2501528642313252e-09,
                0.9999999987357824
            ],
            [
                1.1399918509353225e-12,
                6.560200156017132e-12,
                1.6586783558456064e-12,
                1.2501528640739071e-09,
                0.9999999987404882
            ]
        ],
        [
            [
                0.9999999936487576,
                6.348800073144156e-09,
                1.6586783477063633e-12,
                0.0,
                7.83504173212217e-13
            ],
            [
                2.5937388845312884e-11,
                6.68934074885031e-10,
                8.761307401192926e-08,
                0.9996645616276707,
                0.000335350064383786
            ],
            [
                2.0183188953494217e-11,
                5.596238910097424e-09,
                0.9988304834550571,
                0.0011695103386816276,
                5.898392415872013e-10
            ],
            [
                2.413362770071745e-12,
                4.508755239003968e-12,
                1.0060392785490275e-12,
                3.160881452006624e-10,
                0.9999999996759836
            ],
            [
                3.0988191292357627e-12,
                4.508755228492685e-12,
                1.1399918495546278e-12,
                2.646573630807462e-09,
                0.9999999973446787
            ]
        ],
        [
            [
                0.9999999881360587,
                1.186112000163043e-08,
                2.1297851440732166e-12,
                0.0,
                6.91440001966528e-13
            ],
            [
                2.5927690938226336e-11,
                6.686839625647835e-10,
                4.137001184473816e-08,
                0.9992902876234552,
                0.0007096703119213256
            ],
            [
                2.2447773377375127e-13,
                7.99196089949453e-11,
                0.9999996940147622,
                3.059023590284336e-07,
                2.734698636011127e-12
            ],
            [
                7.835041742686398e-13,
                3.098819121961005e-12,
                5.384940188628096e-13,
                4.944450475195215e-09,
                0.9999999950511287
            ],
            [
                1.0060392754967365e-12,
                5.109089008833483e-12,
                1.2917799999239307e-12,
                3.3982678067045026e-09,
                0.9999999965943254
            ]
        ],
        [
            [
                0.9999999847674155,
                1.5229979497892463e-08,
                2.129785136440051e-12,
                0.0,
                4.75219298575614e-13
            ],
            [
                3.5394792255276074e-10,
                6.273877044157941e-09,
                3.1861376617978785e-08,
                0.6791786860629994,
                0.3208212754477991
            ],
            [
                8.422660779119234e-12,
                8.151243614707833e-09,
                0.9999038893253055,
                9.610239875704606e-05,
                1.1627124556942913e-10
            ],
            [
                1.1399919953428841e-12,
                7.433681600255156e-12,
                2.7346986329483e-12,
                6.825604228335098e-08,
                0.9999999317326493
            ],
            [
                1.0060392724261928e-12,
                5.109088993239975e-12,
                1.1399918452742157e-12,
                6.348800072770508e-09,
                0.9999999936439448
            ]
        ],
        [
            [
                0.999999999025901,
                9.736200301128784e-10,
                2.543665644272967e-13,
                0.0,
                2.244777052281743e-13
            ],
            [
                0.9992903294307511,
                0.0007096703476190296,
                2.1708990706957874e-10,
                2.4116510261232942e-12,
                2.1282745606687683e-12
            ],
            [
                2.882351156158557e-13,
                1.6918981355230635e-10,
                0.9999996939223736,
                3.0590235899648316e-07,
                5.7893570572615365e-12
            ],
            [
                5.109089023905116e-12,
                6.560200162814532e-12,
                1.291780003734636e-12,
                1.3176514259371302e-10,
                0.9999999998552738
            ],
            [
                1.658678357165164e-12,
                8.42346374558615e-12,
                2.1297851687099385e-12,
                5.211412482393134e-10,
                0.9999999994666469
            ]
        ],
        [
            [
                0.9999999928035982,
                7.194132974305158e-09,
                1.6586783459982153e-12,
                0.0,
                6.101936630089957e-13
            ],
            [
                3.712637193047832e-08,
                0.04464835610220647,
                0.6984178595795207,
                0.25693358080288675,
                1.6638901398298413e-07
            ],
            [
                1.981008950844629e-13,
                1.026188042320295e-10,
                0.9999991683664582,
                8.315279902322972e-07,
                2.734698502519762e-12
            ],
            [
                6.914400095067136e-13,
                5.10908901929025e-12,
                1.2917800025678152e-12,
                1.2501528642400418e-09,
                0.9999999987427548
            ],
            [
                1.4637785060094263e-12,
                6.560200131778228e-12,
                1.8795288061173135e-12,
                4.944450474522238e-09,
                0.999999995045646
            ]
        ],
        [
            [
                0.9999999995397499,
                4.5990553752527093e-10,
                2.244777053361642e-13,
                0.0,
                1.201542572289002e-13
            ],
            [
                0.9999417086179452,
                5.82912766866371e-05,
                1.0261273608701891e-10,
                1.4636920695876466e-12,
                1.2917037177487344e-12
            ],
            [
                6.101657919226841e-13,
                2.1723406902219082e-10,
                0.9999546019085293,
                4.539785579498063e-05,
                1.7831658256750473e-11
            ],
            [
                8.878265339092726e-13,
                5.109088947863193e-12,
                1.6586783328770604e-12,
                1.5229979505639403e-08,
                0.9999999847623648
            ],
            [
                1.879528810015562e-12,
                8.423463725232255e-12,
                1.6586783531572442e-12,
                2.9989608144484303e-09,
                0.9999999969890776
            ]
        ],
        [
            [
                0.9999999895304644,
                1.0467401678151471e-08,
                1.6586783404387205e-12,
                0.0,
                4.752193009837928e-13
            ],
            [
                0.9999970976692786,
                2.902312197520722e-06,
                1.7832405450906773e-11,
                0.0,
                6.914373950929918e-13
            ],
            [
                1.7482243497253997e-13,
                1.0261822233063524e-10,
                0.9999938557199711,
                6.1441721268441855e-06,
                5.109060450963999e-12
            ],
            [
                2.413362765572899e-12,
                7.43368065306906e-12,
                1.879528811663545e-12,
                2.061153617091881e-09,
                0.9999999979271199
            ],
            [
                2.7346982881038066e-12,
                5.789356321346412e-12,
                1.8795288141417717e-12,
                4.0586521212989415e-10,
                0.9999999995837312
            ]
        ],
        [
            [
                0.9999999943955415,
                5.6027964028280075e-09,
                1.2917799967834336e-12,
                0.0,
                3.7010116556649467e-13
            ],
            [
                2.4458093458029117e-09,
                5.281472541480756e-07,
                0.07585810689398759,
                0.9241409511914539,
                4.113214951075336e-07
            ],
            [
                5.675684930554238e-14,
                2.5946093601828843e-11,
                0.9999999468144888,
                5.315784971500987e-08,
                1.6586782706339575e-12
            ],
            [
                2.129785141048526e-12,
                7.433680567965596e-12,
                1.8795287901460198e-12,
                1.3440409762399637e-08,
                0.9999999865481473
            ],
            [
                1.388794385242262e-11,
                1.388794385242262e-11,
                5.789356323502618e-12,
                2.7894680903499167e-10,
                0.999999999687488
            ]
        ],
        [
            [
                0.999999999539704,
                4.599055375252498e-10,
                2.543665645496536e-13,
                0.0,
                1.3615261070831553e-13
            ],
            [
                6.690118647385988e-10,
                5.314619519339345e-08,
                1.669802223500214e-05,
                0.9997798246075243,
                0.0002034235550336059
            ],
            [
                1.3615260917966105e-13,
                6.224144548424996e-11,
                0.9999999880760272,
                1.1861120009404764e-08,
                4.752193005902844e-13
            ],
            [
                3.0988191338397353e-12,
                6.5602001578183936e-12,
                1.6586783563010366e-12,
                9.736200297670493e-10,
                0.9999999990150623
            ],
            [
                1.1399918519998969e-12,
                6.560200162143335e-12,
                1.8795288148170624e-12,
                3.1608814514176986e-10,
                0.9999999996743321
            ]
        ],
        [
            [
                0.999999989528961,
                1.0467401677203113e-08,
                3.098819103924271e-12,
                0.0,
                5.384940157284953e-13
            ],
            [
                5.490944861586087e-11,
                2.997954313765996e-09,
                3.9265452761022215e-07,
                0.9996642542526575,
                0.00033535003995107694
            ],
            [
                9.506939463180315e-11,
                2.3262713871645613e-08,
                0.18242549716305284,
                0.8175743456113608,
                1.3386780316315227e-07
            ],
            [
                1.1399918475956963e-12,
                7.433680636822469e-12,
                1.6586783509864791e-12,
                4.363462232088274e-09,
                0.9999999956263055
            ],
            [
                6.101936658618497e-13,
                3.511422102450347e-12,
                1.0060392761529183e-12,
                2.646573630674021e-09,
                0.9999999973482987
            ]
        ],
        [
            [
                0.999999999140172,
                8.592166608708826e-10,
                4.752193056982969e-13,
                0.0,
                1.361526106431311e-13
            ],
            [
                2.90217916829191e-06,
                0.9999516226693547,
                4.5397720391549744e-05,
                7.734052890099519e-08,
                9.05564491513861e-11
            ],
            [
                1.5428113991931104e-13,
                1.3176515944061084e-10,
                0.9999998143279146,
                1.8553915983278884e-07,
                1.006039407092169e-12
            ],
            [
                8.878265440592402e-13,
                5.789356304038099e-12,
                1.879528808522585e-12,
                3.850741906343572e-09,
                0.9999999961407013
            ],
            [
                1.2917800016491808e-12,
                5.789356314672421e-12,
                1.879528811975044e-12,
                2.061153617433481e-09,
                0.9999999979298857
            ]
        ],
        [
            [
                0.9999999865558813,
                1.3440409757354702e-08,
                3.0988190940438608e-12,
                0.0,
                6.101936589629195e-13
            ],
            [
                0.9999993524013359,
                6.475946142821196e-07,
                3.511422190874236e-12,
                0.0,
                5.384940336600645e-13
            ],
            [
                6.547562364690816e-12,
                2.057182942623969e-09,
                0.9980732621954667,
                0.0019267343269230616,
                1.4138797809771176e-09
            ],
            [
                1.658678351749472e-12,
                5.7893563037231845e-12,
                1.463778507803031e-12,
                3.850741906134109e-09,
                0.9999999961403463
            ],
            [
                1.8795288133118256e-12,
                3.978962529005135e-12,
                1.1399918510869247e-12,
                1.2501528642401592e-09,
                0.9999999987428487
            ]
        ],
        [
            [
                0.9999999865568503,
                1.3440409760262304e-08,
                2.1297851407098416e-12,
                0.0,
                6.101936590949245e-13
            ],
            [
                0.9999993524010369,
                6.475946141424572e-07,
                3.97896262279555e-12,
                0.0,
                3.701011759476501e-13
            ],
            [
                7.904156040031865e-11,
                2.191603402446963e-08,
                0.9890130310159935,
                0.010986942098802764,
                4.890128181698346e-09
            ],
            [
                2.1297851676806907e-12,
                5.789356319828022e-12,
                1.4637785118749715e-12,
                8.592166605961436e-10,
                0.9999999991314004
            ],
            [
                2.734698286051082e-12,
                9.545034903501362e-12,
                2.734698286051082e-12,
                1.605228051933247e-09,
                0.9999999983797576
            ]
        ],
        [
            [
                0.9999999966009054,
                3.3982678068698858e-09,
                5.384940197747999e-13,
                0.0,
                2.882350782735928e-13
            ],
            [
                2.2862960609029583e-11,
                5.203585849889473e-10,
                1.3420224785694546e-08,
                0.9984988040296634,
                0.001501182006890241
            ],
            [
                7.08304016406574e-10,
                8.186881296408725e-08,
                0.4999993176088284,
                0.499999319171572,
                1.2806424826762423e-06
            ],
            [
                6.560200152529224e-12,
                9.545034900107034e-12,
                2.129785165883235e-12,
                1.6052280513624091e-09,
                0.9999999983765369
            ],
            [
                8.878265466151143e-13,
                3.978962530320946e-12,
                1.1399918514639109e-12,
                8.592166607262232e-10,
                0.9999999991347766
            ]
        ],
        [
            [
                0.9999999993301916,
                6.691586085356993e-10,
                4.752193058555708e-13,
                0.0,
                1.7482341267202815e-13
            ],
            [
                0.9999999943963158,
                5.602796401890997e-09,
                8.878265421974105e-13,
                0.0,
                0.0
            ],
            [
                3.900837573852048e-14,
                2.0206838902035014e-11,
                0.9999999907418852,
                9.237449575941832e-09,
                4.1937956193225464e-13
            ],
            [
                1.1399918457787876e-12,
                8.423463700782958e-12,
                2.7346982741626835e-12,
                5.6027964018286815e-09,
                0.9999999943849054
            ],
            [
                7.835041766687001e-13,
                3.511422105140338e-12,
                1.1399918503704611e-12,
                1.8189616832866021e-09,
                0.9999999981756034
            ]
        ],
        [
            [
                0.9999999881365252,
                1.186112000362538e-08,
                1.879528793131422e-12,
                0.0,
                4.752193003587317e-13
            ],
            [
                0.9984988177678924,
                0.0015011820379478243,
                1.9142922780572746e-10,
                2.730591282440001e-12,
                0.0
            ],
            [
                4.420228088306378e-14,
                1.5737102052267248e-11,
                0.9999999965856963,
                3.398267807705693e-09,
                2.5436656385523576e-13
            ],
            [
                1.1399918498506621e-12,
                3.9789625246901555e-12,
                8.878265453587151e-13,
                2.335593032256161e-09,
                0.9999999976584002
            ],
            [
                2.4133627678907297e-12,
                5.7893563192731235e-12,
                1.006039277639845e-12,
                1.1032560305412682e-09,
                0.9999999988875352
            ]
        ],
        [
            [
                0.9999999997534808,
                2.461696950430416e-10,
                1.7482341272874877e-13,
                0.0,
                1.7482341272874877e-13
            ],
            [
                0.999999855495038,
                1.4449803159732044e-07,
                6.560200485335665e-12,
                0.0,
                3.701011857534448e-13
            ],
            [
                8.258073473328442e-14,
                4.277787966237573e-11,
                0.9999993523594259,
                6.475946147146305e-07,
                3.0988192091829446e-12
            ],
            [
                1.0060392778309746e-12,
                7.43368066162075e-12,
                1.6586783565197235e-12,
                9.736200298954153e-10,
                0.9999999990162816
            ],
            [
                8.878265472890587e-13,
                2.7346982898764797e-12,
                5.384940214376223e-13,
                2.1724399337163102e-10,
                0.9999999997785949
            ]
        ],
        [
            [
                0.9999999970001305,
                2.9989608149128807e-09,
                5.384940199897802e-13,
                0.0,
                3.701011666320275e-13
            ],
            [
                0.9999417086410884,
                5.829127669898108e-05,
                7.991487923459281e-11,
                1.0059798670919892e-12,
                1.2917037180222703e-12
            ],
            [
                1.9810090498665524e-13,
                7.991960908858529e-11,
                0.9999998143794306,
                1.855391598465587e-07,
                1.2917801689916804e-12
            ],
            [
                1.2917800009900061e-12,
                8.423463729715683e-12,
                2.7346982835557636e-12,
                2.335593031936026e-09,
                0.9999999976519571
            ],
            [
                2.1297851650931676e-12,
                7.433680651889641e-12,
                1.65867835434842e-12,
                2.335593032370196e-09,
                0.9999999976531848
            ]
        ],
        [
            [
                0.9999999677525495,
                3.224186630145798e-08,
                5.109088858333918e-12,
                0.0,
                4.752192904898212e-13
            ],
            [
                0.9999785550343161,
                2.144493973839632e-05,
                2.5945552808998736e-11,
                0.0,
                0.0
            ],
            [
                7.966467591139276e-11,
                6.3285490723839385e-09,
