{
    "[['A', 'B', 'C', 'D', 'E'], ['A', 'B', 'C', 'D', 'E']]": [
        [
            [
                0.9999999999954912,
                4.50875524044325e-12,
                0.0,
                0.0,
                0.0
            ],
            [
                0.9999993524040942,
                6.475946140604856e-07,
                1.2917800328537144e-12,
                0.0,
                0.0
            ],
            [
                2.68100375667672e-14,
                1.2256066936188468e-11,
                0.9999999585878031,
                4.139937547219534e-08,
                5.38493999459351e-13
            ],
            [
                4.752193057973987e-13,
                3.0988191355936805e-12,
                1.4637785126482778e-12,
                2.461696949330391e-10,
                0.9999999997487925
            ],
            [
                7.835041778271795e-13,
                4.5087552383859564e-12,
                7.835041778271795e-13,
                1.0261879622805346e-10,
                0.9999999998913054
            ]
        ],
        [
            [
                0.9999999999876712,
                1.2256067439557093e-11,
                0.0,
                0.0,
                7.287724093118688e-14
            ],
            [
                0.9999898700034859,
                1.0129988090710657e-05,
                8.42338405476423e-12,
                0.0,
                0.0
            ],
            [
                3.900837608899205e-14,
                6.56020016599861e-12,
                0.9999999997142559,
                2.7894680919525233e-10,
                1.981008797398175e-13
            ],
            [
                6.101936673390629e-13,
                4.508755239180563e-12,
                7.835041779652614e-13,
                2.7894680909421987e-10,
                0.9999999997151507
            ],
            [
                0.0,
                3.0988191350092685e-12,
                1.139991851678582e-12,
                9.056076978823185e-11,
                0.9999999999052005
            ]
        ],
        [
            [
                0.9999999998308102,
                1.691897921722453e-10,
                0.0,
                0.0,
                0.0
            ],
            [
                0.0019267342670099392,
                0.9980728735857652,
                3.920292905590321e-07,
                1.1605831617971173e-10,
                1.875907965482415e-12
            ],
            [
                5.6756852314089344e-14,
                8.423463752652385e-12,
                0.9999999998221318,
                1.6918979222503241e-10,
                1.9810087976218356e-13
            ],
            [
                0.0,
                4.5087552380897514e-12,
                6.914400100491514e-13,
                1.6918979210371883e-10,
                0.9999999998256099
            ],
            [
                5.384940211760571e-13,
                5.789356322287071e-12,
                1.2917800033482387e-12,
                1.3176514255429942e-10,
                0.9999999998606153
            ]
        ],
        [
            [
                0.999999999989184,
                1.0815941552776467e-11,
                0.0,
                0.0,
                0.0
            ],
            [
                0.9992903295876815,
                0.0007096703501212584,
                6.219729973513477e-11,
                0.0,
                0.0
            ],
            [
                5.675685230268581e-14,
                9.545034918864752e-12,
                0.9999999996319351,
                3.581747928791245e-10,
                2.882350792243777e-13
            ],
            [
                1.6586783577816013e-12,
                5.789356324777384e-12,
                1.139991852265911e-12,
                3.160881452155282e-10,
                0.9999999996753239
            ],
            [
                4.1937956552580626e-13,
                3.5114221107629268e-12,
                6.914400101793749e-13,
                7.052879845862634e-11,
                0.999999999924849
            ]
        ],
        [
            [
                0.9999999998836608,
                1.1628233025191857e-10,
                0.0,
                0.0,
                5.675685230178036e-14
            ],
            [
                0.037326885864641876,
                0.9626730482425835,
                6.570821385617685e-08,
                1.8456084961187038e-10,
                0.0
            ],
            [
                5.0087746363657096e-14,
                1.0815941554094542e-11,
                0.9999999997427098,
                2.461696951089082e-10,
                2.5436656466264356e-13
            ],
            [
                3.266131336213515e-13,
                4.508755233219792e-12,
                7.835041769294347e-13,
                1.4166087837919056e-09,
                0.9999999985777723
            ],
            [
                5.384940214669948e-13,
                1.879528815462631e-12,
                6.914400102980157e-13,
                4.847368703494049e-11,
                0.9999999999484168
            ]
        ],
        [
            [
                0.9999999997210531,
                2.7894680913120715e-10,
                0.0,
                0.0,
                0.0
            ],
            [
                0.9997388096225005,
                0.00026119032903847774,
                4.846102754242064e-11,
                0.0,
                0.0
            ],
            [
                2.365977607658327e-14,
                7.433680667713369e-12,
                0.9999999994019189,
                5.905303995258968e-10,
                9.357622963000763e-14
            ],
            [
                2.8823507889247495e-13,
                3.9789625295980725e-12,
                6.10193666803725e-13,
                1.1032560306136055e-09,
                0.9999999988918666
            ],
            [
                7.835041780791385e-13,
                3.9789625336672284e-12,
                7.835041780791385e-13,
                7.991959888595348e-11,
                0.9999999999145344
            ]
        ],
        [
            [
                0.9999999998506177,
                1.4930946753678966e-10,
                0.0,
                0.0,
                7.287724091772077e-14
            ],
            [
                0.22270014253614012,
                0.7772998492982,
                8.136315892633344e-09,
                2.9344136961350344e-11,
                0.0
            ],
            [
                3.0379753834686485e-14,
                1.0815941550256059e-11,
                0.9999999993985409,
                5.905303995105988e-10,
                8.258073280188728e-14
            ],
            [
                1.2917800036299393e-12,
                5.109089023491032e-12,
                2.1297851690497696e-12,
                2.1724399331348283e-10,
                0.9999999997742253
            ],
            [
                1.1399918523872597e-12,
                4.508755239695962e-12,
                1.1399918523872597e-12,
                4.847368703476214e-11,
                0.9999999999447375
            ]
        ],
        [
            [
                0.9999999999200804,
                7.991959889451611e-11,
                0.0,
                0.0,
                0.0
            ],
            [
                0.01406362134966723,
                0.9859360768985765,
                3.016001012285966e-07,
                1.4720957485585847e-10,
                4.445343975358855e-12
            ],
            [
                5.67568522305831e-14,
                1.0815941539040092e-11,
                0.9999999983836112,
                1.6052280524777244e-09,
                2.882350788582099e-13
            ],
            [
                5.384940212396981e-13,
                2.4133627694323484e-12,
                8.878265469627369e-13,
                1.3176514256987187e-10,
                0.9999999998643951
            ],
            [
                6.101936673007645e-13,
                3.0988191363869318e-12,
                6.914400101730351e-13,
                7.991959886932161e-11,
                0.9999999999156799
            ]
        ],
        [
            [
                0.9999999998973812,
                1.0261879626482306e-10,
                0.0,
                0.0,
                0.0
            ],
            [
                0.9933071478062702,
                0.006692851435473992,
                7.531808410979291e-10,
                5.07489258804446e-12,
                0.0
            ],
            [
                1.0603575977062471e-13,
                3.331544537622783e-11,
                0.999999998716099,
                1.2501528646817583e-09,
                3.2661313383330303e-13
            ],
            [
                0.0,
                3.5114221103075477e-12,
                1.006039278404044e-12,
                2.789468090430944e-10,
                0.9999999997165356
            ],
            [
                0.0,
                2.4133627700609564e-12,
                5.384940213799594e-13,
                6.22414461833707e-11,
                0.9999999999348066
            ]
        ],
        [
            [
                0.999999999868235,
                1.3176514265110726e-10,
                0.0,
                0.0,
                0.0
            ],
            [
                0.06008664348874735,
                0.9399132922600498,
                6.415475001006834e-08,
                9.645276558081504e-11,
                0.0
            ],
            [
                2.6810038152114737e-14,
                9.54503473567729e-12,
                0.9999999804343279,
                1.9555680704393906e-08,
                4.1937955761457126e-13
            ],
            [
                2.244777047245785e-13,
                3.9789625220553865e-12,
                6.101936656470168e-13,
                2.9989608144698667e-09,
                0.9999999969962254
            ],
            [
                4.193795655626949e-13,
                2.4133627702492046e-12,
                6.101936673600322e-13,
                1.3176514261447068e-10,
                0.9999999998647919
            ]
        ],
        [
            [
                0.999999999956934,
                4.277787867730476e-11,
                0.0,
                0.0,
                2.8823507926098775e-13
            ],
            [
                0.9975273767726613,
                0.002472622981777687,
                2.4556099001474537e-10,
                0.0,
                0.0
            ],
            [
                3.9008376092440524e-14,
                8.42346375244602e-12,
                0.9999999998221232,
                1.6918979222088746e-10,
                2.244777054481962e-13
            ],
            [
                3.266131340669721e-13,
                2.1297851695748544e-12,
                4.75219305968988e-13,
                5.4927883473932153e-11,
                0.9999999999421405
            ],
            [
                1.8795288151519123e-12,
                3.978962532900599e-12,
                7.835041779281801e-13,
                6.224144618314104e-11,
                0.9999999999311167
            ]
        ],
        [
            [
                0.9999999998082829,
                1.9171715128555888e-10,
                0.0,
                0.0,
                0.0
            ],
            [
                0.047425873271090595,
                0.9525740759943869,
                5.063677045769075e-08,
                9.775196297526217e-11,
                0.0
            ],
            [
                5.6756851647928666e-14,
                4.277787817837813e-11,
                0.9999999880957572,
                1.1861120009571224e-08,
                2.882350758992466e-13
            ],
            [
                1.0060392775672138e-12,
                9.545034906558696e-12,
                1.4637785116289938e-12,
                1.1032560304616183e-09,
                0.999999998884729
            ],
            [
                1.6586783573040737e-12,
                5.78935632311065e-12,
                1.46377851270495e-12,
                1.0261879621740198e-10,
                0.9999999998884694
            ]
        ],
        [
            [
                0.9999999993308415,
                6.691586084947542e-10,
                0.0,
                0.0,
                0.0
            ],
            [
                0.18242551369326823,
                0.8175744777248206,
                8.557873914872665e-09,
                2.4037306569575665e-11,
                0.0
            ],
            [
                6.431393940041226e-14,
                7.433680670721555e-12,
                0.9999999998605622,
                1.31765142672051e-10,
                1.7482341278875687e-13
            ],
            [
                0.0,
                2.73469828815589e-12,
                1.1399918516120239e-12,
                1.4930946743211802e-10,
                0.9999999998468159
            ],
            [
                3.701011675840929e-13,
                2.413362770038852e-12,
                8.87826547185857e-13,
                1.4930946750870316e-10,
                0.9999999998470193
            ]
        ],
        [
            [
                0.9999999998308102,
                1.691897921641966e-10,
                0.0,
                0.0,
                0.0
            ],
            [
                0.9999997617618758,
                2.3823698428550782e-07,
                1.1399919369529488e-12,
                0.0,
                0.0
            ],
            [
                8.258073262889339e-14,
                1.7832472859200202e-11,
                0.9999999973351412,
                2.646573631644859e-09,
                3.701011668434215e-13
            ],
            [
                1.8795288151302424e-12,
                6.560200163236441e-12,
                1.291780003817715e-12,
                1.4930946750779833e-10,
                0.999999999840959
            ],
            [
                4.193795654051838e-13,
                2.4133627693427907e-12,
                6.914400099805021e-13,
                1.6918979208692088e-10,
                0.9999999998272859
            ]
        ],
        [
            [
                0.9999999997210531,
                2.7894680913120715e-10,
                0.0,
                0.0,
                0.0
            ],
            [
                0.9995694428701256,
                0.00043055712033344186,
                9.540921486773179e-12,
                0.0,
                0.0
            ],
            [
                0.0,
                3.266131342638681e-13,
                0.9999999999972295,
                2.4133627717232893e-12,
                3.037975385304754e-14
            ],
            [
                4.752193059471022e-13,
                3.0988191365698704e-12,
                5.384940214014499e-13,
                1.6918979214402028e-10,
                0.9999999998266977
            ],
            [
                7.835041781835696e-13,
                3.511422111929512e-12,
                1.1399918525745832e-12,
                9.056076985941006e-11,
                0.9999999999040043
            ]
        ],
        [
            [
                0.9999999999842628,
                1.5737102100224986e-11,
                0.0,
                0.0,
                0.0
            ],
            [
                0.9999977396728504,
                2.2603252700876486e-06,
                1.8795253765934087e-12,
                0.0,
                0.0
            ],
            [
                7.287724079944525e-14,
                1.3887943834711308e-11,
                0.9999999979242753,
                2.061153617948657e-09,
                6.10193666431321e-13
            ],
            [
                8.878265463702222e-13,
                4.5087552348003805e-12,
                7.835041772040997e-13,
                1.2501528643087408e-09,
                0.999999998743667
            ],
            [
                1.4637785128838898e-12,
                6.560200162587435e-12,
                2.1297851691486576e-12,
                1.6918979211795515e-10,
                0.9999999998206563
            ]
        ],
        [
            [
                0.9999999996418252,
                3.5817479250455245e-10,
                0.0,
                0.0,
                0.0
            ],
            [
                0.22270012736949388,
                0.7772998195202372,
                5.305544693198721e-08,
                5.482206803221741e-11,
                0.0
            ],
            [
                1.7482341273714013e-13,
                3.7751345423363826e-11,
                0.9999999995559206,
                4.0586521243870777e-10,
                2.882350791961106e-13
            ],
            [
                6.10193667072523e-13,
                3.0988191352278256e-12,
                8.878265468449181e-13,
                1.4930946745136605e-10,
                0.9999999998460938
            ],
            [
                4.752193058614339e-13,
                3.978962532356783e-12,
                7.835041778210963e-13,
                2.7894680904289357e-10,
                0.9999999997158155
            ]
        ],
        [
            [
                0.9999999998973812,
                1.026187962740256e-10,
                0.0,
                0.0,
                0.0
            ],
            [
                0.9999991684703523,
                8.315279890421928e-07,
                1.6586784844745187e-12,
                0.0,
                0.0
            ],
            [
                3.9008376086712996e-14,
                8.423463751209218e-12,
                0.9999999996752951,
                3.1608814530906006e-10,
                1.5428112025949023e-13
            ],
            [
                2.882350791529826e-13,
                2.4133627702301714e-12,
                4.752193059614575e-13,
                7.052879846427384e-11,
                0.9999999999262943
            ],
            [
                2.129785169891425e-12,
                3.5114221116216784e-12,
                8.878265474022745e-13,
                3.3315445405014726e-11,
                0.9999999999601554
            ]
        ],
        [
            [
                0.9999999999515263,
                4.847368704500481e-11,
                0.0,
                0.0,
                0.0
            ],
            [
                0.09534945070074301,
                0.9046504593438102,
                8.984263171100381e-08,
                1.0519490654866129e-10,
                7.620293471625813e-12
            ],
            [
                6.431393932794711e-14,
                1.5737102085679212e-11,
                0.9999999987338213,
                1.250152864703914e-09,
                2.2447770519992835e-13
            ],
            [
                3.701011658341916e-13,
                5.109089000108018e-12,
                6.101936644217471e-13,
                4.944450474884187e-09,
                0.99999999504946
            ],
            [
                0.0,
                5.109089024491859e-12,
                7.835041779587368e-13,
                1.0261879624528408e-10,
                0.9999999998914886
            ]
        ],
        [
            [
                0.9999999999200804,
                7.991959889788095e-11,
                0.0,
                0.0,
                0.0
            ],
            [
                0.9706877709739663,
                0.029312227941635995,
                1.0709167721675194e-09,
                1.3480852657853018e-11,
                0.0
            ],
            [
                8.258073267651818e-14,
                1.573710207274372e-11,
                0.9999999979224881,
                2.061153617969827e-09,
                5.384940206079094e-13
            ],
            [
                3.7010116742702203e-13,
                2.4133627690146214e-12,
                1.0060392781083527e-12,
                4.058652121735549e-10,
                0.9999999995903452
            ],
            [
                1.8795288151913726e-12,
                7.43368066702189e-12,
                1.6586783577248808e-12,
                2.461696950050232e-10,
                0.9999999997428584
            ]
        ],
        [
            [
                0.9999999999705993,
                2.940077738004243e-11,
                0.0,
                0.0,
                0.0
            ],
            [
                1.0664543337425945e-06,
                0.9988293878021686,
                0.0011695091965735812,
                3.6492060565993066e-08,
                5.486359408742532e-11
            ],
            [
                6.431393918783278e-14,
                9.545034889197262e-12,
                0.9999999965915842,
                3.398267807517203e-09,
                5.384940198773747e-13
            ],
            [
                1.9810087961012836e-13,
                1.4637785126867453e-12,
                4.752193058098873e-13,
                4.599055374130599e-10,
                0.9999999995379574
            ],
            [
                4.508755238356038e-12,
                5.789356323673149e-12,
                2.4133627697249332e-12,
                1.0261879622737253e-10,
                0.9999999998846698
            ]
        ],
        [
            [
                0.9999999998506262,
                1.4930946753679605e-10,
                0.0,
                0.0,
                6.431393937880266e-14
            ],
            [
                0.04742587517393782,
                0.9525741187503558,
                6.0477000795802055e-09,
                2.8006407593318477e-11,
                0.0
            ],
            [
                3.037975377263086e-14,
                2.2897348394802208e-11,
                0.9999999973303006,
                2.646573631782962e-09,
                1.981008792714922e-13
            ],
            [
                3.701011675479677e-13,
                3.5114221104229842e-12,
                5.384940213224654e-13,
                2.461696949744802e-10,
                0.9999999997494102
            ],
            [
                3.7010116743175696e-13,
                2.1297851684956333e-12,
                8.87826546820422e-13,
                4.847368700670976e-11,
                0.9999999999481386
            ]
        ],
        [
            [
                0.9999999994788586,
                5.21141248371778e-10,
                0.0,
                0.0,
                0.0
            ],
            [
                0.0007096703430526839,
                0.9992900913951905,
                2.3806776389632854e-07,
                1.9158117095988333e-10,
                2.4116510310150768e-12
            ],
            [
                6.431393923653378e-14,
                1.7832472858795743e-11,
                0.9999999973351594,
                2.6465736315848323e-09,
                3.701011668350273e-13
            ],
            [
                5.384940213787879e-13,
                3.9789625329066245e-12,
                6.10193667311108e-13,
                6.224144618323528e-11,
                0.999999999932631
            ],
            [
                5.109089021094562e-12,
                1.7832472883823014e-11,
                2.734698287861764e-12,
                6.691586082165502e-10,
                0.9999999993051651
            ]
        ],
        [
            [
                0.9999999999200804,
                7.991959890084303e-11,
                0.0,
                0.0,
                0.0
            ],
            [
                0.0005527780601822348,
                0.9994463906216121,
                8.310681954197962e-07,
                2.460335942076994e-10,
                3.976762668483148e-12
            ],
            [
                1.266416554511136e-14,
                9.545034919838764e-12,
                0.9999999997114513,
                2.789468091991651e-10,
                4.420228102251034e-14
            ],
            [
                4.752193056955629e-13,
                3.978962530967961e-12,
                1.1399918516492838e-12,
                4.5990553730241963e-10,
                0.9999999995345004
            ],
            [
                1.8795288152980304e-12,
                4.508755239317694e-12,
                1.1399918522916188e-12,
                6.22414461879798e-11,
                0.9999999999302303
            ]
        ],
        [
            [
                0.9999999999294713,
                7.05287984736984e-11,
                0.0,
                0.0,
                0.0
            ],
            [
                0.029312227753650173,
                0.9706877660584637,
                6.162700509795335e-09,
                2.518554842723952e-11,
                0.0
            ],
            [
                7.287724093619468e-14,
                1.3887943860771136e-11,
                0.9999999997686204,
                2.1724399344231394e-10,
                1.7482341277432506e-13
            ],
            [
                7.83504177899935e-13,
                5.109089024108423e-12,
                8.878265471587069e-13,
                2.461696949909806e-10,
                0.9999999997470499
            ],
            [
                8.878265470333837e-13,
                5.789356323431951e-12,
                1.0060392783625407e-12,
                1.493094674830611e-10,
                0.9999999998430074
            ]
        ],
        [
            [
                0.9999999997208551,
                2.789468091483776e-10,
                0.0,
                0.0,
                1.9810087970652827e-13
            ],
            [
                0.9999038975849365,
                9.610240117692963e-05,
                1.3886620066019083e-11,
                0.0,
                0.0
            ],
            [
                5.675685231181913e-14,
                1.5737102102840208e-11,
                0.9999999998149103,
                1.6918979221826502e-10,
                1.0603575988813377e-13
            ],
            [
                5.384940208598962e-13,
                5.109089019377233e-12,
                6.914400095184856e-13,
                1.1032560304678803e-09,
                0.9999999988904049
            ],
            [
                0.0,
                2.413362770109229e-12,
                0.0,
                4.2777878659131617e-11,
                0.9999999999548088
            ]
        ],
        [
            [
                0.9999999999934397,
                6.5602001657597435e-12,
                0.0,
                0.0,
                0.0
            ],
            [
                0.9995694426307415,
                0.0004305571217316819,
                2.460636082607942e-10,
                1.4631476982364848e-12,
                0.0
            ],
            [
                1.2015425726022275e-13,
                2.9400777378776135e-11,
                0.9999999996120499,
                3.581747928569276e-10,
                2.5436656461597515e-13
            ],
            [
                3.7010116506248687e-13,
                3.5114220868413986e-12,
                6.101936631494211e-13,
                7.1941329759607616e-09,
                0.9999999928013752
            ],
            [
                6.101936672110582e-13,
                2.1297851690379317e-12,
                7.835041778009001e-13,
                3.775134540879621e-11,
                0.9999999999587252
            ]
        ],
        [
            [
                0.9999999999941045,
                5.789356326865562e-12,
                0.0,
                0.0,
                1.0603575988107816e-13
            ],
            [
                0.8519527938467344,
                0.1480472032385967,
                2.8951614581893906e-09,
                1.950744445907511e-11,
                0.0
            ],
            [
                3.442477089074688e-14,
                1.0815941496347507e-11,
                0.9999999943860987,
                5.602796405970506e-09,
                2.543665633045635e-13
            ],
            [
                4.752193059048293e-13,
                5.78935632419528e-12,
                1.1399918521512877e-12,
                3.160881451837464e-10,
                0.9999999996765072
            ],
            [
                1.1399918523801895e-12,
                4.508755239667998e-12,
                8.87826547328713e-13,
                5.492788347754554e-11,
                0.9999999999385356
            ]
        ],
        [
            [
                0.9999999998973812,
                1.0261879626971885e-10,
                0.0,
                0.0,
                0.0
            ],
            [
                0.005220118573541743,
                0.9947785167566239,
                1.363801289119637e-06,
                8.547298641353929e-10,
                1.3815421533296175e-11
            ],
            [
                4.4202280361418615e-14,
                1.388794365288749e-11,
                0.9999999847553969,
                1.5229979512142472e-08,
                6.914400001353516e-13
            ],
            [
                3.701011675065379e-13,
                3.5114221100299094e-12,
                4.752193058242019e-13,
                3.5817479268695534e-10,
                0.9999999996374684
            ],
            [
                6.5602001648601635e-12,
                8.423463750239562e-12,
                1.291780004137445e-12,
                7.991959888941487e-11,
                0.999999999903805
            ]
        ],
        [
            [
                0.9999999998308102,
                1.6918979217935372e-10,
                0.0,
                0.0,
                0.0
            ],
            [
                0.00020342687403415027,
                0.9997964854636139,
                8.762460824506836e-08,
                3.7743646372430085e-11,
                0.0
            ],
            [
                7.97654855750491e-11,
                1.7224548769870233e-08,
                0.7772997205340175,
                0.2227000987395438,
                1.634221244804115e-07
            ],
            [
                1.0060392783209557e-12,
                4.508755237981821e-12,
                1.2917800035502998e-12,
                9.056076981009968e-11,
                0.9999999999026326
            ],
            [
                1.8795288152628708e-12,
                5.789356324799641e-12,
                8.878265472431258e-13,
                7.991959887527338e-11,
                0.9999999999115237
            ]
        ],
        [
            [
                0.9999999999622486,
                3.775134542603638e-11,
                0.0,
                0.0,
                0.0
            ],
            [
                0.9999989322961416,
                1.0677030750019346e-06,
                7.835027451524128e-13,
                0.0,
                0.0
            ],
            [
                9.357622784895578e-14,
                2.020683869301244e-11,
                0.999999980422727,
                1.9555680703440706e-08,
                1.2917799793932277e-12
            ],
            [
                6.914400100487597e-13,
                4.508755238087198e-12,
                1.0060392783444683e-12,
                5.211412483025184e-10,
                0.9999999994726525
            ],
            [
                2.1297851696721693e-12,
                7.433680667871928e-12,
                1.4637785132436933e-12,
                7.052879846861407e-11,
                0.9999999999184439
            ]
        ],
        [
            [
                0.9999999999821676,
                1.783247289729466e-11,
                0.0,
                0.0,
                0.0
            ],
            [
                0.9999417087099252,
                5.8291277819464775e-05,
                1.2255343651350138e-11,
                0.0,
                0.0
            ],
            [
                3.4424771057252873e-14,
                9.545034915230366e-12,
                0.9999999992321,
                7.582560421866326e-10,
                6.431393936324245e-14
            ],
            [
                3.266131339933092e-13,
                3.511422110307791e-12,
                6.101936672272687e-13,
                2.7894680904311376e-10,
                0.9999999997166049
            ],
            [
                4.752193057331062e-13,
                5.109089022214676e-12,
                1.0060392781316497e-12,
                2.7894680896756704e-10,
                0.9999999997144629
            ]
        ],
        [
            [
                0.999999999979793,
                2.0206839085418213e-11,
                0.0,
                0.0,
                0.0
            ],
            [
                0.008577485592882395,
                0.9914225026220235,
                1.1759370539132062e-08,
                2.5723518609772872e-11,
                0.0
            ],
            [
                1.0603575980333267e-13,
                1.0815941545870993e-11,
                0.9999999990151698,
                9.73620030273438e-10,
                2.8823507904024725e-13
            ],
            [
                8.878265458882321e-13,
                7.433680655960284e-12,
                1.0060392770649138e-12,
                1.605228051645946e-09,
                0.9999999983854444
            ],
            [
                8.878265470750344e-13,
                5.109089023626921e-12,
                1.4637785128548579e-12,
                1.0261879622791135e-10,
                0.9999999998899205
            ]
        ],
        [
            [
                0.9999999999200804,
                7.991959889788472e-11,
                0.0,
                0.0,
                0.0
            ],
            [
                0.9999977396730707,
                2.2603252705712544e-06,
                1.6586753235277087e-12,
                0.0,
                0.0
            ],
            [
                3.442477107352427e-14,
                1.2256067440120731e-11,
                0.9999999997086801,
                2.789468091963365e-10,
                8.258073282875059e-14
            ],
            [
                8.878265471133701e-13,
                4.508755238574397e-12,
                1.2917800037200755e-12,
                1.4930946749651274e-10,
                0.9999999998440021
            ],
            [
                5.384940212432302e-13,
                5.789356323009249e-12,
                8.878265469685603e-13,
                5.211412482738297e-10,
                0.9999999994716431
            ]
        ],
        [
            [
                0.9999999998973812,
                1.0261879628120361e-10,
                0.0,
                0.0,
                0.0
            ],
            [
                0.9999869928701371,
                1.3007124753734794e-05,
                5.109021115171893e-12,
                0.0,
                0.0
            ],
            [
                1.626111044502458e-14,
                2.129785170804692e-12,
                0.999999999971835,
                2.5946094980923977e-11,
                7.28772409530268e-14
            ],
            [
                3.266131335326016e-13,
                4.508755231994637e-12,
                7.835041767165347e-13,
                1.8189616833976534e-09,
                0.9999999981754195
            ],
            [
                3.701011675140802e-13,
                3.9789625321261296e-12,
                8.878265470179052e-13,
                1.6918979210371262e-10,
                0.9999999998255733
            ]
        ],
        [
            [
                0.9999999998680369,
                1.3176514264678147e-10,
                0.0,
                0.0,
                1.9810087972345187e-13
            ],
            [
                0.9999998874631576,
                1.1253518373353069e-07,
                1.6586784917773759e-12,
                0.0,
                0.0
            ],
            [
                7.28772402733287e-14,
                7.991959817849011e-11,
                0.9999999906823599,
                9.23744957516111e-09,
                1.981008779432331e-13
            ],
            [
                5.384940213212627e-13,
                5.109089023754557e-12,
                1.0060392784348701e-12,
                2.4616969497393034e-10,
                0.9999999997471767
            ],
            [
                8.878265472741936e-13,
                3.5114221111151086e-12,
                6.101936673675594e-13,
                4.8473687031484844e-11,
                0.9999999999465168
            ]
        ],
        [
            [
                0.999999999782756,
                2.172439934071569e-10,
                0.0,
                0.0,
                0.0
            ],
            [
                0.9999998144581056,
                1.8553915967119878e-07,
                2.734698636630646e-12,
                0.0,
                0.0
            ],
            [
                2.681003867362023e-14,
                1.0815941555592178e-11,
                0.9999999998728248,
                1.1628233028400269e-10,
                5.008774637059253e-14
            ],
            [
                7.83504177896906e-13,
                4.508755238787205e-12,
                8.878265471552746e-13,
                1.0261879623718584e-10,
                0.999999999891201
            ],
            [
                1.1399918524236488e-12,
                2.7346982901028767e-12,
                7.83504178079834e-13,
                7.991959888602443e-11,
                0.9999999999154221
            ]
        ],
        [
            [
                0.999999999982085,
                1.7832472901437027e-11,
                0.0,
                0.0,
                8.258073282448869e-14
            ],
            [
                0.9999996940967535,
                3.059023587437289e-07,
                8.878266588362217e-13,
                0.0,
                0.0
            ],
            [
                9.862862046068988e-15,
                2.543665647245014e-13,
                0.999999999996616,
                3.098819138561128e-12,
                2.0879679115376565e-14
            ],
            [
                5.384940213514454e-13,
                3.5114221106119574e-12,
                1.0060392784912588e-12,
                1.9171715122489164e-10,
                0.999999999803227
            ],
            [
                1.8795288149004207e-12,
                7.433680665871152e-12,
                1.6586783574681168e-12,
                1.9171715120868307e-10,
                0.999999999797311
            ]
        ],
        [
            [
                0.9999999998504023,
                1.493094675648947e-10,
                0.0,
