{
    "[['A', 'B', 'C', 'D', 'E'], ['A', 'B', 'C', 'D', 'E']]": [
        [
            [
                0.9999999999954912,
                4.5087552408483204e-12,
                0.0,
                0.0,
                0.0
            ],
            [
                0.9999999999200804,
                7.991959890084652e-11,
                0.0,
                0.0,
                0.0
            ],
            [
                1.0815942660554293e-11,
                2.5109994118757767e-08,
                0.9999997893369358,
                1.8553915518731984e-07,
                3.0988194548135716e-12
            ],
            [
                9.539757683480619e-12,
                1.0256206064707336e-10,
                7.987541314535765e-11,
                0.0005527785847271635,
                0.9994472212232957
            ],
            [
                4.508755237219121e-12,
                7.433680663983767e-12,
                2.1297851685581924e-12,
                5.905303992296179e-10,
                0.9999999993953974
            ]
        ],
        [
            [
                0.9999999999915765,
                8.423463751733245e-12,
                0.0,
                0.0,
                0.0
            ],
            [
                0.9999999994094697,
                5.905303993339462e-10,
                0.0,
                0.0,
                0.0
            ],
            [
                2.3659776085438486e-14,
                9.545034920456715e-12,
                0.999999999773143,
                2.172439934536441e-10,
                4.420228102537202e-14
            ],
            [
                3.7010119521058154e-13,
                5.109089405636573e-12,
                2.4133629501861873e-12,
                2.382369843564331e-07,
                0.9999997617551231
            ],
            [
                5.109088982410387e-12,
                1.573710196624195e-11,
                4.5087552020062485e-12,
                8.152020641626712e-09,
                0.9999999918226244
            ]
        ],
        [
            [
                0.9999999999969011,
                3.0988191377319347e-12,
                0.0,
                0.0,
                0.0
            ],
            [
                0.9999999992417439,
                7.582560419763441e-10,
                0.0,
                0.0,
                0.0
            ],
            [
                6.222827457913728e-11,
                0.0002034253106581644,
                0.9997886869340966,
                7.88765527369228e-06,
                3.774335643326303e-11
            ],
            [
                1.6586785688930582e-12,
                9.545036131185347e-12,
                2.734698637788433e-12,
                1.8553915974975029e-07,
                0.9999998144469018
            ],
            [
                5.789356305483875e-12,
                1.573710204367161e-11,
                5.109089007548117e-12,
                3.398267805849552e-09,
                0.9999999965750965
            ]
        ],
        [
            [
                0.9999999999915765,
                8.423463752323078e-12,
                0.0,
                0.0,
                0.0
            ],
            [
                0.9999999994788586,
                5.211412483888062e-10,
                0.0,
                0.0,
                0.0
            ],
            [
                2.6810038605903893e-14,
                1.78324728603133e-11,
                0.9999999973354736,
                2.646573631810057e-09,
                9.357622943739672e-14
            ],
            [
                1.783247281409987e-11,
                2.5946094845927788e-11,
                7.433680633147766e-12,
                4.363462229931277e-09,
                0.9999999955853256
            ],
            [
                2.129785161474789e-12,
                6.560200138950255e-12,
                1.658678351530424e-12,
                3.850741905625574e-09,
                0.9999999961389094
            ]
        ],
        [
            [
                0.9999999999771028,
                2.2897348449540568e-11,
                0.0,
                0.0,
                0.0
            ],
            [
                0.9999999999377585,
                6.224144620551608e-11,
                0.0,
                0.0,
                0.0
            ],
            [
                8.878265429109492e-13,
                1.1032560262110645e-09,
                0.9999999945320237,
                4.363462228689236e-09,
                3.701011658020462e-13
            ],
            [
                1.7832472157873385e-11,
                4.2777876889878604e-11,
                2.289734749308592e-11,
                4.139937544603855e-08,
                0.9999999585171169
            ],
            [
                2.413362754865645e-12,
                8.423463695246012e-12,
                1.879528803324727e-12,
                6.348800071407331e-09,
                0.9999999936384836
            ]
        ],
        [
            [
                0.9999999999915765,
                8.423463752046693e-12,
                0.0,
                0.0,
                0.0
            ],
            [
                0.999999999989184,
                1.0815941554149207e-11,
                0.0,
                0.0,
                0.0
            ],
            [
                1.3615261051628988e-13,
                6.224144609528277e-11,
                0.9999999978763325,
                2.061153618007874e-09,
                1.3615261051628988e-13
            ],
            [
                1.0060393017204963e-12,
                6.560200314462567e-12,
                1.2917800335959048e-12,
                6.4759461443256e-07,
                0.9999993523965276
            ],
            [
                1.6586782892446206e-12,
                8.42346340065717e-12,
                3.098819008561857e-12,
                4.1399375448950044e-08,
                0.9999999585874437
            ]
        ],
        [
            [
                0.9999999999771028,
                2.289734845028801e-11,
                0.0,
                0.0,
                0.0
            ],
            [
                0.9999999999740539,
                2.5946094973886683e-11,
                0.0,
                0.0,
                0.0
            ],
            [
                5.0087746157051074e-14,
                3.3315445274412414e-11,
                0.9999999956029741,
                4.363462233657534e-09,
                1.9810087892930732e-13
            ],
            [
                7.052879821011867e-11,
                3.33154452794804e-11,
                7.433680640626711e-12,
                3.398267804991937e-09,
                0.9999999964904542
            ],
            [
                3.978963032187774e-12,
                1.3887945597397614e-11,
                4.508755804733665e-12,
                6.825604227785934e-08,
                0.9999999317215821
            ]
        ],
        [
            [
                0.9999999999771028,
                2.289734844868784e-11,
                0.0,
                0.0,
                0.0
            ],
            [
                0.9999999995400946,
                4.599055374888418e-10,
                0.0,
                0.0,
                0.0
            ],
            [
                6.914400440791457e-13,
                7.582560794024262e-10,
                0.9999998547413622,
                1.44498031587791e-07,
                1.6586784390009837e-12
            ],
            [
                5.789357050865879e-12,
                2.0206841610721776e-11,
                5.109089665345427e-12,
                6.825604227726348e-08,
                0.9999999317128524
            ],
            [
                1.6586783539131498e-12,
                6.560200148374118e-12,
                2.1297851645342694e-12,
                2.33559303175729e-09,
                0.9999999976540583
            ]
        ],
        [
            [
                0.9999999999972653,
                2.7346982908210824e-12,
                0.0,
                0.0,
                0.0
            ],
            [
                0.9999999999094393,
                9.056076985988432e-11,
                0.0,
                0.0,
                0.0
            ],
            [
                1.3615261020050098e-13,
                4.2777878498516154e-11,
                0.9999999955932535,
                4.363462233443441e-09,
                3.7010116620528954e-13
            ],
            [
                3.511422101936367e-12,
                1.2256067404169454e-11,
                5.1090890114180124e-12,
                2.646573630286632e-09,
                0.9999999973325497
            ],
            [
                6.560200155225021e-12,
                1.388794383759384e-11,
                3.0988191326147127e-12,
                9.736200293821587e-10,
                0.999999999002833
            ]
        ],
        [
            [
                0.9999999999915765,
                8.423463752046693e-12,
                0.0,
                0.0,
                0.0
            ],
            [
                0.999999999683912,
                3.160881452031058e-10,
                0.0,
                0.0,
                0.0
            ],
            [
                1.0603575985237248e-13,
                7.052879846930682e-11,
                0.9999999994693662,
                4.59905537592565e-10,
                9.357622963292271e-14
            ],
            [
                1.7832472708677455e-11,
                2.289734820033235e-11,
                8.423463660246195e-12,
                1.04674016776593e-08,
                0.9999999894834449
            ],
            [
                5.7893563172551235e-12,
                1.0815941535846584e-11,
                3.098819132579418e-12,
                1.1032560301567053e-09,
                0.9999999988770398
            ]
        ],
        [
            [
                0.9999999999977875,
                2.1297851704881e-12,
                0.0,
                0.0,
                8.258073283742508e-14
            ],
            [
                0.9999999997538302,
                2.4616969506027673e-10,
                0.0,
                0.0,
                0.0
            ],
            [
                3.26613160575502e-13,
                4.599055748938231e-10,
                0.999999887003444,
                1.125351837798567e-07,
                1.1399919448290569e-12
            ],
            [
                7.433680481066134e-12,
                1.7832472449274998e-11,
                6.560199999344427e-12,
                2.510999091130079e-08,
                0.9999999748581827
            ],
            [
                3.978962527774657e-12,
                1.0815941535369321e-11,
                3.09881913244268e-12,
                1.2501528638535545e-09,
                0.9999999987319534
            ]
        ],
        [
            [
                0.9999999999975866,
                2.4133627713027286e-12,
                0.0,
                0.0,
                0.0
            ],
            [
                0.999999999782756,
                2.172439933828619e-10,
                0.0,
                0.0,
                0.0
            ],
            [
                1.981008758927352e-13,
                1.4930946467110285e-10,
                0.9999999802944417,
                1.9555680701658334e-08,
                3.7010116055038495e-13
            ],
            [
                3.978962367145258e-12,
                1.388794327617115e-11,
                5.109088811458533e-12,
                4.139937543268486e-08,
                0.9999999585776487
            ],
            [
                8.878265435034818e-13,
                4.508755220241872e-12,
                1.1399918474684955e-12,
                4.363462231601396e-09,
                0.9999999956300012
            ]
        ],
        [
            [
                0.9999999999972653,
                2.7346982907190972e-12,
                0.0,
                0.0,
                0.0
            ],
            [
                0.9999999996418252,
                3.58174792800026e-10,
                0.0,
                0.0,
                0.0
            ],
            [
                6.101936419801025e-13,
                7.582560107551868e-10,
                0.9999999578409746,
                4.139937543874512e-08,
                7.835041454037118e-13
            ],
            [
                1.6586690801006753e-12,
                1.2255998882425587e-11,
                5.789323942489103e-12,
                6.144172122444429e-06,
                0.9999938558081736
            ],
            [
                2.734698288025506e-12,
                9.54503491039278e-12,
                2.129785168178295e-12,
                3.160881450191531e-10,
                0.9999999996695024
            ]
        ],
        [
            [
                0.9999999999942106,
                5.789356326345769e-12,
                0.0,
                0.0,
                0.0
            ],
            [
                0.999999998394772,
                1.6052280522598808e-09,
                0.0,
                0.0,
                0.0
            ],
            [
                2.5436656445457083e-13,
                9.056076979593046e-11,
                0.9999999989354287,
                9.736200302172736e-10,
                1.3615261065742138e-13
            ],
            [
                3.0988193761139255e-12,
                2.0206840638213116e-11,
                6.5602006707128584e-12,
                8.315279897974544e-07,
                0.9999991684421443
            ],
            [
                1.0815941525737878e-11,
                1.0815941525737878e-11,
                2.413362764793945e-12,
                2.6465736311896215e-09,
                0.9999999973293812
            ]
        ],
        [
            [
                0.9999999999821676,
                1.7832472903436435e-11,
                0.0,
                0.0,
                0.0
            ],
            [
                0.9999999586003363,
                4.1399375464928314e-08,
                2.882350673489213e-13,
                0.0,
                0.0
            ],
            [
                9.357622935329533e-14,
                1.4930946708502334e-10,
                0.999999996452209,
                3.398267807325513e-09,
                1.2015425688743269e-13
            ],
            [
                9.53826485064287e-12,
                1.1619985393854697e-10,
                5.488892443396086e-11,
                0.0007096703441757976,
                0.9992903294751971
            ],
            [
                4.508755211750269e-12,
                1.0815941484013112e-11,
                4.508755211750269e-12,
                6.348800073033742e-09,
                0.9999999936313664
            ]
        ],
        [
            [
                0.999999999994891,
                5.109089026421288e-12,
                0.0,
                0.0,
                0.0
            ],
            [
                0.9999999586006245,
                4.1399375462387844e-08,
                0.0,
                0.0,
                0.0
            ],
            [
                1.2917800979884478e-12,
                2.3355932073133226e-09,
                0.9999997594246673,
                2.3823698393907563e-07,
                1.4637786197381228e-12
            ],
            [
                5.384940479715671e-13,
                5.7893566103659515e-12,
                1.2917800676273257e-12,
                1.4449803164033193e-07,
                0.9999998554943488
            ],
            [
                3.0988191349148823e-12,
                6.5602001600944796e-12,
                1.4637785123276362e-12,
                3.581747925882953e-10,
                0.9999999996307025
            ]
        ],
        [
            [
                0.9999999999942106,
                5.789356326866042e-12,
                0.0,
                0.0,
                0.0
            ],
            [
                0.9999999999450722,
                5.492788349117823e-11,
                0.0,
                0.0,
                0.0
            ],
            [
                1.0060392566053605e-12,
                7.194132868156531e-09,
                0.9999999775744622,
                1.5229979401401166e-08,
                4.1937955638437573e-13
            ],
            [
                1.463778435430538e-12,
                9.54503440968235e-12,
                2.4133626420864823e-12,
                5.315784968638227e-08,
                0.9999999468287282
            ],
            [
                3.978962524888367e-12,
                1.3887943826748698e-11,
                3.5114221037141653e-12,
                2.0611536167669014e-09,
                0.9999999979174681
            ]
        ],
        [
            [
                0.9999999999925664,
                7.433680669946085e-12,
                0.0,
                0.0,
                0.0
            ],
            [
                0.9999999999740539,
                2.594609497570032e-11,
                0.0,
                0.0,
                0.0
            ],
            [
                3.7010116055414437e-13,
                9.056076810922406e-11,
                0.9999999803523824,
                1.9555680701856976e-08,
                1.0060392594259343e-12
            ],
            [
                6.560200121968091e-12,
                1.2256067357813258e-11,
                3.5114220886550947e-12,
                6.34880007134631e-09,
                0.9999999936288722
            ],
            [
                2.129785159531686e-12,
                8.42346370928546e-12,
                3.0988191220998598e-12,
                4.944450475416771e-09,
                0.9999999950418974
            ]
        ],
        [
            [
                0.999999999990455,
                9.54503491973115e-12,
                0.0,
                0.0,
                0.0
            ],
            [
                0.9999999998973812,
                1.0261879627403139e-10,
                0.0,
                0.0,
                0.0
            ],
            [
                8.258073276798698e-14,
                1.573710209017459e-11,
                0.999999999010085,
                9.736200302684872e-10,
                4.75219305773172e-13
            ],
            [
                2.412732492731203e-12,
                4.2766706725291946e-11,
                2.2891368534832475e-11,
                0.0002611903281034453,
                0.9997388096038258
            ],
            [
                3.0988191309674112e-12,
                8.423463733389964e-12,
                2.734698284748628e-12,
                1.8189616830013177e-09,
                0.9999999981667813
            ]
        ],
        [
            [
                0.999999999987744,
                1.2256067440528339e-11,
                0.0,
                0.0,
                0.0
            ],
            [
                0.9999999999821676,
                1.783247290285194e-11,
                0.0,
                0.0,
                0.0
            ],
            [
                1.3615260953180527e-13,
                6.224144564523083e-11,
                0.9999999906995626,
                9.237449575320019e-09,
                6.101936620366979e-13
            ],
            [
                1.4637785819543987e-12,
                1.2256068012020474e-11,
                3.5114222760886e-12,
                5.043472049551175e-07,
                0.9999994956355637
            ],
            [
                6.91440009151915e-13,
                3.978962526963037e-12,
                7.835041767590048e-13,
                1.8189616834962508e-09,
                0.9999999981755845
            ]
        ],
        [
            [
                0.9999999999925664,
                7.433680670222029e-12,
                0.0,
                0.0,
                0.0
            ],
            [
                0.9999999999294713,
                7.052879849081137e-11,
                0.0,
                0.0,
                0.0
            ],
            [
                1.4637786617540714e-12,
                4.94445100060708e-09,
                0.9999999074107064,
                8.764249103354589e-08,
                8.878266373869727e-13
            ],
            [
                7.835041716499913e-13,
                5.789356278067975e-12,
                1.87952880009132e-12,
                8.152020643131807e-09,
                0.9999999918395269
            ],
            [
                1.1399918500121907e-12,
                5.1090890144741055e-12,
                1.8795288115398888e-12,
                2.0611536169562757e-09,
                0.9999999979307177
            ]
        ],
        [
            [
                0.999999999994891,
                5.109089026421001e-12,
                0.0,
                0.0,
                0.0
            ],
            [
                0.999999998394772,
                1.6052280522131718e-09,
                0.0,
                0.0,
                0.0
            ],
            [
                1.9810090498816821e-13,
                9.056078140912753e-11,
                0.9999998143693898,
                1.8553915984797572e-07,
                6.914400985922703e-13
            ],
            [
                1.2256067398703042e-11,
                1.7832472842094957e-11,
                5.789356307286892e-12,
                2.9989608137491645e-09,
                0.9999999969651612
            ],
            [
                2.129785168001971e-12,
                4.5087552360416e-12,
                7.835041774197913e-13,
                9.736200299506358e-10,
                0.9999999990189579
            ]
        ],
        [
            [
                0.9999999999915765,
                8.423463752566957e-12,
                0.0,
                0.0,
                0.0
            ],
            [
                0.9999999998973812,
                1.0261879626970978e-10,
                0.0,
                0.0,
                0.0
            ],
            [
                4.752193015353854e-13,
                6.691586024524254e-10,
                0.9999999900925464,
                9.237449569799485e-09,
                3.701011641664043e-13
            ],
            [
                2.413349099445899e-12,
                2.0206724612724765e-11,
                1.2255998009987458e-11,
                4.785094846496286e-06,
                0.9999952148702774
            ],
            [
                1.22560674280807e-11,
                1.22560674280807e-11,
                3.098819134671643e-12,
                5.211412481077181e-10,
                0.9999999994512478
            ]
        ],
        [
            [
                0.9999999999954912,
                4.508755240848439e-12,
                0.0,
                0.0,
                0.0
            ],
            [
                1.6701415063418614e-05,
                0.9999832962291769,
                2.3355530822945096e-09,
                2.0206493398721023e-11,
                0.0
            ],
            [
                3.700997681676149e-13,
                1.3176464437620912e-10,
                0.9999970975516861,
                2.902312200176725e-06,
                3.97894748773383e-12
            ],
            [
                4.508755220431345e-12,
                1.5737102030551857e-11,
                4.508755220431345e-12,
                3.85074190409492e-09,
                0.9999999961245034
            ],
            [
                1.2917800033422836e-12,
                3.5114221094520943e-12,
                1.1399918517702836e-12,
                5.905303992344183e-10,
                0.9999999994035265
            ]
        ],
        [
            [
                0.9999999999972653,
                2.734698290820667e-12,
                0.0,
                0.0,
                0.0
            ],
            [
                0.9999999999666846,
                3.331544541125696e-11,
                0.0,
                0.0,
                0.0
            ],
            [
                3.900837603794563e-14,
                1.3887943842227744e-11,
                0.9999999983807091,
                1.6052280525576553e-09,
                1.3615261058606676e-13
            ],
            [
                1.2917800023966633e-12,
                5.7893563180224046e-12,
                1.8795288130626245e-12,
                1.250152864074405e-09,
                0.9999999987408865
            ],
            [
                8.423463736684224e-12,
                2.0206839047559555e-11,
                5.789356316507608e-12,
                1.103256030014254e-09,
                0.9999999988623243
            ]
        ],
        [
            [
                0.9999999999738558,
                2.5946094974839143e-11,
                0.0,
                0.0,
                1.9810087974438582e-13
            ],
            [
                0.9999999999200804,
                7.991959890084652e-11,
                0.0,
                0.0,
                0.0
            ],
            [
                4.1937958625450535e-13,
                3.5817481046525227e-10,
                0.9999998551406394,
                1.444980316454858e-07,
                2.73469842472451e-12
            ],
            [
                6.560200858175327e-12,
                1.7832474783819425e-11,
                4.508755716539237e-12,
                8.764249141293575e-08,
                0.9999999123286072
            ],
            [
                2.41336276273889e-12,
                6.560200143432843e-12,
                2.1297851629300725e-12,
                2.9989608135562623e-09,
                0.9999999969899358
            ]
        ],
        [
            [
                0.9999999999841984,
                1.573710210163803e-11,
                0.0,
                0.0,
                6.431393939316715e-14
            ],
            [
                0.9999999995941349,
                4.058652123694577e-10,
                0.0,
                0.0,
                0.0
            ],
            [
                7.835041721328329e-13,
                8.592166549279032e-10,
                0.9999999919451755,
                7.1941329718029515e-09,
                6.914400050693327e-13
            ],
            [
                6.558486891618663e-12,
                7.051037905250117e-11,
                3.774148621705726e-11,
                0.0002611903278964394,
                0.9997388095572932
            ],
            [
                1.8795288138390514e-12,
                5.789356320413969e-12,
                1.463778512023122e-12,
                7.582560417019201e-10,
                0.9999999992326114
            ]
        ],
        [
            [
                0.999999999994891,
                5.1090890262062634e-12,
                0.0,
                0.0,
                0.0
            ],
            [
                0.9999999996418252,
                3.581747928221623e-10,
                0.0,
                0.0,
                0.0
            ],
            [
                8.878265385930975e-13,
                1.103256020845494e-09,
                0.9999999896579871,
                9.237449565698517e-09,
                4.193795614672089e-13
            ],
            [
                3.0988189712186324e-12,
                2.2897347218765038e-11,
                1.0815940972642102e-11,
                5.3157849670856116e-08,
                0.9999999468053382
            ],
            [
                2.940077731084095e-11,
                2.289734839259092e-11,
                6.560200149856262e-12,
                2.0611536166896493e-09,
                0.9999999978799881
            ]
        ],
        [
            [
                0.9999999999964886,
                3.5114221122535676e-12,
                0.0,
                0.0,
                0.0
            ],
            [
                0.9999999999377585,
                6.22414462116643e-11,
                0.0,
                0.0,
                0.0
            ],
            [
                2.2447769983383141e-13,
                4.8473685838697916e-11,
                0.9999999748396522,
                2.510999092338972e-08,
                1.6586783170310957e-12
            ],
            [
                1.291777642108023e-12,
                1.5737073323552765e-11,
                5.789345739942604e-12,
                2.2603252728169696e-06,
                0.999997739651909
            ],
            [
                1.0815941510791947e-11,
                2.2897348358028268e-11,
                7.433680640397536e-12,
                3.3982678048871702e-09,
                0.9999999965605852
            ]
        ],
        [
            [
                0.9999999999975866,
                2.4133627712327506e-12,
                0.0,
                0.0,
                0.0
            ],
            [
                0.9999999999377585,
                6.22414461965583e-11,
                0.0,
                0.0,
                0.0
            ],
            [
                1.3615261067648786e-13,
                3.3315445389247946e-11,
                0.9999999991069122,
                8.592166610813867e-10,
                4.19379565429895e-13
            ],
            [
                1.7832235877610505e-11,
                7.99185366323773e-11,
                4.8473042746904065e-11,
                1.3007124760114592e-05,
                0.999986992729016
            ],
            [
                1.573710207598961e-11,
                2.020683905058008e-11,
                6.560200155283876e-12,
                1.2501528639341731e-09,
                0.9999999987073429
            ]
        ],
        [
            [
                0.9999999999925664,
                7.4336806696329e-12,
                0.0,
                0.0,
                0.0
            ],
            [
                0.9999999997210531,
                2.7894680913117866e-10,
                0.0,
                0.0,
                0.0
            ],
            [
                2.54366564428658e-13,
                4.8473687003811045e-11,
                0.9999999988473245,
                1.1032560310031894e-09,
                6.91440009853978e-13
            ],
            [
                6.914361427800078e-13,
                1.2255998883683144e-11,
                5.1090604478297e-12,
                6.144172123074867e-06,
                0.9999938558098204
            ],
            [
                5.109089017283794e-12,
                1.3887943835662217e-11,
                5.109089017283794e-12,
                1.416608783654331e-09,
                0.9999999985592851
            ]
        ],
        [
            [
                0.999999999986112,
                1.3887943860895478e-11,
                0.0,
                0.0,
                0.0
            ],
            [
                0.9999999998837177,
                1.1628233026341251e-10,
                0.0,
                0.0,
                0.0
            ],
            [
                1.361526106170284e-13,
                4.2777878629385174e-11,
                0.9999999987065629,
                1.2501528646243778e-09,
                3.701011673375284e-13
            ],
            [
                1.291780067537285e-12,
                1.0815942082695801e-11,
                3.978962729124817e-12,
                1.4449803163026e-07,
                0.9999998554858817
            ],
            [
                9.54503491176905e-12,
                1.388794384885497e-11,
                7.433680663729635e-12,
                4.5990553733177317e-10,
                0.9999999995092279
            ]
        ],
        [
            [
                0.9999999999915765,
                8.423463751378192e-12,
                0.0,
                0.0,
                0.0
            ],
            [
                0.999999999868235,
                1.3176514263636413e-10,
                0.0,
                0.0,
                0.0
            ],
            [
                1.2015425722713818e-13,
                2.940077737068061e-11,
                0.9999999993010662,
                6.691586086248252e-10,
                2.5436656454593506e-13
            ],
            [
                1.1194180850148962e-10,
                1.0620743081063664e-09,
                1.751064502839088e-09,
                0.03732688384593898,
                0.9626731132289804
            ],
            [
                3.511422105320842e-12,
                1.2256067415982433e-11,
                3.97896252670897e-12,
                1.6052280515030048e-09,
                0.9999999983750254
            ]
        ],
        [
            [
                0.999999999990455,
                9.545034919730306e-12,
                0.0,
                0.0,
                0.0
            ],
            [
                0.9999999999515263,
                4.847368704297847e-11,
                0.0,
                0.0,
                0.0
            ],
            [
                9.357622781590024e-14,
                4.058652045260279e-10,
                0.9999999800380339,
                1.9555680696532716e-08,
                3.2661312774307227e-13
            ],
            [
                8.878265247765483e-13,
                9.545034674821016e-12,
                4.508755125138656e-12,
                2.510999090497805e-08,
                0.9999999748750674
            ],
            [
                3.098819134587518e-12,
                8.423463743230434e-12,
                3.511422108691727e-12,
                8.592166607710819e-10,
                0.9999999991257496
            ]
        ],
        [
            [
                0.9999999999964886,
                3.5114221121056905e-12,
                0.0,
                0.0,
                0.0
            ],
            [
                0.9999999999200804,
                7.991959890084489e-11,
                0.0,
                0.0,
                0.0
            ],
            [
                1.8795287765698097e-12,
                1.955568067198756e-08,
                0.9999999788370371,
                1.6052280210495033e-09,
                1.748234091093841e-13
            ],
            [
                7.83504238301209e-13,
                1.0815942382727032e-11,
                3.978962839500139e-12,
                8.315279895561666e-07,
                0.999999168456432
            ],
            [
                1.879528809775366e-12,
                5.789356307896936e-12,
                1.4637785088583206e-12,
                2.9989608140651752e-09,
                0.9999999969919064
            ]
        ],
        [
            [
                0.999999999986112,
                1.388794385979469e-11,
                0.0,
                0.0,
                0.0
            ],
            [
                0.9999999999666846,
                3.331544541001611e-11,
                0.0,
                0.0,
                0.0
            ],
            [
                2.36597760893599e-14,
                9.545034922038727e-12,
                0.9999999999419338,
                4.8473687058630165e-11,
                2.36597760893599e-14
            ],
            [
                3.772456927854104e-11,
                1.690697898188485e-10,
                9.049653721784227e-11,
                0.0007096703440010711,
                0.999290329358708
            ],
            [
                6.5602001557620944e-12,
                1.5737102077136795e-11,
                5.109089018412672e-12,
                1.1032560302595931e-09,
                0.9999999988693375
            ]
        ],
        [
            [
                0.999999999979793,
                2.020683908342396e-11,
                0.0,
                0.0,
                0.0
            ],
            [
                0.9525741245247968,
                0.047425875415913595,
                5.928956564282312e-11,
                0.0,
                0.0
            ],
            [
                5.6756851457331364e-14,
                4.277787803472414e-11,
                0.9999999847268977,
                1.5229979511528638e-08,
                2.882350749313136e-13
            ],
            [
                2.413330694431783e-12,
                2.2897044114544436e-11,
                9.544908054256897e-12,
                1.3007124766546007e-05,
                0.9999869928403782
            ],
            [
                2.0206839011087973e-11,
                2.9400777277705146e-11,
                8.423463721480605e-12,
                2.9989608131127508e-09,
                0.999999996943008
            ]
        ],
        [
            [
                0.9999999999842628,
                1.5737102100975078e-11,
                0.0,
                0.0,
                0.0
            ],
            [
                0.9999999994094697,
                5.90530399380781e-10,
                0.0,
                0.0,
                0.0
            ],
            [
                2.4133628589873458e-12,
                2.9989609331592294e-09,
                0.9999996042095223,
                3.9278636873285647e-07,
                2.734698390350444e-12
            ],
            [
                3.9786669022166355e-12,
                3.331297011166476e-11,
                1.78311479701801e-11,
                7.484619749915887e-05,
                0.9999251537473781
            ],
            [
                5.109088971062955e-12,
                1.2256067307362703e-11,
                2.7346982610817753e-12,
                1.0467401677963413e-08,
                0.9999999895124984
            ]
        ],
        [
            [
                0.9999999999915765,
                8.423463752046325e-12,
                0.0,
                0.0,
                0.0
            ],
            [
                0.9999999950555496,
                4.9444504757192124e-09,
                0.0,
                0.0,
                0.0
            ],
            [
                9.357622956333103e-14,
                4.847368699791432e-11,
                0.9999999987011863,
                1.250152864715832e-09,
                9.357622956333103e-14
            ],
            [
                7.052813122557858e-11,
                1.6918819152670987e-10,
                6.224085735165298e-11,
                1.0129988095294178e-05,
                0.9999898697099475
            ],
            [
                1.2256067352251729e-11,
                2.0206838938790827e-11,
                9.545034851309526e-12,
                6.348800068465366e-09,
                0.9999999936091919
            ]
        ],
        [
            [
                0.999999999987744,
                1.2256067440072848e-11,
                0.0,
                0.0,
                0.0
            ],
            [
