{
    "[['A', 'B', 'C', 'D', 'E'], ['A', 'B', 'C', 'D', 'E']]": [
        [
            [
                0.9999999990262052,
                9.736200301659723e-10,
                1.7482341262330768e-13,
                0.0,
                0.0
            ],
            [
                0.9998415637467426,
                0.00015843624874942145,
                4.508041675124886e-12,
                0.0,
                0.0
            ],
            [
                1.1399245306278273e-12,
                9.735625340012062e-10,
                0.9999417077389268,
                5.829127682629179e-05,
                9.544471239148387e-12
            ],
            [
                4.1937956530754014e-13,
                3.511422108935407e-12,
                1.1399918516025398e-12,
                5.905303991475249e-10,
                0.9999999994043989
            ],
            [
                4.1937956553301763e-13,
                3.511422110823307e-12,
                8.878265472004146e-13,
                1.3176514260514636e-10,
                0.9999999998634161
            ]
        ],
        [
            [
                0.999999999683912,
                3.1608814525360324e-10,
                0.0,
                0.0,
                0.0
            ],
            [
                0.7310585829740315,
                0.26894140704530606,
                9.825733466250622e-09,
                1.401565604900809e-10,
                1.477239279291256e-11
            ],
            [
                1.2915165155278845e-12,
                6.690221183144141e-10,
                0.9997965722352075,
                0.00020342706117020478,
                3.3308649944132895e-11
            ],
            [
                0.0,
                1.87952881359693e-12,
                3.266131337674751e-13,
                1.1032560306165526e-09,
                0.9999999988945378
            ],
            [
                2.8823507910086933e-13,
                5.109089023745954e-12,
                1.2917800036943938e-12,
                1.6918979211854134e-10,
                0.9999999998241211
            ]
        ],
        [
            [
                0.9999999994788586,
                5.211412483522212e-10,
                0.0,
                0.0,
                0.0
            ],
            [
                0.9999989322961411,
                1.0677030753803972e-06,
                7.835027454301366e-13,
                0.0,
                0.0
            ],
            [
                5.7886388017676975e-12,
                9.236304781810342e-09,
                0.9998765961017041,
                0.00012339462680528848,
                2.939713349025637e-11
            ],
            [
                8.87826547442989e-13,
                3.9789625340312234e-12,
                8.87826547442989e-13,
                1.6918979218471925e-10,
                0.9999999998250555
            ],
            [
                1.7482341271268259e-13,
                1.0060392786248575e-12,
                4.193795655634677e-13,
                1.317651426147135e-10,
                0.9999999998666347
            ]
        ],
        [
            [
                0.9999999998837177,
                1.1628233024700913e-10,
                0.0,
                0.0,
                0.0
            ],
            [
                0.9999977396739432,
                2.2603252732841777e-06,
                7.835027456317591e-13,
                0.0,
                0.0
            ],
            [
                2.732758633182355e-12,
                9.7292946507389e-10,
                0.9992903286280232,
                0.0007096703414256576,
                5.4888924428944055e-11
            ],
            [
                2.2447770535021105e-13,
                1.6586783577919344e-12,
                4.752193059555718e-13,
                3.5817479278596943e-10,
                0.9999999996394668
            ],
            [
                0.0,
                3.5114221106667113e-12,
                8.87826547160821e-13,
                2.4616969499156676e-10,
                0.9999999997494311
            ]
        ],
        [
            [
                0.9999999994788586,
                5.211412484289613e-10,
                0.0,
                0.0,
                0.0
            ],
            [
                0.9999952149041473,
                4.7850948466583575e-06,
                1.0060335798184013e-12,
                0.0,
                0.0
            ],
            [
                7.834758795093975e-13,
                4.058505534041766e-10,
                0.9999646433300681,
                3.535625750879232e-05,
                5.7891472258539685e-12
            ],
            [
                2.8823507906053943e-13,
                2.734698288898313e-12,
                8.878265469714945e-13,
                5.21141248275552e-10,
                0.999999999474948
            ],
            [
                0.0,
                3.978962531914327e-12,
                8.878265469706456e-13,
                5.211412482750537e-10,
                0.9999999994739919
            ]
        ],
        [
            [
                0.9999999995941349,
                4.058652122960662e-10,
                0.0,
                0.0,
                0.0
            ],
            [
                0.6791787095561083,
                0.32082128660567044,
                3.805298917014927e-09,
                3.292228638677818e-11,
                0.0
            ],
            [
                3.7010049093095185e-13,
                5.211402956028113e-10,
                0.9999977391513373,
                2.2603252727574676e-06,
                1.87952537881344e-12
            ],
            [
                2.5436656449553964e-13,
                2.413362769535734e-12,
                6.101936671796384e-13,
                3.581747926873418e-10,
                0.9999999996385474
            ],
            [
                0.0,
                2.734698288137636e-12,
                6.914400098206521e-13,
                5.905303991484962e-10,
                0.9999999994060436
            ]
        ],
        [
            [
                0.9999999998973812,
                1.0261879627781433e-10,
                0.0,
                0.0,
                0.0
            ],
            [
                0.9999986290423404,
                1.3709566535400873e-06,
                1.0060374940100392e-12,
                0.0,
                0.0
            ],
            [
                7.433666804196897e-12,
                3.9278599636192627e-07,
                0.9999987756761958,
                8.315279608234238e-07,
                2.413358269502381e-12
            ],
            [
                0.0,
                1.8795288150764344e-12,
                3.2661313402457446e-13,
                4.599055375073333e-10,
                0.9999999995378883
            ],
            [
                0.0,
                2.4133627694344915e-12,
                5.384940212401763e-13,
                1.3176514256998886e-10,
                0.9999999998652831
            ]
        ],
        [
            [
                0.9999999999200804,
                7.991959890084926e-11,
                0.0,
                0.0,
                0.0
            ],
            [
                0.9999038975963627,
                9.610240012622207e-05,
                3.5110874115693518e-12,
                0.0,
                0.0
            ],
            [
                1.361518492536752e-13,
                9.05602633545993e-11,
                0.9999938557347634,
                6.144172126781519e-06,
                2.413349272942704e-12
            ],
            [
                2.8823507911801304e-13,
                2.4133627699373745e-12,
                6.101936672811892e-13,
                1.9171715122522603e-10,
                0.9999999998049711
            ],
            [
                1.1399918524201664e-12,
                5.1090890252659045e-12,
                1.4637785133244345e-12,
                7.99195988857803e-11,
                0.9999999999123674
            ]
        ],
        [
            [
                0.9999999994094697,
                5.905303994172184e-10,
                0.0,
                0.0,
                0.0
            ],
            [
                0.9241418234659441,
                0.07585817597548773,
                5.45733805940737e-10,
                1.2834428953146846e-11,
                0.0
            ],
            [
                5.0087745395192315e-14,
                2.5946094473432318e-11,
                0.9999999804180687,
                1.9555680703964557e-08,
                2.543665597443736e-13
            ],
            [
                1.5428112022142182e-13,
                8.878265472833559e-13,
                4.752193059759719e-13,
                3.1608814523106623e-10,
                0.9999999996823945
            ],
            [
                7.835041779688222e-13,
                3.511422110967081e-12,
                7.835041779688222e-13,
                9.056076983458863e-11,
                0.9999999999043607
            ]
        ],
        [
            [
                0.9999999998973812,
                1.0261879628415193e-10,
                0.0,
                0.0,
                0.0
            ],
            [
                0.9999938558264116,
                6.144172124633682e-06,
                1.4637703261232478e-12,
                0.0,
                0.0
            ],
            [
                3.701005113928808e-13,
                1.9171681131782408e-10,
                0.9999986288491287,
                1.3709566546474796e-06,
                2.1297813932525608e-12
            ],
            [
                0.0,
                2.1297851696232675e-12,
                4.193795655755662e-13,
                2.1724399337198122e-10,
                0.9999999997802069
            ],
            [
                4.1937956534776876e-13,
                3.511422109272237e-12,
                7.835041775906515e-13,
                7.582560419049141e-10,
                0.9999999992370296
            ]
        ],
        [
            [
                0.9999999998082829,
                1.9171715128556335e-10,
                0.0,
                0.0,
                0.0
            ],
            [
                0.9995694428702818,
                0.00043055712017725777,
                9.540921498495031e-12,
                0.0,
                0.0
            ],
            [
                6.914255628237254e-13,
                4.598959279851897e-10,
                0.9999785545930965,
                2.144493975611136e-05,
                6.560063090577022e-12
            ],
            [
                0.0,
                1.0060392786252184e-12,
                3.7010116761716633e-13,
                6.224144618836272e-11,
                0.9999999999363824
            ],
            [
                2.2447770538750327e-13,
                2.4133627706012107e-12,
                3.7010116767033344e-13,
                1.4930946754349507e-10,
                0.9999999998476825
            ]
        ],
        [
            [
                0.9999999998082829,
                1.9171715127834367e-10,
                0.0,
                0.0,
                0.0
            ],
            [
                0.999999980444165,
                1.9555680698416395e-08,
                1.5428111724681665e-13,
                0.0,
                0.0
            ],
            [
                8.878198203824637e-13,
                5.211372998657911e-10,
                0.999992110210194,
                7.889265046216018e-06,
                2.7346775695454447e-12
            ],
            [
                1.4637785132536813e-12,
                2.1297851696867015e-12,
                6.101936673969338e-13,
                7.052879846909532e-11,
                0.9999999999252673
            ],
            [
                4.19379565666422e-13,
                1.6586783582358072e-12,
                2.882350792265463e-13,
                4.8473687042876097e-11,
                0.99999999994916
            ]
        ],
        [
            [
                0.9999999999200804,
                7.991959889787261e-11,
                0.0,
                0.0,
                0.0
            ],
            [
                0.9770226315596433,
                0.022977367854069005,
                5.769619218400232e-10,
                9.325720901238995e-12,
                0.0
            ],
            [
                2.2447773403472322e-13,
                1.317651594491903e-10,
                0.999999814328159,
                1.8553915984486965e-07,
                6.914400985806951e-13
            ],
            [
                2.8823507899270987e-13,
                2.1297851683568406e-12,
                4.752193056972124e-13,
                8.59216660868922e-10,
                0.9999999991378901
            ],
            [
                2.2447770530720758e-13,
                1.6586783574741793e-12,
                5.384940213078872e-13,
                4.058652122952002e-10,
                0.999999999591713
            ]
        ],
        [
            [
                0.9999999992417439,
                7.582560419445176e-10,
                0.0,
                0.0,
                0.0
            ],
            [
                0.9820137879173989,
                0.017986211563533517,
                5.11767692434021e-10,
                7.299974071947664e-12,
                0.0
            ],
            [
                8.878249243812641e-13,
                6.691573855170936e-10,
                0.9999989316249994,
                1.0677030758896927e-06,
                1.8795253796642828e-12
            ],
            [
                5.384940214021064e-13,
                1.879528815236148e-12,
                4.752193059476817e-13,
                1.6918979214422656e-10,
                0.999999999827917
            ],
            [
                1.748234127297352e-13,
                1.1399918524094201e-12,
                4.75219306012435e-13,
                1.493094675365563e-10,
                0.9999999998489004
            ]
        ],
        [
            [
                0.9999999994094697,
                5.90530399457415e-10,
                0.0,
                0.0,
                0.0
            ],
            [
                0.9999986290423399,
                1.3709566540135144e-06,
                1.0060374943574503e-12,
                0.0,
                0.0
            ],
            [
                2.6810038526445196e-14,
                2.0206838976131824e-11,
                0.9999999943767719,
                5.602796405903177e-09,
                1.9810087868639556e-13
            ],
            [
                2.2447770537227936e-13,
                2.1297851697241055e-12,
                5.384940214639862e-13,
                2.1724399338226698e-10,
                0.9999999997798632
            ],
            [
                1.2015425724532325e-13,
                1.0060392786771644e-12,
                3.266131340819558e-13,
                7.991959888138666e-11,
                0.9999999999186275
            ]
        ],
        [
            [
                0.9999999999200804,
                7.99195989077967e-11,
                0.0,
                0.0,
                0.0
            ],
            [
                0.7310585890885011,
                0.26894140918730325,
                1.7074564698302119e-09,
                1.673931421889752e-11,
                0.0
            ],
            [
                2.733780584440771e-12,
                1.1028858028548046e-09,
                0.9996646487972971,
                0.0003353500543197641,
                4.2763523334547784e-11
            ],
            [
                1.9810087956321337e-13,
                1.8795288142460437e-12,
                5.384940211184368e-13,
                8.5921666086916e-10,
                0.9999999991381672
            ],
            [
                2.2447770538442492e-13,
                1.4637785133585878e-12,
                3.70101167665258e-13,
                1.1628233024125383e-10,
                0.9999999998816593
            ]
        ],
        [
            [
                0.9999999985833912,
                1.416608784061001e-09,
                0.0,
                0.0,
                0.0
            ],
            [
                0.9999038975912552,
                9.610240032203746e-05,
                8.422660841636063e-12,
                0.0,
                0.0
            ],
            [
                1.2015403761364028e-13,
                4.847359842775162e-11,
                0.9999977396246684,
                2.26032527393077e-06,
                1.463775837582311e-12
            ],
            [
                4.193795655627174e-13,
                2.413362770249334e-12,
                6.914400102402311e-13,
                6.224144618822902e-11,
                0.9999999999342344
            ],
            [
                6.914400103043454e-13,
                3.978962533594815e-12,
                1.0060392787163434e-12,
                2.789468091296864e-10,
                0.9999999997153768
            ]
        ],
        [
            [
                0.9999999991407833,
                8.592166608302614e-10,
                0.0,
                0.0,
                0.0
            ],
            [
                0.9999999943970674,
                5.6027964041376346e-09,
                1.361526099973265e-13,
                0.0,
                0.0
            ],
            [
                5.384827699106e-13,
                2.4616455145102907e-10,
                0.999978554808996,
                2.1444939792380395e-05,
                4.5086610315842746e-12
            ],
            [
                4.193795654226917e-13,
                3.5114221098995594e-12,
                1.0060392782871534e-12,
                3.16088145118384e-10,
                0.999999999678975
            ],
            [
                1.748234127162797e-13,
                1.2917800039670966e-12,
                2.8823507916171755e-13,
                3.1608814523099117e-10,
                0.9999999996821569
            ]
        ],
        [
            [
                0.9999999985832551,
                1.4166087841286105e-09,
                1.361526105672844e-13,
                0.0,
                0.0
            ],
            [
                0.9997388096653119,
                0.00026119032890036637,
                5.787844368704844e-12,
                0.0,
                0.0
            ],
            [
                4.1937961827276925e-13,
                2.4616972596001083e-10,
                0.9999999314967585,
                6.825604229736605e-08,
                6.101937440527378e-13
            ],
            [
                3.701011675551198e-13,
                2.7346982893445125e-12,
                6.101936672590781e-13,
                3.581747927339717e-10,
                0.9999999996381101
            ],
            [
                4.752193059018316e-13,
                3.0988191362746687e-12,
                6.914400101479858e-13,
                1.1628233021038081e-10,
                0.9999999998794522
            ]
        ],
        [
            [
                0.9999999994094697,
                5.905303994322929e-10,
                0.0,
                0.0,
                0.0
            ],
            [
                0.9999898700107576,
                1.0129988102386432e-05,
                1.1399810681762208e-12,
                0.0,
                0.0
            ],
            [
                5.384796823595811e-13,
                4.598932911614989e-10,
                0.999972463845231,
                2.7535689828779622e-05,
                4.508635179836103e-12
            ],
            [
                3.7010116758448033e-13,
                3.098819136421063e-12,
                6.101936673074854e-13,
                5.211412484019251e-10,
                0.9999999994747797
            ],
            [
                8.878265472878472e-13,
                3.0988191367738003e-12,
                8.878265472878472e-13,
                1.0261879625250917e-10,
                0.9999999998925067
            ]
        ],
        [
            [
                0.9999999992417439,
                7.582560420293601e-10,
                0.0,
                0.0,
                0.0
            ],
            [
                0.8175744837401948,
                0.18242551456008044,
                1.6851452985617394e-09,
                1.4579363496127887e-11,
                0.0
            ],
            [
                1.6586785445128983e-12,
                1.855391570225948e-07,
                0.9999997992285115,
                1.5229981448879038e-08,
                6.914400880630555e-13
            ],
            [
                1.748234126550491e-13,
                2.413362769458046e-12,
                5.384940212454319e-13,
                4.5990553741260474e-10,
                0.9999999995369677
            ],
            [
                4.752193060693281e-13,
                3.5114221118411603e-12,
                8.878265474577682e-13,
                1.1628233025136584e-10,
                0.9999999998788431
            ]
        ],
        [
            [
                0.999999999979793,
                2.0206839084171393e-11,
                0.0,
                0.0,
                0.0
            ],
            [
                0.9999785550571447,
                2.14449397566011e-05,
                3.0987543879302018e-12,
                0.0,
                0.0
            ],
            [
                1.0060374623599512e-12,
                6.691574006179037e-10,
                0.999998238984574,
                1.7603431329419856e-06,
                2.12978132452899e-12
            ],
            [
                3.7010116745992467e-13,
                3.5114221095876554e-12,
                7.835041776610308e-13,
                7.582560419730255e-10,
                0.9999999992370789
            ],
            [
                1.361526106272648e-13,
                2.12978516811351e-12,
                4.75219305642918e-13,
                9.736200300016255e-10,
                0.9999999990236388
            ]
        ],
        [
            [
                0.9999999997538302,
                2.461696950327184e-10,
                0.0,
                0.0,
                0.0
            ],
            [
                0.9999898700097691,
                1.012998810105319e-05,
                2.1297650218891854e-12,
                0.0,
                0.0
            ],
            [
                3.266125549203995e-13,
                2.789463144808211e-10,
                0.9999986287609737,
                1.3709566545266226e-06,
                3.098813641922891e-12
            ],
            [
                2.8823507905648083e-13,
                1.879528814661362e-12,
                4.75219305802353e-13,
                4.058652122420944e-10,
                0.9999999995914919
            ],
            [
                5.384940214216824e-13,
                2.73469828979553e-12,
                6.914400102398332e-13,
                1.3176514261440192e-10,
                0.9999999998642701
            ]
        ],
        [
            [
                0.9999999998973812,
                1.0261879628413971e-10,
                0.0,
                0.0,
                0.0
            ],
            [
                0.9996646499129289,
                0.0003353500576801403,
                2.939091111052578e-11,
                0.0,
                0.0
            ],
            [
                5.00877463416066e-14,
                1.0815941549332959e-11,
                0.9999999993196489,
                6.6915860863726e-10,
                3.2661313403859296e-13
            ],
            [
                4.193795656060961e-13,
                2.1297851697783113e-12,
                4.193795656060961e-13,
                1.9171715126983836e-10,
                0.9999999998053144
            ],
            [
                3.2661313406446886e-13,
                3.0988191366888325e-12,
                1.0060392786233007e-12,
                1.9171715125005437e-10,
                0.9999999998038513
            ]
        ],
        [
            [
                0.9999999998082829,
                1.9171715127835925e-10,
                0.0,
                0.0,
                0.0
            ],
            [
                0.182425512617451,
                0.8175744731891018,
                1.410954865039623e-08,
                8.389844307697349e-11,
                0.0
            ],
            [
                3.701004995152974e-13,
                5.211403076904698e-10,
                0.9999982391338925,
                1.760343133250117e-06,
                1.4637758707742312e-12
            ],
            [
                2.8823507911294454e-13,
                1.8795288150295513e-12,
                8.878265471329134e-13,
                2.789468090628581e-10,
                0.9999999997179976
            ],
            [
                0.0,
                3.0988191362281628e-12,
                6.91440010137609e-13,
                1.3176514259492143e-10,
                0.9999999998644447
            ]
        ],
        [
            [
                0.9999999998082829,
                1.9171715129177755e-10,
                0.0,
                0.0,
                0.0
            ],
            [
                0.9990889485591204,
                0.0009110514075943527,
                3.328508499140507e-11,
                0.0,
                0.0
            ],
            [
                5.675685217248764e-14,
                2.5946094912437713e-11,
                0.9999999973272489,
                2.6465736317355727e-09,
                1.7482341235324638e-13
            ],
            [
                1.9810087963291177e-13,
                1.8795288149073237e-12,
                3.2661313399518743e-13,
                4.0586521229520734e-10,
                0.9999999995917306
            ],
            [
                3.701011675752391e-13,
                2.413362769981118e-12,
                6.101936672922492e-13,
                4.0586521233609467e-10,
                0.9999999995907412
            ]
        ],
        [
            [
                0.9999999999200804,
                7.991959889787472e-11,
                0.0,
                0.0,
                0.0
            ],
            [
                0.9999991684714715,
                8.315279900407769e-07,
                5.384940631855395e-13,
                0.0,
                0.0
            ],
            [
                2.244773073653526e-13,
                9.056060927690207e-11,
                0.9999986289517766,
                1.3709566548321997e-06,
                7.835027888726556e-13
            ],
            [
                4.1937956558024524e-13,
                3.978962533392163e-12,
                8.878265473003954e-13,
                1.4930946752796559e-10,
                0.9999999998454043
            ],
            [
                4.752193059034784e-13,
                2.734698289441743e-12,
                7.83504177890416e-13,
                1.9171715122509534e-10,
                0.9999999998042894
            ]
        ],
        [
            [
                0.999999999782756,
                2.172439933828524e-10,
                0.0,
                0.0,
                0.0
            ],
            [
                0.9999977396739438,
                2.2603252726890503e-06,
                7.835027454254684e-13,
                0.0,
                0.0
            ],
            [
                2.7346932585020505e-12,
                1.1861098321482992e-08,
                0.9999977278074086,
                2.2603252469459334e-06,
                3.511415650761253e-12
            ],
            [
                3.7010116765458555e-13,
                1.8795288154996238e-12,
                3.266131340981138e-13,
                9.056076984664472e-11,
                0.999999999906863
            ],
            [
                5.384940215108246e-13,
                4.508755240079533e-12,
                1.0060392787890183e-12,
                1.6918979217838483e-10,
                0.9999999998247568
            ]
        ],
        [
            [
                0.9999999998308102,
                1.6918979220421962e-10,
                0.0,
                0.0,
                0.0
            ],
            [
                0.9241418232678584,
                0.07585817592356019,
                7.940380033435752e-10,
                1.4543313333172425e-11,
                0.0
            ],
            [
                3.0988133457686667e-12,
                4.139929979557993e-08,
                0.9999988908905901,
                1.0677030323022615e-06,
                3.978955097538147e-12
            ],
            [
                2.2447770533581432e-13,
                1.1399918521999e-12,
                5.384940213765112e-13,
                4.599055375245541e-10,
                0.9999999995381914
            ],
            [
                6.101936671903327e-13,
                5.109089023289101e-12,
                1.2917800035788833e-12,
                1.6918979210341246e-10,
                0.9999999998237992
            ]
        ],
        [
            [
                0.9999999999666846,
                3.331544541330265e-11,
                0.0,
                0.0,
                0.0
            ],
            [
                0.9999993524049662,
                6.475946145708161e-07,
                4.193795752806965e-13,
                0.0,
                0.0
            ],
            [
                5.108982534056994e-12,
                6.825461103251512e-08,
                0.9999784867928636,
                2.1444940856350094e-05,
                6.560063427142926e-12
            ],
            [
                0.0,
                1.8795288147518186e-12,
                3.2661313396816467e-13,
                3.581747926877257e-10,
                0.9999999996396192
            ],
            [
                2.5436656454264547e-13,
                2.129785169322678e-12,
                3.701011675754758e-13,
                4.0586521233635425e-10,
                0.9999999995913806
            ]
        ],
        [
            [
                0.9999999999200804,
                7.991959889450905e-11,
                0.0,
                0.0,
                0.0
            ],
            [
                0.999972464308046,
                2.753568982427303e-05,
                2.129728457117486e-12,
                0.0,
                0.0
            ],
            [
                1.8793496619729226e-12,
                1.250033703226039e-09,
                0.9999038963228118,
                9.610239933153412e-05,
                2.5943621830265327e-11
            ],
            [
                2.5436656451335255e-13,
                2.1297851690774114e-12,
                2.5436656451335255e-13,
                5.21141248329231e-10,
                0.9999999994762203
            ],
            [
                4.752193059529481e-13,
                3.511422110981223e-12,
                1.006039278597055e-12,
                2.1724399335971044e-10,
                0.9999999997777633
            ]
        ],
        [
            [
                0.999999974889811,
                2.5109990915371087e-08,
                1.9810087473940919e-13,
                0.0,
                0.0
            ],
            [
                0.9999999748897208,
                2.510999092073321e-08,
                2.882350720357473e-13,
                0.0,
                0.0
            ],
            [
                1.2917209899666841e-12,
                1.4165440690355e-09,
                0.9999546007124989,
                4.539785577800362e-05,
                1.3887309395863424e-11
            ],
            [
                0.0,
                2.1297851689308413e-12,
                5.384940212634176e-13,
                2.7894680902167716e-10,
                0.9999999997183848
            ],
            [
                2.244777053844434e-13,
                1.4637785133587084e-12,
                2.8823507919336796e-13,
                6.224144619645563e-11,
                0.999999999935782
            ]
        ],
        [
            [
                0.9999999998973812,
                1.026187962811836e-10,
                0.0,
                0.0,
                0.0
            ],
            [
                0.9706877716715505,
                0.02931222797440579,
                3.476757728083112e-10,
                6.3679039051186144e-12,
                0.0
            ],
            [
                1.2917799094367954e-12,
                3.224186499272226e-08,
                0.9999999263569305,
                4.1399374132070104e-08,
                5.384939820279432e-13
            ],
            [
                0.0,
                2.4133627671932525e-12,
                8.878265461390194e-13,
                1.250152863983183e-09,
                0.999999998746546
            ],
            [
                7.835041780362477e-13,
                3.5114221112692607e-12,
                7.835041780362477e-13,
                2.7894680911949277e-10,
                0.9999999997159748
            ]
        ],
        [
            [
                0.9999999988967441,
                1.1032560307310714e-09,
                0.0,
                0.0,
                0.0
            ],
            [
                0.9999999317432663,
                6.825604227932206e-08,
                6.914400969616276e-13,
                0.0,
                0.0
            ],
            [
                9.862861728241452e-15,
                8.423463482588434e-12,
                0.9999999677494121,
                3.224186633191161e-08,
                2.882350700412094e-13
            ],
            [
                2.2447770526016016e-13,
                2.7346982886444753e-12,
                4.752193057649341e-13,
                7.582560419739585e-10,
                0.9999999992383095
            ],
            [
                5.384940214826996e-13,
                2.4133627705214056e-12,
                7.835041780805571e-13,
                7.99195988860982e-11,
                0.9999999999163451
            ]
        ],
        [
            [
                0.999999999782756,
                2.1724399338277844e-10,
                0.0,
                0.0,
                0.0
            ],
            [
                0.9999999804440387,
                1.9555680698416e-08,
                1.9810087585989008e-13,
                0.0,
                8.258073121103525e-14
            ],
            [
                3.037975766004656e-14,
                2.5946098232983738e-11,
                0.9999999317177269,
                6.825604231365513e-08,
                2.5436659660171885e-13
            ],
            [
                5.384940212347474e-13,
                5.78935632291805e-12,
                1.2917800034890294e-12,
                5.905303993015025e-10,
                0.99999999940185
            ],
            [
                0.0,
                1.879528815454104e-12,
                3.2661313409020364e-13,
                1.6918979216384635e-10,
                0.999999999828604
            ]
        ],
        [
            [
                0.9999999998973812,
                1.026187962841462e-10,
                0.0,
                0.0,
                0.0
            ],
            [
                0.11920292189137043,
                0.8807970628282231,
                1.520064079192106e-08,
                7.976564223495284e-11,
                0.0
            ],
            [
                7.83499739525027e-13,
                8.59211793983205e-10,
                0.9999952140393701,
                4.785094845231241e-06,
                5.789323528847976e-12
            ],
            [
                4.752193059871886e-13,
                3.978962533409713e-12,
                1.2917800039978935e-12,
                2.461696950313527e-10,
                0.9999999997480844
            ],
            [
                3.266131339811218e-13,
                3.5114221101767635e-12,
                7.835041777924786e-13,
                3.160881451433371e-10,
                0.9999999996792903
            ]
        ],
        [
            [
                0.9999999998973812,
                1.026187962841462e-10,
                0.0,
                0.0,
                0.0
            ],
            [
                0.9999977396740357,
                2.260325272866983e-06,
                6.914387460589327e-13,
                0.0,
                0.0
            ],
            [
                2.8823509278926126e-13,
                1.493094745843069e-10,
                0.9999994955017334,
                5.043472051101496e-07,
                1.4637785824043516e-12
            ],
            [
                2.543665643963095e-13,
                2.734698287921664e-12,
                7.83504177454906e-13,
                6.691586082312072e-10,
                0.9999999993270687
            ],
            [
                2.2447770539235076e-13,
                2.413362770653326e-12,
                4.752193060447816e-13,
                7.99195988904668e-11,
                0.9999999999169673
            ]
        ],
        [
            [
                0.9999999995941349,
                4.0586521233740947e-10,
                0.0,
                0.0,
                0.0
            ],
            [
                0.9999999827421723,
                1.72578276853086e-08,
                0.0,
                0.0,
                0.0
            ],
            [
                1.4637784690156901e-12,
                5.60279626487223e-09,
                0.9999999692849656,
                2.5109990783608806e-08,
                7.835041543606788e-13
            ],
            [
                3.701011676923794e-13,
                1.879528815691557e-12,
                5.384940215325832e-13,
                1.6918979218522117e-10,
                0.999999999828022
            ],
            [
                1.7482341199271282e-13,
                2.7346982785397743e-12,
                5.384940192052926e-13,
                4.363462232117877e-09,
                0.9999999956330898
            ]
        ],
        [
            [
                0.9999999999094393,
                9.056076986321053e-11,
                0.0,
                0.0,
                0.0
            ],
            [
                0.9999546021407908,
                4.539785569790717e-05,
                3.511261696471447e-12,
                0.0,
                0.0
            ],
            [
                2.4133536517167513e-12,
                7.194105843641371e-09,
                0.9999962661586024,
                3.7266390890276923e-06,
                5.7893344507085905e-12
            ],
            [
