{
    "[['A', 'B', 'C', 'D', 'E'], ['A', 'B', 'C', 'D', 'E']]": [
        [
            [
                0.9999999999666846,
                3.3315445413300795e-11,
                0.0,
                0.0,
                0.0
            ],
            [
                0.9999999827417528,
                1.7257827673317785e-08,
                4.193795581918819e-13,
                0.0,
                0.0
            ],
            [
                1.0603575980496039e-13,
                1.0815941546037024e-11,
                0.9999999990149195,
                9.736200302883836e-10,
                5.384940212153653e-13
            ],
            [
                3.0986775725429005e-12,
                2.594490966366074e-11,
                7.433341072743103e-12,
                4.539785571611679e-05,
                0.999954602107807
            ],
            [
                2.12962692970939e-12,
                3.331297011209787e-11,
                6.559712750800439e-12,
                7.484619761923758e-05,
                0.9999251537603785
            ]
        ],
        [
            [
                0.9999999999771028,
                2.2897348450288782e-11,
                0.0,
                0.0,
                0.0
            ],
            [
                0.9998766053675308,
                0.00012339462937090105,
                3.098435099648252e-12,
                0.0,
                0.0
            ],
            [
                2.36597760608243e-14,
                1.3887943847047279e-11,
                0.999999998735853,
                1.250152864773929e-09,
                8.258073274902236e-14
            ],
            [
                9.991889526482202e-10,
                3.951868968418367e-09,
                2.7160771731806823e-09,
                0.3775406730586169,
                0.6224593192742479
            ],
            [
                3.5114222760706356e-12,
                1.5737102836007376e-11,
                3.0988192822988857e-12,
                5.043472049525373e-07,
                0.9999994956304478
            ]
        ],
        [
            [
                0.9999999997538302,
                2.461696950521537e-10,
                0.0,
                0.0,
                0.0
            ],
            [
                0.9999999317439577,
                6.82560422740024e-08,
                0.0,
                0.0,
                0.0
            ],
            [
                5.008774636209128e-14,
                1.78324729023276e-11,
                0.9999999997030977,
                2.7894680919587127e-10,
                7.287724093441686e-14
            ],
            [
                2.129785274084192e-12,
                1.7832473771629965e-11,
                3.5114222834065094e-12,
                1.4449803160780438e-07,
                0.9999998554784947
            ],
            [
                1.291780002485588e-12,
                6.560200156471343e-12,
                1.6586783559604488e-12,
                1.2501528641604643e-09,
                0.9999999987403365
            ]
        ],
        [
            [
                0.999999999990455,
                9.54503492008482e-12,
                0.0,
                0.0,
                0.0
            ],
            [
                0.9999999999094393,
                9.056076985988432e-11,
                0.0,
                0.0,
                0.0
            ],
            [
                3.4424771081340444e-14,
                1.5737102105327204e-11,
                0.999999999935731,
                4.847368705797228e-11,
                2.365977608903879e-14
            ],
            [
                3.6644756919746725e-11,
                3.4767577344212803e-10,
                2.1087601623195398e-10,
                0.029312227929651078,
                0.9706877714751524
            ],
            [
                6.914400094662835e-13,
                3.0988191332194912e-12,
                5.384940208192412e-13,
                1.2501528641669424e-09,
                0.9999999987455184
            ]
        ],
        [
            [
                0.9999999999925664,
                7.43368067046509e-12,
                0.0,
                0.0,
                0.0
            ],
            [
                0.999999990762296,
                9.237449573329146e-09,
                2.5436656229682153e-13,
                0.0,
                0.0
            ],
            [
                5.0087746365236364e-14,
                2.0206839084897438e-11,
                0.9999999997624347,
                2.1724399345065543e-10,
                6.431393939757254e-14
            ],
            [
                1.477239296415011e-11,
                2.6184693057845656e-10,
                1.5881819154747939e-10,
                0.26894140968057856,
                0.731058589883984
            ],
            [
                1.879528797735562e-12,
                5.789356270811728e-12,
                1.006039269218517e-12,
                9.237449569555632e-09,
                0.9999999907538756
            ]
        ],
        [
            [
                0.9999999999842628,
                1.57371021016364e-11,
                0.0,
                0.0,
                0.0
            ],
            [
                0.9999982396559801,
                1.760343132127892e-06,
                8.878249440061373e-13,
                0.0,
                0.0
            ],
            [
                3.9008376093649734e-14,
                1.388794386205978e-11,
                0.9999999998168265,
                1.6918979222613215e-10,
                5.6756852314458253e-14
            ],
            [
                2.129521226684178e-12,
                3.3311316638585426e-11,
                1.2254548549687777e-11,
                0.00012339462837156542,
                0.9998766053239331
            ],
            [
                1.4637784356265284e-12,
                6.560199816343962e-12,
                2.1297850567398603e-12,
                5.315784969349975e-08,
                0.9999999468319967
            ]
        ],
        [
            [
                0.9999999999740539,
                2.594609497644086e-11,
                0.0,
                0.0,
                0.0
            ],
            [
                0.9999999998082829,
                1.9171715127845014e-10,
                0.0,
                0.0,
                0.0
            ],
            [
                3.266131236868688e-13,
                1.3176513842788693e-10,
                0.9999999676255035,
                3.2241866326982136e-08,
                5.384940043123524e-13
            ],
            [
                7.432972108232818e-12,
                3.7747747057278106e-11,
                1.0814910602575303e-11,
                9.610239984359844e-05,
                0.9999038975441608
            ],
            [
                2.413362950802906e-12,
                1.0815942359372207e-11,
                2.413362950802906e-12,
                2.3823698441731295e-07,
                0.9999997617473729
            ]
        ],
        [
            [
                0.999999999990455,
                9.545034919327196e-12,
                0.0,
                0.0,
                0.0
            ],
            [
                0.9999999950555496,
                4.9444504737398205e-09,
                0.0,
                0.0,
                0.0
            ],
            [
                1.2015425663129498e-13,
                2.940077722488258e-11,
                0.9999999943670725,
                5.602796405529349e-09,
                6.101936642745893e-13
            ],
            [
                1.2916840265399069e-12,
                1.7831147969328e-11,
                5.10870942673631e-12,
                7.484619755141778e-05,
                0.999925153778217
            ],
            [
                1.8795254823910954e-12,
                1.2256045702723533e-11,
                1.8795254823910954e-12,
                1.3709566544019624e-06,
                0.9999986290273305
            ]
        ],
        [
            [
                0.999999999979793,
                2.020683908483294e-11,
                0.0,
                0.0,
                0.0
            ],
            [
                0.9999970976869141,
                2.90231219794815e-06,
                8.878231894785163e-13,
                0.0,
                0.0
            ],
            [
                3.2661313352207026e-13,
                2.17243993004606e-10,
                0.9999999977210212,
                2.0611536176634212e-09,
                2.543665641483936e-13
            ],
            [
                1.291772686700068e-12,
                1.225599801203337e-11,
                2.413349099848763e-12,
                4.78509484729507e-06,
                0.9999952148891916
            ],
            [
                7.835042779425865e-13,
                5.109089676468457e-12,
                1.0060394069618577e-12,
                1.8553915980875614e-07,
                0.9999998144539416
            ]
        ],
        [
            [
                0.9999999999964886,
                3.5114221126007327e-12,
                0.0,
                0.0,
                0.0
            ],
            [
                0.9999999317439578,
                6.825604225321316e-08,
                0.0,
                0.0,
                0.0
            ],
            [
                1.9810087925256944e-13,
                7.052879831447902e-11,
                0.9999999972824112,
                2.646573631530159e-09,
                2.8823507854080546e-13
            ],
            [
                4.508755451474184e-12,
                1.3887944509281807e-11,
                3.978962720437376e-12,
                5.043472049834071e-07,
                0.9999994956304193
            ],
            [
                1.3887943117885369e-11,
                2.5946093587037994e-11,
                5.1090887532284484e-12,
                5.315784968470668e-08,
                0.9999999467972072
            ]
        ],
        [
            [
                0.999999999987744,
                1.2256067440528053e-11,
                0.0,
                0.0,
                0.0
            ],
            [
                0.9999999827421723,
                1.7257827684668205e-08,
                0.0,
                0.0,
                0.0
            ],
            [
                7.287724094544349e-14,
                2.0206839086685996e-11,
                0.9999999998478983,
                1.3176514267789592e-10,
                5.675685231639484e-14
            ],
            [
                7.835042364061163e-13,
                9.545035628203098e-12,
                1.4637786222967472e-12,
                2.3823698435550403e-07,
                0.9999997617512233
            ],
            [
                2.7346985116517554e-12,
                1.2256068430339445e-11,
                2.413362966035377e-12,
                1.125351837749115e-07,
                0.9999998874474121
            ]
        ],
        [
            [
                0.9999999999821676,
                1.78324729044e-11,
                0.0,
                0.0,
                0.0
            ],
            [
                0.9999999970010391,
                2.9989608151246145e-09,
                0.0,
                0.0,
                0.0
            ],
            [
                8.258073282027016e-14,
                1.3887943859029317e-11,
                0.9999999996276001,
                3.5817479287526006e-10,
                2.543665646289944e-13
            ],
            [
                6.101832301550651e-13,
                1.225585779918948e-11,
                3.098766132187518e-12,
                1.670141510100847e-05,
                0.9999832985689342
            ],
            [
                8.422130641911271e-12,
                4.846601552961246e-11,
                1.2254127776773781e-11,
                0.00015843624752418642,
                0.9998415636833335
            ]
        ],
        [
            [
                0.9999999999934397,
                6.560200166279495e-12,
                0.0,
                0.0,
                0.0
            ],
            [
                0.9999999468417802,
                5.315784970363919e-08,
                3.701011480821094e-13,
                0.0,
                0.0
            ],
            [
                2.543665646054846e-13,
                4.2777878667456065e-11,
                0.999999999550776,
                4.058652124366198e-10,
                3.2661313410898666e-13
            ],
            [
                1.6534160141174785e-12,
                4.264216102862025e-11,
                1.221718368318436e-11,
                0.003172683075037356,
                0.9968273168684499
            ],
            [
                5.492788240514072e-11,
                2.940077680169873e-11,
                6.560200036251278e-12,
                1.9555680694654685e-08,
                0.9999999803534305
            ]
        ],
        [
            [
                0.9999999999771028,
                2.289734845094605e-11,
                0.0,
                0.0,
                0.0
            ],
            [
                0.9999999981810384,
                1.8189616835058534e-09,
                0.0,
                0.0,
                0.0
            ],
            [
                2.54366564210222e-13,
                4.058652118059421e-10,
                0.9999999979885796,
                1.6052280518569113e-09,
                7.287724080707417e-14
            ],
            [
                6.914400636739088e-13,
                1.0815942386030585e-11,
                3.0988193761612125e-12,
                8.315279898101433e-07,
                0.999999168457404
            ],
            [
                1.4637785098277977e-12,
                7.433680650524579e-12,
                1.2917800009929263e-12,
                2.335593031941306e-09,
                0.9999999976542178
            ]
        ],
        [
            [
                0.9999999999821676,
                1.7832472901436713e-11,
                0.0,
                0.0,
                0.0
            ],
            [
                0.9999999936511998,
                6.348800071485401e-09,
                0.0,
                0.0,
                0.0
            ],
            [
                1.9810087853069974e-13,
                7.582560379140366e-10,
                0.9999999936384611,
                5.602796401499703e-09,
                2.8823507749049126e-13
            ],
            [
                2.7237836917603586e-11,
                1.0220922897994343e-09,
                1.3123924783030466e-09,
                0.8175744831844582,
                0.18242551445381913
            ],
            [
                6.914399930101277e-13,
                3.978962434073464e-12,
                8.878265251393982e-13,
                2.510999091524037e-08,
                0.9999999748844508
            ]
        ],
        [
            [
                0.9999999999954912,
                4.508755241015781e-12,
                0.0,
                0.0,
                0.0
            ],
            [
                0.9999999998082829,
                1.9171715128555888e-10,
                0.0,
                0.0,
                0.0
            ],
            [
                8.258073281394695e-14,
                1.7832472899160645e-11,
                0.9999999995760218,
                4.058652124430547e-10,
                1.9810087970507535e-13
            ],
            [
                2.4130636835894664e-12,
                3.774666691549314e-11,
                1.2254548548668638e-11,
                0.0001233946281880144,
                0.9998766053193977
            ],
            [
                1.0060393182157278e-12,
                1.0815941975848555e-11,
                1.8795288892744025e-12,
                3.927863697484247e-07,
                0.9999996071999288
            ]
        ],
        [
            [
                0.999999999987744,
                1.2256067440072157e-11,
                0.0,
                0.0,
                0.0
            ],
            [
                0.999999974890009,
                2.5109990907879057e-08,
                0.0,
                0.0,
                0.0
            ],
            [
                1.060357582892758e-13,
                4.847368631940232e-11,
                0.9999999847208305,
                1.5229979511174637e-08,
                6.101936584037633e-13
            ],
            [
                6.101936975330489e-13,
                5.109089277345554e-12,
                8.878265911647217e-13,
                1.4449803166125957e-07,
                0.9999998554953612
            ],
            [
                6.914400096322178e-13,
                5.109089020217607e-12,
                1.463778511878073e-12,
                8.59216660597964e-10,
                0.9999999991335191
            ]
        ],
        [
            [
                0.9999999999942106,
                5.789356327080739e-12,
                0.0,
                0.0,
                0.0
            ],
            [
                0.9999999397642536,
                6.023574633758512e-08,
                0.0,
                0.0,
                0.0
            ],
            [
                7.835041706725796e-13,
                6.691586024387019e-10,
                0.9999999900920699,
                9.237449569610039e-09,
                5.384940163912761e-13
            ],
            [
                1.924850378502044e-11,
                2.6571739847110795e-10,
                1.611657489918058e-10,
                0.04742587542500566,
                0.9525741241288627
            ],
            [
                9.545035132166549e-12,
                2.5946095551771512e-11,
                7.433680835375378e-12,
                6.475946141915626e-07,
                0.999999352362461
            ]
        ],
        [
            [
                0.9999999999975866,
                2.4133627711535755e-12,
                0.0,
                0.0,
                0.0
            ],
            [
                0.99999998813888,
                1.1861120000462514e-08,
                0.0,
                0.0,
                0.0
            ],
            [
                3.900837603763192e-14,
                1.3887943842116056e-11,
                0.9999999983807808,
                1.6052280525447461e-09,
                6.431393930871294e-14
            ],
            [
                2.1292289525393972e-12,
                2.0201561836820163e-11,
                4.507577727898091e-12,
                0.0002611903277000682,
                0.9997388096454616
            ],
            [
                1.4637758372792404e-12,
                8.423448350279645e-12,
                1.6586753256495697e-12,
                2.2603252734627763e-06,
                0.9999977396631806
            ]
        ],
        [
            [
                0.9999999999740539,
                2.5946094976439e-11,
                0.0,
                0.0,
                0.0
            ],
            [
                0.9999999979388463,
                2.061153617451356e-09,
                0.0,
                0.0,
                0.0
            ],
            [
                1.361526107618843e-13,
                3.3315445410143757e-11,
                0.9999999996875188,
                2.7894680919043364e-10,
                8.258073282700307e-14
            ],
            [
                1.3853603097326607e-11,
                7.972198145619698e-11,
                3.765799755814686e-11,
                0.002472622965844226,
                0.9975273769029221
            ],
            [
                4.508755575748252e-12,
                2.2897350149871758e-11,
                4.508755575748252e-12,
                2.3823698436944222e-07,
                0.9999997617311007
            ]
        ],
        [
            [
                0.9999999999771028,
                2.28973484509534e-11,
                0.0,
                0.0,
                0.0
            ],
            [
                0.9999996072136305,
                3.927863695250314e-07,
                0.0,
                0.0,
                0.0
            ],
            [
                8.258073276959473e-14,
                2.9400777362239256e-11,
                0.9999999989967765,
                9.736200302874425e-10,
                1.201542571926403e-13
            ],
            [
                1.0815921781549017e-11,
                3.775127641868775e-11,
                9.545017470814268e-12,
                1.0677030760982053e-06,
                0.9999989322388118
            ],
            [
                5.109089675561704e-12,
                1.38879456250471e-11,
                2.4133630776897913e-12,
                1.8553915977582696e-07,
                0.9999998144394298
            ]
        ],
        [
            [
                0.9999999999740539,
                2.594609497769077e-11,
                0.0,
                0.0,
                0.0
            ],
            [
                0.9999999123570893,
                8.764249140658355e-08,
                4.193796099191602e-13,
                0.0,
                0.0
            ],
            [
                3.442477108175676e-14,
                7.433680671716676e-12,
                0.9999999999302462,
                6.224144622375674e-11,
                4.420228103263283e-14
            ],
            [
                1.385360309899378e-11,
                1.1599479858907711e-10,
                4.835382601204448e-11,
                0.0024726229661417866,
                0.997527376855656
            ],
            [
                1.2917800675451254e-12,
                7.43368103350604e-12,
                1.2917800675451254e-12,
                1.4449803163113704e-07,
                0.9999998554919511
            ]
        ],
        [
            [
                0.9999999999969011,
                3.0988191378470283e-12,
                0.0,
                0.0,
                0.0
            ],
            [
                0.999999997664407,
                2.335593031964341e-09,
                0.0,
                0.0,
                0.0
            ],
            [
                1.2015425726227404e-13,
                2.2897348445889806e-11,
                0.999999999618481,
                3.581747928630424e-10,
                3.266131341280328e-13
            ],
            [
                3.510705875638166e-12,
                4.8463799705708696e-11,
                1.782883555278083e-11,
                0.00020342706182478572,
                0.9997965728683719
            ],
            [
                1.879528754926019e-12,
                1.2256067042331836e-11,
                3.978962405402382e-12,
                3.224186631564274e-08,
                0.9999999677400191
            ]
        ],
        [
            [
                0.999999999979793,
                2.0206839084173687e-11,
                0.0,
                0.0,
                0.0
            ],
            [
                0.9999994956521852,
                5.043472046699123e-07,
                6.101936956905929e-13,
                0.0,
                0.0
            ],
            [
                6.431393940081122e-14,
                3.775134543474413e-11,
                0.9999999998127922,
                1.493094675878905e-10,
                8.25807328379568e-14
            ],
            [
                2.344947808003698e-10,
                8.184672067281289e-10,
                4.964254548499684e-10,
                0.047425875361657904,
                0.9525741230889546
            ],
            [
                1.6586783256959459e-12,
                8.423463585772275e-12,
                1.2917799789155695e-12,
                1.955568069620965e-08,
                0.9999999804329454
            ]
        ],
        [
            [
                0.9999999999925664,
                7.43368066994509e-12,
                0.0,
                0.0,
                0.0
            ],
            [
                0.9999996940976412,
                3.0590235884953687e-07,
                0.0,
                0.0,
                0.0
            ],
            [
                1.5428112028708514e-13,
                4.2777878680788536e-11,
                0.99999999982523,
                1.3176514267353626e-10,
                7.287724094303224e-14
            ],
            [
                2.7342654931111664e-12,
                4.8466015526072874e-11,
                1.2254127775878835e-11,
                0.00015843624761692132,
                0.9998415636889286
            ],
            [
                6.914400982833048e-13,
                7.43368161402574e-12,
                1.8795290546314436e-12,
                1.8553915976506877e-07,
                0.9999998144508355
            ]
        ],
        [
            [
                0.9999999999925664,
                7.4336806702209e-12,
                0.0,
                0.0,
                0.0
            ],
            [
                0.9999999999094393,
                9.056076985988192e-11,
                0.0,
                0.0,
                0.0
            ],
            [
                8.258073283303693e-14,
                2.9400777384826244e-11,
                0.9999999997532159,
                2.172439934486527e-10,
                5.6756852310847915e-14
            ],
            [
                2.129070461605398e-12,
                2.9390911134595835e-11,
                6.5579987083706374e-12,
                0.0003353500561062227,
                0.9996646499058157
            ],
            [
                6.10193665567191e-13,
                3.5114221007547034e-12,
                8.878265446546729e-13,
                2.998960814077541e-09,
                0.9999999969960298
            ]
        ],
        [
            [
                0.9999999999983413,
                1.6586783585931545e-12,
                0.0,
                0.0,
                0.0
            ],
            [
                0.9999999988967441,
                1.1032560307310032e-09,
                0.0,
                0.0,
                0.0
            ],
            [
                2.5436656324571245e-13,
                1.9171715025131973e-10,
                0.9999999942050573,
                5.602796404674226e-09,
                1.7482341180168395e-13
            ],
            [
                2.534993769176556e-11,
                2.7253751439038553e-10,
                1.1361053868693667e-10,
                0.02297736782263591,
                0.977022631765866
            ],
            [
                4.5087556061291124e-12,
                1.5737103376769344e-11,
                3.978962856919872e-12,
                1.125351838002921e-07,
                0.9999998874405913
            ]
        ],
        [
            [
                0.9999999999981204,
                1.879528815861655e-12,
                0.0,
                0.0,
                0.0
            ],
            [
                0.9999999827419975,
                1.7257827685310557e-08,
                1.7482340976123635e-13,
                0.0,
                0.0
            ],
            [
                4.752184633387812e-13,
                2.1724360816309867e-10,
                0.9999986288232131,
                1.3709566545932184e-06,
                2.413358491039131e-12
            ],
            [
                3.95233033174358e-12,
                6.182484846417612e-11,
                2.2744090703510215e-11,
                0.006692851424620332,
                0.9933071484868584
            ],
            [
                9.545017988323838e-12,
                3.33153863143927e-11,
                6.560188529241946e-12,
                1.3709566540692885e-06,
                0.9999986289939253
            ]
        ],
        [
            [
                0.9999999999925664,
                7.43368066963248e-12,
                0.0,
                0.0,
                0.0
            ],
            [
                0.999999974890009,
                2.5109990913837914e-08,
                0.0,
                0.0,
                0.0
            ],
            [
                1.5428112015575376e-13,
                2.289734843219962e-11,
                0.9999999990029089,
                9.73620030269569e-10,
                4.1937956539369203e-13
            ],
            [
                6.315324707608257e-12,
                1.8456084142578827e-10,
                9.878829963023426e-11,
                0.037326883917103974,
                0.9626731157932316
            ],
            [
                4.752193051922293e-13,
                3.098819131647481e-12,
                4.752193051922293e-13,
                1.8189616834005086e-09,
                0.9999999981769891
            ]
        ],
        [
            [
                0.9999999998837177,
                1.162823302633777e-10,
                0.0,
                0.0,
                0.0
            ],
            [
                0.9999999586006245,
                4.139937542825388e-08,
                0.0,
                0.0,
                0.0
            ],
            [
                1.3615261075429721e-13,
                2.0206839082108695e-11,
                0.999999999621376,
                3.581747928845033e-10,
                1.0603575987266284e-13
            ],
            [
                3.969123740222849e-12,
                7.972198143694678e-11,
                7.035440168601214e-11,
                0.002472622969070297,
                0.9975273768768841
            ],
            [
                1.1399918237343057e-12,
                7.433680481226657e-12,
                1.6586783162683608e-12,
                2.5109990911843016e-08,
                0.9999999748797768
            ]
        ],
        [
            [
                0.9999999999377585,
                6.224144621165614e-11,
                0.0,
                0.0,
                0.0
            ],
            [
                0.9999999985833912,
                1.4166087842410384e-09,
                0.0,
                0.0,
                0.0
            ],
            [
                1.0603575989209914e-13,
                2.2897348451458826e-11,
                0.9999999998077242,
                1.6918979222459212e-10,
                8.258073283753827e-14
            ],
            [
                5.770988940475523e-12,
                6.204397819575317e-11,
                1.7775897369372325e-11,
                0.003172683072567779,
                0.9968273168418413
            ],
            [
                1.2917801409837564e-12,
                1.0815942697655578e-11,
                2.7346985799225353e-12,
                8.764249143494925e-08,
                0.9999999123426662
            ]
        ],
        [
            [
                0.9999999999572222,
                4.277787867732282e-11,
                0.0,
                0.0,
                0.0
            ],
            [
                0.9999996940971028,
                3.0590235878349175e-07,
                5.38494089164393e-13,
                0.0,
                0.0
            ],
            [
                6.43139393812075e-14,
                2.0206839079755696e-11,
                0.9999999995197844,
                4.599055376270158e-10,
                3.90083760816021e-14
            ],
            [
                2.413358413688194e-12,
                1.5737073688187524e-11,
                2.7346933531665866e-12,
                1.7603431332538494e-06,
                0.9999982396359816
            ],
            [
                7.83504177499091e-13,
                4.508755236497938e-12,
                1.0060392779898564e-12,
                7.58256041816304e-10,
                0.9999999992354456
            ]
        ],
        [
            [
                0.9999999999915765,
                8.423463752046325e-12,
                0.0,
                0.0,
                0.0
            ],
            [
                0.9999999985833912,
                1.4166087840608694e-09,
                0.0,
                0.0,
                0.0
            ],
            [
                1.2015425727102767e-13,
                2.940077738142001e-11,
                0.9999999996913342,
                2.789468091784978e-10,
                1.9810087972791885e-13
            ],
            [
                1.2255507538640519e-11,
                4.277592442761444e-11,
                1.0815447442452416e-11,
                4.539785571478346e-05,
                0.9999546020784383
            ],
            [
                1.8792958864203976e-12,
                2.2894510786691372e-11,
                6.559387162154443e-12,
                0.00012339462811893377,
                0.9998766053405479
            ]
        ],
        [
            [
                0.9999999999740539,
                2.5946094974847282e-11,
                0.0,
                0.0,
                0.0
            ],
            [
                0.9999999999622486,
                3.7751345430828595e-11,
                0.0,
                0.0,
                0.0
            ],
            [
                6.431393939982271e-14,
                8.423463752543683e-12,
                0.9999999998420046,
                1.493094675855956e-10,
                1.9810087975962714e-13
            ],
            [
                2.020680214369045e-11,
                5.492778307846103e-11,
                1.2256045034895224e-11,
                1.0677030760669445e-06,
                0.9999989322095333
            ],
            [
                1.1399919447868856e-12,
                7.433681270588633e-12,
                1.8795289677969443e-12,
                1.1253518377569373e-07,
                0.999999887454363
            ]
        ],
        [
            [
                0.999999999989184,
                1.0815941553747166e-11,
                0.0,
                0.0,
                0.0
            ],
            [
                0.9999986290424586,
                1.3709566535406972e-06,
                8.878249723482231e-13,
                0.0,
                0.0
            ],
            [
                1.361526103281681e-13,
                2.940077728902142e-11,
                0.9999999965713073,
                3.398267807494729e-09,
                8.878265447107738e-13
            ],
            [
                5.787413545586179e-12,
                4.2763523356047417e-11,
                1.5731821074744646e-11,
                0.0003353500557572727,
                0.99966464987996
            ],
            [
                1.6586784862472126e-12,
                1.2256068384970025e-11,
                3.5114223829404356e-12,
                8.31527989930879e-07,
                0.9999991684545839
            ]
        ],
        [
            [
                0.9999999999094393,
                9.056076986881566e-11,
                0.0,
                0.0,
                0.0
            ],
            [
                0.9999996072130202,
                3.9278636969542757e-07,
                6.101936912919022e-13,
                0.0,
                0.0
            ],
            [
                1.98100873339173e-13,
                3.1608813511471135e-10,
                0.9999999674413722,
                3.2241866320239615e-08,
                4.752192907666474e-13
            ],
            [
                4.507577725800426e-12,
                6.222519111527558e-11,
                2.5939318843194955e-11,
                0.00026119032790222166,
                0.9997388095794257
            ],
            [
                2.1297851644351293e-12,
                5.789356311005671e-12,
                1.2917800008310184e-12,
                2.646573630806236e-09,
                0.9999999973442155
            ]
        ],
        [
            [
                0.9999999999972653,
                2.734698290719449e-12,
                0.0,
                0.0,
                0.0
            ],
            [
                0.9999999804443194,
                1.955568069643e-08,
                0.0,
                0.0,
                0.0
            ],
            [
                8.878265391322329e-13,
                9.237449571307988e-09,
                0.9999999903016029,
                4.5990553335140627e-10,
                1.5428111880496903e-13
            ],
            [
                4.8473601042163476e-11,
                9.056060918920428e-11,
                1.7832441262958544e-11,
                1.370956653504582e-06,
                0.9999986288864798
            ],
            [
                4.277698482398147e-11,
                7.052732477571481e-11,
                1.2255811347286244e-11,
                2.144493975228878e-05,
                0.9999785549346876
            ]
        ],
        [
            [
                0.9999999999294713,
                7.05287984864474e-11,
                0.0,
                0.0,
                0.0
            ],
            [
                0.9999996072136303,
                3.927863696208284e-07,
                0.0,
                0.0,
                0.0
            ],
            [
                7.287724080478002e-14,
                1.7832472870606512e-11,
                0.9999999979208047,
                2.061153618099538e-09,
                1.3615261052234487e-13
            ],
            [
                2.723569024006888e-12,
                7.024177091707539e-11,
                3.317986318652296e-11,
                0.0040701377870813685,
                0.9959298621067734
            ],
            [
                1.8795288116672637e-12,
                1.0815941529250308e-11,
                2.1297851654352904e-12,
                1.818961682838219e-09,
                0.9999999981662131
            ]
        ],
        [
            [
                0.999999999986112,
                1.3887943860894029e-11,
                0.0,
                0.0,
                0.0
            ],
            [
                0.99999998813888,
                1.1861120001659504e-08,
                0.0,
                0.0,
                0.0
            ],
            [
                5.384940202232407e-13,
                7.582560406055826e-10,
                0.9999999971798272,
                2.0611536164974593e-09,
                2.2447770485505967e-13
            ],
            [
                7.433553517769374e-12,
                3.7750699698536956e-11,
                8.423319669449832e-12,
                1.6701415104339866e-05,
                0.9999832985312881
            ],
            [
                2.734698285609112e-12,
                6.560200153801877e-12,
                1.2917800019599392e-12,
                1.8189616835736613e-09,
                0.9999999981704517
            ]
        ],
        [
            [
                0.999999999996021,
                3.978962534710476e-12,
