{
    "[['A', 'B', 'C', 'D', 'E'], ['A', 'B', 'C', 'D', 'E']]": [
        [
            [
                0.9999999994079596,
                5.905303993994153e-10,
                3.7010116754904465e-13,
                0.0,
                1.1399918520888026e-12
            ],
            [
                0.00015839469190893148,
                0.9995798842471249,
                0.00026114869771624876,
                5.712604567793213e-07,
                1.102793163357986e-09
            ],
            [
                2.412980828692423e-12,
                3.1603812075192944e-10,
                0.9998415632852679,
                0.000158436246995241,
                1.4928583763433744e-10
            ],
            [
                4.5087556050720305e-12,
                1.783247434295807e-11,
                3.978962855987e-12,
                1.1253518377390813e-07,
                0.999999887438496
            ],
            [
                1.6586785657029965e-12,
                1.225606897207327e-11,
                2.7346986325289104e-12,
                6.825604227288334e-08,
                0.9999999317273083
            ]
        ],
        [
            [
                0.9999999997818683,
                2.172439933917747e-10,
                0.0,
                0.0,
                8.878265473713814e-13
            ],
            [
                4.211316977584677e-06,
                0.8800864763325588,
                0.11910675234734282,
                0.0008025349617147878,
                2.5041406105719608e-08
            ],
            [
                1.9810088906970468e-13,
                2.594609619621488e-11,
                0.999999495624521,
                5.043472051720771e-07,
                2.129785270561844e-12
            ],
            [
                1.4637786686938445e-12,
                1.2256068738280961e-11,
                3.0988194659421477e-12,
                8.764249144905884e-08,
                0.99999991234069
            ],
            [
                3.3315445370970596e-11,
                2.289734842161441e-11,
                3.978962529782762e-12,
                3.5817479248331133e-10,
                0.9999999995816335
            ]
        ],
        [
            [
                0.9999999969998092,
                2.9989608125512312e-09,
                5.38494019565722e-13,
                0.0,
                6.91440007856733e-13
            ],
            [
                1.6918754637762925e-10,
                3.3982227097113985e-09,
                2.2603015581763914e-06,
                0.9999876061622427,
                1.012996878894723e-05
            ],
            [
                1.980993788084349e-13,
                4.8473319780977695e-11,
                0.9999921106788446,
                7.8892650503397e-06,
                7.433624347875448e-12
            ],
            [
                1.0060393852868575e-12,
                9.545035928574218e-12,
                1.8795290145797696e-12,
                8.76424914290792e-08,
                0.999999912345078
            ],
            [
                5.10908900004632e-12,
                9.545034870497972e-12,
                3.5114220941207245e-12,
                4.944450474824477e-09,
                0.9999999950373839
            ]
        ],
        [
            [
                0.9999999997202695,
                2.789468090805734e-10,
                0.0,
                0.0,
                7.835041779269311e-13
            ],
            [
                1.1631245321339443e-07,
                0.07487120451683665,
                0.912117984320406,
                0.013010661526228286,
                3.3324075780213935e-08
            ],
            [
                1.879145442283516e-12,
                2.4611948306305263e-10,
                0.999796572374885,
                0.0002034270610926893,
                3.1602367179500775e-10
            ],
            [
                3.978962367944955e-12,
                2.5946093887969445e-11,
                7.433680358688105e-12,
                4.139937544100536e-08,
                0.999999958563266
            ],
            [
                1.3887943669648647e-11,
                1.5737101885541587e-11,
                3.098819095141075e-12,
                1.3440409762113614e-08,
                0.9999999865268665
            ]
        ],
        [
            [
                0.9999999998259748,
                1.6918979217147022e-10,
                3.266131341049212e-13,
                0.0,
                4.508755239895265e-12
            ],
            [
                0.00012299398622144965,
                0.9966303392895132,
                0.0031720552795178394,
                7.45996236035824e-05,
                1.1821143935833203e-08
            ],
            [
                1.2015427260034553e-13,
                2.9400781132380417e-11,
                0.9999998144238854,
                1.8553915986064125e-07,
                7.43368161785488e-12
            ],
            [
                2.1297851088983926e-12,
                1.081594124213225e-11,
                2.4133627015129756e-12,
                2.845334726076419e-08,
                0.9999999715312936
            ],
            [
                1.7832472553076665e-11,
                1.7832472553076665e-11,
                3.978962456610475e-12,
                1.955568069846926e-08,
                0.9999999804046755
            ]
        ],
        [
            [
                0.9999999943962667,
                5.602796402391532e-09,
                6.101936639328536e-13,
                0.0,
                3.266131322299359e-13
            ],
            [
                2.9983031127916315e-09,
                2.3818471820921292e-07,
                9.609057349554987e-05,
                0.9997802855048108,
                0.00012338273867238748
            ],
            [
                1.658643700612247e-12,
                1.4930634777879604e-10,
                0.9999785548387472,
                2.1444939760470007e-05,
                7.052732480262093e-11
            ],
            [
                1.8795290546096583e-12,
                1.573710410020342e-11,
                3.978963039832651e-12,
                1.8553915976291818e-07,
                0.9999998144392446
            ],
            [
                2.734698144109475e-12,
                9.545034408076473e-12,
                1.658678269461634e-12,
                5.315784967743888e-08,
                0.9999999468282119
            ]
        ],
        [
            [
                0.9999999997201654,
                2.7894680899720337e-10,
                0.0,
                0.0,
                8.878265469239489e-13
            ],
            [
                1.0246468198499045e-10,
                4.937024857576183e-09,
                8.302799177366991e-07,
                0.9984979833734536,
                0.0015011813071390428
            ],
            [
                2.5840503210572697e-11,
                7.55170198875689e-10,
                8.118844765844435e-09,
                0.9959298533633199,
                0.004070137736824698
            ],
            [
                8.42346481319303e-12,
                1.2256068984534371e-11,
                3.511422554718496e-12,
                3.0590235894993393e-07,
                0.9999996940734501
            ],
            [
                3.0988195260109133e-12,
                1.2256068975857539e-11,
                3.5114225522325426e-12,
                6.825604229395854e-08,
                0.9999999317250914
            ]
        ],
        [
            [
                0.9999999999187885,
                7.991959889776697e-11,
                0.0,
                0.0,
                1.2917800042724438e-12
            ],
            [
                1.5496653287406098e-09,
                2.801860642575021e-06,
                0.8519503929840211,
                0.14804678221320117,
                2.13924699941758e-08
            ],
            [
                6.431393864768829e-14,
                1.783247269552521e-11,
                0.9999999881195195,
                1.1861120009920632e-08,
                1.4637784966728996e-12
            ],
            [
                3.511422373757499e-12,
                1.2256068352918427e-11,
                5.1090894069154255e-12,
                2.3823698441606604e-07,
                0.999999761742139
            ],
            [
                1.8795287958468646e-12,
                1.5737101933609075e-11,
                3.0988191046061247e-12,
                1.0467401679506325e-08,
                0.9999999895118828
            ]
        ],
        [
            [
                0.9999999997812923,
                2.1724399331491489e-10,
                0.0,
                0.0,
                1.463778512825574e-12
            ],
            [
                1.3880265530735138e-11,
                1.3169229269412775e-10,
                1.162180403968317e-10,
                0.0005527785840211255,
                0.9994472211541883
            ],
            [
                1.291619914600428e-12,
                2.461391873922579e-10,
                0.9998766050084784,
                0.0001233946278228894,
                1.1626791944295549e-10
            ],
            [
                7.433681223035312e-12,
                2.594609690483763e-11,
                6.56020065412993e-12,
                2.3823698439865e-07,
                0.9999997617230756
            ],
            [
                3.098819089630083e-12,
                1.573710185755446e-11,
                2.7346982482685642e-12,
                1.5229979503438064e-08,
                0.9999999847484498
            ]
        ],
        [
            [
                0.9999999995386133,
                4.599055374883108e-10,
                4.752193058876438e-13,
                0.0,
                1.0060392784588059e-12
            ],
            [
                5.881271442615362e-10,
                7.164855383091945e-09,
                2.372671979540186e-07,
                0.9959296191771769,
                0.004070135802642573
            ],
            [
                8.258073609054554e-14,
                2.020683988179723e-11,
                0.9999996071914611,
                3.9278636993496775e-07,
                1.879528890167033e-12
            ],
            [
                2.734693440245665e-12,
                1.7832441273395266e-11,
                3.5114158841246734e-12,
                1.3709566543069562e-06,
                0.9999986290192671
            ],
            [
                3.0988191246782976e-12,
                7.433680638663516e-12,
                1.463778507492216e-12,
                3.850741905316452e-09,
                0.9999999961372619
            ]
        ],
        [
            [
                0.9999999994085713,
                5.905303993336342e-10,
                2.882350790707297e-13,
                0.0,
                6.101936671810904e-13
            ],
            [
                1.9170143819380672e-10,
                1.0466543884074987e-08,
                7.484562363604491e-05,
                0.9999172550474256,
                7.888670693088278e-06
            ],
            [
                7.832412518285542e-13,
                1.1624330852333248e-10,
                0.9996646497380111,
                0.0003353500544321335,
                9.053037970478225e-11
            ],
            [
                2.734698161179627e-12,
                1.2256066859632338e-11,
                3.0988189909453887e-12,
                4.691163798122264e-08,
                0.9999999530702723
            ],
            [
                1.3887943282354971e-11,
                1.3887943282354971e-11,
                2.4133626705909416e-12,
                4.139937545111857e-08,
                0.9999999585704353
            ]
        ],
        [
            [
                0.9999999987483659,
                1.2501528638740725e-09,
                4.752193053219766e-13,
                0.0,
                1.0060392772612884e-12
            ],
            [
                8.346805260122895e-07,
                0.7817531076584884,
                0.08239617361912463,
                0.13584832465334248,
                1.559388518469861e-06
            ],
            [
                1.5428113223316875e-13,
                2.5946096986388023e-11,
                0.9999991684431747,
                8.315279903090618e-07,
                2.7346985027722227e-12
            ],
            [
                2.0206841623224756e-11,
                6.224145403127506e-11,
                1.2256068980443212e-11,
                3.059023588478217e-07,
                0.9999996940029369
            ],
            [
                2.5946094572783864e-11,
                2.02068387709288e-11,
                3.978962472964647e-12,
                1.5229979504059872e-08,
                0.9999999847198886
            ]
        ],
        [
            [
                0.9999999994079103,
                5.905303991958123e-10,
                4.1937956534183254e-13,
                0.0,
                1.1399918516957563e-12
            ],
            [
                0.00033520422193792103,
                0.999229600609233,
                0.0004304107407493292,
                4.781431429006605e-06,
                2.9966507333590003e-09
            ],
            [
                8.718036520211975e-11,
                6.111815451029442e-09,
                0.9626730802017823,
                0.037326882560861925,
                3.1038359938239286e-08
            ],
            [
                4.508755575765314e-12,
                1.7832474227047757e-11,
                5.789356756915235e-12,
                2.3823698437034378e-07,
                0.999999761734885
            ],
            [
                5.789356236953676e-12,
                2.289734809347055e-11,
                3.5114220577109623e-12,
                1.5229979503276207e-08,
                0.9999999847378223
            ]
        ],
        [
            [
                0.9999999585976727,
                4.139937543351384e-08,
                2.41336266956468e-12,
                0.0,
                5.384939989562092e-13
            ],
            [
                0.0002603601894753306,
                0.996561493837435,
                0.00247022870004619,
                0.0007077323719049452,
                1.849011384395732e-07
            ],
            [
                3.7009483735115046e-13,
                5.49269439788385e-11,
                0.9999832985066951,
                1.670141511091904e-05,
                2.2896956801786905e-11
            ],
            [
                5.789356225204492e-12,
                2.2897348047001627e-11,
                5.10908893670181e-12,
                1.7257827679353083e-08,
                0.9999999827083766
            ],
            [
                1.006039258924726e-12,
                7.433680521921418e-12,
                3.098819076012951e-12,
                1.9555680692114347e-08,
                0.9999999804327808
            ]
        ],
        [
            [
                0.9999999976623948,
                2.3355930310656624e-09,
                1.0060392759520942e-12,
                0.0,
                1.0060392759520942e-12
            ],
            [
                6.749429764826167e-08,
                0.0001566927501298296,
                0.010985015176678064,
                0.9888395102986405,
                1.8714280253880965e-05
            ],
            [
                2.967114468375885e-10,
                1.8356887195348595e-08,
                0.7310584654341834,
                0.268941380272278,
                1.3563993993178384e-07
            ],
            [
                5.10908895621188e-12,
                2.2897348134439694e-11,
                4.508755178886147e-12,
                1.3440409762116417e-08,
                0.999999986527075
            ],
            [
                3.978962689787366e-12,
                1.388794440230276e-11,
                3.5114222492370213e-12,
                3.9278636974540934e-07,
                0.9999996071922519
            ]
        ],
        [
            [
                0.9999999994076394,
                5.905303993330838e-10,
                5.384940212635459e-13,
                0.0,
                1.2917800035581135e-12
            ],
            [
                1.5245451655256324e-05,
                0.7108957467839776,
                0.26152391939616015,
                0.0275644185298094,
                6.698383974358638e-07
            ],
            [
                2.731497608964031e-12,
                4.5936726581159416e-10,
                0.9988304888781577,
                0.0011695103440251956,
                3.157181968198314e-10
            ],
            [
                2.4133629664845163e-12,
                1.0815942429652308e-11,
                2.734698512160697e-12,
                1.125351837958549e-07,
                0.9999998874488522
            ],
            [
                1.2917799716664708e-12,
                5.1090888970730616e-12,
                1.1399918238164767e-12,
                2.510999091365295e-08,
                0.9999999748824682
            ]
        ],
        [
            [
                0.9999999999358788,
                6.224144620769867e-11,
                0.0,
                0.0,
                1.8795288158934886e-12
            ],
            [
                1.8623572969026567e-08,
                0.00024880584745846983,
                0.04741401361174795,
                0.9523358563039581,
                1.3056132623622373e-06
            ],
            [
                2.5436658532631804e-13,
                4.277788215216445e-11,
                0.9999998874186851,
                1.1253518382794289e-07,
                3.098819389542635e-12
            ],
            [
                1.8795289556969124e-12,
                1.573710327201714e-11,
                1.8795289556969124e-12,
                2.382369843889319e-07,
                0.9999997617435195
            ],
            [
                9.545035384852758e-12,
                2.5946096238643843e-11,
                6.5602004856897614e-12,
                1.4449803160511995e-07,
                0.9999998554599171
            ]
        ],
        [
            [
                0.9999999998968427,
                1.0261879628114834e-10,
                0.0,
                0.0,
                5.384940215871722e-13
            ],
            [
                7.035440005932925e-11,
                1.413105900100374e-09,
                2.2104695408644538e-08,
                0.9975273535090788,
                0.0024726229027655163
            ],
            [
                8.258073900651474e-14,
                2.2897350161945024e-11,
                0.9999997617383769,
                2.3823698449505932e-07,
                1.6586784824594759e-12
            ],
            [
                3.5114220333905396e-12,
                1.7832472501944104e-11,
                7.433680503021884e-12,
                2.2159489268599455e-08,
                0.9999999778117331
            ],
            [
                1.8189616618160137e-09,
                1.0261879486503491e-10,
                8.423463635282543e-12,
                1.18611199835173e-08,
                0.9999999862088762
            ]
        ],
        [
            [
                0.9999999993296271,
                6.69158608285534e-10,
                3.266131338669172e-13,
                0.0,
                8.878265467265025e-13
            ],
            [
                1.6219839657286834e-08,
                6.20835362992919e-05,
                0.9398549379399677,
                0.060082918213798,
                4.409009540092219e-08
            ],
            [
                1.2916568751263248e-12,
                2.461462308217583e-10,
                0.9999038972732727,
                9.610239937752902e-05,
                7.991198116724171e-11
            ],
            [
                8.878265905754291e-13,
                8.423464159874507e-12,
                3.511422282374817e-12,
                1.4449803156534934e-07,
                0.9999998554891457
            ],
            [
                1.5737101517774695e-11,
                2.0206838333817943e-11,
                3.0988190227234804e-12,
                3.653482076959953e-08,
                0.9999999634261365
            ]
        ],
        [
            [
                0.9999999981787584,
                1.818961682677395e-09,
                1.1399918499886547e-12,
                0.0,
                1.1399918499886547e-12
            ],
            [
                3.511415884116336e-12,
                1.7832441273352928e-11,
                5.10907996454325e-12,
                1.3709566543037013e-06,
                0.9999986290168927
            ],
            [
                1.6585804062324313e-12,
                2.789303361787083e-10,
                0.9999417083520117,
                5.829127684392649e-05,
                9.05554218615116e-11
            ],
            [
                4.508755576357336e-12,
                1.783247422938925e-11,
                5.109089406605743e-12,
                2.3823698440162553e-07,
                0.9999997617355653
            ],
            [
                5.7893562879843875e-12,
                1.2256067357839641e-11,
                2.129785155966072e-12,
                6.348800071359976e-09,
                0.9999999936310247
            ]
        ],
        [
            [
                0.9999999994070516,
                5.905303993327368e-10,
                5.384940212632294e-13,
                0.0,
                1.87952881475142e-12
            ],
            [
                5.781896873287564e-08,
                0.0057076470354232136,
                0.8470897808933416,
                0.14720213722522968,
                3.770270368311044e-07
            ],
            [
                6.1018789513517e-13,
                1.31763896160971e-10,
                0.9999898698616896,
                1.0129988104022695e-05,
                1.7832304207304632e-11
            ],
            [
                3.511422551875323e-12,
                1.225606897461072e-11,
                3.0988195256956682e-12,
                6.82560422870148e-08,
                0.9999999317250914
            ],
            [
                2.413362950523049e-12,
                1.0815942358117973e-11,
                3.0988193681641156e-12,
                2.3823698438968663e-07,
                0.9999997617466875
            ]
        ],
        [
            [
                0.9999999996834368,
                3.160881452313957e-10,
                0.0,
                0.0,
                4.752193059764671e-13
            ],
            [
                4.322238947580866e-08,
                0.005478591694791137,
                0.1814260215734979,
                0.8130949816126852,
                3.618966362728567e-07
            ],
            [
                7.834294966522806e-13,
                1.492952357774479e-10,
                0.9999038974172083,
                9.610239940083106e-05,
                3.331226986841954e-11
            ],
            [
                5.109060084627068e-12,
                3.331525668675157e-11,
                8.423416034809645e-12,
                4.785094847440291e-06,
                0.9999952148583049
            ],
            [
                2.734698637740622e-12,
                2.289735135472351e-11,
                5.789357061527556e-12,
                1.855391597465065e-07,
                0.9999998144294188
            ]
        ],
        [
            [
                0.9999999976614564,
                2.3355930313306704e-09,
                1.6586783536101755e-12,
                0.0,
                1.2917800006551933e-12
            ],
            [
                4.455868387898467e-07,
                0.0725213956558485,
                0.8834914387336423,
                0.043986449761591044,
                2.7026207929047254e-07
            ],
            [
                2.2447771428318947e-13,
                4.2777880363069925e-11,
                0.999999607168498,
                3.927863699130736e-07,
                2.129785254268467e-12
            ],
            [
                1.0060392694527485e-12,
                9.545034829570793e-12,
                2.413362748250906e-12,
                9.237449571706345e-09,
                0.9999999907495861
            ],
            [
                3.978962729529683e-12,
                2.289734957107858e-11,
                2.734698424714614e-12,
                1.4449803164496292e-07,
                0.9999998554723574
            ]
        ],
        [
            [
                0.9999999998672289,
                1.317651425952395e-10,
                0.0,
                0.0,
                1.0060392784761718e-12
            ],
            [
                5.4484515760500785e-08,
                0.00014333152650462428,
                0.9045207445142719,
                0.0953357902002051,
                7.927450266115872e-08
            ],
            [
                1.981008950989531e-13,
                4.847369080503446e-11,
                0.9999991684175487,
                8.315279902931198e-07,
                5.7893567756884595e-12
            ],
            [
                1.658678352280933e-12,
                6.560200141918575e-12,
                2.1297851624384615e-12,
                3.3982678059048993e-09,
                0.9999999965913835
            ],
            [
                2.413362745119897e-12,
                7.433680590069379e-12,
                1.139991840425878e-12,
                1.0467401678881835e-08,
                0.9999999895216113
            ]
        ],
        [
            [
                0.9999999994777187,
                5.211412482087517e-10,
                0.0,
                0.0,
                1.1399918517753868e-12
            ],
            [
                5.714092830022969e-07,
                0.99983962079073,
                0.00015843595729577283,
                1.3707396117376635e-06,
                1.1030794138506936e-09
            ],
            [
                1.079969799140568e-11,
                1.4144812993569374e-09,
                0.9984988131599263,
                0.0015011820216284557,
                3.3931642428058365e-09
            ],
            [
                6.560200155713646e-12,
                1.0815941536775383e-11,
                2.413362767256745e-12,
                1.4166087839568756e-09,
                0.9999999985636017
            ],
            [
                1.081594290349441e-11,
                1.7832475127669336e-11,
                3.5114225504264934e-12,
                6.825604225885204e-08,
                0.9999999317117978
            ]
        ],
        [
            [
                0.9999999918442203,
                8.15202064097973e-09,
                1.8795287995951378e-12,
                0.0,
                1.8795287995951378e-12
            ],
            [
                7.597966246099435e-06,
                0.5841312336421558,
                0.3542934855481443,
                0.06156697612250433,
                7.067209494208012e-07
            ],
            [
                9.054178467703671e-11,
                1.6048915341145327e-09,
                6.142924276587089e-06,
                0.999790429666523,
                0.0002034257137672045
            ],
            [
                1.388770630764199e-11,
                4.277714696162408e-11,
                2.0206493446358134e-11,
                1.6701415102792453e-05,
                0.9999832985080259
            ],
            [
                3.511422107116244e-12,
                6.5602001564580595e-12,
                1.4637785115162411e-12,
                1.250152864157933e-09,
                0.9999999987383117
            ]
        ],
        [
            [
                0.9999999961468262,
                3.850741903116023e-09,
                1.2917799981936209e-12,
                0.0,
                1.1399918472266047e-12
            ],
            [
                6.50815345295594e-09,
                2.9751651068217e-06,
                0.09534908514099993,
                0.9046468386836629,
                1.0945020768903417e-06
            ],
            [
                5.384426937943329e-13,
                1.1627124654453135e-10,
                0.9999038974544115,
                9.610239938082143e-05,
                2.939797498003333e-11
            ],
            [
                3.5114220981680312e-12,
                1.3887943804813313e-11,
                3.0988191253003884e-12,
                3.850741906089492e-09,
                0.9999999961287598
            ],
            [
                2.0206802135309648e-11,
                2.5946047531717715e-11,
                3.5114156915756323e-12,
                1.067703075624113e-06,
                0.9999989322472601
            ]
        ],
        [
            [
                0.9999999996408191,
                3.5817479279963983e-10,
                0.0,
                0.0,
                1.0060392786410067e-12
            ],
            [
                1.8265556401674823e-08,
                0.00010172385556341649,
                0.49994902984425016,
                0.49994903166139226,
                1.9637323772542744e-07
            ],
            [
                1.7482340557499472e-13,
                3.775134387677106e-11,
                0.9999999585602849,
                4.13993754705023e-08,
                2.41336267172091e-12
            ],
            [
                9.545034410766386e-12,
                1.7832471951465756e-11,
                3.0988189724756594e-12,
                5.3157849692419444e-08,
                0.999999946811674
            ],
            [
                6.560200123317997e-12,
                1.5737101999307452e-11,
                3.5114220893776475e-12,
                6.348800072652715e-09,
                0.9999999936253912
            ]
        ],
        [
            [
                0.9999999973506277,
                2.646573629623378e-09,
                1.1399918490445926e-12,
                0.0,
                1.6586783530946107e-12
            ],
            [
                2.3344387084417695e-06,
                0.48785408605790187,
                0.4878540884310946,
                0.02428882224440709,
                6.688278879446737e-07
            ],
            [
                1.5428113993684553e-13,
                4.847369322638709e-11,
                0.9999998144094774,
                1.8553915985387591e-07,
                2.734698639323161e-12
            ],
            [
                4.508755576346631e-12,
                2.02068405873385e-11,
                5.109089406593613e-12,
                2.3823698440105987e-07,
                0.9999997617331909
            ],
            [
                3.5114221096984116e-12,
                1.3887943850416851e-11,
                2.734698288727367e-12,
                3.5817479265314165e-10,
                0.9999999996216911
            ]
        ],
        [
            [
                0.9999999996824454,
                3.1608814524282223e-10,
                3.266131340839195e-13,
                0.0,
                1.1399918523643485e-12
            ],
            [
                9.027345473829773e-11,
                1.6001352721458985e-09,
                1.2711448928118422e-07,
                0.9968271881548021,
                0.0031726830402998758
            ],
            [
                8.878113616210578e-13,
                1.6918689827930032e-10,
                0.9999832983946102,
                1.6701415108560242e-05,
                2.0206493453336395e-11
            ],
            [
                7.433667080863872e-12,
                2.2897306591724215e-11,
                5.789345743668908e-12,
                1.067703076121686e-06,
                0.9999989322608035
            ],
            [
                2.129785164188834e-12,
                5.789356310336171e-12,
                1.6586783536441244e-12,
                2.6465736305001776e-09,
                0.9999999973438485
            ]
        ],
        [
            [
                0.9999999961472303,
                3.8507419053548386e-09,
                1.139991847889394e-12,
                0.0,
                8.87826543831278e-13
            ],
            [
                2.5476428576846226e-09,
                5.611556826217398e-05,
                0.9626190809686346,
                0.03732479202331313,
                8.892147306447483e-09
            ],
            [
                3.095192290381201e-12,
                3.5775558635777835e-10,
                0.998830488890063,
                0.0011695103436960336,
                4.05390189257332e-10
            ],
            [
                1.879528803150705e-12,
                1.0815941480240897e-11,
                3.5114220883637284e-12,
                6.348800070819507e-09,
                0.999999993634993
            ],
            [
                1.4637784351905222e-12,
                5.789356016535141e-12,
                2.4133626416907628e-12,
                5.3157849677665963e-08,
                0.9999999468324838
            ]
        ],
        [
            [
                0.9999999997525384,
                2.461696950427064e-10,
                0.0,
                0.0,
                1.2917800040574721e-12
            ],
            [
                2.4270754466021825e-10,
                3.796584776634955e-09,
                1.1095247091189637e-07,
                0.9859362577007673,
                0.014063627307469448
            ],
            [
                3.900837609418725e-14,
                1.1399918528216693e-12,
                0.9999999998669016,
                1.3176514267521567e-10,
                1.542811202890515e-13
            ],
            [
                1.8795253800881672e-12,
                2.0206802144893056e-11,
                5.789345743716639e-12,
                1.0677030761304887e-06,
                0.9999989322690481
            ],
            [
                3.978962955555969e-12,
                1.783247478919523e-11,
                3.978962955555969e-12,
                8.764249143935659e-08,
                0.9999999123317181
            ]
        ],
        [
            [
                0.9999999994072009,
                5.905303991491795e-10,
                6.101936669904938e-13,
                0.0,
                1.6586783568210495e-12
            ],
            [
                8.920426716385221e-06,
                0.8805865427163883,
                0.11917443956392844,
                0.0002300608372219852,
                3.645574512343492e-08
            ],
            [
                1.1399506784216655e-12,
                1.9171022686900252e-10,
                0.9999646435011637,
                3.535625751422154e-05,
                4.847193627319485e-11
            ],
            [
                2.4133630775111688e-12,
                1.7832475166817946e-11,
                5.789357062013946e-12,
                1.855391597620945e-07,
                0.999999814434805
            ],
            [
                7.433667077750279e-12,
                1.7832440296391736e-11,
                5.109079684639183e-12,
                2.2603252733250865e-06,
                0.9999977396443516
            ]
        ],
        [
            [
                0.9999999993290112,
                6.69158608232507e-10,
                5.384940210537422e-13,
                0.0,
                1.2917800030548206e-12
            ],
            [
                4.2433877453143296e-08,
                0.0001116301089580113,
                0.09533871905905823,
                0.9045485140150266,
                1.094383079835547e-06
            ],
            [
                4.752129900338731e-13,
                1.162807847684461e-10,
                0.999986992742736,
                1.300712477124316e-05,
                1.573689294161325e-11
            ],
            [
                1.1628232474045875e-10,
                3.7751343637154807e-11,
                5.789356051827377e-12,
                4.69116379745737e-08,
                0.999999952928539
            ],
            [
                4.508755342425221e-12,
                2.2897348964959638e-11,
                6.560200313842644e-12,
                6.47594614371364e-07,
                0.9999993523714192
            ]
        ],
        [
            [
                0.9999999993293778,
                6.691586081731319e-10,
                0.0,
                0.0,
                1.4637785120343474e-12
            ],
            [
                9.495208622287245e-12,
                2.1610995213440815e-10,
                1.1567532169663392e-10,
                0.005220125699039001,
                0.9947798739596805
            ],
            [
                7.972197915321711e-11,
                9.21460792151597e-09,
                0.9975273483015423,
                0.002472622896802547,
                1.950732512292859e-08
            ],
            [
                3.098819095548765e-12,
                2.2897348137447362e-11,
                5.789356248072756e-12,
                1.3440409763881875e-08,
                0.9999999865278046
            ],
            [
                1.573710206191651e-11,
                1.7832472857215454e-11,
                3.098819129871356e-12,
                2.061153616551742e-09,
                0.9999999979021781
            ]
        ],
        [
            [
                0.9999999997812923,
                2.1724399338257743e-10,
                0.0,
                0.0,
                1.4637785132814807e-12
            ],
            [
                1.2086718549315423e-07,
                0.004973785734708148,
                0.9478358710220002,
                0.04718996650027246,
                2.5587583369693475e-07
            ],
            [
                5.456023555300772e-11,
                3.3755222458486223e-09,
                0.9933071170956697,
                0.006692851211345992,
                2.826290173338363e-08
            ],
            [
                1.3887891475677731e-11,
                5.4927676305900096e-11,
                1.2256021210716602e-11,
                3.726639114079745e-06,
                0.9999962732798143
            ],
            [
                4.5087550950092674e-12,
                1.0815941203966009e-11,
                3.5114219986704044e-12,
                3.22418663193362e-08,
                0.9999999677392976
            ]
        ],
        [
            [
                0.9999999996820323,
                3.160881452024573e-10,
                0.0,
                0.0,
                1.879528815177923e-12
            ],
            [
                1.7587388560071188e-06,
                0.999086746975453,
                0.000911049291069988,
                4.446788214789422e-07,
