{
    "[['A', 'B', 'C', 'D', 'E'], ['A', 'B', 'C', 'D', 'E']]": [
        [
            [
                0.9999999983944816,
                1.6052280520334362e-09,
                1.3615261054160343e-13,
                0.0,
                1.54281120016228e-13
            ],
            [
                3.775034016506497e-11,
                1.917120461542898e-10,
                3.331455826718468e-11,
                2.7535689823624875e-05,
                0.9999724640473994
            ],
            [
                4.420228657465273e-14,
                1.2256068979700216e-11,
                0.9999999317289228,
                6.825604231535904e-08,
                2.734698634230712e-12
            ],
            [
                5.602796661484898e-09,
                4.058652288702812e-10,
                3.775134695173824e-11,
                5.043472017438091e-07,
                0.999999489606385
            ],
            [
                1.6918978510471622e-10,
                1.3176513712723569e-10,
                9.545034519081779e-12,
                4.139937543664122e-08,
                0.9999999582901247
            ]
        ],
        [
            [
                0.9999999748868376,
                2.5109990891277486e-08,
                1.2917799705153682e-12,
                0.0,
                1.8795287666756137e-12
            ],
            [
                7.991960902927677e-11,
                2.1724402096183449e-10,
                1.573710409561912e-11,
                1.855391597088697e-07,
                0.9999998141479395
            ],
            [
                3.7749981916765256e-11,
                1.917102268193045e-10,
                6.223919815471607e-11,
                3.535625750505595e-05,
                0.9999646434507955
            ],
            [
                4.944450289284756e-09,
                4.058651951918752e-10,
                2.0206838221154334e-11,
                3.6534820565898945e-08,
                0.999999958094657
            ],
            [
                1.1861120271958526e-08,
                1.9171715332538617e-10,
                2.0206839295703755e-11,
                6.475946065749219e-07,
                0.9999993403323492
            ]
        ],
        [
            [
                1.1628233964505671e-10,
                7.991960535077791e-11,
                1.3887944980807971e-11,
                1.125351837610363e-07,
                0.9999998872547263
            ],
            [
                4.277788410245161e-11,
                1.6918981366940056e-10,
                1.2256068994881654e-11,
                1.8553915973819715e-07,
                0.9999998142366164
            ],
            [
                4.0749082200585717e-11,
                1.3494242739743006e-09,
                1.4507678163109215e-08,
                0.9525741094621671,
                0.04742587463998148
            ],
            [
                3.1608756731270523e-10,
                2.461692449422702e-10,
                1.783244029292319e-11,
                1.0677030754668018e-06,
                0.9999989317168353
            ],
            [
                4.0586447947076884e-10,
                2.7894630538233806e-10,
                2.020680258749868e-11,
                1.76034313217169e-06,
                0.9999982389518502
            ]
        ],
        [
            [
                0.99999999902524,
                9.736200291347367e-10,
                0.0,
                0.0,
                1.1399918505079728e-12
            ],
            [
                2.172278523507013e-10,
                4.0583505699588137e-10,
                1.1627369056334866e-10,
                7.48461970424515e-05,
                0.999925153063621
            ],
            [
                4.129726045020456e-11,
                1.065070384659629e-09,
                2.554971032096018e-09,
                0.148047203201476,
                0.8519527931371854
            ],
            [
                7.991945280151277e-11,
                7.991945280151277e-11,
                9.545017470336671e-12,
                1.0677030760447815e-06,
                0.99999893212754
            ],
            [
                2.998880956147039e-09,
                5.211273696881124e-10,
                6.223978860687939e-11,
                2.7535689735395067e-05,
                0.9999724607280165
            ]
        ],
        [
            [
                1.9171717525274102e-10,
                9.056078117538226e-11,
                1.0815942904328769e-11,
                6.825604226411741e-08,
                0.9999999314508639
            ],
            [
                6.328657329778585e-09,
                1.9493636938212595e-08,
                5.2989199059721315e-08,
                0.9968272383688591,
                0.00317268281964757
            ],
            [
                2.590707841577357e-11,
                1.1015970056991645e-09,
                0.0015011776731343439,
                0.9984959232433315,
                2.89795603016767e-06
            ],
            [
                3.3982682381937214e-09,
                1.9171717499719267e-10,
                1.783247510527526e-11,
                1.8553915912176956e-07,
                0.999999810853023
            ],
            [
                8.764248770285775e-08,
                5.905304370098553e-10,
                2.5946096613503792e-11,
                4.1399379789845694e-08,
                0.999999870341656
            ]
        ],
        [
            [
                2.7894680765347535e-10,
                3.775134522173201e-11,
                3.978962512537796e-12,
                4.944450472985634e-09,
                0.9999999947348723
            ],
            [
                3.331525668646651e-11,
                6.224109362530787e-11,
                1.388786518842836e-11,
                4.785094847399347e-06,
                0.9999952147957084
            ],
            [
                2.461180870761483e-10,
                5.6016218424726115e-09,
                6.142924253432581e-06,
                0.9997904255150062,
                0.00020342571300043248
            ],
            [
                7.052880784257363e-11,
                1.3176516013440222e-10,
                8.423464868951663e-12,
                6.023574634847317e-08,
                0.9999999395535363
            ],
            [
                6.022827591871365e-08,
                1.52280929393043e-08,
                9.73499411866689e-10,
                0.00012339451514410088,
                0.9998765290549876
            ]
        ],
        [
            [
                1.7599856124071344e-06,
                2.9983434701799876e-09,
                3.5810106052673243e-10,
                0.00020342667925170004,
                0.9997948099786914
            ],
            [
                7.433681606838113e-12,
                3.775135018850208e-11,
                4.508755809089189e-12,
                3.059023589567212e-07,
                0.9999996940479473
            ],
            [
                1.775990080056486e-11,
                4.042134790922976e-10,
                9.199856379530152e-09,
                0.9959298526437117,
                0.004070137734458655
            ],
            [
                4.0586449238023587e-10,
                1.691894920094177e-10,
                2.9400725216854085e-11,
                1.3709566534161565e-06,
                0.9999986284388919
            ],
            [
                5.905303678210832e-10,
                9.056076497812564e-11,
                1.3887943110671816e-11,
                5.31578496570959e-08,
                0.9999999461471711
            ]
        ],
        [
            [
                3.5817278918769136e-10,
                2.1724277811712444e-10,
                3.331525903545177e-11,
                6.144172119445662e-06,
                0.9999938552191496
            ],
            [
                2.5946094395897558e-11,
                2.2897347938547124e-11,
                4.508755140312613e-12,
                2.215948927214698e-08,
                0.9999999777871585
            ],
            [
                6.558486895109164e-12,
                5.49135384499751e-11,
                2.289136854595005e-11,
                0.0002611903271820859,
                0.9997388095884545
            ],
            [
                5.4927882620392675e-11,
                3.7751344831684856e-11,
                5.7893562350144924e-12,
                1.5229979498174822e-08,
                0.9999999846715519
            ],
            [
                3.581536410013738e-10,
                1.4930065014304413e-10,
                3.3313477976682125e-11,
                5.8291276952466834e-05,
                0.9999417081822798
            ]
        ],
        [
            [
                1.7832472323719417e-11,
                4.847368547406534e-11,
                5.109088860622194e-12,
                3.2241866315898584e-08,
                0.9999999676867184
            ],
            [
                1.0815941798957308e-11,
                6.224144761980195e-11,
                9.545035136115079e-12,
                6.475946144594557e-07,
                0.9999993523227831
            ],
            [
                1.4414160247691668e-10,
                7.869864838052532e-09,
                0.8519521857607283,
                0.1480470978026089,
                7.084226564443346e-07
            ],
            [
                5.49278816992886e-11,
                6.224144417778651e-11,
                7.433680427360377e-12,
                3.2241866309972126e-08,
                0.9999999676335307
            ],
            [
                2.0611498956679985e-09,
                1.3176490445648358e-10,
                9.54501766446903e-12,
                1.7603431292751171e-06,
                0.9999982374544109
            ]
        ],
        [
            [
                5.789356459074373e-12,
                2.940077805478476e-11,
                3.978962625421082e-12,
                6.475946145697746e-07,
                0.9999993523662164
            ],
            [
                5.492788756732819e-11,
                1.1628233889253289e-10,
                1.2256068349512886e-11,
                2.3823698434986814e-07,
                0.9999997615795493
            ],
            [
                2.9526394480000274e-10,
                1.8267333415397723e-08,
                0.4999974579371235,
                0.4999974584798413,
                5.065020437850903e-06
            ],
            [
                2.9400778812979136e-11,
                1.0261880127377503e-10,
                1.0815942079723947e-11,
                1.4449803159055683e-07,
                0.9999998553591328
            ],
            [
                2.2897347993951223e-11,
                2.5946094458678628e-11,
                3.978962455466043e-12,
                1.9555680692844642e-08,
                0.999999980391497
            ]
        ],
        [
            [
                6.47594632963956e-07,
                2.6465737736679467e-09,
                7.052880210232277e-11,
                8.764248665703591e-08,
                0.9999992620457778
            ],
            [
                4.939944584159354e-09,
                2.059275276452578e-09,
                2.7869260280086354e-10,
                0.0009110513969697104,
                0.9990889413251178
            ],
            [
                2.0135672245220072e-10,
                2.0538944068967972e-08,
                0.4378215481258511,
                0.5621739959611182,
                4.4351727299354505e-06
            ],
            [
                3.775134485264737e-11,
                4.277787802096967e-11,
                5.789356238229199e-12,
                1.5229979506631705e-08,
                0.999999984683702
            ],
            [
                5.211412904775684e-10,
                9.056077714114099e-11,
                1.0815942422507358e-11,
                1.125351837215148e-07,
                0.9999998868422982
            ]
        ],
        [
            [
                0.9999998874612781,
                1.1253518368350901e-07,
                1.6586784910400962e-12,
                0.0,
                1.8795289662573027e-12
            ],
            [
                2.457999942613732e-10,
                5.203585919347224e-10,
                1.1610769595300606e-10,
                0.00150118202833592,
                0.9984988170893978
            ],
            [
                1.4635971082109866e-12,
                1.9169339188973683e-10,
                0.9998766050297968,
                0.00012339462775533242,
                1.4929096371334074e-10
            ],
            [
                4.058644923610874e-10,
                1.4930920264112796e-10,
                1.7832441260967045e-11,
                1.3709566533514756e-06,
                0.9999986284703405
            ],
            [
                5.3157852109981733e-08,
                9.736200233471616e-10,
                5.4927883060824436e-11,
                5.043471774645413e-07,
                0.9999994414664225
            ]
        ],
        [
            [
                5.211402949001543e-10,
                4.5990469606140886e-10,
                3.331538444159972e-11,
                2.2603252697098562e-06,
                0.9999977386603699
            ],
            [
                6.560200671232081e-12,
                7.99196050582877e-11,
                1.2256068383973487e-11,
                8.315279898632677e-07,
                0.9999991683732743
            ],
            [
                2.2853237700053788e-11,
                2.6414751286904687e-09,
                0.9980732409330982,
                0.0019267342857729201,
                2.211680046996307e-08
            ],
            [
                4.0586523113949316e-10,
                3.5817480934738364e-10,
                2.9400778732395195e-11,
                5.043472045636385e-07,
                0.9999994948593547
            ],
            [
                7.052880731901168e-11,
                3.77513501573148e-11,
                6.560200987415176e-12,
                6.825604228740773e-08,
                0.9999999316291174
            ]
        ],
        [
            [
                2.0611498481970494e-09,
                6.6915738381246e-10,
                7.052866936367912e-11,
                1.0677030731697907e-06,
                0.9999989294960909
            ],
            [
                3.775113155472318e-11,
                1.9171606516259588e-10,
                3.775113155472318e-11,
                4.785094844475066e-06,
                0.9999952146379372
            ],
            [
                1.1610770292477043e-10,
                2.332085554161981e-09,
                1.3688989385183226e-06,
                0.9984974486818495,
                0.0015011799710186967
            ],
            [
                3.1608575010282386e-10,
                2.789446954168705e-10,
                4.2777554517222844e-11,
                7.889265041582713e-06,
                0.9999921100971504
            ],
            [
                5.905303899916868e-10,
                7.991959758935229e-11,
                9.545034762778113e-12,
                1.522997948931819e-08,
                0.9999999840900256
            ]
        ],
        [
            [
                8.592151365667e-10,
                4.0586449212291223e-10,
                4.277780274694984e-11,
                1.3709566525469512e-06,
                0.9999986277354901
            ],
            [
                4.277780279600417e-11,
                1.0261861425753106e-10,
                1.5737074187136178e-11,
                1.37095665411906e-06,
                0.9999986288822124
            ],
            [
                5.7881754538566435e-12,
                7.051441251010065e-11,
                2.939478041540404e-11,
                0.00020342706165571968,
                0.9997965728326469
            ],
            [
                6.560200486657703e-12,
                2.9400778820280285e-11,
                6.560200486657703e-12,
                1.4449803162644027e-07,
                0.9999998554594473
            ],
            [
                1.955568313964495e-08,
                2.7894683855416846e-10,
                1.0815942692101136e-11,
                6.825604092481502e-08,
                0.9999999118985132
            ]
        ],
        [
            [
                1.2501528488256676e-09,
                1.6918978988488e-10,
                8.423463636143055e-12,
                1.186111998472899e-08,
                0.999999986711114
            ],
            [
                1.2256068995918024e-11,
                4.847369320026395e-11,
                9.545036131398124e-12,
                1.855391597538863e-07,
                0.9999998143905654
            ],
            [
                3.240169332898813e-10,
                1.7690725137040227e-08,
                0.09534760629093438,
                0.9046329754770431,
                1.9400217280424376e-05
            ],
            [
                1.1253517900549703e-07,
                9.736200683841805e-10,
                2.5946095970999112e-11,
                4.1399378764670475e-08,
                0.9999998450658761
            ],
            [
                4.363462784031349e-09,
                3.1608818390322936e-10,
                2.5946098140727253e-11,
                1.8553915884401923e-07,
                0.9999998097553441
            ]
        ],
        [
            [
                0.9999999123492898,
                8.764249135704873e-08,
                1.6586785323213105e-12,
                0.0,
                6.560200853992082e-12
            ],
            [
                1.5737103315837637e-11,
                5.4927887729283296e-11,
                6.5602006721294295e-12,
                8.315279899770096e-07,
                0.9999991683947849
            ],
            [
                2.6218577942833586e-10,
                2.195254653998202e-09,
                2.082799625067158e-08,
                0.93991332372457,
                0.06008665298999325
            ],
            [
                4.847008549453823e-11,
                1.4929837400877413e-10,
                5.4923802398152816e-11,
                7.484619705916993e-05,
                0.9999251535502486
            ],
            [
                1.9171717540219774e-10,
                7.05288073499279e-11,
                1.225606898005371e-11,
                3.0590235883809996e-07,
                0.999999693823139
            ]
        ],
        [
            [
                0.9999999918445578,
                8.152020636438609e-09,
                1.291779992421012e-12,
                0.0,
                2.129785150569373e-12
            ],
            [
                9.056077657339284e-11,
                7.991960482167478e-11,
                1.3887944888863635e-11,
                2.3823698431439003e-07,
                0.9999997615786475
            ],
            [
                3.0977792426144603e-12,
                5.4909450910001535e-11,
                2.5937388039259395e-11,
                0.0003353500549678492,
                0.9996646498610875
            ],
            [
                1.081594291589173e-11,
                7.991960896835554e-11,
                9.545036121806248e-12,
                3.0590235892665795e-07,
                0.9999996939973606
            ],
            [
                4.944365895388937e-09,
                9.736033712835206e-10,
                1.1628034054687595e-10,
                1.6701415000494596e-05,
                0.9999832925507499
            ]
        ],
        [
            [
                1.250152925039918e-09,
                1.6918980019935715e-10,
                2.0206840038262456e-11,
                1.444980313903098e-07,
                0.999999854062419
            ],
            [
                4.8473685027579755e-11,
                7.05287955500354e-11,
                5.789356085669895e-12,
                4.139937544973721e-08,
                0.9999999584758328
            ],
            [
                4.26954699902072e-11,
                2.7840943706362366e-10,
                9.038631067855458e-11,
                0.0019267343312391416,
                0.9980732652572696
            ],
            [
                2.0206841625321976e-11,
                4.277788405649631e-11,
                6.560200991180185e-12,
                3.0590235887957054e-07,
                0.9999996940280962
            ],
            [
                1.344041118113931e-08,
                4.599055799536639e-10,
                3.3315448470539924e-11,
                8.764249021507185e-08,
                0.9999998984238776
            ]
        ],
        [
            [
                5.905293193927884e-10,
                5.905293193927884e-10,
                5.492778300724097e-11,
                1.067703074682547e-06,
                0.999998931060939
            ],
            [
                5.1090796859075155e-12,
                4.2777800468777066e-11,
                1.0815921779941688e-11,
                1.0677030759395364e-06,
                0.9999989322382212
            ],
            [
                4.8467957821234876e-11,
                2.6462608329238884e-09,
                9.610038400322592e-05,
                0.999882454027195,
                2.1442894072965405e-05
            ],
            [
                7.052813125894027e-11,
                1.317638961097643e-10,
                2.5945849514405076e-11,
                1.0129988100085933e-05,
                0.999989869783662
            ],
            [
                1.0467383112148262e-08,
                5.2114031863715e-10,
                3.775127806282754e-11,
                1.3709566394468419e-06,
                0.9999986180170859
            ]
        ],
        [
            [
                0.9999999585977388,
                4.1399375428149733e-08,
                1.0060392365210972e-12,
                0.0,
                1.879528736648739e-12
            ],
            [
                9.053037965219553e-11,
                3.159820730553874e-10,
                9.053037965219553e-11,
                0.00033535005500696984,
                0.9996646494479502
            ],
            [
                3.098813470384432e-12,
                2.2897306572792546e-11,
                1.2256045025390202e-11,
                2.26032527240297e-06,
                0.9999977396364754
            ],
            [
                6.825604051618448e-08,
                5.211413003473914e-10,
                3.3315448717691145e-11,
                2.5109994041669272e-08,
                0.9999999060795086
            ],
            [
                7.052880730584496e-11,
                6.224145399039395e-11,
                5.789357050645507e-12,
                6.825604227466532e-08,
                0.9999999316053981
            ]
        ],
        [
            [
                1.0261880128880908e-10,
                3.775134727181037e-11,
                3.978962728614465e-12,
                1.4449803161172633e-07,
                0.9999998553576193
            ],
            [
                4.2777716887956435e-11,
                7.991929664410472e-11,
                1.5737042583331584e-11,
                2.9023121988621776e-06,
                0.999997097549367
            ],
            [
                4.7359916589570385e-11,
                3.320186481216575e-09,
                0.9770225893633225,
                0.022977366820979284,
                4.044815175583024e-08
            ],
            [
                9.056042736487046e-11,
                1.1628189048259772e-10,
                2.0206762661033792e-11,
                2.902312198939555e-06,
                0.9999970974607519
            ],
            [
                1.9171642621136802e-10,
                1.4930890286106462e-10,
                1.3887891334226499e-11,
                2.902312198568453e-06,
                0.9999970973328882
            ]
        ],
        [
            [
                4.847369320760444e-11,
                4.847369320760444e-11,
                6.5602009997758155e-12,
                1.8553915978198296e-07,
                0.9999998143573327
            ],
            [
                1.3176339130700541e-10,
                1.4930748303037208e-10,
                2.9400386604032344e-11,
                1.3007124763863577e-05,
                0.9999869925647649
            ],
            [
                1.8094665974763868e-09,
                1.7167741081570446e-08,
                3.907359860093724e-07,
                0.9947794667329571,
                0.005220123553849204
            ],
            [
                7.991959830352765e-11,
                3.331544516070363e-11,
                4.508755206977663e-12,
                7.194132973973609e-09,
                0.9999999926881232
            ],
            [
                1.0815941279570624e-11,
                2.94007766379369e-11,
                5.109088896880015e-12,
                2.5109990912704174e-08,
                0.9999999748446833
            ]
        ],
        [
            [
                2.4616972582607204e-10,
                2.940078105281233e-11,
                5.1090896640703295e-12,
                6.825604226022854e-08,
                0.9999999314632781
            ],
            [
                2.940077964323901e-11,
                5.492788771383687e-11,
                1.0815942385159486e-11,
                8.315279897431733e-07,
                0.9999991683768656
            ],
            [
                2.581065270888467e-11,
                4.5750476611673364e-10,
                1.3370249116262942e-08,
                0.9947798605266054,
                0.005220125619830144
            ],
            [
                3.5817483760009475e-10,
                9.056078116623867e-11,
                6.5602009845143445e-12,
                6.825604225722586e-08,
                0.9999999312886619
            ],
            [
                2.1724398851653908e-10,
                7.052879689066341e-11,
                7.433680501557152e-12,
                2.2159489264233153e-08,
                0.9999999775453042
            ]
        ],
        [
            [
                3.058956518478265e-07,
                2.061110655028713e-09,
                2.4616456345624195e-10,
                2.144494080785075e-05,
                0.9999782468562651
            ],
            [
                5.7893460591284105e-12,
                4.8473601076375744e-11,
                1.2256045703351369e-11,
                1.3709566544721918e-06,
                0.9999986289768266
            ],
            [
                1.507483454666795e-09,
                5.656789930405041e-08,
                0.06003518937525404,
                0.9391083963629373,
                0.0008563561864258098
            ],
            [
                3.3982678827306694e-09,
                2.7894681447758647e-10,
                2.5946095465574416e-11,
                6.475946120401495e-07,
                0.9999993487022272
            ],
            [
                1.1628233478234543e-10,
                6.224144862712167e-11,
                5.789356551783476e-12,
                3.9278636968141076e-07,
                0.9999996070293172
            ]
        ],
        [
            [
                7.991959556859898e-11,
                4.8473685024189194e-11,
                5.109088813205597e-12,
                4.139937544684147e-08,
                0.9999999584671222
            ],
            [
                1.026186085941309e-10,
                1.3176490165999518e-10,
                2.2897306569817468e-11,
                2.260325272109283e-06,
                0.9999977394174471
            ],
            [
                2.087967911466236e-14,
                7.83504178439008e-13,
                0.9999999999761782,
                2.2897348454484908e-11,
                1.2015425730737697e-13
            ],
            [
                7.991945460300615e-11,
                1.6918948672223992e-10,
                1.3887918784773208e-11,
                1.7603431331527232e-06,
                0.99999823939387
            ],
            [
                6.691585933324607e-10,
                1.0261879389449848e-10,
                6.5602000132872294e-12,
                2.215948925024723e-08,
                0.9999999770621731
            ]
        ],
        [
            [
                8.592134111155278e-10,
                2.461687638112053e-10,
                4.2777716841794373e-11,
                2.9023121957302496e-06,
                0.9999970965396444
            ],
            [
                7.991945714676791e-11,
                6.224133580854443e-11,
                1.3887919226812718e-11,
                1.3709566542099824e-06,
                0.9999986288872971
            ],
            [
                3.318241356735248e-10,
                1.8116983944121515e-08,
                0.18242496237796188,
                0.8175719723650059,
                3.0468082241229015e-06
            ],
            [
                1.8189619144104302e-09,
                1.3176515913444847e-10,
                1.783247513217793e-11,
                1.8553915940168015e-07,
                0.999999812492281
            ],
            [
                4.944441704299599e-09,
                3.5817415572948315e-10,
                2.0206803136282197e-11,
                1.370956647042608e-06,
                0.9999986237205304
            ]
        ],
        [
            [
                3.1608813815044724e-10,
                9.056076781070959e-11,
                8.423463560438649e-12,
                2.215948926293394e-08,
                0.9999999774254383
            ],
            [
                5.4927887936789637e-11,
                5.4927887936789637e-11,
                8.42346443340832e-12,
                1.1253518378970769e-07,
                0.999999887346537
            ],
            [
                7.972167443406652e-11,
                3.3898518557932512e-09,
                3.717423947223125e-06,
                0.997523665671505,
                0.002472613434974207
            ],
            [
                4.686888997936492e-08,
                6.018084598544596e-08,
                3.8472327694598336e-09,
                0.0009110509786087065,
                0.9990888381244226
            ],
            [
                8.15180355709508e-09,
                1.250119564224686e-09,
                7.052691973170123e-11,
                2.753568956072128e-05,
                0.9999724548379892
            ]
        ],
        [
            [
                0.9999999993284281,
                6.691586079416368e-10,
                0.0,
                0.0,
                2.4133627675499103e-12
            ],
            [
                5.49278904001242e-11,
                7.991960895527023e-11,
                1.3887945607174816e-11,
                3.059023588765723e-07,
                0.9999996939489056
            ],
            [
                5.4822071416898374e-11,
                1.247744594258437e-09,
                1.6021357725625669e-09,
                0.11920292330139554,
                0.880797073793902
            ],
            [
                1.1628233593581941e-10,
                7.991960280145887e-11,
                1.0815942081293023e-11,
                1.4449803161151926e-07,
                0.9999998552949505
            ],
            [
                2.0611535923487803e-09,
                7.991959776283204e-11,
                5.789356244214659e-12,
                1.1861119978189115e-08,
                0.9999999859920174
            ]
        ],
        [
            [
                5.905304446582935e-10,
                1.317651526891285e-10,
                2.2897350192139886e-11,
                8.31527989128553e-07,
                0.999999167726818
            ],
            [
                2.0206803240671408e-11,
                5.492778606036444e-11,
                1.2256045700247808e-11,
                1.3709566541250288e-06,
                0.9999986289559553
            ],
            [
                3.345734061792261e-10,
                8.628761872615343e-09,
                0.49999115612002815,
                0.4999911564778746,
                1.767843876192455e-05
            ],
            [
                1.3887945328361373e-11,
                5.492788929739564e-11,
                8.42346464206401e-12,
                8.764249142948064e-08,
                0.9999999122802693
            ],
            [
                1.6918981346174116e-10,
                1.1628234487289919e-10,
                6.5602009901758295e-12,
                3.059023588327374e-07,
                0.9999996938056087
            ]
        ],
        [
            [
                0.999999999239614,
                7.582560417072299e-10,
                0.0,
                0.0,
                2.1297851679111623e-12
            ],
            [
                1.493091979457067e-10,
                2.1724360113453283e-10,
                2.5946048120448556e-11,
                1.7603431327218303e-06,
                0.9999982392643685
            ],
            [
                2.0076424767703714e-10,
                2.4458092348506813e-09,
                8.997629345288215e-10,
                0.0758581756226076,
                0.924141820831056
            ],
            [
                7.052866954877464e-11,
                1.4930919460642576e-10,
                1.783244030135871e-11,
                1.0677030759718718e-06,
                0.9999989320592537
            ],
            [
                2.172439982706149e-10,
                9.05607718821229e-11,
                1.081594179440722e-11,
                6.475946141870233e-07,
                0.999999352086765
            ]
        ],
        [
            [
                1.5737104071996522e-11,
                5.4927890368537134e-11,
                7.433681600615582e-12,
                6.825604228666041e-08,
                0.999999931665859
            ],
            [
                2.289735136079691e-11,
                4.847369321119331e-11,
                5.7893570630631535e-12,
                1.8553915979571982e-07,
                0.9999998143836798
            ],
            [
                3.567144521096381e-10,
                1.9475949175272867e-08,
                0.003169801022749392,
                0.9959220159464769,
                0.0009081631981100373
            ],
            [
                2.4616970648305333e-10,
                1.1628233564066732e-10,
                1.388794450255186e-11,
                5.043472047390059e-07,
                0.9999994952764553
            ],
            [
                5.211412870361292e-10,
                1.317651523713803e-10,
                1.3887944884219384e-11,
                2.382369842347215e-07,
                0.9999997610962214
            ]
        ],
        [
            [
                0.9999999995379647,
                4.5990553707778684e-10,
                0.0,
                0.0,
                2.129785167309192e-12
            ],
            [
                2.7894629915241575e-10,
                2.1724359621477173e-10,
                2.2897306582067706e-11,
                1.0677030756714024e-06,
                0.9999989317778372
            ],
            [
                1.3878093271823155e-11,
                1.6040894814252563e-09,
                0.9992903146196989,
                0.0007096703314567775,
                1.3430876789756895e-08
            ],
            [
                7.58245963418632e-10,
                4.0585981754821496e-10,
                4.847304270997258e-11,
                1.3007124750204496e-05,
                0.999986991662671
            ],
            [
                4.1399219229404196e-08,
                1.6052219304719407e-09,
                1.0261840477717341e-10,
                3.726638953112365e-06,
                0.9999962302539873
            ]
        ],
        [
            [
                7.58256010205674e-10,
                1.3176513703844095e-10,
                1.5737101430572078e-11,
                4.139937540874274e-08,
                0.9999999576948664
            ],
            [
                4.276670672652895e-11,
                2.1718725759750204e-10,
                4.8461027569928914e-11,
                0.00026119032745853144,
                0.9997388093641264
            ],
            [
                2.168254742001672e-10,
                1.6021355925422755e-09,
                6.33656918902652e-09,
                0.22270014229188798,
                0.7772998495525818
            ],
            [
                9.735755509830157e-10,
                7.58221401484747e-10,
                1.0261410812599968e-10,
                4.539785564399365e-05,
                0.999954600309945
            ],
            [
                7.1941328326095665e-09,
                1.3176513907966317e-10,
                1.0815941260031986e-11,
                1.9555680550403184e-08,
                0.9999999731076056
            ]
        ],
        [
            [
                1.0261782543390314e-10,
                1.493080549931184e-10,
                3.775098827485291e-11,
                1.0129988096441298e-05,
                0.9999898697222267
            ],
            [
                1.3887919225329216e-11,
                1.0261861425337508e-10,
                1.573707418649884e-11,
                1.3709566540635374e-06,
                0.9999986289111022
            ],
            [
                1.1605831252444583e-10,
                2.993183330221283e-09,
                1.0447236357030035e-08,
                0.7772998454677178,
                0.22270014097580412
            ],
            [
                2.789468227167877e-10,
                1.4930947480822134e-10,
                2.020684006308052e-11,
                1.4449803156778247e-07,
                0.9999998550535053
            ],
            [
                2.594609598672564e-11,
                4.8473688938348586e-11,
                5.109089225754962e-12,
                3.9278636974662113e-07,
                0.9999996071341014
            ]
        ],
        [
            [
                3.581741573948102e-10,
                1.4930920264824856e-10,
                1.7832441261817477e-11,
                1.3709566534168568e-06,
                0.9999986285180308
            ],
            [
                2.9989611914563217e-09,
                1.917171748117221e-10,
                1.5737104030597974e-11,
                3.059023578959419e-07,
                0.9999996908912266
            ],
            [
                2.8303320505651488e-11,
                3.707003436282102e-09,
                0.9626730741309175,
                0.03732688227973293,
                3.985404282429923e-08
            ],
            [
                2.1724193803892023e-10,
                5.211363179750969e-10,
