{
    "[['A', 'B', 'C', 'D', 'E'], ['A', 'B', 'C', 'D', 'E']]": [
        [
            [
                0.9999999999821676,
                1.7832472902188646e-11,
                0.0,
                0.0,
                0.0
            ],
            [
                0.999999996149258,
                3.850741905018297e-09,
                0.0,
                0.0,
                0.0
            ],
            [
                5.008774637249378e-14,
                1.2917800046327686e-12,
                0.9999999999436242,
                5.492788350303144e-11,
                1.0603575990266079e-13
            ],
            [
                3.5114220436649217e-12,
                1.2256067200782125e-11,
                2.4133627239211853e-12,
                1.9555680699615307e-08,
                0.9999999804261386
            ],
            [
                4.50875557575064e-12,
                2.2897350149883888e-11,
                3.9789628301109635e-12,
                2.3823698436956845e-07,
                0.9999997617316305
            ]
        ],
        [
            [
                0.9999999997538302,
                2.461696950327184e-10,
                0.0,
                0.0,
                0.0
            ],
            [
                0.9996646499068498,
                0.00033535005984600374,
                3.3304265417951284e-11,
                0.0,
                0.0
            ],
            [
                4.056786907553129e-10,
                2.2149306023108098e-08,
                0.00012335320676323905,
                0.9995413154578254,
                0.0003353087804266641
            ],
            [
                1.2917799844989435e-12,
                1.081594138742428e-11,
                2.7346982486441838e-12,
                1.522997950552995e-08,
                0.9999999847551782
            ],
            [
                3.0988190368816693e-12,
                2.2897347703952903e-11,
                5.789356138468191e-12,
                3.224186631296473e-08,
                0.9999999677263482
            ]
        ],
        [
            [
                0.9999999999954912,
                4.5087552410159e-12,
                0.0,
                0.0,
                0.0
            ],
            [
                0.9999996072121666,
                3.927863695244393e-07,
                1.4637785699375168e-12,
                0.0,
                0.0
            ],
            [
                1.2917456063608043e-12,
                3.5816525529838113e-10,
                0.9999724638801863,
                2.753568982974217e-05,
                7.052692042074206e-11
            ],
            [
                2.129785441319123e-12,
                1.225606899993307e-11,
                2.734698638745272e-12,
                1.855391598146683e-07,
                0.9999998144437197
            ],
            [
                1.4637784847163807e-12,
                1.0815941339977039e-11,
                2.4133627233450993e-12,
                1.9555680694947232e-08,
                0.9999999804296262
            ]
        ],
        [
            [
                0.9999999999740539,
                2.594609497279309e-11,
                0.0,
                0.0,
                0.0
            ],
            [
                0.9999982396549877,
                1.7603431328143268e-06,
                1.8795254219430486e-12,
                0.0,
                0.0
            ],
            [
                1.569818885902487e-11,
                2.056056992754289e-09,
                0.9975273729158121,
                0.0024726229563758906,
                2.056056992754289e-09
            ],
            [
                3.0988191308605757e-12,
                1.0815941529847235e-11,
                1.879528811770994e-12,
                2.0611536172097135e-09,
                0.999999997923052
            ],
            [
                2.4133627103007284e-12,
                2.0206838575016975e-11,
                5.789356181121892e-12,
                2.5109990917221027e-08,
                0.9999999748615995
            ]
        ],
        [
            [
                0.9999999993308415,
                6.69158608494675e-10,
                0.0,
                0.0,
                0.0
            ],
            [
                0.9992903295579643,
                0.0007096703515392586,
                9.049653712436482e-11,
                0.0,
                0.0
            ],
            [
                9.053659920471667e-11,
                2.060603500024027e-09,
                4.7838448053345234e-06,
                0.9997340249276376,
                0.000261189076416932
            ],
            [
                5.109088948040864e-12,
                1.7832472628840554e-11,
                3.978962473515684e-12,
                1.5229979506169033e-08,
                0.9999999847431
            ],
            [
                3.5114220965716025e-12,
                1.0815941505522929e-11,
                2.1297851607630924e-12,
                4.363462232061112e-09,
                0.9999999956200807
            ]
        ],
        [
            [
                0.9999999999666846,
                3.3315445410017767e-11,
                0.0,
                0.0,
                0.0
            ],
            [
                1.9929123412201606e-06,
                0.9990864538346473,
                0.0009110489063750853,
                5.038871508283963e-07,
                4.5948560551506303e-10
            ],
            [
                1.2015425547978232e-13,
                2.2897348106207012e-11,
                0.9999999847463115,
                1.5229979511747758e-08,
                6.914400001174315e-13
            ],
            [
                2.7346984184460816e-12,
                2.0206840027555023e-11,
                6.5602004724612015e-12,
                5.04347204979813e-07,
                0.9999994956232933
            ],
            [
                5.1090888980387465e-12,
                1.5737101706359002e-11,
                2.734698221994733e-12,
                2.510999091839907e-08,
                0.9999999748664281
            ]
        ],
        [
            [
                0.9999999995400946,
                4.5990553754040053e-10,
                0.0,
                0.0,
                0.0
            ],
            [
                9.864704028788565e-08,
                0.9933050838886723,
                0.006692835869727766,
                1.9813787700655087e-06,
                2.157895244647791e-10
            ],
            [
                5.901599983494676e-10,
                2.2145590557934356e-08,
                0.0005527371925109586,
                0.9993724351915649,
                7.480488017361868e-05
            ],
            [
                2.413362765496865e-12,
                7.43368065283486e-12,
                1.139991850051276e-12,
                2.3355930326671747e-09,
                0.99999999765342
            ],
            [
                1.0815941511474772e-11,
                1.3887943806141632e-11,
                1.8795288085783386e-12,
                3.850741906457799e-09,
                0.9999999961226747
            ]
        ],
        [
            [
                0.9999999990263799,
                9.736200299050772e-10,
                0.0,
                0.0,
                0.0
            ],
            [
                0.9999999950555496,
                4.9444504720339855e-09,
                0.0,
                0.0,
                0.0
            ],
            [
                7.428408124549508e-12,
                1.4156040168831699e-09,
                0.9992903274781529,
                0.0007096703410963668,
                7.577182282941063e-10
            ],
            [
                5.108787312311102e-12,
                5.492463975951624e-11,
                1.5736172756919322e-11,
                5.829127707408177e-05,
                0.9999417086471563
            ],
            [
                5.109079801800345e-12,
                2.2897307107213573e-11,
                6.560188321397612e-12,
                1.7603431332297655e-06,
                0.9999982396223003
            ]
        ],
        [
            [
                0.9999999999515263,
                4.847368704065298e-11,
                0.0,
                0.0,
                0.0
            ],
            [
                0.9980732654573081,
                0.001926734348251194,
                1.9134782067381936e-10,
                3.0928494639186137e-12,
                0.0
            ],
            [
                3.543712841422251e-11,
                9.139355874920194e-10,
                2.19241750111191e-09,
                0.26894140904236874,
                0.7310585878158411
            ],
            [
                8.8782654113411e-13,
                5.7893562849638535e-12,
                8.8782654113411e-13,
                7.194132975938652e-09,
                0.9999999927983019
            ],
            [
                2.1297850817619207e-12,
                1.3887943283346964e-11,
                3.9789623692011634e-12,
                4.139937545407566e-08,
                0.9999999585806278
            ]
        ],
        [
            [
                0.9999999999969011,
                3.09881913760169e-12,
                0.0,
                0.0,
                0.0
            ],
            [
                0.9999997617620097,
                2.3823698428553972e-07,
                1.0060393533325256e-12,
                0.0,
                0.0
            ],
            [
                1.7805691809753812e-11,
                2.3320854071153135e-09,
                0.9984988138118301,
                0.001501182022048892,
                1.8162299412508023e-09
            ],
            [
                5.109079965098164e-12,
                2.2897307839063624e-11,
                5.109079965098164e-12,
                1.3709566544526053e-06,
                0.9999986290102301
            ],
            [
                5.109088754249161e-12,
                2.0206838007266143e-11,
                4.508755000654673e-12,
                5.315784969532675e-08,
                0.9999999468123257
            ]
        ],
        [
            [
                0.9999999998308102,
                1.6918979215504303e-10,
                0.0,
                0.0,
                0.0
            ],
            [
                0.9046505173088684,
                0.09534946884101919,
                1.3777813092641816e-08,
                7.229932770412009e-11,
                0.0
            ],
            [
                4.1937559841010556e-13,
                1.1628123024442635e-10,
                0.9999898698773622,
                1.012998810488438e-05,
                1.7832304208821497e-11
            ],
            [
                2.1297732574235514e-12,
                2.2897220373913394e-11,
                3.978940278428806e-12,
                6.1441721244644575e-06,
                0.9999938557988696
            ],
            [
                8.42346372955095e-12,
                2.020683903044772e-11,
                3.9789625240669525e-12,
                2.646573631080209e-09,
                0.9999999973208171
            ]
        ],
        [
            [
                0.9999999998308102,
                1.6918979217934638e-10,
                0.0,
                0.0,
                0.0
            ],
            [
                0.9999921107309809,
                7.889265040066054e-06,
                3.978932382335872e-12,
                0.0,
                0.0
            ],
            [
                7.408252675546817e-10,
                3.5694960353009785e-08,
                0.02297714232948952,
                0.977012924002083,
                9.89723264177379e-06
            ],
            [
                2.129785128294779e-12,
                1.0815941340635227e-11,
                2.129785128294779e-12,
                1.9555680696137264e-08,
                0.9999999804292439
            ],
            [
                6.56020012397433e-12,
                1.7832472788054198e-11,
                3.098819117852932e-12,
                6.348800073287899e-09,
                0.9999999936237083
            ]
        ],
        [
            [
                0.9999999997210531,
                2.789468091311665e-10,
                0.0,
                0.0,
                0.0
            ],
            [
                0.9999921107309842,
                7.88926503689181e-06,
                3.978932380734949e-12,
                0.0,
                0.0
            ],
            [
                1.0795105330349695e-11,
                2.057182940422608e-09,
                0.9980732609680554,
                0.0019267343224914748,
                2.641475182279052e-09
            ],
            [
                2.020672461747165e-11,
                7.0528398961963e-11,
                2.020672461747165e-11,
                4.785094847620383e-06,
                0.9999952147942105
            ],
            [
                1.081594235847888e-11,
                2.5946096904727212e-11,
                7.433681223003677e-12,
                2.3823698439763614e-07,
                0.9999997617188199
            ]
        ],
        [
            [
                0.9999999999821676,
                1.7832472900587283e-11,
                0.0,
                0.0,
                0.0
            ],
            [
                0.9999999966017321,
                3.398267805671037e-09,
                0.0,
                0.0,
                0.0
            ],
            [
                5.331780466306898e-11,
                3.1296774547017404e-08,
                0.9706877339319739,
                0.029312226804869872,
                7.913063826460158e-09
            ],
            [
                3.978963040541289e-12,
                2.0206841653320818e-11,
                3.978963040541289e-12,
                1.8553915979596197e-07,
                0.9999998144326754
            ],
            [
                1.78324751359466e-11,
                4.2777884033904866e-11,
                8.423464806806953e-12,
                6.82560422905343e-08,
                0.9999999316749238
            ]
        ],
        [
            [
                0.9999999999740539,
                2.5946094973886683e-11,
                0.0,
                0.0,
                0.0
            ],
            [
                0.9999970976859249,
                2.9023121954918356e-06,
                1.879521705284441e-12,
                0.0,
                0.0
            ],
            [
                1.463669756698966e-12,
                2.789260837898728e-10,
                0.9999251534197778,
                7.484619722128116e-05,
                1.026111718327573e-10
            ],
            [
                1.0060393855224887e-12,
                7.433681457359388e-12,
                2.1297853958641136e-12,
                8.764249144960652e-08,
                0.9999999123469391
            ],
            [
                2.734698248634175e-12,
                1.225606725157643e-11,
                3.5114220582177336e-12,
                1.5229979505474208e-08,
                0.9999999847515182
            ]
        ],
        [
            [
                0.9999999997538302,
                2.461696950522154e-10,
                0.0,
                0.0,
                0.0
            ],
            [
                0.9999999936511998,
                6.34880006779643e-09,
                0.0,
                0.0,
                0.0
            ],
            [
                1.767949867070683e-11,
                2.9732345137810638e-09,
                0.9914225087577379,
                0.008577485627477925,
                2.623870249069404e-09
            ],
            [
                2.73469835233385e-12,
                2.0206839539048035e-11,
                7.433680837465996e-12,
                6.475946143736895e-07,
                0.9999993523750104
            ],
            [
                2.5946094801087235e-11,
                2.9400777186977223e-11,
                7.433680620300732e-12,
                6.348800071588678e-09,
                0.9999999935884194
            ]
        ],
        [
            [
                0.9999999999821676,
                1.78324729028466e-11,
                0.0,
                0.0,
                0.0
            ],
            [
                0.9999993524039219,
                6.475946142837943e-07,
                1.4637785464355523e-12,
                0.0,
                0.0
            ],
            [
                6.914334693315243e-13,
                3.160851550820866e-10,
                0.9999898696866977,
                1.0129988102250013e-05,
                8.423384064359544e-12
            ],
            [
                1.4637703261653007e-12,
                2.5945949847690193e-11,
                6.560163472260212e-12,
                6.1441721248101985e-06,
                0.9999938557939053
            ],
            [
                5.789356087790301e-12,
                1.7832472165997862e-11,
                3.0988190097557493e-12,
                4.139937546490012e-08,
                0.9999999585739039
            ]
        ],
        [
            [
                0.999999999990455,
                9.545034919730977e-12,
                0.0,
                0.0,
                0.0
            ],
            [
                0.9999999677575235,
                3.2241866311434767e-08,
                6.101936476780611e-13,
                0.0,
                0.0
            ],
            [
                3.037975368302548e-14,
                5.789356296066488e-12,
                0.999999994391209,
                5.602796405925695e-09,
                1.748234118407334e-13
            ],
            [
                1.0060393017147632e-12,
                1.0815941798446469e-11,
                2.7346983525668674e-12,
                6.475946144288696e-07,
                0.9999993523908289
            ],
            [
                2.5946094759504668e-11,
                1.7832472754702185e-11,
                3.098819112057221e-12,
                8.152020644323961e-09,
                0.9999999918011021
            ]
        ],
        [
            [
                0.9999999966014055,
                3.398267804636005e-09,
                3.2661313285061534e-13,
                0.0,
                0.0
            ],
            [
                0.9999991684703516,
                8.315279896628709e-07,
                1.6586784857126074e-12,
                0.0,
                0.0
            ],
            [
                1.2015425091904063e-13,
                3.3315443647488265e-11,
                0.999999946808388,
                5.315784971338372e-08,
                3.266131168853367e-13
            ],
            [
                1.0815942908139971e-11,
                3.7751350157735694e-11,
                7.43368160077985e-12,
                6.825604228816873e-08,
                0.9999999316879568
            ],
            [
                2.734698288285481e-12,
                1.3887943848172768e-11,
                2.1297851683807634e-12,
                6.691586083202304e-10,
                0.9999999993120889
            ]
        ],
        [
            [
                0.9999999999954912,
                4.508755241015645e-12,
                0.0,
                0.0,
                0.0
            ],
            [
                0.9999996940969498,
                3.0590235878328025e-07,
                6.914400972227176e-13,
                0.0,
                0.0
            ],
            [
                3.442477067386263e-14,
                1.8795287941081354e-12,
                0.9999999881361824,
                1.1861120009789115e-08,
                7.835041691558287e-13
            ],
            [
                1.0060393564415501e-12,
                1.5737103313820738e-11,
                3.978962841003972e-12,
                8.315279898704393e-07,
                0.9999991684512881
            ],
            [
                7.835041700175011e-13,
                6.560200097076772e-12,
                1.6586783409431496e-12,
                1.0467401681334768e-08,
                0.9999999895235959
            ]
        ],
        [
            [
                0.9999999999934397,
                6.5602001657597435e-12,
                0.0,
                0.0,
                0.0
            ],
            [
                0.014063626677818259,
                0.9859362114716239,
                1.6143488505241678e-07,
                4.0015707271356147e-10,
                1.551577350272913e-11
            ],
            [
                3.700997718784314e-13,
                1.3176464569735129e-10,
                0.9999962732164936,
                3.726639115553424e-06,
                1.2256021215563177e-11
            ],
            [
                1.8795287380300594e-12,
                8.423463402615614e-12,
                2.734698177361919e-12,
                4.139937545857534e-08,
                0.999999958587587
            ],
            [
                7.433680960593583e-12,
                3.7751346906601565e-11,
                7.433680960593583e-12,
                3.9278636977841737e-07,
                0.9999996071610116
            ]
        ],
        [
            [
                0.9999999999981204,
                1.879528815941228e-12,
                0.0,
                0.0,
                0.0
            ],
            [
                0.9999999973534264,
                2.64657362989712e-09,
                0.0,
                0.0,
                0.0
            ],
            [
                1.2244898438422047e-11,
                1.6037652041248024e-09,
                0.9990889451661576,
                0.000911051400528075,
                1.8173040601364228e-09
            ],
            [
                3.098819466360285e-12,
                1.5737103770748293e-11,
                3.97896295653335e-12,
                8.764249146088483e-08,
                0.9999999123346937
            ],
            [
                5.384940197490623e-13,
                5.109089008837935e-12,
                8.878265445050939e-13,
                3.3982678067074635e-09,
                0.9999999965951967
            ]
        ],
        [
            [
                0.9999999999622486,
                3.7751345429426466e-11,
                0.0,
                0.0,
                0.0
            ],
            [
                0.9999999979388463,
                2.061153616626342e-09,
                0.0,
                0.0,
                0.0
            ],
            [
                2.733984091316202e-12,
                6.689838500838003e-10,
                0.999738808784221,
                0.00026119032687384365,
                2.171872575525941e-10
            ],
            [
                8.423464164792828e-12,
                2.9400778825016844e-11,
                6.560200487714572e-12,
                1.4449803164971936e-07,
                0.999999855457584
            ],
            [
                2.129785438918534e-12,
                1.5737104086854686e-11,
                3.978963036457562e-12,
                3.0590235898947597e-07,
                0.9999996940757951
            ]
        ],
        [
            [
                0.999999999782756,
                2.1724399339200895e-10,
                0.0,
                0.0,
                0.0
            ],
            [
                0.999999996601596,
                3.398267806567146e-09,
                1.361526102910042e-13,
                0.0,
                0.0
            ],
            [
                2.2447771059211868e-13,
                6.224144764039965e-11,
                0.9999993523384108,
                6.475946146737657e-07,
                4.508755344530635e-12
            ],
            [
                1.2256045700494164e-11,
                4.2777802797050285e-11,
                1.2256045700494164e-11,
                1.3709566541525862e-06,
                0.999998628976056
            ],
            [
                1.0815942908755555e-11,
                2.940078106652069e-11,
                6.560200987861685e-12,
                6.825604229205349e-08,
                0.9999999316971808
            ]
        ],
        [
            [
                0.9999999999200804,
                7.991959890082534e-11,
                0.0,
                0.0,
                0.0
            ],
            [
                0.9999999748892254,
                2.510999090246089e-08,
                7.835041580692068e-13,
                0.0,
                0.0
            ],
            [
                2.2805962168074304e-10,
                8.55787416745322e-09,
                0.8175744164693962,
                0.1824255189403206,
                5.580434950050811e-08
            ],
            [
                6.914387461791241e-13,
                8.423448349523562e-12,
                2.413358358242552e-12,
                2.260325273259891e-06,
                0.9999977396631985
            ],
            [
                3.09881912370711e-12,
                1.5737102030611883e-11,
                3.09881912370711e-12,
                4.363462231801408e-09,
                0.9999999956146031
            ]
        ],
        [
            [
                0.9999999998082829,
                1.9171715127842098e-10,
                0.0,
                0.0,
                0.0
            ],
            [
                0.9999993524002775,
                6.47594613437684e-07,
                5.1090891341598175e-12,
                0.0,
                0.0
            ],
            [
                2.2816793747210105e-10,
                2.453036504402404e-09,
                4.582875532783461e-09,
                0.4378234961695882,
                0.5621764965663317
            ],
            [
                6.914400374976374e-13,
                6.560200422459416e-12,
                1.4637785708691665e-12,
                3.9278636977443573e-07,
                0.9999996072049149
            ],
            [
                2.1297851285939325e-12,
                1.3887943588730043e-11,
                2.4133627238309463e-12,
                1.9555680698884093e-08,
                0.9999999804258883
            ]
        ],
        [
            [
                0.9999999999294713,
                7.052879849260777e-11,
                0.0,
                0.0,
                0.0
            ],
            [
                0.017986159431070955,
                0.9820109881290092,
                2.8501092683190745e-06,
                2.2935791980049988e-09,
                3.707225495448362e-11
            ],
            [
                6.101878951930834e-13,
                1.0261782552044302e-10,
                0.9999898698978512,
                1.012998810498414e-05,
                1.0815839236079387e-11
            ],
            [
                1.6586783953233507e-12,
                1.7832473299581312e-11,
                3.098819206743016e-12,
                6.475946142047315e-07,
                0.9999993523827958
            ],
            [
                1.2917800547723967e-12,
                1.2256067918357246e-11,
                3.098819258632967e-12,
                3.9278636974726784e-07,
                0.9999996071969836
            ]
        ],
        [
            [
                0.9999999999572222,
                4.277787867731853e-11,
                0.0,
                0.0,
                0.0
            ],
            [
                0.9999869928487681,
                1.3007124747526563e-05,
                2.594575008026018e-11,
                0.0,
                5.384868635522919e-13
            ],
            [
                7.835012232210252e-13,
                1.4930890444200286e-10,
                0.9999962731950549,
                3.726639115582147e-06,
                1.5737042748368602e-11
            ],
            [
                2.12978533457745e-12,
                1.573710331587256e-11,
                3.098819376789943e-12,
                8.315279899788549e-07,
                0.9999991684510443
            ],
            [
                1.6586784820632495e-12,
                1.3887944896078126e-11,
                2.4133629510139782e-12,
                2.3823698443814909e-07,
                0.9999997617450556
            ]
        ],
        [
            [
                0.999999996149258,
                3.850741904630782e-09,
                0.0,
                0.0,
                0.0
            ],
            [
                0.9999982396533565,
                1.7603431321232734e-06,
                3.511415770057726e-12,
                0.0,
                0.0
            ],
            [
                2.882345681286396e-13,
                6.224133583720344e-11,
                0.9999986289784022,
                1.3709566548412392e-06,
                2.413358491475734e-12
            ],
            [
                1.2256067718170196e-11,
                4.277787964629076e-11,
                9.545035136287115e-12,
                6.475946144711276e-07,
                0.9999993523408066
            ],
            [
                4.50875517997822e-12,
                1.5737101889356576e-11,
                2.413362738477539e-12,
                1.344040976537184e-08,
                0.9999999865369311
            ]
        ],
        [
            [
                0.9999999999771028,
                2.2897348446634893e-11,
                0.0,
                0.0,
                0.0
            ],
            [
                0.9999996072127425,
                3.9278636962066627e-07,
                8.878265819149218e-13,
                0.0,
                0.0
            ],
            [
                2.3449433795666033e-10,
                9.970952972805589e-09,
                0.04742579702025141,
                0.9525725159162444,
                1.6768580568281952e-06
            ],
            [
                1.4637758710517394e-12,
                1.3887918788174504e-11,
                2.7346933536792423e-12,
                1.7603431335838496e-06,
                0.9999982396387801
            ],
            [
                7.83504173831566e-13,
                3.978962512096276e-12,
                8.878265425486408e-13,
                5.602796404107501e-09,
                0.9999999943915532
            ]
        ],
        [
            [
                0.9999999998837177,
                1.1628233025189915e-10,
                0.0,
                0.0,
                0.0
            ],
            [
                0.9999996072128473,
                3.9278636924373254e-07,
                7.835042078203045e-13,
                0.0,
                0.0
            ],
            [
                1.6423040082669313e-10,
                3.73786669398338e-09,
                2.6204468587865585e-07,
                0.9706875141376562,
                0.02931221991556092
            ],
            [
                2.7346985114229297e-12,
                1.573710337190328e-11,
                3.9789628556895375e-12,
                1.1253518376549514e-07,
                0.9999998874423656
            ],
            [
                5.1090890110150155e-12,
                1.388794381862191e-11,
                2.1297851638489922e-12,
                2.646573630077874e-09,
                0.9999999973322995
            ]
        ],
        [
            [
                0.9999999999666846,
                3.331544541001611e-11,
                0.0,
                0.0,
                0.0
            ],
            [
                0.9999998144595486,
                1.8553915964429955e-07,
                1.2917801675834906e-12,
                0.0,
                0.0
            ],
            [
                3.2661253703149746e-13,
                1.0261860866751193e-10,
                0.9999977395659917,
                2.2603252737256073e-06,
                5.789345742269888e-12
            ],
            [
                6.914400069521374e-13,
                5.78935629740025e-12,
                8.878265430412931e-13,
                4.94445047518064e-09,
                0.9999999950481808
            ],
            [
                3.0988191277699486e-12,
                9.545034889106473e-12,
                1.4637785089526085e-12,
                2.9989608142583504e-09,
                0.9999999969869315
            ]
        ],
        [
            [
                0.9999999999572222,
                4.2777878677315444e-11,
                0.0,
                0.0,
                0.0
            ],
            [
                0.8519527904411007,
                0.1480472025724708,
                6.945131299278217e-09,
                4.129726027474572e-11,
                0.0
            ],
            [
                6.86731865097964e-10,
                7.004855460424676e-08,
                0.62245895754246,
                0.37754045412955395,
                5.175926996197862e-07
            ],
            [
                7.433680557305064e-12,
                1.7832472632162683e-11,
                3.978962474256951e-12,
                1.5229979509006326e-08,
                0.9999999847407754
            ],
            [
                6.560188174722313e-12,
                2.9400723642014003e-11,
                8.423448354597811e-12,
                1.0677030762868618e-06,
                0.9999989322525393
            ]
        ],
        [
            [
                0.9999999998837177,
                1.1628233025191235e-10,
                0.0,
                0.0,
                0.0
            ],
            [
                0.9999999317432663,
                6.82560422609826e-08,
                6.914400967758471e-13,
                0.0,
                0.0
            ],
            [
                1.3615262522095263e-13,
                5.4927889323757465e-11,
                0.9999999123013045,
                8.764249147154334e-08,
                1.1399919737144472e-12
            ],
            [
                1.463778699811472e-12,
                1.2256068998825667e-11,
                3.978963040582932e-12,
                1.8553915979790382e-07,
                0.9999998144431413
            ],
            [
                3.511422107085714e-12,
                1.0815941537908672e-11,
                2.413362767509616e-12,
                1.4166087841053072e-09,
                0.9999999985666506
            ]
        ],
        [
            [
                0.9999999970010391,
                2.9989608135879458e-09,
                0.0,
                0.0,
                0.0
            ],
            [
                0.9999991684692757,
                8.315279895668465e-07,
                2.7346985003312527e-12,
                0.0,
                0.0
            ],
            [
                8.389844368105779e-11,
                1.6851452883538674e-09,
                6.664878904707664e-09,
                0.8175744783090627,
                0.18242551325701475
            ],
            [
                2.734698501951572e-12,
                1.7832474279863928e-11,
                5.109089421066979e-12,
                8.3152799005953e-07,
                0.9999991684463337
            ],
            [
                9.545034753371546e-12,
                2.2897348049920337e-11,
                4.508755162243299e-12,
                1.7257827681552927e-08,
                0.9999999827052212
            ]
        ],
        [
            [
                0.999999999990455,
                9.545034918873095e-12,
                0.0,
                0.0,
                0.0
            ],
            [
                0.9999999827410323,
                1.7257827665653086e-08,
                1.139991831753872e-12,
                0.0,
                0.0
            ],
            [
                1.748234167952703e-13,
                4.8473688162964615e-11,
                0.9999993523509475,
                6.475946146887755e-07,
                5.789356460138216e-12
            ],
            [
                9.544471242621051e-12,
                7.052463344635728e-11,
                2.020564577918796e-11,
                5.829127716082581e-05,
                0.9999417086225645
            ],
            [
                2.020684161401665e-11,
                2.5946098223380927e-11,
                6.560200987509884e-12,
                6.825604228839314e-08,
                0.9999999316912446
            ]
        ],
        [
            [
                0.999999999996021,
                3.97896253439535e-12,
                0.0,
                0.0,
                0.0
            ],
            [
                0.9999999715461775,
                2.8453347261187686e-08,
                4.752192924373125e-13,
                0.0,
                0.0
            ],
            [
                2.7598463381812927e-11,
                7.117737518091609e-10,
                1.7074564681092649e-09,
                0.26894140920150483,
                0.7310585883516665
            ],
            [
                1.2917801662365498e-12,
                1.2256068975899688e-11,
                1.8795290514482527e-12,
                6.825604229419328e-08,
                0.9999999317285303
            ],
            [
                6.22414446372786e-11,
                7.052879670737677e-11,
                1.5737101704393026e-11,
                2.5109990915262174e-08,
                0.9999999747415018
            ]
        ],
        [
            [
                0.999999999989184,
                1.0815941554504678e-11,
                0.0,
                0.0,
                0.0
            ],
            [
                0.9999646437166005,
                3.5356257454243246e-05,
                2.5945157808658414e-11,
                0.0,
                0.0
            ],
            [
                7.541453508752849e-10,
                3.206707630453411e-08,
                0.005219070315361732,
                0.9945785315463204,
                0.00020236531709620672
            ],
            [
                2.4133630780834776e-12,
                1.5737104103865474e-11,
                3.098819531954948e-12,
                1.8553915980609351e-07,
                0.999999814439591
            ],
            [
                2.734698268393971e-12,
                9.54503484187199e-12,
                2.413362751361136e-12,
                8.152020645318192e-09,
                0.9999999918332864
            ]
        ],
        [
            [
                0.9999999999705993,
                2.940077738144388e-11,
                0.0,
                0.0,
                0.0
            ],
            [
                0.9999996072119719,
                3.9278636940142747e-07,
                1.6586784216376076e-12,
                0.0,
                0.0
            ],
            [
                3.309245603001066e-11,
                1.0958716378569557e-09,
                1.9424789563695357e-08,
