{
    "[['A', 'B', 'C', 'D', 'E'], ['A', 'B', 'C', 'D', 'E']]": [
        [
            [
                0.9999999999985363,
                1.4637785135992219e-12,
                0.0,
                0.0,
                0.0
            ],
            [
                0.999999999986112,
                1.3887943859793716e-11,
                0.0,
                0.0,
                0.0
            ],
            [
                4.420228084038426e-14,
                8.423463717112424e-12,
                0.9999999956274599,
                4.3634622335927e-09,
                6.101936650544568e-13
            ],
            [
                8.878266587686929e-13,
                1.0815942908601145e-11,
                1.6586785661451676e-12,
                6.825604229107905e-08,
                0.9999999317305952
            ],
            [
                1.225604503497267e-11,
                5.492778307880812e-11,
                1.3887918472096636e-11,
                1.0677030760736913e-06,
                0.9999989322158522
            ]
        ],
        [
            [
                0.9999999999978701,
                2.1297851701881236e-12,
                0.0,
                0.0,
                0.0
            ],
            [
                0.9999999999842628,
                1.573710210022228e-11,
                0.0,
                0.0,
                0.0
            ],
            [
                1.9810087955862296e-13,
                4.8473687002441046e-11,
                0.9999999988473809,
                1.1032560309720082e-09,
                6.914400098344361e-13
            ],
            [
                4.508755808741506e-12,
                1.783247514848647e-11,
                2.7346986351591537e-12,
                3.059023589331322e-07,
                0.9999996940725652
            ],
            [
                3.701011605285177e-13,
                4.508755152988013e-12,
                6.914399969983772e-13,
                1.9555680700502895e-08,
                0.999999980438749
            ]
        ],
        [
            [
                0.9999999999978701,
                2.1297851700863654e-12,
                0.0,
                0.0,
                0.0
            ],
            [
                0.9999999999771028,
                2.2897348445396093e-11,
                0.0,
                0.0,
                0.0
            ],
            [
                9.357622580763381e-14,
                2.2897347506862924e-11,
                0.9999999585767457,
                4.1399375470947966e-08,
                8.878265110262648e-13
            ],
            [
                6.5259550879327994e-12,
                2.448846580266679e-10,
                5.4641152963383885e-11,
                0.005220125698760247,
                0.9947798739951881
            ],
            [
                7.835041365318181e-13,
                7.433680274108074e-12,
                1.006039225386837e-12,
                5.3157849696421873e-08,
                0.999999946832927
            ]
        ],
        [
            [
                0.9999999999934397,
                6.5602001654462945e-12,
                0.0,
                0.0,
                0.0
            ],
            [
                0.9999999999515263,
                4.8473687038049944e-11,
                0.0,
                0.0,
                0.0
            ],
            [
                8.25807328014271e-14,
                9.545034916583808e-12,
                0.9999999993994226,
                5.905303995073082e-10,
                4.19379565563049e-13
            ],
            [
                1.139987552995351e-12,
                2.0206762870029827e-11,
                6.560175423080271e-12,
                3.726639115143773e-06,
                0.9999962733329779
            ],
            [
                6.914399817439211e-13,
                7.43368036110929e-12,
                1.8795287378445545e-12,
                4.139937545448932e-08,
                0.9999999585906199
            ]
        ],
        [
            [
                0.9999999999985363,
                1.4637785135290557e-12,
                0.0,
                0.0,
                0.0
            ],
            [
                0.9999999999666846,
                3.331544540522477e-11,
                0.0,
                0.0,
                0.0
            ],
            [
                1.0059146011346775e-12,
                1.4929096374180578e-10,
                0.9998766051192978,
                0.0001233946277993996,
                1.0260607880011487e-10
            ],
            [
                1.879525378961599e-12,
                2.940072362008556e-11,
                8.423448348315208e-12,
                2.2603252729356444e-06,
                0.9999977396350234
            ],
            [
                3.701011653144663e-13,
                4.508755211292803e-12,
                1.1399918452058168e-12,
                6.348800072389583e-09,
                0.9999999936451811
            ]
        ],
        [
            [
                0.9999999999942106,
                5.7893563266223865e-12,
                0.0,
                0.0,
                0.0
            ],
            [
                0.9999999999705993,
                2.9400777378452145e-11,
                0.0,
                0.0,
                0.0
            ],
            [
                1.6261110445425407e-14,
                3.7010116784213396e-13,
                0.9999999999964844,
                3.0988191385783707e-12,
                3.03797538530249e-14
            ],
            [
                1.6586784361037485e-12,
                1.7832473738011907e-11,
                3.9789627210052655e-12,
                5.04347205055389e-07,
                0.9999994956293249
            ],
            [
                3.701011673648852e-13,
                3.0988191345824155e-12,
                5.38494021056082e-13,
                9.736200300003926e-10,
                0.9999999990223725
            ]
        ],
        [
            [
                0.9999999999975866,
                2.413362770847468e-12,
                0.0,
                0.0,
                0.0
            ],
            [
                0.9999999998506905,
                1.49309467564953e-10,
                0.0,
                0.0,
                0.0
            ],
            [
                1.3615262796676218e-13,
                4.2777884080509495e-11,
                0.9999996940538391,
                3.059023590512875e-07,
                8.878266597288554e-13
            ],
            [
                2.4128705101612784e-12,
                5.491667968553502e-11,
                1.3885111094629404e-11,
                0.00020342706189616983,
                0.9997965728668892
            ],
            [
                2.1297853290713903e-12,
                1.7832474232032144e-11,
                3.0988193687786736e-12,
                2.3823698443693383e-07,
                0.9999997617399545
            ]
        ],
        [
            [
                0.9999999999975866,
                2.4133627707167753e-12,
                0.0,
                0.0,
                0.0
            ],
            [
                0.999999999989184,
                1.0815941551528955e-11,
                0.0,
                0.0,
                0.0
            ],
            [
                7.287724091005664e-14,
                7.433680667441747e-12,
                0.9999999994016748,
                5.905303995043192e-10,
                2.8823507915404023e-13
            ],
            [
                4.508755236848077e-12,
                1.0815941544219624e-11,
                2.41336276891778e-12,
                6.691586083209091e-10,
                0.9999999993131032
            ],
            [
                8.878265891331924e-13,
                1.2256068014052065e-11,
                1.2917800648585563e-12,
                5.043472050387192e-07,
                0.9999994956383593
            ]
        ],
        [
            [
                0.9999999999992164,
                7.835041780971799e-13,
                0.0,
                0.0,
                0.0
            ],
            [
                0.999999999987744,
                1.2256067438972212e-11,
                0.0,
                0.0,
                0.0
            ],
            [
                5.6756852304412936e-14,
                7.433680669481983e-12,
                0.9999999996761333,
                3.16088145309325e-10,
                2.882350792331488e-13
            ],
            [
                6.560087954547994e-12,
                4.847285791007435e-11,
                1.0815756548326973e-11,
                1.6701415104135423e-05,
                0.9999832985190472
            ],
            [
                1.4637784981051623e-12,
                1.3887943712963409e-11,
                2.1297851476457365e-12,
                1.0467401680181157e-08,
                0.9999999895151167
            ]
        ],
        [
            [
                0.999999999996021,
                3.978962533746506e-12,
                0.0,
                0.0,
                0.0
            ],
            [
                0.999999999986112,
                1.388794385838047e-11,
                0.0,
                0.0,
                0.0
            ],
            [
                5.675685220655845e-14,
                2.2897348408137358e-11,
                0.9999999979157379,
                2.0611536180890946e-09,
                1.5428111999362348e-13
            ],
            [
                8.415787443771415e-12,
                1.0252527970830938e-10,
                3.328508502390759e-11,
                0.0009110514041530731,
                0.9990889484516207
            ],
            [
                2.5436656378106577e-13,
                3.5114221001706904e-12,
                6.101936654657048e-13,
                3.3982678067148026e-09,
                0.9999999965973563
            ]
        ],
        [
            [
                0.9999999999963824,
                3.5114221121054922e-12,
                0.0,
                0.0,
                1.0603575987685701e-13
            ],
            [
                0.9999999987498471,
                1.2501528644282392e-09,
                0.0,
                0.0,
                0.0
            ],
            [
                1.6582451756855923e-12,
                2.171872577013456e-10,
                0.9997388094209002,
                0.00026119032694764215,
                3.3306744703930785e-11
            ],
            [
                8.878249448513073e-13,
                1.5737073693102712e-11,
                3.5114157734096503e-12,
                1.7603431338036606e-06,
                0.99999823963673
            ],
            [
                6.101937445158278e-13,
                1.0815942917805858e-11,
                1.658678567556756e-12,
                3.0590235898079436e-07,
                0.9999996940845561
            ]
        ],
        [
            [
                0.9999999999972653,
                2.7346982904738636e-12,
                0.0,
                0.0,
                0.0
            ],
            [
                0.9999999999705993,
                2.940077738004303e-11,
                0.0,
                0.0,
                0.0
            ],
            [
                2.7346984995544493e-12,
                1.1032561162416446e-09,
                0.9999991673609108,
                8.315279893306472e-07,
                5.109089416588564e-12
            ],
            [
                3.9789623699200625e-12,
                1.3887943285856168e-11,
                2.4133626711993588e-12,
                4.139937546155549e-08,
                0.9999999585803443
            ],
            [
                1.139991848800648e-12,
                5.789356307179328e-12,
                1.2917799999772456e-12,
                3.3982678068447577e-09,
                0.9999999965935111
            ]
        ],
        [
            [
                0.9999999999915765,
                8.423463750972302e-12,
                0.0,
                0.0,
                0.0
            ],
            [
                0.9999999950555496,
                4.944450471307661e-09,
                0.0,
                0.0,
                0.0
            ],
            [
                1.7482340939311003e-13,
                2.2897348006690858e-11,
                0.9999999804195884,
                1.9555680703725035e-08,
                1.6586783263333877e-12
            ],
            [
                1.0059645317052321e-12,
                2.020533774498263e-11,
                3.0985888999723926e-12,
                7.484619752200453e-05,
                0.999925153778168
            ],
            [
                1.2917800038186215e-12,
                7.433680666785332e-12,
                1.2917800038186215e-12,
                2.789468090779977e-10,
                0.999999999711036
            ]
        ],
        [
            [
                0.999999999990455,
                9.545034918868045e-12,
                0.0,
                0.0,
                0.0
            ],
            [
                0.9999999999094393,
                9.056076985607851e-11,
                0.0,
                0.0,
                0.0
            ],
            [
                1.0603575724216804e-13,
                1.7832472458605065e-11,
                0.9999999748707786,
                2.5109990924438502e-08,
                1.2917799722213319e-12
            ],
            [
                5.384940895341497e-13,
                6.560200993624294e-12,
                1.4637786983132773e-12,
                3.059023589935394e-07,
                0.9999996940890785
            ],
            [
                9.54503481918816e-12,
                2.0206838870789895e-11,
                3.978962492628463e-12,
                1.0467401681075925e-08,
                0.9999999894988675
            ]
        ],
        [
            [
                0.9999999999915765,
                8.423463752320088e-12,
                0.0,
                0.0,
                0.0
            ],
            [
                0.9999999999200804,
                7.991959889786097e-11,
                0.0,
                0.0,
                0.0
            ],
            [
                3.0379753852201355e-14,
                2.1297851707994553e-12,
                0.9999999999643496,
                3.331544541921871e-11,
                1.7482341281427336e-13
            ],
            [
                5.38493037307592e-13,
                1.57370733364962e-11,
                3.9789552615493525e-12,
                1.0677030763126254e-06,
                0.9999989322766693
            ],
            [
                1.1399918503677484e-12,
                5.78935631513772e-12,
                8.878265457614222e-13,
                2.061153617599139e-09,
                0.9999999979310292
            ]
        ],
        [
            [
                0.9999999999963951,
                3.511422111937994e-12,
                0.0,
                0.0,
                9.357622965006655e-14
            ],
            [
                0.9999999999572222,
                4.277787866816323e-11,
                0.0,
                0.0,
                0.0
            ],
            [
                8.258073280358426e-14,
                1.573710209695823e-11,
                0.9999999993935138,
                5.905303995227339e-10,
                1.3615261072327317e-13
            ],
            [
                5.109089276492157e-12,
                2.0206840072777262e-11,
                4.5087554615325e-12,
                1.4449803163712334e-07,
                0.9999998554721438
            ],
            [
                1.8795289681239642e-12,
                1.573710337606757e-11,
                3.511422396574353e-12,
                1.1253518379527377e-07,
                0.9999998874436882
            ]
        ],
        [
            [
                0.9999999999978701,
                2.129785169840788e-12,
                0.0,
                0.0,
                0.0
            ],
            [
                0.9999999999666846,
                3.331544540702603e-11,
                0.0,
                0.0,
                0.0
            ],
            [
                5.7825804708370335e-12,
                1.816832776287448e-09,
                0.9988304868622332,
                0.001169510342671021,
                9.724805072157425e-10
            ],
            [
                2.129740668971995e-12,
                1.7832100297598096e-11,
                3.5113487420092483e-12,
                2.1444939762049442e-05,
                0.9999785550367647
            ],
            [
                5.384940181825716e-13,
                5.7893562901040685e-12,
                7.835041732788994e-13,
                6.348800073684488e-09,
                0.9999999936440884
            ]
        ],
        [
            [
                0.9999999999964886,
                3.5114221117482475e-12,
                0.0,
                0.0,
                0.0
            ],
            [
                0.9999999999377585,
                6.224144619991608e-11,
                0.0,
                0.0,
                0.0
            ],
            [
                8.258074160244286e-14,
                1.225606874225212e-11,
                0.999999912344282,
                8.764249147745637e-08,
                8.878266418838275e-13
            ],
            [
                1.3887945612395429e-11,
                2.9400781092157047e-11,
                4.508755809602743e-12,
                3.059023589915639e-07,
                0.9999996940498435
            ],
            [
                1.2917799960437048e-12,
                9.545034858243348e-12,
                2.1297851565421836e-12,
                6.348800073077339e-09,
                0.9999999936382333
            ]
        ],
        [
            [
                0.9999999999969011,
                3.0988191368809763e-12,
                0.0,
                0.0,
                0.0
            ],
            [
                0.999999999989184,
                1.0815941552776467e-11,
                0.0,
                0.0,
                0.0
            ],
            [
                6.431394420738024e-14,
                1.7832474237073697e-11,
                0.9999997617443352,
                2.3823698450428764e-07,
                7.835042368954299e-13
            ],
            [
                6.101936914444898e-13,
                1.0815941977093882e-11,
                2.4133628655050823e-12,
                3.9278636979364935e-07,
                0.9999996071997908
            ],
            [
                4.752193034187396e-13,
                5.10908899733289e-12,
                6.101936640903053e-13,
                5.602796403837253e-09,
                0.999999994391009
            ]
        ],
        [
            [
                0.9999999999983413,
                1.658678358237952e-12,
                0.0,
                0.0,
                0.0
            ],
            [
                0.9999999999622486,
                3.775134542399529e-11,
                0.0,
                0.0,
                0.0
            ],
            [
                2.590712864307004e-11,
                5.594382051119197e-09,
                0.9984988115999934,
                0.0015011820226001216,
                7.571172794220388e-10
            ],
            [
                7.433639090460896e-12,
                6.22410980681647e-11,
                1.7832373158374696e-11,
                6.1441721248132885e-06,
                0.9999938557403681
            ],
            [
                2.734698248035955e-12,
                1.7832472624126116e-11,
                7.433680553954924e-12,
                1.5229979502142626e-08,
                0.9999999847420196
            ]
        ],
        [
            [
                0.999999999987744,
                1.225606743755125e-11,
                0.0,
                0.0,
                0.0
            ],
            [
                0.9999999999842628,
                1.573710209937366e-11,
                0.0,
                0.0,
                0.0
            ],
            [
                1.0813116829183018e-11,
                1.4162388202718976e-09,
                0.9997388078880477,
                0.00026119032681906515,
                3.580812508805376e-10
            ],
            [
                7.834997399866658e-13,
                1.783237188790198e-11,
                2.413349100229825e-12,
                4.785094848050623e-06,
                0.9999952148841227
            ],
            [
                6.101936502227463e-13,
                7.433680458698215e-12,
                1.0060392503683959e-12,
                2.8453347272046533e-08,
                0.9999999715376028
            ]
        ],
        [
            [
                0.9999999999975866,
                2.4133627707168565e-12,
                0.0,
                0.0,
                0.0
            ],
            [
                0.9999999999771028,
                2.289734844663287e-11,
                0.0,
                0.0,
                0.0
            ],
            [
                1.0603575975598176e-13,
                1.388794384410551e-11,
                0.9999999985686137,
                1.4166087845155702e-09,
                7.835041773296822e-13
            ],
            [
                3.314153454914323e-11,
                2.4488465798826766e-10,
                7.016062919110576e-11,
                0.005220125697941682,
                0.9947798739538715
            ],
            [
                1.8795290148189605e-12,
                1.0815942698307605e-11,
                3.0988194656300765e-12,
                8.764249144023267e-08,
                0.9999999123417143
            ]
        ],
        [
            [
                0.9999999999954912,
                4.508755239923498e-12,
                0.0,
                0.0,
                0.0
            ],
            [
                0.9999999999622486,
                3.775134542603726e-11,
                0.0,
                0.0,
                0.0
            ],
            [
                6.431393894516989e-14,
                1.2256067354657183e-11,
                0.999999992792763,
                7.194132977824056e-09,
                7.83504172788584e-13
            ],
            [
                8.878265472428176e-13,
                3.511422110991014e-12,
                6.914400102242879e-13,
                3.1608814521663364e-10,
                0.9999999996788211
            ],
            [
                6.101937129812026e-13,
                8.423464378720745e-12,
                1.6586784818367575e-12,
                2.382369844056179e-07,
                0.9999997617523233
            ]
        ],
        [
            [
                0.9999999999964886,
                3.5114221121056905e-12,
                0.0,
                0.0,
                0.0
            ],
            [
                0.9999999999934397,
                6.560200164690059e-12,
                0.0,
                0.0,
                0.0
            ],
            [
                1.6586754163074586e-12,
                5.211403242492892e-10,
                0.9999986285184171,
                1.3709566542106187e-06,
                2.1297813925738974e-12
            ],
            [
                1.0060393259600898e-12,
                1.5737102837010474e-11,
                3.098819282496408e-12,
                5.043472049846849e-07,
                0.999999495632953
            ],
            [
                2.882350699166633e-13,
                5.78935613936872e-12,
                7.835041528790884e-13,
                3.224186631797993e-08,
                0.9999999677512725
            ]
        ],
        [
            [
                0.9999999999981204,
                1.8795288157720194e-12,
                0.0,
                0.0,
                0.0
            ],
            [
                0.999999999987744,
                1.2256067438972212e-11,
                0.0,
                0.0,
                0.0
            ],
            [
                6.431393940394877e-14,
                6.560200167075484e-12,
                0.9999999998905587,
                1.0261879630015154e-10,
                1.9810087977233628e-13
            ],
            [
                1.6586690807535873e-12,
                2.020672605908616e-11,
                3.511402471510274e-12,
                6.144172124862997e-06,
                0.9999938558024983
            ],
            [
                3.511421925219721e-12,
                1.3887943120789477e-11,
                3.0988189726740405e-12,
                5.315784969582252e-08,
                0.999999946821652
            ]
        ],
        [
            [
                0.9999999999972653,
                2.7346982904739993e-12,
                0.0,
                0.0,
                0.0
            ],
            [
                0.999999999989184,
                1.0815941553748446e-11,
                0.0,
                0.0,
                0.0
            ],
            [
                8.258073276722015e-14,
                1.5737102090028457e-11,
                0.99999999901019,
                9.736200302594464e-10,
                3.70101167463359e-13
            ],
            [
                4.752192887777953e-13,
                8.423463444285777e-12,
                1.006039242237256e-12,
                3.6534820791864134e-08,
                0.9999999634552745
            ],
            [
                4.752192940925824e-13,
                5.789356180292654e-12,
                2.41336270995505e-12,
                2.51099909136244e-08,
                0.9999999748813311
            ]
        ],
        [
            [
                0.9999999999963824,
                3.5114221115328498e-12,
                0.0,
                0.0,
                1.060357598595647e-13
            ],
            [
                0.9999999999821676,
                1.783247289852933e-11,
                0.0,
                0.0,
                0.0
            ],
            [
                7.05255802161229e-11,
                1.8553066993738848e-07,
                0.9999544164784446,
                4.5397858121254894e-05,
                6.223860609370989e-11
            ],
            [
                2.4132525206192295e-12,
                2.93994342580962e-11,
                3.978780762315623e-12,
                4.5397855728100324e-05,
                0.9999546021084804
            ],
            [
                1.006039270790055e-12,
                8.423463683355437e-12,
                1.8795288006715813e-12,
                8.152020645648553e-09,
                0.9999999918366703
            ]
        ],
        [
            [
                0.9999999999983413,
                1.6586783581481667e-12,
                0.0,
                0.0,
                0.0
            ],
            [
                0.999999999979793,
                2.0206839083418235e-11,
                0.0,
                0.0,
                0.0
            ],
            [
                5.384889275172686e-13,
                7.052813129497614e-11,
                0.9999898699373168,
                1.0129988105261782e-05,
                3.511388894640661e-12
            ],
            [
                1.139991973306163e-12,
                1.3887945330052764e-11,
                1.6586785338941286e-12,
                8.764249144015447e-08,
                0.999999912340822
            ],
            [
                1.4637784763751958e-12,
                6.56019999896682e-12,
                2.734698221064257e-12,
                2.5109990909855447e-08,
                0.9999999748792505
            ]
        ],
        [
            [
                0.9999999999969011,
                3.098819137286166e-12,
                0.0,
                0.0,
                0.0
            ],
            [
                0.999999999987744,
                1.2256067438309522e-11,
                0.0,
                0.0,
                0.0
            ],
            [
                6.101878951012008e-13,
                2.46167366324549e-10,
                0.9999898697593298,
                1.0129988103458757e-05,
                5.789301559263839e-12
            ],
            [
                3.7010119536723053e-13,
                6.560200655744095e-12,
                6.914400620856615e-13,
                2.3823698445726921e-07,
                0.9999997617553938
            ],
            [
                3.0988191151147496e-12,
                1.2256067350731686e-11,
                2.734698270758703e-12,
                7.194132975519847e-09,
                0.9999999927877774
            ]
        ],
        [
            [
                0.9999999999969011,
                3.098819136881264e-12,
                0.0,
                0.0,
                0.0
            ],
            [
                0.9999999999915765,
                8.423463750522026e-12,
                0.0,
                0.0,
                0.0
            ],
            [
                2.681003867259048e-14,
                2.7346982910586496e-12,
                0.9999999998477929,
                1.4930946759060332e-10,
                1.3615261078241767e-13
            ],
            [
                1.2917799356937652e-12,
                9.545034412314257e-12,
                1.2917799356937652e-12,
                5.315784970103979e-08,
                0.9999999468300218
            ],
            [
                6.101937169788453e-13,
                9.54503569274458e-12,
                1.2917801089811654e-12,
                1.1253518379636322e-07,
                0.9999998874533692
            ]
        ],
        [
            [
                0.9999999999934397,
                6.560200165092e-12,
                0.0,
                0.0,
                0.0
            ],
            [
                0.9999999998082829,
                1.9171715127038446e-10,
                0.0,
                0.0,
                0.0
            ],
            [
                1.0603575983651805e-13,
                1.783247289490765e-11,
                0.9999999993125328,
                6.691586086324981e-10,
                3.7010116758450593e-13
            ],
            [
                8.422130641728383e-12,
                6.223159578425383e-11,
                2.020364111900548e-11,
                0.00015843624752074595,
                0.9998415636616219
            ],
            [
                3.0988191010408406e-12,
                1.3887943696089562e-11,
                2.734698258338522e-12,
                1.186112000711512e-08,
                0.9999999881191585
            ]
        ],
        [
            [
                0.9999999999981204,
                1.879528815941032e-12,
                0.0,
                0.0,
                0.0
            ],
            [
                0.9999999999925664,
                7.433680669632703e-12,
                0.0,
                0.0,
                0.0
            ],
            [
                2.365977608482046e-14,
                3.5114221124077964e-12,
                0.9999999997500706,
                2.4616969511362626e-10,
                2.2447770544016951e-13
            ],
            [
                3.095995182408324e-12,
                5.487782768618954e-11,
                1.5722760873360253e-11,
                0.0009110514039587983,
                0.9990889485223448
            ],
            [
                8.423463731952306e-12,
                1.0815941528374138e-11,
                2.1297851652627622e-12,
                2.3355930325561794e-09,
                0.9999999976430378
            ]
        ],
        [
            [
                0.9999999999981204,
                1.8795288156706034e-12,
                0.0,
                0.0,
                0.0
            ],
            [
                0.999999999990455,
                9.545034918872772e-12,
                0.0,
                0.0,
                0.0
            ],
            [
                3.700976666254029e-13,
                7.991884287354574e-11,
                0.9999898699241724,
                1.0129988105128629e-05,
                7.43361034819013e-12
            ],
            [
                6.101902110385426e-13,
                1.7832371887922007e-11,
                1.4637702218809294e-12,
                4.785094848055997e-06,
                0.9999952148852456
            ],
            [
                1.3887943778472937e-11,
                1.783247279708964e-11,
                2.73469827456077e-12,
                5.602796402644274e-09,
                0.9999999943627484
            ]
        ],
        [
            [
                0.9999999999915765,
                8.423463752323196e-12,
                0.0,
                0.0,
                0.0
            ],
            [
                0.9999999998837177,
                1.1628233024702078e-10,
                0.0,
                0.0,
                0.0
            ],
            [
                8.258073278704908e-14,
                1.5737102093807183e-11,
                0.9999999992253139,
                7.582560421621309e-10,
                6.101936672543072e-13
            ],
            [
                3.0987956581877972e-12,
                2.5945898382660284e-11,
                5.789312461317875e-12,
                7.889265047796594e-06,
                0.9999921107001182
            ],
            [
                2.734698237314498e-12,
                8.423463587282558e-12,
                1.879528779234824e-12,
                1.9555680699715882e-08,
                0.9999999804312815
            ]
        ],
        [
            [
                0.9999999999964886,
                3.5114221117481126e-12,
                0.0,
                0.0,
                0.0
            ],
            [
                0.9999999999622486,
                3.775134542603872e-11,
                0.0,
                0.0,
                0.0
            ],
            [
                6.101937147765829e-13,
                1.4930947912416463e-10,
                0.9999991683193555,
                8.315279901664462e-07,
                2.734698502303194e-12
            ],
            [
                1.0811280438080155e-11,
                5.490421239303887e-11,
                1.5730320218436335e-11,
                0.0004305571192770069,
                0.9995694427992772
            ],
            [
                2.88235102518763e-13,
                5.1090894388380516e-12,
                2.129785342192167e-12,
                1.1253518376717457e-07,
                0.9999998874572891
            ]
        ],
        [
            [
                0.999999999994891,
                5.1090890259624746e-12,
                0.0,
                0.0,
                0.0
            ],
            [
                0.999999999987744,
                1.2256067438309109e-11,
                0.0,
                0.0,
                0.0
            ],
            [
                5.6756858337891195e-14,
                1.3887945335945224e-11,
                0.9999999123429536,
                8.764249147733994e-08,
                6.101937323909359e-13
            ],
            [
                3.2661312056203656e-13,
                5.109088813497909e-12,
                1.4637784526518879e-12,
                4.139937544921009e-08,
                0.9999999585937251
            ],
            [
                3.098819117715875e-12,
                1.7832472787265487e-11,
                3.098819117715875e-12,
                6.3488000730070984e-09,
                0.9999999936271697
            ]
        ],
        [
            [
                0.9999999999978701,
                2.1297851699709608e-12,
                0.0,
                0.0,
                0.0
            ],
            [
                0.9999999999740539,
                2.5946094971555714e-11,
                0.0,
                0.0,
                0.0
            ],
            [
                2.2447770282322287e-13,
                2.94007770419814e-11,
                0.9999999881089666,
                1.1861120009795463e-08,
                2.8823507590469575e-13
            ],
            [
                1.6582451757112638e-12,
                3.330674470444641e-11,
                1.2252866629111643e-11,
                0.00026119032746927583,
                0.9997388096253128
            ],
            [
                4.75219305577291e-13,
                3.978962529977682e-12,
                7.835041773526237e-13,
                1.2501528645457243e-09,
                0.9999999987446095
            ]
        ],
        [
            [
                0.9999999999969011,
                3.098819137286166e-12,
                0.0,
                0.0,
                0.0
            ],
            [
                0.9999999999294713,
                7.052879848085214e-11,
                0.0,
                0.0,
                0.0
            ],
            [
                2.6810038638080178e-14,
                3.098819134128754e-12,
                0.999999998580041,
                1.4166087845434978e-09,
                2.2447770516937644e-13
            ],
            [
                1.1399071528218654e-12,
                3.331297011832574e-11,
                5.788926185508305e-12,
                7.48461970947761e-05,
                0.9999251537626634
            ],
            [
                9.545034897664304e-12,
                1.081594152875718e-11,
                2.734698284378737e-12,
                2.3355930326388938e-09,
                0.9999999976413112
            ]
        ],
        [
            [
                0.9999999999975866,
                2.413362770568793e-12,
                0.0,
                0.0,
                0.0
            ],
            [
                0.9999999998082829,
                1.9171715127035869e-10,
                0.0,
                0.0,
                0.0
            ],
            [
                9.357622785250187e-14,
                2.0206838693778185e-11,
                0.9999999804234804,
                1.9555680704181774e-08,
                5.384940112105292e-13
            ],
            [
                3.098807449975182e-12,
                2.020676287001957e-11,
                5.109069756578106e-12,
                3.726639115141881e-06,
                0.9999962733324702
            ],
            [
                2.129785101143446e-12,
                1.0815941202749381e-11,
                3.0988190371454713e-12,
                3.2241866315709484e-08,
                0.9999999677420892
            ]
        ],
        [
            [
                0.999999999994891,
                5.1090890262062634e-12,
                0.0,
                0.0,
                0.0
            ],
            [
                0.9999999999740539,
