{
    "[['A', 'B', 'C', 'D', 'E'], ['A', 'B', 'C', 'D', 'E']]": [
        [
            [
                0.99999999999886,
                1.1399918525800443e-12,
                0.0,
                0.0,
                0.0
            ],
            [
                0.9999999895324782,
                1.0467401679719556e-08,
                1.2015425599735623e-13,
                0.0,
                0.0
            ],
            [
                5.893927734090281e-10,
                0.0019267343051521419,
                0.9980732499003151,
                1.5200639970955984e-08,
                4.5000693568931096e-12
            ],
            [
                1.462065312419397e-12,
                7.982606128573013e-11,
                4.272781159684438e-11,
                0.0011695103488996471,
                0.9988304895270844
            ],
            [
                1.291516516056513e-12,
                3.7743645173387404e-11,
                1.225356753263829e-11,
                0.00020342706166678784,
                0.9997965728870445
            ]
        ],
        [
            [
                0.9999999999972653,
                2.734698290719513e-12,
                0.0,
                0.0,
                0.0
            ],
            [
                0.999999999986112,
                1.3887943859794082e-11,
                0.0,
                0.0,
                0.0
            ],
            [
                7.287724093942591e-14,
                2.594609497608172e-11,
                0.9999999998046711,
                1.6918979221793476e-10,
                1.2015425728676968e-13
            ],
            [
                3.509480726511314e-12,
                7.048980471355847e-11,
                2.2884689023864996e-11,
                0.0005527785845637506,
                0.9994472213185522
            ],
            [
                1.1399918507464428e-12,
                6.560200154930205e-12,
                8.878265460563498e-13,
                1.4166087837876994e-09,
                0.9999999985748032
            ]
        ],
        [
            [
                0.9999999999993086,
                6.914400104748655e-13,
                0.0,
                0.0,
                0.0
            ],
            [
                0.9999999999987081,
                1.291780004259617e-12,
                0.0,
                0.0,
                0.0
            ],
            [
                6.431393940436988e-14,
                2.9400777388204656e-11,
                0.99999999987993,
                9.056076988243626e-11,
                4.4202281029435666e-14
            ],
            [
                3.935247677465835e-12,
                1.014913752601884e-10,
                8.95658243061671e-11,
                0.010986942383898744,
                0.9890130574211088
            ],
            [
                1.0060259074399857e-12,
                2.2897044114704104e-11,
                3.978909649170938e-12,
                1.3007124766636709e-05,
                0.9999869928473514
            ]
        ],
        [
            [
                0.9999999999989939,
                1.006039278921741e-12,
                0.0,
                0.0,
                0.0
            ],
            [
                0.9999999999954912,
                4.5087552404435375e-12,
                0.0,
                0.0,
                0.0
            ],
            [
                7.052463340258814e-11,
                5.829127688010726e-05,
                0.9999417077927379,
                8.591659205078565e-10,
                6.913991774067715e-13
            ],
            [
                1.4632873019298077e-12,
                3.3304265483612196e-11,
                8.420637023450476e-12,
                0.00033535005582806135,
                0.9996646499009837
            ],
            [
                4.752193039528313e-13,
                5.109089003074917e-12,
                7.835041746743424e-13,
                4.3634622316021326e-09,
                0.99999999563017
            ]
        ],
        [
            [
                0.9999999999981204,
                1.8795288160109333e-12,
                0.0,
                0.0,
                0.0
            ],
            [
                0.999999999986112,
                1.3887943860378905e-11,
                0.0,
                0.0,
                0.0
            ],
            [
                3.442477108249546e-14,
                1.783247290700453e-11,
                0.9999999999619136,
                2.0206839088928276e-11,
                1.2664165548283257e-14
            ],
            [
                1.6554830270995438e-12,
                6.212154228732863e-11,
                2.2853238261370574e-11,
                0.001926734335417107,
                0.9980732655779526
            ],
            [
                5.384940209602414e-13,
                3.5114221080609865e-12,
                6.101936668368327e-13,
                1.1032560306734655e-09,
                0.9999999988920838
            ]
        ],
        [
            [
                0.9999999999991123,
                8.878265475973661e-13,
                0.0,
                0.0,
                0.0
            ],
            [
                0.999999999996021,
                3.978962534841119e-12,
                0.0,
                0.0,
                0.0
            ],
            [
                1.0603575985089536e-13,
                2.2897348442561287e-11,
                0.9999999994554358,
                5.211412484726225e-10,
                4.193795655834725e-13
            ],
            [
                7.833443643668658e-13,
                2.2892678002688388e-11,
                5.108046908966297e-12,
                0.00020342706213687564,
                0.9997965729090791
            ],
            [
                6.914400374958899e-13,
                9.545035292829025e-12,
                1.006039318279807e-12,
                3.9278636977344306e-07,
                0.9999996072023877
            ]
        ],
        [
            [
                0.99999999999886,
                1.1399918525800829e-12,
                0.0,
                0.0,
                0.0
            ],
            [
                0.999999999979793,
                2.020683908257227e-11,
                0.0,
                0.0,
                0.0
            ],
            [
                1.879528736431533e-12,
                4.1399375423365446e-08,
                0.999999957495201,
                1.103255985321589e-09,
                2.88235067059548e-13
            ],
            [
                3.96633882679962e-12,
                9.027345560334123e-11,
                6.204397819558926e-11,
                0.00317268307367741,
                0.9968273167700388
            ],
            [
                3.266125371576192e-13,
                5.109079687517367e-12,
                1.4637758380146868e-12,
                1.0677030762759656e-06,
                0.9999989322900242
            ]
        ],
        [
            [
                0.9999999999978701,
                2.1297851701879353e-12,
                0.0,
                0.0,
                0.0
            ],
            [
                0.9999999999925664,
                7.433680669946085e-12,
                0.0,
                0.0,
                0.0
            ],
            [
                1.1176086869886523e-14,
                5.789356328208687e-12,
                0.9999999999392413,
                5.492788350459457e-11,
                3.037975385169226e-14
            ],
            [
                3.9352476774263135e-12,
                1.3031750540736657e-10,
                7.904156252683472e-11,
                0.010986942375529577,
                0.9890130574111762
            ],
            [
                8.87814747243496e-13,
                1.5736892936179234e-11,
                2.4133306944699553e-12,
                1.3007124766751742e-05,
                0.9999869928561952
            ]
        ],
        [
            [
                0.9999999999987081,
                1.2917800043213155e-12,
                0.0,
                0.0,
                0.0
            ],
            [
                0.9999998874648163,
                1.1253518370253942e-07,
                0.0,
                0.0,
                0.0
            ],
            [
                7.287724094343032e-14,
                1.57371021036742e-11,
                0.9999999998523048,
                1.31765142674256e-10,
                1.2015425729337185e-13
            ],
            [
                8.876454548246168e-13,
                2.939478041559619e-11,
                7.432164399048617e-12,
                0.00020342706187953917,
                0.9997965729004058
            ],
            [
                2.882350778378944e-13,
                2.73469827729818e-12,
                3.7010116592482604e-13,
                4.944450476095038e-09,
                0.9999999950521565
            ]
        ],
        [
            [
                0.9999999999981204,
                1.879528815941032e-12,
                0.0,
                0.0,
                0.0
            ],
            [
                0.999999999990455,
                9.545034919730781e-12,
                0.0,
                0.0,
                0.0
            ],
            [
                1.0603575986339815e-13,
                2.0206839080343153e-11,
                0.9999999995733468,
                4.0586521244914394e-10,
                4.75219306044783e-13
            ],
            [
                4.492893097504014e-11,
                1.3130158288020896e-09,
                1.9104267581648424e-09,
                0.4378234979190033,
                0.5621764988126252
            ],
            [
                1.291770216507943e-12,
                2.0206685975791807e-11,
                2.734677569807074e-12,
                7.889265046970793e-06,
                0.9999921107107199
            ]
        ],
        [
            [
                0.9999999999987081,
                1.2917800044237635e-12,
                0.0,
                0.0,
                0.0
            ],
            [
                0.9999999999925664,
                7.433680670221856e-12,
                0.0,
                0.0,
                0.0
            ],
            [
                3.266125549225987e-13,
                2.7894631448269937e-10,
                0.999998628755649,
                1.370956654535854e-06,
                8.423448812676708e-12
            ],
            [
                1.0058800617307551e-12,
                2.594198870796331e-11,
                5.108280454613341e-12,
                0.00015843624763435153,
                0.9998415637203094
            ],
            [
                2.88235067277314e-13,
                5.109088814168422e-12,
                8.87826510676605e-13,
                4.1399375454643316e-08,
                0.9999999585943395
            ]
        ],
        [
            [
                0.9999999999964886,
                3.5114221119381242e-12,
                0.0,
                0.0,
                0.0
            ],
            [
                0.999999999987744,
                1.2256067438972535e-11,
                0.0,
                0.0,
                0.0
            ],
            [
                2.1297851558022806e-12,
                4.363462221897498e-09,
                0.9999999929875798,
                2.6465736200786424e-09,
                2.5436656292786426e-13
            ],
            [
                3.027618307063461e-12,
                1.287376062995367e-10,
                7.808330527868327e-11,
                0.022977367811800046,
                0.9770226319783514
            ],
            [
                3.2661313061049235e-13,
                4.508755191656163e-12,
                6.9144000292833e-13,
                1.0467401677183337e-08,
                0.9999999895270716
            ]
        ],
        [
            [
                0.9999999999987081,
                1.2917800043757553e-12,
                0.0,
                0.0,
                0.0
            ],
            [
                0.9999999999969011,
                3.0988191378472032e-12,
                0.0,
                0.0,
                0.0
            ],
            [
                5.6756852306896043e-14,
                1.5737102101475173e-11,
                0.9999999997375613,
                2.461696950972602e-10,
                4.7521930611442e-13
            ],
            [
                1.1519639446862867e-11,
                3.814780666840442e-10,
                4.3227128114194834e-10,
                0.060086654415608405,
                0.9399133447591226
            ],
            [
                1.6586657904033743e-12,
                1.7832337783920436e-11,
                3.5113955058388187e-12,
                7.889265046433076e-06,
                0.9999921107119512
            ]
        ],
        [
            [
                0.9999999999987081,
                1.2917800042596665e-12,
                0.0,
                0.0,
                0.0
            ],
            [
                0.9999999998837177,
                1.1628233024147921e-10,
                0.0,
                0.0,
                0.0
            ],
            [
                2.6810038676563934e-14,
                1.1399918529910297e-12,
                0.9999999999865381,
                1.2256067443526177e-11,
                3.9008376099982444e-14
            ],
            [
                7.419360578357413e-12,
                3.154792395403688e-10,
                1.9134783128405978e-10,
                0.11920292368035425,
                0.8807970758053993
            ],
            [
                3.266131330495871e-13,
                5.109089008836065e-12,
                6.914400080918937e-13,
                2.998960813571186e-09,
                0.999999996994912
            ]
        ],
        [
            [
                0.9999999999981204,
                1.8795288158618723e-12,
                0.0,
                0.0,
                0.0
            ],
            [
                0.9999982396555762,
                1.7603431321271808e-06,
                1.2917776712122932e-12,
                0.0,
                0.0
            ],
            [
                2.3659776060647058e-14,
                1.783247288500725e-11,
                0.9999999987318162,
                1.2501528647645636e-09,
                1.7482341260025754e-13
            ],
            [
                8.877419218697794e-13,
                2.9397974965395866e-11,
                4.5083254761263206e-12,
                9.610239976538838e-05,
                0.9999038975654406
            ],
            [
                4.193795629258367e-13,
                3.5114220889936483e-12,
                6.10193663523426e-13,
                6.348800071958429e-09,
                0.9999999936466588
            ]
        ],
        [
            [
                0.9999999999991123,
                8.878265475973454e-13,
                0.0,
                0.0,
                0.0
            ],
            [
                0.999999999994891,
                5.1090890262062634e-12,
                0.0,
                0.0,
                0.0
            ],
            [
                1.5736953200330033e-11,
                1.0129988085636778e-05,
                0.999989868176345,
                1.8189444762979828e-09,
                8.878181471142345e-13
            ],
            [
                7.784474686000992e-12,
                2.9211025753510916e-10,
                2.0076424822875032e-10,
                0.07585817588536292,
                0.9241418236139781
            ],
            [
                3.7010119524046874e-13,
                4.5087555758661475e-12,
                8.878266135300537e-13,
                2.382369843756717e-07,
                0.9999997617572489
            ]
        ],
        [
            [
                0.9999999999985363,
                1.463778513660755e-12,
                0.0,
                0.0,
                0.0
            ],
            [
                0.9999999999978701,
                2.129785170426482e-12,
                0.0,
                0.0,
                0.0
            ],
            [
                9.05540390117775e-11,
                7.484619518310809e-05,
                0.9999250092148606,
                1.4448714707213745e-07,
                1.2255156517878183e-11
            ],
            [
                1.5706784785346966e-11,
                5.201372769846768e-10,
                4.5901953585776306e-10,
                0.22270014392881385,
                0.7772998550763225
            ],
            [
                5.384939929507675e-13,
                9.545034411911729e-12,
                2.129785056952138e-12,
                5.315784969879804e-08,
                0.999999946829937
            ]
        ],
        [
            [
                0.9999999999969011,
                3.098819137601608e-12,
                0.0,
                0.0,
                0.0
            ],
            [
                0.9999999999842628,
                1.573710210097549e-11,
                0.0,
                0.0,
                0.0
            ],
            [
                3.037975385149415e-14,
                1.573710210534143e-11,
                0.9999999999292657,
                5.492788350423638e-11,
                3.90083760980358e-14
            ],
            [
                1.655483026952413e-12,
                6.212154228180759e-11,
                3.3251265463563184e-11,
                0.0019267343352458689,
                0.9980732655677259
            ],
            [
                1.4637784961545932e-12,
                7.433680581086316e-12,
                1.4637784961545932e-12,
                1.186112000572075e-08,
                0.9999999881285188
            ]
        ],
        [
            [
                0.9999999999989939,
                1.006039278964082e-12,
                0.0,
                0.0,
                0.0
            ],
            [
                0.9999999999666846,
                3.331544540861563e-11,
                0.0,
                0.0,
                0.0
            ],
            [
                9.357623665598748e-14,
                7.052880376262032e-11,
                0.9999997616911014,
                2.382369844890509e-07,
                1.2917801009705503e-12
            ],
            [
                1.3407257528103139e-11,
                5.031036270715467e-10,
                5.031036270715467e-10,
                0.14804720369093868,
                0.8519527952894469
            ],
            [
                1.290863775584394e-12,
                4.274753734558118e-11,
                1.387809347273613e-11,
                0.0007096703439487333,
                0.9992903295981347
            ]
        ],
        [
            [
                0.9999999999994615,
                5.384940216047812e-13,
                0.0,
                0.0,
                0.0
            ],
            [
                0.9999999999954912,
                4.508755241016005e-12,
                0.0,
                0.0,
                0.0
            ],
            [
                1.435037958992752e-14,
                1.0815941548685369e-11,
                0.9999999992307935,
                7.582560421882614e-10,
                1.201542572221769e-13
            ],
            [
                1.1974462689258366e-11,
                2.40513512480432e-10,
                1.28737606268396e-10,
                0.022977367799936088,
                0.9770226318188384
            ],
            [
                4.1937958529932894e-13,
                9.54503536577947e-12,
                1.2917800647312498e-12,
                5.043472049890151e-07,
                0.9999994956415388
            ]
        ],
        [
            [
                0.9999999999992164,
                7.835041782579693e-13,
                0.0,
                0.0,
                0.0
            ],
            [
                0.9995694428653165,
                0.00043055712243279836,
                1.225078569019842e-11,
                0.0,
                0.0
            ],
            [
                2.2447770526566757e-13,
                2.4616969492226164e-10,
                0.9999999989952295,
                7.582560419925619e-10,
                1.201542571911661e-13
            ],
            [
                7.329132771204684e-12,
                2.1418865597603452e-10,
                1.146469259702948e-10,
                0.01406362728423159,
                0.9859363723796036
            ],
            [
                2.129448107511709e-12,
                3.774537085028889e-11,
                6.559161939654181e-12,
                0.00015843624753877623,
                0.9998415637060273
            ]
        ],
        [
            [
                0.9999999999987081,
                1.2917800043213884e-12,
                0.0,
                0.0,
                0.0
            ],
            [
                0.9999999999915765,
                8.423463751379147e-12,
                0.0,
                0.0,
                0.0
            ],
            [
                2.6810038676178676e-14,
                1.225606744335006e-11,
                0.9999999999617502,
                2.5946094981178138e-11,
                2.0879679115182606e-14
            ],
            [
                1.6528430056975207e-11,
                6.202247621508228e-10,
                7.028067297849451e-10,
                0.43782349871133,
                0.5621764999491101
            ],
            [
                5.384940185373045e-13,
                3.511422092261453e-12,
                5.384940185373045e-13,
                5.602796403846253e-09,
                0.9999999943926152
            ]
        ],
        [
            [
                0.9999999999964886,
                3.5114221122535676e-12,
                0.0,
                0.0,
                0.0
            ],
            [
                0.999999999987744,
                1.2256067439557316e-11,
                0.0,
                0.0,
                0.0
            ],
            [
                4.8473412388835764e-11,
                4.785094840906348e-06,
                0.9999952134387932,
                1.4166007594961659e-09,
                1.2917726849753842e-12
            ],
            [
                2.0167913024202297e-11,
                6.678695548600561e-10,
                5.893928134945521e-10,
                0.11920292356056612,
                0.8807970751620037
            ],
            [
                8.878266195007568e-13,
                8.423464434310376e-12,
                1.879528968232277e-12,
                1.125351838017589e-07,
                0.9999998874536253
            ]
        ],
        [
            [
                0.9999999999985363,
                1.463778513660755e-12,
                0.0,
                0.0,
                0.0
            ],
            [
                0.9999999999622486,
                3.775134542783763e-11,
                0.0,
                0.0,
                0.0
            ],
            [
                1.0060392466789559e-12,
                7.194132797173343e-09,
                0.9999999676939825,
                2.5109990743659234e-08,
                8.878265190727181e-13
            ],
            [
                5.707934340273993e-12,
                2.4270754413376473e-10,
                1.8902082542871353e-10,
                0.014063627286293585,
                0.9859363722762702
            ],
            [
                4.752192968105348e-13,
                5.109088926287994e-12,
                1.006039259242566e-12,
                1.9555680698292612e-08,
                0.9999999804377291
            ]
        ],
        [
            [
                0.9999999999995248,
                4.752193061265842e-13,
                0.0,
                0.0,
                0.0
            ],
            [
                0.9999999999942106,
                5.789356326866177e-12,
                0.0,
                0.0,
                0.0
            ],
            [
                6.431393940465271e-14,
                2.940077738833395e-11,
                0.9999999998798916,
                9.056076988283451e-11,
                8.258073284288936e-14
            ],
            [
                4.9183798292489015e-12,
                2.0913483202694732e-10,
                1.628743709500933e-10,
                0.037326883898456335,
                0.962673115724616
            ],
            [
                6.101937169082807e-13,
                9.545035691640764e-12,
                1.6586784925116625e-12,
                1.1253518378334933e-07,
                0.9999998874530023
            ]
        ],
        [
            [
                0.9999999999985363,
                1.463778513660711e-12,
                0.0,
                0.0,
                0.0
            ],
            [
                0.9999999999942106,
                5.789356326346426e-12,
                0.0,
                0.0,
                0.0
            ],
            [
                6.914347695896327e-13,
                2.9989380927815027e-09,
                0.9999921077313653,
                7.889265026242326e-06,
                3.978932375363907e-12
            ],
            [
                1.0045283970154674e-12,
                4.2713634340886305e-11,
                1.780569187915116e-11,
                0.0015011820302705454,
                0.9984988179082056
            ],
            [
                2.882350638492811e-13,
                8.423463301633762e-12,
                1.6586782697457554e-12,
                5.315784968654449e-08,
                0.99999994683178
            ]
        ],
        [
            [
                0.9999999999954912,
                4.508755240848544e-12,
                0.0,
                0.0,
                0.0
            ],
            [
                0.9999999999969011,
                3.0988191377319347e-12,
                0.0,
                0.0,
                0.0
            ],
            [
                1.0603575989132791e-13,
                2.2897348451292288e-11,
                0.9999999998450335,
                1.3176514267124226e-10,
                1.9810087976022718e-13
            ],
            [
                8.109037438778048e-12,
                2.685344397350918e-10,
                1.6287437088808766e-10,
                0.0373268839151383,
                0.9626731156453439
            ],
            [
                2.882350757057067e-13,
                3.978962485606094e-12,
                5.384940149773571e-13,
                1.1861120001606894e-08,
                0.9999999881340743
            ]
        ],
        [
            [
                0.9999999999991123,
                8.878265473821659e-13,
                0.0,
                0.0,
                0.0
            ],
            [
                0.9999999999954912,
                4.508755240199595e-12,
                0.0,
                0.0,
                0.0
            ],
            [
                4.8471935035009464e-11,
                3.535625661106799e-05,
                0.9999644991974687,
                1.44492939689119e-07,
                4.508592278333869e-12
            ],
            [
                5.685225532106217e-12,
                1.4662389897892412e-10,
                7.848211762248304e-11,
                0.01798621156867911,
                0.9820137882005298
            ],
            [
                5.384889272838097e-13,
                1.388781247629411e-11,
                5.789301557784349e-12,
                1.012998810086998e-05,
                0.9999898699916835
            ]
        ],
        [
            [
                0.9999999999985363,
                1.4637785135991053e-12,
                0.0,
                0.0,
                0.0
            ],
            [
                0.9999999999954912,
                4.508755241016005e-12,
                0.0,
                0.0,
                0.0
            ],
            [
                1.0603575951029571e-13,
                3.5817479166047497e-10,
                0.9999999962433153,
                3.398267806517337e-09,
                1.361526102890086e-13
            ],
            [
                2.5639902448250625e-11,
                7.493077852708567e-10,
                9.621302412097805e-10,
                0.6791787111598732,
                0.320821287103049
            ],
            [
                2.7346986332489388e-12,
                1.2256068975300213e-11,
                1.6586785661397158e-12,
                6.825604229085471e-08,
                0.9999999317273083
            ]
        ],
        [
            [
                0.9999999999978701,
                2.1297851701880416e-12,
                0.0,
                0.0,
                0.0
            ],
            [
                0.9999999999094393,
                9.056076985607851e-11,
                0.0,
                0.0,
                0.0
            ],
            [
                3.602099181105285e-08,
                0.01406362671701954,
                0.9859363309848972,
                6.259509794002844e-09,
                1.7581674769970775e-11
            ],
            [
                1.2232456289957315e-11,
                5.201372769674587e-10,
                5.201372769674587e-10,
                0.22270014397537807,
                0.7772998549721148
            ],
            [
                1.879528814227721e-12,
                8.42346374410984e-12,
                1.2917800031974216e-12,
                7.582560418587205e-10,
                0.9999999992301492
            ]
        ],
        [
            [
                0.9999999999989939,
                1.006039278964082e-12,
                0.0,
                0.0,
                0.0
            ],
            [
                0.9999999999771028,
                2.2897348450291493e-11,
                0.0,
                0.0,
                0.0
            ],
            [
                2.4599508225535093e-10,
                0.000709670316570697,
                0.999290288059005,
                4.137001180886876e-08,
                8.417488828701616e-12
            ],
            [
                1.4700381652183954e-11,
                5.516277518386807e-10,
                5.516277518386807e-10,
                0.4999999996275248,
                0.49999999925451927
            ],
            [
                2.882334670623704e-13,
                6.560163472783042e-12,
                1.4637703262819598e-12,
                6.144172125299875e-06,
                0.9999938558195625
            ]
        ],
        [
            [
                0.9999999999985363,
                1.4637785134500886e-12,
                0.0,
                0.0,
                0.0
            ],
            [
                0.9999999999981204,
                1.8795288160109716e-12,
                0.0,
                0.0,
                0.0
            ],
            [
                3.9008376098571204e-14,
                2.940077739040578e-11,
                0.9999999999547962,
                1.5737102105557426e-11,
                2.6810038675594e-14
            ],
            [
                2.58961101625711e-11,
                5.201372768372572e-10,
                5.893927506305296e-10,
                0.22270014391963142,
                0.7772998549449426
            ],
            [
                3.510243756897929e-12,
                7.050513058856235e-11,
                2.593738804063988e-11,
                0.00033535005511960543,
                0.9996646498449276
            ]
        ],
        [
            [
                0.9999999999975866,
                2.413362770847348e-12,
                0.0,
                0.0,
                0.0
            ],
            [
                0.9999999999934397,
                6.560200166035668e-12,
                0.0,
                0.0,
                0.0
            ],
            [
                6.431393927592781e-14,
                2.2897348407113295e-11,
                0.9999999979155965,
                2.0611536179969115e-09,
                2.8823507872331167e-13
            ],
            [
                9.463153760120398e-12,
                2.440579521621687e-10,
                1.306348081157418e-10,
                0.008577485674988082,
                0.991422513940856
            ],
            [
                6.8697747993137306e-12,
                2.0076424824832074e-10,
                9.483431585870058e-11,
                0.0758581759111298,
                0.9241418237864019
            ]
        ],
        [
            [
                0.9999999999993898,
                6.101936675671643e-13,
                0.0,
                0.0,
                0.0
            ],
            [
                0.9999999999978701,
                2.1297851700862297e-12,
                0.0,
                0.0,
                0.0
            ],
            [
                6.431393940101518e-14,
                1.5737102103558382e-11,
                0.9999999998522588,
                1.3176514267328627e-10,
                1.7482341279039579e-13
            ],
            [
                7.156200421683466e-12,
                2.3698081127103253e-10,
                1.1194180888586663e-10,
                0.03732688392317654,
                0.9626731157207447
            ],
            [
                6.10193652024562e-13,
                7.433680480648824e-12,
                1.2917799714729467e-12,
                2.5109990909891174e-08,
                0.9999999748806734
            ]
        ],
        [
            [
                0.9999999999987081,
                1.2917800042597489e-12,
                0.0,
                0.0,
                0.0
            ],
            [
                0.9999999999942106,
                5.78935632662264e-12,
                0.0,
                0.0,
                0.0
            ],
            [
                1.2255858426506245e-11,
                1.6701415955871335e-05,
                0.9999832303141838,
                6.825486971036302e-08,
                2.734651653462822e-12
            ],
            [
                3.9230020782714086e-12,
                1.4720956694167396e-10,
                7.879560309286232e-11,
                0.014063627284701449,
                0.9859363724853704
            ],
            [
                1.6586785670885695e-12,
                1.573710408196603e-11,
                3.5114225540815893e-12,
                3.0590235889444894e-07,
                0.9999996940767338
            ]
        ],
        [
            [
                0.9999999999987081,
                1.2917800042597489e-12,
                0.0,
                0.0,
                0.0
            ],
            [
                0.9999999999964886,
                3.511422112105865e-12,
                0.0,
                0.0,
                0.0
            ],
            [
                6.431393940858862e-14,
                2.940077739013323e-11,
                0.99999999994109,
                2.940077739013323e-11,
                4.420228103233516e-14
            ],
            [
                2.5896110151800886e-11,
                6.678694833480189e-10,
                8.575613916489665e-10,
                0.22270014382701023,
                0.7772998546216628
            ],
            [
                6.101657918953984e-13,
                2.020591596834952e-11,
                3.0986775733976507e-12,
                4.5397855728639505e-05,
                0.9999546021203566
            ]
        ],
        [
            [
                0.9999999999985363,
                1.4637785135990559e-12,
                0.0,
                0.0,
                0.0
            ],
            [
                0.9999999999969011,
                3.0988191377320276e-12,
                0.0,
                0.0,
                0.0
            ],
            [
                3.7010116719778157e-13,
                9.736200295607953e-10,
                0.9999999982676175,
                7.582560414359518e-10,
                1.3615261056561842e-13
            ],
            [
                8.131912753500466e-12,
                5.031036270742008e-10,
                5.031036270742008e-10,
                0.14804720369171967,
                0.8519527952939412
            ],
            [
                3.701011655910052e-13,
                3.978962511451125e-12,
                4.752193033646092e-13,
                5.602796403199061e-09,
                0.9999999943923792
            ]
        ],
        [
            [
                0.9999999999989939,
                1.0060392789640519e-12,
                0.0,
                0.0,
                0.0
            ],
            [
                0.999999998394772,
                1.6052280518702411e-09,
                0.0,
                0.0,
                0.0
            ],
            [
                7.835041433033394e-13,
                4.139937532776409e-08,
                0.9999999552014374,
                3.3982676668097843e-09,
                1.3615260469158397e-13
            ],
            [
                2.1211176896251987e-12,
                7.02417709495157e-11,
                3.317986320184668e-11,
                0.0040701377783631375,
                0.995929862116094
            ],
            [
                6.101936452429851e-13,
                6.560199926067331e-12,
                2.1297850923618227e-12,
                3.653482078899164e-08,
                0.9999999634558789
            ]
        ],
        [
            [
                0.9999999999985363,
                1.4637785135991492e-12,
                0.0,
                0.0,
                0.0
            ],
            [
                0.9999999999969011,
                3.0988191374538247e-12,
                0.0,
                0.0,
                0.0
            ],
            [
                9.97097207955756e-09,
                0.9525740409729344,
                0.047425865545450724,
                8.348592707911457e-08,
                2.4715568745682785e-11
            ],
            [
                6.516291085944e-12,
                1.483101015149688e-10,
                6.18248484562545e-11,
                0.006692851423762777,
                0.993307148359586
            ],
            [
                8.878266415139491e-13,
                5.789356939522628e-12,
                1.0060393854230473e-12,
                8.764249144094355e-08,
                0.9999999123498253
            ]
        ],
        [
            [
                0.9999999999978701,
                2.12978517048831e-12,
                0.0,
                0.0,
                0.0
            ],
            [
                0.9999999999964886,
                3.5114221119377183e-12,
                0.0,
                0.0,
