{
    "[['A', 'B', 'C', 'D', 'E'], ['A', 'B', 'C', 'D', 'E']]": [
        [
            [
                0.9999999999376383,
                6.224144619275015e-11,
                0.0,
                0.0,
                1.2015425724758894e-13
            ],
            [
                4.584464349746118e-10,
                8.564906988405328e-10,
                1.686530183055002e-10,
                0.003172683067148867,
                0.9968273154492611
            ],
            [
                9.544944591096008e-12,
                3.398235659166345e-09,
                0.9999898665336219,
                1.0129988069327875e-05,
                7.052813104479309e-11
            ],
            [
                2.1297851505815096e-12,
                9.54503483152946e-12,
                1.1399918421387914e-12,
                9.237449573601895e-09,
                0.9999999907497356
            ],
            [
                5.789356018036711e-12,
                3.7751343416811986e-11,
                5.1090887538768845e-12,
                5.3157849691453377e-08,
                0.9999999467935006
            ]
        ],
        [
            [
                0.9999999997206337,
                2.789468090956461e-10,
                0.0,
                0.0,
                4.1937956555042715e-13
            ],
            [
                2.0071589601211104e-11,
                1.9043393995209175e-10,
                7.005673140965151e-11,
                0.0066928514212676385,
                0.9933071482981701
            ],
            [
                3.2661313364119613e-13,
                2.940077733545443e-11,
                0.9999999981506196,
                1.818961684002434e-09,
                6.914400093443299e-13
            ],
            [
                1.3887943586355068e-11,
                2.5946094462254617e-11,
                5.789356212589161e-12,
                1.9555680695539878e-08,
                0.9999999803986959
            ],
            [
                1.0815941505322349e-11,
                2.0206838993141866e-11,
                3.978962516720994e-12,
                4.363462231980193e-09,
                0.999999995601536
            ]
        ],
        [
            [
                0.9999999997210531,
                2.7894680893730004e-10,
                0.0,
                0.0,
                0.0
            ],
            [
                6.22070343015013e-11,
                5.208531212468868e-10,
                1.3169229264970347e-10,
                0.000552778583419134,
                0.9994472207018285
            ],
            [
                2.590712872084547e-11,
                2.994456937352678e-09,
                0.9984988141988613,
                0.0015011820236572693,
                7.571172816949701e-10
            ],
            [
                3.7751350188464136e-11,
                7.991960897612947e-11,
                1.2256068984793983e-11,
                3.059023589564137e-07,
                0.9999996939677139
            ],
            [
                1.3887759271472167e-11,
                6.224061893844294e-11,
                1.573689293503316e-11,
                1.300712476580447e-05,
                0.999986992783369
            ]
        ],
        [
            [
                0.999999999937339,
                6.224144620985575e-11,
                0.0,
                0.0,
                4.193795657084372e-13
            ],
            [
                1.6287437073155965e-10,
                1.0620743108780892e-09,
                4.427384422813003e-10,
                0.037326883840395675,
                0.9626731144919172
            ],
            [
                1.6586784359312195e-12,
                3.160881601082093e-10,
                0.9999994953255031,
                5.043472050029288e-07,
                9.545035366042795e-12
            ],
            [
                1.3887943412278706e-11,
                2.0206838431568926e-11,
                3.5114219989197396e-12,
                3.22418663216256e-08,
                0.9999999677205275
            ],
            [
                3.5114223834726448e-12,
                2.02068406445181e-11,
                5.10908942105088e-12,
                8.315279900569097e-07,
                0.9999991684431826
            ]
        ],
        [
            [
                0.9999999997210531,
                2.789468090957338e-10,
                0.0,
                0.0,
                0.0
            ],
            [
                6.678695506645989e-10,
                4.934925576628328e-09,
                2.3310937826653872e-09,
                0.11920292273491949,
                0.8807970693311916
            ],
            [
                1.9348015915091578e-09,
                3.886152880529945e-08,
                0.2689413360754604,
                0.7310583697194508,
                2.5340875840931643e-07
            ],
            [
                9.055922081485155e-11,
                1.0261704097728617e-10,
                3.331487554628883e-11,
                1.670141510029359e-05,
                0.9999832983584086
            ],
            [
                3.9789625011818804e-12,
                2.5946094756783334e-11,
                6.5602001110167496e-12,
                8.152020643468944e-09,
                0.9999999918114942
            ]
        ],
        [
            [
                0.9999999999622486,
                3.7751345429426466e-11,
                0.0,
                0.0,
                0.0
            ],
            [
                2.1715036941672992e-10,
                2.997668384145123e-09,
                1.0462890733406949e-08,
                0.9995694292104433,
                0.0004305571118472071
            ],
            [
                2.8823510984497995e-13,
                7.991960738649407e-11,
                0.9999999122761607,
                8.764249146861335e-08,
                1.1399919736763361e-12
            ],
            [
                8.423463623262228e-12,
                1.7832472630382396e-11,
                3.978962473859716e-12,
                1.522997950748586e-08,
                0.9999999847397856
            ],
            [
                2.2897347499282508e-11,
                1.783247216269929e-11,
                4.508755053816282e-12,
                4.1399375457242245e-08,
                0.999999958555386
            ]
        ],
        [
            [
                0.9999999996835853,
                3.160881452030652e-10,
                0.0,
                0.0,
                3.2661313404283867e-13
            ],
            [
                0.6224585655630407,
                0.3775401908586754,
                1.241639175896532e-06,
                1.8667272203285655e-09,
                7.238086920615252e-11
            ],
            [
                1.3615261020712322e-13,
                2.2897348355241245e-11,
                0.9999999956129657,
                4.363462233655673e-09,
                5.384940193950717e-13
            ],
            [
                8.423416637465664e-12,
                4.8473415923071094e-11,
                1.783237316145029e-11,
                6.144172125872989e-06,
                0.9999938557531449
            ],
            [
                2.940077707145441e-11,
                2.28973482061565e-11,
                5.7893562654451464e-12,
                1.046740168032178e-08,
                0.9999999894745107
            ]
        ],
        [
            [
                0.9999999999450722,
                5.4927883486818e-11,
                0.0,
                0.0,
                0.0
            ],
            [
                0.562176067636071,
                0.4378231579792507,
                7.707204236530722e-07,
                3.5691402444126866e-09,
                9.511436578045728e-11
            ],
            [
                2.593491329140868e-11,
                8.14850753147992e-09,
                0.9995694336066623,
                0.00043055711611480693,
                1.1027805747285067e-09
            ],
            [
                8.42346374029269e-12,
                1.5737102080378726e-11,
                2.734698286989615e-12,
                1.2501528642828438e-09,
                0.999999998722952
            ],
            [
                7.052879554736147e-11,
                7.991959557115911e-11,
                1.2256066929075198e-11,
                4.139937544816765e-08,
                0.9999999584379202
            ]
        ],
        [
            [
                0.9999999998973812,
                1.0261879625927031e-10,
                0.0,
                0.0,
                0.0
            ],
            [
                3.1604595668639005e-10,
                9.23621672611495e-09,
                1.0128741520289194e-05,
                0.9998664683738165,
                0.00012339333240044963
            ],
            [
                7.966604349486529e-11,
                1.5181660631679394e-08,
                0.9968272987293922,
                0.003172683019834823,
                2.989446227365552e-09
            ],
            [
                1.0815942928291383e-11,
                3.7751350228071036e-11,
                1.0815942928291383e-11,
                1.8553915978014315e-07,
                0.999999814401457
            ],
            [
                2.594609598633077e-11,
                6.224144863650776e-11,
                6.560200421895026e-12,
                3.9278636974064336e-07,
                0.9999996071188825
            ]
        ],
        [
            [
                0.9999999999093032,
                9.05607698598776e-11,
                0.0,
                0.0,
                1.3615261075356202e-13
            ],
            [
                0.18242551399647464,
                0.8175743936902964,
                9.200581541486602e-08,
                2.928343424696487e-10,
                1.457936342899488e-11
            ],
            [
                9.543524299777781e-12,
                1.2499550138102652e-09,
                0.9998415624675918,
                0.00015843624696756692,
                2.594198868354327e-11
            ],
            [
                1.4930947453138183e-10,
                7.052880177596116e-11,
                7.433681016463747e-12,
                5.043472049313757e-07,
                0.9999994954255231
            ],
            [
                6.560200992114412e-12,
                4.277788406258823e-11,
                8.423464812455043e-12,
                3.0590235892313355e-07,
                0.9999996940398795
            ]
        ],
        [
            [
                0.9999999997532918,
                2.461696949754357e-10,
                0.0,
                0.0,
                5.384940213245556e-13
            ],
            [
                1.0059933197770973e-12,
                3.7749620825043545e-11,
                7.433341074982454e-12,
                4.5397855729793245e-05,
                0.9999546020980813
            ],
            [
                3.037975385259686e-14,
                1.0060392792225692e-12,
                0.9999999999880906,
                1.0815941556632594e-11,
                5.6756852322900075e-14
            ],
            [
                1.0815941242658571e-11,
                2.9400776537599536e-11,
                5.109088879443995e-12,
                2.8453347262148774e-08,
                0.9999999715013269
            ],
            [
                1.0815941341525077e-11,
                2.020683868712827e-11,
                3.5114220433292952e-12,
                1.955568069774615e-08,
                0.9999999804097852
            ]
        ],
        [
            [
                0.9999999993308415,
                6.691586083324608e-10,
                0.0,
                0.0,
                0.0
            ],
            [
                1.1022505803387219e-09,
                6.343014139246078e-09,
                4.136164787972008e-08,
                0.9990888998364249,
                0.0009110513566625304
            ],
            [
                6.914400639314937e-13,
                2.172440102346186e-10,
                0.9999991682513397,
                8.315279901199157e-07,
                2.7346985021501663e-12
            ],
            [
                7.991945275317438e-11,
                2.1724359615934513e-10,
                3.33153844862894e-11,
                2.2603252727418848e-06,
                0.9999977393442488
            ],
            [
                9.545034409572795e-12,
                1.2256066785050539e-11,
                3.0988189720881568e-12,
                5.3157849685772135e-08,
                0.9999999468172505
            ]
        ],
        [
            [
                0.9999999999515263,
                4.8473687040669476e-11,
                0.0,
                0.0,
                0.0
            ],
            [
                8.995462342715113e-11,
                1.0958716566386238e-09,
                2.319960315309326e-09,
                0.9933071451044747,
                0.006692851389738659
            ],
            [
                3.9008376019723723e-14,
                9.545034902755476e-12,
                0.9999999979290641,
                2.061153618101373e-09,
                1.9810087938804394e-13
            ],
            [
                1.0815942930136293e-11,
                1.7832475171594377e-11,
                3.978963040880752e-12,
                1.8553915981179116e-07,
                0.9999998144282128
            ],
            [
                1.1628232868450329e-10,
                3.3315444958183476e-11,
                5.789356248189792e-12,
                1.3440409764153584e-08,
                0.9999999864042031
            ]
        ],
        [
            [
                0.9999999998679083,
                1.3176514263002193e-10,
                0.0,
                0.0,
                3.266131341029201e-13
            ],
            [
                8.928711495431634e-11,
                2.609351985432687e-09,
                6.2595100111184676e-09,
                0.9859363638982382,
                0.014063627143612674
            ],
            [
                3.266131303567934e-13,
                5.492788284997604e-11,
                0.9999999880826195,
                1.1861120008916198e-08,
                1.0060392672028564e-12
            ],
            [
                2.020683873323473e-11,
                2.5946094524383716e-11,
                4.50875516264016e-12,
                1.725782768307196e-08,
                0.9999999826915106
            ],
            [
                1.8795287870261635e-12,
                7.433680555626326e-12,
                3.098819090063247e-12,
                1.5229979505566965e-08,
                0.9999999847576084
            ]
        ],
        [
            [
                0.9999999999515263,
                4.8473687038016514e-11,
                0.0,
                0.0,
                0.0
            ],
            [
                1.571346793444351e-11,
                9.042476462487887e-11,
                2.5907128819981424e-11,
                0.001501182028934839,
                0.9984988178390197
            ],
            [
                6.431393733730498e-14,
                1.7832472332192235e-11,
                0.9999999677396983,
                3.22418663312178e-08,
                5.384940043830951e-13
            ],
            [
                2.940077680767714e-11,
                3.331544475858237e-11,
                5.789356213504321e-12,
                1.955568069863117e-08,
                0.9999999803758137
            ],
            [
                2.129785141427544e-12,
                1.3887943672415702e-11,
                2.129785141427544e-12,
                1.3440409764791502e-08,
                0.9999999865414428
            ]
        ],
        [
            [
                0.9999999999091849,
                9.056076985987921e-11,
                0.0,
                0.0,
                2.5436656463418974e-13
            ],
            [
                2.1333651393921014e-10,
                1.0834122137145184e-09,
                3.9856507973961234e-10,
                0.017986211532465757,
                0.9820137867722205
            ],
            [
                2.681003866943316e-14,
                1.0815941553902995e-11,
                0.9999999997101461,
                2.7894680919965153e-10,
                6.431393939440574e-14
            ],
            [
                1.5737103274107276e-11,
                2.9400779573544316e-11,
                4.508755576715938e-12,
                2.3823698442057358e-07,
                0.999999761713369
            ],
            [
                3.098819130681298e-12,
                7.433680653063967e-12,
                1.879528811662257e-12,
                2.0611536170904684e-09,
                0.9999999979264345
            ]
        ],
        [
            [
                0.9999999990260053,
                9.736200299574973e-10,
                2.543665643867021e-13,
                0.0,
                1.2015425715192184e-13
            ],
            [
                7.612930919561072e-11,
                1.19086275934448e-09,
                7.222947750524145e-10,
                0.04742587530473366,
                0.9525741227059795
            ],
            [
                2.2447770105999152e-13,
                1.6918978891347912e-10,
                0.9999999802736133,
                1.955568070087039e-08,
                1.2917799792234418e-12
            ],
            [
                2.413362889343079e-12,
                1.225606804086382e-11,
                2.7346984247479966e-12,
                1.444980316467268e-07,
                0.9999998554845643
            ],
            [
                3.7751278474232965e-11,
                7.99194571571009e-11,
                1.0815922370472582e-11,
                1.370956654387237e-06,
                0.9999986289148589
            ]
        ],
        [
            [
                0.9999999993280859,
                6.691586082318879e-10,
                1.2917800030536255e-12,
                0.0,
                1.4637785121628756e-12
            ],
            [
                2.7170486376469046e-11,
                7.940380043401092e-10,
                6.183974195685326e-10,
                0.07585817580952915,
                0.9241418227508649
            ],
            [
                4.420228096335567e-14,
                9.545034907064914e-12,
                0.9999999983849848,
                1.6052280525325444e-09,
                1.9810087947748345e-13
            ],
            [
                2.2897347703276595e-11,
                3.331544432579524e-11,
                5.109088860006389e-12,
                3.224186631201243e-08,
                0.9999999676968119
            ],
            [
                1.0815942085188644e-11,
                1.3887944542804827e-11,
                3.0988192899685532e-12,
                1.4449803166356369e-07,
                0.9999998554741656
            ]
        ],
        [
            [
                0.9999999999771028,
                2.2897348448677835e-11,
                0.0,
                0.0,
                0.0
            ],
            [
                1.992264843917779e-11,
                2.750236783615636e-10,
                8.928711576205081e-11,
                0.014063627270839053,
                0.9859363723449276
            ],
            [
                3.7554278273041925e-11,
                6.315658513923374e-09,
                0.9947798653534935,
                0.005220125660535645,
                2.6327581637138647e-09
            ],
            [
                4.50875516280067e-12,
                8.423463605954015e-12,
                2.1297851334054055e-12,
                1.7257827683686335e-08,
                0.9999999827271103
            ],
            [
                2.7346981453581473e-12,
                2.9400775820684e-11,
                4.508755001196169e-12,
                5.315784970171093e-08,
                0.9999999468055061
            ]
        ],
        [
            [
                0.9999999999449178,
                5.49278834842171e-11,
                0.0,
                0.0,
                1.5428112024804276e-13
            ],
            [
                2.8383164398069135e-11,
                9.399213170599245e-10,
                8.294776509786167e-10,
                0.1480472035220143,
                0.8519527946802036
            ],
            [
                2.7346411490597804e-12,
                4.058567319438622e-10,
                0.9999785546257076,
                2.1444939755353867e-05,
                2.594555282951514e-11
            ],
            [
                1.463778632101154e-12,
                1.5737103375216315e-11,
                3.978962856527205e-12,
                1.125351837891865e-07,
                0.9999998874436363
            ],
            [
                1.783247268536172e-11,
                2.020683883777407e-11,
                3.5114220695076096e-12,
                1.1861120003160472e-08,
                0.9999999880973293
            ]
        ],
        [
            [
                0.999999998394772,
                1.6052280517716307e-09,
                0.0,
                0.0,
                0.0
            ],
            [
                4.50724220311274e-12,
                7.989277966832447e-11,
                2.288966460946923e-11,
                0.00033535005515578987,
                0.9996646498375545
            ],
            [
                4.752193447501699e-13,
                5.492788795642733e-11,
                0.9999998874081213,
                1.1253518382994101e-07,
                1.2917801093666015e-12
            ],
            [
                1.4637784910543048e-12,
                7.433680555184914e-12,
                1.6586783327706787e-12,
                1.522997950466261e-08,
                0.9999999847594643
            ],
            [
                1.0815941339737801e-11,
                2.289734799590664e-11,
                3.0988190763933112e-12,
                1.955568069451468e-08,
                0.9999999804075073
            ]
        ],
        [
            [
                0.9999999994788586,
                5.211412483055341e-10,
                0.0,
                0.0,
                0.0
            ],
            [
                1.5654952431905405e-11,
                1.6830660002281309e-10,
                4.822064824976533e-11,
                0.005220125697778621,
                0.9947798740700392
            ],
            [
                1.3151131260132078e-10,
                6.81245465164515e-08,
                0.9980731965537035,
                0.001926734433443211,
                7.567953514205868e-10
            ],
            [
                2.594609478275475e-11,
                2.2897348279947398e-11,
                5.789356284102407e-12,
                7.1941329748681776e-09,
                0.9999999927512343
            ],
            [
                1.0815942389633835e-11,
                2.020684064525322e-11,
                3.5114223836003896e-12,
                8.315279900871605e-07,
                0.9999991684374757
            ]
        ],
        [
            [
                0.9999999994783835,
                5.211412482454298e-10,
                0.0,
                0.0,
                4.752193057815766e-13
            ],
            [
                1.9614524951164202e-11,
                3.476757737003772e-10,
                1.642304066944123e-10,
                0.02931222791057042,
                0.970687771557909
            ],
            [
                7.879560093213137e-11,
                8.037369801795155e-09,
                0.9859363456828292,
                0.014063626920357513,
                1.928064784600363e-08
            ],
            [
                5.1090889566234684e-12,
                1.2256067272724174e-11,
                3.978962480199823e-12,
                1.3440409763199176e-08,
                0.9999999865382461
            ],
            [
                1.5736982862695778e-11,
                6.224097460924811e-11,
                1.5736982862695778e-11,
                7.889265047708308e-06,
                0.9999921106412374
            ]
        ],
        [
            [
                0.999999999782756,
                2.1724399338281501e-10,
                0.0,
                0.0,
                0.0
            ],
            [
                3.77350764527332e-11,
                5.209166623086691e-10,
                1.6045362801253068e-09,
                0.9995694407199733,
                0.00043055711683870557
            ],
            [
                5.0087746157495896e-14,
                1.3887943803703715e-11,
                0.9999999956222732,
                4.363462233696286e-09,
                3.266131328380404e-13
            ],
            [
                3.551022243809701e-10,
                1.5914577578609289e-09,
                6.634182951749374e-10,
                0.0085774856554366,
                0.9914225117345852
            ],
            [
                3.098819123908075e-12,
                6.560200136793068e-12,
                1.4637785071283887e-12,
                4.363462232084388e-09,
                0.9999999956254149
            ]
        ],
        [
            [
                0.9999999996418252,
                3.5817479275459566e-10,
                0.0,
                0.0,
                0.0
            ],
            [
                8.591102162913591e-10,
                9.236305263641311e-09,
                1.855161504067002e-07,
                0.9998764098731965,
                0.000123394515237616
            ],
            [
                5.008774511840566e-14,
                8.423463542564284e-12,
                0.9999999748813111,
                2.5109990925761815e-08,
                2.244776998550374e-13
            ],
            [
                1.4930946694580223e-10,
                4.8473686843914654e-11,
                5.10908900500325e-12,
                3.850741905387141e-09,
                0.9999999959463659
            ],
            [
                5.1090895672124614e-12,
                2.5946097720789906e-11,
                5.789356939666662e-12,
                8.764249144312401e-08,
                0.9999999123206641
            ]
        ],
        [
            [
                0.9999999998506905,
                1.493094675556933e-10,
                0.0,
                0.0,
                0.0
            ],
            [
                0.6224591789370043,
                0.3775405758440512,
                2.4449346999075323e-07,
                6.867318391094253e-10,
                3.874275923688293e-11
            ],
            [
                2.0571831010008384e-09,
                1.6342229547313e-07,
                0.8807969112748422,
                0.11920289818405849,
                2.5061620704003954e-08
            ],
            [
                2.129781275817881e-12,
                2.2897306579776564e-11,
                6.560188170284378e-12,
                2.2603252730924027e-06,
                0.9999977396431396
            ],
            [
                1.3887943504955857e-11,
                2.940077663070744e-11,
                1.0815941276911054e-11,
                2.510999090652979e-08,
                0.9999999748359045
            ]
        ],
        [
            [
                0.999999999986112,
                1.388794386037858e-11,
                0.0,
                0.0,
                0.0
            ],
            [
                1.1076749120873286e-10,
                1.5290980497954875e-09,
                9.274448489077583e-10,
                0.047425875297843305,
                0.9525741221348463
            ],
            [
                5.6756851458856756e-14,
                2.020683878138129e-11,
                0.9999999847493375,
                1.5229979511937956e-08,
                4.1937955942816647e-13
            ],
            [
                4.847368675439516e-11,
                3.331544520976775e-11,
                6.56020012642891e-12,
                5.602796401901778e-09,
                0.9999999943088542
            ],
            [
                1.0815942059854787e-11,
                3.331544696968591e-11,
                8.423464145869851e-12,
                5.043472050194938e-07,
                0.9999994956002402
            ]
        ],
        [
            [
                0.9999999998837177,
                1.1628233024702078e-10,
                0.0,
                0.0,
                0.0
            ],
            [
                2.924730159231615e-11,
                1.6830660000908918e-10,
                7.016062920501177e-11,
                0.005220125695920357,
                0.9947798740363651
            ],
            [
                2.8823509343441493e-13,
                1.4930947491850478e-10,
                0.9999998553509067,
                1.4449803167451206e-07,
                1.4637785856807122e-12
            ],
            [
                2.129785328777742e-12,
                1.2256068352302139e-11,
                2.7346984942392787e-12,
                2.3823698440408645e-07,
                0.999999761745895
            ],
            [
                2.0206838570008287e-11,
                2.0206838570008287e-11,
                3.5114220229768935e-12,
                2.510999091099699e-08,
                0.9999999748460839
            ]
        ],
        [
            [
                0.9999999715455128,
                2.8453347239901308e-08,
                1.1399918189915492e-12,
                0.0,
                0.0
            ],
            [
                1.0650704893821857e-09,
                6.129057488333459e-09,
                4.773314771403755e-09,
                0.8519527879872774,
                0.14804720004527985
            ],
            [
                6.020771608460978e-08,
                1.0672073029842562e-06,
                0.00020337371340150827,
                0.9995343618544857,
                0.00026113701709370497
            ],
            [
                2.2897347500004133e-11,
                2.9400776164736824e-11,
                3.5114219666999396e-12,
                4.139937545854697e-08,
                0.9999999585448149
            ],
            [
                2.2897348369221327e-11,
                2.5946094883915366e-11,
                4.508755225117392e-12,
                3.3982678065483677e-09,
                0.9999999965483799
            ]
        ],
        [
            [
                0.9999999994788586,
                5.211412483055341e-10,
                0.0,
                0.0,
                0.0
            ],
            [
                1.0815859601038652e-11,
                6.22409746034393e-11,
                1.2255974575504928e-11,
                7.889265046972019e-06,
                0.9999921106496402
            ],
            [
                1.4878419128821205e-09,
                3.212840862856175e-07,
                0.5621762525186247,
                0.43782330651563717,
                1.1819381012003042e-07
            ],
            [
                8.42346340109801e-12,
                1.7832472160060744e-11,
                3.97896236891677e-12,
                4.1399375451116674e-08,
                0.9999999585703896
            ],
            [
                1.1628234490896279e-10,
                6.224145404750936e-11,
                8.423464812578293e-12,
                3.0590235892760943e-07,
                0.9999996939106939
            ]
        ],
        [
            [
                0.9999999999769666,
                2.289734844772287e-11,
                0.0,
                0.0,
                1.361526107570391e-13
            ],
            [
                5.209166847348886e-10,
                1.1856009097033798e-08,
                1.8545918592048593e-07,
                0.999569245233819,
                0.0004305569300692234
            ],
            [
                1.4637702218106945e-12,
                2.789452290513252e-10,
                0.9999952146108553,
                4.785094847826397e-06,
                1.3887865189667796e-11
            ],
            [
                8.423463730706826e-12,
                1.38879438257874e-11,
                3.09881912998034e-12,
                2.3355930322108427e-09,
                0.9999999976389968
            ],
            [
                1.3887943710767915e-11,
                2.5946094694688414e-11,
                5.109088971337747e-12,
                1.0467401678526402e-08,
                0.9999999894876551
            ]
        ],
        [
            [
                0.9999999998308102,
                1.6918979218564414e-10,
                0.0,
                0.0,
                0.0
            ],
            [
                1.1361053865241778e-10,
                9.512493937076143e-10,
                5.769619223167219e-10,
                0.022977367764058537,
                0.9770226305941195
            ],
            [
                2.5723518725905204e-11,
                5.5547333490516616e-09,
                0.991422506997841,
                0.008577485618344278,
                1.803357887287331e-09
            ],
            [
                2.734687948525305e-12,
                3.33153194173181e-11,
                8.42343189558073e-12,
                2.902312199469446e-06,
                0.9999970976433271
            ],
            [
                1.6586783327558011e-12,
                1.3887943645942167e-11,
                3.978962473086428e-12,
                1.5229979504526e-08,
                0.9999999847504948
            ]
        ],
        [
            [
                0.9999999995400946,
                4.5990553744220555e-10,
                0.0,
                0.0,
                0.0
            ],
            [
                2.2840730110822143e-11,
                2.1670681360104048e-10,
                3.765799757203336e-11,
                0.0024726229628509845,
                0.9975273767599434
            ],
            [
                2.2447773404792282e-13,
                4.847369322688445e-11,
                0.9999998144114505,
                1.8553915985577962e-07,
                6.914400986213527e-13
            ],
            [
                6.224144463824962e-11,
                6.224144463824962e-11,
                8.42346353917346e-12,
                2.5109990915653913e-08,
                0.9999999747571027
            ],
            [
                6.560200999853566e-12,
                2.5946098272201136e-11,
                5.10908967579177e-12,
                1.8553915978418194e-07,
                0.9999998144232248
            ]
        ],
        [
            [
                0.9999999998973812,
                1.0261879626966186e-10,
                0.0,
                0.0,
                0.0
            ],
            [
                5.109021121889794e-12,
                3.331500261778937e-11,
                1.08157977999152e-11,
                1.3007124770837987e-05,
                0.9999869928259892
            ],
            [
                6.431393919273096e-14,
                1.2256067401833972e-11,
                0.9999999965892137,
                3.3982678077760166e-09,
                1.9810087912173962e-13
            ],
            [
                2.594609827212054e-11,
                5.4927890473113275e-11,
                1.3887945625629346e-11,
                1.855391597836056e-07,
                0.9999998143660783
            ],
            [
                2.734698278175964e-12,
                1.5737102029659666e-11,
                2.734698278175964e-12,
                4.363462231537384e-09,
                0.9999999956153311
            ]
        ],
        [
            [
                0.999999999782756,
                2.1724399336070393e-10,
                0.0,
                0.0,
                0.0
            ],
            [
                7.808330518957903e-11,
                1.0779067791828615e-09,
                3.9653974356070037e-10,
                0.022977367764463724,
                0.9770226306830064
            ],
            [
                1.2684668383189827e-10,
                2.739125670968495e-08,
                0.9626730871248346,
                0.03732688280927824,
                2.547783751689505e-09
            ],
            [
                2.413362642056042e-12,
                1.783247194921559e-11,
                5.7893560174114014e-12,
                5.3157849685711784e-08,
                0.9999999468161151
            ],
            [
                3.978962523160181e-12,
                1.0815941522825874e-11,
                3.5114221021890462e-12,
                2.6465736304770774e-09,
                0.9999999973351201
            ]
        ],
        [
            [
                0.9999999994094697,
                5.905303984711174e-10,
                0.0,
                0.0,
                0.0
            ],
            [
                3.5114223835693037e-12,
                3.3315447985181955e-11,
                6.56020067294037e-12,
                8.315279900797992e-07,
                0.9999991684286229
            ],
            [
                1.3172091980331457e-10,
                2.3348091691827864e-09,
                3.926545279481736e-07,
                0.9996642548387021,
                0.0003353500402397073
            ],
            [
                4.847368503278505e-11,
                6.224144362261215e-11,
                8.423463401721877e-12,
                4.1399375454182834e-08,
                0.999999958481486
            ],
            [
                6.5601999998097875e-12,
                2.020683857168617e-11,
                3.5114220232684666e-12,
                2.510999091308201e-08,
                0.9999999748597306
            ]
        ],
        [
            [
                0.9999999993308415,
                6.691586084096362e-10,
                0.0,
                0.0,
                0.0
            ],
            [
                1.8262471850376717e-10,
                2.2248245302473153e-09,
                1.963400756737483e-09,
                0.9525741204634471,
                0.04742587516570296
            ],
            [
                1.7717383542726752e-10,
                2.3205193066199298e-08,
                0.9241417633618058,
                0.07585817949247059,
                3.376335668587779e-08
            ],
            [
                3.0988191004789543e-12,
                1.3887943693571363e-11,
                3.0988191004789543e-12,
                1.1861120004964428e-08,
                0.9999999881187943
            ],
            [
                2.2897350144809846e-11,
                4.847369063694867e-11,
                1.3887944889002678e-11,
                2.3823698431677525e-07,
                0.9999997616777567
            ]
        ],
        [
            [
