{
    "[['A', 'B', 'C', 'D', 'E'], ['A', 'B', 'C', 'D', 'E']]": [
        [
            [
                0.9999999999934397,
                6.5602001660361284e-12,
                0.0,
                0.0,
                0.0
            ],
            [
                0.9999999998837177,
                1.1628233026001988e-10,
                0.0,
                0.0,
                0.0
            ],
            [
                3.2661004442512734e-13,
                1.4930805510947045e-10,
                0.9999898698595263,
                1.0129988104335347e-05,
                2.734672420564283e-12
            ],
            [
                2.289717495092466e-11,
                7.991899333573158e-11,
                3.3315192972606316e-11,
                7.889265045540572e-06,
                0.9999921105988231
            ],
            [
                2.4616969399029193e-10,
                6.224144592788353e-11,
                1.0815941504945972e-11,
                3.850741904133386e-09,
                0.999999995830031
            ]
        ],
        [
            [
                0.9999999999842628,
                1.5737102102733767e-11,
                0.0,
                0.0,
                0.0
            ],
            [
                0.9999999999515263,
                4.8473687051043794e-11,
                0.0,
                0.0,
                0.0
            ],
            [
                7.287724075673507e-14,
                7.991959870860958e-11,
                0.9999999972733513,
                2.6465736315929287e-09,
                8.258073262727302e-14
            ],
            [
                6.101936624644864e-13,
                4.5087552031620444e-12,
                1.0060392705516133e-12,
                8.15202064371644e-09,
                0.9999999918418544
            ],
            [
                1.0677030695885638e-06,
                4.599046941755341e-10,
                2.2897306451618874e-11,
                5.602786159292622e-09,
                0.9999989262113422
            ]
        ],
        [
            [
                0.9999999999925664,
                7.433680669277715e-12,
                0.0,
                0.0,
                0.0
            ],
            [
                0.9999999804441212,
                1.9555680701173613e-08,
                1.9810087588782494e-13,
                0.0,
                0.0
            ],
            [
                5.384940480897417e-13,
                1.9171716074438449e-10,
                0.9999998553088247,
                1.4449803167204257e-07,
                8.878265912309747e-13
            ],
            [
                2.7346985116348636e-12,
                1.5737103373122873e-11,
                5.1090894391577496e-12,
                1.125351837742164e-07,
                0.9999998874412352
            ],
            [
                6.224144575601365e-11,
                2.2897348282424946e-11,
                5.109088989231853e-12,
                7.194132975646599e-09,
                0.9999999927156191
            ]
        ],
        [
            [
                0.9999999999925664,
                7.43368067022218e-12,
                0.0,
                0.0,
                0.0
            ],
            [
                0.9999999991407833,
                8.59216660992498e-10,
                0.0,
                0.0,
                0.0
            ],
            [
                1.6586784803196679e-12,
                1.2501529578905315e-09,
                0.9999997605095455,
                2.3823698418771742e-07,
                1.6586784803196679e-12
            ],
            [
                1.0060392464289139e-12,
                6.560199953916159e-12,
                1.8795287551589775e-12,
                3.2241866319638956e-08,
                0.9999999677486878
            ],
            [
                2.734698253374906e-12,
                8.423463636752096e-12,
                2.12978514119238e-12,
                1.3440409763307456e-08,
                0.9999999865463023
            ]
        ],
        [
            [
                0.9999999999972653,
                2.734698290910718e-12,
                0.0,
                0.0,
                0.0
            ],
            [
                0.999999999986112,
                1.3887943861349927e-11,
                0.0,
                0.0,
                0.0
            ],
            [
                1.0603575977499644e-13,
                4.277787863311231e-11,
                0.9999999987068089,
                1.2501528647333005e-09,
                1.5428112011513782e-13
            ],
            [
                4.193788085666516e-13,
                5.109079802610251e-12,
                1.1399897945675335e-12,
                1.7603431335088199e-06,
                0.9999982396501981
            ],
            [
                6.560200140454827e-12,
                5.789356304286413e-12,
                1.0060392750355451e-12,
                3.850741906508736e-09,
                0.9999999961359025
            ]
        ],
        [
            [
                0.9999999999975866,
                2.4133627708469965e-12,
                0.0,
                0.0,
                0.0
            ],
            [
                0.999999999990455,
                9.5450349193283e-12,
                0.0,
                0.0,
                0.0
            ],
            [
                8.258073276825181e-14,
                4.8473687011454394e-11,
                0.9999999990920727,
                8.592166610090156e-10,
                1.542811201560771e-13
            ],
            [
                6.560200086318485e-12,
                1.3887943691718703e-11,
                2.4133627417276915e-12,
                1.1861120003382148e-08,
                0.9999999881160185
            ],
            [
                5.109089022743027e-12,
                7.4336806646112e-12,
                1.463778512601618e-12,
                6.691586084324566e-10,
                0.9999999993168349
            ]
        ],
        [
            [
                0.9999999999985363,
                1.4637785137150774e-12,
                0.0,
                0.0,
                0.0
            ],
            [
                0.9999999586006245,
                4.1399375454896274e-08,
                0.0,
                0.0,
                0.0
            ],
            [
                1.8795145633975444e-12,
                6.34875197081395e-09,
                0.9999921043792598,
                7.889264999618745e-06,
                5.109050284007681e-12
            ],
            [
                2.734693440565361e-12,
                1.5737074191132743e-11,
                3.97895547763531e-12,
                1.3709566544672263e-06,
                0.9999986290208949
            ],
            [
                6.560200162012865e-12,
                8.423463746583558e-12,
                1.2917800035767786e-12,
                4.599055374347204e-10,
                0.9999999995238191
            ]
        ],
        [
            [
                0.9999999999975866,
                2.4133627710639403e-12,
                0.0,
                0.0,
                0.0
            ],
            [
                0.999999992805867,
                7.194132974319649e-09,
                0.0,
                0.0,
                0.0
            ],
            [
                5.1084558499919134e-12,
                2.060898180173142e-09,
                0.9998766032263785,
                0.00012339462770508347,
                7.990969435805109e-11
            ],
            [
                8.878265433706437e-13,
                5.789356299547885e-12,
                1.4637785067473502e-12,
                4.363462230948528e-09,
                0.9999999956283967
            ],
            [
                2.594609494422258e-11,
                2.2897348422442257e-11,
                3.0988191341186297e-12,
                9.736200298546752e-10,
                0.9999999989744377
            ]
        ],
        [
            [
                0.9999999999842628,
                1.5737102102733767e-11,
                0.0,
                0.0,
                0.0
            ],
            [
                0.9999999994094697,
                5.90530399380801e-10,
                0.0,
                0.0,
                0.0
            ],
            [
                5.0087746325763045e-14,
                2.940077736192702e-11,
                0.9999999989968789,
                9.736200302771027e-10,
                5.0087746325763045e-14
            ],
            [
                5.492788051946595e-11,
                1.0261879073081238e-10,
                1.7832471937409253e-11,
                5.31578496505176e-08,
                0.9999999466667713
            ],
            [
                2.7346982812918236e-12,
                5.789356306925444e-12,
                1.463778508612689e-12,
                3.3982678066957316e-09,
                0.9999999965917443
            ]
        ],
        [
            [
                0.9999999999983413,
                1.6586783583168414e-12,
                0.0,
                0.0,
                0.0
            ],
            [
                0.9999999956365377,
                4.363462232685467e-09,
                0.0,
                0.0,
                0.0
            ],
            [
                1.7482341119703403e-13,
                4.8473686610728866e-11,
                0.9999999907136475,
                9.237449575839654e-09,
                2.54366562365952e-13
            ],
            [
                8.878265106202212e-13,
                5.7893560859883045e-12,
                1.879528737732181e-12,
                4.139937545201414e-08,
                0.9999999585920678
            ],
            [
                1.3007125406720816e-05,
                9.237327336316348e-09,
                2.789431153722088e-10,
                6.023494071539966e-08,
                0.9999869231233821
            ]
        ],
        [
            [
                0.9999999999964886,
                3.511422112383986e-12,
                0.0,
                0.0,
                0.0
            ],
            [
                0.9999999998082829,
                1.9171715130227726e-10,
                0.0,
                0.0,
                0.0
            ],
            [
                5.786861402228563e-12,
                1.6045362812146604e-09,
                0.9995694410543898,
                0.0004305571181366256,
                2.171503720816073e-10
            ],
            [
                2.882351159257394e-13,
                3.0988195320078714e-12,
                7.835042779447239e-13,
                1.855391598092623e-07,
                0.9999998144566696
            ],
            [
                2.7346982883517087e-12,
                5.78935632187122e-12,
                1.0060392780913264e-12,
                8.59216660899381e-10,
                0.9999999991312531
            ]
        ],
        [
            [
                0.9999999999978701,
                2.1297851702775075e-12,
                0.0,
                0.0,
                0.0
            ],
            [
                0.999999999986112,
                1.3887943861746595e-11,
                0.0,
                0.0,
                0.0
            ],
            [
                1.0603576406357252e-13,
                6.224144866408947e-11,
                0.9999996071505912,
                3.92786369914703e-07,
                6.914400377445563e-13
            ],
            [
                4.058652067664204e-10,
                4.2777878069821446e-11,
                1.0815941400558383e-11,
                1.3440409756378117e-08,
                0.9999999861001312
            ],
            [
                9.545034914681359e-12,
                7.433680665997743e-12,
                6.101936672389278e-13,
                5.211412483433729e-10,
                0.9999999994612698
            ]
        ],
        [
            [
                0.9999999999972653,
                2.7346982907193767e-12,
                0.0,
                0.0,
                0.0
            ],
            [
                0.9999999970010391,
                2.9989608151245244e-09,
                0.0,
                0.0,
                0.0
            ],
            [
                3.2661312599891954e-13,
                1.4930946383463812e-10,
                0.9999999747400028,
                2.5109990920887525e-08,
                3.701011584769961e-13
            ],
            [
                2.129777137073975e-12,
                1.3887891477473907e-11,
                5.1090697557827365e-12,
                3.726639114561726e-06,
                0.9999962733397587
            ],
            [
                7.582560386392607e-10,
                3.331544523924105e-11,
                4.508755217606547e-12,
                4.363462229050994e-09,
                0.9999999948404574
            ]
        ],
        [
            [
                0.9999999999987081,
                1.2917800043211024e-12,
                0.0,
                0.0,
                0.0
            ],
            [
                0.9999999999771028,
                2.2897348449540568e-11,
                0.0,
                0.0,
                0.0
            ],
            [
                8.878265328174174e-13,
                1.6052280280133586e-09,
                0.9999999831632133,
                1.522997948690947e-08,
                6.91439998989775e-13
            ],
            [
                3.5114222766379284e-12,
                1.5737102838549806e-11,
                4.508755451926633e-12,
                5.043472050340178e-07,
                0.9999994956290377
            ],
            [
                3.978962520663933e-12,
                3.978962520663933e-12,
                1.2917799998599445e-12,
                3.3982678065361755e-09,
                0.9999999965924824
            ]
        ],
        [
            [
                0.9999999999983413,
                1.6586783583867136e-12,
                0.0,
                0.0,
                0.0
            ],
            [
                0.9999994956521038,
                5.043472047927405e-07,
                6.914400425113176e-13,
                0.0,
                0.0
            ],
            [
                2.5436609975008066e-13,
                1.4930919467876284e-10,
                0.9999989321460682,
                1.0677030764891508e-06,
                1.2917776433840572e-12
            ],
            [
                6.914400080224001e-13,
                3.978962520463127e-12,
                1.0060392753961323e-12,
                3.3982678063646753e-09,
                0.9999999965960558
            ],
            [
                6.5602000660341444e-12,
                1.081594138891888e-11,
                3.098819090483926e-12,
                1.5229979507634503e-08,
                0.9999999847495455
            ]
        ],
        [
            [
                0.99999999999886,
                1.1399918527621985e-12,
                0.0,
                0.0,
                0.0
            ],
            [
                0.999999999782756,
                2.172439933919955e-10,
                0.0,
                0.0,
                0.0
            ],
            [
                1.1399918460605636e-12,
                5.602796403213546e-09,
                0.9999999939360646,
                4.59905535047769e-10,
                9.357622911513721e-14
            ],
            [
                1.2256067042824755e-11,
                2.289734770677564e-11,
                3.978962405562409e-12,
                3.224186631693945e-08,
                0.9999999677190015
            ],
            [
                2.940077736817593e-11,
                8.42346374740092e-12,
                1.1399918520878426e-12,
                5.211412483515891e-10,
                0.9999999994398945
            ]
        ],
        [
            [
                0.9999999999666846,
                3.3315445411245135e-11,
                0.0,
                0.0,
                0.0
            ],
            [
                0.9999999999969011,
                3.0988191378472032e-12,
                0.0,
                0.0,
                0.0
            ],
            [
                9.357622857133257e-14,
                3.331544502395995e-11,
                0.9999999881052465,
                1.1861120009751337e-08,
                2.244777028223878e-13
            ],
            [
                5.109089669853728e-12,
                2.9400781086093496e-11,
                5.789357055974455e-12,
                3.0590235892847536e-07,
                0.9999996940573419
            ],
            [
                3.581747919175175e-10,
                4.277787855702377e-11,
                6.560200147808756e-12,
                2.3355930315560072e-09,
                0.999999997256894
            ]
        ],
        [
            [
                0.999999999996021,
                3.97896253439535e-12,
                0.0,
                0.0,
                0.0
            ],
            [
                0.9999999998837177,
                1.1628233025191235e-10,
                0.0,
                0.0,
                0.0
            ],
            [
                1.2015425723360217e-13,
                7.991959887359047e-11,
                0.9999999993293365,
                5.905303994809947e-10,
                9.357622962289238e-14
            ],
            [
                7.194132922574734e-09,
                2.1724399025411405e-10,
                1.3887943656956334e-11,
                7.194132922574734e-09,
                0.9999999853806023
            ],
            [
                1.0815941534720909e-11,
                8.423463736895174e-12,
                1.8795288126179115e-12,
                1.6052280518367006e-09,
                0.9999999983736529
            ]
        ],
        [
            [
                0.9999999999771028,
                2.2897348451532955e-11,
                0.0,
                0.0,
                0.0
            ],
            [
                0.9999999999821676,
                1.7832472902189335e-11,
                0.0,
                0.0,
                0.0
            ],
            [
                2.4133627542380434e-12,
                5.602796396688805e-09,
                0.999999992789192,
                1.6052280434823313e-09,
                3.7010116516096044e-13
            ],
            [
                7.43368060719616e-12,
                1.2256067336675354e-11,
                2.7346982676223114e-12,
                8.152020643017907e-09,
                0.999999991825555
            ],
            [
                1.9171715116630438e-10,
                1.3887943849785948e-11,
                8.878265468756642e-13,
                6.691586083979576e-10,
                0.9999999991243484
            ]
        ],
        [
            [
                0.9999999999978701,
                2.1297851702775075e-12,
                0.0,
                0.0,
                0.0
            ],
            [
                0.9999999999666846,
                3.331544541330429e-11,
                0.0,
                0.0,
                0.0
            ],
            [
                7.287723793461511e-14,
                5.4927881230660486e-11,
                0.9999999585446177,
                4.1399375470245425e-08,
                1.0060392375440575e-12
            ],
            [
                4.94445099729653e-09,
                2.1724401527240825e-10,
                3.33154487593593e-11,
                8.764249097486498e-08,
                0.9999999071624985
            ],
            [
                1.291779984505833e-12,
                7.433680555647907e-12,
                7.835041662058981e-13,
                1.5229979505611176e-08,
                0.9999999847605114
            ]
        ],
        [
            [
                0.9999999999983413,
                1.6586783584484684e-12,
                0.0,
                0.0,
                0.0
            ],
            [
                0.9999999999740539,
                2.5946094973876246e-11,
                0.0,
                0.0,
                0.0
            ],
            [
                3.7009624873136416e-13,
                2.461664232647719e-10,
                0.999986992625182,
                1.3007124770093211e-05,
                3.511375441990422e-12
            ],
            [
                3.978962516802442e-12,
                8.42346371417198e-12,
                2.129785160767192e-12,
                4.363462232069511e-09,
                0.9999999956220056
            ],
            [
                7.194133875568736e-09,
                1.9171717390080357e-10,
                2.0206841464336793e-11,
                6.825604178279434e-08,
                0.9999999243379003
            ]
        ],
        [
            [
                0.9999999999972653,
                2.7346982908208647e-12,
                0.0,
                0.0,
                0.0
            ],
            [
                0.9999999998973812,
                1.026187962841875e-10,
                0.0,
                0.0,
                0.0
            ],
            [
                4.4202281024869764e-14,
                2.5946094975989702e-11,
                0.9999999997567155,
                2.1724399345117562e-10,
                5.00877463653563e-14
            ],
            [
                1.5737103317092214e-11,
                2.2897350217328793e-11,
                6.560200672652415e-12,
                8.315279900432999e-07,
                0.9999991684268154
            ],
            [
                2.0206839066649126e-11,
                7.43368066368015e-12,
                7.835041775924127e-13,
                8.592166609150595e-10,
                0.9999999991123594
            ]
        ],
        [
            [
                0.999999999996021,
                3.978962534841293e-12,
                0.0,
                0.0,
                0.0
            ],
            [
                0.9999999988967441,
                1.1032560304743499e-09,
                0.0,
                0.0,
                0.0
            ],
            [
                2.0879678707477353e-14,
                8.42346358947354e-12,
                0.9999999804353364,
                1.9555680704802405e-08,
                5.384940112276192e-13
            ],
            [
                9.545034803656442e-12,
                2.020683883790925e-11,
                5.109088964268628e-12,
                1.186112000323982e-08,
                0.999999988104019
            ],
            [
                1.783247268672563e-11,
                1.388794369252136e-11,
                2.7346982576359016e-12,
                1.1861120004067665e-08,
                0.9999999881044249
            ]
        ],
        [
            [
                0.9999999999975866,
                2.4133627710640126e-12,
                0.0,
                0.0,
                0.0
            ],
            [
                0.999999998394772,
                1.6052280522134156e-09,
                0.0,
                0.0,
                0.0
            ],
            [
                1.361526104066056e-13,
                2.789468084625456e-10,
                0.9999999970741891,
                2.646573631087932e-09,
                1.5428111986325542e-13
            ],
            [
                7.991594785180747e-11,
                2.7893406577344396e-10,
                6.22386027668812e-11,
                4.5397855694611596e-05,
                0.9999546017232167
            ],
            [
                9.545034901617683e-12,
                1.5737102071872182e-11,
                2.4133627664672133e-12,
                1.605228051616461e-09,
                0.9999999983670764
            ]
        ],
        [
            [
                0.9999999999572222,
                4.277787867855283e-11,
                0.0,
                0.0,
                0.0
            ],
            [
                0.9999999999622486,
                3.775134543315059e-11,
                0.0,
                0.0,
                0.0
            ],
            [
                4.1937882181893065e-13,
                5.211403242349778e-10,
                0.9999986285166771,
                1.37095665417297e-06,
                5.109079964056061e-12
            ],
            [
                7.83504214702204e-13,
                7.433681015768046e-12,
                1.6586784355406665e-12,
                5.04347204884175e-07,
                0.9999994956429192
            ],
            [
                3.5114221098859812e-12,
                4.508755237812895e-12,
                7.835041777275963e-13,
                6.691586084641008e-10,
                0.9999999993220376
            ]
        ],
        [
            [
                0.9999999999954912,
                4.508755240848439e-12,
                0.0,
                0.0,
                0.0
            ],
            [
                0.9999999999771028,
                2.2897348447722512e-11,
                0.0,
                0.0,
                0.0
            ],
            [
                2.2447770497174373e-13,
                2.46169694599935e-10,
                0.999999997692316,
                2.0611536175688517e-09,
                1.361526104872896e-13
            ],
            [
                4.508738234977848e-12,
                3.3315319753644877e-11,
                7.433652632026928e-12,
                3.7266391149013886e-06,
                0.9999962733156273
            ],
            [
                1.3887943786596413e-11,
                1.2256067374940311e-11,
                3.0988191212356487e-12,
                4.944450474037843e-09,
                0.9999999950263068
            ]
        ],
        [
            [
                0.9999999999942106,
                5.789356327268853e-12,
                0.0,
                0.0,
                0.0
            ],
            [
                0.9999999999515263,
                4.84736870498171e-11,
                0.0,
                0.0,
                0.0
            ],
            [
                3.442477093330172e-14,
                8.423463717422767e-12,
                0.999999995628007,
                4.363462233753461e-09,
                7.287724063768725e-14
            ],
            [
                1.2917801007520276e-12,
                7.433681224598569e-12,
                1.879528956168835e-12,
                2.3823698444874978e-07,
                0.9999997617524106
            ],
            [
                5.492788325056442e-11,
                1.5737102032663197e-11,
                1.8795288076771924e-12,
                4.36346223237018e-09,
                0.9999999955639933
            ]
        ],
        [
            [
                0.9999999999991123,
                8.878265474844179e-13,
                0.0,
                0.0,
                0.0
            ],
            [
                0.9999999999771028,
                2.2897348449540985e-11,
                0.0,
                0.0,
                0.0
            ],
            [
                5.384940194986717e-13,
                7.582560395853134e-10,
                0.9999999958425674,
                3.3982678051273264e-09,
                3.701011662944938e-13
            ],
            [
                2.7535689752272242e-05,
                6.82540858172547e-08,
                1.917116799961511e-10,
                5.3156335482300825e-08,
                0.9999723427081147
            ],
            [
                1.0815941545446343e-11,
                6.56020016097285e-12,
                7.835041776487993e-13,
                8.592166609768949e-10,
                0.9999999991226236
            ]
        ],
        [
            [
                0.999999999996021,
                3.978962535058031e-12,
                0.0,
                0.0,
                0.0
            ],
            [
                0.9999999979388463,
                2.0611536176147884e-09,
                0.0,
                0.0,
                0.0
            ],
            [
                6.914387462178143e-13,
                2.789462991607823e-10,
                0.9999977393932094,
                2.2603252733863697e-06,
                1.87952537933639e-12
            ],
            [
                1.4637786266686063e-12,
                1.0815942388869999e-11,
                3.098819376974718e-12,
                8.315279900284369e-07,
                0.9999991684566314
            ],
            [
                1.3887945626379261e-11,
                2.2897351360538304e-11,
                3.978963040491155e-12,
                1.855391597936243e-07,
                0.9999998144200759
            ]
        ],
        [
            [
                0.999999999990455,
                9.545034920080364e-12,
                0.0,
                0.0,
                0.0
            ],
            [
                0.9999999999572222,
                4.2777878675921464e-11,
                0.0,
                0.0,
                0.0
            ],
            [
                1.0603575977205358e-13,
                6.22414461450304e-11,
                0.9999999986874062,
                1.2501528646986047e-09,
                9.357622956204154e-14
            ],
            [
                8.423463738150818e-12,
                6.560200155445441e-12,
                8.878265461260793e-13,
                1.605228052075984e-09,
                0.9999999983789005
            ],
            [
                1.291780003125792e-12,
                3.511422108863609e-12,
                1.0060392779903486e-12,
                7.58256041816675e-10,
                0.9999999992359347
            ]
        ],
        [
            [
                0.9999999999983413,
                1.6586783583167693e-12,
                0.0,
                0.0,
                0.0
            ],
            [
                0.9999999995400946,
                4.599055375403712e-10,
                0.0,
                0.0,
                0.0
            ],
            [
                2.8823455896245587e-13,
                1.162821203651342e-10,
                0.9999982395386371,
                1.760343134012459e-06,
                1.65867536432268e-12
            ],
            [
                4.2777877593154295e-11,
                1.7832472451042308e-11,
                2.7346982214926935e-12,
                2.5109990913789346e-08,
                0.9999999748266641
            ],
            [
                3.978962528074994e-12,
                7.433680657850404e-12,
                1.6586783556784459e-12,
                1.4166087838796453e-09,
                0.9999999985703198
            ]
        ],
        [
            [
                0.9999999999975866,
                2.4133627709623696e-12,
                0.0,
                0.0,
                0.0
            ],
            [
                0.9999999995941349,
                4.058652123543834e-10,
                0.0,
                0.0,
                0.0
            ],
            [
                1.1399245314248655e-12,
                2.461551577596221e-10,
                0.9999417084380887,
                5.8291276867049206e-05,
                3.774911605693498e-11
            ],
            [
                1.2255904544043577e-11,
                4.2777310112627075e-11,
                1.3887759275017665e-11,
                1.3007124769125146e-05,
                0.9999869928063099
            ],
            [
                2.413362760171406e-12,
                5.109089003375277e-12,
                1.29177999854388e-12,
                4.363462231858658e-09,
                0.9999999956277235
            ]
        ],
        [
            [
                0.999999999996021,
                3.978962534841365e-12,
                0.0,
                0.0,
                0.0
            ],
            [
                0.9999999999377585,
                6.22414462116592e-11,
                0.0,
                0.0,
                0.0
            ],
            [
                1.2917799967028138e-12,
                5.905303961992199e-10,
                0.999999993804843,
                5.6027964024783376e-09,
                5.384940184058318e-13
            ],
            [
                1.2256067392259424e-11,
                7.433680640909604e-12,
                1.1399918482224789e-12,
                3.850741906479954e-09,
                0.9999999961284283
            ],
            [
                8.423463741133234e-12,
                8.423463741133234e-12,
                2.129785167584065e-12,
                9.736200297595923e-10,
                0.9999999990074033
            ]
        ],
        [
            [
                0.9999999999841802,
                1.5737102100975168e-11,
                0.0,
                0.0,
                8.258073282466322e-14
            ],
            [
                0.9999999999515263,
                4.847368704839977e-11,
                0.0,
                0.0,
                0.0
            ],
            [
                8.258073256815682e-14,
                4.847368689400154e-11,
                0.9999999965530557,
                3.3982678076682168e-09,
                1.2015425689954984e-13
            ],
            [
                1.9171717562524139e-10,
                7.052880743198107e-11,
                8.423464819913373e-12,
                1.8553915972957965e-07,
                0.9999998141901708
            ],
            [
                3.978962527292011e-12,
                7.4336806563876e-12,
                1.1399918505961061e-12,
                1.8189616836466395e-09,
                0.9999999981684857
            ]
        ],
        [
            [
                0.999999999979793,
                2.020683908341438e-11,
                0.0,
                0.0,
                0.0
            ],
            [
                0.9999999999915765,
                8.423463751733245e-12,
                0.0,
                0.0,
                0.0
            ],
            [
                5.384940173387111e-13,
                9.736200232792284e-10,
                0.999999991831454,
                7.194132971052384e-09,
                2.5436656264194714e-13
            ],
            [
                2.4594535997984473e-10,
                1.4153178266912071e-09,
                3.5784838723585705e-10,
                0.0009110514026409805,
                0.9990889465782473
            ],
            [
                5.109089025884267e-12,
                9.545034918769612e-12,
                1.1399918525581418e-12,
                1.31765142644756e-10,
                0.9999999998524407
            ]
        ],
        [
            [
                0.9999999999981204,
                1.8795288158619285e-12,
                0.0,
                0.0,
                0.0
            ],
            [
                0.7772998543494939,
                0.22270014402247448,
                1.6021355911363702e-09,
                2.5896109956840655e-11,
                0.0
            ],
            [
                2.543665766073243e-13,
                1.3176514884957629e-10,
                0.9999994955198875,
                5.043472051193056e-07,
                8.878265892750525e-13
            ],
            [
                2.335592996683562e-09,
                5.492788251907874e-11,
                5.789356224336083e-12,
                1.5229979470083276e-08,
                0.9999999823737103
            ],
            [
                3.331544538829315e-11,
                1.7832472890284192e-11,
                2.4133627694158286e-12,
                6.691586084590042e-10,
                0.9999999992772801
            ]
        ],
        [
            [
                0.9999999999969011,
                3.098819138038601e-12,
                0.0,
                0.0,
                0.0
            ],
            [
                0.9999999996418252,
                3.581747928000139e-10,
                0.0,
                0.0,
                0.0
            ],
            [
                1.9810087155810888e-13,
                1.9171714339479187e-10,
                0.9999999584085113,
                4.1399375464427056e-08,
                1.9810087155810888e-13
            ],
            [
                2.0206838943451537e-11,
                2.940077717929471e-11,
                5.789356286680161e-12,
                6.348800069929718e-09,
                0.9999999935958028
            ],
            [
                6.560200118769968e-12,
                9.545034850987609e-12,
                1.4637785031068916e-12,
                7.19413297616946e-09,
                0.9999999927882979
            ]
        ],
        [
            [
                0.9999999999992164,
                7.835041782249376e-13,
                0.0,
                0.0,
                0.0
            ],
            [
                0.9999999999842628,
                1.5737102102738494e-11,
                0.0,
                0.0,
                0.0
            ],
            [
                2.5436656383421713e-13,
                6.224144600800475e-11,
                0.9999999965386979,
                3.39826780742489e-09,
                5.384940198627467e-13
            ],
            [
                1.0060393182204275e-12,
                6.560200422055634e-12,
                1.4637785707790704e-12,
                3.9278636975025956e-07,
                0.9999996072046002
            ],
            [
                5.49278833185285e-11,
                1.573710205213523e-11,
                2.1297851635492002e-12,
                2.9989608144280594e-09,
                0.9999999969282445
            ]
        ],
        [
            [
                0.999999999989184,
                1.0815941553286234e-11,
                0.0,
                0.0,
                0.0
            ],
            [
                0.999999999979793,
                2.0206839084173687e-11,
                0.0,
                0.0,
                0.0
            ],
            [
                3.442477108112007e-14,
                1.573710210522646e-11,
                0.99999999992196,
                6.224144622260558e-11,
                2.681003867503016e-14
            ],
            [
                2.7346981768989726e-12,
                1.3887943282505405e-11,
                2.7346981768989726e-12,
                4.1399375451567005e-08,
                0.9999999585812673
            ],
            [
                2.5946094830728173e-11,
                1.2256067372282528e-11,
                1.4637785055485969e-12,
                5.602796404706526e-09,
                0.9999999943575377
            ]
        ],
        [
            [
                0.9999999999985363,
                1.463778513660711e-12,
                0.0,
                0.0,
                0.0
            ],
            [
