{
    "[['A', 'B', 'C', 'D', 'E'], ['A', 'B', 'C', 'D', 'E']]": [
        [
            [
                0.9999999999771028,
                2.2897348449534497e-11,
                0.0,
                0.0,
                0.0
            ],
            [
                0.9999999990263799,
                9.736200300812621e-10,
                0.0,
                0.0,
                0.0
            ],
            [
                6.914400094624304e-13,
                7.582560414405884e-10,
                0.999999998267278,
                9.736200295667488e-10,
                1.5428112004438391e-13
            ],
            [
                2.594609492146113e-11,
                2.594609492146113e-11,
                3.5114221050799803e-12,
                2.0611536175686147e-09,
                0.9999999978834428
            ],
            [
                5.384940208781277e-13,
                2.4133627678119024e-12,
                5.384940208781277e-13,
                1.416608784282745e-09,
                0.9999999985799009
            ]
        ],
        [
            [
                0.9999999999972653,
                2.734698290821019e-12,
                0.0,
                0.0,
                0.0
            ],
            [
                0.9999999970010391,
                2.9989608135884508e-09,
                0.0,
                0.0,
                0.0
            ],
            [
                1.573707388488463e-11,
                1.370956627788005e-06,
                0.9999986094708492,
                1.955564601786093e-08,
                1.1399898086511066e-12
            ],
            [
                2.4133630748980014e-12,
                1.2256068983189469e-11,
                3.978963035506601e-12,
                3.0590235891636623e-07,
                0.9999996940789927
            ],
            [
                6.91440008899262e-13,
                1.0815941529210949e-11,
                1.8795288116604245e-12,
                2.0611536170884587e-09,
                0.9999999979254595
            ]
        ],
        [
            [
                0.9999999999972653,
                2.734698290719449e-12,
                0.0,
                0.0,
                0.0
            ],
            [
                0.9999999943972036,
                5.602796402395166e-09,
                0.0,
                0.0,
                0.0
            ],
            [
                1.7482341258029221e-13,
                7.052879841154994e-11,
                0.9999999986787733,
                1.2501528646217925e-09,
                3.7010116733676306e-13
            ],
            [
                2.734687975196406e-12,
                2.5945997103529674e-11,
                6.560175420407566e-12,
                3.7266391136254893e-06,
                0.9999962733256456
            ],
            [
                1.879528812119755e-12,
                7.433680654873406e-12,
                1.879528812119755e-12,
                1.8189616832761288e-09,
                0.9999999981698455
            ]
        ],
        [
            [
                0.9999999999954912,
                4.508755240848636e-12,
                0.0,
                0.0,
                0.0
            ],
            [
                0.9999999530880355,
                4.6911637986235656e-08,
                3.26613118738125e-13,
                0.0,
                0.0
            ],
            [
                4.8429513267601275e-11,
                1.1243262205510331e-07,
                0.9990888360832438,
                0.0009110509762180874,
                4.594864285664213e-10
            ],
            [
                1.879528787125587e-12,
                9.54503477346657e-12,
                2.1297851376259273e-12,
                1.5229979506372603e-08,
                0.9999999847564662
            ],
            [
                3.0988191196790026e-12,
                1.5737102010155464e-11,
                2.4133627570026482e-12,
                5.602796403107036e-09,
                0.9999999943759543
            ]
        ],
        [
            [
                0.9999999999934397,
                6.560200166279782e-12,
                0.0,
                0.0,
                0.0
            ],
            [
                0.9999999990263799,
                9.736200300811143e-10,
                0.0,
                0.0,
                0.0
            ],
            [
                1.2358433134010828e-08,
                0.007955222275520498,
                0.5577042023913782,
                0.43434047165751233,
                9.131715572208933e-08
            ],
            [
                8.878265367820034e-13,
                7.433680579714765e-12,
                1.8795287931166746e-12,
                1.1861120003532314e-08,
                0.9999999881286789
            ],
            [
                1.6586783506776768e-12,
                8.423463712639972e-12,
                1.6586783506776768e-12,
                4.3634622312759116e-09,
                0.9999999956247969
            ]
        ],
        [
            [
                0.9999999999985363,
                1.4637785138429358e-12,
                0.0,
                0.0,
                0.0
            ],
            [
                0.9999999907625504,
                9.237449571182107e-09,
                0.0,
                0.0,
                0.0
            ],
            [
                1.981008715368053e-13,
                2.4616968490720826e-10,
                0.9999999583537815,
                4.1399375459975004e-08,
                4.752192864429921e-13
            ],
            [
                7.43368059955489e-12,
                2.289734823222407e-11,
                3.978962496871654e-12,
                9.237449571509166e-09,
                0.9999999907282405
            ],
            [
                2.4133627671265634e-12,
                8.423463738040823e-12,
                1.6586783556794009e-12,
                1.4166087838804609e-09,
                0.9999999985708956
            ]
        ],
        [
            [
                0.9999999998973812,
                1.0261879628417464e-10,
                0.0,
                0.0,
                0.0
            ],
            [
                0.9999999997538302,
                2.461696950521674e-10,
                0.0,
                0.0,
                0.0
            ],
            [
                2.365977606719288e-14,
                1.3887943850785544e-11,
                0.9999999990123956,
                9.736200303069685e-10,
                7.287724088379511e-14
            ],
            [
                6.914400064044197e-13,
                7.433680626234636e-12,
                2.4133627568610368e-12,
                5.602796402778274e-09,
                0.9999999943866651
            ],
            [
                7.835041775094783e-13,
                5.109089021562325e-12,
                1.4637785122633413e-12,
                8.592166608241109e-10,
                0.999999999133427
            ]
        ],
        [
            [
                0.999999999986112,
                1.388794385913237e-11,
                0.0,
                0.0,
                0.0
            ],
            [
                0.9999999995941349,
                4.058652123545049e-10,
                0.0,
                0.0,
                0.0
            ],
            [
                6.914399715170033e-13,
                3.3982676269490883e-09,
                0.9999999434425811,
                5.3157849532318286e-08,
                6.101936331869362e-13
            ],
            [
                4.508755178547926e-12,
                1.783247265602251e-11,
                6.560200075402587e-12,
                1.3440409761108193e-08,
                0.9999999865306888
            ],
            [
                4.508755236524098e-12,
                8.423463743687511e-12,
                1.8795288141334865e-12,
                8.592166608177051e-10,
                0.9999999991259716
            ]
        ],
        [
            [
                0.9999999999964886,
                3.511422112105332e-12,
                0.0,
                0.0,
                0.0
            ],
            [
                0.9999999778405108,
                2.2159489267485498e-08,
                0.0,
                0.0,
                0.0
            ],
            [
                4.508755337988377e-12,
                2.3823697180650892e-07,
                0.9999997085993739,
                5.3157853672463296e-08,
                1.2917800322026576e-12
            ],
            [
                1.4637785086145493e-12,
                5.789356306932802e-12,
                1.4637785086145493e-12,
                3.3982678067000507e-09,
                0.9999999965930153
            ],
            [
                1.879528814977254e-12,
                9.545034914909003e-12,
                1.463778512909555e-12,
                4.599055374830646e-10,
                0.9999999995272062
            ]
        ],
        [
            [
                0.999999999987744,
                1.225606743955779e-11,
                0.0,
                0.0,
                0.0
            ],
            [
                0.9999999715466528,
                2.8453347255779894e-08,
                0.0,
                0.0,
                0.0
            ],
            [
                8.878265430259503e-13,
                9.736200260151675e-10,
                0.9999999946615548,
                4.363462229254439e-09,
                4.752193036971468e-13
            ],
            [
                5.789357056638576e-12,
                1.573710408552178e-11,
                5.789357056638576e-12,
                3.0590235896356666e-07,
                0.9999996940703253
            ],
            [
                1.4637784958798039e-12,
                9.545034803861077e-12,
                2.413362741750472e-12,
                1.1861120003494108e-08,
                0.9999999881254579
            ]
        ],
        [
            [
                0.999999999990455,
                9.545034919730306e-12,
                0.0,
                0.0,
                0.0
            ],
            [
                0.9999999970010391,
                2.9989608147889806e-09,
                0.0,
                0.0,
                0.0
            ],
            [
                1.463772992254273e-12,
                5.905281722123921e-10,
                0.9999962727653827,
                3.72663911387229e-06,
                3.511408867095068e-12
            ],
            [
                2.129785436925544e-12,
                1.0815942907991578e-11,
                2.7346986331038045e-12,
                6.825604228723227e-08,
                0.9999999317282773
            ],
            [
                5.109089003280064e-12,
                1.783247282164431e-11,
                4.5087552204236745e-12,
                4.363462231777341e-09,
                0.9999999956090875
            ]
        ],
        [
            [
                0.9999999999925664,
                7.4336806696329e-12,
                0.0,
                0.0,
                0.0
            ],
            [
                0.99999998813888,
                1.1861120001658919e-08,
                0.0,
                0.0,
                0.0
            ],
            [
                1.9810087891261096e-13,
                1.0261879585480278e-10,
                0.9999999955335461,
                4.363462233289772e-09,
                1.7482341203966516e-13
            ],
            [
                2.7346982574814325e-12,
                1.2256067291227088e-11,
                6.560200086327082e-12,
                1.1861120003397692e-08,
                0.999999988117329
            ],
            [
                1.0060392779471438e-12,
                6.560200159440836e-12,
                1.4637785121817885e-12,
                8.592166607762406e-10,
                0.9999999991317534
            ]
        ],
        [
            [
                0.9999999999972653,
                2.7346982908208647e-12,
                0.0,
                0.0,
                0.0
            ],
            [
                0.9999999895325983,
                1.046740167723555e-08,
                0.0,
                0.0,
                0.0
            ],
            [
                1.9810087923090356e-13,
                2.1724399287844042e-10,
                0.99999999713583,
                2.6465736312407086e-09,
                1.542811198721615e-13
            ],
            [
                3.97896251696496e-12,
                1.3887943799093291e-11,
                3.511422096721783e-12,
                4.363462232247734e-09,
                0.9999999956151595
            ],
            [
                3.978962533773298e-12,
                5.789356325727635e-12,
                1.1399918524530263e-12,
                1.917171512763849e-10,
                0.9999999997973745
            ]
        ],
        [
            [
                0.9999999999915765,
                8.423463750971425e-12,
                0.0,
                0.0,
                0.0
            ],
            [
                0.9999999985833912,
                1.416608784188362e-09,
                0.0,
                0.0,
                0.0
            ],
            [
                1.7482341181283587e-13,
                1.6918979127992772e-10,
                0.9999999942277189,
                5.602796405031626e-09,
                1.201542566206211e-13
            ],
            [
                1.291779962592133e-12,
                1.0815941204000804e-11,
                3.5114219986817006e-12,
                3.224186631943992e-08,
                0.9999999677425145
            ],
            [
                5.789356297877169e-12,
                1.783247281311097e-11,
                3.098819122207146e-12,
                4.944450475587956e-09,
                0.9999999950288287
            ]
        ],
        [
            [
                0.9999999999964886,
                3.511422112499298e-12,
                0.0,
                0.0,
                0.0
            ],
            [
                0.9999999997538302,
                2.4616969503273363e-10,
                0.0,
                0.0,
                0.0
            ],
            [
                7.433680546383787e-12,
                1.5229979486631027e-08,
                0.9999999831569889,
                1.605228027984011e-09,
                3.701011615876698e-13
            ],
            [
                6.914399929647123e-13,
                7.433680481744163e-12,
                1.8795287683458274e-12,
                2.5109990913591087e-08,
                0.9999999748800044
            ],
            [
                1.463778511991041e-12,
                5.789356320287085e-12,
                1.463778511991041e-12,
                8.592166606642745e-10,
                0.9999999991320665
            ]
        ],
        [
            [
                0.999999999994891,
                5.1090890264211535e-12,
                0.0,
                0.0,
                0.0
            ],
            [
                0.9999999950555496,
                4.944450474568544e-09,
                0.0,
                0.0,
                0.0
            ],
            [
                3.7010116767740764e-13,
                1.691897921783769e-10,
                0.9999999995513997,
                2.7894680914982414e-10,
                9.357622964242045e-14
            ],
            [
                1.006039404518266e-12,
                1.081594290368828e-11,
                2.413363072256239e-12,
                6.82560422600755e-08,
                0.9999999317297223
            ],
            [
                3.978962533266661e-12,
                8.423463749026733e-12,
                1.463778513180246e-12,
                3.160881452271629e-10,
                0.9999999996700457
            ]
        ],
        [
            [
                0.999999999994891,
                5.1090890262062634e-12,
                0.0,
                0.0,
                0.0
            ],
            [
                0.9999999990263799,
                9.73620030004191e-10,
                0.0,
                0.0,
                0.0
            ],
            [
                2.087967908210858e-14,
                1.3887943842115903e-11,
                0.9999999983807697,
                1.6052280525447284e-09,
                9.357622953445234e-14
            ],
            [
                9.545035653790162e-12,
                3.7751348333752464e-11,
                1.0815942385560026e-11,
                8.315279897739667e-07,
                0.9999991684138979
            ],
            [
                1.0060392752611488e-12,
                6.560200141925948e-12,
                1.658678352282797e-12,
                3.398267805908718e-09,
                0.9999999965925073
            ]
        ],
        [
            [
                0.9999999999983413,
                1.6586783583169612e-12,
                0.0,
                0.0,
                0.0
            ],
            [
                0.9999999987498471,
                1.2501528643757689e-09,
                0.0,
                0.0,
                0.0
            ],
            [
                2.7346619384238823e-12,
                2.061126222902702e-09,
                0.9999869907736442,
                1.300712474414253e-05,
                3.775084360278653e-11
            ],
            [
                3.098819075684557e-12,
                2.0206838679167545e-11,
                5.10908892413244e-12,
                1.9555680690041955e-08,
                0.9999999804159045
            ],
            [
                9.545034818875929e-12,
                4.847368653472625e-11,
                8.423463662720123e-12,
                1.0467401680733522e-08,
                0.9999999894661561
            ]
        ],
        [
            [
                0.9999999999975866,
                2.413362770847348e-12,
                0.0,
                0.0,
                0.0
            ],
            [
                0.9999999677575953,
                3.2241866301620666e-08,
                5.384940038887728e-13,
                0.0,
                0.0
            ],
            [
                1.4637786910113707e-12,
                4.363462780231832e-09,
                0.9999999273783401,
                6.825604201152282e-08,
                6.914400942487961e-13
            ],
            [
                1.1399918269022548e-12,
                1.0815941309256349e-11,
                2.1297851221159116e-12,
                2.2159489265208306e-08,
                0.9999999778264251
            ],
            [
                1.6586783567098484e-12,
                6.5602001594352756e-12,
                1.6586783567098484e-12,
                8.592166607755124e-10,
                0.9999999991309059
            ]
        ],
        [
            [
                0.9999999999621918,
                3.775134543082952e-11,
                0.0,
                0.0,
                5.67568523083439e-14
            ],
            [
                0.9999999979388463,
                2.0611536174516696e-09,
                0.0,
                0.0,
                0.0
            ],
            [
                6.431393939183737e-14,
                1.5737102101312645e-11,
                0.9999999997378746,
                2.4616969509471784e-10,
                1.5428112026477598e-13
            ],
            [
                8.878265451678582e-13,
                8.42346372905947e-12,
                2.4133627645533625e-12,
                2.3355930317540765e-09,
                0.9999999976526823
            ],
            [
                7.433681614810405e-12,
                2.0206841652089217e-11,
                7.433681614810405e-12,
                1.8553915978465342e-07,
                0.999999814425766
            ]
        ],
        [
            [
                0.999999999996021,
                3.978962534205012e-12,
                0.0,
                0.0,
                0.0
            ],
            [
                0.9999993524046942,
                6.475946144775046e-07,
                6.914400261628407e-13,
                0.0,
                0.0
            ],
            [
                2.5436656415873193e-13,
                5.905303985503055e-10,
                0.999999997803833,
                1.6052280515319735e-09,
                1.5428111996803157e-13
            ],
            [
                5.384940425795992e-13,
                6.560200421600766e-12,
                1.879528889152861e-12,
                3.927863697230248e-07,
                0.999999607204652
            ],
            [
                2.4133627676793406e-12,
                7.433680659557359e-12,
                1.291780002562588e-12,
                1.250152864234983e-09,
                0.9999999987387083
            ]
        ],
        [
            [
                0.9999999999925664,
                7.43368066963248e-12,
                0.0,
                0.0,
                0.0
            ],
            [
                0.9999999991407833,
                8.592166608712909e-10,
                0.0,
                0.0,
                0.0
            ],
            [
                1.139991907456787e-12,
                1.2501529260572193e-09,
                0.9999998542496694,
                1.4449803150789383e-07,
                1.0060393273021192e-12
            ],
            [
                1.463778570098957e-12,
                1.573710270862988e-11,
                3.978962687987759e-12,
                3.9278636956775975e-07,
                0.9999996071924506
            ],
            [
                2.7346982702668308e-12,
                8.423463688782889e-12,
                2.1297851543478245e-12,
                7.194132974225886e-09,
                0.9999999927925792
            ]
        ],
        [
            [
                0.9999999999925664,
                7.433680669946085e-12,
                0.0,
                0.0,
                0.0
            ],
            [
                0.9999991684708703,
                8.315279896633022e-07,
                1.1399919401921112e-12,
                0.0,
                0.0
            ],
            [
                7.287723912156401e-14,
                4.2777877611613224e-11,
                0.9999999748467387,
                2.510999092462447e-08,
                4.193795552688618e-13
            ],
            [
                3.5114223961603376e-12,
                1.5737103374212083e-11,
                4.508755605396445e-12,
                1.1253518378200527e-07,
                0.9999998874410589
            ],
            [
                2.4133627645431318e-12,
                1.0815941524613812e-11,
                2.734698283331129e-12,
                2.335593031744175e-09,
                0.999999997648443
            ]
        ],
        [
            [
                0.9999999999981204,
                1.8795288160724455e-12,
                0.0,
                0.0,
                0.0
            ],
            [
                0.9999999997210531,
                2.7894680910911413e-10,
                0.0,
                0.0,
                0.0
            ],
            [
                3.701011669229976e-13,
                4.058652116208251e-10,
                0.9999999975324749,
                2.0611536172243202e-09,
                1.3615261046453106e-13
            ],
            [
                1.2917801085136034e-12,
                1.573710337052385e-11,
                3.978962855340764e-12,
                1.1253518375563092e-07,
                0.9999998874438084
            ],
            [
                1.783247288622558e-11,
                1.783247288622558e-11,
                2.7346982882302097e-12,
                9.736200301041209e-10,
                0.9999999989879804
            ]
        ],
        [
            [
                0.999999999979793,
                2.020683908483679e-11,
                0.0,
                0.0,
                0.0
            ],
            [
                0.9999999468416119,
                5.3157849666680614e-08,
                5.384939926254149e-13,
                0.0,
                0.0
            ],
            [
                3.5114220269213054e-12,
                9.237449434534077e-09,
                0.999999975528172,
                1.5229979369733205e-08,
                8.878265259866664e-13
            ],
            [
                7.433610344619189e-12,
                5.492736385398239e-11,
                1.7832304200685216e-11,
                1.0129988100262407e-05,
                0.9999898699317065
            ],
            [
                1.2917799889866628e-12,
                8.423463651444052e-12,
                1.6586783386274856e-12,
                1.1861120006274398e-08,
                0.999999988127506
            ]
        ],
        [
            [
                0.9999999999942106,
                5.78935632686552e-12,
                0.0,
                0.0,
                0.0
            ],
            [
                0.9999999123575086,
                8.764249140658786e-08,
                0.0,
                0.0,
                0.0
            ],
            [
                3.701011619238046e-13,
                7.582560306307308e-10,
                0.9999999840110678,
                1.5229979500463264e-08,
                3.2661312904071736e-13
            ],
            [
                1.8795287683314632e-12,
                1.2256067129746314e-11,
                3.511422023312821e-12,
                2.5109990913399188e-08,
                0.999999974872362
            ],
            [
                2.7346982868797267e-12,
                8.42346373995421e-12,
                1.8795288133004744e-12,
                1.250152864232609e-09,
                0.9999999987368093
            ]
        ],
        [
            [
                0.9999999999969011,
                3.0988191378472755e-12,
                0.0,
                0.0,
                0.0
            ],
            [
                0.9999999748894706,
                2.5109990902455115e-08,
                5.384940077289891e-13,
                0.0,
                0.0
            ],
            [
                3.7751058007454496e-11,
                7.889264758593138e-06,
                0.9999920741578374,
                3.653454396437261e-08,
                5.10905012792065e-12
            ],
            [
                1.1399898303227562e-12,
                1.3887919223170354e-11,
                3.978955475845151e-12,
                1.3709566538504235e-06,
                0.9999986290243392
            ],
            [
                1.2917799962557078e-12,
                5.789356290500551e-12,
                1.4637785044598259e-12,
                6.348800074119285e-09,
                0.9999999936426549
            ]
        ],
        [
            [
                0.999999999986112,
                1.388794385979469e-11,
                0.0,
                0.0,
                0.0
            ],
            [
                0.9999999961491379,
                3.850741906559239e-09,
                1.2015425681196972e-13,
                0.0,
                0.0
            ],
            [
                5.789356866343942e-12,
                6.825604010176506e-08,
                0.9999998994958809,
                3.2241870366623226e-08,
                4.193796047825306e-13
            ],
            [
                6.560200999007121e-12,
                2.289735135641864e-11,
                6.560200999007121e-12,
                1.8553915976024232e-07,
                0.9999998144248224
            ],
            [
                2.1297851693641745e-12,
                5.7893563244042056e-12,
                1.0060392785314933e-12,
                5.211412483993996e-10,
                0.9999999994699336
            ]
        ],
        [
            [
                0.9999999999771028,
                2.2897348446627128e-11,
                0.0,
                0.0,
                0.0
            ],
            [
                0.9999999936511998,
                6.348800073963824e-09,
                0.0,
                0.0,
                0.0
            ],
            [
                3.442477083409015e-14,
                4.27778783782704e-11,
                0.9999999927628567,
                7.194132977952663e-09,
                1.9810087836273919e-13
            ],
            [
                7.835041751634556e-13,
                6.560200140163323e-12,
                1.879528808519683e-12,
                3.3982678049956558e-09,
                0.999999996592509
            ],
            [
                1.8795288139208256e-12,
                9.545034909544018e-12,
                2.1297851679889104e-12,
                9.736200299446655e-10,
                0.9999999990128257
            ]
        ],
        [
            [
                0.9999999999954912,
                4.508755240848439e-12,
                0.0,
                0.0,
                0.0
            ],
            [
                0.9999999995400946,
                4.599055374889294e-10,
                0.0,
                0.0,
                0.0
            ],
            [
                3.511422081940323e-12,
                7.194132965919533e-09,
                0.9999999911967575,
                1.6052280408147241e-09,
                3.7010116454591727e-13
            ],
            [
                1.0060392751796971e-12,
                8.42346372010946e-12,
                2.129785162268422e-12,
                3.3982678056335857e-09,
                0.9999999965901729
            ],
            [
                1.2917800001327366e-12,
                9.545034888457433e-12,
                1.8795288097686305e-12,
                2.9989608140544285e-09,
                0.9999999969883229
            ]
        ],
        [
            [
                0.999999999986112,
                1.3887943862102764e-11,
                0.0,
                0.0,
                0.0
            ],
            [
                0.9999999397642536,
                6.023574636112912e-08,
                0.0,
                0.0,
                0.0
            ],
            [
                1.225606820208741e-11,
                8.315279775229837e-07,
                0.9999991532288979,
                1.5229980686624936e-08,
                8.878266027544271e-13
            ],
            [
                3.5114220895981186e-12,
                1.0815941484043086e-11,
                2.7346982730732434e-12,
                6.348800073051337e-09,
                0.9999999936341377
            ],
            [
                4.50875523601374e-12,
                7.43368066199643e-12,
                1.658678356603549e-12,
                9.736200299446198e-10,
                0.9999999990127788
            ]
        ],
        [
            [
                0.9999999999954912,
                4.508755241164098e-12,
                0.0,
                0.0,
                0.0
            ],
            [
                0.9999999317439578,
                6.825604225321316e-08,
                0.0,
                0.0,
                0.0
            ],
            [
                1.0997495145327692e-09,
                0.0031726678998373306,
                0.9968225610251368,
                4.769913232601928e-06,
                6.204362203109211e-11
            ],
            [
                1.0060394056861505e-12,
                9.545036122117322e-12,
                3.0988195280699634e-12,
                3.059023589366274e-07,
                0.9999996940839911
            ],
            [
                2.4133627612354542e-12,
                1.3887943803978125e-11,
                3.098819125114033e-12,
                3.850741905857918e-09,
                0.999999996129858
            ]
        ],
        [
            [
                0.999999999979793,
                2.0206839085417437e-11,
                0.0,
                0.0,
                0.0
            ],
            [
                0.9999996072131553,
                3.9278636957589227e-07,
                4.752193244587427e-13,
                0.0,
                0.0
            ],
            [
                1.0603575986014862e-13,
                1.3176514263249738e-10,
                0.9999999995098605,
                3.581747928422319e-10,
                9.357622963978513e-14
            ],
            [
                1.1399918156020373e-12,
                8.423463477805257e-12,
                2.4133626925678255e-12,
                3.22418663136034e-08,
                0.9999999677461568
            ],
            [
                3.9789624875808146e-12,
                1.3887943696532545e-11,
                2.7346982584257504e-12,
                1.1861120007493452e-08,
                0.9999999881182783
            ]
        ],
        [
            [
                0.9999999999964886,
                3.511422112499298e-12,
                0.0,
                0.0,
                0.0
            ],
            [
                0.999999997664407,
                2.335593031572385e-09,
                0.0,
                0.0,
                0.0
            ],
            [
                1.2015425710105122e-13,
                1.49309467350476e-10,
                0.9999999982452363,
                1.6052280522910046e-09,
                1.0603575972403082e-13
            ],
            [
                4.508755231655966e-12,
                1.2256067415180066e-11,
                2.73469828513908e-12,
                2.0611536175750597e-09,
                0.9999999979193468
            ],
            [
                1.8795288059584573e-12,
                1.0815941496398395e-11,
                3.0988191212773227e-12,
                4.944450474104338e-09,
                0.9999999950397551
            ]
        ],
        [
            [
                0.9999999999925664,
                7.433680668875996e-12,
                0.0,
                0.0,
                0.0
            ],
            [
                0.9999999317439578,
                6.825604225323843e-08,
                0.0,
                0.0,
                0.0
            ],
            [
                1.0815942219557997e-11,
                1.1253518160991482e-07,
                0.9999998678974323,
                1.955568228526691e-08,
                8.87826602208587e-13
            ],
            [
                2.413362642237392e-12,
                1.3887943119191556e-11,
                3.9789623221698516e-12,
                5.315784968970627e-08,
                0.9999999468218701
            ],
            [
                1.291779996108646e-12,
                7.433680622417485e-12,
                1.6586783477722932e-12,
                6.34880007339651e-09,
                0.9999999936408157
            ]
        ],
        [
            [
                0.9999999999964886,
                3.5114221123841398e-12,
                0.0,
                0.0,
                0.0
            ],
            [
                0.9999999970010391,
                2.998960813855336e-09,
                0.0,
                0.0,
                0.0
            ],
            [
                4.508755427254357e-12,
                5.043472022741889e-07,
                0.9999994900449539,
                5.602796667376891e-09,
                5.384940438656694e-13
            ],
            [
                1.1399919057926145e-12,
                1.081594205774724e-11,
                3.0988192821064596e-12,
                5.043472049212191e-07,
                0.9999994956377404
            ],
            [
                3.9789625316543e-12,
                8.423463745613364e-12,
                1.6586783571705224e-12,
                7.582560419940634e-10,
                0.9999999992276829
            ]
        ],
        [
            [
                0.9999999999975866,
                2.4133627710639403e-12,
                0.0,
                0.0,
                0.0
            ],
            [
                0.9999999993308415,
                6.691586084946267e-10,
                0.0,
                0.0,
                0.0
            ],
            [
                6.691471668544602e-10,
                1.6701415199583355e-05,
                0.999983185370147,
                1.1253325042451306e-07,
                1.2255857871525852e-11
            ],
            [
                2.0206839062812113e-11,
                1.3887943846125383e-11,
                1.8795288139895506e-12,
                1.1032560308470154e-09,
                0.9999999988607697
            ],
            [
                1.658678356228334e-12,
                7.433680660314833e-12,
                1.879528813495563e-12,
                1.2501528643623706e-09,
                0.9999999987388752
            ]
        ],
        [
            [
                0.999999999990455,
                9.54503491973115e-12,
                0.0,
                0.0,
                0.0
            ],
            [
                0.999999998394772,
                1.6052280513910864e-09,
                0.0,
                0.0,
                0.0
            ],
            [
                8.423463564392477e-12,
                7.194132867989164e-09,
                0.9999999775666807,
                1.522997940104685e-08,
                7.83504160826601e-13
            ],
            [
                1.1399918053750569e-12,
                7.433680361509316e-12,
                1.6586782895558114e-12,
                4.139937545671714e-08,
                0.9999999585903923
            ],
            [
                6.56019995408187e-12,
                2.020683843083427e-11,
                5.109088861343955e-12,
                3.224186632045339e-08,
                0.9999999677262575
            ]
        ],
        [
            [
                0.999999999990455,
                9.545034920674772e-12,
                0.0,
                0.0,
                0.0
            ],
            [
                0.9999999936511998,
                6.348800070920051e-09,
                0.0,
                0.0,
                0.0
            ],
            [
                1.7482341231384676e-13,
                2.461696944588161e-10,
                0.9999999971069071,
                2.6465736311391192e-09,
                1.7482341231384676e-13
            ],
            [
                3.5114220583973925e-12,
                1.3887943647517386e-11,
                3.978962473537736e-12,
                1.522997950625344e-08,
                0.999999984748642
            ],
            [
                1.0815941422173776e-11,
                2.28973481704236e-11,
                6.560200086204258e-12,
                1.186112000317562e-08,
                0.9999999880986065
            ]
        ],
        [
            [
                0.999999999996021,
                3.978962534563009e-12,
                0.0,
