{
    "[['A', 'B', 'C', 'D', 'E'], ['A', 'B', 'C', 'D', 'E']]": [
        [
            [
                0.9999999999771028,
                2.289734844772599e-11,
                0.0,
                0.0,
                0.0
            ],
            [
                0.9999999677581336,
                3.224186631819727e-08,
                0.0,
                0.0,
                0.0
            ],
            [
                1.5995807594221817e-08,
                0.43782345217646845,
                0.5621764397473277,
                9.204951718658165e-08,
                3.087917293256811e-11
            ],
            [
                1.4635468542888759e-12,
                2.5941988713901346e-11,
                8.422130644150533e-12,
                0.0001584362473213398,
                0.9998415637168511
            ],
            [
                3.701011662617136e-13,
                4.508755222832638e-12,
                1.006039274940716e-12,
                3.850741906145765e-09,
                0.9999999961433732
            ]
        ],
        [
            [
                0.9999999999515263,
                4.847368703507888e-11,
                0.0,
                0.0,
                0.0
            ],
            [
                0.9999999981810384,
                1.8189616834075932e-09,
                0.0,
                0.0,
                0.0
            ],
            [
                5.789301530930075e-12,
                4.944403701396895e-09,
                0.9999898650415464,
                1.0129988053880982e-05,
                2.0206647827104842e-11
            ],
            [
                4.751839978575722e-13,
                1.2255156827957526e-11,
                3.09858889890456e-12,
                7.484619755204668e-05,
                0.999925153786619
            ],
            [
                1.0060392536522573e-12,
                6.560200001018275e-12,
                1.4637784768329373e-12,
                2.510999091770765e-08,
                0.9999999748809791
            ]
        ],
        [
            [
                0.9999999999740539,
                2.594609497155425e-11,
                0.0,
                0.0,
                0.0
            ],
            [
                0.9999991684716836,
                8.315279898220172e-07,
                3.266131593093359e-13,
                0.0,
                0.0
            ],
            [
                1.266416554868135e-14,
                4.1937956582428356e-13,
                0.9999999999968028,
                2.734698291502729e-12,
                3.0379753853440965e-14
            ],
            [
                4.50848897869398e-12,
                5.4924639754837586e-11,
                2.289599625831609e-11,
                5.8291277069116336e-05,
                0.9999417086406017
            ],
            [
                4.752193283299688e-13,
                8.423464145364829e-12,
                1.879528903759811e-12,
                5.043472049892561e-07,
                0.9999994956420167
            ]
        ],
        [
            [
                0.9999999999705993,
                2.9400777384731855e-11,
                0.0,
                0.0,
                0.0
            ],
            [
                0.9999999994788586,
                5.211412482774868e-10,
                0.0,
                0.0,
                0.0
            ],
            [
                1.8795254175982166e-12,
                2.9989554015350284e-09,
                0.9999982366533017,
                1.760343128745004e-06,
                2.734693346162095e-12
            ],
            [
                1.879231359106175e-12,
                2.9396124375720525e-11,
                8.422130642742691e-12,
                0.00015843624764413287,
                0.9998415637126583
            ],
            [
                4.193795626252105e-13,
                5.109088988924092e-12,
                1.1399918443112119e-12,
                7.1941329752132384e-09,
                0.9999999927991985
            ]
        ],
        [
            [
                0.9999999999705993,
                2.940077738377324e-11,
                0.0,
                0.0,
                0.0
            ],
            [
                0.99999998813888,
                1.1861120005842032e-08,
                0.0,
                0.0,
                0.0
            ],
            [
                3.9008376099591927e-14,
                1.6586783588200377e-12,
                0.9999999999859894,
                1.2256067443403481e-11,
                5.67568523231041e-14
            ],
            [
                3.0983287137183218e-12,
                5.4919190518359956e-11,
                2.9396124369963936e-11,
                0.00015843624773130061,
                0.9998415636648551
            ],
            [
                1.8795288150047658e-12,
                5.789356324004621e-12,
                8.878265471212055e-13,
                5.905303994123357e-10,
                0.999999999400913
            ]
        ],
        [
            [
                0.999999999979793,
                2.0206839080514793e-11,
                0.0,
                0.0,
                0.0
            ],
            [
                0.9999993524051611,
                6.47594614393215e-07,
                2.2447771049487056e-13,
                0.0,
                0.0
            ],
            [
                4.508747176547232e-12,
                1.5229952499682486e-08,
                0.9999986138043961,
                1.370956633864629e-06,
                4.508747176547232e-12
            ],
            [
                7.369911560790953e-12,
                1.4802863077489432e-10,
                1.1528481356447557e-10,
                0.008577485674391047,
                0.9914225140549255
            ],
            [
                6.914400070520489e-13,
                5.1090890011525944e-12,
                8.87826543169582e-13,
                4.944450475895102e-09,
                0.9999999950488612
            ]
        ],
        [
            [
                0.9999999998837177,
                1.1628233026001988e-10,
                0.0,
                0.0,
                0.0
            ],
            [
                0.9999646437406269,
                3.5356257493543846e-05,
                1.879460929963661e-12,
                0.0,
                0.0
            ],
            [
                2.060827363244304e-09,
                0.00015843624379862137,
                0.9998414172023923,
                1.4447515207557942e-07,
                1.7829650213040492e-11
            ],
            [
                1.6586783510559413e-12,
                1.2256067386034137e-11,
                2.129785160865541e-12,
                4.363462232271007e-09,
                0.9999999956204932
            ],
            [
                6.10193658182696e-13,
                5.109088947869083e-12,
                7.835041662082535e-13,
                1.5229979505656962e-08,
                0.9999999847635177
            ]
        ],
        [
            [
                0.9999999999666846,
                3.331544541330429e-11,
                0.0,
                0.0,
                0.0
            ],
            [
                0.9999938558271855,
                6.144172123181561e-06,
                6.914361427920146e-13,
                0.0,
                0.0
            ],
            [
                1.823238670920807e-08,
                0.05960197548488613,
                0.9323317512155146,
                0.008066248359892366,
                6.707320233805095e-09
            ],
            [
                1.1399245312918262e-12,
                2.289599626290937e-11,
                5.789014440660991e-12,
                5.829127697868105e-05,
                0.9999417086931964
            ],
            [
                6.101937440522877e-13,
                8.423464807643842e-12,
                2.7346986335078003e-12,
                6.825604229731569e-08,
                0.9999999317321894
            ]
        ],
        [
            [
                0.999999999987744,
                1.225606744052859e-11,
                0.0,
                0.0,
                0.0
            ],
            [
                0.11920292207615224,
                0.8807970644069082,
                1.3414518440214719e-08,
                1.0242111219167376e-10,
                0.0
            ],
            [
                5.210349519660791e-10,
                0.0002034266758335534,
                0.9997955053000895,
                1.0674852131470712e-06,
                1.782883563088852e-11
            ],
            [
                1.463479942193203e-12,
                3.330864995579786e-11,
                1.3885111093338356e-11,
                0.00020342706216293748,
                0.9997965728891798
            ],
            [
                5.384940200673934e-13,
                3.098819128892906e-12,
                4.752193047698017e-13,
                2.646573630514642e-09,
                0.9999999973493139
            ]
        ],
        [
            [
                0.9999999999771028,
                2.2897348450285005e-11,
                0.0,
                0.0,
                0.0
            ],
            [
                0.999999997664407,
                2.3355930322698724e-09,
                0.0,
                0.0,
                0.0
            ],
            [
                2.594609684889954e-11,
                6.825603867256392e-08,
                0.99999987855706,
                5.315785636754488e-08,
                3.098819361599852e-12
            ],
            [
                5.384940042392542e-13,
                5.789356140199279e-12,
                8.878265189337434e-13,
                3.2241866322605444e-08,
                0.999999967750918
            ],
            [
                1.463778511757177e-12,
                7.433680660322775e-12,
                1.0060392776553128e-12,
                1.2501528643637063e-09,
                0.9999999987399437
            ]
        ],
        [
            [
                0.9999999999915765,
                8.423463752322944e-12,
                0.0,
                0.0,
                0.0
            ],
            [
                0.9999999981810384,
                1.8189616834075136e-09,
                0.0,
                0.0,
                0.0
            ],
            [
                9.716999443563024e-10,
                4.531039605362239e-05,
                0.9980280394862541,
                0.0019266470889035912,
                2.0570887983448273e-09
            ],
            [
                8.876860388502546e-13,
                2.0203641120220085e-11,
                9.543524308774975e-12,
                0.00015843624763457672,
                0.9998415637217305
            ],
            [
                2.244777049217435e-13,
                2.413362765593821e-12,
                4.193795647537106e-13,
                2.06115361710975e-09,
                0.9999999979357892
            ]
        ],
        [
            [
                0.9999999999954912,
                4.508755241163684e-12,
                0.0,
                0.0,
                0.0
            ],
            [
                0.9999998144603651,
                1.855391596957587e-07,
                4.752193662987684e-13,
                0.0,
                0.0
            ],
            [
                3.3315448538622026e-11,
                3.224187038908241e-08,
                0.9999996618179563,
                3.05902349121724e-07,
                4.508755664129206e-12
            ],
            [
                1.9810086919304994e-13,
                3.511421925277005e-12,
                4.752192808206153e-13,
                5.3157849696689715e-08,
                0.9999999468379657
            ],
            [
                5.384940176506098e-13,
                4.50875520775835e-12,
                7.835041725048995e-13,
                7.194132975219266e-09,
                0.9999999928000363
            ]
        ],
        [
            [
                0.9999999999572222,
                4.277787867432999e-11,
                0.0,
                0.0,
                0.0
            ],
            [
                0.9999997617628176,
                2.3823698443235406e-07,
                1.98100894508132e-13,
                0.0,
                0.0
            ],
            [
                3.037975385132851e-14,
                1.3887943863545603e-11,
                0.9999999999238132,
                6.224144622272092e-11,
                2.6810038675079844e-14
            ],
            [
                2.4132202516306988e-12,
                3.774911605172697e-11,
                1.0815302826051778e-11,
                5.829127707957147e-05,
                0.9999417086719428
            ],
            [
                6.913305821742187e-13,
                2.5941988707853347e-11,
                9.543524308720958e-12,
                0.00015843624775187397,
                0.9998415637160712
            ]
        ],
        [
            [
                0.999999999990455,
                9.545034919327978e-12,
                0.0,
                0.0,
                0.0
            ],
            [
                0.9999999970010391,
                2.9989608138558965e-09,
                0.0,
                0.0,
                0.0
            ],
            [
                2.8823507767923596e-13,
                7.052879810365991e-11,
                0.9999999943253803,
                5.602796405168577e-09,
                1.006039273471188e-12
            ],
            [
                1.879037955170566e-12,
                4.846102758115627e-11,
                2.593931885058789e-11,
                0.00026119032797666325,
                0.999738809595744
            ],
            [
                4.1937959803589553e-13,
                7.43368124307435e-12,
                2.129785334470422e-12,
                8.315279899370683e-07,
                0.9999991684620272
            ]
        ],
        [
            [
                0.9999999999705993,
                2.9400777385589176e-11,
                0.0,
                0.0,
                0.0
            ],
            [
                0.999999761762689,
                2.382369844080874e-07,
                3.2661315848701087e-13,
                0.0,
                0.0
            ],
            [
                1.317649024278676e-10,
                1.0677020630817928e-06,
                0.9999978644483719,
                1.0677020630817928e-06,
                1.5737073410334917e-11
            ],
            [
                4.193604070346584e-13,
                1.3887309412533883e-11,
                3.0986775732494824e-12,
                4.539785601469064e-05,
                0.99995460212658
            ],
            [
                6.914360936030968e-13,
                1.3887865188089645e-11,
                3.978939994535329e-12,
                4.785094847282642e-06,
                0.9999952148865945
            ]
        ],
        [
            [
                0.9999999999771028,
                2.2897348448690133e-11,
                0.0,
                0.0,
                0.0
            ],
            [
                0.9999999847700205,
                1.522997950575365e-08,
                0.0,
                0.0,
                0.0
            ],
            [
                2.020680149958174e-11,
                3.224180739324856e-08,
                0.9999989000298347,
                1.0677030420330165e-06,
                5.1090795236609925e-12
            ],
            [
                4.193796100289357e-13,
                5.7893569387683305e-12,
                1.1399919731678967e-12,
                8.764249142952458e-08,
                0.9999999123501598
            ],
            [
                2.8823507837581645e-13,
                2.7346982824018422e-12,
                3.701011666155316e-13,
                2.9989608147792133e-09,
                0.9999999969976461
            ]
        ],
        [
            [
                0.999999999782756,
                2.1724399340716525e-10,
                0.0,
                0.0,
                0.0
            ],
            [
                0.9999999748897546,
                2.510999091536967e-08,
                2.5436655823346156e-13,
                0.0,
                0.0
            ],
            [
                7.991946127995713e-11,
                1.370956725111656e-06,
                0.9999983230550016,
                3.059017936307307e-07,
                6.5601888691880144e-12
            ],
            [
                5.384930665587473e-13,
                7.433667485992993e-12,
                1.2917777133403588e-12,
                1.3709566544853047e-06,
                0.9999986290340817
            ],
            [
                7.835041751641431e-13,
                7.433680640641368e-12,
                1.006039274991724e-12,
                3.850741906341005e-09,
                0.9999999961400348
            ]
        ],
        [
            [
                0.999999999990455,
                9.545034919730781e-12,
                0.0,
                0.0,
                0.0
            ],
            [
                0.9999999123572204,
                8.764249143014337e-08,
                2.8823510971846145e-13,
                0.0,
                0.0
            ],
            [
                1.3198662640699281e-08,
                0.017986211516227264,
                0.9820136647369884,
                1.1051104927095016e-07,
                3.707232700069691e-11
            ],
            [
                3.7010117615639954e-13,
                6.560200315223969e-12,
                1.1399918786013222e-12,
                6.475946145077223e-07,
                0.9999993523973152
            ],
            [
                2.5436656442695156e-13,
                2.734698288251097e-12,
                4.752193056965751e-13,
                7.582560418648856e-10,
                0.9999999992382798
            ]
        ],
        [
            [
                0.9999999999972653,
                2.734698290820772e-12,
                0.0,
                0.0,
                0.0
            ],
            [
                0.9999999907625504,
                9.237449571824488e-09,
                0.0,
                0.0,
                0.0
            ],
            [
                6.559712705740935e-12,
                7.193598462879971e-09,
                0.9999251465802047,
                7.484619674146591e-05,
                2.289564704545583e-11
            ],
            [
                8.876454547679296e-13,
                2.2892678004416326e-11,
                8.421745591182447e-12,
                0.00020342706186654783,
                0.9997965729059314
            ],
            [
                4.752193168741964e-13,
                8.423463942306406e-12,
                3.098819207823475e-12,
                6.475946144305269e-07,
                0.9999993523933881
            ]
        ],
        [
            [
                0.9999999999705993,
                2.9400777382680485e-11,
                0.0,
                0.0,
                0.0
            ],
            [
                0.9999999995400946,
                4.5990553748891163e-10,
                0.0,
                0.0,
                0.0
            ],
            [
                3.5114158717941247e-12,
                3.85073507804141e-09,
                0.9999986251782881,
                1.3709566494927594e-06,
                1.081592233185846e-11
            ],
            [
                6.101902545243745e-13,
                9.544981530843877e-12,
                1.4637703261980171e-12,
                6.144172124947526e-06,
                0.9999938558162561
            ],
            [
                1.29177999991543e-12,
                1.0815941516504942e-11,
                1.8795288094524516e-12,
                3.39826780668214e-09,
                0.9999999965877449
            ]
        ],
        [
            [
                0.999999999994891,
                5.109089026420828e-12,
                0.0,
                0.0,
                0.0
            ],
            [
                0.9999999468417309,
                5.3157849659789445e-08,
                4.1937954308155387e-13,
                0.0,
                0.0
            ],
            [
                3.442477102717528e-14,
                2.28973484181936e-11,
                0.9999999983717576,
                1.6052280525032432e-09,
                8.258073271756513e-14
            ],
            [
                4.1937958206960304e-13,
                6.5602004220594825e-12,
                1.4637785707799293e-12,
                3.9278636975049e-07,
                0.9999996072051869
            ],
            [
                3.2661312361424876e-13,
                3.0988190375399048e-12,
                6.101936478366308e-13,
                3.224186631981339e-08,
                0.9999999677540979
            ]
        ],
        [
            [
                0.999999999979793,
                2.020683908639153e-11,
                0.0,
                0.0,
                0.0
            ],
            [
                0.9999982396558615,
                1.760343132386272e-06,
                1.0060374620423605e-12,
                0.0,
                0.0
            ],
            [
                7.433666770981778e-12,
                4.139929976885797e-08,
                0.9999976982649876,
                2.2603251800472213e-06,
                3.0988133437684794e-12
            ],
            [
                4.1937718997629357e-13,
                8.423416034011534e-12,
                2.129773105334697e-12,
                4.785094846986907e-06,
                0.9999952148941804
            ],
            [
                1.981008795429036e-13,
                2.7346982879751537e-12,
                4.752193056486234e-13,
                8.59216660781071e-10,
                0.9999999991373754
            ]
        ],
        [
            [
                0.9999999999572222,
                4.277787867433099e-11,
                0.0,
                0.0,
                0.0
            ],
            [
                0.9999986290424577,
                1.3709566544227012e-06,
                8.878249729194048e-13,
                0.0,
                0.0
            ],
            [
                7.964713824951367e-09,
                0.9770224237078883,
                0.02297736287312185,
                2.054124809919619e-07,
                4.179498234064664e-11
            ],
            [
                1.8735657985970444e-12,
                6.204397819488943e-11,
                3.32097483995976e-11,
                0.0031726830749084986,
                0.9968273168279642
            ],
            [
                7.835042769034205e-13,
                8.423464812335893e-12,
                1.4637786979556719e-12,
                3.059023589188066e-07,
                0.9999996940869703
            ]
        ],
        [
            [
                0.999999999994891,
                5.109089026778731e-12,
                0.0,
                0.0,
                0.0
            ],
            [
                0.9990889485788074,
                0.0009110514146383975,
                6.554221835965869e-12,
                0.0,
                0.0
            ],
            [
                2.598970587383584e-09,
                0.9820137112274266,
                0.01798621020851297,
                7.595305398478071e-08,
                1.2035621581016543e-11
            ],
            [
                3.2660630968135743e-13,
                1.2255811352971849e-11,
                2.1297406689906538e-12,
                2.144493976223732e-05,
                0.9999785550455256
            ],
            [
                3.7010120690591414e-13,
                5.789356939522975e-12,
                1.4637786685583933e-12,
                8.764249144094881e-08,
                0.9999999123498854
            ]
        ],
        [
            [
                0.9999999999925664,
                7.433680670870976e-12,
                0.0,
                0.0,
                0.0
            ],
            [
                0.9999251537971923,
                7.484619829927688e-05,
                4.508420241164877e-12,
                0.0,
                0.0
            ],
            [
                6.559387135899701e-12,
                4.362921471342506e-09,
                0.9998766009482571,
                0.00012339462734093956,
                5.49210760738289e-11
            ],
            [
                4.1937957525923295e-13,
                7.433680839348346e-12,
                1.6586783961761107e-12,
                6.475946145376728e-07,
                0.9999993523958737
            ],
            [
                7.834878069769793e-13,
                2.0206416862912443e-11,
                7.43352534360544e-12,
                2.1444939757546022e-05,
                0.999978555031819
            ]
        ],
        [
            [
                0.9999999999666846,
                3.331544540702415e-11,
                0.0,
                0.0,
                0.0
            ],
            [
                0.9968273168597789,
                0.0031726830919013484,
                4.8319898720265974e-11,
                0.0,
                0.0
            ],
            [
                2.2447770499567684e-13,
                6.224144608866144e-11,
                0.9999999978757701,
                2.061153617788606e-09,
                6.101936663839386e-13
            ],
            [
                8.876860389678319e-13,
                2.289372468472707e-11,
                5.108280455297213e-12,
                0.00015843624755125632,
                0.999841563723559
            ],
            [
                4.1937882189255073e-13,
                5.789346058881135e-12,
                1.2917777132728289e-12,
                1.3709566544136354e-06,
                0.999998629035845
            ]
        ],
        [
            [
                0.999999999979793,
                2.020683908483642e-11,
                0.0,
                0.0,
                0.0
            ],
            [
                0.9999999979388463,
                2.0611536174516696e-09,
                0.0,
                0.0,
                0.0
            ],
            [
                3.0379753852726686e-14,
                1.0060392792268685e-12,
                0.9999999999923641,
                6.560200167785689e-12,
                3.900837609961841e-14
            ],
            [
                8.878113614824347e-13,
                1.3887706310269643e-11,
                3.5113620501436035e-12,
                1.670141510595248e-05,
                0.9999832985666072
            ],
            [
                6.5573730536703766e-12,
                9.052174278511005e-11,
                5.490421236979011e-11,
                0.0004305571197604105,
                0.9995694427282563
            ]
        ],
        [
            [
                0.9999999999572222,
                4.277787867590425e-11,
                0.0,
                0.0,
                0.0
            ],
            [
                0.9999999979388463,
                2.061153617115733e-09,
                0.0,
                0.0,
                0.0
            ],
            [
                6.560200641345043e-12,
                4.944450858584893e-09,
                0.9999991635135692,
                8.315279860749828e-07,
                7.433681208548137e-12
            ],
            [
                1.0567426230823796e-11,
                2.4051351242213223e-10,
                1.6530235849209077e-10,
                0.022977367815914796,
                0.9770226317677019
            ],
            [
                3.701011664293213e-13,
                4.508755224874518e-12,
                6.101936654029501e-13,
                3.3982678063653118e-09,
                0.9999999965962432
            ]
        ],
        [
            [
                0.9999999999622486,
                3.775134543315059e-11,
                0.0,
                0.0,
                0.0
            ],
            [
                0.9999999943972036,
                5.602796403224833e-09,
                0.0,
                0.0,
                0.0
            ],
            [
                7.991945698166107e-11,
                2.2603232367209917e-06,
                0.9999975540516538,
                1.8553862977580905e-07,
                6.560188516362387e-12
            ],
            [
                6.914400982810018e-13,
                9.545036131941613e-12,
                3.0988195312594434e-12,
                1.855391597644508e-07,
                0.9999998144475049
            ],
            [
                4.193795653950664e-13,
                4.5087552375333295e-12,
                6.914400099638213e-13,
                5.905303992707711e-10,
                0.99999999940385
            ]
        ],
        [
            [
                0.9999999999975866,
                2.4133627711535755e-12,
                0.0,
                0.0,
                0.0
            ],
            [
                0.9999999999450722,
                5.4927883491198205e-11,
                0.0,
                0.0,
                0.0
            ],
            [
                1.54281119420792e-13,
                1.4930946675027012e-10,
                0.9999999942474131,
                5.602796404911537e-09,
                3.266131323768387e-13
            ],
            [
                6.101936619269205e-13,
                5.10908897921909e-12,
                1.006039269665317e-12,
                9.237449573658147e-09,
                0.9999999907558251
            ],
            [
                4.752193293951785e-13,
                5.7893566103663174e-12,
                1.2917800676274073e-12,
                1.4449803164034106e-07,
                0.9999998554944121
            ]
        ],
        [
            [
                0.999999999994891,
                5.109089025961953e-12,
                0.0,
                0.0,
                0.0
            ],
            [
                0.9999999973534264,
                2.6465736312527346e-09,
                0.0,
                0.0,
                0.0
            ],
            [
                4.752192988684789e-13,
                2.7894680493813086e-10,
                0.9999999844899883,
                1.522997950727829e-08,
                6.101936582476551e-13
            ],
            [
                2.2447771645528344e-13,
                3.511422284713169e-12,
                6.914400444322085e-13,
                1.444980316615745e-07,
                0.9999998554975409
            ],
            [
                4.1937879907017896e-13,
                6.560188173887726e-12,
                1.6586753262888505e-12,
                1.0677030761510288e-06,
                0.9999989322882856
            ]
        ],
        [
            [
                0.9999999999942106,
                5.789356326866042e-12,
                0.0,
                0.0,
                0.0
            ],
            [
                0.9999999804443194,
                1.9555680696427687e-08,
                0.0,
                0.0,
                0.0
            ],
            [
                2.6810038676416108e-14,
                1.00603927923071e-12,
                0.9999999999904867,
                8.423463754028175e-12,
                5.675685232335935e-14
            ],
            [
                6.101809175631714e-13,
                1.5736773274938945e-11,
                3.9788793941065e-12,
                2.1444939756231664e-05,
                0.999978555039918
            ],
            [
                2.882350785672203e-13,
                2.1297851652128745e-12,
                2.882350785672203e-13,
                2.335593032501471e-09,
                0.9999999976617007
            ]
        ],
        [
            [
                0.999999999986112,
                1.3887943861350463e-11,
                0.0,
                0.0,
                0.0
            ],
            [
                0.9999999994788586,
                5.211412482092683e-10,
                0.0,
                0.0,
                0.0
            ],
            [
                1.9203940125523872e-08,
                0.017986202283059416,
                0.9820132831757348,
                4.952761435866839e-07,
                6.112193184883883e-11
            ],
            [
                6.10193713014125e-13,
                7.433681223653807e-12,
                2.7346984944044063e-12,
                2.3823698441847177e-07,
                0.999999761752237
            ],
            [
                3.7010116734654514e-13,
                2.413362768489846e-12,
                3.7010116734654514e-13,
                1.103256030815151e-09,
                0.9999999988935904
            ]
        ],
        [
            [
                0.9999999999942106,
                5.789356326345769e-12,
                0.0,
                0.0,
                0.0
            ],
            [
                0.9999999468418621,
                5.3157849694024175e-08,
                2.882350638898378e-13,
                0.0,
                0.0
            ],
            [
                5.109089616278314e-12,
                1.855391576229208e-07,
                0.9999998025937239,
                1.186112151692752e-08,
                8.878266500624039e-13
            ],
            [
                3.7009483726242226e-13,
                1.0815756550126992e-11,
                3.5113620503459603e-12,
                1.6701415106914965e-05,
                0.999983298570196
            ],
            [
                2.2447771054579127e-13,
                4.508755343600124e-12,
                1.0060393018875846e-12,
                6.47594614540116e-07,
                0.9999993523996462
            ]
        ],
        [
            [
                0.9999999999094393,
                9.056076986882013e-11,
                0.0,
                0.0,
                0.0
            ],
            [
                0.9999999677579793,
                3.2241866318192296e-08,
                1.5428111527388045e-13,
                0.0,
                0.0
            ],
            [
                2.0205915727155837e-11,
                1.1860578150676422e-08,
                0.9999545901841131,
                4.5397855186735045e-05,
                7.991594695776886e-11
            ],
            [
                7.835041750718108e-13,
                9.545034880998291e-12,
                1.4637785077091787e-12,
                3.850741905887213e-09,
                0.9999999961374657
            ],
            [
                3.7010115843076785e-13,
                5.789356181244107e-12,
                1.1399918240025328e-12,
                2.5109990917751104e-08,
                0.9999999748827098
            ]
        ],
        [
            [
                0.9999999999842628,
                1.5737102100974073e-11,
                0.0,
                0.0,
                0.0
            ],
            [
                0.9999999317435384,
                6.825604226101853e-08,
                4.193796180494424e-13,
                0.0,
                0.0
            ],
            [
                2.5922450339580326e-11,
                1.6037652129112898e-09,
                8.307701557604641e-07,
                0.9990881170658943,
                0.0009110505342623444
            ],
            [
                2.8823399208021033e-13,
                7.433652631438157e-12,
                1.4637729925425528e-12,
                3.7266391146062255e-06,
                0.9999962733516997
            ],
            [
                4.193796182372559e-13,
                4.508755805640406e-12,
                1.0060394049827067e-12,
                6.825604229158608e-08,
                0.9999999317380235
            ]
        ],
        [
            [
                0.9999999999842628,
                1.5737102100223568e-11,
                0.0,
                0.0,
                0.0
            ],
            [
                0.9999999981810384,
                1.8189616835926002e-09,
                0.0,
                0.0,
                0.0
            ],
            [
                1.7256182679169335e-08,
                0.999903879095359,
                9.610239741860059e-05,
                1.250033680617685e-09,
                1.005943366560619e-12
            ],
            [
                5.384940206891822e-13,
                4.508755233200006e-12,
                1.0060392772539884e-12,
                1.6052280519476315e-09,
                0.9999999983887187
            ],
            [
                3.7010121481225274e-13,
                4.508755814299288e-12,
                1.1399919976697325e-12,
                1.8553915980007093e-07,
                0.9999998144548213
            ]
        ],
        [
            [
                0.9999999999740539,
                2.594609497484428e-11,
                0.0,
                0.0,
                0.0
            ],
            [
                0.5621764989311763,
                0.4378234974547476,
                3.569147067546067e-09,
                4.492893097043608e-11,
                0.0
            ],
            [
                2.087967911548735e-14,
                6.101936677321267e-13,
                0.9999999999962259,
                3.0988191385775698e-12,
                4.420228103435403e-14
            ],
            [
                6.101937451370389e-13,
                7.433681614991012e-12,
                2.734698638369318e-12,
                1.855391597891612e-07,
                0.9999998144500616
            ],
            [
                3.7010120692655786e-13,
                4.508755718231857e-12,
                1.006039385479223e-12,
                8.764249144583739e-08,
                0.9999999123516237
            ]
        ],
        [
            [
                0.999999999986112,
                1.3887943861350684e-11,
                0.0,
                0.0,
                0.0
            ],
            [
                0.9999999895325983,
                1.0467401680364143e-08,
                0.0,
                0.0,
                0.0
            ],
            [
                6.111815171033544e-09,
                0.962673038433723,
                0.03732688096096829,
                7.445715141005202e-08,
                3.634218144954912e-11
            ],
            [
                4.75212989904767e-13,
                1.0815797797313672e-11,
                3.5113754413468876e-12,
                1.3007124767709377e-05,
                0.9999869928604299
            ],
            [
                6.914399968067279e-13,
                5.789356212453776e-12,
                1.2917799788411183e-12,
