{
    "[['A', 'B', 'C', 'D', 'E'], ['A', 'B', 'C', 'D', 'E']]": [
        [
            [
                0.9999999999981204,
                1.8795288158617366e-12,
                0.0,
                0.0,
                0.0
            ],
            [
                0.999999999979793,
                2.0206839084173687e-11,
                0.0,
                0.0,
                0.0
            ],
            [
                4.19379565100203e-13,
                1.2501528641875365e-09,
                0.9999999983434691,
                4.0586521193359163e-10,
                9.357622952378715e-14
            ],
            [
                2.1290704609828593e-12,
                4.276352335613941e-11,
                1.7826488714809338e-11,
                0.00033535005517044253,
                0.9996646498821105
            ],
            [
                3.266131331478785e-13,
                2.7346982821232475e-12,
                4.752193046317146e-13,
                2.998960814473697e-09,
                0.9999999969975026
            ]
        ],
        [
            [
                0.9999999999993086,
                6.914400105004113e-13,
                0.0,
                0.0,
                0.0
            ],
            [
                0.999999999989184,
                1.081594155374749e-11,
                0.0,
                0.0,
                0.0
            ],
            [
                1.6586782635636302e-12,
                3.224186551911491e-08,
                0.9999999426458754,
                2.5109990113969614e-08,
                6.101936326830065e-13
            ],
            [
                2.12907046093848e-12,
                5.4909450895258314e-11,
                2.593738803229519e-11,
                0.00033535005575100396,
                0.999664649861273
            ],
            [
                6.101936667129619e-13,
                5.109089019292125e-12,
                1.0060392775561652e-12,
                1.2501528642405007e-09,
                0.9999999987431218
            ]
        ],
        [
            [
                0.9999999999997118,
                2.882350792733362e-13,
                0.0,
                0.0,
                0.0
            ],
            [
                0.9999999999981204,
                1.8795288160107834e-12,
                0.0,
                0.0,
                0.0
            ],
            [
                9.652679304103637e-10,
                0.008577485746108986,
                0.9914224017050512,
                1.1156980311352105e-07,
                1.3768807544229043e-11
            ],
            [
                2.543665770591575e-13,
                4.508755460698022e-12,
                8.878265908521052e-13,
                1.4449803161037973e-07,
                0.9999998554963174
            ],
            [
                1.2917800031510532e-12,
                3.978962530801262e-12,
                6.914400098188985e-13,
                6.691586082823568e-10,
                0.9999999993248792
            ]
        ],
        [
            [
                0.99999999999886,
                1.1399918527621341e-12,
                0.0,
                0.0,
                0.0
            ],
            [
                0.999999999979793,
                2.0206839084173687e-11,
                0.0,
                0.0,
                0.0
            ],
            [
                1.8795289931679995e-12,
                8.764249043064775e-08,
                0.9999999004942205,
                1.1861121265993833e-08,
                2.8823510643136035e-13
            ],
            [
                3.511421923930539e-12,
                2.5946093582937744e-11,
                5.7893560163870465e-12,
                5.3157849676306164e-08,
                0.9999999468069034
            ],
            [
                6.914400097033974e-13,
                3.978962530136599e-12,
                6.101936668863108e-13,
                6.691586081705778e-10,
                0.9999999993255608
            ]
        ],
        [
            [
                0.9999999999997455,
                2.5436656466660806e-13,
                0.0,
                0.0,
                0.0
            ],
            [
                0.9999999999969011,
                3.0988191380384815e-12,
                0.0,
                0.0,
                0.0
            ],
            [
                2.882350791266392e-13,
                5.905303994481805e-10,
                0.9999999992928421,
                1.162823302143431e-10,
                5.675685228343996e-14
            ],
            [
                5.384940215672638e-13,
                2.1297851701325764e-12,
                4.193795656758551e-13,
                1.9171715130172832e-10,
                0.9999999998051952
            ],
            [
                4.752193004197415e-13,
                3.511422070096049e-12,
                6.101936602395157e-13,
                1.1861120005148142e-08,
                0.999999988134283
            ]
        ],
        [
            [
                0.999999999996021,
                3.9789625347107e-12,
                0.0,
                0.0,
                0.0
            ],
            [
                0.999999999979793,
                2.0206839084173216e-11,
                0.0,
                0.0,
                0.0
            ],
            [
                1.599580758992822e-08,
                0.43782345205894785,
                0.5621764398507985,
                9.204951716187372e-08,
                4.492893149533752e-11
            ],
            [
                6.101925520744876e-13,
                1.081592178127736e-11,
                2.4133583592093083e-12,
                1.0677030760713885e-06,
                0.9999989322830845
            ],
            [
                5.384940211748131e-13,
                2.7346982885418246e-12,
                3.7010116744648783e-13,
                5.905303992357766e-10,
                0.9999999994058264
            ]
        ],
        [
            [
                0.9999999999981204,
                1.8795288161268617e-12,
                0.0,
                0.0,
                0.0
            ],
            [
                0.9999999999771028,
                2.28973484509534e-11,
                0.0,
                0.0,
                0.0
            ],
            [
                7.990649788701853e-11,
                0.0001584351984980068,
                0.9998354215065733,
                6.143199287616203e-06,
                1.573452235863321e-11
            ],
            [
                3.2661313372407904e-13,
                3.5114221074132936e-12,
                6.101936667242805e-13,
                1.1032560304699665e-09,
                0.9999999988922958
            ],
            [
                4.1937956564031514e-13,
                2.12978516995209e-12,
                6.101936674729689e-13,
                6.224144619974555e-11,
                0.9999999999345992
            ]
        ],
        [
            [
                0.9999999999994615,
                5.38494021604765e-13,
                0.0,
                0.0,
                0.0
            ],
            [
                0.9999999999572222,
                4.2777878672530605e-11,
                0.0,
                0.0,
                0.0
            ],
            [
                1.9810087965079622e-13,
                1.4930946750356926e-10,
                0.999999999259856,
                5.905303994350331e-10,
                1.0603575983275374e-13
            ],
            [
                8.877741174019379e-13,
                2.0205645778816387e-11,
                8.422966308265927e-12,
                5.829127721559031e-05,
                0.999941708693268
            ],
            [
                2.244777009944316e-13,
                3.0988190764954183e-12,
                5.384940109620754e-13,
                1.9555680695159047e-08,
                0.9999999804404576
            ]
        ],
        [
            [
                0.9999999999993898,
                6.101936675898115e-13,
                0.0,
                0.0,
                0.0
            ],
            [
                0.9999999999925664,
                7.433680670221856e-12,
                0.0,
                0.0,
                0.0
            ],
            [
                2.0321653687315105e-09,
                0.014063627162446675,
                0.985936363706726,
                7.092954083149875e-09,
                5.7079342900088646e-12
            ],
            [
                6.10193665322625e-13,
                5.109089007650977e-12,
                7.83504175376104e-13,
                3.3982678059179684e-09,
                0.9999999965952293
            ],
            [
                1.4637785126714402e-12,
                5.789356322978117e-12,
                1.1399918519116141e-12,
                3.1608814511729147e-10,
                0.9999999996755187
            ]
        ],
        [
            [
                0.9999999999989939,
                1.006039279034493e-12,
                0.0,
                0.0,
                0.0
            ],
            [
                0.9999999999666846,
                3.331544541234841e-11,
                0.0,
                0.0,
                0.0
            ],
            [
                2.0529271561850674e-08,
                0.18242550718744086,
                0.8175744489809444,
                2.326271231289988e-08,
                3.9630817200316516e-11
            ],
            [
                4.752184481747082e-13,
                7.433667249372116e-12,
                2.129781325207606e-12,
                1.760343133502887e-06,
                0.9999982396468278
            ],
            [
                4.508755237518854e-12,
                1.0815941545828734e-11,
                1.6586783571572497e-12,
                5.211412482368267e-10,
                0.9999999994618753
            ]
        ],
        [
            [
                0.9999999999985363,
                1.4637785137631726e-12,
                0.0,
                0.0,
                0.0
            ],
            [
                0.9999999999666846,
                3.3315445411255145e-11,
                0.0,
                0.0,
                0.0
            ],
            [
                2.543665704977847e-13,
                1.317651456847564e-10,
                0.9999993522726744,
                6.475946146542709e-07,
                6.914400263515749e-13
            ],
            [
                7.835042146305685e-13,
                9.545035362922618e-12,
                1.879528903196365e-12,
                5.043472048380628e-07,
                0.9999994956405871
            ],
            [
                1.4637785127703956e-12,
                3.978962532152573e-12,
                7.835041777808849e-13,
                4.59905537439342e-10,
                0.9999999995338682
            ]
        ],
        [
            [
                0.9999999999975866,
                2.4133627711537116e-12,
                0.0,
                0.0,
                0.0
            ],
            [
                0.999999999994891,
                5.1090890270568305e-12,
                0.0,
                0.0,
                0.0
            ],
            [
                3.701011629834602e-13,
                1.2501528499169105e-09,
                0.999999986887987,
                1.1861119995082413e-08,
                3.701011629834602e-13
            ],
            [
                6.101936668044608e-13,
                2.734698287307059e-12,
                3.2661313376699655e-13,
                1.103256030614936e-09,
                0.9999999988930726
            ],
            [
                5.384940189601676e-13,
                3.978962515035304e-12,
                7.83504174410295e-13,
                4.363462230131609e-09,
                0.9999999956312369
            ]
        ],
        [
            [
                0.9999999999983413,
                1.658678358550886e-12,
                0.0,
                0.0,
                0.0
            ],
            [
                0.999999999990455,
                9.545034920398523e-12,
                0.0,
                0.0,
                0.0
            ],
            [
                4.2774617561661834e-11,
                7.484619534010663e-05,
                0.9999246494413749,
                5.043096950843018e-07,
                1.0815117014993188e-11
            ],
            [
                5.384940197240462e-13,
                3.9789625206796454e-12,
                7.835041755217316e-13,
                3.3982678065495944e-09,
                0.9999999965964312
            ],
            [
                8.878265473310126e-13,
                3.0988191369244623e-12,
                6.101936674066106e-13,
                3.581747928205711e-10,
                0.9999999996372284
            ]
        ],
        [
            [
                0.9999999999992164,
                7.835041783354765e-13,
                0.0,
                0.0,
                0.0
            ],
            [
                0.999999999683912,
                3.16088145203088e-10,
                0.0,
                0.0,
                0.0
            ],
            [
                1.658678338581883e-12,
                1.1861120005948297e-08,
                0.9999999878581202,
                2.7894680586751724e-10,
                1.5428111842798578e-13
            ],
            [
                2.2042649096862488e-11,
                3.90715304002441e-10,
                5.684874128834923e-10,
                0.037326883882520215,
                0.9626731151362344
            ],
            [
                6.914400095082335e-13,
                3.5114221073545892e-12,
                6.914400095082335e-13,
                1.2501528642427897e-09,
                0.9999999987449528
            ]
        ],
        [
            [
                0.9999999999996299,
                3.7010116776792833e-13,
                0.0,
                0.0,
                0.0
            ],
            [
                0.9999999999622486,
                3.7751345430828595e-11,
                0.0,
                0.0,
                0.0
            ],
            [
                9.056025641941442e-11,
                4.785094824052199e-06,
                0.9999952098689014,
                4.944422467027203e-09,
                1.2917726804254786e-12
            ],
            [
                8.878265106752447e-13,
                5.789356086347103e-12,
                1.1399918053162047e-12,
                4.139937545457989e-08,
                0.9999999585928074
            ],
            [
                7.835041781746986e-13,
                1.8795288157432793e-12,
                3.2661313414045477e-13,
                6.224144620272442e-11,
                0.9999999999347688
            ]
        ],
        [
            [
                0.9999999999995806,
                4.1937956574659755e-13,
                0.0,
                0.0,
                0.0
            ],
            [
                0.9999999999771028,
                2.2897348448688527e-11,
                0.0,
                0.0,
                0.0
            ],
            [
                2.594515750411413e-11,
                3.5356257145263394e-05,
                0.9999646302760974,
                1.343992432517119e-08,
                8.877944690905871e-13
            ],
            [
                2.2447769343571994e-13,
                3.978962321955581e-12,
                5.384939928296687e-13,
                5.3157849686843684e-08,
                0.9999999468374083
            ],
            [
                8.878265471315451e-13,
                3.0988191362282524e-12,
                6.101936672695187e-13,
                2.7894680906242816e-10,
                0.9999999997164564
            ]
        ],
        [
            [
                0.9999999999985363,
                1.46377851371516e-12,
                0.0,
                0.0,
                0.0
            ],
            [
                0.999999999987744,
                1.2256067440930058e-11,
                0.0,
                0.0,
                0.0
            ],
            [
                4.1937956445059803e-13,
                2.6465736301539434e-09,
                0.9999999967624122,
                5.905303979408606e-10,
                6.4313939201762e-14
            ],
            [
                5.384940079315259e-13,
                5.78935617989494e-12,
                1.6586783162720858e-12,
                2.5109990911899407e-08,
                0.9999999748820225
            ],
            [
                2.244777051917769e-13,
                2.4133627684969537e-12,
                2.882350789459793e-13,
                9.73620029955013e-10,
                0.9999999990234538
            ]
        ],
        [
            [
                0.9999999999978701,
                2.1297851704266703e-12,
                0.0,
                0.0,
                0.0
            ],
            [
                0.9999999999915765,
                8.423463752566274e-12,
                0.0,
                0.0,
                0.0
            ],
            [
                8.423463934573306e-12,
                6.475946138360074e-07,
                0.999999351145922,
                1.250152893116644e-09,
                8.878265668288572e-13
            ],
            [
                6.10193660271694e-13,
                4.5087551869593784e-12,
                7.835041688905801e-13,
                1.1861120005773634e-08,
                0.9999999881329774
            ],
            [
                3.701011650247335e-13,
                3.5114220864832048e-12,
                8.87826541046273e-13,
                7.194132975226902e-09,
                0.9999999928010976
            ]
        ],
        [
            [
                0.9999999999985363,
                1.463778513660711e-12,
                0.0,
                0.0,
                0.0
            ],
            [
                0.999999999987744,
                1.2256067440072848e-11,
                0.0,
                0.0,
                0.0
            ],
            [
                2.2897351233101227e-11,
                6.825604204041287e-08,
                0.9999999278695347,
                3.8507423897276235e-09,
                7.8350427351803e-13
            ],
            [
                1.872916494164274e-11,
                7.028067294456485e-10,
                1.3130158311429946e-09,
                0.4378234983444999,
                0.5621764996209483
            ],
            [
                3.701011673041161e-13,
                3.978962529868803e-12,
                8.878265465142275e-13,
                9.73620029840528e-10,
                0.999999999021143
            ]
        ],
        [
            [
                0.9999999999972653,
                2.7346982908209467e-12,
                0.0,
                0.0,
                0.0
            ],
            [
                0.9999999999666846,
                3.3315445411255823e-11,
                0.0,
                0.0,
                0.0
            ],
            [
                5.21076653317698e-10,
                0.00012339462559168626,
                0.999876585296096,
                1.9553257160678e-08,
                3.978469343328852e-12
            ],
            [
                8.878249728537669e-13,
                1.081592236995274e-11,
                1.879525482280572e-12,
                1.370956654321345e-06,
                0.9999986290297623
            ],
            [
                5.384940207379814e-13,
                3.978962528171669e-12,
                6.914400093619439e-13,
                1.6052280520930997e-09,
                0.9999999983895631
            ]
        ],
        [
            [
                0.9999999999989939,
                1.0060392790014474e-12,
                0.0,
                0.0,
                0.0
            ],
            [
                0.9999999999572222,
                4.2777878675918814e-11,
                0.0,
                0.0,
                0.0
            ],
            [
                2.424089173692598e-08,
                0.14804719528723645,
                0.8519527590572551,
                2.139251187372569e-08,
                2.210483200386229e-11
            ],
            [
                2.7344376251616476e-12,
                4.277380118067737e-11,
                1.573560207512597e-11,
                9.610239983453241e-05,
                0.9999038975389216
            ],
            [
                4.193795656150872e-13,
                3.098819137075047e-12,
                5.384940214892363e-13,
                1.6918979217160197e-10,
                0.9999999998267535
            ]
        ],
        [
            [
                0.9999999999995248,
                4.752193061265413e-13,
                0.0,
                0.0,
                0.0
            ],
            [
                0.9999999999942106,
                5.789356327270959e-12,
                0.0,
                0.0,
                0.0
            ],
            [
                2.0560569305714993e-09,
                0.0024726228888901545,
                0.9975271057418966,
                2.6929031543483694e-07,
                2.2840729324147887e-11
            ],
            [
                5.384940151048249e-13,
                3.97896248654796e-12,
                6.914400021288278e-13,
                1.1861120004414557e-08,
                0.9999999881336711
            ],
            [
                1.0060392765294705e-12,
                5.109089014078139e-12,
                8.878265454157049e-13,
                2.061153616796531e-09,
                0.9999999979318435
            ]
        ],
        [
            [
                0.9999999999981204,
                1.879528816174987e-12,
                0.0,
                0.0,
                0.0
            ],
            [
                0.9999999999942106,
                5.789356326866177e-12,
                0.0,
                0.0,
                0.0
            ],
            [
                4.277470006556408e-11,
                7.484619694590603e-05,
                0.9999251474106594,
                6.348328366395556e-09,
                1.2916840186545108e-12
            ],
            [
                2.7346411494964724e-12,
                2.289687001154847e-11,
                6.5600630913928735e-12,
                2.1444939758778388e-05,
                0.9999785550280497
            ],
            [
                8.87826546852054e-13,
                5.7893563222495326e-12,
                1.1399918517681474e-12,
                5.211412482054422e-10,
                0.9999999994710416
            ]
        ],
        [
            [
                0.9999999999975866,
                2.4133627712328144e-12,
                0.0,
                0.0,
                0.0
            ],
            [
                0.9999999999915765,
                8.423463752046102e-12,
                0.0,
                0.0,
                0.0
            ],
            [
                9.480040482532592e-09,
                0.37754065995723557,
                0.6224592974741314,
                3.308859253466079e-08,
                0.0
            ],
            [
                5.384848107093885e-13,
                1.573683292005575e-11,
                3.098766132696687e-12,
                1.6701415103752737e-05,
                0.9999832985655221
            ],
            [
                1.0060392705506112e-12,
                5.109088983714986e-12,
                1.0060392705506112e-12,
                8.15202064370832e-09,
                0.9999999918408583
            ]
        ],
        [
            [
                0.9999999999993086,
                6.914400105231937e-13,
                0.0,
                0.0,
                0.0
            ],
            [
                0.9999999999740539,
                2.5946094973885077e-11,
                0.0,
                0.0,
                0.0
            ],
            [
                4.018585463382466e-08,
                0.02931222740568655,
                0.9706876359605522,
                9.64008538480352e-08,
                4.705279823482189e-11
            ],
            [
                5.38494004129388e-13,
                4.5087550945465455e-12,
                1.1399918156877401e-12,
                3.22418663160273e-08,
                0.9999999677519464
            ],
            [
                3.701011620887688e-13,
                2.7346982489533377e-12,
                4.1937955929912307e-13,
                1.522997950725168e-08,
                0.9999999847664962
            ]
        ],
        [
            [
                0.9999999999985363,
                1.4637785138055136e-12,
                0.0,
                0.0,
                0.0
            ],
            [
                0.9999999999954912,
                4.508755241163881e-12,
                0.0,
                0.0,
                0.0
            ],
            [
                6.224144830780828e-11,
                3.9278636766632346e-07,
                0.9999996015471304,
                5.60279662465862e-09,
                1.4637785630129635e-12
            ],
            [
                6.101890441101646e-13,
                1.2255974575599299e-11,
                3.511395506105732e-12,
                7.889265047032767e-06,
                0.9999921107185754
            ],
            [
                1.6586783561547319e-12,
                5.109089019563468e-12,
                8.878265463689122e-13,
                1.2501528643068962e-09,
                0.9999999987421915
            ]
        ],
        [
            [
                0.9999999999969011,
                3.0988191378472755e-12,
                0.0,
                0.0,
                0.0
            ],
            [
                0.9999999999450722,
                5.4927883491198205e-11,
                0.0,
                0.0,
                0.0
            ],
            [
                2.0206685925674106e-11,
                7.889265027403417e-06,
                0.9999921080675209,
                2.646553578312132e-09,
                6.914347696913935e-13
            ],
            [
                4.752193049468892e-13,
                2.734698283936952e-12,
                4.752193049468892e-13,
                2.3355930322615836e-09,
                0.9999999976607219
            ],
            [
                2.020683907660987e-11,
                1.3887943855608432e-11,
                2.129785169521059e-12,
                1.1628233022387632e-10,
                0.9999999998474931
            ]
        ],
        [
            [
                0.9999999999985363,
                1.463778513660711e-12,
                0.0,
                0.0,
                0.0
            ],
            [
                0.999999999868235,
                1.3176514264677454e-10,
                0.0,
                0.0,
                0.0
            ],
            [
                4.508755089991082e-12,
                3.224186628345142e-08,
                0.9999999663367278,
                1.4166087387907824e-09,
                2.882350696079862e-13
            ],
            [
                5.384940132098635e-13,
                5.789356236642418e-12,
                1.0060392632807814e-12,
                1.5229979502457385e-08,
                0.9999999847626866
            ],
            [
                2.543665643939166e-13,
                2.1297851680773864e-12,
                3.26613133837328e-13,
                7.582560417664098e-10,
                0.9999999992390332
            ]
        ],
        [
            [
                0.9999999999975866,
                2.4133627711535755e-12,
                0.0,
                0.0,
                0.0
            ],
            [
                0.999999999782756,
                2.1724399340719433e-10,
                0.0,
                0.0,
                0.0
            ],
            [
                6.91440098022262e-13,
                8.592167704356904e-10,
                0.9999998135990525,
                1.8553915969502126e-07,
                1.879529053921856e-12
            ],
            [
                7.835042417762598e-13,
                6.560200697905503e-12,
                1.658678492856443e-12,
                1.125351838067414e-07,
                0.9999998874558138
            ],
            [
                5.384940202962341e-13,
                3.978962524907573e-12,
                8.878265454072276e-13,
                2.335593032383782e-09,
                0.9999999976590017
            ]
        ],
        [
            [
                0.9999999999978701,
                2.1297851702774356e-12,
                0.0,
                0.0,
                0.0
            ],
            [
                0.9999999999842628,
                1.5737102102739354e-11,
                0.0,
                0.0,
                0.0
            ],
            [
                2.6943779332105063e-07,
                0.11920288968070016,
                0.8807967416293704,
                9.912062483741467e-08,
                1.3151130534544977e-10
            ],
            [
                1.4636697563818174e-12,
                2.289564719910015e-11,
                8.422837896863462e-12,
                7.484619760737497e-05,
                0.9999251537696104
            ],
            [
                1.4637785112792567e-12,
                4.508755233526519e-12,
                1.0060392773268433e-12,
                1.4166087838882763e-09,
                0.9999999985764125
            ]
        ],
        [
            [
                0.9999999999992164,
                7.835041783127505e-13,
                0.0,
                0.0,
                0.0
            ],
            [
                0.9999999999821676,
                1.7832472903435825e-11,
                0.0,
                0.0,
                0.0
            ],
            [
                2.5946096139869572e-11,
                5.043472040768219e-07,
                0.9999994935646901,
                2.061153714358786e-09,
                1.006039324149143e-12
            ],
            [
                7.835041780457725e-13,
                3.0988191368998544e-12,
                6.914400102874836e-13,
                6.224144619248255e-11,
                0.9999999999331848
            ],
            [
                4.752193046011629e-13,
                5.109089010045139e-12,
                1.0060392757353258e-12,
                2.9989608142808944e-09,
                0.9999999969944489
            ]
        ],
        [
            [
                0.9999999999983413,
                1.6586783582375846e-12,
                0.0,
                0.0,
                0.0
            ],
            [
                0.9999999999094393,
                9.056076985988642e-11,
                0.0,
                0.0,
                0.0
            ],
            [
                1.2256068975056112e-11,
                3.0590235871336367e-07,
                0.9999996931114769,
                9.736201529199054e-10,
                2.8823511534908766e-13
            ],
            [
                9.542542119344858e-12,
                1.3173073061016602e-10,
                6.222519110837939e-11,
                0.0002611903278732749,
                0.9997388094686283
            ],
            [
                4.752193010527408e-13,
                3.978962492094087e-12,
                6.101936610523027e-13,
                1.0467401679670151e-08,
                0.9999999895275339
            ]
        ],
        [
            [
                0.9999999999989939,
                1.0060392790345114e-12,
                0.0,
                0.0,
                0.0
            ],
            [
                0.9999999991407833,
                8.592166607837806e-10,
                0.0,
                0.0,
                0.0
            ],
            [
                1.0261704034527389e-10,
                1.6701414997430563e-05,
                0.9999832921301827,
                6.348691477918711e-09,
                3.511362027327589e-12
            ],
            [
                2.412732492992887e-12,
                4.27667067299304e-11,
                1.5732992172549755e-11,
                0.0002611903277649713,
                0.9997388096113227
            ],
            [
                0.0,
                1.8795288148824287e-12,
                2.2447770530423828e-13,
                3.5817479271261567e-10,
                0.9999999996397213
            ]
        ],
        [
            [
                0.9999999999993898,
                6.101936675897932e-13,
                0.0,
                0.0,
                0.0
            ],
            [
                0.999999999994891,
                5.109089026205803e-12,
                0.0,
                0.0,
                0.0
            ],
            [
                7.9909693839632e-11,
                0.00012339462718809858,
                0.9998765971383808,
                8.15101036783199e-09,
                3.51098691409872e-12
            ],
            [
                1.9810087949457644e-13,
                1.879528813594835e-12,
                2.5436656433923154e-13,
                9.73620029775798e-10,
                0.999999999024048
            ],
            [
                6.914400091513021e-13,
                4.508755232235039e-12,
                1.139991850500843e-12,
                1.8189616834946385e-09,
                0.9999999981746981
            ]
        ],
        [
            [
                0.9999999999975866,
                2.4133627710640126e-12,
                0.0,
                0.0,
                0.0
            ],
            [
                0.9999999999942106,
                5.789356327271183e-12,
                0.0,
                0.0,
                0.0
            ],
            [
                2.1719967810773194e-10,
                0.00020342705869620415,
                0.999796557492123,
                1.522687299531042e-08,
                5.108046829744626e-12
            ],
            [
                3.7010121431371795e-13,
                6.56020099157862e-12,
                1.87952905245425e-12,
                3.0590235889814957e-07,
                0.9999996940888313
            ],
            [
                1.4637785129874426e-12,
                3.978962532742568e-12,
                5.384940213565852e-13,
                1.0261879623720626e-10,
                0.9999999998914
            ]
        ],
        [
            [
                0.9999999999997455,
                2.5436656466660806e-13,
                0.0,
                0.0,
                0.0
            ],
            [
                0.999999999986112,
                1.388794386175193e-11,
                0.0,
                0.0,
                0.0
            ],
            [
                1.0060392755131527e-12,
                1.6052280491699684e-09,
                0.9999999963323878,
                2.0611536147143193e-09,
                2.2447770466086006e-13
            ],
            [
                5.384940479007187e-13,
                6.560200486425273e-12,
                1.4637785851418784e-12,
                1.4449803162132064e-07,
                0.999999855493406
            ],
            [
                3.2661313358308947e-13,
                2.734698285767224e-12,
                4.752193052649428e-13,
                1.6052280517666266e-09,
                0.9999999983912353
            ]
        ],
        [
            [
                0.9999999999993086,
                6.914400105005605e-13,
                0.0,
                0.0,
                0.0
            ],
            [
                0.9999999999705993,
                2.940077738377247e-11,
                0.0,
                0.0,
                0.0
            ],
            [
                5.109089413688942e-12,
                8.315279888587201e-07,
                0.9999991668613037,
                1.6052281763455787e-09,
                3.7010119579389316e-13
            ],
            [
                1.1399918971597954e-12,
                1.0815941975841334e-11,
                2.4133628652256007e-12,
                3.9278636974816236e-07,
                0.999999607199261
            ],
            [
                7.835041779373218e-13,
                3.0988191364709237e-12,
                5.384940213842555e-13,
                3.16088145201771e-10,
                0.999999999679491
            ]
        ],
        [
            [
                0.9999999999964886,
                3.5114221122534747e-12,
                0.0,
                0.0,
                0.0
            ],
            [
                0.999999999782756,
                2.172439934000737e-10,
                0.0,
                0.0,
                0.0
            ],
            [
                1.201542572323002e-13,
                2.9400777371943713e-11,
                0.9999999993796607,
                5.905303994745959e-10,
                2.882350791395324e-13
            ],
            [
                4.193795648018151e-13,
                2.7346982848353975e-12,
                4.752193051030156e-13,
                2.0611536173461726e-09,
                0.999999997935217
            ],
            [
                1.1399918467262515e-12,
                5.109088999747548e-12,
                1.0060392737076099e-12,
                4.9444504745353325e-09,
                0.9999999950482943
            ]
        ],
        [
            [
                0.9999999999969011,
                3.0988191378472755e-12,
                0.0,
                0.0,
                0.0
            ],
            [
                0.9999999999200804,
                7.991959890084798e-11,
                0.0,
                0.0,
                0.0
            ],
            [
                2.331093717342392e-09,
                0.11920291968471541,
                0.8807970457922023,
                3.2179756155727976e-08,
                1.2232457171970332e-11
            ],
            [
                8.878265337226921e-13,
                5.789356236635339e-12,
                1.8795287866401125e-12,
                1.522997950243876e-08,
                0.9999999847614638
            ],
            [
                6.101936674380088e-13,
                2.413362770557608e-12,
                4.193795656162874e-13,
                2.4616969505142316e-10,
                0.9999999997503874
            ]
        ],
        [
            [
                0.9999999999993086,
                6.914400105005119e-13,
                0.0,
                0.0,
                0.0
            ],
            [
                0.9999999999622486,
                3.775134543082672e-11,
                0.0,
                0.0,
                0.0
            ],
            [
