{
    "[['A', 'B', 'C', 'D', 'E'], ['A', 'B', 'C', 'D', 'E']]": [
        [
            [
                0.9999999907619402,
                9.237449566443211e-09,
                6.10193661450327e-13,
                0.0,
                0.0
            ],
            [
                0.0007096690121818403,
                0.9992885710239712,
                1.7590944331196172e-06,
                8.586056257142033e-10,
                1.0808249746644437e-11
            ],
            [
                6.914387623075116e-13,
                1.4930919804329315e-10,
                0.9999982394994319,
                1.7603431338723664e-06,
                7.433667250932372e-12
            ],
            [
                1.4165710621711218e-09,
                1.9171204592371806e-10,
                6.223978873145231e-11,
                2.7535689790507746e-05,
                0.9999724626396866
            ],
            [
                1.3708952254149225e-06,
                2.99881826965714e-09,
                4.058459198991778e-10,
                4.5397814977628534e-05,
                0.9999532278851329
            ]
        ],
        [
            [
                0.9999999995941349,
                4.05865212369511e-10,
                0.0,
                0.0,
                0.0
            ],
            [
                0.11920269572888154,
                0.8807953122649158,
                1.9908872760243334e-06,
                1.1011286350952545e-09,
                1.779808673423662e-11
            ],
            [
                1.9810087676834606e-13,
                2.5946094585054852e-11,
                0.9999999847422176,
                1.5229979511262762e-08,
                1.6586783334894934e-12
            ],
            [
                2.2069307756634483e-08,
                6.3229625356595794e-09,
                4.5803386981985453e-10,
                0.004070137660767999,
                0.9959298334889278
            ],
            [
                4.363445772561736e-09,
                3.5817344023618704e-10,
                4.847350398219635e-11,
                3.726639096864043e-06,
                0.9999962685908104
            ]
        ],
        [
            [
                0.9999999994787385,
                5.2114124830569e-10,
                1.2015425720631965e-13,
                0.0,
                0.0
            ],
            [
                1.848791635168192e-06,
                0.4378064302137426,
                0.5621545829777594,
                3.713397265145123e-05,
                4.044211424438828e-09
            ],
            [
                1.748234125957048e-13,
                1.7832472884542855e-11,
                0.9999999987313013,
                1.250152864732007e-09,
                5.384940210626386e-13
            ],
            [
                4.0586137266777476e-10,
                3.581714042580434e-10,
                7.991884279268523e-11,
                1.0129988094879281e-05,
                0.9999898691679535
            ],
            [
                2.9988981483859476e-09,
                9.735996832298843e-10,
                2.4616455038347313e-10,
                2.1444939668999773e-05,
                0.9999785508416686
            ]
        ],
        [
            [
                0.9999999993308415,
                6.691586084097666e-10,
                0.0,
                0.0,
                0.0
            ],
            [
                1.7161881760981176e-08,
                0.004064052745107085,
                0.994440843101733,
                0.0014950814196310347,
                5.5716472582147996e-09
            ],
            [
                3.44247708902228e-14,
                8.423463706881701e-12,
                0.999999994388419,
                5.602796405885209e-09,
                3.266131324335986e-13
            ],
            [
                7.185712972809763e-09,
                2.0587412355704933e-09,
                3.157181939232001e-10,
                0.0011695103359213956,
                0.9988304801039062
            ],
            [
                2.215940546381775e-08,
                4.599037880763817e-10,
                6.224120942090821e-11,
                2.902312134137937e-06,
                0.9999970750063154
            ]
        ],
        [
            [
                0.999999999979793,
                2.020683908342396e-11,
                0.0,
                0.0,
                0.0
            ],
            [
                0.9975273767472744,
                0.0024726230071645994,
                2.45560989282563e-10,
                0.0,
                0.0
            ],
            [
                1.0077302988158732e-10,
                1.6947417801991722e-08,
                0.9820137502968445,
                0.017986210894049566,
                2.176091520498367e-08
            ],
            [
                6.825200617372351e-08,
                2.998783864919283e-09,
                1.317573676239037e-10,
                5.82912795235272e-05,
                0.9999416373379291
            ],
            [
                1.4165953826839566e-09,
                2.1724193794417687e-10,
                3.7750988239376506e-11,
                1.0129988086921664e-05,
                0.9999898683403248
            ]
        ],
        [
            [
                0.9999999994788586,
                5.211412483056024e-10,
                0.0,
                0.0,
                0.0
            ],
            [
                0.9998766053517334,
                0.00012339463043631972,
                1.783026289365362e-11,
                0.0,
                0.0
            ],
            [
                5.0087746331092103e-14,
                5.78935632325855e-12,
                0.9999999991347193,
                8.59216661105279e-10,
                2.2447770528992102e-13
            ],
            [
                7.193873134558771e-09,
                4.598889232847355e-10,
                1.0261508910301199e-10,
                3.535625724113289e-05,
                0.9999646359863817
            ],
            [
                2.9022817550245607e-06,
                1.2501362166257443e-09,
                1.0261742962141027e-10,
                1.0129958684219969e-05,
                0.9999869664068072
            ]
        ],
        [
            [
                0.9999999981808636,
                1.818961683407556e-09,
                1.7482341242867582e-13,
                0.0,
                0.0
            ],
            [
                0.9947798739030973,
                0.0052201257366394915,
                3.5630507374010437e-10,
                3.958191830736989e-12,
                0.0
            ],
            [
                9.151182852881499e-10,
                3.8911819648494264e-08,
                0.9399132156940898,
                0.06008663870567994,
                1.0577329226277759e-07
            ],
            [
                7.643146747655359e-08,
                2.8117565543187807e-08,
                1.705416557842291e-08,
                0.3208212685057288,
                0.6791786098910727
            ],
            [
                2.144448981316919e-05,
                1.1860600830302532e-08,
                2.789345960266256e-10,
                2.144448981316919e-05,
                0.9999570988808382
            ]
        ],
        [
            [
                0.9999999956356291,
                4.363462230148944e-09,
                5.38494018962307e-13,
                0.0,
                3.701011659258561e-13
            ],
            [
                4.580690851132702e-09,
                2.094038605714573e-06,
                0.817572125325882,
                0.1824250057010694,
                7.703537520617035e-07
            ],
            [
                3.5784836960262816e-10,
                4.1361647769740384e-08,
                0.9990888976921283,
                0.0009110513593444981,
                9.229031090865118e-09
            ],
            [
                1.3006368016798277e-05,
                4.944101834952941e-09,
                4.058365923185276e-10,
                5.829049738567941e-05,
                0.9999286977846591
            ],
            [
                4.5990555989334125e-10,
                1.4930947477119653e-10,
                1.7832473762268888e-11,
                1.4449803153195078e-07,
                0.9999998548749209
            ]
        ],
        [
            [
                0.9999999999200804,
                7.991959890084926e-11,
                0.0,
                0.0,
                0.0
            ],
            [
                0.0019267251260871344,
                0.9980684933854468,
                4.775876327450033e-06,
                5.591970930308643e-09,
                2.0167796214922743e-11
            ],
            [
                3.900837402656482e-14,
                8.423463306341085e-12,
                0.9999999468333994,
                5.3157849716250935e-08,
                2.8823506401035674e-13
            ],
            [
                2.753568831615917e-05,
                1.8189131509816595e-09,
                3.331455644334971e-11,
                5.315643409770825e-08,
                0.999972409303022
            ],
            [
                2.5946094399296983e-11,
                2.020683863581708e-11,
                3.098819069036548e-12,
                2.215948927505029e-08,
                0.9999999777912589
            ]
        ],
        [
            [
                0.9999999936504702,
                6.348800073155029e-09,
                4.752193030668213e-13,
                0.0,
                2.5436656301934567e-13
            ],
            [
                0.00020341969633889294,
                0.999761219347644,
                3.53490428083015e-05,
                1.185829410325634e-08,
                5.49147963105166e-11
            ],
            [
                5.45602366803556e-11,
                3.824967890209213e-09,
                0.9933071376198235,
                0.006692851354667638,
                7.145980798191419e-09
            ],
            [
                9.237432679862039e-09,
                2.1724359412698857e-10,
                2.5946047283516744e-11,
                2.2603252515960977e-06,
                0.9999977301941261
            ],
            [
                9.056077409620523e-11,
                7.991960263556438e-11,
                1.7832473735072353e-11,
                5.04347204972251e-07,
                0.9999994954644822
            ]
        ],
        [
            [
                0.999999971545765,
                2.845334724881389e-08,
                8.878265216037121e-13,
                0.0,
                0.0
            ],
            [
                0.9999999530875785,
                4.6911637965849995e-08,
                7.835041408859551e-13,
                0.0,
                0.0
            ],
            [
                1.626111042984903e-14,
                4.508755237767202e-12,
                0.9999999990217614,
                9.736200303232621e-10,
                9.357622959443392e-14
            ],
            [
                4.0586447042557883e-10,
                2.172435962250988e-10,
                2.940072362646407e-11,
                1.0677030757221574e-06,
                0.9999989316444156
            ],
            [
                0.004066444182524061,
                1.8461619223777602e-07,
                7.158353433663233e-09,
                0.0009073463416812443,
                0.9950260177012491
            ]
        ],
        [
            [
                0.9999999895319881,
                1.04674016772348e-08,
                6.101936609103347e-13,
                0.0,
                0.0
            ],
            [
                4.2984892545193016e-07,
                0.029163663092411675,
                0.9657679811079781,
                0.005067885968506342,
                3.998217823866385e-08
            ],
            [
                1.3615260917532017e-13,
                2.0206838847767724e-11,
                0.9999999881176492,
                1.1861120009026601e-08,
                8.878265371932609e-13
            ],
            [
                0.7293611848934971,
                4.168305795645711e-07,
                1.6162275522653816e-08,
                0.002321397319500964,
                0.26831698479414684
            ],
            [
                5.04285141210772e-07,
                6.348013088307112e-09,
                1.1031192674301656e-09,
                0.000123394505614999,
                0.9998760937581114
            ]
        ],
        [
            [
                0.9999999999515263,
                4.847368704682545e-11,
                0.0,
                0.0,
                0.0
            ],
            [
                0.11920290051604433,
                0.8807970221828019,
                7.719522806485251e-08,
                1.0242111796511192e-10,
                3.5046579321433033e-12
            ],
            [
                2.8823455896410543e-13,
                7.991945464249548e-11,
                0.9999982395726794,
                1.7603431340225337e-06,
                3.978955352208324e-12
            ],
            [
                1.4448410958367646e-07,
                2.060957100715959e-09,
                2.1722328027073022e-10,
                9.610239659744709e-05,
                0.9999037508411125
            ],
            [
                9.056042735542476e-11,
                1.0261840816687027e-10,
                2.2897261848450708e-11,
                2.902312198636836e-06,
                0.9999970974717253
            ]
        ],
        [
            [
                0.9999999985833912,
                1.4166087840610553e-09,
                0.0,
                0.0,
                0.0
            ],
            [
                0.5621763915108924,
                0.4378234132695718,
                1.948688242197619e-07,
                3.319823865255585e-10,
                1.872916463102284e-11
            ],
            [
                5.0087746326192324e-14,
                1.3887943850478557e-11,
                0.9999999990119035,
                9.736200302854471e-10,
                5.384940212137412e-13
            ],
            [
                8.59216727093658e-10,
                2.461697138548459e-10,
                2.940077962305326e-11,
                8.315279891722694e-07,
                0.9999991673372236
            ],
            [
                8.150357848192562e-09,
                3.5810173178305433e-10,
                5.4916679204701764e-11,
                0.0002034270604007086,
                0.999796564376223
            ]
        ],
        [
            [
                0.9999999827416971,
                1.7257827673316822e-08,
                4.752192976129535e-13,
                0.0,
                0.0
            ],
            [
                0.9988304894697512,
                0.0011695103588464928,
                1.689917725357107e-10,
                2.410538172145774e-12,
                0.0
            ],
            [
                4.752175090266622e-13,
                1.3176464437321566e-10,
                0.9999970975489998,
                2.9023122001107893e-06,
                6.560175357876566e-12
            ],
            [
                3.0587288527726867e-07,
                3.850367715975403e-09,
                5.904730134241909e-10,
                9.610240378875543e-05,
                0.9999035872824852
            ],
            [
                0.0002611883259063625,
                1.2748477953873908e-07,
                1.1029594556062004e-09,
                7.887204022827913e-06,
                0.9997307958823318
            ]
        ],
        [
            [
                0.9999999865589801,
                1.344040975893398e-08,
                6.101936590346186e-13,
                0.0,
                0.0
            ],
            [
                0.002472617075653554,
                0.9975251261145207,
                2.25473598431381e-06,
                2.0560530811825736e-09,
                1.7788344579828672e-11
            ],
            [
                4.4202279608946797e-14,
                1.3887943416467872e-11,
                0.9999999677438313,
                3.2241866331351046e-08,
                3.701011559072497e-13
            ],
            [
                8.315271516698472e-07,
                2.646568650111171e-09,
                1.4930918617099553e-10,
                6.475939968656117e-07,
                0.9999985180829737
            ],
            [
                1.9171680081928572e-10,
                9.056060430554175e-11,
                1.2256045033769299e-11,
                1.0677030759688579e-06,
                0.9999989320023907
            ]
        ],
        [
            [
                0.999999999989184,
                1.0815941554149966e-11,
                0.0,
                0.0,
                0.0
            ],
            [
                0.9999977396689387,
                2.2603252719895544e-06,
                5.789345737823355e-12,
                0.0,
                0.0
            ],
            [
                5.475361668473152e-11,
                1.72030749792056e-08,
                0.996827282572632,
                0.0031726829664643777,
                1.72030749792056e-08
            ],
            [
                7.888903991033696e-06,
                7.193749277414674e-09,
                1.1031971819286553e-09,
                4.539750801755479e-05,
                0.9999467052910449
            ],
            [
                0.0011693981961078098,
                1.3423398424722367e-08,
                1.1018596412213808e-09,
                9.599000354668788e-05,
                0.9987345972750874
            ]
        ],
        [
            [
                0.9999999804437092,
                1.9555680686365902e-08,
                6.101936552330548e-13,
                0.0,
                0.0
            ],
            [
                1.1018302371136578e-09,
                0.0001232503151694828,
                0.9987073820279874,
                0.00116936588671898,
                6.682938206078741e-10
            ],
            [
                5.008774620600281e-14,
                1.0815941520050694e-11,
                0.9999999965907118,
                3.3982678077961825e-09,
                1.5428111978806004e-13
            ],
            [
                2.4616455132023357e-10,
                1.9171314533261894e-10,
                2.9400163046220733e-11,
                2.1444939750606854e-05,
                0.9999785545929715
            ],
            [
                5.905270961889417e-10,
                2.4616831799220704e-10,
                5.492757621707076e-11,
                6.144172120165679e-06,
                0.9999938549362569
            ]
        ],
        [
            [
                0.9999998874639284,
                1.1253518368376008e-07,
                8.878266185698258e-13,
                0.0,
                0.0
            ],
            [
                0.9992903295187268,
                0.0007096703496015161,
                1.3167168447611124e-10,
                0.0,
                0.0
            ],
            [
                7.287725008837294e-14,
                2.594609823333248e-11,
                0.9999999317174003,
                6.825604231457256e-08,
                5.384940892387863e-13
            ],
            [
                5.211224256437859e-10,
                2.789367339833741e-10,
                4.847193623747871e-11,
                3.535625748816958e-05,
                0.9999646428939808
            ],
            [
                2.2157842801976348e-08,
                2.0610004302360065e-09,
                1.9170290228135983e-10,
                7.484619525693103e-05,
                0.999925129394197
            ]
        ],
        [
            [
                0.9999999999915765,
                8.423463752046325e-12,
                0.0,
                0.0,
                0.0
            ],
            [
                0.14804718953355273,
                0.8519527257132832,
                8.460902246834221e-08,
                1.4414160558057255e-10,
                0.0
            ],
            [
                1.20154254291465e-13,
                3.7751344491970586e-11,
                0.999999974851354,
                2.510999092500959e-08,
                7.835041587727913e-13
            ],
            [
                1.522995163529149e-08,
                1.6052250924744212e-09,
                1.162821156841309e-10,
                2.2603252351730627e-06,
                0.999997722723306
            ],
            [
                0.0019267224832910778,
                1.044717780888964e-08,
                4.0508104361684107e-10,
                6.13233532002226e-06,
                0.9980671343291301
            ]
        ],
        [
            [
                0.9999999865592202,
                1.3440409758931568e-08,
                3.7010116256666657e-13,
                0.0,
                0.0
            ],
            [
                0.9999999530883621,
                4.691163797194851e-08,
                0.0,
                0.0,
                0.0
            ],
            [
                1.435037949773371e-14,
                5.109088991177551e-12,
                0.9999999928005687,
                7.194132978386346e-09,
                1.7482341156494392e-13
            ],
            [
                4.5990118678592543e-10,
                9.055991311841353e-11,
                2.5945849511667534e-11,
                1.012998809901712e-05,
                0.999989869435494
            ],
            [
                5.043390199621637e-07,
                3.3982095860757663e-09,
                1.917138660711239e-10,
                1.6701414586450997e-05,
                0.9999827906564701
            ]
        ],
        [
            [
                0.9999999999769484,
                2.2897348448687015e-11,
                0.0,
                0.0,
                1.5428112026684494e-13
            ],
            [
                0.6791786929202878,
                0.32082127874746585,
                2.811756621215223e-08,
                2.146802672348157e-10,
                0.0
            ],
            [
                3.9781509298214444e-12,
                1.1030309964894215e-09,
                0.9997965717417489,
                0.00020342706069977586,
                9.054229782895187e-11
            ],
            [
                0.00520364912632859,
                1.623688651839405e-07,
                5.555962337571087e-09,
                0.003156172766660163,
                0.9916400101821837
            ],
            [
                5.211412884996815e-10,
                1.0261880413654447e-10,
                2.2897350201227525e-11,
                8.315279894585748e-07,
                0.9999991678253531
            ]
        ],
        [
            [
                0.9999999997538302,
                2.461696950075916e-10,
                0.0,
                0.0,
                0.0
            ],
            [
                0.32082121068643743,
                0.6791784867318486,
                3.0229233504930784e-07,
                2.7565492865682713e-10,
                1.3724050778976112e-11
            ],
            [
                1.361526073803431e-13,
                3.775134449212905e-11,
                0.9999999748511155,
                2.5109990925114993e-08,
                1.0060392539490348e-12
            ],
            [
                3.848612914121931e-09,
                1.102646061154008e-09,
                4.0564081678722853e-10,
                0.000552778581017883,
                0.9994472160620823
            ],
            [
                5.315744687526126e-08,
                8.592101048890005e-10,
                1.6918850110606435e-10,
                7.889264620584912e-06,
                0.9999920565495339
            ]
        ],
        [
            [
                0.9999999983943728,
                1.6052280520332615e-09,
                1.748234124837871e-13,
                0.0,
                2.2447770506126766e-13
            ],
            [
                0.9999898699980321,
                1.0129988080106584e-05,
                1.3887812447828315e-11,
                0.0,
                0.0
            ],
            [
                4.752175090066662e-13,
                1.3176464436767132e-10,
                0.9999970975481265,
                2.902312199988667e-06,
                7.433652558312154e-12
            ],
            [
                0.9957280254637217,
                5.997836256459563e-08,
                2.0523467063753345e-09,
                0.00020259918071477905,
                0.004069313324854266
            ],
            [
                5.211402956648742e-10,
                1.1628211763150345e-10,
                1.0815921775828578e-11,
                1.067703075533507e-06,
                0.9999989316486861
            ]
        ],
        [
            [
                0.9999999995400946,
                4.5990553746684044e-10,
                0.0,
                0.0,
                0.0
            ],
            [
                1.056659714105606e-06,
                0.001487887666334691,
                0.008562202346285535,
                0.989655870874772,
                0.00029298245289362295
            ],
            [
                6.43139393984349e-14,
                6.560200166513054e-12,
                0.9999999997758433,
                2.1724399345356837e-10,
                2.8823507927235033e-13
            ],
            [
                3.5817481937181105e-10,
                7.052880369846294e-11,
                1.0815942352790251e-11,
                2.3823698427233572e-07,
                0.9999997613234962
            ],
            [
                1.7595859867884232e-06,
                4.1381456584634003e-08,
                2.9976626607143127e-09,
                0.00043055628978701764,
                0.9995676397451069
            ]
        ],
        [
            [
                0.9999999998506905,
                1.4930946753676097e-10,
                0.0,
                0.0,
                0.0
            ],
            [
                1.7395521167356828e-06,
                0.6791707091159234,
                0.32081753709543903,
                1.0010431266018593e-05,
                3.805254804975543e-09
            ],
            [
                3.2660630970961026e-13,
                1.0261665210113638e-10,
                0.9999785549477088,
                2.1444939803099963e-05,
                9.544835479695559e-12
            ],
            [
                1.026150898374219e-10,
                2.789367340307564e-10,
                5.492589957398297e-11,
                3.535625749417546e-05,
                0.9999646433060281
            ],
            [
                1.1032561198378944e-09,
                1.3176515315066347e-10,
                1.573710335490264e-11,
                1.1253518364392448e-07,
                0.999999886214058
            ]
        ],
        [
            [
                0.9999999996418252,
                3.581747927544654e-10,
                0.0,
                0.0,
                0.0
            ],
            [
                5.8238157651595094e-05,
                0.9990307502982158,
                0.0009109980740014178,
                1.3427394722334883e-08,
                4.2736454069402716e-11
            ],
            [
                9.008802909196964e-11,
                1.9453597498834813e-08,
                0.9947798514942244,
                0.005220125581561556,
                3.380528351670242e-09
            ],
            [
                1.3414517703455279e-08,
                1.6021356671901228e-09,
                2.4569546212301863e-10,
                0.0019267343049848705,
                0.9980732504326663
            ],
            [
                1.605225117707761e-09,
                1.4930919439171454e-10,
                2.2897306555584365e-11,
                1.067703074436482e-06,
                0.999998930519494
            ]
        ],
        [
            [
                0.9999999999094393,
                9.056076985605733e-11,
                0.0,
                0.0,
                0.0
            ],
            [
                0.9770226268520174,
                0.022977367664594683,
                5.474062277182287e-09,
                9.32572085886386e-12,
                0.0
            ],
            [
                2.882334671129627e-13,
                1.3176440567785884e-10,
                0.9999938556918422,
                6.1441721263783335e-06,
                3.978940279668224e-12
            ],
            [
                1.2225579376593406e-05,
                7.269602161032266e-08,
                7.66210430646054e-09,
                0.060085911009574826,
                0.9399017830529226
            ],
            [
                1.3007074707300727e-05,
                2.3355530064320745e-09,
                6.224037940262604e-11,
                3.7265892967605117e-06,
                0.9999832639382026
            ]
        ],
        [
            [
                0.9999999918479795,
                8.152020641006502e-09,
                0.0,
                0.0,
                0.0
            ],
            [
                0.999999168470547,
                8.315279891995457e-07,
                1.4637786252094694e-12,
                0.0,
                0.0
            ],
            [
                4.193771901397373e-13,
                9.0560256888759e-11,
                0.9999952148096628,
                4.785094848851801e-06,
                4.508729701131967e-12
            ],
            [
                2.2156743029796113e-08,
                1.1031192800336519e-09,
                1.6916882061556205e-10,
                0.00012339462531316654,
                0.9998765819456557
            ],
            [
                1.4436633935794977e-07,
                2.996227784624087e-09,
                4.5948641257088026e-10,
                0.0009110509440905531,
                0.9990888012338559
            ]
        ],
        [
            [
                0.9999999907618043,
                9.23744957371338e-09,
                4.193795618310831e-13,
                0.0,
                3.2661313115819017e-13
            ],
            [
                3.5814679925949873e-10,
                1.1860193125037351e-08,
                3.726361909071336e-06,
                0.9999214154400371,
                7.48459797138124e-05
            ],
            [
                6.914400262943143e-13,
                1.4930947098844192e-10,
                0.999999352237552,
                6.475946146006413e-07,
                1.7832473310483278e-11
            ],
            [
                5.592002988533626e-09,
                1.101130676219016e-09,
                4.0508333782418396e-10,
                0.001926734319947107,
                0.9980732585818358
            ],
            [
                8.591856275023426e-10,
                1.917102266618269e-10,
                6.223919810359058e-11,
                3.535625747601306e-05,
                0.9999646426293889
            ]
        ],
        [
            [
                0.999999999683912,
                3.1608814518598365e-10,
                0.0,
                0.0,
                0.0
            ],
            [
                4.354167643280694e-09,
                0.0002030351547269138,
                0.9978706153966646,
                0.001926343037677757,
                2.0567631597129694e-09
            ],
            [
                9.357622785373071e-14,
                2.020683869404354e-11,
                0.9999999804232352,
                1.9555680704438577e-08,
                7.835041631449265e-13
            ],
            [
                5.30554445815197e-08,
                2.3310935469386016e-09,
                3.154792054259758e-10,
                0.0019267342266230366,
                0.9980732100713596
            ],
            [
                1.9171681120446632e-10,
                1.4930920269399106e-10,
                2.5946048945576652e-11,
                1.3709566538368644e-06,
                0.9999986286763741
            ]
        ],
        [
            [
                0.999999998394772,
                1.605228051045108e-09,
                0.0,
                0.0,
                0.0
            ],
            [
                7.581852691662867e-10,
                5.8289222660264735e-05,
                0.9999063556691847,
                3.535420067426696e-05,
                1.4929553146667628e-10
            ],
            [
                3.700913126895864e-13,
                9.055835841621669e-11,
                0.9999724642084155,
                2.753568984046662e-05,
                1.0815653547010228e-11
            ],
            [
                2.6464527254454936e-09,
                3.5815842917047145e-10,
                6.223860261696976e-11,
                4.5397855585263735e-05,
                0.999954599077565
            ],
            [
                1.9171681125794215e-10,
                9.05606092364139e-11,
                1.0815922369147416e-11,
                1.3709566542192674e-06,
                0.9999986287502525
            ]
        ],
        [
            [
                0.9999999990260098,
                9.73620029904887e-10,
                0.0,
                0.0,
                3.7010116732858077e-13
            ],
            [
                0.002472569896971357,
                0.9975060097275551,
                2.1391930991674045e-05,
                2.8382395421632946e-08,
                6.208623789757665e-11
            ],
            [
                5.1086020339617634e-12,
                1.416473756676107e-09,
                0.9999038960991528,
                9.610239935296812e-05,
                7.991198106007882e-11
            ],
            [
                5.043096932968287e-07,
                3.3980087439638686e-09,
                2.7892554307227026e-10,
                7.484619474823386e-05,
                0.9999246458186242
            ],
            [
                8.7642488993994e-08,
                2.461697142800965e-10,
                1.7832474291641293e-11,
                5.043472207134204e-07,
                0.999999407746288
            ]
        ],
        [
            [
                0.9999999999094393,
                9.056076985175964e-11,
                0.0,
                0.0,
                0.0
            ],
            [
                0.9992903295793785,
                0.000709670358424342,
                6.219729964037977e-11,
                0.0,
                0.0
            ],
            [
                1.0060182574631835e-12,
                6.69144626641505e-10,
                0.9999785543698931,
                2.144493974986782e-05,
                2.0206416855677685e-11
            ],
            [
                1.250150646722437e-09,
                3.581741570838471e-10,
                4.8473600996977456e-11,
                1.3709566522266063e-06,
                0.9999986273865493
            ],
            [
                3.1608637720776054e-10,
                7.05284039671046e-11,
                1.5737014072193203e-11,
                6.144172122546797e-06,
                0.9999938554255257
            ]
        ],
        [
            [
                0.9999999936507247,
                6.348800073459421e-09,
                4.752193030896055e-13,
                0.0,
                0.0
            ],
            [
                1.2436245149068163e-09,
                2.6854811895132733e-07,
                0.0052201156347448634,
                0.9947778634198029,
                1.7511537087865009e-06
            ],
            [
                2.543665836868397e-13,
                4.277788187644658e-11,
                0.9999997617168844,
                2.3823698449774783e-07,
                3.0988193695696994e-12
            ],
            [
                0.0002611706397215026,
                4.6895898442981786e-08,
                8.589283412444059e-10,
                7.482664107925501e-05,
                0.9996639549643724
            ],
            [
                1.1245535659149531e-07,
                2.644696496465665e-09,
                3.1586395273748837e-10,
                0.0007096703455472409,
                0.9992902142385357
            ]
        ],
        [
            [
                0.9999999987498471,
                1.2501528643758394e-09,
                0.0,
                0.0,
                0.0
            ],
            [
                0.989013057220541,
                0.01098694237498803,
                4.01406175361591e-10,
                3.0647739689179715e-12,
                0.0
            ],
            [
                3.907153154685281e-10,
                5.117360758998833e-08,
                0.9626730323552992,
                0.03732688504201591,
                3.103836197143105e-08
            ],
            [
                3.223879299162107e-08,
                2.998674862883952e-09,
                2.461462219933491e-10,
                9.610239634897007e-05,
                0.9999038621200369
            ],
            [
                3.581748379123319e-10,
                1.1628234487391554e-10,
                1.3887945605306102e-11,
                3.059023588354111e-07,
                0.999999693609296
            ]
        ],
        [
            [
                0.9999999973534264,
                2.6465736296296747e-09,
                0.0,
                0.0,
                0.0
            ],
            [
                2.3339097762366877e-09,
                3.463832532883292e-07,
                0.0007096629043535142,
                0.9992798655759922,
                1.0122802491165515e-05
            ],
            [
                8.258073277593755e-14,
                1.3887943851573718e-11,
                0.9999999991263933,
                8.592166610889822e-10,
                4.1937956543360233e-13
            ],
            [
                1.5229864094034595e-08,
                7.582502848829766e-10,
                6.224097359119e-11,
                7.88926491866582e-06,
                0.999992094684726
            ],
            [
                1.3385711921813154e-08,
                4.345704402764719e-09,
                1.4108436567676092e-09,
                0.004070137698491487,
                0.9959298431592485
            ]
        ],
        [
            [
                0.9999999895322716,
                1.0467401678170389e-08,
                3.266131306412912e-13,
                0.0,
                0.0
            ],
            [
                0.9997965728740688,
                0.00020342706370252175,
                6.222875054574209e-11,
                0.0,
                0.0
            ],
            [
                1.019564938962645e-09,
