{
    "[['A', 'B', 'C', 'D', 'E'], ['A', 'B', 'C', 'D', 'E']]": [
        [
            [
                0.9999999999981204,
                1.8795288155555085e-12,
                0.0,
                0.0,
                0.0
            ],
            [
                0.9241418233006712,
                0.07585817578673149,
                8.997629360238587e-10,
                1.2834428982092252e-11,
                0.0
            ],
            [
                9.544981387118614e-12,
                1.5229894323551942e-08,
                0.9999938405777123,
                6.1441720324305584e-06,
                1.0815880893365107e-11
            ],
            [
                1.0060392650730521e-12,
                1.2256067270983019e-11,
                2.1297851408726544e-12,
                1.3440409761289767e-08,
                0.9999999865441984
            ],
            [
                3.5112952867003105e-12,
                6.223919817245225e-11,
                2.0206109253091912e-11,
                3.5356257515131355e-05,
                0.9999646436565283
            ]
        ],
        [
            [
                0.999999999996021,
                3.9789625339904484e-12,
                0.0,
                0.0,
                0.0
            ],
            [
                0.9999999997210531,
                2.789468090636394e-10,
                0.0,
                0.0,
                0.0
            ],
            [
                2.1724027026469046e-10,
                1.3007074728075952e-05,
                0.9999832660927833,
                3.726589302712713e-06,
                2.5945650304776368e-11
            ],
            [
                5.109088897771534e-12,
                2.2897347872528234e-11,
                5.78935618109071e-12,
                2.5109990917085783e-08,
                0.9999999748562134
            ],
            [
                3.77512784678641e-11,
                1.317649089354903e-10,
                2.5946048951615474e-11,
                1.3709566541559483e-06,
                0.9999986288478836
            ]
        ],
        [
            [
                0.9999999999981204,
                1.879528815941032e-12,
                0.0,
                0.0,
                0.0
            ],
            [
                0.999999999987744,
                1.2256067438972535e-11,
                0.0,
                0.0,
                0.0
            ],
            [
                6.101937127415389e-13,
                7.58256098686756e-10,
                0.99999976100227,
                2.3823698431204637e-07,
                1.8795289550903374e-12
            ],
            [
                3.0988195317340673e-12,
                3.331544964694391e-11,
                8.423464822786682e-12,
                1.855391597928685e-07,
                0.9999998144160025
            ],
            [
                5.109089421303565e-12,
                3.775134834846517e-11,
                1.5737103318128113e-11,
                8.315279900980354e-07,
                0.9999991684134123
            ]
        ],
        [
            [
                0.999999999997734,
                2.1297851699706708e-12,
                0.0,
                0.0,
                1.3615261074598913e-13
            ],
            [
                0.9999999999450722,
                5.4927883484226856e-11,
                0.0,
                0.0,
                0.0
            ],
            [
                1.463778581946269e-12,
                2.646573761531205e-09,
                0.9999998528515177,
                1.4449803130586363e-07,
                2.4133628836500843e-12
            ],
            [
                7.428408139974176e-12,
                9.049653730287591e-11,
                4.843930583275946e-11,
                0.0007096703425699569,
                0.9992903295110658
            ],
            [
                4.5087297005084884e-12,
                2.2897218744561554e-11,
                6.560163005073944e-12,
                4.7850948481901065e-06,
                0.9999952148711857
            ]
        ],
        [
            [
                0.9999999999933196,
                6.560200165446251e-12,
                0.0,
                0.0,
                1.2015425726812777e-13
            ],
            [
                0.9999999999842628,
                1.5737102100969006e-11,
                0.0,
                0.0,
                0.0
            ],
            [
                1.913478258189718e-10,
                1.1231838599810822e-07,
                0.8807969589896044,
                0.11920289203622064,
                3.646444114399336e-08
            ],
            [
                5.789346058642909e-12,
                3.331538632138971e-11,
                9.545017990328516e-12,
                1.3709566543572217e-06,
                0.9999986289946959
            ],
            [
                4.5087472445709275e-12,
                3.7751278478668644e-11,
                1.0815922371743426e-11,
                1.3709566545483206e-06,
                0.9999986289902695
            ]
        ],
        [
            [
                0.9999999999969011,
                3.09881913760169e-12,
                0.0,
                0.0,
                0.0
            ],
            [
                0.999999999990455,
                9.545034920085073e-12,
                0.0,
                0.0,
                0.0
            ],
            [
                5.384939926980349e-13,
                7.58256001847207e-10,
                0.9999999460823497,
                5.315784967384936e-08,
                1.0060392249596406e-12
            ],
            [
                1.879514574867997e-12,
                2.94005546156265e-11,
                7.433624345450378e-12,
                7.889265047765987e-06,
                0.9999921106962385
            ],
            [
                1.1399875530937075e-12,
                1.5737042747875186e-11,
                3.978947527534779e-12,
                3.726639115465302e-06,
                0.9999962733400285
            ]
        ],
        [
            [
                0.9999999999969011,
                3.0988191378472032e-12,
                0.0,
                0.0,
                0.0
            ],
            [
                0.9999999999705993,
                2.940077737844291e-11,
                0.0,
                0.0,
                0.0
            ],
            [
                3.77386776476789e-11,
                9.927861812789956e-08,
                0.9996645503752022,
                0.0003353500623539929,
                2.460870907809592e-10
            ],
            [
                2.0126190426188484e-10,
                2.7783348882123224e-09,
                4.042453409283149e-09,
                0.18242551378687252,
                0.8175744791910773
            ],
            [
                2.1297850820743462e-12,
                1.2256066932622117e-11,
                2.7346981774658482e-12,
                4.139937546014868e-08,
                0.999999958583504
            ]
        ],
        [
            [
                0.9999999999934397,
                6.5602001657595706e-12,
                0.0,
                0.0,
                0.0
            ],
            [
                0.999999998394772,
                1.6052280520334397e-09,
                0.0,
                0.0,
                0.0
            ],
            [
                1.0261821965154767e-10,
                6.144171966436269e-06,
                0.9999937112144527,
                1.444970748022639e-07,
                1.388786582177914e-11
            ],
            [
                2.7346982367728596e-12,
                2.2897347997461535e-11,
                4.5087551519135485e-12,
                1.9555680695842652e-08,
                0.9999999804141786
            ],
            [
                2.7346829937570833e-12,
                4.847341590209274e-11,
                3.3315259055884165e-11,
                6.14417212321391e-06,
                0.9999938557433534
            ]
        ],
        [
            [
                0.9999999999954912,
                4.508755240848544e-12,
                0.0,
                0.0,
                0.0
            ],
            [
                0.999999999782756,
                2.172439933919581e-10,
                0.0,
                0.0,
                0.0
            ],
            [
                1.8795286989379678e-12,
                9.237449083988296e-09,
                0.9999999375997232,
                5.315784921818574e-08,
                3.098818944830365e-12
            ],
            [
                2.1295212269758517e-12,
                7.052005788693432e-11,
                2.2894510791246882e-11,
                0.00012339462821517737,
                0.9998766052762408
            ],
            [
                5.108709427702026e-12,
                7.052355828977299e-11,
                2.2895647205665203e-11,
                7.484619750973061e-05,
                0.9999251537039624
            ]
        ],
        [
            [
                0.9999999999963138,
                3.5114221122528612e-12,
                0.0,
                0.0,
                1.7482341277116242e-13
            ],
            [
                0.9999999999515263,
                4.847368704298233e-11,
                0.0,
                0.0,
                0.0
            ],
            [
                3.09881945615111e-12,
                3.39826816759855e-09,
                0.999999908954678,
                8.76424911721434e-08,
                1.4637786640688856e-12
            ],
            [
                2.0200058118673715e-11,
                1.1624330850519105e-10,
                3.7738676920108114e-11,
                0.000335350054897349,
                0.9996646497709206
            ],
            [
                2.413344485279367e-12,
                2.940055461701292e-11,
                7.43362434580092e-12,
                7.889265048138016e-06,
                0.9999921106957044
            ]
        ],
        [
            [
                0.9999999999971925,
                2.7346982908209394e-12,
                0.0,
                0.0,
                7.28772409376522e-14
            ],
            [
                0.9999999999842628,
                1.573710210097549e-11,
                0.0,
                0.0,
                0.0
            ],
            [
                1.4637784715112211e-12,
                3.850741810661746e-09,
                0.9999999710365117,
                2.5109990826417712e-08,
                1.291779967178666e-12
            ],
            [
                2.0206416858564003e-11,
                1.1627990052677973e-10,
                3.7750556610202514e-11,
                2.144493975293105e-05,
                0.9999785548860103
            ],
            [
                8.42346330289541e-12,
                2.9400775816699257e-11,
                7.433680273840205e-12,
                5.3157849694506355e-08,
                0.9999999467968925
            ]
        ],
        [
            [
                0.999999999995371,
                4.508755240847778e-12,
                0.0,
                0.0,
                1.201542572791554e-13
            ],
            [
                0.9999999998506905,
                1.4930946756061236e-10,
                0.0,
                0.0,
                0.0
            ],
            [
                8.422837867955293e-12,
                3.8504558020569304e-09,
                0.9999251498956148,
                7.484619703650104e-05,
                4.847008533449793e-11
            ],
            [
                1.3161092518680358e-10,
                2.458815789341604e-10,
                7.044625182419444e-11,
                0.0011695103467511522,
                0.99883048920531
            ],
            [
                6.914387842251439e-13,
                1.573707419255994e-11,
                5.109079965615994e-12,
                1.3709566545915585e-06,
                0.9999986290218078
            ]
        ],
        [
            [
                0.9999999999903488,
                9.545034918873037e-12,
                0.0,
                0.0,
                1.0603575987116252e-13
            ],
            [
                0.9999999999821676,
                1.7832472903435825e-11,
                0.0,
                0.0,
                0.0
            ],
            [
                2.88235077187671e-13,
                2.1724399188233678e-10,
                0.9999999925878595,
                7.194132976494066e-09,
                4.752193027212065e-13
            ],
            [
                7.431186092959032e-12,
                9.053037969833705e-11,
                3.330426549246272e-11,
                0.00033535005504398336,
                0.9996646498136902
            ],
            [
                1.879528889554062e-12,
                2.0206839875207166e-11,
                5.789356553632619e-12,
                3.9278636980686826e-07,
                0.9999996071857545
            ]
        ],
        [
            [
                0.9999999999968077,
                3.0988191378471548e-12,
                0.0,
                0.0,
                9.357622966198898e-14
            ],
            [
                0.9999999999450722,
                5.4927883484227974e-11,
                0.0,
                0.0,
                0.0
            ],
            [
                2.594589990910468e-11,
                6.023528550123695e-08,
                0.9999920504438561,
                7.889265511936407e-06,
                2.940055634542867e-11
            ],
            [
                1.5736982863067014e-11,
                7.052826409750488e-11,
                2.5945898382981995e-11,
                7.889265047894416e-06,
                0.999992110622741
            ],
            [
                2.413358414397948e-12,
                2.940072430841591e-11,
                6.560188323416676e-12,
                1.7603431337715555e-06,
                0.999998239618492
            ]
        ],
        [
            [
                0.9999999999857854,
                1.3887943861745534e-11,
                0.0,
                0.0,
                3.2661313420305316e-13
            ],
            [
                0.999999999986112,
                1.3887943859131763e-11,
                0.0,
                0.0,
                0.0
            ],
            [
                2.5946047213240248e-11,
                3.9278563138658895e-07,
                0.9999978468369279,
                1.7603430711711116e-06,
                8.423448245974681e-12
            ],
            [
                1.1933610194248082e-10,
                3.4875121085134416e-09,
                9.480040791102979e-09,
                0.6224593160915581,
                0.3775406708215528
            ],
            [
                1.0060393566727122e-12,
                1.5737103317436722e-11,
                6.560200672796026e-12,
                8.315279900615032e-07,
                0.9999991684487066
            ]
        ],
        [
            [
                0.9999999999978701,
                2.129785170277677e-12,
                0.0,
                0.0,
                0.0
            ],
            [
                0.999999999868235,
                1.3176514263005114e-10,
                0.0,
                0.0,
                0.0
            ],
            [
                2.94005532344997e-11,
                4.691128255312011e-08,
                0.999992063774433,
                7.889264677158168e-06,
                2.020668502859488e-11
            ],
            [
                6.5555471746839405e-12,
                1.0254601125301069e-10,
                3.3291815571047015e-11,
                0.0007096703431058517,
                0.9992903295145008
            ],
            [
                1.2232456957227146e-11,
                2.4569546587568974e-10,
                1.3151130604526052e-10,
                0.0019267343329648565,
                0.9980732652775959
            ]
        ],
        [
            [
                0.9999999999886455,
                1.0815941554139987e-11,
                0.0,
                0.0,
                5.38494021618788e-13
            ],
            [
                0.9999999987498471,
                1.2501528644283416e-09,
                0.0,
                0.0,
                0.0
            ],
            [
                1.3887706211162045e-11,
                7.194009922608129e-09,
                0.9999832913286426,
                1.6701414986765256e-05,
                4.847285756942851e-11
            ],
            [
                1.4637784850083264e-12,
                1.5737101793819387e-11,
                3.098819077079903e-12,
                1.9555680698847548e-08,
                0.9999999804240196
            ],
            [
                2.1297851228538395e-12,
                1.3887943551299932e-11,
                3.978962445970974e-12,
                2.2159489272886124e-08,
                0.9999999778205141
            ]
        ],
        [
            [
                0.9999999999963824,
                3.5114221122533487e-12,
                0.0,
                0.0,
                1.0603575988132187e-13
            ],
            [
                0.9999999988967441,
                1.1032560307310714e-09,
                0.0,
                0.0,
                0.0
            ],
            [
                2.5436656327146213e-13,
                4.2777878443107984e-11,
                0.9999999943520415,
                5.6027964052413996e-09,
                2.1297851586791905e-12
            ],
            [
                2.7346986383147265e-12,
                2.2897351359530427e-11,
                5.109089675826892e-12,
                1.8553915978545738e-07,
                0.9999998144300991
            ],
            [
                1.658678481810746e-12,
                2.020684058740822e-11,
                4.508755576362188e-12,
                2.3823698440188186e-07,
                0.9999997617366413
            ]
        ],
        [
            [
                0.9999999999985363,
                1.4637785135991053e-12,
                0.0,
                0.0,
                0.0
            ],
            [
                0.9999999999294713,
                7.052879848875913e-11,
                0.0,
                0.0,
                0.0
            ],
            [
                7.582243562685491e-10,
                3.535602330695761e-05,
                0.9999584991311142,
                6.1439555947758725e-06,
                1.31759636408961e-10
            ],
            [
                5.201373173049015e-10,
                1.0447237291855378e-08,
                1.951800883684397e-08,
                0.11920292000652997,
                0.8807970495080866
            ],
            [
                2.7346986380772918e-12,
                4.2777884109633814e-11,
                1.08159429276621e-11,
                1.855391597693483e-07,
                0.9999998144045117
            ]
        ],
        [
            [
                0.999999999986112,
                1.3887943859127035e-11,
                0.0,
                0.0,
                0.0
            ],
            [
                0.9999999999450722,
                5.492788349120197e-11,
                0.0,
                0.0,
                0.0
            ],
            [
                4.508747234903711e-12,
                2.3355888908680483e-09,
                0.9999986266992719,
                1.370956651608849e-06,
                3.978955469339384e-12
            ],
            [
                8.878265188010595e-13,
                9.545034610578457e-12,
                2.4133626928809727e-12,
                3.2241866317786964e-08,
                0.9999999677452875
            ],
            [
                5.109079684449659e-12,
                4.8473598412964335e-11,
                1.388791846638878e-11,
                2.2603252732412387e-06,
                0.9999977396072561
            ]
        ],
        [
            [
                0.9999999999954912,
                4.508755240443656e-12,
                0.0,
                0.0,
                0.0
            ],
            [
                0.9999999999925664,
                7.433680669277715e-12,
                0.0,
                0.0,
                0.0
            ],
            [
                1.361526105705642e-13,
                1.0261879613733492e-10,
                0.9999999982917926,
                1.6052280523748813e-09,
                2.244777051090403e-13
            ],
            [
                1.0060374400813075e-12,
                2.5946047549119673e-11,
                9.545017472977815e-12,
                1.0677030763402191e-06,
                0.9999989322604265
            ],
            [
                3.978894475633132e-12,
                5.49269439674101e-11,
                1.388770631150993e-11,
                1.6701415107444053e-05,
                0.999983298512099
            ]
        ],
        [
            [
                0.9999999999934397,
                6.5602001664933905e-12,
                0.0,
                0.0,
                0.0
            ],
            [
                0.9999999999572222,
                4.277787867432052e-11,
                0.0,
                0.0,
                0.0
            ],
            [
                8.258073277132886e-14,
                2.0206839069611686e-11,
                0.9999999990059705,
                9.736200303078877e-10,
                1.2015425719516344e-13
            ],
            [
                2.7344951064234986e-12,
                3.3312970119577476e-11,
                1.3886912005536865e-11,
                7.484619751693684e-05,
                0.9999251537525488
            ],
            [
                5.789356320611377e-12,
                1.3887943845486893e-11,
                2.4133627684485968e-12,
                8.592166607124037e-10,
                0.9999999991186928
            ]
        ],
        [
            [
                0.9999999999983413,
                1.6586783583868632e-12,
                0.0,
                0.0,
                0.0
            ],
            [
                0.9999999999622486,
                3.775134542603726e-11,
                0.0,
                0.0,
                0.0
            ],
            [
                1.0815942425816575e-11,
                8.7642489232215e-08,
                0.9999997678428691,
                1.4449803621425982e-07,
                5.789356793621732e-12
            ],
            [
                3.098819525909273e-12,
                3.775135015969972e-11,
                1.0815942908702674e-11,
                6.825604229171977e-08,
                0.9999999316922916
            ],
            [
                3.775134719135522e-11,
                4.847368930790349e-11,
                1.225606801177518e-11,
                5.043472049450234e-07,
                0.999999495554314
            ]
        ],
        [
            [
                0.9999999999915765,
                8.423463751374019e-12,
                0.0,
                0.0,
                0.0
            ],
            [
                0.9999999999740539,
                2.594609497155425e-11,
                0.0,
                0.0,
                0.0
            ],
            [
                1.6586782808155436e-12,
                5.6027961737302155e-09,
                0.9999999529950299,
                4.1399375238566554e-08,
                1.1399917993679646e-12
            ],
            [
                2.1265866335814974e-12,
                7.979957470005355e-11,
                2.935662294637446e-11,
                0.0015011820289660075,
                0.9984988178597511
            ],
            [
                1.5725940152057257e-11,
                1.492035659411031e-10,
                7.047877410026554e-11,
                0.0007096703432587309,
                0.999290329421333
            ]
        ],
        [
            [
                0.9999999999934397,
                6.560200164690059e-12,
                0.0,
                0.0,
                0.0
            ],
            [
                0.9999999994094697,
                5.905303994172561e-10,
                0.0,
                0.0,
                0.0
            ],
            [
                2.020680149572334e-11,
                3.224180738709213e-08,
                0.9999989000275102,
                1.0677030418291433e-06,
                7.433666842108968e-12
            ],
            [
                2.4133629574555483e-12,
                2.2897350217591206e-11,
                8.423464402354256e-12,
                8.315279900528295e-07,
                0.9999991684382757
            ],
            [
                1.006039360469714e-12,
                1.5737103376831825e-11,
                3.511422396744881e-12,
                1.125351838007389e-07,
                0.9999998874445616
            ]
        ],
        [
            [
                0.9999999999981204,
                1.8795288156706034e-12,
                0.0,
                0.0,
                0.0
            ],
            [
                0.9999999985833912,
                1.416608784128428e-09,
                0.0,
                0.0,
                0.0
            ],
            [
                9.545035471238238e-12,
                1.9555682211396806e-08,
                0.9999991488983755,
                8.315279738707225e-07,
                8.42346423842784e-12
            ],
            [
                9.545017465849013e-12,
                7.052866952043123e-11,
                2.5946047529741577e-11,
                2.2603252730463093e-06,
                0.9999977395687072
            ],
            [
                1.3887706307102653e-11,
                1.1628034125458897e-10,
                5.492694394997899e-11,
                1.6701415102143842e-05,
                0.9999832983998028
            ]
        ],
        [
            [
                0.9999999999972653,
                2.734698290604108e-12,
                0.0,
                0.0,
                0.0
            ],
            [
                0.9999999936508732,
                6.348800072814496e-09,
                3.266131320548254e-13,
                0.0,
                0.0
            ],
            [
                1.1610769067039598e-10,
                1.6349195806484267e-07,
                0.9984986534547119,
                0.001501181965064604,
                9.72157791566416e-10
            ],
            [
                1.0815942388075936e-11,
                6.224145100994558e-11,
                1.573710331565557e-11,
                8.315279899673894e-07,
                0.9999991683832156
            ],
            [
                2.12978127750042e-12,
                3.3315384517775086e-11,
                7.433667082857676e-12,
                1.0677030764080574e-06,
                0.9999989322540448
            ]
        ],
        [
            [
                0.9999999999983413,
                1.6586783583169612e-12,
                0.0,
                0.0,
                0.0
            ],
            [
                0.9999999999705993,
                2.940077738267749e-11,
                0.0,
                0.0,
                0.0
            ],
            [
                1.4155796988687208e-09,
                0.0007096585043267199,
                0.9992736503430965,
                1.6689567930236428e-05,
                1.6906688525400043e-10
            ],
            [
                3.539479290368981e-10,
                7.109234197556425e-09,
                1.32817980500237e-08,
                0.320821281325074,
                0.6791786979299459
            ],
            [
                1.8795110352206115e-12,
                2.940049924622545e-11,
                1.081583923286283e-11,
                1.012998810197155e-05,
                0.9999898699698022
            ]
        ],
        [
            [
                0.9999999999954912,
                4.508755240658561e-12,
                0.0,
                0.0,
                0.0
            ],
            [
                0.9999999999571578,
                4.277787867591939e-11,
                0.0,
                0.0,
                6.431393939381675e-14
            ],
            [
                2.5436656164928754e-13,
                2.172439908702226e-10,
                0.9999999879206901,
                1.186112000733143e-08,
                6.914400022988659e-13
            ],
            [
                3.098807449865812e-12,
                4.2777717330009994e-11,
                1.7832405643424294e-11,
                3.7266391150103517e-06,
                0.999996273297176
            ],
            [
                1.1399919731574701e-12,
                1.2256068735437163e-11,
                3.0988194652231226e-12,
                8.764249142872298e-08,
                0.9999999123410137
            ]
        ],
        [
            [
                0.9999999999971827,
                2.7346982906041922e-12,
                0.0,
                0.0,
                8.258073282573377e-14
            ],
            [
                0.9999999956365377,
                4.3634622323399065e-09,
                0.0,
                0.0,
                0.0
            ],
            [
                1.2917799737348335e-12,
                4.363462148056976e-09,
                0.9999999760787818,
                1.95556806177808e-08,
                7.835041596729568e-13
            ],
            [
                4.508712586879541e-12,
                2.5945849517797728e-11,
                5.7893015580932685e-12,
                1.012998810141052e-05,
                0.9999898699756548
            ],
            [
                1.4637702218698727e-12,
                2.020672461915855e-11,
                5.789323532221822e-12,
                4.785094848019852e-06,
                0.9999952148776922
            ]
        ],
        [
            [
                0.9999999999942106,
                5.789356325678393e-12,
                0.0,
                0.0,
                0.0
            ],
            [
                0.9999999999666846,
                3.331544540861692e-11,
                0.0,
                0.0,
                0.0
            ],
            [
                2.1297850481128855e-12,
                4.363462001265569e-09,
                0.9999999424707693,
                5.3157849478176886e-08,
                5.7893559948090305e-12
            ],
            [
                3.5114024717083595e-12,
                5.492757626216234e-11,
                1.2255998887941374e-11,
                6.144172125209602e-06,
                0.9999938557571798
            ],
            [
                1.7832475168829342e-11,
                6.224145411963665e-11,
                1.7832475168829342e-11,
                1.855391597830222e-07,
                0.9999998143629338
            ]
        ],
        [
            [
                0.9999999999972653,
                2.734698290719449e-12,
                0.0,
                0.0,
                0.0
            ],
            [
                0.9999999996418252,
                3.5817479275448807e-10,
                0.0,
                0.0,
                0.0
            ],
            [
                7.835042772817283e-13,
                1.1032561714295179e-09,
                0.9999998133549212,
                1.8553915965226045e-07,
                1.8795290534886847e-12
            ],
            [
                3.5114156921042734e-12,
                2.5946047535623872e-11,
                9.545017468012989e-12,
                2.2603252735587536e-06,
                0.9999977396357239
            ],
            [
                3.978818821778261e-12,
                4.277633361794688e-11,
                1.0815550901970677e-11,
                3.5356257509737185e-05,
                0.9999646436849196
            ]
        ],
        [
            [
                0.9999999999964886,
                3.5114221119381242e-12,
                0.0,
                0.0,
                0.0
            ],
            [
                0.9999999999666846,
                3.3315445410020054e-11,
                0.0,
                0.0,
                0.0
            ],
            [
                1.9810087591033277e-13,
                5.4927882429691845e-11,
                0.9999999803889689,
                1.955568070339549e-08,
                2.244777010889769e-13
            ],
            [
                2.8987282416219936e-11,
                5.822251312738541e-10,
                4.001570905671864e-10,
                0.014063627261504247,
                0.9859363717271262
            ],
            [
                2.020630100745398e-11,
                1.1627923384967195e-10,
                6.223978881746913e-11,
                2.7535689828562704e-05,
                0.9999724641114461
            ]
        ],
        [
            [
                0.9999999999987081,
                1.2917800043212719e-12,
                0.0,
                0.0,
                0.0
            ],
            [
                0.9999999999200804,
                7.991959890081582e-11,
                0.0,
                0.0,
                0.0
            ],
            [
                1.658678433081241e-12,
                2.0611537146020564e-09,
                0.99999949358156,
                5.043472041363482e-07,
                8.423464131119801e-12
            ],
            [
                1.7826488720268178e-11,
                1.4925936262806246e-10,
                4.276352336923449e-11,
                0.0003353500551213965,
                0.9996646497350292
            ],
            [
                2.4133536440842358e-12,
                4.277771689646807e-11,
                9.544998821893114e-12,
                2.902312199439661e-06,
                0.9999970976330645
            ]
        ],
        [
            [
                0.9999999999915765,
                8.423463751374795e-12,
                0.0,
                0.0,
                0.0
            ],
            [
                0.9999999997210531,
                2.7894680913117866e-10,
                0.0,
                0.0,
                0.0
            ],
            [
                2.734698198740031e-12,
                1.6052280006829321e-09,
                0.9999999661493875,
                3.2241866277851757e-08,
                7.835041519039404e-13
            ],
            [
                3.0988190369044233e-12,
                1.7832472322227694e-11,
                3.5114219980022796e-12,
                3.224186631320148e-08,
                0.999999967733691
            ],
            [
                2.7346984245849625e-12,
                1.573710287218528e-11,
                4.508755461563358e-12,
                1.444980316381123e-07,
                0.9999998554789878
            ]
        ],
        [
            [
                0.9999999999983413,
                1.6586783585508522e-12,
                0.0,
                0.0,
                0.0
            ],
            [
                0.9999999956365377,
                4.363462230154739e-09,
                0.0,
                0.0,
                0.0
            ],
            [
                2.93739840225457e-11,
                1.342816150355217e-08,
                0.9990889343935656,
                0.0009110513913337832,
                7.575650326636516e-10
            ],
            [
                4.752192987853659e-13,
                1.0815941386774263e-11,
                2.413362733786971e-12,
                1.522997950461466e-08,
                0.9999999847563159
            ],
            [
                3.978932386773959e-12,
                4.277755455671309e-11,
                1.2255974578446784e-11,
                7.889265048865715e-06,
                0.9999921106759386
            ]
        ],
        [
            [
                0.999999999996021,
                3.978962533990161e-12,
                0.0,
                0.0,
                0.0
            ],
            [
                0.9999999999942106,
                5.789356326033432e-12,
                0.0,
                0.0,
                0.0
            ],
            [
                3.0987779363655536e-12,
                4.944384759795579e-09,
                0.9999869878984089,
                1.300712470711974e-05,
                2.940038647577258e-11
            ],
            [
                1.5564206476902055e-11,
                5.154157318610178e-10,
                7.499254648169378e-10,
                0.010986942356313452,
                0.9890130563627811
            ],
            [
                5.109089142842683e-12,
                3.331544617011955e-11,
                1.225606771944085e-11,
                6.475946145382672e-07,
                0.9999993523547048
            ]
        ],
        [
            [
                0.9999999999934397,
                6.560200166494926e-12,
                0.0,
                0.0,
                0.0
            ],
            [
                0.9999999999821676,
                1.7832472901437718e-11,
                0.0,
                0.0,
                0.0
            ],
            [
                2.9400107050926473e-11,
                2.1444939809699162e-05,
                0.9999777235094214,
                8.315105531200443e-07,
                1.0815694952275413e-11
            ],
            [
                1.879529052751621e-12,
                2.594609824357817e-11,
                7.433681606590899e-12,
                3.0590235894654813e-07,
                0.9999996940623818
            ],
            [
                1.4637786264948172e-12,
                1.2256068384952834e-11,
                5.1090894202693525e-12,
                8.315279899297126e-07,
                0.9999991684531812
            ]
        ],
        [
            [
                0.9999999999987081,
                1.2917800044661044e-12,
                0.0,
                0.0,
                0.0
            ],
            [
                0.9999999999572222,
                4.277787867253148e-11,
                0.0,
                0.0,
                0.0
            ],
            [
                2.1635946946841022e-10,
                1.204941089008595e-06,
                0.9959286606265098,
                0.004070131889958374,
                2.3260835091873625e-09
            ],
            [
                1.8795287786281756e-12,
                1.783247254845771e-11,
                4.508755151351285e-12,
                1.9555680693403965e-08,
                0.9999999804200985
            ],
            [
                2.7346982430690034e-12,
                1.7832472591737523e-11,
                5.109088937410667e-12,
                1.7257827681747506e-08,
                0.9999999827164961
            ]
        ],
        [
