{
    "[['A', 'B', 'C', 'D', 'E'], ['A', 'B', 'C', 'D', 'E']]": [
        [
            [
                0.9999999943966524,
                5.602796403566096e-09,
                2.244777041410323e-13,
                0.0,
                3.266131322984067e-13
            ],
            [
                0.9859363723633575,
                0.014063627270632232,
                3.531373925844397e-10,
                9.410792748089513e-12,
                3.4620371771474316e-12
            ],
            [
                4.5034782061037596e-12,
                6.683754275174635e-10,
                0.9988304882261686,
                0.0011695103435839203,
                7.573685817592925e-10
            ],
            [
                1.4930947093506633e-10,
                5.492788472919591e-11,
                1.783247330410847e-11,
                6.475946143691373e-07,
                0.9999993521833157
            ],
            [
                1.7832473598601352e-11,
                2.940077853121251e-11,
                7.433680960176639e-12,
                3.927863697563866e-07,
                0.9999996071589633
            ]
        ],
        [
            [
                0.9999999996817821,
                3.1608814523087267e-10,
                0.0,
                0.0,
                2.1297851696048498e-12
            ],
            [
                0.9999646436996438,
                3.5356257432945456e-05,
                2.939971541774626e-11,
                3.978818813136499e-12,
                9.54469015000464e-12
            ],
            [
                2.5436611359006464e-13,
                6.224133583689308e-11,
                0.9999986289734157,
                1.370956654834403e-06,
                7.433667487885891e-12
            ],
            [
                7.99196028045323e-11,
                2.2897349566659605e-11,
                4.50875546090697e-12,
                1.4449803161707614e-07,
                0.9999998553946426
            ],
            [
                1.103256005728806e-09,
                9.056076771205712e-11,
                1.225606714843634e-11,
                2.2159489238794477e-08,
                0.999999976634438
            ]
        ],
        [
            [
                0.9999999990248205,
                9.736200294035663e-10,
                4.1937956502066775e-13,
                0.0,
                1.1399918508227397e-12
            ],
            [
                0.9999921107322866,
                7.889265045270276e-06,
                2.1297690323544874e-12,
                0.0,
                5.384899412979748e-13
            ],
            [
                3.4424771081520305e-14,
                6.101936677041751e-13,
                0.9999999999698819,
                2.940077739012928e-11,
                7.287724095146601e-14
            ],
            [
                1.3887945620225543e-11,
                1.3887945620225543e-11,
                2.734698637223361e-12,
                1.8553915971141228e-07,
                0.9999998144303297
            ],
            [
                2.020683902081984e-11,
                8.423463725537451e-12,
                1.1399918491289438e-12,
                2.998960814557088e-09,
                0.999999996971269
            ]
        ],
        [
            [
                0.9999999881351392,
                1.1861119995785078e-08,
                1.0060392660890981e-12,
                0.0,
                2.7346982557262695e-12
            ],
            [
                0.9999724642928132,
                2.7535689787977357e-05,
                1.3887574025977195e-11,
                0.0,
                3.51132860343657e-12
            ],
            [
                8.490737177261733e-10,
                4.091066276810181e-08,
                0.3208199482488757,
                0.6791758369903368,
                4.17300105099754e-06
            ],
            [
                1.0815941798148163e-11,
                2.2897348966361383e-11,
                8.423463942052527e-12,
                6.475946144110089e-07,
                0.9999993523632488
            ],
            [
                7.433680600885564e-12,
                8.423463673486352e-12,
                2.413362748631398e-12,
                9.237449573162724e-09,
                0.9999999907442799
            ]
        ],
        [
            [
                0.9999999997531388,
                2.461696949092556e-10,
                0.0,
                0.0,
                6.914400099292338e-13
            ],
            [
                0.9999994956513688,
                5.043472048884366e-07,
                8.878265888686428e-13,
                0.0,
                5.384940466569149e-13
            ],
            [
                2.2447769353030262e-13,
                1.783247195710893e-11,
                0.9999999468175331,
                5.315784970924151e-08,
                6.56019981828665e-12
            ],
            [
                5.1090896767773036e-12,
                1.7832475172380655e-11,
                2.7346986388234454e-12,
                1.8553915981997204e-07,
                0.999999814435164
            ],
            [
                3.3315446164892124e-11,
                2.594609556159122e-11,
                4.508755342879798e-12,
                6.47594614436655e-07,
                0.9999993523416153
            ]
        ],
        [
            [
                0.9999999530878236,
                4.691163798991429e-08,
                5.384939961954801e-13,
                0.0,
                0.0
            ],
            [
                0.9999869928457586,
                1.3007124739872788e-05,
                2.0206570467991456e-11,
                2.734661937526197e-12,
                6.56011295928379e-12
            ],
            [
                1.463147699867914e-12,
                5.209166633567051e-10,
                0.9995694422433131,
                0.0004305571180748883,
                1.1623221851876731e-10
            ],
            [
                5.4927576261009166e-11,
                2.5945949848832093e-11,
                1.0815881056461436e-11,
                6.144172125080608e-06,
                0.9999938557361855
            ],
            [
                2.5946094904986057e-11,
                7.433680650068243e-12,
                1.658678353942011e-12,
                2.646573630975483e-09,
                0.999999997318388
            ]
        ],
        [
            [
                0.9999999998304623,
                1.6918979216416076e-10,
                9.357622963455773e-14,
                0.0,
                2.54366564591329e-13
            ],
            [
                0.9999952148911642,
                4.785094842117055e-06,
                7.433638551631283e-12,
                0.0,
                6.560162996748047e-12
            ],
            [
                1.361526209518642e-13,
                1.0815942363035948e-11,
                0.9999997617507717,
                2.3823698449801221e-07,
                1.2917801010191407e-12
            ],
            [
                2.2897262083035233e-11,
                3.331531974907914e-11,
                1.0815900757370898e-11,
                3.7266391143906662e-06,
                0.9999962732938571
            ],
            [
                1.9171715107248982e-10,
                3.775134538305952e-11,
                3.978962529541591e-12,
                7.582560415914522e-10,
                0.9999999990082964
            ]
        ],
        [
            [
                0.999999992805867,
                7.194132971565481e-09,
                0.0,
                0.0,
                0.0
            ],
            [
                0.9984988175117139,
                0.001501182038109332,
                3.5763687995764264e-10,
                3.769464982226009e-11,
                5.4845391868427947e-11
            ],
            [
                5.008774632417062e-14,
                6.5602001610465394e-12,
                0.9999999990192312,
                9.736200302461486e-10,
                5.384940211920059e-13
            ],
            [
                1.3887945626186596e-11,
                3.331544964661744e-11,
                7.4336816150667e-12,
                1.8553915979105034e-07,
                0.9999998144062031
            ],
            [
                1.103255999157767e-09,
                5.4927881857323794e-11,
                8.423463501092038e-12,
                2.8453347233961275e-08,
                0.9999999703800455
            ]
        ],
        [
            [
                0.9999999987483805,
                1.2501528643146334e-09,
                3.266131337373885e-13,
                0.0,
                1.1399918511548364e-12
            ],
            [
                0.9999724642958523,
                2.7535689762237856e-05,
                1.225574105088287e-11,
                0.0,
                2.1297284523194193e-12
            ],
            [
                2.2447771599228295e-13,
                7.052880180703992e-11,
                0.9999994955785302,
                5.04347205153618e-07,
                3.511422277470622e-12
            ],
            [
                1.0815797798205186e-11,
                2.9400386615148514e-11,
                7.433581868277427e-12,
                1.3007124768781516e-05,
                0.9999869928275814
            ],
            [
                1.2256067919575754e-11,
                1.573710271738652e-11,
                4.50875541721277e-12,
                3.9278636978631897e-07,
                0.9999996071811283
            ]
        ],
        [
            [
                0.9999999928046371,
                7.19413297310599e-09,
                5.384940174924272e-13,
                0.0,
                6.914400051945699e-13
            ],
            [
                0.9995694428720515,
                0.0004305571176500126,
                8.419833667977255e-12,
                0.0,
                1.8787188347589064e-12
            ],
            [
                5.384868645312563e-13,
                1.1628078476782245e-10,
                0.9999869926961689,
                1.3007124771173398e-05,
                6.224061896413389e-11
            ],
            [
                1.2255904543730633e-11,
                2.940038661517452e-11,
                5.1090211210865595e-12,
                1.3007124768793022e-05,
                0.9999869928284659
            ],
            [
                4.8473686295535164e-11,
                2.2897348094071313e-11,
                3.978962472864305e-12,
                1.52299795036758e-08,
                0.9999999846946706
            ]
        ],
        [
            [
                0.9999999996408191,
                3.581747925919188e-10,
                0.0,
                0.0,
                1.006039278057561e-12
            ],
            [
                0.9996646499107975,
                0.00033535005589820283,
                3.330426543757978e-11,
                0.0,
                0.0
            ],
            [
                5.0087744301346614e-14,
                2.0206838252264884e-11,
                0.9999999585794798,
                4.139937547106115e-08,
                8.878265110286921e-13
            ],
            [
                5.7893560174171756e-12,
                1.5737101260625136e-11,
                3.511421924555344e-12,
                5.315784968576481e-08,
                0.9999999468171126
            ],
            [
                1.7832474275360902e-11,
                2.2897350211993713e-11,
                5.109089419776841e-12,
                8.31527989849554e-07,
                0.9999991684261713
            ]
        ],
        [
            [
                0.9999999996383069,
                3.58174792712109e-10,
                4.193795654677117e-13,
                0.0,
                3.098819135986081e-12
            ],
            [
                0.9988304895780878,
                0.001169510353191015,
                6.216859887788143e-11,
                6.552522113826292e-12,
                0.0
            ],
            [
                5.675685227105467e-14,
                1.081594154675261e-11,
                0.9999999991287707,
                8.592166610806644e-10,
                1.1399918519341764e-12
            ],
            [
                2.172439878908535e-10,
                1.1628232729562045e-10,
                6.560199998533621e-12,
                2.510999090819732e-08,
                0.9999999745499226
            ],
            [
                2.1724401639787662e-10,
                2.2897350869041136e-11,
                6.5602008593711275e-12,
                8.764249142891132e-08,
                0.9999999121108071
            ]
        ],
        [
            [
                0.9999999996387638,
                3.5817479278571766e-10,
                3.2661313405752173e-13,
                0.0,
                2.734698289739597e-12
            ],
            [
                0.9999977396665277,
                2.2603252695259243e-06,
                5.789345731513287e-12,
                0.0,
                2.413358354255781e-12
            ],
            [
                9.463153727507459e-12,
                9.652679223136469e-10,
                0.9914225100164153,
                0.008577485639737405,
                3.3691160947112616e-09
            ],
            [
                6.560200314992233e-12,
                2.9400778050929026e-11,
                7.433680838741956e-12,
                6.475946144848464e-07,
                0.9999993523619908
            ],
            [
                1.3887943549493128e-11,
                1.7832472503073745e-11,
                3.0988190683307547e-12,
                2.21594892700032e-08,
                0.9999999778056915
            ]
        ],
        [
            [
                0.9999999976614935,
                2.3355930322633856e-09,
                7.835041763138715e-13,
                0.0,
                2.129785164995769e-12
            ],
            [
                0.9990889485016362,
                0.000911051411090164,
                7.984676792759754e-11,
                7.426906333907873e-12,
                0.0
            ],
            [
                1.542805368554361e-13,
                3.3315319428575866e-11,
                0.9999970976459065,
                2.9023122004501823e-06,
                8.423431898427139e-12
            ],
            [
                4.277788198073664e-11,
                4.277788198073664e-11,
                8.423464402514159e-12,
                8.315279900686144e-07,
                0.9999991683780307
            ],
            [
                3.7751345389834416e-11,
                1.2256067426907006e-11,
                3.978962530255659e-12,
                7.582560417275298e-10,
                0.9999999991877575
            ]
        ],
        [
            [
                0.9999999994774642,
                5.211412483518124e-10,
                2.543665645243744e-13,
                0.0,
                1.139991852088331e-12
            ],
            [
                0.9995694427170327,
                0.00043055711734325033,
                9.052174272449842e-11,
                5.49042123330273e-11,
                2.0198130951032293e-11
            ],
            [
                1.3615260917296068e-13,
                2.0206838847417545e-11,
                0.9999999881158023,
                1.1861120008821052e-08,
                2.7346982587318416e-12
            ],
            [
                1.0261508986343865e-10,
                6.22391981513426e-11,
                1.7831828823091532e-11,
                3.5356257757496965e-05,
                0.9999646435595564
            ],
            [
                5.109089019584473e-12,
                9.545034907000047e-12,
                2.1297851674212735e-12,
                9.736200296851733e-10,
                0.999999999009596
            ]
        ],
        [
            [
                0.9999999996406852,
                3.581747927128577e-10,
                0.0,
                0.0,
                1.139991852040314e-12
            ],
            [
                0.9999994956474051,
                5.043472040459755e-07,
                3.51142226975887e-12,
                0.0,
                1.8795289002445275e-12
            ],
            [
                4.494450696951987e-12,
                1.600135284283878e-09,
                0.9968273144765579,
                0.003172683062321631,
                8.56490698089429e-10
            ],
            [
                7.991960532149216e-11,
                3.331544808622649e-11,
                1.0815942422342442e-11,
                1.1253518371979891e-07,
                0.9999998873407653
            ],
            [
                1.9555680636957884e-08,
                9.056076780868163e-11,
                5.78935619524627e-12,
                2.646573577887438e-09,
                0.9999999777013956
            ]
        ],
        [
            [
                0.9999999996833564,
                3.1608814521806714e-10,
                1.3615261071708709e-13,
                0.0,
                4.193795655549494e-13
            ],
            [
                0.9999991684684576,
                8.31527989040966e-07,
                2.4133629545187934e-12,
                0.0,
                1.1399919393389128e-12
            ],
            [
                2.9077765413966774e-11,
                3.8084357023571264e-09,
                0.9890130422279733,
                0.010986942203705415,
                1.1730807818421398e-08
            ],
            [
                8.42346464381663e-12,
                2.020684122365707e-11,
                3.5114224841119076e-12,
                8.764249144771588e-08,
                0.9999999123253669
            ],
            [
                3.098819115146122e-12,
                3.978962505565437e-12,
                8.878265410914136e-13,
                7.19413297559268e-09,
                0.9999999927979013
            ]
        ],
        [
            [
                0.9999999979375136,
                2.0611536174492034e-09,
                3.26613133488125e-13,
                0.0,
                1.0060392768480366e-12
            ],
            [
                0.4999999492808184,
                0.49999994651934393,
                9.276953010187127e-08,
                8.628910456738826e-09,
                2.8013970703945245e-09
            ],
            [
                1.0603575944339371e-13,
                1.3887943803164553e-11,
                0.9999999956206642,
                4.363462233526886e-09,
                1.8795288081754346e-12
            ],
            [
                1.573710245725191e-11,
                2.594609556045848e-11,
                4.508755342682957e-12,
                6.475946144083827e-07,
                0.9999993523591936
            ],
            [
                2.0206803244894394e-11,
                3.3315386322709756e-11,
                9.545017990706715e-12,
                1.3709566544115428e-06,
                0.9999986289802784
            ]
        ],
        [
            [
                0.9999999998299225,
                1.6918979214456586e-10,
                0.0,
                0.0,
                8.878265472322833e-13
            ],
            [
                0.9999724642999025,
                2.75356897948415e-05,
                8.42323943788374e-12,
                0.0,
                1.8794787647435688e-12
            ],
            [
                1.542805384105725e-13,
                3.331531976439182e-11,
                0.9999962733229055,
                3.7266391161035375e-06,
                4.508738236432288e-12
            ],
            [
                4.508755140246062e-12,
                7.433680504102222e-12,
                2.1297851227513628e-12,
                2.2159489271819898e-08,
                0.9999999778264385
            ],
            [
                1.081594151149481e-11,
                1.2256067392211614e-11,
                1.6586783518919719e-12,
                3.850741906464933e-09,
                0.9999999961245274
            ]
        ],
        [
            [
                0.9999999991387052,
                8.59216660828646e-10,
                4.1937956530653347e-13,
                0.0,
                1.6586783568124204e-12
            ],
            [
                0.9999251537713828,
                7.484619703223701e-05,
                2.5944167192908278e-11,
                3.511161215390277e-12,
                2.1296269283280763e-12
            ],
            [
                1.0803282581106696e-11,
                1.2486896876822468e-09,
                0.998830486065741,
                0.0011695103419066201,
                2.3328594610996616e-09
            ],
            [
                1.2256068735215838e-11,
                1.5737103764689118e-11,
                6.560200859238563e-12,
                8.76424914271403e-08,
                0.9999999123229553
            ],
            [
                3.775134476589347e-11,
                3.775134476589347e-11,
                6.560200050526629e-12,
                1.7257827678520096e-08,
                0.9999999826601095
            ]
        ],
        [
            [
                0.9999999999898448,
                9.545034918353883e-12,
                0.0,
                0.0,
                6.101936674737044e-13
            ],
            [
                0.9999785550465843,
                2.1444939696162832e-05,
                1.2255811315210193e-11,
                0.0,
                1.463747923892402e-12
            ],
            [
                1.2015426626977165e-13,
                1.0815942363123896e-11,
                0.9999997617506156,
                2.3823698449994938e-07,
                1.4637786231842502e-12
            ],
            [
                1.7832472788788763e-11,
                8.423463698088097e-12,
                2.1297851567005495e-12,
                6.348800073549422e-09,
                0.9999999936228141
            ],
            [
                4.508755814229507e-12,
                1.3887945626646866e-11,
                3.0988195318064008e-12,
                1.855391597971994e-07,
                0.9999998144393447
            ]
        ],
        [
            [
                0.9999999996412867,
                3.581747927544274e-10,
                0.0,
                0.0,
                5.384940213636255e-13
            ],
            [
                0.9999999226264173,
                7.734422779899933e-08,
                8.42346470497905e-12,
                3.0988194883950615e-12,
                1.783247492037693e-11
            ],
            [
                2.5854764758267444e-10,
                2.3273717539890647e-08,
                0.43782267887010234,
                0.5621754487372452,
                1.8488603871535632e-06
            ],
            [
                1.2256067920019435e-11,
                2.5946095990287213e-11,
                5.789356553539319e-12,
                3.9278636980053817e-07,
                0.9999996071696388
            ],
            [
                2.0206839076254916e-11,
                1.783247289582033e-11,
                1.1399918522563768e-12,
                2.461696950113825e-10,
                0.9999999997146509
            ]
        ],
        [
            [
                0.99999999858284,
                1.4166087841282414e-09,
                2.2447770510357435e-13,
                0.0,
                3.266131336988971e-13
            ],
            [
                0.9999993524015957,
                6.475946141428191e-07,
                3.0988192064467576e-12,
                0.0,
                6.914400258054952e-13
            ],
            [
                1.7482342139956294e-13,
                2.289734957922586e-11,
                0.9999998554772374,
                1.4449803169637785e-07,
                1.658678440247441e-12
            ],
            [
                1.783247330736158e-11,
                1.783247330736158e-11,
                3.978962624914189e-12,
                6.475946144872754e-07,
                0.9999993523657416
            ],
            [
                7.433680274366845e-12,
                1.2256066787932581e-11,
                2.41336264262629e-12,
                5.315784969827233e-08,
                0.9999999468200473
            ]
        ],
        [
            [
                0.9999999918470918,
                8.152020641003139e-09,
                0.0,
                0.0,
                8.878265398447621e-13
            ],
            [
                0.9999962733503361,
                3.726639110561144e-06,
                8.423431970807075e-12,
                0.0,
                2.1297771347876394e-12
            ],
            [
                1.879231359025806e-12,
                2.7890266267764816e-10,
                0.9998415633405261,
                0.00015843624694774055,
                1.3174428931933074e-10
            ],
            [
                2.2897351313691253e-11,
                2.2897351313691253e-11,
                5.10908966559879e-12,
                6.825604228064835e-08,
                0.9999999316930539
            ],
            [
                4.13993742491561e-08,
                2.4616967770741585e-10,
                2.5946093141005694e-11,
                2.845334607010004e-08,
                0.999999929875164
            ]
        ],
        [
            [
                0.9999999999607849,
                3.7751345427784965e-11,
                0.0,
                0.0,
                1.4637785135440627e-12
            ],
            [
                0.9999832985473481,
                1.6701415048999077e-05,
                2.9400274389295074e-11,
                2.4133214827875328e-12,
                5.7892572814590555e-12
            ],
            [
                1.3615260953468503e-13,
                2.9400777117676794e-11,
                0.9999999907313547,
                9.2374495755154e-09,
                1.6586783433903188e-12
            ],
            [
                1.388791847434111e-11,
                1.5737073335517826e-11,
                5.109079687375158e-12,
                1.0677030762462463e-06,
                0.9999989322621896
            ],
            [
                2.172440018393462e-10,
                5.4927885616065895e-11,
                2.0206839865167226e-11,
                3.9278636961170895e-07,
                0.9999996069212517
            ]
        ],
        [
            [
                0.999999997351867,
                2.646573630337756e-09,
                4.1937956447972525e-13,
                0.0,
                1.1399918493523056e-12
            ],
            [
                0.9975273769739865,
                0.0024726229639261345,
                6.208754153792696e-11,
                0.0,
                0.0
            ],
            [
                5.384930495748788e-13,
                4.2777801458236285e-11,
                0.9999982396100384,
                1.7603431340157644e-06,
                3.511415773832741e-12
            ],
            [
                6.223978879821084e-11,
                1.4930549164975811e-10,
                3.331455826285058e-11,
                2.7535689820042582e-05,
                0.99997246406532
            ],
            [
                2.129785164524742e-12,
                1.081594152462616e-11,
                1.8795288108637074e-12,
                2.646573630917593e-09,
                0.9999999973386011
            ]
        ],
        [
            [
                0.9999999983940793,
                1.6052280518694894e-09,
                1.542811200004708e-13,
                0.0,
                5.384940206629685e-13
            ],
            [
                0.95257412311159,
                0.04742587527287944,
                1.5290980473982875e-09,
                6.718387941222045e-11,
                1.924850372327773e-11
            ],
            [
                1.7482242249526877e-13,
                4.84734124711317e-11,
                0.9999952148469577,
                4.785094849030262e-06,
                9.544980852554414e-12
            ],
            [
                3.775135023171352e-11,
                2.289735136108388e-11,
                3.978963040585962e-12,
                1.8553915979804514e-07,
                0.9999998143962125
            ],
            [
                1.1628232691381956e-10,
                4.2777877443170914e-11,
                5.78935616003264e-12,
                2.845334726072227e-08,
                0.9999999713818033
            ]
        ],
        [
            [
                0.9999999748894706,
                2.5109990902467046e-08,
                5.38494007729245e-13,
                0.0,
                0.0
            ],
            [
                0.995929861991559,
                0.004070137794699849,
                1.9093692891123142e-10,
                2.2804164171600002e-11,
                0.0
            ],
            [
                1.0603576810351192e-13,
                2.594609698636912e-11,
                0.9999991684424462,
                8.315279903084559e-07,
                3.511422384534888e-12
            ],
            [
                7.433667249441614e-12,
                3.7751277275626376e-11,
                9.545017687482285e-12,
                1.7603431335193445e-06,
                0.9999982396021365
            ],
            [
                4.5087551797985784e-12,
                8.423463637710288e-12,
                1.8795287904867718e-12,
                1.3440409764836337e-08,
                0.9999999865447786
            ]
        ],
        [
            [
                0.9999999999288611,
                7.052879847747061e-11,
                0.0,
                0.0,
                6.101936674693943e-13
            ],
            [
                0.9999417087143171,
                5.829127672151564e-05,
                8.422966305537312e-12,
                0.0,
                5.384622209291638e-13
            ],
            [
                5.6756856924567473e-14,
                1.573710338182748e-11,
                0.999999887446609,
                1.1253518383646256e-07,
                2.4133629673553642e-12
            ],
            [
                3.77512772724841e-11,
                3.77512772724841e-11,
                8.423448543617157e-12,
                1.7603431333728198e-06,
                0.9999982395729405
            ],
            [
                2.0206840642862547e-11,
                3.3315447981535335e-11,
                9.545035656256011e-12,
                8.315279899887823e-07,
                0.9999991684089427
            ]
        ],
        [
            [
                0.9999999995924762,
                4.058652121744198e-10,
                0.0,
                0.0,
                1.6586783569805774e-12
            ],
            [
                0.9999996940968578,
                3.0590235869882477e-07,
                0.0,
                0.0,
                7.835042763399835e-13
            ],
            [
                3.6883940100865014e-11,
                4.263203827102129e-09,
                0.9770225884617778,
                0.022977366789982804,
                4.044815172809769e-08
            ],
            [
                8.423463300867153e-12,
                1.0815940974849846e-11,
                3.5114219242872768e-12,
                5.315784968170666e-08,
                0.9999999468193994
            ],
            [
                1.3887945331853048e-11,
                1.3887945331853048e-11,
                3.0988194660290094e-12,
                8.764249145151551e-08,
                0.9999999123266339
            ]
        ],
        [
            [
                0.9999999778382634,
                2.2159489265470635e-08,
                7.835041605485289e-13,
                0.0,
                1.463778480576116e-12
            ],
            [
                0.9999724642855232,
                2.7535689761953425e-05,
                2.0206300958574615e-11,
                4.508635168894124e-12,
                0.0
            ],
            [
                9.357623181613967e-14,
                2.940077806136011e-11,
                0.9999993523731562,
                6.475946147146061e-07,
                2.7346983537734912e-12
            ],
            [
                6.224145403625661e-11,
                2.5946098237280986e-11,
                5.109089668915585e-12,
                3.0590235887230485e-07,
                0.9999996940043444
            ],
            [
                2.2897347868546852e-11,
                1.783247245028265e-11,
                3.97896243367403e-12,
                2.510999091271967e-08,
                0.9999999748453003
            ]
        ],
        [
            [
                0.9999999993280579,
                6.69158608028136e-10,
                3.7010116725024277e-13,
                0.0,
                2.4133627678618753e-12
            ],
            [
                0.9997388096544861,
                0.00026119032639469487,
                1.7827815737056358e-11,
                1.2914426404437675e-12,
                0.0
            ],
            [
                1.0603576232599975e-13,
                3.3315446179102796e-11,
                0.9999993523705,
                6.47594614712886e-07,
                1.4637785474054418e-12
            ],
            [
                7.433680608164477e-12,
                1.2256067338271837e-11,
                3.0988191119644064e-12,
                8.152020644079796e-09,
                0.9999999918251908
            ],
            [
                3.5114220873186507e-12,
                5.109088990149361e-12,
                8.878265412575068e-13,
                7.194132976938547e-09,
                0.9999999927963585
            ]
        ],
        [
            [
                0.9999999998293465,
                1.6918979208721425e-10,
                0.0,
                0.0,
                1.463778512617929e-12
            ],
            [
                0.9999998874584239,
                1.1253518370191997e-07,
                2.4133629644700435e-12,
                0.0,
                3.978962853441679e-12
            ],
            [
                4.1937239241531983e-13,
                6.224038159876305e-11,
                0.9999832984794529,
                1.6701415110235846e-05,
                4.277714698068876e-11
            ],
            [
                1.4930920267848258e-10,
                7.05286733617443e-11,
                1.3887919221590486e-11,
                1.3709566536944657e-06,
                0.9999986288096205
            ],
            [
                1.225606730607734e-11,
                1.7832472707325357e-11,
                5.789356263533608e-12,
                1.0467401676865639e-08,
                0.9999999894967203
            ]
        ],
        [
            [
                0.9999999976579261,
                2.3355930310552255e-09,
                6.914400084014168e-13,
                0.0,
                5.789356309534918e-12
            ],
            [
                0.9999991684681355,
                8.315279898190669e-07,
                2.7346985011607456e-12,
                0.0,
                1.1399919404056583e-12
            ],
            [
                9.539757671392614e-12,
                1.6043405579530608e-09,
                0.9994472193441694,
                0.0005527785822990242,
                4.596512656509057e-10
            ],
            [
                1.4930946136557368e-10,
                1.783247216119556e-11,
                4.5087550534360794e-12,
                4.1399375453751225e-08,
                0.9999999584289738
            ],
            [
                1.5737101649159825e-11,
                2.0206838502519787e-11,
                4.508755111160698e-12,
                2.8453347262287426e-08,
                0.9999999715061999
            ]
        ],
        [
            [
                0.999999998894842,
                1.1032560301763457e-09,
                6.101936665618834e-13,
                0.0,
                1.2917800022484562e-12
            ],
            [
                0.9999646437025081,
                3.5356257328525836e-05,
                3.774998172828352e-11,
                0.0,
                2.4132755924814556e-12
            ],
            [
                9.357623666032464e-14,
                1.0815942363130413e-11,
                0.9999997617512182,
                2.3823698450009295e-07,
                8.878266139937286e-13
            ],
            [
                5.905304448093766e-10,
                1.0261880412207081e-10,
                3.3315447955593484e-11,
                8.315279893412936e-07,
                0.999999167745546
            ],
            [
                6.560200860570906e-12,
                8.423464643549838e-12,
                1.1399919733684103e-12,
                8.764249144494003e-08,
                0.999999912341385
            ]
        ],
        [
            [
                0.9999999895320301,
                1.0467401681423051e-08,
                1.9810087766022917e-13,
                0.0,
                3.701011638524984e-13
            ],
            [
                9.526647033395354e-12,
                3.1547922216182254e-10,
                2.3310936706007123e-09,
                0.9980732630181149,
                0.0019267343257855284
            ],
            [
                3.266125446129097e-13,
                7.991945464306675e-11,
                0.9999982395691862,
                1.7603431340351166e-06,
                7.433667251619643e-12
            ],
            [
                1.5737102459129694e-11,
                2.289734896900069e-11,
                3.511422191977858e-12,
                6.475946144856551e-07,
                0.9999993523632396
            ],
            [
                2.289730658932611e-11,
                3.775127641556416e-11,
                1.0815921780654093e-11,
                1.0677030760098621e-06,
                0.9999989322254594
            ]
        ],
        [
            [
                0.9999999965976105,
                3.3982678041836812e-09,
                6.101936650112161e-13,
                0.0,
                3.5114220975552887e-12
            ],
            [
                1.6204896351912486e-05,
                0.40446208853069215,
                0.19105435419810604,
                0.404462091415266,
                5.260959583934709e-06
            ],
            [
                2.882351098450959e-13,
                3.7751349437588724e-11,
                0.999999912308653,
                8.764249146864862e-08,
                1.0815942701814411e-11
            ],
            [
                4.508755127585669e-12,
                8.42346354016373e-12,
                2.413362710433827e-12,
                2.5109990918605863e-08,
                0.9999999748746635
