{
    "[['A', 'B', 'C', 'D', 'E'], ['A', 'B', 'C', 'D', 'E']]": [
        [
            [
                0.9999999999972653,
                2.734698290604108e-12,
                0.0,
                0.0,
                0.0
            ],
            [
                0.9999999827421723,
                1.725782767857117e-08,
                0.0,
                0.0,
                0.0
            ],
            [
                4.4202280991088456e-14,
                1.3887943850723872e-11,
                0.9999999990123909,
                9.73620030302645e-10,
                5.6756852268130996e-14
            ],
            [
                3.511422109562281e-12,
                6.5602001610278576e-12,
                1.139991851806056e-12,
                4.058652122067042e-10,
                0.9999999995829232
            ],
            [
                2.1297851656356882e-12,
                6.5602001517667265e-12,
                1.1399918501967126e-12,
                1.8189616830093705e-09,
                0.9999999981712084
            ]
        ],
        [
            [
                0.9999999999925664,
                7.433680670222029e-12,
                0.0,
                0.0,
                0.0
            ],
            [
                0.9999999999842628,
                1.5737102102738817e-11,
                0.0,
                0.0,
                0.0
            ],
            [
                4.420228094261761e-14,
                2.2897348407868976e-11,
                0.9999999979158221,
                2.0611536180649355e-09,
                8.258073268032872e-14
            ],
            [
                1.1399918514643019e-12,
                4.508755236045593e-12,
                8.87826546615419e-13,
                9.73620029951498e-10,
                0.9999999990198434
            ],
            [
                2.7346982878776115e-12,
                5.789356320867557e-12,
                8.878265466401212e-13,
                5.905303990923464e-10,
                0.9999999994000577
            ]
        ],
        [
            [
                0.9999999999981204,
                1.879528815861809e-12,
                0.0,
                0.0,
                0.0
            ],
            [
                0.9999999999771028,
                2.2897348449539566e-11,
                0.0,
                0.0,
                0.0
            ],
            [
                7.287723793255533e-14,
                1.3887943288378793e-11,
                0.9999999585856575,
                4.139937546907533e-08,
                1.0060392375156231e-12
            ],
            [
                3.511422104678358e-12,
                5.78935631438982e-12,
                7.835041765656185e-13,
                2.0611536173328683e-09,
                0.9999999979287622
            ],
            [
                2.2897348424766438e-11,
                1.0815941542316826e-11,
                1.4637785121000931e-12,
                7.58256041741792e-10,
                0.9999999992065669
            ]
        ],
        [
            [
                0.999999999987744,
                1.22560674409256e-11,
                0.0,
                0.0,
                0.0
            ],
            [
                0.9999999999515263,
                4.847368704501857e-11,
                0.0,
                0.0,
                0.0
            ],
            [
                5.675685227857643e-14,
                1.2256067433788182e-11,
                0.9999999992292066,
                7.58256042153253e-10,
                2.2447770531323935e-13
            ],
            [
                2.413362769693787e-12,
                3.978962532309921e-12,
                7.835041778118688e-13,
                3.5817479271079903e-10,
                0.9999999996346494
            ],
            [
                2.4133627696942056e-12,
                3.978962532310612e-12,
                6.101936672197064e-13,
                3.581747927108611e-10,
                0.9999999996348228
            ]
        ],
        [
            [
                0.9999999999975866,
                2.413362771153648e-12,
                0.0,
                0.0,
                0.0
            ],
            [
                0.9999999895323738,
                1.046740168142482e-08,
                2.2447770307190722e-13,
                0.0,
                0.0
            ],
            [
                6.431393674836774e-14,
                1.7832472168896264e-11,
                0.9999999585824731,
                4.1399375471628973e-08,
                2.5436655419285557e-13
            ],
            [
                6.224144359108646e-11,
                5.492788118152763e-11,
                7.43368035728905e-12,
                4.1399375433213786e-08,
                0.9999999584760215
            ],
            [
                9.54503491263307e-12,
                8.423463745460508e-12,
                1.0060392782074482e-12,
                4.5990553737340393e-10,
                0.99999999952112
            ]
        ],
        [
            [
                0.99999999999886,
                1.1399918528500439e-12,
                0.0,
                0.0,
                0.0
            ],
            [
                0.9999999998308102,
                1.691897922004513e-10,
                0.0,
                0.0,
                0.0
            ],
            [
                5.6756852075824674e-14,
                1.2256067390005994e-11,
                0.9999999956241423,
                4.363462233685085e-09,
                8.258073249108013e-14
            ],
            [
                5.109089003841738e-12,
                1.2256067385994917e-11,
                1.8795288076284594e-12,
                4.363462232257044e-09,
                0.9999999956172931
            ],
            [
                3.0988191356506635e-12,
                5.789356322992965e-12,
                1.139991851914538e-12,
                4.599055374094308e-10,
                0.9999999995300664
            ]
        ],
        [
            [
                0.9999999999891338,
                1.0815941555093416e-11,
                0.0,
                0.0,
                5.0087746368282806e-14
            ],
            [
                0.9999998144606653,
                1.8553915977974174e-07,
                1.7482343498697052e-13,
                0.0,
                0.0
            ],
            [
                1.9810087832264738e-13,
                2.1724399188241658e-10,
                0.9999999925882268,
                7.1941329764967084e-09,
                1.9810087832264738e-13
            ],
            [
                5.789356136227603e-12,
                2.5946094120025857e-11,
                3.978962403531958e-12,
                3.2241866300486535e-08,
                0.9999999677224194
            ],
            [
                2.940077737671231e-11,
                1.081594155135091e-11,
                1.006039278731296e-12,
                1.4930946753778923e-10,
                0.9999999998094677
            ]
        ],
        [
            [
                0.9999999999954912,
                4.5087552408483204e-12,
                0.0,
                0.0,
                0.0
            ],
            [
                0.9999999999294713,
                7.052879848384166e-11,
                0.0,
                0.0,
                0.0
            ],
            [
                8.25807327877512e-14,
                3.3315445394308424e-11,
                0.9999999992082891,
                7.582560421685778e-10,
                5.6756852279723515e-14
            ],
            [
                2.7346982889738592e-12,
                5.109089023172229e-12,
                7.83504177756365e-13,
                3.5817479268542573e-10,
                0.9999999996331979
            ],
            [
                3.0988191338472106e-12,
                5.789356319623672e-12,
                1.006039277700761e-12,
                1.1032560306080707e-09,
                0.9999999988868498
            ]
        ],
        [
            [
                0.999999999994128,
                5.789356327080722e-12,
                0.0,
                0.0,
                8.258073283202423e-14
            ],
            [
                0.9999999999705993,
                2.940077738377393e-11,
                0.0,
                0.0,
                0.0
            ],
            [
                9.357622965293595e-14,
                7.052879848439087e-11,
                0.9999999996503963,
                2.789468091811704e-10,
                3.4424771071652627e-14
            ],
            [
                2.7346982725803827e-12,
                8.42346369590913e-12,
                1.4637785039497904e-12,
                6.348800071907124e-09,
                0.9999999936385779
            ],
            [
                1.0261879618007411e-10,
                1.225606742774376e-11,
                1.4637785121724965e-12,
                7.582560417792979e-10,
                0.9999999991254054
            ]
        ],
        [
            [
                0.9999999999964886,
                3.5114221123841398e-12,
                0.0,
                0.0,
                0.0
            ],
            [
                0.9999999998837177,
                1.1628233025623358e-10,
                0.0,
                0.0,
                0.0
            ],
            [
                1.3615261019845986e-13,
                2.940077726101225e-11,
                0.9999999956065813,
                4.363462233378027e-09,
                4.193795639574651e-13
            ],
            [
                1.139991852166221e-12,
                4.508755238821736e-12,
                6.101936672905008e-13,
                3.5817479275241645e-10,
                0.9999999996355662
            ],
            [
                1.22560674308013e-11,
                2.0206839068297174e-11,
                2.1297851686449075e-12,
                5.905303992536617e-10,
                0.9999999993748769
            ]
        ],
        [
            [
                0.9999999999915765,
                8.423463752566445e-12,
                0.0,
                0.0,
                0.0
            ],
            [
                0.999999999986112,
                1.3887943861350463e-11,
                0.0,
                0.0,
                0.0
            ],
            [
                3.9008376069452574e-14,
                3.3315445394031416e-11,
                0.999999999208325,
                7.582560421622731e-10,
                6.431393936117633e-14
            ],
            [
                4.508755170530806e-12,
                1.0815941385132759e-11,
                2.1297851370568626e-12,
                1.5229979502303248e-08,
                0.999999984752566
            ],
            [
                1.6586783569704343e-12,
                5.109089022076009e-12,
                1.0060392781043444e-12,
                7.582560419025942e-10,
                0.9999999992339701
            ]
        ],
        [
            [
                0.9999999999964886,
                3.511422112499298e-12,
                0.0,
                0.0,
                0.0
            ],
            [
                0.999999999868235,
                1.317651426468168e-10,
                0.0,
                0.0,
                0.0
            ],
            [
                3.7006589072522336e-13,
                9.055213786663474e-11,
                0.9999038974957706,
                9.610239942055639e-05,
                1.3886620100275161e-11
            ],
            [
                8.42346369028315e-12,
                9.545034850108931e-12,
                1.879528802217363e-12,
                7.194132975507198e-09,
                0.999999992786019
            ],
            [
                7.433680665993803e-12,
                9.545034914676299e-12,
                1.1399918520692653e-12,
                3.1608814516100383e-10,
                0.9999999996657931
            ]
        ],
        [
            [
                0.9999999999934397,
                6.560200166279782e-12,
                0.0,
                0.0,
                0.0
            ],
            [
                0.999999999782756,
                2.1724399337249196e-10,
                0.0,
                0.0,
                0.0
            ],
            [
                1.5428112787758522e-13,
                7.991960284488561e-11,
                0.999999855421203,
                1.4449803169003664e-07,
                6.91440044568403e-13
            ],
            [
                6.91440007667474e-13,
                3.9789625184206685e-12,
                6.101936650896147e-13,
                3.850741905912288e-09,
                0.9999999961439774
            ],
            [
                9.545034900847153e-12,
                1.3887943832963702e-11,
                1.879528812208311e-12,
                1.8189616833618313e-09,
                0.9999999981557257
            ]
        ],
        [
            [
                0.9999999999771028,
                2.289734844953322e-11,
                0.0,
                0.0,
                0.0
            ],
            [
                0.999999999979793,
                2.02068390841741e-11,
                0.0,
                0.0,
                0.0
            ],
            [
                5.6756858338480985e-14,
                1.573710377386651e-11,
                0.9999999123415398,
                8.764249147825068e-08,
                1.7482343134584298e-13
            ],
            [
                4.5087551920119575e-12,
                9.545034816391797e-12,
                1.6586783404161982e-12,
                1.046740167800934e-08,
                0.999999989516886
            ],
            [
                1.0060392787809705e-12,
                1.8795288156005766e-12,
                2.543665646106792e-13,
                2.1724399339942509e-10,
                0.9999999997796161
            ]
        ],
        [
            [
                0.9999999999942106,
                5.789356326865716e-12,
                0.0,
                0.0,
                0.0
            ],
            [
                0.9999999981810384,
                1.818961683669112e-09,
                0.0,
                0.0,
                0.0
            ],
            [
                8.258073238523362e-14,
                1.2256067374296978e-11,
                0.9999999943845768,
                5.602796405627422e-09,
                2.8823507770284115e-13
            ],
            [
                1.2256067307206765e-11,
                1.783247270896866e-11,
                2.7346982610469804e-12,
                1.0467401677830232e-08,
                0.999999989499775
            ],
            [
                7.433680667635299e-12,
                3.5114221111484107e-12,
                4.752193059755746e-13,
                2.1724399337005397e-10,
                0.9999999997713356
            ]
        ],
        [
            [
                0.9999999999925664,
                7.43368066963223e-12,
                0.0,
                0.0,
                0.0
            ],
            [
                0.9999991684714004,
                8.315279894608172e-07,
                6.101937142587766e-13,
                0.0,
                0.0
            ],
            [
                1.5428111919007722e-13,
                3.331544517784392e-11,
                0.9999999927720271,
                7.19413297767488e-09,
                3.701011651506694e-13
            ],
            [
                1.0815941538743734e-11,
                8.423463740028155e-12,
                1.2917800025714749e-12,
                1.1032560304522226e-09,
                0.9999999988762127
            ],
            [
                3.511422110914128e-12,
                3.978962533046993e-12,
                6.101936673326342e-13,
                1.026187962450575e-10,
                0.9999999998892806
            ]
        ],
        [
            [
                0.9999999999975222,
                2.4133627711536123e-12,
                0.0,
                0.0,
                6.431393939640923e-14
            ],
            [
                0.9999999999622486,
                3.7751345429427926e-11,
                0.0,
                0.0,
                0.0
            ],
            [
                1.0603575980174037e-13,
                2.59460949549926e-11,
                0.9999999990001531,
                9.736200302588175e-10,
                1.7482341263997897e-13
            ],
            [
                7.835041766067813e-13,
                3.978962526189982e-12,
                4.752193051249147e-13,
                2.0611536174411545e-09,
                0.9999999979336087
            ],
            [
                3.978962533373918e-12,
                5.109089024900357e-12,
                7.83504178021382e-13,
                1.4930946752728091e-10,
                0.9999999998408189
            ]
        ],
        [
            [
                0.9999999999942106,
                5.7893563266223865e-12,
                0.0,
                0.0,
                0.0
            ],
            [
                0.9999999956365377,
                4.363462232955201e-09,
                0.0,
                0.0,
                0.0
            ],
            [
                9.35762372672084e-14,
                4.8473690988621594e-11,
                0.9999998874158296,
                1.1253518383356446e-07,
                4.1937959980380936e-13
            ],
            [
                2.413362733941637e-12,
                7.433680555637915e-12,
                1.0060392634877577e-12,
                1.522997950559071e-08,
                0.9999999847591674
            ],
            [
                1.2917800027582303e-12,
                4.508755235217227e-12,
                7.835041772765368e-13,
                1.1032560306117229e-09,
                0.99999999889016
            ]
        ],
        [
            [
                0.999999999987744,
                1.2256067442331924e-11,
                0.0,
                0.0,
                0.0
            ],
            [
                0.9999999999450722,
                5.4927883494590414e-11,
                0.0,
                0.0,
                0.0
            ],
            [
                6.43139393274866e-14,
                2.2897348425469496e-11,
                0.999999998726661,
                1.2501528646949624e-09,
                2.2447770519832102e-13
            ],
            [
                2.4133627684814897e-12,
                3.5114221084997816e-12,
                6.914400097337352e-13,
                1.1032560308113309e-09,
                0.9999999988901278
            ],
            [
                8.878265470967854e-13,
                5.109089023752089e-12,
                6.101936672456287e-13,
                3.1608814516464255e-10,
                0.9999999996773048
            ]
        ],
        [
            [
                0.9999999999972653,
                2.734698290989821e-12,
                0.0,
                0.0,
                0.0
            ],
            [
                0.9999999999666846,
                3.331544541125643e-11,
                0.0,
                0.0,
                0.0
            ],
            [
                5.6756849973825344e-14,
                1.5737101454579328e-11,
                0.9999999585845424,
                4.1399375471898284e-08,
                2.882350673974484e-13
            ],
            [
                3.978962531522871e-12,
                4.508755237406005e-12,
                7.835041776568894e-13,
                4.0586521220749176e-10,
                0.9999999995848636
            ],
            [
                2.413362770511572e-12,
                4.508755239825672e-12,
                8.878265473597609e-13,
                7.991959888577255e-11,
                0.9999999999122704
            ]
        ],
        [
            [
                0.999999999996021,
                3.9789625347107e-12,
                0.0,
                0.0,
                0.0
            ],
            [
                0.9999999998308102,
                1.6918979220422916e-10,
                0.0,
                0.0,
                0.0
            ],
            [
                7.287724090992464e-14,
                7.052879846440488e-11,
                0.9999999994081508,
                5.211412484436614e-10,
                1.0603575984500272e-13
            ],
            [
                1.0815941545353162e-11,
                1.573710208950117e-11,
                1.6586783570843183e-12,
                6.691586083910386e-10,
                0.9999999993026296
            ],
            [
                1.6586783576783644e-12,
                4.508755238935391e-12,
                5.384940213741763e-13,
                2.172439933460351e-10,
                0.99999999977605
            ]
        ],
        [
            [
                0.9999999999975866,
                2.413362771153648e-12,
                0.0,
                0.0,
                0.0
            ],
            [
                0.9999999928058669,
                7.194132976292435e-09,
                0.0,
                0.0,
                0.0
            ],
            [
                2.2447770416936617e-13,
                2.7894680763077643e-10,
                0.9999999941178961,
                5.602796404273288e-09,
                1.3615261000062301e-13
            ],
            [
                3.978962531058681e-12,
                5.789356321777889e-12,
                8.878265467797252e-13,
                5.211412481629862e-10,
                0.9999999994682025
            ],
            [
                7.433680664418481e-12,
                7.433680664418481e-12,
                1.4637785125636695e-12,
                1.917171511712182e-10,
                0.9999999997919518
            ]
        ],
        [
            [
                0.9999999999821676,
                1.7832472903431097e-11,
                0.0,
                0.0,
                0.0
            ],
            [
                0.9999982396566686,
                1.7603431334124144e-06,
                1.981005220844141e-13,
                0.0,
                0.0
            ],
            [
                1.9810089583014103e-13,
                7.99196053945838e-11,
                0.9999998873843283,
                1.1253518382271959e-07,
                3.701011977983628e-13
            ],
            [
                2.12978516785105e-12,
                5.109089020615452e-12,
                7.835041773642706e-13,
                8.592166606648713e-10,
                0.999999999132761
            ],
            [
                1.3887943840430314e-11,
                1.7832472876644485e-11,
                2.129785167193419e-12,
                1.41660878414069e-09,
                0.9999999985495409
            ]
        ],
        [
            [
                0.9999999999985363,
                1.4637785138055434e-12,
                0.0,
                0.0,
                0.0
            ],
            [
                0.9999999998837177,
                1.1628233026339297e-10,
                0.0,
                0.0,
                0.0
            ],
            [
                9.357622963334107e-14,
                3.775134542057792e-11,
                0.9999999995021562,
                4.599055375946212e-10,
                9.357622963334107e-14
            ],
            [
                1.658643700491938e-12,
                2.0206416864201895e-11,
                3.978879394604273e-12,
                2.144493975891451e-05,
                0.9999785550343971
            ],
            [
                1.4637785123974524e-12,
                3.5114221092301603e-12,
                5.3849402113954e-13,
                8.592166609028321e-10,
                0.9999999991352697
            ]
        ],
        [
            [
                0.9999999999964886,
                3.511422112105585e-12,
                0.0,
                0.0,
                0.0
            ],
            [
                0.999999999868235,
                1.317651426363681e-10,
                0.0,
                0.0,
                0.0
            ],
            [
                9.357622900707033e-14,
                1.5737101992280576e-11,
                0.9999999927894978,
                7.194132977944679e-09,
                5.38494017854612e-13
            ],
            [
                6.91440010203858e-13,
                1.879528815206684e-12,
                2.5436656455737165e-13,
                4.599055375392043e-10,
                0.999999999537269
            ],
            [
                6.914400098485387e-13,
                3.511422109082802e-12,
                4.19379565325144e-13,
                7.582560418640075e-10,
                0.9999999992371218
            ]
        ],
        [
            [
                0.999999999994891,
                5.1090890267770916e-12,
                0.0,
                0.0,
                0.0
            ],
            [
                0.9999999981810384,
                1.8189616835926374e-09,
                0.0,
                0.0,
                0.0
            ],
            [
                8.258073280980533e-14,
                1.3887943857269404e-11,
                0.9999999995258695,
                4.5990553761042095e-10,
                2.5436656459676047e-13
            ],
            [
                1.0060392696231816e-12,
                4.508755199001102e-12,
                1.0060392696231816e-12,
                9.237449573271261e-09,
                0.9999999907560296
            ],
            [
                1.162823301378683e-10,
                1.573710208462171e-11,
                1.879528813882752e-12,
                7.582560417195502e-10,
                0.999999999107845
            ]
        ],
        [
            [
                0.9999999999740539,
                2.5946094972794223e-11,
                0.0,
                0.0,
                0.0
            ],
            [
                0.9999999943972036,
                5.602796404373348e-09,
                0.0,
                0.0,
                0.0
            ],
            [
                9.357622935737564e-14,
                9.056076957636976e-11,
                0.9999999965109716,
                3.3982678074736916e-09,
                1.0603575954013674e-13
            ],
            [
                2.413362755377253e-12,
                6.560200123421839e-12,
                1.0060392724234518e-12,
                6.348800072753211e-09,
                0.9999999936412203
            ],
            [
                6.560200163043122e-12,
                7.433680666561056e-12,
                1.0060392784995724e-12,
                3.5817479274928573e-10,
                0.9999999996268254
            ]
        ],
        [
            [
                0.9999999999915765,
                8.423463752562605e-12,
                0.0,
                0.0,
                0.0
            ],
            [
                0.9999999966017321,
                3.398267806872022e-09,
                0.0,
                0.0,
                0.0
            ],
            [
                1.748220882002994e-13,
                7.991899338339778e-11,
                0.9999921106531973,
                7.889265050245978e-06,
                1.6586657912050115e-12
            ],
            [
                3.978962531893998e-12,
                5.1090890230001025e-12,
                8.878265469661097e-13,
                5.211412482723912e-10,
                0.9999999994688828
            ],
            [
                5.492788346285562e-11,
                1.783247289298797e-11,
                1.291780003687924e-12,
                3.1608814516267985e-10,
                0.9999999996098596
            ]
        ],
        [
            [
                0.9999999999954912,
                4.508755241163963e-12,
                0.0,
                0.0,
                0.0
            ],
            [
                0.9999999999294713,
                7.052879848086982e-11,
                0.0,
                0.0,
                0.0
            ],
            [
                2.365977607226976e-14,
                5.109089023943655e-12,
                0.9999999992364363,
                7.582560421797774e-10,
                1.7482341268613831e-13
            ],
            [
                2.1297851689809783e-12,
                4.508755238114159e-12,
                7.835041777799481e-13,
                4.599055374387921e-10,
                0.9999999995326725
            ],
            [
                4.508755239964235e-12,
                3.978962533780501e-12,
                6.101936674451213e-13,
                1.9171715127673198e-10,
                0.9999999997991849
            ]
        ],
        [
            [
                0.9999999999975866,
                2.413362771232871e-12,
                0.0,
                0.0,
                0.0
            ],
            [
                0.9999999997210531,
                2.789468091312363e-10,
                0.0,
                0.0,
                0.0
            ],
            [
                5.675685207552219e-14,
                2.5946094868110468e-11,
                0.9999999956104622,
                4.3634622336618305e-09,
                7.287724063615688e-14
            ],
            [
                7.433680660985872e-12,
                1.0815941540747802e-11,
                1.6586783563780634e-12,
                1.1032560306566431e-09,
                0.9999999988768358
            ],
            [
                1.4637785118278974e-12,
                4.5087552352164515e-12,
                7.83504177276402e-13,
                1.1032560306115328e-09,
                0.9999999988899879
            ]
        ],
        [
            [
                0.9999999999981204,
                1.879528816072539e-12,
                0.0,
                0.0,
                0.0
            ],
            [
                0.9999999988967441,
                1.1032560308545734e-09,
                0.0,
                0.0,
                0.0
            ],
            [
                5.008774635986906e-14,
                6.224144620600682e-11,
                0.9999999996587312,
                2.789468091834954e-10,
                3.037975384317043e-14
            ],
            [
                1.0815941534713275e-11,
                9.545034902920539e-12,
                1.4637785110710645e-12,
                1.6052280518355678e-09,
                0.9999999983729473
            ],
            [
                2.1297851645359177e-12,
                6.560200148379195e-12,
                8.878265451697669e-13,
                2.6465736309314804e-09,
                0.9999999973438485
            ]
        ],
        [
            [
                0.9999999999969011,
                3.098819138038601e-12,
                0.0,
                0.0,
                0.0
            ],
            [
                0.9999999994094697,
                5.905303994456491e-10,
                0.0,
                0.0,
                0.0
            ],
            [
                7.287724070409899e-14,
                5.4927883318032163e-11,
                0.9999999965466586,
                3.3982678076464777e-09,
                7.287724070409899e-14
            ],
            [
                6.101936668046003e-13,
                2.413362768052429e-12,
                4.1937956518095257e-13,
                1.1032560306151881e-09,
                0.999999998893301
            ],
            [
                3.331544538033291e-11,
                1.388794384773461e-11,
                3.098819134877424e-12,
                6.691586082991186e-10,
                0.9999999992805393
            ]
        ],
        [
            [
                0.9999999999942106,
                5.789356327271183e-12,
                0.0,
                0.0,
                0.0
            ],
            [
                0.9999999995400946,
                4.5990553748892104e-10,
                0.0,
                0.0,
                0.0
            ],
            [
                2.7346981042004504e-12,
                1.5229978701099296e-08,
                0.9999999316081458,
                5.3157848901675774e-08,
                1.291779916268555e-12
            ],
            [
                1.5737102066995865e-11,
                2.5946094917035038e-11,
                3.511422104480974e-12,
                1.8189616829450431e-09,
                0.9999999981358436
            ],
            [
                2.4133627698415714e-12,
                3.978962532553577e-12,
                7.835041778598473e-13,
                3.581747927327322e-10,
                0.9999999996346494
            ]
        ],
        [
            [
                0.999999999996021,
                3.9789625347107e-12,
                0.0,
                0.0,
                0.0
            ],
            [
                0.9999999943972036,
                5.602796404138396e-09,
                0.0,
                0.0,
                0.0
            ],
            [
                9.357622966133279e-14,
                9.0560769870532e-11,
                0.999999999740129,
                1.6918979221257122e-10,
                2.6810038670062647e-14
            ],
            [
                5.384940209609053e-13,
                2.413362768182886e-12,
                4.752193055583231e-13,
                1.1032560306748258e-09,
                0.9999999988933168
            ],
            [
                1.658678355439091e-12,
                6.560200154409333e-12,
                1.1399918506559287e-12,
                1.416608783675222e-09,
                0.9999999985740324
            ]
        ],
        [
            [
                0.9999999999982845,
                1.6586783585028133e-12,
                0.0,
                0.0,
                5.675685231224928e-14
            ],
            [
                0.9999999847700205,
                1.522997950376357e-08,
                0.0,
                0.0,
                0.0
            ],
            [
                1.3615262132018643e-13,
                5.4927887750076063e-11,
                0.9999991684159396,
                8.315279902917818e-07,
                1.006039356951319e-12
            ],
            [
                4.508755234907367e-12,
                8.423463740667058e-12,
                1.1399918511765135e-12,
                1.1032560305359025e-09,
                0.9999999988826718
            ],
            [
                1.2256067428851054e-11,
                1.0815941543829003e-11,
                1.2917800031788236e-12,
                2.461696948752656e-10,
                0.9999999997294666
            ]
        ],
        [
            [
                0.9999999999969011,
                3.0988191377320276e-12,
                0.0,
                0.0,
                0.0
            ],
            [
                0.999999998394772,
                1.6052280521608336e-09,
                0.0,
                0.0,
                0.0
            ],
            [
                5.675685231746768e-14,
                4.277787868301251e-11,
                0.9999999998772189,
                7.991959891706416e-11,
                2.6810038673633082e-14
            ],
            [
                2.129785164848069e-12,
                7.433680651034164e-12,
                1.4637785099281412e-12,
                2.3355930321014133e-09,
                0.9999999976533798
            ],
            [
                1.2256067432584415e-11,
                1.081594154712368e-11,
                1.1399918519732871e-12,
                2.4616969495025214e-10,
                0.9999999997296183
            ]
        ],
        [
            [
                0.9999999999978701,
                2.1297851703566103e-12,
                0.0,
                0.0,
                0.0
            ],
            [
                0.9999999991407833,
                8.592166608712909e-10,
                0.0,
                0.0,
                0.0
            ],
            [
                4.420227868461383e-14,
                1.78324719593634e-11,
                0.9999999468240491,
                5.3157849715961984e-08,
                2.244776935586822e-13
            ],
            [
                2.4133627690649473e-12,
                5.7893563220899255e-12,
                6.914400099008987e-13,
                8.592166609318398e-10,
                0.9999999991318891
            ],
            [
                5.789356320655236e-12,
                7.433680661983148e-12,
                1.2917800029841271e-12,
                8.592166607189129e-10,
                0.9999999991262685
            ]
        ],
        [
            [
                0.999999999996021,
                3.978962534710793e-12,
                0.0,
                0.0,
                0.0
            ],
            [
                0.999999999868235,
                1.3176514263637158e-10,
                0.0,
                0.0,
                0.0
            ],
            [
                1.9810089509107171e-13,
                7.052880395337643e-11,
                0.9999991683998191,
                8.315279902600376e-07,
                1.4637786270763044e-12
            ],
            [
                1.2256067418419879e-11,
                1.5737102073889636e-11,
                2.129785166493339e-12,
                1.6052280518222473e-09,
                0.999999998364649
            ],
            [
                1.3887943839325807e-11,
                8.423463738918283e-12,
                1.2917800024012708e-12,
                1.4166087840280272e-09,
                0.999999998559788
            ]
        ],
        [
            [
                0.9999999999925664,
                7.433680670221856e-12,
                0.0,
                0.0,
                0.0
            ],
            [
                0.9999999999622486,
                3.7751345430830055e-11,
                0.0,
                0.0,
                0.0
            ],
            [
                7.287724092292284e-14,
                7.433680668754134e-12,
                0.9999999995865081,
                4.058652124511222e-10,
                1.2015425725956072e-13
            ],
            [
                8.423463735768984e-12,
                1.3887943834133489e-11,
                1.8795288123666247e-12,
                1.6052280516220868e-09,
                0.999999998370581
            ],
            [
                7.835041781345865e-13,
                2.734698290293982e-12,
                4.193795656389162e-13,
                1.9171715128484192e-10,
                0.9999999998043452
            ]
        ],
        [
            [
                0.9999999999985363,
                1.463778513660711e-12,
                0.0,
                0.0,
                0.0
