{
    "[['A', 'B', 'C', 'D', 'E'], ['A', 'B', 'C', 'D', 'E']]": [
        [
            [
                0.9999898698854305,
                1.0129988049019398e-05,
                2.9400499092541193e-11,
                6.560138070962482e-12,
                9.055991267144467e-11
            ],
            [
                6.473753671565285e-07,
                0.9996602721474066,
                0.0003353487425614583,
                3.725388020219151e-06,
                6.346644778291105e-09
            ],
            [
                5.384889275048401e-13,
                9.05599131721493e-11,
                0.9999898699142366,
                1.0129988105027977e-05,
                6.5601381072334045e-12
            ],
            [
                1.0261879201220163e-10,
                3.331544402409457e-11,
                8.423463401107727e-12,
                4.1399375451164426e-08,
                0.9999999584562669
            ],
            [
                1.3887943830045732e-11,
                9.545034898841663e-12,
                2.7346982847160557e-12,
                1.8189616829796526e-09,
                0.9999999981548706
            ]
        ],
        [
            [
                0.9999977395915397,
                2.260325271189553e-06,
                2.1297812740249295e-12,
                1.1399897671675788e-12,
                7.99194526982878e-11
            ],
            [
                2.6897822438045584e-07,
                0.19619710472959323,
                0.6847951865421106,
                0.11899957905411156,
                7.860695960267128e-06
            ],
            [
                1.6021326045166416e-09,
                1.1231816687371214e-07,
                0.2226998862914299,
                0.7772989341431737,
                1.0656450969218157e-06
            ],
            [
                3.978962484651925e-12,
                1.783247267874972e-11,
                7.433680576725429e-12,
                1.1861119998762556e-08,
                0.9999999881096348
            ],
            [
                4.277787860097691e-11,
                2.0206839048317085e-11,
                2.413362766828365e-12,
                1.2501528637941666e-09,
                0.999999998684449
            ]
        ],
        [
            [
                0.9999999935927538,
                6.348800053790431e-09,
                2.734698264776752e-12,
                7.835041708237777e-13,
                5.49278829709507e-11
            ],
            [
                3.287863417490252e-06,
                0.9997276312728355,
                0.00026118734235517526,
                7.887174322155595e-06,
                6.347069533645828e-09
            ],
            [
                3.09858889904789e-12,
                3.1606466034615417e-10,
                0.999925153380991,
                7.484619723459447e-05,
                1.026111718261577e-10
            ],
            [
                9.056076937672928e-11,
                3.3315445230367036e-11,
                4.50875521640558e-12,
                4.944450473547639e-09,
                0.9999999949271645
            ],
            [
                8.423463712592328e-12,
                6.560200135540468e-12,
                2.4133627598354474e-12,
                4.363462231251231e-09,
                0.9999999956191408
            ]
        ],
        [
            [
                0.9999898699996025,
                1.0129988097069505e-05,
                2.4133399390005043e-12,
                1.463764665312822e-12,
                8.423384060051799e-12
            ],
            [
                7.433681456024984e-12,
                1.3887945329057554e-11,
                5.7893569390556385e-12,
                8.764249143387401e-08,
                0.9999999123303976
            ],
            [
                2.4127324932693487e-12,
                4.057592160910897e-10,
                0.9997388091850066,
                0.00026119032692272713,
                7.989872697003705e-11
            ],
            [
                7.433681269838392e-12,
                2.020684071435806e-11,
                5.1090894387091875e-12,
                1.1253518376433615e-07,
                0.9999998874320667
            ],
            [
                1.0060392771996865e-12,
                3.978962527596321e-12,
                1.0060392771996865e-12,
                1.8189616837857535e-09,
                0.9999999981750474
            ]
        ],
        [
            [
                4.847368683059323e-11,
                2.5946094858525496e-11,
                3.978962516784546e-12,
                3.850741904328889e-09,
                0.9999999960708594
            ],
            [
                7.885856839338412e-06,
                0.9995603397570973,
                0.0004305531948540952,
                1.2093353141405945e-06,
                1.1855894935803722e-08
            ],
            [
                3.309245590121241e-11,
                2.6288593871825975e-09,
                0.9933071240675649,
                0.006692851259312914,
                2.201117015958095e-08
            ],
            [
                4.2777877930916256e-11,
                2.5946094522545136e-11,
                5.109088937440727e-12,
                1.7257827681849045e-08,
                0.9999999826683393
            ],
            [
                1.2256068429233395e-11,
                1.2256068429233395e-11,
                4.508755604705338e-12,
                1.1253518376475576e-07,
                0.9999998874357954
            ]
        ],
        [
            [
                0.999999495174641,
                5.043472038075381e-07,
                1.0815942033863876e-11,
                7.433680999899264e-12,
                4.5990555812985164e-10
            ],
            [
                1.7831998051088563e-11,
                7.052692041502548e-11,
                3.331455827188548e-11,
                2.7535689827510255e-05,
                0.9999724641884989
            ],
            [
                4.057088974971909e-10,
                9.233891945546453e-09,
                0.000261158185097496,
                0.999615469783687,
                0.000123362391614604
            ],
            [
                2.0206838338761788e-11,
                3.33154441827154e-11,
                9.545034567875877e-12,
                3.653482077853821e-08,
                0.999999963402112
            ],
            [
                9.545034898542836e-12,
                1.22560674129005e-11,
                2.734698284630441e-12,
                2.061153617191696e-09,
                0.9999999979143106
            ]
        ],
        [
            [
                0.99999999162896,
                8.152020640774283e-09,
                8.878265398198376e-13,
                8.878265398198376e-13,
                2.172439915439729e-10
            ],
            [
                5.108952979837153e-12,
                4.27767395718388e-11,
                1.7831998053178296e-11,
                2.753568983073716e-05,
                0.9999724642444515
            ],
            [
                2.4569498614431937e-10,
                1.520061053654853e-08,
                0.777299653752752,
                0.22270009302316063,
                2.377777818005961e-07
            ],
            [
                9.54503467788622e-12,
                1.7832472450511306e-11,
                4.508755126586555e-12,
                2.5109990913041637e-08,
                0.9999999748581228
            ],
            [
                9.545034885822391e-12,
                8.423463721800168e-12,
                2.1297851626959e-12,
                3.398267806315666e-09,
                0.999999996581634
            ]
        ],
        [
            [
                0.9999999960573036,
                3.850741903336956e-09,
                6.101936646815242e-13,
                7.835041745529143e-13,
                9.056076943976334e-11
            ],
            [
                1.5737104081434497e-11,
                2.940078108183013e-11,
                9.545036120478842e-12,
                3.059023588841169e-07,
                0.9999996940429582
            ],
            [
                5.20137313593678e-10,
                3.2179756101412465e-08,
                0.11920283389546588,
                0.8807964009974661,
                7.324071745251797e-07
            ],
            [
                5.492788282138892e-11,
                1.783247268473422e-11,
                3.978962485987247e-12,
                1.1861120002743096e-08,
                0.9999999880621407
            ],
            [
                1.2256066928073309e-11,
                1.7832472157332735e-11,
                5.109088812951612e-12,
                4.13993754447834e-08,
                0.9999999585654269
            ]
        ],
        [
            [
                0.999993854224492,
                6.144172097113581e-06,
                7.052840367515898e-11,
                1.1628167932775971e-10,
                1.4166008561508905e-09
            ],
            [
                4.8470087804086195e-11,
                3.850455998240626e-09,
                6.825096562984106e-08,
                0.9999250816494828,
                7.484620062551152e-05
            ],
            [
                5.902883080869468e-10,
                2.5099697551843387e-08,
                0.0003353251027997605,
                0.9995898280633249,
                7.482114388949925e-05
            ],
            [
                1.783247284641452e-11,
                3.331544530633381e-11,
                5.789356308689249e-12,
                2.6465736297472956e-09,
                0.999999997296489
            ],
            [
                1.0815941545071733e-11,
                5.109089022293859e-12,
                1.65867835704116e-12,
                5.905303992275444e-10,
                0.999999999391886
            ]
        ],
        [
            [
                0.9999998143164318,
                1.855391591352345e-07,
                9.545036099571668e-12,
                3.098819520750461e-12,
                1.317651589452256e-10
            ],
            [
                2.9297343097887954e-10,
                3.5691470535467765e-09,
                4.04437346249455e-09,
                0.43782349573746937,
                0.5621764963560367
            ],
            [
                1.0193136542279521e-10,
                3.824946268770516e-09,
                0.006692810316153728,
                0.99330108270395,
                6.103053018548055e-06
            ],
            [
                7.052880592964371e-11,
                3.775134941363972e-11,
                8.423464640484764e-12,
                8.764249141304927e-08,
                0.999999912240805
            ],
            [
                2.5946094876046083e-11,
                1.5737102042134806e-11,
                3.978962519471415e-12,
                3.398267805517695e-09,
                0.99999999655607
            ]
        ],
        [
            [
                0.9999921106524835,
                7.889265029743242e-06,
                1.5736982826860256e-11,
                4.508721068001898e-12,
                6.224097446751587e-11
            ],
            [
                1.0815921776339472e-11,
                4.277780045453003e-11,
                1.3887918465726308e-11,
                2.260325273133418e-06,
                0.9999977396072453
            ],
            [
                2.543665564711929e-13,
                8.423463480719784e-12,
                0.9999999677477972,
                3.224186632475912e-08,
                1.658678305009884e-12
            ],
            [
                3.160881321017214e-10,
                4.277787688571832e-11,
                6.560199891505763e-12,
                4.139937544201233e-08,
                0.9999999582351984
            ],
            [
                3.7751348485469576e-11,
                2.94007797624852e-11,
                6.5602006968920375e-12,
                1.1253518378935618e-07,
                0.9999998873911039
            ]
        ],
        [
            [
                0.9999999965260844,
                3.398267800685423e-09,
                3.9789625138134066e-12,
                1.1399918467344215e-12,
                7.052879812073981e-11
            ],
            [
                1.0809961665658875e-11,
                1.4922691776212935e-10,
                6.220703432871993e-11,
                0.000552778584610061,
                0.999447221193146
            ],
            [
                9.019915231068309e-10,
                7.165406187310647e-08,
                0.8175722092496613,
                0.18242502939545022,
                2.688798835049241e-06
            ],
            [
                1.3887943409308889e-11,
                2.594609413148881e-11,
                6.560199952917535e-12,
                3.224186631473095e-08,
                0.9999999677117395
            ],
            [
                6.224144572244633e-11,
                2.0206838925743006e-11,
                3.978962503449372e-12,
                7.194132971766745e-09,
                0.9999999927194397
            ]
        ],
        [
            [
                0.9999999466647417,
                5.315784954963811e-08,
                6.5601997985900256e-12,
                1.6586782654738813e-12,
                1.6918978273033824e-10
            ],
            [
                1.9733642833476716e-06,
                0.9892875256412362,
                0.00666576738467319,
                0.004042992121939509,
                1.7414878677253902e-06
            ],
            [
                5.67568512124688e-14,
                1.3887943592411851e-11,
                0.9999999804298362,
                1.9555680704068464e-08,
                5.384940112074091e-13
            ],
            [
                7.43368126989244e-12,
                1.2256068429276804e-11,
                5.789356794095467e-12,
                1.1253518376515435e-07,
                0.9999998874393372
            ],
            [
                9.545034830022176e-12,
                1.2256067324918232e-11,
                5.109088978381188e-12,
                9.237449572143184e-09,
                0.9999999907356402
            ]
        ],
        [
            [
                0.9999999876654422,
                1.1861119959368046e-08,
                8.423463618132362e-12,
                5.1090889453711876e-12,
                4.5990553042152267e-10
            ],
            [
                5.909626836515991e-06,
                0.9618200476269695,
                0.03729381316296671,
                0.0008770663879247042,
                3.1631953025277106e-06
            ],
            [
                6.99237723631074e-11,
                1.0377607952778209e-08,
                0.9914224907422372,
                0.00857748548511869,
                1.3325112375788059e-08
            ],
            [
                3.331544482169063e-11,
                3.775134476293194e-11,
                1.081594136250282e-11,
                1.725782767716625e-08,
                0.9999999826602896
            ],
            [
                2.940077614848758e-11,
                2.940077614848758e-11,
                6.560199890500169e-12,
                4.139937543566634e-08,
                0.9999999585352628
            ]
        ],
        [
            [
                0.9999999777645393,
                2.2159489214184073e-08,
                3.978962435430422e-12,
                1.4637784771883049e-12,
                7.052879673136817e-11
            ],
            [
                2.7346724201707793e-12,
                3.775098829883917e-11,
                1.3887812479046613e-11,
                1.01299881028777e-05,
                0.9999898699575237
            ],
            [
                6.555547166230932e-12,
                7.577182288930348e-10,
                0.9992903282259722,
                0.0007096703410699846,
                6.686839900299887e-10
            ],
            [
                1.5737102021102766e-11,
                2.2897348331675273e-11,
                6.560200132403636e-12,
                4.944450474993611e-09,
                0.9999999950103549
            ],
            [
                7.433680663466992e-12,
                5.109089021956625e-12,
                1.6586783569316758e-12,
                5.905303991885653e-10,
                0.9999999993952682
            ]
        ],
        [
            [
                0.9999999673919386,
                3.2241866275548436e-08,
                4.508755088885915e-12,
                3.5114219939015325e-12,
                3.581747808415389e-10
            ],
            [
                3.8303212745973516e-08,
                0.001786080751875608,
                0.43703955439350295,
                0.5611698993019684,
                4.427249440336004e-06
            ],
            [
                1.6918044975974223e-10,
                1.6051394159967595e-09,
                1.0129534224355712e-05,
                0.9999444712686348,
                4.5397422820910357e-05
            ],
            [
                1.3887943755360724e-11,
                1.081594147192656e-11,
                3.97896250443537e-12,
                7.19413297354947e-09,
                0.9999999927771842
            ],
            [
                2.1724399040166115e-10,
                4.277787807803495e-11,
                7.433680566062481e-12,
                1.3440409758958722e-08,
                0.9999999862921347
            ]
        ],
        [
            [
                0.9999996069013043,
                3.9278636902623295e-07,
                2.594609593913931e-11,
                7.433680946358112e-12,
                2.7894681956888887e-10
            ],
            [
                7.864121845519375e-08,
                0.48028739016315325,
                0.48028739251736136,
                0.03942439255187204,
                7.461263949903222e-07
            ],
            [
                3.366525605922166e-10,
                2.6743625398303622e-08,
                0.06008656670201287,
                0.9399119460638449,
                1.4601538644373624e-06
            ],
            [
                1.7832472866954103e-11,
                1.3887943832883435e-11,
                2.413362766258444e-12,
                1.4166087833708874e-09,
                0.9999999985492574
            ],
            [
                5.109088955418385e-12,
                1.2256067269833332e-11,
                2.7346982527078402e-12,
                1.3440409760028982e-08,
                0.9999999865394904
            ]
        ],
        [
            [
                0.9999996940482158,
                3.0590235814898027e-07,
                9.54503609754046e-12,
                2.1297854330667467e-12,
                3.775135008881894e-11
            ],
            [
                3.319823903144817e-10,
                3.5691470558161403e-09,
                3.1497612216266715e-09,
                0.5621764969900173,
                0.43782349595909215
            ],
            [
                8.417489168803163e-12,
                2.0596916895275924e-09,
                0.9992903267327167,
                0.0007096703405669771,
                8.586072376115114e-10
            ],
            [
                2.5946094749971534e-11,
                2.940077712905555e-11,
                6.560200109294457e-12,
                8.152020641328738e-09,
                0.9999999917860724
            ],
            [
                2.5946094852897854e-11,
                2.0206838989081796e-11,
                5.109089002491033e-12,
                4.363462231103462e-09,
                0.9999999955852756
            ]
        ],
        [
            [
                0.9997388093471201,
                0.0002611903260641993,
                1.3173073043582344e-10,
                2.5939318805990103e-11,
                1.6914560603843876e-10
            ],
            [
                5.105465272783427e-12,
                6.219729985226541e-11,
                4.843930582987128e-11,
                0.0007096703430610984,
                0.9992903295411968
            ],
            [
                1.6886353839578122e-10,
                1.1838247989557001e-08,
                0.7772997395142129,
                0.2227001042591534,
                1.4421952217647682e-07
            ],
            [
                7.99196020273352e-11,
                6.224144864164368e-11,
                1.3887944403280228e-11,
                3.927863697730546e-07,
                0.9999996070575813
            ],
            [
                2.0206839047434263e-11,
                8.423463736631993e-12,
                3.0988191321600873e-12,
                1.4166087836435322e-09,
                0.9999999985516621
            ]
        ],
        [
            [
                0.9999832983705489,
                1.6701415079979822e-05,
                3.7750699643475226e-11,
                7.433553506927077e-12,
                1.6918689798977798e-10
            ],
            [
                3.775127847604031e-11,
                3.3315386323714076e-11,
                9.545017990994457e-12,
                1.3709566544528714e-06,
                0.9999986289627338
            ],
            [
                1.2496761345157344e-09,
                1.3435284600503588e-08,
                4.5382660285205235e-05,
                0.999619267631988,
                0.0003353350227660935
            ],
            [
                1.3887943506470592e-11,
                1.5737101700636625e-11,
                4.508755125909048e-12,
                2.5109990909268493e-08,
                0.9999999748558752
            ],
            [
                5.789356297639306e-12,
                1.0815941499199411e-11,
                3.511422094518657e-12,
                4.944450475384807e-09,
                0.9999999950354328
            ]
        ],
        [
            [
                0.9999999918283698,
                9.736200223969577e-10,
                1.463778500739288e-12,
                2.4133627497624074e-12,
                7.194132964533237e-09
            ],
            [
                1.3887442252829308e-11,
                7.052625111450739e-11,
                2.939971547994721e-11,
                3.535625750774865e-05,
                0.9999646436286788
            ],
            [
                1.7713115482570656e-11,
                1.5944838421358686e-09,
                0.9933071389233407,
                0.006692851367005256,
                8.097457098378835e-09
            ],
            [
                4.508755222166941e-12,
                1.3887943802965773e-11,
                4.508755222166941e-12,
                3.85074190557722e-09,
                0.9999999961263526
            ],
            [
                1.78324728192556e-11,
                1.0815941503370704e-11,
                2.1297851603392944e-12,
                4.363462231192843e-09,
                0.9999999956057595
            ]
        ],
        [
            [
                0.9999998552858591,
                1.4449803096219754e-07,
                1.783247369195575e-11,
                6.560200456501129e-12,
                1.9171715980257598e-10
            ],
            [
                2.5013764896382254e-06,
                0.976608567124117,
                0.022967632208279753,
                0.0004206668440930148,
                6.324470205956245e-07
            ],
            [
                2.5896111358463733e-11,
                3.3917212566278483e-09,
                0.9980732566751492,
                0.0019267343152302812,
                5.592002980088102e-09
            ],
            [
                1.3887943282081938e-11,
                2.940077615888335e-11,
                6.560199892819779e-12,
                4.139937545030467e-08,
                0.9999999585507757
            ],
            [
                3.331544538580283e-11,
                1.3887943850014812e-11,
                1.879528814515928e-12,
                6.691586084089849e-10,
                0.9999999992817585
            ]
        ],
        [
            [
                0.9999999235714886,
                6.825604168656955e-08,
                6.560200929667624e-12,
                1.3887945477088843e-11,
                8.152021660763951e-09
            ],
            [
                5.7893235315631545e-12,
                2.2897218741141786e-11,
                1.08158802841101e-11,
                4.7850948474754385e-06,
                0.99999521486565
            ],
            [
                8.847980521227368e-11,
                2.5857589364318764e-09,
                0.022977356136773278,
                0.9770221484300863,
                4.927589015806631e-07
            ],
            [
                3.33154481054842e-11,
                2.2897350301016297e-11,
                3.511422396249067e-12,
                1.125351837848489e-07,
                0.9999998874050919
            ],
            [
                1.7832472883616173e-11,
                6.560200159129616e-12,
                2.41336276851341e-12,
                5.905303990820747e-10,
                0.9999999993826636
            ]
        ],
        [
            [
                0.9999999968799536,
                2.9989608075634397e-09,
                3.5114220931274745e-12,
                1.2917799973367916e-12,
                1.1628232963165368e-10
            ],
            [
                1.7832099548946123e-11,
                5.905180359357442e-10,
                4.1398510407431584e-08,
                0.9999785130542778,
                2.144493886171823e-05
            ],
            [
                1.2217183643465721e-11,
                9.705311084174285e-10,
                0.9968273136277174,
                0.0031726830613512834,
                2.3281830980090717e-09
            ],
            [
                9.056076953114877e-11,
                2.2897348364022455e-11,
                3.97896251977478e-12,
                3.3982678057767864e-09,
                0.9999999964842952
            ],
            [
                2.7346982741423824e-12,
                1.3887943776348188e-11,
                3.0988191189489608e-12,
                5.602796401787089e-09,
                0.999999994377482
            ]
        ],
        [
            [
                0.9999999904003035,
                9.237449541902554e-09,
                2.4133627404644106e-12,
                1.6586783373547892e-12,
                3.581747883727749e-10
            ],
            [
                1.1605831924078215e-10,
                1.8154575649811484e-09,
                7.180273956707011e-09,
                0.998073256574521,
                0.0019267343136892432
            ],
            [
                8.5631755594145e-10,
                2.502526726168646e-08,
                0.0031720386653954257,
                0.9966251538054761,
                0.00020278164754370867
            ],
            [
                3.775134517563825e-11,
                1.7832472781952377e-11,
                3.0988191167925942e-12,
                6.348800071115499e-09,
                0.9999999935925172
            ],
            [
                1.8795288090264827e-12,
                4.508755224273033e-12,
                1.8795288090264827e-12,
                3.3982678059119705e-09,
                0.9999999965934643
            ]
        ],
        [
            [
                0.9999999845929787,
                1.5229979469756745e-08,
                6.560200049718582e-12,
                1.2917799814647232e-12,
                1.6918978920702905e-10
            ],
            [
                4.784811918610459e-06,
                0.9999365752997207,
                5.8290942301573914e-05,
                3.4661061283873224e-07,
                2.3354461658818742e-09
            ],
            [
                1.9810088755108122e-13,
                4.847368895813111e-11,
                0.9999996071622237,
                3.9278636990692053e-07,
                2.734698398524636e-12
            ],
            [
                6.560200076003991e-12,
                6.560200076003991e-12,
                2.734698253178128e-12,
                1.3440409762340338e-08,
                0.9999999865437352
            ],
            [
                7.991959763428717e-11,
                2.940077691634809e-11,
                8.423463617950076e-12,
                1.5229979497881263e-08,
                0.9999999846522767
            ]
        ],
        [
            [
                0.9999989320050511,
                1.0677030704229232e-06,
                8.42344830833534e-12,
                4.508746974575445e-12,
                2.78946297781207e-10
            ],
            [
                8.63858552949555e-07,
                0.9168079970148804,
                0.07525618108938273,
                0.007931942874567405,
                3.0151626165306567e-06
            ],
            [
                4.4202281012401376e-14,
                3.09881913703857e-12,
                0.999999999536727,
                4.599055376154144e-10,
                2.244777053801628e-13
            ],
            [
                6.560200860070938e-12,
                2.5946097719350117e-11,
                5.789356939345402e-12,
                8.76424914382606e-08,
                0.9999999123192129
            ],
            [
                2.0206838630798918e-11,
                2.940077672438784e-11,
                5.789356197103686e-12,
                2.2159489269547206e-08,
                0.9999999777851137
            ]
        ],
        [
            [
                0.9999999825422524,
                1.7257827641003296e-08,
                5.789356212339573e-12,
                2.4133627233141935e-12,
                1.91717147521488e-10
            ],
            [
                1.3576206350581633e-06,
                0.990270810468077,
                0.008567520673190677,
                0.0011594877995577432,
                8.234385394213121e-07
            ],
            [
                1.7482343472660015e-13,
                2.5946098232937823e-11,
                0.9999999317159574,
                6.825604231353433e-08,
                1.879529051980837e-12
            ],
            [
                2.2897348233353884e-11,
                2.020683889333566e-11,
                3.0988191085283014e-12,
                9.237449571964968e-09,
                0.9999999907163474
            ],
            [
                4.508755226350579e-12,
                9.545034889086657e-12,
                2.1297851634242564e-12,
                2.998960814252125e-09,
                0.9999999969848556
            ]
        ],
        [
            [
                0.9999993523583227,
                6.475946128031951e-07,
                7.43368081943843e-12,
                1.879528853728309e-12,
                3.7751346189756545e-11
            ],
            [
                7.433667483727573e-12,
                2.94007252308225e-11,
                1.3887919225369399e-11,
                1.370956654067504e-06,
                0.9999986289926236
            ],
            [
                1.2015426294000297e-13,
                2.5946096196840196e-11,
                0.9999994956236297,
                5.043472051842322e-07,
                3.09881928372247e-12
            ],
            [
                6.560199976947356e-12,
                1.2256067086878858e-11,
                5.1090888791516136e-12,
                2.845334726052045e-08,
                0.9999999715227273
            ],
            [
                2.940077630508968e-11,
                2.2897347609311046e-11,
                4.508755075482185e-12,
                3.653482078551364e-08,
                0.9999999634083723
            ]
        ],
        [
            [
                0.999983298439172,
                1.670141509062585e-05,
                2.2896956773965774e-11,
                6.5600879492416186e-12,
                1.1628034117439721e-10
            ],
            [
                5.789357054769556e-12,
                2.5946098236645288e-11,
                7.433681604604594e-12,
                3.0590235886481003e-07,
                0.999999694058472
            ],
            [
                1.0603575973401927e-13,
                1.2256067423153392e-11,
                0.9999999983815222,
                1.6052280524422152e-09,
                8.878265463286361e-13
            ],
            [
                1.0815941473550213e-11,
                1.2256067349214752e-11,
                3.5114220861915812e-12,
                7.1941329746294284e-09,
                0.9999999927792836
            ],
            [
                1.4930947479828295e-10,
                2.0206840061735506e-11,
                7.433681029751972e-12,
                1.4449803155816433e-07,
                0.9999998553250184
            ]
        ],
        [
            [
                0.9999999906989868,
                9.237449567059186e-09,
                7.835041704562209e-13,
                5.38494016242575e-13,
                6.224144558956979e-11
            ],
            [
                3.511422383028006e-12,
                4.277788197471768e-11,
                7.433681243204407e-12,
                8.315279899516163e-07,
                0.9999991684182871
            ],
            [
                2.302705576345411e-09,
                2.0728314789284872e-07,
                0.014063392813437985,
                0.9859199310606981,
                1.646654001049556e-05
            ],
            [
                1.7832472589187e-11,
                1.5737101825382227e-11,
                4.508755161649262e-12,
                1.7257827679279173e-08,
                0.9999999827040941
            ],
            [
                9.545034902908408e-12,
                1.0815941534699528e-11,
                2.7346982858811977e-12,
                1.6052280518335276e-09,
                0.9999999983716763
            ]
        ],
        [
            [
                0.9999999939335097,
                5.602796384508154e-09,
                2.1297851507978835e-12,
                1.6586783432152417e-12,
                4.5990553351233695e-10
            ],
            [
                2.94004980127654e-11,
                6.691522504679816e-10,
                4.1398983791407477e-08,
                0.9999898279147864,
                1.0129987676980957e-05
            ],
            [
                1.7482343471954167e-13,
                3.775135017024081e-11,
                0.9999999317039018,
                6.825604231077851e-08,
                2.1297854376602543e-12
            ],
            [
                5.109088860589231e-12,
                8.423463478350545e-12,
                3.098819037143653e-12,
                3.224186631569056e-08,
                0.9999999677415023
            ],
            [
                1.3887943808101632e-11,
                9.545034883759718e-12,
                3.5114220989994483e-12,
                3.3982678055813034e-09,
                0.9999999965747879
            ]
        ],
        [
            [
                0.9999646437062696,
                3.53562574825519e-05,
                8.42315950532687e-12,
                1.8794609293793533e-12,
                2.5945157829431892e-11
            ],
            [
                1.0815942430227567e-11,
                3.331544811051439e-11,
                8.423464434316463e-12,
                1.1253518380184022e-07,
                0.9999998874122613
            ],
            [
                1.6530235267295966e-10,
                9.025202652069972e-09,
                0.9770224826246632,
                0.022977367007043604,
                1.4117778812883463e-07
            ],
            [
                1.0815941494241619e-11,
                1.0815941494241619e-11,
                3.5114220929090976e-12,
                4.944450473118379e-09,
                0.9999999950304062
            ],
            [
                2.7894680874421716e-10,
                2.0206839050910907e-11,
                3.5114221065452382e-12,
                9.736200294068337e-10,
                0.9999999987237149
            ]
        ],
        [
            [
                0.9999999965576625,
                3.3982677988033205e-09,
                1.2917799969204625e-12,
                0.0,
                4.277787842921928e-11
            ],
            [
                1.8262471789698283e-10,
                2.8567312350162133e-09,
                4.709953551844679e-09,
                0.9525741172323497,
                0.047425875018340745
            ],
            [
                3.5807374075786375e-10,
                6.34700892169144e-09,
                0.00026118459903622516,
                0.9997173693584286,
                2.14393374524721e-05
            ],
            [
                5.492788327560611e-11,
                3.33154452797719e-11,
                3.978962518890631e-12,
                3.850741906367106e-09,
                0.9999999960570358
            ],
            [
                3.5817479231217816e-10,
                2.940077733406038e-11,
                3.511422106355723e-12,
                1.2501528638871686e-09,
                0.9999999983587602
            ]
        ],
        [
            [
                0.9999999803850985,
                1.955568062896386e-08,
                2.413362715202104e-12,
                1.8795287724347302e-12,
                5.492788222062871e-11
            ],
            [
                0.00015843413046466307,
                0.9998282124122514,
                1.300506538117047e-05,
                3.465732532084789e-07,
                1.818649522875642e-09
            ],
            [
                3.0428705169259484e-10,
                6.925541374842003e-09,
                0.03732660652178391,
                0.9626657914628329,
                7.594785554668424e-06
            ],
            [
                5.109088992887771e-12,
                7.433680621172058e-12,
                2.4133627552174584e-12,
                6.348800072332842e-09,
                0.9999999936362438
            ],
            [
                2.7346982858673166e-12,
                3.511422106026034e-12,
                1.2917800020819065e-12,
                1.4166087836778018e-09,
                0.9999999985758534
            ]
        ],
        [
            [
                0.9999989322859799,
                1.067703074991085e-06,
                3.5114156894937572e-12,
                0.0,
                7.43366707299229e-12
            ],
            [
                1.573668304553494e-11,
                7.991747076051365e-11,
                4.847239626293943e-11,
                2.7535689824981367e-05,
                0.9999724641660485
            ],
            [
                6.101809177253155e-13,
                1.4930634778896274e-10,
                0.9999785548843116,
