{
    "[['A', 'B', 'C', 'D', 'E'], ['A', 'B', 'C', 'D', 'E']]": [
        [
            [
                0.9999999999821676,
                1.7832472901436713e-11,
                0.0,
                0.0,
                0.0
            ],
            [
                1.6338457882097314e-07,
                0.8805940312873493,
                0.026591635726966274,
                0.09281393187794619,
                2.377231594655267e-07
            ],
            [
                1.3777655324435945e-08,
                1.176691603508865e-05,
                0.9046397857912927,
                0.0953483317111489,
                1.0180386810398776e-07
            ],
            [
                6.047700011822372e-09,
                6.852941913008748e-09,
                4.709953504988208e-09,
                0.952574107821866,
                0.047425874567538606
            ],
            [
                1.6918754344996286e-10,
                1.4930748305048886e-10,
                2.0206570507983658e-11,
                1.3007124765616076e-05,
                0.9999869925365328
            ]
        ],
        [
            [
                0.9999999999377585,
                6.224144619656777e-11,
                0.0,
                0.0,
                0.0
            ],
            [
                6.347299123044014e-09,
                1.6697752148689702e-05,
                0.00020342026470873575,
                0.9997631778836946,
                1.6697752148689702e-05
            ],
            [
                1.0259786297287135e-10,
                1.7254307540776296e-08,
                0.9997965553387376,
                0.00020342705823752006,
                2.461194786994428e-10
            ],
            [
                2.1333651376013122e-10,
                1.3911288179916318e-09,
                8.437622797217204e-10,
                0.017986211526660006,
                0.9820137860251124
            ],
            [
                1.3176515282256222e-10,
                7.052880392882772e-11,
                9.545035656047421e-12,
                8.315279899706108e-07,
                0.9999991682601711
            ]
        ],
        [
            [
                0.9999999999622486,
                3.7751345429423454e-11,
                0.0,
                0.0,
                0.0
            ],
            [
                0.9999999715466528,
                2.8453347244658037e-08,
                0.0,
                0.0,
                0.0
            ],
            [
                1.29177767200942e-12,
                4.5990470733924284e-10,
                0.9999982391916914,
                1.760343133213449e-06,
                3.978955350379526e-12
            ],
            [
                1.6051547187333296e-09,
                6.691280379476639e-10,
                1.1627701782742463e-10,
                4.53978556211989e-05,
                0.9999545997538191
            ],
            [
                9.736145824010574e-10,
                1.8189515076678366e-09,
                1.1628167952392095e-10,
                6.144172107478485e-06,
                0.9999938529190447
            ]
        ],
        [
            [
                0.9999999999572222,
                4.2777878668177787e-11,
                0.0,
                0.0,
                0.0
            ],
            [
                0.0004305554613165143,
                0.9995657090017328,
                3.7250363652182647e-06,
                1.0462850538864885e-08,
                3.7734931051112425e-11
            ],
            [
                8.420636993088624e-12,
                3.849449683747067e-09,
                0.9996646459856657,
                0.0003353500538796184,
                1.0258435931357843e-10
            ],
            [
                3.761853324337867e-10,
                2.453036508521976e-09,
                3.1497612250051724e-09,
                0.5621764976865975,
                0.43782349633441947
            ],
            [
                1.9555682761790388e-08,
                2.7894683316436263e-10,
                1.573710345393759e-11,
                8.764248969651449e-08,
                0.9999998925071436
            ]
        ],
        [
            [
                0.9999999997210531,
                2.789468089373427e-10,
                0.0,
                0.0,
                0.0
            ],
            [
                0.9999999998973812,
                1.0261879625927937e-10,
                0.0,
                0.0,
                0.0
            ],
            [
                1.9810087911564889e-13,
                3.775134531144335e-11,
                0.9999999965634945,
                3.3982678076715346e-09,
                2.8823507834158725e-13
            ],
            [
                1.561230742519764e-08,
                1.0730171510527026e-08,
                2.3942248875640144e-09,
                0.09534946734853376,
                0.9046505039147624
            ],
            [
                4.847359953223918e-11,
                1.1628212032754365e-10,
                2.2897307109992286e-11,
                1.7603431334433925e-06,
                0.9999982394692136
            ]
        ],
        [
            [
                0.999999999979793,
                2.0206839084175073e-11,
                0.0,
                0.0,
                0.0
            ],
            [
                0.999999996149258,
                3.850741904189264e-09,
                0.0,
                0.0,
                0.0
            ],
            [
                1.705400353360095e-08,
                1.001045161345218e-05,
                0.6791717131912206,
                0.32081799253366294,
                2.6676949942776396e-07
            ],
            [
                5.138118746650981e-10,
                4.534373879031335e-10,
                2.4270754399295073e-10,
                0.014063627273178314,
                0.9859363715168649
            ],
            [
                1.8553667950791026e-07,
                2.3355621128344637e-09,
                1.493074905889263e-10,
                1.300712542233732e-05,
                0.9999868048530286
            ]
        ],
        [
            [
                0.9999999999875897,
                1.2256067440070958e-11,
                0.0,
                0.0,
                1.5428112026847713e-13
            ],
            [
                0.9999999981810384,
                1.8189616819696812e-09,
                0.0,
                0.0,
                0.0
            ],
            [
                1.060357582919969e-13,
                2.940077694276483e-11,
                0.9999999847400385,
                1.522997951156547e-08,
                4.752192990022513e-13
            ],
            [
                2.289564720247106e-11,
                1.317553526602231e-10,
                2.939859293948843e-11,
                7.484619745001418e-05,
                0.9999251536185004
            ],
            [
                4.0585673167199314e-10,
                2.1723945396879955e-10,
                2.9400163033034576e-11,
                2.1444939740988666e-05,
                0.9999785544077627
            ]
        ],
        [
            [
                0.9999999999515263,
                4.84736870468173e-11,
                0.0,
                0.0,
                0.0
            ],
            [
                0.9999999987498471,
                1.250152863749348e-09,
                0.0,
                0.0,
                0.0
            ],
            [
                2.335348284844455e-09,
                3.9274519326182567e-07,
                7.888498080664876e-06,
                0.9998956148411511,
                9.610158022672079e-05
            ],
            [
                7.567953125259729e-10,
                8.575614376770316e-10,
                2.1682548727999798e-10,
                0.001926734328865594,
                0.9980732638399521
            ],
            [
                4.592148455383743e-10,
                4.592148455383743e-10,
                1.315672560361555e-10,
                0.0015011820286826578,
                0.9984988169213204
            ]
        ],
        [
            [
                0.9999999999621285,
                3.7751345423991753e-11,
                0.0,
                0.0,
                1.2015425725788404e-13
            ],
            [
                0.9999999970010391,
                2.998960813285526e-09,
                0.0,
                0.0,
                0.0
            ],
            [
                3.774364466053233e-11,
                1.3437668282744489e-08,
                0.9997965593631796,
                0.0002034270588106056,
                1.0259786342054032e-10
            ],
            [
                1.282983986705755e-09,
                1.0742293399596116e-08,
                1.562994466972212e-08,
                0.6224593070076735,
                0.37754066533710456
            ],
            [
                4.847239625795012e-11,
                1.691852869102359e-10,
                2.939999448018667e-11,
                2.753568982214709e-05,
                0.9999724640631201
            ]
        ],
        [
            [
                0.9999999998834932,
                1.1628233024146707e-10,
                0.0,
                0.0,
                2.2447770538483656e-13
            ],
            [
                0.9999898700088105,
                1.0129988090764597e-05,
                3.098789818855603e-12,
                0.0,
                0.0
            ],
            [
                2.734693289996014e-12,
                9.736182506094874e-10,
                0.9999989313160628,
                1.067703075509988e-06,
                4.508746996057343e-12
            ],
            [
                3.331531975137507e-11,
                6.224121144606833e-11,
                1.783240564168795e-11,
                3.7266391146474883e-06,
                0.9999962732474964
            ],
            [
                1.1628167981967077e-10,
                1.6918884581500354e-10,
                2.594594984049158e-11,
                6.144172123105519e-06,
                0.9999938555164605
            ]
        ],
        [
            [
                0.9999999999450722,
                5.492788349118986e-11,
                0.0,
                0.0,
                0.0
            ],
            [
                0.9999999987498471,
                1.2501528636066865e-09,
                0.0,
                0.0,
                0.0
            ],
            [
                1.0958696298446944e-09,
                1.361781685553345e-06,
                0.9933057899675012,
                0.006692842243596764,
                4.911346942590388e-09
            ],
            [
                1.22142839197429e-09,
                4.830843001811825e-09,
                1.3840596928975677e-09,
                0.02297736762512383,
                0.9770226249385451
            ],
            [
                7.19413355659845e-09,
                3.581748192299112e-10,
                1.3887944880910038e-11,
                1.1253518295155497e-07,
                0.9999998798986207
            ]
        ],
        [
            [
                0.999999999944784,
                5.492788348684015e-11,
                0.0,
                0.0,
                2.88235079225285e-13
            ],
            [
                0.9999996940962652,
                3.059023585900251e-07,
                1.0060394045462586e-12,
                0.0,
                3.7010121394092823e-13
            ],
            [
                9.733768391553144e-10,
                5.314457470298956e-08,
                4.5388632991766784e-05,
                0.9997511395086599,
                0.00020341774039678688
            ],
            [
                1.271144879302113e-07,
                1.0434192566828992e-08,
                1.8131907890591964e-09,
                0.00317268300843795,
                0.9968271776296908
            ],
            [
                1.388794561250533e-11,
                2.2897351337664056e-11,
                3.0988195286509976e-12,
                3.059023589939847e-07,
                0.9999996940577569
            ]
        ],
        [
            [
                0.9999999998080584,
                1.9171715123906572e-10,
                0.0,
                0.0,
                2.244777053419615e-13
            ],
            [
                5.211353546255791e-10,
                1.8553703779411793e-07,
                1.0676919341882073e-06,
                0.9999886162708664,
                1.0129979026188403e-05
            ],
            [
                4.582866745453464e-09,
                6.801583800881612e-07,
                0.5621759556339795,
                0.4378230760925776,
                2.8353219602481343e-07
            ],
            [
                2.638176986059916e-09,
                1.94936377489045e-08,
                1.5181660343757126e-08,
                0.9968272797356115,
                0.0031726829509134535
            ],
            [
                1.4930948333945992e-10,
                1.1628234254475827e-10,
                1.5737103763711678e-11,
                8.764249142169679e-08,
                0.9999999120761797
            ]
        ],
        [
            [
                0.9999999999705993,
                2.9400777383761126e-11,
                0.0,
                0.0,
                0.0
            ],
            [
                0.9999999993308415,
                6.691586083327788e-10,
                0.0,
                0.0,
                0.0
            ],
            [
                2.9388107017892816e-11,
                4.3615818025700745e-09,
                0.9995694381760142,
                0.0004305571170640134,
                3.1595192606318876e-10
            ],
            [
                5.904741112343204e-10,
                3.5814065223018317e-10,
                6.223551344795339e-11,
                9.610239953189588e-05,
                0.9999038965896179
            ],
            [
                1.0815942058734985e-11,
                3.775134719302098e-11,
                5.789356597137116e-12,
                5.043472049672775e-07,
                0.9999994955984384
            ]
        ],
        [
            [
                0.9999999998506905,
                1.4930946753677483e-10,
                0.0,
                0.0,
                0.0
            ],
            [
                9.910417450810663e-08,
                0.0019264145515292272,
                0.00015812981121348705,
                0.9979074837133609,
                7.872819721883298e-06
            ],
            [
                1.3885745867008874e-11,
                4.9436679604625075e-09,
                0.99984155867973,
                0.0001584362464523302,
                1.1626392669065215e-10
            ],
            [
                1.3370249086799192e-08,
                2.3234009087278084e-09,
                3.563050693254297e-10,
                0.00522012561561615,
                0.994779858334429
            ],
            [
                6.5602009882780446e-12,
                1.573710407423874e-11,
                3.098819526121098e-12,
                6.825604229638552e-08,
                0.9999999317185616
            ]
        ],
        [
            [
                0.9999999999572222,
                4.277787866817878e-11,
                0.0,
                0.0,
                0.0
            ],
            [
                0.999999998394772,
                1.6052280519573486e-09,
                0.0,
                0.0,
                0.0
            ],
            [
                1.0424663409941187e-08,
                2.8904702390591172e-06,
                0.004070085157210528,
                0.9959169252154444,
                1.0088732442653035e-05
            ],
            [
                1.7974959265505228e-09,
                3.805298906368671e-09,
                1.0902363901614599e-09,
                0.320821285833515,
                0.6791787074734538
            ],
            [
                1.4930805508214149e-10,
                6.224085739581149e-11,
                2.289713183680256e-11,
                1.012998810248118e-05,
                0.9999898697774514
            ]
        ],
        [
            [
                0.9999999999622486,
                3.775134543082431e-11,
                0.0,
                0.0,
                0.0
            ],
            [
                2.06093743026112e-09,
                4.784610923370888e-06,
                4.784610923370888e-06,
                0.9998943272378513,
                9.610147936445299e-05
            ],
            [
                2.0609335219320468e-09,
                1.4448259437415782e-07,
                1.0129011855519576e-05,
                0.9998936230558482,
                9.610138876851346e-05
            ],
            [
                5.874477551954724e-10,
                7.542978486471448e-10,
                1.683065997682535e-10,
                0.005220125693346173,
                0.9947798727966017
            ],
            [
                5.4845392094095115e-11,
                5.203585920302808e-10,
                1.9142922804485824e-10,
                0.001501182029890274,
                0.9984988172034766
            ]
        ],
        [
            [
                0.9999999999821676,
                1.7832472903436435e-11,
                0.0,
                0.0,
                0.0
            ],
            [
                1.1505914474094303e-07,
                0.06536162365084155,
                0.7962675883388283,
                0.13837055789204067,
                1.1505914474094303e-07
            ],
            [
                3.3862928843428836e-08,
                2.095025222344036e-06,
                0.4378212309068012,
                0.5621735919613358,
                3.048243711919161e-06
            ],
            [
                4.27738011929426e-11,
                1.0260901491081039e-10,
                2.939797497304595e-11,
                9.61023996220198e-05,
                0.9999038974255973
            ],
            [
                1.9170290691232987e-10,
                1.4929837402038713e-10,
                4.2774700320267696e-11,
                7.484619743506543e-05,
                0.999925153418789
            ]
        ],
        [
            [
                0.9999999999842628,
                1.573710210163879e-11,
                0.0,
                0.0,
                0.0
            ],
            [
                0.9999999983945476,
                1.6052280515343423e-09,
                2.2447770499149797e-13,
                0.0,
                0.0
            ],
            [
                1.0961293204324696e-08,
                1.6267986008666492e-06,
                0.07585768342455286,
                0.9241356679230928,
                5.010892460185733e-06
            ],
            [
                2.1578992422469293e-10,
                7.531808423088813e-10,
                1.6805736196510996e-10,
                0.0066928514238578435,
                0.9933071474391141
            ],
            [
                2.789409804056971e-10,
                4.058567316754732e-10,
                3.775055658950345e-11,
                2.1444939741172547e-05,
                0.9999785543377105
            ]
        ],
        [
            [
                0.9999999999094393,
                9.056076984686571e-11,
                0.0,
                0.0,
                0.0
            ],
            [
                0.9999999865591709,
                1.3440409755652682e-08,
                4.1937955973834153e-13,
                0.0,
                0.0
            ],
            [
                1.984216022779407e-09,
                1.5762580248662224e-07,
                0.9626727868330752,
                0.037326874943471915,
                1.786134342511331e-07
            ],
            [
                0.037326117175359226,
                3.5170331654081594e-08,
                1.0620519900484073e-09,
                2.064449197044629e-05,
                0.9626532021002866
            ],
            [
                3.581700320888036e-10,
                2.789431014634705e-10,
                4.277731007655203e-11,
                1.3007124758155952e-05,
                0.9999869921953514
            ]
        ],
        [
            [
                0.9999999999377585,
                6.224144619655254e-11,
                0.0,
                0.0,
                0.0
            ],
            [
                0.9999898700034859,
                1.0129988090710657e-05,
                8.42338405476423e-12,
                0.0,
                0.0
            ],
            [
                5.384940480855859e-13,
                1.9171716074290492e-10,
                0.9999998553084208,
                1.444980316709274e-07,
                1.2917800679008424e-12
            ],
            [
                5.20137304460819e-10,
                9.717444163686182e-10,
                3.574847928551566e-10,
                0.0019267343291071164,
                0.9980732638215263
            ],
            [
                1.2255811350041385e-11,
                7.991792898650868e-11,
                1.7832100293490524e-11,
                2.1444939757109665e-05,
                0.999978554950237
            ]
        ],
        [
            [
                0.9999999999940563,
                5.789356326032385e-12,
                0.0,
                0.0,
                1.5428112024728242e-13
            ],
            [
                0.9999952149006491,
                4.785094842162441e-06,
                4.508729694828954e-12,
                0.0,
                0.0
            ],
            [
                6.101890442900464e-13,
                1.1628144922469185e-10,
                0.9999921106085141,
                7.889265049358497e-06,
                9.544962599593787e-12
            ],
            [
                1.1610769598767823e-10,
                5.203585920901122e-10,
                1.3156725609759093e-10,
                0.001501182028784204,
                0.9984988172031822
            ],
            [
                3.581017346804351e-10,
                3.160236716656546e-10,
                6.222875059186424e-11,
                0.00020342706136517813,
                0.9997965722022807
            ]
        ],
        [
            [
                0.9999999999572222,
                4.277787867048566e-11,
                0.0,
                0.0,
                0.0
            ],
            [
                8.150497631005492e-09,
                4.5391447462851344e-05,
                9.609369503292966e-05,
                0.9998131152595436,
                4.5391447462851344e-05
            ],
            [
                2.734682992728956e-12,
                9.736145845284772e-10,
                0.999993854847551,
                6.144172120903956e-06,
                3.97894027612304e-12
            ],
            [
                1.4108436789651376e-09,
                1.5986953323384559e-09,
                7.551702030198672e-10,
                0.004070137757522926,
                0.9959298584777679
            ],
            [
                1.388791878825386e-11,
                3.775127727722543e-11,
                8.42344854467509e-12,
                1.7603431335939081e-06,
                0.9999982395968037
            ]
        ],
        [
            [
                0.9999999998506905,
                1.4930946754390117e-10,
                0.0,
                0.0,
                0.0
            ],
            [
                0.985936371770975,
                0.014063627255405352,
                9.599269570725904e-10,
                1.3692622651237315e-11,
                0.0
            ],
            [
                1.3156725855559933e-10,
                9.916279700761036e-08,
                0.9984987176703501,
                0.001501182063127787,
                9.721578542498369e-10
            ],
            [
                3.3315385261375677e-11,
                9.05606063641098e-11,
                2.0206802601162735e-11,
                1.7603431333620528e-06,
                0.9999982395127838
            ],
            [
                2.21168004715486e-08,
                2.0571828988352542e-09,
                4.0508333081107e-10,
                0.0019267342859110455,
                0.9980732411350222
            ]
        ],
        [
            [
                0.9999999999705058,
                2.9400777381441815e-11,
                0.0,
                0.0,
                9.35762296521088e-14
            ],
            [
                0.9999999827421723,
                1.7257827673317785e-08,
                0.0,
                0.0,
                0.0
            ],
            [
                1.9154243394148443e-10,
                5.038880358261476e-07,
                0.9990884445682316,
                0.0009110509466947115,
                4.054953358361547e-10
            ],
            [
                3.542397064819989e-10,
                1.091135112461631e-09,
                2.434651523871387e-10,
                0.010986942356785693,
                0.9890130559543744
            ],
            [
                2.0206762658249412e-11,
                7.052853173732374e-11,
                1.0815900646198767e-11,
                2.902312198539632e-06,
                0.9999970975862502
            ]
        ],
        [
            [
                0.9999999999294713,
                7.052879847751124e-11,
                0.0,
                0.0,
                0.0
            ],
            [
                5.905090784578814e-10,
                1.1253111157266283e-07,
                1.1253111157266283e-07,
                0.9999644180893017,
                3.535625796603713e-05
            ],
            [
                3.331226935597064e-11,
                1.522852782307186e-08,
                0.9999038822241023,
                9.61023977863302e-05,
                1.1627124474368404e-10
            ],
            [
                2.6174969454842944e-09,
                1.9340831768963072e-08,
                2.4834119571230315e-08,
                0.9890130113539077,
                0.010986941853643958
            ],
            [
                7.052867113922101e-11,
                1.1628212030144793e-10,
                2.020680259756167e-11,
                1.760343133048341e-06,
                0.9999982394498493
            ]
        ],
        [
            [
                0.999999999987744,
                1.225606743955779e-11,
                0.0,
                0.0,
                0.0
            ],
            [
                0.9999869928712768,
                1.3007124744249672e-05,
                3.9789096423226914e-12,
                0.0,
                0.0
            ],
            [
                3.15913376153089e-10,
                3.925691778247914e-07,
                0.9994468285964073,
                0.0005527783013775523,
                2.1712387645667764e-10
            ],
            [
                3.773507652958147e-11,
                2.1715037237641056e-10,
                5.4904212380501835e-11,
                0.00043055711917869185,
                0.9995694425710316
            ],
            [
                5.211323340869534e-10,
                4.058582698707483e-10,
                4.2777146926396746e-11,
                1.6701415089038697e-05,
                0.9999832976151433
            ]
        ],
        [
            [
                0.999999999868235,
                1.3176514261487558e-10,
                0.0,
                0.0,
                0.0
            ],
            [
                1.3708546554053157e-06,
                0.9999236383984225,
                7.484612814945368e-05,
                1.4448701766674203e-07,
                1.3175510566705885e-10
            ],
            [
                2.882350736665708e-13,
                6.224144500299974e-11,
                0.9999999803811793,
                1.9555680702628213e-08,
                6.101936557404859e-13
            ],
            [
                1.8220192768784957e-07,
                1.1647779544823416e-08,
                1.3911288847546409e-09,
                0.017986203818954716,
                0.9820136009402092
            ],
            [
                1.3887943692571083e-11,
                1.3887943692571083e-11,
                3.0988191002557618e-12,
                1.1861120004110131e-08,
                0.9999999881080052
            ]
        ],
        [
            [
                0.9999999999513018,
                4.8473687045020026e-11,
                0.0,
                0.0,
                2.2447770542021105e-13
            ],
            [
                0.9999999804443194,
                1.9555680686377836e-08,
                0.0,
                0.0,
                0.0
            ],
            [
                5.166706890450879e-10,
                2.3619349924953285e-07,
                0.9914222773627986,
                0.008577481601000674,
                4.3260307144946e-09
            ],
            [
                1.5167998783070607e-08,
                2.0527654114394574e-09,
                3.1480177161171393e-10,
                0.004070137708439164,
                0.9959298447559949
            ],
            [
                2.940061083937375e-11,
                3.775113158390101e-11,
                7.433638561039907e-12,
                4.785094848173463e-06,
                0.9999952148305664
            ]
        ],
        [
            [
                0.9999999999705993,
                2.9400777378453605e-11,
                0.0,
                0.0,
                0.0
            ],
            [
                0.22270011958863636,
                0.7772997920542652,
                8.747364074262285e-08,
                8.575613985680839e-10,
                2.5896110360740127e-11
            ],
            [
                3.8411544270254695e-09,
                1.666011724909315e-05,
                0.0024725806319572424,
                0.9975101094267906,
                6.459828487171946e-07
            ],
            [
                1.7656432589690637e-09,
                2.5689957830784895e-09,
                1.0709167706796703e-09,
                0.029312227761867215,
                0.970687766832577
            ],
            [
                8.591774086464344e-10,
                3.1607370495997825e-10,
                4.847147254469116e-11,
                4.539785595714658e-05,
                0.9999546009203203
            ]
        ],
        [
            [
                0.9999999999377585,
                6.22414461965556e-11,
                0.0,
                0.0,
                0.0
            ],
            [
                9.242561541610481e-07,
                0.09123861675303734,
                0.04309807021610842,
                0.8656479309759139,
                1.445779878623675e-05
            ],
            [
                2.9988122717594784e-09,
                5.04322679778171e-07,
                2.1444346021339013e-05,
                0.9999505132471509,
                2.7535085335645935e-05
            ],
            [
                8.807861356685455e-10,
                2.1128961001240262e-09,
                6.859569321770999e-10,
                0.09534946981698132,
                0.9046505265033795
            ],
            [
                1.2255811350373353e-11,
                5.4926735777093457e-11,
                1.5736773276009494e-11,
                2.1444939757690533e-05,
                0.999978554977323
            ]
        ],
        [
            [
                0.9999999999740539,
                2.594609497484541e-11,
                0.0,
                0.0,
                0.0
            ],
            [
                0.0011694986357671119,
                0.9988203659062282,
                1.01181407145487e-05,
                1.7237464818021165e-08,
                7.982529874439447e-11
            ],
            [
                6.656655322567409e-10,
                8.71849794089555e-08,
                0.9947797813755921,
                0.005220125855122979,
                4.918639960969589e-09
            ],
            [
                3.317986319248268e-11,
                3.148017770567912e-10,
                1.0220117365028038e-10,
                0.004070137775780201,
                0.995929861774037
            ],
            [
                5.1090798013654015e-12,
                2.940072429686416e-11,
                6.560188320839134e-12,
                1.7603431330799048e-06,
                0.9999982396157969
            ]
        ],
        [
            [
                0.9999999999740539,
                2.5946094973883613e-11,
                0.0,
                0.0,
                0.0
            ],
            [
                0.9999999918471959,
                8.152020636460115e-09,
                7.835041710087639e-13,
                0.0,
                0.0
            ],
            [
                1.0993663179159394e-08,
                7.31234308012575e-06,
                0.562172316806352,
                0.43782024166388683,
                1.1819301780242475e-07
            ],
            [
                7.99196073442856e-11,
                7.052880593710913e-11,
                8.42346464137638e-12,
                8.764249142232615e-08,
                0.9999999121986367
            ],
            [
                7.987541314492292e-11,
                3.159133872631489e-10,
                7.048980469305935e-11,
                0.0005527785844029971,
                0.9994472209493184
            ]
        ],
        [
            [
                0.9999999999666846,
                3.331544540861185e-11,
                0.0,
                0.0,
                0.0
            ],
            [
                2.8288156219757166e-07,
                0.4368182818357662,
                0.0022922119470384678,
                0.5608857771327102,
                3.4462029230662806e-06
            ],
            [
                4.2727811240590025e-11,
                8.142479547523947e-09,
                0.9988304811990728,
                0.0011695103370995034,
                2.786203285074953e-10
            ],
            [
                3.3311316640232575e-11,
                1.1626791943901723e-10,
                3.3311316640232575e-11,
                0.00012339462837766694,
                0.9998766051887318
            ],
            [
                3.1608695298167897e-10,
                1.691891539891884e-10,
                1.783240563473831e-11,
                3.726639113195144e-06,
                0.9999962728577783
            ]
        ],
        [
            [
                0.9999999999294713,
                7.052879847368768e-11,
                0.0,
                0.0,
                0.0
            ],
            [
                3.843308816824409e-09,
                0.0015005363814478555,
                0.0004299108711480426,
                0.9980692794673459,
                2.6943674937913626e-07
            ],
            [
                1.945315195515601e-08,
                1.0076982192992845e-05,
                0.005220006009924807,
                0.9947569584534709,
                1.2939101259312586e-05
            ],
            [
                2.461462307345559e-10,
                1.492952357132083e-10,
                2.939797496429286e-11,
                9.610239959340585e-05,
                0.9999038971755672
            ],
            [
                3.1608694980404345e-10,
                1.3176464428933285e-10,
                1.2256021084597062e-11,
                2.902312198263146e-06,
                0.999997097227694
            ]
        ],
        [
            [
                0.999999999989184,
                1.0815941553293041e-11,
                0.0,
                0.0,
                0.0
            ],
            [
                1.1812669496050464e-08,
                6.119120128167584e-06,
                0.004070081554844012,
                0.9959159304065861,
                7.857105772332729e-06
            ],
            [
                3.3975489405239126e-09,
                2.9017064437658904e-06,
                0.00020342532674924894,
                0.9997888854641229,
                4.784105135164448e-06
            ],
            [
                9.177831383131878e-08,
                1.8072221523941235e-08,
                3.140481201125281e-09,
                0.07585817515844223,
                0.9241417118505412
            ],
            [
                5.905146743293818e-10,
                2.789393810559531e-10,
                2.939999446306385e-11,
                2.7535689806110056e-05,
                0.9999724634113398
            ]
        ],
        [
            [
                0.9999999999663964,
                3.3315445410013986e-11,
                0.0,
                0.0,
                2.8823507924364533e-13
            ],
            [
                0.999999996149258,
                3.850741903124129e-09,
                0.0,
                0.0,
                0.0
            ],
            [
                6.199303133940733e-10,
                1.4392117420169391e-06,
                0.8175732917257045,
                0.18242525433307427,
                1.4109548898146256e-08
            ],
            [
                1.4929523566834403e-10,
                4.598617003688215e-10,
                1.1627124644733626e-10,
                9.610239948266812e-05,
                0.9999038968750891
            ],
            [
                1.69183681352266e-10,
                1.9171022680847112e-10,
                2.9399715476046805e-11,
                3.5356257503058005e-05,
                0.9999646433522033
            ]
        ],
        [
            [
                0.999999999979793,
                2.0206839082563942e-11,
                0.0,
                0.0,
                0.0
            ],
            [
                1.3006368823587731e-05,
                0.9999286427493815,
                5.8290501001458885e-05,
                6.023149448159712e-08,
                1.492989480501266e-10
            ],
            [
                9.357622915779361e-14,
                2.9400777226132606e-11,
                0.9999999943674209,
                5.602796405767561e-09,
                2.882350777100506e-13
            ],
            [
                8.340308050901891e-10,
                4.799515902843216e-09,
                1.675195653071493e-08,
                0.9706877503733269,
                0.02931222724116978
            ],
            [
                1.1759370513466107e-08,
                2.0434721866198913e-09,
                4.559602762593584e-10,
                0.008577485549429794,
                0.9914225001917673
            ]
        ],
        [
            [
                0.9999999999292966,
