{
    "[['A', 'B', 'C', 'D', 'E'], ['A', 'B', 'C', 'D', 'E']]": [
        [
            [
                0.9999999994780198,
                5.211412483301689e-10,
                4.193795654688354e-13,
                0.0,
                4.193795654688354e-13
            ],
            [
                1.2749000209587606e-05,
                0.7633357234051601,
                0.2186993565235145,
                0.01795193756503184,
                2.3350608403120296e-07
            ],
            [
                1.2917800338117695e-12,
                2.7894681555471423e-10,
                0.9999993521224122,
                6.475946145407772e-07,
                2.734698353039437e-12
            ],
            [
                2.7882659721492254e-10,
                4.5970734166517997e-10,
                1.9163453090758506e-10,
                0.0004305571186086002,
                0.999569441951223
            ],
            [
                9.056008368819303e-11,
                1.1628144919300879e-10,
                2.9400554613550505e-11,
                7.889265047208919e-06,
                0.9999921104987107
            ]
        ],
        [
            [
                0.9999999999373883,
                6.224144620286713e-11,
                0.0,
                0.0,
                3.7010116770341274e-13
            ],
            [
                3.4901141798214226e-05,
                0.2202502308370184,
                0.768748814933287,
                0.01096561374735909,
                4.3934053737927934e-07
            ],
            [
                2.5436657467868733e-13,
                7.052880126748401e-11,
                0.9999996071413831,
                3.9278636989873464e-07,
                1.4637785713323856e-12
            ],
            [
                2.0204334856684862e-11,
                1.1626791943319457e-10,
                4.27725772272499e-11,
                0.0001233946280632407,
                0.999876605192692
            ],
            [
                6.224145124465701e-11,
                9.056077719435332e-11,
                2.5946097073569134e-11,
                1.1253518378763901e-07,
                0.9999998872860678
            ]
        ],
        [
            [
                0.9999999956337164,
                4.363462229643234e-09,
                2.1297851595829375e-12,
                0.0,
                6.914400070017972e-13
            ],
            [
                0.9999921105374504,
                7.889265033454242e-06,
                1.9171569833809976e-10,
                4.508721070122738e-12,
                1.2917702142947741e-12
            ],
            [
                6.914387623377262e-13,
                1.31764904806354e-10,
                0.9999982395204308,
                1.7603431339492901e-06,
                3.978955352042769e-12
            ],
            [
                4.2776333617632456e-11,
                9.055749897915721e-11,
                3.331424211833582e-11,
                3.53562575094773e-05,
                0.9999646435758425
            ],
            [
                4.5087553443146725e-12,
                2.5946095569848352e-11,
                5.789356459726728e-12,
                6.475946146427468e-07,
                0.9999993523691412
            ]
        ],
        [
            [
                0.9999999998076727,
                1.9171715127835925e-10,
                0.0,
                0.0,
                6.101936674503006e-13
            ],
            [
                0.006692615504045394,
                0.993271995781824,
                3.511960556299943e-05,
                2.681414974026991e-07,
                9.670701620381684e-10
            ],
            [
                3.266131318822521e-13,
                7.991959834313691e-11,
                0.9999999927248371,
                7.19413297753912e-09,
                7.83504172757552e-13
            ],
            [
                7.982606127823549e-11,
                2.458815789319842e-10,
                1.3161092518563873e-10,
                0.0011695103462116287,
                0.9988304891964698
            ],
            [
                1.0261117181489876e-10,
                2.1722785243678668e-10,
                7.05235582725583e-11,
                7.484619744218604e-05,
                0.9999251534121952
            ]
        ],
        [
            [
                0.9999999997819213,
                2.1724399337235366e-10,
                2.2447770536203596e-13,
                0.0,
                6.101936673798059e-13
            ],
            [
                0.00017911433271745636,
                0.8803052891481951,
                0.11913637949278269,
                0.0003791848645289469,
                3.216177570558337e-08
            ],
            [
                7.28772408047714e-14,
                1.7832472870604403e-11,
                0.9999999979206864,
                2.061153618099294e-09,
                2.5436656420218456e-13
            ],
            [
                4.598845273855619e-10,
                2.1723406886004864e-10,
                4.847147257443769e-11,
                4.539785569678495e-05,
                0.9999546014187131
            ],
            [
                9.054643756027727e-11,
                2.789026625826705e-10,
                1.6916301593187715e-10,
                0.00015843624723412583,
                0.9998415632141537
            ]
        ],
        [
            [
                0.9999999998679083,
                1.3176514262295008e-10,
                0.0,
                0.0,
                3.266131340853907e-13
            ],
            [
                8.243979953405942e-05,
                0.9719581214038168,
                0.022858263225126785,
                0.005100367360166498,
                8.082113558542236e-07
            ],
            [
                1.4637758371396585e-12,
                2.78946299143612e-10,
                0.9999977393835008,
                2.2603252732472373e-06,
                1.081592177688411e-11
            ],
            [
                1.493069136173236e-10,
                2.172402774563472e-10,
                7.991823187057009e-11,
                1.670141510050031e-05,
                0.9999832981384341
            ],
            [
                3.331544958318967e-11,
                4.2777884033194564e-11,
                9.545036115137661e-12,
                6.825604228940095e-08,
                0.9999999316583194
            ]
        ],
        [
            [
                0.9999999995937154,
                4.0586521224299683e-10,
                0.0,
                0.0,
                4.193795654199107e-13
            ],
            [
                5.064435957261429e-06,
                0.49993983052901675,
                0.49993982922726937,
                0.00011526603109515473,
                9.776661341355662e-09
            ],
            [
                5.384940193639223e-13,
                7.052879819527987e-11,
                0.9999999955645826,
                4.363462233403266e-09,
                8.878265438701054e-13
            ],
            [
                1.3887891339568163e-11,
                3.7751202663961885e-11,
                8.423431896205645e-12,
                2.902312199684762e-06,
                0.9999970976277378
            ],
            [
                5.904369408562373e-10,
                3.5811810725624274e-10,
                1.9168680966849346e-10,
                0.00015843624771086018,
                0.9998415626120473
            ]
        ],
        [
            [
                0.9999999999094393,
                9.056076985172321e-11,
                0.0,
                0.0,
                0.0
            ],
            [
                2.625388299912848e-06,
                0.37708597776612285,
                0.48418797705928057,
                0.13872217964067582,
                1.2401456208364252e-06
            ],
            [
                3.701011851459486e-13,
                1.0261880111013654e-10,
                0.9999994955467071,
                5.043472051417478e-07,
                3.0988192834614368e-12
            ],
            [
                8.422837900336296e-12,
                6.223682175778413e-11,
                2.939859294728147e-11,
                7.484619732424193e-05,
                0.9999251537026175
            ],
            [
                1.5737103319559956e-11,
                3.331544798894381e-11,
                5.789356774856967e-12,
                8.315279901736921e-07,
                0.999999168417168
            ]
        ],
        [
            [
                0.9999999981792487,
                1.8189616822343887e-09,
                1.0060392763416508e-12,
                0.0,
                7.83504176215467e-13
            ],
            [
                7.267497554672213e-07,
                0.03388835631748316,
                0.8739922493413239,
                0.09211810159815871,
                5.659932786548239e-07
            ],
            [
                6.914387463123586e-13,
                1.1628211766590903e-10,
                0.9999977395526437,
                2.2603252736954368e-06,
                5.109079685476296e-12
            ],
            [
                7.052813127486283e-11,
                1.1628123021559728e-10,
                2.940049924739029e-11,
                1.0129988102372898e-05,
                0.9999898697956877
            ],
            [
                6.224109362743423e-11,
                7.991914618006698e-11,
                2.2897218741559926e-11,
                4.785094847562822e-06,
                0.999995214740095
            ]
        ],
        [
            [
                0.9999999998075915,
                1.917171512507714e-10,
                0.0,
                0.0,
                6.914400102429843e-13
            ],
            [
                1.1218714163009995e-07,
                0.22244015170070702,
                0.7763924598634602,
                0.0011672590442358332,
                1.720445538511127e-08
            ],
            [
                1.6586626669571788e-12,
                3.581714045091159e-10,
                0.999989869642523,
                1.0129988101980243e-05,
                9.544944621862582e-12
            ],
            [
                1.7832371888235928e-11,
                7.052839896962518e-11,
                2.5945947999662237e-11,
                4.785094848140233e-06,
                0.9999952147908451
            ],
            [
                7.05285317537347e-11,
                7.991929665381903e-11,
                2.9400666191821665e-11,
                2.9023121992149575e-06,
                0.9999970975079523
            ]
        ],
        [
            [
                0.9999999999366185,
                6.224144619987124e-11,
                0.0,
                0.0,
                1.1399918525094181e-12
            ],
            [
                0.0005510250919144701,
                0.9962766770584305,
                0.003170930584326639,
                1.3658539946906805e-06,
                1.4113337074513222e-09
            ],
            [
                2.1087602523807843e-10,
                1.4783550703346042e-08,
                0.9706876973422693,
                0.029312229193226666,
                5.8470077268920065e-08
            ],
            [
                9.055956619359489e-11,
                1.6918754344799941e-10,
                9.055956619359489e-11,
                1.3007124765465128e-05,
                0.999986992524928
            ],
            [
                1.225606792070491e-11,
                4.277788035320638e-11,
                1.225606792070491e-11,
                3.927863698225065e-07,
                0.9999996071463401
            ]
        ],
        [
            [
                0.999999999478316,
                5.211412483303232e-10,
                2.543665645138856e-13,
                0.0,
                2.8823507909083255e-13
            ],
            [
                0.9999869928657041,
                1.3007124750897073e-05,
                9.544908042773373e-12,
                0.0,
                0.0
            ],
            [
                7.835042367648954e-13,
                1.4930947872181305e-10,
                0.9999997616105092,
                2.382369844645965e-07,
                2.413362951281893e-12
            ],
            [
                2.5937388034639226e-11,
                2.1717109112381296e-10,
                1.4925936259273391e-10,
                0.0003353500551937589,
                0.9996646495524384
            ],
            [
                6.691586599753963e-10,
                1.4930947896501888e-10,
                4.277788194017356e-11,
                8.315279892801384e-07,
                0.9999991676107647
            ]
        ],
        [
            [
                0.9999999996405673,
                3.581747925918286e-10,
                3.7010116740824365e-13,
                0.0,
                8.878265467640165e-13
            ],
            [
                2.0852472531712512e-07,
                0.001491149858921784,
                0.9918257519188809,
                0.006682870301632696,
                1.9395839310471277e-08
            ],
            [
                1.201542549609765e-13,
                2.0206838693879217e-11,
                0.9999999804234537,
                1.9555680704279547e-08,
                5.384940112132216e-13
            ],
            [
                2.2897044116143153e-11,
                5.492715343509051e-11,
                1.7832235887672792e-11,
                1.3007124767454188e-05,
                0.9999869927795761
            ],
            [
                1.2498978655771528e-09,
                6.690221170316637e-10,
                4.5981172830990146e-10,
                0.00020342706041013797,
                0.9997965705608581
            ]
        ],
        [
            [
                0.9999999998304401,
                1.6918979217222572e-10,
                0.0,
                0.0,
                3.7010116766395197e-13
            ],
            [
                0.9241417411233452,
                0.07585817748633714,
                8.099408014876731e-08,
                3.7507700306621976e-10,
                2.1160396529642577e-11
            ],
            [
                6.101937131067368e-13,
                1.6918980483475875e-10,
                0.9999997615887068,
                2.3823698445463002e-07,
                4.5087555773604735e-12
            ],
            [
                1.0815137944249856e-11,
                9.055404132715948e-11,
                3.7748540557690826e-11,
                7.484619735120289e-05,
                0.9999251536635311
            ],
            [
                1.5737073329134586e-11,
                4.2777800463714036e-11,
                8.42344835086068e-12,
                2.2603252736186897e-06,
                0.999997739607788
            ]
        ],
        [
            [
                0.9999999994078534,
                5.905303988064701e-10,
                6.101936666363729e-13,
                0.0,
                1.0060392774298913e-12
            ],
            [
                0.9998766048338805,
                0.00012339462880981122,
                5.210766627333309e-10,
                1.2254548525659849e-11,
                3.978469415218097e-12
            ],
            [
                5.0087746313845963e-14,
                9.545034910532124e-12,
                0.9999999987398818,
                1.2501528647746468e-09,
                3.7010116738201475e-13
            ],
            [
                1.6918883374478032e-10,
                1.1628167152393577e-10,
                6.224109361047785e-11,
                4.785094846259215e-06,
                0.9999952145574421
            ],
            [
                1.1027805828300832e-09,
                6.688702344222127e-10,
                4.5970734102079107e-10,
                0.00043055711686557167,
                0.9995694406517763
            ]
        ],
        [
            [
                0.9999999987485455,
                1.250152863874297e-09,
                6.101936665342197e-13,
                0.0,
                6.914400093044259e-13
            ],
            [
                0.9999724641740766,
                2.7535689768587814e-05,
                1.3176163367356438e-10,
                2.734625464051808e-12,
                1.6586341867783095e-12
            ],
            [
                6.914400640084085e-13,
                1.1628233926831118e-10,
                0.9999991683519371,
                8.315279902124137e-07,
                3.098819377660337e-12
            ],
            [
                4.269546998607851e-11,
                3.15479222897344e-10,
                1.4902183298143255e-10,
                0.0019267343320482366,
                0.9980732651607552
            ],
            [
                1.162781303271165e-10,
                1.9171022678755863e-10,
                1.4930407474494728e-10,
                3.535625749920121e-05,
                0.9999646432852084
            ]
        ],
        [
            [
                0.9999999997206337,
                2.789468090957493e-10,
                0.0,
                0.0,
                4.193795655505824e-13
            ],
            [
                0.00035108502744602424,
                0.9235943431937216,
                0.07581324106019488,
                0.0002412969753076867,
                3.374332982169514e-08
            ],
            [
                1.748234120477515e-13,
                2.2897348354380276e-11,
                0.9999999956125778,
                4.363462233491602e-09,
                8.878265438880787e-13
            ],
            [
                8.41360496024127e-12,
                1.6899177308604093e-10,
                7.982606129424494e-11,
                0.0011695103459791855,
                0.9988304893967894
            ],
            [
                2.289136854096036e-11,
                1.691456063304524e-10,
                6.222519113345159e-11,
                0.00026119032752089583,
                0.999738809418217
            ]
        ],
        [
            [
                0.9999999999289328,
                7.052879847365241e-11,
                0.0,
                0.0,
                5.384940214893228e-13
            ],
            [
                0.0758572498979887,
                0.9241305779246763,
                1.2020437346753175e-05,
                1.5131497513719487e-07,
                4.2501302903394193e-10
            ],
            [
                2.2447769824183564e-13,
                7.052879623001516e-11,
                0.9999999676864927,
                3.224186632977159e-08,
                8.878265191310735e-13
            ],
            [
                3.3304265483227615e-11,
                1.6913301584932259e-10,
                6.22205593542895e-11,
                0.0003353500550849001,
                0.9996646496802573
            ],
            [
                4.846379971793244e-11,
                1.4927901245376443e-10,
                6.222875062708945e-11,
                0.00020342706156155983,
                0.9997965726784669
            ]
        ],
        [
            [
                0.99999999914013,
                8.592166607834379e-10,
                3.2661313384768877e-13,
                0.0,
                3.2661313384768877e-13
            ],
            [
                0.924141816108382,
                0.07585817516773583,
                8.536712984292133e-09,
                1.7717382560679855e-10,
                9.995463261851068e-12
            ],
            [
                1.879521726709264e-12,
                4.0586368167062343e-10,
                0.9999962729457085,
                3.7266391146529195e-06,
                7.433652631531298e-12
            ],
            [
                3.358164448151653e-09,
                1.9324902119800808e-08,
                5.952488911310223e-08,
                0.6791786367945493,
                0.3208212809974951
            ],
            [
                2.0206840028788007e-11,
                3.7751347196262806e-11,
                1.2256068013368439e-11,
                5.043472050105874e-07,
                0.9999994955825807
            ]
        ],
        [
            [
                0.9999999998501521,
                1.4930946755014775e-10,
                0.0,
                0.0,
                5.384940215244998e-13
            ],
            [
                0.0004302496847358712,
                0.9988555970207946,
                0.0007093618069360551,
                4.779639979200149e-06,
                1.1847554300826778e-08
            ],
            [
                5.384940481243684e-13,
                1.0261880133824281e-10,
                0.9999998553981195,
                1.4449803168133423e-07,
                6.914400445267609e-13
            ],
            [
                5.203585915336063e-10,
                8.579262782530164e-10,
                4.0525567856430593e-10,
                0.0015011820271787404,
                0.9984988161892807
            ],
            [
                1.2255624774509384e-11,
                7.991671236121222e-11,
                3.774998192446105e-11,
                3.5356257512263756e-05,
                0.9999646436125654
            ]
        ],
        [
            [
                0.9999999988964174,
                1.103256029908846e-09,
                0.0,
                0.0,
                3.266131335579623e-13
            ],
            [
                0.09534858622074337,
                0.904642159222065,
                9.164110068687963e-06,
                8.984177382371827e-08,
                6.053491103280378e-10
            ],
            [
                4.75219328499795e-13,
                4.847368932947751e-11,
                0.9999994956017162,
                5.043472051694915e-07,
                2.129785270550926e-12
            ],
            [
                4.844688704127017e-11,
                2.7879258581184066e-10,
                1.3169229268969272e-10,
                0.0005527785834150854,
                0.9994472209576531
            ],
            [
                9.545036133877023e-12,
                2.5946098274702892e-11,
                7.43368161550828e-12,
                1.8553915980207186e-07,
                0.9999998144179154
            ]
        ],
        [
            [
                0.9999999998503204,
                1.4930946754385094e-10,
                0.0,
                0.0,
                3.701011676712155e-13
            ],
            [
                0.9999038973478301,
                9.610239922881812e-05,
                2.4614623074858706e-10,
                5.788804498159846e-12,
                1.0059433855089112e-12
            ],
            [
                8.258073208753658e-14,
                1.3887943735802476e-11,
                0.9999999907482097,
                9.237449576059874e-09,
                3.7010116441722863e-13
            ],
            [
                8.423159513230053e-12,
                4.8471936275256784e-11,
                1.2255624775709353e-11,
                3.535625751572555e-05,
                0.9999646436733336
            ],
            [
                1.5737102840252593e-11,
                3.331544697425011e-11,
                7.433681018780948e-12,
                5.043472050885892e-07,
                0.9999994955963086
            ]
        ],
        [
            [
                0.9999999996409863,
                3.581747926882154e-10,
                4.193795654397351e-13,
                0.0,
                4.193795654397351e-13
            ],
            [
                2.2513079435495057e-05,
                0.5619096277026872,
                0.43761565594140855,
                0.0004521872882562929,
                1.5988212429066464e-08
            ],
            [
                9.051069940666785e-11,
                1.522155918302456e-08,
                0.9994472052538426,
                0.0005527785753459396,
                8.587416063345168e-10
            ],
            [
                7.991915189181236e-11,
                7.052840400171221e-11,
                2.940061293685555e-11,
                6.144172125561684e-06,
                0.9999938556480262
            ],
            [
                1.493094786702745e-10,
                7.991960484447683e-11,
                2.2897350151113498e-11,
                2.38236984382362e-07,
                0.9999997615108892
            ]
        ],
        [
            [
                0.9999999998675435,
                1.317651426418186e-10,
                0.0,
                0.0,
                6.914400103837028e-13
            ],
            [
                0.9999986290280789,
                1.3709566503746227e-06,
                1.3887919187960166e-11,
                6.914387820983423e-13,
                6.914387820983423e-13
            ],
            [
                6.431393934832852e-14,
                6.560200161402064e-12,
                0.9999999990192803,
                9.736200302989132e-10,
                4.752193057880227e-13
            ],
            [
                5.778203525744307e-12,
                1.1605832026603043e-10,
                4.269547000276355e-11,
                0.0019267343322724169,
                0.9980732655031956
            ],
            [
                5.3154710399479553e-08,
                1.2500789702247246e-09,
                5.904954938190907e-10,
                5.829127354159523e-05,
                0.9999416537311735
            ]
        ],
        [
            [
                0.9999999998968427,
                1.0261879627399645e-10,
                0.0,
                0.0,
                5.384940215496424e-13
            ],
            [
                0.320820865478663,
                0.6791777758948145,
                1.3547789577786015e-06,
                3.805291642463224e-09,
                4.227297168312634e-11
            ],
            [
                4.752193295473467e-13,
                9.056077433124986e-11,
                0.9999998554096405,
                1.4449803168661024e-07,
                1.2917800680410434e-12
            ],
            [
                2.5945849524826556e-11,
                5.492736387508778e-11,
                1.3887812480797428e-11,
                1.0129988104154771e-05,
                0.9999898699171348
            ],
            [
                1.0261743235249738e-10,
                1.3176339133584158e-10,
                2.0206570509683317e-11,
                1.300712476671016e-05,
                0.9999869926206458
            ]
        ],
        [
            [
                0.9999999997804059,
                2.1724399334698137e-10,
                6.914400101818462e-13,
                0.0,
                1.6586783576855893e-12
            ],
            [
                2.4346515238231707e-10,
                6.618068995838649e-10,
                7.49925464492409e-10,
                0.010986942356568104,
                0.9890130559882343
            ],
            [
                7.052759071625355e-11,
                1.9555346199808197e-08,
                0.999983278767636,
                1.670141477617867e-05,
                1.917138682489889e-10
            ],
            [
                3.5691471441466786e-09,
                1.812562480333141e-08,
                2.0539023706764685e-08,
                0.5621764770680123,
                0.4378234806981921
            ],
            [
                1.7832473776193213e-11,
                4.847368942229846e-11,
                1.2256068040698758e-11,
                1.4449803164478076e-07,
                0.9999998554234062
            ]
        ],
        [
            [
                0.9999999999372833,
                6.224144620983435e-11,
                0.0,
                0.0,
                4.752193061301895e-13
            ],
            [
                9.450807431474404e-10,
                2.0408061499847856e-07,
                0.9706875547663611,
                0.029312221225488988,
                1.8982454161881552e-08
            ],
            [
                3.511408867649056e-12,
                4.058636816496383e-10,
                0.9999962729406945,
                3.7266391144602343e-06,
                1.0815900757572808e-11
            ],
            [
                8.564906979891796e-10,
                1.0997558253747307e-09,
                3.1508531934479797e-10,
                0.0031726830658525672,
                0.9968273146628156
            ],
            [
                1.026127361722955e-10,
                3.5815364104486155e-10,
                1.026127361722955e-10,
                5.8291276735080226e-05,
                0.9999417081598858
            ]
        ],
        [
            [
                0.9999999998502711,
                1.4930946752869224e-10,
                0.0,
                0.0,
                4.193795655822863e-13
            ],
            [
                6.645667184451082e-07,
                0.37752049242270425,
                0.6224260464497662,
                5.279307348505223e-05,
                3.4873260825243e-09
            ],
            [
                1.0603575954942132e-13,
                1.7832472846625406e-11,
                0.9999999965833741,
                3.3982678077712467e-09,
                4.193795643911196e-13
            ],
            [
                1.4930065013602124e-10,
                2.172311641448267e-10,
                9.055542182252602e-11,
                5.8291277051854286e-05,
                0.9999417082658609
            ],
            [
                2.4610540490425296e-10,
                2.788739588586392e-10,
                2.4610540490425296e-10,
                0.0002611903263803929,
                0.9997388089025349
            ]
        ],
        [
            [
                0.9999999998495506,
                1.493094675090185e-10,
                0.0,
                0.0,
                1.1399918521991664e-12
            ],
            [
                2.776964051738597e-06,
                0.39885709518929374,
                0.5121426478492951,
                0.08899705413612946,
                4.258612300839307e-07
            ],
            [
                5.384930666826936e-13,
                1.0261861430856513e-10,
                0.9999986289383087,
                1.3709566548008614e-06,
                1.8795254829379693e-12
            ],
            [
                2.461697140377338e-10,
                1.162823392092457e-10,
                2.940077964489611e-11,
                8.315279897900401e-07,
                0.9999991680801573
            ],
            [
                4.277780280057417e-11,
                5.492778606599329e-11,
                1.7832441272856303e-11,
                1.3709566542655209e-06,
                0.9999986289278078
            ]
        ],
        [
            [
                0.9999999997201163,
                2.7894680910890806e-10,
                3.2661313407034646e-13,
                0.0,
                6.101936673711932e-13
            ],
            [
                0.9914225094310182,
                0.008577485623015434,
                4.902034983100278e-09,
                3.7427498960118215e-11,
                6.503924087787177e-12
            ],
            [
                8.258073274634118e-14,
                9.545034910216742e-12,
                0.999999998739681,
                1.2501528647333398e-09,
                5.384940210632127e-13
            ],
            [
                1.2249291339804607e-11,
                1.3169229271433024e-10,
                7.987541317909195e-11,
                0.000552778583885197,
                0.9994472211922978
            ],
            [
                6.560063090789105e-12,
                7.991792898537203e-11,
                3.775055661702141e-11,
                2.1444939756804662e-05,
                0.9999785549360147
            ]
        ],
        [
            [
                0.9999999998502711,
                1.4930946755571106e-10,
                0.0,
                0.0,
                4.193795656581766e-13
            ],
            [
                1.2885014469964747e-06,
                0.9398537790611091,
                0.0600828461423902,
                6.20834764682754e-05,
                2.8185854710705845e-09
            ],
            [
                3.2661312070677873e-13,
                9.056076613359865e-11,
                0.9999999585085972,
                4.139937546755667e-08,
                1.1399918056735394e-12
            ],
            [
                1.0259786476727907e-10,
                2.1719968141675474e-10,
                1.3173826605907806e-10,
                0.0002034270615729123,
                0.9997965724868912
            ],
            [
                1.6918368132429828e-10,
                2.1723614690919816e-10,
                1.6918368132429828e-10,
                3.535625749721327e-05,
                0.9999646431868993
            ]
        ],
        [
            [
                0.9999999998500804,
                1.4930946751945803e-10,
                0.0,
                0.0,
                6.101936673507993e-13
            ],
            [
                0.0007061431945712307,
                0.9943234506834384,
                0.004063573517122839,
                0.0009067058096505374,
                1.267952170772641e-07
            ],
            [
                1.5428111998869927e-13,
                3.775134536192286e-11,
                0.9999999979006524,
                2.0611536180233085e-09,
                2.882350787270031e-13
            ],
            [
                3.0988135436406874e-12,
                3.331538526887303e-11,
                9.545017688777437e-12,
                1.7603431337582035e-06,
                0.9999982396109071
            ],
            [
                9.545035367500029e-12,
                2.94007787624921e-11,
                5.789356598430211e-12,
                5.043472050799272e-07,
                0.9999994956080597
            ]
        ],
        [
            [
                0.9999999999613609,
                3.775134542939955e-11,
                0.0,
                0.0,
                8.878265475310296e-13
            ],
            [
                0.9999999956346546,
                4.363462228440687e-09,
                1.4637785059060633e-12,
                0.0,
                4.1937956348292925e-13
            ],
            [
                2.543665771836145e-13,
                1.026188013380623e-10,
                0.9999998553963604,
                1.4449803168108004e-07,
                2.7346984253981485e-12
            ],
            [
                7.052867339570302e-11,
                9.056060924535121e-11,
                3.331538632132515e-11,
                1.370956654354565e-06,
                0.999998628848941
            ],
            [
                3.581673086898388e-10,
                2.461645512759428e-10,
                9.05588775596127e-11,
                2.144493974674841e-05,
                0.9999785543653625
            ]
        ],
        [
            [
                0.9999999992399136,
                7.582560414765972e-10,
                5.38494020841813e-13,
                0.0,
                1.2917800025464286e-12
            ],
            [
                3.6374138278094873e-06,
                0.6708311269492683,
                0.3168781996402865,
                0.012286697664428154,
                3.3833218924150374e-07
            ],
            [
                3.2661317541013817e-13,
                1.0261880924011856e-10,
                0.9999996939930369,
                3.0590235902504294e-07,
                1.6586785677966826e-12
            ],
            [
                1.0815942930654326e-11,
                5.492789048408825e-11,
                1.7832475172448467e-11,
                1.8553915982067762e-07,
                0.9999998143772639
            ],
            [
                9.544998823523658e-12,
                4.277771690377567e-11,
                2.0206762667967546e-11,
                2.9023121999354548e-06,
                0.9999970976152706
            ]
        ],
        [
            [
                0.9999999998962412,
                1.026187962591276e-10,
                0.0,
                0.0,
                1.139991852401241e-12
            ],
            [
                4.785080933715139e-06,
                0.9999923082416048,
                2.9022982955045873e-06,
                4.363429007173601e-09,
                1.573698220389403e-11
            ],
            [
                1.5428111728868307e-13,
                3.775134470125068e-11,
                0.9999999804057221,
                1.9555680703723112e-08,
                6.91439997112236e-13
            ],
            [
                4.276915313579201e-11,
                1.4927901244411865e-10,
                9.05422978989817e-11,
                0.00020342706146718548,
                0.9997965726559424
            ],
            [
                1.1628234490539159e-10,
                4.8473693150214456e-11,
                1.0815942915593198e-11,
                3.059023589182147e-07,
                0.9999996939220691
            ]
        ],
        [
            [
                0.9999999998301188,
                1.6918979213285919e-10,
                0.0,
                0.0,
                6.914400101682414e-13
            ],
            [
                6.127383598818108e-06,
                0.9972613501804583,
                0.0024719642672262803,
                0.00026054298045118454,
                1.5188265432840128e-08
            ],
            [
                1.361526098142896e-13,
                6.224144577436705e-11,
                0.9999999927428791,
                7.194132977767964e-09,
                6.101936633027049e-13
            ],
            [
                1.783026293175808e-11,
                7.990969450251412e-11,
                2.5942879486093166e-11,
                0.0001233946282117052,
                0.9998766052481055
            ],
            [
                4.2776333624685056e-11,
                7.052625112958336e-11,
                2.939971548623181e-11,
                3.535625751530654e-05,
                0.9999646435997823
            ]
        ],
        [
            [
                0.9999999994784885,
                5.211412480096792e-10,
                3.7010116730591726e-13,
                0.0,
                0.0
            ],
            [
                0.9999997617523313,
                2.3823698370559304e-07,
                9.545035602164222e-12,
                0.0,
                1.1399919341779887e-12
            ],
            [
                1.7482342100124725e-13,
                5.492788607778577e-11,
                0.9999994955952788,
                5.043472051662448e-07,
