{
    "[['A', 'B', 'C', 'D', 'E'], ['A', 'B', 'C', 'D', 'E']]": [
        [
            [
                0.999999999979793,
                2.020683908341583e-11,
                0.0,
                0.0,
                0.0
            ],
            [
                0.9999999995941349,
                4.0586521239452076e-10,
                0.0,
                0.0,
                0.0
            ],
            [
                2.734599490547992e-12,
                1.0467023621317905e-08,
                0.999964633264597,
                3.535625722173205e-05,
                8.42315942582859e-12
            ],
            [
                4.193795638129981e-13,
                3.978962516624989e-12,
                6.914400073554317e-13,
                4.36346223187491e-09,
                0.999999995631448
            ],
            [
                1.658678357943235e-12,
                6.560200164313414e-12,
                2.1297851697090014e-12,
                1.6918979216246874e-10,
                0.9999999998204616
            ]
        ],
        [
            [
                0.9999999999903821,
                9.5450349200846e-12,
                0.0,
                0.0,
                7.287724093715439e-14
            ],
            [
                0.9999999981810384,
                1.8189616832958148e-09,
                0.0,
                0.0,
                0.0
            ],
            [
                3.0988190210289956e-12,
                3.224186614802455e-08,
                0.9999999621518686,
                5.602796224743639e-09,
                3.7010115380286317e-13
            ],
            [
                1.0060392777005718e-12,
                5.109089020025483e-12,
                8.878265464491983e-13,
                1.2501528644199474e-09,
                0.9999999987428443
            ],
            [
                2.7346982897024527e-12,
                5.789356324730746e-12,
                1.2917800038934965e-12,
                9.05607698341596e-11,
                0.9999999998996234
            ]
        ],
        [
            [
                0.999999999987744,
                1.2256067440523882e-11,
                0.0,
                0.0,
                0.0
            ],
            [
                0.9999999998506905,
                1.4930946755019464e-10,
                0.0,
                0.0,
                0.0
            ],
            [
                5.0087746093762896e-14,
                4.277787844656323e-11,
                0.9999999943542821,
                5.602796405693947e-09,
                9.357622915656413e-14
            ],
            [
                3.978666902492404e-12,
                3.7748540551710756e-11,
                1.3886912003200881e-11,
                7.484619708499819e-05,
                0.9999251537473008
            ],
            [
                1.879528814987802e-12,
                4.5087552385734946e-12,
                8.878265471131925e-13,
                4.5990553748564567e-10,
                0.9999999995328184
            ]
        ],
        [
            [
                0.999999999989184,
                1.0815941553292282e-11,
                0.0,
                0.0,
                0.0
            ],
            [
                0.9999999928058669,
                7.194132975648728e-09,
                0.0,
                0.0,
                0.0
            ],
            [
                4.193795640939096e-13,
                6.691586063464944e-10,
                0.9999999959319297,
                3.3982678053629294e-09,
                2.2447770456857747e-13
            ],
            [
                4.193795656783713e-13,
                1.879528815823881e-12,
                2.8823507923475895e-13,
                1.317651426508151e-10,
                0.9999999998656477
            ],
            [
                2.543665637812634e-13,
                2.7346982813092945e-12,
                6.101936654661786e-13,
                3.398267806717442e-09,
                0.999999996598133
            ]
        ],
        [
            [
                0.999999999996021,
                3.978962534394574e-12,
                0.0,
                0.0,
                0.0
            ],
            [
                0.9999999998973812,
                1.0261879628417913e-10,
                0.0,
                0.0,
                0.0
            ],
            [
                4.420228102624842e-14,
                4.2777878679854184e-11,
                0.9999999998078242,
                1.493094675853861e-10,
                4.420228102624842e-14
            ],
            [
                2.7346254702820843e-12,
                3.331455827649739e-11,
                8.423239449043271e-12,
                2.7535689831322164e-05,
                0.9999724642656963
            ],
            [
                7.83504177867462e-13,
                2.413362769865026e-12,
                6.101936672628966e-13,
                4.0586521231657103e-10,
                0.9999999995903277
            ]
        ],
        [
            [
                0.9999999999975866,
                2.4133627711537678e-12,
                0.0,
                0.0,
                0.0
            ],
            [
                0.9999999992417439,
                7.582560420512312e-10,
                0.0,
                0.0,
                0.0
            ],
            [
                6.914400799996562e-13,
                5.602796999126652e-09,
                0.9999999067528806,
                8.764249097917238e-08,
                1.1399919673100314e-12
            ],
            [
                1.2917800039966762e-12,
                4.508755239539828e-12,
                8.878265473034747e-13,
                2.4616969503112073e-10,
                0.999999999747142
            ],
            [
                8.878265463226217e-13,
                3.978962529010085e-12,
                8.878265463226217e-13,
                1.2501528642417143e-09,
                0.9999999987440926
            ]
        ],
        [
            [
                0.999999999987744,
                1.2256067441284825e-11,
                0.0,
                0.0,
                0.0
            ],
            [
                0.9999999918479795,
                8.152020645436545e-09,
                0.0,
                0.0,
                0.0
            ],
            [
                1.3615261071309063e-13,
                4.277787865956703e-11,
                0.9999999993663575,
                5.905303994785695e-10,
                1.9810087966540103e-13
            ],
            [
                5.384940134205259e-13,
                4.508755172340291e-12,
                1.2917799847436863e-12,
                1.522997950841545e-08,
                0.9999999847636813
            ],
            [
                8.878265463353924e-13,
                3.978962529067319e-12,
                1.006039277571613e-12,
                1.4166087842329374e-09,
                0.9999999985775183
            ]
        ],
        [
            [
                0.9999999999925664,
                7.433680669944803e-12,
                0.0,
                0.0,
                0.0
            ],
            [
                0.9999999997538302,
                2.4616969506027673e-10,
                0.0,
                0.0,
                0.0
            ],
            [
                3.266131338241079e-13,
                7.582560417357184e-10,
                0.9999999986508044,
                5.905303990724013e-10,
                8.258073274060902e-14
            ],
            [
                3.7010116730464923e-13,
                2.7346982874937714e-12,
                6.914400096578575e-13,
                9.736200298419307e-10,
                0.9999999990225836
            ],
            [
                2.1297851700444122e-12,
                5.789356326253284e-12,
                1.2917800042332206e-12,
                1.0261879627310651e-10,
                0.9999999998881703
            ]
        ],
        [
            [
                0.999999999986112,
                1.3887943860881314e-11,
                0.0,
                0.0,
                0.0
            ],
            [
                0.9999999865595903,
                1.344040976430607e-08,
                0.0,
                0.0,
                0.0
            ],
            [
                5.384940139782689e-13,
                7.194132926157795e-09,
                0.9999999856110413,
                7.194132926157795e-09,
                1.542811180852723e-13
            ],
            [
                3.0988191338434035e-12,
                6.560200157826159e-12,
                1.4637785118215055e-12,
                1.1032560306067153e-09,
                0.9999999988856212
            ],
            [
                1.2917800006866538e-12,
                3.511422102233344e-12,
                8.878265450285317e-13,
                2.6465736305104645e-09,
                0.9999999973477354
            ]
        ],
        [
            [
                0.999999999996021,
                3.9789625343950965e-12,
                0.0,
                0.0,
                0.0
            ],
            [
                0.9999999998082829,
                1.91717151278373e-10,
                0.0,
                0.0,
                0.0
            ],
            [
                1.291780045470259e-12,
                1.5229980224376733e-08,
                0.9999994804205244,
                5.043471974689835e-07,
                1.0060393109682526e-12
            ],
            [
                1.2917799887806793e-12,
                5.789356256999798e-12,
                7.835041687987235e-13,
                1.1861120004383058e-08,
                0.9999999881310154
            ],
            [
                3.5114221115578582e-12,
                5.789356325732199e-12,
                1.1399918524539251e-12,
                1.493094675423853e-10,
                0.9999999998402498
            ]
        ],
        [
            [
                0.999999999989184,
                1.0815941553747775e-11,
                0.0,
                0.0,
                0.0
            ],
            [
                0.9999999998973812,
                1.0261879627784517e-10,
                0.0,
                0.0,
                0.0
            ],
            [
                4.508695227019491e-12,
                1.3007124516137502e-05,
                0.9999869733145484,
                1.9555420785500563e-08,
                1.0060258880653201e-12
            ],
            [
                5.789202165976745e-12,
                3.3314558276267946e-11,
                1.2255741081546901e-11,
                2.7535689831132524e-05,
                0.9999724642588094
            ],
            [
                1.139991851980593e-12,
                3.978962532124344e-12,
                1.00603927834455e-12,
                4.058652122688437e-10,
                0.9999999995880098
            ]
        ],
        [
            [
                0.9999999999925664,
                7.433680670221436e-12,
                0.0,
                0.0,
                0.0
            ],
            [
                0.9999999895325983,
                1.0467401676179418e-08,
                0.0,
                0.0,
                0.0
            ],
            [
                1.0060316493195323e-12,
                7.194078468862812e-09,
                0.9999921035348132,
                7.889264993291194e-06,
                5.109050279909989e-12
            ],
            [
                7.43368066439395e-12,
                1.0815941545706525e-11,
                1.8795288145269256e-12,
                5.905303992622028e-10,
                0.9999999993893405
            ],
            [
                4.5087552404489756e-12,
                3.5114221119389627e-12,
                4.193795656662637e-13,
                4.277787867217705e-11,
                0.9999999999487825
            ]
        ],
        [
            [
                0.9999999999942106,
                5.7893563270810654e-12,
                0.0,
                0.0,
                0.0
            ],
            [
                0.9999999907625504,
                9.23744957288913e-09,
                0.0,
                0.0,
                0.0
            ],
            [
                9.357622580522877e-14,
                5.492788123018087e-11,
                0.9999999585453484,
                4.139937546988394e-08,
                2.5436655418213373e-13
            ],
            [
                3.2661313398823243e-13,
                2.4133627696866022e-12,
                3.2661313398823243e-13,
                2.1724399331466989e-10,
                0.9999999997796893
            ],
            [
                1.6586783579783046e-12,
                3.0988191369732845e-12,
                6.101936674162242e-13,
                3.775134542148939e-11,
                0.9999999999568809
            ]
        ],
        [
            [
                0.9999999999925664,
                7.43368066994534e-12,
                0.0,
                0.0,
                0.0
            ],
            [
                0.9999999999294713,
                7.052879848645953e-11,
                0.0,
                0.0,
                0.0
            ],
            [
                4.1937961821637794e-13,
                4.0586526333811724e-10,
                0.999999931337303,
                6.825604228818809e-08,
                3.701012140830637e-13
            ],
            [
                5.7861555237181785e-12,
                7.048980472338776e-11,
                2.938452236373508e-11,
                0.0005527785843574105,
                0.9994472213099821
            ],
            [
                1.4637785129288136e-12,
                7.433680666272836e-12,
                1.1399918521120566e-12,
                2.17243993330237e-10,
                0.9999999997727185
            ]
        ],
        [
            [
                0.999999999994891,
                5.1090890269264106e-12,
                0.0,
                0.0,
                0.0
            ],
            [
                0.9999999943972036,
                5.602796401328505e-09,
                0.0,
                0.0,
                0.0
            ],
            [
                2.129781316447448e-12,
                1.7603431262622919e-06,
                0.9999982352910014,
                4.363454355902318e-09,
                2.8823455769346125e-13
            ],
            [
                7.835041781786907e-13,
                1.879528815752856e-12,
                2.882350792238669e-13,
                1.6918979219073913e-10,
                0.999999999827859
            ],
            [
                7.835041776165e-13,
                5.109089022260194e-12,
                8.878265468375329e-13,
                6.69158608369218e-10,
                0.9999999993240609
            ]
        ],
        [
            [
                0.9999999999972653,
                2.734698290604108e-12,
                0.0,
                0.0,
                0.0
            ],
            [
                0.9999999907625504,
                9.237449570453164e-09,
                0.0,
                0.0,
                0.0
            ],
            [
                9.357622926514792e-14,
                4.2777878496201735e-11,
                0.9999999955931911,
                4.363462233207364e-09,
                4.752193041276551e-13
            ],
            [
                4.752193061153769e-13,
                1.2917800043463458e-12,
                1.981008797374754e-13,
                1.691897922039302e-10,
                0.9999999998288451
            ],
            [
                1.573710209097662e-11,
                1.0815941546367222e-11,
                1.8795288146417377e-12,
                4.599055374009665e-10,
                0.999999999511662
            ]
        ],
        [
            [
                0.999999999987744,
                1.2256067440072848e-11,
                0.0,
                0.0,
                0.0
            ],
            [
                0.9999999988967441,
                1.1032560309146195e-09,
                0.0,
                0.0,
                0.0
            ],
            [
                3.900837573952385e-14,
                2.0206838902554778e-11,
                0.9999999907420801,
                9.237449576179438e-09,
                2.24477703417301e-13
            ],
            [
                8.878029062498955e-13,
                1.3887574048179537e-11,
                5.108952980071313e-12,
                2.7535689831999215e-05,
                0.9999724642902836
            ],
            [
                1.2917800040077658e-12,
                3.098819136854948e-12,
                4.752193059908203e-13,
                4.058652124030566e-10,
                0.999999999589269
            ]
        ],
        [
            [
                0.999999999994891,
                5.1090890269264106e-12,
                0.0,
                0.0,
                0.0
            ],
            [
                0.9999999979388463,
                2.0611536174515898e-09,
                0.0,
                0.0,
                0.0
            ],
            [
                2.1297850137908047e-12,
                3.224186499331683e-08,
                0.999999926355491,
                4.1399374132833546e-08,
                1.1399917689200035e-12
            ],
            [
                1.2917800043683519e-12,
                3.098819137719949e-12,
                4.193795657023652e-13,
                1.4930946757144328e-10,
                0.9999999998458806
            ],
            [
                3.0988191363155147e-12,
                5.109089024095989e-12,
                1.0060392785021022e-12,
                2.461696949903815e-10,
                0.9999999997446163
            ]
        ],
        [
            [
                0.9999999999985363,
                1.4637785137150774e-12,
                0.0,
                0.0,
                0.0
            ],
            [
                0.9999999987498471,
                1.2501528644746714e-09,
                0.0,
                0.0,
                0.0
            ],
            [
                9.357622952655939e-14,
                3.331544536404425e-11,
                0.9999999983610364,
                1.6052280524093307e-09,
                3.266131337138594e-13
            ],
            [
                1.998483670787983e-11,
                4.014061755999966e-10,
                4.54852786932607e-10,
                0.0109869423648666,
                0.9890130567588896
            ],
            [
                1.2917800035762219e-12,
                6.560200162010038e-12,
                1.6586783573608503e-12,
                4.0586521226746954e-10,
                0.999999999584624
            ]
        ],
        [
            [
                0.9999999999915765,
                8.423463751377869e-12,
                0.0,
                0.0,
                0.0
            ],
            [
                0.9999994956527952,
                5.043472047930291e-07,
                0.0,
                0.0,
                0.0
            ],
            [
                1.0060393282404734e-12,
                3.2241868941561886e-08,
                0.9999998552198152,
                1.1253518019558819e-07,
                2.1297852745980864e-12
            ],
            [
                7.835041759580201e-13,
                5.789356309900241e-12,
                8.878265449582289e-13,
                2.9989608151029134e-09,
                0.9999999969935784
            ],
            [
                6.914400101912123e-13,
                3.511422110823042e-12,
                6.914400101912123e-13,
                1.317651426051364e-10,
                0.9999999998633406
            ]
        ],
        [
            [
                0.9999999999978701,
                2.1297851703566103e-12,
                0.0,
                0.0,
                0.0
            ],
            [
                0.9999999988967441,
                1.103256030730941e-09,
                0.0,
                0.0,
                0.0
            ],
            [
                1.98100900763084e-13,
                7.052880597275268e-11,
                0.9999999122854899,
                8.764249146661855e-08,
                1.2917801414505365e-12
            ],
            [
                3.511388893286481e-12,
                2.594584951765582e-11,
                1.2255951494592199e-11,
                1.0129988101355116e-05,
                0.9999898699701855
            ],
            [
                6.101936674519505e-13,
                1.879528815588584e-12,
                5.38494021503081e-13,
                4.277787866805672e-11,
                0.999999999954194
            ]
        ],
        [
            [
                0.999999999979793,
                2.0206839084837112e-11,
                0.0,
                0.0,
                0.0
            ],
            [
                0.999999996149258,
                3.850741905359984e-09,
                0.0,
                0.0,
                0.0
            ],
            [
                9.357623959300856e-14,
                6.224145281704418e-11,
                0.9999999122949191,
                8.764249147098372e-08,
                2.54366591661205e-13
            ],
            [
                2.882334464795184e-13,
                3.978939994832311e-12,
                8.878215182679262e-13,
                4.785094847639794e-06,
                0.9999952148999973
            ],
            [
                2.1297851688467484e-12,
                5.7893563229976964e-12,
                1.2917800035068009e-12,
                4.599055374098066e-10,
                0.9999999995308835
            ]
        ],
        [
            [
                0.999999999996021,
                3.978962534562693e-12,
                0.0,
                0.0,
                0.0
            ],
            [
                0.9999999999294713,
                7.052879848645953e-11,
                0.0,
                0.0,
                0.0
            ],
            [
                6.101902545477565e-13,
                3.1608637734337804e-10,
                0.9999938554972904,
                6.144172125182967e-06,
                1.388786618059931e-11
            ],
            [
                1.1399767010306633e-12,
                1.7832235890773905e-11,
                4.508695314918167e-12,
                1.3007124769716192e-05,
                0.9999869928517494
            ],
            [
                6.914400101976737e-13,
                3.5114221108558553e-12,
                7.835041779440045e-13,
                1.91717151238208e-10,
                0.9999999998032965
            ]
        ],
        [
            [
                0.9999999999925664,
                7.433680670221856e-12,
                0.0,
                0.0,
                0.0
            ],
            [
                0.9999993524053858,
                6.475946141452736e-07,
                0.0,
                0.0,
                0.0
            ],
            [
                8.423464108347233e-12,
                2.382369767587677e-07,
                0.9999997295108516,
                3.2241868727082146e-08,
                1.8795288955000683e-12
            ],
            [
                1.0060392784893e-12,
                5.109089024030975e-12,
                8.878265471452483e-13,
                1.9171715122451835e-10,
                0.9999999998012798
            ],
            [
                1.0815941547681016e-11,
                9.54503491436453e-12,
                1.8795288148700404e-12,
                4.0586521228715644e-10,
                0.9999999995718942
            ]
        ],
        [
            [
                0.999999999987744,
                1.2256067440528339e-11,
                0.0,
                0.0,
                0.0
            ],
            [
                0.999999998394772,
                1.6052280517717798e-09,
                0.0,
                0.0,
                0.0
            ],
            [
                4.420228094252767e-14,
                3.331544535090331e-11,
                0.9999999979054366,
                2.0611536180607417e-09,
                5.0087746272050484e-14
            ],
            [
                6.914215984509265e-13,
                1.783199805013836e-11,
                8.423239447428353e-12,
                2.7535689826042974e-05,
                0.9999724642832274
            ],
            [
                3.511422111124524e-12,
                7.43368066758473e-12,
                1.2917800039575362e-12,
                1.691897921530062e-10,
                0.9999999998185733
            ]
        ],
        [
            [
                0.999999999986112,
                1.388794386037858e-11,
                0.0,
                0.0,
                0.0
            ],
            [
                0.9999999847700205,
                1.5229979504815177e-08,
                0.0,
                0.0,
                0.0
            ],
            [
                2.2895821077368934e-11,
                5.829083074659572e-05,
                0.9999338203245323,
                7.888806089187985e-06,
                1.5736052355592034e-11
            ],
            [
                2.129785168643292e-12,
                7.433680664280794e-12,
                1.879528814498315e-12,
                7.582560419678861e-10,
                0.999999999230301
            ],
            [
                1.6586783572683213e-12,
                4.508755237820778e-12,
                8.878265469649738e-13,
                6.691586084652707e-10,
                0.999999999323786
            ]
        ],
        [
            [
                0.9999999999972653,
                2.734698290719513e-12,
                0.0,
                0.0,
                0.0
            ],
            [
                0.9999999998837177,
                1.1628233026004498e-10,
                0.0,
                0.0,
                0.0
            ],
            [
                1.201542564324362e-13,
                7.052879799147415e-11,
                0.9999999927347427,
                7.194132977319903e-09,
                4.752193027757583e-13
            ],
            [
                3.7010121479112677e-13,
                6.560201000040894e-12,
                2.1297854410299898e-12,
                1.8553915978948005e-07,
                0.9999998144517801
            ],
            [
                1.1399918524228685e-12,
                3.511422111462197e-12,
                6.914400103170694e-13,
                7.991959888596972e-11,
                0.9999999999147375
            ]
        ],
        [
            [
                0.999999999979793,
                2.0206839085413156e-11,
                0.0,
                0.0,
                0.0
            ],
            [
                0.9999999999200804,
                7.991959890575215e-11,
                0.0,
                0.0,
                0.0
            ],
            [
                1.6261110445583586e-14,
                5.384940217557131e-13,
                0.9999999999928348,
                6.5602001679138995e-12,
                5.008774637660356e-14
            ],
            [
                1.658618449914219e-12,
                2.2896521438220444e-11,
                1.2255624773137561e-11,
                3.535625750830619e-05,
                0.9999646437056808
            ],
            [
                1.291780004226111e-12,
                2.7346982904065974e-12,
                6.914400103943354e-13,
                7.05287984805529e-11,
                0.9999999999247533
            ]
        ],
        [
            [
                0.9999999999954912,
                4.5087552412943824e-12,
                0.0,
                0.0,
                0.0
            ],
            [
                0.9999999991407833,
                8.592166607311366e-10,
                0.0,
                0.0,
                0.0
            ],
            [
                2.543665704620809e-13,
                2.461697007214608e-10,
                0.9999993521573027,
                6.475946145633721e-07,
                1.6586783962419341e-12
            ],
            [
                1.0060392786518932e-12,
                3.0988191367769034e-12,
                4.193795655747379e-13,
                2.1724399337155215e-10,
                0.9999999997782318
            ],
            [
                6.101936672840329e-13,
                3.511422110634447e-12,
                7.835041778946016e-13,
                4.59905537506092e-10,
                0.9999999995351894
            ]
        ],
        [
            [
                0.9999999999972653,
                2.734698290910718e-12,
                0.0,
                0.0,
                0.0
            ],
            [
                0.9999999317439577,
                6.825604227399114e-08,
                0.0,
                0.0,
                0.0
            ],
            [
                1.4637479265474529e-12,
                1.4165791847382733e-09,
                0.9999785536314064,
                2.14449397350612e-05,
                1.0815715543952549e-11
            ],
            [
                7.83504162769399e-13,
                6.560200036389157e-12,
                1.2917799788400036e-12,
                1.9555680695065695e-08,
                0.9999999804356838
            ],
            [
                2.543665645907553e-13,
                1.6586783579560818e-12,
                3.2661313409007394e-13,
                3.581747928214154e-10,
                0.9999999996395856
            ]
        ],
        [
            [
                0.999999999990455,
                9.54503491887199e-12,
                0.0,
                0.0,
                0.0
            ],
            [
                0.999999997664407,
                2.335593032895975e-09,
                0.0,
                0.0,
                0.0
            ],
            [
                1.5428111974222318e-13,
                1.9171715065886596e-10,
                0.9999999964096062,
                3.398267806786558e-09,
                2.5436656378643684e-13
            ],
            [
                5.384940617365494e-13,
                8.423464379566143e-12,
                3.0988193686823426e-12,
                2.382369844295279e-07,
                0.9999997617509548
            ],
            [
                4.193795655808835e-13,
                2.734698289915561e-12,
                6.101936673864963e-13,
                1.493094675281928e-10,
                0.9999999998469262
            ]
        ],
        [
            [
                0.999999999994891,
                5.109089025962149e-12,
                0.0,
                0.0,
                0.0
            ],
            [
                0.999999999989184,
                1.0815941553746801e-11,
                0.0,
                0.0,
                0.0
            ],
            [
                1.7482341270972361e-13,
                3.775134541744351e-11,
                0.9999999993713455,
                5.905303994979028e-10,
                1.9810087967188665e-13
            ],
            [
                1.46377851117102e-12,
                5.10908901774975e-12,
                1.0060392772524534e-12,
                1.6052280519451825e-09,
                0.999999998387193
            ],
            [
                1.2917800018307585e-12,
                6.560200153145844e-12,
                1.0060392769817755e-12,
                1.8189616833917616e-09,
                0.9999999981721803
            ]
        ],
        [
            [
                0.9999999999821676,
                1.7832472900584213e-11,
                0.0,
                0.0,
                0.0
            ],
            [
                0.9999999999666846,
                3.331544540702415e-11,
                0.0,
                0.0,
                0.0
            ],
            [
                8.258073186891913e-14,
                3.775134499175369e-11,
                0.9999999881008917,
                1.1861120009632126e-08,
                1.5428111847590246e-13
            ],
            [
                5.384919851218847e-13,
                9.544998822293219e-12,
                2.734687948611872e-12,
                2.9023121995613195e-06,
                0.9999970976749822
            ],
            [
                1.879528814891569e-12,
                4.508755238342644e-12,
                6.914400100879337e-13,
                5.905303993767703e-10,
                0.9999999994023898
            ]
        ],
        [
            [
                0.9999999999972653,
                2.7346982907189785e-12,
                0.0,
                0.0,
                0.0
            ],
            [
                0.9999996072132601,
                3.927863697777136e-07,
                3.701011822092981e-13,
                0.0,
                0.0
            ],
            [
                2.543660994987965e-13,
                5.211402956164927e-10,
                0.9999977391518687,
                2.260325272816808e-06,
                1.4637758368609144e-12
            ],
            [
                2.7346827994746985e-12,
                2.289721874254654e-11,
                6.560163004496634e-12,
                4.785094847769006e-06,
                0.9999952148729602
            ],
            [
                8.878265450285679e-13,
                3.978962523210538e-12,
                7.83504176020094e-13,
                2.646573630510572e-09,
                0.999999997347776
            ]
        ],
        [
            [
                0.9999999999948084,
                5.109089026205707e-12,
                0.0,
                0.0,
                8.258073282553359e-14
            ],
            [
                0.9999999943972036,
                5.602796403870981e-09,
                0.0,
                0.0,
                0.0
            ],
            [
                2.2447772351591017e-13,
                7.582561036394711e-10,
                0.9999998867055522,
                1.1253518374994464e-07,
                7.835042413808234e-13
            ],
            [
                2.7346982885181562e-12,
                7.433680663996956e-12,
                2.129785168561971e-12,
                5.905303992306656e-10,
                0.9999999993971715
            ],
            [
                4.752193059015422e-13,
                3.511422110601381e-12,
                8.878265471443029e-13,
                1.1628233021030998e-10,
                0.9999999998788431
            ]
        ],
        [
            [
                0.999999999996021,
                3.978962534956388e-12,
                0.0,
                0.0,
                0.0
            ],
            [
                0.9999999994094697,
                5.905303993058319e-10,
                0.0,
                0.0,
                0.0
            ],
            [
                5.206663149099281e-10,
                0.0009110513764772952,
                0.9990889158819566,
                3.221248425393941e-08,
                8.415787163286894e-12
            ],
            [
                5.789356324459122e-12,
                8.423463748253608e-12,
                1.6586783576904173e-12,
                4.0586521234811195e-10,
                0.9999999995782634
            ],
            [
                1.291780003902628e-12,
                4.5087552392115675e-12,
                8.878265472388364e-13,
                2.1724399335934203e-10,
                0.9999999997760676
            ]
        ],
        [
            [
                0.9999999999954912,
                4.508755241016097e-12,
                0.0,
                0.0,
                0.0
            ],
            [
                0.999999999986112,
                1.3887943859791693e-11,
                0.0,
                0.0,
                0.0
            ],
            [
                1.9810090498854974e-13,
                1.026188093624735e-10,
                0.999999814357548,
                1.8553915984833306e-07,
                4.752193666895554e-13
            ],
            [
                3.701011675579056e-13,
                1.8795288150086428e-12,
                2.8823507910973805e-13,
                4.0586521231708616e-10,
                0.9999999995915969
            ],
            [
                2.1297851688407724e-12,
                8.42346374610361e-12,
                1.4637785126722834e-12,
                4.599055374085161e-10,
                0.9999999995280775
            ]
        ],
        [
            [
                0.999999999986112,
                1.388794385979283e-11,
                0.0,
                0.0,
                0.0
            ],
            [
                0.9999999998082829,
                1.9171715128555888e-10,
                0.0,
                0.0,
                0.0
            ],
            [
                1.3143907904175763e-10,
                0.002472618316679347,
                0.9975256255439024,
                1.755990190740217e-06,
                1.7788344990475793e-11
            ],
            [
                1.0060392786995487e-12,
                3.5114221113389603e-12,
                6.914400102928027e-13,
                1.6918979216333834e-10,
                0.9999999998256013
            ],
            [
                2.1297851692834683e-12,
                5.7893563241848226e-12,
                1.2917800037716845e-12,
                3.160881451831754e-10,
                0.9999999996747009
            ]
        ],
        [
            [
                0.9999999999666846,
                3.3315445411255145e-11,
                0.0,
                0.0,
                0.0
            ],
            [
                0.9999999999200804,
                7.991959890346879e-11,
                0.0,
                0.0,
                0.0
            ],
            [
                2.681003864239402e-14,
                3.7751345392910254e-11,
                0.9999999987120187,
                1.2501528647349197e-09,
                5.008774631225429e-14
            ],
            [
                1.8795288156508754e-12,
                4.508755240164126e-12,
                7.835041781361789e-13,
                1.4930946754915733e-10,
                0.9999999998435187
            ],
            [
                5.384940213792618e-13,
                3.098819136442187e-12,
                6.101936673116449e-13,
                6.224144618329006e-11,
                0.999999999933511
            ]
        ],
        [
            [
                0.999999999994891,
                5.109089026421001e-12,
                0.0,
                0.0,
                0.0
            ],
            [
                0.9999998555014932,
                1.444980315982532e-07,
