{
    "[['A', 'B', 'C', 'D', 'E'], ['A', 'B', 'C', 'D', 'E']]": [
        [
            [
                0.999999999868235,
                1.3176514264678837e-10,
                0.0,
                0.0,
                0.0
            ],
            [
                0.9999952149027415,
                4.785094845194755e-06,
                2.4133490987894756e-12,
                0.0,
                0.0
            ],
            [
                1.361526107006851e-13,
                2.2897348438245588e-11,
                0.9999999993073327,
                6.691586085971056e-10,
                4.7521930589918e-13
            ],
            [
                5.109079685933197e-12,
                4.27778004689921e-11,
                5.789345742710349e-12,
                1.0677030759449034e-06,
                0.9999989322432479
            ],
            [
                1.6586785341305635e-12,
                1.3887945332032409e-11,
                2.413363026771473e-12,
                8.764249145264739e-08,
                0.9999999123395487
            ]
        ],
        [
            [
                0.9999999994788586,
                5.211412483305435e-10,
                0.0,
                0.0,
                0.0
            ],
            [
                0.9959298619204744,
                0.004070137799310476,
                2.778115926141108e-10,
                2.403541223190806e-12,
                0.0
            ],
            [
                1.9810087794453486e-13,
                9.056076904627352e-11,
                0.999999990671253,
                9.237449575221811e-09,
                5.384940167184124e-13
            ],
            [
                1.6586784858354893e-12,
                2.2897350208549453e-11,
                3.9789628403055105e-12,
                8.31527989724474e-07,
                0.9999991684434753
            ],
            [
                2.2897349565743835e-11,
                4.847368941106591e-11,
                6.560200485970199e-12,
                1.44498031611297e-07,
                0.9999998554240371
            ]
        ],
        [
            [
                0.999999999989184,
                1.0815941554149745e-11,
                0.0,
                0.0,
                0.0
            ],
            [
                0.9947798738737685,
                0.005220125718992012,
                4.037465434604609e-10,
                3.493092033333406e-12,
                0.0
            ],
            [
                4.4202281014141105e-14,
                1.7832472899161776e-11,
                0.9999999995221118,
                4.5990553763351547e-10,
                1.0603575986181401e-13
            ],
            [
                3.0988194659219246e-12,
                1.7832474791052955e-11,
                2.4133630266569072e-12,
                8.764249144848688e-08,
                0.999999912334164
            ],
            [
                1.1399918049694785e-12,
                1.081594110116396e-11,
                1.658678288965698e-12,
                4.1399375441988346e-08,
                0.9999999585870101
            ]
        ],
        [
            [
                0.9999999999515263,
                4.847368704502431e-11,
                0.0,
                0.0,
                0.0
            ],
            [
                0.99996464373982,
                3.535625744536108e-05,
                2.7345995134808127e-12,
                0.0,
                0.0
            ],
            [
                3.26613134091267e-13,
                3.3315445402540875e-11,
                0.9999999995059141,
                4.5990553760124333e-10,
                5.38494021466305e-13
            ],
            [
                2.4133627661595097e-12,
                7.43368065487595e-12,
                1.0060392769181652e-12,
                2.0611536175928813e-09,
                0.9999999979279932
            ],
            [
                1.9555644865528956e-08,
                3.850734790169603e-09,
                1.9171679626468624e-10,
                1.0677030506035281e-06,
                0.999998908698853
            ]
        ],
        [
            [
                0.9999999999666846,
                3.331544541001906e-11,
                0.0,
                0.0,
                0.0
            ],
            [
                0.9999417087030821,
                5.82912767122979e-05,
                2.020564576907561e-11,
                0.0,
                0.0
            ],
            [
                7.287724094466547e-14,
                1.2256067441823843e-11,
                0.9999999998848541,
                1.026187962979652e-10,
                1.9810087976811566e-13
            ],
            [
                4.752184632462254e-13,
                8.423448811388578e-12,
                1.1399898307183817e-12,
                1.3709566543262046e-06,
                0.999998629033307
            ],
            [
                2.7346985118311154e-12,
                1.5737103374252223e-11,
                2.7346985118311154e-12,
                1.1253518378229232e-07,
                0.9999998874436097
            ]
        ],
        [
            [
                0.999999999994891,
                5.109089026611363e-12,
                0.0,
                0.0,
                0.0
            ],
            [
                0.993307148156061,
                0.00669285143771226,
                4.031486534148305e-10,
                3.078077953028751e-12,
                0.0
            ],
            [
                9.357623335031844e-14,
                2.9400778543384754e-11,
                0.9999996071835973,
                3.9278636991900435e-07,
                5.384940428482792e-13
            ],
            [
                2.413363077671904e-12,
                2.2897351358172232e-11,
                3.5114225583691802e-12,
                1.855391597744518e-07,
                0.999999814432018
            ],
            [
                2.9400778523692576e-11,
                6.224144862308273e-11,
                9.545035289973172e-12,
                3.927863696559222e-07,
                0.9999996071124431
            ]
        ],
        [
            [
                0.9999999999377585,
                6.224144620290203e-11,
                0.0,
                0.0,
                0.0
            ],
            [
                0.9999251537872307,
                7.484619703342324e-05,
                1.573593284345892e-11,
                0.0,
                0.0
            ],
            [
                7.287724092563207e-14,
                8.423463750704662e-12,
                0.9999999996330744,
                3.581747928682694e-10,
                2.543665646240298e-13
            ],
            [
                5.38494089946151e-13,
                1.0815942926531758e-11,
                1.463778699433213e-12,
                1.8553915974995813e-07,
                0.999999814448022
            ],
            [
                5.384940208185984e-13,
                4.508755234283594e-12,
                4.752193054327377e-13,
                1.2501528641654502e-09,
                0.9999999987443247
            ]
        ],
        [
            [
                0.999999999989184,
                1.081594155374877e-11,
                0.0,
                0.0,
                0.0
            ],
            [
                0.9998415637358316,
                0.00015843624843372842,
                1.5734611506214055e-11,
                0.0,
                0.0
            ],
            [
                1.842625214271452e-14,
                5.109089026809748e-12,
                0.9999999997775351,
                2.1724399345459824e-10,
                9.357622966544168e-14
            ],
            [
                3.0988193882768304e-12,
                1.783247434423629e-11,
                3.0988193882768304e-12,
                1.1253518378197457e-07,
                0.999999887440786
            ],
            [
                1.4637784765907075e-12,
                8.423463538468476e-12,
                1.6586783163812758e-12,
                2.5109990913552385e-08,
                0.9999999748784631
            ]
        ],
        [
            [
                0.9999999999842628,
                1.5737102101638506e-11,
                0.0,
                0.0,
                0.0
            ],
            [
                0.9968273166935695,
                0.0031726830874700923,
                2.1655476193835027e-10,
                2.40570610071302e-12,
                0.0
            ],
            [
                1.0603575984240976e-13,
                1.5737102096054164e-11,
                0.9999999993930881,
                5.90530399488809e-10,
                5.384940214055489e-13
            ],
            [
                1.0060354738500465e-12,
                1.5737042579871094e-11,
                3.5114088311092963e-12,
                2.9023121982239747e-06,
                0.9999970976675473
            ],
            [
                1.2917800020260323e-12,
                7.433680656469694e-12,
                1.4637785109984602e-12,
                1.6052280517559477e-09,
                0.9999999983845826
            ]
        ],
        [
            [
                0.9999999999622486,
                3.7751345429426466e-11,
                0.0,
                0.0,
                0.0
            ],
            [
                0.9999999530876706,
                4.691163798621854e-08,
                6.914399777942759e-13,
                0.0,
                0.0
            ],
            [
                5.0087746372476e-14,
                9.545034921705032e-12,
                0.9999999999104283,
                7.99195989200311e-11,
                5.675685231957473e-14
            ],
            [
                1.6586784393680978e-12,
                1.5737102870187936e-11,
                1.8795289077052576e-12,
                1.4449803161977267e-07,
                0.9999998554826931
            ],
            [
                1.139991823729913e-12,
                1.0815941279158008e-11,
                2.129785116189197e-12,
                2.5109990911746256e-08,
                0.9999999748759234
            ]
        ],
        [
            [
                0.9999999999094393,
                9.05607698560729e-11,
                0.0,
                0.0,
                0.0
            ],
            [
                0.22270014077616973,
                0.7772998439748107,
                1.5200639164758727e-08,
                4.8380302428266815e-11,
                0.0
            ],
            [
                2.681003867460608e-14,
                1.3887943863300187e-11,
                0.999999999906142,
                7.991959891996462e-11,
                2.3659776088513074e-14
            ],
            [
                2.732206158347456e-12,
                6.218472553787578e-11,
                2.2876482080273256e-11,
                0.0009110514045531781,
                0.9990889485076535
            ],
            [
                1.0815941203158047e-11,
                2.5946094133256608e-11,
                2.7346982020543836e-12,
                3.22418663169277e-08,
                0.9999999677186371
            ]
        ],
        [
            [
                0.999999999989184,
                1.0815941553748249e-11,
                0.0,
                0.0,
                0.0
            ],
            [
                0.9933071483534788,
                0.006692851453009228,
                1.9043393930667418e-10,
                3.0780779473865368e-12,
                0.0
            ],
            [
                6.431393936005213e-14,
                1.7832472893043958e-11,
                0.9999999992236226,
                7.58256042149019e-10,
                2.2447770531198588e-13
            ],
            [
                6.5503479727850235e-12,
                1.0246468205161437e-10,
                4.271363430575217e-11,
                0.0015011820334650309,
                0.9984988178148063
            ],
            [
                1.6586784925050604e-12,
                1.2256068431209614e-11,
                1.8795289679173246e-12,
                1.1253518378290139e-07,
                0.9999998874490219
            ]
        ],
        [
            [
                0.9999999999294713,
                7.05287984864474e-11,
                0.0,
                0.0,
                0.0
            ],
            [
                0.49999998728630696,
                0.4999999860116955,
                2.657891270580142e-08,
                1.2308478476624061e-10,
                0.0
            ],
            [
                5.675685179775829e-14,
                2.0206838902038598e-11,
                0.9999999907420624,
                9.237449575943468e-09,
                2.2447770341156674e-13
            ],
            [
                6.101936556536565e-13,
                5.109088926693695e-12,
                6.914399969751326e-13,
                1.9555680699845482e-08,
                0.9999999804379086
            ],
            [
                2.1297690323059992e-12,
                2.0206685970976246e-11,
                3.0987956571249436e-12,
                7.88926504509066e-06,
                0.9999921107095197
            ]
        ],
        [
            [
                0.9999999999771028,
                2.289734844663287e-11,
                0.0,
                0.0,
                0.0
            ],
            [
                0.22270013941458772,
                0.7772998383525548,
                2.211679927395155e-08,
                1.1605831112106222e-10,
                0.0
            ],
            [
                4.5087557735019935e-12,
                9.237450750297465e-09,
                0.9999998052177423,
                1.8553915812122738e-07,
                1.1399919873545612e-12
            ],
            [
                9.545035291119137e-12,
                4.277788034019976e-11,
                7.43368095916778e-12,
                3.927863697030797e-07,
                0.9999996071538736
            ],
            [
                1.291780140667922e-12,
                1.7832474783938516e-11,
                3.098819464685621e-12,
                8.764249141352105e-08,
                0.9999999123352855
            ]
        ],
        [
            [
                0.9999999999934397,
                6.560200165446886e-12,
                0.0,
                0.0,
                0.0
            ],
            [
                0.0600866534826712,
                0.9399133302448414,
                1.622085990729564e-08,
                5.162744141581414e-11,
                0.0
            ],
            [
                2.6810038669349684e-14,
                7.433680670004149e-12,
                0.9999999997135358,
                2.7894680919878294e-10,
                5.675685230839973e-14
            ],
            [
                4.508635178845849e-12,
                4.27767395594025e-11,
                1.0815653540044236e-11,
                2.7535689822731824e-05,
                0.9999724642520762
            ],
            [
                1.0815941478984767e-11,
                1.7832472779049984e-11,
                2.7346982717942998e-12,
                6.348800070082177e-09,
                0.9999999936198167
            ]
        ],
        [
            [
                0.9999999999740539,
                2.5946094972794223e-11,
                0.0,
                0.0,
                0.0
            ],
            [
                0.9999999981810384,
                1.8189616837963704e-09,
                0.0,
                0.0,
                0.0
            ],
            [
                1.3615261067679788e-13,
                2.0206839070606775e-11,
                0.9999999991198301,
                8.59216661083343e-10,
                6.101936671681987e-13
            ],
            [
                3.978955350722926e-12,
                2.0206802601200856e-11,
                2.7346933533398397e-12,
                1.7603431333653738e-06,
                0.9999982396299462
            ],
            [
                8.878265353088419e-13,
                9.545034788053843e-12,
                1.1399918369463695e-12,
                1.3440409761341095e-08,
                0.9999999865480174
            ]
        ],
        [
            [
                0.9999999999377585,
                6.224144620783594e-11,
                0.0,
                0.0,
                0.0
            ],
            [
                0.43782348812903227,
                0.5621764853762112,
                2.637262720735142e-08,
                1.2212949338701228e-10,
                0.0
            ],
            [
                5.6756852314203155e-14,
                6.5602001667524264e-12,
                0.9999999998769464,
                1.1628233027737014e-10,
                1.5428112028623213e-13
            ],
            [
                1.3887943584518123e-11,
                2.940077679914075e-11,
                3.978962455488145e-12,
                1.9555680692953267e-08,
                0.9999999803970516
            ],
            [
                1.0815940977459935e-11,
                2.94007758167149e-11,
                4.508755000587488e-12,
                5.315784969453465e-08,
                0.9999999467974248
            ]
        ],
        [
            [
                0.9999999999771028,
                2.289734844954135e-11,
                0.0,
                0.0,
                0.0
            ],
            [
                0.9999999907622238,
                9.237449569629731e-09,
                3.2661313101380257e-13,
                0.0,
                0.0
            ],
            [
                5.0087746374125753e-14,
                1.0815941556355142e-11,
                0.9999999999341718,
                5.4927883504821107e-11,
                3.4424771081738024e-14
            ],
            [
                2.734698280836774e-12,
                9.545034885301639e-12,
                1.1399918485609623e-12,
                3.398267806130265e-09,
                0.9999999965883124
            ],
            [
                1.0060394048622059e-12,
                8.423464805927812e-12,
                1.0060394048622059e-12,
                6.825604228341056e-08,
                0.9999999317335222
            ]
        ],
        [
            [
                0.9999999999705993,
                2.9400777381445705e-11,
                0.0,
                0.0,
                0.0
            ],
            [
                0.999999997664407,
                2.335593031780596e-09,
                0.0,
                0.0,
                0.0
            ],
            [
                3.0379753835473616e-14,
                7.4336806677134e-12,
                0.9999999994019231,
                5.905303995258993e-10,
                8.258073280402692e-14
            ],
            [
                1.29178016820033e-12,
                1.2256068994531514e-11,
                2.1297854403804733e-12,
                1.8553915973289655e-07,
                0.9999998144451627
            ],
            [
                4.508755186351536e-12,
                1.783247268688639e-11,
                3.098819100272603e-12,
                1.1861120004174593e-08,
                0.9999999881134399
            ]
        ],
        [
            [
                0.999999999989184,
                1.0815941552776142e-11,
                0.0,
                0.0,
                0.0
            ],
            [
                0.9999999827418456,
                1.725782767702971e-08,
                3.2661312839422755e-13,
                0.0,
                0.0
            ],
            [
                5.008774636904501e-14,
                3.775134543571366e-11,
                0.9999999998458433,
                1.1628233028041001e-10,
                7.287724094453448e-14
            ],
            [
                5.109079685051647e-12,
                2.59460475350363e-11,
                5.109079685051647e-12,
                1.0677030757606756e-06,
                0.9999989322607601
            ],
            [
                2.646573824593892e-09,
                1.2501529540980194e-09,
                6.224145059596517e-11,
                2.3823698346499254e-07,
                0.9999997578040483
            ]
        ],
        [
            [
                0.9999999999622486,
                3.77513454278284e-11,
                0.0,
                0.0,
                0.0
            ],
            [
                0.03732688304596834,
                0.9626730927284548,
                2.417269934895764e-08,
                5.2877565128350054e-11,
                0.0
            ],
            [
                5.0087746352711436e-14,
                2.020683907984452e-11,
                0.9999999995197442,
                4.5990553762903743e-10,
                9.35762296403437e-14
            ],
            [
                1.879528889123084e-12,
                2.020683987057372e-11,
                2.7346983972009726e-12,
                3.9278636971680197e-07,
                0.9999996071888092
            ],
            [
                9.736199771709587e-10,
                7.58256000634706e-10,
                3.775134334394319e-11,
                5.315784958884647e-08,
                0.9999999450725232
            ]
        ],
        [
            [
                0.9999999997210531,
                2.7894680912087587e-10,
                0.0,
                0.0,
                0.0
            ],
            [
                0.998830489514198,
                0.0011695103527290492,
                1.3161092498870274e-10,
                1.4620653100943665e-12,
                0.0
            ],
            [
                3.0988193659854466e-12,
                1.1032561132550076e-09,
                0.9999997606542474,
                2.3823698422219076e-07,
                2.4133629488263e-12
            ],
            [
                8.878198202621707e-13,
                1.5736982857586817e-11,
                1.6586657901330026e-12,
                7.889265045147083e-06,
                0.9999921107166714
            ],
            [
                2.4133627417274044e-12,
                1.7832472685692875e-11,
                2.734698257477523e-12,
                1.1861120003380736e-08,
                0.9999999881158995
            ]
        ],
        [
            [
                0.9999999999934397,
                6.560200165446713e-12,
                0.0,
                0.0,
                0.0
            ],
            [
                0.9626731118700147,
                0.03732688390442241,
                4.2005853549448005e-09,
                2.4977593544915265e-11,
                0.0
            ],
            [
                3.442477108303781e-14,
                5.1090890278166686e-12,
                0.9999999999746192,
                2.0206839089246624e-11,
                3.0379753852964606e-14
            ],
            [
                3.5114024704450564e-12,
                2.289722036845252e-11,
                3.978940277479848e-12,
                6.144172122999103e-06,
                0.9999938557974895
            ],
            [
                2.4133627550466868e-12,
                1.2256067358850464e-11,
                1.658678347377031e-12,
                6.348800071883595e-09,
                0.9999999936348718
            ]
        ],
        [
            [
                0.9999999999705993,
                2.940077738473962e-11,
                0.0,
                0.0,
                0.0
            ],
            [
                0.43782348948578825,
                0.5621764871183204,
                2.327376189562811e-08,
                1.2212949376547512e-10,
                0.0
            ],
            [
                1.3615261061790384e-13,
                9.05607697696457e-11,
                0.9999999986589521,
                1.2501528646324161e-09,
                1.9810087952690507e-13
            ],
            [
                6.914400970451514e-13,
                8.42346480644078e-12,
                1.6586785660598264e-12,
                6.825604228756719e-08,
                0.9999999317331841
            ],
            [
                1.1399918972883155e-12,
                1.3887944403965797e-11,
                1.879528889485041e-12,
                3.9278636979244424e-07,
                0.9999996071967228
            ]
        ],
        [
            [
                0.9999999998308102,
                1.6918979217227253e-10,
                0.0,
                0.0,
                0.0
            ],
            [
                0.9999999991407833,
                8.592166608710898e-10,
                0.0,
                0.0,
                0.0
            ],
            [
                2.681003865644108e-14,
                9.545034915229906e-12,
                0.9999999992320519,
                7.582560421865961e-10,
                1.2015425722191302e-13
            ],
            [
                2.2897350863947577e-11,
                3.7751349412074325e-11,
                8.423464640135477e-12,
                8.764249140941509e-08,
                0.9999999122884364
            ],
            [
                4.508755229498734e-12,
                1.2256067409316102e-11,
                1.879528811204879e-12,
                2.0611536165888925e-09,
                0.9999999979202021
            ]
        ],
        [
            [
                0.9999999999934397,
                6.560200166280006e-12,
                0.0,
                0.0,
                0.0
            ],
            [
                0.9999785550480019,
                2.1444939742259456e-05,
                1.2255811341554472e-11,
                0.0,
                0.0
            ],
            [
                2.0879679114857257e-14,
                4.508755241948872e-12,
                0.9999999999526716,
                4.277787868640768e-11,
                2.0879679114857257e-14
            ],
            [
                3.7010049088177757e-13,
                1.2256045025683948e-11,
                1.658675324911615e-12,
                2.260325272457144e-06,
                0.9999977396604427
            ],
            [
                7.433681034166261e-12,
                2.5946096245619867e-11,
                3.0988192895483705e-12,
                1.4449803164397057e-07,
                0.9999998554654898
            ]
        ],
        [
            [
                0.9999999999705993,
                2.9400777384734265e-11,
                0.0,
                0.0,
                0.0
            ],
            [
                0.43782349521459774,
                0.5621764950093796,
                9.7019475299007e-09,
                7.407528349722751e-11,
                0.0
            ],
            [
                5.384940128452643e-13,
                1.2501528456547774e-09,
                0.9999999835190747,
                1.522997949214559e-08,
                2.5436656051939316e-13
            ],
            [
                2.7346879469677513e-12,
                3.775120263965984e-11,
                5.789334429161211e-12,
                2.9023121978164214e-06,
                0.9999970976415269
            ],
            [
                2.4133627382477754e-12,
                1.2256067273538552e-11,
                1.4637784937553106e-12,
                1.344040976409225e-08,
                0.999999986543457
            ]
        ],
        [
            [
                0.9999999999771028,
                2.2897348448690915e-11,
                0.0,
                0.0,
                0.0
            ],
            [
                0.9914225127039266,
                0.0085774856951524,
                1.5914577547406665e-09,
                9.46315372333106e-12,
                0.0
            ],
            [
                2.6810038606154514e-14,
                8.423463731952639e-12,
                0.9999999973448217,
                2.6465736318347976e-09,
                1.542811199067937e-13
            ],
            [
                7.991960277458202e-11,
                1.4930947480320185e-10,
                1.57371028639967e-11,
                1.4449803156292474e-07,
                0.9999998552570022
            ],
            [
                2.734698275122414e-12,
                9.545034865356563e-12,
                1.463778505310442e-12,
                5.6027964037949585e-09,
                0.9999999943834601
            ]
        ],
        [
            [
                0.9999999999740539,
                2.594609497388621e-11,
                0.0,
                0.0,
                0.0
            ],
            [
                0.9999999936511998,
                6.348800070920327e-09,
                0.0,
                0.0,
                0.0
            ],
            [
                5.6756852205295965e-14,
                3.775134536228805e-11,
                0.9999999979008634,
                2.061153618043247e-09,
                1.7482341245430315e-13
            ],
            [
                1.081594235587931e-11,
                5.492788756513986e-11,
                9.545035627597022e-12,
                2.382369843403768e-07,
                0.9999997616877269
            ],
            [
                3.098819008759947e-12,
                1.388794328251529e-11,
                1.6586782893506506e-12,
                4.139937545159647e-08,
                0.9999999585819792
            ]
        ],
        [
            [
                0.9999999999515263,
                4.847368704502508e-11,
                0.0,
                0.0,
                0.0
            ],
            [
                0.9999986290423408,
                1.3709566531109428e-06,
                1.0060374936951237e-12,
                0.0,
                0.0
            ],
            [
                5.0087746293534777e-14,
                9.545034906661499e-12,
                0.9999999983848886,
                1.6052280524647003e-09,
                2.8823507885587135e-13
            ],
            [
                2.4133630768624984e-12,
                2.02068416442011e-11,
                3.5114225571915016e-12,
                1.8553915971222474e-07,
                0.9999998144347086
            ],
            [
                8.423463303012436e-12,
                2.020683800723502e-11,
                2.7346981450255016e-12,
                5.315784969524487e-08,
                0.9999999468107854
            ]
        ],
        [
            [
                0.999999999994891,
                5.109089026206383e-12,
                0.0,
                0.0,
                0.0
            ],
            [
                0.9999999715466527,
                2.8453347258654145e-08,
                0.0,
                0.0,
                0.0
            ],
            [
                7.287724091517616e-14,
                1.3887943856765714e-11,
                0.9999999994646096,
                5.211412484812147e-10,
                2.8823507917428833e-13
            ],
            [
                2.413132733695933e-12,
                4.277380116614257e-11,
                1.081491059788008e-11,
                9.61023998831148e-05,
                0.999903897544115
            ],
            [
                6.560200472415388e-12,
                2.5946096186142676e-11,
                3.9789627203812345e-12,
                5.043472049762909e-07,
                0.9999994956163097
            ]
        ],
        [
            [
                0.9999999999515263,
                4.8473687038051075e-11,
                0.0,
                0.0,
                0.0
            ],
            [
                0.09534946911285731,
                0.904650520118272,
                1.0730171704758213e-08,
                3.869904171350004e-11,
                0.0
            ],
            [
                1.201542567774227e-13,
                7.05287981939762e-11,
                0.9999999955655621,
                4.36346223332261e-09,
                3.2661313281007016e-13
            ],
            [
                2.413362955975748e-12,
                2.5946096962483482e-11,
                3.09881937516552e-12,
                8.315279895429621e-07,
                0.9999991684405523
            ],
            [
                3.1608814161366536e-10,
                4.0586520774554047e-10,
                2.9400777037742945e-11,
                1.0467401668319667e-08,
                0.9999999887812442
            ]
        ],
        [
            [
                0.9999999999622486,
                3.775134542942724e-11,
                0.0,
                0.0,
                0.0
            ],
            [
                0.9999546021335097,
                4.5397855674788165e-05,
                1.081544743292406e-11,
                0.0,
                0.0
            ],
            [
                2.68100386725906e-14,
                1.2256067441709789e-11,
                0.9999999998383349,
                1.4930946759060397e-10,
                7.287724094398728e-14
            ],
            [
                3.5114225537860192e-12,
                2.0206841624603902e-11,
                2.734698634583144e-12,
                3.0590235886869993e-07,
                0.9999996940711882
            ],
            [
                3.0988191356385555e-12,
                9.545034913343487e-12,
                1.2917800035006978e-12,
                5.211412482703276e-10,
                0.9999999994649231
            ]
        ],
        [
            [
                0.999999999994891,
                5.109089026421512e-12,
                0.0,
                0.0,
                0.0
            ],
            [
                0.999996273359881,
                3.726639112950489e-06,
                1.0060354839112951e-12,
                0.0,
                0.0
            ],
            [
                3.70101164384503e-13,
                7.991959817919919e-11,
                0.9999999906818412,
                9.237449575243066e-09,
                4.1937956190053077e-13
            ],
            [
                2.5944562743305144e-11,
                1.1627546328137082e-10,
                2.0205645780931242e-11,
                5.829127674650021e-05,
                0.9999417085608278
            ],
            [
                3.0988190376409557e-12,
                1.3887943411950991e-11,
                2.129785101483987e-12,
                3.224186632086478e-08,
                0.9999999677390171
            ]
        ],
        [
            [
                0.9999999999450722,
                5.492788349120267e-11,
                0.0,
                0.0,
                0.0
            ],
            [
                0.9999999778405108,
                2.2159489265508503e-08,
                0.0,
                0.0,
                0.0
            ],
            [
                1.0603575981581175e-13,
                1.5737102092106667e-11,
                0.99999999912457,
                8.59216661111748e-10,
                3.701011675122339e-13
            ],
            [
                2.4133492720162137e-12,
                2.940061293140565e-11,
                3.9789402784018014e-12,
                6.144172124422757e-06,
                0.9999938557920827
            ],
            [
                1.5737101951426022e-11,
                2.940077710245041e-11,
                3.9789624965366425e-12,
                9.237449570731411e-09,
                0.9999999907134337
            ]
        ],
        [
            [
                0.999999999990455,
                9.545034919730781e-12,
                0.0,
                0.0,
                0.0
            ],
            [
                0.9914225140868131,
                0.008577485697806472,
                2.153803862973553e-10,
                0.0,
                0.0
            ],
            [
                1.9810087976429977e-13,
                2.5946094977447353e-11,
                0.9999999998244637,
                1.4930946758911737e-10,
                8.258073283863536e-14
            ],
            [
                2.7346982707665796e-12,
                1.0815941474920054e-11,
                1.6586783462830514e-12,
                7.194132975540567e-09,
                0.9999999927906575
            ],
            [
                2.7894680338722113e-10,
                1.9171714732105035e-10,
                2.0206838662851414e-11,
                1.9555680674251607e-08,
                0.9999999799534485
            ]
        ],
        [
            [
                0.9999999999572222,
                4.277787867252961e-11,
                0.0,
                0.0,
                0.0
            ],
            [
                0.9997388096218293,
                0.00026119032970973267,
                4.846102752288967e-11,
                0.0,
                0.0
            ],
            [
                1.0603575989810047e-13,
                1.081594155553757e-11,
                0.9999999999182949,
                7.05287984997224e-11,
                2.5436656469658033e-13
            ],
            [
                1.4637785087402309e-12,
                8.42346372347621e-12,
                1.291780000033152e-12,
                2.9989608138232352e-09,
                0.9999999969898601
            ],
            [
                1.57371020944913e-11,
                9.545034915336872e-12,
                1.1399918521481595e-12,
                1.6918979212850579e-10,
                0.999999999804388
            ]
        ],
        [
            [
                0.999999999979793,
                2.0206839082571736e-11,
                0.0,
                0.0,
                0.0
            ],
            [
                0.562176495554235,
                0.43782349471293835,
                9.70194755462607e-09,
                3.087917236560778e-11,
                0.0
            ],
            [
                1.2015425644290278e-13,
                3.775134516793225e-11,
                0.9999999927677072,
                7.1941329779465815e-09,
                2.882350772458665e-13
            ],
            [
                7.052879763611907e-11,
                6.22414454568908e-11,
                6.560200086765865e-12,
                1.186112000419103e-08,
                0.9999999879995495
            ],
            [
                1.6918981001057537e-10,
                1.1628234250094994e-10,
                2.0206841210045368e-11,
                8.764249138867828e-08,
                0.9999999120518296
            ]
        ],
        [
            [
                0.999999999987744,
                1.2256067440073805e-11,
                0.0,
                0.0,
                0.0
            ],
            [
                0.07585817440269921,
                0.9241418050739946,
                2.0478509644359463e-08,
                4.4796557960658876e-11,
                0.0
            ],
            [
