{
    "[['A', 'B', 'C', 'D', 'E'], ['A', 'B', 'C', 'D', 'E']]": [
        [
            [
                0.999999999979793,
                2.02068390841741e-11,
                0.0,
                0.0,
                0.0
            ],
            [
                0.9999999997538302,
                2.461696950674265e-10,
                0.0,
                0.0,
                0.0
            ],
            [
                3.266131337083961e-13,
                1.0261879613782069e-10,
                0.9999999982915,
                1.60522805238248e-09,
                3.266131337083961e-13
            ],
            [
                5.725751584985224e-12,
                1.6733098918046395e-10,
                4.79411310635635e-11,
                0.01098694237927406,
                0.989013057399728
            ],
            [
                1.1399918785227523e-12,
                1.7832473306695572e-11,
                3.978962624765583e-12,
                6.475946144630891e-07,
                0.9999993523824342
            ]
        ],
        [
            [
                0.9999999999947975,
                5.109089026610967e-12,
                0.0,
                0.0,
                9.357622966180088e-14
            ],
            [
                0.9999832985809234,
                1.670141509761183e-05,
                3.9788944732907334e-12,
                0.0,
                0.0
            ],
            [
                1.4930947075796567e-10,
                1.444978898440528e-07,
                0.9999993509971851,
                5.043471921852865e-07,
                8.423463931516555e-12
            ],
            [
                3.5107058762515095e-12,
                4.8463799714175646e-11,
                1.081373539162544e-11,
                0.00020342706186032576,
                0.9997965728753514
            ],
            [
                2.7346982017380493e-12,
                1.7832472322225846e-11,
                3.978962405100695e-12,
                3.2241866313198144e-08,
                0.9999999677335876
            ]
        ],
        [
            [
                0.9999999999941378,
                5.7893563270808974e-12,
                0.0,
                0.0,
                7.287724093742957e-14
            ],
            [
                0.9999646437223108,
                3.535625748311907e-05,
                2.0206109234796887e-11,
                0.0,
                0.0
            ],
            [
                3.442477104059118e-14,
                1.0815941543427187e-11,
                0.9999999987389032,
                1.250152864784917e-09,
                9.357622956850217e-14
            ],
            [
                8.718036835076233e-11,
                8.271443050284644e-10,
                3.448050455597419e-10,
                0.03732688388091686,
                0.9626731148599534
            ],
            [
                5.789357051631363e-12,
                2.0206841613393576e-11,
                3.511422551837957e-12,
                6.825604228628847e-08,
                0.9999999317144501
            ]
        ],
        [
            [
                0.9999999999914704,
                8.423463752045953e-12,
                0.0,
                0.0,
                1.0603575988474124e-13
            ],
            [
                0.9999999999954912,
                4.508755240658274e-12,
                0.0,
                0.0,
                0.0
            ],
            [
                6.560200954598664e-12,
                7.194133892766921e-09,
                0.999999807256636,
                1.8553915850425827e-07,
                3.511422534330124e-12
            ],
            [
                3.978780761740931e-12,
                4.8471472600872054e-11,
                1.2255507540465333e-11,
                4.5397855975898024e-05,
                0.9999546020793183
            ],
            [
                4.057592157949255e-10,
                3.580812511341762e-10,
                7.989872691171885e-11,
                0.00026119032777621016,
                0.9997388088284845
            ]
        ],
        [
            [
                0.9999999999915037,
                8.42346375204608e-12,
                0.0,
                0.0,
                7.287724093723761e-14
            ],
            [
                0.9999999999622486,
                3.775134543083208e-11,
                0.0,
                0.0,
                0.0
            ],
            [
                2.1297853421207162e-12,
                5.905304473536953e-10,
                0.9999998868708643,
                1.1253518376339919e-07,
                1.2917801086027745e-12
            ],
            [
                4.195400978294381e-05,
                3.443794835299979e-06,
                1.4355872704015655e-06,
                0.07585462956906465,
                0.9240985370390467
            ],
            [
                6.914400984063539e-13,
                1.3887945626713337e-11,
                2.129785441128793e-12,
                1.8553915979808744e-07,
                0.999999814444131
            ]
        ],
        [
            [
                0.9999999999572222,
                4.277787867855447e-11,
                0.0,
                0.0,
                0.0
            ],
            [
                0.999999996601596,
                3.398267806728537e-09,
                1.361526102974704e-13,
                0.0,
                0.0
            ],
            [
                1.7482341204605074e-13,
                7.052879819602154e-11,
                0.999999995565636,
                4.363462233449152e-09,
                1.9810087891984677e-13
            ],
            [
                2.862724253944128e-10,
                5.074300154395453e-09,
                1.074229351115287e-08,
                0.6224593143907836,
                0.37754066950635023
            ],
            [
                2.789468070548195e-10,
                6.224144573103503e-11,
                6.560200115660454e-12,
                7.194132972759463e-09,
                0.9999999924581185
            ]
        ],
        [
            [
                0.9999999999947708,
                5.109089026205362e-12,
                0.0,
                0.0,
                1.2015425727402275e-13
            ],
            [
                0.999999998583021,
                1.4166087835612147e-09,
                3.701011670540732e-13,
                0.0,
                0.0
            ],
            [
                1.7482341182509868e-13,
                9.056076937767619e-11,
                0.9999999943062134,
                5.6027964054246275e-09,
                2.543665632797807e-13
            ],
            [
                1.87946093045928e-12,
                3.3314242112107664e-11,
                7.433412177698147e-12,
                3.535625750286739e-05,
                0.9999646436998699
            ],
            [
                1.3887653669547056e-11,
                7.991792897021628e-11,
                1.0815715552867715e-11,
                2.1444939752737813e-05,
                0.9999785549556259
            ]
        ],
        [
            [
                0.999999999990455,
                9.545034920675027e-12,
                0.0,
                0.0,
                0.0
            ],
            [
                0.9999999999821676,
                1.783247290343615e-11,
                0.0,
                0.0,
                0.0
            ],
            [
                9.27444805062934e-10,
                3.741579387376444e-07,
                0.9525737530996328,
                0.04742585070643721,
                2.1108546468268723e-08
            ],
            [
                7.410096478590298e-12,
                1.0229322656461432e-10,
                2.930750009706823e-11,
                0.0031726830735127605,
                0.9968273167874764
            ],
            [
                3.89118218201513e-08,
                4.9963768226698934e-08,
                2.2392207397450088e-07,
                0.060086627828945346,
                0.9399130593733906
            ]
        ],
        [
            [
                0.9999999999925664,
                7.433680670222029e-12,
                0.0,
                0.0,
                0.0
            ],
            [
                0.9999999847698662,
                1.522997950575182e-08,
                1.542811178984934e-13,
                0.0,
                0.0
            ],
            [
                4.988061858647483e-07,
                0.010986937538856682,
                0.9890123800067477,
                1.835005409087822e-07,
                1.4766880181700825e-10
            ],
            [
                2.7796545590112467e-09,
                1.599580756365765e-08,
                3.3863124877996386e-08,
                0.43782347629398494,
                0.5621764710674281
            ],
            [
                2.7346982764024357e-12,
                1.3887943787825685e-11,
                2.7346982764024357e-12,
                4.944450474475494e-09,
                0.9999999950361922
            ]
        ],
        [
            [
                0.9999999999934397,
                6.560200166036353e-12,
                0.0,
                0.0,
                0.0
            ],
            [
                0.9999999994788586,
                5.211412480690841e-10,
                0.0,
                0.0,
                0.0
            ],
            [
                5.109088748741295e-12,
                1.4166087091949388e-09,
                0.9999999454189689,
                5.31578496380198e-08,
                1.4637784340988076e-12
            ],
            [
                9.53975768685386e-12,
                7.987541317360145e-11,
                1.7822613733347695e-11,
                0.0005527785846014671,
                0.9994472213081607
            ],
            [
                8.878265221662731e-13,
                8.423463510826506e-12,
                1.658678310938249e-12,
                2.8453347266843024e-08,
                0.9999999715356828
            ]
        ],
        [
            [
                0.999999999979793,
                2.0206839084174466e-11,
                0.0,
                0.0,
                0.0
            ],
            [
                0.9999970976842906,
                2.9023121979405355e-06,
                3.5114088307663726e-12,
                0.0,
                0.0
            ],
            [
                1.0815941901284419e-11,
                7.194133259133257e-09,
                0.9999996000021235,
                3.927863670405905e-07,
                6.560200376799552e-12
            ],
            [
                5.492642083228763e-11,
                1.9171204613056052e-10,
                7.052692039634437e-11,
                2.7535689820216624e-05,
                0.9999724639930144
            ],
            [
                8.422966308302835e-12,
                7.991487929172528e-11,
                2.5944562740703303e-11,
                5.8291277160009287e-05,
                0.9999417086085576
            ]
        ],
        [
            [
                0.9999999999954912,
                4.508755240658561e-12,
                0.0,
                0.0,
                0.0
            ],
            [
                0.9999998555012769,
                1.4449803159822198e-07,
                6.91440044129059e-13,
                0.0,
                0.0
            ],
            [
                4.752193027721897e-13,
                1.3176514172913594e-10,
                0.999999992673088,
                7.194132977265878e-09,
                5.384940178038025e-13
            ],
            [
                6.560138104621915e-12,
                5.4927363857956786e-11,
                1.5736953224189657e-11,
                1.0129988100995386e-05,
                0.9999898699346745
            ],
            [
                9.75256506244093e-08,
                5.9152297212126773e-08,
                5.220171907046527e-08,
                0.01798620991781387,
                0.9820135812025192
            ]
        ],
        [
            [
                0.9999999999860476,
                1.3887943861349985e-11,
                0.0,
                0.0,
                6.431393939778369e-14
            ],
            [
                0.9999999999705167,
                2.9400777382680124e-11,
                0.0,
                0.0,
                8.258073282700893e-14
            ],
            [
                1.2015425726745384e-13,
                1.162823302535654e-10,
                0.9999999996045681,
                2.789468091702009e-10,
                8.258073282101328e-14
            ],
            [
                7.052207582510572e-11,
                1.6917366537612046e-10,
                5.492264787641333e-11,
                9.610239982066621e-05,
                0.999903897305561
            ],
            [
                9.545035929369309e-12,
                4.277788320063857e-11,
                7.433681456237513e-12,
                8.764249143637971e-08,
                0.999999912297752
            ]
        ],
        [
            [
                0.999999999994891,
                5.1090890269266085e-12,
                0.0,
                0.0,
                0.0
            ],
            [
                0.9999993524050975,
                6.475946143422546e-07,
                2.882350857326046e-13,
                0.0,
                0.0
            ],
            [
                2.882350783366104e-13,
                5.492788331748875e-11,
                0.9999999965462278,
                3.398267807612858e-09,
                2.882350783366104e-13
            ],
            [
                1.7996458672881546e-10,
                1.934801644948277e-09,
                4.641347864793323e-09,
                0.7310585855114499,
                0.2689414077324361
            ],
            [
                2.1708990705600615e-10,
                9.72929463733609e-10,
                4.59579336844009e-10,
                0.0007096703431333119,
                0.9992903280072679
            ]
        ],
        [
            [
                0.999999999990455,
                9.54503491973115e-12,
                0.0,
                0.0,
                0.0
            ],
            [
                0.9999999981810384,
                1.8189616835921552e-09,
                0.0,
                0.0,
                0.0
            ],
            [
                1.8795287910740575e-12,
                1.6052280334369832e-09,
                0.9999999865312974,
                1.1861119990641993e-08,
                4.752192998385484e-13
            ],
            [
                1.780569187342817e-11,
                1.689357008786822e-10,
                4.840088866268069e-11,
                0.001501182029788045,
                0.9984988177350697
            ],
            [
                0.00016257983707924803,
                7.679727718632019e-05,
                2.493242552494195e-05,
                0.3774408756746086,
                0.6222948147856009
            ]
        ],
        [
            [
                0.9999999999821676,
                1.783247290343728e-11,
                0.0,
                0.0,
                0.0
            ],
            [
                0.9999999999450722,
                5.4927883486822464e-11,
                0.0,
                0.0,
                0.0
            ],
            [
                2.8823510077938704e-13,
                1.3176515249982796e-10,
                0.9999997616298222,
                2.3823698446696033e-07,
                1.1399919378212205e-12
            ],
            [
                1.658678492689074e-12,
                1.573710337608327e-11,
                2.734698512149303e-12,
                1.1253518379538602e-07,
                0.9999998874446857
            ],
            [
                7.433680396544046e-12,
                3.331544418557779e-11,
                5.789356113931055e-12,
                3.6534820781677193e-08,
                0.9999999634186407
            ]
        ],
        [
            [
                0.999999999990455,
                9.545034921133705e-12,
                0.0,
                0.0,
                0.0
            ],
            [
                0.9999999988967441,
                1.1032560307772938e-09,
                0.0,
                0.0,
                0.0
            ],
            [
                4.752193035481396e-13,
                9.056076937667796e-11,
                0.999999994305913,
                5.602796405362869e-09,
                2.5436656327697684e-13
            ],
            [
                4.508730020522654e-12,
                4.8473415903097364e-11,
                1.081588105339956e-11,
                6.14417212334125e-06,
                0.9999938557640786
            ],
            [
                0.9704087789933534,
                0.02930380925994129,
                7.65587073845684e-06,
                0.0001974475087068938,
                8.230836726004562e-05
            ]
        ],
        [
            [
                0.9999999999771028,
                2.2897348449535624e-11,
                0.0,
                0.0,
                0.0
            ],
            [
                0.9999970976859257,
                2.9023121947873588e-06,
                1.8795217048282256e-12,
                0.0,
                0.0
            ],
            [
                3.978962306581923e-12,
                4.3634620015347194e-09,
                0.9999999424737034,
                5.315784948145581e-08,
                1.0060392213184953e-12
            ],
            [
                1.5737074191033194e-11,
                4.847360107589354e-11,
                1.2256045703229449e-11,
                1.370956654458554e-06,
                0.9999986289668789
            ],
            [
                1.573707368950078e-11,
                4.2777801443290915e-11,
                9.545017686839235e-12,
                1.76034313340075e-06,
                0.9999982395888067
            ]
        ],
        [
            [
                0.999999999995385,
                4.508755241015773e-12,
                0.0,
                0.0,
                1.0603575988515803e-13
            ],
            [
                0.9999999999094393,
                9.056076986621616e-11,
                0.0,
                0.0,
                0.0
            ],
            [
                2.2447773405089169e-13,
                4.2777884130127175e-11,
                0.9999998144173625,
                1.855391598582335e-07,
                4.752193667149133e-13
            ],
            [
                1.1399919085512615e-12,
                1.3887944541176569e-11,
                3.0988192896052396e-12,
                1.4449803164662237e-07,
                0.9999998554838416
            ],
            [
                1.4637758710284895e-12,
                2.594604813274191e-11,
                6.560188322612962e-12,
                1.760343133555889e-06,
                0.9999982396228965
            ]
        ],
        [
            [
                0.9999999999954912,
                4.508755241163789e-12,
                0.0,
                0.0,
                0.0
            ],
            [
                0.9999999999740539,
                2.594609497484988e-11,
                0.0,
                0.0,
                0.0
            ],
            [
                8.878266593896491e-13,
                4.0586526363917443e-10,
                0.9999996936873765,
                3.059023589344134e-07,
                3.511422554540337e-12
            ],
            [
                2.938810715041102e-11,
                1.492451228193354e-10,
                7.988515763976962e-11,
                0.0004305571193722416,
                0.9995694426221094
            ],
            [
                0.9999999990182549,
                9.73620029508559e-10,
                6.914400094211057e-13,
                0.0,
                7.433680658667067e-12
            ]
        ],
        [
            [
                0.9999999999821676,
                1.783247290218428e-11,
                0.0,
                0.0,
                0.0
            ],
            [
                0.9999993524049662,
                6.475946145126771e-07,
                4.1937957524304583e-13,
                0.0,
                0.0
            ],
            [
                9.236763724275117e-09,
                7.484620029805212e-05,
                0.9999249590083578,
                1.855251819040029e-07,
                2.9398594203519957e-11
            ],
            [
                7.383925163488715e-12,
                1.6805736209945534e-10,
                7.938467679766818e-11,
                0.006692851423507279,
                0.9933071483216668
            ],
            [
                7.432972109386261e-12,
                7.991198115974947e-11,
                2.2895165928869364e-11,
                9.610239966771563e-05,
                0.9999038974900921
            ]
        ],
        [
            [
                0.9999999999934397,
                6.560200166035994e-12,
                0.0,
                0.0,
                0.0
            ],
            [
                0.999999999683912,
                3.160881452314548e-10,
                0.0,
                0.0,
                0.0
            ],
            [
                2.4133444818877876e-12,
                1.6052158897814426e-09,
                0.9999921091013878,
                7.889265037050883e-06,
                2.5945898347320217e-11
            ],
            [
                1.5673057595082835e-11,
                2.4516787045956037e-10,
                7.959435406168854e-11,
                0.004070137776807094,
                0.9959298618827576
            ],
            [
                4.508755461170756e-12,
                3.7751347275416714e-11,
                6.560200486616379e-12,
                1.4449803162553005e-07,
                0.9999998554531481
            ]
        ],
        [
            [
                0.9999999999958848,
                3.978962534394913e-12,
                0.0,
                0.0,
                1.3615261075961169e-13
            ],
            [
                0.09534946913934797,
                0.9046505200741737,
                1.07301717021958e-08,
                5.63067734336479e-11,
                0.0
            ],
            [
                1.5428111728451746e-13,
                7.052879712383765e-11,
                0.9999999803730261,
                1.9555680703195107e-08,
                6.101936557581745e-13
            ],
            [
                1.2255974572914888e-11,
                5.492746728977388e-11,
                2.0206685971524692e-11,
                7.88926504530479e-06,
                0.9999921106475645
            ],
            [
                6.560200858755885e-12,
                1.7832474785397547e-11,
                5.109089565904787e-12,
                8.764249142069185e-08,
                0.9999999123280068
            ]
        ],
        [
            [
                0.9999999999947975,
                5.109089026420676e-12,
                0.0,
                0.0,
                9.357622965831558e-14
            ],
            [
                0.9820137868163421,
                0.01798621159668102,
                1.5763554650919592e-09,
                1.0621399575508343e-11,
                0.0
            ],
            [
                1.8795288042886155e-12,
                4.363462224503354e-09,
                0.9999999935727208,
                2.0611536090042886e-09,
                7.835041733996842e-13
            ],
            [
                2.5772431188100086e-11,
                2.15789924357776e-10,
                8.995462369405505e-11,
                0.006692851427985493,
                0.9933071482404975
            ],
            [
                2.5944167204454007e-11,
                1.4929837402149116e-10,
                7.052355826637044e-11,
                7.484619743561889e-05,
                0.9999251535567982
            ]
        ],
        [
            [
                0.9999999999975866,
                2.4133627713644165e-12,
                0.0,
                0.0,
                0.0
            ],
            [
                0.9999999468419756,
                5.3157849699437986e-08,
                1.7482340347122108e-13,
                0.0,
                0.0
            ],
            [
                1.2256067133765733e-11,
                1.95556805926845e-08,
                0.9999999748284836,
                5.602796295669835e-09,
                7.835041586674661e-13
            ],
            [
                2.2485503156460046e-11,
                3.517324486072557e-10,
                1.8826881289800198e-10,
                0.0179862115669166,
                0.9820137878705966
            ],
            [
                2.413362956682278e-12,
                3.3315447973426736e-11,
                7.43368124172739e-12,
                8.31527989786398e-07,
                0.9999991684288477
            ]
        ],
        [
            [
                0.9999999999968185,
                3.0988191379486532e-12,
                0.0,
                0.0,
                8.258073283495485e-14
            ],
            [
                0.9999999998082829,
                1.9171715127840527e-10,
                0.0,
                0.0,
                0.0
            ],
            [
                2.543665541607842e-13,
                9.056076613108856e-11,
                0.9999999585091992,
                4.13993754664092e-08,
                6.101936423878489e-13
            ],
            [
                3.5105050635221086e-12,
                7.989872697105757e-11,
                1.7827815744707746e-11,
                0.00026119032779823583,
                0.9997388095709647
            ],
            [
                2.129773257097961e-12,
                2.5945949842263675e-11,
                5.7893239435074215e-12,
                6.144172123525163e-06,
                0.9999938557940113
            ]
        ],
        [
            [
                0.999999999994891,
                5.109089026611165e-12,
                0.0,
                0.0,
                0.0
            ],
            [
                0.9999999804443193,
                1.9555680700611825e-08,
                0.0,
                0.0,
                0.0
            ],
            [
                4.8473690620827076e-11,
                6.825603877356108e-08,
                0.999999284088584,
                6.475946475251152e-07,
                1.2256068343734248e-11
            ],
            [
                4.508635179579856e-12,
                4.2776739566366557e-11,
                1.5736683046811253e-11,
                2.7535689827214637e-05,
                0.9999724642471507
            ],
            [
                7.616167120083259e-06,
                2.1820684135927138e-06,
                3.1748908078869567e-06,
                0.1480452853729055,
                0.8519417415007529
            ]
        ],
        [
            [
                0.9999999999953977,
                4.508755240848297e-12,
                0.0,
                0.0,
                9.357622965838001e-14
            ],
            [
                0.0011695058495703606,
                0.9988267692123514,
                3.7222807357862283e-06,
                2.6434709676465443e-09,
                1.3871662540427058e-11
            ],
            [
                1.3176338842561054e-10,
                1.3007124479424458e-05,
                0.9999869705818277,
                2.215919474961576e-08,
                2.734661882768659e-12
            ],
            [
                7.433482722920124e-12,
                4.847239627026109e-11,
                6.560025478393114e-12,
                2.753568982914058e-05,
                0.999972464247705
            ],
            [
                1.0060335799402725e-12,
                2.289721874000574e-11,
                3.9789399944982295e-12,
                4.785094847238025e-06,
                0.9999952148772706
            ]
        ],
        [
            [
                0.999999999989184,
                1.0815941554815006e-11,
                0.0,
                0.0,
                0.0
            ],
            [
                0.9988304896207986,
                0.0011695103563308263,
                2.287054943888847e-11,
                0.0,
                0.0
            ],
            [
                2.882350639861006e-13,
                7.052879475306018e-11,
                0.999999946770858,
                5.315784971177749e-08,
                4.752192809554966e-13
            ],
            [
                3.0988192815488102e-12,
                2.0206840021571102e-11,
                3.978962719230718e-12,
                5.04347204830459e-07,
                0.9999994956255106
            ],
            [
                3.9781509336780884e-12,
                6.22287506352658e-11,
                2.0202717434366515e-11,
                0.00020342706168033386,
                0.99979657285191
            ]
        ],
        [
            [
                0.9999999999934397,
                6.5602001657597435e-12,
                0.0,
                0.0,
                0.0
            ],
            [
                0.3775406756879056,
                0.6224593236092121,
                6.867318594240764e-10,
                1.6150385341160003e-11,
                0.0
            ],
            [
                1.6918979552915008e-10,
                3.927863621341599e-07,
                0.9999995874852552,
                1.9555681465537984e-08,
                3.5114221811941546e-12
            ],
            [
                1.879496666848038e-12,
                3.331487555475497e-11,
                6.560087954706055e-12,
                1.670141510453783e-05,
                0.999983298543141
            ],
            [
                8.518459499500166e-10,
                2.0434722036010283e-09,
                2.9732345122504327e-09,
                0.008577485623062207,
                0.9914225085083851
            ]
        ],
        [
            [
                0.9999999999964886,
                3.5114221122535676e-12,
                0.0,
                0.0,
                0.0
            ],
            [
                0.001501170545425345,
                0.9984909499728585,
                7.877416251170836e-06,
                2.058042405045603e-09,
                7.422459870394626e-12
            ],
            [
                4.1937955751273253e-13,
                2.461696902947545e-10,
                0.9999999801971919,
                1.9555680699645162e-08,
                5.38494011085607e-13
            ],
            [
                5.77820352330443e-12,
                1.3151130601945535e-10,
                4.838030576616377e-11,
                0.0019267343332657492,
                0.9980732654810645
            ],
            [
                0.003524226737284099,
                0.007460788061377269,
                0.0001754609175130175,
                0.671598735375,
                0.3172407889088257
            ]
        ],
        [
            [
                0.999999999994891,
                5.109089026421605e-12,
                0.0,
                0.0,
                0.0
            ],
            [
                0.9999999895325983,
                1.046740167723817e-08,
                0.0,
                0.0,
                0.0
            ],
            [
                5.384940186179379e-13,
                2.1724399223408916e-10,
                0.9999999941792668,
                5.602796404685209e-09,
                1.5428111941455974e-13
            ],
            [
                8.389183195547636e-12,
                1.909369294510415e-10,
                7.959435404217404e-11,
                0.004070137779276068,
                0.9959298619418033
            ],
            [
                3.774774705090647e-11,
                1.4929523570373408e-10,
                3.774774705090647e-11,
                9.610239982737682e-05,
                0.9999038973753819
            ]
        ],
        [
            [
                0.9999999999978701,
                2.1297851704882375e-12,
                0.0,
                0.0,
                0.0
            ],
            [
                0.9999999677577636,
                3.224186631396569e-08,
                3.701011557076849e-13,
                0.0,
                0.0
            ],
            [
                1.542811194419449e-13,
                2.02068389753259e-11,
                0.9999999943762323,
                5.602796405679716e-09,
                6.101936642909656e-13
            ],
            [
                7.879560298132763e-11,
                6.597475062778313e-10,
                3.116426552199401e-10,
                0.01406362728610295,
                0.9859363716637113
            ],
            [
                3.978947485935046e-12,
                4.847350371735996e-11,
                1.573704258334505e-11,
                2.9023121988646607e-06,
                0.9999970976196116
            ]
        ],
        [
            [
                0.9999999999940905,
                5.789356326621538e-12,
                0.0,
                0.0,
                1.2015425727394462e-13
            ],
            [
                0.9999999991407833,
                8.592166606036113e-10,
                0.0,
                0.0,
                0.0
            ],
            [
                1.201542570609445e-13,
                3.775134536211518e-11,
                0.9999999979007204,
                2.0611536180338087e-09,
                2.5436656419410304e-13
            ],
            [
                6.559161938411541e-12,
                7.051763648947262e-11,
                1.0814229805825793e-11,
                0.00015843624750876034,
                0.9998415636646002
            ],
            [
                3.511422074202773e-12,
                1.3887943710028879e-11,
                2.1297851471957115e-12,
                1.0467401677969389e-08,
                0.9999999895130692
            ]
        ],
        [
            [
                0.9999999999963951,
                3.5114221126006454e-12,
                0.0,
                0.0,
                9.357622966772562e-14
            ],
            [
                0.010986874931716255,
                0.9890070402068162,
                6.076668737894313e-06,
                8.062412856184063e-09,
                1.3031676656849006e-10
            ],
            [
                6.101936666298304e-13,
                1.917171510205752e-10,
                0.9999999982019063,
                1.6052280522110896e-09,
                5.384940207775625e-13
            ],
            [
                3.087917258440404e-11,
                1.3130158295555347e-09,
                1.4878418561131096e-09,
                0.5621764994174147,
                0.43782349775084856
            ],
            [
                1.0815942387801212e-11,
                4.277788197444258e-11,
                6.560200671886905e-12,
                8.315279899462688e-07,
                0.9999991684118561
            ]
        ],
        [
            [
                0.9999999999964886,
                3.5114221121056905e-12,
                0.0,
                0.0,
                0.0
            ],
            [
                0.9968273165964692,
                0.003172683085356429,
                3.150853195470788e-10,
                3.088987779691249e-12,
                0.0
            ],
            [
                1.0261879994361003e-10,
                8.315279554829074e-07,
                0.9999991269660682,
                4.139937865092295e-08,
                3.978962676455438e-12
            ],
            [
                6.559812757875017e-12,
                5.4924639762996915e-11,
                2.0205645782554083e-11,
                5.829127717053675e-05,
                0.9999417086411394
            ],
            [
                1.0220117360674047e-10,
                5.190203856666172e-10,
                1.9093692943562163e-10,
                0.004070137777105735,
                0.9959298614107357
            ]
        ],
        [
            [
                0.9999999999842628,
                1.5737102102735418e-11,
                0.0,
                0.0,
                0.0
            ],
            [
                0.999999998394772,
                1.605228051957156e-09,
                0.0,
                0.0,
                0.0
            ],
            [
                5.675685228079312e-14,
                1.7832472893839996e-11,
                0.9999999992236799,
                7.582560421828675e-10,
                1.7482341268685076e-13
            ],
            [
                0.9999986250219848,
                1.370956645429866e-06,
                4.058644900159367e-10,
                2.1724360671106174e-10,
                3.3982617689744896e-09
            ],
            [
                1.0059933196882911e-12,
                2.59449096691865e-11,
                5.78909184952213e-12,
                4.539785572578565e-05,
                0.9999546021115342
            ]
        ],
        [
            [
                0.9999999999968283,
                3.098819138117479e-12,
                0.0,
                0.0,
                7.287724094398405e-14
            ],
            [
                0.9988304890513531,
                0.0011695103553003795,
                5.898392436021997e-10,
                3.5073123478357717e-12,
                0.0
            ],
            [
                1.201542572041906e-13,
                2.2897348434821064e-11,
                0.9999999991173956,
                8.592166611055835e-10,
                3.7010116750957863e-13
            ],
            [
                5.088697877484549e-11,
                7.024730736021762e-10,
                7.960062766734048e-10,
                0.18242551481768982,
                0.8175744836329439
            ],
            [
                1.080328261503476e-11,
                1.316109252134338e-10,
                3.327645313445332e-11,
                0.0011695103475874227,
                0.9988304894767219
            ]
        ],
        [
            [
                0.999999999982085,
                1.7832472902187538e-11,
                0.0,
                0.0,
                8.258073282796424e-14
            ],
            [
                0.9999999999572222,
                4.277787867732488e-11,
                0.0,
                0.0,
                0.0
            ],
            [
                4.193796101645666e-13,
                2.172440164696553e-10,
                0.9999999121379657,
                8.76424914578689e-08,
                1.8795290151971767e-12
