{
    "[['A', 'B', 'C', 'D', 'E'], ['A', 'B', 'C', 'D', 'E']]": [
        [
            [
                0.9999999999842628,
                1.573710210318685e-11,
                0.0,
                0.0,
                0.0
            ],
            [
                0.9999999956365377,
                4.363462232131812e-09,
                0.0,
                0.0,
                0.0
            ],
            [
                1.981008797102482e-13,
                1.691897921806766e-10,
                0.9999999995516151,
                2.789468091536157e-10,
                5.0087746354503854e-14
            ],
            [
                1.4637785108609606e-12,
                3.511422105544308e-12,
                6.91440009151768e-13,
                1.818961683495864e-09,
                0.9999999981753718
            ],
            [
                7.991959871538595e-11,
                1.5737102064693598e-11,
                1.6586783544696196e-12,
                2.061153616915469e-09,
                0.999999997841531
            ]
        ],
        [
            [
                0.999999999994891,
                5.109089026610758e-12,
                0.0,
                0.0,
                0.0
            ],
            [
                0.9999999992417439,
                7.582560421029324e-10,
                0.0,
                0.0,
                0.0
            ],
            [
                1.981008692453556e-13,
                4.2777876409463756e-11,
                0.9999999467987548,
                5.315784971072527e-08,
                4.193795434834031e-13
            ],
            [
                3.701011674451053e-13,
                1.879528814435795e-12,
                3.701011674451053e-13,
                7.582560419426637e-10,
                0.9999999992391242
            ],
            [
                4.508755240065024e-12,
                3.9789625338694474e-12,
                7.835041781189576e-13,
                1.691897921778404e-10,
                0.999999999821539
            ]
        ],
        [
            [
                0.999999999994891,
                5.109089026205607e-12,
                0.0,
                0.0,
                0.0
            ],
            [
                0.9999999468420142,
                5.3157849699440044e-08,
                1.3615260352260038e-13,
                0.0,
                0.0
            ],
            [
                1.3615261077288962e-13,
                3.3315445412836675e-11,
                0.9999999997972759,
                1.6918979221668358e-10,
                8.258073283367815e-14
            ],
            [
                8.592166582610514e-10,
                3.331544527989167e-11,
                5.7893563040942946e-12,
                2.9989608120953583e-09,
                0.9999999961027177
            ],
            [
                1.573710209861845e-11,
                9.545034917840116e-12,
                2.413362770568886e-12,
                2.1724399339409057e-10,
                0.9999999997550606
            ]
        ],
        [
            [
                0.9999999999771028,
                2.2897348449528267e-11,
                0.0,
                0.0,
                0.0
            ],
            [
                0.9999996940976412,
                3.059023587835111e-07,
                0.0,
                0.0,
                0.0
            ],
            [
                1.5428113974399557e-13,
                1.493094864185659e-10,
                0.999999693947567,
                3.059023590165414e-07,
                6.101937445871335e-13
            ],
            [
                1.1399918478123098e-12,
                6.560200138045435e-12,
                1.1399918478123098e-12,
                4.363462232917389e-09,
                0.9999999956276975
            ],
            [
                3.331544538766603e-11,
                9.545034913100013e-12,
                2.12978516878236e-12,
                7.582560420173976e-10,
                0.9999999991967536
            ]
        ],
        [
            [
                0.9999999999934397,
                6.56020016603525e-12,
                0.0,
                0.0,
                0.0
            ],
            [
                0.9999999865595903,
                1.34404097625462e-08,
                0.0,
                0.0,
                0.0
            ],
            [
                1.361526098140054e-13,
                7.052879799571958e-11,
                0.9999999927350958,
                7.194132977752948e-09,
                1.0603575914036285e-13
            ],
            [
                3.2661317508817917e-13,
                2.4133630733764144e-12,
                6.914400970875938e-13,
                6.825604229175692e-08,
                0.9999999317405263
            ],
            [
                2.4616969475136277e-10,
                3.3315445363446173e-11,
                6.560200156689985e-12,
                1.1032560304156403e-09,
                0.9999999986106987
            ]
        ],
        [
            [
                0.9999999999740539,
                2.594609497644395e-11,
                0.0,
                0.0,
                0.0
            ],
            [
                0.9999999993308415,
                6.691586084698216e-10,
                0.0,
                0.0,
                0.0
            ],
            [
                1.5428112025530588e-13,
                4.277787867197703e-11,
                0.9999999996408597,
                3.1608814530048726e-10,
                1.201542572679658e-13
            ],
            [
                1.463778513478476e-12,
                2.4133627707657773e-12,
                5.384940215372262e-13,
                1.917171512910342e-10,
                0.9999999998038671
            ],
            [
                1.573710209382439e-11,
                1.0815941548324463e-11,
                1.8795288149818547e-12,
                5.211412483570777e-10,
                0.9999999994504263
            ]
        ],
        [
            [
                0.9999999999200804,
                7.991959890342962e-11,
                0.0,
                0.0,
                0.0
            ],
            [
                0.9999999993308415,
                6.691586084697443e-10,
                0.0,
                0.0,
                0.0
            ],
            [
                3.90083760616561e-14,
                3.775134540393378e-11,
                0.9999999989885393,
                9.736200302988162e-10,
                5.008774632688009e-14
            ],
            [
                2.413362764662654e-12,
                5.10908901288325e-12,
                1.0060392762941828e-12,
                2.6465736310456433e-09,
                0.9999999973448979
            ],
            [
                5.6027963848501e-09,
                1.1628232920872241e-10,
                7.433680602447885e-12,
                3.398267787538688e-09,
                0.9999999908752198
            ]
        ],
        [
            [
                0.9999999999969011,
                3.0988191377319347e-12,
                0.0,
                0.0,
                0.0
            ],
            [
                0.9999999998973812,
                1.0261879628117788e-10,
                0.0,
                0.0,
                0.0
            ],
            [
                2.8823506995272593e-13,
                2.7894680019782414e-10,
                0.9999999674787239,
                3.224186632201388e-08,
                1.7482340713074392e-13
            ],
            [
                5.7893563163379635e-12,
                7.433680656439662e-12,
                1.0060392771297906e-12,
                1.6052280517494626e-09,
                0.9999999983805428
            ],
            [
                3.3315445407518505e-11,
                8.423463750892075e-12,
                1.291780004237511e-12,
                1.0261879627344733e-10,
                0.9999999998543505
            ]
        ],
        [
            [
                0.9999999999942106,
                5.789356327438133e-12,
                0.0,
                0.0,
                0.0
            ],
            [
                0.9999989322960363,
                1.0677030757983404e-06,
                8.878249243053021e-13,
                0.0,
                0.0
            ],
            [
                8.258073267776761e-14,
                6.224144609507556e-11,
                0.999999997876458,
                2.0611536180010122e-09,
                6.431393927605577e-14
            ],
            [
                5.492789047259124e-11,
                4.277788411251442e-11,
                6.56020099977084e-12,
                1.8553915978184225e-07,
                0.9999998143565743
            ],
            [
                2.2897348441256293e-11,
                7.433680667417718e-12,
                1.2917800039285138e-12,
                3.1608814522155025e-10,
                0.999999999652289
            ]
        ],
        [
            [
                0.9999999999450722,
                5.49278834929702e-11,
                0.0,
                0.0,
                0.0
            ],
            [
                0.9999999966017321,
                3.398267806872101e-09,
                0.0,
                0.0,
                0.0
            ],
            [
                1.3615261003067788e-13,
                7.991959847269591e-11,
                0.9999999943170277,
                5.602796405510072e-09,
                1.2015425663088156e-13
            ],
            [
                2.2447770517808425e-13,
                1.1399918513988807e-12,
                1.7482341257476398e-13,
                1.2501528645822605e-09,
                0.9999999987483079
            ],
            [
                1.0060392790387047e-12,
                1.658678358510934e-12,
                2.882350792743562e-13,
                4.8473687050916486e-11,
                0.9999999999485734
            ]
        ],
        [
            [
                0.9999999999942106,
                5.789356327270824e-12,
                0.0,
                0.0,
                0.0
            ],
            [
                0.9999999998837177,
                1.1628233025190308e-10,
                0.0,
                0.0,
                0.0
            ],
            [
                1.0060259075616192e-12,
                3.5817003236563806e-10,
                0.9999869925094956,
                1.3007124768209334e-05,
                6.560112973575261e-12
            ],
            [
                1.6918979123952258e-10,
                1.7832472800429385e-11,
                4.5087552150597014e-12,
                5.602796403693592e-09,
                0.9999999942056725
            ],
            [
                3.978962534231411e-12,
                3.5114221119593724e-12,
                6.101936675142706e-13,
                2.461696950821893e-10,
                0.9999999997457296
            ]
        ],
        [
            [
                0.9999999999294713,
                7.052879848643553e-11,
                0.0,
                0.0,
                0.0
            ],
            [
                0.9999417087208735,
                5.829127671333504e-05,
                2.413220249989522e-12,
                0.0,
                0.0
            ],
            [
                1.0603575943341799e-13,
                1.3176514210222133e-10,
                0.9999999955045304,
                4.363462233116377e-09,
                1.3615261019029564e-13
            ],
            [
                1.2917800022756324e-12,
                3.511422106552636e-12,
                7.835041769838264e-13,
                1.416608783890248e-09,
                0.9999999985778045
            ],
            [
                3.5114221100898053e-12,
                4.50875523807461e-12,
                5.384940212713708e-13,
                7.582560420814597e-10,
                0.9999999992331854
            ]
        ],
        [
            [
                0.999999999989184,
                1.0815941552774891e-11,
                0.0,
                0.0,
                0.0
            ],
            [
                0.9999999979388463,
                2.0611536169714147e-09,
                0.0,
                0.0,
                0.0
            ],
            [
                9.357622900650204e-14,
                5.492788310928164e-11,
                0.9999999927506473,
                7.194132977900988e-09,
                1.9810087836131626e-13
            ],
            [
                2.54366564475915e-13,
                1.2917800034565816e-12,
                2.54366564475915e-13,
                6.691586084406243e-10,
                0.9999999993290409
            ],
            [
                9.54503491576717e-12,
                7.433680666843372e-12,
                2.129785169377483e-12,
                3.1608814519712846e-10,
                0.9999999996648035
            ]
        ],
        [
            [
                0.9999999999771028,
                2.2897348449526157e-11,
                0.0,
                0.0,
                0.0
            ],
            [
                0.9999999123575086,
                8.764249141542156e-08,
                0.0,
                0.0,
                0.0
            ],
            [
                5.6756852317553106e-14,
                2.5946094978753623e-11,
                0.9999999998713547,
                1.0261879630115491e-10,
                2.3659776087690018e-14
            ],
            [
                3.160881449990848e-10,
                2.020683906258715e-11,
                3.978962530395581e-12,
                6.69158608214132e-10,
                0.9999999989905675
            ],
            [
                2.0206839024636332e-11,
                7.433680648224506e-12,
                1.87952881043865e-12,
                2.9989608151235057e-09,
                0.9999999969715192
            ]
        ],
        [
            [
                0.9999999998506905,
                1.4930946755019464e-10,
                0.0,
                0.0,
                0.0
            ],
            [
                0.9999999985833912,
                1.4166087843282032e-09,
                0.0,
                0.0,
                0.0
            ],
            [
                3.442477076542824e-14,
                1.081594145697356e-11,
                0.9999999907514755,
                9.237449576298138e-09,
                2.2447770342018552e-13
            ],
            [
                1.6586783555688867e-12,
                3.5114221062944175e-12,
                6.101936665298489e-13,
                1.6052280519480695e-09,
                0.9999999983889916
            ],
            [
                4.27778785265627e-11,
                1.2256067397362735e-11,
                1.879528809371771e-12,
                3.398267806536266e-09,
                0.9999999965448187
            ]
        ],
        [
            [
                0.999999999979793,
                2.0206839084173687e-11,
                0.0,
                0.0,
                0.0
            ],
            [
                0.9999999987498471,
                1.250152864551954e-09,
                0.0,
                0.0,
                0.0
            ],
            [
                3.900837607071658e-14,
                1.573710209432007e-11,
                0.9999999992258743,
                7.582560421868432e-10,
                9.357622961381935e-14
            ],
            [
                3.775134539354609e-11,
                1.2256067428112007e-11,
                1.8795288140873247e-12,
                9.736200300309141e-10,
                0.999999998974493
            ],
            [
                2.5946094960847237e-11,
                9.545034914777656e-12,
                1.4637785128894122e-12,
                5.905303993955655e-10,
                0.9999999993725146
            ]
        ],
        [
            [
                0.999999999986112,
                1.3887943861349927e-11,
                0.0,
                0.0,
                0.0
            ],
            [
                0.9999999865595903,
                1.3440409761487347e-08,
                0.0,
                0.0,
                0.0
            ],
            [
                4.420228100473311e-14,
                9.545034915999951e-12,
                0.9999999993210775,
                6.691586086497096e-10,
                1.7482341270181433e-13
            ],
            [
                2.789468070663667e-10,
                2.2897348274183674e-11,
                4.508755206403369e-12,
                7.194132973057269e-09,
                0.9999999924995141
            ],
            [
                2.413362770279837e-12,
                3.5114221111163615e-12,
                6.101936673677772e-13,
                2.789468091073465e-10,
                0.9999999997145181
            ]
        ],
        [
            [
                0.9999999999705993,
                2.940077738472877e-11,
                0.0,
                0.0,
                0.0
            ],
            [
                0.9999999985833912,
                1.416608783799457e-09,
                0.0,
                0.0,
                0.0
            ],
            [
                8.258073123296368e-14,
                5.4927882430290996e-11,
                0.9999999803891545,
                1.9555680703608803e-08,
                1.5428111728778125e-13
            ],
            [
                8.423463718840597e-12,
                9.545034882468759e-12,
                2.73469828002514e-12,
                3.850741906480442e-09,
                0.9999999961285548
            ],
            [
                1.0060392784371865e-12,
                2.7346982892918536e-12,
                6.101936672473284e-13,
                5.905303993977377e-10,
                0.9999999994051187
            ]
        ],
        [
            [
                0.999999999994891,
                5.109089026610758e-12,
                0.0,
                0.0,
                0.0
            ],
            [
                0.999999974890009,
                2.510999090787782e-08,
                0.0,
                0.0,
                0.0
            ],
            [
                2.1297852648994442e-12,
                2.646573755648033e-09,
                0.9999994930022131,
                5.043472038311834e-07,
                1.879528899444071e-12
            ],
            [
                3.3315445298558475e-11,
                1.3887943813645952e-11,
                3.511422100401272e-12,
                3.3982678069379536e-09,
                0.9999999965510173
            ],
            [
                5.789356324697112e-12,
                5.109089024503738e-12,
                1.0060392785823928e-12,
                4.0586521236479634e-10,
                0.9999999995822304
            ]
        ],
        [
            [
                0.9999999999821676,
                1.783247290283825e-11,
                0.0,
                0.0,
                0.0
            ],
            [
                0.9999999918479795,
                8.152020645091861e-09,
                0.0,
                0.0,
                0.0
            ],
            [
                9.357622899974533e-14,
                4.84736867059697e-11,
                0.9999999927569729,
                7.194132977381533e-09,
                3.2661313187509767e-13
            ],
            [
                2.2897348443104263e-11,
                8.423463749556991e-12,
                1.8795288154431445e-12,
                1.917171512640424e-10,
                0.9999999997750826
            ],
            [
                7.433680668281794e-12,
                5.789356325560625e-12,
                1.006039278732449e-12,
                2.1724399338894734e-10,
                0.9999999997685269
            ]
        ],
        [
            [
                0.999999999979793,
                2.0206839085415563e-11,
                0.0,
                0.0,
                0.0
            ],
            [
                0.999999997664407,
                2.3355930323958123e-09,
                0.0,
                0.0,
                0.0
            ],
            [
                1.3615261033134895e-13,
                2.94007772897083e-11,
                0.9999999965719706,
                3.398267807574121e-09,
                2.2447770471464106e-13
            ],
            [
                4.5990552265744424e-10,
                4.27778772751454e-11,
                6.5601999512263415e-12,
                3.224186630641913e-08,
                0.9999999672488902
            ],
            [
                2.9400777281012686e-11,
                1.3887943812138307e-11,
                3.9789625207024196e-12,
                3.398267806569045e-09,
                0.9999999965544646
            ]
        ],
        [
            [
                0.9999999999705993,
                2.9400777385580846e-11,
                0.0,
                0.0,
                0.0
            ],
            [
                0.999999998394772,
                1.6052280522597681e-09,
                0.0,
                0.0,
                0.0
            ],
            [
                1.9810087910529227e-13,
                6.224144600926825e-11,
                0.9999999965389659,
                3.398267807493875e-09,
                3.2661313312528994e-13
            ],
            [
                4.752193010202182e-13,
                3.09881910444255e-12,
                5.384940158185587e-13,
                1.0467401678953793e-08,
                0.9999999895284858
            ],
            [
                2.0611536099295732e-09,
                7.052879808308769e-11,
                1.7832472799922465e-11,
                3.398267798871242e-09,
                0.9999999944522173
            ]
        ],
        [
            [
                0.9999999999622486,
                3.7751345434967794e-11,
                0.0,
                0.0,
                0.0
            ],
            [
                0.9999999997538302,
                2.461696950603059e-10,
                0.0,
                0.0,
                0.0
            ],
            [
                5.6756852310180355e-14,
                3.775134543205102e-11,
                0.9999999997449087,
                2.1724399344609754e-10,
                3.900837609070958e-14
            ],
            [
                7.835042613371073e-13,
                3.978962956486083e-12,
                1.0060393856400005e-12,
                8.764249145984371e-08,
                0.9999999123517401
            ],
            [
                6.560200159391753e-12,
                7.433680662423514e-12,
                1.1399918515217437e-12,
                1.1032560308700078e-09,
                0.9999999988816102
            ]
        ],
        [
            [
                0.9999999999954912,
                4.508755241163684e-12,
                0.0,
                0.0,
                0.0
            ],
            [
                0.9999982396555757,
                1.7603431326139726e-06,
                1.2917776715695114e-12,
                0.0,
                0.0
            ],
            [
                6.914400086974348e-13,
                1.9171715082223336e-10,
                0.9999999971608977,
                2.6465736312669348e-09,
                1.2015425697076333e-13
            ],
            [
                3.978962528151699e-12,
                5.109089018194895e-12,
                1.1399918508424109e-12,
                1.605228052085043e-09,
                0.999999998384544
            ],
            [
                5.109089025472504e-12,
                5.109089025472504e-12,
                6.914400103433908e-13,
                2.7894680914543843e-10,
                0.9999999997101436
            ]
        ],
        [
            [
                0.9999999999515263,
                4.8473687052135776e-11,
                0.0,
                0.0,
                0.0
            ],
            [
                0.9999999918479795,
                8.152020641828433e-09,
                0.0,
                0.0,
                0.0
            ],
            [
                1.2015425727781238e-13,
                1.4930946757012794e-10,
                0.9999999997011966,
                1.4930946757012794e-10,
                6.431393939316013e-14
            ],
            [
                2.020683904340412e-11,
                1.5737102070400967e-11,
                2.129785166021199e-12,
                1.8189616833386192e-09,
                0.9999999981429646
            ],
            [
                3.1608814415558585e-10,
                3.331544528719754e-11,
                9.545034884315308e-12,
                3.398267805779107e-09,
                0.9999999962427835
            ]
        ],
        [
            [
                0.999999999986112,
                1.388794386134388e-11,
                0.0,
                0.0,
                0.0
            ],
            [
                0.9999999998506905,
                1.4930946757508102e-10,
                0.0,
                0.0,
                0.0
            ],
            [
                8.878265222264577e-13,
                1.9555680523543276e-08,
                0.9999999712058075,
                9.237449395410739e-09,
                1.7482340778232543e-13
            ],
            [
                2.2897348431109898e-11,
                6.560200160892134e-12,
                1.0060392781697076e-12,
                8.592166609663231e-10,
                0.9999999991103197
            ],
            [
                4.5087552407359895e-12,
                6.5602001658856865e-12,
                1.13999185265022e-12,
                1.1628233026200681e-10,
                0.9999999998715088
            ]
        ],
        [
            [
                0.9999999999622486,
                3.775134543314423e-11,
                0.0,
                0.0,
                0.0
            ],
            [
                0.9999999715466527,
                2.845334725865256e-08,
                0.0,
                0.0,
                0.0
            ],
            [
                2.8823507202481847e-13,
                2.4616968893015267e-10,
                0.9999999746431316,
                2.510999091978113e-08,
                4.1937955518796984e-13
            ],
            [
                6.914400040222291e-13,
                3.9789624974437325e-12,
                1.1399918420444313e-12,
                9.237449572837286e-09,
                0.99999999075674
            ],
            [
                1.0815941552051713e-11,
                6.560200164979209e-12,
                1.1399918524926978e-12,
                1.4930946754746353e-10,
                0.9999999998321745
            ]
        ],
        [
            [
                0.9999999999771028,
                2.289734845153395e-11,
                0.0,
                0.0,
                0.0
            ],
            [
                0.9999989322969242,
                1.0677030757992882e-06,
                0.0,
                0.0,
                0.0
            ],
            [
                4.75219290723971e-13,
                4.058651993642702e-10,
                0.9999999673515687,
                3.2241866317344185e-08,
                2.244776981553123e-13
            ],
            [
                6.101936655347577e-13,
                2.1297851631870684e-12,
                4.752193045436803e-13,
                3.3982678070993696e-09,
                0.9999999965985169
            ],
            [
                1.3887943854354408e-11,
                9.545034915548756e-12,
                1.6586783576470937e-12,
                4.599055375138896e-10,
                0.9999999995150028
            ]
        ],
        [
            [
                0.9999999999666846,
                3.331544541233898e-11,
                0.0,
                0.0,
                0.0
            ],
            [
                0.9999982396568671,
                1.7603431329953604e-06,
                0.0,
                0.0,
                0.0
            ],
            [
                8.878265663834124e-13,
                1.8189617255322043e-09,
                0.9999993505842453,
                6.47594613511093e-07,
                1.2917800317578216e-12
            ],
            [
                6.101902109818026e-13,
                8.423416035110228e-12,
                2.1297731056124902e-12,
                4.785094847611044e-06,
                0.999995214893989
            ],
            [
                1.573710208470983e-11,
                1.0815941542060127e-11,
                1.658678356579315e-12,
                9.736200299303947e-10,
                0.9999999989981683
            ]
        ],
        [
            [
                0.9999999999821676,
                1.7832472903944793e-11,
                0.0,
                0.0,
                0.0
            ],
            [
                0.9999997617627613,
                2.3823698437698494e-07,
                2.543665835579007e-13,
                0.0,
                0.0
            ],
            [
                1.542811179532404e-13,
                6.224144527458613e-11,
                0.9999999847074705,
                1.522997951115621e-08,
                1.542811179532404e-13
            ],
            [
                1.1399918521528813e-12,
                3.978962532725689e-12,
                8.87826547151685e-13,
                4.599055375055853e-10,
                0.9999999995340876
            ],
            [
                1.917171501286323e-10,
                3.3315445204933456e-11,
                8.423463699670554e-12,
                5.602796401088774e-09,
                0.9999999941637474
            ]
        ],
        [
            [
                0.9999999999377585,
                6.224144620986392e-11,
                0.0,
                0.0,
                0.0
            ],
            [
                0.8519527942830911,
                0.14804720342571026,
                2.2547540202585006e-09,
                3.6444704404093523e-11,
                0.0
            ],
            [
                7.287724083423319e-14,
                6.224144612320552e-11,
                0.9999999983323216,
                1.6052280524551288e-09,
                1.3615261057737063e-13
            ],
            [
                1.7832472886465752e-11,
                6.560200160177918e-12,
                5.38494021120705e-13,
                9.73620030117234e-10,
                0.9999999990014488
            ],
            [
                1.2256067418123018e-11,
                7.433680656596666e-12,
                1.8795288125554634e-12,
                1.8189616836977967e-09,
                0.9999999981594689
            ]
        ],
        [
            [
                0.9999999999705993,
                2.940077738376818e-11,
                0.0,
                0.0,
                0.0
            ],
            [
                0.9990889485632949,
                0.0009110514107826157,
                2.592245025047235e-11,
                0.0,
                0.0
            ],
            [
                1.9810087944673663e-13,
                7.052879838360734e-11,
                0.9999999983237906,
                1.6052280522834003e-09,
                2.5436656427780404e-13
            ],
            [
                6.560200137062359e-12,
                9.54503487760288e-12,
                1.6586783510530892e-12,
                4.363462232263504e-09,
                0.9999999956187737
            ],
            [
                1.2501528638805092e-09,
                3.775134536710929e-11,
                3.978962527860449e-12,
                5.211412477441004e-10,
                0.9999999981869756
            ]
        ],
        [
            [
                0.9999999998973812,
                1.0261879628910012e-10,
                0.0,
                0.0,
                0.0
            ],
            [
                0.9999999998506905,
                1.4930946755574412e-10,
                0.0,
                0.0,
                0.0
            ],
            [
                9.357622942598627e-14,
                1.0261879602924539e-10,
                0.9999999972506315,
                2.6465736314873404e-09,
                8.258073262397836e-14
            ],
            [
                3.775134540007114e-11,
                1.5737102089054623e-11,
                3.098819135215168e-12,
                6.691586083720509e-10,
                0.9999999992742541
            ],
            [
                2.2897348441897038e-11,
                7.433680667625738e-12,
                1.1399918523195307e-12,
                2.461696950250199e-10,
                0.9999999997223592
            ]
        ],
        [
            [
                0.9999999999705993,
                2.9400777384731855e-11,
                0.0,
                0.0,
                0.0
            ],
            [
                0.9999999994094697,
                5.905303994002362e-10,
                0.0,
                0.0,
                0.0
            ],
            [
                7.287724075768833e-14,
                1.3887943826753849e-11,
                0.999999997339241,
                2.646573631627547e-09,
                2.244777048844875e-13
            ],
            [
                6.914399736537874e-13,
                4.508755000762166e-12,
                7.835041365343563e-13,
                5.3157849696594086e-08,
                0.9999999468361667
            ],
            [
                1.0060392788991259e-12,
                2.1297851701424525e-12,
                4.193795656777998e-13,
                6.224144620530877e-11,
                0.9999999999342033
            ]
        ],
        [
            [
                0.9999999999771028,
                2.2897348448687066e-11,
                0.0,
                0.0,
                0.0
            ],
            [
                0.9999994956527951,
                5.043472049286987e-07,
                0.0,
                0.0,
                0.0
            ],
            [
                6.431393927678126e-14,
                1.7832472869955256e-11,
                0.9999999979205794,
                2.061153618024263e-09,
                3.7010116706663553e-13
            ],
            [
                2.4133627702829473e-12,
                2.4133627702829473e-12,
                4.193795655685586e-13,
                2.78946809107706e-10,
                0.9999999997158071
            ],
            [
                4.847368700919599e-11,
                1.5737102089491862e-11,
                2.4133627691692787e-12,
                7.582560419542071e-10,
                0.9999999991751198
            ]
        ],
        [
            [
                0.9999999999450722,
                5.492788349299235e-11,
                0.0,
                0.0,
                0.0
            ],
            [
                0.9999999992417439,
                7.582560419763698e-10,
                0.0,
                0.0,
                0.0
            ],
            [
                2.5436656165292105e-13,
                2.1724399087332582e-10,
                0.9999999879212068,
                1.186112000750086e-08,
                1.7482341070697551e-13
            ],
            [
                6.691585952852409e-10,
                4.8473686059843865e-11,
                9.545034725366043e-12,
                1.955568068326842e-08,
                0.9999999797171419
            ],
            [
                1.8189616815190807e-09,
                7.052879827715938e-11,
                8.423463726525845e-12,
                1.103256028683769e-09,
                0.99999999699883
            ]
        ],
        [
            [
                0.9999999999705993,
                2.940077738375874e-11,
                0.0,
                0.0,
                0.0
            ],
            [
                0.9999999999842628,
                1.573710210359628e-11,
                0.0,
                0.0,
                0.0
            ],
            [
                2.6810038672664797e-14,
                9.54503492100595e-12,
                0.9999999998411024,
                1.493094675910172e-10,
                1.6261110443052592e-14
            ],
            [
                1.1399919956946297e-12,
                4.508755806487605e-12,
                1.006039405171742e-12,
                6.825604230441144e-08,
                0.999999931737303
            ],
            [
                1.9171715033719825e-10,
                2.9400777233565205e-11,
                5.7893562973666545e-12,
                4.944450475151948e-09,
                0.9999999948286422
            ]
        ],
        [
            [
                0.9999999999842628,
                1.573710210318557e-11,
                0.0,
                0.0,
                0.0
            ],
            [
                0.9999999956365377,
                4.3634622305929276e-09,
                0.0,
                0.0,
                0.0
            ],
            [
                5.675685231021082e-14,
                3.3315445412204024e-11,
                0.99999999974936,
                2.1724399344621412e-10,
                2.3659776084629297e-14
            ],
            [
                3.5114220582349703e-12,
                8.423463622190966e-12,
                1.6586783328672112e-12,
                1.522997950554897e-08,
                0.9999999847564269
            ],
            [
                8.423463749329192e-12,
                5.789356325198359e-12,
                8.878265473042712e-13,
                3.160881452385126e-10,
                0.9999999996688111
            ]
        ],
        [
            [
                0.9999999999934397,
                6.5602001664936764e-12,
                0.0,
                0.0,
                0.0
            ],
            [
                0.999999992805867,
                7.194132974318062e-09,
                0.0,
                0.0,
                0.0
            ],
            [
                1.3615261071274045e-13,
                2.17243993354366e-10,
                0.9999999993226576,
                4.599055375401966e-10,
                5.675685228621471e-14
            ],
            [
                6.914400094644613e-13,
                2.4133627675416312e-12,
                3.701011672011317e-13,
                1.4166087841240997e-09,
                0.9999999985799164
            ],
            [
                8.423463746333064e-12,
                6.560200161817781e-12,
                2.7346982889506376e-12,
                6.691586084829888e-10,
                0.999999999313123
            ]
        ],
        [
            [
                0.9999999999377585,
                6.22414462116643e-11,
                0.0,
                0.0,
