{
    "[['A', 'B', 'C', 'D', 'E'], ['A', 'B', 'C', 'D', 'E']]": [
        [
            [
                7.582401979537319e-10,
                2.4616455111596256e-10,
                2.940016302182404e-11,
                2.1444939732811525e-05,
                0.9999785540264623
            ],
            [
                6.560087955822267e-12,
                2.2896956796934495e-11,
                5.109001637011673e-12,
                1.670141510737961e-05,
                0.9999832985503265
            ],
            [
                2.8187467158804456e-09,
                5.6616041238930675e-08,
                0.060086296434865294,
                0.9399078691371393,
                5.7749932073354126e-06
            ],
            [
                1.4165845526333312e-09,
                2.78942037327413e-10,
                7.052759197081563e-11,
                1.6701415073267527e-05,
                0.9999832968188725
            ],
            [
                2.594609697620781e-11,
                3.775134834323364e-11,
                6.560200672175138e-12,
                8.315279899828033e-07,
                0.9999991684017524
            ]
        ],
        [
            [
                1.6052280439013982e-09,
                7.991959836773142e-11,
                7.433680620095913e-12,
                4.36346222227003e-09,
                0.9999999939439563
            ],
            [
                6.220703432767079e-11,
                2.1712388417017273e-10,
                6.220703432767079e-11,
                0.000552778583846471,
                0.9994472210746156
            ],
            [
                1.2244898452766249e-11,
                1.1022506317842159e-09,
                0.9990889462348955,
                0.0009110514015953199,
                1.249013598298216e-09
            ],
            [
                4.277787837810845e-11,
                2.940077717869808e-11,
                3.511422087800342e-12,
                6.348800069800881e-09,
                0.9999999935755097
            ],
            [
                1.3176515922687274e-10,
                3.775135017754578e-11,
                7.433681604680688e-12,
                3.059023588679413e-07,
                0.9999996939206909
            ]
        ],
        [
            [
                1.493094641870821e-10,
                7.052879688965996e-11,
                2.0206838625665635e-11,
                2.2159489263917878e-08,
                0.9999999776004657
            ],
            [
                1.0815859600290346e-11,
                6.22409745991331e-11,
                2.0206685974396928e-11,
                7.889265046426193e-06,
                0.99999211064169
            ],
            [
                5.384919852195729e-13,
                1.1628189052860369e-10,
                0.9999970975531471,
                2.9023122000878305e-06,
                1.7832405466679618e-11
            ],
            [
                2.2897350300924176e-11,
                3.7751348483805663e-11,
                3.098819388343512e-12,
                1.1253518378439614e-07,
                0.9999998874010687
            ],
            [
                9.736201047842468e-10,
                7.991960496141512e-11,
                2.0206840615319206e-11,
                8.315279888553514e-07,
                0.9999991673982646
            ]
        ],
        [
            [
                1.08159414403588e-11,
                1.3887943714826919e-11,
                2.4133627457432976e-12,
                1.0467401681585692e-08,
                0.9999999895054811
            ],
            [
                1.7832473733744753e-11,
                3.3315446964084926e-11,
                6.560200471874444e-12,
                5.043472049347031e-07,
                0.9999994955950869
            ],
            [
                1.9166708778853212e-10,
                2.334983139449415e-09,
                8.761959589017531e-08,
                0.9997387195195637,
                0.0002611903341901867
            ],
            [
                1.855389828087014e-07,
                1.4930948652365974e-10,
                2.0206841648592696e-11,
                2.3823676971276248e-07,
                0.9999995760547312
            ],
            [
                9.056060924544428e-11,
                4.8473601072266576e-11,
                1.2256045702312408e-11,
                1.370956654355974e-06,
                0.9999986288920554
            ]
        ],
        [
            [
                2.2897348282572126e-11,
                1.57371019873547e-11,
                3.0988191151892658e-12,
                7.194132975692841e-09,
                0.9999999927641336
            ],
            [
                1.487018301570109e-10,
                3.56717146531345e-10,
                1.9093692942958567e-10,
                0.004070137776977068,
                0.9959298615266671
            ],
            [
                1.492983736489663e-10,
                2.9987379964981814e-09,
                2.3821903811759848e-07,
                0.9999249124360468,
                7.484619687879122e-05
            ],
            [
                2.3823699820476988e-07,
                2.4616972768349003e-10,
                2.0206841758144822e-11,
                6.023574633183012e-08,
                0.9999997012608789
            ],
            [
                2.6465735980160116e-09,
                7.991959769467454e-11,
                4.508755172628521e-12,
                1.1861119968073645e-08,
                0.999999985407878
            ]
        ],
        [
            [
                5.8291107438312615e-05,
                1.605130127515765e-09,
                7.052449586959166e-11,
                2.9021433512697723e-06,
                0.9999388050735558
            ],
            [
                1.782965070915925e-11,
                7.990695071118435e-11,
                2.2893724681225093e-11,
                0.00015843624752702085,
                0.9998415636318427
            ],
            [
                2.7888992697775166e-10,
                4.362572463921088e-09,
                1.370678215802321e-06,
                0.9997951979962014,
                0.0002034266841203057
            ],
            [
                4.363387593466784e-09,
                3.58168664605258e-10,
                4.2777146753933123e-11,
                1.6701415021703993e-05,
                0.9999832938206449
            ],
            [
                4.847368669734082e-11,
                1.388794376028613e-11,
                1.8795288023724714e-12,
                7.194132976100894e-09,
                0.9999999927416259
            ]
        ],
        [
            [
                1.1628233003240038e-10,
                2.2897348403326924e-11,
                3.978962526604873e-12,
                1.818961683332518e-09,
                0.9999999980378798
            ],
            [
                1.0815900760367576e-11,
                1.7832405645399712e-11,
                3.5114088685563846e-12,
                3.7266391154231774e-06,
                0.9999962733287249
            ],
            [
                2.3137814015500402e-10,
                1.4314858639814675e-08,
                0.939913226323363,
                0.0600866392735562,
                1.1985684394820118e-07
            ],
            [
                6.223860279910132e-11,
                1.1627701807565087e-10,
                2.2896302417024764e-11,
                4.539785604471169e-05,
                0.9999546019425434
            ],
            [
                5.211412904469027e-10,
                9.05607771358121e-11,
                8.423464427808293e-12,
                1.1253518371489285e-07,
                0.9999998868446908
            ]
        ],
        [
            [
                7.433680523800123e-12,
                1.2256067199178533e-11,
                2.4133627236054192e-12,
                1.955568069705663e-08,
                0.9999999804222162
            ],
            [
                5.78934605958363e-12,
                2.0206803247377187e-11,
                3.9789554779625894e-12,
                1.370956654579991e-06,
                0.9999986290133703
            ],
            [
                9.71736963757518e-10,
                5.305504053998501e-08,
                0.22269876618216788,
                0.7772950474563051,
                6.132334749622465e-06
            ],
            [
                2.7894680361066076e-10,
                4.8473686076321386e-11,
                5.789356210924221e-12,
                1.955568068991593e-08,
                0.9999999801111095
            ],
            [
                3.33154440228238e-11,
                2.940077615837248e-11,
                4.508755052982374e-12,
                4.139937544958531e-08,
                0.9999999585333996
            ]
        ],
        [
            [
                2.5946094782632984e-11,
                2.940077716606582e-11,
                3.978962505146052e-12,
                7.1941329748344145e-09,
                0.9999999927465412
            ],
            [
                2.5945948000169086e-11,
                7.991914619127192e-11,
                1.7832371888584278e-11,
                4.785094848233709e-06,
                0.9999952147814544
            ],
            [
                1.5826368482749732e-09,
                4.081674228248666e-08,
                0.014063485973180603,
                0.9859264840999025,
                9.987527537832365e-06
            ],
            [
                3.927860149997107e-07,
                2.7894683417262435e-10,
                2.0206840892938543e-11,
                6.825603985268652e-08,
                0.9999995386587914
            ],
            [
                2.9989438258690363e-09,
                1.6918883324421932e-10,
                2.2897218667578456e-11,
                4.785094832102064e-06,
                0.999995211714138
            ]
        ],
        [
            [
                1.855326214148977e-07,
                5.905091014118025e-10,
                4.2776335832785133e-11,
                3.5356259340384764e-05,
                0.9999644575747528
            ],
            [
                1.573689293373374e-11,
                6.224061893330362e-11,
                1.783223588393866e-11,
                1.300712476473045e-05,
                0.9999869927794255
            ],
            [
                2.7887395921673766e-10,
                2.3349830726299277e-09,
                8.313107633049813e-07,
                0.9997379759977543,
                0.0002611900776253965
            ],
            [
                7.991929662970029e-11,
                7.991929662970029e-11,
                1.0815900645451353e-11,
                2.9023121983390725e-06,
                0.9999970975171472
            ],
            [
                2.1723820850418188e-10,
                9.055835834839418e-11,
                2.2896738721549374e-11,
                2.7535689819844123e-05,
                0.9999724639794868
            ]
        ],
        [
            [
                1.4930946695550963e-10,
                3.77513452748532e-11,
                3.978962518136729e-12,
                3.3982678043777945e-09,
                0.9999999964106925
            ],
            [
                2.7346984942385033e-12,
                1.2256068352298664e-11,
                2.413362950668236e-12,
                2.382369844040189e-07,
                0.9999997617456114
            ],
            [
                1.6047935071612755e-09,
                1.5225856867849514e-08,
                1.0127341643390915e-05,
                0.9997286682442655,
                0.0002611875834405963
            ],
            [
                5.4927887940747644e-11,
                2.94007797646956e-11,
                3.97896285683235e-12,
                1.1253518379781678e-07,
                0.9999998873765086
            ],
            [
                4.363462781957198e-09,
                1.4930948572156284e-10,
                9.545036080052954e-12,
                3.059023575885351e-07,
                0.9999996895753251
            ]
        ],
        [
            [
                4.8473599514126896e-11,
                5.492778430401376e-11,
                1.5737073684001796e-11,
                1.7603431327856358e-06,
                0.9999982395377288
            ],
            [
                1.4149507903349645e-09,
                3.5775558591189894e-10,
                4.8416953548867176e-11,
                0.0011695103452798573,
                0.9988304878335968
            ],
            [
                1.586278541416645e-09,
                4.0910662786484484e-08,
                0.3208199482791168,
                0.679175836222889,
                4.173001052872623e-06
            ],
            [
                2.0206841223355153e-11,
                2.2897350873611868e-11,
                3.978962955876029e-12,
                8.764249144640637e-08,
                0.9999999123104254
            ],
            [
                1.0261665206770258e-10,
                7.991792898649266e-11,
                2.940016305512994e-11,
                2.144493975710537e-05,
                0.9999785548483081
            ]
        ],
        [
            [
                1.0261880911055462e-10,
                5.4927890357433035e-11,
                7.433681599112806e-12,
                6.825604227286194e-08,
                0.9999999315789774
            ],
            [
                5.789356940039264e-12,
                1.2256068738239823e-11,
                2.1297853958436554e-12,
                8.764249144876467e-08,
                0.9999999123373334
            ],
            [
                2.734359380046972e-12,
                3.1604897258293363e-10,
                0.9998766048364292,
                0.0001233946275704878,
                2.172170704291522e-10
            ],
            [
                1.1861119506652208e-08,
                4.058651905874351e-10,
                1.7832471938891735e-11,
                4.13993749376568e-08,
                0.9999999463158078
            ],
            [
                1.3176514876153467e-10,
                7.052880175511631e-11,
                9.545035361867572e-12,
                5.043472047823155e-07,
                0.9999994954409562
            ]
        ],
        [
            [
                1.5737104103241137e-11,
                3.775135023185341e-11,
                7.433681615374494e-12,
                1.8553915979873264e-07,
                0.999999814399918
            ],
            [
                5.789356610844324e-12,
                1.7832473777117675e-11,
                3.098819289726393e-12,
                1.4449803165227176e-07,
                0.9999998554752477
            ],
            [
                3.3251265129853535e-11,
                3.843323689657944e-09,
                0.9980732554725875,
                0.0019267343142680097,
                6.336569517324751e-09
            ],
            [
                3.7751344853220716e-11,
                2.9400776933686946e-11,
                3.978962473696992e-12,
                1.522997950686301e-08,
                0.9999999846988894
            ],
            [
                1.3887943407353096e-11,
                2.0206838424402204e-11,
                5.109088859717674e-12,
                3.2241866310190436e-08,
                0.99999996771893
            ]
        ],
        [
            [
                2.9400779649428585e-11,
                5.492788772540051e-11,
                9.545035655446146e-12,
                8.3152798991823e-07,
                0.9999991683781364
            ],
            [
                1.7831998053275522e-11,
                7.052692042367507e-11,
                2.594540407300436e-11,
                2.7535689830887294e-05,
                0.9999724641958648
            ],
            [
                4.7601809504341545e-11,
                3.7814801094222e-09,
                0.9820137658036785,
                0.017986211163299078,
                1.920394057640752e-08
            ],
            [
                2.129785328889361e-12,
                1.3887944894820303e-11,
                2.7346984943826003e-12,
                2.3823698441657209e-07,
                0.9999997617442632
            ],
            [
                2.172411059672383e-10,
                1.3176339131901117e-10,
                3.331500260296142e-11,
                1.3007124765048734e-05,
                0.9999869924929154
            ]
        ],
        [
            [
                2.646573602086533e-09,
                1.1628232868433828e-10,
                1.3887943671736835e-11,
                1.0467401649108513e-08,
                0.9999999867558544
            ],
            [
                4.891944657267285e-10,
                3.6146853505412047e-09,
                4.0959751132890844e-09,
                0.26894140750010004,
                0.7310585843000451
            ],
            [
                2.779643976427083e-09,
                1.0430537069767878e-07,
                0.43782193959213966,
                0.5621744992033534,
                3.4541194923725747e-06
            ],
            [
                2.2897347707859457e-11,
                2.0206838429588455e-11,
                2.7346982021848237e-12,
                3.224186631846558e-08,
                0.9999999677122948
            ],
            [
                1.2256066862291318e-11,
                2.289734736949478e-11,
                3.0988189916176846e-12,
                4.691163799140023e-08,
                0.9999999530501098
            ]
        ],
        [
            [
                1.5737101791371388e-11,
                1.3887943586543738e-11,
                2.4133627234510232e-12,
                1.9555680695805545e-08,
                0.999999980412281
            ],
            [
                2.2892678003718202e-11,
                7.990329744771942e-11,
                2.939478041282256e-11,
                0.0002034270617421556,
                0.999796572806067
            ],
            [
                5.77820351794462e-12,
                5.201373047559578e-10,
                0.9980732640441606,
                0.0019267343287931735,
                1.1011306828092346e-09
            ],
            [
                3.7751346287367424e-11,
                5.492788473839831e-11,
                9.545035136382995e-12,
                6.475946144776327e-07,
                0.9999993523031612
            ],
            [
                6.689838494821588e-10,
                4.0575921556351077e-10,
                7.051037897983051e-11,
                0.00026119032782209565,
                0.9997388085269245
            ]
        ],
        [
            [
                4.2777877602625525e-11,
                6.224144464740838e-11,
                5.10908889823199e-12,
                2.510999091934882e-08,
                0.9999999747798807
            ],
            [
                8.423464813991566e-12,
                4.2777884070391344e-11,
                5.10908967069646e-12,
                3.0590235897893317e-07,
                0.9999996940413305
            ],
            [
                2.3698079796663216e-10,
                1.6613636559697874e-08,
                0.962673061467742,
                0.037326881827598406,
                3.985404228600776e-08
            ],
            [
                3.581747836753144e-10,
                4.847368579691115e-11,
                5.789356177553427e-12,
                2.5109990901743637e-08,
                0.9999999744775712
            ],
            [
                1.9171716063362624e-10,
                3.775134726575891e-11,
                5.789356608291838e-12,
                1.444980315885636e-07,
                0.9999998552667105
            ]
        ],
        [
            [
                4.847368930565342e-11,
                2.940077875326319e-11,
                5.789356596612931e-12,
                5.043472049216125e-07,
                0.9999994955691313
            ],
            [
                2.5945898373821332e-11,
                7.052826407260361e-11,
                1.5736982857510794e-11,
                7.88926504510897e-06,
                0.9999921106227437
            ],
            [
                1.452159764604084e-09,
                1.0180425909083849e-07,
                0.09534876549981305,
                0.9046439942142058,
                7.137029562212277e-06
            ],
            [
                3.098819376945181e-12,
                1.7832474279027147e-11,
                3.978962841722083e-12,
                8.31527990020511e-07,
                0.9999991684470997
            ],
            [
                4.8473689424569906e-11,
                2.0206840074794965e-11,
                5.109089277002313e-12,
                1.4449803165155183e-07,
                0.9999998554281788
            ]
        ],
        [
            [
                7.99195976620851e-11,
                2.5946094571282524e-11,
                2.129785137179274e-12,
                1.5229979503178607e-08,
                0.9999999846620249
            ],
            [
                4.5990555895199694e-10,
                9.056077404895895e-11,
                1.573710282841233e-11,
                5.04347204709129e-07,
                0.9999994950865918
            ],
            [
                2.344947800594143e-10,
                8.799351704101045e-09,
                0.9525731438817182,
                0.04742583001863416,
                1.0170658010716138e-06
            ],
            [
                7.052880736356975e-11,
                6.22414540413359e-11,
                9.545036120889208e-12,
                3.059023588972684e-07,
                0.9999996939553258
            ],
            [
                1.2256067428248029e-11,
                1.388794384700197e-11,
                2.1297851682012155e-12,
                8.592166608061382e-10,
                0.9999999991125095
            ]
        ],
        [
            [
                3.978932386465442e-12,
                1.7832337788036322e-11,
                2.7346775702518755e-12,
                7.889265048254e-06,
                0.9999921107104058
            ],
            [
                9.54487165243129e-12,
                3.7750699695795466e-11,
                9.54487165243129e-12,
                1.6701415103126997e-05,
                0.9999832985280565
            ],
            [
                1.489402651871576e-10,
                1.4131058914929373e-09,
                2.8382990559955423e-08,
                0.9975273471703501,
                0.0024726228846132484
            ],
            [
                1.6914560626631262e-10,
                2.1718725756700273e-10,
                6.22251911098559e-11,
                0.00026119032770751896,
                0.9997388092237345
            ],
            [
                6.224144864232657e-11,
                3.33154467133831e-11,
                7.43368096057365e-12,
                3.9278636977736414e-07,
                0.9999996071106396
            ]
        ],
        [
            [
                1.2256067322209547e-11,
                2.289734822873515e-11,
                3.5114220784544605e-12,
                9.237449570101636e-09,
                0.9999999907238856
            ],
            [
                7.575650424734392e-10,
                4.0549534683038256e-10,
                1.0252527959329942e-10,
                0.0009110514035433082,
                0.999088947330871
            ],
            [
                2.059664359546178e-09,
                2.8432789449753583e-08,
                1.2997899380442861e-05,
                0.9992773103476766,
                0.0007096612604891319
            ],
            [
                2.2897174950605007e-11,
                3.775105938000464e-11,
                1.0815859598925202e-11,
                7.889265045430434e-06,
                0.9999921106634905
            ],
            [
                1.6052189588532633e-09,
                1.3176439602852638e-10,
                1.573701292955847e-11,
                4.785094839764317e-06,
                0.9999952131524399
            ]
        ],
        [
            [
                2.789468087496508e-10,
                2.0206839051304515e-11,
                2.413362767185163e-12,
                1.103256030218722e-09,
                0.9999999985951769
            ],
            [
                3.0988192581201363e-12,
                2.020683986879696e-11,
                1.0815941974026746e-11,
                3.9278636968226473e-07,
                0.9999996071795088
            ],
            [
                8.584321657732372e-10,
                9.229015533580157e-09,
                1.3697086570007271e-06,
                0.9990875703854054,
                0.0009110498184899533
            ],
            [
                1.783247513714658e-11,
                2.0206841616010287e-11,
                5.7893570523810634e-12,
                6.825604229512738e-08,
                0.999999931700129
            ],
            [
                1.1628034124968722e-10,
                1.4930691362572242e-10,
                2.2896956788791258e-11,
                1.6701415101439802e-05,
                0.9999832982964144
            ]
        ],
        [
            [
                1.5737102083364483e-11,
                1.388794384422674e-11,
                2.1297851677756202e-12,
                1.1032560306961877e-09,
                0.999999998864989
            ],
            [
                5.479206314193131e-11,
                2.1670681353344703e-10,
                1.0236505046428425e-10,
                0.002472622964126116,
                0.9975273766620099
            ],
            [
                9.357624159269077e-14,
                5.789357065222934e-12,
                0.9999998144534933,
                1.8553915986493716e-07,
                1.46377870034032e-12
            ],
            [
                7.991960481895856e-11,
                4.277788184206894e-11,
                6.560200651586749e-12,
                2.3823698430629313e-07,
                0.999999761633758
            ],
            [
                1.0261880930075644e-10,
                5.492789045924074e-11,
                5.109089674485554e-12,
                1.85539159736746e-07,
                0.9999998142981844
            ]
        ],
        [
            [
                6.224121081014565e-11,
                4.8473503718253826e-11,
                8.423431893980782e-12,
                2.90231219891818e-06,
                0.999997097568663
            ],
            [
                6.224109363065648e-11,
                6.224109363065648e-11,
                2.5945947997874606e-11,
                4.7850948478105485e-06,
                0.999995214754724
            ],
            [
                9.019221795658097e-11,
                8.118844726082831e-09,
                0.995929848485807,
                0.004070137725161047,
                5.579994936405357e-09
            ],
            [
                2.6465535774454524e-09,
                2.172423467626844e-10,
                2.940055453011432e-11,
                7.88926502481988e-06,
                0.9999921078417786
            ],
            [
                1.3887943506461073e-11,
                1.783247244781949e-11,
                3.0988190587290053e-12,
                2.510999090925128e-08,
                0.9999999748551898
            ]
        ],
        [
            [
                2.594609822416777e-11,
                3.331544958370809e-11,
                1.0815942908503536e-11,
                6.825604229046308e-08,
                0.9999999316738802
            ],
            [
                3.098818972961582e-12,
                1.2256066788505001e-11,
                2.129785057030547e-12,
                5.315784970075507e-08,
                0.9999999468246656
            ],
            [
                6.221462126429112e-11,
                1.102780548465666e-09,
                3.222797169678653e-08,
                0.9995694095035844,
                0.00043055710344871924
            ],
            [
                7.433652633118748e-12,
                1.5737042747805244e-11,
                2.129777137580904e-12,
                3.726639115448739e-06,
                0.999996273335584
            ],
            [
                2.7894522892906286e-10,
                1.0261821493586369e-10,
                2.289721873278526e-11,
                4.785094845729079e-06,
                0.9999952145006936
            ]
        ],
        [
            [
                2.5946096237764214e-11,
                3.775134726880454e-11,
                1.2256068036919292e-11,
                1.4449803160022116e-07,
                0.9999998554260149
            ],
            [
                1.1628212401081537e-10,
                6.22413358092514e-11,
                2.020680324215308e-11,
                1.3709566542255547e-06,
                0.9999986288446155
            ],
            [
                9.538264842412634e-12,
                9.729294643233082e-10,
                0.9992903279187639,
                0.0007096703410500478,
                7.577182286882349e-10
            ],
            [
                9.54503477278083e-12,
                1.7832472627797777e-11,
                3.978962473283009e-12,
                1.522997950527844e-08,
                0.999999984738664
            ],
            [
                1.9555646007706266e-08,
                1.6918948875879746e-10,
                1.388791895194403e-11,
                1.3709566270761078e-06,
                0.9999986093046495
            ]
        ],
        [
            [
                1.6052280324986082e-09,
                7.052879751432424e-11,
                5.789356246908542e-12,
                1.1861119983708289e-08,
                0.9999999864573339
            ],
            [
                1.5736683051645923e-11,
                3.7750340181584156e-11,
                1.3887574050033024e-11,
                2.753568983567423e-05,
                0.9999724642427897
            ],
            [
                5.4922546344276596e-11,
                1.4164711393366827e-09,
                1.3708258747117016e-06,
                0.9999025253895294,
                9.61023132021729e-05
            ],
            [
                2.5946093893851837e-11,
                1.7832472159748277e-11,
                3.978962368847049e-12,
                4.139937545039126e-08,
                0.9999999585528672
            ],
            [
                5.49278805567536e-11,
                2.0206838003950247e-11,
                3.5114219246107557e-12,
                5.315784968660366e-08,
                0.9999999467635041
            ]
        ],
        [
            [
                0.9706874354379303,
                6.983254567316725e-09,
                2.3895383098492586e-10,
                3.3647204790695953e-07,
                0.02931222086781334
            ],
            [
                1.783247359864531e-11,
                2.5946095987434664e-11,
                8.423464080637241e-12,
                3.9278636975735473e-07,
                0.9999996071614282
            ],
            [
                1.5428113222761886e-13,
                3.331544799316899e-11,
                0.999999168422803,
                8.315279902791494e-07,
                1.573710332155579e-11
            ],
            [
                5.109088861604452e-12,
                1.5737101594133476e-11,
                2.129785101565403e-12,
                3.2241866322097303e-08,
                0.9999999677351578
            ],
            [
                3.7751347274384004e-11,
                3.331544703803929e-11,
                5.109089275942486e-12,
                1.4449803162157724e-07,
                0.9999998554257925
            ]
        ],
        [
            [
                1.6918978957215857e-10,
                3.331544489209883e-11,
                3.0988190894645804e-12,
                1.5229979502624654e-08,
                0.9999999845644165
            ],
            [
                2.141886557883611e-10,
                8.471325668221947e-10,
                4.534373878622069e-10,
                0.014063627263675826,
                0.9859363712215655
            ],
            [
                2.0142730552624727e-11,
                1.2461866116113441e-09,
                0.9968273140712286,
                0.0031726830623066047,
                1.6001352832449407e-09
            ],
            [
                2.940077876094466e-11,
                2.940077876094466e-11,
                5.789356598125502e-12,
                5.043472050533819e-07,
                0.9999994955882041
            ],
            [
                1.162818916451524e-10,
                7.991929744524677e-11,
                1.3887891474849616e-11,
                3.726639113857531e-06,
                0.9999962731507971
            ]
        ],
        [
            [
                1.4166087383992979e-09,
                7.052879610919933e-11,
                1.0815941188938984e-11,
                3.2241866274541274e-08,
                0.9999999662601802
            ],
            [
                4.277470033269788e-11,
                9.05540413149236e-11,
                1.388691200352439e-11,
                7.484619745681549e-05,
                0.9999251536553275
            ],
            [
                1.0603575983712987e-13,
                4.508755238973563e-12,
                0.9999999993256166,
                6.691586086363592e-10,
                6.101936673110485e-13
            ],
            [
                1.7832473303877824e-11,
                2.594609555855051e-11,
                6.5602003137352376e-12,
                6.475946143607613e-07,
                0.9999993523550469
            ],
            [
                1.2501077110383398e-09,
                1.3176038336224818e-10,
                6.223919807665972e-11,
                3.5356257460714435e-05,
                0.9999646422984321
            ]
        ],
        [
            [
                7.991959793117522e-11,
                2.5946094658643295e-11,
                3.9789624861316176e-12,
                1.1861120003173458e-08,
                0.9999999880290352
            ],
            [
                7.991945280380925e-11,
                4.8473598432967094e-11,
                1.2256045034992993e-11,
                1.0677030760754618e-06,
                0.9999989321562749
            ],
            [
                2.9281126306244964e-11,
                2.9867560822217737e-09,
                0.9959298553963658,
                0.0040701377525263795,
                3.835070723019459e-09
            ],
            [
                2.940078048725605e-11,
                1.5737103763181927e-11,
                6.560200858610273e-12,
                8.764249141874652e-08,
                0.9999999123058105
            ],
            [
                1.5737103768968265e-11,
                1.783247479155851e-11,
                3.5114224842423477e-12,
                8.764249145097157e-08,
                0.9999999123204276
            ]
        ],
        [
            [
                0.005219483952768646,
                1.945122490442211e-08,
                9.684194641551616e-10,
                0.0001227504966280499,
                0.994657745130959
            ],
            [
                1.416608779329776e-09,
                6.224144590774857e-11,
                6.560200134285924e-12,
                3.398267801951088e-09,
                0.9999999951163216
            ],
            [
                1.0937438388430938e-09,
                5.971639021098237e-08,
                0.008577096824638681,
                0.9913778338703667,
                4.500849486056937e-05
            ],
            [
                2.02068387660853e-11,
                2.5946094566564687e-11,
                6.5602000629219436e-12,
                1.5229979500409305e-08,
                0.9999999847173073
            ],
            [
                4.599029648048471e-10,
                1.9171607876468252e-10,
                2.594594982063106e-11,
                6.144172118402417e-06,
                0.9999938551503166
            ]
        ],
        [
            [
                8.592150901225957e-10,
                1.317649016584129e-10,
                1.388791845926703e-11,
                1.0677030750873511e-06,
                0.999998931292057
            ],
            [
                6.689838496053632e-10,
                5.903761751558518e-10,
                1.0259199607602307e-10,
                0.00026119032621195297,
                0.999738808311836
            ],
            [
                3.58130402100128e-10,
                6.348013268014366e-09,
                9.609974032017803e-05,
                0.9998763605169574,
                2.7533036578749624e-05
            ],
            [
                1.463778498264748e-12,
                7.433680591802566e-12,
                1.2917799907885706e-12,
                1.0467401681322344e-08,
                0.9999999895224091
            ],
            [
                1.3176514153833825e-10,
                1.5737101968008172e-11,
                2.7346982674625407e-12,
                8.152020642541637e-09,
                0.9999999916977426
            ]
        ],
        [
            [
                4.847285790789381e-11,
                4.847285790789381e-11,
                1.3887706308133976e-11,
                1.6701415103384115e-05,
                0.9999832984740632
            ],
            [
                7.43368101847872e-12,
                2.2897349522600304e-11,
                5.109089265952379e-12,
                5.043472050680841e-07,
                0.9999994956173548
            ],
            [
                7.052772426063452e-11,
                2.9989151465642577e-09,
                7.889197138217226e-06,
                0.9999842185362806,
                7.889197138217226e-06
            ],
            [
                8.423463647928296e-12,
                1.7832472682600463e-11,
                2.413362741308892e-12,
                1.1861120001323844e-08,
                0.9999999881102107
            ],
            [
                2.594609358866622e-11,
                2.2897347226167965e-11,
                2.734698144654979e-12,
                5.315784968804255e-08,
                0.9999999467905722
            ]
        ],
        [
            [
                5.492788605716556e-11,
                2.5946096186174542e-11,
                8.423464145158633e-12,
                5.043472049769103e-07,
                0.9999994955634975
            ],
            [
                1.388328337445014e-11,
                7.989277965835665e-11,
                2.2889664606613398e-11,
                0.0003353500552656871,
                0.9996646498280687
            ],
            [
                1.2916199145985837e-12,
