{
    "[['A', 'B', 'C', 'D', 'E'], ['A', 'B', 'C', 'D', 'E']]": [
        [
            [
                0.99999999999886,
                1.1399918527248328e-12,
                0.0,
                0.0,
                0.0
            ],
            [
                0.9999999999200804,
                7.991959889787021e-11,
                0.0,
                0.0,
                0.0
            ],
            [
                2.413362922822206e-12,
                1.1861120893419823e-08,
                0.9999997498967494,
                2.3823698165517657e-07,
                2.7346984626848175e-12
            ],
            [
                2.2447770355439494e-13,
                2.734698267864001e-12,
                4.752193021538291e-13,
                8.152020643738373e-09,
                0.9999999918445449
            ],
            [
                0.0,
                2.4133627570469593e-12,
                4.752193033655291e-13,
                5.602796403209907e-09,
                0.999999994394315
            ]
        ],
        [
            [
                0.9999999999992164,
                7.835041782249942e-13,
                0.0,
                0.0,
                0.0
            ],
            [
                0.9999999999622486,
                3.775134542603638e-11,
                0.0,
                0.0,
                0.0
            ],
            [
                8.258073208470227e-14,
                4.847368661022077e-11,
                0.999999990713888,
                9.237449575742829e-09,
                1.0603575892543858e-13
            ],
            [
                1.7482341243767765e-13,
                2.1297851662115804e-12,
                4.193795649037652e-13,
                1.8189616835012162e-09,
                0.9999999981783143
            ],
            [
                3.266131340469673e-13,
                2.1297851694444066e-12,
                3.70101167596629e-13,
                1.1628233021969122e-10,
                0.9999999998808913
            ]
        ],
        [
            [
                0.9999999999978701,
                2.1297851702775075e-12,
                0.0,
                0.0,
                0.0
            ],
            [
                0.9984988179408402,
                0.0015011820389833979,
                2.017649218311868e-11,
                0.0,
                0.0
            ],
            [
                1.5428112010806226e-13,
                3.775134539113002e-11,
                0.9999999987114663,
                1.2501528646759666e-09,
                4.752193056267999e-13
            ],
            [
                1.0060392724233324e-12,
                7.433680621663378e-12,
                1.6586783476040288e-12,
                6.3488000727524575e-09,
                0.9999999936411015
            ],
            [
                1.9810087967961933e-13,
                2.7346982898624564e-12,
                3.7010116762521595e-13,
                1.6918979215451772e-10,
                0.9999999998275073
            ]
        ],
        [
            [
                0.9999999999987081,
                1.2917800043212719e-12,
                0.0,
                0.0,
                0.0
            ],
            [
                0.9999999999450722,
                5.4927883491196925e-11,
                0.0,
                0.0,
                0.0
            ],
            [
                1.2015425678014192e-13,
                5.492788326379683e-11,
                0.9999999955808796,
                4.363462233421361e-09,
                6.101936650304965e-13
            ],
            [
                3.2661314943658495e-13,
                5.789356597409799e-12,
                1.1399919059504162e-12,
                5.043472049910326e-07,
                0.999999495645539
            ],
            [
                2.2447770524016662e-13,
                2.1297851684706547e-12,
                3.7010116742741633e-13,
                7.58256041906423e-10,
                0.9999999992390196
            ]
        ],
        [
            [
                0.9999999999978701,
                2.1297851701878715e-12,
                0.0,
                0.0,
                0.0
            ],
            [
                0.999999999989184,
                1.0815941554148517e-11,
                0.0,
                0.0,
                0.0
            ],
            [
                7.287724091710343e-14,
                7.052879847135233e-11,
                0.9999999994694426,
                4.5990553760590346e-10,
                5.008774635019195e-14
            ],
            [
                5.38493049255321e-13,
                1.0815922023697664e-11,
                2.4133584133005893e-12,
                1.7603431329711242e-06,
                0.9999982396430992
            ],
            [
                1.4637784959830155e-12,
                9.545034804534102e-12,
                1.2917799887749488e-12,
                1.1861120004330442e-08,
                0.9999999881265794
            ]
        ],
        [
            [
                0.9999999999985363,
                1.4637785135292477e-12,
                0.0,
                0.0,
                0.0
            ],
            [
                0.9999999992417439,
                7.582560417682175e-10,
                0.0,
                0.0,
                0.0
            ],
            [
                5.675685231104792e-14,
                7.05287984921348e-11,
                0.9999999997601943,
                1.6918979221596607e-10,
                3.037975384625286e-14
            ],
            [
                2.1297852184399884e-12,
                1.0815941798430376e-11,
                3.098819207810934e-12,
                6.475946144279061e-07,
                0.999999352389341
            ],
            [
                1.54281120147342e-13,
                1.6586783570667044e-12,
                3.7010116744702825e-13,
                5.905303992366388e-10,
                0.9999999994072866
            ]
        ],
        [
            [
                0.9999999999972653,
                2.7346982908209467e-12,
                0.0,
                0.0,
                0.0
            ],
            [
                0.9999999998973812,
                1.0261879627403587e-10,
                0.0,
                0.0,
                0.0
            ],
            [
                5.0087746366766224e-14,
                3.775134543399613e-11,
                0.9999999997929783,
                1.6918979222209727e-10,
                3.0379753847353773e-14
            ],
            [
                1.9810087153201538e-13,
                2.734698177388253e-12,
                4.752192864315016e-13,
                4.1399375458974003e-08,
                0.9999999585972166
            ],
            [
                2.2447770495825373e-13,
                2.734698284966502e-12,
                4.193795648219207e-13,
                2.061153617444987e-09,
                0.9999999979354679
            ]
        ],
        [
            [
                0.9999999999989939,
                1.0060392790014172e-12,
                0.0,
                0.0,
                0.0
            ],
            [
                0.11920292381896057,
                0.8807970758887688,
                2.7840945148326916e-10,
                1.3861190395257019e-11,
                0.0
            ],
            [
                2.4133627558054776e-12,
                5.602796400327718e-09,
                0.9999999934209953,
                9.736200248349061e-10,
                1.7482341166606036e-13
            ],
            [
                4.193795649153669e-13,
                3.0988191319047745e-12,
                6.101936664181755e-13,
                1.6052280516542918e-09,
                0.9999999983906436
            ],
            [
                0.0,
                1.879528812353383e-12,
                2.8823507870254077e-13,
                1.818961683502228e-09,
                0.9999999981788705
            ]
        ],
        [
            [
                0.9999999999981204,
                1.879528815772237e-12,
                0.0,
                0.0,
                0.0
            ],
            [
                0.9999999999925664,
                7.433680670870293e-12,
                0.0,
                0.0,
                0.0
            ],
            [
                1.748234127534361e-13,
                2.7894680916934586e-10,
                0.9999999996045519,
                1.1628233025320899e-10,
                4.420228101778514e-14
            ],
            [
                6.101937168199016e-13,
                6.560200695591705e-12,
                1.4637786318132178e-12,
                1.1253518376704998e-07,
                0.999999887456182
            ],
            [
                3.7010119767049803e-13,
                5.789356795056762e-12,
                1.2917801088374157e-12,
                1.1253518378384028e-07,
                0.9999998874573649
            ]
        ],
        [
            [
                0.999999999996021,
                3.978962534710793e-12,
                0.0,
                0.0,
                0.0
            ],
            [
                0.9999921107349574,
                7.88926504256955e-06,
                0.0,
                0.0,
                0.0
            ],
            [
                1.0603575968728963e-13,
                2.5946094926987426e-11,
                0.999999997912506,
                2.0611536180076226e-09,
                2.8823507872480957e-13
            ],
            [
                2.543665969942933e-13,
                4.508755814056759e-12,
                1.0060394068606488e-12,
                1.8553915979009065e-07,
                0.999999814455071
            ],
            [
                2.5436656446948835e-13,
                3.098819135454433e-12,
                6.101936671171446e-13,
                4.5990553738030763e-10,
                0.9999999995361311
            ]
        ],
        [
            [
                0.9999999999991123,
                8.878265475973454e-13,
                0.0,
                0.0,
                0.0
            ],
            [
                0.9999999317439577,
                6.825604227399747e-08,
                0.0,
                0.0,
                0.0
            ],
            [
                6.914400048166465e-13,
                1.2501528557602014e-09,
                0.9999999915547345,
                7.194132969173861e-09,
                2.8823507689438484e-13
            ],
            [
                1.7482341149773877e-13,
                3.0988191151582336e-12,
                7.835041725486298e-13,
                7.194132975620798e-09,
                0.9999999928018097
            ],
            [
                0.0,
                1.879528815363785e-12,
                3.266131340745085e-13,
                2.172439933720557e-10,
                0.9999999997805498
            ]
        ],
        [
            [
                0.9999999999987081,
                1.2917800044237334e-12,
                0.0,
                0.0,
                0.0
            ],
            [
                0.9999999995400946,
                4.5990553755368985e-10,
                0.0,
                0.0,
                0.0
            ],
            [
                6.101936547924486e-13,
                1.6052280210706529e-09,
                0.9999999788381544,
                1.9555680672245217e-08,
                3.266131273374297e-13
            ],
            [
                6.914334693688897e-13,
                1.081583923374464e-11,
                3.0987898225364823e-12,
                1.0129988102797443e-05,
                0.9999898699972911
            ],
            [
                2.543665915746246e-13,
                4.508755717990832e-12,
                5.384940785891897e-13,
                8.764249144115227e-08,
                0.999999912352207
            ]
        ],
        [
            [
                0.9999999999983413,
                1.658678358316905e-12,
                0.0,
                0.0,
                0.0
            ],
            [
                0.9999999979388463,
                2.0611536175383374e-09,
                0.0,
                0.0,
                0.0
            ],
            [
                9.357622967466981e-14,
                4.27778786834125e-11,
                0.9999999998865694,
                7.052879850077179e-11,
                3.0379753849973176e-14
            ],
            [
                2.5436656441509835e-13,
                2.4133627687725277e-12,
                4.752193056744305e-13,
                8.592166608277312e-10,
                0.9999999991376405
            ],
            [
                6.10193666139435e-13,
                3.51142210404774e-12,
                8.87826545487283e-13,
                2.061153616962705e-09,
                0.999999997933837
            ]
        ],
        [
            [
                0.9999999999985363,
                1.4637785135292972e-12,
                0.0,
                0.0,
                0.0
            ],
            [
                0.9999999950555496,
                4.944450476272455e-09,
                0.0,
                0.0,
                0.0
            ],
            [
                2.8823507865076797e-13,
                1.6052280513224462e-09,
                0.9999999976361631,
                7.582560409663605e-10,
                6.431393925974112e-14
            ],
            [
                1.7482340837414827e-13,
                2.4133627103620326e-12,
                4.193795551558649e-13,
                2.5109990917858876e-08,
                0.9999999748870017
            ],
            [
                6.914400099215951e-13,
                3.9789625313922394e-12,
                7.835041776311664e-13,
                5.211412482066738e-10,
                0.9999999994734048
            ]
        ],
        [
            [
                0.9999999999980378,
                1.8795288160723397e-12,
                0.0,
                0.0,
                8.258073283505192e-14
            ],
            [
                0.999999974890009,
                2.5109990910113663e-08,
                0.0,
                0.0,
                0.0
            ],
            [
                1.8795287084924168e-12,
                3.2241865519110096e-08,
                0.9999999426457262,
                2.510999011396587e-08,
                5.384939908195153e-13
            ],
            [
                2.543665836035006e-13,
                4.508755576699279e-12,
                8.87826613694107e-13,
                2.3823698441969332e-07,
                0.9999997617573646
            ],
            [
                2.882350771369553e-13,
                3.5114220864838583e-12,
                7.835041725058768e-13,
                7.19413297522824e-09,
                0.9999999928012837
            ]
        ],
        [
            [
                0.99999999999886,
                1.1399918527621341e-12,
                0.0,
                0.0,
                0.0
            ],
            [
                0.9999999928058669,
                7.194132975649006e-09,
                0.0,
                0.0,
                0.0
            ],
            [
                2.882350786645488e-13,
                2.172439929954658e-10,
                0.999999997721116,
                2.0611536175767012e-09,
                1.981008793376169e-13
            ],
            [
                3.7010120692655786e-13,
                4.508755718231857e-12,
                1.006039385479223e-12,
                8.764249144583739e-08,
                0.9999999123516237
            ],
            [
                1.6586783579463451e-12,
                4.508755239663837e-12,
                1.2917800040322056e-12,
                5.4927883477494846e-11,
                0.9999999999376128
            ]
        ],
        [
            [
                0.9999999999983413,
                1.6586783583868632e-12,
                0.0,
                0.0,
                0.0
            ],
            [
                0.999999999986112,
                1.3887943860894029e-11,
                0.0,
                0.0,
                0.0
            ],
            [
                4.5087549830122824e-12,
                3.224186551845175e-08,
                0.9999999426428519,
                2.5109990113453153e-08,
                7.835041334498891e-13
            ],
            [
                6.101774192372357e-13,
                9.544780753172036e-12,
                2.413298507676941e-12,
                2.7535689836160674e-05,
                0.9999724642975956
            ],
            [
                6.914400101040156e-13,
                3.098819136077608e-12,
                6.914400101040156e-13,
                9.05607698194533e-11,
                0.9999999999049576
            ]
        ],
        [
            [
                0.9999999999981204,
                1.8795288157721737e-12,
                0.0,
                0.0,
                0.0
            ],
            [
                0.9999970976871922,
                2.9023121975727127e-06,
                6.101913595116571e-13,
                0.0,
                0.0
            ],
            [
                2.734698638220561e-12,
                1.8553915977906858e-07,
                0.9999998140520422,
                4.058652640918277e-10,
                1.981009049145958e-13
            ],
            [
                4.193795852122115e-13,
                7.43368101576911e-12,
                1.8795289033684793e-12,
                5.043472048842473e-07,
                0.9999994956430626
            ],
            [
                2.543665631412644e-13,
                3.098819119273353e-12,
                7.83504173589095e-13,
                5.602796402373604e-09,
                0.9999999943930669
            ]
        ],
        [
            [
                0.9999999999969011,
                3.0988191376015152e-12,
                0.0,
                0.0,
                0.0
            ],
            [
                0.9999999998308102,
                1.6918979217225035e-10,
                0.0,
                0.0,
                0.0
            ],
            [
                4.752193053207497e-13,
                1.605228051955135e-09,
                0.9999999980780885,
                3.1608814479525067e-10,
                1.2015425707591077e-13
            ],
            [
                6.101774191081919e-13,
                1.3887574047341337e-11,
                4.508635180091148e-12,
                2.7535689830337265e-05,
                0.9999724642911633
            ],
            [
                6.101936672475699e-13,
                2.7346982892929365e-12,
                6.101936672475699e-13,
                2.4616969497459467e-10,
                0.9999999997498752
            ]
        ],
        [
            [
                0.9999999999993898,
                6.101936675414488e-13,
                0.0,
                0.0,
                0.0
            ],
            [
                0.9999999998308102,
                1.6918979217225878e-10,
                0.0,
                0.0,
                0.0
            ],
            [
                1.060357578170465e-13,
                1.691897889136551e-10,
                0.9999999802746533,
                1.955568070089073e-08,
                3.701011605358577e-13
            ],
            [
                5.384940900609004e-13,
                7.433681615004395e-12,
                1.0060394068574203e-12,
                1.8553915978949524e-07,
                0.999999814451862
            ],
            [
                2.8823507915996514e-13,
                1.8795288153361643e-12,
                4.1937956556954697e-13,
                1.1628233022778774e-10,
                0.9999999998811304
            ]
        ],
        [
            [
                0.9999999999985363,
                1.4637785136606616e-12,
                0.0,
                0.0,
                0.0
            ],
            [
                0.9999999991407833,
                8.592166609674258e-10,
                0.0,
                0.0,
                0.0
            ],
            [
                1.0060392631062672e-12,
                1.5229979499815492e-08,
                0.9999999840106222,
                7.582560305984802e-10,
                1.3615260861963978e-13
            ],
            [
                4.193787988225163e-13,
                9.545017465649722e-12,
                1.6586753253093256e-12,
                2.260325272999116e-06,
                0.9999977396631039
            ],
            [
                2.8823455887961967e-13,
                5.789345874915311e-12,
                1.8795254226821397e-12,
                1.7603431335065513e-06,
                0.9999982396489093
            ]
        ],
        [
            [
                0.99999999999886,
                1.139991852448537e-12,
                0.0,
                0.0,
                0.0
            ],
            [
                0.9999999634651793,
                3.6534820780830425e-08,
                0.0,
                0.0,
                0.0
            ],
            [
                5.4927676197914e-11,
                3.726639106753289e-06,
                0.9999962709694935,
                2.335584223684398e-09,
                8.878231969655105e-13
            ],
            [
                3.7010118224382523e-13,
                6.560200423126171e-12,
                1.8795288895898964e-12,
                3.9278636981435703e-07,
                0.9999996072048203
            ],
            [
                2.5436656441164024e-13,
                1.8795288141298664e-12,
                2.882350789749734e-13,
                7.582560418192432e-10,
                0.9999999992393218
            ]
        ],
        [
            [
                0.9999999999981204,
                1.8795288160107834e-12,
                0.0,
                0.0,
                0.0
            ],
            [
                0.9999999999771028,
                2.2897348448687066e-11,
                0.0,
                0.0,
                0.0
            ],
            [
                3.511422388242377e-12,
                1.1253518352824794e-07,
                0.9999998848143119,
                2.6465738460766777e-09,
                4.193795986660006e-13
            ],
            [
                3.2661313023270037e-13,
                4.508755186440906e-12,
                7.835041688004831e-13,
                1.1861120004409695e-08,
                0.9999999881332612
            ],
            [
                1.9810087948590049e-13,
                1.4637785117688188e-12,
                2.8823507888030014e-13,
                1.250152864373649e-09,
                0.9999999987478969
            ]
        ],
        [
            [
                0.9999999999995806,
                4.1937956568746065e-13,
                0.0,
                0.0,
                0.0
            ],
            [
                0.9999999928058669,
                7.194132977005526e-09,
                0.0,
                0.0,
                0.0
            ],
            [
                1.0603575973265185e-13,
                9.056076974078897e-11,
                0.9999999983040118,
                1.6052280524215142e-09,
                9.357622952726963e-14
            ],
            [
                2.8823506729370973e-13,
                2.7346981772577412e-12,
                4.1937954830424725e-13,
                4.139937545699824e-08,
                0.9999999585971824
            ],
            [
                2.5436656345658797e-13,
                3.0988191231147805e-12,
                4.752193038836974e-13,
                4.363462230967346e-09,
                0.9999999956327092
            ]
        ],
        [
            [
                0.9999999999975866,
                2.4133627708469965e-12,
                0.0,
                0.0,
                0.0
            ],
            [
                0.9999999999515263,
                4.8473687040668197e-11,
                0.0,
                0.0,
                0.0
            ],
            [
                3.701011580694377e-13,
                1.2501528333179913e-09,
                0.9999999736387946,
                2.5109990893236197e-08,
                6.914399924042109e-13
            ],
            [
                8.876454547685544e-13,
                2.289267800443244e-11,
                7.432164398579212e-12,
                0.00020342706215237347,
                0.9997965729066352
            ],
            [
                2.8823507915987694e-13,
                2.129785169592048e-12,
                4.752193059728243e-13,
                1.1628233022775216e-10,
                0.9999999998808244
            ]
        ],
        [
            [
                0.9999999999990394,
                8.878265475643058e-13,
                0.0,
                0.0,
                7.287724093507686e-14
            ],
            [
                0.99999998813888,
                1.1861120006407476e-08,
                0.0,
                0.0,
                0.0
            ],
            [
                1.0603575983191077e-13,
                1.6918979212855606e-10,
                0.999999999240101,
                5.905303994303384e-10,
                7.287724090092669e-14
            ],
            [
                4.752175137096796e-13,
                8.423431980450582e-12,
                2.1297771372259e-12,
                3.7266391148275608e-06,
                0.9999962733498567
            ],
            [
                2.2447770539023742e-13,
                1.4637785133964901e-12,
                1.9810087970618185e-13,
                9.056076985160112e-11,
                0.9999999999075528
            ]
        ],
        [
            [
                0.9999999999978701,
                2.1297851702775075e-12,
                0.0,
                0.0,
                0.0
            ],
            [
                0.9999999998837177,
                1.1628233024700913e-10,
                0.0,
                0.0,
                0.0
            ],
            [
                1.879528801485392e-12,
                7.1941329727054866e-09,
                0.999999992045638,
                7.582560367180982e-10,
                9.35762289389226e-14
            ],
            [
                3.7009766652149144e-13,
                8.423384064388183e-12,
                2.4133399402428993e-12,
                1.0129988102284455e-05,
                0.9999898700006908
            ],
            [
                1.7482341273799853e-13,
                1.463778513379824e-12,
                2.543665646080421e-13,
                1.9171715127811332e-10,
                0.99999999980639
            ]
        ],
        [
            [
                0.9999999999954912,
                4.5087552410127904e-12,
                0.0,
                0.0,
                0.0
            ],
            [
                0.9999999994094697,
                5.905303993807036e-10,
                0.0,
                0.0,
                0.0
            ],
            [
                8.423464216452496e-12,
                2.3823697981625936e-07,
                0.9999997421977747,
                1.9555682160379456e-08,
                1.1399919155670704e-12
            ],
            [
                1.7482341205019972e-13,
                2.129785161491133e-12,
                3.7010116621455725e-13,
                3.850741905655124e-09,
                0.9999999961465833
            ],
            [
                4.193795655374476e-13,
                2.7346982896323237e-12,
                5.384940213895451e-13,
                1.9171715123845606e-10,
                0.9999999998045903
            ]
        ],
        [
            [
                0.9999999999983413,
                1.6586783583868192e-12,
                0.0,
                0.0,
                0.0
            ],
            [
                0.9999999997210531,
                2.7894680915552186e-10,
                0.0,
                0.0,
                0.0
            ],
            [
                2.0206416654844084e-11,
                2.1444939536724418e-05,
                0.9999785445719339,
                1.0467182967801216e-08,
                1.139968020871134e-12
            ],
            [
                6.101936959499283e-13,
                7.433681015769333e-12,
                1.6586784355409538e-12,
                5.043472048842625e-07,
                0.9999994956430925
            ],
            [
                3.266131341122244e-13,
                1.6586783580685711e-12,
                3.701011676705749e-13,
                1.493094675435925e-10,
                0.9999999998483351
            ]
        ],
        [
            [
                0.9999999999987081,
                1.2917800044236993e-12,
                0.0,
                0.0,
                0.0
            ],
            [
                0.999999999987744,
                1.2256067440072157e-11,
                0.0,
                0.0,
                0.0
            ],
            [
                2.882350755492881e-13,
                1.250152849926156e-09,
                0.9999999868880689,
                1.1861119995170133e-08,
                3.7010116298619734e-13
            ],
            [
                2.5436656421160606e-13,
                2.413362766841847e-12,
                4.1937956497058495e-13,
                1.6052280518656457e-09,
                0.9999999983916847
            ],
            [
                6.101936673488743e-13,
                3.0988191366312538e-12,
                4.752193059565157e-13,
                1.49309467518987e-10,
                0.9999999998465063
            ]
        ],
        [
            [
                0.99999999999886,
                1.139991852682462e-12,
                0.0,
                0.0,
                0.0
            ],
            [
                0.9999251537989206,
                7.484619866627733e-05,
                2.4131834586540132e-12,
                0.0,
                0.0
            ],
            [
                7.287724094448908e-14,
                3.331544541539766e-11,
                0.9999999998348024,
                1.3176514267617031e-10,
                4.4202281028097506e-14
            ],
            [
                2.543665765272793e-13,
                5.109089264863511e-12,
                1.0060393259120382e-12,
                5.043472049605957e-07,
                0.9999994956464255
            ],
            [
                1.7482341257597468e-13,
                2.413362768366457e-12,
                3.701011673276229e-13,
                9.736200299023672e-10,
                0.9999999990234216
            ]
        ],
        [
            [
                0.9999999999994615,
                5.384940216247815e-13,
                0.0,
                0.0,
                0.0
            ],
            [
                0.9999999994788586,
                5.211412483718038e-10,
                0.0,
                0.0,
                0.0
            ],
            [
                2.2447770503096825e-13,
                4.599055368999914e-10,
                0.999999997934536,
                1.605228051816592e-09,
                1.060357596926928e-13
            ],
            [
                1.7482340344201018e-13,
                3.5114219248718293e-12,
                6.101936350033303e-13,
                5.315784969055594e-08,
                0.999999946837854
            ],
            [
                6.914400101649484e-13,
                3.978962532792642e-12,
                7.83504177906922e-13,
                1.6918979213205344e-10,
                0.9999999998253564
            ]
        ],
        [
            [
                0.9999999999972653,
                2.7346982904737816e-12,
                0.0,
                0.0,
                0.0
            ],
            [
                0.9999999999294713,
                7.052879849079576e-11,
                0.0,
                0.0,
                0.0
            ],
            [
                1.3887918737723042e-11,
                1.7603431271889474e-06,
                0.9999982357918797,
                3.850734955680107e-09,
                3.701004982409766e-13
            ],
            [
                0.0,
                2.1297851694128554e-12,
                3.7010116759114624e-13,
                3.160881452023782e-10,
                0.999999999681412
            ],
            [
                0.0,
                3.098819136662052e-12,
                5.384940214174686e-13,
                7.052879846424137e-11,
                0.999999999925834
            ]
        ],
        [
            [
                0.9999999999983413,
                1.6586783583868192e-12,
                0.0,
                0.0,
                0.0
            ],
            [
                0.9999999999705993,
                2.9400777385588045e-11,
                0.0,
                0.0,
                0.0
            ],
            [
                1.658672092231806e-12,
                6.348776129528214e-09,
                0.999996267005964,
                3.7266390923435536e-06,
                4.508738207685864e-12
            ],
            [
                4.1937955988138567e-13,
                3.511422063502772e-12,
                6.914400008732986e-13,
                1.3440409760237006e-08,
                0.999999986554968
            ],
            [
                1.3615261047915566e-13,
                2.413362765987197e-12,
                4.752193051259662e-13,
                2.061153617445716e-09,
                0.9999999979358216
            ]
        ],
        [
            [
                0.9999999999978701,
                2.1297851700863654e-12,
                0.0,
                0.0,
                0.0
            ],
            [
                0.999999999989184,
                1.0815941554504678e-11,
                0.0,
                0.0,
                0.0
            ],
            [
                2.2447770539278863e-13,
                9.056076985263037e-11,
                0.9999999995929725,
                3.1608814527745106e-10,
                1.5428112024406203e-13
            ],
            [
                8.87741922090995e-13,
                1.7830773154420272e-11,
                3.978583269516118e-12,
                9.610239978933605e-05,
                0.9999038975775135
            ],
            [
                0.0,
                2.1297851690548017e-12,
                4.193795654636286e-13,
                1.3176514258334498e-10,
                0.9999999998656857
            ]
        ],
        [
            [
                0.9999999999992164,
                7.835041781450091e-13,
                0.0,
                0.0,
                0.0
            ],
            [
                0.999999999782756,
                2.1724399339200057e-10,
                0.0,
                0.0,
                0.0
            ],
            [
                5.384939924470142e-13,
                1.2501527982987628e-09,
                0.9999999455912046,
                5.315784964906965e-08,
                2.543665508839421e-13
            ],
            [
                2.882351097371157e-13,
                3.9789629553952035e-12,
                6.914400836022621e-13,
                8.764249143581549e-08,
                0.9999999123525499
            ],
            [
                1.7482340347050053e-13,
                3.5114219254440735e-12,
                6.101936351027715e-13,
                5.315784969921889e-08,
                0.999999946837854
            ]
        ],
        [
            [
                0.9999999999993898,
                6.101936675671093e-13,
                0.0,
                0.0,
                0.0
            ],
            [
                0.9999998874648162,
                1.1253518379763173e-07,
                0.0,
                0.0,
                0.0
            ],
            [
                9.733657361096471e-10,
                0.00026119032155975036,
                0.9997387865418299,
                2.2153702041488986e-08,
                9.542541900507762e-12
            ],
            [
                6.914400663416959e-13,
                4.508755605163252e-12,
                8.878266192989957e-13,
                1.1253518377618496e-07,
                0.9999998874587281
            ],
            [
                0.0,
                1.6586783580197245e-12,
                0.0,
                1.317651426298952e-10,
                0.9999999998665763
            ]
        ],
        [
            [
                0.9999999999987081,
                1.2917800043756824e-12,
                0.0,
                0.0,
                0.0
            ],
            [
                0.999999999979793,
                2.0206839084173216e-11,
                0.0,
                0.0,
                0.0
            ],
            [
                8.878265454528983e-13,
                2.0611536168828783e-09,
                0.9999999973473555,
                5.905303983026751e-10,
                7.287724076176197e-14
            ],
            [
                2.882350905011519e-13,
                3.978962689850914e-12,
                1.139991897170012e-12,
                3.927863697516826e-07,
                0.999999607208223
            ],
            [
                6.101936674072242e-13,
                2.734698290008457e-12,
                6.101936674072242e-13,
                1.6918979216355048e-10,
                0.9999999998268552
            ]
        ],
        [
            [
                0.9999999999975866,
                2.4133627711537116e-12,
                0.0,
                0.0,
                0.0
            ],
            [
                0.9999999998506905,
                1.4930946755019857e-10,
                0.0,
                0.0,
                0.0
            ],
            [
                7.991746939174449e-11,
                2.7535689353369814e-05,
                0.9999724469698497,
                1.7257368135840717e-08,
                3.5113285480157723e-12
            ],
            [
                6.913543206447791e-13,
                1.3886222734316036e-11,
                5.108455859482361e-12,
                0.0001233946282178704,
                0.9998766053520961
            ],
            [
                2.8823507855302217e-13,
                3.5114221037350844e-12,
                4.7521930497229e-13,
                2.335593032386422e-09,
                0.9999999976601321
            ]
        ],
        [
            [
                0.9999999999972653,
                2.734698290910718e-12,
                0.0,
                0.0,
                0.0
            ],
            [
                0.9999999468421503,
                5.315784969690493e-08,
                0.0,
