{
    "[['A', 'B', 'C', 'D', 'E'], ['A', 'B', 'C', 'D', 'E']]": [
        [
            [
                0.9999999999842628,
                1.5737102099374913e-11,
                0.0,
                0.0,
                0.0
            ],
            [
                1.3637277754869694e-09,
                1.1647036563549423e-06,
                0.0373268028817172,
                0.9626710032035295,
                1.0278473691621898e-06
            ],
            [
                2.8823509342238764e-13,
                1.917171607396611e-10,
                0.9999998553091793,
                1.4449803166848254e-07,
                7.835042167742716e-13
            ],
            [
                2.288748086069361e-11,
                1.4924512281260038e-10,
                7.049840417639743e-11,
                0.00043055711915799595,
                0.999569442638211
            ],
            [
                1.8795288073293286e-12,
                1.0815941504287215e-11,
                2.7346982781917607e-12,
                4.36346223156259e-09,
                0.9999999956211076
            ]
        ],
        [
            [
                0.9999999999933669,
                6.560200166494553e-12,
                0.0,
                0.0,
                7.287724093976459e-14
            ],
            [
                0.017986210850534326,
                0.9820137483653287,
                4.06547417817726e-08,
                1.2939513143008504e-10,
                0.0
            ],
            [
                8.995461967741215e-11,
                4.1122278819644334e-08,
                0.9933071042757872,
                0.006692851136457131,
                3.375522200322088e-09
            ],
            [
                1.6918948287827547e-10,
                1.4930919458996756e-10,
                2.9400723630099494e-11,
                1.06770307585418e-06,
                0.9999989319490248
            ],
            [
                2.5946093590704198e-11,
                5.4927880562554796e-11,
                7.433680273520186e-12,
                5.315784969221792e-08,
                0.9999999467538427
            ]
        ],
        [
            [
                0.9999999999934397,
                6.5602001657595706e-12,
                0.0,
                0.0,
                0.0
            ],
            [
                0.9999998874639284,
                1.1253518371907049e-07,
                8.878266188484011e-13,
                0.0,
                0.0
            ],
            [
                3.327645290197503e-11,
                5.596238904007712e-09,
                0.9988304824293144,
                0.0011695103378211106,
                1.6033492903738223e-09
            ],
            [
                5.789235359224242e-12,
                6.22401456843193e-11,
                1.2255811351652404e-11,
                2.1444939759928587e-05,
                0.9999785549799549
            ],
            [
                1.8795287469502576e-12,
                2.2897347608690082e-11,
                5.109088838901285e-12,
                3.6534820784522834e-08,
                0.9999999634352932
            ]
        ],
        [
            [
                0.999999999990455,
                9.545034920085816e-12,
                0.0,
                0.0,
                0.0
            ],
            [
                3.9121676855372865e-06,
                0.817570235314637,
                0.18242458152079596,
                1.2700948918292848e-06,
                9.019897237809287e-10
            ],
            [
                2.6810038674537502e-14,
                5.789356328022254e-12,
                0.999999999903584,
                9.056076988564746e-11,
                3.9008376097034004e-14
            ],
            [
                3.3313477989936395e-11,
                1.4930065020244565e-10,
                6.223777058270599e-11,
                5.8291276751194445e-05,
                0.9999417084783969
            ],
            [
                2.594609432245228e-11,
                2.9400776644612764e-11,
                5.109088898040107e-12,
                2.5109990918405758e-08,
                0.9999999748295532
            ]
        ],
        [
            [
                0.9999999999934397,
                6.560200166035994e-12,
                0.0,
                0.0,
                0.0
            ],
            [
                0.999999931742494,
                6.825604225310608e-08,
                1.4637786961922224e-12,
                0.0,
                0.0
            ],
            [
                2.1297690228954655e-12,
                4.944413013047257e-09,
                0.9999921057789021,
                7.88926501023139e-06,
                9.544962552255187e-12
            ],
            [
                5.789356181109761e-12,
                2.0206838574974634e-11,
                4.50875512732756e-12,
                2.510999091716841e-08,
                0.9999999748595041
            ],
            [
                1.225599888784496e-11,
                4.847341591745608e-11,
                1.7832373159384638e-11,
                6.1441721251612666e-06,
                0.9999938557493131
            ]
        ],
        [
            [
                0.9999999999934397,
                6.560200166035994e-12,
                0.0,
                0.0,
                0.0
            ],
            [
                0.9999997617615521,
                2.3823698408403902e-07,
                1.4637786206288085e-12,
                0.0,
                0.0
            ],
            [
                1.4637785102574673e-12,
                1.6052280509433503e-09,
                0.9999999974194635,
                9.73620028727895e-10,
                2.2447770490885269e-13
            ],
            [
                1.2255857800063408e-11,
                7.991823187870042e-11,
                2.0206493445640617e-11,
                1.6701415102199397e-05,
                0.9999832984725172
            ],
            [
                8.423416035124938e-12,
                4.2777636350866446e-11,
                1.2255998012864074e-11,
                4.7850948476194e-06,
                0.9999952148416953
            ]
        ],
        [
            [
                0.9999999999972653,
                2.734698290719513e-12,
                0.0,
                0.0,
                0.0
            ],
            [
                0.9999999950549394,
                4.944450472674021e-09,
                6.10193664148991e-13,
                0.0,
                0.0
            ],
            [
                3.037975383015313e-14,
                7.433680666411521e-12,
                0.9999999992341597,
                7.582560421852261e-10,
                1.2015425722169592e-13
            ],
            [
                1.1587323924357366e-09,
                4.044373445520984e-09,
                5.884528640742864e-09,
                0.4378234943193866,
                0.5621764945929789
            ],
            [
                2.4616924502302745e-10,
                1.1628211766238567e-10,
                2.0206802138961415e-11,
                1.0677030758170679e-06,
                0.999998931914266
            ]
        ],
        [
            [
                0.9999999999963951,
                3.51142211260054e-12,
                0.0,
                0.0,
                9.35762296677228e-14
            ],
            [
                0.777299852610453,
                0.22270014300859486,
                4.355056083703105e-09,
                2.5896110073324788e-11,
                0.0
            ],
            [
                6.136607972641013e-11,
                1.032018778452774e-08,
                0.9859362944565683,
                0.014063627865800078,
                6.729607783074576e-08
            ],
            [
                6.222875061070471e-11,
                1.3173826607664787e-10,
                5.491667966565616e-11,
                0.00020342706150799778,
                0.9997965726896083
            ],
            [
                9.545034787674799e-12,
                3.331544494988902e-11,
                8.42346363518522e-12,
                1.3440409760807362e-08,
                0.9999999865083062
            ]
        ],
        [
            [
                0.9999999999942106,
                5.789356327271183e-12,
                0.0,
                0.0,
                0.0
            ],
            [
                0.999999999409295,
                5.905303992738953e-10,
                1.748234126434074e-13,
                0.0,
                0.0
            ],
            [
                1.3615262812822578e-13,
                2.2897351369107285e-11,
                0.9999998144369188,
                1.8553915986305944e-07,
                8.878266607817302e-13
            ],
            [
                1.5736172757291656e-11,
                7.991487930298451e-11,
                2.594456274435864e-11,
                5.8291276973331614e-05,
                0.9999417086014311
            ],
            [
                4.2777884033001314e-11,
                7.991960891215911e-11,
                9.545036115094541e-12,
                6.82560422890926e-08,
                0.9999999316117152
            ]
        ],
        [
            [
                0.9999999999903821,
                9.545034919328888e-12,
                0.0,
                0.0,
                7.287724093138445e-14
            ],
            [
                1.99362711381944e-06,
                0.9994449907702077,
                0.0005527772807511677,
                2.38104803820469e-07,
                2.1712347651578174e-10
            ],
            [
                8.258073283709554e-14,
                6.224144621516169e-11,
                0.9999999998058176,
                1.3176514267149418e-10,
                9.357622966747968e-14
            ],
            [
                5.788926185041735e-12,
                4.8470085513690094e-11,
                1.2255156829902901e-11,
                7.484619737695738e-05,
                0.9999251537361088
            ],
            [
                5.109079802924719e-12,
                3.331538526620392e-11,
                8.423448544786404e-12,
                1.7603431336171708e-06,
                0.9999982396100184
            ]
        ],
        [
            [
                0.9999999999771028,
                2.2897348449540985e-11,
                0.0,
                0.0,
                0.0
            ],
            [
                0.9999999907617668,
                9.237449568695909e-09,
                7.835041705950448e-13,
                0.0,
                0.0
            ],
            [
                2.244777053350353e-13,
                2.4616969499833264e-10,
                0.9999999992935256,
                4.599055375229581e-10,
                1.7482341269699758e-13
            ],
            [
                6.560138104017402e-12,
                7.052813125877304e-11,
                2.2897131831334217e-11,
                1.0129988100061915e-05,
                0.9999898699119145
            ],
            [
                2.2897348409118232e-11,
                2.9400777332062434e-11,
                3.978962527611251e-12,
                1.6052280518670108e-09,
                0.9999999983384948
            ]
        ],
        [
            [
                0.9999999999987081,
                1.2917800043757212e-12,
                0.0,
                0.0,
                0.0
            ],
            [
                0.9999038975284567,
                9.610240102134465e-05,
                7.052207577481268e-11,
                0.0,
                0.0
            ],
            [
                5.0087746370753303e-14,
                2.940077738833565e-11,
                0.9999999998799494,
                9.056076988283973e-11,
                3.900837609582459e-14
            ],
            [
                5.789345739224953e-12,
                4.847359839785689e-11,
                1.3887918462060425e-11,
                2.2603252725367783e-06,
                0.9999977396065767
            ],
            [
                3.978962955542025e-12,
                2.0206841221658942e-11,
                5.109089566974936e-12,
                8.764249143904945e-08,
                0.9999999123282137
            ]
        ],
        [
            [
                0.9999999999982478,
                1.6586783585027828e-12,
                0.0,
                0.0,
                9.357622966518941e-14
            ],
            [
                0.9999832985740941,
                1.670141509009923e-05,
                1.0815756539237202e-11,
                0.0,
                0.0
            ],
            [
                5.6756850491767326e-14,
                3.7751344222548814e-11,
                0.999999967719634,
                3.224186633040882e-08,
                6.914399883445054e-13
            ],
            [
                1.688638495469925e-10,
                1.8154574731313302e-09,
                3.391721085067725e-09,
                0.22270014288545176,
                0.7772998517385059
            ],
            [
                6.560199893409247e-12,
                1.2256066930809123e-11,
                2.4133626707603492e-12,
                4.139937545402462e-08,
                0.999999958579395
            ]
        ],
        [
            [
                0.9999999999934397,
                6.560200166279322e-12,
                0.0,
                0.0,
                0.0
            ],
            [
                4.539711891178071e-05,
                0.9999378978217653,
                1.6700666736059408e-05,
                4.363187936376572e-09,
                2.939892906235444e-11
            ],
            [
                8.591642737903017e-10,
                1.3439590462947548e-08,
                2.260191590258532e-06,
                0.9999394344002642,
                5.829110939074869e-05
            ],
            [
                1.6423040643840084e-10,
                8.340308225405969e-10,
                6.495438577003048e-10,
                0.029312227878241087,
                0.9706877704739538
            ],
            [
                1.4766907952048715e-10,
                6.618068997138499e-10,
                3.542397065445594e-10,
                0.01098694235872604,
                0.9890130564775583
            ]
        ],
        [
            [
                0.9999999999975866,
                2.413362771153817e-12,
                0.0,
                0.0,
                0.0
            ],
            [
                6.0377306646566e-07,
                0.9323311081681428,
                0.0596019399035756,
                0.0080662432350885,
                1.0492012676848792e-07
            ],
            [
                1.0603575954631108e-13,
                4.277787854085405e-11,
                0.999999996558478,
                3.3982678076715685e-09,
                3.701011665715841e-13
            ],
            [
                3.5113955054762046e-12,
                3.331519297293484e-11,
                1.0815859599182853e-11,
                7.889265045618369e-06,
                0.9999921106873119
            ],
            [
                5.109069703356416e-12,
                2.5945996843805215e-11,
                7.433652555069545e-12,
                2.902312198722659e-06,
                0.9999970976493125
            ]
        ],
        [
            [
                0.999999999996021,
                3.978962534562917e-12,
                0.0,
                0.0,
                0.0
            ],
            [
                0.9999997617590368,
                2.382369842848315e-07,
                3.978962828695712e-12,
                0.0,
                0.0
            ],
            [
                1.4152367758852985e-09,
                4.68662054620042e-08,
                0.0009109979228871584,
                0.9990307156468967,
                5.823814877392915e-05
            ],
            [
                5.201372743255615e-10,
                2.64147503588189e-09,
                2.9931833507242033e-09,
                0.2227001427426979,
                0.7772998511025064
            ],
            [
                1.388794560733959e-11,
                4.277788405658457e-11,
                1.081594291424915e-11,
                3.059023588802017e-07,
                0.9999996940301593
            ]
        ],
        [
            [
                0.9999999999972653,
                2.734698290604418e-12,
                0.0,
                0.0,
                0.0
            ],
            [
                0.9995694427959884,
                0.00043055712412644434,
                7.98851574508332e-11,
                0.0,
                0.0
            ],
            [
                5.38494004272399e-13,
                1.6918978676223252e-10,
                0.9999999675869417,
                3.224186632458996e-08,
                1.46377846654781e-12
            ],
            [
                5.479206313265996e-11,
                2.782570564992732e-10,
                1.4894026955729034e-10,
                0.002472622963707724,
                0.9975273765543028
            ],
            [
                1.4930748298737973e-10,
                2.4616642307599044e-10,
                5.4927153404111885e-11,
                1.3007124760118238e-05,
                0.9999869924248389
            ]
        ],
        [
            [
                0.9999999999972653,
                2.734698290821019e-12,
                0.0,
                0.0,
                0.0
            ],
            [
                0.9046505246950789,
                0.09534946953487664,
                5.743447057396336e-09,
                2.659743657315309e-11,
                0.0
            ],
            [
                3.160875839115803e-10,
                2.260323235969858e-06,
                0.9999975537887313,
                1.8553862971415228e-07,
                3.3315386237913785e-11
            ],
            [
                7.03929294971059e-11,
                3.1547922275625754e-10,
                2.1682548748168472e-10,
                0.0019267343311865758,
                0.9980732650661158
            ],
            [
                3.5114225524970735e-12,
                1.5737104074864722e-11,
                3.5114225524970735e-12,
                6.825604229910057e-08,
                0.9999999317211977
            ]
        ],
        [
            [
                0.999999999994128,
                5.789356327270599e-12,
                0.0,
                0.0,
                8.258073283473267e-14
            ],
            [
                0.9998766053526,
                0.00012339462956963563,
                1.7830262908425608e-11,
                0.0,
                0.0
            ],
            [
                1.9810087965733614e-13,
                1.1628233021559307e-10,
                0.9999999992928692,
                5.905303994545284e-10,
                1.2015425722821711e-13
            ],
            [
                4.847008550139341e-11,
                2.4615140494402254e-10,
                7.99136609588012e-11,
                7.48461970697555e-05,
                0.999925153428395
            ],
            [
                8.423464402640801e-12,
                2.9400779655187843e-11,
                3.978962842012086e-12,
                8.315279900811162e-07,
                0.9999991684302068
            ]
        ],
        [
            [
                0.9999999999969011,
                3.098819137948846e-12,
                0.0,
                0.0,
                0.0
            ],
            [
                0.9999952148985968,
                4.785094843055181e-06,
                6.5601629980341785e-12,
                0.0,
                0.0
            ],
            [
                3.442477102806088e-14,
                1.3887943842114262e-11,
                0.9999999983806516,
                1.6052280525445387e-09,
                1.9810087947896366e-13
            ],
            [
                3.483576705019225e-09,
                6.50817809655723e-09,
                4.47300103022602e-09,
                0.09534946868830611,
                0.9046505168469381
            ],
            [
                1.0815942907001257e-11,
                2.9400781061752014e-11,
                5.7893570511813325e-12,
                6.825604228098265e-08,
                0.9999999316979516
            ]
        ],
        [
            [
                0.9999999999941172,
                5.789356327080778e-12,
                0.0,
                0.0,
                9.357622966173402e-14
            ],
            [
                0.9999962733534544,
                3.7266391118960017e-06,
                7.433652626031982e-12,
                0.0,
                0.0
            ],
            [
                2.4530317389352544e-09,
                1.6316135367450459e-06,
                0.5621754719918339,
                0.43782269907314986,
                1.948684477576212e-07
            ],
            [
                1.0814229805783867e-11,
                1.4928583761912132e-10,
                7.99069507016649e-11,
                0.0001584362472631747,
                0.9998415635127299
            ],
            [
                1.57370736922389e-11,
                4.8473599539498955e-11,
                1.0815922028219255e-11,
                1.760343133707035e-06,
                0.9999982395818396
            ]
        ],
        [
            [
                0.9999999999942106,
                5.789356326346291e-12,
                0.0,
                0.0,
                0.0
            ],
            [
                0.9999832985647067,
                1.6701415086792237e-05,
                2.0206493427e-11,
                0.0,
                0.0
            ],
            [
                1.2015427003944032e-13,
                4.8473692195011694e-11,
                0.9999999123083763,
                8.764249147386896e-08,
                5.38494078790208e-13
            ],
            [
                1.0236505038236234e-10,
                3.5728913269230494e-10,
                3.153065529280956e-10,
                0.002472622963018617,
                0.9975273762620206
            ],
            [
                6.224145402791468e-11,
                1.317651592110924e-10,
                3.3315449596080674e-11,
                3.059023588313062e-07,
                0.9999996938703192
            ]
        ],
        [
            [
                0.999999999996021,
                3.978962534710874e-12,
                0.0,
                0.0,
                0.0
            ],
            [
                0.997527376655462,
                0.0024726229845208466,
                3.5728913206871845e-10,
                2.7279361867193653e-12,
                0.0
            ],
            [
                1.87952895144944e-12,
                2.6465738288770446e-09,
                0.9999997591118281,
                2.3823698385054965e-07,
                2.7346984878852852e-12
            ],
            [
                2.593491353041308e-11,
                1.492451228040923e-10,
                5.4904212374732774e-11,
                0.0004305571193282669,
                0.9995694426505876
            ],
            [
                5.4927887578501686e-11,
                1.1628233891618719e-10,
                1.3887944893756922e-11,
                2.382369843983306e-07,
                0.9999997615779175
            ]
        ],
        [
            [
                0.999999999994891,
                5.109089026421605e-12,
                0.0,
                0.0,
                0.0
            ],
            [
                0.9999999981808403,
                1.8189616835056178e-09,
                1.9810087936409756e-13,
                0.0,
                0.0
            ],
            [
                4.508755524175243e-12,
                1.1861120892882753e-08,
                0.9999997498938773,
                2.3823698164438924e-07,
                3.511422332905202e-12
            ],
            [
                1.57369828601312e-11,
                6.2240974599105e-11,
                1.57369828601312e-11,
                7.889265046422632e-06,
                0.9999921106412386
            ],
            [
                2.7346985012939613e-12,
                2.594609697236267e-11,
                5.109089419838401e-12,
                8.315279898595732e-07,
                0.9999991684382203
            ]
        ],
        [
            [
                0.999999999996021,
                3.978962534395455e-12,
                0.0,
                0.0,
                0.0
            ],
            [
                0.9933071469208038,
                0.00669285147523115,
                1.5944838497752631e-09,
                9.481147542148113e-12,
                0.0
            ],
            [
                2.8823507909565543e-13,
                2.1724399332039266e-10,
                0.9999999991918014,
                5.905303993847015e-10,
                1.3615261069144845e-13
            ],
            [
                1.13222940456143e-09,
                4.478054162987137e-09,
                1.2172613258103314e-08,
                0.3775406693431174,
                0.6224593128739857
            ],
            [
                6.560200111461894e-12,
                2.0206838915598873e-11,
                3.0988191119424756e-12,
                8.152020644022101e-09,
                0.9999999918181136
            ]
        ],
        [
            [
                0.9999999999954912,
                4.508755240658561e-12,
                0.0,
                0.0,
                0.0
            ],
            [
                0.9399133303170872,
                0.06008665341649195,
                1.6220859893358597e-08,
                4.556105709867735e-11,
                0.0
            ],
            [
                4.752193044063194e-13,
                4.058652110497997e-10,
                0.999999996195065,
                3.39826780611711e-09,
                3.266131329929668e-13
            ],
            [
                1.081590075581943e-11,
                3.7751203031680554e-11,
                1.3887891474844301e-11,
                3.726639113856105e-06,
                0.9999962732984312
            ],
            [
                1.0261782544729211e-10,
                1.1628123016268065e-10,
                2.940049923401087e-11,
                1.0129988097762998e-05,
                0.9999898697636027
            ]
        ],
        [
            [
                0.999999999996021,
                3.978962534710874e-12,
                0.0,
                0.0,
                0.0
            ],
            [
                8.688897976719866e-08,
                0.006680020978218403,
                0.22121191715629973,
                0.7721054357082998,
                2.5392682021785944e-06
            ],
            [
                1.0603575892999085e-13,
                1.573710196063919e-11,
                0.9999999907460971,
                9.237449576139406e-09,
                6.101936620908238e-13
            ],
            [
                6.212154227462156e-11,
                2.4569546584228235e-10,
                1.1605832022401662e-10,
                0.0019267343327028768,
                0.9980732652434218
            ],
            [
                2.289673872507014e-11,
                1.1627923383073457e-10,
                3.775034016568647e-11,
                2.7535689824078203e-05,
                0.9999724641332496
            ]
        ],
        [
            [
                0.9999999999942106,
                5.7893563266223865e-12,
                0.0,
                0.0,
                0.0
            ],
            [
                0.001169509238492126,
                0.9988294226859737,
                1.0664543732790468e-06,
                1.6033493023100529e-09,
                1.7811601848955594e-11
            ],
            [
                6.431393939738328e-14,
                1.5737102102669683e-11,
                0.9999999997668612,
                2.1724399345001612e-10,
                9.357622966346798e-14
            ],
            [
                7.047877405809446e-11,
                4.0557734179631364e-10,
                1.4920356585182692e-10,
                0.0007096703422296146,
                0.9992903290325107
            ],
            [
                2.4133627238348843e-12,
                1.2256067200343853e-11,
                2.129785128597408e-12,
                1.9555680698916005e-08,
                0.9999999804275201
            ]
        ],
        [
            [
                0.999999999996406,
                3.5114221122534953e-12,
                0.0,
                0.0,
                8.258073282914838e-14
            ],
            [
                0.9999982396544548,
                1.7603431318321874e-06,
                2.4133584117391534e-12,
                0.0,
                0.0
            ],
            [
                1.6586783044339585e-12,
                5.211412316716611e-10,
                0.9999999672343276,
                3.2241866313564115e-08,
                1.006039246239361e-12
            ],
            [
                9.09480394159083e-10,
                5.930557143797915e-09,
                8.628909728128608e-09,
                0.4999999922655264,
                0.4999999922655264
            ],
            [
                2.0203641119002594e-11,
                1.0260255567909705e-10,
                3.774537084598802e-11,
                0.00015843624734744024,
                0.999841563592101
            ]
        ],
        [
            [
                0.9999999999981204,
                1.8795288160109716e-12,
                0.0,
                0.0,
                0.0
            ],
            [
                0.0001233935644524126,
                0.9998687076451148,
                7.888286662114757e-06,
                1.0466024377625087e-08,
                3.7746377700984615e-11
            ],
            [
                1.8795254210651753e-12,
                1.1032540392498387e-09,
                0.9999982385459452,
                1.76034313199212e-06,
                5.78934586993471e-12
            ],
            [
                6.560200471836728e-12,
                4.8473689306632905e-11,
                8.423464144405272e-12,
                5.043472049318036e-07,
                0.9999994955893378
            ],
            [
                5.109089674177014e-12,
                4.277788409953366e-11,
                7.433681612442058e-12,
                1.855391597255412e-07,
                0.9999998144055197
            ]
        ],
        [
            [
                0.9999999999924729,
                7.433680669945238e-12,
                0.0,
                0.0,
                9.357622965810271e-14
            ],
            [
                0.9999724642842602,
                2.753568979441077e-05,
                2.5945404038634486e-11,
                0.0,
                0.0
            ],
            [
                4.508755718314599e-12,
                1.9555683152475964e-08,
                0.9999999121813538,
                6.825604096959966e-08,
                2.4133630266282382e-12
            ],
            [
                2.02063010044574e-11,
                1.4930549167381446e-10,
                6.223978880823901e-11,
                2.753568982447918e-05,
                0.9999724640784239
            ],
            [
                6.224145396036502e-11,
                9.056078114568517e-11,
                1.573710406163843e-11,
                6.825604224173459e-08,
                0.9999999315754183
            ]
        ],
        [
            [
                0.9999999999705993,
                2.9400777382683555e-11,
                0.0,
                0.0,
                0.0
            ],
            [
                0.9999921107304544,
                7.889265036887631e-06,
                4.508721072084923e-12,
                0.0,
                0.0
            ],
            [
                1.46377868373341e-12,
                9.237450732310634e-09,
                0.9999999225031644,
                6.82560416721513e-08,
                1.8795290343194255e-12
            ],
            [
                1.1194180874281013e-10,
                8.271443046163895e-10,
                9.372772892390975e-10,
                0.03732688384046909,
                0.9626731142831675
            ],
            [
                3.0988191084206043e-12,
                1.388794372916337e-11,
                2.7346982648511408e-12,
                9.237449571643927e-09,
                0.9999999907428291
            ]
        ],
        [
            [
                0.9999999999959275,
                3.978962534710575e-12,
                0.0,
                0.0,
                9.357622966190512e-14
            ],
            [
                0.9998415636800254,
                0.000158436249457028,
                7.051763632626838e-11,
                0.0,
                0.0
            ],
            [
                3.442477106296395e-14,
                1.7832472896886958e-11,
                0.9999999993914968,
                5.905303995215428e-10,
                1.0603575984828743e-13
            ],
            [
                1.508775002406321e-09,
                6.761860437883696e-09,
                4.647354183638294e-09,
                0.060086653732435276,
                0.9399133333495752
            ],
            [
                3.160881686660636e-10,
                2.1724400947685802e-10,
                1.7832474218958144e-11,
                2.3823698426226878e-07,
                0.9999997612118511
            ]
        ],
        [
            [
                0.9999999999954912,
                4.508755240848439e-12,
                0.0,
                0.0,
                0.0
            ],
            [
                0.9998415636607177,
                0.00015843624873578983,
                9.054643750919921e-11,
                0.0,
                0.0
            ],
            [
                1.2917801686544185e-12,
                3.1608818552865017e-10,
                0.9999998141410469,
                1.8553915979811756e-07,
                2.4133630779797314e-12
            ],
            [
                1.225574107984617e-11,
                9.055835837295225e-11,
                2.594540406963498e-11,
                2.7535689963460375e-05,
                0.999972464181277
            ],
            [
                1.6918979997422666e-10,
                4.599055588305609e-10,
                7.052880172625897e-11,
                5.043472045759584e-07,
                0.9999994949531713
            ]
        ],
        [
            [
                0.9999999999933336,
                6.560200166035657e-12,
                0.0,
                0.0,
                1.060357598810022e-13
            ],
            [
                0.9999998874635245,
                1.1253518371902504e-07,
                1.2917801080934082e-12,
                0.0,
                0.0
            ],
            [
                6.914361430425047e-13,
                2.1724277832791826e-10,
                0.9999938556003953,
                6.144172125407442e-06,
                9.544981531558356e-12
            ],
            [
                1.7830262927518778e-11,
                1.1626791941827764e-10,
                4.277257722176226e-11,
                0.0001233946281106763,
                0.9998766051950185
            ],
            [
                5.789356309156402e-12,
                1.5737102053654572e-11,
                2.4133627636734523e-12,
                2.9989608147175945e-09,
                0.9999999969770994
            ]
        ],
        [
            [
                0.9999999999933462,
                6.560200166279288e-12,
                0.0,
                0.0,
                9.357622966166358e-14
            ],
            [
                7.883661851857376e-06,
                0.9992822879339082,
                0.0007096646348557484,
                1.6362018175544534e-07,
                1.492024352340053e-10
            ],
            [
                3.266131585932437e-13,
                7.052880376159141e-11,
                0.9999997616902806,
                2.3823698448557536e-07,
                1.879528956459364e-12
            ],
            [
                7.433652630592122e-12,
                3.775120303498283e-11,
                8.423431978991608e-12,
                3.726639114182091e-06,
                0.9999962733072776
            ],
            [
                4.508755576962649e-12,
                2.5946096908645023e-11,
                6.56020065509259e-12,
                2.382369844336095e-07,
                0.9999997617260006
            ]
        ],
        [
            [
                0.999999999986112,
                1.3887943859795165e-11,
                0.0,
                0.0,
                0.0
            ],
            [
                4.952756503102446e-07,
                0.982011981935199,
                0.01798617597858376,
                1.3462988003165741e-06,
                5.117666718862848e-10
            ],
            [
                8.258073271878853e-14,
                1.2256067423800915e-11,
                0.9999999983815457,
                1.605228052527024e-09,
                8.878265463755425e-13
            ],
            [
                2.9390911125708167e-11,
                2.788532007506098e-10,
                1.0258435966100237e-10,
                0.00033535005501535327,
                0.9996646495341561
            ],
            [
                2.940078111256838e-11,
                4.8473693195490064e-11,
                1.2256068994710998e-11,
                1.8553915973561365e-07,
                0.9999998143707096
            ]
        ],
        [
            [
                0.9999999999934397,
                6.560200166494926e-12,
                0.0,
                0.0,
                0.0
            ],
            [
                1.6701144083737544e-05,
                0.9999665960958438,
                1.6701144083737544e-05,
                1.605173018390392e-09,
                1.0815570722276504e-11
            ],
            [
                5.109089506208411e-12,
                3.224187038999184e-08,
                0.9999996618461627,
                3.059023491303524e-07,
                4.508755664256382e-12
            ],
            [
                4.057290125974805e-10,
                7.580015875982102e-10,
                2.460870856753052e-10,
                0.00033535005465708034,
                0.9996646485355253
            ],
            [
                1.3887945598602944e-11,
                4.27778840296738e-11,
                9.545036114352072e-12,
                6.825604228378325e-08,
                0.9999999316777468
