{
    "[['A', 'B', 'C', 'D', 'E'], ['A', 'B', 'C', 'D', 'E']]": [
        [
            [
                0.9999999999991123,
                8.878265474846139e-13,
                0.0,
                0.0,
                0.0
            ],
            [
                0.9999999999972653,
                2.7346982908210824e-12,
                0.0,
                0.0,
                0.0
            ],
            [
                2.911053719144309e-09,
                0.029312229067280364,
                0.9706876929293252,
                7.50770649339408e-08,
                1.527580795221516e-11
            ],
            [
                1.9810087955087377e-13,
                2.4133627687385656e-12,
                2.882350789748357e-13,
                7.582560418188811e-10,
                0.9999999992388442
            ],
            [
                0.0,
                3.098819132247914e-12,
                2.8823507874227114e-13,
                1.4166087836836816e-09,
                0.9999999985800041
            ]
        ],
        [
            [
                0.9999999999991123,
                8.87826547564347e-13,
                0.0,
                0.0,
                0.0
            ],
            [
                0.999999999987744,
                1.2256067440528812e-11,
                0.0,
                0.0,
                0.0
            ],
            [
                2.3234009233417216e-09,
                0.005220125654736023,
                0.9947798648587587,
                7.1565786708688815e-09,
                6.525955025037443e-12
            ],
            [
                1.9810088897281199e-13,
                5.789356596656373e-12,
                7.835042147662423e-13,
                5.04347204925397e-07,
                0.9999994956460242
            ],
            [
                2.8823507885480087e-13,
                3.978962529077997e-12,
                6.914400095194401e-13,
                1.1032560304694034e-09,
                0.9999999988917854
            ]
        ],
        [
            [
                0.9999999999972653,
                2.7346982903260794e-12,
                0.0,
                0.0,
                0.0
            ],
            [
                0.9999999999915765,
                8.423463752323078e-12,
                0.0,
                0.0,
                0.0
            ],
            [
                8.082089190082852e-09,
                0.008577485507056287,
                0.9914224912938445,
                1.5099330456978955e-08,
                1.767949831966815e-11
            ],
            [
                3.7007931171401134e-13,
                1.3887123719163956e-11,
                1.8794178218749363e-12,
                5.829127675859689e-05,
                0.9999417087071047
            ],
            [
                3.2661315846393065e-13,
                8.423464378212814e-12,
                1.006039353778934e-12,
                2.382369843912523e-07,
                0.9999997617532594
            ]
        ],
        [
            [
                0.9999999999981204,
                1.8795288154248435e-12,
                0.0,
                0.0,
                0.0
            ],
            [
                0.9999999988967441,
                1.1032560307310513e-09,
                0.0,
                0.0,
                0.0
            ],
            [
                7.991594762080114e-11,
                4.5397855817738765e-05,
                0.9999545986650138,
                3.3981125618968076e-09,
                1.13993976992244e-12
            ],
            [
                6.101936554130581e-13,
                8.423463584017023e-12,
                1.463778484505858e-12,
                1.955568069213471e-08,
                0.999999980433822
            ],
            [
                0.0,
                3.0988191176121295e-12,
                3.701011653380735e-13,
                6.348800072794547e-09,
                0.9999999936477311
            ]
        ],
        [
            [
                0.9999999999989939,
                1.0060392788193657e-12,
                0.0,
                0.0,
                0.0
            ],
            [
                0.9999999990263799,
                9.736200299050288e-10,
                0.0,
                0.0,
                0.0
            ],
            [
                2.244777053285043e-13,
                5.905303994377349e-10,
                0.9999999993065996,
                1.0261879623766173e-10,
                2.6810038657085292e-14
            ],
            [
                1.6519281174695668e-12,
                6.198814528760634e-11,
                1.220618953138353e-11,
                0.004070137779502628,
                0.9959298621446512
            ],
            [
                7.835042087728386e-13,
                1.0815941975100453e-11,
                1.879528889144402e-12,
                3.9278636972125694e-07,
                0.9999996072001512
            ]
        ],
        [
            [
                0.9999999999989939,
                1.0060392789641524e-12,
                0.0,
                0.0,
                0.0
            ],
            [
                0.9999999981810384,
                1.818961683407556e-09,
                0.0,
                0.0,
                0.0
            ],
            [
                6.22413320547005e-11,
                2.260325260681149e-06,
                0.9999977340084201,
                5.602786159887353e-09,
                1.2917776351723925e-12
            ],
            [
                8.87826589094389e-13,
                8.423464145822791e-12,
                1.1399919060083792e-12,
                5.043472050166762e-07,
                0.9999994956423437
            ],
            [
                4.752193656266203e-13,
                6.560200987448424e-12,
                1.00603940492622e-12,
                6.825604228775367e-08,
                0.9999999317359163
            ]
        ],
        [
            [
                0.99999999999886,
                1.139991852682462e-12,
                0.0,
                0.0,
                0.0
            ],
            [
                0.9999999999377585,
                6.224144619275635e-11,
                0.0,
                0.0,
                0.0
            ],
            [
                8.878265427699777e-13,
                4.363462227996393e-09,
                0.9999999943852991,
                1.250152859239219e-09,
                1.981008786722919e-13
            ],
            [
                6.101890441472039e-13,
                1.388783863200971e-11,
                2.4133444850877625e-12,
                7.889265047511655e-06,
                0.9999921107180411
            ],
            [
                1.6575018976081092e-12,
                4.843930582363481e-11,
                9.538264855460202e-12,
                0.0007096703432908372,
                0.9992903295970741
            ]
        ],
        [
            [
                0.9999999999978701,
                2.129785170277677e-12,
                0.0,
                0.0,
                0.0
            ],
            [
                0.9999999999821676,
                1.7832472902188646e-11,
                0.0,
                0.0,
                0.0
            ],
            [
                1.0603575990343298e-13,
                4.847368705730574e-11,
                0.9999999999180658,
                3.3315445417954946e-11,
                3.9008376097464154e-14
            ],
            [
                2.2447771590644877e-13,
                5.10908926486527e-12,
                6.914400427416786e-13,
                5.043472049607694e-07,
                0.9999994956467699
            ],
            [
                0.0,
                2.129785163453646e-12,
                2.543665638416895e-13,
                2.998960814293509e-09,
                0.999999996998655
            ]
        ],
        [
            [
                0.9999999999991123,
                8.878265474845839e-13,
                0.0,
                0.0,
                0.0
            ],
            [
                0.999999999994891,
                5.1090890259626095e-12,
                0.0,
                0.0,
                0.0
            ],
            [
                1.4924512154245225e-10,
                0.00043055711644292174,
                0.9995694345836756,
                8.148507537689657e-09,
                2.1288673234585627e-12
            ],
            [
                5.384426936903338e-13,
                2.594362185712789e-11,
                2.4131327353153552e-12,
                9.610239925623378e-05,
                0.9999038975718485
            ],
            [
                0.0,
                2.4133627334563883e-12,
                2.5436656069280463e-13,
                1.5229979502528453e-08,
                0.9999999847673529
            ]
        ],
        [
            [
                0.9999999999978701,
                2.1297851701879353e-12,
                0.0,
                0.0,
                0.0
            ],
            [
                0.9999999998308102,
                1.6918979217226222e-10,
                0.0,
                0.0,
                0.0
            ],
            [
                9.54501796747758e-12,
                1.3709566510751283e-06,
                0.9999986263869467,
                2.6465689376568696e-09,
                2.882345673368397e-13
            ],
            [
                4.459219811688745e-12,
                2.1485724280028925e-10,
                1.2364180643777574e-09,
                0.9890130561999005,
                0.010986942344364927
            ],
            [
                3.266131328690755e-13,
                4.5087552228349415e-12,
                5.384940194512519e-13,
                3.8507419061477325e-09,
                0.9999999961438841
            ]
        ],
        [
            [
                0.9999999999985363,
                1.4637785135292477e-12,
                0.0,
                0.0,
                0.0
            ],
            [
                0.9999999999094393,
                9.056076984685193e-11,
                0.0,
                0.0,
                0.0
            ],
            [
                5.789357042144278e-12,
                1.8553915912530502e-07,
                0.9999998106038898,
                3.850742397288721e-09,
                4.193796175174642e-13
            ],
            [
                4.193395914625505e-13,
                1.7830773154451935e-11,
                2.734437625920417e-12,
                9.610239972623803e-05,
                0.9999038975792892
            ],
            [
                2.2447770472460878e-13,
                3.978962522055924e-12,
                4.752193046311719e-13,
                2.9989608144702716e-09,
                0.9999999969963604
            ]
        ],
        [
            [
                0.9999999999985363,
                1.4637785134501448e-12,
                0.0,
                0.0,
                0.0
            ],
            [
                0.9999999998973812,
                1.026187962696702e-10,
                0.0,
                0.0,
                0.0
            ],
            [
                1.542811197673208e-13,
                1.1628232988626447e-10,
                0.9999999964852129,
                3.3982678073393695e-09,
                8.258073256016555e-14
            ],
            [
                3.266113072857292e-13,
                7.433639090182818e-12,
                1.8795183029201874e-12,
                6.144172124583447e-06,
                0.9999938558182356
            ],
            [
                0.0,
                3.5114221080371764e-12,
                5.3849402095659e-13,
                7.582560416382152e-10,
                0.999999999237694
            ]
        ],
        [
            [
                0.9999999999985363,
                1.4637785137151213e-12,
                0.0,
                0.0,
                0.0
            ],
            [
                0.9999999998082829,
                1.9171715127845014e-10,
                0.0,
                0.0,
                0.0
            ],
            [
                1.3887866159144495e-11,
                6.144172115691078e-06,
                0.9999938542079939,
                1.6052190736140581e-09,
                7.834997946440843e-13
            ],
            [
                3.701012143392932e-13,
                7.433681605928466e-12,
                1.2917801670172273e-12,
                3.0590235891928844e-07,
                0.9999996940885455
            ],
            [
                0.0,
                4.508755233811001e-12,
                6.101936666123717e-13,
                1.416608783977658e-09,
                0.9999999985782722
            ]
        ],
        [
            [
                0.9999999999981204,
                1.8795288158618723e-12,
                0.0,
                0.0,
                0.0
            ],
            [
                0.9999999999666846,
                3.331544541001906e-11,
                0.0,
                0.0,
                0.0
            ],
            [
                1.201542572926868e-13,
                2.940077738671982e-11,
                0.9999999998210762,
                1.493094675886116e-10,
                9.357622966890753e-14
            ],
            [
                3.7010115839359157e-13,
                5.109088897393703e-12,
                5.384940080029267e-13,
                2.5109990915228832e-08,
                0.9999999748839914
            ],
            [
                2.882350786872722e-13,
                4.508755232015011e-12,
                7.835041767200752e-13,
                1.6052280515257444e-09,
                0.9999999983891914
            ]
        ],
        [
            [
                0.9999999999989939,
                1.006039279034493e-12,
                0.0,
                0.0,
                0.0
            ],
            [
                0.9999999998506905,
                1.4930946754392627e-10,
                0.0,
                0.0,
                0.0
            ],
            [
                4.2005853035824076e-09,
                0.03732688324185582,
                0.9626730978868868,
                1.4661483331576566e-08,
                9.188743042756073e-12
            ],
            [
                0.0,
                1.5733892156558737e-11,
                2.73414048586924e-12,
                0.00020342706176528988,
                0.9997965729197666
            ],
            [
                2.543660996302782e-13,
                1.2256045033969278e-11,
                2.4133583590169343e-12,
                1.0677030759862794e-06,
                0.9999989322820003
            ]
        ],
        [
            [
                0.9999999999969011,
                3.0988191376015152e-12,
                0.0,
                0.0,
                0.0
            ],
            [
                0.9999999999572222,
                4.277787867252961e-11,
                0.0,
                0.0,
                0.0
            ],
            [
                4.940943405777376e-09,
                0.000709670330677361,
                0.9992903074670663,
                1.724558701957259e-08,
                1.5725939788549305e-11
            ],
            [
                2.543665852423401e-13,
                5.789356795414286e-12,
                8.878266194142191e-13,
                1.1253518379078993e-07,
                0.9999998874578846
            ],
            [
                4.746631111097386e-13,
                2.9366366816323486e-11,
                6.5525221307037945e-12,
                0.0011695103488841862,
                0.9988304896147223
            ]
        ],
        [
            [
                0.9999999999991123,
                8.878265474846139e-13,
                0.0,
                0.0,
                0.0
            ],
            [
                0.9999999999705993,
                2.9400777383775065e-11,
                0.0,
                0.0,
                0.0
            ],
            [
                1.5428112021202234e-13,
                7.052879846213103e-11,
                0.9999999994080009,
                5.211412484268599e-10,
                1.748234127056702e-13
            ],
            [
                2.881108646892851e-13,
                1.7824788019555242e-11,
                2.4123227352590893e-12,
                0.00043055711963915425,
                0.9995694428598356
            ],
            [
                0.0,
                3.098819124704976e-12,
                2.882350780406686e-13,
                3.850741905349604e-09,
                0.999999996145871
            ]
        ],
        [
            [
                0.9999999999992164,
                7.835041782579693e-13,
                0.0,
                0.0,
                0.0
            ],
            [
                0.999999999990455,
                9.545034918873856e-12,
                0.0,
                0.0,
                0.0
            ],
            [
                1.0814229787218118e-11,
                0.0001584362469279084,
                0.9998415616809552,
                2.0608274168043208e-09,
                4.751440963492777e-13
            ],
            [
                0.0,
                1.6423040657518666e-10,
                3.476757734479765e-10,
                0.9706877716173169,
                0.029312227870776916
            ],
            [
                2.882350761070788e-13,
                5.109088970679748e-12,
                6.101936609070414e-13,
                1.0467401677178305e-08,
                0.9999999895265909
            ]
        ],
        [
            [
                0.9999999999993086,
                6.914400105004912e-13,
                0.0,
                0.0,
                0.0
            ],
            [
                0.9999999999954912,
                4.5087552404435375e-12,
                0.0,
                0.0,
                0.0
            ],
            [
                1.0815921763047659e-11,
                1.0677030742718276e-06,
                0.9999989302243498,
                2.061149850324479e-09,
                6.101925510460381e-13
            ],
            [
                5.778203829573186e-12,
                3.574848123377791e-10,
                1.3151131299010012e-10,
                0.11920292359678816,
                0.8807970759084376
            ],
            [
                2.8823507898046685e-13,
                2.4133627687857145e-12,
                3.7010116739191804e-13,
                5.905303991487055e-10,
                0.9999999994063979
            ]
        ],
        [
            [
                0.9999999999978701,
                2.12978517035678e-12,
                0.0,
                0.0,
                0.0
            ],
            [
                0.999999999868235,
                1.3176514264682133e-10,
                0.0,
                0.0,
                0.0
            ],
            [
                2.989446242253961e-09,
                0.0031726830446166315,
                0.9968273047512549,
                9.208142684325346e-09,
                6.539387103215741e-12
            ],
            [
                7.815668051057539e-13,
                3.323306620842885e-11,
                8.402635027491528e-12,
                0.0024726229686642554,
                0.9975273769889185
            ],
            [
                0.0,
                3.098819130250333e-12,
                3.701011668474917e-13,
                2.061153616803815e-09,
                0.9999999979353775
            ]
        ],
        [
            [
                0.9999999999981204,
                1.8795288158619285e-12,
                0.0,
                0.0,
                0.0
            ],
            [
                0.999999999987744,
                1.2256067439556339e-11,
                0.0,
                0.0,
                0.0
            ],
            [
                3.1598207044190893e-10,
                0.00033535005275181175,
                0.9996646414780035,
                8.149285004435274e-09,
                3.977627248781549e-12
            ],
            [
                6.91354320493901e-13,
                2.2894510786750147e-11,
                5.1084558583675146e-12,
                0.0001233946281909413,
                0.9998766053431147
            ],
            [
                1.0060259073597478e-12,
                2.28970441128779e-11,
                5.109021119832108e-12,
                1.3007124765599296e-05,
                0.9999869928462224
            ]
        ],
        [
            [
                0.9999999999981204,
                1.8795288156706668e-12,
                0.0,
                0.0,
                0.0
            ],
            [
                0.9999999999842628,
                1.573710210097586e-11,
                0.0,
                0.0,
                0.0
            ],
            [
                2.787489543801145e-10,
                0.0007096703364371238,
                0.9992903141598515,
                1.5219177232827575e-08,
                5.785249981145413e-12
            ],
            [
                6.878306058314763e-13,
                4.822064824648776e-11,
                1.2192089212084822e-11,
                0.005220125705333075,
                0.9947798742335663
            ],
            [
                7.835027460816193e-13,
                1.2256045037205328e-11,
                1.1399897688785407e-12,
                1.0677030762681925e-06,
                0.9999989322827442
            ]
        ],
        [
            [
                0.9999999999981204,
                1.8795288159411637e-12,
                0.0,
                0.0,
                0.0
            ],
            [
                0.9999999999925664,
                7.433680670222316e-12,
                0.0,
                0.0,
                0.0
            ],
            [
                2.0206416846687806e-11,
                2.1444939846360463e-05,
                0.9999785540659282,
                9.73599686468135e-10,
                4.1937080245297726e-13
            ],
            [
                2.5436560264415744e-13,
                9.544998820547081e-12,
                1.2917751188718734e-12,
                2.902312199030378e-06,
                0.9999970976767099
            ],
            [
                1.291779998542326e-12,
                7.433680636422348e-12,
                1.291779998542326e-12,
                4.3634622318534085e-09,
                0.9999999956265204
            ]
        ],
        [
            [
                0.999999999996021,
                3.9789625342054726e-12,
                0.0,
                0.0,
                0.0
            ],
            [
                0.9999999999740539,
                2.594609497388621e-11,
                0.0,
                0.0,
                0.0
            ],
            [
                1.4637784510417013e-12,
                4.139937540366992e-08,
                0.9999999569937349,
                1.6052279860053777e-09,
                1.9810087126737885e-13
            ],
            [
                1.4578214469789728e-12,
                4.827641609178349e-11,
                1.0771924453951884e-11,
                0.004070137781399202,
                0.9959298621580948
            ],
            [
                2.543665634565098e-13,
                3.5114220956903333e-12,
                3.7010116599515774e-13,
                4.363462230966005e-09,
                0.9999999956324019
            ]
        ],
        [
            [
                0.99999999999886,
                1.1399918525184387e-12,
                0.0,
                0.0,
                0.0
            ],
            [
                0.9999999998837177,
                1.1628233024147286e-10,
                0.0,
                0.0,
                0.0
            ],
            [
                2.244777054188009e-13,
                2.9400777381935034e-11,
                0.9999999996911735,
                2.789468091833842e-10,
                2.54366564643305e-13
            ],
            [
                5.384939993088293e-13,
                4.508755054184502e-12,
                6.101936423025686e-13,
                4.139937546062324e-08,
                0.999999958594967
            ],
            [
                4.1937956463725126e-13,
                5.109089013435766e-12,
                7.8350417626323e-13,
                2.3355930321124256e-09,
                0.9999999976580949
            ]
        ],
        [
            [
                0.9999999999975866,
                2.4133627708472756e-12,
                0.0,
                0.0,
                0.0
            ],
            [
                0.9999999999200804,
                7.991959889069527e-11,
                0.0,
                0.0,
                0.0
            ],
            [
                1.658678535413857e-12,
                1.9555683168766532e-08,
                0.9999996745391652,
                3.0590235305282936e-07,
                1.139991974350656e-12
            ],
            [
                6.912989753074745e-13,
                2.9394780415608505e-11,
                7.43216439905173e-12,
                0.00020342706165713467,
                0.9997965729008247
            ],
            [
                4.7521930559448e-13,
                7.433680661673976e-12,
                1.1399918514067985e-12,
                6.691586081680561e-10,
                0.9999999993217925
            ]
        ],
        [
            [
                0.9999999999989939,
                1.006039278921741e-12,
                0.0,
                0.0,
                0.0
            ],
            [
                0.9999999999915765,
                8.423463752322618e-12,
                0.0,
                0.0,
                0.0
            ],
            [
                8.423463539547365e-12,
                2.5109990916768506e-08,
                0.9999999745653227,
                3.1608813736650765e-10,
                1.7482340836655678e-13
            ],
            [
                0.0,
                2.734698221657656e-12,
                2.882350719734263e-13,
                2.510999091530403e-08,
                0.9999999748869861
            ],
            [
                0.0,
                5.109089439250233e-12,
                3.701011976455469e-13,
                1.1253518377625348e-07,
                0.999999887459337
            ]
        ],
        [
            [
                0.9999999999993086,
                6.914400104127115e-13,
                0.0,
                0.0,
                0.0
            ],
            [
                0.9999999988967441,
                1.1032560307310032e-09,
                0.0,
                0.0,
                0.0
            ],
            [
                7.835041763946527e-13,
                2.0611536168831107e-09,
                0.9999999973474683,
                5.905303983027418e-10,
                6.431393924117402e-14
            ],
            [
                3.2661253694716957e-13,
                8.42344834908428e-12,
                8.878249241303995e-13,
                2.2603252731420155e-06,
                0.999997739665089
            ],
            [
                2.882350638505152e-13,
                5.109088753426959e-12,
                6.914399735260299e-13,
                5.31578496867721e-08,
                0.9999999468360616
            ]
        ],
        [
            [
                0.9999999999987081,
                1.2917800043213155e-12,
                0.0,
                0.0,
                0.0
            ],
            [
                0.9999999987498471,
                1.2501528640853265e-09,
                0.0,
                0.0,
                0.0
            ],
            [
                5.208531138208682e-10,
                0.0005527785785812341,
                0.9994472074624805,
                1.3432978852368641e-08,
                5.1062642522334354e-12
            ],
            [
                4.752021420998556e-13,
                1.388744225417691e-11,
                2.4132756049486604e-12,
                3.535625751117953e-05,
                0.9999646437257129
            ],
            [
                2.8823507859874556e-13,
                3.978962525543263e-12,
                5.384940203822653e-13,
                2.061153617106146e-09,
                0.9999999979340406
            ]
        ],
        [
            [
                0.9999999999992164,
                7.835041783127948e-13,
                0.0,
                0.0,
                0.0
            ],
            [
                0.9999999999450722,
                5.4927883489147385e-11,
                0.0,
                0.0,
                0.0
            ],
            [
                9.357622915047891e-14,
                9.05607693761402e-11,
                0.999999994306429,
                5.602796405329599e-09,
                1.2015425662701127e-13
            ],
            [
                5.384899412908549e-13,
                1.3887838627880482e-11,
                1.463767422218909e-12,
                7.889265045165965e-06,
                0.9999921107190647
            ],
            [
                3.2661314691971037e-13,
                7.43368096005924e-12,
                1.4637785707787865e-12,
                3.9278636975018333e-07,
                0.9999996072044062
            ]
        ],
        [
            [
                0.9999999999985363,
                1.4637785135991053e-12,
                0.0,
                0.0,
                0.0
            ],
            [
                0.9999999999771028,
                2.2897348447725456e-11,
                0.0,
                0.0,
                0.0
            ],
            [
                6.914400091679428e-13,
                1.605228051642712e-09,
                0.9999999978728191,
                5.211412476386429e-10,
                1.2015425705252535e-13
            ],
            [
                8.875286127843041e-13,
                2.593738804397428e-11,
                5.787413548083951e-12,
                0.0003353500551627166,
                0.9996646499122249
            ],
            [
                7.834997398615358e-13,
                1.3887865188100589e-11,
                3.098801583540688e-12,
                4.785094847286413e-06,
                0.9999952148873825
            ]
        ],
        [
            [
                0.9999999999969011,
                3.0988191376017624e-12,
                0.0,
                0.0,
                0.0
            ],
            [
                0.9999999999821676,
                1.7832472901437718e-11,
                0.0,
                0.0,
                0.0
            ],
            [
                2.543665644681535e-13,
                7.582560419877069e-10,
                0.9999999989952808,
                2.4616969492068545e-10,
                3.9008376060472037e-14
            ],
            [
                8.87826567576315e-13,
                1.5737102456591707e-11,
                2.1297852182864325e-12,
                6.475946143812149e-07,
                0.9999993523866308
            ],
            [
                2.5436656421131263e-13,
                3.5114221061100645e-12,
                4.752193052937086e-13,
                1.6052280518637937e-09,
                0.999999998390531
            ]
        ],
        [
            [
                0.9999999999983413,
                1.6586783584485409e-12,
                0.0,
                0.0,
                0.0
            ],
            [
                0.9999999999821676,
                1.7832472900586278e-11,
                0.0,
                0.0,
                0.0
            ],
            [
                1.4153178122442307e-09,
                0.0009110513956172045,
                0.999088936724648,
                1.0457862712488417e-08,
                6.554221770625097e-12
            ],
            [
                3.266131687554286e-13,
                5.1090895673693996e-12,
                6.914400836811606e-13,
                8.764249144581616e-08,
                0.9999999123513814
            ],
            [
                0.0,
                3.0988191360178703e-12,
                0.0,
                2.789468090434902e-10,
                0.9999999997179543
            ]
        ],
        [
            [
                0.9999999999990061,
                8.878265474364772e-13,
                0.0,
                0.0,
                1.0603575986633201e-13
            ],
            [
                0.9999999999377585,
                6.224144620289257e-11,
                0.0,
                0.0,
                0.0
            ],
            [
                3.266131339219068e-13,
                7.582560419627656e-10,
                0.9999999989623878,
                2.789468089821319e-10,
                8.258073276533645e-14
            ],
            [
                4.752193247245401e-13,
                7.433680960918463e-12,
                1.0060393183365153e-12,
                3.927863697955836e-07,
                0.9999996072047153
            ],
            [
                2.543665852087218e-13,
                7.433681270603364e-12,
                7.83504241561649e-13,
                1.1253518377591673e-07,
                0.9999998874563446
            ]
        ],
        [
            [
                0.9999999999989939,
                1.0060392790344725e-12,
                0.0,
                0.0,
                0.0
            ],
            [
                0.999999998394772,
                1.605228052259848e-09,
                0.0,
                0.0,
                0.0
            ],
            [
                1.6001352738568256e-09,
                0.003172683054928743,
                0.9968273090105074,
                6.328657775155275e-09,
                5.770988891330463e-12
            ],
            [
                6.913741039828384e-13,
                2.2895165925927625e-11,
                5.788804498594145e-12,
                9.610239977447078e-05,
                0.9999038975708502
            ],
            [
                6.914400373507527e-13,
                9.545035290825469e-12,
                1.6586784228604081e-12,
                3.92786369690995e-07,
                0.9999996072017352
            ]
        ],
        [
            [
                0.99999999999886,
                1.1399918525800443e-12,
                0.0,
                0.0,
                0.0
            ],
            [
                0.9999999999771028,
                2.2897348445394803e-11,
                0.0,
                0.0,
                0.0
            ],
            [
                4.50875580445287e-12,
                6.82560422736085e-08,
                0.9999999312180832,
                5.211413137654893e-10,
                2.244777334902984e-13
            ],
            [
                4.752193665866231e-13,
                8.423464823480252e-12,
                1.2917801687242353e-12,
                1.8553915980814537e-07,
                0.9999998144506498
            ],
            [
                3.266131756533538e-13,
                7.43368161403395e-12,
                1.1399919974559307e-12,
                1.8553915976527367e-07,
                0.9999998144519399
            ]
        ],
        [
            [
                0.9999999999972653,
                2.734698290821019e-12,
                0.0,
                0.0,
                0.0
            ],
            [
                0.9999999999954912,
                4.508755241164035e-12,
                0.0,
                0.0,
                0.0
            ],
            [
                1.542811202237821e-13,
                2.1724399337355907e-10,
                0.9999999994243827,
                3.5817479280682457e-10,
                4.4202281009077255e-14
            ],
            [
                5.384940894658048e-13,
                6.560200992791683e-12,
                1.4637786981274967e-12,
                3.0590235895471475e-07,
                0.9999996940890786
            ],
            [
                3.701011663521614e-13,
                3.978962519634326e-12,
                3.701011663521614e-13,
                3.39826780565683e-09,
                0.999999996597013
            ]
        ],
        [
            [
                0.9999999999985363,
                1.463778513450238e-12,
                0.0,
                0.0,
                0.0
            ],
            [
                0.9999999999705993,
                2.940077738004097e-11,
                0.0,
                0.0,
                0.0
            ],
            [
                3.178841337766439e-08,
                0.0140636266422619,
                0.9859363222661022,
                1.9280647337172684e-08,
                2.257531704275712e-11
            ],
            [
                2.5436655638529233e-13,
                3.0988190369687636e-12,
                3.266131235540509e-13,
                3.224186631387092e-08,
                0.999999967754454
            ],
            [
                6.914400072622255e-13,
                7.433680635456917e-12,
                1.1399918473862823e-12,
                4.3634622312867145e-09,
                0.9999999956272727
            ]
        ],
        [
            [
                0.9999999999992164,
                7.835041782579693e-13,
                0.0,
                0.0,
                0.0
            ],
            [
                0.9999999999942106,
                5.789356326866177e-12,
                0.0,
                0.0,
                0.0
            ],
            [
                3.071275709329478e-08,
                0.047425867120885715,
                0.9525739644235774,
                1.3764502778496712e-07,
                9.775197348440469e-11
            ],
            [
                1.7482342624980032e-13,
                5.7893567732292515e-12,
                6.101937146103401e-13,
                8.315279899399026e-07,
                0.9999991684654357
            ],
            [
                2.882351097365673e-13,
                5.789356939172872e-12,
                7.835042611208097e-13,
                8.764249143564874e-08,
                0.9999999123506474
            ]
        ],
        [
            [
                0.9999999999985363,
                1.4637785135989997e-12,
                0.0,
                0.0,
                0.0
            ],
            [
                0.9999999973534264,
                2.6465736303407733e-09,
                0.0,
                0.0,
                0.0
            ],
            [
                6.914400076870564e-13,
                3.3982678047165386e-09,
                0.9999999957417178,
                8.592166581808128e-10,
                1.060357594541056e-13
            ],
