{
    "[['A', 'B', 'C', 'D', 'E'], ['A', 'B', 'C', 'D', 'E']]": [
        [
            [
                0.999999999989184,
                1.0815941554145035e-11,
                0.0,
                0.0,
                0.0
            ],
            [
                0.9999999996418252,
                3.5817479277166877e-10,
                0.0,
                0.0,
                0.0
            ],
            [
                6.101936673173324e-13,
                2.1724399335011158e-10,
                0.9999999993221469,
                4.5990553753118997e-10,
                9.357622962043483e-14
            ],
            [
                3.7010049116280017e-13,
                8.423448352928047e-12,
                1.4637758377394638e-12,
                1.067703076075213e-06,
                0.9999989322866666
            ],
            [
                1.5428112013755116e-13,
                1.658678356961443e-12,
                1.9810087957167067e-13,
                8.592166609058416e-10,
                0.9999999991387722
            ]
        ],
        [
            [
                0.9999999999989939,
                1.0060392787573205e-12,
                0.0,
                0.0,
                0.0
            ],
            [
                0.9999999999842628,
                1.57371021016374e-11,
                0.0,
                0.0,
                0.0
            ],
            [
                3.9008376087148264e-14,
                4.5087552406004886e-12,
                0.9999999996791398,
                3.160881453125871e-10,
                2.2447770541774138e-13
            ],
            [
                6.101937438869347e-13,
                6.560200986589733e-12,
                1.1399919952671987e-12,
                6.825604227881938e-08,
                0.9999999317356473
            ],
            [
                2.882350638506882e-13,
                4.5087549999317885e-12,
                6.914399735264449e-13,
                5.3157849686804e-08,
                0.9999999468366618
            ]
        ],
        [
            [
                0.9999999999991123,
                8.878265475269246e-13,
                0.0,
                0.0,
                0.0
            ],
            [
                0.9999999999294713,
                7.052879848087334e-11,
                0.0,
                0.0,
                0.0
            ],
            [
                2.543646374091021e-13,
                7.052826411632037e-11,
                0.9999921106533515,
                7.88926504999911e-06,
                1.0815859605188667e-11
            ],
            [
                2.5436656437610726e-13,
                1.6586783565564008e-12,
                2.5436656437610726e-13,
                1.1032560307752627e-09,
                0.9999999988945765
            ],
            [
                1.0060392788276727e-12,
                3.511422111786157e-12,
                5.384940215315147e-13,
                1.3176514264127704e-10,
                0.999999999863179
            ]
        ],
        [
            [
                0.9999999999978701,
                2.1297851701878715e-12,
                0.0,
                0.0,
                0.0
            ],
            [
                0.9999999999572222,
                4.2777878670488386e-11,
                0.0,
                0.0,
                0.0
            ],
            [
                6.431393939953381e-14,
                3.7751345433994306e-11,
                0.9999999997929301,
                1.691897922220891e-10,
                6.431393939953381e-14
            ],
            [
                1.006037439899451e-12,
                9.545017471252409e-12,
                1.6586753262829265e-12,
                1.0677030761472155e-06,
                0.9999989322847141
            ],
            [
                3.266131340825346e-13,
                2.413362770383406e-12,
                4.1937956558601566e-13,
                1.917171512606587e-10,
                0.9999999998051234
            ]
        ],
        [
            [
                0.9999999999978701,
                2.1297851702776275e-12,
                0.0,
                0.0,
                0.0
            ],
            [
                0.9999999999821676,
                1.7832472902187225e-11,
                0.0,
                0.0,
                0.0
            ],
            [
                1.0603575987798093e-13,
                4.277787867465922e-11,
                0.9999999996780331,
                2.789468091888796e-10,
                1.3615261076112577e-13
            ],
            [
                1.7482341211999082e-13,
                1.879528808936882e-12,
                2.2447770459414394e-13,
                3.850741907192375e-09,
                0.9999999961469792
            ],
            [
                5.384940211740138e-13,
                3.9789625313935375e-12,
                6.101936670790686e-13,
                5.905303992349e-10,
                0.999999999404342
            ]
        ],
        [
            [
                0.999999999996021,
                3.9789625343950965e-12,
                0.0,
                0.0,
                0.0
            ],
            [
                0.9999999999622486,
                3.77513454278319e-11,
                0.0,
                0.0,
                0.0
            ],
            [
                1.0603575962309784e-13,
                7.052879831680672e-11,
                0.9999999972826372,
                2.6465736316175047e-09,
                1.542811198941267e-13
            ],
            [
                1.9810087585934525e-13,
                2.4133627237665417e-12,
                4.193795574852193e-13,
                1.9555680698362218e-08,
                0.9999999804412885
            ],
            [
                3.7010116771188053e-13,
                2.1297851701076334e-12,
                2.54366564636395e-13,
                1.493094675602564e-10,
                0.9999999998479363
            ]
        ],
        [
            [
                0.9999999999985363,
                1.4637785134500248e-12,
                0.0,
                0.0,
                0.0
            ],
            [
                0.9999999993308415,
                6.691586084416364e-10,
                0.0,
                0.0,
                0.0
            ],
            [
                3.2661313121597937e-13,
                9.056076904750872e-11,
                0.9999999906711247,
                9.237449575347806e-09,
                5.384940167257571e-13
            ],
            [
                6.101937321706775e-13,
                5.789356939837094e-12,
                1.0060393854776933e-12,
                8.764249144570411e-08,
                0.999999912350103
            ],
            [
                0.0,
                2.129785161639381e-12,
                3.266131328500279e-13,
                3.850741905923163e-09,
                0.9999999961468016
            ]
        ],
        [
            [
                0.9999999999925664,
                7.433680669277967e-12,
                0.0,
                0.0,
                0.0
            ],
            [
                0.9999999999666846,
                3.331544541001699e-11,
                0.0,
                0.0,
                0.0
            ],
            [
                1.542811199874621e-13,
                1.7832472869804e-11,
                0.9999999979203844,
                2.06115361800678e-09,
                4.752193052553252e-13
            ],
            [
                3.2661315942203263e-13,
                6.560200673170216e-12,
                1.4637786268103075e-12,
                8.31527990108933e-07,
                0.9999991684636592
            ],
            [
                0.0,
                1.1399918520884454e-12,
                1.5428112018982043e-13,
                5.211412483518648e-10,
                0.9999999994775646
            ]
        ],
        [
            [
                0.9999999999971925,
                2.734698290910455e-12,
                0.0,
                0.0,
                7.287724094003771e-14
            ],
            [
                0.9999999999771028,
                2.2897348450285005e-11,
                0.0,
                0.0,
                0.0
            ],
            [
                1.3615261002690559e-13,
                3.775134522594747e-11,
                0.9999999943586246,
                5.602796405354838e-09,
                6.91440006722393e-13
            ],
            [
                1.9810087887717308e-13,
                2.7346982787850277e-12,
                6.101936649029385e-13,
                4.3634622325092015e-09,
                0.9999999956329948
            ],
            [
                2.543665646364746e-13,
                1.658678358254209e-12,
                0.0,
                7.991959889773767e-11,
                0.9999999999181675
            ]
        ],
        [
            [
                0.9999999999985363,
                1.4637785137151213e-12,
                0.0,
                0.0,
                0.0
            ],
            [
                0.9999999999200804,
                7.991959889450088e-11,
                0.0,
                0.0,
                0.0
            ],
            [
                9.357622915513561e-14,
                6.224144587438032e-11,
                0.9999999943345803,
                5.6027964056084155e-09,
                2.882350777018634e-13
            ],
            [
                2.5436656230637793e-13,
                3.978962497805085e-12,
                5.384940166283111e-13,
                9.237449573676193e-09,
                0.9999999907577787
            ],
            [
                1.9810087740595693e-13,
                1.8795287937785645e-12,
                3.2661313032355963e-13,
                1.1861120007709295e-08,
                0.9999999881364757
            ]
        ],
        [
            [
                0.9999999999925664,
                7.433680669627774e-12,
                0.0,
                0.0,
                0.0
            ],
            [
                0.9999999999622486,
                3.775134542783463e-11,
                0.0,
                0.0,
                0.0
            ],
            [
                5.67568522590688e-14,
                1.0815941544468505e-11,
                0.9999999988855013,
                1.1032560310361652e-09,
                3.701011674206872e-13
            ],
            [
                2.8823511557701656e-13,
                5.789357056481432e-12,
                6.914400976114561e-13,
                3.0590235895526336e-07,
                0.9999996940908721
            ],
            [
                1.2015425698804047e-13,
                1.8795288113820613e-12,
                3.2661313338258865e-13,
                2.3355930323909733e-09,
                0.9999999976620806
            ]
        ],
        [
            [
                0.99999999999886,
                1.1399918526345136e-12,
                0.0,
                0.0,
                0.0
            ],
            [
                0.9999999999821676,
                1.783247290217943e-11,
                0.0,
                0.0,
                0.0
            ],
            [
                0.0,
                3.2661313425999544e-13,
                0.9999999999975226,
                2.1297851708335244e-12,
                2.0879679115260735e-14
            ],
            [
                1.9810087738371906e-13,
                2.129785144925659e-12,
                3.2661313028689555e-13,
                1.186112000637782e-08,
                0.9999999881362255
            ],
            [
                1.2015425692749203e-13,
                2.1297851640388665e-12,
                3.266131332180009e-13,
                2.9989608151175607e-09,
                0.9999999969984625
            ]
        ],
        [
            [
                0.999999999994891,
                5.1090890264171606e-12,
                0.0,
                0.0,
                0.0
            ],
            [
                0.9999999999450722,
                5.49278834868451e-11,
                0.0,
                0.0,
                0.0
            ],
            [
                1.0603575980465711e-13,
                1.3887943850480722e-11,
                0.9999999990120594,
                9.73620030285599e-10,
                3.266131339381302e-13
            ],
            [
                4.1937722000088423e-13,
                7.433639091395198e-12,
                1.658669080948639e-12,
                6.1441721255855225e-06,
                0.9999938558183628
            ],
            [
                1.9810087964230106e-13,
                2.1297851692077037e-12,
                3.701011675554962e-13,
                3.58174792734336e-10,
                0.9999999996391271
            ]
        ],
        [
            [
                0.9999999999981204,
                1.8795288160109333e-12,
                0.0,
                0.0,
                0.0
            ],
            [
                0.9999999999954912,
                4.508755240848185e-12,
                0.0,
                0.0,
                0.0
            ],
            [
                1.8795287589660367e-12,
                1.52299792781934e-08,
                0.9999999695375517,
                1.52299792781934e-08,
                6.101936490693008e-13
            ],
            [
                2.543665852890544e-13,
                3.511422397079315e-12,
                4.752193446721145e-13,
                1.1253518381145695e-07,
                0.9999998874605752
            ],
            [
                0.0,
                2.413362769893682e-12,
                3.2661313401625767e-13,
                1.3176514259505983e-10,
                0.9999999998654949
            ]
        ],
        [
            [
                0.9999999999954912,
                4.508755241016005e-12,
                0.0,
                0.0,
                0.0
            ],
            [
                0.999999999987744,
                1.2256067438972212e-11,
                0.0,
                0.0,
                0.0
            ],
            [
                1.5428111531850736e-13,
                9.056076696140153e-11,
                0.9999999676671304,
                3.2241866327518486e-08,
                2.8823507000193586e-13
            ],
            [
                2.882350788548681e-13,
                2.4133627677340892e-12,
                2.543665643056477e-13,
                1.4166087842370698e-09,
                0.9999999985804353
            ],
            [
                4.193795632937064e-13,
                3.098819119922234e-12,
                4.752193033941046e-13,
                5.602796403546809e-09,
                0.9999999943932101
            ]
        ],
        [
            [
                0.9999999999985363,
                1.463778513660755e-12,
                0.0,
                0.0,
                0.0
            ],
            [
                0.9999999998973812,
                1.0261879626480932e-10,
                0.0,
                0.0,
                0.0
            ],
            [
                1.361526103329424e-13,
                5.4927883317505456e-11,
                0.999999996546532,
                3.3982678076138917e-09,
                1.361526103329424e-13
            ],
            [
                6.101936674488016e-13,
                2.129785169867738e-12,
                3.266131341118873e-13,
                1.917171512778883e-10,
                0.9999999998052163
            ],
            [
                1.1399918521608346e-12,
                5.7893563242437624e-12,
                7.835041778992046e-13,
                5.211412483849571e-10,
                0.9999999994711459
            ]
        ],
        [
            [
                0.9999999999985363,
                1.46377851371516e-12,
                0.0,
                0.0,
                0.0
            ],
            [
                0.9999999998837177,
                1.1628233026338344e-10,
                0.0,
                0.0,
                0.0
            ],
            [
                9.357622470390492e-14,
                7.052879475428535e-11,
                0.9999999467710528,
                5.31578497127009e-08,
                4.752192809637517e-13
            ],
            [
                1.748234093450605e-13,
                3.0988190770010975e-12,
                3.7010116048777746e-13,
                1.9555680698350234e-08,
                0.9999999804406756
            ],
            [
                6.101936674626438e-13,
                1.8795288156215214e-12,
                4.1937956563321877e-13,
                1.6918979217891678e-10,
                0.999999999827901
            ]
        ],
        [
            [
                0.9999999999989939,
                1.0060392789639792e-12,
                0.0,
                0.0,
                0.0
            ],
            [
                0.9999999999915765,
                8.423463751732993e-12,
                0.0,
                0.0,
                0.0
            ],
            [
                2.882350772153232e-13,
                1.4930946651680724e-10,
                0.9999999926560448,
                7.1941329771842436e-09,
                2.2447770384394055e-13
            ],
            [
                1.54281131762031e-13,
                3.978962830952031e-12,
                5.384940617148474e-13,
                2.3823698441992663e-07,
                0.9999997617583438
            ],
            [
                1.542811202383812e-13,
                1.2917800041094026e-12,
                1.7482341273553873e-13,
                1.1628233024130469e-10,
                0.9999999998820968
            ]
        ],
        [
            [
                0.9999999999705993,
                2.940077737665322e-11,
                0.0,
                0.0,
                0.0
            ],
            [
                0.9999999998082829,
                1.9171715129181815e-10,
                0.0,
                0.0,
                0.0
            ],
            [
                5.675685213062221e-14,
                2.020683902054636e-11,
                0.9999999965812705,
                3.3982678077774013e-09,
                1.9810087912182033e-13
            ],
            [
                3.7009907121608226e-13,
                1.0815880284390268e-11,
                2.413349100002245e-12,
                4.785094847599387e-06,
                0.9999952148915531
            ],
            [
                1.1399918519548353e-12,
                5.789356323197612e-12,
                6.91440010033193e-13,
                6.691586084897457e-10,
                0.9999999993232207
            ]
        ],
        [
            [
                0.999999999994891,
                5.10908902660963e-12,
                0.0,
                0.0,
                0.0
            ],
            [
                0.9999999997538302,
                2.4616969505222764e-10,
                0.0,
                0.0,
                0.0
            ],
            [
                1.7482341275491487e-13,
                2.5946094972050597e-11,
                0.999999999657593,
                3.160881453008452e-10,
                1.9810087972309503e-13
            ],
            [
                2.244777340235288e-13,
                2.4133630784674986e-12,
                4.1937961912300333e-13,
                1.8553915983561703e-07,
                0.999999814457783
            ],
            [
                1.981008787622548e-13,
                2.129785159746315e-12,
                3.266131325597168e-13,
                4.9444504759150474e-09,
                0.999999995052895
            ]
        ],
        [
            [
                0.999999999987744,
                1.225606743955198e-11,
                0.0,
                0.0,
                0.0
            ],
            [
                0.9999999999572222,
                4.277787867252411e-11,
                0.0,
                0.0,
                0.0
            ],
            [
                1.8795287779922005e-12,
                8.592166442959073e-10,
                0.9999999795817596,
                1.955568068678692e-08,
                1.4637784841055664e-12
            ],
            [
                1.006039276150778e-12,
                5.10908901215498e-12,
                1.1399918494947238e-12,
                2.64657363066839e-09,
                0.9999999973461713
            ],
            [
                3.701011676169499e-13,
                2.4133627702531062e-12,
                3.266131340649004e-13,
                1.917171512503077e-10,
                0.9999999998051727
            ]
        ],
        [
            [
                0.9999999999983413,
                1.6586783581478567e-12,
                0.0,
                0.0,
                0.0
            ],
            [
                0.9999999999450722,
                5.492788348421851e-11,
                0.0,
                0.0,
                0.0
            ],
            [
                1.3615261076113026e-13,
                4.2777878674660634e-11,
                0.9999999996780662,
                2.7894680918888883e-10,
                7.287724093259263e-14
            ],
            [
                2.2447773353788605e-13,
                2.7346986331377003e-12,
                3.266131750705765e-13,
                6.825604228807828e-08,
                0.9999999317406719
            ],
            [
                4.752193055030499e-13,
                3.511422107656899e-12,
                4.752193055030499e-13,
                1.103256030546505e-09,
                0.9999999988922821
            ]
        ],
        [
            [
                0.9999999999972653,
                2.7346982908209467e-12,
                0.0,
                0.0,
                0.0
            ],
            [
                0.9999999999666846,
                3.3315445408612975e-11,
                0.0,
                0.0,
                0.0
            ],
            [
                2.8823507366816906e-13,
                3.331544476557655e-11,
                0.9999999804094236,
                1.9555680702736653e-08,
                1.2917799793467204e-12
            ],
            [
                1.748234122314588e-13,
                1.8795288101352755e-12,
                2.5436656387103116e-13,
                2.998960814639444e-09,
                0.9999999969987305
            ],
            [
                4.1937956556231444e-13,
                3.511422111068606e-12,
                4.1937956556231444e-13,
                1.3176514261435115e-10,
                0.9999999998638847
            ]
        ],
        [
            [
                0.9999999999969011,
                3.098819137601608e-12,
                0.0,
                0.0,
                0.0
            ],
            [
                0.9999999999200804,
                7.991959889068949e-11,
                0.0,
                0.0,
                0.0
            ],
            [
                2.5436656286213324e-13,
                6.224144577014366e-11,
                0.9999999927428327,
                7.194132977279806e-09,
                5.38494017804845e-13
            ],
            [
                3.2661317529685845e-13,
                8.423464812339743e-12,
                1.463778697956341e-12,
                3.059023589189464e-07,
                0.9999996940874273
            ],
            [
                0.0,
                2.7346982878948603e-12,
                3.701011673589308e-13,
                7.582560417661111e-10,
                0.9999999992386392
            ]
        ],
        [
            [
                0.999999999989184,
                1.0815941553743318e-11,
                0.0,
                0.0,
                0.0
            ],
            [
                0.999999999990455,
                9.54503491973002e-12,
                0.0,
                0.0,
                0.0
            ],
            [
                1.7482341258388503e-13,
                3.775134539026994e-11,
                0.9999999987113826,
                1.2501528646474847e-09,
                5.384940210262312e-13
            ],
            [
                2.8823506730717686e-13,
                3.5114219667326415e-12,
                6.101936422776487e-13,
                4.1399375458932525e-08,
                0.9999999585962147
            ],
            [
                2.5436656387092887e-13,
                2.129785163698464e-12,
                3.266131331657985e-13,
                2.998960814638238e-09,
                0.9999999969983284
            ]
        ],
        [
            [
                0.9999999999995806,
                4.193795657206872e-13,
                0.0,
                0.0,
                0.0
            ],
            [
                0.999999999986112,
                1.3887943860377799e-11,
                0.0,
                0.0,
                0.0
            ],
            [
                5.6756852321447656e-14,
                2.2897348454486972e-11,
                0.9999999999342337,
                4.277787868601223e-11,
                3.442477108174016e-14
            ],
            [
                1.3615261067952173e-13,
                1.658678357337285e-12,
                2.2447770528868093e-13,
                5.905303993329722e-10,
                0.9999999994074502
            ],
            [
                3.2661313377806494e-13,
                3.098819133971508e-12,
                4.1937956519506887e-13,
                1.2501528644703276e-09,
                0.9999999987460024
            ]
        ],
        [
            [
                0.9999999999925664,
                7.433680669627774e-12,
                0.0,
                0.0,
                0.0
            ],
            [
                0.999999999987744,
                1.22560674409256e-11,
                0.0,
                0.0,
                0.0
            ],
            [
                1.7482341252473013e-13,
                3.331544536404154e-11,
                0.9999999983609551,
                1.6052280524092002e-09,
                3.2661313371383283e-13
            ],
            [
                3.7010115577436546e-13,
                3.978962405912302e-12,
                8.878265188557937e-13,
                3.224186631977466e-08,
                0.9999999677528967
            ],
            [
                1.9810087905064157e-13,
                2.734698281179686e-12,
                3.7010116645013076e-13,
                3.3982678065563843e-09,
                0.9999999965984292
            ]
        ],
        [
            [
                0.9999999999978701,
                2.1297851700861477e-12,
                0.0,
                0.0,
                0.0
            ],
            [
                0.9999999999094393,
                9.056076986323226e-11,
                0.0,
                0.0,
                0.0
            ],
            [
                2.543665632739659e-13,
                1.0261879572650953e-10,
                0.9999999942940758,
                5.6027964052965485e-09,
                2.543665632739659e-13
            ],
            [
                5.384940890275844e-13,
                5.7893570517597345e-12,
                1.0060394049269318e-12,
                6.825604228780196e-08,
                0.9999999317366238
            ],
            [
                1.0603575826211898e-13,
                1.6586783330550917e-12,
                2.882350748507941e-13,
                1.5229979507274087e-08,
                0.9999999847679675
            ]
        ],
        [
            [
                0.9999999999969011,
                3.098819137601608e-12,
                0.0,
                0.0,
                0.0
            ],
            [
                0.9999999999981204,
                1.8795288157720194e-12,
                0.0,
                0.0,
                0.0
            ],
            [
                1.9810087973898405e-13,
                4.8473687046573956e-11,
                0.9999999997050224,
                2.4616969509963067e-10,
                1.3615261076366345e-13
            ],
            [
                4.752192941466452e-13,
                8.423463539450921e-12,
                1.2917799718119598e-12,
                2.5109990916481008e-08,
                0.9999999748798187
            ],
            [
                1.5428111994561775e-13,
                1.6586783548979642e-12,
                2.2447770495855478e-13,
                2.0611536174477512e-09,
                0.999999997936809
            ]
        ],
        [
            [
                0.9999999999978701,
                2.1297851703567303e-12,
                0.0,
                0.0,
                0.0
            ],
            [
                0.9999999999666846,
                3.3315445408614855e-11,
                0.0,
                0.0,
                0.0
            ],
            [
                5.675685231566239e-14,
                7.433680670955371e-12,
                0.9999999998605698,
                1.3176514267619547e-10,
                1.7482341279425568e-13
            ],
            [
                2.8823507855302217e-13,
                3.5114221037350844e-12,
                4.7521930497229e-13,
                2.335593032386422e-09,
                0.9999999976601321
            ],
            [
                3.266131302999031e-13,
                3.9789624873650254e-12,
                6.101936603270776e-13,
                1.1861120006850195e-08,
                0.9999999881339642
            ]
        ],
        [
            [
                0.9999999999934397,
                6.560200165440707e-12,
                0.0,
                0.0,
                0.0
            ],
            [
                0.9999999999942106,
                5.78935632662206e-12,
                0.0,
                0.0,
                0.0
            ],
            [
                2.129785154762961e-12,
                7.194132975628162e-09,
                0.999999992487529,
                3.1608814302814106e-10,
                1.2015425640418124e-13
            ],
            [
                1.9810087964246706e-13,
                1.463778512925698e-12,
                1.9810087964246706e-13,
                4.5990553748813657e-10,
                0.9999999995382345
            ],
            [
                1.36152610704324e-13,
                8.878265471636184e-13,
                2.2447770532957296e-13,
                2.461696949923424e-10,
                0.9999999997525819
            ]
        ],
        [
            [
                0.9999999999964886,
                3.5114221121054668e-12,
                0.0,
                0.0,
                0.0
            ],
            [
                0.9999999994788586,
                5.211412483523463e-10,
                0.0,
                0.0,
                0.0
            ],
            [
                1.4637785070817895e-12,
                2.061153612519699e-09,
                0.9999999952903338,
                2.6465736261730503e-09,
                4.752193039902245e-13
            ],
            [
                2.882350790898575e-13,
                3.0988191359848194e-12,
                5.384940212997832e-13,
                3.581747927119632e-10,
                0.9999999996378997
            ],
            [
                0.0,
                1.6586783579554413e-12,
                1.9810087969038684e-13,
                1.1628233023499334e-10,
                0.999999999881861
            ]
        ],
        [
            [
                0.9999999999987081,
                1.2917800041898584e-12,
                0.0,
                0.0,
                0.0
            ],
            [
                0.9999999999705993,
                2.940077738472877e-11,
                0.0,
                0.0,
                0.0
            ],
            [
                1.361526106188354e-13,
                2.940077735178809e-11,
                0.9999999987198349,
                1.2501528646409698e-09,
                4.752193056134965e-13
            ],
            [
                4.1937879882289406e-13,
                8.423448348559331e-12,
                1.8795253790160704e-12,
                2.260325273001152e-06,
                0.9999977396640046
            ],
            [
                0.0,
                1.8795288141673153e-12,
                3.2661313386659326e-13,
                6.691586082848703e-10,
                0.9999999993286353
            ]
        ],
        [
            [
                0.99999999999886,
                1.1399918525799508e-12,
                0.0,
                0.0,
                0.0
            ],
            [
                0.9999999997538302,
                2.4616969504307235e-10,
                0.0,
                0.0,
                0.0
            ],
            [
                3.160314943285539e-10,
                0.0001584327751521886,
                0.9998201253217449,
                2.1441544301118642e-05,
                4.27702117966448e-11
            ],
            [
                1.2015425425734208e-13,
                1.8795287686667517e-12,
                2.2447769978456275e-13,
                2.5109990917878546e-08,
                0.999999974887785
            ],
            [
                2.543665646117057e-13,
                2.4133627706378866e-12,
                2.8823507920167723e-13,
                2.4616969505961173e-10,
                0.9999999997508744
            ]
        ],
        [
            [
                0.9999999999978701,
                2.1297851702775075e-12,
                0.0,
                0.0,
                0.0
            ],
            [
                0.9999999998082829,
                1.9171715127036445e-10,
                0.0,
                0.0,
                0.0
            ],
            [
                2.3659776090024708e-14,
                7.835041784626303e-13,
                0.9999999999868641,
                1.2256067443414201e-11,
                7.287724095412208e-14
            ],
            [
                6.101936670834794e-13,
                3.0988191352834668e-12,
                4.752193057498259e-13,
                8.592166609640493e-10,
                0.9999999991365991
            ],
            [
                3.701011665288928e-13,
                3.978962521534367e-12,
                7.835041756900363e-13,
                2.9989608140771714e-09,
                0.9999999969959066
            ]
        ],
        [
            [
                0.9999999999969011,
                3.0988191377320276e-12,
                0.0,
                0.0,
                0.0
            ],
            [
                0.9999999999975866,
                2.4133627711535755e-12,
                0.0,
                0.0,
                0.0
            ],
            [
                0.0,
                2.882350793339579e-13,
                0.9999999999969533,
                2.7346982914924356e-12,
                2.36597760904873e-14
            ],
            [
                1.3615261056707555e-13,
                1.4637785115253484e-12,
                2.2447770510328855e-13,
                1.4166087841264377e-09,
                0.9999999985815669
            ],
            [
                0.0,
                1.6586783552998888e-12,
                2.543665641834149e-13,
                1.8189616835894381e-09,
                0.9999999981791252
            ]
        ],
        [
            [
                0.9999999999981204,
                1.879528815861655e-12,
                0.0,
                0.0,
                0.0
            ],
            [
                0.9999999998308102,
                1.691897921856018e-10,
                0.0,
                0.0,
                0.0
            ],
            [
                1.6586783527125339e-12,
                2.06115361473203e-09,
                0.9999999963315895,
                1.6052280491837616e-09,
                3.701011664754815e-13
            ],
            [
                1.5428111961215334e-13,
                1.658678351312884e-12,
                2.5436656357198795e-13,
                4.363462232946943e-09,
                0.9999999956344705
            ],
            [
                0.0,
                1.4637785124575212e-12,
                1.5428112014334198e-13,
                8.592166609380915e-10,
                0.9999999991391653
            ]
        ],
        [
            [
                0.999999999996021,
                3.978962534560172e-12,
                0.0,
                0.0,
                0.0
            ],
            [
                0.9999999999622486,
                3.775134543081936e-11,
                0.0,
                0.0,
                0.0
            ],
            [
                3.7010116778217473e-13,
                1.3176514267350783e-10,
                0.9999999998250142,
                4.27778786807793e-11,
                7.287724094301651e-14
            ],
            [
                2.2447769614528375e-13,
                3.5114219670113198e-12,
                5.384939993295744e-13,
                4.1399375462218126e-08,
                0.9999999585963502
            ],
            [
                0.0,
                1.4637785126649739e-12,
                1.981008796071819e-13,
                5.905303993050207e-10,
                0.9999999994078077
            ]
        ],
        [
            [
                0.9999999999972653,
                2.734698290604282e-12,
                0.0,
                0.0,
                0.0
            ],
            [
                0.999999999990455,
                9.5450349193283e-12,
                0.0,
                0.0,
                0.0
            ],
            [
                5.78934584401051e-12,
                5.6027862906834e-09,
                0.999998234042511,
                1.7603431241094526e-06,
                5.78934584401051e-12
            ],
            [
                5.384940110221273e-13,
                5.789356213122037e-12,
                1.2917799789902273e-12,
                1.9555680697339866e-08,
                0.9999999804366997
            ],
            [
                0.0,
                2.4133627701828815e-12,
                3.2661313405539653e-13,
                9.056076983480041e-11,
                0.9999999999066993
            ]
        ],
        [
            [
                0.9999999999991123,
                8.878265474845499e-13,
                0.0,
                0.0,
                0.0
            ],
            [
                0.9999999995941349,
                4.058652123827808e-10,
                0.0,
                0.0,
                0.0
            ],
            [
                1.0603575976900328e-13,
                2.5946094946982097e-11,
                0.9999999987235069,
