{
    "[['A', 'B', 'C', 'D', 'E'], ['A', 'B', 'C', 'D', 'E']]": [
        [
            [
                0.9999999999992164,
                7.835041782250176e-13,
                0.0,
                0.0,
                0.0
            ],
            [
                0.999999999986112,
                1.3887943860378905e-11,
                0.0,
                0.0,
                0.0
            ],
            [
                4.594864486749995e-10,
                0.0009110510170849816,
                0.9990888803187871,
                6.819383541268061e-08,
                1.0806085524218813e-11
            ],
            [
                4.752129899351271e-13,
                9.544908055720403e-12,
                2.129756863074932e-12,
                1.3007124768540368e-05,
                0.9999869928630816
            ],
            [
                2.1297812757056216e-12,
                1.7832440293616083e-11,
                3.09881347116628e-12,
                2.2603252729732624e-06,
                0.999997739651666
            ]
        ],
        [
            [
                0.9999999999989939,
                1.006039279001474e-12,
                0.0,
                0.0,
                0.0
            ],
            [
                0.9999999999925664,
                7.433680668420788e-12,
                0.0,
                0.0,
                0.0
            ],
            [
                6.101936623198177e-13,
                7.194132966179806e-09,
                0.9999999911999088,
                1.6052280408727986e-09,
                1.2015425624637763e-13
            ],
            [
                1.4637256444120625e-12,
                2.2896521434984006e-11,
                5.7891472249560704e-12,
                3.535625750330856e-05,
                0.9999646437123473
            ],
            [
                7.835042779058655e-13,
                4.508755814299031e-12,
                7.835042779058655e-13,
                1.8553915980006036e-07,
                0.9999998144547645
            ]
        ],
        [
            [
                0.9999999999987872,
                1.1399918526344005e-12,
                0.0,
                0.0,
                7.287724093198938e-14
            ],
            [
                0.9999999999842628,
                1.5737102100975078e-11,
                0.0,
                0.0,
                0.0
            ],
            [
                1.9171204523148703e-10,
                2.7535689691082284e-05,
                0.9999724591728143,
                4.944318812740341e-09,
                1.463739528232746e-12
            ],
            [
                1.879478766677336e-12,
                2.9399994481281565e-11,
                1.081565354021735e-11,
                2.7535689823172556e-05,
                0.9999724642680816
            ],
            [
                3.098819527096289e-12,
                2.2897351326176227e-11,
                3.511422553462434e-12,
                3.059023588405104e-07,
                0.9999996940681336
            ]
        ],
        [
            [
                0.9999999999994615,
                5.384940215821016e-13,
                0.0,
                0.0,
                0.0
            ],
            [
                0.9999999999842628,
                1.573710210319431e-11,
                0.0,
                0.0,
                0.0
            ],
            [
                7.581013730053259e-10,
                0.0002034270603489018,
                0.9997965658300665,
                6.347505081782125e-09,
                3.978150903290118e-12
            ],
            [
                6.101925517586284e-13,
                1.0815921775678623e-11,
                1.8795253790112152e-12,
                2.260325272995313e-06,
                0.9999977396614214
            ],
            [
                3.5114156911492167e-12,
                2.5946047528566906e-11,
                6.560188169853597e-12,
                2.2603252729439763e-06,
                0.9999977396387094
            ]
        ],
        [
            [
                0.9999999999985363,
                1.463778513660755e-12,
                0.0,
                0.0,
                0.0
            ],
            [
                0.999999999987744,
                1.2256067440072525e-11,
                0.0,
                0.0,
                0.0
            ],
            [
                7.052692002339202e-11,
                2.7535689674605555e-05,
                0.9999724586356876,
                5.6026472107734284e-09,
                1.4637395273568776e-12
            ],
            [
                1.1399506782461398e-12,
                1.7831828825934998e-11,
                4.508592392808832e-12,
                3.5356257508777504e-05,
                0.9999646437190108
            ],
            [
                1.1399680326778183e-12,
                2.020641686412257e-11,
                8.423287744444008e-12,
                2.1444939758830324e-05,
                0.9999785550304714
            ]
        ],
        [
            [
                0.9999999999975866,
                2.4133627710639403e-12,
                0.0,
                0.0,
                0.0
            ],
            [
                0.999999999979793,
                2.020683908256967e-11,
                0.0,
                0.0,
                0.0
            ],
            [
                3.160767275868289e-10,
                3.535625759742988e-05,
                0.9999646400257676,
                3.3981450660978615e-09,
                2.413275595514372e-12
            ],
            [
                1.0060393259038015e-12,
                1.0815942058503137e-11,
                2.7346984183194906e-12,
                5.043472049564664e-07,
                0.9999994956382383
            ],
            [
                1.8795288893902437e-12,
                9.545035292809348e-12,
                1.8795288893902437e-12,
                3.927863697726333e-07,
                0.9999996072003261
            ]
        ],
        [
            [
                0.9999999999987081,
                1.2917800043213543e-12,
                0.0,
                0.0,
                0.0
            ],
            [
                0.9999999999740539,
                2.594609497484935e-11,
                0.0,
                0.0,
                0.0
            ],
            [
                9.729294185027317e-10,
                0.0007096703106706019,
                0.9992902818272271,
                4.687836463025133e-08,
                1.0808269542100946e-11
            ],
            [
                3.977247638976897e-12,
                3.1595191429993495e-10,
                4.1381534430771116e-08,
                0.9995694011979064,
                0.0004305571006300971
            ],
            [
                2.882350783086693e-13,
                3.098819127586255e-12,
                6.101936655678086e-13,
                2.9989608140805765e-09,
                0.9999999969970419
            ]
        ],
        [
            [
                0.99999999999886,
                1.1399918526823895e-12,
                0.0,
                0.0,
                0.0
            ],
            [
                0.999999999986112,
                1.3887943859129977e-11,
                0.0,
                0.0,
                0.0
            ],
            [
                1.0261116807882212e-10,
                7.48461943469595e-05,
                0.9999251171678368,
                3.6532106296294924e-08,
                3.09858878588816e-12
            ],
            [
                1.4637785821993025e-12,
                9.545035366734914e-12,
                1.879528903947051e-12,
                5.043472050394996e-07,
                0.9999994956399066
            ],
            [
                4.193795592785002e-13,
                3.978962473602871e-12,
                6.101936582165828e-13,
                1.522997950650275e-08,
                0.9999999847650118
            ]
        ],
        [
            [
                0.9999999999991123,
                8.878265475269813e-13,
                0.0,
                0.0,
                0.0
            ],
            [
                0.999999999990455,
                9.545034919730306e-12,
                0.0,
                0.0,
                0.0
            ],
            [
                3.38631267489142e-08,
                0.5621764718670085,
                0.4378234761442391,
                1.8125625597743447e-08,
                0.0
            ],
            [
                8.875946813251855e-13,
                2.020156183253351e-11,
                8.421263866170188e-12,
                0.00026119032796834726,
                0.9997388096425213
            ],
            [
                1.139991896993588e-12,
                9.545035290823047e-12,
                1.4637785705578406e-12,
                3.927863696908953e-07,
                0.9999996072014815
            ]
        ],
        [
            [
                0.9999999999989939,
                1.006039278964082e-12,
                0.0,
                0.0,
                0.0
            ],
            [
                0.999999999782756,
                2.1724399337249196e-10,
                0.0,
                0.0,
                0.0
            ],
            [
                3.158639677317983e-10,
                0.0007096700419360049,
                0.9992900239487071,
                3.056850753225233e-07,
                8.417489621132142e-12
            ],
            [
                1.6579635528826279e-12,
                3.330108815872343e-11,
                1.2250785702232112e-11,
                0.0004305571198777058,
                0.9995694428329124
            ],
            [
                5.384919850604941e-13,
                9.544998821205045e-12,
                1.463772977760781e-12,
                2.9023121992304425e-06,
                0.9999970976762536
            ]
        ],
        [
            [
                0.9999999999991123,
                8.878265476264846e-13,
                0.0,
                0.0,
                0.0
            ],
            [
                0.9999999999975866,
                2.4133627712328144e-12,
                0.0,
                0.0,
                0.0
            ],
            [
                1.162821167883868e-10,
                2.260325256637907e-06,
                0.9999977323634536,
                7.194119820692916e-09,
                8.87824917647811e-13
            ],
            [
                1.2908637757320162e-12,
                2.592769203027086e-11,
                5.785250074993505e-12,
                0.0007096703436175804,
                0.9992903296233786
            ],
            [
                3.0941652928466415e-12,
                7.042287746722096e-11,
                2.5907128808326207e-11,
                0.0015011820321758486,
                0.9984988178684
            ]
        ],
        [
            [
                0.999999999996021,
                3.978962534710874e-12,
                0.0,
                0.0,
                0.0
            ],
            [
                0.9999999999515263,
                4.847368704297992e-11,
                0.0,
                0.0,
                0.0
            ],
            [
                2.4133629378834227e-12,
                2.382369831419562e-07,
                0.9999997561573873,
                5.602796823034852e-09,
                4.1937959469315406e-13
            ],
            [
                4.752184373822265e-13,
                7.433667080549298e-12,
                1.1399897686738737e-12,
                1.0677030760765033e-06,
                0.9999989322878751
            ],
            [
                2.1297568625857596e-12,
                2.594575011621779e-11,
                4.508695313475011e-12,
                1.3007124765552833e-05,
                0.9999869928426502
            ]
        ],
        [
            [
                0.9999999999987081,
                1.291780004259617e-12,
                0.0,
                0.0,
                0.0
            ],
            [
                0.9999999999740539,
                2.5946094971556318e-11,
                0.0,
                0.0,
                0.0
            ],
            [
                4.58446431904397e-10,
                0.003172683053205911,
                0.9968273093149159,
                7.171308772900022e-09,
                2.1230281698275458e-12
            ],
            [
                3.5112147468982418e-12,
                2.93990411345797e-11,
                1.0815302823565426e-11,
                5.8291277109656234e-05,
                0.9999417086791649
            ],
            [
                7.835042763102398e-13,
                5.10908966582422e-12,
                8.878266586721915e-13,
                6.825604228366004e-08,
                0.9999999317371773
            ]
        ],
        [
            [
                0.9999999999978701,
                2.1297851702776275e-12,
                0.0,
                0.0,
                0.0
            ],
            [
                0.999999999996021,
                3.978962534956388e-12,
                0.0,
                0.0,
                0.0
            ],
            [
                9.055956616443269e-11,
                1.3007124761276542e-05,
                0.9999867545434454,
                2.382338001082539e-07,
                7.433581863988329e-12
            ],
            [
                1.0058340738644758e-12,
                2.2892678002650083e-11,
                6.558862060735004e-12,
                0.00020342706213653523,
                0.9997965729074061
            ],
            [
                7.835042089931954e-13,
                5.1090892268619496e-12,
                7.835042089931954e-13,
                3.9278636983172624e-07,
                0.999999607206954
            ]
        ],
        [
            [
                0.9999999999992164,
                7.835041782578786e-13,
                0.0,
                0.0,
                0.0
            ],
            [
                0.9999999999705993,
                2.9400777383775065e-11,
                0.0,
                0.0,
                0.0
            ],
            [
                2.487549462603096e-09,
                0.060086640038454826,
                0.9399132375895162,
                1.1985684524078998e-07,
                2.7634178368764304e-11
            ],
            [
                7.1562004234919245e-12,
                1.8456084143741768e-10,
                1.4373612783577828e-10,
                0.03732688390784806,
                0.9626731157566988
            ],
            [
                1.2917800336700237e-12,
                9.545035136266329e-12,
                1.8795288585650953e-12,
                6.475946144697174e-07,
                0.9999993523926692
            ]
        ],
        [
            [
                0.9999999999972653,
                2.7346982906042e-12,
                0.0,
                0.0,
                0.0
            ],
            [
                0.9999999999666846,
                3.3315445410017767e-11,
                0.0,
                0.0,
                0.0
            ],
            [
                8.587415879334523e-10,
                0.0005527785641056116,
                0.9994471840529916,
                3.6514621477382457e-08,
                9.539757327597424e-12
            ],
            [
                7.016062606109082e-11,
                2.9833057339193847e-09,
                4.118326532360949e-08,
                0.9947798302998309,
                0.00522012546343741
            ],
            [
                2.7346619431351193e-12,
                2.594575011820891e-11,
                5.789279379047096e-12,
                1.3007124766551021e-05,
                0.9999869928407638
            ]
        ],
        [
            [
                0.9999999999972653,
                2.734698290604418e-12,
                0.0,
                0.0,
                0.0
            ],
            [
                0.9999999999377585,
                6.224144619993132e-11,
                0.0,
                0.0,
                0.0
            ],
            [
                4.598327372043364e-10,
                0.00015843624251587975,
                0.9998415310563796,
                3.223676365221616e-08,
                4.508041529729028e-12
            ],
            [
                8.878113614842497e-13,
                1.2255857802842556e-11,
                3.09876613311116e-12,
                1.670141510598662e-05,
                0.9999832985686515
            ],
            [
                2.7346983964669484e-12,
                1.7832473592017776e-11,
                3.9789626884295715e-12,
                3.9278636961137363e-07,
                0.9999996071890842
            ]
        ],
        [
            [
                0.9999999999981204,
                1.8795288158619285e-12,
                0.0,
                0.0,
                0.0
            ],
            [
                0.9999999999925664,
                7.433680669277429e-12,
                0.0,
                0.0,
                0.0
            ],
            [
                1.0988527191795659e-08,
                0.18242550699482535,
                0.8175744481483881,
                3.384704660096293e-08,
                2.1212847768452585e-11
            ],
            [
                6.914400970847896e-13,
                5.7893570520717076e-12,
                1.0060394049811446e-12,
                6.825604229148011e-08,
                0.9999999317364708
            ],
            [
                7.8349824136004e-13,
                9.544962593590478e-12,
                2.1297690321186157e-12,
                7.88926504439654e-06,
                0.9999921107224973
            ]
        ],
        [
            [
                0.9999999999964886,
                3.5114221122534747e-12,
                0.0,
                0.0,
                0.0
            ],
            [
                0.9999999999934397,
                6.560200166279648e-12,
                0.0,
                0.0,
                0.0
            ],
            [
                6.91440006749326e-13,
                4.363462228049967e-09,
                0.9999999943855187,
                1.250152859254568e-09,
                1.7482341182973077e-13
            ],
            [
                7.83504261246539e-13,
                7.4336814573684e-12,
                1.1399919734304906e-12,
                8.764249144971277e-08,
                0.9999999123481514
            ],
            [
                5.384940080322212e-13,
                4.508755127224568e-12,
                6.101936521874665e-13,
                2.5109990916594835e-08,
                0.9999999748843518
            ]
        ],
        [
            [
                0.9999999999972653,
                2.7346982903259974e-12,
                0.0,
                0.0,
                0.0
            ],
            [
                0.9999999999771028,
                2.289734844772599e-11,
                0.0,
                0.0,
                0.0
            ],
            [
                4.8473227818216977e-11,
                1.0129987964412255e-05,
                0.99998985652115,
                1.3440282615367349e-08,
                2.129764993161305e-12
            ],
            [
                3.2661190222390355e-13,
                8.423431979355497e-12,
                1.6586721020234708e-12,
                3.7266391143430804e-06,
                0.9999962733504769
            ],
            [
                8.87826546966375e-13,
                3.978962531895187e-12,
                6.101936671559991e-13,
                6.691586084663268e-10,
                0.9999999993253643
            ]
        ],
        [
            [
                0.99999999999886,
                1.1399918527248328e-12,
                0.0,
                0.0,
                0.0
            ],
            [
                0.9999999999740539,
                2.594609497388621e-11,
                0.0,
                0.0,
                0.0
            ],
            [
                1.1027805646040565e-09,
                0.00043055711162832776,
                0.9995694245306939,
                1.7250390421138446e-08,
                4.506812114317135e-12
            ],
            [
                4.193795996186971e-13,
                5.7893567950594195e-12,
                7.835042416171748e-13,
                1.1253518378389193e-07,
                0.999999887457824
            ],
            [
                1.2908637757136361e-12,
                3.329181556244594e-11,
                1.224737450469534e-11,
                0.0007096703440197861,
                0.9992903296091501
            ]
        ],
        [
            [
                0.9999999999993086,
                6.914400104127115e-13,
                0.0,
                0.0,
                0.0
            ],
            [
                0.999999999994891,
                5.109089026421001e-12,
                0.0,
                0.0,
                0.0
            ],
            [
                1.162736885983768e-10,
                7.484619614765889e-05,
                0.99992513642862,
                1.7256545445394346e-08,
                2.413183418992062e-12
            ],
            [
                6.5393871880271286e-12,
                1.1591341140223329e-10,
                7.966604492484216e-11,
                0.0031726830751566447,
                0.9968273167227245
            ],
            [
                1.0060393853605473e-12,
                6.56020085986421e-12,
                1.0060393853605473e-12,
                8.764249143549878e-08,
                0.9999999123489363
            ]
        ],
        [
            [
                0.9999999999915765,
                8.423463752323078e-12,
                0.0,
                0.0,
                0.0
            ],
            [
                0.9999999998837177,
                1.1628233025623358e-10,
                0.0,
                0.0,
                0.0
            ],
            [
                2.1724110171869355e-10,
                1.3007124510670762e-05,
                0.9999869730993162,
                1.955542077728165e-08,
                3.5113753719572958e-12
            ],
            [
                8.878079964845814e-13,
                1.2255811350455e-11,
                1.879489543306724e-12,
                2.1444939757833394e-05,
                0.999978555045219
            ],
            [
                7.83504176020248e-13,
                3.97896252321132e-12,
                6.914400084999644e-13,
                2.6465736305110923e-09,
                0.9999999973479725
            ]
        ],
        [
            [
                0.9999999999987081,
                1.2917800042596665e-12,
                0.0,
                0.0,
                0.0
            ],
            [
                0.9999999999925664,
                7.43368066994576e-12,
                0.0,
                0.0,
                0.0
            ],
            [
                7.835041360915063e-13,
                8.592166154037894e-10,
                0.9999999459813667,
                5.315784966654835e-08,
                7.835041360915063e-13
            ],
            [
                1.2917209914992874e-12,
                2.289630242091982e-11,
                7.433341074334576e-12,
                4.5397855725836435e-05,
                0.9999546021126527
            ],
            [
                6.101925517604468e-13,
                8.423448348562674e-12,
                1.2917776422137962e-12,
                2.260325273002049e-06,
                0.9999977396644015
            ]
        ],
        [
            [
                0.99999999999886,
                1.1399918526824921e-12,
                0.0,
                0.0,
                0.0
            ],
            [
                0.999999999990455,
                9.54503491932884e-12,
                0.0,
                0.0,
                0.0
            ],
            [
                1.6917722061918178e-10,
                7.484619701591791e-05,
                0.9999251480283281,
                5.602380121919605e-09,
                3.098588881060648e-12
            ],
            [
                1.4637646659529488e-12,
                2.02066479220912e-11,
                5.7893015581441215e-12,
                1.0129988101499502e-05,
                0.9999898699844387
            ],
            [
                6.101937145177319e-13,
                8.423464399931877e-12,
                1.2917801037709882e-12,
                8.315279898137028e-07,
                0.9999991684616847
            ]
        ],
        [
            [
                0.999999999990455,
                9.54503492008607e-12,
                0.0,
                0.0,
                0.0
            ],
            [
                0.999999999986112,
                1.3887943860378905e-11,
                0.0,
                0.0,
                0.0
            ],
            [
                2.640029354472632e-09,
                0.0024726228846683597,
                0.9975273422993072,
                3.216214166694273e-08,
                1.385360261197409e-11
            ],
            [
                2.0714104539842337e-11,
                6.053548693465195e-10,
                7.772910383566179e-10,
                0.09534947001035075,
                0.9046505285862892
            ],
            [
                3.701011584467279e-13,
                5.109088898127228e-12,
                7.835041585800931e-13,
                2.5109990918833936e-08,
                0.9999999748837465
            ]
        ],
        [
            [
                0.9999999999985363,
                1.463778513529341e-12,
                0.0,
                0.0,
                0.0
            ],
            [
                0.9999999999842628,
                1.573710210097549e-11,
                0.0,
                0.0,
                0.0
            ],
            [
                7.180274259046362e-09,
                0.001926734408116198,
                0.9980731811904903,
                7.719522323865207e-08,
                2.5896112449159273e-11
            ],
            [
                5.384940650700787e-13,
                6.560200695590897e-12,
                1.658678492271219e-12,
                1.1253518376703612e-07,
                0.9999998874560588
            ],
            [
                6.101936602721669e-13,
                3.978962487006963e-12,
                5.384940151669442e-13,
                1.1861120005782826e-08,
                0.9999999881337523
            ]
        ],
        [
            [
                0.9999999999989939,
                1.0060392790345114e-12,
                0.0,
                0.0,
                0.0
            ],
            [
                0.9999999999666846,
                3.331544541234635e-11,
                0.0,
                0.0,
                0.0
            ],
            [
                6.224144748560025e-11,
                6.475946130631466e-07,
                0.9999993500069422,
                2.335593085949993e-09,
                6.101936800790448e-13
            ],
            [
                1.7679498656309408e-11,
                5.166706858419479e-10,
                5.5547333563458965e-09,
                0.991422508299734,
                0.008577485611182451
            ],
            [
                1.6585202571845015e-12,
                2.020491301685456e-11,
                3.9785832695038575e-12,
                9.610239972577122e-05,
                0.9999038975744322
            ]
        ],
        [
            [
                0.9999999999954912,
                4.50875524065868e-12,
                0.0,
                0.0,
                0.0
            ],
            [
                0.9999999999969011,
                3.098819137948909e-12,
                0.0,
                0.0,
                0.0
            ],
            [
                1.9486883161600486e-07,
                0.43782340522130175,
                0.5621763793399637,
                2.053902374360343e-08,
                3.087917328163034e-11
            ],
            [
                1.291442640977903e-12,
                2.5939318849540662e-11,
                1.0813116844704326e-11,
                0.0002611903279661184,
                0.9997388096339901
            ],
            [
                4.75217508812821e-13,
                8.423431893651685e-12,
                1.2917751187714673e-12,
                2.9023121988047894e-06,
                0.9999970976776108
            ]
        ],
        [
            [
                0.999999999994891,
                5.10908902661127e-12,
                0.0,
                0.0,
                0.0
            ],
            [
                0.9999999999666846,
                3.331544541001845e-11,
                0.0,
                0.0,
                0.0
            ],
            [
                6.560200513132499e-12,
                5.315785533963574e-08,
                0.9999998591912181,
                8.764248680325784e-08,
                1.8795289153771417e-12
            ],
            [
                7.83380179813328e-13,
                1.782965071089945e-11,
                4.508041679083627e-12,
                0.00015843624745043484,
                0.9998415637294285
            ],
            [
                1.2917800031504738e-12,
                4.508755236586292e-12,
                6.101936669879664e-13,
                6.691586082820566e-10,
                0.9999999993244306
            ]
        ],
        [
            [
                0.9999999999997118,
                2.8823507925317467e-13,
                0.0,
                0.0,
                0.0
            ],
            [
                0.9999999865594156,
                1.34404097679113e-08,
                1.748234104438602e-13,
                0.0,
                0.0
            ],
            [
                5.502021064787736e-09,
                0.017986211090250538,
                0.9820137616293012,
                2.1760915442360662e-08,
                1.7511726986998076e-11
            ],
            [
                2.8823346706268595e-13,
                5.7893239451859745e-12,
                1.1399854763463242e-12,
                6.144172125306601e-06,
                0.9999938558206571
            ],
            [
                4.752193563528088e-13,
                4.508755717399776e-12,
                7.835042610672999e-13,
                8.764249142966316e-08,
                0.9999999123517411
            ]
        ],
        [
            [
                0.9999999999983413,
                1.6586783583169612e-12,
                0.0,
                0.0,
                0.0
            ],
            [
                0.9999999999925664,
                7.43368066994576e-12,
                0.0,
                0.0,
                0.0
            ],
            [
                1.2470616008282038e-09,
                0.0024726229550977143,
                0.9975273708590725,
                4.932224309483701e-09,
                6.5439786952585904e-12
            ],
            [
                3.266131469398165e-13,
                7.433680960516853e-12,
                1.139991897235838e-12,
                3.9278636977436305e-07,
                0.9999996072047299
            ],
            [
                5.1090889925100676e-12,
                1.2256067358811651e-11,
                2.1297851561349825e-12,
                6.34880007186349e-09,
                0.999999993631705
            ]
        ],
        [
            [
                0.9999999999985363,
                1.4637785135990559e-12,
                0.0,
                0.0,
                0.0
            ],
            [
                0.9999999999978701,
                2.1297851702776275e-12,
                0.0,
                0.0,
                0.0
            ],
            [
                1.7224582731133793e-08,
                0.8807967827224894,
                0.11920289466012796,
                3.0531303422455057e-07,
                7.976564284690072e-11
            ],
            [
                1.5551386961112792e-11,
                5.149912078017647e-10,
                8.490769585263192e-10,
                0.32082128757863787,
                0.6791787110417425
            ],
            [
                1.1399918441608563e-12,
                5.789356283616521e-12,
                1.0060392714436565e-12,
                7.194132974264391e-09,
                0.9999999927979316
            ]
        ],
        [
            [
                0.9999999999994615,
                5.384940216247957e-13,
                0.0,
                0.0,
                0.0
            ],
            [
                0.9999999999954912,
                4.5087552408483204e-12,
                0.0,
                0.0,
                0.0
            ],
            [
                1.2917799955783197e-12,
                4.363462221841387e-09,
                0.999999992988384,
                2.6465736200446097e-09,
                2.8823507728992843e-13
            ],
            [
                6.914387460972898e-13,
                1.0815921775664554e-11,
                3.0988134711924798e-12,
                2.260325272992373e-06,
                0.9999977396601208
            ],
            [
                4.752193046799883e-13,
                2.7346982824010437e-12,
                4.752193046799883e-13,
                2.9989608147783377e-09,
                0.9999999969973541
            ]
        ],
        [
            [
                0.9999999999981204,
                1.87952881601084e-12,
                0.0,
                0.0,
                0.0
            ],
            [
                0.9999999999925664,
                7.43368066963248e-12,
                0.0,
                0.0,
                0.0
            ],
            [
                1.3615261060908857e-13,
                1.691897920131365e-10,
                0.9999999985804386,
                1.2501528645514745e-09,
                8.258073273432779e-14
            ],
            [
                4.752166479470824e-13,
                8.42341663444136e-12,
                1.879518302639848e-12,
                6.144172123667014e-06,
                0.9999938558170982
            ],
            [
                4.1937956502362685e-13,
                3.098819132704713e-12,
                4.752193053543612e-13,
                1.416608783892505e-09,
                0.9999999985793977
            ]
        ],
        [
            [
                0.9999999999972653,
                2.734698290604354e-12,
                0.0,
                0.0,
                0.0
            ],
            [
                0.9999999999934397,
                6.560200166035994e-12,
                0.0,
                0.0,
                0.0
            ],
            [
                3.1606465211214797e-10,
                5.829027537751571e-05,
                0.9999250088945283,
                1.670044350595968e-05,
                7.052355644304133e-11
            ],
            [
                6.914400261574114e-13,
                6.560200314866349e-12,
                1.2917800336754141e-12,
                6.475946144724196e-07,
                0.9999993523968421
            ],
            [
                3.0988190366804556e-12,
                1.2256067040518036e-11,
                2.734698201540682e-12,
                3.22418663108712e-08,
                0.9999999677400442
            ]
        ],
        [
            [
                0.9999999999942106,
                5.7893563266223865e-12,
                0.0,
                0.0,
                0.0
            ],
            [
                0.9999999999934397,
                6.560200166279901e-12,
                0.0,
                0.0,
                0.0
            ],
            [
                1.7832235844420542e-11,
                1.3007124735905291e-05,
                0.9999869902102833,
                2.646538455532655e-09,
                6.10185555885914e-13
            ],
            [
                6.533502444579952e-12,
                1.312289045883475e-10,
                5.470434620689682e-11,
                0.004070137779027967,
                0.9959298620285053
            ],
            [
                6.914400085423053e-13,
                3.978962523454975e-12,
                7.835041760682264e-13,
                2.6465736306731572e-09,
                0.9999999973479725
            ]
        ],
        [
            [
                0.99999999999886,
                1.1399918527622692e-12,
                0.0,
                0.0,
                0.0
            ],
            [
                0.9999999999925664,
                7.433680669945563e-12,
                0.0,
                0.0,
                0.0
            ],
            [
                1.3175258170038447e-10,
                9.61023986866985e-05,
                0.9999038870004223,
                1.0466403950874745e-08,
                2.7344375963420087e-12
            ],
            [
                3.5094807266212693e-12,
                4.8446887045215965e-11,
                1.3880265531398175e-11,
                0.0005527785842976488,
                0.9994472213498657
            ],
            [
                4.752157052154792e-13,
                9.544962593584173e-12,
                3.098795656850255e-12,
                7.889265044391328e-06,
                0.9999921107218366
            ]
        ],
        [
            [
                0.9999999999989939,
                1.0060392788192932e-12,
                0.0,
                0.0,
                0.0
            ],
            [
                0.999999999989184,
                1.0815941553292568e-11,
                0.0,
                0.0,
                0.0
            ],
            [
                1.0261860830459259e-10,
                2.260325265731777e-06,
                0.9999977361729663,
                3.3982615933786002e-09,
                8.87824921219759e-13
            ],
            [
                1.781622169275874e-11,
                9.727327450050007e-10,
                1.4436633964871323e-07,
                0.999088803698154,
                0.0009110509449573199
            ],
            [
                2.1297082462817153e-12,
                2.5945157848387382e-11,
                6.559963223476611e-12,
                3.5356257508383125e-05,
                0.9999646437078569
            ]
        ],
        [
            [
                0.9999999999991123,
                8.878265475269546e-13,
                0.0,
                0.0,
                0.0
            ],
            [
                0.999999999979793,
                2.0206839084173216e-11,
                0.0,
                0.0,
                0.0
