{
    "[['A', 'B', 'C', 'D', 'E'], ['A', 'B', 'C', 'D', 'E']]": [
        [
            [
                0.9999999999200804,
                7.991959890344042e-11,
                0.0,
                0.0,
                0.0
            ],
            [
                0.9999999994788586,
                5.211412483305351e-10,
                0.0,
                0.0,
                0.0
            ],
            [
                3.0988134371398115e-12,
                1.1861098327821291e-08,
                0.9999989204308596,
                1.0677030637843927e-06,
                1.879525358354783e-12
            ],
            [
                6.101902109421345e-13,
                1.0815880283713479e-11,
                3.5114022207601087e-12,
                4.785094847299967e-06,
                0.9999952148902153
            ],
            [
                3.7010120690655744e-13,
                4.508755717988202e-12,
                1.0060393854248564e-12,
                8.764249144110116e-08,
                0.9999999123516237
            ]
        ],
        [
            [
                0.9999999999622486,
                3.775134542783463e-11,
                0.0,
                0.0,
                0.0
            ],
            [
                0.9999998144608402,
                1.8553915976692502e-07,
                0.0,
                0.0,
                0.0
            ],
            [
                2.2447769979775947e-13,
                2.461696889259723e-10,
                0.9999999746433266,
                2.5109990919354726e-08,
                2.8823507201992384e-13
            ],
            [
                3.70101152342257e-13,
                4.508755053258942e-12,
                1.00603923710371e-12,
                4.139937545212475e-08,
                0.9999999585947397
            ],
            [
                1.9810087914751977e-13,
                2.734698282517049e-12,
                4.193795644462848e-13,
                2.9989608149055523e-09,
                0.9999999969976869
            ]
        ],
        [
            [
                0.9999999991407833,
                8.59216660939289e-10,
                0.0,
                0.0,
                0.0
            ],
            [
                0.9999996940972219,
                3.0590235881852445e-07,
                4.1937961836858064e-13,
                0.0,
                0.0
            ],
            [
                2.5436656382665325e-13,
                7.991959864329936e-11,
                0.9999999965210198,
                3.3982678073238383e-09,
                5.384940198467339e-13
            ],
            [
                1.3615236929315947e-13,
                2.734693440617237e-12,
                6.101925853617847e-13,
                1.3709566544932328e-06,
                0.9999986290398645
            ],
            [
                2.8823506721732563e-13,
                3.978962368427607e-12,
                8.878265104918278e-13,
                4.139937544602715e-08,
                0.9999999585954695
            ]
        ],
        [
            [
                0.999999999986112,
                1.3887943859792297e-11,
                0.0,
                0.0,
                0.0
            ],
            [
                0.9999999991407833,
                8.592166608302387e-10,
                0.0,
                0.0,
                0.0
            ],
            [
                2.1297854139295225e-12,
                1.1861121504504106e-08,
                0.9999996822329295,
                3.0590235540028927e-07,
                1.4637786811191535e-12
            ],
            [
                1.2015425721918134e-13,
                1.4637785129254883e-12,
                4.1937956549402817e-13,
                3.581747927345848e-10,
                0.9999999996398219
            ],
            [
                3.7010116659798616e-13,
                2.413362763608628e-12,
                3.266131331656681e-13,
                2.9989608146370408e-09,
                0.9999999969979292
            ]
        ],
        [
            [
                0.9999999998308102,
                1.6918979219608934e-10,
                0.0,
                0.0,
                0.0
            ],
            [
                0.9999999987498471,
                1.2501528644284835e-09,
                0.0,
                0.0,
                0.0
            ],
            [
                1.7832439559089267e-11,
                2.2603251798693744e-06,
                0.9999976982562241,
                4.1399299765600594e-08,
                1.463775776668601e-12
            ],
            [
                1.1399853945797014e-12,
                1.5737012950508453e-11,
                4.508729698571606e-12,
                4.7850948461345015e-06,
                0.9999952148837682
            ],
            [
                1.4637784528395567e-12,
                6.5601998934874045e-12,
                1.2917799507009802e-12,
                4.139937545451784e-08,
                0.9999999585913089
            ]
        ],
        [
            [
                0.9999999999377585,
                6.224144621167564e-11,
                0.0,
                0.0,
                0.0
            ],
            [
                0.9999999928058669,
                7.19413297629378e-09,
                0.0,
                0.0,
                0.0
            ],
            [
                2.4133627516374938e-12,
                5.6027963906514415e-09,
                0.9999999917479921,
                2.6465736167618206e-09,
                2.2447770362360284e-13
            ],
            [
                8.878265251360518e-13,
                6.56020000034895e-12,
                1.879528768462195e-12,
                2.5109990915145723e-08,
                0.9999999748806816
            ],
            [
                3.2661315838694494e-13,
                6.560200652379924e-12,
                1.463778622171366e-12,
                2.3823698433509765e-07,
                0.9999997617546651
            ]
        ],
        [
            [
                0.9999999999377585,
                6.224144620289818e-11,
                0.0,
                0.0,
                0.0
            ],
            [
                0.9999996940968577,
                3.0590235881841306e-07,
                7.835042766462837e-13,
                0.0,
                0.0
            ],
            [
                4.193795606635015e-13,
                4.058652076398612e-10,
                0.999999987732176,
                1.1861120004997147e-08,
                4.193795606635015e-13
            ],
            [
                2.411163471121591e-12,
                3.3285085011833047e-11,
                1.781622215180979e-11,
                0.00091105140523123,
                0.9990889485412563
            ],
            [
                1.7482342692041633e-13,
                2.413362966385366e-12,
                4.1937959964604914e-13,
                1.1253518379123151e-07,
                0.9999998874618086
            ]
        ],
        [
            [
                0.9999999999515263,
                4.8473687046824676e-11,
                0.0,
                0.0,
                0.0
            ],
            [
                0.999999997664407,
                2.3355930326922415e-09,
                0.0,
                0.0,
                0.0
            ],
            [
                3.4424771039212685e-14,
                3.7751345392908335e-11,
                0.9999999987119679,
                1.2501528647348563e-09,
                9.357622956475503e-14
            ],
            [
                4.1937957524028924e-13,
                5.109089142607212e-12,
                1.463778546943282e-12,
                6.475946145084204e-07,
                0.9999993523983932
            ],
            [
                2.8823507877758323e-13,
                2.413362767086991e-12,
                5.38494020716378e-13,
                1.605228052028701e-09,
                0.9999999983915318
            ]
        ],
        [
            [
                0.9999999999740539,
                2.5946094971553374e-11,
                0.0,
                0.0,
                0.0
            ],
            [
                0.9999921107338199,
                7.889265040088452e-06,
                1.1399832139248073e-12,
                0.0,
                0.0
            ],
            [
                2.7346934259400725e-12,
                5.602786468884906e-09,
                0.999998623436173,
                1.3709566471352759e-06,
                1.6586754077472338e-12
            ],
            [
                2.2447773357856961e-13,
                2.4133630736837366e-12,
                3.7010121414954415e-13,
                6.825604230044877e-08,
                0.9999999317409497
            ],
            [
                1.5428111840834352e-13,
                2.734698257721332e-12,
                3.266131302334853e-13,
                1.18611200044382e-08,
                0.9999999881356644
            ]
        ],
        [
            [
                0.9999999999200804,
                7.991959889451466e-11,
                0.0,
                0.0,
                0.0
            ],
            [
                0.9999997617628955,
                2.38236984421011e-07,
                1.2015426622995926e-13,
                0.0,
                0.0
            ],
            [
                3.442477106324897e-14,
                1.2256067436462468e-11,
                0.9999999993970858,
                5.90530399526432e-10,
                9.357622963009242e-14
            ],
            [
                3.0928494729232227e-12,
                7.039292954380197e-11,
                2.934413878071624e-11,
                0.0019267343363718675,
                0.9980732655607982
            ],
            [
                4.193795968940827e-13,
                4.508755576179669e-12,
                6.914400618969195e-13,
                2.382369843922378e-07,
                0.999999761757396
            ]
        ],
        [
            [
                0.9999999999294713,
                7.052879847750417e-11,
                0.0,
                0.0,
                0.0
            ],
            [
                0.9999977396744726,
                2.260325273024813e-06,
                2.5436609952220437e-13,
                0.0,
                0.0
            ],
            [
                3.7010116556302504e-13,
                5.211412455555042e-10,
                0.9999999938755562,
                5.602796402775482e-09,
                1.361526099642251e-13
            ],
            [
                4.752193056193913e-13,
                2.7346982878069344e-12,
                4.752193056193913e-13,
                8.59216660728218e-10,
                0.9999999991370982
            ],
            [
                5.384940213871441e-13,
                3.5114221108447425e-12,
                6.101936673205768e-13,
                3.581747927700706e-10,
                0.9999999996371651
            ]
        ],
        [
            [
                0.9999999999377585,
                6.224144620781219e-11,
                0.0,
                0.0,
                0.0
            ],
            [
                0.9999993524050155,
                6.475946143931207e-07,
                3.701011760909046e-13,
                0.0,
                0.0
            ],
            [
                5.675685230715162e-14,
                2.9400777382911514e-11,
                0.9999999996915454,
                2.7894680919264883e-10,
                5.008774636151265e-14
            ],
            [
                3.511402469612666e-12,
                3.775113425242685e-11,
                1.0815881050233318e-11,
                6.144172121542605e-06,
                0.9999938557758
            ],
            [
                6.914400970466935e-13,
                6.56020098744513e-12,
                1.2917801661140285e-12,
                6.82560422877194e-08,
                0.9999999317354142
            ]
        ],
        [
            [
                0.999999999990455,
                9.545034920398155e-12,
                0.0,
                0.0,
                0.0
            ],
            [
                0.999999694097505,
                3.059023589220292e-07,
                1.361526279092312e-13,
                0.0,
                0.0
            ],
            [
                3.2661313269779437e-13,
                4.0586521068300425e-10,
                0.9999999952300915,
                4.363462231822637e-09,
                2.543665635064469e-13
            ],
            [
                3.9691237417510715e-12,
                5.4792063146682885e-11,
                1.7788378492225102e-11,
                0.0024726229661991986,
                0.9975273769572512
            ],
            [
                6.101937168206514e-13,
                5.789356794200101e-12,
                1.0060393601697788e-12,
                1.1253518376718826e-07,
                0.9999998874574106
            ]
        ],
        [
            [
                0.999999999979793,
                2.0206839082570446e-11,
                0.0,
                0.0,
                0.0
            ],
            [
                0.9999997617625964,
                2.3823698431284644e-07,
                4.193795967543264e-13,
                0.0,
                0.0
            ],
            [
                2.73469822430949e-12,
                9.237449434699584e-09,
                0.9999999755285446,
                1.5229979370006082e-08,
                1.2917799730040479e-12
            ],
            [
                4.193795592303819e-13,
                3.511422058051984e-12,
                5.384940132911125e-13,
                1.522997950475531e-08,
                0.9999999847655512
            ],
            [
                3.7010116046999263e-13,
                3.098819076852187e-12,
                5.384940110240725e-13,
                1.9555680697410503e-08,
                0.9999999804403119
            ]
        ],
        [
            [
                0.9999999999572222,
                4.277787867252848e-11,
                0.0,
                0.0,
                0.0
            ],
            [
                0.9999997617628408,
                2.3823698442099797e-07,
                1.7482342579433084e-13,
                0.0,
                0.0
            ],
            [
                3.900837609503817e-14,
                1.57371021041321e-11,
                0.9999999998524198,
                1.3176514267808994e-10,
                3.900837609503817e-14
            ],
            [
                4.752148104408708e-13,
                9.544944621555738e-12,
                2.1297650220156257e-12,
                1.012998810165459e-05,
                0.9999898699997484
            ],
            [
                1.9810087932529247e-13,
                1.2917800016585755e-12,
                1.9810087932529247e-13,
                2.061153617448471e-09,
                0.9999999979371583
            ]
        ],
        [
            [
                0.999999999986112,
                1.3887943859792297e-11,
                0.0,
                0.0,
                0.0
            ],
            [
                0.9999999991407833,
                8.592166609674516e-10,
                0.0,
                0.0,
                0.0
            ],
            [
                2.882350699819026e-13,
                1.6918978676584073e-10,
                0.9999999675882362,
                3.224186632527757e-08,
                4.193795522155447e-13
            ],
            [
                4.193795820956073e-13,
                5.789356553160627e-12,
                1.463778570870693e-12,
                3.9278636977484533e-07,
                0.9999996072059577
            ],
            [
                1.6586783570297745e-12,
                4.50875523717234e-12,
                8.878265468372889e-13,
                6.69158608369034e-10,
                0.999999999323786
            ]
        ],
        [
            [
                0.999999999996021,
                3.97896253495646e-12,
                0.0,
                0.0,
                0.0
            ],
            [
                0.9999999804443194,
                1.9555680696428203e-08,
                0.0,
                0.0,
                0.0
            ],
            [
                1.542811201000864e-13,
                3.77513453891784e-11,
                0.9999999987116148,
                1.2501528646113377e-09,
                3.26613133814905e-13
            ],
            [
                1.2917456061861095e-12,
                1.5736683046127523e-11,
                1.0815653541335105e-11,
                2.753568982601826e-05,
                0.9999724642823299
            ],
            [
                1.9810087901392344e-13,
                3.0988191263489024e-12,
                6.91440007933248e-13,
                3.398267805926513e-09,
                0.9999999965977437
            ]
        ],
        [
            [
                0.999999999683912,
                3.160881452431532e-10,
                0.0,
                0.0,
                0.0
            ],
            [
                0.9999999778399722,
                2.2159489276123364e-08,
                5.384940096919947e-13,
                0.0,
                0.0
            ],
            [
                3.2661317510443703e-13,
                2.789468441544327e-10,
                0.9999999314643577,
                6.82560422951545e-08,
                3.2661317510443703e-13
            ],
            [
                5.384940894381755e-13,
                4.508755808828278e-12,
                7.835042769551911e-13,
                3.0590235893901933e-07,
                0.9999996940918103
            ],
            [
                1.4637785123735316e-12,
                4.508755236897123e-12,
                8.878265467830953e-13,
                5.211412481649644e-10,
                0.9999999994719984
            ]
        ],
        [
            [
                0.9999999996418252,
                3.581747928221264e-10,
                0.0,
                0.0,
                0.0
            ],
            [
                0.9999998874648162,
                1.1253518379763609e-07,
                0.0,
                0.0,
                0.0
            ],
            [
                2.0879679109712316e-14,
                1.081594155379065e-11,
                0.9999999997101772,
                2.789468091967541e-10,
                3.9008376089202054e-14
            ],
            [
                3.266131205370269e-13,
                3.978962368428846e-12,
                5.38493999119141e-13,
                4.139937544604003e-08,
                0.9999999585957806
            ],
            [
                2.543665622701121e-13,
                2.7346982650628873e-12,
                5.384940165515362e-13,
                9.237449572359179e-09,
                0.9999999907590228
            ]
        ],
        [
            [
                0.9999999997210531,
                2.7894680914842636e-10,
                0.0,
                0.0,
                0.0
            ],
            [
                0.9999993524051313,
                6.475946144381317e-07,
                2.5436657041288814e-13,
                0.0,
                0.0
            ],
            [
                2.460636085560931e-10,
                0.00043055691431471304,
                0.9995692046969031,
                2.381342987274578e-07,
                8.419833669767873e-12
            ],
            [
                2.2447769611696778e-13,
                2.7346981772575894e-12,
                5.38493999261648e-13,
                4.139937545699594e-08,
                0.9999999585971269
            ],
            [
                2.8823507892213244e-13,
                2.734698287585144e-12,
                6.914400096809602e-13,
                1.1032560307271235e-09,
                0.9999999988930295
            ]
        ],
        [
            [
                0.9999999998308102,
                1.691897921911832e-10,
                0.0,
                0.0,
                0.0
            ],
            [
                0.9999998144608402,
                1.8553915977979944e-07,
                0.0,
                0.0,
                0.0
            ],
            [
                1.2664165548609256e-14,
                4.1937956582189613e-13,
                0.9999999999950246,
                4.508755242122182e-12,
                3.442477108338162e-14
            ],
            [
                2.543665765428556e-13,
                5.109089265176369e-12,
                1.0060393259736437e-12,
                5.043472049914797e-07,
                0.9999994956464255
            ],
            [
                4.19379555086907e-13,
                3.5114220233590933e-12,
                5.384940079707853e-13,
                2.5109990913730076e-08,
                0.9999999748855397
            ]
        ],
        [
            [
                0.9999999999925664,
                7.433680669632703e-12,
                0.0,
                0.0,
                0.0
            ],
            [
                0.9999999847700205,
                1.5229979507303005e-08,
                0.0,
                0.0,
                0.0
            ],
            [
                1.981008786143176e-13,
                3.1608814353168896e-10,
                0.9999999940805906,
                5.602796403864629e-09,
                3.266131323158096e-13
            ],
            [
                6.5371208810639e-11,
                1.487841854667174e-09,
                1.91042675740448e-09,
                0.4378234978649028,
                0.5621764986714572
            ],
            [
                3.266131493944559e-13,
                4.508755450960781e-12,
                7.83504214767145e-13,
                5.04347204925978e-07,
                0.9999994956471763
            ]
        ],
        [
            [
                0.9999999999377585,
                6.224144620985883e-11,
                0.0,
                0.0,
                0.0
            ],
            [
                0.9999999397642536,
                6.023574636721057e-08,
                0.0,
                0.0,
                0.0
            ],
            [
                3.09881897767428e-12,
                1.9555680071529663e-08,
                0.9999999481985717,
                3.224186569693756e-08,
                7.835041377872426e-13
            ],
            [
                2.1286076608378246e-12,
                3.7730473576542816e-11,
                1.3880265534472441e-11,
                0.0005527785841699628,
                0.9994472213620906
            ],
            [
                4.1937956492329515e-13,
                2.7346982856275465e-12,
                6.914400091860021e-13,
                1.818961683585923e-09,
                0.9999999981771928
            ]
        ],
        [
            [
                0.9999999992417439,
                7.582560419763441e-10,
                0.0,
                0.0,
                0.0
            ],
            [
                0.9999991684716837,
                8.315279897479302e-07,
                3.2661315928023553e-13,
                0.0,
                0.0
            ],
            [
                2.8823507900220533e-13,
                3.5817479260304237e-10,
                0.9999999988831874,
                7.582560418908819e-10,
                9.357622957729482e-14
            ],
            [
                1.005964531502582e-12,
                1.5735932854844708e-11,
                3.978666902629566e-12,
                7.484619750692686e-05,
                0.9999251537817725
            ],
            [
                4.1937961815955936e-13,
                5.109089665470961e-12,
                1.0060394047963222e-12,
                6.82560422789406e-08,
                0.9999999317374232
            ]
        ],
        [
            [
                0.999999999683912,
                3.160881451860065e-10,
                0.0,
                0.0,
                0.0
            ],
            [
                0.9999999996418252,
                3.5817479280007917e-10,
                0.0,
                0.0,
                0.0
            ],
            [
                8.878265345782498e-13,
                9.23744952392577e-09,
                0.9999999851585781,
                5.60279635380885e-09,
                2.88235075037042e-13
            ],
            [
                4.752193057222738e-13,
                2.4133627690154962e-12,
                5.384940211466858e-13,
                7.582560419058902e-10,
                0.9999999992383168
            ],
            [
                7.835041781319952e-13,
                2.1297851699379414e-12,
                5.384940215180524e-13,
                1.1628233024663733e-10,
                0.9999999998802658
            ]
        ],
        [
            [
                0.9999999998506905,
                1.4930946755570274e-10,
                0.0,
                0.0,
                0.0
            ],
            [
                0.9999999936511998,
                6.34880007148599e-09,
                0.0,
                0.0,
                0.0
            ],
            [
                1.6261110443770604e-14,
                5.789356327873492e-12,
                0.9999999998778883,
                1.1628233028499319e-10,
                2.3659776087844603e-14
            ],
            [
                3.2661312063848413e-13,
                3.9789623696648474e-12,
                8.878265107678933e-13,
                4.1399375458900087e-08,
                0.9999999585954311
            ],
            [
                2.882351025417503e-13,
                5.1090894392455115e-12,
                1.00603936024989e-12,
                1.1253518377614948e-07,
                0.9999998874584128
            ]
        ],
        [
            [
                0.999999999989184,
                1.0815941553747166e-11,
                0.0,
                0.0,
                0.0
            ],
            [
                0.9999999985833912,
                1.4166087836879555e-09,
                0.0,
                0.0,
                0.0
            ],
            [
                2.882350905865908e-13,
                1.4930947344329537e-10,
                0.9999996070634223,
                3.927863698681127e-07,
                6.101936915601685e-13
            ],
            [
                2.2447769976135885e-13,
                3.098819059473374e-12,
                5.384940080040876e-13,
                2.5109990915282966e-08,
                0.9999999748861472
            ],
            [
                4.752193058015819e-13,
                3.0988191356209585e-12,
                6.914400100021233e-13,
                5.905303993034833e-10,
                0.9999999994052042
            ]
        ],
        [
            [
                0.9999999999771028,
                2.289734844953896e-11,
                0.0,
                0.0,
                0.0
            ],
            [
                0.9999999634648911,
                3.6534820766835714e-08,
                2.8823506853310725e-13,
                0.0,
                0.0
            ],
            [
                3.7010116554386383e-13,
                5.905303961999652e-10,
                0.999999993806105,
                5.602796402485409e-09,
                1.9810087856555182e-13
            ],
            [
                1.463546853831287e-12,
                2.5941988705790388e-11,
                9.543524307962037e-12,
                0.00015843624787320617,
                0.9998415637151777
            ],
            [
                2.5436656410945203e-13,
                2.129785165695594e-12,
                4.1937956480216146e-13,
                2.0611536173478746e-09,
                0.9999999979360428
            ]
        ],
        [
            [
                0.999999999987744,
                1.2256067439556339e-11,
                0.0,
                0.0,
                0.0
            ],
            [
                0.9999991684715909,
                8.315279898219401e-07,
                4.1937959797783087e-13,
                0.0,
                0.0
            ],
            [
                1.842625214645571e-14,
                5.384940217526111e-13,
                0.999999999995425,
                3.9789625356688246e-12,
                3.9008376100156063e-14
            ],
            [
                1.5428111789810026e-13,
                2.1297851375336894e-12,
                5.384940133249744e-13,
                1.5229979505713012e-08,
                0.9999999847671979
            ],
            [
                5.38494090091422e-13,
                5.109089676227661e-12,
                6.914400984135243e-13,
                1.855391598000115e-07,
                0.9999998144545011
            ]
        ],
        [
            [
                0.9999999999666846,
                3.331544541234781e-11,
                0.0,
                0.0,
                0.0
            ],
            [
                0.9999999990263799,
                9.736200300811844e-10,
                0.0,
                0.0,
                0.0
            ],
            [
                8.423464307208575e-12,
                1.5229980744089865e-08,
                0.9999998722236789,
                1.1253518210371357e-07,
                2.734698471040256e-12
            ],
            [
                8.878249728487052e-13,
                1.3887919227861654e-11,
                4.5087472437987535e-12,
                1.3709566543135288e-06,
                0.9999986290240611
            ],
            [
                2.244776934652238e-13,
                3.0988189725579105e-12,
                6.101936350409175e-13,
                5.3157849693830396e-08,
                0.9999999468382168
            ]
        ],
        [
            [
                0.9999999990263799,
                9.73620030166168e-10,
                0.0,
                0.0,
                0.0
            ],
            [
                0.999999974890009,
                2.5109990912095558e-08,
                0.0,
                0.0,
                0.0
            ],
            [
                9.35762292694626e-14,
                7.05287981953654e-11,
                0.9999999955657952,
                4.363462233408558e-09,
                1.2015425677978935e-13
            ],
            [
                8.304995442662903e-12,
                2.7502367759866196e-10,
                2.302745059341359e-09,
                0.9859363701820991,
                0.014063627231827266
            ],
            [
                7.835041733078078e-13,
                5.109088994163992e-12,
                1.4637785044135873e-12,
                6.348800073918736e-09,
                0.9999999936438435
            ]
        ],
        [
            [
                0.999999999683912,
                3.160881452314133e-10,
                0.0,
                0.0,
                0.0
            ],
            [
                0.9999999936511998,
                6.348800073158681e-09,
                0.0,
                0.0,
                0.0
            ],
            [
                2.7346981911183827e-12,
                3.224186618799315e-08,
                0.9999999633915175,
                4.363462092629018e-09,
                4.193795504298454e-13
            ],
            [
                3.700990711952734e-13,
                6.560163003895249e-12,
                1.6586689623181261e-12,
                4.785094847330346e-06,
                0.9999952148965637
            ],
            [
                4.75219305511512e-13,
                1.8795288135110634e-12,
                3.7010116726301474e-13,
                1.2501528643726806e-09,
                0.9999999987471222
            ]
        ],
        [
            [
                0.9999999999377585,
                6.224144619992987e-11,
                0.0,
                0.0,
                0.0
            ],
            [
                0.9999999993308415,
                6.691586084417123e-10,
                0.0,
                0.0,
                0.0
            ],
            [
                2.2896737784916556e-11,
                2.7535688693446557e-05,
                0.9999724228891308,
                4.13982730678079e-08,
                1.0060124482484433e-12
            ],
            [
                3.0552370905810403e-12,
                8.928711575409492e-11,
                5.4155373222169457e-11,
                0.014063627289224652,
                0.9859363725642776
            ],
            [
                1.1399918482370256e-12,
                5.789356304317017e-12,
                1.1399918482370256e-12,
                3.850741906529092e-09,
                0.9999999961411887
            ]
        ],
        [
            [
                0.999999999868235,
                1.3176514265829747e-10,
                0.0,
                0.0,
                0.0
            ],
            [
                0.9999998874648163,
                1.1253518371911693e-07,
                0.0,
                0.0,
                0.0
            ],
            [
                1.6261110425249362e-14,
                7.433680662784686e-12,
                0.9999999987423529,
                1.250152864777736e-09,
                4.420228097952128e-14
            ],
            [
                2.882345522562046e-13,
                5.7893457418804635e-12,
                8.878249242999063e-13,
                1.0677030757918513e-06,
                0.9999989322899587
            ],
            [
                5.384940152156692e-13,
                3.098819100973161e-12,
                7.835041689620818e-13,
                1.1861120006856066e-08,
                0.9999999881344591
            ]
        ],
        [
            [
                0.9999999999622486,
                3.7751345430828595e-11,
                0.0,
                0.0,
                0.0
            ],
            [
                0.9999998874646618,
                1.1253518380300089e-07,
                1.542811327726271e-13,
                0.0,
                0.0
            ],
            [
                1.3615261020240742e-13,
                4.847368684675296e-11,
                0.9999999955877918,
                4.363462233504539e-09,
                1.3615261020240742e-13
            ],
            [
                4.193772199329882e-13,
                6.560163472025957e-12,
                1.4637703261130312e-12,
                6.144172124590798e-06,
                0.9999938558194321
            ],
            [
                3.2661317510324417e-13,
                3.978963033181457e-12,
                6.914400971194863e-13,
                6.825604229490521e-08,
                0.9999999317389606
            ]
        ],
        [
            [
                0.9999999999740539,
                2.5946094973885077e-11,
                0.0,
                0.0,
                0.0
            ],
            [
                0.999999997664407,
                2.3355930322697276e-09,
                0.0,
                0.0,
                0.0
            ],
            [
                1.8795289604383408e-12,
                4.363462587016248e-09,
                0.9999998830980107,
                1.1253518333510366e-07,
                1.4637786261947633e-12
            ],
            [
                1.0059933193970125e-12,
                1.7831658249669073e-11,
                5.10885562450177e-12,
                4.5397855712641e-05,
                0.9999546021203408
            ],
            [
                4.1937956354362383e-13,
                3.9789625140692364e-12,
                7.835041742200649e-13,
                4.944450474888675e-09,
                0.9999999950503677
            ]
        ],
        [
            [
                0.9999999995941349,
                4.05865212317966e-10,
                0.0,
                0.0,
                0.0
            ],
            [
                0.9999999827421723,
                1.725782768311685e-08,
                0.0,
                0.0,
                0.0
            ],
            [
                3.7010116035344387e-13,
                6.691585955584312e-10,
                0.9999999797744641,
                1.9555680691252213e-08,
                3.266131276548789e-13
            ],
            [
                3.266131313959997e-13,
                3.978962500718216e-12,
                6.91440004591249e-13,
                8.152020642518997e-09,
                0.9999999918429824
            ],
            [
                3.7010116730439184e-13,
                3.511422108112001e-12,
                6.101936668456976e-13,
                9.736200298412536e-10,
                0.9999999990218882
            ]
        ],
        [
            [
                0.9999999993308415,
                6.691586085360018e-10,
                0.0,
                0.0,
                0.0
            ],
            [
                0.999999996149258,
                3.8507419069903574e-09,
                0.0,
                0.0,
                0.0
            ],
            [
                2.2447770532413398e-13,
                3.1608814518077805e-10,
                0.9999999992777397,
                4.0586521232580387e-10,
                8.258073279009011e-14
            ],
            [
                4.752193415457758e-13,
                4.508755576914559e-12,
                6.101937130463889e-13,
                2.382369844310685e-07,
                0.9999997617574214
            ],
            [
                2.2447770100828614e-13,
                2.7346982368460457e-12,
                4.193795574424097e-13,
                1.9555680696366006e-08,
                0.9999999804409407
            ]
        ],
        [
            [
                0.9999999999925664,
                7.433680670221856e-12,
                0.0,
                0.0,
                0.0
            ],
            [
                0.9999724643074471,
                2.753568981832634e-05,
                2.7346254689914423e-12,
                0.0,
                0.0
            ],
            [
                1.5428111997944668e-13,
                3.775134535965883e-11,
                0.9999999979005212,
                2.0611536178996963e-09,
                4.193795649144397e-13
            ],
            [
                8.877605829488989e-13,
                1.5735932851085263e-11,
                5.788926183568587e-12,
                7.48461976081511e-05,
                0.9999251537799793
            ],
            [
                3.7010119532678915e-13,
                3.97896283114093e-12,
                5.384940617404122e-13,
                2.3823698443123682e-07,
                0.999999761758128
            ]
        ],
        [
