{
    "[['A', 'B', 'C', 'D', 'E'], ['A', 'B', 'C', 'D', 'E']]": [
        [
            [
                1.4930947960292827e-10,
                7.052880417159008e-11,
                9.545035688901733e-12,
                1.1253518375105638e-07,
                0.9999998872354329
            ],
            [
                4.847008549769835e-11,
                1.6917722156446476e-10,
                4.847008549769835e-11,
                7.48461970640497e-05,
                0.9999251535368185
            ],
            [
                1.3794988225399185e-11,
                5.176531141480599e-10,
                8.097457108321741e-09,
                0.9933071400132767,
                0.006692851357818092
            ],
            [
                2.020271742699746e-11,
                1.6915528199785196e-10,
                2.9394780408238824e-11,
                0.00020342706171043378,
                0.9997965727195368
            ],
            [
                4.847369097329187e-11,
                3.331544810937023e-11,
                5.109089440236406e-12,
                1.1253518379797539e-07,
                0.999999887377918
            ]
        ],
        [
            [
                1.0261880589748384e-10,
                7.052880509567244e-11,
                9.54503581396268e-12,
                9.931195239330038e-08,
                0.9999999005053549
            ],
            [
                1.65847279922233e-12,
                3.331131664488252e-11,
                8.42241983621602e-12,
                0.00012339462830283888,
                0.999876605328305
            ],
            [
                8.184672283702993e-10,
                1.2802981562668366e-08,
                8.348592697108178e-08,
                0.9525740376573182,
                0.04742586523530611
            ],
            [
                3.978962727289312e-12,
                1.7832473766175048e-11,
                3.0988192878248492e-12,
                1.444980315636027e-07,
                0.9999998554770582
            ],
            [
                1.782965070960018e-11,
                6.223159578825751e-11,
                1.5734611525387394e-11,
                0.00015843624763524486,
                0.9998415636565688
            ]
        ],
        [
            [
                1.5737102873400796e-11,
                2.5946096246572e-11,
                5.7893566107241845e-12,
                1.4449803164927316e-07,
                0.9999998554544959
            ],
            [
                1.7832472323071496e-11,
                2.594609413148572e-11,
                2.7346982018677337e-12,
                3.224186631472711e-08,
                0.9999999677116205
            ],
            [
                6.50392411112231e-12,
                2.4405795172091866e-10,
                2.0434722109215655e-09,
                0.9914225120600583,
                0.008577485645907636
            ],
            [
                1.5732992171023468e-11,
                1.1625196175572915e-10,
                2.5939318844124984e-11,
                0.0002611903277396328,
                0.9997388095143361
            ],
            [
                5.109088994334288e-12,
                1.783247279042048e-11,
                2.4133627559007447e-12,
                5.602796400548887e-09,
                0.9999999943718487
            ]
        ],
        [
            [
                6.560200422961139e-12,
                2.2897349345820605e-11,
                4.508755417421192e-12,
                3.927863698044759e-07,
                0.999999607179664
            ],
            [
                1.0815756549382027e-11,
                5.492694396188683e-11,
                1.783216788168037e-11,
                1.670141510576461e-05,
                0.9999832985013194
            ],
            [
                1.9158008519958725e-10,
                3.847988875023749e-09,
                6.13981375745364e-06,
                0.999284190166388,
                0.0007096659802854628
            ],
            [
                2.41336307750708e-12,
                2.020684164959812e-11,
                5.109089675174905e-12,
                1.8553915976178017e-07,
                0.9999998144331109
            ],
            [
                1.0815839227949275e-11,
                7.052813124002812e-11,
                1.573695321855695e-11,
                1.0129988097369573e-05,
                0.9999898699148217
            ]
        ],
        [
            [
                1.0815880278375417e-11,
                3.775113155837806e-11,
                7.43363855601414e-12,
                4.785094844938335e-06,
                0.9999952148491544
            ],
            [
                1.0815137941208989e-11,
                7.991366096526656e-11,
                1.783114796922725e-11,
                7.484619749515929e-05,
                0.9999251536939449
            ],
            [
                1.595402531922338e-09,
                4.114597360302755e-08,
                0.005215393619150798,
                0.993878264123627,
                0.000906299515846123
            ],
            [
                2.5946048954118203e-11,
                6.224133581209501e-11,
                1.0815922369691163e-11,
                1.3709566542881892e-06,
                0.9999986289443423
            ],
            [
                2.940077615586908e-11,
                4.8473685023274494e-11,
                5.109088813109189e-12,
                4.139937544606026e-08,
                0.9999999585176411
            ]
        ],
        [
            [
                1.0815839230243436e-11,
                4.8473228464715675e-11,
                1.5736953221894935e-11,
                1.0129988099518257e-05,
                0.9999898699368744
            ],
            [
                1.0249869156682356e-10,
                3.157181967561825e-10,
                7.98260612560366e-11,
                0.0011695103464155713,
                0.9988304891555415
            ],
            [
                1.3134234855291202e-10,
                6.3284287531692985e-09,
                0.0031725712494374836,
                0.9967921782077641,
                3.524408302732807e-05
            ],
            [
                2.4133306942397676e-12,
                2.5945750116134546e-11,
                7.433581866408381e-12,
                1.30071247655111e-05,
                0.9999869928394418
            ],
            [
                3.331538526124233e-11,
                4.8473599529805355e-11,
                1.2256045312317136e-11,
                1.760343133355007e-06,
                0.9999982395628216
            ]
        ],
        [
            [
                1.5737102011789004e-11,
                1.38879437810616e-11,
                3.098819120000665e-12,
                5.602796403688615e-09,
                0.9999999943644797
            ],
            [
                7.05144124918214e-11,
                2.461194830403881e-10,
                4.8463799705873046e-11,
                0.0002034270614297107,
                0.9997965725734725
            ],
            [
                2.92473010777813e-11,
                6.656655042990936e-10,
                1.7167739627023367e-08,
                0.9947798565356426,
                0.005220125601705006
            ],
            [
                3.330674469493258e-11,
                1.4927047366781967e-10,
                4.8461027580007224e-11,
                0.0002611903275128505,
                0.9997388094414489
            ],
            [
                1.3175736133171797e-10,
                1.1627546326796045e-10,
                2.9399041134680764e-11,
                5.829127706637116e-05,
                0.9999417084455018
            ]
        ],
        [
            [
                6.560188168814233e-12,
                3.3315384483989734e-11,
                6.560188168814233e-12,
                2.2603252725858613e-06,
                0.9999977396282916
            ],
            [
                4.6174760157287516e-11,
                7.222947754811273e-10,
                4.3809392667955657e-10,
                0.047425875366825895,
                0.9525741234266106
            ],
            [
                3.284689287404918e-11,
                9.59926918683037e-10,
                4.081713122338902e-08,
                0.9859363315061891,
                0.014063626683905874
            ],
            [
                1.3887945604697253e-11,
                6.224145402602124e-11,
                1.3887945604697253e-11,
                3.059023588220003e-07,
                0.9999996940076239
            ],
            [
                7.58256039747131e-10,
                5.492788328903589e-11,
                6.560200141817502e-12,
                2.335593029422973e-09,
                0.9999999968446629
            ]
        ],
        [
            [
                3.978963032677288e-12,
                2.28973513155726e-11,
                3.098819525661244e-12,
                6.825604228625656e-08,
                0.9999999317139826
            ],
            [
                1.8731211158035148e-10,
                9.512493933440565e-10,
                6.537835095017863e-10,
                0.022977367755276822,
                0.9770226304523781
            ],
            [
                1.9170437228235985e-10,
                4.944120924774184e-09,
                4.5396903585943715e-05,
                0.9999331539817369,
                2.144397885200844e-05
            ],
            [
                1.783244127653572e-11,
                2.9400725241135383e-11,
                5.7893460594502e-12,
                1.3709566545483939e-06,
                0.9999986289903229
            ],
            [
                5.789356305483383e-12,
                1.7832472836539757e-11,
                3.098819126278459e-12,
                3.3982678058492628e-09,
                0.9999999965750115
            ]
        ],
        [
            [
                3.5114223737335487e-12,
                2.0206840588473473e-11,
                3.978962830860413e-12,
                2.382369844144411e-07,
                0.9999997617353183
            ],
            [
                1.4908523269113095e-10,
                5.203585919850488e-10,
                1.161076959642354e-10,
                0.0015011820284811064,
                0.9984988171859673
            ],
            [
                4.79411310386417e-11,
                2.0385087640698387e-09,
                2.3561935229318203e-07,
                0.9890128199309388,
                0.010986942363258952
            ],
            [
                1.081594142025532e-11,
                3.3315444999580854e-11,
                5.789356255383578e-12,
                1.186112000107178e-08,
                0.9999999880889593
            ],
            [
                1.2256067915832639e-11,
                4.847368892844338e-11,
                1.3887944399507718e-11,
                3.9278636966635846e-07,
                0.9999996071390127
            ]
        ],
        [
            [
                4.844688704128288e-11,
                1.916111552349405e-10,
                5.4897515106732975e-11,
                0.0005527785842527723,
                0.9994472211207917
            ],
            [
                3.330674468844787e-11,
                1.4927047363875722e-10,
                3.330674468844787e-11,
                0.0002611903281144663,
                0.9997388094560016
            ],
            [
                2.0714104534468335e-11,
                5.342237970242086e-10,
                1.1309517871751354e-09,
                0.09534946996252071,
                0.9046505283515895
            ],
            [
                4.27776363400717e-11,
                7.052839894415099e-11,
                1.7832371881795045e-11,
                4.785094846411903e-06,
                0.9999952147740152
            ],
            [
                9.545034790386554e-12,
                1.78324726606896e-11,
                3.0988190957202836e-12,
                1.3440409764625798e-08,
                0.999999986529114
            ]
        ],
        [
            [
                1.0261879858698428e-10,
                7.052880007124446e-11,
                1.7832473302607223e-11,
                6.475946143146187e-07,
                0.9999993522144056
            ],
            [
                1.2253567527882059e-11,
                1.6915528198263065e-10,
                4.846379970226176e-11,
                0.00020342706194424244,
                0.9997965727081831
            ],
            [
                2.4037306744963775e-11,
                9.019932811071755e-10,
                1.022092291163267e-09,
                0.8175744834907293,
                0.1824255145611479
            ],
            [
                1.0815941510843781e-11,
                2.940077726660252e-11,
                4.508755222934956e-12,
                2.998960811980252e-09,
                0.9999999969563138
            ],
            [
                8.423463402820806e-12,
                1.7832472163707903e-11,
                4.508755054071299e-12,
                4.1399375459583814e-08,
                0.9999999585698598
            ]
        ],
        [
            [
                1.225597457414255e-11,
                4.277755454168983e-11,
                1.0815859599836356e-11,
                7.889265046095045e-06,
                0.9999921106691045
            ],
            [
                5.789279379278961e-12,
                4.847304277283178e-11,
                9.544908054642858e-12,
                1.3007124767071967e-05,
                0.9999869928114257
            ],
            [
                4.2712738852904344e-11,
                2.3320365242173803e-09,
                0.0015011498372019367,
                0.9984774350356386,
                2.1412752410304577e-05
            ],
            [
                1.158858973389837e-08,
                9.025202759453292e-09,
                3.320186547606637e-09,
                0.022977367253318736,
                0.9770226088127021
            ],
            [
                7.05285324602449e-11,
                7.05285324602449e-11,
                1.5737042742888178e-11,
                3.726639114284345e-06,
                0.9999962732040917
            ]
        ],
        [
            [
                9.056060634151508e-11,
                1.0261861098468163e-10,
                1.5737073685228463e-11,
                1.7603431329228499e-06,
                0.9999982394479507
            ],
            [
                8.423239448602654e-12,
                7.052692042109965e-11,
                1.7831998052624353e-11,
                2.7535689829881778e-05,
                0.9999724642133879
            ],
            [
                4.508592332056162e-12,
                1.691836790999073e-10,
                1.3439924322557906e-08,
                0.999964630129351,
                3.535625703235673e-05
            ],
            [
                5.7893458728022124e-12,
                5.4927784306459875e-11,
                1.3887918782495612e-11,
                1.7603431328640298e-06,
                0.9999982395822621
            ],
            [
                9.545035366872123e-12,
                2.594609618976741e-11,
                5.109089265736257e-12,
                5.043472050467495e-07,
                0.9999994956121948
            ]
        ],
        [
            [
                3.0988134711337653e-12,
                2.5946047528630835e-11,
                4.508746996002856e-12,
                2.260325272949546e-06,
                0.9999977396411734
            ],
            [
                1.7830262931508054e-11,
                9.054954670929683e-11,
                2.939713375735335e-11,
                0.00012339462813828415,
                0.9998766052340847
            ],
            [
                1.6886321003293844e-10,
                2.9931720163452905e-09,
                3.7194597197917812e-06,
                0.9980695495425556,
                0.0019267278356894604
            ],
            [
                5.789346058572432e-12,
                4.277780280291475e-11,
                1.2256045702174362e-11,
                1.3709566543405324e-06,
                0.9999986289825225
            ],
            [
                1.783182882436981e-11,
                1.3176038352979712e-10,
                2.2896521436515925e-11,
                3.535625750567411e-05,
                0.9999646435700056
            ]
        ],
        [
            [
                1.0815922369367278e-11,
                4.847360106841832e-11,
                8.423448810902761e-12,
                1.3709566542471356e-06,
                0.9999986289756329
            ],
            [
                8.422130640534558e-12,
                1.1626392723200809e-10,
                2.9396124368013386e-11,
                0.00015843624740623826,
                0.9998415635985115
            ],
            [
                3.3276452282723045e-11,
                6.683754109973261e-10,
                1.443290385491484e-07,
                0.9988303446567596,
                0.0011695103125500123
            ],
            [
                3.978940278375499e-12,
                3.331525906221862e-11,
                5.109060448916738e-12,
                6.144172124382142e-06,
                0.9999938557854724
            ],
            [
                8.423463940075353e-12,
                2.2897348960986864e-11,
                8.423463940075353e-12,
                6.47594614259004e-07,
                0.9999993523656414
            ]
        ],
        [
            [
                1.0815447441746226e-11,
                9.055663271796942e-11,
                2.9399434247552636e-11,
                4.5397856081903486e-05,
                0.9999546020131466
            ],
            [
                3.0988193763193478e-12,
                3.331544797607821e-11,
                5.7893567726212625e-12,
                8.315279898525768e-07,
                0.9999991684298065
            ],
            [
                2.0198130409501822e-11,
                5.902758949376724e-10,
                5.041303003794851e-07,
                0.9995689383587315,
                0.00043055690049404014
            ],
            [
                6.560025476823826e-12,
                4.847239625866554e-11,
                9.54478074845534e-12,
                2.7535689822553496e-05,
                0.9999724642456003
            ],
            [
                1.3887918464254279e-11,
                3.775127639650326e-11,
                6.560188169708081e-12,
                2.2603252728938383e-06,
                0.9999977396165277
            ]
        ],
        [
            [
                1.026150898499373e-10,
                1.1627813032476985e-10,
                2.594515784112589e-11,
                3.535625778671233e-05,
                0.9999646434973749
            ],
            [
                1.075948096242037e-11,
                2.161099521450291e-10,
                7.016062918457858e-11,
                0.005220125694400077,
                0.9947798740085699
            ],
            [
                4.830306042912293e-10,
                3.386305968990644e-08,
                0.43782305052860365,
                0.5621759255006964,
                9.896246098578468e-07
            ],
            [
                1.2256045037858282e-11,
                3.331538451518582e-11,
                5.109079687752364e-12,
                1.0677030763250755e-06,
                0.9999989322462433
            ],
            [
                8.423416034717715e-12,
                4.27776363487984e-11,
                6.5601630039743854e-12,
                4.785094847388069e-06,
                0.9999952148473914
            ]
        ],
        [
            [
                5.789356283027206e-12,
                2.2897348275694898e-11,
                2.4133627527811833e-12,
                7.194132973532081e-09,
                0.999999992774767
            ],
            [
                6.15576307365583e-11,
                8.497768802213433e-10,
                2.758821608679399e-10,
                0.010986942365797303,
                0.9890130564469861
            ],
            [
                3.722040730240803e-11,
                8.471325655411429e-10,
                2.30274505920638e-09,
                0.9859363695888169,
                0.014063627224085053
            ],
            [
                9.545017989125559e-12,
                2.940072523333025e-11,
                5.109079964098806e-12,
                1.3709566541844403e-06,
                0.9999986289992909
            ],
            [
                1.0812311960772297e-11,
                1.0258435966410723e-10,
                2.939091112659772e-11,
                0.0003353500557647919,
                0.9996646498014476
            ]
        ],
        [
            [
                9.545035361681448e-12,
                2.5946096175657693e-11,
                5.7893565949010636e-12,
                5.043472047724809e-07,
                0.9999994956115147
            ],
            [
                5.162744219267158e-11,
                5.550473117768069e-10,
                2.97095416997279e-10,
                0.060086654421993485,
                0.9399133446742364
            ],
            [
                2.7886651097771854e-10,
                8.149674053895718e-09,
                2.7528496387013705e-05,
                0.9997112799733803,
                0.0002611831016921361
            ],
            [
                6.560188168235838e-12,
                2.940072361294364e-11,
                9.54501746306305e-12,
                2.260325272386574e-06,
                0.9999977396292217
            ],
            [
                3.775134823306574e-11,
                3.3315447884072954e-11,
                5.789356756633146e-12,
                2.3823698435873557e-07,
                0.9999997616861594
            ]
        ],
        [
            [
                2.0206802131027344e-11,
                9.056060425710916e-11,
                1.5737073323013027e-11,
                2.2603252727394466e-06,
                0.9999977395482228
            ],
            [
                6.557373052534492e-12,
                7.988515761058116e-11,
                2.288748085336382e-11,
                0.00043055712029048073,
                0.9995694427703795
            ],
            [
                1.4766907958456607e-10,
                2.038508764113388e-09,
                2.3561935229821562e-07,
                0.9890128198380578,
                0.010986942356412089
            ],
            [
                6.69052705739696e-10,
                6.69052705739696e-10,
                1.691630156912967e-10,
                0.00015843624725377217,
                0.9998415622454777
            ],
            [
                8.423463438143785e-12,
                2.940077628876247e-11,
                6.560199921799728e-12,
                3.6534820765224664e-08,
                0.9999999634207948
            ]
        ],
        [
            [
                3.7751203028600295e-11,
                9.056042826284512e-11,
                1.573704273979574e-11,
                3.7266391135520346e-06,
                0.9999962732168377
            ],
            [
                3.0987366206433724e-12,
                5.492642084160856e-11,
                1.0815653540891699e-11,
                2.753568982488939e-05,
                0.9999724642413343
            ],
            [
                2.146798591147635e-10,
                8.055802281223646e-09,
                0.6791776378201358,
                0.3208208187437378,
                1.5351656442206574e-06
            ],
            [
                1.317651592402036e-10,
                4.8473693147152214e-11,
                1.081594291490992e-11,
                3.059023588988899e-07,
                0.9999996939065863
            ],
            [
                9.056078137244173e-11,
                5.4927890469918645e-11,
                7.433681614336078e-12,
                1.8553915977281457e-07,
                0.9999998143079178
            ]
        ],
        [
            [
                1.573710331675003e-11,
                4.2777881978504185e-11,
                8.42346440207456e-12,
                8.315279900252193e-07,
                0.9999991684050715
            ],
            [
                1.5737042581542583e-11,
                7.052853173714412e-11,
                1.7832405457121753e-11,
                2.9023121985322405e-06,
                0.9999970975837035
            ],
            [
                1.916495214046504e-10,
                5.600820000067364e-09,
                0.000335344610214737,
                0.9996479537722801,
                1.6695825035555796e-05
            ],
            [
                8.422837898146734e-12,
                7.991366097008548e-11,
                2.939859293963915e-11,
                7.48461974069131e-05,
                0.999925153684858
            ],
            [
                2.4616968878982717e-10,
                7.991959685445448e-11,
                7.433680479339233e-12,
                2.5109990905467545e-08,
                0.999999974556486
            ]
        ],
        [
            [
                4.84736921750892e-11,
                4.277788320135536e-11,
                5.789356939318163e-12,
                8.764249143784825e-08,
                0.9999999122604677
            ],
            [
                9.49520862287377e-12,
                1.3107731184664495e-10,
                4.822064823239862e-11,
                0.005220125701445883,
                0.9947798741097609
            ],
            [
                1.0259649304461162e-10,
                3.849904998644981e-09,
                0.00020342434099114825,
                0.9997835672234704,
                1.300448303694808e-05
            ],
            [
                2.940066648370767e-11,
                7.052853245393284e-11,
                1.5737042741479768e-11,
                3.7266391139508236e-06,
                0.9999962732452199
            ],
            [
                8.423463585033176e-12,
                2.2897347995882166e-11,
                6.5602000361973e-12,
                1.955568069449378e-08,
                0.9999999804064383
            ]
        ],
        [
            [
                8.42338406218546e-12,
                4.2777473978881926e-11,
                1.2255951492511635e-11,
                1.0129988099635452e-05,
                0.9999898699484435
            ],
            [
                2.928343440615475e-10,
                1.685145299962964e-09,
                7.960062762112284e-10,
                0.18242551448696057,
                0.8175744827390535
            ],
            [
                7.432504105535893e-12,
                1.9168680731770364e-10,
                1.3438282668427717e-08,
                0.99984155011797,
                0.00015843624462803395
            ],
            [
                1.0877397449695093e-09,
                9.599269557537497e-10,
                4.5343738697257525e-10,
                0.014063627268462173,
                0.9859363702304338
            ],
            [
                5.789357055932602e-12,
                3.331544960642241e-11,
                8.423464812541242e-12,
                3.059023589262639e-07,
                0.9999996940501128
            ]
        ],
        [
            [
                3.1608818473493754e-10,
                9.056078115738952e-11,
                1.573710406367234e-11,
                6.825604225055622e-08,
                0.9999999313215717
            ],
            [
                1.9248503782676567e-11,
                4.3809392680107106e-10,
                2.344947810850353e-10,
                0.04742587539146661,
                0.9525741239166962
            ],
            [
                7.05175060874736e-11,
                1.8186704521086751e-09,
                1.3707395810028168e-06,
                0.9998401914174877,
                0.0001584359537433076
            ],
            [
                5.492264789401665e-11,
                1.0260901489946998e-10,
                2.5943621853105196e-11,
                9.610239971650662e-05,
                0.9999038974168082
            ],
            [
                6.560188320250176e-12,
                2.940072429422464e-11,
                5.78934587299242e-12,
                1.7603431329218656e-06,
                0.9999982396151168
            ]
        ],
        [
            [
                1.08159426979725e-11,
                2.940078049355294e-11,
                6.560200860015299e-12,
                8.764249143751729e-08,
                0.9999999123107317
            ],
            [
                3.098813541877017e-12,
                2.5946048120956832e-11,
                5.789345872447964e-12,
                1.7603431327563152e-06,
                0.999998239622033
            ],
            [
                1.0812311911898151e-11,
                1.1028857984487179e-09,
                0.9996646449844822,
                0.00033535005237003414,
                3.849449679500162e-09
            ],
            [
                5.789091846732103e-12,
                7.991594786816947e-11,
                2.9399434242428303e-11,
                4.5397855992128266e-05,
                0.9999546020289034
            ],
            [
                9.544998821825041e-12,
                4.277771689616299e-11,
                9.544998821825041e-12,
                2.9023121994189624e-06,
                0.9999970976259328
            ]
        ],
        [
            [
                3.774364515490734e-11,
                1.4927901239034805e-10,
                5.4916679656786064e-11,
                0.00020342706224732137,
                0.9997965726958133
            ],
            [
                8.42307893607085e-12,
                1.0261410826921177e-10,
                2.9399434244660075e-11,
                4.53978557073526e-05,
                0.9999546020038561
            ],
            [
                2.497759373888615e-11,
                4.4273844255532184e-10,
                3.4480504575789883e-10,
                0.03732688387147619,
                0.9626731153160026
            ],
            [
                2.594609690421933e-11,
                3.331544788886074e-11,
                4.5087555761935785e-12,
                2.3823698439297277e-07,
                0.9999997616992453
            ],
            [
                1.7832472731886004e-11,
                3.331544509236637e-11,
                5.109088977563879e-12,
                9.237449570665454e-09,
                0.9999999907062934
            ]
        ],
        [
            [
                5.789346058691253e-12,
                2.940072523728113e-11,
                5.109079964785366e-12,
                1.37095665436867e-06,
                0.9999986290030465
            ],
            [
                8.423416035568994e-12,
                3.7751131581519944e-11,
                1.225599801351017e-11,
                4.785094847871654e-06,
                0.9999952148467216
            ],
            [
                1.0812311753722614e-11,
                2.4608708123323266e-10,
                1.9549118249052303e-08,
                0.9996646301465182,
                0.0003353500474641292
            ],
            [
                5.789357050221344e-12,
                4.847369310367016e-11,
                9.54503611237768e-12,
                6.825604226966447e-08,
                0.9999999316801496
            ],
            [
                1.783247513200509e-11,
                3.3315449576379145e-11,
                6.560200986265675e-12,
                6.825604227544768e-08,
                0.9999999316862496
            ]
        ],
        [
            [
                2.9400779650154953e-11,
                7.991960506554469e-11,
                1.3887944931241871e-11,
                8.315279899387734e-07,
                0.9999991683488018
            ],
            [
                3.977247804299235e-12,
                9.052174278681011e-11,
                3.773507652292811e-11,
                0.000430557120737113,
                0.9995694427470289
            ],
            [
                5.850155613082438e-11,
                8.075890716083334e-10,
                2.487549465370059e-09,
                0.9399133424538901,
                0.060086654192469814
            ],
            [
                5.4927887575657386e-11,
                7.991960484569526e-11,
                1.2256068351371382e-11,
                2.3823698438599412e-07,
                0.9999997616159121
            ],
            [
                3.511422191341515e-12,
                2.9400778045637706e-11,
                5.789356457273211e-12,
                6.475946143682974e-07,
                0.999999352366684
            ]
        ],
        [
            [
                8.423464808219715e-12,
                3.331544958933044e-11,
                5.109089667195655e-12,
                3.0590235876932555e-07,
                0.9999996940507931
            ],
            [
                6.552522129985358e-12,
                1.1614623381925367e-10,
                2.591572775272705e-11,
                0.0011695103461777413,
                0.9988304895052078
            ],
            [
                2.838316437386929e-11,
                7.320114571276531e-10,
                1.7560041994043826e-09,
                0.14804720336786287,
                0.8519527941157382
            ],
            [
                1.0815942428866957e-11,
                2.0206840718550345e-11,
                3.51142239633752e-12,
                1.1253518378768366e-07,
                0.999999887430282
            ],
            [
                5.1090604484291e-12,
                5.492757624952244e-11,
                8.423416634617793e-12,
                6.144172123795708e-06,
                0.9999938557594161
            ]
        ],
        [
            [
                5.109089225979583e-12,
                2.594609598786636e-11,
                4.5087554169553095e-12,
                3.9278636976388996e-07,
                0.9999996071780664
            ],
            [
                5.789312460045214e-12,
                4.8473319754696454e-11,
                1.5736982859412437e-11,
                7.889265046062302e-06,
                0.9999921106649543
            ],
            [
                3.327645255524903e-11,
                5.89839234799485e-10,
                1.7237629183086618e-08,
                0.9988304718171271,
                0.0011695103221280151
            ],
            [
                6.5601634702746195e-12,
                2.594594983983702e-11,
                5.7893239429659615e-12,
                6.144172122950516e-06,
                0.9999938557895817
            ],
            [
                4.508755196062036e-12,
                3.3315445080047446e-11,
                5.109088975674712e-12,
                9.237449567249759e-09,
                0.9999999907196172
            ]
        ],
        [
            [
                2.59460941296981e-11,
                7.991959630190931e-11,
                9.545034609014976e-12,
                3.224186631250573e-08,
                0.9999999676427229
            ],
            [
                1.9170839290578002e-10,
                2.1723406886111195e-10,
                4.8471472574674947e-11,
                4.539785569700716e-05,
                0.9999546016868891
            ],
            [
                4.84688797124578e-11,
                1.2500288831898293e-09,
                2.9020325726805748e-06,
                0.9999009945486864,
                9.610212024316382e-05
            ],
            [
                4.5086953130377515e-12,
                2.940038660499934e-11,
                6.560112971599252e-12,
                1.3007124764291384e-05,
                0.9999869928347664
            ],
            [
                2.594456273973892e-11,
                1.0261273617829393e-10,
                2.2895996256731302e-11,
                5.8291277157842556e-05,
                0.9999417085713889
            ]
        ],
        [
            [
                1.3887944169001653e-11,
                5.4927884712038995e-11,
                1.2256067712411751e-11,
                6.475946141668588e-07,
                0.9999993523243139
            ],
            [
                8.878265909764764e-13,
                1.0815942082722879e-11,
                1.879528907846375e-12,
                1.4449803163062175e-07,
                0.9999998554883851
            ],
            [
                1.6520583216127332e-11,
                4.828022121396122e-10,
                9.019932810691647e-10,
                0.18242551482278885,
                0.8175744837758951
            ],
            [
                2.9400666193009335e-11,
                4.8473503725168655e-11,
                1.3887891337881113e-11,
                2.9023121993322e-06,
                0.9999970975960386
            ],
            [
                3.5114219239476016e-12,
                2.289734722122387e-11,
                3.978962321186163e-12,
                5.315784967656447e-08,
                0.9999999468117626
            ]
        ],
        [
            [
                8.423319669351178e-12,
                4.84728579101e-11,
                8.423319669351178e-12,
                1.6701415104144263e-05,
                0.9999832985195763
            ],
            [
                4.580338821284145e-10,
                9.696577360750214e-10,
                2.4516787005815397e-10,
                0.004070137771768408,
                0.9959298605553721
            ],
            [
                2.2895995454102864e-11,
                5.211104545972461e-10,
                3.927631448361668e-07,
                0.9999413154737445,
                5.829121910419836e-05
            ],
            [
                8.42213063897508e-12,
                1.026025556455696e-10,
                3.7745370833653955e-11,
                0.00015843624782538237,
                0.9998415636034046
            ],
            [
                5.789357050872422e-12,
                2.020684161074461e-11,
                3.978963032157536e-12,
                6.825604227734063e-08,
                0.9999999317139825
            ]
        ],
        [
            [
                1.3176515938718474e-10,
                4.277788410691575e-11,
                6.560200998912256e-12,
                1.855391597575593e-07,
                0.9999998142797369
            ],
            [
                3.511348741605452e-12,
                3.775055662191283e-11,
                7.433525344311637e-12,
                2.144493975958333e-05,
                0.999978555011545
            ],
            [
                1.0803282547850531e-11,
                1.1019647782766875e-09,
                0.9988304829539044,
