{
    "[['A', 'B', 'C', 'D', 'E'], ['A', 'B', 'C', 'D', 'E']]": [
        [
            [
                0.9999999999925664,
                7.433680670680708e-12,
                0.0,
                0.0,
                0.0
            ],
            [
                0.43782349779049656,
                0.5621764986007067,
                3.5691470647747722e-09,
                3.964964238706063e-11,
                0.0
            ],
            [
                2.1278442954033666e-12,
                2.786926047549269e-10,
                0.9990889480011425,
                0.0009110514022370198,
                3.1580009395920986e-10
            ],
            [
                4.75218448112752e-13,
                7.433667248402956e-12,
                1.8795254224331854e-12,
                1.7603431332733833e-06,
                0.9999982396470782
            ],
            [
                6.914399947745819e-13,
                3.5114220325309326e-12,
                6.914399947745819e-13,
                2.2159489263174745e-08,
                0.9999999778356164
            ]
        ],
        [
            [
                0.9999999998837177,
                1.162823302633885e-10,
                0.0,
                0.0,
                0.0
            ],
            [
                0.999999997664407,
                2.3355930326058086e-09,
                0.0,
                0.0,
                0.0
            ],
            [
                1.98099771750566e-13,
                6.224109808875564e-11,
                0.999993855755889,
                6.144172126845938e-06,
                9.544981533793062e-12
            ],
            [
                0.0,
                2.413362716732108e-12,
                6.101936538287911e-13,
                2.215948926742779e-08,
                0.9999999778374872
            ],
            [
                2.5436659691840286e-13,
                4.5087558127115695e-12,
                1.0060394065604963e-12,
                1.8553915973473496e-07,
                0.9999998144550711
            ]
        ],
        [
            [
                0.999999999989184,
                1.0815941554148517e-11,
                0.0,
                0.0,
                0.0
            ],
            [
                0.6224593118656112,
                0.37754066791191193,
                2.006924634434549e-08,
                1.532305867405887e-10,
                0.0
            ],
            [
                1.3861191000996142e-11,
                1.4138799203305684e-09,
                0.8807970211203215,
                0.11920290025670931,
                7.71952280190584e-08
            ],
            [
                3.70101185013507e-13,
                3.978962720262697e-12,
                6.914400427423594e-13,
                5.043472049612659e-07,
                0.9999994956477545
            ],
            [
                3.701011637648141e-13,
                3.97896249181772e-12,
                7.835041698384817e-13,
                1.0467401678943116e-08,
                0.9999999895274657
            ]
        ],
        [
            [
                0.999999999994891,
                5.1090890270568305e-12,
                0.0,
                0.0,
                0.0
            ],
            [
                0.5621764964013576,
                0.43782349492892497,
                8.561938668794277e-09,
                1.0777890183377835e-10,
                0.0
            ],
            [
                8.271954316603647e-12,
                1.576355466975414e-09,
                0.9820137848942653,
                0.017986211497026748,
                2.0240804853311054e-09
            ],
            [
                7.83502745347588e-13,
                8.423448346558943e-12,
                1.8795253785697233e-12,
                2.260325272464373e-06,
                0.999997739663641
            ],
            [
                4.752193010531931e-13,
                3.0988191046575743e-12,
                5.384940158559243e-13,
                1.0467401679680116e-08,
                0.9999999895284858
            ]
        ],
        [
            [
                0.9999999999294713,
                7.052879848875913e-11,
                0.0,
                0.0,
                0.0
            ],
            [
                0.9999998144603018,
                1.8553915973570545e-07,
                5.384940899047852e-13,
                0.0,
                0.0
            ],
            [
                3.7678619840597944e-11,
                3.843323709669818e-09,
                0.11920285977676084,
                0.8807965659424236,
                5.703998132059317e-07
            ],
            [
                1.0060182577678496e-12,
                1.081571555469571e-11,
                2.4133123438391177e-12,
                2.144493975636228e-05,
                0.9999785550460086
            ],
            [
                6.101890439690688e-13,
                8.423399924996369e-12,
                1.4637674222268025e-12,
                7.88926504520851e-06,
                0.9999921107244574
            ]
        ],
        [
            [
                0.999999999987744,
                1.2256067441598103e-11,
                0.0,
                0.0,
                0.0
            ],
            [
                0.9890130575433326,
                0.010986942402342994,
                5.432441838911381e-11,
                0.0,
                0.0
            ],
            [
                4.497606359116187e-12,
                2.7825705230904187e-10,
                1.5192320289749534e-08,
                0.9975273616019051,
                0.002472622923020043
            ],
            [
                4.193788217255431e-13,
                5.1090799629183675e-12,
                8.878249725599786e-13,
                1.3709566538676847e-06,
                0.9999986290369298
            ],
            [
                7.835041745588399e-13,
                3.9789625157896776e-12,
                1.0060392742144995e-12,
                4.3634622309588805e-09,
                0.9999999956307692
            ]
        ],
        [
            [
                0.9999999999771028,
                2.289734845095418e-11,
                0.0,
                0.0,
                0.0
            ],
            [
                0.010986941870669458,
                0.9890130114507169,
                4.639624349382045e-08,
                2.7588214833806066e-10,
                6.488126250824315e-12
            ],
            [
                1.961452468486182e-11,
                2.568995761232476e-09,
                0.9706877583790803,
                0.029312227518869326,
                1.1513440224860404e-08
            ],
            [
                3.7008426020001563e-13,
                8.423078937917804e-12,
                1.4637116430363638e-12,
                4.5397855717307125e-05,
                0.9999546021340258
            ],
            [
                2.543665619571911e-13,
                2.7346982616986694e-12,
                7.835041699418924e-13,
                1.0467401680324655e-08,
                0.9999999895288257
            ]
        ],
        [
            [
                0.9999999999842628,
                1.573710210318685e-11,
                0.0,
                0.0,
                0.0
            ],
            [
                0.6791787107598444,
                0.32082128690307143,
                2.3080304644163288e-09,
                2.9053815785943747e-11,
                0.0
            ],
            [
                1.2252843982590753e-11,
                5.903750848210759e-10,
                1.3705985111942724e-06,
                0.9997374389550275,
                0.00026118984383324633
            ],
            [
                4.752192952816306e-13,
                3.511422032130259e-12,
                6.101936536420506e-13,
                2.2159489260646216e-08,
                0.999999977835914
            ],
            [
                0.0,
                2.7346982425584856e-12,
                3.7010116122331965e-13,
                1.725782767852579e-08,
                0.9999999827390676
            ]
        ],
        [
            [
                0.9999999999377585,
                6.224144620551772e-11,
                0.0,
                0.0,
                0.0
            ],
            [
                0.268941407341874,
                0.7310585814149575,
                1.1134014624792992e-08,
                1.091540385452657e-10,
                0.0
            ],
            [
                1.3839084967246704e-10,
                1.0993746893481899e-08,
                0.4378234695658321,
                0.5621764634711767,
                5.583085351379785e-08
            ],
            [
                3.266131234288566e-13,
                3.0988190357809533e-12,
                4.752192904906212e-13,
                3.2241866301512265e-08,
                0.999999967754233
            ],
            [
                4.1937959686540053e-13,
                3.511422373166137e-12,
                6.914400618496306e-13,
                2.3823698437594434e-07,
                0.9999997617583933
            ]
        ],
        [
            [
                0.9999999999515263,
                4.84736870484135e-11,
                0.0,
                0.0,
                0.0
            ],
            [
                0.9999999918479795,
                8.15202064255707e-09,
                0.0,
                0.0,
                0.0
            ],
            [
                1.0915404074296973e-10,
                5.2593362123728185e-09,
                0.268941378443164,
                0.7310584624881583,
                1.5370018739131752e-07
            ],
            [
                4.752192965192068e-13,
                3.0988190750922696e-12,
                6.101936552311299e-13,
                1.9555680686304214e-08,
                0.9999999804401352
            ],
            [
                0.0,
                1.6586783521643861e-12,
                3.2661313294962144e-13,
                3.3982678056661204e-09,
                0.9999999965997468
            ]
        ],
        [
            [
                0.999999999979793,
                2.0206839086393174e-11,
                0.0,
                0.0,
                0.0
            ],
            [
                0.6224593207215848,
                0.37754067347210946,
                5.749935427042293e-09,
                5.6370383404973504e-11,
                0.0
            ],
            [
                1.8748812996929554e-12,
                2.1670681359841395e-10,
                0.9975273766512324,
                0.002472622961414566,
                1.6877143612735374e-10
            ],
            [
                4.752193426514841e-13,
                4.508755587405228e-12,
                7.835042384776346e-13,
                8.31527989743406e-07,
                0.9999991684662428
            ],
            [
                0.0,
                2.4133627698955934e-12,
                3.7010116756212353e-13,
                2.78946809062934e-10,
                0.9999999997182698
            ]
        ],
        [
            [
                0.999999999986112,
                1.3887943862419778e-11,
                0.0,
                0.0,
                0.0
            ],
            [
                0.3208212852442736,
                0.6791787055377968,
                9.1284375031348e-09,
                8.949205229679231e-11,
                0.0
            ],
            [
                7.039279272248475e-11,
                6.336557265110326e-09,
                0.22270009462018375,
                0.7772996611950823,
                2.3777778392068083e-07
            ],
            [
                2.5436655817952306e-13,
                2.4133627096110367e-12,
                5.384940078917592e-13,
                2.510999091004509e-08,
                0.9999999748868029
            ],
            [
                5.384940187922468e-13,
                3.511422093923886e-12,
                7.835041741659714e-13,
                4.944450474547308e-09,
                0.9999999950507161
            ]
        ],
        [
            [
                0.999999999994891,
                5.109089026778219e-12,
                0.0,
                0.0,
                0.0
            ],
            [
                0.14804719722741896,
                0.8519527572995564,
                4.5287943230537844e-08,
                1.8508147290134415e-10,
                0.0
            ],
            [
                2.589611195142668e-11,
                2.993183571941606e-09,
                0.8807970415498395,
                0.11920291896664,
                3.646444078845547e-08
            ],
            [
                4.1937959789555977e-13,
                5.1090894186049084e-12,
                1.0060393561855143e-12,
                8.315279896588165e-07,
                0.9999991684654758
            ],
            [
                4.752192807323089e-13,
                3.978962321953194e-12,
                8.878265001219845e-13,
                5.3157849686811795e-08,
                0.9999999468368084
            ]
        ],
        [
            [
                0.999999999989184,
                1.0815941554504481e-11,
                0.0,
                0.0,
                0.0
            ],
            [
                0.9999999123570334,
                8.764249142323582e-08,
                4.752193563179582e-13,
                0.0,
                0.0
            ],
            [
                7.80377094816679e-12,
                4.828022124547456e-10,
                4.828022124547456e-10,
                0.8175744843095402,
                0.1824255147170516
            ],
            [
                2.8823507847764494e-13,
                1.8795288108868777e-12,
                3.266131332965387e-13,
                2.3355930317756344e-09,
                0.9999999976619125
            ],
            [
                2.8823510973727385e-13,
                3.5114224836370417e-12,
                6.101937321021648e-13,
                8.764249143586359e-08,
                0.9999999123530987
            ]
        ],
        [
            [
                0.9999999999842628,
                1.5737102102738494e-11,
                0.0,
                0.0,
                0.0
            ],
            [
                0.9999999928058669,
                7.194132975259382e-09,
                0.0,
                0.0,
                0.0
            ],
            [
                6.808767201215119e-11,
                1.0105106499263446e-08,
                0.8519527077551785,
                0.1480471861970462,
                9.587458106328125e-08
            ],
            [
                1.9810088941696986e-13,
                2.413362888932222e-12,
                3.701011858169817e-13,
                1.4449803162212707e-07,
                0.9999998554989868
            ],
            [
                2.5436656244489787e-13,
                1.879528799597497e-12,
                3.701011645232711e-13,
                8.152020640989962e-09,
                0.9999999918454755
            ]
        ],
        [
            [
                0.9999999999705993,
                2.940077738473874e-11,
                0.0,
                0.0,
                0.0
            ],
            [
                0.998073265596505,
                0.0019267343413734853,
                6.212154221217127e-11,
                0.0,
                0.0
            ],
            [
                3.5082221486139016e-12,
                9.727327697608341e-10,
                0.9990889475313797,
                0.0009110514019010225,
                9.04782417177779e-11
            ],
            [
                2.2447644977693189e-13,
                4.508730020380647e-12,
                1.4637703257692397e-12,
                6.144172123147734e-06,
                0.9999938558216799
            ],
            [
                4.193795647549488e-13,
                3.978962525561968e-12,
                7.83504176483118e-13,
                1.81896168285576e-09,
                0.9999999981758565
            ]
        ],
        [
            [
                0.9999999999740539,
                2.59460949764513e-11,
                0.0,
                0.0,
                0.0
            ],
            [
                0.9947798739610297,
                0.005220125719449916,
                3.144381242369622e-10,
                5.082418919417168e-12,
                0.0
            ],
            [
                2.5349888627874173e-11,
                2.2819242530689542e-09,
                0.022977356145205158,
                0.9770221487886189,
                4.927589017614882e-07
            ],
            [
                4.193787990706561e-13,
                5.789345743834598e-12,
                1.2917776429764444e-12,
                1.0677030761522435e-06,
                0.9999989322894234
            ],
            [
                1.463778490838919e-12,
                6.56020006378873e-12,
                1.6586783325266147e-12,
                1.5229979502421614e-08,
                0.9999999847603378
            ]
        ],
        [
            [
                0.9999999999377585,
                6.224144620987439e-11,
                0.0,
                0.0,
                0.0
            ],
            [
                0.0002611903186710509,
                0.9997384164720564,
                3.926837597162325e-07,
                5.210051279736025e-10,
                4.507577566490468e-12
            ],
            [
                6.5162910677928804e-12,
                8.534657046793936e-10,
                0.9933071451166292,
                0.006692851394529407,
                2.6288594435271684e-09
            ],
            [
                4.752166139935365e-13,
                8.423416032600357e-12,
                1.879518168350969e-12,
                4.78509484618526e-06,
                0.9999952148943757
            ],
            [
                6.914400616624937e-13,
                5.1090894046722344e-12,
                7.835042362612858e-13,
                2.3823698431146597e-07,
                0.9999997617564317
            ]
        ],
        [
            [
                0.9999999999515263,
                4.847368704979614e-11,
                0.0,
                0.0,
                0.0
            ],
            [
                0.9968273168488554,
                0.00317268308697769,
                6.204397806862462e-11,
                2.12302818207861e-12,
                0.0
            ],
            [
                5.759135087257372e-12,
                3.563050710255399e-10,
                1.041276050834345e-08,
                0.9947798635910718,
                0.005220125634103416
            ],
            [
                3.266118989508164e-13,
                3.978947486462214e-12,
                7.835012151087917e-13,
                2.902312199249186e-06,
                0.9999970976827117
            ],
            [
                0.0,
                2.1297851643343275e-12,
                3.701011667086304e-13,
                2.646573630680975e-09,
                0.9999999973509264
            ]
        ],
        [
            [
                0.9999999999915765,
                8.423463752046102e-12,
                0.0,
                0.0,
                0.0
            ],
            [
                0.9626731158202387,
                0.03732688393720727,
                2.3698081089906724e-10,
                5.573254483475217e-12,
                0.0
            ],
            [
                2.4048723908353568e-11,
                2.4530365277522836e-09,
                0.5621764679273945,
                0.4378234737646663,
                5.583085403223104e-08
            ],
            [
                4.752129897952377e-13,
                6.560112971811104e-12,
                1.1399767005920342e-12,
                1.3007124764711437e-05,
                0.99998699286706
            ],
            [
                2.54366556342875e-13,
                2.1297851006668404e-12,
                3.2661312349958595e-13,
                3.2241866308494365e-08,
                0.999999967755423
            ]
        ],
        [
            [
                0.9999999999876872,
                1.2256067441873963e-11,
                0.0,
                0.0,
                5.6756852316021025e-14
            ],
            [
                0.7772998555887819,
                0.2227001438079642,
                5.893927504777401e-10,
                1.3861188915109684e-11,
                0.0
            ],
            [
                1.0140778062900247e-10,
                7.109234276158684e-09,
                0.3208212464161012,
                0.6791785845678304,
                1.6180542632067605e-07
            ],
            [
                0.0,
                2.4133630730995217e-12,
                4.752193655999687e-13,
                6.825604228392569e-08,
                0.9999999317410692
            ],
            [
                4.752193057754826e-13,
                3.978962531637121e-12,
                6.914400099641491e-13,
                4.599055373797639e-10,
                0.9999999995349489
            ]
        ],
        [
            [
                0.999999999986112,
                1.3887943862419778e-11,
                0.0,
                0.0,
                0.0
            ],
            [
                0.008577486184429375,
                0.9914224539458154,
                5.971901542204565e-08,
                1.480286394657675e-10,
                2.711239105645622e-12
            ],
            [
                1.654576939460044e-12,
                3.153065532306012e-10,
                0.9975273765307292,
                0.0024726229610667117,
                1.9124309174267309e-10
            ],
            [
                4.1937961885202944e-13,
                5.789357060567382e-12,
                1.0060394064574716e-12,
                1.8553915971573455e-07,
                0.9999998144536255
            ],
            [
                0.0,
                1.4637785114408992e-12,
                0.0,
                9.736200295150448e-10,
                0.9999999990249162
            ]
        ],
        [
            [
                0.999999999994891,
                5.109089026778824e-12,
                0.0,
                0.0,
                0.0
            ],
            [
                0.3208212843474353,
                0.6791787038300111,
                1.1721145742766639e-08,
                1.0140778039777198e-10,
                0.0
            ],
            [
                1.9810052845465484e-13,
                4.847360109013266e-11,
                0.9999986289930147,
                1.3709566548612724e-06,
                1.658675417094663e-12
            ],
            [
                6.914400834369411e-13,
                5.109089565564848e-12,
                1.139991972977156e-12,
                8.764249141486046e-08,
                0.9999999123505681
            ],
            [
                4.752193445570459e-13,
                3.0988193883383293e-12,
                6.101937169129363e-13,
                1.1253518378420793e-07,
                0.999999887460632
            ]
        ],
        [
            [
                0.9999999999821676,
                1.7832472902851328e-11,
                0.0,
                0.0,
                0.0
            ],
            [
                0.9999996940968577,
                3.059023588492285e-07,
                7.835042767252109e-13,
                0.0,
                0.0
            ],
            [
                1.7739384172858286e-11,
                1.2436268422145384e-09,
                0.005220122917966194,
                0.9947792316066285,
                6.442140389982473e-07
            ],
            [
                8.878249243853161e-13,
                8.423448351502863e-12,
                2.413358358809631e-12,
                1.0677030758945657e-06,
                0.9999989322851994
            ],
            [
                1.1399917985743054e-12,
                7.433680317162845e-12,
                1.6586782796607762e-12,
                4.691163797685501e-08,
                0.9999999530781296
            ]
        ],
        [
            [
                0.9999999999771028,
                2.2897348450291076e-11,
                0.0,
                0.0,
                0.0
            ],
            [
                0.26894140841825404,
                0.7310585862562045,
                5.259336167671315e-09,
                6.620527177942422e-11,
                0.0
            ],
            [
                4.844623940334416e-11,
                2.6450750474854088e-09,
                0.0005527714561625254,
                0.9994342259178925,
                1.299993242363404e-05
            ],
            [
                3.2661314930633727e-13,
                5.109089263134424e-12,
                1.2917800642212776e-12,
                5.043472047899077e-07,
                0.9999994956460677
            ],
            [
                4.752193034201894e-13,
                2.129785158151932e-12,
                5.384940185380825e-13,
                5.602796403854348e-09,
                0.9999999943940601
            ]
        ],
        [
            [
                0.9999999999820948,
                1.7832472903435385e-11,
                0.0,
                0.0,
                7.287724093894413e-14
            ],
            [
                0.01798621065470765,
                0.9820137369302347,
                5.22017211647017e-08,
                2.1333650309456808e-10,
                0.0
            ],
            [
                2.12784429520041e-12,
                5.206663321499866e-10,
                0.9990889479058481,
                0.0009110514023219642,
                1.6903560940291516e-10
            ],
            [
                5.384940337496538e-13,
                3.978962624315647e-12,
                8.87826567588167e-13,
                6.475946143898599e-07,
                0.9999993523999803
            ],
            [
                5.384940478601837e-13,
                3.978962728579144e-12,
                6.91440044187541e-13,
                1.444980316104436e-07,
                0.9999998554967595
            ]
        ],
        [
            [
                0.9999999999954912,
                4.508755241511119e-12,
                0.0,
                0.0,
                0.0
            ],
            [
                0.9999999468417802,
                5.315784968288105e-08,
                3.7010114793758495e-13,
                0.0,
                0.0
            ],
            [
                4.3901300153417246e-11,
                4.478054357584508e-09,
                0.37754061753176715,
                0.6224592470783458,
                1.3086793133384538e-07
            ],
            [
                4.193796181268856e-13,
                4.508755804453813e-12,
                8.87826658541634e-13,
                6.825604227362279e-08,
                0.9999999317381417
            ],
            [
                4.752193655991569e-13,
                3.5114225517104046e-12,
                6.101937439315415e-13,
                6.825604228380908e-08,
                0.9999999317393609
            ]
        ],
        [
            [
                0.9999999999200804,
                7.991959890084798e-11,
                0.0,
                0.0,
                0.0
            ],
            [
                0.9999999943970834,
                5.602796404373617e-09,
                1.2015425660650983e-13,
                0.0,
                0.0
            ],
            [
                4.4907600453714997e-11,
                3.1482658473079964e-09,
                0.8175743119583778,
                0.18242549007195205,
                1.947764966639527e-07
            ],
            [
                2.8823455231138505e-13,
                4.508746998110776e-12,
                7.835027458820661e-13,
                1.0677030759962554e-06,
                0.9999989322913436
            ],
            [
                3.26613125795351e-13,
                3.511422022171434e-12,
                7.835041581558354e-13,
                2.510999090523719e-08,
                0.9999999748853876
            ]
        ],
        [
            [
                0.9999999999934397,
                6.5602001668520266e-12,
                0.0,
                0.0,
                0.0
            ],
            [
                0.9999832985803936,
                1.670141509760298e-05,
                4.50867811732315e-12,
                0.0,
                0.0
            ],
            [
                3.964964174913807e-11,
                5.19307825320568e-09,
                0.43782341139380876,
                0.5621763885046396,
                1.9486882379768744e-07
            ],
            [
                4.752157053786984e-13,
                5.789312460807435e-12,
                1.4637674225779342e-12,
                7.889265047101004e-06,
                0.9999921107272246
            ],
            [
                2.2447770529356142e-13,
                1.4637785127660834e-12,
                2.882350790766732e-13,
                4.0586521227052737e-10,
                0.9999999995921582
            ]
        ],
        [
            [
                0.9999999999934397,
                6.5602001660361284e-12,
                0.0,
                0.0,
                0.0
            ],
            [
                0.0004305536162834716,
                0.9995615532797282,
                7.885864558086685e-06,
                7.1909776733247835e-09,
                4.845242643446932e-11
            ],
            [
                6.912989755191887e-13,
                1.1625861183273968e-10,
                0.9997965727885808,
                0.00020342706116052294,
                3.3308649966386775e-11
            ],
            [
                3.266125370976895e-13,
                4.508746998464646e-12,
                8.878249245395551e-13,
                1.0677030760800542e-06,
                0.9999989322912007
            ],
            [
                2.543665835571498e-13,
                2.4133629503872556e-12,
                5.384940616161955e-13,
                2.382369843762817e-07,
                0.9999997617598094
            ]
        ],
        [
            [
                0.9999999999771028,
                2.28973484495401e-11,
                0.0,
                0.0,
                0.0
            ],
            [
                0.9999999918479795,
                8.152020645093454e-09,
                0.0,
                0.0,
                0.0
            ],
            [
                7.407528152875445e-11,
                6.6680443434970086e-09,
                0.5621764114750294,
                0.43782343001886137,
                1.517639897369762e-07
            ],
            [
                2.882345521644897e-13,
                5.109079683575139e-12,
                8.878249240174044e-13,
                2.26032527285434e-06,
                0.9999977396684421
            ],
            [
                5.384940202554414e-13,
                2.129785164944218e-12,
                5.384940202554414e-13,
                2.0611536166207117e-09,
                0.9999999979356395
            ]
        ],
        [
            [
                0.9999999999942106,
                5.789356327270959e-12,
                0.0,
                0.0,
                0.0
            ],
            [
                0.9999999586001493,
                4.139937545234871e-08,
                4.752192863554505e-13,
                0.0,
                0.0
            ],
            [
                1.783009357068137e-11,
                1.1031088279471258e-09,
                5.8286885635360686e-05,
                0.9998668701508104,
                7.484184261537474e-05
            ],
            [
                2.882350770771587e-13,
                2.1297851542027257e-12,
                3.70101164948022e-13,
                7.194132973735761e-09,
                0.999999992803079
            ],
            [
                0.0,
                2.734698219897775e-12,
                4.752192938185489e-13,
                2.510999089914481e-08,
                0.9999999748867991
            ]
        ],
        [
            [
                0.9999999999200804,
                7.991959890346606e-11,
                0.0,
                0.0,
                0.0
            ],
            [
                0.00015843578592059034,
                0.9998386559907729,
                2.9018526419743278e-06,
                6.3477708268854905e-09,
                2.2893636260121303e-11
            ],
            [
                3.7742637307688906e-11,
                1.8185421061067445e-09,
                0.00020342143478815328,
                0.9997690466114337,
                2.7530097493452858e-05
            ],
            [
                7.835027636884731e-13,
                5.789345874561332e-12,
                1.2917776721455215e-12,
                1.7603431333989184e-06,
                0.9999982396490019
            ],
            [
                1.658678354502598e-12,
                4.508755230302763e-12,
                1.879528811540048e-12,
                2.335593032587295e-09,
                0.99999999765636
            ]
        ],
        [
            [
                0.9999999999771028,
                2.289734845095418e-11,
                0.0,
                0.0,
                0.0
            ],
            [
                0.9999977396740355,
                2.2603252730238248e-06,
                6.91438746106911e-13,
                0.0,
                0.0
            ],
            [
                6.911420354063632e-13,
                1.49245122874148e-10,
                0.9995694426612178,
                0.0004305571183474214,
                7.049840420547046e-11
            ],
            [
                3.2661317518834507e-13,
                3.5114225531961643e-12,
                5.384940892239317e-13,
                3.0590235881731393e-07,
                0.9999996940932646
            ],
            [
                0.0,
                3.0988191290833785e-12,
                7.835041760694578e-13,
                2.6465736306773167e-09,
                0.9999999973495441
            ]
        ],
        [
            [
                0.9999999999821108,
                1.7832472904808166e-11,
                0.0,
                0.0,
                5.6756852315702394e-14
            ],
            [
                0.9999999677574423,
                3.224186630530431e-08,
                6.91439987806129e-13,
                0.0,
                0.0
            ],
            [
                4.750145111122027e-13,
                1.0257457287525784e-10,
                0.9995694427491644,
                0.0004305571183978528,
                2.938810716464651e-11
            ],
            [
                1.7482342690964496e-13,
                2.7346985118798524e-12,
                4.752193445574259e-13,
                1.125351837842979e-07,
                0.9999998874614314
            ],
            [
                0.0,
                2.7346982636589017e-12,
                4.752193014230924e-13,
                9.237449567616701e-09,
                0.9999999907593405
            ]
        ],
        [
            [
                0.9999999999954912,
                4.508755241163684e-12,
                0.0,
                0.0,
                0.0
            ],
            [
                0.9992903296187609,
                0.000709670347947311,
                3.3291815516424065e-11,
                0.0,
                0.0
            ],
            [
                1.1393615774579545e-12,
                1.9161115532008413e-10,
                0.9994472211757417,
                0.0005527785830608532,
                4.844688706281056e-11
            ],
            [
                6.101937168698703e-13,
                3.97896285607035e-12,
                7.835042415640771e-13,
                1.1253518377626547e-07,
                0.9999998874594436
            ],
            [
                3.701004995698381e-13,
                5.109079802612323e-12,
                7.835027637377065e-13,
                1.760343133509534e-06,
                0.9999982396506037
            ]
        ],
        [
            [
                0.9999999999771028,
                2.2897348449540568e-11,
                0.0,
                0.0,
                0.0
            ],
            [
                0.9999997617615519,
                2.3823698433673836e-07,
                1.463778622181447e-12,
                0.0,
                0.0
            ],
            [
                5.108982058180025e-12,
                5.211303375641211e-10,
                4.785012641950217e-06,
                0.9999785131259425,
                1.670133517619682e-05
            ],
            [
                2.2447771589121043e-13,
                3.5114222758895824e-12,
                7.835042147680064e-13,
                5.043472049265325e-07,
                0.9999994956482757
            ],
            [
                0.0,
                2.4133626919414563e-12,
                4.193795519548487e-13,
                3.224186630523528e-08,
                0.9999999677553011
            ]
        ],
        [
            [
                0.9999999999842628,
                1.5737102102738817e-11,
                0.0,
                0.0,
                0.0
            ],
            [
                0.07585817346104805,
                0.9241417924834877,
                3.3763353972621615e-08,
                2.921102476061945e-10,
                0.0
            ],
            [
                6.925995992567607e-11,
                6.234582906498463e-09,
                0.017986125358546146,
                0.9820091693106923,
                4.699026918805129e-06
            ],
            [
                3.2661313018471183e-13,
                3.51142206936151e-12,
                6.914400020269526e-13,
                1.1861120002666967e-08,
                0.9999999881343505
            ],
            [
                4.193796181601267e-13,
                3.978963032256188e-12,
                7.835042762571256e-13,
                6.825604227903292e-08,
                0.9999999317387759
            ]
        ],
        [
            [
                0.9999999999821676,
                1.783247290395197e-11,
                0.0,
                0.0,
                0.0
            ],
            [
                0.09534946857252069,
                0.904650513643583,
                1.76910621997063e-08,
                9.283417439402111e-11,
                0.0
            ],
            [
                3.0379757660882144e-14,
                2.289735132539358e-11,
