{
    "[['A', 'B', 'C', 'D', 'E'], ['A', 'B', 'C', 'D', 'E']]": [
        [
            [
                0.9999999999094393,
                9.056076985607851e-11,
                0.0,
                0.0,
                0.0
            ],
            [
                0.9999994956500605,
                5.043472047342225e-07,
                2.734698417114427e-12,
                0.0,
                0.0
            ],
            [
                6.431393933026583e-14,
                1.081594154311632e-11,
                0.9999999987384285,
                1.2501528647489857e-09,
                5.384940210699521e-13
            ],
            [
                2.1297851664014818e-12,
                8.423463736456027e-12,
                1.463778510995785e-12,
                1.605228051753014e-09,
                0.999999998382755
            ],
            [
                6.5602001539853186e-12,
                1.573710207287453e-11,
                2.4133627666209287e-12,
                1.8189616836245244e-09,
                0.9999999981563277
            ]
        ],
        [
            [
                0.999999999683912,
                3.1608814526273407e-10,
                0.0,
                0.0,
                0.0
            ],
            [
                0.2227001408323853,
                0.777299843929297,
                1.5200639163868674e-08,
                3.767861741415937e-11,
                0.0
            ],
            [
                2.7345995158335983e-12,
                1.2501077115710475e-09,
                0.9999646424563676,
                3.535625747578078e-05,
                3.3314242086585446e-11
            ],
            [
                5.10908902126849e-12,
                5.10908902126849e-12,
                6.101936669490051e-13,
                8.592166607746955e-10,
                0.9999999991299551
            ],
            [
                2.1297851624661736e-12,
                9.545034884792829e-12,
                1.8795288090470273e-12,
                2.998960812903044e-09,
                0.9999999969874849
            ]
        ],
        [
            [
                0.9999999973532516,
                2.646573631067392e-09,
                1.7482341230910872e-13,
                0.0,
                0.0
            ],
            [
                0.9399133439652894,
                0.060086654314878384,
                1.7096660796346702e-09,
                1.0166046116495278e-11,
                0.0
            ],
            [
                2.3659776090281104e-14,
                6.914400106628522e-13,
                0.9999999999926743,
                6.560200167858064e-12,
                5.008774637617725e-14
            ],
            [
                8.42346370763667e-12,
                1.3887943787751142e-11,
                2.4133627584156274e-12,
                4.944450474448955e-09,
                0.9999999950308247
            ],
            [
                1.4637785121428292e-12,
                3.97896253044667e-12,
                5.384940210458693e-13,
                7.582560417639299e-10,
                0.9999999992357627
            ]
        ],
        [
            [
                0.9999999994788586,
                5.211412483888439e-10,
                0.0,
                0.0,
                0.0
            ],
            [
                0.9999999634648526,
                3.6534820770998695e-08,
                3.266131220651173e-13,
                0.0,
                0.0
            ],
            [
                1.3615261002743396e-13,
                2.0206838974232627e-11,
                0.999999994376169,
                5.6027964053765816e-09,
                6.914400067250764e-13
            ],
            [
                4.508755235773028e-12,
                7.433680661599562e-12,
                1.0060392778281073e-12,
                9.736200298926404e-10,
                0.9999999990134314
            ],
            [
                1.006039356583025e-12,
                8.423464401691179e-12,
                1.291780104040786e-12,
                8.315279899873735e-07,
                0.9999991684612888
            ]
        ],
        [
            [
                0.9999999992417439,
                7.582560420045751e-10,
                0.0,
                0.0,
                0.0
            ],
            [
                0.9999999123569702,
                8.764249139652125e-08,
                5.384940783149672e-13,
                0.0,
                0.0
            ],
            [
                1.2015425698377032e-13,
                2.9400777311130455e-11,
                0.9999999973232954,
                2.646573631553433e-09,
                6.101936660646069e-13
            ],
            [
                1.6586783569377221e-12,
                7.433680663494089e-12,
                1.463778512381646e-12,
                5.90530399190718e-10,
                0.9999999993989135
            ],
            [
                1.4637785126584277e-12,
                3.978962531848212e-12,
                6.914400100008312e-13,
                5.905303993023797e-10,
                0.9999999994033355
            ]
        ],
        [
            [
                0.9999999998082829,
                1.9171715126123093e-10,
                0.0,
                0.0,
                0.0
            ],
            [
                0.9999785550562822,
                2.144493973886739e-05,
                3.978879390884745e-12,
                0.0,
                0.0
            ],
            [
                5.008774637435299e-14,
                1.2917800046807182e-12,
                0.9999999999807432,
                1.783247290669307e-11,
                8.258073284882901e-14
            ],
            [
                1.6586783571207496e-12,
                3.978962531534901e-12,
                6.101936671007474e-13,
                6.69158608405736e-10,
                0.9999999993245936
            ],
            [
                9.54503490996214e-12,
                1.7832472884086206e-11,
                2.734698287902126e-12,
                8.592166607581264e-10,
                0.9999999991106712
            ]
        ],
        [
            [
                0.9999999998837177,
                1.1628233026002495e-10,
                0.0,
                0.0,
                0.0
            ],
            [
                0.9995694428531334,
                0.0004305571239791347,
                2.2887480799764607e-11,
                0.0,
                0.0
            ],
            [
                5.6756850897912395e-14,
                2.289734788019186e-11,
                0.9999999748660489,
                2.5109990925489968e-08,
                1.0060392539640583e-12
            ],
            [
                3.0988191347739566e-12,
                9.545034910680337e-12,
                1.6586783568010893e-12,
                5.905303991420733e-10,
                0.9999999993951671
            ],
            [
                1.139991851147462e-12,
                5.789356319097432e-12,
                1.0060392776093144e-12,
                1.2501528643065465e-09,
                0.9999999987419117
            ]
        ],
        [
            [
                0.9999999999771028,
                2.289734844869055e-11,
                0.0,
                0.0,
                0.0
            ],
            [
                0.02931222692131206,
                0.9706877374868934,
                3.546389179065256e-08,
                1.279027647918184e-10,
                0.0
            ],
            [
                2.0879679115342085e-14,
                4.752193062516867e-13,
                0.9999999999949647,
                4.508755242053566e-12,
                3.037975385280569e-14
            ],
            [
                2.4133627227705638e-12,
                1.081594133740215e-11,
                2.4133627227705638e-12,
                1.9555680690291724e-08,
                0.9999999804286768
            ],
            [
                1.8795288134765145e-12,
                8.423463740743167e-12,
                1.6586783562115238e-12,
                7.582560415556622e-10,
                0.9999999992297823
            ]
        ],
        [
            [
                0.9999999992417439,
                7.582560419444025e-10,
                0.0,
                0.0,
                0.0
            ],
            [
                0.9999417087148641,
                5.829127671298473e-05,
                8.422966304304612e-12,
                0.0,
                0.0
            ],
            [
                3.266131168634942e-13,
                9.056076506796237e-11,
                0.9999999467497993,
                5.3157849709828744e-08,
                1.4637784360761709e-12
            ],
            [
                6.560200035851331e-12,
                1.225606719692597e-11,
                2.4133627231618634e-12,
                1.955568069346246e-08,
                0.9999999804230897
            ],
            [
                9.545034910025638e-12,
                1.225606742764471e-11,
                1.6586783566873199e-12,
                8.592166607638422e-10,
                0.9999999991173236
            ]
        ],
        [
            [
                0.9999999995941349,
                4.058652124049282e-10,
                0.0,
                0.0,
                0.0
            ],
            [
                0.9980732654349166,
                0.001926734345165095,
                2.168254869893825e-10,
                3.0928494638492267e-12,
                0.0
            ],
            [
                2.2447773404439657e-13,
                5.492789049361716e-11,
                0.9999998144040291,
                1.8553915985286503e-07,
                1.6586785698148809e-12
            ],
            [
                1.8795288137791285e-12,
                3.978962529994415e-12,
                1.1399918513703581e-12,
                3.581747925023638e-10,
                0.9999999996348268
            ],
            [
                9.545034913062576e-12,
                1.573710209074162e-11,
                2.7346982887904158e-12,
                4.05865212231796e-10,
                0.999999999566118
            ]
        ],
        [
            [
                0.9999999994094697,
                5.905303991968015e-10,
                0.0,
                0.0,
                0.0
            ],
            [
                0.9999997617621279,
                2.3823698428556788e-07,
                8.87826613194268e-13,
                0.0,
                0.0
            ],
            [
                7.287724054437268e-14,
                2.0206838975480177e-11,
                0.9999999943765536,
                5.602796405722493e-09,
                3.701011657576943e-13
            ],
            [
                7.05287983658676e-11,
                3.775134536504211e-11,
                3.97896252764257e-12,
                9.736200292957867e-10,
                0.9999999989141208
            ],
            [
                3.978962530757642e-12,
                1.0815941543477914e-11,
                2.1297851682368724e-12,
                5.905303991405248e-10,
                0.9999999993925448
            ]
        ],
        [
            [
                0.999999998896608,
                1.1032560306783244e-09,
                1.3615261060345971e-13,
                0.0,
                0.0
            ],
            [
                0.999999495652185,
                5.04347204735294e-07,
                6.10193695769696e-13,
                0.0,
                0.0
            ],
            [
                1.201540442181379e-13,
                2.940072524909674e-11,
                0.9999986290072641,
                1.3709566549196321e-06,
                6.5601885333109406e-12
            ],
            [
                6.914400090716881e-13,
                4.50875523171589e-12,
                1.0060392769228375e-12,
                1.818961683285199e-09,
                0.999999998174832
            ],
            [
                5.789356318384113e-12,
                8.42346373941452e-12,
                1.658678355949898e-12,
                1.2501528641525122e-09,
                0.9999999987339756
            ]
        ],
        [
            [
                0.9999999999377585,
                6.224144620783516e-11,
                0.0,
                0.0,
                0.0
            ],
            [
                0.9999989322938254,
                1.067703075673831e-06,
                3.098813471646738e-12,
                0.0,
                0.0
            ],
            [
                1.2015426704600353e-13,
                4.847369098737311e-11,
                0.9999998874145637,
                1.12535183830666e-07,
                1.6586784932090724e-12
            ],
            [
                2.129785164188297e-12,
                6.560200147308448e-12,
                1.13999184942198e-12,
                2.6465736304995105e-09,
                0.9999999973435965
            ],
            [
                3.098819126705914e-12,
                1.3887943811112442e-11,
                2.4133627624752126e-12,
                2.998960813228604e-09,
                0.9999999969816391
            ]
        ],
        [
            [
                0.9999999981810384,
                1.8189616837366705e-09,
                0.0,
                0.0,
                0.0
            ],
            [
                0.9999997617611363,
                2.3823698428533164e-07,
                1.8795289548795764e-12,
                0.0,
                0.0
            ],
            [
                1.2664165546700863e-14,
                3.978962535085283e-12,
                0.9999999998267541,
                1.6918979222953905e-10,
                6.431393940236576e-14
            ],
            [
                1.879528815055151e-12,
                4.5087552387350565e-12,
                8.878265471450059e-13,
                1.9171715122446598e-10,
                0.9999999998010067
            ],
            [
                1.4637785124969471e-12,
                5.10908902237769e-12,
                8.878265468579506e-13,
                2.461696949075892e-10,
                0.9999999997463696
            ]
        ],
        [
            [
                0.9999999999200804,
                7.991959889069977e-11,
                0.0,
                0.0,
                0.0
            ],
            [
                0.9996646499162642,
                0.0003353500577984054,
                2.5937387987362636e-11,
                0.0,
                0.0
            ],
            [
                1.139989830978718e-12,
                2.1724360817039864e-10,
                0.9999986288204531,
                1.3709566546392862e-06,
                4.5087472448700906e-12
            ],
            [
                1.1399918349978565e-12,
                7.433680554674233e-12,
                1.291779984336634e-12,
                1.5229979503616334e-08,
                0.9999999847601551
            ],
            [
                3.5114221078351456e-12,
                9.545034907777634e-12,
                1.8795288135730038e-12,
                1.1032560306025085e-09,
                0.999999998881808
            ]
        ],
        [
            [
                0.9999999998082829,
                1.917171512854936e-10,
                0.0,
                0.0,
                0.0
            ],
            [
                0.9914225136892627,
                0.00857748571790277,
                5.854645894787385e-10,
                7.369911530266587e-12,
                0.0
            ],
            [
                2.1297852148982155e-12,
                2.0611536649649595e-09,
                0.999999350336994,
                6.475946133509744e-07,
                5.109089133475736e-12
            ],
            [
                1.6586783563955614e-12,
                6.560200158192246e-12,
                1.1399918513133006e-12,
                1.1032560306682818e-09,
                0.9999999988873851
            ],
            [
                1.46377851173774e-12,
                4.508755234938747e-12,
                1.1399918511844474e-12,
                1.1032560305435808e-09,
                0.9999999988896315
            ]
        ],
        [
            [
                0.9999999999622486,
                3.7751345432067434e-11,
                0.0,
                0.0,
                0.0
            ],
            [
                0.9999999317432664,
                6.825604225317156e-08,
                6.914400966967206e-13,
                0.0,
                0.0
            ],
            [
                1.3615261057829558e-13,
                1.7832472877934606e-11,
                0.9999999983763284,
                1.6052280524660337e-09,
                4.752193054719985e-13
            ],
            [
                1.463778510336209e-12,
                8.42346373266043e-12,
                1.879528811673012e-12,
                1.8189616828437821e-09,
                0.9999999981692715
            ],
            [
                1.463778512017503e-12,
                4.508755235800478e-12,
                8.878265465671531e-13,
                9.73620029898568e-10,
                0.9999999990195196
            ]
        ],
        [
            [
                0.9999999995400946,
                4.599055375404234e-10,
                0.0,
                0.0,
                0.0
            ],
            [
                0.9999998874631576,
                1.125351837464051e-07,
                1.6586784919671343e-12,
                0.0,
                0.0
            ],
            [
                1.8426252146191195e-14,
                6.914400106548284e-13,
                0.9999999999917921,
                7.433680671930835e-12,
                6.431393941087459e-14
            ],
            [
                3.7010116722540306e-13,
                1.8795288133200558e-12,
                3.7010116722540306e-13,
                1.2501528642456333e-09,
                0.9999999987472274
            ],
            [
                1.1399918461256968e-12,
                4.508755214931e-12,
                6.914400064976418e-13,
                5.60279640353366e-09,
                0.9999999943908633
            ]
        ],
        [
            [
                0.9999999997210531,
                2.789468091403096e-10,
                0.0,
                0.0,
                0.0
            ],
            [
                0.0600866434011116,
                0.9399131819111023,
                1.7439069075881177e-07,
                2.9709543298039673e-10,
                0.0
            ],
            [
                1.5737102881619805e-11,
                2.510999279363561e-08,
                0.9999997366321826,
                2.3823697847888087e-07,
                5.1090892795900656e-12
            ],
            [
                7.433680659493619e-12,
                1.0815941538576583e-11,
                1.4637785115939062e-12,
                1.2501528642242635e-09,
                0.9999999987301338
            ],
            [
                1.6586783423138444e-12,
                8.423463670164926e-12,
                2.4133627476797936e-12,
                9.23744956952034e-09,
                0.9999999907500549
            ]
        ],
        [
            [
                0.9999999998308102,
                1.6918979217933803e-10,
                0.0,
                0.0,
                0.0
            ],
            [
                0.7310585889533961,
                0.26894140909283404,
                1.9348016558357006e-09,
                1.8968127996550077e-11,
                0.0
            ],
            [
                1.7482340351389278e-13,
                7.052879475390335e-11,
                0.9999999467706631,
                5.3157849712412995e-08,
                7.835041367675144e-13
            ],
            [
                1.8795287903909242e-12,
                8.423463637280729e-12,
                1.4637784937617023e-12,
                1.3440409764150937e-08,
                0.9999999865478235
            ],
            [
                2.0206839065581588e-11,
                1.5737102087672795e-11,
                2.413362768890316e-12,
                5.905303991743006e-10,
                0.9999999993711124
            ]
        ],
        [
            [
                0.999999999868235,
                1.3176514264682133e-10,
                0.0,
                0.0,
                0.0
            ],
            [
                0.9999996072124905,
                3.927863695247119e-07,
                1.1399918965112704e-12,
                0.0,
                0.0
            ],
            [
                2.413275603863003e-12,
                6.691344398670404e-10,
                0.999964643033207,
                3.535625749527385e-05,
                3.774998190632087e-11
            ],
            [
                1.879528803911875e-12,
                8.423463697877427e-12,
                1.0060392725244595e-12,
                6.348800073390639e-09,
                0.9999999936398909
            ],
            [
                1.879528809017432e-12,
                9.545034884642533e-12,
                1.6586783522763974e-12,
                3.3982678058956068e-09,
                0.999999996588649
            ]
        ],
        [
            [
                0.9999999985833912,
                1.4166087835616692e-09,
                0.0,
                0.0,
                0.0
            ],
            [
                0.9999999881385099,
                1.1861120000461998e-08,
                3.701011631513188e-13,
                0.0,
                0.0
            ],
            [
                3.0988074477046586e-12,
                8.592134203223727e-10,
                0.9999962724877594,
                3.7266391124113396e-06,
                1.0815900751626258e-11
            ],
            [
                1.1399918469359929e-12,
                5.789356297709828e-12,
                1.006039273892706e-12,
                4.944450475445038e-09,
                0.9999999950476142
            ],
            [
                5.109089021544118e-12,
                9.545034910661147e-12,
                1.6586783567977547e-12,
                6.691586082754306e-10,
                0.9999999993145285
            ]
        ],
        [
            [
                0.9999999973534264,
                2.646573631067452e-09,
                0.0,
                0.0,
                0.0
            ],
            [
                0.9999994956516552,
                5.04347204734862e-07,
                1.1399919053713857e-12,
                0.0,
                0.0
            ],
            [
                4.507242197790782e-12,
                9.732933046639531e-10,
                0.999664648609519,
                0.0003353500546259153,
                3.5805459701568144e-10
            ],
            [
                1.6586783445110213e-12,
                7.43368060780148e-12,
                1.291779993568765e-12,
                8.15202064368172e-09,
                0.9999999918375954
            ],
            [
                1.0060392779192206e-12,
                5.1090890211358725e-12,
                1.0060392779192206e-12,
                5.905303990936993e-10,
                0.9999999994023485
            ]
        ],
        [
            [
                0.9999999996418252,
                3.581747927867109e-10,
                0.0,
                0.0,
                0.0
            ],
            [
                0.9999869928657072,
                1.3007124747746895e-05,
                9.544908040461704e-12,
                0.0,
                0.0
            ],
            [
                2.2447772282074607e-13,
                9.05607768835702e-11,
                0.9999991683788111,
                8.315279902494601e-07,
                2.413362958026234e-12
            ],
            [
                2.4133627233337397e-12,
                1.3887943585868817e-11,
                3.098819076447268e-12,
                1.9555680694855187e-08,
                0.9999999804249193
            ],
            [
                7.835041771534971e-13,
                6.560200156825736e-12,
                1.0060392775461052e-12,
                8.592166604337301e-10,
                0.9999999991324335
            ]
        ],
        [
            [
                0.9999999985833912,
                1.416608784240939e-09,
                0.0,
                0.0,
                0.0
            ],
            [
                0.9999999804436279,
                1.9555680686372516e-08,
                6.914399964987623e-13,
                0.0,
                0.0
            ],
            [
                1.3615261062696853e-13,
                3.77513453923283e-11,
                0.9999999987117616,
                1.250152864715648e-09,
                1.9810087954009412e-13
            ],
            [
                1.879528806466706e-12,
                5.789356297705546e-12,
                1.0060392738919619e-12,
                4.944450475441381e-09,
                0.9999999950468745
            ],
            [
                1.1399918511510623e-12,
                3.0988191335753214e-12,
                5.384940208810752e-13,
                1.2501528643104946e-09,
                0.9999999987450698
            ]
        ],
        [
            [
                0.999999998394772,
                1.6052280518702411e-09,
                0.0,
                0.0,
                0.0
            ],
            [
                0.99999993174307,
                6.825604224432939e-08,
                8.87826658160606e-13,
                0.0,
                0.0
            ],
            [
                1.4637785707893379e-12,
                3.1608815766726285e-10,
                0.9999996068821905,
                3.927863697530147e-07,
                1.3887944402571667e-11
            ],
            [
                1.879528888992266e-12,
                1.2256067916553584e-11,
                1.6586784228539407e-12,
                3.9278636968946345e-07,
                0.9999996071978361
            ],
            [
                1.5737102090561607e-11,
                2.02068390692909e-11,
                3.511422109739202e-12,
                4.0586521222715343e-10,
                0.9999999995546793
            ]
        ],
        [
            [
                0.9999999998308102,
                1.6918979218567257e-10,
                0.0,
                0.0,
                0.0
            ],
            [
                0.22270014186018178,
                0.7772998476442013,
                1.044723637956165e-08,
                4.8380302663762085e-11,
                0.0
            ],
            [
                1.5428112005284217e-13,
                1.7832472877360907e-11,
                0.9999999983762469,
                1.605228052414391e-09,
                5.384940208457626e-13
            ],
            [
                6.560200162006503e-12,
                9.545034913896394e-12,
                1.1399918519761189e-12,
                4.5990553743427434e-10,
                0.9999999995228492
            ],
            [
                1.225606741115936e-11,
                2.020683903591309e-11,
                3.511422103939009e-12,
                2.0611536168988813e-09,
                0.999999997902872
            ]
        ],
        [
            [
                0.9999999997210531,
                2.7894680910912634e-10,
                0.0,
                0.0,
                0.0
            ],
            [
                0.9999998874633524,
                1.1253518374643624e-07,
                1.4637786315450889e-12,
                0.0,
                0.0
            ],
            [
                4.508746985643354e-12,
                2.6465687923749953e-09,
                0.9999977370141097,
                2.2603252677561197e-06,
                9.545017443509328e-12
            ],
            [
                2.734698282880656e-12,
                1.2256067405058511e-11,
                2.734698282880656e-12,
                2.6465736304786147e-09,
                0.999999997335701
            ],
            [
                2.7346982700420097e-12,
                1.2256067347519689e-11,
                1.879528801728092e-12,
                7.194132973634451e-09,
                0.9999999927889968
            ]
        ],
        [
            [
                0.9999999995941349,
                4.0586521231804533e-10,
                0.0,
                0.0,
                0.0
            ],
            [
                0.999999990762296,
                9.23744957182109e-09,
                2.54366562255295e-13,
                0.0,
                0.0
            ],
            [
                1.4637703260334498e-12,
                4.058629423164673e-10,
                0.9999938554131155,
                6.144172124256756e-06,
                7.433639089787564e-12
            ],
            [
                7.835041772788183e-13,
                2.413362768051876e-12,
                4.752193055325257e-13,
                1.1032560306149354e-09,
                0.9999999988930719
            ],
            [
                3.331544538744723e-11,
                1.0815941546177097e-11,
                1.8795288146086985e-12,
                4.599055373928821e-10,
                0.9999999994940836
            ]
        ],
        [
            [
                0.9999999995941349,
                4.0586521224297424e-10,
                0.0,
                0.0,
                0.0
            ],
            [
                0.9999977396723152,
                2.2603252713721326e-06,
                2.4133583562269845e-12,
                0.0,
                0.0
            ],
            [
                1.9810086923058513e-13,
                1.4930945964981228e-10,
                0.9999999466921043,
                5.31578497067618e-08,
                5.384939930314411e-13
            ],
            [
                7.835041735847511e-13,
                7.433680625656513e-12,
                1.4637785049309854e-12,
                5.602796402342541e-09,
                0.9999999943875226
            ],
            [
                3.098819114948284e-12,
                1.2256067350073302e-11,
                2.413362753318361e-12,
                7.194132975133386e-09,
                0.9999999927880987
            ]
        ],
        [
            [
                0.9999999999515263,
                4.847368704298233e-11,
                0.0,
                0.0,
                0.0
            ],
            [
                0.9999996940965012,
                3.0590235878320783e-07,
                1.1399919957057892e-12,
                0.0,
                0.0
            ],
            [
                1.542811201078747e-13,
                1.573710208530828e-11,
                0.9999999987329498,
                1.2501528646744469e-09,
                1.006039277905376e-12
            ],
            [
                1.4637785100978548e-12,
                7.43368065189604e-12,
                1.4637785100978548e-12,
                2.3355930323722066e-09,
                0.9999999976540457
            ],
            [
                2.4133627604309152e-12,
                9.545034877743662e-12,
                2.7346982786713776e-12,
                3.850741904574202e-09,
                0.9999999961345649
            ]
        ],
        [
            [
                0.9999999994788586,
                5.211412483718462e-10,
                0.0,
                0.0,
                0.0
            ],
            [
                0.9046505261863435,
                0.09534946983209518,
                3.947409582314948e-09,
                3.415178454806667e-11,
                0.0
            ],
            [
                7.287724091270288e-14,
                2.289734844216173e-11,
                0.9999999994556639,
                5.211412484635286e-10,
                2.244777053619659e-13
            ],
            [
                3.9789626238943206e-12,
                2.289734896318904e-11,
                5.789356456852948e-12,
                6.47594614321287e-07,
                0.99999935237272
            ],
            [
                3.978962529192058e-12,
                8.423463740400796e-12,
                1.658678356144107e-12,
                1.2501528642988882e-09,
                0.9999999987357859
            ]
        ],
        [
            [
                0.9999999999771028,
                2.2897348449540985e-11,
                0.0,
                0.0,
                0.0
            ],
            [
                0.731058581244942,
                0.26894140604223843,
                1.261649146120956e-08,
                9.632810101777718e-11,
                0.0
            ],
            [
                3.098801800028279e-12,
                1.8189515099925425e-09,
                0.9999938539829372,
                6.1441721153310266e-06,
                2.2897220339876233e-11
            ],
            [
                1.0815941519607312e-11,
                1.2256067401404284e-11,
                1.6586783531360643e-12,
                2.9989608144101364e-09,
                0.9999999969763085
            ],
            [
                2.4133627610846565e-12,
                8.423463716952496e-12,
                1.658678351526863e-12,
                3.850741905617306e-09,
                0.9999999961367625
            ]
        ],
        [
            [
                0.9999999998082829,
                1.9171715129183198e-10,
                0.0,
                0.0,
                0.0
            ],
            [
                0.9999986290414672,
                1.3709566533379489e-06,
                1.879525480932376e-12,
                0.0,
                0.0
            ],
            [
                1.0603575962195169e-13,
                1.5737102063335284e-11,
                0.9999999973366955,
                2.6465736315888975e-09,
                8.878265453903057e-13
            ],
            [
                1.6586783462035383e-12,
                6.560200117882013e-12,
                8.878265410424222e-13,
                7.194132975195697e-09,
                0.9999999927967602
            ],
            [
                1.6586783553603455e-12,
                5.109089017116586e-12,
                7.835041768277021e-13,
                1.8189616836557368e-09,
                0.9999999981734871
            ]
        ],
        [
            [
                0.9999999973534264,
                2.6465736312528504e-09,
                0.0,
                0.0,
                0.0
            ],
            [
                0.9999998144593765,
                1.8553915973553376e-07,
                1.4637786993194144e-12,
                0.0,
                0.0
            ],
            [
                2.413252519208196e-12,
                7.582214024461379e-10,
                0.9999546013351923,
                4.539785570155611e-05,
                4.847147257953188e-11
            ],
            [
                3.5114221064329953e-12,
                9.545034903966194e-12,
                1.879528812822487e-12,
                1.103256030161966e-09,
                0.999999998881808
            ],
            [
                1.463778511303048e-12,
                6.560200155502594e-12,
                1.1399918508459092e-12,
                1.2501528639758535e-09,
                0.9999999987406831
            ]
        ],
        [
            [
                0.9999999990263799,
                9.736200297011964e-10,
                0.0,
                0.0,
                0.0
            ],
            [
                0.9996646498802452,
                0.0003353500575342471,
                6.222055928217582e-11,
                0.0,
                0.0
            ],
            [
                8.878249242314844e-13,
                2.17243596222537e-10,
                0.9999977394508058,
                2.260325273399369e-06,
                5.789345741434297e-12
            ],
            [
                8.878265471145433e-13,
                3.978962532559231e-12,
                8.878265471145433e-13,
                4.599055374863454e-10,
                0.9999999995343398
            ],
            [
                2.41336276216973e-12,
                1.0815941513976962e-11,
                2.1297851624277905e-12,
                3.3982678058878726e-09,
                0.9999999965863731
            ]
        ],
        [
            [
                0.9999999999705993,
                2.940077738377554e-11,
                0.0,
                0.0,
                0.0
            ],
            [
                0.9999999895322281,
                1.0467401678990616e-08,
                3.701011637664936e-13,
                0.0,
                0.0
            ],
            [
                1.2015427003784583e-13,
                5.492788932448609e-11,
                0.9999999123008018,
                8.764249147270592e-08,
                1.6586785345101814e-12
            ],
            [
                2.734698248627658e-12,
                1.5737101859620907e-11,
                2.413362733917426e-12,
                1.5229979505437918e-08,
                0.9999999847491352
            ],
            [
                1.2917800003762625e-12,
                6.560200145759304e-12,
                1.0060392758490129e-12,
                2.646573629874541e-09,
                0.9999999973445683
            ]
        ],
        [
            [
                0.9999999997210531,
                2.7894680910912634e-10,
                0.0,
                0.0,
                0.0
            ],
            [
                0.9999999936508297,
                6.348800072423829e-09,
                3.7010116531646267e-13,
                0.0,
                0.0
            ],
            [
                5.675685220587556e-14,
                1.78324728703016e-11,
                0.9999999979205376,
                2.061153618064295e-09,
                4.193795649479303e-13
            ],
            [
                1.573710209183053e-11,
                1.0815941546954107e-11,
                1.6586783573298312e-12,
                4.0586521225987944e-10,
                0.999999999565923
            ],
            [
                4.752193655978225e-13,
                5.789357051404809e-12,
                1.1399919953473344e-12,
                6.825604228361743e-08,
                0.9999999317365531
            ]
        ],
        [
            [
                0.9999999999094393,
                9.056076985988993e-11,
                0.0,
                0.0,
                0.0
            ],
            [
                0.9999998554995551,
                1.444980315268478e-07,
                2.413362887340896e-12,
                0.0,
                0.0
            ],
            [
                2.0879679115228233e-14,
