{
    "[['A', 'B', 'C', 'D', 'E'], ['A', 'B', 'C', 'D', 'E']]": [
        [
            [
                0.9999999997532565,
                2.461696950673188e-10,
                1.5428112024760425e-13,
                0.0,
                4.193795656433676e-13
            ],
            [
                0.999999997938106,
                2.061153616625795e-09,
                3.701011668155264e-13,
                0.0,
                3.701011668155264e-13
            ],
            [
                1.2015425726664984e-13,
                1.7832472900567224e-11,
                0.9999999996234532,
                3.5817479287608647e-10,
                4.1937956565970955e-13
            ],
            [
                2.789468000812355e-10,
                1.917171450488819e-10,
                4.2777877277956767e-11,
                3.2241866308538066e-08,
                0.999999967244692
            ],
            [
                1.0815941549001009e-11,
                1.3887943854326276e-11,
                2.413362769984651e-12,
                4.5990553751295793e-10,
                0.9999999995129771
            ]
        ],
        [
            [
                0.9999999985823615,
                1.4166087843272073e-09,
                4.1937956515231816e-13,
                0.0,
                6.101936667629374e-13
            ],
            [
                0.999999997937626,
                2.0611536166248058e-09,
                6.101936660394017e-13,
                0.0,
                6.101936660394017e-13
            ],
            [
                7.287724093582455e-14,
                7.433680670070144e-12,
                0.9999999997132198,
                2.7894680920125937e-10,
                3.266131341784787e-13
            ],
            [
                5.789356552720685e-12,
                4.847368893814815e-11,
                2.940077853035998e-11,
                3.9278636974499695e-07,
                0.9999996071299664
            ],
            [
                8.423463732143356e-12,
                2.2897348395769098e-11,
                4.508755230344958e-12,
                2.3355930326091525e-09,
                0.9999999976285774
            ]
        ],
        [
            [
                0.9999999999092413,
                9.05607698560729e-11,
                0.0,
                0.0,
                1.9810087971596383e-13
            ],
            [
                0.9890130546791408,
                0.010986942337638179,
                2.966012743429044e-09,
                1.3735363977443898e-11,
                3.4728438762879903e-12
            ],
            [
                1.748234125343644e-13,
                4.277787861805855e-11,
                0.9999999983514491,
                1.6052280524976622e-09,
                3.7010116723953395e-13
            ],
            [
                4.277787828072038e-11,
                7.052879783684472e-11,
                1.7832472737662494e-11,
                9.237449573657751e-09,
                0.9999999906314113
            ],
            [
                3.581747811048888e-10,
                1.9171714499367937e-10,
                3.775134418607077e-11,
                3.224186629925443e-08,
                0.9999999671704904
            ]
        ],
        [
            [
                0.9999999999199443,
                7.991959889787007e-11,
                0.0,
                0.0,
                1.3615261075501302e-13
            ],
            [
                0.9999982396179767,
                1.7603431320609928e-06,
                3.7751277244351434e-11,
                0.0,
                1.1399897936299277e-12
            ],
            [
                1.5428112022177776e-13,
                2.0206839077463847e-11,
                0.9999999993888204,
                5.90530399521551e-10,
                2.8823507916245097e-13
            ],
            [
                1.9171714750589492e-10,
                1.4930946460580702e-10,
                4.277787782619048e-11,
                1.9555680693106266e-08,
                0.9999999800605148
            ],
            [
                3.16088144110018e-10,
                1.691897915542447e-10,
                1.7832472833600853e-11,
                3.3982678052892065e-09,
                0.9999999960986217
            ]
        ],
        [
            [
                0.9999999999769666,
                2.2897348450951674e-11,
                0.0,
                0.0,
                1.3615261077623825e-13
            ],
            [
                0.9914225087719769,
                0.00857748563079692,
                5.554733351754532e-09,
                3.302965186677721e-11,
                9.463153698453804e-12
            ],
            [
                2.8823507802551687e-13,
                1.317651420980165e-10,
                0.9999999955040648,
                4.363462232977132e-09,
                4.1937956391893446e-13
            ],
            [
                3.7751347277439584e-11,
                1.0261880130411087e-10,
                1.7832473774773028e-11,
                1.4449803163327286e-07,
                0.9999998553437658
            ],
            [
                1.8189616586145767e-09,
                2.789468048490345e-10,
                5.492788263568079e-11,
                1.344040973730705e-08,
                0.999999984406754
            ]
        ],
        [
            [
                0.9999999998075915,
                1.9171715122566578e-10,
                0.0,
                0.0,
                6.914400101524392e-13
            ],
            [
                0.9999724642807998,
                2.7535689800200788e-05,
                2.9399994456754497e-11,
                0.0,
                0.0
            ],
            [
                6.101936660109699e-13,
                1.0261879602278773e-10,
                0.9999999972490574,
                2.6465736313207954e-09,
                1.1399918497757423e-12
            ],
            [
                9.545035930434352e-12,
                6.224145279941425e-11,
                2.02068412232981e-11,
                8.764249144615893e-08,
                0.9999999122655153
            ],
            [
                6.22414458046344e-11,
                7.991959838454318e-11,
                1.2256067360521617e-11,
                6.348800072749274e-09,
                0.9999999934967827
            ]
        ],
        [
            [
                0.9999999999739337,
                2.5946094977112367e-11,
                0.0,
                0.0,
                1.2015425729154253e-13
            ],
            [
                0.9999998144599525,
                1.8553915973564062e-07,
                8.878266601720162e-13,
                0.0,
                0.0
            ],
            [
                2.882350934639595e-13,
                7.052880196605441e-11,
                0.9999998554284165,
                1.4449803168932333e-07,
                2.7346984255541576e-12
            ],
            [
                6.224145411721966e-11,
                6.224145411721966e-11,
                1.2256068997366705e-11,
                1.8553915977581722e-07,
                0.9999998143241012
            ],
            [
                4.05865262984083e-10,
                4.05865262984083e-10,
                6.224145394843221e-11,
                6.825604222864868e-08,
                0.9999999308699858
            ]
        ],
        [
            [
                0.9999999998970066,
                1.0261879627782465e-10,
                1.2015425727182613e-13,
                0.0,
                2.5436656464053945e-13
            ],
            [
                0.6791787115290077,
                0.32082128735511606,
                1.0902363953322666e-09,
                2.563990246839572e-11,
                0.0
            ],
            [
                2.2447770520379036e-13,
                2.2897348426027384e-11,
                0.999999998726034,
                1.250152864725422e-09,
                6.914400097751699e-13
            ],
            [
                1.6918980580936353e-10,
                2.789468316235217e-10,
                3.331544808939405e-11,
                1.1253518373049851e-07,
                0.9999998869833642
            ],
            [
                2.940077732815092e-11,
                2.940077732815092e-11,
                6.560200153718639e-12,
                1.818961683550582e-09,
                0.9999999981156766
            ]
        ],
        [
            [
                0.9999999995939104,
                4.0586521229609206e-10,
                0.0,
                0.0,
                2.2447770530770083e-13
            ],
            [
                0.9999999804406821,
                1.9555680686314908e-08,
                3.0988190750939644e-12,
                0.0,
                5.384940107185392e-13
            ],
            [
                1.2015425705964748e-13,
                3.775134536170768e-11,
                0.9999999979006482,
                2.0611536180115596e-09,
                3.266131335772367e-13
            ],
            [
                1.783247245656919e-11,
                3.775134448680204e-11,
                8.423463541158683e-12,
                2.5109990921571775e-08,
                0.9999999748260018
            ],
            [
                1.3175736126886034e-10,
                5.211104726279067e-10,
                2.1723116409529124e-10,
                5.829127671196822e-05,
                0.999941707853189
            ]
        ],
        [
            [
                0.9999999996407871,
                3.581747928309889e-10,
                2.5436656459755413e-13,
                0.0,
                7.83504178074783e-13
            ],
            [
                0.999841562478348,
                0.0001584362464189818,
                1.2499550124016854e-09,
                1.5734611492755772e-11,
                9.543524289023141e-12
            ],
            [
                1.7482341119344556e-13,
                2.5946094740308006e-11,
                0.9999999907352896,
                9.237449575650044e-09,
                1.1399918423915533e-12
            ],
            [
                1.0815942360652246e-11,
                3.775134824681577e-11,
                8.423464380131149e-12,
                2.382369844455077e-07,
                0.9999997617060249
            ],
            [
                1.3176515244482428e-10,
                1.493094786609672e-10,
                7.052880372663918e-11,
                2.3823698436751136e-07,
                0.9999997614114122
            ]
        ],
        [
            [
                0.9999999998972064,
                1.0261879627783427e-10,
                0.0,
                0.0,
                1.7482341276034998e-13
            ],
            [
                0.9999999530856221,
                4.691163797183965e-08,
                2.1297850689646374e-12,
                0.0,
                6.101936385395793e-13
            ],
            [
                6.914400066684295e-13,
                1.6918979127648347e-10,
                0.9999999942264346,
                5.602796404917568e-09,
                8.87826542677005e-13
            ],
            [
                5.905303877041904e-10,
                1.9171714741824831e-10,
                2.5946094447164067e-11,
                1.9555680684166068e-08,
                0.9999999796361256
            ],
            [
                3.160881414777503e-10,
                1.4930946575215905e-10,
                1.225606729080104e-11,
                1.1861120002985374e-08,
                0.9999999876612263
            ]
        ],
        [
            [
                0.9999999999377585,
                6.224144620550972e-11,
                0.0,
                0.0,
                0.0
            ],
            [
                0.999999989529777,
                1.0467401673600404e-08,
                2.1297851463067613e-12,
                0.0,
                6.914400026916539e-13
            ],
            [
                2.5436656429730513e-13,
                7.052879838901445e-11,
                0.9999999983236187,
                1.6052280524064657e-09,
                3.701011672185077e-13
            ],
            [
                4.8473690965647764e-11,
                1.1628233966488854e-10,
                3.775134848240777e-11,
                1.1253518378022906e-07,
                0.9999998872623088
            ],
            [
                1.3176514239090064e-10,
                7.052879834516164e-11,
                1.5737102069832228e-11,
                1.8189616832728819e-09,
                0.9999999979630072
            ]
        ],
        [
            [
                0.9999999999569678,
                4.2777878672522055e-11,
                0.0,
                0.0,
                2.5436656463560807e-13
            ],
            [
                0.9996646494750412,
                0.00033535005659014386,
                4.5975120295474603e-10,
                5.107374522077009e-12,
                3.510243751793694e-12
            ],
            [
                5.6756852303311333e-14,
                1.3887943859332218e-11,
                0.999999999627798,
                3.58174792883072e-10,
                8.258073282207127e-14
            ],
            [
                1.9171714328615114e-10,
                2.1724398434109324e-10,
                2.940077615225211e-11,
                4.139937544096719e-08,
                0.9999999581622627
            ],
            [
                2.789468077091499e-10,
                6.224144587703587e-11,
                1.2256067374778313e-11,
                4.944450473972488e-09,
                0.9999999947021052
            ]
        ],
        [
            [
                0.9999999998502154,
                1.4930946755010844e-10,
                0.0,
                0.0,
                4.752193060555684e-13
            ],
            [
                0.997527374367546,
                0.002472622965723826,
                2.640029436814703e-09,
                2.015687349064406e-11,
                6.543978712967706e-12
            ],
            [
                1.3615261067012389e-13,
                2.2897348433105982e-11,
                0.9999999990031483,
                9.736200303081086e-10,
                1.981008796028848e-13
            ],
            [
                4.508755218291309e-12,
                1.3887943791027986e-11,
                2.7346982770330062e-12,
                4.944450475615592e-09,
                0.999999995034418
            ],
            [
                5.211412203940033e-10,
                3.581747735128417e-10,
                9.056076496244351e-11,
                5.315784964789071e-08,
                0.9999999458722736
            ]
        ],
        [
            [
                0.9999999993280202,
                6.691586086018058e-10,
                6.914400101489843e-13,
                0.0,
                2.1297851692769563e-12
            ],
            [
                0.9999999123526419,
                8.76424914150422e-08,
                3.978962954452098e-12,
                0.0,
                8.878266412515661e-13
            ],
            [
                1.0603575989199837e-13,
                6.560200166715965e-12,
                0.9999999998236055,
                1.6918979222443134e-10,
                5.384940216573806e-13
            ],
            [
                8.423464813407582e-12,
                6.224145405363701e-11,
                1.783247514992013e-11,
                3.0590235895772547e-07,
                0.9999996940091437
            ],
            [
                1.9171715002299767e-10,
                1.317651417711667e-10,
                2.594609479967856e-11,
                6.348800071243987e-09,
                0.9999999933017716
            ]
        ],
        [
            [
                0.9999999994750683,
                5.211412484153787e-10,
                6.914400101985006e-13,
                0.0,
                3.098819136501061e-12
            ],
            [
                0.9997965698844152,
                0.00020342706365291202,
                2.998349098876385e-09,
                4.276915288720989e-11,
                1.0813735328913556e-11
            ],
            [
                1.5428112024846433e-13,
                2.940077737936703e-11,
                0.9999999996121158,
                3.5817479286412616e-10,
                1.5428112024846433e-13
            ],
            [
                7.433680274367512e-12,
                7.991959465080082e-11,
                1.3887943121430757e-11,
                5.31578496982771e-08,
                0.9999999467409091
            ],
            [
                1.4166089637277184e-09,
                4.058652633831344e-10,
                9.056078121736343e-11,
                1.855391594550932e-07,
                0.9999998125478056
            ]
        ],
        [
            [
                0.9999999991385145,
                8.592166606698147e-10,
                6.101936668745215e-13,
                0.0,
                1.658678356505804e-12
            ],
            [
                0.9999832985691731,
                1.670141509001704e-05,
                1.5736832907113352e-11,
                0.0,
                0.0
            ],
            [
                1.5428112020702876e-13,
                1.3887943854867698e-11,
                0.9999999993157931,
                6.691586086428101e-10,
                1.0060392785519418e-12
            ],
            [
                7.991929745756247e-11,
                9.056042828422445e-11,
                4.8473504210705554e-11,
                3.7266391144318126e-06,
                0.9999962731419323
            ],
            [
                2.335593219947159e-09,
                5.90530445695746e-10,
                7.052880398131183e-11,
                1.1253518344744996e-07,
                0.999999884468164
            ]
        ],
        [
            [
                0.9999999979346479,
                2.0611536166186677e-09,
                1.463778509992772e-12,
                0.0,
                2.734698283870158e-12
            ],
            [
                0.9999998874620762,
                1.1253518377656174e-07,
                2.129785342369824e-12,
                0.0,
                6.101937168714767e-13
            ],
            [
                1.7482341221735203e-13,
                3.3315445305465646e-11,
                0.9999999965671018,
                3.3982678076425043e-09,
                1.1399918490682622e-12
            ],
            [
                3.58174782509269e-10,
                1.0261879330326086e-10,
                4.847368563910406e-11,
                2.8453347254202424e-08,
                0.9999999710373855
            ],
            [
                7.582561367594154e-10,
                2.1724402043024886e-10,
                4.8473693069890184e-11,
                6.825604222209873e-08,
                0.9999999307199839
            ]
        ],
        [
            [
                0.9999999999902802,
                9.545034920673237e-12,
                0.0,
                0.0,
                1.7482341278740854e-13
            ],
            [
                0.9999921106763253,
                7.889265042106982e-06,
                5.4927467267509773e-11,
                1.291770215711554e-12,
                2.4133444834344603e-12
            ],
            [
                8.258073281266477e-14,
                3.331544540435927e-11,
                0.9999999995065219,
                4.5990553762634557e-10,
                1.7482341273629815e-13
            ],
            [
                4.599037980891333e-10,
                3.160869497019093e-10,
                5.492767572292328e-11,
                2.90231219732535e-06,
                0.9999970968568843
            ],
            [
                1.4930946710387277e-10,
                1.026187959624851e-10,
                1.225606740175646e-11,
                2.998960814496311e-09,
                0.9999999967368549
            ]
        ],
        [
            [
                0.9999999995934052,
                4.058652122710335e-10,
                2.5436656450170725e-13,
                0.0,
                4.752193058362372e-13
            ],
            [
                0.9999999966003692,
                3.3982678063793333e-09,
                8.878265444193671e-13,
                0.0,
                4.752193044429892e-13
            ],
            [
                5.675685228437377e-14,
                7.43368066685737e-12,
                0.9999999993230628,
                6.691586086346503e-10,
                2.882350791313815e-13
            ],
            [
                7.052880732512241e-11,
                6.224145400740623e-11,
                7.433681601341039e-12,
                6.825604229332155e-08,
                0.9999999316037538
            ],
            [
                6.560200155777012e-12,
                2.289734841325637e-11,
                5.789356317808194e-12,
                1.6052280521571167e-09,
                0.9999999983595251
            ]
        ],
        [
            [
                0.9999999985764618,
                1.4166087832473606e-09,
                1.1399918503116146e-12,
                0.0,
                5.7893563148526485e-12
            ],
            [
                0.9999999918470918,
                8.152020643193475e-09,
                8.87826540083309e-13,
                0.0,
                0.0
            ],
            [
                2.5436656403785805e-13,
                3.331544533000393e-11,
                0.9999999973192464,
                2.646573631627646e-09,
                6.101936660817173e-13
            ],
            [
                5.492788119246827e-11,
                1.1628232539695435e-10,
                2.289734749055348e-11,
                4.13993754414598e-08,
                0.9999999584065171
            ],
            [
                2.020683903258136e-11,
                2.940077730897784e-11,
                7.433680651147318e-12,
                2.335593032136965e-09,
                0.9999999976073657
            ]
        ],
        [
            [
                0.9999999995925755,
                4.0586521229555025e-10,
                4.19379565474214e-13,
                0.0,
                1.1399918520556064e-12
            ],
            [
                0.9933071462703799,
                0.006692851398916376,
                2.319960317326067e-09,
                1.0743547694559017e-11,
                0.0
            ],
            [
                2.129756862901098e-12,
                4.0585981808722027e-10,
                0.9999869924378425,
                1.3007124767478708e-05,
                2.940038661220374e-11
            ],
            [
                3.5817344172139996e-10,
                2.789457568880065e-10,
                1.4930890431118533e-10,
                3.7266391123170385e-06,
                0.9999962725744596
            ],
            [
                1.4930890286126885e-10,
                1.4930890286126885e-10,
                5.4927675746524745e-11,
                2.902312198572423e-06,
                0.999997097334256
            ]
        ],
        [
            [
                0.9999999973525318,
                2.6465736293256403e-09,
                4.19379564319344e-13,
                0.0,
                4.752193045563042e-13
            ],
            [
                2.144289577166864e-05,
                0.9998824151264303,
                9.610039161628564e-05,
                4.1394487358239125e-08,
                1.9169450697227467e-10
            ],
            [
                3.900837609496121e-14,
                5.789356327714624e-12,
                0.9999999998622522,
                1.3176514267783e-10,
                1.5428112029211257e-13
            ],
            [
                1.4930890285023186e-10,
                1.691891522938453e-10,
                5.4927675742464464e-11,
                2.9023121983578826e-06,
                0.9999970973143759
            ],
            [
                4.508755187063476e-12,
                2.020683884269244e-11,
                5.789356257812197e-12,
                1.1861120006047484e-08,
                0.9999999881083751
            ]
        ],
        [
            [
                0.9999999998968256,
                1.0261879627780608e-10,
                1.3615261075693857e-13,
                0.0,
                4.1937956567770063e-13
            ],
            [
                0.9995694414438431,
                0.00043055711971908125,
                1.415998296581176e-09,
                1.3881958830993178e-11,
                6.557373038288933e-12
            ],
            [
                1.0603575987196918e-13,
                2.0206839081976505e-11,
                0.9999999996213376,
                3.5817479288216014e-10,
                1.7482341275576669e-13
            ],
            [
                4.058651953996869e-10,
                1.6918978507152596e-10,
                6.22414435840294e-11,
                4.1399375428519834e-08,
                0.9999999579633281
            ],
            [
                1.6918979108098427e-10,
                9.056076926483716e-11,
                1.0815941481817014e-11,
                6.3488000717446645e-09,
                0.9999999933806334
            ]
        ],
        [
            [
                0.9999999996835853,
                3.1608814518592104e-10,
                0.0,
                0.0,
                3.266131340251237e-13
            ],
            [
                0.9999999961470107,
                3.850741905010901e-09,
                7.835041748935089e-13,
                0.0,
                1.463778507376067e-12
            ],
            [
                6.431393937396341e-14,
                1.3887943856206236e-11,
                0.9999999993953428,
                5.905303995220135e-10,
                1.7482341271686145e-13
            ],
            [
                3.7751345186020544e-11,
                4.847368673300279e-11,
                8.423463697175418e-12,
                6.348800072861533e-09,
                0.9999999935565513
            ],
            [
                1.57371037679445e-11,
                3.775134942751858e-11,
                6.5602008605956084e-12,
                8.764249144527005e-08,
                0.99999991229746
            ]
        ],
        [
            [
                0.9999999997823859,
                2.1724399341343137e-10,
                0.0,
                0.0,
                3.701011676983257e-13
            ],
            [
                0.9999832985273909,
                1.6701415098628442e-05,
                5.492694393841768e-11,
                1.291757908190967e-12,
                1.291757908190967e-12
            ],
            [
                3.26613133905168e-13,
                1.3176514255024305e-10,
                0.9999999988939616,
                9.7362003018734e-10,
                3.26613133905168e-13
            ],
            [
                3.775134718538231e-11,
                1.3176514878319605e-10,
                2.5946096180429007e-11,
                5.04347204865227e-07,
                0.9999994954573325
            ],
            [
                1.9171714866711175e-10,
                7.052879751463941e-11,
                2.020683880472524e-11,
                1.3440409761239129e-08,
                0.9999999862771374
            ]
        ],
        [
            [
                0.9999999997179918,
                2.789468091200554e-10,
                3.2661313408339864e-13,
                0.0,
                2.734698289956262e-12
            ],
            [
                0.9999869928190279,
                1.3007124753070002e-05,
                5.492715337434823e-11,
                0.0,
                1.2917628336519547e-12
            ],
            [
                1.0603575985200349e-13,
                1.2256067436790513e-11,
                0.9999999994658864,
                5.211412484780686e-10,
                6.101936673966403e-13
            ],
            [
                4.847368687515168e-11,
                9.056076954633751e-11,
                1.573710204597405e-11,
                3.39826780634674e-09,
                0.9999999964469606
            ],
            [
                4.058652074658679e-10,
                1.9171714892816876e-10,
                2.9400777017483534e-11,
                1.1861119999912317e-08,
                0.9999999875118969
            ]
        ],
        [
            [
                0.9999999988961339,
                1.1032560300508816e-09,
                0.0,
                0.0,
                6.101936664924912e-13
            ],
            [
                0.998498817487554,
                0.0015011820409935415,
                4.5921484469280185e-10,
                1.2237661094517843e-11,
                0.0
            ],
            [
                1.060357597740744e-13,
                5.492788343642204e-11,
                0.9999999986946588,
                1.25015286472243e-09,
                1.5428112011379628e-13
            ],
            [
                1.0261880919748562e-10,
                1.1628234489769063e-10,
                2.289735133047613e-11,
                3.059023588979559e-07,
                0.9999996938558426
            ],
            [
                2.4616969303436303e-10,
                6.224144568618686e-11,
                1.573710196959857e-11,
                8.152020643365482e-09,
                0.9999999915238312
            ]
        ],
        [
            [
                0.9999999999292966,
                7.052879849080788e-11,
                0.0,
                0.0,
                1.74823412776753e-13
            ],
            [
                0.9999999634629295,
                3.6534820774632334e-08,
                1.879528746441442e-12,
                0.0,
                3.701011540562233e-13
            ],
            [
                1.7482341221884958e-13,
                3.7751345311444234e-11,
                0.9999999965635178,
                3.398267807671614e-09,
                2.8823507834159397e-13
            ],
            [
                3.8507273366484546e-09,
                1.6052219747865183e-09,
                1.1628188983957671e-10,
                2.9023121828902135e-06,
                0.999997092115586
            ],
            [
                4.058652092949931e-10,
                1.1628232934168053e-10,
                2.289734826731612e-11,
                7.194132970899548e-09,
                0.9999999922608221
            ]
        ],
        [
            [
                0.9999999994773949,
                5.211412483517764e-10,
                0.0,
                0.0,
                1.4637785128982479e-12
            ],
            [
                0.9999977396608404,
                2.2603252716782304e-06,
                1.3887918456785324e-11,
                0.0,
                0.0
            ],
            [
                1.3615261074614236e-13,
                2.289734844589032e-11,
                0.9999999996185034,
                3.581747928630504e-10,
                2.882350792114424e-13
            ],
            [
                2.7894680009303576e-10,
                2.1724398634771892e-10,
                2.9400776423819356e-11,
                3.224186630990199e-08,
                0.9999999672325421
            ],
            [
                2.940078049677392e-11,
                3.775134942831496e-11,
                1.3887945331156355e-11,
                8.76424914471189e-08,
                0.9999999122764686
            ]
        ],
        [
            [
                0.9999999993296655,
                6.69158608552429e-10,
                2.882350790959652e-13,
                0.0,
                8.878265470806136e-13
            ],
            [
                0.9999999778372376,
                2.2159489257802885e-08,
                2.7346982279663337e-12,
                0.0,
                5.384940092467918e-13
            ],
            [
                7.835027639190335e-13,
                1.1628212035882404e-10,
                0.9999982395020492,
                1.7603431339169324e-06,
                3.775127728415281e-11
            ],
            [
                4.277787857465968e-11,
                5.4927883361845006e-11,
                9.545034897173899e-12,
                2.3355930325188955e-09,
                0.9999999975571561
            ],
            [
                2.172439925099646e-10,
                1.917171504951548e-10,
                1.7832472826230722e-11,
                3.850741905078758e-09,
                0.9999999957224646
            ]
        ],
        [
            [
                0.9999999998079563,
                1.9171715128553422e-10,
                0.0,
                0.0,
                3.26613134124913e-13
            ],
            [
                2.397712053648411e-05,
                0.9866785937636426,
                0.006648187817333758,
                0.006648187817333758,
                1.0534811534919412e-06
            ],
            [
                4.19379565263357e-13,
                7.052879841448917e-11,
                0.9999999986783605,
                1.2501528646738916e-09,
                5.384940210376058e-13
            ],
            [
                2.129785438849088e-12,
                4.277788407047081e-11,
                9.545036123455117e-12,
                3.0590235897950147e-07,
                0.9999996940431882
            ],
            [
                2.1724399159424622e-10,
                7.052879788984863e-11,
                1.0815941462010397e-11,
                8.152020642660775e-09,
                0.9999999915493906
            ]
        ],
        [
            [
                0.9999999994084516,
                5.90530399037683e-10,
                3.266131338049058e-13,
                0.0,
                6.914400096909033e-13
            ],
            [
                0.9999869928368019,
                1.3007124755754588e-05,
                3.7750843636488444e-11,
                0.0,
                6.914308197909909e-13
            ],
            [
                1.7482341277286947e-13,
                5.492788349250632e-11,
                0.9999999997275171,
                2.1724399344050518e-10,
                1.3615261076672618e-13
            ],
            [
                6.5602001113291476e-12,
                3.7751345115787805e-11,
                5.7893562785830905e-12,
                8.152020643857143e-09,
                0.9999999917978785
            ],
            [
                1.9171715031656192e-10,
                1.0261879575003291e-10,
                7.433680631279861e-12,
                4.94445047461973e-09,
                0.9999999947537799
            ]
        ],
        [
            [
                0.9999999995391962,
                4.599055375250162e-10,
                2.882350791312166e-13,
                0.0,
                6.101936673091412e-13
            ],
            [
                0.9999038971875244,
                9.610239912735421e-05,
                4.0582652590939e-10,
                5.108602033900228e-12,
                2.413132732079187e-12
            ],
            [
                1.542811202664343e-13,
                3.3315445410272325e-11,
                0.9999999996874633,
                2.789468091915101e-10,
                1.2015425727663263e-13
            ],
            [
                9.5450346102863e-12,
                2.940077643010961e-11,
                4.508755094654614e-12,
                3.224186631680009e-08,
                0.9999999677146791
            ],
            [
                2.9400777293558786e-11,
                6.224144601888949e-11,
                7.43368064724877e-12,
                2.9989608147298657e-09,
                0.9999999969019633
            ]
        ],
        [
            [
                0.9999999999189404,
                7.991959889776592e-11,
                0.0,
                0.0,
                1.139991852591132e-12
            ],
            [
                0.9999999956352799,
                4.36346223162443e-09,
                8.878265435081683e-13,
                0.0,
                3.701011660510042e-13
            ],
            [
                8.258073277132436e-14,
                2.0206839069610585e-11,
                0.9999999990059159,
                9.736200303078346e-10,
                1.748234126487805e-13
            ],
            [
                8.423463585319805e-12,
                4.277787783068129e-11,
                1.3887943586084729e-11,
                1.9555680695159212e-08,
                0.9999999803792301
            ],
            [
                1.9171714330938705e-10,
                2.4616968482401917e-10,
                2.0206838240025216e-11,
                4.139937544598475e-08,
                0.999999958142531
            ]
        ],
        [
            [
                0.9999999997198772,
                2.7894680912058134e-10,
                2.8823507917258984e-13,
                0.0,
                8.87826547316634e-13
            ],
            [
                0.9999998144587106,
                1.8553915969545174e-07,
                2.129785439950648e-12,
                0.0,
                0.0
            ],
            [
                7.287724091151316e-14,
                2.0206839077278054e-11,
                0.9999999993888198,
                5.905303995161214e-10,
                3.701011676221875e-13
            ],
            [
                2.940077976204483e-11,
                4.8473690968853167e-11,
                1.0815942428865705e-11,
                1.1253518378767061e-07,
                0.9999998873761258
            ],
            [
                1.9171714646553632e-10,
                1.3176513932616165e-10,
                2.940077663982662e-11,
                2.510999091431811e-08,
                0.999999974537126
            ]
        ],
        [
            [
                0.9999999996411753,
                3.5817479279988437e-10,
                1.748234127156083e-13,
                0.0,
                4.752193059740339e-13
            ],
            [
                0.997527375191547,
                0.002472622981763485,
                1.8144639280519165e-09,
                1.222576177896624e-11,
                0.0
            ],
            [
                7.287724093480861e-14,
                1.5737102101812433e-11,
                0.9999999997050186,
                2.7894680919737074e-10,
                2.2447770543005634e-13
            ],
            [
                1.573710331671238e-11,
                4.2777881978401835e-11,
                1.0815942388802268e-11,
                8.315279900232299e-07,
                0.999999168402679
            ],
            [
                1.317651591927852e-10,
