{
    "[['A', 'B', 'C', 'D', 'E'], ['A', 'B', 'C', 'D', 'E']]": [
        [
            [
                0.9999999999935192,
                5.789356323056498e-12,
                0.0,
                0.0,
                6.914400100163394e-13
            ],
            [
                0.999998629042871,
                1.3709566538758296e-06,
                4.752184630901109e-13,
                0.0,
                0.0
            ],
            [
                3.3315445077914935e-11,
                9.237449566658473e-09,
                0.9999999897525161,
                9.736200212551327e-10,
                3.0988191067481707e-12
            ],
            [
                2.4087135911518867e-12,
                1.160583202321405e-10,
                1.386118967737402e-11,
                0.0019267343455366178,
                0.9980732655221352
            ],
            [
                2.8823455893023016e-13,
                1.2256045315524246e-11,
                7.835027638739524e-13,
                1.760343133815646e-06,
                0.9999982396435384
            ]
        ],
        [
            [
                0.9999999999992164,
                7.835041779114722e-13,
                0.0,
                0.0,
                0.0
            ],
            [
                0.9999999961487196,
                3.85074190418817e-09,
                0.0,
                0.0,
                5.384940191772235e-13
            ],
            [
                1.5737102072329613e-11,
                2.0611536179155897e-09,
                0.9999999978605412,
                6.224144609249603e-11,
                3.2661313356202923e-13
            ],
            [
                1.1399245315050534e-12,
                4.277535246756499e-11,
                3.5112147484368583e-12,
                5.829127737527783e-05,
                0.9999417086751983
            ],
            [
                6.101936913722745e-13,
                1.3887944402364795e-11,
                2.4133628652194655e-12,
                3.9278636974716387e-07,
                0.9999996071967188
            ]
        ],
        [
            [
                0.9999999999960691,
                3.5114221107001515e-12,
                0.0,
                0.0,
                4.193795655183088e-13
            ],
            [
                0.9999999936507804,
                6.3488000667399885e-09,
                0.0,
                0.0,
                4.193795625811247e-13
            ],
            [
                8.66058901892594e-08,
                2.401341302593563e-05,
                0.3208125253402725,
                0.6791601247787581,
                3.249862053342763e-06
            ],
            [
                3.098819283174797e-12,
                3.775134720258843e-11,
                2.7346984190711744e-12,
                5.043472050950959e-07,
                0.99999949560921
            ],
            [
                1.1399919734149315e-12,
                2.0206841223841684e-11,
                1.658678534052386e-12,
                8.764249144851659e-08,
                0.999999912334503
            ]
        ],
        [
            [
                0.9999999999884925,
                1.081594154992365e-11,
                0.0,
                0.0,
                6.914400102233806e-13
            ],
            [
                0.9999999999842628,
                1.5737102098410873e-11,
                0.0,
                0.0,
                0.0
            ],
            [
                1.573710200661211e-11,
                5.602796401845514e-09,
                0.9999999937095732,
                6.69158604866506e-10,
                2.734698274170899e-12
            ],
            [
                4.991698702743642e-12,
                1.653023585829738e-10,
                1.742274041289268e-11,
                0.022977367837722754,
                0.9770226319745604
            ],
            [
                1.6586783382036064e-12,
                2.9400777025740115e-11,
                3.5114220695321184e-12,
                1.1861120003243259e-08,
                0.999999988104309
            ]
        ],
        [
            [
                0.9999999999910381,
                8.423463747155576e-12,
                0.0,
                0.0,
                5.384940213078945e-13
            ],
            [
                0.9999999999840083,
                1.5737102086937454e-11,
                0.0,
                0.0,
                2.5436656441562745e-13
            ],
            [
                8.584336105396093e-10,
                6.470050284621251e-07,
                0.9990882995858796,
                0.0009110504913832955,
                2.0592751798344423e-09
            ],
            [
                2.8823508580554443e-13,
                9.545035136803064e-12,
                6.914400261934071e-13,
                6.475946145061328e-07,
                0.9999993523948607
            ],
            [
                7.83504241493295e-13,
                1.3887944981432758e-11,
                2.413362965846389e-12,
                1.12535183766099e-07,
                0.9999998874477315
            ]
        ],
        [
            [
                0.9999999999987081,
                1.2917800041899747e-12,
                0.0,
                0.0,
                0.0
            ],
            [
                0.9999999999196609,
                7.991959887592371e-11,
                0.0,
                0.0,
                4.1937956555660556e-13
            ],
            [
                1.4166034240574532e-09,
                2.9023121897487655e-06,
                0.9999970942042715,
                2.0611458199223414e-09,
                5.789334413068401e-12
            ],
            [
                9.53070007189936e-12,
                1.9142922819796192e-10,
                4.271363434490156e-11,
                0.0015011820288163954,
                0.99849881772751
            ],
            [
                1.8795287375717973e-12,
                2.020683824124384e-11,
                2.4133626704372116e-12,
                4.139937544848145e-08,
                0.9999999585761248
            ]
        ],
        [
            [
                0.999999999989315,
                9.545034913445403e-12,
                0.0,
                0.0,
                1.1399918519222556e-12
            ],
            [
                0.9999999530883621,
                4.691163795899558e-08,
                0.0,
                0.0,
                0.0
            ],
            [
                8.150714793362802e-09,
                0.0001584360913417306,
                0.9998403459142958,
                1.209674485062016e-06,
                1.691626887336144e-10
            ],
            [
                2.3868483709581503e-12,
                1.0149137530322778e-10,
                1.556420649467269e-11,
                0.01098694238855797,
                0.9890130574919995
            ],
            [
                6.560201001081878e-12,
                7.991960907668085e-11,
                6.560201001081878e-12,
                1.8553915981892172e-07,
                0.9999998143678002
            ]
        ],
        [
            [
                0.9999999999991123,
                8.878265473206333e-13,
                0.0,
                0.0,
                0.0
            ],
            [
                0.999999999782756,
                2.1724399322099308e-10,
                0.0,
                0.0,
                0.0
            ],
            [
                8.42346374653182e-12,
                7.582560420767402e-10,
                0.9999999991005493,
                1.3176514257680178e-10,
                1.006039278335398e-12
            ],
            [
                7.835012152555193e-13,
                2.0206762666973695e-11,
                1.879521708069662e-12,
                2.9023121997927073e-06,
                0.9999970976649305
            ],
            [
                3.098819049741787e-12,
                3.7751344358792194e-11,
                2.734698213067266e-12,
                2.845334727281955e-08,
                0.9999999715030677
            ]
        ],
        [
            [
                0.9999999999851059,
                1.388794384739512e-11,
                0.0,
                0.0,
                1.00603927801063e-12
            ],
            [
                0.9999999998966898,
                1.0261879606674158e-10,
                0.0,
                0.0,
                6.91440009007665e-13
            ],
            [
                6.223682497484162e-11,
                1.8552518356618524e-07,
                0.9999249672380633,
                7.484620096862433e-05,
                9.735477427220962e-10
            ],
            [
                1.4772392950344544e-11,
                8.065453266514737e-10,
                2.3107910497081615e-10,
                0.7310585897461502,
                0.2689414092014529
            ],
            [
                4.75219366033889e-13,
                1.2256068985246989e-11,
                1.0060394057884079e-12,
                3.0590235896772036e-07,
                0.9999996940839038
            ]
        ],
        [
            [
                0.9999999999942106,
                5.7893563248207096e-12,
                0.0,
                0.0,
                0.0
            ],
            [
                0.9999999999289328,
                7.052879843744107e-11,
                0.0,
                0.0,
                5.384940212128457e-13
            ],
            [
                5.109089004558751e-12,
                4.363462232869415e-09,
                0.9999999954617005,
                1.6918979148314847e-10,
                5.384940192980397e-13
            ],
            [
                1.656187335209694e-12,
                9.04247646107722e-11,
                6.550347978283719e-12,
                0.0015011820374321604,
                0.9984988178639366
            ],
            [
                7.835027459848174e-13,
                2.0206802145002612e-11,
                1.4637758378231805e-12,
                1.0677030761362775e-06,
                0.9999989322744698
            ]
        ],
        [
            [
                0.9999999999969011,
                3.0988191366380078e-12,
                0.0,
                0.0,
                0.0
            ],
            [
                0.9999999999666846,
                3.331544538379027e-11,
                0.0,
                0.0,
                0.0
            ],
            [
                1.5737102075256743e-11,
                1.818961683899871e-09,
                0.9999999980621439,
                1.0261879611092087e-10,
                5.384940206939003e-13
            ],
            [
                1.5149676409020338e-11,
                5.016883813126473e-10,
                6.789613918146487e-11,
                0.03732688396778388,
                0.9626731154474819
            ],
            [
                2.7346981768189716e-12,
                4.2777876894339705e-11,
                3.098819008667088e-12,
                4.13993754503559e-08,
                0.9999999585520132
            ]
        ],
        [
            [
                0.9999999999949527,
                4.508755238853277e-12,
                0.0,
                0.0,
                5.384940213643692e-13
            ],
            [
                0.9999999998078077,
                1.9171715115232498e-10,
                0.0,
                0.0,
                4.752193057230987e-13
            ],
            [
                1.026187953410148e-10,
                9.237449574113505e-09,
                0.9999999905795925,
                7.991959816942657e-11,
                4.1937956184924875e-13
            ],
            [
                2.1265866332040058e-12,
                9.042476461070496e-11,
                9.530700071157416e-12,
                0.001501182034724083,
                0.9984988178631939
            ],
            [
                1.0060354845482852e-12,
                2.28972620886843e-11,
                1.463772992819017e-12,
                3.7266391153100794e-06,
                0.9999962733355177
            ]
        ],
        [
            [
                0.9999999999991123,
                8.878265473822953e-13,
                0.0,
                0.0,
                0.0
            ],
            [
                0.9999999992417439,
                7.582560411420862e-10,
                0.0,
                0.0,
                0.0
            ],
            [
                2.461696819282425e-10,
                5.315784968232918e-08,
                0.9999999462782339,
                3.1608812841380035e-10,
                1.6586782696142254e-12
            ],
            [
                1.4627402910654754e-12,
                5.488892447662616e-11,
                4.5055572901311425e-12,
                0.0007096703442602174,
                0.9992903295948826
            ],
            [
                1.8795290148933817e-12,
                2.5946097720961294e-11,
                2.4133630265251743e-12,
                8.764249144370293e-08,
                0.9999999123272696
            ]
        ],
        [
            [
                0.9999999999898448,
                9.54503491221308e-12,
                0.0,
                0.0,
                6.10193667081136e-13
            ],
            [
                0.9999999996835853,
                3.1608814509167855e-10,
                0.0,
                0.0,
                3.2661313392774313e-13
            ],
            [
                7.989872439248415e-11,
                2.8445916239862276e-08,
                0.9997387773063715,
                0.0002611903180773919,
                3.849736131246721e-09
            ],
            [
                1.0060374391479457e-12,
                2.0206802130115232e-11,
                2.4133583575779353e-12,
                2.260325272637418e-06,
                0.9999977396511012
            ],
            [
                1.658678533512176e-12,
                3.3315448928557584e-11,
                2.73469857945522e-12,
                8.764249141997257e-08,
                0.9999999123197998
            ]
        ],
        [
            [
                0.9999999999970108,
                2.7346982892335237e-12,
                0.0,
                0.0,
                2.543665645183315e-13
            ],
            [
                0.9999999998834295,
                1.1628233012392803e-10,
                0.0,
                0.0,
                2.8823507890252264e-13
            ],
            [
                1.7482341281499467e-13,
                1.0815941556536411e-11,
                0.9999999999684757,
                2.020683908882233e-11,
                3.266131342561184e-13
            ],
            [
                7.834294965289789e-13,
                3.3312269863176615e-11,
                1.6585202571667078e-12,
                9.610240054122303e-05,
                0.9999038975637046
            ],
            [
                6.101937130419372e-13,
                1.0815942359917797e-11,
                1.4637786227503521e-12,
                2.382369844293304e-07,
                0.9999997617501257
            ]
        ],
        [
            [
                0.9999999999832567,
                1.5737102086925628e-11,
                0.0,
                0.0,
                1.0060392780087697e-12
            ],
            [
                0.9999999999740539,
                2.5946094968569883e-11,
                0.0,
                0.0,
                0.0
            ],
            [
                2.594609466983525e-11,
                1.18611200082898e-08,
                0.9999999880097766,
                1.0261879507935905e-10,
                5.384940152807606e-13
            ],
            [
                6.101902110628794e-13,
                2.0206724620117107e-11,
                1.2917726869570072e-12,
                4.785094848246845e-06,
                0.999995214883043
            ],
            [
                1.2917776432989358e-12,
                2.940072364564697e-11,
                2.129781277521838e-12,
                1.0677030764187948e-06,
                0.9999989322641013
            ]
        ],
        [
            [
                0.9999999999904365,
                8.423463743857473e-12,
                0.0,
                0.0,
                1.139991851608289e-12
            ],
            [
                0.9999999999294713,
                7.052879844554778e-11,
                0.0,
                0.0,
                0.0
            ],
            [
                5.6756852321058514e-14,
                2.88235079317682e-13,
                0.9999999999977311,
                1.8795288163646075e-12,
                4.420228103230845e-14
            ],
            [
                1.8795217081644324e-12,
                3.775120266726947e-11,
                2.734687948967786e-12,
                2.902312199939049e-06,
                0.9999970976454347
            ],
            [
                7.835041413745784e-13,
                1.7832472063029137e-11,
                1.8795287274643805e-12,
                4.69116379951059e-08,
                0.9999999530678665
            ]
        ],
        [
            [
                0.9999999999912064,
                8.423463747156994e-12,
                0.0,
                0.0,
                3.701011675380156e-13
            ],
            [
                0.9999999997203617,
                2.7894680855738203e-10,
                0.0,
                0.0,
                6.914400088857447e-13
            ],
            [
                3.581748201921664e-10,
                8.315279891591439e-07,
                0.9999991672515204,
                8.592167270800955e-10,
                3.0988193737351616e-12
            ],
            [
                2.413344485575558e-12,
                4.847331977339922e-11,
                6.5601504609518825e-12,
                7.889265049106268e-06,
                0.999992110677504
            ],
            [
                1.1399918785847144e-12,
                2.0206839542935868e-11,
                1.2917800337270146e-12,
                6.475946144982879e-07,
                0.9999993523827468
            ]
        ],
        [
            [
                0.999999999976215,
                2.2897348440588962e-11,
                0.0,
                0.0,
                8.878265472307522e-13
            ],
            [
                0.999999999478532,
                5.211412481219369e-10,
                0.0,
                0.0,
                3.2661313386077003e-13
            ],
            [
                1.5150074239050072e-08,
                0.005219981897687286,
                0.9947526099040874,
                2.7391950683348395e-05,
                1.0974676969276591e-09
            ],
            [
                6.315324706399022e-12,
                2.6853443969781524e-10,
                3.2071865214950504e-11,
                0.03732688397404284,
                0.9626731157190355
            ],
            [
                1.1399919085998147e-12,
                2.020684007496625e-11,
                1.8795289081345506e-12,
                1.4449803165277667e-07,
                0.999999855478742
            ]
        ],
        [
            [
                0.9999999999897635,
                9.545034913449684e-12,
                0.0,
                0.0,
                6.914400100137425e-13
            ],
            [
                0.9999999999447455,
                5.492788345931687e-11,
                0.0,
                0.0,
                3.2661313398006644e-13
            ],
            [
                1.9171714329366576e-10,
                4.13993754425899e-08,
                0.9999999579459031,
                4.599055184771247e-10,
                3.0988190080857884e-12
            ],
            [
                3.448263594239954e-12,
                1.661466443894437e-10,
                2.5479413141739255e-11,
                0.017986211583553038,
                0.9820137882213726
            ],
            [
                1.388794370880761e-11,
                1.4930946594087676e-10,
                2.289734819899713e-11,
                1.0467401677048912e-08,
                0.9999999893465036
            ]
        ],
        [
            [
                0.9999999999992164,
                7.835041779813107e-13,
                0.0,
                0.0,
                0.0
            ],
            [
                0.9999999715466527,
                2.845334726343347e-08,
                0.0,
                0.0,
                0.0
            ],
            [
                5.8851716852497314e-08,
                0.022977362962927635,
                0.9770224180446533,
                1.5997539992925747e-07,
                1.6530236063315372e-10
            ],
            [
                1.6586784362542412e-12,
                2.5946096192565973e-11,
                3.978962721366279e-12,
                5.043472051011487e-07,
                0.9999994956212112
            ],
            [
                7.835042769811184e-13,
                2.2897351334307506e-11,
                3.098819528196738e-12,
                3.0590235894914206e-07,
                0.9999996940708614
            ]
        ],
        [
            [
                0.9999999999983413,
                1.6586783579317242e-12,
                0.0,
                0.0,
                0.0
            ],
            [
                0.9999546021442909,
                4.539785570914494e-05,
                0.0,
                0.0,
                0.0
            ],
            [
                5.675685232417099e-14,
                1.8795288164676787e-12,
                0.99999999999141,
                6.560200167904552e-12,
                9.357622968484672e-14
            ],
            [
                8.878266161000149e-13,
                2.0206840643677165e-11,
                1.6586784864295823e-12,
                8.315279900223046e-07,
                0.9999991684492566
            ],
            [
                6.560200990726047e-12,
                4.847369314073519e-11,
                5.109089668683252e-12,
                3.059023588583941e-07,
                0.9999996940374981
            ]
        ],
        [
            [
                0.99999999999886,
                1.139991852369657e-12,
                0.0,
                0.0,
                0.0
            ],
            [
                0.9999999994088595,
                5.905303985973816e-10,
                0.0,
                0.0,
                6.101936664203223e-13
            ],
            [
                4.4202281031160993e-14,
                2.8823507931019965e-13,
                0.9999999999974936,
                2.1297851707027907e-12,
                4.4202281031160993e-14
            ],
            [
                3.430741000233984e-12,
                2.405135124760918e-10,
                1.0026094857075575e-10,
                0.9770226318882577,
                0.022977367767537043
            ],
            [
                6.10191366186072e-13,
                1.3887891481370753e-11,
                1.0060354846285478e-12,
                3.726639115607395e-06,
                0.9999962733453803
            ]
        ],
        [
            [
                0.9999999999919562,
                7.433680665054812e-12,
                0.0,
                0.0,
                6.101936671615273e-13
            ],
            [
                0.9999999999509879,
                4.847368697215498e-11,
                0.0,
                0.0,
                5.384940207695108e-13
            ],
            [
                1.3887943780988072e-11,
                5.602796403658952e-09,
                0.9999999940238489,
                3.581747908625498e-10,
                1.291779996975016e-12
            ],
            [
                1.8784896677769173e-12,
                7.9875413199813e-11,
                8.418806612818792e-12,
                0.0005527785851040223,
                0.9994472213247233
            ],
            [
                5.492789039584324e-11,
                2.1724402074373232e-10,
                1.573710407981985e-11,
                3.059023588527309e-07,
                0.9999996938097321
            ]
        ],
        [
            [
                0.9999999999854206,
                1.3887943851239962e-11,
                0.0,
                0.0,
                6.914400100107396e-13
            ],
            [
                0.9999999999873246,
                1.2256067432011379e-11,
                0.0,
                0.0,
                4.193795654243223e-13
            ],
            [
                1.2501529220803126e-09,
                5.043472040530734e-07,
                0.9999994936419736,
                7.582560765710484e-10,
                2.4133628793470964e-12
            ],
            [
                6.101355054174899e-13,
                2.9397974974218006e-11,
                2.4131327353040958e-12,
                9.610240039566856e-05,
                0.999903897567183
            ],
            [
                3.7010049118771545e-13,
                1.0815921782044236e-11,
                1.1399897687492406e-12,
                1.0677030761470912e-06,
                0.9999989322845978
            ]
        ],
        [
            [
                0.9999999999997755,
                2.2447770538506242e-13,
                0.0,
                0.0,
                0.0
            ],
            [
                0.9999832985848948,
                1.670141510523519e-05,
                0.0,
                0.0,
                0.0
            ],
            [
                1.2917800045988968e-12,
                1.0261879630215576e-10,
                0.9999999998780589,
                1.7832472905563563e-11,
                1.9810087977620536e-13
            ],
            [
                2.1521519842473568e-11,
                4.898275338679523e-10,
                9.645276025507759e-11,
                0.0600866544130306,
                0.9399133449791676
            ],
            [
                3.700997718240432e-13,
                1.5737042745934665e-11,
                1.1399875529531366e-12,
                3.726639115005774e-06,
                0.9999962733436378
            ]
        ],
        [
            [
                0.9999999999964886,
                3.5114221089743672e-12,
                0.0,
                0.0,
                0.0
            ],
            [
                0.9999999999375604,
                6.224144614738017e-11,
                0.0,
                0.0,
                1.9810087954487224e-13
            ],
            [
                2.543665647156301e-13,
                7.433680671707438e-12,
                0.999999999983795,
                8.423463753738048e-12,
                9.357622968028553e-14
            ],
            [
                2.1290704611589898e-12,
                6.222055934715507e-11,
                1.3883283371655593e-11,
                0.0003353500578844657,
                0.9996646498638827
            ],
            [
                8.878147474838484e-13,
                2.0206570515218312e-11,
                1.658656312935409e-12,
                1.3007124770273079e-05,
                0.9999869928524767
            ]
        ],
        [
            [
                0.9999999999916787,
                7.433680666653696e-12,
                0.0,
                0.0,
                8.87826547165378e-13
            ],
            [
                0.999999999720578,
                2.7894680893736037e-10,
                0.0,
                0.0,
                4.752193056816455e-13
            ],
            [
                6.914400106099533e-13,
                4.277787868448894e-11,
                0.9999999999333453,
                2.289734845367161e-11,
                2.882350793093944e-13
            ],
            [
                4.75218437248129e-13,
                1.3887918468214312e-11,
                8.878249242860754e-13,
                2.260325273538353e-06,
                0.9999977396594756
            ],
            [
                1.1399919974277282e-12,
                2.9400781116540993e-11,
                3.0988195311965243e-12,
                1.8553915976068358e-07,
                0.9999998144272007
            ]
        ],
        [
            [
                0.9999999999995248,
                4.752193059961371e-13,
                0.0,
                0.0,
                0.0
            ],
            [
                0.9999999998830262,
                1.1628233016031855e-10,
                0.0,
                0.0,
                6.914400098503047e-13
            ],
            [
                4.847368677802789e-11,
                5.602796404633351e-09,
                0.9999999941977618,
                1.493094667428567e-10,
                1.6586783491731999e-12
            ],
            [
                1.4637758373847776e-12,
                3.331538449931678e-11,
                3.511415692208343e-12,
                2.260325273625744e-06,
                0.9999977396364358
            ],
            [
                4.193763881205862e-13,
                1.5736982863898376e-11,
                1.1399832151129773e-12,
                7.889265048311193e-06,
                0.9999921107176554
            ]
        ],
        [
            [
                0.9999999999985363,
                1.4637785133607049e-12,
                0.0,
                0.0,
                0.0
            ],
            [
                0.9999999970008644,
                2.9989608125543956e-09,
                0.0,
                0.0,
                1.748234121099116e-13
            ],
            [
                7.707204757113379e-07,
                0.43782308767005995,
                0.5621759692122081,
                1.7197098317514483e-07,
                4.262730423429979e-10
            ],
            [
                3.0941652928010427e-12,
                1.68935700883699e-10,
                2.4579999440829056e-10,
                0.9984988175557826,
                0.0015011820263873964
            ],
            [
                8.878113612806397e-13,
                3.331487555000451e-11,
                2.1297487402794238e-12,
                1.670141510215633e-05,
                0.9999832985485654
            ]
        ],
        [
            [
                0.9999999999985363,
                1.4637785128657348e-12,
                0.0,
                0.0,
                0.0
            ],
            [
                0.9999977396745524,
                2.260325272690426e-06,
                0.0,
                0.0,
                1.748230930636256e-13
            ],
            [
                8.761958365301172e-08,
                0.0002611902977117162,
                0.9997386998667792,
                2.2153700115407658e-08,
                6.222518427141621e-11
            ],
            [
                8.878215182499135e-13,
                2.2897218741463695e-11,
                1.658668962391739e-12,
                4.785094847542711e-06,
                0.9999952148797088
            ],
            [
                1.4637786686748086e-12,
                2.594609772220946e-11,
                2.413363026641272e-12,
                8.764249144791908e-08,
                0.9999999123276854
            ]
        ],
        [
            [
                0.999999999994891,
                5.109089023061611e-12,
                0.0,
                0.0,
                0.0
            ],
            [
                0.999999986559436,
                1.3440409763483978e-08,
                0.0,
                0.0,
                1.5428111816516123e-13
            ],
            [
                1.1399918527961885e-12,
                1.0261879629467962e-10,
                0.9999999998052054,
                9.056076987701433e-11,
                4.752193061736639e-13
            ],
            [
                8.87794481171498e-13,
                2.2896521446020986e-11,
                1.463725645117633e-12,
                3.5356257808576264e-05,
                0.9999646437169434
            ],
            [
                8.878265276907369e-13,
                1.7832472503317793e-11,
                2.4133627170456213e-12,
                2.2159489270306468e-08,
                0.9999999778193772
            ]
        ],
        [
            [
                0.9999999999994047,
                4.75219305868516e-13,
                0.0,
                0.0,
                1.2015425721440778e-13
            ],
            [
                0.9999999998680806,
                1.317651425552831e-10,
                0.0,
                0.0,
                1.542811201486249e-13
            ],
            [
                7.1938042643857315e-09,
                4.539785502317914e-05,
                0.9999545867662105,
                8.151648173854232e-09,
                3.3313922933315234e-11
            ],
            [
                2.4125528999777977e-12,
                5.4909450911078356e-11,
                4.507242202474904e-12,
                0.0003353500574789678,
                0.9996646498806918
            ],
            [
                6.10192551792991e-13,
                1.573707332568067e-11,
                1.879525379117059e-12,
                2.260325273122602e-06,
                0.9999977396565001
            ]
        ],
        [
            [
                0.9999999999929645,
                6.560200162470991e-12,
                0.0,
                0.0,
                4.752193058654555e-13
            ],
            [
                0.9999999981805632,
                1.8189616816668028e-09,
                0.0,
                0.0,
                4.752193047392839e-13
            ],
            [
                4.27778778690503e-11,
                7.194132892315009e-09,
                0.99999998089618,
                1.186111992380319e-08,
                5.7893562176691475e-12
            ],
            [
                5.101416134924213e-12,
                7.97995746866775e-11,
                8.410813292342386e-12,
                0.001501182033619043,
                0.9984988178730692
            ],
            [
                6.914150368644931e-13,
                2.5945157846725424e-11,
                2.1297082461452935e-12,
                3.5356258044592894e-05,
                0.9999646437131892
            ]
        ],
        [
            [
                0.9999999999978701,
                2.129785169121302e-12,
                0.0,
                0.0,
                0.0
            ],
            [
                0.9999999999622486,
                3.775134541610418e-11,
                0.0,
                0.0,
                0.0
            ],
            [
                2.4133627712953453e-12,
                1.6918979222380552e-10,
                0.9999999998104443,
                1.7832472904172048e-11,
                1.2015425729093895e-13
            ],
            [
                3.79025512712717e-12,
                2.0694091809478346e-10,
                4.074908285033772e-11,
                0.04742587546229519,
                0.9525741242862246
            ],
            [
                1.0059933195480541e-12,
                3.774962081644876e-11,
                1.879442952449474e-12,
                4.53978566072431e-05,
                0.9999546021027578
            ]
        ],
        [
            [
                0.9999999999992164,
                7.835041780429662e-13,
                0.0,
                0.0,
                0.0
            ],
            [
                0.999999974890009,
                2.510999090788338e-08,
                0.0,
                0.0,
                0.0
            ],
            [
                3.3982487955381364e-09,
                6.144172097665262e-06,
                0.9999938513218949,
                1.103249856168996e-09,
                4.508730001681044e-12
            ],
            [
                1.57067847896439e-11,
                6.678694839977873e-10,
                1.3151129891176498e-10,
                0.22270014410479236,
                0.77729985508012
            ],
            [
                6.101925518270943e-13,
                1.3887918466436036e-11,
                1.8795253792221047e-12,
                2.2603252732489297e-06,
                0.999997739658349
            ]
        ],
        [
            [
                0.9999999999983413,
                1.658678357931608e-12,
                0.0,
                0.0,
                0.0
            ],
            [
                0.9999993524047758,
                6.475946140609269e-07,
                0.0,
                0.0,
                6.101936810191996e-13
            ],
            [
                1.6051700649462857e-09,
                3.5356257248725426e-05,
                0.9999646365120906,
                5.602594031713835e-09,
                2.2896521270117346e-11
            ],
            [
                6.101832302085012e-13,
                1.573683291884811e-11,
                1.1399723531299676e-12,
                1.6701415102471078e-05,
                0.9999832985674106
            ],
            [
                1.8795288897700986e-12,
                4.847368895135533e-11,
                3.5114222501900598e-12,
                3.9278636985201585e-07,
                0.9999996071597655
            ]
        ],
        [
            [
                0.9999999999983413,
                1.6586783578011392e-12,
                0.0,
                0.0,
                0.0
            ],
            [
                0.9999999998969618,
                1.0261879621827345e-10,
                0.0,
                0.0,
                4.193795654344044e-13
            ],
            [
                6.101936676876548e-13,
                5.49278835029866e-11,
                0.9999999999183178,
                2.5946094979665832e-11,
                1.9810087978123807e-13
            ],
            [
                1.0771924442681965e-11,
                5.881271468672435e-10,
                6.664353666792232e-10,
                0.9959298609687073,
                0.004070137765958247
            ],
            [
                1.2917801043198633e-12,
                3.331544798867639e-11,
                2.7346985023050733e-12,
                8.315279901670176e-07,
                0.999999168434668
            ]
        ],
        [
            [
                0.9999999999963343,
                3.5114221110139418e-12,
                0.0,
                0.0,
                1.542811202153847e-13
            ],
            [
                0.9999999995939368,
                4.0586521197536885e-10,
                0.0,
                0.0,
                1.981008794768001e-13
            ],
            [
                5.315764914018497e-08,
                0.9999962195321527,
                3.7266389123532243e-06,
