{
    "[['A', 'B', 'C', 'D', 'E'], ['A', 'B', 'C', 'D', 'E']]": [
        [
            [
                0.9999999999934397,
                6.5602001642343166e-12,
                0.0,
                0.0,
                0.0
            ],
            [
                0.9999999999377585,
                6.224144618355443e-11,
                0.0,
                0.0,
                0.0
            ],
            [
                2.0206840485121553e-11,
                1.1861120970129444e-08,
                0.9999998755501742,
                1.1253518248768073e-07,
                3.33154477214644e-11
            ],
            [
                1.5737073684300564e-11,
                7.052867113003462e-11,
                1.3887918782140795e-11,
                1.7603431328190555e-06,
                0.9999982395567135
            ],
            [
                2.129785217413209e-12,
                3.7751346266268515e-11,
                5.789356455015023e-12,
                6.475946141156976e-07,
                0.9999993523597154
            ]
        ],
        [
            [
                0.9999999999925664,
                7.433680667320726e-12,
                0.0,
                0.0,
                0.0
            ],
            [
                0.999999999979793,
                2.0206839079283234e-11,
                0.0,
                0.0,
                0.0
            ],
            [
                4.599055159463254e-10,
                4.13993752147746e-08,
                0.9999999525321337,
                5.602796170510324e-09,
                5.7893560528123414e-12
            ],
            [
                1.287376050835222e-10,
                2.0137949659735296e-09,
                7.028835077257819e-09,
                0.9770226232506511,
                0.02297736757798126
            ],
            [
                4.508729698801282e-12,
                4.8473412444266655e-11,
                6.560163002589974e-12,
                4.785094846378256e-06,
                0.9999952148456113
            ]
        ],
        [
            [
                0.9999999999771028,
                2.289734843065873e-11,
                0.0,
                0.0,
                0.0
            ],
            [
                0.999999999986112,
                1.3887943858380886e-11,
                0.0,
                0.0,
                0.0
            ],
            [
                4.0653655426659006e-08,
                0.017985722251975207,
                0.981987186376756,
                2.7040438759710752e-05,
                1.02788538060619e-08
            ],
            [
                3.0987956577784256e-12,
                4.2777554545264855e-11,
                5.7893124605530676e-12,
                7.889265046754369e-06,
                0.9999921106832875
            ],
            [
                2.734698418015499e-12,
                4.27778806672882e-11,
                1.0815942057300827e-11,
                5.043472049004027e-07,
                0.9999994955964666
            ]
        ],
        [
            [
                0.9999999999760967,
                2.2897348423471622e-11,
                0.0,
                0.0,
                1.0060392778341052e-12
            ],
            [
                0.9999999966017321,
                3.3982678024918525e-09,
                0.0,
                0.0,
                0.0
            ],
            [
                9.629233782904395e-10,
                5.2573835078323524e-08,
                0.9890128418865176,
                0.010986942638065685,
                1.6193865818367717e-07
            ],
            [
                1.0743547720699601e-11,
                1.9043393991856294e-10,
                5.456023727165352e-11,
                0.0066928514375499465,
                0.9933071483067123
            ],
            [
                2.1297854360363667e-12,
                2.5946098212107253e-11,
                5.78935704929438e-12,
                6.825604225873564e-08,
                0.9999999317100925
            ]
        ],
        [
            [
                0.9999999999985363,
                1.4637785133609308e-12,
                0.0,
                0.0,
                0.0
            ],
            [
                0.9999999998075915,
                1.9171715094378465e-10,
                0.0,
                0.0,
                6.914400091358172e-13
            ],
            [
                4.752193061908815e-13,
                2.5946094978056462e-11,
                0.9999999998562903,
                1.1628233028110898e-10,
                1.00603927910076e-12
            ],
            [
                2.5896111521914354e-11,
                7.567953119469328e-10,
                1.81545757641962e-09,
                0.9980732630763052,
                0.001926734325545794
            ],
            [
                2.938452235018763e-11,
                3.1591338725342257e-10,
                7.04898046908891e-11,
                0.000552778587080214,
                0.999447220997132
            ]
        ],
        [
            [
                0.9999999999821676,
                1.783247289853115e-11,
                0.0,
                0.0,
                0.0
            ],
            [
                0.9999999999450722,
                5.4927883378240585e-11,
                0.0,
                0.0,
                0.0
            ],
            [
                5.583032125265112e-08,
                1.8488445580841157e-06,
                0.5621707704555845,
                0.43781903892308754,
                8.28594644871959e-06
            ],
            [
                5.789091847639483e-12,
                1.1627701805748754e-10,
                2.5944909660749062e-11,
                4.539785640243042e-05,
                0.9999546019955866
            ],
            [
                4.277787808280219e-11,
                1.493094655014699e-10,
                3.331544494901943e-11,
                1.3440409760456546e-08,
                0.9999999863341875
            ]
        ],
        [
            [
                0.9999999999695932,
                2.9400777338471856e-11,
                0.0,
                0.0,
                1.0060392774227797e-12
            ],
            [
                0.9999999999821676,
                1.7832472882557153e-11,
                0.0,
                0.0,
                0.0
            ],
            [
                9.560324466949567e-08,
                0.03732620081484234,
                0.9626554815743353,
                1.821873621445411e-05,
                3.2713631370799582e-09
            ],
            [
                1.568717436756516e-11,
                2.1655476232682342e-10,
                7.96660449478063e-11,
                0.003172683076071187,
                0.996827316612021
            ],
            [
                7.433667482622743e-12,
                9.056060921292935e-11,
                1.2256045697911991e-11,
                1.3709566538637452e-06,
                0.9999986289330958
            ]
        ],
        [
            [
                0.9999999999733624,
                2.5946094956811888e-11,
                0.0,
                0.0,
                6.914400100024021e-13
            ],
            [
                0.9999999987490635,
                1.2501528619030324e-09,
                0.0,
                0.0,
                7.835041756963781e-13
            ],
            [
                2.1724398408899573e-10,
                4.13993753929259e-08,
                0.999999956775418,
                1.605227985588787e-09,
                2.7346981730253464e-12
            ],
            [
                5.1089822715931795e-12,
                6.224014566902502e-11,
                2.594555282867434e-11,
                2.1444940124752352e-05,
                0.9999785549665806
            ],
            [
                1.879528955396454e-12,
                2.5946096899631543e-11,
                3.5114223727962335e-12,
                2.3823698435084776e-07,
                0.9999997617316786
            ]
        ],
        [
            [
                0.9999999999964886,
                3.5114221112894337e-12,
                0.0,
                0.0,
                0.0
            ],
            [
                0.9999999992417439,
                7.582560417684652e-10,
                0.0,
                0.0,
                0.0
            ],
            [
                3.0988190760272656e-12,
                5.905303879469357e-10,
                0.9999999798304833,
                1.9555680692204682e-08,
                2.0206838681402286e-11
            ],
            [
                7.693640501707676e-11,
                1.2034878621749398e-09,
                5.016883808848157e-10,
                0.03732688385001416,
                0.9626731143678733
            ],
            [
                1.5737012949976252e-11,
                1.0261821494108773e-10,
                2.594594798790922e-11,
                4.785094845972677e-06,
                0.9999952147608528
            ]
        ],
        [
            [
                0.9999999999954912,
                4.5087552404435375e-12,
                0.0,
                0.0,
                0.0
            ],
            [
                0.9999999999901283,
                9.545034918356589e-12,
                0.0,
                0.0,
                3.2661313412530934e-13
            ],
            [
                2.129785169280439e-12,
                1.6918979212842382e-10,
                0.9999999992362705,
                5.905303994298769e-10,
                1.8795288150605956e-12
            ],
            [
                1.0140778123292529e-10,
                2.308030462528688e-09,
                1.0902363932059262e-09,
                0.6791787098180501,
                0.3208212866822753
            ],
            [
                2.734682994143889e-12,
                7.052840398473818e-11,
                1.783237315625507e-11,
                6.144172124082969e-06,
                0.9999938557367805
            ]
        ],
        [
            [
                0.9999999999565308,
                4.277787864618106e-11,
                0.0,
                0.0,
                6.914400099907641e-13
            ],
            [
                0.9999999999983413,
                1.6586783578009473e-12,
                0.0,
                0.0,
                0.0
            ],
            [
                8.423464057328796e-12,
                2.9989609326829892e-09,
                0.9999996041036281,
                3.927863686704813e-07,
                1.0261880000661084e-10
            ],
            [
                8.42126386795025e-12,
                1.025919962127943e-10,
                1.7827815748350397e-11,
                0.0002611903282184058,
                0.9997388095429405
            ],
            [
                4.508730020015007e-12,
                7.052840396828311e-11,
                1.225599888283458e-11,
                6.144172122649465e-06,
                0.9999938557405842
            ]
        ],
        [
            [
                0.9999999999969011,
                3.0988191366386217e-12,
                0.0,
                0.0,
                0.0
            ],
            [
                0.9999999999294713,
                7.052879846938094e-11,
                0.0,
                0.0,
                0.0
            ],
            [
                2.2693805517935243e-07,
                0.04742583069782687,
                0.9525731483090746,
                7.920916426753395e-07,
                1.96340075584471e-09
            ],
            [
                2.0200058110986325e-11,
                1.1624330846095317e-10,
                1.5731821074924034e-11,
                0.00033535005739244235,
                0.9996646497904323
            ],
            [
                1.291780166900153e-12,
                2.5946098238914552e-11,
                3.098819527613471e-12,
                3.059023588915644e-07,
                0.9999996940673044
            ]
        ],
        [
            [
                0.9999999999735154,
                2.5946094972784258e-11,
                0.0,
                0.0,
                5.384940215682668e-13
            ],
            [
                0.999999999782756,
                2.1724399315295698e-10,
                0.0,
                0.0,
                0.0
            ],
            [
                1.783244122533201e-11,
                3.059017770075786e-07,
                0.999998626161034,
                1.0677021130534646e-06,
                2.1724360753220688e-10
            ],
            [
                1.736330049722206e-10,
                3.4875121324535648e-09,
                2.1152830344528735e-09,
                0.37754067379628065,
                0.6224593204272911
            ],
            [
                1.658678492597381e-12,
                1.7832474345375695e-11,
                1.879528968021938e-12,
                1.1253518378916502e-07,
                0.9999998874434455
            ]
        ],
        [
            [
                0.9999999998076727,
                1.917171511522991e-10,
                0.0,
                0.0,
                6.101936670490787e-13
            ],
            [
                0.9999999999925664,
                7.433680667907115e-12,
                0.0,
                0.0,
                0.0
            ],
            [
                2.789404486897065e-10,
                1.067679664048754e-06,
                0.9999774827587183,
                2.144491931438785e-05,
                4.3633627564633575e-09
            ],
            [
                6.5602003153714776e-12,
                6.224144762584047e-11,
                6.5602003153714776e-12,
                6.475946145222838e-07,
                0.9999993523300236
            ],
            [
                2.4133630736715426e-12,
                3.331544958841372e-11,
                5.109089667055072e-12,
                6.825604230010389e-08,
                0.9999999317031197
            ]
        ],
        [
            [
                0.9999999999975866,
                2.4133627694767976e-12,
                0.0,
                0.0,
                0.0
            ],
            [
                0.999999999987744,
                1.2256067430427693e-11,
                0.0,
                0.0,
                0.0
            ],
            [
                3.266131342503323e-13,
                2.129785170770513e-12,
                0.9999999999929285,
                4.508755241902603e-12,
                1.0603575990601429e-13
            ],
            [
                7.612930917726733e-11,
                1.0509326962716253e-09,
                3.866165330132026e-10,
                0.04742587542360823,
                0.9525741230627133
            ],
            [
                5.789356756715179e-12,
                4.8473690646173124e-11,
                8.423464377182459e-12,
                2.3823698436211128e-07,
                0.9999997617003291
            ]
        ],
        [
            [
                0.9999999999765643,
                2.289734843624513e-11,
                0.0,
                0.0,
                5.384940213001005e-13
            ],
            [
                0.9999999999834792,
                1.5737102091280954e-11,
                0.0,
                0.0,
                7.835041777306594e-13
            ],
            [
                4.3632044629895205e-09,
                5.829121972750151e-05,
                0.9999409701790243,
                7.337781654147637e-07,
                4.5987836700396107e-10
            ],
            [
                8.417489190049277e-12,
                1.9158117091641682e-10,
                3.7724569302732654e-11,
                0.0007096703444561611,
                0.9992903294178206
            ],
            [
                4.508755448942105e-12,
                5.4927886027026083e-11,
                1.0815942053006748e-11,
                5.043472047001699e-07,
                0.9999994955825428
            ]
        ],
        [
            [
                0.9999999999985363,
                1.4637785131437884e-12,
                0.0,
                0.0,
                0.0
            ],
            [
                0.999999999986112,
                1.3887943859131763e-11,
                0.0,
                0.0,
                0.0
            ],
            [
                9.056077718716282e-11,
                8.764248924993893e-08,
                0.9999998871367496,
                2.510999357887515e-08,
                2.0206840716937908e-11
            ],
            [
                2.129785370450486e-12,
                3.3315448542286294e-11,
                5.789356871013472e-12,
                9.931195242400603e-08,
                0.999999900646813
            ],
            [
                1.8795290546986844e-12,
                3.3315449643144065e-11,
                8.42346482182593e-12,
                1.855391597717065e-07,
                0.9999998144172217
            ]
        ],
        [
            [
                0.9999999999792546,
                2.020683907244092e-11,
                0.0,
                0.0,
                5.384940213015492e-13
            ],
            [
                0.9999999999666846,
                3.331544536704922e-11,
                0.0,
                0.0,
                0.0
            ],
            [
                1.317651442847404e-10,
                3.6534822576350346e-08,
                0.9999998186860763,
                1.4449802634775643e-07,
                1.4930946941438078e-10
            ],
            [
                2.019813096556688e-11,
                1.3170835859520024e-10,
                3.773507652410692e-11,
                0.00043055712116298837,
                0.9995694426891955
            ],
            [
                2.413312344291074e-12,
                4.847267419844295e-11,
                8.423287745052077e-12,
                2.1444939760378412e-05,
                0.9999785550009304
            ]
        ],
        [
            [
                0.9999999999981204,
                1.8795288154251537e-12,
                0.0,
                0.0,
                0.0
            ],
            [
                0.9999999999666846,
                3.331544539528296e-11,
                0.0,
                0.0,
                0.0
            ],
            [
                9.056076686821433e-11,
                3.224186629434154e-08,
                0.9999999666899739,
                9.736199987413589e-10,
                3.978962402773606e-12
            ],
            [
                1.6850124871420644e-10,
                9.696577367610796e-10,
                2.7781159289464483e-10,
                0.004070137774648137,
                0.9959298608093813
            ],
            [
                5.104433109911265e-12,
                1.1617636209350478e-10,
                2.2876482078961053e-11,
                0.0009110514054973442,
                0.9990889484503453
            ]
        ],
        [
            [
                0.9999999999515263,
                4.847368700687398e-11,
                0.0,
                0.0,
                0.0
            ],
            [
                0.9999999994094697,
                5.905303992379281e-10,
                0.0,
                0.0,
                0.0
            ],
            [
                3.2128041589699254e-07,
                0.5621695404143321,
                0.43781807715357973,
                1.2055958663136117e-05,
                5.193009311192754e-09
            ],
            [
                4.814924036992029e-11,
                6.646797606893414e-10,
                1.6805736203228869e-10,
                0.006692851429964781,
                0.9933071476891489
            ],
            [
                1.006039360164036e-12,
                1.081594242683537e-11,
                1.2917801086388952e-12,
                1.1253518376654588e-07,
                0.9999998874517024
            ]
        ],
        [
            [
                0.999999999996021,
                3.978962533470563e-12,
                0.0,
                0.0,
                0.0
            ],
            [
                0.9999999994784885,
                5.211412480692996e-10,
                0.0,
                0.0,
                3.701011673482581e-13
            ],
            [
                1.3887942966429597e-11,
                3.2241865286554606e-08,
                0.9999999354928364,
                3.2241865286554606e-08,
                9.545034305287552e-12
            ],
            [
                9.32572091528287e-12,
                3.4994509560969057e-10,
                6.890827500599602e-11,
                0.022977367871530076,
                0.9770226317002908
            ],
            [
                3.098819282431081e-12,
                3.3315446966684225e-11,
                4.508755451390558e-12,
                5.043472049740527e-07,
                0.999999495611872
            ]
        ],
        [
            [
                0.9999999999942106,
                5.78935632372135e-12,
                0.0,
                0.0,
                0.0
            ],
            [
                0.9999999999842628,
                1.573710209937313e-11,
                0.0,
                0.0,
                0.0
            ],
            [
                1.0603575990715512e-13,
                1.0060392792066244e-12,
                0.9999999999942966,
                4.508755241951113e-12,
                8.25807328492639e-14
            ],
            [
                4.508549265511009e-12,
                5.4925374198621946e-11,
                1.0815447444667865e-11,
                4.5397855724082806e-05,
                0.9999546020740265
            ],
            [
                2.2897347935764705e-11,
                1.3176513970458585e-10,
                2.0206838630714132e-11,
                2.2159489269454227e-08,
                0.9999999776656415
            ]
        ],
        [
            [
                0.999999999994891,
                5.109089024617421e-12,
                0.0,
                0.0,
                0.0
            ],
            [
                0.9999999995941349,
                4.0586521224310447e-10,
                0.0,
                0.0,
                0.0
            ],
            [
                4.752193062109827e-13,
                1.6586783586834058e-12,
                0.9999999999926028,
                5.109089027352333e-12,
                1.5428112029771866e-13
            ],
            [
                4.8276416054662724e-11,
                6.664353668640321e-10,
                1.9093692940382577e-10,
                0.004070137780356429,
                0.9959298613139949
            ],
            [
                6.488126550872371e-12,
                1.8961085153125922e-10,
                4.2307899668050026e-11,
                0.010986942407376677,
                0.9890130573542164
            ]
        ],
        [
            [
                0.9999999999964886,
                3.5114221110138703e-12,
                0.0,
                0.0,
                0.0
            ],
            [
                0.9999999999700608,
                2.940077736967117e-11,
                0.0,
                0.0,
                5.384940213509651e-13
            ],
            [
                4.59903812584723e-10,
                2.9023122888025826e-06,
                0.9999970094830356,
                8.764215341416777e-08,
                1.0261841135490269e-10
            ],
            [
                8.423464144470532e-12,
                4.2777880670282975e-11,
                4.50875545104779e-12,
                5.043472049357108e-07,
                0.999999495597085
            ],
            [
                1.081594293042668e-11,
                7.991960907575512e-11,
                1.3887945628111951e-11,
                1.8553915981677254e-07,
                0.9999998143562168
            ]
        ],
        [
            [
                0.9999999999771028,
                2.2897348423478824e-11,
                0.0,
                0.0,
                0.0
            ],
            [
                0.9999999988962689,
                1.1032560299086822e-09,
                0.0,
                0.0,
                4.752193052283125e-13
            ],
            [
                1.5737101750814486e-11,
                7.194132867559733e-09,
                0.9999999775444136,
                1.5229979400137747e-08,
                1.5737101750814486e-11
            ],
            [
                9.545035293221008e-12,
                5.4927885640938764e-11,
                7.433680960804718e-12,
                3.927863697895735e-07,
                0.9999996071417236
            ],
            [
                3.5114222846308935e-12,
                5.492788618841609e-11,
                6.560200488099085e-12,
                1.4449803165818884e-07,
                0.9999998554369688
            ]
        ],
        [
            [
                0.999999999994891,
                5.109089024616005e-12,
                0.0,
                0.0,
                0.0
            ],
            [
                0.9999999999856926,
                1.3887943856564068e-11,
                0.0,
                0.0,
                4.193795655842979e-13
            ],
            [
                4.965585160050178e-08,
                0.49999892107290345,
                0.4999989172256323,
                2.1114205376878853e-06,
                6.250749231163103e-10
            ],
            [
                2.7346619437107502e-12,
                4.2777310113165776e-11,
                1.0815797798627131e-11,
                1.3007124769288948e-05,
                0.9999869928189029
            ],
            [
                4.508755605283442e-12,
                3.7751348482057456e-11,
                6.5602006962991e-12,
                1.125351837791848e-07,
                0.9999998874159959
            ]
        ],
        [
            [
                0.9999999999964886,
                3.5114221112897924e-12,
                0.0,
                0.0,
                0.0
            ],
            [
                0.9999999981810384,
                1.8189616813245762e-09,
                0.0,
                0.0,
                0.0
            ],
            [
                2.734698144020265e-12,
                5.905303680278094e-10,
                0.9999999460995759,
                5.315784967570479e-08,
                1.4930945956257952e-10
            ],
            [
                1.2384779531173534e-10,
                1.709666078161703e-09,
                1.331489280462952e-09,
                0.060086654298286496,
                0.9399133425367103
            ],
            [
                1.5737073317226863e-11,
                1.0261860858500976e-10,
                3.7751276380044364e-11,
                2.2603252719083764e-06,
                0.9999977395186211
            ]
        ],
        [
            [
                0.9999999999943525,
                5.109089024160474e-12,
                0.0,
                0.0,
                5.38494021364046e-13
            ],
            [
                0.9999999999369749,
                6.224144606042848e-11,
                0.0,
                0.0,
                7.83504176383457e-13
            ],
            [
                1.917171526139254e-10,
                3.927863570846872e-07,
                0.9999995747541119,
                3.224186758078277e-08,
                2.5946095150322498e-11
            ],
            [
                1.3853603096026833e-11,
                3.153065531329278e-10,
                6.208754158026504e-11,
                0.002472622966731037,
                0.9975273766420213
            ],
            [
                1.879529052758993e-12,
                2.594609824367994e-11,
                3.5114225546934037e-12,
                3.0590235894774795e-07,
                0.9999996940663041
            ]
        ],
        [
            [
                0.9999999999842628,
                1.5737102084309595e-11,
                0.0,
                0.0,
                0.0
            ],
            [
                0.9999999997210531,
                2.789468088602048e-10,
                0.0,
                0.0,
                0.0
            ],
            [
                6.224144264266107e-11,
                2.5109990110576037e-08,
                0.9999999425481516,
                3.2241865514757465e-08,
                3.775134326751926e-11
            ],
            [
                3.7745370836013094e-11,
                2.461307358514248e-10,
                7.051763647616158e-11,
                0.00015843624835388926,
                0.9998415633972523
            ],
            [
                3.511362049505976e-12,
                5.49269439525305e-11,
                1.0815756547539657e-11,
                1.670141510291967e-05,
                0.9999832985156429
            ]
        ],
        [
            [
                0.9999999999622486,
                3.775134538074597e-11,
                0.0,
                0.0,
                0.0
            ],
            [
                0.9999999999377585,
                6.224144609691463e-11,
                0.0,
                0.0,
                0.0
            ],
            [
                1.573710392307266e-11,
                1.0467403002781383e-08,
                0.9999996835811886,
                3.0590235580583387e-07,
                3.331544926658021e-11
            ],
            [
                8.949205283591414e-11,
                2.615341148242026e-09,
                1.0902363932044803e-09,
                0.32082128678238,
                0.6791787094225504
            ],
            [
                1.0060029426515533e-12,
                1.783182882593723e-11,
                3.9788188216707615e-12,
                3.53562580472565e-05,
                0.9999646437191361
            ]
        ],
        [
            [
                0.9999999999972653,
                2.7346982901584432e-12,
                0.0,
                0.0,
                0.0
            ],
            [
                0.9999999988963246,
                1.103256029563035e-09,
                0.0,
                0.0,
                4.193795647809988e-13
            ],
            [
                1.0603575990658683e-13,
                1.2917800046805976e-12,
                0.9999999999889371,
                9.545034922061833e-12,
                1.2015425730791428e-13
            ],
            [
                2.020683954308671e-11,
                1.317651456540024e-10,
                2.289734896961828e-11,
                6.475946145031221e-07,
                0.9999993522305162
            ],
            [
                3.0988195246671047e-12,
                4.277788401750022e-11,
                6.560200985199941e-12,
                6.825604226435919e-08,
                0.9999999316915208
            ]
        ],
        [
            [
                0.9999999999984002,
                1.4637785135294705e-12,
                0.0,
                0.0,
                1.3615261075348796e-13
            ],
            [
                0.9999999992417439,
                7.582560417088449e-10,
                0.0,
                0.0,
                0.0
            ],
            [
                5.898381146955279e-10,
                1.184721523142043e-08,
                2.25768175137011e-06,
                0.9988282223376306,
                0.0011695075435646136
            ],
            [
                1.5725940144971786e-11,
                2.170899073769138e-10,
                4.8439305799618576e-11,
                0.0007096703486237128,
                0.9992903293701211
            ],
            [
                3.5114223962759135e-12,
                4.2777882136110235e-11,
                5.789356795152913e-12,
                1.1253518378570928e-07,
                0.9999998874127375
            ]
        ],
        [
            [
                0.9999999999904365,
                8.423463743857473e-12,
                0.0,
                0.0,
                1.139991851608289e-12
            ],
            [
                0.9999999999969011,
                3.098819137454042e-12,
                0.0,
                0.0,
                0.0
            ],
            [
                1.0261878778185053e-10,
                4.139937374451899e-08,
                0.9999999170437057,
                4.139937374451899e-08,
                5.4927878941000414e-11
            ],
            [
                3.5113620494404096e-12,
                7.052759209471528e-11,
                1.3887706307488455e-11,
                1.670141510260781e-05,
                0.9999832984969707
            ],
            [
                1.6586753259921772e-12,
                3.331538450379622e-11,
                4.5087469979579185e-12,
                1.0677030759600576e-06,
                0.9999989322574413
            ]
        ],
        [
            [
                0.999999999994891,
                5.10908902501826e-12,
                0.0,
                0.0,
                0.0
            ],
            [
                0.9999999998082829,
                1.917171512391305e-10,
                0.0,
                0.0,
                0.0
            ],
            [
                1.0226602200755099e-08,
                2.6903006839903616e-05,
                0.9769960045470268,
                0.022976743560654166,
                3.3865887684988145e-07
            ],
            [
                2.733519776115436e-12,
                6.221462334046799e-11,
                8.41983367124141e-12,
                0.00043055712022925123,
                0.9995694428064028
            ],
            [
                2.2897261856707146e-11,
                1.162818905123989e-10,
                2.020676266621246e-11,
                2.90231219968337e-06,
                0.9999970975284145
            ]
        ],
        [
            [
                0.9999999999985363,
                1.4637785131436525e-12,
                0.0,
                0.0,
                0.0
            ],
            [
                0.9999999999915765,
                8.423463750005987e-12,
                0.0,
                0.0,
                0.0
            ],
            [
                1.6893570783696915e-10,
                4.1337204779051784e-08,
                0.9984987399208353,
                0.0015011820930691138,
                3.647995517901834e-08
            ],
            [
                3.7220407378552846e-11,
                6.597475067584296e-10,
                1.4720956684053567e-10,
                0.014063627279412745,
                0.9859363718764097
            ],
            [
                1.081594179608022e-11,
                6.224144760324545e-11,
                1.2256067714689131e-11,
                6.475946142871927e-07,
                0.9999993523200722
            ]
        ],
        [
            [
                0.9999999999969011,
                3.0988191352917636e-12,
                0.0,
                0.0,
                0.0
            ],
            [
                0.9999999999771028,
                2.2897348440602688e-11,
                0.0,
                0.0,
                0.0
            ],
            [
                2.335455076931079e-09,
                5.714670154905491e-07,
                0.99994109844456,
                5.829122030533011e-05,
                3.653266405049123e-08
            ],
            [
                1.3887944932843382e-11,
                1.493094791005015e-10,
                3.331544798337354e-11,
                8.315279900346625e-07,
                0.9999991682754971
            ],
            [
                1.7832473732880124e-11,
                1.3176514879495848e-10,
                1.7832473732880124e-11,
                5.043472049102492e-07,
                0.999999495485365
            ]
        ],
        [
            [
                0.9999999999915765,
                8.423463749421238e-12,
                0.0,
                0.0,
                0.0
            ],
            [
                0.999999971545765,
                2.845334720491187e-08,
                0.0,
                0.0,
                8.878265202338423e-13
            ],
            [
                2.2447770547731252e-13,
                1.6586783587310941e-12,
                0.9999999999922073,
                5.789356328091441e-12,
                1.2015425730445145e-13
            ],
            [
                5.109060448391735e-12,
                6.224109805740129e-11,
                8.423416634556189e-12,
                6.144172123750772e-06,
                0.9999938557521026
            ],
            [
                1.2255998884333626e-11,
                1.0261822227312757e-10,
                1.783237315427568e-11,
                6.144172123400966e-06,
                0.99999385569517
            ]
        ],
        [
            [
                0.9999999999190743,
                7.991959880985696e-11,
                0.0,
                0.0,
                1.0060392777767383e-12
            ],
            [
                0.9999999999740539,
                2.5946094949645276e-11,
                0.0,
                0.0,
                0.0
            ],
            [
                1.0988506720408308e-08,
                1.2700998985616624e-06,
                0.8175728025007164,
                0.18242514605634894,
                7.703545293755538e-07
            ],
            [
                6.557998707610155e-12,
                1.162433084803873e-10,
                2.9390911131187585e-11,
                0.00033535005791589137,
                0.9996646497898919
            ],
            [
                5.789356773577503e-12,
                4.847369078735963e-11,
                7.433681243546852e-12,
                8.31527989989922e-07,
                0.9999991684103132
            ]
        ],
        [
            [
                0.999999999976215,
                2.2897348443978163e-11,
                0.0,
                0.0,
                8.878265473621658e-13
            ],
            [
                0.9999999998833475,
                1.162823302004733e-10,
                0.0,
                0.0,
                3.701011675354625e-13
            ],
            [
                2.2897348247097228e-11,
                5.60279638630898e-09,
                0.9999999909729397,
                3.398267788423544e-09,
                3.0988191103882602e-12
            ],
            [
                9.48114758433224e-12,
                2.1578992438564612e-10,
                7.005673138287173e-11,
                0.006692851436169926,
                0.9933071482685023
            ],
            [
                3.331544788376496e-11,
                2.172440095628159e-10,
