{
    "[['A', 'B', 'C', 'D', 'E'], ['A', 'B', 'C', 'D', 'E']]": [
        [
            [
                0.9999999996418252,
                3.5817479271336924e-10,
                0.0,
                0.0,
                0.0
            ],
            [
                0.9999999847694103,
                1.522997948504831e-08,
                0.0,
                0.0,
                6.101936573570042e-13
            ],
            [
                7.287724095182333e-14,
                7.835041784379164e-13,
                0.9999999999924631,
                6.5602001675800465e-12,
                1.201542573072096e-13
            ],
            [
                1.4637785088333683e-12,
                2.02068390171609e-11,
                4.508755225992652e-12,
                2.9989608140140534e-09,
                0.9999999969748599
            ],
            [
                7.433680589821425e-12,
                9.056076889129815e-11,
                1.5737101932145272e-11,
                1.0467401678532689e-08,
                0.9999999894188668
            ]
        ],
        [
            [
                0.9999999998835816,
                1.1628233021086098e-10,
                0.0,
                0.0,
                1.3615261070200702e-13
            ],
            [
                0.9988304895805564,
                0.0011695103450231575,
                7.044625182684396e-11,
                3.974305570581459e-12,
                0.0
            ],
            [
                6.4313939407932e-14,
                8.878265477550214e-13,
                0.9999999999881257,
                1.0815941556177762e-11,
                1.0603575990437669e-13
            ],
            [
                1.8795288126025622e-12,
                2.2897348408498887e-11,
                4.508755232851602e-12,
                1.6052280518235915e-09,
                0.9999999983654864
            ],
            [
                3.978962509474303e-12,
                3.77513451926664e-11,
                7.433680623099738e-12,
                5.602796400415489e-09,
                0.9999999943480395
            ]
        ],
        [
            [
                0.999999998748841,
                1.250152861073443e-09,
                0.0,
                0.0,
                1.0060392750075295e-12
            ],
            [
                0.9859363723658682,
                0.014063627265478593,
                3.5313739287173347e-10,
                1.55157741905485e-11,
                0.0
            ],
            [
                6.431393940458256e-14,
                5.384940216921984e-13,
                0.9999999999947948,
                4.5087552415981564e-12,
                9.357622967394285e-14
            ],
            [
                5.789356296718986e-12,
                4.847368679467216e-11,
                9.545034870062314e-12,
                4.9444504745988e-09,
                0.9999999949917415
            ],
            [
                1.6586782975129502e-12,
                1.7832472248020407e-11,
                3.978962388543224e-12,
                3.653482078475724e-08,
                0.9999999634417092
            ]
        ],
        [
            [
                0.9999999994088595,
                5.90530398708767e-10,
                0.0,
                0.0,
                6.101936665354165e-13
            ],
            [
                0.9968273158031776,
                0.003172683067759068,
                1.0997558256480464e-09,
                2.9307500043918784e-11,
                0.0
            ],
            [
                3.0988194650288164e-12,
                5.21141303665252e-10,
                0.9999999117783406,
                8.76424914232275e-08,
                5.492788929347664e-11
            ],
            [
                3.0988190999867908e-12,
                3.775134497090165e-11,
                7.43368057943167e-12,
                1.186112000308061e-08,
                0.9999999880905962
            ],
            [
                1.4637785025525527e-12,
                3.331544515825575e-11,
                8.423463687868582e-12,
                7.194132973445013e-09,
                0.9999999927626645
            ]
        ],
        [
            [
                0.9999999973534264,
                2.6465736298979844e-09,
                0.0,
                0.0,
                0.0
            ],
            [
                0.9999546021334637,
                4.539785572085116e-05,
                1.0815447443897968e-11,
                0.0,
                0.0
            ],
            [
                1.5428112030433108e-13,
                1.0060392791864326e-12,
                0.9999999999942579,
                4.50875524186062e-12,
                7.287724095117865e-14
            ],
            [
                5.109088955470911e-12,
                7.991959779400292e-11,
                1.3887943667637381e-11,
                1.344040976016716e-08,
                0.9999999864606737
            ],
            [
                3.511422009833888e-12,
                4.8473685633340726e-11,
                8.423463506082804e-12,
                2.845334725081943e-08,
                0.9999999714862442
            ]
        ],
        [
            [
                0.9999999999092413,
                9.056076984131452e-11,
                0.0,
                0.0,
                1.9810087968368e-13
            ],
            [
                0.9999991684695972,
                8.31527989337169e-07,
                2.41336295537847e-12,
                0.0,
                0.0
            ],
            [
                5.0087746374250116e-14,
                4.1937956580291434e-13,
                0.9999999999963674,
                3.098819138462912e-12,
                6.431393940914642e-14
            ],
            [
                5.1090896756437e-12,
                5.4927890471691984e-11,
                6.560200999663439e-12,
                1.8553915977880468e-07,
                0.999999814394243
            ],
            [
                2.1297851545925508e-12,
                2.2897348280534182e-11,
                3.978962505266693e-12,
                7.194132975052539e-09,
                0.9999999927768608
            ]
        ],
        [
            [
                0.9999999976639875,
                2.3355930295942032e-09,
                0.0,
                0.0,
                4.1937956418507876e-13
            ],
            [
                0.9999999827411662,
                1.725782766566264e-08,
                0.0,
                0.0,
                1.006039260495088e-12
            ],
            [
                1.2015425729847695e-13,
                1.0060392791222148e-12,
                0.9999999999891744,
                9.545034921312134e-12,
                1.5428112029448296e-13
            ],
            [
                2.1297854533077593e-12,
                3.775135044759947e-11,
                5.789357096242892e-12,
                6.023574636449633e-08,
                0.9999999397185831
            ],
            [
                3.0988190488043445e-12,
                3.33154444549601e-11,
                5.789356160742681e-12,
                2.8453347264211958e-08,
                0.9999999715044491
            ]
        ],
        [
            [
                0.9999999976640368,
                2.3355930304228666e-09,
                0.0,
                0.0,
                3.7010116653192057e-13
            ],
            [
                0.9999999827418456,
                1.725782766854703e-08,
                0.0,
                0.0,
                3.266131282336885e-13
            ],
            [
                3.7010116770631064e-13,
                1.3887943859224366e-11,
                0.9999999996244682,
                3.5817479288029046e-10,
                3.098819137441136e-12
            ],
            [
                5.109088977861101e-12,
                5.4927882969822064e-11,
                7.433680599308384e-12,
                9.237449571202845e-09,
                0.9999999906950797
            ],
            [
                5.109088911079961e-12,
                5.4927882251857145e-11,
                8.423463561595687e-12,
                2.2159489265977746e-08,
                0.9999999777720504
            ]
        ],
        [
            [
                0.99999999614906,
                3.850741905664661e-09,
                0.0,
                0.0,
                1.9810087892503879e-13
            ],
            [
                0.9914225113372483,
                0.008577485641459211,
                2.9732345194434025e-09,
                4.80578600643714e-11,
                0.0
            ],
            [
                1.060357599062262e-13,
                8.423463753752714e-12,
                0.9999999999483227,
                4.2777878686054174e-11,
                3.7010116782781133e-13
            ],
            [
                1.87952877398309e-12,
                1.7832472504386365e-11,
                2.7346982296732694e-12,
                2.2159489271634325e-08,
                0.999999977818064
            ],
            [
                3.098819104322124e-12,
                3.3315445051832477e-11,
                6.56020009532961e-12,
                1.0467401678547009e-08,
                0.9999999894896238
            ]
        ],
        [
            [
                0.9999999993300579,
                6.691586076068286e-10,
                0.0,
                0.0,
                7.835041767238337e-13
            ],
            [
                0.9999999997817499,
                2.1724399311176207e-10,
                0.0,
                0.0,
                1.0060392774488264e-12
            ],
            [
                6.431393940905172e-14,
                4.752193062367098e-13,
                0.9999999999948948,
                4.508755241911469e-12,
                5.675685232150148e-14
            ],
            [
                4.363462180762802e-09,
                1.416608763209489e-09,
                4.84736862608452e-11,
                1.0467401621591683e-08,
                0.9999999837040536
            ],
            [
                1.463778508826427e-12,
                2.2897348373557686e-11,
                6.5602001444031485e-12,
                2.998960813999832e-09,
                0.9999999969701179
            ]
        ],
        [
            [
                0.9999999998068192,
                1.9171715099006897e-10,
                0.0,
                0.0,
                1.463778511180578e-12
            ],
            [
                0.9999869928733535,
                1.3007124766974925e-05,
                1.879503834695708e-12,
                0.0,
                0.0
            ],
            [
                4.1937956564544473e-13,
                5.492788348433304e-11,
                0.9999999995837432,
                3.581747928639035e-10,
                2.7346982903365532e-12
            ],
            [
                1.3887943814933215e-11,
                7.05287982570442e-11,
                1.2256067399947451e-11,
                2.646573629374933e-09,
                0.9999999972567535
            ],
            [
                1.1399918237203392e-12,
                1.7832472449441597e-11,
                3.511422023052183e-12,
                2.5109990911535378e-08,
                0.9999999748675252
            ]
        ],
        [
            [
                0.9999999999085516,
                9.056076970178737e-11,
                0.0,
                0.0,
                8.878265459348285e-13
            ],
            [
                0.9984988179194961,
                0.0015011820290088353,
                4.8400888656884324e-11,
                3.094165292338608e-12,
                0.0
            ],
            [
                1.201542572933856e-13,
                1.0060392790795855e-12,
                0.9999999999892086,
                9.545034920907678e-12,
                1.201542572933856e-13
            ],
            [
                7.433680538428747e-12,
                7.052879724049137e-11,
                1.0815941362428236e-11,
                1.7257827677047248e-08,
                0.999999982653394
            ],
            [
                5.109088995371961e-12,
                2.594609481674422e-11,
                6.560200126177236e-12,
                5.602796401686833e-09,
                0.9999999943595881
            ]
        ],
        [
            [
                0.9999999999795686,
                2.0206839076287738e-11,
                0.0,
                0.0,
                2.2447770534729986e-13
            ],
            [
                0.9999989322961403,
                1.0677030762247967e-06,
                7.835027460497745e-13,
                0.0,
                0.0
            ],
            [
                2.244777054545256e-13,
                1.2256067441502149e-11,
                0.9999999998365514,
                1.493094675880744e-10,
                1.6586783585627205e-12
            ],
            [
                1.225606727247401e-11,
                7.991959781040066e-11,
                1.0815941405826745e-11,
                1.3440409762924838e-08,
                0.9999999864565987
            ],
            [
                2.289734829967039e-11,
                1.0261879561435664e-10,
                1.5737101999106153e-11,
                5.602796399173208e-09,
                0.9999999942559503
            ]
        ],
        [
            [
                0.9999999998081082,
                1.917171512391305e-10,
                0.0,
                0.0,
                1.748234127024508e-13
            ],
            [
                0.9626731114376286,
                0.03732688369054277,
                4.75988680966992e-09,
                1.1194180829318718e-10,
                0.0
            ],
            [
                6.10193667682262e-13,
                4.5087552417164804e-12,
                0.9999999999743474,
                2.020683908763021e-11,
                3.2661313423684963e-13
            ],
            [
                3.5114220422113093e-12,
                3.3315444746467477e-11,
                5.109088924518566e-12,
                1.9555680691519906e-08,
                0.9999999804023834
            ],
            [
                2.2897348417242222e-11,
                7.05287983903361e-11,
                1.0815941538762638e-11,
                1.2501528642457684e-09,
                0.999999998645605
            ]
        ],
        [
            [
                0.9999999999092646,
                9.05607698468622e-11,
                0.0,
                0.0,
                1.7482341273084078e-13
            ],
            [
                0.9999999895325983,
                1.0467401673629935e-08,
                0.0,
                0.0,
                0.0
            ],
            [
                8.258073284768801e-14,
                6.101936677023718e-13,
                0.9999999999952456,
                3.978962535457985e-12,
                8.258073284768801e-14
            ],
            [
                2.1297853949662672e-12,
                2.594609771177101e-11,
                3.9789629543439175e-12,
                8.764249141265937e-08,
                0.9999999123254537
            ],
            [
                1.2256067388367029e-11,
                7.991959856611806e-11,
                1.3887943801810877e-11,
                3.850741905257e-09,
                0.9999999960431945
            ]
        ],
        [
            [
                0.9999999983942336,
                1.6052280496881422e-09,
                0.0,
                0.0,
                5.38494019931208e-13
            ],
            [
                0.9998415637029534,
                0.00015843624670134555,
                4.8466015517541346e-11,
                1.879231358452612e-12,
                0.0
            ],
            [
                6.431393940667283e-14,
                4.752193062191321e-13,
                0.9999999999942688,
                5.1090890274399476e-12,
                8.258073284548324e-14
            ],
            [
                2.7346982614605477e-12,
                2.2897348204169017e-11,
                3.978962491996418e-12,
                1.0467401679413213e-08,
                0.9999999895029873
            ],
            [
                3.331544533744291e-11,
                9.056076966779169e-11,
                1.3887943829855396e-11,
                1.4166087830620192e-09,
                0.9999999984456271
            ]
        ],
        [
            [
                0.9999999999768783,
                2.2897348430664468e-11,
                0.0,
                0.0,
                2.2447770524925073e-13
            ],
            [
                0.9999546021254455,
                4.5397855716917585e-05,
                1.7831658251348854e-11,
                1.0059933194917794e-12,
                0.0
            ],
            [
                6.101936667135622e-13,
                5.492788341530157e-11,
                0.9999999983326737,
                1.6052280524313614e-09,
                6.5602001568977876e-12
            ],
            [
                2.2897348351570188e-11,
                1.0261879584695541e-10,
                1.3887943801347846e-11,
                3.8507419051286146e-09,
                0.999999996009854
            ],
            [
                7.433680653104734e-12,
                4.847368693719339e-11,
                1.2256067412365796e-11,
                2.061153617101772e-09,
                0.9999999978706828
            ]
        ],
        [
            [
                0.9999999998306355,
                1.691897921045691e-10,
                0.0,
                0.0,
                1.7482341266493588e-13
            ],
            [
                0.9999997617594975,
                2.3823698435747523e-07,
                2.734698493704233e-12,
                0.0,
                7.835042364125992e-13
            ],
            [
                1.5428112030385405e-13,
                1.1399918529310462e-12,
                0.999999999991166,
                7.43368067161332e-12,
                1.0603575990469907e-13
            ],
            [
                1.0815942927221309e-11,
                1.3176515939018702e-10,
                1.573710410010746e-11,
                1.8553915976178684e-07,
                0.999999814302522
            ],
            [
                2.0206839043743202e-11,
                9.056076968842439e-11,
                1.2256067415908563e-11,
                1.8189616833691425e-09,
                0.9999999980580145
            ]
        ],
        [
            [
                0.9999999994786342,
                5.211412482455605e-10,
                0.0,
                0.0,
                2.244777052680778e-13
            ],
            [
                0.9988304895385162,
                0.001169510342242436,
                1.1614623382312686e-10,
                3.095192290403611e-12,
                0.0
            ],
            [
                9.357622967373896e-14,
                6.10193667664919e-13,
                0.9999999999926159,
                6.560200167125838e-12,
                1.2015425729889047e-13
            ],
            [
                1.3887945597711563e-11,
                1.0261880912038769e-10,
                1.3887945597711563e-11,
                6.825604227940232e-08,
                0.999999931613563
            ],
            [
                5.109088912458126e-12,
                4.847368596587096e-11,
                8.423463563867896e-12,
                2.2159489271955214e-08,
                0.9999999777785046
            ]
        ],
        [
            [
                0.9999999999515263,
                4.8473687013147025e-11,
                0.0,
                0.0,
                0.0
            ],
            [
                0.060086501063855303,
                0.939911088657607,
                2.4073846627303716e-06,
                2.8187576409962267e-09,
                7.511734674250422e-11
            ],
            [
                1.748234128112684e-13,
                1.8795288163688165e-12,
                0.9999999999799385,
                1.783247290653094e-11,
                1.748234128112684e-13
            ],
            [
                1.0815941103702875e-11,
                1.0261879201354494e-10,
                1.783247216031475e-11,
                4.139937545170636e-08,
                0.9999999584693573
            ],
            [
                4.508755198049007e-12,
                4.2777878269897346e-11,
                7.433680599403167e-12,
                9.237449571320627e-09,
                0.9999999907078302
            ]
        ],
        [
            [
                0.9999999993299538,
                6.691586073016722e-10,
                0.0,
                0.0,
                8.87826545421134e-13
            ],
            [
                0.731058525781556,
                0.26894140965741825,
                6.407183134838422e-08,
                4.891944691198189e-10,
                0.0
            ],
            [
                3.9008376097646085e-14,
                4.1937956579321875e-13,
                0.9999999999959477,
                3.5114221130019443e-12,
                8.258073284675023e-14
            ],
            [
                3.978962368764706e-12,
                5.492788120318165e-11,
                9.545034522054456e-12,
                4.1399375449534516e-08,
                0.9999999585321726
            ],
            [
                8.87826546444738e-13,
                1.0815941540215244e-11,
                2.413362768024282e-12,
                9.736200297643235e-10,
                0.9999999990122628
            ]
        ],
        [
            [
                0.9999999997538302,
                2.461696949926497e-10,
                0.0,
                0.0,
                0.0
            ],
            [
                0.6791786903885999,
                0.3208212773489478,
                3.186137682089974e-08,
                4.0107554346127545e-10,
                0.0
            ],
            [
                1.9810087677297052e-13,
                2.594609458566054e-11,
                0.9999999847209791,
                1.522997951161829e-08,
                2.2897348106012366e-11
            ],
            [
                2.734698397126447e-12,
                4.277788034052845e-11,
                6.560200421318057e-12,
                3.9278636970609786e-07,
                0.9999996071615574
            ],
            [
                3.978962491666714e-12,
                3.331544505182884e-11,
                5.789356264462916e-12,
                1.0467401678545866e-08,
                0.9999999894895145
            ]
        ],
        [
            [
                0.9999999973525386,
                2.6465736270883997e-09,
                0.0,
                0.0,
                8.878265438805569e-13
            ],
            [
                0.9999994956515033,
                5.043472049940406e-07,
                1.2917800647441216e-12,
                0.0,
                0.0
            ],
            [
                8.258073284743773e-14,
                1.0060392791843771e-12,
                0.9999999999922149,
                6.560200167508611e-12,
                1.3615261079557534e-13
            ],
            [
                1.4930946589049345e-10,
                4.0586520794705397e-10,
                3.775134500557494e-11,
                1.0467401673516768e-08,
                0.9999999889396723
            ],
            [
                1.5737102056055445e-11,
                9.056076960435195e-11,
                1.5737102056055445e-11,
                2.646573630364617e-09,
                0.9999999972313913
            ]
        ],
        [
            [
                0.9999999979384762,
                2.061153615269592e-09,
                0.0,
                0.0,
                3.7010116657200626e-13
            ],
            [
                0.9994472213933436,
                0.0005527785823087587,
                2.288468903036621e-11,
                1.4629692240919141e-12,
                0.0
            ],
            [
                3.90083760985579e-14,
                5.38494021730549e-13,
                0.9999999999966234,
                2.7346982913640844e-12,
                6.431393940916289e-14
            ],
            [
                4.193795611261539e-13,
                7.433680588833526e-12,
                1.6586783402786986e-12,
                1.0467401677141624e-08,
                0.9999999895230866
            ],
            [
                5.4927883065387016e-11,
                2.1724399175121555e-10,
                2.9400777155103104e-11,
                7.194132972151927e-09,
                0.9999999925042945
            ]
        ],
        [
            [
                0.9999999983939885,
                1.6052280496877487e-09,
                0.0,
                0.0,
                7.835041758229581e-13
            ],
            [
                0.9988304896200668,
                0.0011695103447794456,
                3.3276453139228916e-11,
                1.8773290224936483e-12,
                0.0
            ],
            [
                4.1937956556156516e-13,
                2.020683907690499e-11,
                0.9999999993837345,
                5.905303995052189e-10,
                5.1090890246962145e-12
            ],
            [
                3.97896232144203e-12,
                4.277787638472426e-11,
                8.423463300593986e-12,
                5.3157849679982784e-08,
                0.99999994678697
            ],
            [
                3.775134490333145e-11,
                1.9171714863622966e-10,
                2.9400776972713224e-11,
                1.3440409759074126e-08,
                0.999999986300721
            ]
        ],
        [
            [
                0.9999999996416709,
                3.58174792754603e-10,
                0.0,
                0.0,
                1.5428112020128802e-13
            ],
            [
                0.9998766053616023,
                0.00012339462758310482,
                1.0814601137229103e-11,
                0.0,
                0.0
            ],
            [
                3.701011621938339e-13,
                3.331544491167807e-11,
                0.999999984725519,
                1.52299795115752e-08,
                1.0815941391717462e-11
            ],
            [
                7.052879781246821e-11,
                1.6918979058553069e-10,
                2.2897348229635985e-11,
                9.23744957046506e-09,
                0.9999999904999345
            ],
            [
                9.545034892739351e-12,
                4.277787855478541e-11,
                7.43368064890929e-12,
                2.3355930314337975e-09,
                0.9999999976046503
            ]
        ],
        [
            [
                0.9999999995941349,
                4.058652122112546e-10,
                0.0,
                0.0,
                0.0
            ],
            [
                0.9999999918470709,
                8.152020639013556e-09,
                5.384940167910032e-13,
                0.0,
                3.7010116443354233e-13
            ],
            [
                4.752193061911657e-13,
                6.224144621782066e-11,
                0.9999999998568885,
                7.991959891508483e-11,
                4.752193061911657e-13
            ],
            [
                2.4133628837808915e-12,
                2.2897349518585525e-11,
                4.508755451440622e-12,
                5.043472049796528e-07,
                0.9999994956229755
            ],
            [
                8.423463583168418e-12,
                9.056076805507765e-11,
                1.225606719485912e-11,
                1.955568069016461e-08,
                0.999999980333079
            ]
        ],
        [
            [
                0.9999999994089945,
                5.905303984712451e-10,
                0.0,
                0.0,
                4.752193051318524e-13
            ],
            [
                0.8807970657952623,
                0.11920292212077117,
                1.183827097758462e-08,
                2.4569547570920495e-10,
                0.0
            ],
            [
                4.4202281032258457e-14,
                5.384940217248063e-13,
                0.9999999999966,
                2.7346982913349207e-12,
                8.258073284779987e-14
            ],
            [
                3.978962995903102e-12,
                4.2777883635864134e-11,
                6.560200926674151e-12,
                7.734422801430829e-08,
                0.9999999226024548
            ],
            [
                6.560200086401359e-12,
                6.224144545343245e-11,
                1.0815941422498738e-11,
                1.1861120003531986e-08,
                0.9999999880592624
            ]
        ],
        [
            [
                0.9999999999199443,
                7.991959887594636e-11,
                0.0,
                0.0,
                1.3615261071766335e-13
            ],
            [
                0.9399133405657387,
                0.06008665405882383,
                5.266142243348513e-09,
                1.0929529540941817e-10,
                0.0
            ],
            [
                3.0379753850790386e-14,
                3.7010116781491203e-13,
                0.9999999999964362,
                3.098819138350444e-12,
                6.431393940681222e-14
            ],
            [
                4.508755839512267e-12,
                4.8473693483395155e-11,
                7.433681656997288e-12,
                6.023574635752668e-08,
                0.9999999397038375
            ],
            [
                6.560199855871613e-12,
                7.991959512516373e-11,
                1.3887943203862672e-11,
                4.691163798523113e-08,
                0.9999999529879942
            ]
        ],
        [
            [
                0.9999999998080848,
                1.9171715123912603e-10,
                0.0,
                0.0,
                1.9810087966364084e-13
            ],
            [
                0.9999832985821625,
                1.670141510271746e-05,
                2.7346515137693575e-12,
                0.0,
                0.0
            ],
            [
                1.0603575990361098e-13,
                1.0060392791729984e-12,
                0.9999999999929625,
                5.7893563280958125e-12,
                1.3615261079403538e-13
            ],
            [
                2.413362759944695e-12,
                3.3315445257548185e-11,
                5.789356300211578e-12,
                4.363462231448756e-09,
                0.9999999955950196
            ],
            [
                5.492788327671512e-11,
                1.6918979154434089e-10,
                2.5946094872782752e-11,
                3.398267805090283e-09,
                0.9999999963516684
            ]
        ],
        [
            [
                0.9999999998824258,
                1.162823300770248e-10,
                0.0,
                0.0,
                1.291780002284418e-12
            ],
            [
                0.9525741087405656,
                0.04742587458558665,
                1.643935304176845e-08,
                2.344947771004036e-10,
                0.0
            ],
            [
                4.420228103040673e-14,
                4.752193062125555e-13,
                0.9999999999959124,
                3.5114221128994757e-12,
                5.6756852318616655e-14
            ],
            [
                2.289734736682347e-11,
                1.162823247686015e-10,
                1.5737101357970468e-11,
                4.6911637985927296e-08,
                0.9999999529334451
            ],
            [
                2.1297851625522388e-12,
                2.0206839010491543e-11,
                3.9789625201373486e-12,
                3.3982678060864415e-09,
                0.9999999965754165
            ]
        ],
        [
            [
                0.9999999996834368,
                3.160881449825813e-10,
                0.0,
                0.0,
                4.752193056023898e-13
            ],
            [
                0.9999999992417439,
                7.58256041641286e-10,
                0.0,
                0.0,
                0.0
            ],
            [
                6.431393940571223e-14,
                5.384940217016571e-13,
                0.9999999999948155,
                4.508755241677353e-12,
                7.287724094821642e-14
            ],
            [
                6.224144568509382e-11,
                1.917171497002425e-10,
                1.7832472752292362e-11,
                8.152020643222324e-09,
                0.9999999915761882
            ],
            [
                4.508755202594882e-12,
                4.8473686635887945e-11,
                9.545034838795848e-12,
                8.152020642690986e-09,
                0.999999991785452
            ]
        ],
        [
            [
                0.9999999970002555,
                2.998960809679872e-09,
                0.0,
                0.0,
                7.835041745412041e-13
            ],
            [
                0.6791787031523744,
                0.3208212833511473,
                1.3281798138063741e-08,
                2.1468027232570485e-10,
                0.0
            ],
            [
                5.675685232089705e-14,
                4.75219306231649e-13,
                0.9999999999948863,
                4.508755241863453e-12,
                7.287724095122444e-14
            ],
            [
                2.734698201975127e-12,
                5.492788170954634e-11,
                1.0815941202844581e-11,
                3.224186631599327e-08,
                0.9999999676896552
            ],
            [
                1.4637785088002727e-12,
                1.3887943814435792e-11,
                2.7346982816422763e-12,
                2.646573629280141e-09,
                0.99999999733534
            ]
        ],
        [
            [
                0.9999999998830262,
                1.1628233007709461e-10,
                0.0,
                0.0,
                6.914400093554371e-13
            ],
            [
                0.999738809607818,
                0.00026119032644624315,
                6.222519111704276e-11,
                3.5105050627082913e-12,
                0.0
            ],
            [
                6.431393940749844e-14,
                6.101936676939138e-13,
                0.9999999999934426,
                5.789356328098592e-12,
                9.357622967818544e-14
            ],
            [
                9.545036025917675e-12,
                9.05607803624323e-11,
                1.2256068860478447e-11,
                7.734422800974153e-08,
                0.9999999225434101
            ],
            [
                4.508755217914476e-12,
                5.492788321253338e-11,
                1.0815941498800276e-11,
                4.363462229349001e-09,
                0.9999999955662853
            ]
        ],
        [
            [
                0.9999999996418252,
                3.581747926284407e-10,
                0.0,
                0.0,
                0.0
            ],
            [
                0.999999992804861,
                7.194132963734382e-09,
                0.0,
                0.0,
                1.0060392699711228e-12
            ],
            [
                3.4424771081057344e-14,
                3.7010116782010745e-13,
                0.9999999999968106,
                2.734698291302521e-12,
                5.0087746373135367e-14
            ],
            [
                1.658678435512305e-12,
                2.0206840023377745e-11,
                5.109089264002003e-12,
                5.043472048755514e-07,
                0.9999994956258205
            ],
            [
                1.8795287953769557e-12,
                2.5946094690630508e-11,
                5.78935626354671e-12,
                1.0467401676889326e-08,
                0.9999999894989834
            ]
        ],
        [
            [
                0.9999999996418252,
                3.581747926603532e-10,
                0.0,
                0.0,
                0.0
            ],
            [
                0.9999999985823851,
                1.4166087813263687e-09,
                0.0,
                0.0,
                1.0060392755074422e-12
            ],
            [
                1.7482341276675452e-13,
                1.5737102101430263e-11,
                0.9999999997032616,
                2.7894680919059665e-10,
                1.8795288158902473e-12
            ],
            [
                1.783247238925304e-11,
                1.4930946327507558e-10,
                1.783247238925304e-11,
                2.8453347261892014e-08,
                0.9999999713616783
            ],
            [
                2.7346982484154586e-12,
                2.940077692865451e-11,
                5.1090889473991606e-12,
                1.5229979504256142e-08,
                0.9999999847327758
            ]
        ],
        [
            [
                0.9999999999091511,
                9.056076981069e-11,
                0.0,
                0.0,
                2.882350790705965e-13
            ],
            [
                0.9998415637448163,
                0.00015843624676154265,
                8.422130643013573e-12,
                0.0,
                0.0
            ],
            [
                5.0087746370730824e-14,
                4.193795657734477e-13,
                0.9999999999954947,
                3.978962535225217e-12,
                5.675685231759719e-14
            ],
            [
                6.560199923359987e-12,
                9.056076651745462e-11,
                1.388794334673556e-11,
                3.6534820773914e-08,
                0.9999999633541703
            ],
            [
                3.581747856292571e-10,
                4.599055283646493e-10,
                3.775134466293569e-11,
                1.9555680683875453e-08,
                0.9999999795884877
            ]
        ],
        [
            [
                0.9999999997201654,
                2.789468085573273e-10,
                0.0,
                0.0,
                8.878265455239197e-13
            ],
            [
                0.9959298620522682,
                0.004070137771827158,
                1.6850124889954923e-10,
                7.403428188360746e-12,
                0.0
            ],
            [
                1.5428112030121572e-13,
                1.2917800046355096e-12,
                0.9999999999861233,
                1.2256067442671706e-11,
                1.7482341280673955e-13
            ],
            [
                3.098819083513334e-12,
                2.9400776869041146e-11,
                4.508755161966944e-12,
