{
    "[['A', 'B', 'C', 'D', 'E'], ['A', 'B', 'C', 'D', 'E']]": [
        [
            [
                0.9999999999759628,
                2.2897348430643507e-11,
                0.0,
                0.0,
                1.1399918517592503e-12
            ],
            [
                0.9999999970010391,
                2.998960813589561e-09,
                0.0,
                0.0,
                0.0
            ],
            [
                2.8823507932392174e-13,
                3.5114221131265635e-12,
                0.9999999999837463,
                1.2256067443227077e-11,
                1.9810087979079684e-13
            ],
            [
                2.129785270180164e-12,
                3.331544697379455e-11,
                5.789356598450478e-12,
                5.043472050816927e-07,
                0.9999994956115603
            ],
            [
                4.193796099148393e-13,
                8.423464639776545e-12,
                1.8795290140779763e-12,
                8.764249140568056e-08,
                0.9999999123467862
            ]
        ],
        [
            [
                0.9999999999732703,
                2.594609495344595e-11,
                0.0,
                0.0,
                7.835041776210904e-13
            ],
            [
                0.999999998749237,
                1.2501528640848445e-09,
                0.0,
                0.0,
                6.101936666369869e-13
            ],
            [
                5.7893562294324725e-12,
                1.8189616563544852e-09,
                0.9999999829387093,
                1.522997948349028e-08,
                6.5602000556342e-12
            ],
            [
                3.511422381970642e-12,
                4.847369077053015e-11,
                4.508755587176515e-12,
                8.315279897012255e-07,
                0.9999991684155164
            ],
            [
                1.0815941279277729e-11,
                1.0261879367935277e-10,
                2.0206838570834915e-11,
                2.51099909120242e-08,
                0.9999999747563675
            ]
        ],
        [
            [
                0.9999999999925664,
                7.43368066300094e-12,
                0.0,
                0.0,
                0.0
            ],
            [
                0.9999999907625504,
                9.237449567646352e-09,
                0.0,
                0.0,
                0.0
            ],
            [
                1.2917800041424056e-12,
                1.4930946754532746e-10,
                0.9999999995311808,
                3.160881452738879e-10,
                2.1297851698946837e-12
            ],
            [
                3.0951922913418646e-12,
                6.216859905211286e-11,
                8.413604961141107e-12,
                0.0011695103534002352,
                0.9988304895729223
            ],
            [
                2.5946097976982295e-11,
                2.1724401857817895e-10,
                1.0261880815937934e-10,
                7.734422799705259e-08,
                0.999999922309963
            ]
        ],
        [
            [
                0.9999999999622486,
                3.775134540892923e-11,
                0.0,
                0.0,
                0.0
            ],
            [
                0.999999998394772,
                1.605228051772304e-09,
                0.0,
                0.0,
                0.0
            ],
            [
                2.129785167418615e-12,
                3.581747924334575e-10,
                0.9999999983876628,
                1.2501528643104752e-09,
                1.8795288134175415e-12
            ],
            [
                1.6586753248624621e-12,
                3.7751276388091e-11,
                4.508746994887035e-12,
                2.260325272390162e-06,
                0.999997739630809
            ],
            [
                2.4133630248203756e-12,
                2.94007804748593e-11,
                7.433681451607505e-12,
                8.76424913817923e-08,
                0.9999999123182608
            ]
        ],
        [
            [
                0.9999999999704245,
                2.9400777369681866e-11,
                0.0,
                0.0,
                1.7482341268937428e-13
            ],
            [
                0.9999998555009881,
                1.444980315483284e-07,
                3.7010118562796197e-13,
                0.0,
                6.101936970561574e-13
            ],
            [
                2.5946094283400798e-11,
                1.9555680560737e-08,
                0.9999999732146955,
                7.194132836411165e-09,
                9.545034665559038e-12
            ],
            [
                2.1297812753543994e-12,
                3.331538448420568e-11,
                4.508746995306628e-12,
                2.2603252726005124e-06,
                0.9999977396347735
            ],
            [
                1.6586783197452196e-12,
                2.9400776698557386e-11,
                7.433680496808857e-12,
                2.2159489250078686e-08,
                0.9999999778020175
            ]
        ],
        [
            [
                0.999999999990455,
                9.545034905380868e-12,
                0.0,
                0.0,
                0.0
            ],
            [
                0.9999999865595903,
                1.3440409755662194e-08,
                0.0,
                0.0,
                0.0
            ],
            [
                2.4616925720335467e-10,
                1.370956647212316e-06,
                0.9999986238443183,
                4.9444417049116625e-09,
                8.423448767679337e-12
            ],
            [
                1.1399920043956899e-12,
                1.78324752756796e-11,
                2.1297854537173038e-12,
                6.02357463760793e-08,
                0.9999999397431514
            ],
            [
                2.4133630923603213e-12,
                3.331544984640436e-11,
                6.5602010394367905e-12,
                6.02357463789828e-08,
                0.9999999397219647
            ]
        ],
        [
            [
                0.9999999999613609,
                3.7751345380732786e-11,
                0.0,
                0.0,
                8.87826546386497e-13
            ],
            [
                0.9999999996832205,
                3.160881449360805e-10,
                0.0,
                0.0,
                6.914400096105806e-13
            ],
            [
                6.101936675929857e-13,
                9.056076987186255e-11,
                0.9999999997587359,
                1.493094675787191e-10,
                7.835041782913047e-13
            ],
            [
                3.978963064466797e-12,
                4.8473693502728944e-11,
                8.423464873577428e-12,
                6.023574638155178e-08,
                0.9999999397033775
            ],
            [
                3.5114223836464957e-12,
                4.277788198225243e-11,
                1.2256068387434417e-11,
                8.315279900980788e-07,
                0.9999991684134645
            ]
        ],
        [
            [
                0.9999999999515263,
                4.847368696041156e-11,
                0.0,
                0.0,
                0.0
            ],
            [
                0.9999998144608405,
                1.8553915944314752e-07,
                0.0,
                0.0,
                0.0
            ],
            [
                6.56020015383586e-12,
                5.211412476514408e-10,
                0.9999999978659306,
                1.6052280516821324e-09,
                1.139991850556274e-12
            ],
            [
                1.4637758708527429e-12,
                3.331538526104415e-11,
                3.978955350675824e-12,
                1.7603431333445355e-06,
                0.9999982396181086
            ],
            [
                2.4133627378649103e-12,
                3.331544495274615e-11,
                8.423463635907617e-12,
                1.3440409761960012e-08,
                0.9999999865154381
            ]
        ],
        [
            [
                0.9999999999954912,
                4.508755239256411e-12,
                0.0,
                0.0,
                0.0
            ],
            [
                0.9999999990263799,
                9.736200294050846e-10,
                0.0,
                0.0,
                0.0
            ],
            [
                2.5946094773367595e-11,
                5.602796392320091e-09,
                0.9999999920321531,
                2.3355930199500135e-09,
                3.5114220850376998e-12
            ],
            [
                2.734698394883226e-12,
                3.7751346868684096e-11,
                5.789356547398444e-12,
                3.927863693839026e-07,
                0.9999996071673551
            ],
            [
                3.0988190084724133e-12,
                2.940077615707271e-11,
                9.545034521644194e-12,
                4.13993754477551e-08,
                0.9999999585585799
            ]
        ],
        [
            [
                0.9999999999952667,
                4.508755239610927e-12,
                0.0,
                0.0,
                2.24477705368474e-13
            ],
            [
                0.9999999468414589,
                5.3157849643146446e-08,
                0.0,
                0.0,
                6.914399729585781e-13
            ],
            [
                1.0060392764084392e-12,
                1.6918979177803295e-10,
                0.9999999971801317,
                2.6465736313462163e-09,
                3.098819129866579e-12
            ],
            [
                1.2917800423596005e-12,
                2.5946095737450686e-11,
                2.7346983711351956e-12,
                1.6373771782166935e-07,
                0.9999998362323096
            ],
            [
                1.0815941461526826e-11,
                7.991959822197168e-11,
                2.0206838911321054e-11,
                8.152020642296306e-09,
                0.9999999917370369
            ]
        ],
        [
            [
                0.9999999999969011,
                3.0988191363619827e-12,
                0.0,
                0.0,
                0.0
            ],
            [
                0.9999999907625504,
                9.237449571826102e-09,
                0.0,
                0.0,
                0.0
            ],
            [
                1.0815941493771559e-11,
                4.363462227320272e-09,
                0.9999999942076492,
                1.4166087783244862e-09,
                1.4637785055302056e-12
            ],
            [
                5.789356018301281e-12,
                4.277787639590995e-11,
                8.423463302796579e-12,
                5.315784969388266e-08,
                0.9999999467851597
            ],
            [
                1.1399919949371456e-12,
                2.2897351306448405e-11,
                5.109089663982692e-12,
                6.825604225905773e-08,
                0.9999999317148113
            ]
        ],
        [
            [
                0.9999999999940359,
                5.789356323058478e-12,
                0.0,
                0.0,
                1.7482341265582089e-13
            ],
            [
                0.9999921107298496,
                7.889265041370345e-06,
                5.109050311045816e-12,
                0.0,
                0.0
            ],
            [
                9.056077454547259e-11,
                2.215949091087611e-08,
                0.9999997389224389,
                2.382369789795682e-07,
                5.905304302080222e-10
            ],
            [
                4.508755451597823e-12,
                7.991960263952373e-11,
                1.2256068013044018e-11,
                5.043472049972372e-07,
                0.9999994955561106
            ],
            [
                3.0988194645919935e-12,
                4.277788318818889e-11,
                6.56020085802093e-12,
                8.764249141087304e-08,
                0.9999999123050717
            ]
        ],
        [
            [
                0.9999999999842628,
                1.573710208925319e-11,
                0.0,
                0.0,
                0.0
            ],
            [
                0.9999999999622486,
                3.7751345399705537e-11,
                0.0,
                0.0,
                0.0
            ],
            [
                9.916279224782884e-08,
                0.001501182017966495,
                0.9984986718876302,
                4.684118633428033e-08,
                9.042476190482431e-11
            ],
            [
                1.6586753256507957e-12,
                4.2777800460794915e-11,
                3.5114156919577683e-12,
                2.260325273464447e-06,
                0.9999977396267786
            ],
            [
                2.734698638080767e-12,
                4.277788410968818e-11,
                9.545036132205695e-12,
                1.855391597695841e-07,
                0.9999998144057826
            ]
        ],
        [
            [
                0.9999999999808757,
                1.7832472888131575e-11,
                0.0,
                0.0,
                1.2917800033361278e-12
            ],
            [
                0.9999999996418252,
                3.5817479271336924e-10,
                0.0,
                0.0,
                0.0
            ],
            [
                1.3887944516107671e-11,
                2.061153719076844e-09,
                0.9999998533891755,
                1.4449803138579138e-07,
                3.775134721278293e-11
            ],
            [
                4.508730020834278e-12,
                6.224109805755463e-11,
                6.560163471145219e-12,
                6.144172123765909e-06,
                0.9999938557545662
            ],
            [
                2.413362966516745e-12,
                4.2777882140538133e-11,
                5.1090894402083635e-12,
                1.125351837973577e-07,
                0.9999998874145158
            ]
        ],
        [
            [
                0.9999999999958462,
                3.97896253399007e-12,
                0.0,
                0.0,
                1.7482341274594672e-13
            ],
            [
                0.999999998749237,
                1.250152863443859e-09,
                0.0,
                0.0,
                6.101936663241249e-13
            ],
            [
                7.287724094936417e-14,
                7.83504178411478e-13,
                0.9999999999950819,
                3.978962535354988e-12,
                8.258073284555039e-14
            ],
            [
                5.109089675264375e-12,
                6.224145411360072e-11,
                1.2256068996654092e-11,
                1.855391597650293e-07,
                0.9999998143812336
            ],
            [
                5.789356277747502e-12,
                4.847368663582587e-11,
                9.545034838783625e-12,
                8.152020642680547e-09,
                0.9999999917841714
            ]
        ],
        [
            [
                0.9999999999790095,
                2.0206839074476058e-11,
                0.0,
                0.0,
                7.835041778958959e-13
            ],
            [
                0.999999997664407,
                2.3355930313375616e-09,
                0.0,
                0.0,
                0.0
            ],
            [
                2.1297851665813633e-12,
                5.905303986814979e-10,
                0.9999999979888514,
                1.416608783733586e-09,
                1.8795288126786693e-12
            ],
            [
                4.508755075729281e-12,
                3.775134404815475e-11,
                7.433680397732033e-12,
                3.653482078751587e-08,
                0.9999999634154855
            ],
            [
                1.6586785670785143e-12,
                2.289735133007482e-11,
                2.4133630747104584e-12,
                3.059023588925945e-07,
                0.9999996940706717
            ]
        ],
        [
            [
                0.9999999999732703,
                2.5946094956809497e-11,
                0.0,
                0.0,
                7.835041777226607e-13
            ],
            [
                0.999998932296314,
                1.0677030757986369e-06,
                0.0,
                0.0,
                6.1019255191861e-13
            ],
            [
                1.4637785071339017e-12,
                3.160881439215161e-10,
                0.9999999953138767,
                4.3634622321008216e-09,
                5.109089003658822e-12
            ],
            [
                1.4637786632507566e-12,
                2.2897350789160627e-11,
                2.7346985701937685e-12,
                2.102434066570759e-07,
                0.9999997897294975
            ],
            [
                3.511422395935007e-12,
                7.052880418646068e-11,
                1.3887944982504546e-11,
                1.1253518377478379e-07,
                0.999999887376888
            ]
        ],
        [
            [
                0.999999999976215,
                2.289734843064928e-11,
                0.0,
                0.0,
                8.87826546845349e-13
            ],
            [
                0.9999999999094393,
                9.056076981069306e-11,
                0.0,
                0.0,
                0.0
            ],
            [
                1.4637785138496589e-12,
                9.056076987963769e-11,
                0.9999999998372222,
                7.052879849781113e-11,
                2.244777054597331e-13
            ],
            [
                2.129785269102719e-12,
                2.940077874772135e-11,
                3.511422275193449e-12,
                5.043472048265466e-07,
                0.9999994956177533
            ],
            [
                3.0988194286972845e-12,
                4.2777882692677715e-11,
                9.545035816027922e-12,
                9.931195241478835e-08,
                0.9999999006326258
            ]
        ],
        [
            [
                0.9999999999954912,
                4.50875523788279e-12,
                0.0,
                0.0,
                0.0
            ],
            [
                0.9999999943966651,
                5.602796398205952e-09,
                0.0,
                0.0,
                5.384940179952058e-13
            ],
            [
                7.360296222118319e-10,
                5.1599660164537364e-08,
                0.9706876611132637,
                0.029312228080971555,
                5.847007509421945e-08
            ],
            [
                2.734698544954967e-12,
                3.775134894036058e-11,
                7.433681361064477e-12,
                9.931195232257048e-08,
                0.9999999006401279
            ],
            [
                2.1297852533219117e-12,
                3.331544671008712e-11,
                3.5114222491752966e-12,
                3.927863697385048e-07,
                0.9999996071746736
            ]
        ],
        [
            [
                0.999999999976215,
                2.28973484336176e-11,
                0.0,
                0.0,
                8.878265469604431e-13
            ],
            [
                0.999999998394772,
                1.6052280515347028e-09,
                0.0,
                0.0,
                0.0
            ],
            [
                1.2015425731045997e-13,
                7.835041784591115e-13,
                0.999999999994523,
                4.508755242022475e-12,
                6.431393941063513e-14
            ],
            [
                3.978962624596415e-12,
                5.4927884734829456e-11,
                6.560200314492919e-12,
                6.475946144355562e-07,
                0.9999993523399185
            ],
            [
                7.433681222316029e-12,
                6.224145083386868e-11,
                5.789356757042921e-12,
                2.3823698437559816e-07,
                0.9999997616875511
            ]
        ],
        [
            [
                0.999999999944462,
                5.492788345301736e-11,
                0.0,
                0.0,
                6.101936671325466e-13
            ],
            [
                0.9999999317431743,
                6.825604226099367e-08,
                0.0,
                0.0,
                7.835042760500549e-13
            ],
            [
                2.0206841100364692e-11,
                6.348800747611687e-09,
                0.9999999059682947,
                8.764249091296376e-08,
                2.0206841100364692e-11
            ],
            [
                1.463770221505953e-12,
                3.775113157330351e-11,
                4.508729699227115e-12,
                4.785094846830191e-06,
                0.9999952148614295
            ],
            [
                2.1297850555666132e-12,
                3.775134339746897e-11,
                7.433680269604406e-12,
                5.315784966421638e-08,
                0.9999999467948355
            ]
        ],
        [
            [
                0.9999999999925664,
                7.433680666658404e-12,
                0.0,
                0.0,
                0.0
            ],
            [
                0.9999999996409374,
                3.5817479250455245e-10,
                0.0,
                0.0,
                8.878265465476806e-13
            ],
            [
                3.775134522666475e-11,
                4.363462227962907e-09,
                0.9999999943455347,
                1.250152859229625e-09,
                3.0988191209811044e-12
            ],
            [
                2.734698417579815e-12,
                3.775134718200085e-11,
                7.433681014822918e-12,
                5.043472048200517e-07,
                0.9999994956048754
            ],
            [
                2.7346986081666856e-12,
                3.775134981297144e-11,
                5.789356998919532e-12,
                7.734422802495601e-08,
                0.9999999226094965
            ]
        ],
        [
            [
                0.9999999999450722,
                5.4927883437861515e-11,
                0.0,
                0.0,
                0.0
            ],
            [
                0.9999999936511998,
                6.348800069555098e-09,
                0.0,
                0.0,
                0.0
            ],
            [
                2.734698288983548e-12,
                3.160881451298877e-10,
                0.9999999990889883,
                5.905303993311623e-10,
                1.6586783573322013e-12
            ],
            [
                6.91436093437503e-13,
                1.7832371880769266e-11,
                2.4133490992645164e-12,
                4.785094846136648e-06,
                0.9999952148842166
            ],
            [
                2.1297851076338087e-12,
                2.0206838489439987e-11,
                5.7893561566036745e-12,
                2.8453347243869694e-08,
                0.9999999715185268
            ]
        ],
        [
            [
                0.9999999999763192,
                2.2897348433619984e-11,
                0.0,
                0.0,
                7.835041777250495e-13
            ],
            [
                0.9999999998301188,
                1.6918979202125776e-10,
                0.0,
                0.0,
                6.91440009712152e-13
            ],
            [
                3.978962525787317e-12,
                8.592166597472318e-10,
                0.9999999975291631,
                1.6052280511311832e-09,
                2.4133627657376274e-12
            ],
            [
                1.3053461627686697e-11,
                3.3665321247407617e-10,
                5.162744223720061e-11,
                0.06008665447381865,
                0.9399133451248473
            ],
            [
                3.511422284540788e-12,
                3.775134728298037e-11,
                1.2256068041521509e-11,
                1.444980316544809e-07,
                0.9999998554484496
            ]
        ],
        [
            [
                0.9999999999942106,
                5.789356324821665e-12,
                0.0,
                0.0,
                0.0
            ],
            [
                0.9999999991403639,
                8.592166603422467e-10,
                0.0,
                0.0,
                4.1937956506912426e-13
            ],
            [
                7.582560094348104e-10,
                4.139937536665501e-08,
                0.9999999562263248,
                1.605227984570154e-09,
                1.0815941081482482e-11
            ],
            [
                8.878265886873583e-13,
                1.2256068007897517e-11,
                2.413362882851629e-12,
                5.043472047854544e-07,
                0.999999495637238
            ],
            [
                2.734698190130309e-12,
                3.331544418560921e-11,
                9.545034568704967e-12,
                3.653482078171166e-08,
                0.999999963419584
            ]
        ],
        [
            [
                0.9999999999912064,
                8.423463749420264e-12,
                0.0,
                0.0,
                3.7010116763745674e-13
            ],
            [
                0.9999999973534264,
                2.6465736303418834e-09,
                0.0,
                0.0,
                0.0
            ],
            [
                2.0206838296286936e-11,
                1.9555680319499534e-08,
                0.9999999608588874,
                1.9555680319499534e-08,
                9.545034547812178e-12
            ],
            [
                3.0988194289565155e-12,
                3.7751348978573336e-11,
                9.54503581682641e-12,
                9.931195242309626e-08,
                0.9999999006376523
            ],
            [
                3.978962405525969e-12,
                3.7751344206432065e-11,
                6.560199953306815e-12,
                3.224186631664417e-08,
                0.9999999677098432
            ]
        ],
        [
            [
                0.9999999999372833,
                6.224144616457472e-11,
                0.0,
                0.0,
                4.75219305784628e-13
            ],
            [
                0.9999999991407833,
                8.592166605273707e-10,
                0.0,
                0.0,
                0.0
            ],
            [
                6.914400105814517e-13,
                2.940077738805819e-11,
                0.9999999998529341,
                1.1628233028327857e-10,
                6.914400105814517e-13
            ],
            [
                3.978962829952689e-12,
                5.4927887569685375e-11,
                1.2256068350038845e-11,
                2.3823698436009188e-07,
                0.9999997616918527
            ],
            [
                2.129785148191162e-12,
                2.5946094705434786e-11,
                6.560200098033803e-12,
                9.237449563234318e-09,
                0.9999999907279143
            ]
        ],
        [
            [
                0.9999999999939224,
                5.789356323721155e-12,
                0.0,
                0.0,
                2.8823507909503055e-13
            ],
            [
                0.9999999995938804,
                4.0586521213401336e-10,
                0.0,
                0.0,
                2.5436656441583304e-13
            ],
            [
                1.7832472677197397e-11,
                7.19413293715391e-09,
                0.9999999871807294,
                5.6027963649752515e-09,
                4.5087551839017756e-12
            ],
            [
                2.1297852728311604e-12,
                2.289734955171903e-11,
                5.789356605656632e-12,
                1.4449803152279083e-07,
                0.999999855471152
            ],
            [
                2.7346984243587245e-12,
                3.3315447039095467e-11,
                8.423464163419335e-12,
                1.4449803162615816e-07,
                0.9999998554574948
            ]
        ],
        [
            [
                0.9999999999505202,
                4.847368700682521e-11,
                0.0,
                0.0,
                1.0060392781236196e-12
            ],
            [
                0.999999998394772,
                1.6052280513916808e-09,
                0.0,
                0.0,
                0.0
            ],
            [
                9.357622968129113e-14,
                7.835041784469024e-13,
                0.9999999999945413,
                4.508755241952216e-12,
                7.287724095265917e-14
            ],
            [
                1.4637785706289277e-12,
                3.3315446707666904e-11,
                7.433680959298194e-12,
                3.9278636970997065e-07,
                0.9999996071714173
            ],
            [
                3.511421998999339e-12,
                4.277787729629077e-11,
                5.789356140154575e-12,
                3.2241866322356476e-08,
                0.999999967706055
            ]
        ],
        [
            [
                0.9999999999954912,
                4.508755239256411e-12,
                0.0,
                0.0,
                0.0
            ],
            [
                0.9999999918475043,
                8.152020641006502e-09,
                0.0,
                0.0,
                4.752193019945756e-13
            ],
            [
                2.020683902312418e-11,
                2.6465736301210146e-09,
                0.999999996741683,
                5.905303979335133e-10,
                1.0060392759427046e-12
            ],
            [
                2.1297812764160195e-12,
                3.331538450081221e-11,
                4.508746997554077e-12,
                1.067703075864425e-06,
                0.9999989322569702
            ],
            [
                2.5946096900499356e-11,
                9.056077659028043e-11,
                2.940077956592282e-11,
                2.3823698435881598e-07,
                0.9999997616171079
            ]
        ],
        [
            [
                0.999999999987744,
                1.2256067436709802e-11,
                0.0,
                0.0,
                0.0
            ],
            [
                0.9999999999821676,
                1.7832472897295026e-11,
                0.0,
                0.0,
                0.0
            ],
            [
                2.789457468138638e-10,
                2.5109895916665694e-08,
                0.9999970708824331,
                2.902312121939164e-06,
                1.4166033909599409e-09
            ],
            [
                5.109060449274994e-12,
                6.224109806816159e-11,
                2.0206726058921675e-11,
                6.144172124812982e-06,
                0.9999938557403183
            ],
            [
                3.9789630320419965e-12,
                4.8473693107714006e-11,
                6.5602009862571155e-12,
                6.825604227535862e-08,
                0.9999999316849448
            ]
        ],
        [
            [
                0.999999999978787,
                2.0206839064531886e-11,
                0.0,
                0.0,
                1.006039278004273e-12
            ],
            [
                0.999999999979793,
                2.0206839072446657e-11,
                0.0,
                0.0,
                0.0
            ],
            [
                6.691535068815e-10,
                1.637364645802135e-07,
                0.9999919439941346,
                7.889264672119614e-06,
                2.335575230204737e-09
            ],
            [
                2.129785342301892e-12,
                2.594609707018758e-11,
                6.5602006959369444e-12,
                1.125351837729723e-07,
                0.9999998874301801
            ],
            [
                4.508755663772872e-12,
                4.847369159401859e-11,
                9.54503581510966e-12,
                9.931195240523421e-08,
                0.99999990062552
            ]
        ],
        [
            [
                0.9999999999964886,
                3.5114221103471094e-12,
                0.0,
                0.0,
                0.0
            ],
            [
                0.9999999999200804,
                7.991959884534085e-11,
                0.0,
                0.0,
                0.0
            ],
            [
                8.878265477114657e-13,
                3.331544541661704e-11,
                0.9999999998744524,
                9.056076988300929e-11,
                7.83504178387743e-13
            ],
            [
                2.413362957431555e-12,
                3.7751348346037505e-11,
                3.5114223834205045e-12,
                8.315279900445625e-07,
                0.9999991684283338
            ],
            [
                3.098819075291485e-12,
                4.2777877814061136e-11,
                8.423463582047104e-12,
                1.95556806875614e-08,
                0.9999999803900192
            ]
        ],
        [
            [
                0.9999999999915765,
                8.423463748009078e-12,
                0.0,
                0.0,
                0.0
            ],
            [
                0.9999999956359276,
                4.363462229087221e-09,
                0.0,
                0.0,
                6.101936644244032e-13
            ],
            [
                1.6586783585105188e-12,
                6.224144621392863e-11,
                0.9999999997860067,
                1.493094675833754e-10,
                7.835041783157388e-13
            ],
            [
                1.006039245966234e-12,
                1.225606703821432e-11,
                2.734698201026653e-12,
                3.224186630481084e-08,
                0.999999967742137
            ],
            [
                8.423463538187187e-12,
                7.991959687751795e-11,
                1.7832472450278533e-11,
                2.510999091271387e-08,
                0.9999999747838335
            ]
        ],
        [
            [
                0.9999999999954912,
                4.508755238400498e-12,
                0.0,
                0.0,
                0.0
            ],
            [
                0.9999999950555496,
                4.944450474182433e-09,
                0.0,
                0.0,
                0.0
            ],
            [
                9.545034908526349e-12,
                9.736200298408603e-10,
                0.9999999985552708,
                4.5990553717553105e-10,
                1.6586783564267826e-12
            ],
            [
                1.291780099972486e-12,
                2.5946096894636426e-11,
                6.560200651550661e-12,
                2.3823698430498256e-07,
                0.9999997617292177
            ],
            [
                1.1399919080237034e-12,
                2.2897349560745254e-11,
                3.5114222827248258e-12,
                1.4449803157975253e-07,
                0.9999998554744196
            ]
        ],
        [
            [
                0.9999999999366185,
                6.224144615646463e-11,
                0.0,
                0.0,
                1.1399918517143982e-12
            ],
            [
                0.999999999683912,
                3.160881451198819e-10,
                0.0,
                0.0,
                0.0
            ],
            [
                7.433680591053062e-12,
                1.6052280376298885e-09,
                0.9999999891433283,
                9.237449560944382e-09,
                6.560200096407551e-12
            ],
            [
                6.560200356263363e-12,
                7.052880053349022e-11,
                2.0206839669640483e-11,
                1.6373771775415646e-07,
                0.9999998361649864
            ],
            [
                2.413363017858972e-12,
                3.331544881794495e-11,
                3.5114224713418776e-12,
                2.102434066710537e-07,
                0.9999997897173531
            ]
        ],
        [
            [
                0.9999999999974323,
                2.413362770212095e-12,
                0.0,
                0.0,
                1.542811202155541e-13
            ],
            [
                0.999999999868235,
                1.3176514259542087e-10,
                0.0,
                0.0,
                0.0
            ],
            [
                1.463778513317005e-12,
                1.4930946753720597e-10,
                0.9999999994901643,
                3.581747928303859e-10,
                8.878265473553409e-13
            ],
            [
                8.878265888565709e-13,
                1.2256068010233423e-11,
                1.879528903358535e-12,
                5.043472048815789e-07,
                0.9999994956377717
            ],
            [
                1.8795287275638906e-12,
                1.7832472063973267e-11,
                1.8795287275638906e-12,
                4.69116379975896e-08,
                0.9999999530667705
            ]
        ],
        [
            [
                0.9999999999660745,
                3.331544538809729e-11,
                0.0,
                0.0,
                6.101936671457344e-13
            ],
            [
                0.9999999995941349,
                4.058652120875517e-10,
                0.0,
                0.0,
                0.0
            ],
            [
                6.560200160148398e-12,
                4.0586521215229395e-10,
                0.9999999988281785,
                7.582560418658944e-10,
                1.1399918516532288e-12
            ],
            [
                2.734698351563226e-12,
                3.331544615226475e-11,
                7.433680835371223e-12,
                6.475946141912006e-07,
                0.999999352361902
            ],
            [
                2.0206841647461985e-11,
                1.4930948651530485e-10,
                3.33154496378398e-11,
                1.855391597421662e-07,
                0.9999998142580084
            ]
        ],
        [
            [
                0.9999999999699891,
                2.94007773595258e-11,
                0.0,
                0.0,
                6.101936670690202e-13
            ],
            [
                0.9999994956524685,
                5.043472048440552e-07,
                0.0,
                0.0,
                3.26613149341403e-13
            ],
            [
                1.4637785139135814e-12,
                6.224144622004943e-11,
                0.9999999998808917,
                5.49278835015793e-11,
                4.752193062081826e-13
            ],
            [
                3.5113955059848694e-12,
