{
    "[['A', 'B', 'C', 'D', 'E'], ['A', 'B', 'C', 'D', 'E']]": [
        [
            [
                0.9999999999377585,
                6.224144619657864e-11,
                0.0,
                0.0,
                0.0
            ],
            [
                0.9999999804436279,
                1.955568066984129e-08,
                0.0,
                0.0,
                6.914399959142593e-13
            ],
            [
                2.1297851686854506e-12,
                2.461696949191235e-10,
                0.9999999989889357,
                7.582560419828956e-10,
                4.508755237488527e-12
            ],
            [
                8.423464642220722e-12,
                4.2777883198067014e-11,
                7.433681455790643e-12,
                8.764249143111115e-08,
                0.9999999122988735
            ],
            [
                7.052879620041493e-11,
                1.1628232649249846e-10,
                1.7832472323908247e-11,
                3.224186631624e-08,
                0.9999999675534901
            ]
        ],
        [
            [
                0.9999999998076727,
                1.9171715103120903e-10,
                0.0,
                0.0,
                6.101936666636756e-13
            ],
            [
                0.9999999881379923,
                1.186111998619954e-08,
                0.0,
                0.0,
                8.878265354846136e-13
            ],
            [
                1.3615261079583512e-13,
                5.384940217234724e-13,
                0.9999999999941229,
                5.109089027570616e-12,
                9.357622967937747e-14
            ],
            [
                1.2256067167531567e-11,
                7.052879691958313e-11,
                7.433680504605267e-12,
                2.2159489273319457e-08,
                0.9999999777502923
            ],
            [
                9.056076919181637e-11,
                1.6918979094456347e-10,
                1.3887943756862216e-11,
                7.194132974327263e-09,
                0.9999999925322286
            ]
        ],
        [
            [
                0.9999999996833735,
                3.1608814482389387e-10,
                0.0,
                0.0,
                5.384940207404964e-13
            ],
            [
                0.9999970976867968,
                2.902312197145225e-06,
                1.0060354734761169e-12,
                0.0,
                0.0
            ],
            [
                1.3615261079731225e-13,
                8.87826547769978e-13,
                0.999999999994331,
                4.508755241908927e-12,
                1.3615261079731225e-13
            ],
            [
                2.0206838573902598e-11,
                5.4927882106044726e-11,
                8.423463539234628e-12,
                2.5109990915836247e-08,
                0.999999974806451
            ],
            [
                1.0261879448409724e-10,
                1.691897892395361e-10,
                1.573710182577526e-11,
                1.7257827679710187e-08,
                0.9999999824546267
            ]
        ],
        [
            [
                0.9999999976641525,
                2.335593031780866e-09,
                0.0,
                0.0,
                2.5436656397331923e-13
            ],
            [
                0.9999998874643412,
                1.1253518363857485e-07,
                0.0,
                0.0,
                4.752193439420592e-13
            ],
            [
                4.277787595498362e-11,
                1.0467401125584073e-08,
                0.9999999362891941,
                5.315784914596637e-08,
                4.277787595498362e-11
            ],
            [
                1.573710407292674e-11,
                1.162823448295657e-10,
                1.3887945600009269e-11,
                6.825604229069502e-08,
                0.9999999315980503
            ],
            [
                3.33154495740038e-11,
                1.3176515912377667e-10,
                3.33154495740038e-11,
                6.825604227058111e-08,
                0.9999999315455617
            ]
        ],
        [
            [
                0.9999999999666846,
                3.331544540319215e-11,
                0.0,
                0.0,
                0.0
            ],
            [
                0.999999992805867,
                7.194132973755818e-09,
                0.0,
                0.0,
                0.0
            ],
            [
                8.258073284552517e-14,
                5.384940217099735e-13,
                0.9999999999947766,
                4.508755241746986e-12,
                9.35762296770317e-14
            ],
            [
                2.4133627423717793e-12,
                2.289734817693322e-11,
                5.1090889656934675e-12,
                1.1861120006547688e-08,
                0.9999999881084601
            ],
            [
                6.560200147523427e-12,
                2.5946094901170046e-11,
                5.789356310524431e-12,
                2.6465736305862396e-09,
                0.9999999973151308
            ]
        ],
        [
            [
                0.9999999997206337,
                2.78946808860238e-10,
                0.0,
                0.0,
                4.193795651965054e-13
            ],
            [
                0.9999999990256885,
                9.736200280783671e-10,
                0.0,
                0.0,
                6.914400084054199e-13
            ],
            [
                7.287724094828778e-14,
                5.384940217021843e-13,
                0.9999999999957947,
                3.5114221128990625e-12,
                8.258073284433067e-14
            ],
            [
                3.3315445129006056e-11,
                6.224144568232058e-11,
                1.573710196862102e-11,
                8.1520206428591e-09,
                0.9999999917366854
            ],
            [
                2.0206841428342597e-11,
                7.052880667196376e-11,
                8.42346472914225e-12,
                7.734422802086576e-08,
                0.9999999225566129
            ]
        ],
        [
            [
                0.999999999641215,
                3.5817479232485817e-10,
                0.0,
                0.0,
                6.101936665621041e-13
            ],
            [
                0.9999991684712272,
                8.315279893385242e-07,
                0.0,
                0.0,
                7.835042380961363e-13
            ],
            [
                1.9810087978329148e-13,
                1.00603927917359e-12,
                0.9999999999935507,
                5.1090890275060865e-12,
                1.3615261079411548e-13
            ],
            [
                2.940078108809219e-11,
                9.056078127889218e-11,
                3.331544960892807e-11,
                3.0590235894927087e-07,
                0.999999693944364
            ],
            [
                2.5946094459014657e-11,
                1.6918978884623396e-10,
                2.940077679935821e-11,
                1.9555680693097905e-08,
                0.9999999802197828
            ]
        ],
        [
            [
                0.9999999998965976,
                1.0261879624580837e-10,
                0.0,
                0.0,
                7.835041779627398e-13
            ],
            [
                0.9999999634642917,
                3.653482072708097e-08,
                0.0,
                0.0,
                8.878265135786471e-13
            ],
            [
                7.287724094945151e-14,
                4.75219306220088e-13,
                0.9999999999962803,
                3.098819138349961e-12,
                7.287724094945151e-14
            ],
            [
                2.789468080475317e-10,
                1.4930946695633438e-10,
                2.5946094867486156e-11,
                3.3982678043965657e-09,
                0.9999999961475299
            ],
            [
                1.2256067350237261e-11,
                3.775134515367498e-11,
                8.423463689958148e-12,
                7.1941329752296265e-09,
                0.9999999927474362
            ]
        ],
        [
            [
                0.9999999998506905,
                1.4930946749751138e-10,
                0.0,
                0.0,
                0.0
            ],
            [
                0.9999999317433476,
                6.825604228826091e-08,
                6.101937439713399e-13,
                0.0,
                0.0
            ],
            [
                6.431393940581113e-14,
                4.1937956578116546e-13,
                0.9999999999963531,
                3.0988191383022087e-12,
                6.431393940581113e-14
            ],
            [
                4.058651972367835e-10,
                5.211412290010133e-10,
                4.8473685222146665e-11,
                3.653482074997573e-08,
                0.9999999624896992
            ],
            [
                2.0206841611260257e-11,
                1.0261880911990671e-10,
                1.2256068973186377e-11,
                6.825604227908241e-08,
                0.999999931608876
            ]
        ],
        [
            [
                0.9999999985833912,
                1.4166087835622633e-09,
                0.0,
                0.0,
                0.0
            ],
            [
                0.999999999782756,
                2.1724399336079505e-10,
                0.0,
                0.0,
                0.0
            ],
            [
                1.0261880634739239e-10,
                5.043472308816251e-07,
                0.9999991894308475,
                3.059020586708719e-07,
                2.1724401474220253e-10
            ],
            [
                3.511422284055785e-12,
                3.7751347277766094e-11,
                6.56020048702464e-12,
                1.444980316345226e-07,
                0.9999998554541454
            ],
            [
                1.493094668518085e-10,
                2.4616969391547236e-10,
                2.594609484932228e-11,
                4.363462230502143e-09,
                0.9999999952151124
            ]
        ],
        [
            [
                0.9999999999841085,
                1.5737102099375236e-11,
                0.0,
                0.0,
                1.5428112024578227e-13
            ],
            [
                0.9999999895325983,
                1.0467401679723162e-08,
                0.0,
                0.0,
                0.0
            ],
            [
                4.193795657674093e-13,
                3.3315445416060024e-11,
                0.9999999998745646,
                9.056076988149516e-11,
                1.1399918528525937e-12
            ],
            [
                3.5114220744331256e-12,
                2.5946094695009803e-11,
                3.0988191043544078e-12,
                1.046740167865606e-08,
                0.9999999895000419
            ],
            [
                3.331544363177287e-11,
                1.1628232405487538e-10,
                1.225606678563529e-11,
                5.3157849688308357e-08,
                0.9999999466802965
            ]
        ],
        [
            [
                0.9999999999088292,
                9.056076982787266e-11,
                0.0,
                0.0,
                6.101936672965842e-13
            ],
            [
                0.9999999585993229,
                4.139937542821531e-08,
                6.101936418249016e-13,
                0.0,
                6.914399813051004e-13
            ],
            [
                7.835041784338741e-13,
                2.02068390883507e-11,
                0.999999999955858,
                2.2897348454334875e-11,
                2.5436656471413393e-13
            ],
            [
                2.41336286499571e-12,
                3.331544670773271e-11,
                4.508755416345282e-12,
                3.9278636971074653e-07,
                0.9999996071733926
            ],
            [
                1.5737102019299875e-11,
                7.052879811869134e-11,
                1.2256067375905329e-11,
                4.944450474427159e-09,
                0.9999999949570275
            ]
        ],
        [
            [
                0.9999999928049793,
                7.194132963735233e-09,
                0.0,
                0.0,
                8.878265396280885e-13
            ],
            [
                0.9999999973525386,
                2.646573627652804e-09,
                0.0,
                0.0,
                8.878265440698935e-13
            ],
            [
                9.357622967567269e-14,
                5.384940217021529e-13,
                0.9999999999957363,
                3.5114221128988574e-12,
                1.2015425730137342e-13
            ],
            [
                3.978962322886429e-12,
                3.775134342236994e-11,
                3.5114219254480814e-12,
                5.3157849699279564e-08,
                0.9999999467969085
            ],
            [
                7.99195972870794e-11,
                2.1724398904323274e-10,
                2.9400776788617483e-11,
                1.9555680685953804e-08,
                0.999999980117755
            ]
        ],
        [
            [
                0.9999999997210531,
                2.7894680902235886e-10,
                0.0,
                0.0,
                0.0
            ],
            [
                0.9999999988967441,
                1.1032560307312215e-09,
                0.0,
                0.0,
                0.0
            ],
            [
                1.6051852206709908e-09,
                2.7535688296591184e-05,
                0.9999724094878444,
                5.3156434059933116e-08,
                6.223978535470555e-11
            ],
            [
                1.0261861423555799e-10,
                2.78946314338166e-10,
                5.492778604836396e-11,
                1.3709566538255057e-06,
                0.9999986286068534
            ],
            [
                2.461696937339606e-10,
                2.461696937339606e-10,
                3.7751345220797725e-11,
                4.944450472863266e-09,
                0.9999999945254587
            ]
        ],
        [
            [
                0.9999999994783202,
                5.211412477787318e-10,
                0.0,
                0.0,
                5.384940207316467e-13
            ],
            [
                0.9999999397636434,
                6.023574633758079e-08,
                0.0,
                0.0,
                6.101937483830705e-13
            ],
            [
                8.423463669405157e-12,
                5.602796380958e-09,
                0.9999999900178843,
                4.3634622088797235e-09,
                7.433680597283922e-12
            ],
            [
                2.2897351329543902e-11,
                1.9171717543190563e-10,
                2.0206841625713762e-11,
                3.059023588855016e-07,
                0.9999996938628197
            ],
            [
                1.444980298564931e-07,
                2.9989609337256103e-09,
                1.162823345234919e-10,
                9.237449997308576e-09,
                0.9999998431492769
            ]
        ],
        [
            [
                0.9999999998078635,
                1.9171715112748223e-10,
                0.0,
                0.0,
                4.1937956529469334e-13
            ],
            [
                0.9999999585996184,
                4.139937539859778e-08,
                0.0,
                0.0,
                1.0060392358029602e-12
            ],
            [
                3.2661313423944977e-13,
                1.0815941555984423e-11,
                0.9999999999174409,
                7.052879850263625e-11,
                8.878265477391511e-13
            ],
            [
                1.081594120455942e-11,
                7.052879621105737e-11,
                9.545034611560784e-12,
                3.2241866321105137e-08,
                0.9999999676672439
            ],
            [
                2.789468077992505e-10,
                1.4930946682343906e-10,
                2.0206838982457753e-11,
                4.363462229673067e-09,
                0.9999999951880747
            ]
        ],
        [
            [
                0.999999999720443,
                2.789468089973978e-10,
                0.0,
                0.0,
                6.101936671272654e-13
            ],
            [
                0.9999999998082829,
                1.9171715126126443e-10,
                0.0,
                0.0,
                0.0
            ],
            [
                9.357622967681179e-14,
                7.835041784093974e-13,
                0.9999999999924265,
                6.5602001673412595e-12,
                1.3615261079210208e-13
            ],
            [
                4.277788032574906e-11,
                1.4930947333012367e-10,
                3.775134688660804e-11,
                3.927863695703935e-07,
                0.9999996069837918
            ],
            [
                5.109089567774904e-12,
                4.277788320863971e-11,
                5.789356940303993e-12,
                8.764249145277228e-08,
                0.9999999123038322
            ]
        ],
        [
            [
                0.9999999999739477,
                2.5946094970155963e-11,
                0.0,
                0.0,
                1.0603575986370956e-13
            ],
            [
                0.999999997663267,
                2.3355930290933255e-09,
                0.0,
                0.0,
                1.1399918483068973e-12
            ],
            [
                5.675685232031654e-14,
                4.1937956579354116e-13,
                0.9999999999967164,
                2.7346982913022636e-12,
                7.287724095047905e-14
            ],
            [
                2.940077582048103e-11,
                9.056076505350753e-11,
                1.0815940978845415e-11,
                5.315784970134397e-08,
                0.9999999467113729
            ],
            [
                1.0261879541928908e-10,
                1.9171714969865105e-10,
                2.289734825614493e-11,
                8.152020643154654e-09,
                0.9999999915307461
            ]
        ],
        [
            [
                0.9999999999515263,
                4.847368703172768e-11,
                0.0,
                0.0,
                0.0
            ],
            [
                0.9999999865589801,
                1.3440409748907283e-08,
                0.0,
                0.0,
                6.101936585794073e-13
            ],
            [
                6.431393940978132e-14,
                2.8823507932320144e-13,
                0.9999999999968483,
                2.734698291390381e-12,
                6.431393940978132e-14
            ],
            [
                5.1090896706020756e-12,
                6.224145405680228e-11,
                7.433681607240554e-12,
                3.0590235897328203e-07,
                0.9999996940228567
            ],
            [
                5.90530397889868e-10,
                1.691897916872039e-10,
                2.0206839021630723e-11,
                2.335593030871244e-09,
                0.9999999968844799
            ]
        ],
        [
            [
                0.999999999641455,
                3.581747926602206e-10,
                0.0,
                0.0,
                3.7010116747891297e-13
            ],
            [
                0.9999999677581337,
                3.224186631145444e-08,
                0.0,
                0.0,
                0.0
            ],
            [
                5.008774637377101e-14,
                3.266131342483313e-13,
                0.9999999999974432,
                2.129785170757465e-12,
                5.008774637377101e-14
            ],
            [
                3.9789624970929085e-12,
                2.940077710656069e-11,
                6.560200104275175e-12,
                9.237449572022822e-09,
                0.9999999907226106
            ],
            [
                2.2897348088812266e-11,
                1.1628232843516315e-10,
                1.7832472621825526e-11,
                1.5229979500177787e-08,
                0.9999999846130083
            ]
        ],
        [
            [
                0.9999999998074993,
                1.9171715117419894e-10,
                0.0,
                0.0,
                7.83504177682414e-13
            ],
            [
                0.999999974890009,
                2.5109990915379934e-08,
                0.0,
                0.0,
                0.0
            ],
            [
                2.5436656470647e-13,
                1.0060392791598305e-12,
                0.9999999999935372,
                5.109089027436209e-12,
                9.357622967691572e-14
            ],
            [
                2.0206841653388017e-11,
                4.277788411591212e-11,
                9.545036133594442e-12,
                1.8553915979657898e-07,
                0.9999998143883104
            ],
            [
                2.1724399280805438e-10,
                1.3176514227647582e-10,
                1.5737102056166132e-11,
                2.3355930312752696e-09,
                0.9999999972996607
            ]
        ],
        [
            [
                0.9999999998493987,
                1.4930946746894103e-10,
                0.0,
                0.0,
                1.2917800034815335e-12
            ],
            [
                0.9999999973534264,
                2.646573630525526e-09,
                0.0,
                0.0,
                0.0
            ],
            [
                5.675685231949787e-14,
                4.1937956578749195e-13,
                0.9999999999959557,
                3.511422112953994e-12,
                5.675685231949787e-14
            ],
            [
                4.277788197227057e-11,
                1.6918980524437112e-10,
                4.277788197227057e-11,
                8.315279899040486e-07,
                0.9999991682172645
            ],
            [
                4.277787845079696e-11,
                6.224144588149052e-11,
                1.3887943787406812e-11,
                4.944450474326365e-09,
                0.9999999949366423
            ]
        ],
        [
            [
                0.9999999998499991,
                1.4930946746903067e-10,
                0.0,
                0.0,
                6.914400099962069e-13
            ],
            [
                0.9999996072124908,
                3.927863692435925e-07,
                1.1399918956953718e-12,
                0.0,
                0.0
            ],
            [
                1.7482341281019185e-13,
                7.835041784306363e-13,
                0.9999999999938125,
                5.10908902756903e-12,
                1.2015425730609316e-13
            ],
            [
                3.775135015747716e-11,
                1.0261880913286469e-10,
                1.2256068974733985e-11,
                6.82560422877013e-08,
                0.9999999315913315
            ],
            [
                3.7751350157559026e-11,
                1.4930948626698578e-10,
                3.331544958243232e-11,
                6.82560422878493e-08,
                0.9999999315235815
            ]
        ],
        [
            [
                0.9999999998500804,
                1.493094674974203e-10,
                0.0,
                0.0,
                6.101936672607361e-13
            ],
            [
                0.9999999990257697,
                9.736200291352525e-10,
                0.0,
                0.0,
                6.101936664032279e-13
            ],
            [
                6.914400103127739e-13,
                9.056076984679526e-11,
                0.9999999994970934,
                4.0586521242378326e-10,
                5.789356325538515e-12
            ],
            [
                3.331544495147583e-11,
                1.0261879486873701e-10,
                1.5737101884761678e-11,
                1.3440409761447527e-08,
                0.999999986407919
            ],
            [
                1.0815941544672221e-11,
                2.9400777358557753e-11,
                9.545034911709278e-12,
                7.58256041906918e-10,
                0.9999999991919821
            ]
        ],
        [
            [
                0.9999999999084332,
                9.056076972370975e-11,
                0.0,
                0.0,
                1.0060392773612503e-12
            ],
            [
                0.9999999881380964,
                1.1861119989069054e-08,
                0.0,
                0.0,
                7.835041677871339e-13
            ],
            [
                1.2015425730308448e-13,
                7.835041784110172e-13,
                0.999999999994494,
                4.508755241745711e-12,
                9.357622967700526e-14
            ],
            [
                1.0815941102825803e-11,
                7.052879554767086e-11,
                1.5737101445627663e-11,
                4.139937544834926e-08,
                0.9999999585035428
            ],
            [
                9.545034818322537e-12,
                5.492788290808675e-11,
                1.2256067309895597e-11,
                1.0467401680126654e-08,
                0.9999999894558694
            ]
        ],
        [
            [
                0.9999999999094393,
                9.056076982792792e-11,
                0.0,
                0.0,
                0.0
            ],
            [
                0.9999999998301188,
                1.6918979199309513e-10,
                0.0,
                0.0,
                6.914400095970576e-13
            ],
            [
                5.67568523195172e-14,
                4.752193062200957e-13,
                0.9999999999962963,
                3.0988191383500107e-12,
                7.287724094945267e-14
            ],
            [
                2.789468056603259e-10,
                4.5990553188603426e-10,
                4.2777878133537986e-11,
                1.1861119997138296e-08,
                0.9999999873572497
            ],
            [
                7.052879644747492e-11,
                1.9171714576625792e-10,
                2.2897347786487543e-11,
                2.845334725729951e-08,
                0.9999999712615095
            ]
        ],
        [
            [
                0.9999999999622486,
                3.775134540892923e-11,
                0.0,
                0.0,
                0.0
            ],
            [
                0.9999999956359276,
                4.3634622277199175e-09,
                0.0,
                0.0,
                6.101936642331973e-13
            ],
            [
                3.442477108105884e-14,
                3.266131342442006e-13,
                0.9999999999968541,
                2.73469829130264e-12,
                5.0087746373137544e-14
            ],
            [
                1.1628232928083922e-10,
                2.4616969301929713e-10,
                2.2897348255335757e-11,
                8.152020642866568e-09,
                0.99999999146263
            ],
            [
                3.3315444181034404e-11,
                1.3176513779416895e-10,
                1.7832472244085153e-11,
                3.6534820776694774e-08,
                0.999999963282266
            ]
        ],
        [
            [
                0.9999999998300266,
                1.6918979210446608e-10,
                0.0,
                0.0,
                7.835041777791672e-13
            ],
            [
                0.9999999928051756,
                7.1941329670166354e-09,
                0.0,
                0.0,
                6.91440004609312e-13
            ],
            [
                5.67568523194883e-14,
                5.384940217105176e-13,
                0.9999999999957871,
                3.5114221129534024e-12,
                1.0603575990246167e-13
            ],
            [
                2.0206838809815695e-11,
                9.056076864003404e-11,
                9.545034790385988e-12,
                1.3440409764625e-08,
                0.9999999864392777
            ],
            [
                6.224145278388985e-11,
                1.6918981007933949e-10,
                2.020684121825807e-11,
                8.764249142429897e-08,
                0.9999999121058705
            ]
        ],
        [
            [
                0.9999999999377585,
                6.224144617799654e-11,
                0.0,
                0.0,
                0.0
            ],
            [
                0.9999999981801506,
                1.8189616809341881e-09,
                0.0,
                0.0,
                8.878265446153328e-13
            ],
            [
                9.357622968167971e-14,
                7.43368067181819e-12,
                0.9999999999541112,
                3.775134544007911e-11,
                6.101936677166992e-13
            ],
            [
                3.7751278470618134e-11,
                2.1724360810965663e-10,
                4.847360106873041e-11,
                1.3709566542559623e-06,
                0.9999986287398772
            ],
            [
                8.592166327536953e-10,
                4.058651988716055e-10,
                2.940077639491725e-11,
                3.2241866278206974e-08,
                0.9999999664636512
            ]
        ],
        [
            [
                0.99999999988283,
                1.1628233007707179e-10,
                0.0,
                0.0,
                8.878265461270167e-13
            ],
            [
                0.9999999991407833,
                8.592166607313843e-10,
                0.0,
                0.0,
                0.0
            ],
            [
                3.160881758673803e-10,
                6.825604033569704e-08,
                0.9999994263223853,
                5.043472301481093e-07,
                7.582561158033855e-10
            ],
            [
                7.991960889959362e-11,
                1.9171717529274813e-10,
                1.78324751327662e-11,
                6.825604227836093e-08,
                0.9999999314544885
            ],
            [
                1.7832472592823976e-11,
                7.99195975163623e-11,
                1.0815941366032981e-11,
                1.725782768279895e-08,
                0.9999999826336042
            ]
        ],
        [
            [
                0.9999999999515263,
                4.847368702791628e-11,
                0.0,
                0.0,
                0.0
            ],
            [
                0.9999970976878007,
                2.9023121992639563e-06,
                0.0,
                0.0,
                0.0
            ],
            [
                1.4637785127479918e-12,
                1.1628233019274819e-10,
                0.999999999120899,
                7.58256042077412e-10,
                3.098819135804775e-12
            ],
            [
                8.42346440226719e-12,
                1.0261880420882074e-10,
                1.22560683866408e-11,
                8.315279900442348e-07,
                0.9999991683487116
            ],
            [
                1.0815941502140932e-11,
                4.277787847158822e-11,
                1.2256067381612282e-11,
                4.363462230696717e-09,
                0.9999999955706877
            ]
        ],
        [
            [
                0.9999999999901668,
                9.545034915509189e-12,
                0.0,
                0.0,
                2.882350791230484e-13
            ],
            [
                0.9999999991403081,
                8.592166602308134e-10,
                0.0,
                0.0,
                4.752193053442846e-13
            ],
            [
                2.5946094713944138e-11,
                9.237449566263857e-09,
                0.9999999897555506,
                9.736200212135406e-10,
                7.433680595333817e-12
            ],
            [
                2.594609475398591e-11,
                1.0261879541218136e-10,
                1.573710196810157e-11,
                8.152020642590018e-09,
                0.9999999917036774
            ],
            [
                3.775134538815468e-11,
                4.8473686992548166e-11,
                1.2256067426361675e-11,
                7.582560416937914e-10,
                0.9999999991432629
            ]
        ],
        [
            [
                0.999999999868235,
                1.317651425381789e-10,
                0.0,
                0.0,
                0.0
            ],
            [
                0.999999995054766,
                4.944450467295907e-09,
                0.0,
                0.0,
                7.83504173016905e-13
            ],
            [
                3.098819138298113e-12,
                6.224144622056734e-11,
                0.9999999999010178,
                3.3315445417108785e-11,
                3.2661313423408576e-13
            ],
            [
                5.109088754515503e-12,
                5.4927880568630586e-11,
                7.433680274342456e-12,
                5.315784969809792e-08,
                0.9999999467746796
            ],
            [
                7.433680457485586e-12,
                2.940077654303083e-11,
                8.42346351099289e-12,
                2.8453347267405047e-08,
                0.9999999715013949
            ]
        ],
        [
            [
                0.9999999993302313,
                6.691586076069446e-10,
                0.0,
                0.0,
                6.101936663723439e-13
            ],
            [
                0.9999999992410524,
                7.582560409985402e-10,
                0.0,
                0.0,
                6.914400090593348e-13
            ],
            [
                1.2015425730124347e-13,
                6.101936676768685e-13,
                0.9999999999946547,
                4.508755241676628e-12,
                1.0603575990069987e-13
            ],
            [
                1.1628234215021307e-10,
                2.172440156428861e-10,
                3.331544881617392e-11,
                2.102434066598773e-07,
                0.9999997893897515
            ],
            [
                3.098819207503209e-12,
                3.775134628071976e-11,
                5.109089141464655e-12,
                6.475946143635974e-07,
                0.9999993523594264
            ]
        ],
        [
            [
                0.9999999999377585,
                6.224144619994219e-11,
                0.0,
                0.0,
                0.0
            ],
            [
                0.9999999918479795,
                8.152020643200713e-09,
                0.0,
                0.0,
                0.0
            ],
            [
                1.0603575990398445e-13,
                6.1019366769577e-13,
                0.9999999999964846,
                2.7346982913016295e-12,
                6.431393940769409e-14
            ],
            [
                9.237449540509595e-09,
                6.691586003306729e-10,
                2.5946094641605717e-11,
                2.9989607854246942e-09,
                0.999999987068485
            ],
            [
                7.991959513046352e-11,
                2.17243983180943e-10,
                4.8473684758446604e-11,
                4.6911637988342035e-08,
                0.9999999527427248
            ]
        ],
        [
            [
                0.9999999998965976,
                1.0261879621823609e-10,
                0.0,
                0.0,
                7.835041777522229e-13
            ],
            [
                0.9999999994094697,
                5.905303991505194e-10,
                0.0,
                0.0,
                0.0
            ],
            [
                5.6756852319513053e-14,
                5.384940217107525e-13,
                0.9999999999962232,
                3.098819138349784e-12,
                8.258073284564463e-14
            ],
            [
                4.27778840187455e-11,
                1.917171752590011e-10,
                2.594609821500023e-11,
                6.825604226634615e-08,
                0.9999999314835165
            ],
            [
                3.775134537853727e-11,
                3.3315445364960424e-11,
                6.560200156988159e-12,
                1.1032560304657853e-09,
                0.999999998819117
            ]
        ],
        [
            [
                0.999999999986112,
                1.3887943854235387e-11,
                0.0,
                0.0,
                0.0
            ],
            [
                0.9999999991407833,
                8.592166597994563e-10,
                0.0,
                0.0,
                0.0
            ],
            [
                1.5428112029760832e-13,
                1.2917800046053052e-12,
                0.9999999999918876,
                6.560200167236154e-12,
                1.0603575990040645e-13
            ],
            [
                1.2256068383303132e-11,
                6.224145099874752e-11,
                9.545035654293167e-12,
                8.315279898177866e-07,
                0.9999991683879677
            ],
            [
                5.492788261432347e-11,
                2.172439899672246e-10,
                3.775134482751355e-11,
                1.5229979496492e-08,
                0.9999999844600973
            ]
        ],
        [
            [
                0.9999999994094697,
                5.905303987091272e-10,
                0.0,
                0.0,
                0.0
            ],
            [
                0.9999994956516555,
                5.043472045116065e-07,
                1.1399919048667545e-12,
                0.0,
                0.0
            ],
            [
                4.277787739588497e-11,
                2.5109990797995128e-08,
                0.9999999698870439,
                4.944450352395117e-09,
                1.5737101630898636e-11
            ],
            [
                7.582560354097622e-10,
                4.5990553338816897e-10,
                4.847368659082362e-11,
                8.152020635112332e-09,
                0.999999990581344
            ],
            [
                3.511422068935015e-12,
                2.5946094654383955e-11,
                7.43368057826954e-12,
                1.1861120001226325e-08,
                0.9999999881019889
            ]
        ],
        [
            [
                0.9999999996415707,
                3.58174792592188e-10,
                0.0,
                0.0,
                2.543665644279638e-13
            ],
            [
                0.9999999397637152,
                6.023574633758512e-08,
                0.0,
                0.0,
                5.384940929245823e-13
            ],
            [
