{
    "[['A', 'B', 'C', 'D', 'E'], ['A', 'B', 'C', 'D', 'E']]": [
        [
            [
                0.999999999961465,
                3.775134542781465e-11,
                0.0,
                0.0,
                7.835041781956152e-13
            ],
            [
                0.9706877223465412,
                0.029312226361949918,
                4.018585323687521e-08,
                1.0160574889480391e-08,
                9.450806834317124e-10
            ],
            [
                1.8795288163436998e-12,
                8.423463753592999e-12,
                0.9999999999665752,
                2.289734845407527e-11,
                2.2447770547876218e-13
            ],
            [
                0.999999998854602,
                1.1032560305724932e-09,
                3.0988191337472805e-12,
                1.2917800027122971e-12,
                3.775134538218861e-11
            ],
            [
                0.9999999993881228,
                5.905303985851359e-10,
                1.1399918505168735e-12,
                0.0,
                2.0206839045421484e-11
            ]
        ],
        [
            [
                0.9999999999645806,
                3.331544540855135e-11,
                2.244777054137443e-13,
                0.0,
                1.8795288157993115e-12
            ],
            [
                2.0412374740695328e-06,
                0.20150233941091011,
                0.7033122996639721,
                0.09518296497375833,
                3.5471388538788846e-07
            ],
            [
                3.2661313424883456e-13,
                2.73469829134144e-12,
                0.999999999978952,
                1.783247290651335e-11,
                1.542811203050602e-13
            ],
            [
                0.9999999995500652,
                4.0586521211623027e-10,
                1.2917800030948605e-12,
                0.0,
                4.277787863368726e-11
            ],
            [
                0.9999999999498677,
                4.847368704059868e-11,
                0.0,
                0.0,
                1.6586783581578782e-12
            ]
        ],
        [
            [
                0.9999999999309437,
                6.224144619615449e-11,
                2.543665646031421e-13,
                0.0,
                6.560200164683683e-12
            ],
            [
                1.3138219902482962e-06,
                0.14696367152874923,
                0.0073168884337847795,
                0.8457175056099112,
                6.206055644489267e-07
            ],
            [
                8.878265473916857e-13,
                1.3887943857857884e-11,
                0.999999999578884,
                4.0586521243989756e-10,
                4.752193060339566e-13
            ],
            [
                0.9999999999659932,
                3.331544540520922e-11,
                0.0,
                0.0,
                6.914400103525096e-13
            ],
            [
                0.9999999999812799,
                1.783247289961131e-11,
                0.0,
                0.0,
                8.878265474210294e-13
            ]
        ],
        [
            [
                0.9999999999754441,
                2.289734844769201e-11,
                0.0,
                0.0,
                1.658678358279404e-12
            ],
            [
                9.938547189838874e-06,
                0.013994516482123272,
                0.004009496101867311,
                0.9810914093614954,
                0.0008946395073241582
            ],
            [
                4.752193062414554e-13,
                5.789356328296226e-12,
                0.999999999973435,
                2.0206839088705878e-11,
                9.357622968137991e-14
            ],
            [
                0.9999999989754929,
                9.73620028924237e-10,
                2.4133627659419156e-12,
                0.0,
                4.8473686944372664e-11
            ],
            [
                0.9999999999240357,
                7.052879847332734e-11,
                3.266131341037226e-13,
                0.0,
                5.109089025325519e-12
            ]
        ],
        [
            [
                0.9999999999746894,
                2.2897348442354404e-11,
                0.0,
                0.0,
                2.413362770346966e-12
            ],
            [
                0.999903894923778,
                9.610239890978183e-05,
                1.250033700013942e-09,
                6.690948239663415e-10,
                7.581837647324804e-10
            ],
            [
                1.291780004645195e-12,
                1.5737102105147593e-11,
                0.999999999920403,
                6.224144622229365e-11,
                3.2661313424314466e-13
            ],
            [
                0.9999999999481393,
                4.8473687037895364e-11,
                2.8823507919692977e-13,
                0.0,
                3.0988191371359547e-12
            ],
            [
                0.9999999996821616,
                2.461696948317081e-10,
                1.1399918514243193e-12,
                0.0,
                7.052879841089352e-11
            ]
        ],
        [
            [
                0.9999999999275244,
                7.052879846925451e-11,
                2.882350791733375e-13,
                0.0,
                1.6586783579296117e-12
            ],
            [
                1.2385513465267492e-06,
                0.09521972942520227,
                0.0013582364750174495,
                0.9034195569970872,
                1.2385513465267492e-06
            ],
            [
                1.7482341281081628e-13,
                2.1297851707573393e-12,
                0.9999999999867433,
                1.0815941556277903e-11,
                1.3615261079627918e-13
            ],
            [
                0.9999999993987847,
                5.905303990915947e-10,
                1.139991851494569e-12,
                0.0,
                9.545034909864426e-12
            ],
            [
                0.9999999998862741,
                7.052879847447547e-11,
                4.193795656200486e-13,
                0.0,
                4.277787866746298e-11
            ]
        ],
        [
            [
                0.9999999999288611,
                7.052879847747908e-11,
                0.0,
                0.0,
                6.101936674694676e-13
            ],
            [
                0.999998239347407,
                1.760343131843285e-06,
                1.0261861092174876e-10,
                9.056060628597701e-11,
                1.1628212022184614e-10
            ],
            [
                2.129785170733172e-12,
                1.081594155615517e-11,
                0.99999999994395,
                4.2777878685218677e-11,
                3.266131342446059e-13
            ],
            [
                0.9999999930326765,
                6.348800063872565e-09,
                1.2256067343385537e-11,
                1.5737101977543636e-11,
                5.905303950417343e-10
            ],
            [
                0.9999999992983419,
                6.691586080082513e-10,
                3.0988191335304416e-12,
                0.0,
                2.940077734359024e-11
            ]
        ],
        [
            [
                0.9999999999437803,
                5.492788348119717e-11,
                0.0,
                0.0,
                1.291780004119276e-12
            ],
            [
                0.9241374634957845,
                0.07585781477046402,
                3.039265832042025e-06,
                1.6268017709077717e-06,
                5.5666148553900816e-08
            ],
            [
                1.2917800039215312e-12,
                3.775134541752761e-11,
                0.9999999993685469,
                5.905303994992184e-10,
                1.879528815281294e-12
            ],
            [
                0.9999999998031639,
                1.9171715126028303e-10,
                1.139991852357281e-12,
                0.0,
                3.978962533439114e-12
            ],
            [
                0.9999999991770889,
                7.582560407879747e-10,
                2.4133627654574168e-12,
                0.0,
                6.224144606464385e-11
            ]
        ],
        [
            [
                0.9999999999846483,
                1.3887943859114185e-11,
                0.0,
                0.0,
                1.4637785135093407e-12
            ],
            [
                0.9997965726747435,
                0.00020342706056377828,
                1.6915528178247786e-10,
                6.222875053333582e-11,
                3.3308649905425205e-11
            ],
            [
                5.384940217131178e-13,
                6.5602001673949826e-12,
                0.9999999999748941,
                1.783247290608377e-11,
                1.7482341280688447e-13
            ],
            [
                0.9999999998393994,
                1.493094675422583e-10,
                4.752193060305831e-13,
                0.0,
                1.0815941551674647e-11
            ],
            [
                0.9999999996993825,
                2.7894680885431e-10,
                1.4637785118559246e-12,
                0.0,
                2.0206839058886004e-11
            ]
        ],
        [
            [
                0.999999999961465,
                3.7751345421662445e-11,
                0.0,
                0.0,
                7.835041780679302e-13
            ],
            [
                0.4998039573856963,
                0.499803917097756,
                0.0001899899332326979,
                0.0001899899332326979,
                1.214565008237155e-05
            ],
            [
                1.6586783587678819e-12,
                5.1090890276125375e-12,
                0.9999999999822962,
                1.0815941556331375e-11,
                1.2015425730711636e-13
            ],
            [
                0.9999999998592013,
                1.3176514259423053e-10,
                6.101936672663017e-13,
                0.0,
                8.423463747646002e-12
            ],
            [
                0.9999999997643652,
                1.917171512307442e-10,
                1.1399918521816367e-12,
                0.0,
                4.2777878657316705e-11
            ]
        ],
        [
            [
                0.9999999998809777,
                1.1628233022776997e-10,
                3.266131340696589e-13,
                0.0,
                2.4133627702882667e-12
            ],
            [
                0.994779811189745,
                0.005220125319936473,
                4.118326428767133e-08,
                1.5150476251764344e-08,
                7.156578239430533e-09
            ],
            [
                5.384940217220975e-13,
                4.508755241848499e-12,
                0.9999999999809286,
                1.3887943863589239e-11,
                1.361526107954875e-13
            ],
            [
                0.9999999993740245,
                5.905303987864931e-10,
                2.1297851669600347e-12,
                0.0,
                3.3315445359160066e-11
            ],
            [
                0.9999999998793685,
                1.1628233022758286e-10,
                3.701011676217463e-13,
                0.0,
                3.97896253328365e-12
            ]
        ],
        [
            [
                0.9999999999655447,
                3.3315445398222914e-11,
                0.0,
                0.0,
                1.1399918522422414e-12
            ],
            [
                0.4374247099517675,
                0.5616644167599815,
                0.00031064778031263205,
                0.0005803664597543681,
                1.9859048183997727e-05
            ],
            [
                3.398229349449383e-09,
                3.058991492666949e-07,
                0.9999895598548327,
                1.0129988581746084e-05,
                8.592069351666086e-10
            ],
            [
                0.9999999987261288,
                1.2501528634149703e-09,
                3.511422105029415e-12,
                0.0,
                2.0206839042187945e-11
            ],
            [
                0.9999999995589399,
                4.0586521207339984e-10,
                1.879528813880151e-12,
                0.0,
                3.3315445374533424e-11
            ]
        ],
        [
            [
                0.9999999998002391,
                1.9171715123762188e-10,
                6.101936673206424e-13,
                0.0,
                7.433680666993231e-12
            ],
            [
                0.4378149700945025,
                0.5621655315973757,
                1.5480037837832464e-05,
                3.913966509959742e-06,
                1.0430377396693565e-07
            ],
            [
                1.4930945856459172e-10,
                7.194132594025042e-09,
                0.9999999394559308,
                5.315784932039652e-08,
                4.277787609535332e-11
            ],
            [
                0.9999999993066524,
                6.691586079270654e-10,
                1.2917800024651795e-12,
                0.0,
                2.2897348415318074e-11
            ],
            [
                0.9999999996488658,
                2.7894680891735645e-10,
                1.65867835671689e-12,
                0.0,
                7.052879841768827e-11
            ]
        ],
        [
            [
                0.9999999999720199,
                2.594609497150808e-11,
                1.5428112025225465e-13,
                0.0,
                1.879528815723659e-12
            ],
            [
                0.9999869917514131,
                1.3007124739183222e-05,
                5.905225495707973e-10,
                2.1724110553524027e-10,
                3.1608394345594125e-10
            ],
            [
                7.991960463020067e-11,
                2.998961038773046e-09,
                0.9999997586042161,
                2.3823698374361375e-07,
                7.991960463020067e-11
            ],
            [
                0.9999999994599564,
                4.0586521177687823e-10,
                2.4133627666558957e-12,
                0.0,
                1.3176514241828264e-10
            ],
            [
                0.9999999996902968,
                2.4616969501712716e-10,
                1.2917800039232447e-12,
                0.0,
                6.224144618750814e-11
            ]
        ],
        [
            [
                0.9999999999869604,
                1.2256067440065672e-11,
                0.0,
                0.0,
                7.835041782485661e-13
            ],
            [
                7.065058463059601e-07,
                0.0027042387308371277,
                0.8496466810214016,
                0.14764645325991127,
                1.9204820037135703e-06
            ],
            [
                8.590413598619246e-10,
                4.690206905041761e-08,
                0.9997965208260269,
                0.00020342705029066885,
                4.362571995647862e-09
            ],
            [
                0.9999999998903457,
                1.0261879622795498e-10,
                4.752193058646675e-13,
                0.0,
                6.560200162460113e-12
            ],
            [
                0.9999999997290534,
                2.461696949281799e-10,
                1.8795288146046673e-12,
                0.0,
                2.2897348432889516e-11
            ]
        ],
        [
            [
                0.9999999999562161,
                4.277787866552368e-11,
                0.0,
                0.0,
                1.00603927871498e-12
            ],
            [
                0.9999999467626602,
                5.315784960469506e-08,
                3.331544357937018e-11,
                8.423463288663793e-12,
                3.775134335519845e-11
            ],
            [
                5.384940217247672e-13,
                5.109089027582901e-12,
                0.9999999999682083,
                2.5946094980324872e-11,
                1.981008797862699e-13
            ],
            [
                1.5334728289541213e-06,
                0.010965782109168086,
                0.0019055672001284777,
                0.9871084356943969,
                1.868152347763645e-05
            ],
            [
                0.9999999999559304,
                4.2777878668131e-11,
                0.0,
                0.0,
                1.2917800041349712e-12
            ]
        ],
        [
            [
                0.9999999998945976,
                1.0261879624560313e-10,
                3.7010116760170173e-13,
                0.0,
                2.4133627701536757e-12
            ],
            [
                0.26824857131331853,
                0.7291751099933401,
                0.0009674550195193503,
                0.0015950636691271604,
                1.3800004694859452e-05
            ],
            [
                2.594609494395856e-11,
                3.1608814495861414e-10,
                0.9999999985528303,
                1.1032560306934762e-09,
                1.8795288137279786e-12
            ],
            [
                0.9999999998662497,
                1.3176514262273153e-10,
                3.2661313408484893e-13,
                0.0,
                1.6586783579295472e-12
            ],
            [
                0.99999999990365,
                9.056076984080817e-11,
                0.0,
                0.0,
                5.789356325155774e-12
            ]
        ],
        [
            [
                0.9999999997658788,
                2.1724399336886854e-10,
                1.1399918523147762e-12,
                0.0,
                1.5737102096791373e-11
            ],
            [
                3.3981644363636873e-09,
                6.144025432241729e-06,
                2.1444755897891362e-05,
                0.9999695055883921,
                2.902232113381148e-06
            ],
            [
                4.648376064480566e-08,
                0.0005480397052559602,
                0.9908791247903691,
                0.008572783468920786,
                5.5516935100088645e-09
            ],
            [
                0.9999999991002972,
                8.592166603078208e-10,
                2.734698286468902e-12,
                0.0,
                3.775134537207052e-11
            ],
            [
                0.999999999290826,
                4.5990553703168507e-10,
                3.0988191331054328e-12,
                0.0,
                2.461696947353731e-10
            ]
        ],
        [
            [
                0.9999999998624456,
                1.3176514260501849e-10,
                0.0,
                0.0,
                5.78935632451551e-12
            ],
            [
                0.320526202697097,
                0.6785539281650388,
                0.000618760990371467,
                0.00029228199599238603,
                8.826151500422642e-06
            ],
            [
                1.0730110815597656e-08,
                5.558335012592069e-06,
                0.9046453872875232,
                0.09534892828779058,
                1.1535956286655091e-07
            ],
            [
                0.9999999992999771,
                6.691586079225986e-10,
                1.4637785114863081e-12,
                0.0,
                2.940077733982693e-11
            ],
            [
                0.9999999998645976,
                1.3176514262251385e-10,
                5.384940214548339e-13,
                0.0,
                3.0988191368770743e-12
            ]
        ],
        [
            [
                0.9999999999286877,
                7.052879846933656e-11,
                0.0,
                0.0,
                7.835041780422491e-13
            ],
            [
                0.047423354670345266,
                0.9525236444702196,
                4.32445121802773e-05,
                9.649154928325999e-06,
                1.071923264691198e-07
            ],
            [
                1.5130632076811903e-07,
                6.916888462331534e-05,
                0.07585285641713223,
                0.9240770549950238,
                7.683968998344916e-07
            ],
            [
                0.9999999986996357,
                1.2501528631982064e-09,
                7.433680653392459e-12,
                0.0,
                4.277787858058427e-11
            ],
            [
                0.9999999998949411,
                9.0560769850459e-11,
                6.101936674487698e-13,
                0.0,
                1.3887943857868338e-11
            ]
        ],
        [
            [
                0.9999999998668068,
                1.3176514264175505e-10,
                2.882350792149401e-13,
                0.0,
                1.1399918525321783e-12
            ],
            [
                1.8820949009694206e-05,
                0.11877311635254491,
                0.8776211221747524,
                0.0035866363113856987,
                3.0421230746233816e-07
            ],
            [
                5.601898938976876e-09,
                7.337039699050795e-07,
                0.00015843594157509354,
                0.999839757219579,
                1.0675329770831818e-06
            ],
            [
                0.9999999529618573,
                4.691163797140049e-08,
                1.5737101353097266e-11,
                2.0206838122367937e-11,
                9.056076555910693e-11
            ],
            [
                0.9999999998159161,
                1.691897921616997e-10,
                1.0060392786898051e-12,
                0.0,
                1.3887943856770842e-11
            ]
        ],
        [
            [
                0.9999999999612426,
                3.775134542600588e-11,
                0.0,
                0.0,
                1.0060392788360091e-12
            ],
            [
                0.00010874126934752648,
                0.9984616338647581,
                0.0007090818102136815,
                0.0007090818102136815,
                1.1461245467102119e-05
            ],
            [
                5.109088927648826e-12,
                6.22414450057788e-11,
                0.99999998037531,
                1.955568070350137e-08,
                1.6586783263144164e-12
            ],
            [
                0.9999999998945976,
                1.0261879625272374e-10,
                3.7010116762738265e-13,
                0.0,
                2.4133627703211366e-12
            ],
            [
                0.9999999986571741,
                6.69158606851476e-10,
                4.508755226947115e-12,
                0.0,
                6.69158606851476e-10
            ]
        ],
        [
            [
                0.9999999999760967,
                2.289734844537759e-11,
                0.0,
                0.0,
                1.0060392787965864e-12
            ],
            [
                4.655809336129862e-07,
                0.0010808798522447705,
                0.07577552863762847,
                0.923134873309682,
                8.252619511156257e-06
            ],
            [
                2.1297851707910364e-12,
                1.081594155644903e-11,
                0.9999999999711191,
                1.5737102105645565e-11,
                1.9810087978957397e-13
            ],
            [
                0.999999999881644,
                1.0261879620496164e-10,
                0.0,
                0.0,
                1.5737102089678362e-11
            ],
            [
                0.9999999999719937,
                2.2897348445283645e-11,
                0.0,
                0.0,
                5.10908902557054e-12
            ]
        ],
        [
            [
                0.9999999999064164,
                9.05607698410587e-11,
                2.8823507916725346e-13,
                0.0,
                2.7346982899107875e-12
            ],
            [
                0.001247367797735669,
                0.9401463958724635,
                0.036453430500601264,
                0.022110123250318314,
                4.268257888108144e-05
            ],
            [
                3.511422112907884e-12,
                2.0206839087525404e-11,
                0.9999999999464615,
                2.9400777388920956e-11,
                4.1937956578198486e-13
            ],
            [
                0.9999999983718142,
                5.21141247365387e-10,
                1.658678354383648e-12,
                2.129785165138401e-12,
                1.1032560293300744e-09
            ],
            [
                0.9999999995040445,
                4.599055372419805e-10,
                2.7346982878858873e-12,
                0.0,
                3.3315445376515957e-11
            ]
        ],
        [
            [
                0.999999999879412,
                1.1628233023470857e-10,
                3.2661313408914796e-13,
                0.0,
                3.9789625335274785e-12
            ],
            [
                0.9999999530562023,
                4.691163794967819e-08,
                1.0815941034222363e-11,
                3.511421943562711e-12,
                1.783247204576075e-11
            ],
            [
                3.3315446924262583e-11,
                3.8507420964443845e-09,
                0.9999998515694376,
                1.4449803112809712e-07,
                4.8473689248970416e-11
            ],
            [
                0.999999998830154,
                9.736200287827323e-10,
                4.5087552306331334e-12,
                0.0,
                1.9171715087996345e-10
            ],
            [
                0.9999999997193745,
                2.1724399309821138e-10,
                1.1399918508944978e-12,
                0.0,
                6.224144611169958e-11
            ]
        ],
        [
            [
                0.9999999999440661,
                5.492788348121287e-11,
                0.0,
                0.0,
                1.0060392787643623e-12
            ],
            [
                0.9999251377100388,
                7.484619572549966e-05,
                8.151414878587005e-09,
                4.944083043900752e-09,
                2.9987379502911677e-09
            ],
            [
                5.313960995520728e-08,
                7.886617386931042e-06,
                0.9996566993025927,
                0.0003353475046128157,
                1.343579750229649e-08
            ],
            [
                0.9999999988488573,
                1.1032560290667683e-09,
                5.109089012888798e-12,
                0.0,
                4.2777878562635214e-11
            ],
            [
                0.999999999576934,
                4.05865212080703e-10,
                1.4637785120814698e-12,
                0.0,
                1.573710208488311e-11
            ]
        ],
        [
            [
                0.9999999999560822,
                4.2777878670449225e-11,
                0.0,
                0.0,
                1.1399918525316066e-12
            ],
            [
                0.008419082122593857,
                0.9731135264178159,
                0.0005382139134210532,
                0.017823196993394668,
                0.00010598055277446696
            ],
            [
                1.5228092339550798e-08,
                9.929963569389534e-08,
                0.9998764895455544,
                0.00012339451028424789,
                1.4164332306161347e-09
            ],
            [
                0.9999999994706397,
                5.211412480055889e-10,
                1.6586783564212702e-12,
                0.0,
                6.560200158293926e-12
            ],
            [
                0.9999999998554405,
                1.3176514262130725e-10,
                5.384940214499028e-13,
                0.0,
                1.2256067436691119e-11
            ]
        ],
        [
            [
                0.9999999999484275,
                4.847368704052887e-11,
                0.0,
                0.0,
                3.098819137304309e-12
            ],
            [
                0.4378226464122463,
                0.5621753945372563,
                1.8488604129192067e-06,
                1.0430556697826136e-07,
                5.884517417666185e-09
            ],
            [
                3.51142210731262e-12,
                9.056076974033884e-11,
                0.9999999982990413,
                1.6052280524135356e-09,
                1.6586783560498516e-12
            ],
            [
                0.9999999988599173,
                1.103256029706512e-09,
                3.511422104983386e-12,
                0.0,
                3.331544534203236e-11
            ],
            [
                0.9999999991962314,
                7.582560414434749e-10,
                2.7346982867312526e-12,
                0.0,
                4.2777878613657065e-11
            ]
        ],
        [
            [
                0.9999999996355762,
                3.581747925900409e-10,
                1.1399918516494152e-12,
                0.0,
                5.109089021811637e-12
            ],
            [
                0.07573748211034378,
                0.9226713669146863,
                0.0007425042176279755,
                0.0008413675056007345,
                7.279251741248907e-06
            ],
            [
                3.701011677674831e-13,
                7.433680670508655e-12,
                0.9999999998225313,
                1.691897922195544e-10,
                4.752193061592621e-13
            ],
            [
                0.9999999999598361,
                3.3315445402963984e-11,
                2.8823507918265086e-13,
                0.0,
                6.560200164471504e-12
            ],
            [
                0.9999999998450786,
                1.1628233007268198e-10,
                8.878265460935001e-13,
                0.0,
                3.775134536827424e-11
            ]
        ],
        [
            [
                0.9999999999713192,
                2.5946094970087762e-11,
                0.0,
                0.0,
                2.7346982902557383e-12
            ],
            [
                1.4363355743209894e-07,
                0.004062324194722988,
                0.7741419410852625,
                0.22179538210086433,
                2.089855929147743e-07
            ],
            [
                1.463778514050727e-12,
                9.54503492235038e-12,
                0.9999999999780391,
                1.0815941556730169e-11,
                1.3615261080197236e-13
            ],
            [
                0.9999999993449638,
                5.211412472303136e-10,
                0.0,
                2.1297851645863874e-12,
                1.3176514230689396e-10
            ],
            [
                0.999999998988375,
                8.592166603966996e-10,
                3.098819133237284e-12,
                0.0,
                1.493094673554564e-10
            ]
        ],
        [
            [
                0.9999999999064164,
                9.056076985149822e-11,
                2.882350792004801e-13,
                0.0,
                2.734698290226033e-12
            ],
            [
                7.307777281494855e-06,
                0.721392590988218,
                0.013212764980002316,
                0.26538548855904415,
                1.847695454084268e-06
            ],
            [
                3.7010116783476007e-13,
                2.4133627716734073e-12,
                0.9999999999887104,
                8.423463753910867e-12,
                8.258073285009092e-14
            ],
            [
                0.9999999826399552,
                1.7257827652792512e-08,
                1.5737101801229516e-11,
                6.560200040746829e-12,
                7.991959737740493e-11
            ],
            [
                0.999999999607218,
                3.581747924398602e-10,
                1.2917800026636857e-12,
                0.0,
                3.331544536692901e-11
            ]
        ],
        [
            [
                0.9999999999617102,
                3.7751345427823907e-11,
                0.0,
                0.0,
                5.384940215619097e-13
            ],
            [
                6.923919768985132e-06,
                0.8776316260306406,
                0.0035866792373089626,
                0.11877453388877553,
                2.3692350583561663e-07
            ],
            [
                2.8410344696546633e-08,
                1.0114783330127883e-05,
                0.9984886835194581,
                0.0015011669476623594,
                6.339204762012544e-09
            ],
            [
                0.9999999863630478,
                1.344040974880899e-08,
                2.940077695025833e-11,
                1.783247263970417e-11,
                1.493094653720772e-10
            ],
            [
                0.9999999997108167,
                2.7894680904149915e-10,
                6.914400100857511e-13,
                0.0,
                9.54503491444373e-12
            ]
        ],
        [
            [
                0.9999999999446527,
                5.4927883484213414e-11,
                0.0,
                0.0,
                4.193795656445314e-13
            ],
            [
                1.1174230060248044e-07,
                0.00033309942113959304,
                0.006690477532122681,
                0.9929550169708745,
                2.1294333562646542e-05
            ],
            [
                1.291780004611055e-12,
                8.423463753327888e-12,
                0.9999999999351024,
                5.4927883502108155e-11,
                2.543665647032443e-13
            ],
            [
                0.999999999467434,
                5.211412480039183e-10,
                1.879528813708163e-12,
                0.0,
                9.54503490846403e-12
            ],
            [
                0.999999999948203,
                4.8473687037898453e-11,
                2.2447770538723162e-13,
                0.0,
                3.0988191371361522e-12
            ]
        ],
        [
            [
                0.9999999999659932,
                3.331544541000056e-11,
                0.0,
                0.0,
                6.914400104519507e-13
            ],
            [
                8.134470095329098e-07,
                0.010867424655771906,
                0.010867424655771906,
                0.9782544274281657,
                9.909813280986973e-06
            ],
            [
                1.0261880884380064e-10,
                4.944451105512789e-09,
                0.9999998093709932,
                1.8553915891055054e-07,
                4.2777883911629516e-11
            ],
            [
                0.9999999997453906,
                2.4616969497349064e-10,
                1.0060392784330732e-12,
                0.0,
                7.43368066606969e-12
            ],
            [
                0.9999999998708249,
                1.026187962431636e-10,
                6.101936673213727e-13,
                0.0,
                2.5946094964091123e-11
            ]
        ],
        [
            [
                0.9999999999612426,
                3.775134542600588e-11,
                0.0,
                0.0,
                1.0060392788360091e-12
            ],
            [
                0.07580129002902007,
                0.9234486459456218,
                0.0003510294908262107,
                0.0003977685245105564,
                1.2660100212681836e-06
            ],
            [
                2.244777054842013e-13,
                1.4637785140092116e-12,
                0.9999999999908054,
                7.43368067175955e-12,
                7.28772409523869e-14
            ],
            [
                0.9999999990144215,
                9.736200287784955e-10,
                2.413362765580658e-12,
                0.0,
                9.54503489811129e-12
            ],
            [
                0.9999999999016791,
                9.056076982722514e-11,
                3.266131340280759e-13,
                0.0,
                7.433680666646991e-12
            ]
        ],
        [
            [
                0.9999999999616385,
                3.775134542166899e-11,
                0.0,
                0.0,
                6.101936674191272e-13
            ],
            [
                1.7565464694370819e-06,
                0.02659156053311024,
                0.09281366728211589,
                0.8805916476385385,
                1.367999765898911e-06
            ],
            [
                1.1628212320573952e-10,
                7.1941202177204694e-09,
                0.9999986216844794,
                1.3709566447337765e-06,
                4.847360073204972e-11
            ],
            [
                0.9999999988119599,
                1.1032560281129933e-09,
                2.1297851627888815e-12,
                2.734698281105363e-12,
                7.991959862307853e-11
            ],
            [
                0.9999999999496696,
                4.847368704058908e-11,
                1.9810087971452523e-13,
                0.0,
                1.6586783581575496e-12
            ]
        ],
        [
            [
                0.9999999999812799,
                1.7832472897281947e-11,
                0.0,
                0.0,
                8.878265473050572e-13
            ],
            [
                0.9999038721338674,
                9.610239652896394e-05,
                1.7256182519425843e-08,
                3.850374769110024e-09,
                4.363046213344562e-09
            ],
            [
                1.0060392791906517e-12,
                5.7893563281974e-12,
                0.9999999999701326,
                2.2897348454346478e-11,
                1.7482341281100288e-13
            ],
            [
                0.9999999997933888,
                1.9171715123630855e-10,
                1.0060392785511694e-12,
                0.0,
                1.3887943854857035e-11
            ],
            [
                0.9999999984692416,
                2.7894680858830406e-10,
                1.6586783547602728e-12,
                0.0,
                1.2501528632558867e-09
            ]
        ],
        [
            [
                0.9999999999497744,
                4.847368704290588e-11,
                2.882350792267234e-13,
                0.0,
                1.463778513528101e-12
            ],
            [
                3.6848031305220056e-06,
                0.0716262506108755,
                0.8725864294639212,
                0.05578257940830032,
                1.0557137723799996e-06
            ],
            [
                2.4133627715046317e-12,
                1.081594155581309e-11,
                0.9999999999437685,
                4.2777878683865726e-11,
                2.2447770547153452e-13
            ],
            [
                0.999999997264533,
                2.6465736274211484e-09,
                6.560200139677951e-12,
