{
    "[['A', 'B', 'C', 'D', 'E'], ['A', 'B', 'C', 'D', 'E']]": [
        [
            [
                0.999999999882254,
                1.1628233021984968e-10,
                0.0,
                0.0,
                1.4637785130891493e-12
            ],
            [
                0.999999946839737,
                5.315784959420369e-08,
                0.0,
                0.0,
                2.4133626379015813e-12
            ],
            [
                3.846865807961792e-09,
                8.755426222808533e-08,
                0.0009109636407356867,
                0.9989929301425822,
                9.601481555415144e-05
            ],
            [
                1.1251736340133049e-07,
                1.7255096533889805e-08,
                8.590806708268638e-10,
                0.00015843624491262306,
                0.9998414331235468
            ],
            [
                1.7832472033046153e-11,
                7.052879505003302e-11,
                1.2256066842652474e-11,
                4.6911637916230077e-08,
                0.9999999529877447
            ]
        ],
        [
            [
                0.9999999999560822,
                4.2777878662549643e-11,
                0.0,
                0.0,
                1.1399918523210897e-12
            ],
            [
                0.6791781984416623,
                0.32082104453537746,
                7.251615839613835e-07,
                3.186137638075629e-08,
                0.0
            ],
            [
                2.574024653445672e-08,
                2.317063151999992e-06,
                0.9046471427243207,
                0.09534910910243868,
                1.405369842178389e-06
            ],
            [
                1.1032161815062599e-09,
                1.4165576171552345e-09,
                2.7893673341729857e-10,
                3.5356257416417424e-05,
                0.999964640943873
            ],
            [
                2.940078109888104e-11,
                7.991960900359049e-11,
                1.2256068989005266e-11,
                1.8553915964923715e-07,
                0.9999998143392639
            ]
        ],
        [
            [
                0.9999999999767761,
                2.2897348433630447e-11,
                0.0,
                0.0,
                3.266131339531624e-13
            ],
            [
                0.9999999943928128,
                5.6027963893187725e-09,
                1.2917799936687462e-12,
                0.0,
                3.0988191120529297e-12
            ],
            [
                3.850117999831937e-09,
                1.4447474985728278e-07,
                2.9018529227267553e-06,
                0.9998385140209602,
                0.0001584358012491535
            ],
            [
                5.905180595410091e-10,
                1.2501267418584009e-09,
                1.0261665188514592e-10,
                2.1444939718954476e-05,
                0.9999785531170196
            ],
            [
                1.783244070394997e-11,
                7.99194546003442e-11,
                1.3887918784310632e-11,
                1.76034313309409e-06,
                0.9999982395452272
            ]
        ],
        [
            [
                0.9999999999440661,
                5.492788339325969e-11,
                0.0,
                0.0,
                1.0060392771534436e-12
            ],
            [
                0.9947798723621044,
                0.005220125671967875,
                1.5968485563661258e-09,
                3.1443812428145273e-10,
                5.46411528275492e-11
            ],
            [
                7.052866912551888e-11,
                5.602786159165748e-09,
                0.999997733809708,
                2.2603252603900328e-06,
                1.9171679966929846e-10
            ],
            [
                9.724805055643068e-10,
                2.6434760868061206e-09,
                3.5775558493711886e-10,
                0.0011695103471236665,
                0.9988304856791642
            ],
            [
                2.2897348953418452e-11,
                1.1628233282599568e-10,
                1.573710244842019e-11,
                6.475946140449502e-07,
                0.9999993522504691
            ]
        ],
        [
            [
                0.9999999998300266,
                1.6918979183759678e-10,
                0.0,
                0.0,
                7.835041765433172e-13
            ],
            [
                0.8519527230940003,
                0.14804718867055205,
                8.46090220568011e-08,
                3.280647805669158e-09,
                3.4577773477811103e-10
            ],
            [
                1.3134709983948756e-10,
                1.5181660559668256e-08,
                0.9968272935603785,
                0.003172683000456712,
                8.126157318458444e-09
            ],
            [
                2.509218083260587e-08,
                5.59882232765271e-09,
                6.686839693895473e-10,
                0.0007096703262910321,
                0.9992902983140218
            ],
            [
                7.991823181798376e-11,
                2.461654841814907e-10,
                3.331487552477994e-11,
                1.6701415089510752e-05,
                0.9999832982255119
            ]
        ],
        [
            [
                0.9999999999834792,
                1.5737102094670158e-11,
                0.0,
                0.0,
                7.83504177899398e-13
            ],
            [
                0.9999832985810091,
                1.6701415108594967e-05,
                3.0987661335951105e-12,
                7.834907767116248e-13,
                0.0
            ],
            [
                3.2032769276588026e-07,
                2.544678051746759e-05,
                0.0758558019409619,
                0.9241127530066158,
                5.677944212124488e-06
            ],
            [
                4.944347151492646e-09,
                1.25012673530175e-09,
                1.4930634670667172e-10,
                2.1444939606480295e-05,
                0.9999785487166133
            ],
            [
                1.691772213868839e-10,
                4.058350566869979e-10,
                7.991366086882581e-11,
                7.484619827716965e-05,
                0.9999251531467969
            ]
        ],
        [
            [
                0.9999999995379647,
                4.599055365785869e-10,
                0.0,
                0.0,
                2.1297851649974376e-12
            ],
            [
                0.9999999950538712,
                4.944450473733595e-09,
                5.384940187036263e-13,
                0.0,
                1.139991846541403e-12
            ],
            [
                1.605170046295898e-09,
                6.825356716259245e-08,
                7.889047250494755e-06,
                0.9999645056135004,
                2.753548051184807e-05
            ],
            [
                4.938663447145359e-09,
                1.1847237728575386e-08,
                8.582110225850181e-10,
                0.0011695103265589933,
                0.9988304720293288
            ],
            [
                4.277535241243897e-11,
                2.7893033588989086e-10,
                7.991487922227777e-11,
                5.829127782992282e-05,
                0.9999417083205495
            ]
        ],
        [
            [
                0.9999999999557585,
                4.27778786271979e-11,
                0.0,
                0.0,
                1.4637785119875477e-12
            ],
            [
                0.9999999226543083,
                7.734422800534625e-08,
                1.4637786832050697e-12,
                0.0,
                0.0
            ],
            [
                7.578816200003924e-10,
                4.688847550054408e-08,
                0.0003352969782455893,
                0.999506272297639,
                0.00015838307775834805
            ],
            [
                3.15613439750753e-10,
                9.72157834865245e-10,
                2.785278829941093e-10,
                0.001501182033194581,
                0.9984988164005063
            ],
            [
                2.644161801361569e-09,
                1.41531782303214e-09,
                1.915424384498807e-10,
                0.000911051409022286,
                0.9990889443399558
            ]
        ],
        [
            [
                0.9999999995922553,
                4.0586521126490606e-10,
                0.0,
                0.0,
                1.879528810136082e-12
            ],
            [
                0.9968273166473534,
                0.003172683061925311,
                1.911089068771887e-10,
                7.030503786486538e-11,
                2.9307500077921795e-11
            ],
            [
                9.219618669073194e-09,
                5.703981531531604e-07,
                0.22269961300204585,
                0.7772980504301803,
                1.7569500019340923e-06
            ],
            [
                4.937024782533838e-09,
                1.045168154664132e-08,
                7.571172718380668e-10,
                0.0015011820123780677,
                0.9984988018417983
            ],
            [
                1.3175912302289156e-10,
                2.7893406562833286e-10,
                3.774962077615034e-11,
                4.539785667698739e-05,
                0.9999546016948803
            ]
        ],
        [
            [
                0.9999999999284652,
                7.052879845259745e-11,
                0.0,
                0.0,
                1.0060392784485148e-12
            ],
            [
                0.9626730376041747,
                0.0373268851539008,
                7.445715982937705e-08,
                2.5477839041922515e-09,
                2.3698081846759226e-10
            ],
            [
                1.605218886835587e-09,
                1.6373693401358832e-07,
                0.9999950493170537,
                4.7850946250824456e-06,
                2.4616828916952444e-10
            ],
            [
                2.1704601859105695e-10,
                7.575650424344275e-10,
                1.9154243912492626e-10,
                0.0009110514065423924,
                0.9990889474273041
            ],
            [
                2.2897306560232855e-11,
                7.991945269735356e-11,
                1.0815921766911413e-11,
                1.0677030746532414e-06,
                0.9999989321832927
            ]
        ],
        [
            [
                0.9999999998277114,
                1.6918979206763698e-10,
                0.0,
                0.0,
                3.0988191351708616e-12
            ],
            [
                0.9999999936505085,
                6.3488000589294605e-09,
                0.0,
                0.0,
                6.914400044737809e-13
            ],
            [
                3.84495864785282e-09,
                7.327194218990514e-07,
                0.9984980571146124,
                0.0015011812487272932,
                2.5072279867797282e-08
            ],
            [
                9.92962272237824e-08,
                4.943668053461407e-09,
                7.581360504309062e-10,
                0.00015843625061606035,
                0.9998414587513527
            ],
            [
                7.989277962807059e-11,
                4.057290129964267e-10,
                7.050513056064596e-11,
                0.00033535005597628534,
                0.9996646493878968
            ]
        ],
        [
            [
                0.9999999998280755,
                1.6918979188369902e-10,
                0.0,
                0.0,
                2.7346982854850796e-12
            ],
            [
                0.9999982396535974,
                1.7603431329896046e-06,
                1.1399897942312922e-12,
                0.0,
                2.1297813245866026e-12
            ],
            [
                3.850588270174606e-09,
                3.058898226450836e-07,
                3.535605629458032e-05,
                0.9999595492814017,
                4.784921892756649e-06
            ],
            [
                9.237449375597553e-09,
                7.582560192842599e-10,
                3.3315444388841665e-11,
                1.955568048159876e-08,
                0.9999999704152986
            ],
            [
                9.73614583088844e-10,
                5.905270953867172e-10,
                7.05284038439599e-11,
                6.144172111818889e-06,
                0.9999938541932181
            ]
        ],
        [
            [
                0.9999999999284652,
                7.052879839286154e-11,
                0.0,
                0.0,
                1.0060392775964277e-12
            ],
            [
                0.9820137801930093,
                0.01798621140039796,
                7.064735020667547e-09,
                1.2276668639738613e-09,
                1.1419080627338581e-10
            ],
            [
                1.5762475245552094e-07,
                3.5875228300307756e-06,
                0.03732661704471711,
                0.9626660502848704,
                3.5875228300307756e-06
            ],
            [
                1.691330157533753e-10,
                5.209663648318655e-10,
                7.989277960611362e-11,
                0.00033535005563394856,
                0.9996646491743738
            ],
            [
                3.774364515614875e-11,
                2.1719968141778434e-10,
                4.2769153121793175e-11,
                0.00020342706266967772,
                0.9997965726396179
            ]
        ],
        [
            [
                0.9999999998962412,
                1.026187960347831e-10,
                0.0,
                0.0,
                1.1399918499089988e-12
            ],
            [
                0.9999991684701308,
                8.315279897466389e-07,
                1.8795289604098103e-12,
                0.0,
                0.0
            ],
            [
                2.939859253197558e-11,
                1.3439411153539464e-08,
                0.9999251395769482,
                7.484619604244914e-05,
                7.581996944867037e-10
            ],
            [
                8.151989801698128e-09,
                1.4166034148088957e-09,
                1.691891506873975e-10,
                2.9023121708004834e-06,
                0.9999970879500468
            ],
            [
                9.545017679403406e-12,
                3.77512772436738e-11,
                9.545017679403406e-12,
                1.7603431320293947e-06,
                0.9999982396000267
            ]
        ],
        [
            [
                0.9999999998959175,
                1.026187962181663e-10,
                0.0,
                0.0,
                1.4637785127158521e-12
            ],
            [
                0.9999546021402941,
                4.5397855727091345e-05,
                3.978780762227194e-12,
                0.0,
                0.0
            ],
            [
                9.73599652565923e-10,
                1.125328192577507e-07,
                1.670133528111995e-05,
                0.999978400145628,
                4.785012672011197e-06
            ],
            [
                2.3969296555973805e-09,
                1.562994472830567e-08,
                5.749935332189621e-09,
                0.37754066700074257,
                0.6224593092224477
            ],
            [
                1.1628232722176348e-10,
                1.4930946366434518e-10,
                1.225606711942284e-11,
                2.5109990892248656e-08,
                0.9999999746121613
            ]
        ],
        [
            [
                0.9999999998076727,
                1.9171715122574398e-10,
                0.0,
                0.0,
                6.101936672828377e-13
            ],
            [
                0.9999898699934261,
                1.0129988102210863e-05,
                1.57369532260779e-11,
                2.7346724199907613e-12,
                0.0
            ],
            [
                1.4164900886062428e-09,
                6.475409554041523e-07,
                7.484555803244048e-05,
                0.9999166168207436,
                7.888663778519242e-06
            ],
            [
                1.9171715553825108e-10,
                3.1608815229403945e-10,
                2.289734895358569e-11,
                6.475946140496802e-07,
                0.9999993518746833
            ],
            [
                2.940072426540388e-11,
                1.317649046002837e-10,
                1.3887918769337934e-11,
                1.7603431311962473e-06,
                0.9999982394818153
            ]
        ],
        [
            [
                0.9999999998496845,
                1.4930946741061321e-10,
                0.0,
                0.0,
                1.0060392778743906e-12
            ],
            [
                0.9999999991376844,
                8.592166585997379e-10,
                0.0,
                0.0,
                3.098819126756428e-12
            ],
            [
                1.1231752491798491e-07,
                3.719445600540756e-06,
                0.22269863999550735,
                0.777294631534221,
                2.8967071462926325e-06
            ],
            [
                7.193447211005726e-09,
                4.9439791456730565e-09,
                3.5814064809496233e-10,
                9.610239883562659e-05,
                0.9999038851055975
            ],
            [
                1.3173826594213703e-10,
                4.0578242640221493e-10,
                7.051441241880291e-11,
                0.00020342706370717748,
                0.9997965723282577
            ]
        ],
        [
            [
                0.9999999999366185,
                6.22414460604063e-11,
                0.0,
                0.0,
                1.1399918499550286e-12
            ],
            [
                0.9998415637068703,
                0.00015843624676523162,
                3.7745370852632076e-11,
                5.108280455211948e-12,
                3.5108663899246387e-12
            ],
            [
                2.6456753196061224e-09,
                3.465154151188678e-07,
                0.0003353490825473882,
                0.9996614004183134,
                2.9013380488461444e-06
            ],
            [
                1.2497333382848664e-09,
                1.6046893704397878e-09,
                3.159820721156621e-10,
                0.00033535005638027886,
                0.999664646773215
            ],
            [
                3.775134848603017e-11,
                6.224145124653101e-11,
                6.560200696989454e-12,
                1.125351837910273e-07,
                0.9999998873582632
            ]
        ],
        [
            [
                0.9999999996403615,
                3.581747922479984e-10,
                0.0,
                0.0,
                1.4637785109369209e-12
            ],
            [
                0.9820137840193294,
                0.01798621145361187,
                2.5989707791167964e-09,
                1.5763554612315673e-09,
                3.5173244651545156e-10
            ],
            [
                1.2255997984807332e-11,
                2.335579802201222e-09,
                0.9999952122783824,
                4.78509483666524e-06,
                2.7894522840068987e-10
            ],
            [
                5.893927465929779e-10,
                4.9349250474687745e-09,
                2.3310935327081135e-09,
                0.2227001425244288,
                0.7772998496201599
            ],
            [
                1.487018300367827e-10,
                8.557199490566191e-10,
                1.9093692927520963e-10,
                0.004070137779979466,
                0.9959298610246617
            ]
        ],
        [
            [
                0.9999999996808131,
                3.1608814449392754e-10,
                0.0,
                0.0,
                3.09881912953147e-12
            ],
            [
                0.9988304895496746,
                0.0011695103411330703,
                7.982606120286365e-11,
                2.9366366786226836e-11,
                0.0
            ],
            [
                8.587416512408275e-10,
                1.5221559979007964e-08,
                3.0573320498688015e-07,
                0.9994468998479548,
                0.0005527783385385544
            ],
            [
                1.9171642609787266e-10,
                2.789457540136896e-10,
                2.2897261834356125e-11,
                2.902312196850296e-06,
                0.9999970971942437
            ],
            [
                3.775134723653087e-11,
                1.3176514896172207e-10,
                1.388794452484405e-11,
                1.444980314766896e-07,
                0.9999998553185641
            ]
        ],
        [
            [
                0.9999999997503188,
                2.461696946723013e-10,
                0.0,
                0.0,
                3.5114221061126337e-12
            ],
            [
                0.9999998554988697,
                1.4449803140960796e-07,
                0.0,
                0.0,
                3.0988192845223686e-12
            ],
            [
                1.5629855618366777e-08,
                1.5942886159556251e-06,
                0.3775384245416772,
                0.622455631814077,
                4.3337257740712975e-06
            ],
            [
                1.917146030035711e-10,
                4.5989942463797707e-10,
                7.991853660993208e-11,
                1.3007124756461524e-05,
                0.999986992143711
            ],
            [
                1.081592177506714e-11,
                5.492778304715155e-11,
                9.545017465094033e-12,
                1.0677030754583412e-06,
                0.9999989322216358
            ]
        ],
        [
            [
                0.9999999993293778,
                6.691586074633517e-10,
                0.0,
                0.0,
                1.4637785104817096e-12
            ],
            [
                0.9999898699921369,
                1.0129988100078071e-05,
                5.109040692473463e-12,
                5.109040692473463e-12,
                9.544944620070269e-12
            ],
            [
                1.388794532066907e-11,
                9.736201333537593e-10,
                0.9999999113215269,
                8.76424913809369e-08,
                4.847369214361242e-11
            ],
            [
                6.336568972152756e-09,
                2.839853190594031e-08,
                7.180273328546145e-09,
                0.22270013502152294,
                0.777299823063103
            ],
            [
                6.560199944438502e-12,
                2.9400776390222414e-11,
                5.109088853833693e-12,
                3.224186627305846e-08,
                0.9999999677170637
            ]
        ],
        [
            [
                0.9999999997186397,
                2.7894680847015464e-10,
                0.0,
                0.0,
                2.4133627647670473e-12
            ],
            [
                0.9914225087376525,
                0.00857748559514985,
                4.326030684997234e-09,
                1.2394285426160816e-09,
                1.0173849021506195e-10
            ],
            [
                1.1628188815191354e-10,
                1.955560672960396e-08,
                0.9999970772577175,
                2.902312140767357e-06,
                7.582531596090855e-10
            ],
            [
                2.939612435915815e-11,
                1.9168680978480027e-10,
                4.277110856562409e-11,
                0.00015843624879662878,
                0.9998415634873493
            ],
            [
                1.4870182997821648e-10,
                1.2450651787045365e-09,
                4.042134822883924e-10,
                0.004070137784092341,
                0.9959298604179272
            ]
        ],
        [
            [
                0.9999999999439322,
                5.492788347403057e-11,
                0.0,
                0.0,
                1.1399918523072389e-12
            ],
            [
                0.0009098020000793037,
                0.9977189077706476,
                0.0011682088922551686,
                0.00020300416918110257,
                7.71678368669178e-08
            ],
            [
                1.1860193063724006e-08,
                1.0676195381049632e-06,
                7.484590794822887e-05,
                0.9999211725215306,
                2.9020907901385606e-06
            ],
            [
                8.591101759562454e-10,
                2.6462456390573616e-09,
                3.16048971435483e-10,
                0.00012339462801020653,
                0.999876601550585
            ],
            [
                7.052732474800312e-11,
                3.160815404833089e-10,
                4.2776984807173476e-11,
                2.1444939743862605e-05,
                0.9999785546308703
            ]
        ],
        [
            [
                0.9999999998959175,
                1.0261879622852675e-10,
                0.0,
                0.0,
                1.4637785128636361e-12
            ],
            [
                0.9994472210550245,
                0.000552778581900909,
                2.7879258569931536e-10,
                5.489751508456102e-11,
                2.938452234630495e-11
            ],
            [
                1.3886911968320129e-11,
                2.6463769942162555e-09,
                0.999925150863913,
                7.484619689700164e-05,
                2.7892608308875067e-10
            ],
            [
                1.9167804599665413e-10,
                5.21034949347242e-10,
                9.054229782357315e-11,
                0.00020342706256683662,
                0.9997965721341778
            ],
            [
                2.4616972615406533e-10,
                5.211413143576938e-10,
                2.2897351337349298e-11,
                1.855391596057218e-07,
                0.9999998136706321
            ]
        ],
        [
            [
                0.9999999993295496,
                6.69158606909663e-10,
                0.0,
                0.0,
                1.2917800005011309e-12
            ],
            [
                0.9999986290370969,
                1.370956654128475e-06,
                5.1090799638902425e-12,
                0.0,
                1.139989830553964e-12
            ],
            [
                1.4156039402487085e-09,
                4.137001127166261e-08,
                0.9992902734827088,
                0.0007096703007997974,
                1.3430876233988006e-08
            ],
            [
                4.363371048184698e-09,
                2.061110540360954e-09,
                1.9171314411838876e-10,
                2.1444939614783654e-05,
                0.9999785484441904
            ],
            [
                7.582112597317039e-10,
                4.363204544229739e-09,
                1.9170582844517167e-10,
                5.829127729148943e-05,
                0.9999417034095869
            ]
        ],
        [
            [
                0.9999999998663553,
                1.3176514249668528e-10,
                0.0,
                0.0,
                1.879528813625337e-12
            ],
            [
                0.9980732655679256,
                0.0019267343278268944,
                9.038631068288971e-11,
                1.3861189678009956e-11,
                0.0
            ],
            [
                2.7885319782300276e-10,
                1.0463889050477631e-08,
                8.31248874521527e-07,
                0.9996638082778428,
                0.0003353497305404137
            ],
            [
                3.5630507420401233e-10,
                1.5968485567661152e-09,
                3.1443812436021527e-10,
                0.005220125699086101,
                0.9947798720333222
            ],
            [
                3.3315384489666474e-11,
                1.1628211762864085e-10,
                9.545017465531022e-12,
                1.0677030755072228e-06,
                0.999998932137782
            ]
        ],
        [
            [
                0.9999999999169815,
                7.991959873624486e-11,
                0.0,
                0.0,
                3.098819131226986e-12
            ],
            [
                0.9999999748847381,
                2.5109990851491925e-08,
                1.2917799684686055e-12,
                0.0,
                3.978962423971802e-12
            ],
            [
                9.652679112927465e-10,
                1.9387924273038702e-08,
                2.361934956184333e-07,
                0.9914222620078353,
                0.008577481445476837
            ],
            [
                6.214797118789767e-11,
                5.896435333963938e-10,
                1.1610769593440406e-10,
                0.0015011820343931246,
                0.9984988171977076
            ],
            [
                5.210349484167181e-10,
                2.060733196311085e-09,
                2.1719968092008055e-10,
                0.00020342706161590436,
                0.9997965701394163
            ]
        ],
        [
            [
                0.9999999999423375,
                5.492788337809037e-11,
                0.0,
                0.0,
                2.7346982850470426e-12
            ],
            [
                0.9999999961431429,
                3.85074189892209e-09,
                1.006039273053469e-12,
                0.0,
                5.1090889964255464e-12
            ],
            [
                5.789356016950084e-12,
                5.905303680919215e-10,
                0.99999994621643,
                5.315784968147598e-08,
                2.9400775809492355e-11
            ],
            [
                4.050833391525969e-10,
                2.0571829411970234e-09,
                8.575614357155653e-10,
                0.0019267343343485433,
                0.9980732623458237
            ],
            [
                2.940072363274913e-11,
                1.493091946034235e-10,
                1.7832440301000143e-11,
                1.067703075950403e-06,
                0.9999989321003817
            ]
        ],
        [
            [
                0.9999999999070259,
                9.056076981964061e-11,
                0.0,
                0.0,
                2.4133627697788866e-12
            ],
            [
                0.006678693661479319,
                0.9912060230968314,
                0.0019134777707735715,
                0.00020167907325589925,
                1.2639765972781436e-07
            ],
            [
                4.944149065783627e-09,
                2.2601916070363997e-06,
                0.9999394416933926,
                5.82911098234556e-05,
                2.061027965154173e-09
            ],
            [
                9.053711881810534e-11,
                4.057592158670014e-10,
                9.053711881810534e-11,
                0.00026119032848843866,
                0.9997388090846782
            ],
            [
                7.99192966086733e-11,
                3.160869497291491e-10,
                3.775120263652567e-11,
                2.902312197575466e-06,
                0.9999970972540451
            ]
        ],
        [
            [
                0.9999999999911571,
                8.423463750520162e-12,
                0.0,
                0.0,
                4.1937956564137097e-13
            ],
            [
                0.9998415637237998,
                0.00015843624674721858,
                2.5941988708053874e-11,
                3.5108663895254793e-12,
                0.0
            ],
            [
                2.5945997048742643e-11,
                2.646563649367291e-09,
                0.9999962705721027,
                3.726639105756395e-06,
                1.1628189139237357e-10
            ],
            [
                2.7874895863508154e-10,
                7.577182289596243e-10,
                2.1708990726534015e-10,
                0.0007096703429381089,
                0.9992903284035047
            ],
            [
                1.8189618225511461e-09,
                5.211412874664572e-10,
                7.991960486094188e-11,
                8.315279878099722e-07,
                0.9999991660519896
            ]
        ],
        [
            [
                0.9999999997808764,
                2.1724399280879218e-10,
                0.0,
                0.0,
                1.879528810490601e-12
            ],
            [
                0.9999998874636763,
                1.1253518374650513e-07,
                0.0,
                0.0,
                1.1399919444912025e-12
            ],
            [
                1.0815942902053652e-11,
                1.6052282547668726e-09,
                0.999999692443846,
                3.059023585352819e-07,
                3.775135013649235e-11
            ],
            [
                5.902759103038933e-10,
                7.579292716886926e-10,
                1.4924512257451516e-10,
                0.00043055712098524415,
                0.9995694413815644
            ],
            [
                1.4449651482230137e-07,
                8.151943312319845e-09,
                4.058613590214193e-10,
                1.0129987754276733e-05,
                0.9999897169579262
            ]
        ],
        [
            [
                0.9999999998482771,
                1.493094674323362e-10,
                0.0,
                0.0,
                2.413362768804495e-12
            ],
            [
                0.9999999907604206,
                9.237449555045521e-09,
                0.0,
                0.0,
                2.1297851463031545e-12
            ],
            [
                6.560200986747059e-12,
                4.5990559525305113e-10,
                0.9999999312596595,
                6.825604228045628e-08,
                1.783247513331363e-11
            ],
            [
                1.2256068002089353e-11,
                7.052880172213161e-11,
                1.5737102823336077e-11,
                5.043472045464438e-07,
                0.9999994955542735
            ],
            [
                2.289734820334135e-11,
                3.7751345025476245e-11,
                5.109088971585918e-12,
                1.0467401679034849e-08,
                0.9999999894668404
            ]
        ],
        [
            [
                0.9999999998280755,
                1.6918979183726669e-10,
                0.0,
                0.0,
                2.7346982847345707e-12
            ],
            [
                0.00022187259555171782,
                0.02905956839473085,
                0.008325707724780331,
                0.962320819799352,
                7.203148558506641e-05
            ],
            [
                1.1628232529567816e-10,
                1.4166087256511559e-09,
                0.9999999570249557,
                4.1399375405402975e-08,
                4.277787684788996e-11
            ],
            [
                3.0590146463328447e-07,
                1.9555607724315453e-08,
                3.581734493283026e-10,
                2.902312288395773e-06,
                0.9999967718724657
            ],
            [
                8.592151085814715e-10,
                5.905293323032664e-10,
                7.052867100554313e-11,
                1.7603431297118405e-06,
                0.9999982381365972
            ]
        ],
        [
            [
                0.9999999999278126,
                7.05287984454308e-11,
                0.0,
                0.0,
                1.6586783573693315e-12
            ],
            [
                0.9999952149011456,
                4.785094845187119e-06,
                1.8795181679589132e-12,
                0.0,
                2.1297731045336383e-12
            ],
            [
                6.914400445815618e-13,
                4.8473689438402634e-11,
                0.999999855426857,
                1.444980316927866e-07,
                2.5946096254385284e-11
            ],
            [
                2.997302749854294e-09,
                2.3343017286885988e-09,
                1.9161115418716826e-10,
                0.0005527785842077132,
                0.9994472158925767
            ],
            [
                0.88036333350873,
                5.409140947497691e-06,
                1.1226313883083145e-07,
                0.0004869151187146518,
                0.11914422996846902
            ]
        ],
        [
            [
                0.9999999995924762,
                4.05865211645619e-10,
                0.0,
                0.0,
                1.6586783548194893e-12
            ],
            [
                0.9890130491097938,
                0.01098694224257787,
                8.06245849030177e-09,
                5.154157273528527e-10,
                6.975393344590306e-11
            ],
            [
                7.052813087965996e-11,
                4.9444036973597304e-09,
                0.999989864137814,
                1.0129988045609727e-05,
                8.592085285011615e-10
            ],
            [
                2.646321361494133e-09,
                1.2500336989738922e-09,
                1.6917366470594234e-10,
                9.610239996970615e-05,
                0.9999038935345015
            ],
            [
                6.646797571542974e-10,
                4.911356013436705e-09,
                7.531808386042259e-10,
                0.006692851378960405,
                0.9933071422918229
            ]
        ],
        [
            [
                0.9999999998492268,
                1.4930946738569143e-10,
                0.0,
                0.0,
                1.4637785118316088e-12
            ],
            [
                0.9999999985794121,
                1.4166087813221573e-09,
                0.0,
                0.0,
                3.978962520891537e-12
            ],
            [
                1.783247375235526e-11,
                1.6052281311788724e-09,
                0.9999998538083791,
                1.4449803145161982e-07,
                7.052880185003246e-11
            ],
            [
                1.626417835252046e-07,
                2.2011171839491412e-08,
                3.824968130513811e-09,
                0.006692848594096474,
                0.99330696292798
            ],
            [
                1.916933916207257e-10,
                2.7891223904720056e-10,
                4.846767965582526e-11,
                0.00012339462955742695,
                0.9998766048513692
            ]
        ],
        [
            [
                0.9999999993291828,
                6.691586073011564e-10,
                0.0,
                0.0,
                1.6586783543827702e-12
            ],
            [
                0.999999967755399,
