{
    "[['A', 'B', 'C', 'D', 'E'], ['A', 'B', 'C', 'D', 'E']]": [
        [
            [
                0.9999999999659932,
                3.331544539526953e-11,
                0.0,
                0.0,
                6.91440010146218e-13
            ],
            [
                0.9999952149032739,
                4.785094846654178e-06,
                1.8795181685351536e-12,
                0.0,
                0.0
            ],
            [
                1.6052005798528825e-09,
                1.6701414921340695e-05,
                0.9999832877223801,
                9.237291552347348e-09,
                2.0206493226825618e-11
            ],
            [
                1.1253517952708451e-07,
                1.2501529197968583e-09,
                4.847368913363748e-11,
                3.6534823698082835e-08,
                0.9999998496313701
            ],
            [
                2.5946097072249778e-11,
                1.49309479643873e-10,
                1.2256068431102361e-11,
                1.1253518378191661e-07,
                0.9999998872773046
            ]
        ],
        [
            [
                0.9999999999704012,
                2.94007773766474e-11,
                0.0,
                0.0,
                1.9810087969576124e-13
            ],
            [
                0.9999999936511998,
                6.348800070922401e-09,
                0.0,
                0.0,
                0.0
            ],
            [
                2.734698280631606e-12,
                5.211412467001964e-10,
                0.9999999960720667,
                3.3982678058753136e-09,
                5.789356305527763e-12
            ],
            [
                4.277780278476892e-11,
                2.172436080309056e-10,
                1.573707418300296e-11,
                1.370956653758989e-06,
                0.9999986287675877
            ],
            [
                2.0206838127277487e-11,
                1.1628232476084565e-10,
                1.5737101356920827e-11,
                4.691163798279836e-08,
                0.9999999529361356
            ]
        ],
        [
            [
                0.999999999990455,
                9.54503491777354e-12,
                0.0,
                0.0,
                0.0
            ],
            [
                0.9999999997208784,
                2.7894680896935665e-10,
                0.0,
                0.0,
                1.748234126280975e-13
            ],
            [
                5.675685232033352e-14,
                4.752193062269306e-13,
                0.9999999999970155,
                2.4133627715783546e-12,
                3.9008376097687736e-14
            ],
            [
                1.388794450262588e-11,
                1.6918980002982477e-10,
                2.02068400180147e-11,
                5.043472047416939e-07,
                0.9999994954495106
            ],
            [
                7.991960260905214e-11,
                2.1724400350985454e-10,
                1.7832473729156673e-11,
                5.043472048049407e-07,
                0.9999994953377992
            ]
        ],
        [
            [
                0.9999999999616385,
                3.775134541271759e-11,
                0.0,
                0.0,
                6.101936672744413e-13
            ],
            [
                0.9999999998832425,
                1.1628233018872115e-10,
                0.0,
                0.0,
                4.752193058133135e-13
            ],
            [
                1.7832472553077182e-11,
                1.955568069846983e-08,
                0.9999999801791772,
                2.461696902799593e-10,
                1.1399918303455405e-12
            ],
            [
                9.545017466800434e-12,
                1.1628211764410544e-10,
                7.433667077574416e-12,
                2.2603252732716124e-06,
                0.999997739541466
            ],
            [
                6.560199814548499e-12,
                6.224144287416434e-11,
                5.789356016675088e-12,
                5.315784967895096e-08,
                0.9999999467675593
            ]
        ],
        [
            [
                0.9999999999795048,
                2.0206839070134245e-11,
                0.0,
                0.0,
                2.8823507905789987e-13
            ],
            [
                0.999999999986112,
                1.3887943852838392e-11,
                0.0,
                0.0,
                0.0
            ],
            [
                6.914400105652461e-13,
                7.991959891465505e-11,
                0.9999999998565372,
                6.224144621748594e-11,
                6.101936676468896e-13
            ],
            [
                2.5946096970629774e-11,
                1.3176515279616666e-10,
                1.225606838310047e-11,
                8.315279898040367e-07,
                0.9999991683020428
            ],
            [
                1.3887944534020195e-11,
                1.4930947481274816e-10,
                1.7832473767231522e-11,
                1.444980315721634e-07,
                0.9999998553209385
            ]
        ],
        [
            [
                0.9999999999194702,
                7.991959885443516e-11,
                0.0,
                0.0,
                6.10193667187105e-13
            ],
            [
                0.9999994956517894,
                5.043472045116741e-07,
                1.0060393250165582e-12,
                0.0,
                0.0
            ],
            [
                5.90530367745265e-10,
                5.315784965027095e-08,
                0.9999999457280654,
                5.211412204173383e-10,
                2.413362640447031e-12
            ],
            [
                4.27778768882447e-11,
                1.917171433023136e-10,
                1.7832472157192273e-11,
                4.139937544445731e-08,
                0.999999958348297
            ],
            [
                7.991959657623493e-11,
                3.581747824815395e-10,
                3.33154444406609e-11,
                2.8453347251999602e-08,
                0.999999971075243
            ]
        ],
        [
            [
                0.9999999999975866,
                2.4133627705689907e-12,
                0.0,
                0.0,
                0.0
            ],
            [
                0.9999999990259605,
                9.736200285816346e-10,
                0.0,
                0.0,
                4.193795646666268e-13
            ],
            [
                1.3615261079252766e-13,
                1.1399918529067241e-12,
                0.9999999999955522,
                3.098819138347705e-12,
                7.287724094939845e-14
            ],
            [
                9.54254212251711e-12,
                1.162519617773232e-10,
                1.2252866625125358e-11,
                0.00026119032959471666,
                0.9997388095323579
            ],
            [
                3.775134401726972e-11,
                1.9171714413643692e-10,
                2.289734759183318e-11,
                3.65348207576261e-08,
                0.9999999632128135
            ]
        ],
        [
            [
                0.9999999999195419,
                7.991959885444089e-11,
                0.0,
                0.0,
                5.384940212693943e-13
            ],
            [
                0.9999999995396194,
                4.5990553700199384e-10,
                0.0,
                0.0,
                4.752193053851337e-13
            ],
            [
                6.431393940768252e-14,
                4.752193062265927e-13,
                0.9999999999963047,
                3.0988191383923775e-12,
                5.6756852320293174e-14
            ],
            [
                2.1296878741245993e-12,
                6.223860279887223e-11,
                9.544598868695723e-12,
                4.539785660573236e-05,
                0.9999546020694814
            ],
            [
                4.0586520665058986e-10,
                3.1608814076091696e-10,
                2.2897348118129098e-11,
                1.3440409752542335e-08,
                0.9999999858147395
            ]
        ],
        [
            [
                0.9999999999932649,
                6.560200164690804e-12,
                0.0,
                0.0,
                1.7482341273482052e-13
            ],
            [
                0.9999999999289328,
                7.052879843744107e-11,
                0.0,
                0.0,
                5.384940212128457e-13
            ],
            [
                3.5114221129656514e-12,
                6.224144622179515e-11,
                0.9999999999163085,
                1.7832472906059868e-11,
                1.0603575990283155e-13
            ],
            [
                2.0206840068878795e-11,
                1.3176514908259749e-10,
                9.545035385125283e-12,
                1.444980316092456e-07,
                0.9999998553404513
            ],
            [
                1.917171753632999e-10,
                3.5817483784280955e-10,
                4.277788404201772e-11,
                3.059023587760349e-07,
                0.9999996935049714
            ]
        ],
        [
            [
                0.999999999987744,
                1.2256067437559702e-11,
                0.0,
                0.0,
                0.0
            ],
            [
                0.9999999999449178,
                5.4927883486847506e-11,
                0.0,
                0.0,
                1.5428112025543102e-13
            ],
            [
                4.193795657727136e-13,
                1.3887943862803541e-11,
                0.9999999999470537,
                3.775134543691818e-11,
                8.87826547707851e-13
            ],
            [
                3.5817478951366986e-10,
                6.691586025630508e-10,
                4.277787826992511e-11,
                8.152020634477142e-09,
                0.9999999907778682
            ],
            [
                2.1724399064220597e-10,
                4.0586520729374486e-10,
                3.775134494480773e-11,
                1.1861119994882144e-08,
                0.9999999874780193
            ]
        ],
        [
            [
                0.9999999999978701,
                2.129785169525471e-12,
                0.0,
                0.0,
                0.0
            ],
            [
                0.99999999964135,
                3.58174792660183e-10,
                0.0,
                0.0,
                4.752193057886809e-13
            ],
            [
                3.098819138159643e-12,
                3.7751345435942187e-11,
                0.9999999999212004,
                3.7751345435942187e-11,
                1.9810087976895882e-13
            ],
            [
                2.940078105418897e-11,
                1.162823447831071e-10,
                9.545036111505072e-12,
                6.82560422634245e-08,
                0.9999999315887296
            ],
            [
                9.545034752194696e-12,
                7.991959750073842e-11,
                9.545034752194696e-12,
                1.725782767942513e-08,
                0.9999999826431626
            ]
        ],
        [
            [
                0.9999999999795386,
                2.020683907013039e-11,
                0.0,
                0.0,
                2.543665644847741e-13
            ],
            [
                0.9999999988961339,
                1.1032560291189266e-09,
                0.0,
                0.0,
                6.101936659770414e-13
            ],
            [
                8.258073284551424e-14,
                6.914400106099149e-13,
                0.9999999999946443,
                4.508755241746389e-12,
                7.287724094933228e-14
            ],
            [
                2.461692503652554e-10,
                7.582546726605809e-10,
                4.84735994731831e-11,
                1.7603431312987413e-06,
                0.9999982386039712
            ],
            [
                2.28973474902394e-11,
                1.6918978512208786e-10,
                1.5737101442792915e-11,
                4.139937544089193e-08,
                0.9999999583928003
            ]
        ],
        [
            [
                0.9999999999915765,
                8.423463750523695e-12,
                0.0,
                0.0,
                0.0
            ],
            [
                0.9999999995938083,
                4.0586521221112205e-10,
                0.0,
                0.0,
                3.2661313392752124e-13
            ],
            [
                4.42022810310911e-14,
                4.752193062199132e-13,
                0.9999999999959124,
                3.5114221129538423e-12,
                5.675685231949541e-14
            ],
            [
                8.42346464133072e-12,
                7.99196073438524e-11,
                6.560200858842655e-12,
                8.764249142185108e-08,
                0.9999999122626053
            ],
            [
                4.277788402528768e-11,
                1.691898133642113e-10,
                1.0815942906336058e-11,
                6.825604227678479e-08,
                0.9999999315211741
            ]
        ],
        [
            [
                0.9999999999890905,
                1.0815941553748906e-11,
                0.0,
                0.0,
                9.357622965780255e-14
            ],
            [
                0.9999785550518261,
                2.1444939750725073e-05,
                8.423287741260373e-12,
                0.0,
                0.0
            ],
            [
                1.3615261078685601e-13,
                2.594609497855137e-11,
                0.9999999998709288,
                1.0261879630035499e-10,
                3.701011677991678e-13
            ],
            [
                5.789334489711282e-12,
                5.492767630670013e-11,
                5.789334489711282e-12,
                3.7266391141340246e-06,
                0.9999962732943795
            ],
            [
                7.734422703872784e-08,
                2.3355932793913182e-09,
                4.847369205602982e-11,
                1.0467402873003111e-08,
                0.9999999098043031
            ]
        ],
        [
            [
                0.9999999999734437,
                2.5946094966753678e-11,
                0.0,
                0.0,
                6.1019366738399e-13
            ],
            [
                0.9999999995396751,
                4.599055374138499e-10,
                0.0,
                0.0,
                4.193795654263476e-13
            ],
            [
                8.878265475891955e-13,
                7.99195989064256e-11,
                0.9999999997485391,
                1.6918979221258128e-10,
                1.4637785137025663e-12
            ],
            [
                6.691585931642521e-10,
                5.905303858053178e-10,
                3.331544462681227e-11,
                2.2159489244676922e-08,
                0.9999999765475064
            ],
            [
                1.783247457244167e-11,
                1.69189808051907e-10,
                2.594609740430001e-11,
                9.931195239029364e-08,
                0.9999999004750791
            ]
        ],
        [
            [
                0.9999999999874558,
                1.2256067437558597e-11,
                0.0,
                0.0,
                2.882350791906118e-13
            ],
            [
                0.9999999998973812,
                1.0261879624588878e-10,
                0.0,
                0.0,
                0.0
            ],
            [
                1.748234128140888e-13,
                3.5114221131150605e-12,
                0.9999999999877842,
                8.423463753841459e-12,
                1.0603575990734333e-13
            ],
            [
                2.172440136420181e-10,
                5.905304546246066e-10,
                5.4927888600248685e-11,
                9.93119523257673e-08,
                0.9999998998253453
            ],
            [
                6.691586066684302e-10,
                4.0586521115498963e-10,
                2.0206839015911e-11,
                2.0611536148586126e-09,
                0.9999999968436157
            ]
        ],
        [
            [
                0.999999999996021,
                3.978962533470563e-12,
                0.0,
                0.0,
                0.0
            ],
            [
                0.9999999985826997,
                1.4166087817147234e-09,
                0.0,
                0.0,
                6.914400082884562e-13
            ],
            [
                2.3659776089414004e-14,
                2.882350793208825e-13,
                0.9999999999981939,
                1.4637785140062805e-12,
                3.037975385194847e-14
            ],
            [
                9.188743229553542e-12,
                3.0428938497903965e-10,
                4.66642885447243e-11,
                0.03732688400067205,
                0.9626731156391856
            ],
            [
                3.7751344186256794e-11,
                1.3176513831521943e-10,
                1.3887943402710928e-11,
                3.2241866299413304e-08,
                0.9999999675747293
            ]
        ],
        [
            [
                0.9999999999942106,
                5.789356324305847e-12,
                0.0,
                0.0,
                0.0
            ],
            [
                0.9999999999771028,
                2.289734843625746e-11,
                0.0,
                0.0,
                0.0
            ],
            [
                2.9400777321451084e-11,
                2.0611536174334774e-09,
                0.9999999976622698,
                2.461696945837668e-10,
                1.006039276840361e-12
            ],
            [
                1.9171716549168497e-10,
                2.7894682982533853e-10,
                2.0206840578022214e-11,
                2.3823698429122164e-07,
                0.999999761272145
            ],
            [
                4.599055282744198e-10,
                3.5817478555898636e-10,
                2.020683866883131e-11,
                1.95556806800388e-08,
                0.9999999796060322
            ]
        ],
        [
            [
                0.999999999944702,
                5.492788347407285e-11,
                0.0,
                0.0,
                3.701011676202454e-13
            ],
            [
                0.9999999999196052,
                7.991959886251467e-11,
                0.0,
                0.0,
                4.752193058785721e-13
            ],
            [
                6.914400105888955e-13,
                7.052879850039857e-11,
                0.9999999998857139,
                4.277787868318614e-11,
                2.882350793006162e-13
            ],
            [
                2.998960928432038e-09,
                9.736200649267486e-10,
                5.492788540658421e-11,
                3.9278636811371663e-07,
                0.999999603186123
            ],
            [
                1.3176513705551716e-10,
                4.058651952583976e-10,
                4.847368498586216e-11,
                4.139937541410793e-08,
                0.9999999580145205
            ]
        ],
        [
            [
                0.9999999999964886,
                3.511422111748366e-12,
                0.0,
                0.0,
                0.0
            ],
            [
                0.9999999998973812,
                1.0261879625300939e-10,
                0.0,
                0.0,
                0.0
            ],
            [
                2.940077598886339e-11,
                3.2241865832914845e-08,
                0.999999952492965,
                1.522997901743229e-08,
                5.7893560522703345e-12
            ],
            [
                1.0261840909801906e-10,
                2.1724317376527261e-10,
                2.2897262056218086e-11,
                3.726639110026047e-06,
                0.9999962730181311
            ],
            [
                1.9171714822878853e-10,
                2.172439899418352e-10,
                1.7832472615425824e-11,
                1.5229979494712066e-08,
                0.9999999843432268
            ]
        ],
        [
            [
                0.999999999937504,
                6.224144616457613e-11,
                0.0,
                0.0,
                2.543665644740886e-13
            ],
            [
                0.9999724643050573,
                2.7535689833894065e-05,
                5.108952980422883e-12,
                0.0,
                0.0
            ],
            [
                6.431393940454004e-14,
                6.101936676658452e-13,
                0.9999999999941338,
                5.1090890272705185e-12,
                8.258073284274468e-14
            ],
            [
                5.492788239990667e-11,
                2.172439891191897e-10,
                1.573710178894567e-11,
                1.9555680692791232e-08,
                0.9999999801564103
            ],
            [
                6.691586062287898e-10,
                4.599055358717571e-10,
                3.775134527915662e-11,
                2.646573627437463e-09,
                0.9999999961866108
            ]
        ],
        [
            [
                0.999999999994891,
                5.109089025020151e-12,
                0.0,
                0.0,
                0.0
            ],
            [
                0.9999999999705993,
                2.9400777378454206e-11,
                0.0,
                0.0,
                0.0
            ],
            [
                7.99196087045096e-11,
                6.825604211174771e-08,
                0.9999999290134854,
                2.6465739626116753e-09,
                3.978963022504353e-12
            ],
            [
                3.331544788563079e-11,
                1.6918980477456826e-10,
                1.2256068350542164e-11,
                2.3823698436987553e-07,
                0.9999997615482543
            ],
            [
                1.3887943274943003e-11,
                1.917171432308423e-10,
                2.0206838231746656e-11,
                4.1399375429023805e-08,
                0.9999999583748127
            ]
        ],
        [
            [
                0.9999999999934397,
                6.560200164236745e-12,
                0.0,
                0.0,
                0.0
            ],
            [
                0.9999998874642061,
                1.1253518373369034e-07,
                6.101937166390174e-13,
                0.0,
                0.0
            ],
            [
                8.878265473706515e-13,
                2.7894680913755317e-10,
                0.9999999995023829,
                2.1724399339159613e-10,
                5.384940214871108e-13
            ],
            [
                1.783237315498709e-11,
                1.9171607892830022e-10,
                1.3887866177125447e-11,
                6.144172123646085e-06,
                0.99999385560444
            ],
            [
                1.3887945598314976e-11,
                1.1628234481537957e-10,
                1.0815942907220775e-11,
                6.825604228236797e-08,
                0.9999999316029715
            ]
        ],
        [
            [
                0.9999999999572222,
                4.277787866259841e-11,
                0.0,
                0.0,
                0.0
            ],
            [
                0.9999999999622486,
                3.77513454160967e-11,
                0.0,
                0.0,
                0.0
            ],
            [
                1.2256067378669734e-11,
                4.363462229649098e-09,
                0.999999994764059,
                8.592166573304314e-10,
                1.006039273912516e-12
            ],
            [
                4.8473689411975875e-11,
                1.3176514908694163e-10,
                9.545035385439972e-12,
                1.4449803161400953e-07,
                0.9999998553121845
            ],
            [
                7.582561427144893e-10,
                4.599055984717759e-10,
                6.224145443128165e-11,
                6.02357463167556e-08,
                0.9999999384838505
            ]
        ],
        [
            [
                0.9999999999942106,
                5.789356325680062e-12,
                0.0,
                0.0,
                0.0
            ],
            [
                0.9999546021377312,
                4.5397855708847136e-05,
                6.559900471500191e-12,
                0.0,
                0.0
            ],
            [
                3.978962534746571e-12,
                1.9171715132327981e-10,
                0.9999999997552917,
                4.847368704941548e-11,
                5.384940216277976e-13
            ],
            [
                2.335592933204206e-09,
                9.736199872823568e-10,
                4.277787675564769e-11,
                4.1399375316133186e-08,
                0.9999999552486338
            ],
            [
                6.224144493715553e-11,
                2.4616969007188665e-10,
                3.3315444730147946e-11,
                1.9555680681940578e-08,
                0.9999999801025927
            ]
        ],
        [
            [
                0.9999999999819431,
                1.7832472897293776e-11,
                0.0,
                0.0,
                2.2447770536548317e-13
            ],
            [
                0.9999999998305857,
                1.691897921045607e-10,
                0.0,
                0.0,
                2.2447770529385609e-13
            ],
            [
                5.905225461809664e-10,
                1.3007124664517225e-05,
                0.9999869850750386,
                7.194037352508861e-09,
                1.573689281248905e-11
            ],
            [
                9.54503513589275e-12,
                9.056077191811092e-11,
                5.789356457953296e-12,
                6.475946144443715e-07,
                0.9999993522994904
            ],
            [
                1.8189616572846753e-09,
                6.691585979941669e-10,
                4.2777877977846135e-11,
                1.3440409727480333e-08,
                0.9999999840286922
            ]
        ],
        [
            [
                0.9999999999693074,
                2.9400777363317157e-11,
                0.0,
                0.0,
                1.2917800034886451e-12
            ],
            [
                0.9999999999193889,
                7.991959886249739e-11,
                0.0,
                0.0,
                6.914400101139939e-13
            ],
            [
                1.0060392791700786e-12,
                2.0206839087947718e-11,
                0.9999999999579701,
                2.0206839087947718e-11,
                6.101936676918498e-13
            ],
            [
                3.978727557306907e-12,
                7.052463341701203e-11,
                6.559812754052662e-12,
                5.8291278375796455e-05,
                0.999941708640561
            ],
            [
                2.0206838726132062e-11,
                1.3176514032678893e-10,
                1.7832472586837996e-11,
                1.7257827677005866e-08,
                0.9999999825723679
            ]
        ],
        [
            [
                0.9999999999870526,
                1.225606743041922e-11,
                0.0,
                0.0,
                6.914400099222326e-13
            ],
            [
                0.9999999999622486,
                3.7751345412740624e-11,
                0.0,
                0.0,
                0.0
            ],
            [
                6.431393940464803e-14,
                5.384940216927466e-13,
                0.9999999999958129,
                3.5114221128375204e-12,
                7.287724094701052e-14
            ],
            [
                1.0814910595538025e-11,
                1.0260901482429964e-10,
                1.0814910595538025e-11,
                9.610240130051113e-05,
                0.9999038974744607
            ],
            [
                1.522998137434017e-08,
                2.061153842984663e-09,
                9.056077958684825e-11,
                6.825604106683265e-08,
                0.9999999143622629
            ]
        ],
        [
            [
                0.9999999999703448,
                2.9400777366706665e-11,
                0.0,
                0.0,
                2.5436656451155375e-13
            ],
            [
                0.9999999804443194,
                1.9555680692339992e-08,
                0.0,
                0.0,
                0.0
            ],
            [
                1.026188043919906e-10,
                1.1253518357454083e-07,
                0.9999998852936102,
                2.0611537846287e-09,
                7.433681257301177e-12
            ],
            [
                3.0590235229417996e-07,
                1.818961876597294e-09,
                5.492788921818848e-11,
                1.95556831202677e-08,
                0.9999996726680749
            ],
            [
                1.8189615860226269e-09,
                3.5817477303579324e-10,
                2.2897347178376174e-11,
                5.315784957709044e-08,
                0.9999999446421168
            ]
        ],
        [
            [
                0.9999999999565308,
                4.277787865920528e-11,
                0.0,
                0.0,
                6.91440010201281e-13
            ],
            [
                0.9999999976642526,
                2.3355930313372014e-09,
                0.0,
                0.0,
                1.5428111982626615e-13
            ],
            [
                2.8823507931416283e-13,
                4.50875524182123e-12,
                0.9999999999855218,
                9.545034921838029e-12,
                1.3615261079466407e-13
            ],
            [
                5.109089664667421e-12,
                7.052880729917006e-11,
                9.545036112173655e-12,
                6.825604226820551e-08,
                0.9999999316587748
            ],
            [
                7.99195972939776e-11,
                2.789468035782211e-10,
                2.9400776791155196e-11,
                1.955568068764174e-08,
                0.9999999800560522
            ]
        ],
        [
            [
                0.9999999999659932,
                3.3315445388094585e-11,
                0.0,
                0.0,
                6.914400099973067e-13
            ],
            [
                0.999999999868235,
                1.3176514261490852e-10,
                0.0,
                0.0,
                0.0
            ],
            [
                8.87826547296357e-13,
                6.224144619054727e-11,
                0.9999999994142657,
                5.211412484662416e-10,
                1.4637785132197572e-12
            ],
            [
                1.1628234498840041e-10,
                3.160881853525746e-10,
                2.594609825969675e-11,
                1.8553915969476374e-07,
                0.9999998140025236
            ],
            [
                5.109079683493831e-12,
                7.99194527558786e-11,
                6.560188169489041e-12,
                2.2603252728183676e-06,
                0.9999977395831384
            ]
        ],
        [
            [
                0.999999999990455,
                9.545034918357817e-12,
                0.0,
                0.0,
                0.0
            ],
            [
                0.9999999999666846,
                3.3315445407026804e-11,
                0.0,
                0.0,
                0.0
            ],
            [
                2.0206839058999146e-11,
                1.1032560306388346e-09,
                0.9999999985170704,
                3.581747924748768e-10,
                1.291780002789975e-12
            ],
            [
                7.582560980274197e-10,
                5.905304429124224e-10,
                2.5946096872844488e-11,
                2.3823698410488908e-07,
                0.9999997603882833
            ],
            [
                2.789468009698018e-10,
                4.5990552415266734e-10,
                3.3315444428329296e-11,
                2.8453347241467687e-08,
                0.9999999707744851
            ]
        ],
        [
            [
                0.9999999998830262,
                1.1628233020043593e-10,
                0.0,
                0.0,
                6.914400100888514e-13
            ],
            [
                0.9999999998308102,
                1.691897919932121e-10,
                0.0,
                0.0,
                0.0
            ],
            [
                3.900837609923631e-14,
                4.75219306245796e-13,
                0.9999999999963367,
                3.0988191385175984e-12,
                5.008774637513404e-14
            ],
            [
                2.2897306587938265e-11,
                1.0261860867534268e-10,
                6.560188172622745e-12,
                1.0677030759451467e-06,
                0.9999989321648479
            ],
            [
                2.5946098418277504e-11,
                1.6918981466387083e-10,
                1.388794570386153e-11,
                6.023574635465662e-08,
                0.9999999395552298
            ]
        ],
        [
            [
                0.999999999994891,
                5.109089025373653e-12,
                0.0,
                0.0,
                0.0
            ],
            [
                0.9999999999902802,
                9.545034918873856e-12,
                0.0,
                0.0,
                1.7482341275445172e-13
            ],
            [
                1.3887943647755152e-11,
                1.522997950651418e-08,
                0.9999999844761795,
                2.789468049241357e-10,
                1.0060392635487592e-12
            ],
            [
                9.056076688237906e-11,
                4.058651991381916e-10,
                2.5946094119139042e-11,
                3.224186629938453e-08,
                0.9999999672357616
            ],
            [
                9.056076648255722e-11,
                2.789467987705041e-10,
                3.775134401955257e-11,
                3.653482075983539e-08,
                0.9999999630579203
            ]
        ],
        [
            [
                0.999999999994891,
                5.109089025373518e-12,
                0.0,
                0.0,
                0.0
            ],
            [
                0.9999724643050669,
                2.7535689824190997e-05,
                5.108952978622582e-12,
                0.0,
                0.0
            ],
            [
                3.978962533647075e-12,
                4.59905537612083e-10,
                0.9999999994873152,
                4.847368703602089e-11,
                3.2661313409896507e-13
            ],
            [
                2.4133628259018766e-12,
                6.224144762352701e-11,
                5.789356458434631e-12,
                6.475946144982133e-07,
                0.9999993523349413
            ],
            [
                4.2777877080900786e-11,
                2.4616968592359584e-10,
                2.5946094006984693e-11,
                3.653482076320994e-08,
                0.9999999631502856
            ]
        ],
        [
            [
                0.9999999999666846,
                3.33154453919232e-11,
                0.0,
                0.0,
                0.0
            ],
            [
                0.999999999868235,
                1.317651426057583e-10,
                0.0,
                0.0,
                0.0
            ],
            [
                5.008774637247553e-14,
                4.752193062205729e-13,
                0.9999999999973006,
                2.1297851707023795e-12,
                4.420228103115246e-14
            ],
            [
                5.108855624781682e-12,
                4.8471472594022985e-11,
                3.978780761178725e-12,
                4.5397856406536744e-05,
                0.9999546020860344
            ],
            [
                3.653482003945553e-08,
                9.736199753976811e-10,
                3.775134327518576e-11,
                1.9555679965003196e-08,
                0.9999999428981288
            ]
        ],
        [
            [
                0.9999999999193889,
                7.991959884528559e-11,
                0.0,
                0.0,
                6.914400099650827e-13
            ],
            [
                0.9999999998973812,
                1.0261879625299145e-10,
                0.0,
                0.0,
                0.0
            ],
            [
                3.90083760980711e-14,
                6.101936677020907e-13,
                0.9999999999947851,
                4.508755241862996e-12,
                5.6756852320891307e-14
            ],
            [
                2.5946096975082157e-11,
                1.9171716609717688e-10,
                2.2897350214669543e-11,
                8.31527989946728e-07,
                0.9999991682314495
            ],
            [
                1.7832474783228643e-11,
                1.9171717153486523e-10,
                2.0206841214968728e-11,
                8.76424914100322e-08,
                0.9999999121277521
            ]
        ],
        [
            [
                0.999999999996021,
                3.978962533157704e-12,
                0.0,
                0.0,
                0.0
            ],
            [
                0.9999999999842628,
                1.5737102093093662e-11,
                0.0,
                0.0,
                0.0
            ],
            [
                1.1399918528417428e-12,
                9.056076988063316e-11,
                0.9999999998650462,
                4.2777878682087e-11,
                4.752193061926538e-13
            ],
            [
                8.423464078146888e-12,
                1.1628233477045e-10,
                1.3887944398619221e-11,
                3.9278636964122953e-07,
                0.9999996070750367
            ],
            [
                1.5737101820384257e-11,
                1.4930946490168273e-10,
                2.2897348039631565e-11,
                1.7257827673798235e-08,
                0.9999999825542284
            ]
        ],
        [
            [
                0.9999999999786531,
                2.0206839067497503e-11,
                0.0,
                0.0,
                1.1399918517623173e-12
            ],
            [
                0.9999999998502154,
                1.493094675195408e-10,
                0.0,
                0.0,
                4.752193059582782e-13
            ],
            [
                4.193795657953961e-13,
                2.9400777389861156e-11,
                0.999999999921418,
