{
    "[['A', 'B', 'C', 'D', 'E'], ['A', 'B', 'C', 'D', 'E']]": [
        [
            [
                0.9999999999615572,
                3.7751345408903126e-11,
                0.0,
                0.0,
                6.914400100733426e-13
            ],
            [
                0.999999996601596,
                3.3982678063835023e-09,
                0.0,
                0.0,
                1.3615261028364646e-13
            ],
            [
                2.206774232080531e-07,
                0.013212871310503655,
                0.2653876177162396,
                0.721398301288238,
                9.890075956618992e-07
            ],
            [
                1.0060392501169685e-12,
                1.3887943462335e-11,
                1.8795287620491707e-12,
                2.845334726493553e-08,
                0.9999999715298792
            ],
            [
                6.560199857076613e-12,
                3.3315443841883917e-11,
                7.43368031985558e-12,
                4.6911637993848013e-08,
                0.9999999530410526
            ]
        ],
        [
            [
                0.9999999996410416,
                3.581747925045898e-10,
                0.0,
                0.0,
                7.835041773607879e-13
            ],
            [
                0.9999996940973528,
                3.0590235897183445e-07,
                2.882351155926306e-13,
                0.0,
                0.0
            ],
            [
                6.101936671707246e-13,
                1.6918979209797571e-10,
                0.9999999990711603,
                7.582560420582672e-10,
                7.835041777491109e-13
            ],
            [
                3.098818973007112e-12,
                2.9400775820587296e-11,
                7.433680274823256e-12,
                5.31578497015361e-08,
                0.9999999468022172
            ],
            [
                1.1399918500863238e-12,
                1.0815941529220671e-11,
                3.978962525512695e-12,
                1.605228051020393e-09,
                0.999999998378837
            ]
        ],
        [
            [
                0.9999999918478047,
                8.152020644264144e-09,
                1.7482341132150884e-13,
                0.0,
                0.0
            ],
            [
                0.9996646499408418,
                0.00033535005405082956,
                5.1073745305824195e-12,
                0.0,
                0.0
            ],
            [
                4.508755803075014e-12,
                1.6052282548371881e-09,
                0.9999996924585036,
                3.059023585486817e-07,
                2.940078104959091e-11
            ],
            [
                1.4637785082675448e-12,
                9.545034884639295e-12,
                2.4133627621744044e-12,
                3.3982678058944545e-09,
                0.99999999658831
            ],
            [
                3.098819121252046e-12,
                1.573710201814404e-11,
                5.109088999260529e-12,
                4.363462228344421e-09,
                0.9999999956125927
            ]
        ],
        [
            [
                0.9999999994778526,
                5.211412481215829e-10,
                0.0,
                0.0,
                1.0060392779951806e-12
            ],
            [
                0.9999998555012055,
                1.444980315483598e-07,
                2.2447771627940436e-13,
                0.0,
                5.384940476288189e-13
            ],
            [
                7.035440007802476e-11,
                1.4131059004758834e-09,
                2.2104695414518493e-08,
                0.9975273535115129,
                0.002472622900331418
            ],
            [
                2.1297852742539918e-12,
                1.7832473773051685e-11,
                2.413362888885417e-12,
                1.4449803161932466e-07,
                0.9999998554795928
            ],
            [
                1.4637786313555734e-12,
                1.2256068425651446e-11,
                3.0988193868970273e-12,
                1.1253518373186632e-07,
                0.9999998874479976
            ]
        ],
        [
            [
                0.999999977839623,
                2.2159489250912004e-08,
                0.0,
                0.0,
                8.878265269136919e-13
            ],
            [
                0.9999921107334891,
                7.889265047150426e-06,
                1.4637674225871041e-12,
                0.0,
                0.0
            ],
            [
                1.04471774910907e-08,
                5.411766760905989e-06,
                0.7772953515720183,
                0.22269883418697395,
                3.9202706928606786e-07
            ],
            [
                1.6586784387257173e-12,
                1.783247376620073e-11,
                3.978962727295042e-12,
                1.444980315638108e-07,
                0.9999998554784982
            ],
            [
                1.879528806870477e-12,
                1.7832472816413206e-11,
                2.734698277524135e-12,
                4.363462230497332e-09,
                0.999999995614091
            ]
        ],
        [
            [
                0.9999999998082829,
                1.9171715125087047e-10,
                0.0,
                0.0,
                0.0
            ],
            [
                0.9975273769959826,
                0.0024726229623901756,
                3.7657997565015246e-11,
                3.969123741905182e-12,
                0.0
            ],
            [
                3.1524241995965783e-07,
                0.04527848095083106,
                0.9094425544847269,
                0.04527848058491404,
                1.687371080373899e-07
            ],
            [
                2.4133626925312583e-12,
                2.0206838426235026e-11,
                4.5087550941392665e-12,
                3.224186631311487e-08,
                0.9999999677310047
            ],
            [
                1.6586783356125102e-12,
                1.2256067271921758e-11,
                3.511422064046768e-12,
                1.344040976231922e-08,
                0.999999986542164
            ]
        ],
        [
            [
                0.9999999943960636,
                5.602796397145788e-09,
                0.0,
                0.0,
                1.1399918448259668e-12
            ],
            [
                0.9999998874644461,
                1.1253518370259768e-07,
                0.0,
                0.0,
                3.7010119740331067e-13
            ],
            [
                7.579277948464296e-10,
                0.0004305558769883875,
                0.999566542057789,
                2.9010612316722957e-06,
                2.460631286763665e-10
            ],
            [
                8.423463719684428e-12,
                4.277787851304114e-11,
                1.0815941512621872e-11,
                3.3982678054621158e-09,
                0.9999999965397148
            ],
            [
                1.463778510850395e-12,
                1.0815941533082737e-11,
                1.6586783552025878e-12,
                1.2501528635892614e-09,
                0.9999999987359087
            ]
        ],
        [
            [
                0.999999999720047,
                2.7894680870125676e-10,
                0.0,
                0.0,
                1.0060392771711847e-12
            ],
            [
                0.9999999991398956,
                8.592166596155128e-10,
                0.0,
                0.0,
                8.878265454674199e-13
            ],
            [
                7.052759563683086e-11,
                6.825486965124223e-08,
                0.9999832292850579,
                1.6701415941404954e-05,
                9.736034261335734e-10
            ],
            [
                1.463778476222204e-12,
                2.0206838566977665e-11,
                4.508755125543195e-12,
                2.510999090723099e-08,
                0.9999999748638297
            ],
            [
                2.1297850553486984e-12,
                1.388794311111112e-11,
                3.978962319854768e-12,
                5.3157849658777387e-08,
                0.9999999468221537
            ]
        ],
        [
            [
                0.9999999985828527,
                1.4166087839841467e-09,
                0.0,
                0.0,
                5.384940207646219e-13
            ],
            [
                0.9999998144604701,
                1.8553915971700452e-07,
                0.0,
                0.0,
                3.7010121464655737e-13
            ],
            [
                7.835041775786618e-13,
                2.789468089565809e-10,
                0.9999999988586397,
                8.592166608999797e-10,
                2.413362768975459e-12
            ],
            [
                1.463778476352623e-12,
                2.0206838568778046e-11,
                4.5087551259449136e-12,
                2.510999090946823e-08,
                0.9999999748638297
            ],
            [
                1.6586782966694693e-12,
                1.3887943343795011e-11,
                2.7346981889676117e-12,
                3.653482076617834e-08,
                0.9999999634468979
            ]
        ],
        [
            [
                0.9999999998301188,
                1.6918979206804429e-10,
                0.0,
                0.0,
                6.914400099033577e-13
            ],
            [
                0.9999977396735877,
                2.260325272258652e-06,
                1.1399897677067766e-12,
                0.0,
                0.0
            ],
            [
                4.200473078931913e-09,
                1.3910069710584914e-07,
                0.03732589479229211,
                0.9626474540057502,
                2.6507900787455822e-05
            ],
            [
                1.8795287870189212e-12,
                1.2256067251603845e-11,
                2.129785137505059e-12,
                1.5229979505508278e-08,
                0.9999999847537551
            ],
            [
                1.6586783448750202e-12,
                1.5737101973662575e-11,
                2.4133627514062823e-12,
                7.194132969433559e-09,
                0.999999992786058
            ]
        ],
        [
            [
                0.9999999998495506,
                1.4930946746887258e-10,
                0.0,
                0.0,
                1.1399918518926485e-12
            ],
            [
                0.9999993524037273,
                6.475946140602479e-07,
                1.6586783949532863e-12,
                0.0,
                0.0
            ],
            [
                3.1595193047349374e-10,
                9.418385324585671e-07,
                0.9995684990716661,
                0.000430556713584094,
                2.060265389336768e-09
            ],
            [
                1.463778435609613e-12,
                1.783247195162209e-11,
                2.4133626423817268e-12,
                5.3157849692885465e-08,
                0.9999999468204408
            ],
            [
                5.789356272021386e-12,
                2.594609472861137e-11,
                5.109088978017573e-12,
                9.237449571485752e-09,
                0.9999999907257059
            ]
        ],
        [
            [
                0.9999999987485553,
                1.2501528625482653e-09,
                0.0,
                0.0,
                1.2917800008197065e-12
            ],
            [
                0.9998415637273415,
                0.00015843624666654545,
                2.2893724670084983e-11,
                3.098328712566979e-12,
                0.0
            ],
            [
                6.714325020852865e-08,
                0.004555420496582493,
                0.319359558211759,
                0.6760842322904399,
                7.218579683479154e-07
            ],
            [
                5.109088912821932e-12,
                2.9400776729676296e-11,
                3.978962446087152e-12,
                2.215948927353314e-08,
                0.999999977802022
            ],
            [
                1.3887943767363497e-11,
                6.224144579166262e-11,
                1.2256067357967322e-11,
                6.348800071426116e-09,
                0.9999999935628143
            ]
        ],
        [
            [
                0.9999999634647598,
                3.653482076683092e-08,
                0.0,
                0.0,
                4.1937955010750497e-13
            ],
            [
                0.999999168471227,
                8.31527989460673e-07,
                0.0,
                0.0,
                7.835042382112306e-13
            ],
            [
                2.88235077710568e-13,
                2.940077722618538e-11,
                0.9999999943647799,
                5.602796405777618e-09,
                2.7346982760901407e-12
            ],
            [
                1.6586783107069232e-12,
                1.5737101649484697e-11,
                2.4133627016919944e-12,
                2.8453347262874807e-08,
                0.9999999715268436
            ],
            [
                1.6586783568689989e-12,
                1.0815941543949102e-11,
                2.4133627688574183e-12,
                7.582560418562235e-10,
                0.999999999226856
            ]
        ],
        [
            [
                0.9999999993298354,
                6.691586079425786e-10,
                0.0,
                0.0,
                1.0060392774991863e-12
            ],
            [
                0.999999967757807,
                3.2241866319932975e-08,
                3.2661312361546015e-13,
                0.0,
                0.0
            ],
            [
                5.4927888443067896e-11,
                6.825603989397961e-08,
                0.9999995388407755,
                3.9278601523733573e-07,
                6.224145181948959e-11
            ],
            [
                4.508755805770443e-12,
                5.4927890374085144e-11,
                7.433681601366424e-12,
                6.825604229355465e-08,
                0.9999999316770873
            ],
            [
                2.413362717140242e-12,
                3.331544466665094e-11,
                7.433680503885976e-12,
                2.2159489271175276e-08,
                0.9999999777973484
            ]
        ],
        [
            [
                0.9999999999082994,
                9.056076982782468e-11,
                0.0,
                0.0,
                1.1399918521769822e-12
            ],
            [
                0.9999898700094874,
                1.0129988099351274e-05,
                2.4133399395441065e-12,
                0.0,
                0.0
            ],
            [
                8.42346479549515e-12,
                2.335593327447134e-09,
                0.9999996917158736,
                3.0590235830722656e-07,
                3.775135010834808e-11
            ],
            [
                7.835042519193535e-13,
                9.545035817193018e-12,
                1.6586785143293726e-12,
                9.931195242691063e-08,
                0.9999999006760604
            ],
            [
                7.43368063528234e-12,
                2.0206838989455875e-11,
                5.109089002585615e-12,
                4.363462231184241e-09,
                0.9999999956037882
            ]
        ],
        [
            [
                0.9999999998829341,
                1.1628233021078569e-10,
                0.0,
                0.0,
                7.835041778904288e-13
            ],
            [
                0.9999999634645691,
                3.6534820756720876e-08,
                0.0,
                0.0,
                6.101936447040085e-13
            ],
            [
                4.846379844103634e-11,
                4.362572107588792e-09,
                0.9997965463784844,
                0.00020342705551048258,
                2.2154969242249754e-08
            ],
            [
                1.4637784445591858e-12,
                1.7832472060650204e-11,
                3.9789623467352805e-12,
                4.691163798884767e-08,
                0.9999999530650867
            ],
            [
                2.4133627529896582e-12,
                1.7832472768910298e-11,
                3.098819114526221e-12,
                7.194132974153536e-09,
                0.9999999927825224
            ]
        ],
        [
            [
                0.9999999988959605,
                1.1032560293545382e-09,
                0.0,
                0.0,
                7.835041763837166e-13
            ],
            [
                0.9999999123572204,
                8.764249143014337e-08,
                2.8823510971846145e-13,
                0.0,
                0.0
            ],
            [
                8.096426539365728e-06,
                0.6224526640187963,
                0.37753660938244327,
                2.6285248527907085e-06,
                1.647368273831302e-09
            ],
            [
                3.978962369106234e-12,
                3.3315444025642497e-11,
                6.5601998932608224e-12,
                4.139937545308796e-08,
                0.99999995855677
            ],
            [
                1.879528808048654e-12,
                1.0815941508426645e-11,
                3.098819124723474e-12,
                3.3982678041440146e-09,
                0.9999999965859379
            ]
        ],
        [
            [
                0.9999999468415401,
                5.315784964315077e-08,
                0.0,
                0.0,
                6.101936344591711e-13
            ],
            [
                0.9999999973525386,
                2.6465736270883997e-09,
                0.0,
                0.0,
                8.878265438805569e-13
            ],
            [
                1.4930947552206536e-10,
                5.043472082777707e-07,
                0.9999993829587566,
                1.1253518067529281e-07,
                9.545035428020896e-12
            ],
            [
                1.8795290515097e-12,
                2.020684161639437e-11,
                2.7346986334721047e-12,
                6.825604229642477e-08,
                0.9999999317191366
            ],
            [
                1.139991798125008e-12,
                9.545034463006562e-12,
                2.734698159847209e-12,
                4.691163795836604e-08,
                0.9999999530749424
            ]
        ],
        [
            [
                0.9999999881381886,
                1.1861119991609659e-08,
                0.0,
                0.0,
                6.914400013823705e-13
            ],
            [
                0.9999999983938843,
                1.605228051228191e-09,
                0.0,
                0.0,
                8.878265456571783e-13
            ],
            [
                2.448846670038349e-10,
                1.8457060511081133e-07,
                0.9947796741284769,
                0.005220125905555417,
                1.5150477866533115e-08
            ],
            [
                1.658678316126694e-12,
                1.225606712793997e-11,
                3.098819058784182e-12,
                2.5109990909698385e-08,
                0.9999999748729955
            ],
            [
                3.511422106845034e-12,
                2.020683905263611e-11,
                3.511422106845034e-12,
                9.736200294899587e-10,
                0.9999999989991504
            ]
        ],
        [
            [
                0.9999999979378402,
                2.0611536148795085e-09,
                0.0,
                0.0,
                1.0060392755937808e-12
            ],
            [
                0.9999999881384606,
                1.1861119997566835e-08,
                0.0,
                0.0,
                4.1937956040078426e-13
            ],
            [
                1.628357806406384e-07,
                0.003586698462722366,
                0.8776360405913816,
                0.11877511436420118,
                1.983745914241013e-06
            ],
            [
                1.1399919956738319e-12,
                2.5946098228996588e-11,
                2.413363073779818e-12,
                3.0590235877463247e-07,
                0.9999996940681417
            ],
            [
                2.129785132901903e-12,
                1.3887943616821537e-11,
                3.0988190833537537e-12,
                1.7257827679606412e-08,
                0.9999999827230558
            ]
        ],
        [
            [
                0.9999999998300266,
                1.691897921328436e-10,
                0.0,
                0.0,
                7.835041779105811e-13
            ],
            [
                0.9996646499324473,
                0.00033535005400935574,
                1.225195457693573e-11,
                1.2913465117762107e-12,
                0.0
            ],
            [
                6.431393941060939e-14,
                6.101936677234296e-13,
                0.9999999999941229,
                5.109089027752667e-12,
                9.357622968271185e-14
            ],
            [
                2.129785157710279e-12,
                2.0206838964552307e-11,
                3.5114220915383644e-12,
                5.602796402692498e-09,
                0.9999999943713556
            ],
            [
                3.51142205059272e-12,
                2.2897348047053782e-11,
                5.1090889367134476e-12,
                1.725782767939239e-08,
                0.9999999827106544
            ]
        ],
        [
            [
                0.9999999997818683,
                2.1724399327385424e-10,
                0.0,
                0.0,
                8.878265468894673e-13
            ],
            [
                0.999999814460149,
                1.8553915957853057e-07,
                0.0,
                0.0,
                6.914400975881417e-13
            ],
            [
                9.545035342947302e-12,
                4.944450719559289e-09,
                0.9999998505322362,
                1.4449803097073198e-07,
                1.573710279950171e-11
            ],
            [
                1.139991842625901e-12,
                1.0815941458438151e-11,
                1.4637785007483488e-12,
                8.152020639968359e-09,
                0.9999999918345598
            ],
            [
                9.5450348629595e-12,
                5.492788316495474e-11,
                1.5737102008135612e-11,
                5.6027964023879185e-09,
                0.9999999943169935
            ]
        ],
        [
            [
                0.9999999981800323,
                1.818961681322746e-09,
                0.0,
                0.0,
                1.0060392758374356e-12
            ],
            [
                0.9999999928051756,
                7.1941329670166354e-09,
                0.0,
                0.0,
                6.91440004609312e-13
            ],
            [
                3.5114223822214735e-12,
                4.363462587023401e-09,
                0.9999998830821055,
                1.1253518333528812e-07,
                1.5737103311742427e-11
            ],
            [
                1.1399918155985286e-12,
                1.2256067041518905e-11,
                1.6586783044308747e-12,
                3.224186631350417e-08,
                0.9999999677430791
            ],
            [
                1.6586783544396078e-12,
                1.3887943827498458e-11,
                3.978962525103176e-12,
                1.8189616826460256e-09,
                0.9999999981615126
            ]
        ],
        [
            [
                0.999999977839623,
                2.2159489257855742e-08,
                0.0,
                0.0,
                8.878265271918949e-13
            ],
            [
                0.9999999865589801,
                1.3440409755653992e-08,
                0.0,
                0.0,
                6.101936588857074e-13
            ],
            [
                5.548295410608165e-09,
                0.0011594904788268206,
                0.9902729503014376,
                0.008567540361771344,
                1.3309668784138962e-08
            ],
            [
                2.4133630262626143e-12,
                1.7832474788139502e-11,
                3.5114224835691047e-12,
                8.764249143416793e-08,
                0.9999999123337513
            ],
            [
                1.879528810999355e-12,
                2.020683903066448e-11,
                3.0988191295883573e-12,
                1.8189616821918331e-09,
                0.9999999981558532
            ]
        ],
        [
            [
                0.9999999999367524,
                6.224144617794624e-11,
                0.0,
                0.0,
                1.0060392784568518e-12
            ],
            [
                0.9999991684710045,
                8.31527989460488e-07,
                1.0060393559455629e-12,
                0.0,
                0.0
            ],
            [
                7.99196047271529e-11,
                5.315785640047839e-08,
                0.9999996407693205,
                3.0590234269292126e-07,
                9.056077646628554e-11
            ],
            [
                8.87826531748354e-13,
                1.0815941361176634e-11,
                2.734698242007739e-12,
                1.7257827675050202e-08,
                0.9999999827277338
            ],
            [
                1.879528805382731e-12,
                1.388794378252911e-11,
                1.879528805382731e-12,
                4.944450472589783e-09,
                0.9999999950379026
            ]
        ],
        [
            [
                0.9999999865590519,
                1.3440409742780418e-08,
                0.0,
                0.0,
                5.384940134276144e-13
            ],
            [
                0.9999999994084636,
                5.905303983279098e-10,
                0.0,
                0.0,
                1.0060392766146065e-12
            ],
            [
                2.052718533505205e-09,
                5.691619572679656e-07,
                0.004070048628492658,
                0.9959080225119521,
                2.135764487945706e-05
            ],
            [
                6.101937077611422e-13,
                1.5737103138492223e-11,
                2.129785310571632e-12,
                1.2751906750811246e-07,
                0.9999998724624555
            ],
            [
                8.878265317494824e-13,
                9.545034749787122e-12,
                2.734698242011215e-12,
                1.7257827675072136e-08,
                0.9999999827290048
            ]
        ],
        [
            [
                0.9999999998665763,
                1.3176514241170545e-10,
                0.0,
                0.0,
                1.6586783552731211e-12
            ],
            [
                0.9999999847696504,
                1.522997949966886e-08,
                0.0,
                0.0,
                3.7010116190449996e-13
            ],
            [
                1.2015425730971303e-13,
                6.914400106479556e-13,
                0.9999999999956202,
                3.511422113142576e-12,
                5.675685232254601e-14
            ],
            [
                2.129785149612029e-12,
                2.0206838887718247e-11,
                3.5114220781866063e-12,
                9.237449569396997e-09,
                0.9999999907367024
            ],
            [
                1.2917799810483424e-12,
                1.0815941358532752e-11,
                2.7346982413392613e-12,
                1.7257827670831644e-08,
                0.9999999827273299
            ]
        ],
        [
            [
                0.9999999895318147,
                1.0467401672084105e-08,
                0.0,
                0.0,
                7.83504169325072e-13
            ],
            [
                0.9999999970010391,
                2.9989608144837088e-09,
                0.0,
                0.0,
                0.0
            ],
            [
                8.423464545451573e-12,
                8.764249042427019e-08,
                0.9999999004814046,
                1.1861121265130722e-08,
                6.560200784171901e-12
            ],
            [
                2.41336271666744e-12,
                2.289734793305724e-11,
                4.508755139231591e-12,
                2.2159489266834007e-08,
                0.9999999778106913
            ],
            [
                2.1297851280016324e-12,
                1.783247254849567e-11,
                2.1297851280016324e-12,
                1.9555680693445592e-08,
                0.9999999804222273
            ]
        ],
        [
            [
                0.9999998874641248,
                1.125351837336812e-07,
                0.0,
                0.0,
                6.914400660805438e-13
            ],
            [
                0.9999999994089313,
                5.905303988071066e-10,
                0.0,
                0.0,
                5.384940207839167e-13
            ],
            [
                1.0603575990510077e-13,
                8.878265477610839e-13,
                0.9999999999949543,
                3.978962535456826e-12,
                7.287724095122939e-14
            ],
            [
                3.9789624657763845e-12,
                2.59460945259105e-11,
                3.9789624657763845e-12,
                1.7257827684087488e-08,
                0.9999999827082683
            ],
            [
                1.1399919974470545e-12,
                1.388794562414903e-11,
                1.6586785690189187e-12,
                1.85539159763829e-07,
                0.9999998144441535
            ]
        ],
        [
            [
                0.9999999994788586,
                5.211412482094249e-10,
                0.0,
                0.0,
                0.0
            ],
            [
                0.9999938558265822,
                6.144172126122815e-06,
                1.2917727792120898e-12,
                0.0,
                0.0
            ],
            [
                6.560199781875545e-12,
                5.602796107632957e-09,
                0.9999999412205384,
                5.315784941419927e-08,
                1.2256066722436734e-11
            ],
            [
                3.978962387298727e-12,
                2.9400776295285325e-11,
                4.508755073978639e-12,
                3.653482077333027e-08,
                0.9999999634272907
            ],
            [
                1.6586783417259943e-12,
                1.7832472723355426e-11,
                2.4133627468244768e-12,
                9.237449566246506e-09,
                0.9999999907406459
            ]
        ],
        [
            [
                0.9999999985825034,
                1.416608782361178e-09,
                0.0,
                0.0,
                8.878265451623108e-13
            ],
            [
                0.999999352405161,
                6.475946145128032e-07,
                2.2447771053632377e-13,
                0.0,
                0.0
            ],
            [
                9.033684332542235e-11,
                6.808725936325222e-08,
                0.99752729535495,
                0.002472623060277508,
                1.3407176301280441e-08
            ],
            [
                5.789356313544811e-12,
                3.331544533427564e-11,
                5.109089014661868e-12,
                1.6052280509749989e-09,
                0.9999999983505581
            ],
            [
                2.129785161844309e-12,
                2.289734835849793e-11,
                3.978962518814761e-12,
                2.9989608120273935e-09,
                0.999999996972033
            ]
        ],
        [
            [
                0.9999999956355317,
                4.36346222771636e-09,
                0.0,
                0.0,
                1.0060392734669043e-12
            ],
            [
                0.9999999895320598,
                1.046740167208667e-08,
                0.0,
                0.0,
                5.384940154652805e-13
            ],
            [
                8.104677393772316e-08,
                0.002292207688391507,
                0.4368173927810559,
                0.5608846366716909,
                5.681812087672035e-06
            ],
            [
                6.560200117602295e-12,
                3.775134515188727e-11,
                7.433680615069853e-12,
                7.19413297488895e-09,
                0.9999999927541218
            ],
            [
                1.4637785003400948e-12,
                1.081594145542154e-11,
                3.5114220803060627e-12,
                8.152020637694725e-09,
                0.9999999918321884
            ]
        ],
        [
            [
                0.9999999998077445,
                1.9171715121068334e-10,
                0.0,
                0.0,
                5.384940213115373e-13
            ],
            [
                0.9999998555019683,
                1.444980316325845e-07,
                0.0,
                0.0,
                0.0
            ],
            [
                2.774906817972393e-10,
                3.634410707228614e-08,
                0.9947796745777513,
                0.005220125917663507,
                1.6288298743706116e-07
            ],
            [
                6.560200122896018e-12,
                2.0206838950818453e-11,
                2.1297851562627415e-12,
                6.3488000722443345e-09,
                0.999999993622303
            ],
            [
                6.560200153716919e-12,
                1.5737102072230674e-11,
                3.5114221056490175e-12,
                1.4166087835257025e-09,
                0.9999999985575825
            ]
        ],
        [
            [
                0.9999999995939368,
                4.0586521231803587e-10,
                0.0,
                0.0,
                1.9810087964405425e-13
            ],
            [
                0.9999962733599996,
                3.726639112467825e-06,
                8.878231983269242e-13,
                0.0,
                0.0
            ],
            [
                1.3615261079142833e-13,
                1.4637785139373679e-12,
                0.999999999987478,
                1.0815941555892553e-11,
                1.060357599015806e-13
            ],
            [
                1.2917799942179398e-12,
                9.545034844752667e-12,
                2.4133627520894854e-12,
                7.1941329714701585e-09,
                0.999999992792617
            ],
            [
                1.0060392712706633e-12,
                8.42346368737952e-12,
                2.734698269811224e-12,
                7.194132973027327e-09,
                0.9999999927937028
            ]
        ],
        [
            [
                0.9999999995934434,
                4.0586521203478896e-10,
                0.0,
                0.0,
                6.914400096500756e-13
            ],
            [
                0.9999646437411174,
                3.5356257518122215e-05,
                1.1399506785474307e-12,
                2.244695977629323e-13,
                0.0
            ],
            [
                1.2991198353076924e-10,
                3.79658467328632e-09,
                2.1847836320575797e-08,
                0.9859363473113018,
                0.014063626914365203
            ],
            [
                1.87952890783032e-12,
                1.7832473774293525e-11,
                2.413362889053482e-12,
                1.4449803162938744e-07,
                0.999999855479843
            ],
            [
                2.7346982722889586e-12,
                2.940077718531882e-11,
                8.423463695011482e-12,
                6.3488000712305634e-09,
                0.999999993610641
            ]
        ],
        [
            [
                0.9999999999439322,
                5.492788345298826e-11,
                0.0,
                0.0,
                1.1399918518705196e-12
            ],
            [
                0.9999038975970296,
                9.610239922998175e-05,
                2.734437625320555e-12,
                0.0,
                1.0059433855210915e-12
            ],
            [
                5.905270658088368e-10,
                4.785094939173806e-06,
                0.9999951148868697,
                9.931138241458399e-08,
                1.1628167378183541e-10
            ],
            [
                1.0060392501826623e-12,
                1.0815941244424172e-11,
                8.878265221647284e-13,
                2.845334726679352e-08,
                0.9999999715339428
            ],
            [
                1.4637785101068261e-12,
                1.0815941527588465e-11,
                3.098819130213427e-12,
                2.0611536167792677e-09,
                0.9999999979234679
            ]
        ],
        [
            [
                0.9999999991400919,
                8.592166597993249e-10,
                0.0,
                0.0,
                6.914400089895266e-13
            ],
            [
                0.9999999468418237,
                5.31578496870784e-08,
                0.0,
                0.0,
                3.266131167237112e-13
            ],
            [
                1.3164506848788147e-10,
                5.59769075207709e-09,
                4.4467965520818106e-07,
                0.9990884986002266,
                0.0009110509907823939
            ],
            [
                1.0060393537697622e-12,
                1.5737103272026946e-11,
                2.129785328643591e-12,
                2.3823698438908036e-07,
                0.9999997617441426
            ],
            [
                1.6586783540370108e-12,
                1.3887943824127554e-11,
                4.508755229037165e-12,
                2.0611536163778887e-09,
                0.999999997918791
            ]
        ],
        [
            [
                0.999999999408582,
                5.905303985972177e-10,
                0.0,
                0.0,
                8.878265458957253e-13
            ],
            [
                0.9999999956358463,
                4.363462228445887e-09,
                0.0,
                0.0,
                6.914400068120641e-13
            ],
            [
                8.878265424639593e-13,
                4.058652101872135e-10,
                0.9999999939864714,
                5.602796403573104e-09,
                3.97896251171676e-12
            ],
            [
                1.1399918455319958e-12,
                1.081594148601041e-11,
                1.4637785044798482e-12,
                5.602796400615757e-09,
                0.9999999943837838
            ],
            [
                2.4133627494395388e-12,
                1.7832472742678268e-11,
