{
    "[['A', 'B', 'C', 'D', 'E'], ['A', 'B', 'C', 'D', 'E']]": [
        [
            [
                0.9999997617526122,
                2.3823698431055601e-07,
                5.7893567554623425e-12,
                1.8795289550785795e-12,
                2.734698493165652e-12
            ],
            [
                0.9999898699917639,
                1.0129988102194024e-05,
                1.388781247810932e-11,
                2.734672419986216e-12,
                3.5113888935772748e-12
            ],
            [
                1.3314486747763017e-07,
                0.002932712267675944,
                0.9214306568388079,
                0.07563562953505112,
                8.682135976219496e-07
            ],
            [
                2.413362865133276e-12,
                4.2777880343473156e-11,
                7.433680959736611e-12,
                3.927863697331361e-07,
                0.9999996071610053
            ],
            [
                9.545035926045104e-12,
                7.991960732926756e-11,
                2.0206841214006064e-11,
                8.764249140585686e-08,
                0.9999999122478371
            ]
        ],
        [
            [
                0.9999999966001529,
                3.3982678061705025e-09,
                6.91440007982892e-13,
                0.0,
                8.878265443648082e-13
            ],
            [
                0.9999999881357812,
                1.1861119995792693e-08,
                0.0,
                0.0,
                3.09881909808276e-12
            ],
            [
                5.3078019160970244e-08,
                0.0015011820554823307,
                0.9984984592321581,
                3.054429111008028e-07,
                1.9142922723869186e-10
            ],
            [
                1.2256021083399975e-11,
                7.991929661980354e-11,
                1.2256021083399975e-11,
                2.902312197979667e-06,
                0.9999970975833706
            ],
            [
                5.789357093264978e-12,
                5.492789076324656e-11,
                7.433681654033694e-12,
                6.023574633351242e-08,
                0.9999999396961027
            ]
        ],
        [
            [
                0.9999996071952918,
                3.927863697918822e-07,
                1.0815941977045222e-11,
                2.4133628654942248e-12,
                5.109089226343686e-12
            ],
            [
                0.9999991684705462,
                8.315279900400074e-07,
                1.4637786266889744e-12,
                0.0,
                0.0
            ],
            [
                8.591282233470576e-10,
                2.8450419406606167e-08,
                5.8288607913508576e-05,
                0.9998962868690516,
                4.539521348718257e-05
            ],
            [
                1.225606686090555e-11,
                6.224144326737465e-11,
                7.433680318627187e-12,
                4.691163798609602e-08,
                0.9999999530064307
            ],
            [
                6.5601999753915e-12,
                5.492788189556804e-11,
                9.545034642373167e-12,
                2.8453347253772283e-08,
                0.9999999714756196
            ]
        ],
        [
            [
                0.9999999865568348,
                1.3440409758905144e-08,
                1.4637784931903895e-12,
                0.0,
                1.2917799863104652e-12
            ],
            [
                0.9988304892818005,
                0.0011695103419418526,
                3.157181967642164e-10,
                4.272781158203784e-11,
                1.7811601832531054e-11
            ],
            [
                8.878265477471987e-13,
                5.789356328086609e-12,
                0.9999999999793148,
                1.3887943863419045e-11,
                1.201542573043512e-13
            ],
            [
                6.224109806124208e-11,
                1.1628167983905808e-10,
                2.020672605667524e-11,
                6.144172124129919e-06,
                0.9999938556291464
            ],
            [
                2.0206841620608478e-11,
                1.026188091673809e-10,
                1.225606897885636e-11,
                3.05902358808215e-07,
                0.9999996939625595
            ]
        ],
        [
            [
                0.9999999715348215,
                2.8453347263101805e-08,
                6.560199977542513e-12,
                1.2917799672524125e-12,
                3.978962420225663e-12
            ],
            [
                0.9999982396459225,
                1.7603431323687758e-06,
                7.433667244582934e-12,
                0.0,
                3.5114157705474374e-12
            ],
            [
                1.2015425730791064e-13,
                2.413362771636231e-12,
                0.9999999999889069,
                8.423463753781108e-12,
                1.3615261079785236e-13
            ],
            [
                9.545017461445664e-12,
                9.056060422762591e-11,
                1.388791845878426e-11,
                2.2603252720035664e-06,
                0.9999977395607345
            ],
            [
                4.508755182862553e-12,
                5.492788278551354e-11,
                1.0815941414715084e-11,
                1.1861119994996172e-08,
                0.9999999880686273
            ]
        ],
        [
            [
                0.9999962730131742,
                3.726639113572862e-06,
                1.6918915400633675e-10,
                6.224121142812024e-11,
                1.162818916362699e-10
            ],
            [
                0.9933071482686686,
                0.0066928514143041054,
                2.7707974739392577e-10,
                2.920399051711702e-11,
                1.0743547711413113e-11
            ],
            [
                1.1818523690769768e-07,
                2.5520904966847915e-05,
                0.5621352808483602,
                0.4377914007339018,
                4.7679327534325544e-05
            ],
            [
                5.108602038452323e-12,
                6.223551348108288e-11,
                1.0814910600271112e-11,
                9.610240067662665e-05,
                0.9999038975211644
            ],
            [
                1.57371040813059e-11,
                1.0261880919200455e-10,
                1.3887945607403851e-11,
                3.059023588816171e-07,
                0.9999996939653972
            ]
        ],
        [
            [
                0.9999997617549958,
                2.3823698408247707e-07,
                4.508755570317291e-12,
                0.0,
                3.5114223688406647e-12
            ],
            [
                0.9999994956010506,
                5.043472041610095e-07,
                3.775134713267029e-11,
                7.433681005109155e-12,
                6.560200461810771e-12
            ],
            [
                1.9171168033932292e-10,
                2.3823039537079403e-07,
                0.9999722249144991,
                2.7535689801562265e-05,
                9.735922470849998e-10
            ],
            [
                1.388794522638816e-11,
                1.0261880637665823e-10,
                2.2897350701064464e-11,
                5.715002846450371e-07,
                0.9999994283603112
            ],
            [
                1.7832475138358354e-11,
                5.4927890379083305e-11,
                6.56020098860291e-12,
                3.059023587593921e-07,
                0.9999996940183207
            ]
        ],
        [
            [
                0.9999999804394926,
                1.95556806776287e-08,
                2.4133627212078225e-12,
                0.0,
                2.4133627212078225e-12
            ],
            [
                0.9999999317385669,
                6.825604224402203e-08,
                3.511422549663565e-12,
                0.0,
                1.879529050066715e-12
            ],
            [
                1.7328224389597825e-07,
                2.914159263071188e-05,
                0.49990149185783306,
                0.4999014949803565,
                0.00016769828693576346
            ],
            [
                7.433667248537878e-12,
                4.2777801440972224e-11,
                1.0815922025751119e-11,
                1.7603431333053338e-06,
                0.9999982395958393
            ],
            [
                1.2256068426771182e-11,
                1.0261880454482831e-10,
                2.594609706308067e-11,
                1.1253518374214774e-07,
                0.9999998873239954
            ]
        ],
        [
            [
                0.9999999468315577,
                5.3157849677616736e-08,
                5.789356016529779e-12,
                1.2917799351245654e-12,
                3.5114219240171106e-12
            ],
            [
                2.998646587046958e-09,
                2.1022155594971826e-07,
                5.828861107418621e-05,
                0.9998961029527744,
                4.539521594872079e-05
            ],
            [
                4.3342566628840495e-09,
                2.681509644614465e-07,
                0.9933068324153052,
                0.006692848501823189,
                4.659765053450572e-08
            ],
            [
                3.331544958964961e-11,
                1.0261880915531803e-10,
                1.5737104075679837e-11,
                3.059023587722561e-07,
                0.9999996939459699
            ],
            [
                1.2256068244862294e-11,
                6.224145029568693e-11,
                1.3887944772347163e-11,
                1.2751906748032276e-07,
                0.9999998723925471
            ]
        ],
        [
            [
                0.9999999585975021,
                4.139937542813993e-08,
                1.4637784519068999e-12,
                0.0,
                1.6586782884108573e-12
            ],
            [
                0.9999999530807544,
                4.6911637958638694e-08,
                4.508755025110798e-12,
                0.0,
                3.098818989453572e-12
            ],
            [
                9.135787961840931e-09,
                1.0018617561820009e-05,
                0.9889954213892272,
                0.010986748350220517,
                7.802507202438351e-06
            ],
            [
                7.052786107234065e-11,
                1.917146031530277e-10,
                4.277731010432774e-11,
                1.30071247666016e-05,
                0.9999869925702136
            ],
            [
                1.7832472505672766e-11,
                1.0261879400094311e-10,
                1.0815941313173101e-11,
                2.2159489273232868e-08,
                0.9999999777092435
            ]
        ],
        [
            [
                0.999999971511421,
                2.8453347243667508e-08,
                1.7832472377831256e-11,
                3.5114220089512707e-12,
                1.388794345195418e-11
            ],
            [
                0.99997246428113,
                2.753568982598522e-05,
                2.59454040683854e-11,
                3.098736620766692e-12,
                0.0
            ],
            [
                3.3975742996352866e-09,
                3.0583989183354804e-07,
                0.0001584289862649564,
                0.9997958711117422,
                4.539066452660718e-05
            ],
            [
                7.502040138498839e-11,
                2.484334497986397e-09,
                1.934801652443112e-09,
                0.2689414084889657,
                0.7310585870168778
            ],
            [
                1.3887945623507851e-11,
                1.0261880931099792e-10,
                1.573710409955412e-11,
                1.8553915975526304e-07,
                0.9999998143285964
            ]
        ],
        [
            [
                0.9999998144513563,
                1.855391596700347e-07,
                3.5114225563930332e-12,
                1.463778698802671e-12,
                4.508755811139299e-12
            ],
            [
                0.999903897359189,
                9.610239919741995e-05,
                2.1722328614753092e-10,
                1.783077314449885e-11,
                6.559574860052999e-12
            ],
            [
                2.0408042249351743e-07,
                0.029312180357727903,
                0.9706861068641309,
                1.5079616904980687e-06,
                7.360282266160848e-10
            ],
            [
                1.3887943642967844e-11,
                6.224144523415999e-11,
                9.545034770265037e-12,
                1.5229979501264263e-08,
                0.9999999846843461
            ],
            [
                1.8795289390891634e-12,
                2.594609667451634e-11,
                3.978962795275762e-12,
                1.2751906746330187e-07,
                0.9999998724491279
            ]
        ],
        [
            [
                0.9999982394410147,
                1.760343132008067e-06,
                1.0261861093135467e-10,
                3.3315385235750817e-11,
                7.991945455103884e-11
            ],
            [
                0.9980732640429419,
                0.001926734323763562,
                1.4138797824005463e-09,
                1.4902183268871507e-10,
                7.039292939031659e-11
            ],
            [
                6.729427544109079e-08,
                0.0031379341084858793,
                0.9859094653256726,
                0.010952465977290656,
                6.729427544109079e-08
            ],
            [
                4.508738187261235e-12,
                6.224121079160139e-11,
                1.225602108371159e-11,
                2.9023121980534598e-06,
                0.999997097608796
            ],
            [
                9.54503581480962e-12,
                7.052880510193051e-11,
                1.3887945162771243e-11,
                9.931195240211242e-08,
                0.9999999005940857
            ]
        ],
        [
            [
                0.9999921106496942,
                7.889265047398783e-06,
                4.8473319762908076e-11,
                1.3887838631811015e-11,
                2.2897174956317785e-11
            ],
            [
                0.999796572907386,
                0.0002034270608063517,
                2.939478040586377e-11,
                2.4128705091651344e-12,
                0.0
            ],
            [
                4.333680060212433e-06,
                0.6224492883814342,
                0.3775345903917974,
                1.1780163758030759e-05,
                7.382950180179401e-09
            ],
            [
                6.560163471549598e-12,
                6.224109806139127e-11,
                1.225599888581707e-11,
                6.144172124144646e-06,
                0.9999938557468186
            ],
            [
                3.978962727232577e-12,
                2.9400778807075606e-11,
                5.7893566072092235e-12,
                1.4449803156154235e-07,
                0.9999998554627993
            ]
        ],
        [
            [
                0.9999982395816274,
                1.7603431319970054e-06,
                4.2777801409178755e-11,
                1.2256045302862314e-11,
                2.020680258549349e-11
            ],
            [
                0.9997965729070262,
                0.0002034270608449414,
                2.9394780411439896e-11,
                2.7341404854296984e-12,
                0.0
            ],
            [
                1.2015425730886778e-13,
                2.7346982913904476e-12,
                0.9999999999885856,
                8.423463753848208e-12,
                1.3615261079893692e-13
            ],
            [
                4.50875580389585e-12,
                2.9400781054943425e-11,
                6.5602009852784486e-12,
                6.825604226517602e-08,
                0.999999931703488
            ],
            [
                5.789357049240646e-12,
                4.277788401357875e-11,
                9.545036110760782e-12,
                3.059023585726694e-07,
                0.9999996940395292
            ]
        ],
        [
            [
                0.9999999979357239,
                2.061153616966594e-09,
                1.6586783545107613e-12,
                0.0,
                1.4637785102398604e-12
            ],
            [
                0.9999998144577353,
                1.8553915979058498e-07,
                2.4133630778817534e-12,
                0.0,
                6.914400983783949e-13
            ],
            [
                3.850734937572926e-09,
                1.370956599482515e-06,
                0.999998232001159,
                3.9278564203887493e-07,
                4.058644764134655e-10
            ],
            [
                7.433639088203531e-12,
                1.026182222655538e-10,
                1.7832373152959555e-11,
                6.1441721229474935e-06,
                0.9999938556999928
            ],
            [
                2.1297812765963295e-12,
                3.775127641361795e-11,
                4.508746997935794e-12,
                1.0677030759548183e-06,
                0.9999989322525342
            ]
        ],
        [
            [
                0.9999999950526222,
                4.944450474899822e-09,
                1.463778506121208e-12,
                0.0,
                1.463778506121208e-12
            ],
            [
                0.9996646498788034,
                0.0003353500539417226,
                5.4909450906657205e-11,
                6.557998707677788e-12,
                5.787413546679428e-12
            ],
            [
                1.0815940920041301e-11,
                5.6027961074365e-09,
                0.9999999411991377,
                5.3157849412335334e-08,
                2.940077566063487e-11
            ],
            [
                6.224097456901309e-11,
                4.5990205274255363e-10,
                1.1628144912520046e-10,
                7.889265042608375e-06,
                0.9999921100965329
            ],
            [
                3.978962385905315e-12,
                3.331544416629948e-11,
                5.7893561105809875e-12,
                3.6534820760535966e-08,
                0.9999999634220955
            ]
        ],
        [
            [
                0.9999982393830384,
                1.760343133133656e-06,
                1.1628212030708353e-10,
                5.4927784314872993e-11,
                1.026186109969705e-10
            ],
            [
                1.3006665676880569e-05,
                0.9999509888844103,
                3.5355782958306414e-05,
                6.475637532928022e-07,
                1.1032013770585112e-09
            ],
            [
                4.363296099869173e-09,
                2.753540080951561e-05,
                0.9999623275291856,
                1.0129707862236284e-05,
                2.998846629630546e-09
            ],
            [
                8.423463937868221e-12,
                6.224144758422757e-11,
                1.5737102449498413e-11,
                6.4759461408932e-07,
                0.9999993523189838
            ],
            [
                2.9400777244487705e-11,
                1.1628232971544629e-10,
                1.573710202745311e-11,
                4.3634622309255675e-09,
                0.9999999954751175
            ]
        ],
        [
            [
                0.9999999804413688,
                1.955568068379322e-08,
                1.6586783246428062e-12,
                0.0,
                1.2917799780953835e-12
            ],
            [
                0.9999989322833696,
                1.0677030761457798e-06,
                9.545017471239575e-12,
                1.8795253801150845e-12,
                2.1297812769772466e-12
            ],
            [
                2.334297266038722e-09,
                2.5598653422879646e-06,
                0.9994445923234639,
                0.000552777258730704,
                6.821816573247648e-08
            ],
            [
                1.0261879488301099e-10,
                1.691897898972337e-10,
                1.5737101886950666e-11,
                1.344040976331705e-08,
                0.9999999862720446
            ],
            [
                6.560199920774471e-12,
                5.492788143826525e-11,
                9.54503456290586e-12,
                3.653482075951484e-08,
                0.9999999633941461
            ]
        ],
        [
            [
                0.9999999881322327,
                1.1861120005123823e-08,
                3.511422070088849e-12,
                1.006039266881194e-12,
                2.1297851447004905e-12
            ],
            [
                0.999569442823581,
                0.0004305571176726035,
                4.8452797359807337e-11,
                5.786861409507666e-12,
                4.506812197250263e-12
            ],
            [
                4.058651859186482e-10,
                5.315784904344641e-08,
                0.9999999345492204,
                1.1861119370210254e-08,
                2.5946093274041908e-11
            ],
            [
                1.3878093471366894e-11,
                1.6906978990100547e-10,
                6.219729982775505e-11,
                0.000709670344345925,
                0.9992903294105089
            ],
            [
                5.789345741531297e-12,
                5.4927783060996115e-11,
                6.5601881712852085e-12,
                1.067703075727456e-06,
                0.999998932229647
            ]
        ],
        [
            [
                0.9992903168554342,
                0.0007096703304656349,
                9.230897626260988e-09,
                2.333936424738822e-09,
                1.2492661447782065e-09
            ],
            [
                0.9999999468330623,
                5.315784963267351e-08,
                5.109088748227455e-12,
                0.0,
                3.978962317900845e-12
            ],
            [
                1.6586783584661055e-12,
                3.7751345432591685e-11,
                0.999999999767581,
                1.917171513240349e-10,
                1.2917800044369956e-12
            ],
            [
                5.109089502293871e-12,
                4.84736915620767e-11,
                9.545035808819929e-12,
                9.931195233979229e-08,
                0.9999999006249198
            ],
            [
                7.052879762252867e-11,
                1.9171714896038517e-10,
                1.5737101908591017e-11,
                1.1861120001905475e-08,
                0.9999999878608968
            ]
        ],
        [
            [
                0.9999994956366118,
                5.04347204662058e-07,
                9.545035359591636e-12,
                2.1297852684081073e-12,
                4.508755448601393e-12
            ],
            [
                0.9999982396504756,
                1.760343132118202e-06,
                3.978955347903907e-12,
                0.0,
                2.413358412131268e-12
            ],
            [
                7.835041784463508e-13,
                1.7832472906778788e-11,
                0.9999999999717821,
                9.545034922108604e-12,
                5.675685232197446e-14
            ],
            [
                5.1090892243884275e-12,
                3.775134689344817e-11,
                5.7893565511961374e-12,
                3.9278636964156205e-07,
                0.9999996071649806
            ],
            [
                5.789356232033411e-12,
                4.277787797518864e-11,
                7.433680548190474e-12,
                1.522997949033253e-08,
                0.9999999847140195
            ]
        ],
        [
            [
                0.9999999997805882,
                2.1724399333194664e-10,
                2.8823507911098503e-13,
                0.0,
                1.8795288150167736e-12
            ],
            [
                0.37754030259811405,
                0.6224587062171416,
                9.66989498141794e-07,
                2.2741434950640592e-08,
                1.4538112971659206e-09
            ],
            [
                4.6795468387723085e-08,
                0.0024726150440991922,
                0.997524055215016,
                3.2806156072777234e-06,
                2.329809183925785e-09
            ],
            [
                3.0988134703721876e-12,
                3.3315384481162424e-11,
                5.789345738859355e-12,
                2.2603252723940384e-06,
                0.999997739632524
            ],
            [
                4.508755089450323e-12,
                4.277787723954172e-11,
                5.109088854867814e-12,
                3.224186627958448e-08,
                0.9999999677057381
            ]
        ],
        [
            [
                0.9999999317373193,
                6.825604226748522e-08,
                4.5087558040483866e-12,
                0.0,
                2.1297854363093787e-12
            ],
            [
                0.9999993523989974,
                6.475946143892234e-07,
                4.508755342549564e-12,
                0.0,
                1.879528858331476e-12
            ],
            [
                6.5601998848687625e-12,
                1.6052279858680537e-09,
                0.9999999569339085,
                4.139937540012829e-08,
                5.4927881137630436e-11
            ],
            [
                6.560200808400828e-12,
                6.22414523035727e-11,
                1.2256068640238444e-11,
                5.715002843972629e-07,
                0.999999428418658
            ],
            [
                2.12978523243471e-12,
                2.9400778241535104e-11,
                3.511422214738123e-12,
                1.637377177855761e-07,
                0.9999998362272402
            ]
        ],
        [
            [
                0.9999999979386218,
                2.0611536173531904e-09,
                0.0,
                0.0,
                2.244777049482563e-13
            ],
            [
                0.9999993524016765,
                6.475946145414307e-07,
                2.129785218813344e-12,
                6.914400262310949e-13,
                8.878265677959645e-13
            ],
            [
                1.542811203045313e-13,
                3.978962535459219e-12,
                0.9999999999849147,
                1.0815941556258126e-11,
                1.361526107960302e-13
            ],
            [
                6.5601883209244924e-12,
                7.991945460074008e-11,
                2.020680259818691e-11,
                1.7603431331028097e-06,
                0.9999982395501805
            ],
            [
                5.109088785148102e-12,
                3.331544383765789e-11,
                5.109088785148102e-12,
                4.691163798789732e-08,
                0.9999999530448285
            ]
        ],
        [
            [
                0.9999999865525124,
                1.3440409753592709e-08,
                3.098819093176496e-12,
                0.0,
                3.978962477355879e-12
            ],
            [
                3.849596914676999e-09,
                2.381663547410686e-07,
                3.5347021099066917e-05,
                0.9997032298411181,
                0.0002611811218310907
            ],
            [
                1.2015425730400617e-13,
                1.6586783587249472e-12,
                0.9999999999885014,
                9.545034921751374e-12,
                1.748234128071553e-13
            ],
            [
                7.433681529796532e-12,
                4.8473692653942025e-11,
                7.433681529796532e-12,
                7.734422799275166e-08,
                0.999999922592431
            ],
            [
                5.1090890021695185e-12,
                2.5946094851265064e-11,
                4.5087552194436206e-12,
                4.363462230828869e-09,
                0.9999999956009737
            ]
        ],
        [
            [
                0.9999952146425436,
                4.785094841829936e-06,
                1.4930862159346256e-10,
                4.277763629910998e-11,
                7.052839887661654e-11
            ],
            [
                0.9999998554968592,
                1.4449803156646393e-07,
                5.109089273993817e-12,
                0.0,
                0.0
            ],
            [
                1.8189098849531418e-09,
                2.7535665133302022e-05,
                0.9999710913786765,
                1.3709200425463152e-06,
                2.1723780656963119e-10
            ],
            [
                1.081594136060042e-11,
                4.8473686181220315e-11,
                8.423463601290002e-12,
                1.7257827674130798e-08,
                0.9999999826744593
            ],
            [
                2.4616971489241726e-10,
                4.5990557469000125e-10,
                5.4927887907638377e-11,
                1.1253518372998314e-07,
                0.999999886703813
            ]
        ],
        [
            [
                0.9999989322805811,
                1.067703076316802e-06,
                8.42344835483402e-12,
                2.1297812773183903e-12,
                5.789345744726875e-12
            ],
            [
                0.9999996940887531,
                3.059023586963455e-07,
                5.789357051581279e-12,
                0.0,
                3.098819525635885e-12
            ],
            [
                1.0060392790072674e-12,
                4.277787867795206e-11,
                0.9999999997633591,
                1.9171715132322548e-10,
                1.1399918527315504e-12
            ],
            [
                1.0815900644229121e-11,
                7.052853172448003e-11,
                1.2256021083532718e-11,
                2.9023121980111018e-06,
                0.9999970975942015
            ],
            [
                3.511422072103333e-12,
                2.9400777047268634e-11,
                3.511422072103333e-12,
                1.0467401671711046e-08,
                0.9999999894961747
            ]
        ],
        [
            [
                0.9999646417927048,
                3.5356257424670174e-05,
                1.416557617485883e-09,
                2.1723614646347845e-10,
                3.160767280491033e-10
            ],
            [
                0.9399133402897342,
                0.060086654041179445,
                5.266142237443795e-09,
                3.366532100500874e-10,
                6.629094755383212e-11
            ],
            [
                3.2661313372523817e-13,
                5.4927883416461344e-11,
                0.9999999983386298,
                1.605228052465255e-09,
                8.87826546341379e-13
            ],
            [
                2.129781275678519e-12,
                3.331538448927576e-11,
                5.7893457402692425e-12,
                1.067703075494701e-06,
                0.99999893225569
            ],
            [
                5.1090887498053586e-12,
                4.277787635986455e-11,
                7.433680267489235e-12,
                5.3157849649090916e-08,
                0.9999999467868297
            ]
        ],
        [
            [
                0.9999999881326763,
                1.1861120006335723e-08,
                3.098819100837217e-12,
                6.914400022408215e-13,
                2.413362742328651e-12
            ],
            [
                0.9999962732944453,
                3.726639112706633e-06,
                4.847350418826564e-11,
                8.423431975656587e-12,
                9.544998912728903e-12
            ],
            [
                0.0005189091701858183,
                0.2688016161224802,
                0.7306785854268009,
                8.840239345520469e-07,
                5.256598463170131e-09
            ],
            [
                5.787844364951512e-12,
                1.3173073056395625e-10,
                2.2891368523706757e-11,
                0.00026119033082583354,
                0.9997388095087643
            ],
            [
                2.020683897510043e-11,
                5.49278831966135e-11,
                8.423463706478766e-12,
                4.944450473769283e-09,
                0.9999999949719913
            ]
        ],
        [
            [
                0.9999999123313378,
                8.764249142098378e-08,
                1.0815942695932103e-11,
                3.098819464949484e-12,
                1.2256068734354902e-11
            ],
            [
                0.9999998874636762,
                1.1253518379752311e-07,
                1.1399919450080195e-12,
                0.0,
                0.0
            ],
            [
                0.00010088613204509004,
                0.18240641331944218,
                0.8174887790723381,
                3.911779851254871e-06,
                9.696323573798449e-09
            ],
            [
                8.423463630010999e-12,
                6.224144530945328e-11,
                1.3887943659768049e-11,
                1.3440409752551414e-08,
                0.9999999864750375
            ],
            [
                1.8795290142206213e-12,
                2.940078048510425e-11,
                4.508755716508182e-12,
                8.76424914123321e-08,
                0.9999999123217195
            ]
        ],
        [
            [
                0.9999999895252044,
                1.0467401681351605e-08,
                3.51142207533738e-12,
                7.835041700187614e-13,
                3.0988191051524097e-12
            ],
            [
                0.9999989322909268,
                1.0677030763278482e-06,
                5.109079687765632e-12,
                0.0,
                8.878249247456027e-13
            ],
            [
                1.0465106760099756e-08,
                0.00020342356346669623,
                0.9997798666986206,
                1.669802292723235e-05,
                1.249878763586827e-09
            ],
            [
                9.545017462616115e-12,
                7.052866949654316e-11,
                1.2256045024727425e-11,
                2.260325272280737e-06,
                0.999997739582398
            ],
            [
                5.789356158015325e-12,
                4.847368563332063e-11,
                6.560199974707971e-12,
                2.8453347250807635e-08,
                0.9999999714858296
            ]
        ],
        [
            [
                0.9999999966001158,
                3.3982678067241804e-09,
                1.006039275502562e-12,
                0.0,
                6.101936654673886e-13
            ],
            [
                0.9994472212684807,
                0.0005527785816065892,
                1.1621804028413145e-10,
                2.2884689001296834e-11,
                1.0809961654092799e-11
            ],
            [
                8.590414370371482e-10,
                6.474631498538225e-07,
                0.9997958963557,
                0.00020342687456322787,
                2.844754543872969e-08
            ],
            [
                2.0206840028600434e-11,
                9.056077410224829e-11,
                1.0815942059563384e-11,
                5.043472050059057e-07,
                0.9999994955312115
            ],
            [
                5.789356275643096e-12,
                3.331544511616633e-11,
                5.109088981213722e-12,
                8.152020639717323e-09,
                0.9999999918037655
            ]
        ],
        [
            [
                0.9999999865515847,
                1.3440409764927813e-08,
                2.7346982537045977e-12,
                1.2917799868893137e-12,
                3.978962480711577e-12
            ],
            [
                0.9999832984619247,
                1.6701415097535044e-05,
                1.0261704096033709e-10,
                1.08157565440526e-11,
                9.544871649235486e-12
            ],
            [
                4.19379565786331e-13,
                2.5946094979570835e-11,
                0.9999999999028513,
                7.052879850243986e-11,
                2.5436656470638104e-13
            ],
            [
                5.789356756303734e-12,
                4.277788184905147e-11,
                6.560200652657555e-12,
                2.3823698434518e-07,
                0.9999997617078882
            ],
            [
                5.4927786069103676e-11,
                2.172436081234731e-10,
                5.4927786069103676e-11,
                1.3709566543431538e-06,
                0.9999986287162466
            ]
        ],
        [
            [
                0.999995214861807,
                4.785094847715637e-06,
                2.2897218742291163e-11,
                6.560163004423467e-12,
                1.3887865189346334e-11
            ],
            [
                0.9999986290015433,
                1.3709566536623292e-06,
                3.3315386304503246e-11,
                3.9789554752992415e-12,
                4.508747241657114e-12
            ],
            [
                8.561873051040783e-09,
                5.297043287476564e-07,
                0.5621720868912818,
                0.4378200624998135,
                7.312342702877896e-06
            ],
            [
                3.978932384286362e-12,
                5.4927467280225905e-11,
                1.2255974570784445e-11,
                7.889265043933409e-06,
                0.9999921106637938
            ],
            [
                8.423463997358014e-12,
                4.847368846043435e-11,
                9.545035198070338e-12,
                1.6373771778043468e-07,
                0.99999983619584
            ]
        ],
        [
            [
                0.9999989322600793,
                1.0677030762439932e-06,
                2.5946047546781307e-11,
                5.789345744332087e-12,
                5.109079687364376e-12
            ],
            [
                0.9999999317375367,
                6.825604227358148e-08,
                3.978963031938399e-12,
                7.835042761945492e-13,
                1.6586785657199622e-12
            ],
            [
                8.423463941731833e-12,
                4.0586522167041496e-10,
                0.9999993519533455,
                6.47594614386354e-07,
                3.775134628204635e-11
            ],
            [
                1.0815941796841021e-11,
                7.052880007321857e-11,
                1.2256067715551233e-11,
                6.475946143327449e-07,
                0.9999993523117848
            ],
            [
                4.2777882694845995e-11,
                1.162823411893525e-10,
                5.492788865226895e-11,
                9.931195241982215e-08,
                0.9999999004740595
            ]
        ],
        [
            [
