{
    "[['A', 'B', 'C', 'D', 'E'], ['A', 'B', 'C', 'D', 'E']]": [
        [
            [
                0.9999999956363397,
                4.363462231896255e-09,
                0.0,
                0.0,
                1.9810087884934535e-13
            ],
            [
                0.9999999881385918,
                1.1861120000462971e-08,
                0.0,
                0.0,
                2.882350756779084e-13
            ],
            [
                1.0603575990227081e-13,
                6.914400106094606e-13,
                0.9999999999939873,
                5.109089027438509e-12,
                1.0603575990227081e-13
            ],
            [
                6.560200672760565e-12,
                9.056077686261048e-11,
                1.0815942389241634e-11,
                8.315279900570083e-07,
                0.999999168364073
            ],
            [
                1.573710200573427e-11,
                4.2777878414793863e-11,
                6.560200125997094e-12,
                5.602796401532982e-09,
                0.9999999943321283
            ]
        ],
        [
            [
                0.9999999998080848,
                1.917171512107486e-10,
                0.0,
                0.0,
                1.9810087963431852e-13
            ],
            [
                0.9999999994094697,
                5.905303993060021e-10,
                0.0,
                0.0,
                0.0
            ],
            [
                4.75219306214594e-13,
                2.4133627715157045e-12,
                0.9999999999847193,
                1.2256067442487038e-11,
                1.3615261079105273e-13
            ],
            [
                1.2256066990187117e-11,
                7.052879589903628e-11,
                1.2256066990187117e-11,
                3.653482078411676e-08,
                0.9999999633701382
            ],
            [
                5.7893566097718565e-12,
                9.056077429295278e-11,
                1.3887944539146823e-11,
                1.4449803162550374e-07,
                0.9999998553917303
            ]
        ],
        [
            [
                0.9999999995386308,
                4.5990553670510946e-10,
                0.0,
                0.0,
                1.4637785104334942e-12
            ],
            [
                0.9999996940958112,
                3.059023585898862e-07,
                5.384940888235803e-13,
                0.0,
                1.2917801656262106e-12
            ],
            [
                1.2631348618463372e-08,
                5.370986103770608e-07,
                0.06007964836579396,
                0.939803820898904,
                0.00011598100534303079
            ],
            [
                2.7346986334614127e-12,
                2.289735131889413e-11,
                3.098819526110764e-12,
                6.82560422961579e-08,
                0.9999999317152268
            ],
            [
                2.9400777232528935e-11,
                6.22414458896893e-11,
                1.081594149830881e-11,
                4.944450474977674e-09,
                0.9999999949530913
            ]
        ],
        [
            [
                0.9999999992410524,
                7.582560414774608e-10,
                0.0,
                0.0,
                6.914400094960538e-13
            ],
            [
                0.9999986290420877,
                1.3709566537179139e-06,
                7.835027882358404e-13,
                0.0,
                4.75218463035372e-13
            ],
            [
                1.0603575990330306e-13,
                1.291780004640593e-12,
                0.9999999999900586,
                8.423463753520501e-12,
                1.2015425730419328e-13
            ],
            [
                3.3315130226958056e-11,
                1.6918819157071733e-10,
                2.940049923449291e-11,
                1.0129988097929086e-05,
                0.9999898697799982
            ],
            [
                1.4637784764784266e-12,
                1.3887943507774655e-11,
                3.5114220230648965e-12,
                2.5109990911626295e-08,
                0.9999999748711459
            ]
        ],
        [
            [
                0.9999999999702727,
                2.940077737664293e-11,
                0.0,
                0.0,
                3.266131340987591e-13
            ],
            [
                0.9999898700100246,
                1.012998809586187e-05,
                1.8795110340870255e-12,
                0.0,
                0.0
            ],
            [
                2.2447770547104212e-13,
                1.1399918528866436e-12,
                0.9999999999934204,
                5.10908902735651e-12,
                1.0603575990056898e-13
            ],
            [
                1.1032560124362012e-09,
                1.2501528438287567e-09,
                1.0261879446534667e-10,
                1.5229979469900102e-08,
                0.9999999823139928
            ],
            [
                1.225606741900639e-11,
                2.2897348409575463e-11,
                5.109089017602968e-12,
                1.416608783742829e-09,
                0.9999999985431287
            ]
        ],
        [
            [
                0.9999999994094697,
                5.905303988074246e-10,
                0.0,
                0.0,
                0.0
            ],
            [
                0.9999999966012569,
                3.3982678024902374e-09,
                0.0,
                0.0,
                4.752193038991317e-13
            ],
            [
                8.25807328485087e-14,
                7.835041784395457e-13,
                0.9999999999945426,
                4.508755241909881e-12,
                8.25807328485087e-14
            ],
            [
                1.3887944770668141e-11,
                9.056077580266141e-11,
                1.5737103133160123e-11,
                1.27519067464906e-07,
                0.9999998723607467
            ],
            [
                4.5087552153831735e-12,
                3.775134521746248e-11,
                8.423463704191063e-12,
                4.944450472426435e-09,
                0.9999999950048659
            ]
        ],
        [
            [
                0.9999999998674514,
                1.317651425953176e-10,
                0.0,
                0.0,
                7.835041778782981e-13
            ],
            [
                0.9999999981806682,
                1.8189616822369707e-09,
                0.0,
                0.0,
                3.701011667776141e-13
            ],
            [
                1.2015425730316897e-13,
                6.10193667686647e-13,
                0.9999999999951972,
                3.978962535355447e-12,
                9.357622967707105e-14
            ],
            [
                2.734698419131517e-12,
                3.7751347203421433e-11,
                6.560200474105476e-12,
                5.043472051062245e-07,
                0.9999994956057486
            ],
            [
                9.056076956152713e-11,
                1.317651422132393e-10,
                2.0206839015428597e-11,
                2.9989608137569566e-09,
                0.9999999967585065
            ]
        ],
        [
            [
                0.9999999999616385,
                3.775134539969338e-11,
                0.0,
                0.0,
                6.101936670639246e-13
            ],
            [
                0.9999999936504163,
                6.348800064183219e-09,
                0.0,
                0.0,
                7.835041721063496e-13
            ],
            [
                1.0603575990330137e-13,
                1.2917800046405725e-12,
                0.9999999999900426,
                8.423463753520365e-12,
                1.3615261079363785e-13
            ],
            [
                1.388794354622281e-11,
                9.056076781827488e-11,
                1.7832472498874573e-11,
                2.2159489264785107e-08,
                0.9999999777182297
            ],
            [
                9.545034750680101e-12,
                7.991959748805688e-11,
                2.020683872575833e-11,
                1.725782767668668e-08,
                0.9999999826325009
            ]
        ],
        [
            [
                0.9999999998302718,
                1.69189791993121e-10,
                0.0,
                0.0,
                5.384940209211705e-13
            ],
            [
                0.9999999918475043,
                8.152020634925002e-09,
                0.0,
                0.0,
                4.752193016400566e-13
            ],
            [
                6.43139394084778e-14,
                5.384940217248129e-13,
                0.9999999999966123,
                2.734698291334954e-12,
                5.00877463737294e-14
            ],
            [
                7.991960281309854e-11,
                2.1724400406451016e-10,
                5.492788617867545e-11,
                1.4449803163256427e-07,
                0.9999998551498769
            ],
            [
                5.4927883379460056e-11,
                1.6918979186081755e-10,
                1.7832472865913393e-11,
                1.6052280513839187e-09,
                0.9999999981528218
            ]
        ],
        [
            [
                0.9999999988959605,
                1.1032560293545382e-09,
                0.0,
                0.0,
                7.835041763837166e-13
            ],
            [
                0.9999999748894706,
                2.51099908913436e-08,
                0.0,
                0.0,
                5.384940074906982e-13
            ],
            [
                1.3615261079195117e-13,
                1.006039279157598e-12,
                0.9999999999913181,
                7.433680671423243e-12,
                1.0603575990198778e-13
            ],
            [
                2.2897306579913304e-11,
                9.056060427179128e-11,
                1.3887918465557239e-11,
                2.2603252731059014e-06,
                0.999997739547381
            ],
            [
                4.508755206684085e-12,
                2.289734827560927e-11,
                7.433680613640004e-12,
                7.194132973505177e-09,
                0.9999999927710274
            ]
        ],
        [
            [
                0.9999999999449178,
                5.4927883481259655e-11,
                0.0,
                0.0,
                1.5428112023973591e-13
            ],
            [
                0.9999999865595903,
                1.3440409760299132e-08,
                0.0,
                0.0,
                0.0
            ],
            [
                1.981008797776159e-13,
                1.1399918528873579e-12,
                0.999999999994047,
                4.508755241673888e-12,
                1.0603575990063542e-13
            ],
            [
                2.7346934403542847e-12,
                3.775127847352177e-11,
                5.109079964758309e-12,
                1.3709566543614095e-06,
                0.9999986289977506
            ],
            [
                2.172439921037764e-10,
                2.172439921037764e-10,
                2.020683895961817e-11,
                5.602796401324398e-09,
                0.9999999939425088
            ]
        ],
        [
            [
                0.9999999998082829,
                1.9171715112756265e-10,
                0.0,
                0.0,
                0.0
            ],
            [
                0.9999999961486479,
                3.850741900932702e-09,
                0.0,
                0.0,
                6.101936643005428e-13
            ],
            [
                7.835041783673894e-13,
                6.224144621803175e-11,
                0.9999999998653064,
                7.052879849860476e-11,
                1.1399918528420394e-12
            ],
            [
                3.098819090130253e-12,
                3.7751344850824445e-11,
                3.978962473444426e-12,
                1.5229979505896285e-08,
                0.9999999847251912
            ],
            [
                7.433680618263388e-12,
                4.847368670999927e-11,
                1.2256067354922127e-11,
                6.3488000698486664e-09,
                0.9999999935830364
            ]
        ],
        [
            [
                0.9999999999191926,
                7.991959884526991e-11,
                0.0,
                0.0,
                8.878265469098172e-13
            ],
            [
                0.9999999468403189,
                5.315784962169764e-08,
                6.91439972679587e-13,
                0.0,
                1.1399917903691508e-12
            ],
            [
                6.431393940968809e-14,
                4.752193062414121e-13,
                0.9999999999953988,
                3.9789625355383005e-12,
                8.258073284935492e-14
            ],
            [
                3.160881442646066e-10,
                1.9171715066815385e-10,
                1.573710204877321e-11,
                2.646573629139933e-09,
                0.999999996829884
            ],
            [
                7.433680660435244e-12,
                2.5946094941170446e-11,
                6.5602001576371126e-12,
                1.1032560305749227e-09,
                0.999999998856804
            ]
        ],
        [
            [
                0.9999999995935247,
                4.0586521174434186e-10,
                0.0,
                0.0,
                6.101936664025849e-13
            ],
            [
                0.9999999970002555,
                2.9989608116128366e-09,
                0.0,
                0.0,
                7.835041750462077e-13
            ],
            [
                5.384940217415625e-13,
                1.0815941556605977e-11,
                0.9999999999799338,
                8.423463753939284e-12,
                2.882350793263249e-13
            ],
            [
                8.423464643939639e-12,
                7.991960736860513e-11,
                8.423464643939639e-12,
                8.764249144899575e-08,
                0.999999912260742
            ],
            [
                1.3887943831728876e-11,
                3.331544534193715e-11,
                5.789356314876182e-12,
                2.061153617506025e-09,
                0.9999999978858536
            ]
        ],
        [
            [
                0.9999999998965976,
                1.0261879621823609e-10,
                0.0,
                0.0,
                7.835041777522229e-13
            ],
            [
                0.9999999586001493,
                4.139937544622089e-08,
                4.752192862851099e-13,
                0.0,
                0.0
            ],
            [
                2.2447770547107219e-13,
                1.0060392791442714e-12,
                0.9999999999935543,
                5.109089027357194e-12,
                1.0603575990058318e-13
            ],
            [
                3.511422091725526e-12,
                3.331544521624529e-11,
                5.109088996561327e-12,
                5.6027964029911325e-09,
                0.9999999943552675
            ],
            [
                2.461696941424439e-10,
                1.9171715056658352e-10,
                2.5946094873244904e-11,
                2.9989608121985437e-09,
                0.9999999965372062
            ]
        ],
        [
            [
                0.9999999998831792,
                1.1628233010196586e-10,
                0.0,
                0.0,
                5.384940208480906e-13
            ],
            [
                0.999999990761859,
                9.237449563547879e-09,
                0.0,
                0.0,
                6.914400033269e-13
            ],
            [
                8.258073284279866e-14,
                5.384940216921945e-13,
                0.9999999999947875,
                4.508755241598123e-12,
                8.258073284279866e-14
            ],
            [
                1.5737101359101608e-11,
                1.1628232477695956e-10,
                1.2256066861742403e-11,
                4.691163798929918e-08,
                0.9999999529440866
            ],
            [
                1.7832472707235828e-11,
                1.0261879516085844e-10,
                9.545034815300953e-12,
                1.0467401676813085e-08,
                0.999999989402602
            ]
        ],
        [
            [
                0.9999999998506905,
                1.4930946753682358e-10,
                0.0,
                0.0,
                0.0
            ],
            [
                0.9999999991397772,
                8.592166594073156e-10,
                0.0,
                0.0,
                1.0060392763442973e-12
            ],
            [
                8.25807328441822e-14,
                6.914400105987619e-13,
                0.9999999999939968,
                5.109089027359455e-12,
                1.2015425730116443e-13
            ],
            [
                1.02618801271458e-10,
                4.0586523224275606e-10,
                7.991960278806037e-11,
                1.444980315872942e-07,
                0.9999998549135648
            ],
            [
                1.573710194873868e-11,
                1.0261879528591946e-10,
                2.2897348226386148e-11,
                9.237449569153981e-09,
                0.9999999906212972
            ]
        ],
        [
            [
                0.9999999998296702,
                1.691897921327833e-10,
                0.0,
                0.0,
                1.1399918521769812e-12
            ],
            [
                0.9999999397637152,
                6.023574634643355e-08,
                0.0,
                0.0,
                5.384940930036854e-13
            ],
            [
                1.5428112029472608e-13,
                1.4637785138938135e-12,
                0.9999999999907503,
                7.433680671173511e-12,
                1.9810087977348726e-13
            ],
            [
                5.7893562111770415e-12,
                6.224144496525742e-11,
                1.2256067195238488e-11,
                1.9555680690769927e-08,
                0.9999999803640325
            ],
            [
                6.560200106069568e-12,
                4.277787828485008e-11,
                1.2256067328110907e-11,
                8.152020637321338e-09,
                0.9999999917863852
            ]
        ],
        [
            [
                0.9999999999190743,
                7.991959879478259e-11,
                0.0,
                0.0,
                1.0060392775869801e-12
            ],
            [
                0.9999999966008444,
                3.3982678009394776e-09,
                0.0,
                0.0,
                8.878265429981583e-13
            ],
            [
                8.258073284427862e-14,
                6.914400105995691e-13,
                0.9999999999951643,
                3.97896253529371e-12,
                8.258073284427862e-14
            ],
            [
                3.3315444753719246e-11,
                1.3176514005918145e-10,
                1.2256067198376296e-11,
                1.9555680695776587e-08,
                0.9999999802669828
            ],
            [
                4.847368689100398e-11,
                1.1628232989032622e-10,
                2.0206839018647554e-11,
                2.9989608142346923e-09,
                0.9999999968160762
            ]
        ],
        [
            [
                0.9999999997525384,
                2.4616969467284766e-10,
                0.0,
                0.0,
                1.291780002116632e-12
            ],
            [
                0.9999991684708706,
                8.315279894603767e-07,
                1.1399919399139083e-12,
                0.0,
                0.0
            ],
            [
                2.0206802063544134e-11,
                2.6465687893713147e-09,
                0.9999977359047052,
                2.2603252651908e-06,
                1.1032540107554311e-09
            ],
            [
                4.3634622111587335e-09,
                8.592166536894628e-10,
                4.2777878280044565e-11,
                3.850741885892511e-09,
                0.9999999908838014
            ],
            [
                3.1608814428531817e-10,
                2.789468082755059e-10,
                2.5946094888691064e-11,
                2.3355930303311012e-09,
                0.9999999970434259
            ]
        ],
        [
            [
                0.9999999997532918,
                2.461696947256479e-10,
                0.0,
                0.0,
                5.384940207781471e-13
            ],
            [
                0.9999999976639875,
                2.3355930295942032e-09,
                0.0,
                0.0,
                4.1937956418507876e-13
            ],
            [
                1.073011041794001e-08,
                2.6255714515741827e-06,
                0.9046460524572492,
                0.09534899418251537,
                2.3170586735287562e-06
            ],
            [
                3.0988190242525775e-12,
                3.775134404827005e-11,
                5.789356114873942e-12,
                3.6534820787627454e-08,
                0.9999999634185397
            ],
            [
                5.492788328620995e-11,
                1.6918979157358702e-10,
                3.7751345289293934e-11,
                3.3982678056777076e-09,
                0.9999999963398631
            ]
        ],
        [
            [
                0.9999999999286877,
                7.052879844549251e-11,
                0.0,
                0.0,
                7.835041777773656e-13
            ],
            [
                0.9999999990257697,
                9.736200285814489e-10,
                0.0,
                0.0,
                6.101936660561444e-13
            ],
            [
                1.0603575990399876e-13,
                4.752193062267424e-13,
                0.9999999999966196,
                2.7346982913019986e-12,
                6.431393940770278e-14
            ],
            [
                7.052879646503959e-11,
                1.1628232692879076e-10,
                1.2256067088543743e-11,
                2.8453347264385603e-08,
                0.9999999713475854
            ],
            [
                4.2777878356517516e-11,
                1.317651416747112e-10,
                1.3887943756798756e-11,
                7.19413297429439e-09,
                0.9999999926174362
            ]
        ],
        [
            [
                0.9999999999082994,
                9.056076981061286e-11,
                0.0,
                0.0,
                1.1399918519603174e-12
            ],
            [
                0.9999996072130922,
                3.927863693277804e-07,
                0.0,
                0.0,
                5.384940420377353e-13
            ],
            [
                2.5436656470733383e-13,
                2.413362771545181e-12,
                0.9999999999832696,
                1.3887943863306506e-11,
                1.7482341280624066e-13
            ],
            [
                8.15202059318184e-09,
                6.69158599173326e-10,
                4.84736863414958e-11,
                5.602796354177101e-09,
                0.9999999855275508
            ],
            [
                5.78935630172331e-12,
                4.277787849013122e-11,
                7.433680637674076e-12,
                3.850741904803909e-09,
                0.9999999960932571
            ]
        ],
        [
            [
                0.9999999999086557,
                9.056076976016728e-11,
                0.0,
                0.0,
                7.835041773249514e-13
            ],
            [
                0.9999999992417439,
                7.582560418210798e-10,
                0.0,
                0.0,
                0.0
            ],
            [
                4.420228103273577e-14,
                4.1937956580307797e-13,
                0.9999999999967575,
                2.734698291364451e-12,
                4.420228103273577e-14
            ],
            [
                7.433680396454124e-12,
                4.277787710200625e-11,
                8.423463441835184e-12,
                3.6534820781235254e-08,
                0.9999999634065442
            ],
            [
                6.5601999751869285e-12,
                7.991959657872184e-11,
                1.5737101643959492e-11,
                2.8453347252885e-08,
                0.9999999714444359
            ]
        ],
        [
            [
                0.999999998582916,
                1.416608782628962e-09,
                0.0,
                0.0,
                4.752193049304898e-13
            ],
            [
                0.9999999970008644,
                2.9989608144837787e-09,
                0.0,
                0.0,
                1.7482341222238433e-13
            ],
            [
                1.0603575990361665e-13,
                1.0060392791730523e-12,
                0.999999999993016,
                5.789356328096123e-12,
                8.258073284650813e-14
            ],
            [
                5.789356212669058e-12,
                7.052879709720194e-11,
                9.54503473148741e-12,
                1.955568069580976e-08,
                0.9999999803584563
            ],
            [
                7.433680579877895e-12,
                4.277787815753717e-11,
                7.433680579877895e-12,
                1.1861120003792605e-08,
                0.9999999880812348
            ]
        ],
        [
            [
                0.9999999973534264,
                2.6465736303418834e-09,
                0.0,
                0.0,
                0.0
            ],
            [
                0.9999999943966651,
                5.602796397149158e-09,
                0.0,
                0.0,
                5.384940178936356e-13
            ],
            [
                6.431393940765599e-14,
                4.752193062263967e-13,
                0.9999999999958922,
                3.5114221130017497e-12,
                5.675685232026976e-14
            ],
            [
                1.081594138770207e-11,
                7.052879740529746e-11,
                9.545034773183606e-12,
                1.5229979505921108e-08,
                0.9999999846791308
            ],
            [
                3.16088141609437e-10,
                4.0586520774011116e-10,
                4.2777878172447696e-11,
                1.0467401668179643e-08,
                0.9999999887678671
            ]
        ],
        [
            [
                0.9999999997206337,
                2.78946808860238e-10,
                0.0,
                0.0,
                4.193795651965054e-13
            ],
            [
                0.9999998144599525,
                1.855391596716296e-07,
                8.87826659865716e-13,
                0.0,
                0.0
            ],
            [
                7.287724094938124e-14,
                5.38494021710264e-13,
                0.9999999999953162,
                3.97896253535592e-12,
                9.35762296770822e-14
            ],
            [
                3.850741895181525e-09,
                2.7894680728856276e-10,
                2.9400777182222324e-11,
                2.6465736199494926e-09,
                0.9999999931943369
            ],
            [
                1.7832472827238977e-11,
                6.224144594668321e-11,
                1.573710203546236e-11,
                3.85074190529648e-09,
                0.9999999960534471
            ]
        ],
        [
            [
                0.999999999849907,
                1.49309467385793e-10,
                0.0,
                0.0,
                7.835041772789215e-13
            ],
            [
                0.9999999983940806,
                1.6052280500309879e-09,
                0.0,
                0.0,
                6.914400084737046e-13
            ],
            [
                1.2256067405992627e-11,
                2.6465736306803272e-09,
                0.9999999969813369,
                3.5817479191467254e-10,
                1.6586783537570291e-12
            ],
            [
                2.2897348326008016e-11,
                1.1628232963974255e-10,
                2.2897348326008016e-11,
                4.944450473769825e-09,
                0.9999999948934726
            ],
            [
                9.54503489572314e-12,
                2.9400777309316984e-11,
                6.56020014951622e-12,
                2.335593032163907e-09,
                0.9999999976189009
            ]
        ],
        [
            [
                0.9999999973528879,
                2.6465736285947183e-09,
                0.0,
                0.0,
                5.384940196767497e-13
            ],
            [
                0.9999999634640033,
                3.6534820750618765e-08,
                2.8823506840516653e-13,
                0.0,
                8.878265141506352e-13
            ],
            [
                7.287724094697512e-14,
                5.38494021692485e-13,
                0.9999999999953271,
                3.9789625352245494e-12,
                8.258073284284322e-14
            ],
            [
                1.7832475135479565e-11,
                1.6918981339386184e-10,
                2.0206841614121314e-11,
                6.825604228874668e-08,
                0.9999999315367286
            ],
            [
                8.423463708784124e-12,
                6.224144589151232e-11,
                1.5737102021512974e-11,
                4.363462229278533e-09,
                0.9999999955501357
            ]
        ],
        [
            [
                0.9999999991398956,
                8.592166597991563e-10,
                0.0,
                0.0,
                8.878265456571783e-13
            ],
            [
                0.999999999330422,
                6.691586079429711e-10,
                0.0,
                0.0,
                4.1937956509446413e-13
            ],
            [
                9.357622967831118e-14,
                5.384940217173363e-13,
                0.9999999999947862,
                4.508755241808634e-12,
                7.287724095033838e-14
            ],
            [
                1.2256067131792192e-11,
                1.0261879370210197e-10,
                1.0815941281675477e-11,
                2.5109990917590743e-08,
                0.9999999747643182
            ],
            [
                6.22414452355389e-11,
                2.7894680483415994e-10,
                3.331544488986106e-11,
                1.522997950160167e-08,
                0.9999999843955167
            ]
        ],
        [
            [
                0.9999999999199443,
                7.991959889070472e-11,
                0.0,
                0.0,
                1.3615261074280597e-13
            ],
            [
                0.9994472213888131,
                0.0005527785835973188,
                2.593174997355729e-11,
                1.6577613131566131e-12,
                0.0
            ],
            [
                2.244777054746005e-13,
                8.423463753436833e-12,
                0.9999999999202849,
                7.052879850248232e-11,
                5.384940217094419e-13
            ],
            [
                1.2256067382910865e-11,
                7.991959853053942e-11,
                1.573710202829516e-11,
                4.363462231159045e-09,
                0.999999995528625
            ],
            [
                7.582560386146528e-10,
                4.5990553533203333e-10,
                3.3315445238159853e-11,
                3.850741901557407e-09,
                0.9999999948977811
            ]
        ],
        [
            [
                0.9999999997536322,
                2.461696949755195e-10,
                0.0,
                0.0,
                1.9810087963910772e-13
            ],
            [
                0.9999998555009069,
                1.4449803152709035e-07,
                3.701011855735652e-13,
                0.0,
                6.914400437886859e-13
            ],
            [
                1.9517896520408076e-08,
                2.694362504719541e-07,
                0.7772963477741549,
                0.2226991485796157,
                4.2146920823886995e-06
            ],
            [
                1.3887943743677486e-11,
                3.775134511309999e-11,
                8.423463680904645e-12,
                8.152020643276739e-09,
                0.9999999917879167
            ],
            [
                5.492788331533795e-11,
                1.4930946709180193e-10,
                1.5737102051221123e-11,
                2.646573629551609e-09,
                0.9999999971334519
            ]
        ],
        [
            [
                0.9999999997531388,
                2.4616969477204254e-10,
                0.0,
                0.0,
                6.914400095438306e-13
            ],
            [
                0.9999997617625406,
                2.3823698431292133e-07,
                4.752193413101037e-13,
                0.0,
                0.0
            ],
            [
                1.7482341280986985e-13,
                1.1399918529319636e-12,
                0.9999999999919706,
                6.560200167507008e-12,
                1.542811203039782e-13
            ],
            [
                1.9171714793035154e-10,
                2.1724398960366177e-10,
                2.5946094516469705e-11,
                1.725782767780802e-08,
                0.9999999823072651
            ],
            [
                1.388794373045464e-11,
                7.991959815549127e-11,
                2.2897348234687054e-11,
                8.152020635515121e-09,
                0.9999999917312744
            ]
        ],
        [
            [
                0.9999999994087783,
                5.905303988070163e-10,
                0.0,
                0.0,
                6.914400094208202e-13
            ],
            [
                0.9999999996412867,
                3.581747925511099e-10,
                0.0,
                0.0,
                5.3849402105795e-13
            ],
            [
                1.361526107963773e-13,
                1.4637785139905744e-12,
                0.999999999987464,
                1.0815941556285698e-11,
                1.2015425730660894e-13
            ],
            [
                2.0206840588166557e-11,
                1.3176515246877904e-10,
                1.7832474230077668e-11,
                2.3823698441082259e-07,
                0.9999997615932111
            ],
            [
                7.991959851742511e-11,
                1.6918979138906722e-10,
                2.289734833838283e-11,
                4.3634622304430275e-09,
                0.9999999953645311
            ]
        ],
        [
            [
                0.999999999641215,
                3.581747923924168e-10,
                0.0,
                0.0,
                6.101936666771983e-13
            ],
            [
                0.9999999994090996,
                5.90530398807206e-10,
                0.0,
                0.0,
                3.701011671778912e-13
            ],
            [
                1.7832472280981842e-11,
                2.6465735458296455e-09,
                0.9999999649619628,
                3.2241866238627236e-08,
                1.3176513806680065e-10
            ],
            [
                1.2256067041825676e-11,
                9.056076692430495e-11,
                1.7832472322841456e-11,
                3.224186631431119e-08,
                0.9999999676374844
            ],
            [
                1.0815941491930885e-11,
                6.224144585298687e-11,
                8.423463703570271e-12,
                5.602796403682639e-09,
                0.9999999943157227
            ]
        ],
        [
            [
                0.9999999997530467,
                2.4616969472558756e-10,
                0.0,
                0.0,
                7.835041770552472e-13
            ],
            [
                0.9999999995394844,
                4.5990553714604444e-10,
                0.0,
                0.0,
                6.101936668063289e-13
            ],
            [
                1.3615261079026314e-13,
                8.878265477240119e-13,
                0.9999999999944027,
                4.508755241675492e-12,
                6.431393940568569e-14
            ],
            [
                3.3315445324513735e-11,
                5.4927883349372925e-11,
                8.423463729905183e-12,
                2.061153616428076e-09,
                0.9999999978421796
            ],
            [
                2.7894680722147247e-10,
                4.5990553445992983e-10,
                3.7751345163266777e-11,
                6.348800069034938e-09,
                0.9999999928745962
            ]
        ],
        [
            [
                0.9999999998965976,
                1.0261879624580837e-10,
                0.0,
                0.0,
                7.835041779627398e-13
            ],
            [
                0.9999999985826997,
                1.4166087820586791e-09,
                0.0,
                0.0,
                6.914400084563393e-13
            ],
            [
                1.0060392791341671e-12,
                2.2897348453060894e-11,
                0.9999999998850608,
                9.056076988330263e-11,
                4.752193062066618e-13
            ],
            [
                4.508729697973523e-12,
                4.277763633191734e-11,
                5.7893235291728465e-12,
                4.785094845499759e-06,
                0.9999952148520788
            ],
            [
                6.5602000867936305e-12,
                6.224144545715424e-11,
                1.2256067292098715e-11,
                1.1861120004241231e-08,
                0.9999999880578222
            ]
        ],
        [
            [
                0.9999999996412867,
                3.5817479250467756e-10,
                0.0,
                0.0,
                5.384940209881419e-13
            ],
            [
                0.9999999981802548,
                1.8189616813231508e-09,
                0.0,
                0.0,
                7.835041758229581e-13
            ],
            [
                7.988515973877215e-11,
                5.600382063867649e-09,
                0.9995693495843325,
                0.0004305571306852378,
                8.760471503589164e-08
            ],
            [
                1.0261879397652382e-10,
                1.917171470032107e-10,
                3.7751344581770955e-11,
                2.215948926795977e-08,
                0.9999999775084235
            ],
            [
                6.5602001281392275e-12,
                2.2897348316791024e-11,
                7.433680627009761e-12,
