{
    "[['A', 'B', 'C', 'D', 'E'], ['A', 'B', 'C', 'D', 'E']]": [
        [
            [
                0.9999999995100024,
                4.5990553607699684e-10,
                0.0,
                6.91440008005518e-13,
                2.94007772785267e-11
            ],
            [
                6.691534930003269e-10,
                4.13990606641616e-08,
                3.726621125539554e-06,
                0.9999914462344167,
                4.785076243558266e-06
            ],
            [
                1.0834121734354085e-09,
                5.9152300392961324e-08,
                0.01798620225456638,
                0.9820131762883209,
                5.612214002413437e-07
            ],
            [
                4.0586212417708856e-10,
                3.224162202496788e-08,
                2.3823492666436652e-07,
                0.9999918398603203,
                7.889257268836416e-06
            ],
            [
                0.9999999999423375,
                5.492788340646784e-11,
                0.0,
                0.0,
                2.7346982864598736e-12
            ]
        ],
        [
            [
                0.9999999997998594,
                1.9171715109778505e-10,
                0.0,
                0.0,
                8.423463742252152e-12
            ],
            [
                6.020598920668536e-08,
                2.7522849672961206e-05,
                0.00043053001113063904,
                0.9995065468946873,
                3.534003851975808e-05
            ],
            [
                4.752193061852423e-13,
                5.789356327611409e-12,
                0.9999999998616003,
                1.3176514267548083e-10,
                3.7010116778771644e-13
            ],
            [
                7.577181980924846e-10,
                9.230897372176811e-09,
                3.2218997634030354e-08,
                0.9992902874814552,
                0.0007096703109316731
            ],
            [
                0.9999999999670879,
                2.940077735512162e-11,
                0.0,
                0.0,
                3.511422108871129e-12
            ]
        ],
        [
            [
                0.9999999997498512,
                2.4616969461256584e-10,
                0.0,
                0.0,
                3.978962526640654e-12
            ],
            [
                1.7229182286206947e-08,
                0.00012320496020691885,
                0.0015009443993553922,
                0.9983405345991592,
                3.529881209625109e-05
            ],
            [
                1.879528815279484e-12,
                2.940077737314128e-11,
                0.9999999994461146,
                5.21141248439602e-10,
                1.4637785131449319e-12
            ],
            [
                2.1724234409628773e-10,
                1.5229864112031302e-08,
                2.3823493075207094e-07,
                0.9999918570605586,
                7.889257404202594e-06
            ],
            [
                9.056077654808513e-11,
                6.22414508004838e-11,
                6.560200649976424e-12,
                2.3823698424781337e-07,
                0.9999997616036533
            ]
        ],
        [
            [
                0.999999999671656,
                3.160881439483449e-10,
                0.0,
                0.0,
                1.225606738659639e-11
            ],
            [
                9.736014739807339e-10,
                5.043385306124953e-07,
                1.3007062137833933e-05,
                0.9999817025949795,
                4.785030750548574e-06
            ],
            [
                1.3173073832185553e-10,
                8.149892190906685e-09,
                0.00026119034170030245,
                0.9997387482327039,
                5.3143972827093375e-08
            ],
            [
                1.3176440148573953e-10,
                6.3487644022945995e-09,
                1.4449707396652804e-07,
                0.9999937048504663,
                6.144171930899877e-06
            ],
            [
                0.9999999999862803,
                1.225606742656928e-11,
                0.0,
                0.0,
                1.4637785120322247e-12
            ]
        ],
        [
            [
                0.9999999999049305,
                9.056076974274842e-11,
                0.0,
                0.0,
                4.5087552346286e-12
            ],
            [
                0.9399133254015974,
                0.06008665296663657,
                1.4314858429030698e-08,
                6.7618603290968884e-09,
                5.55047295808914e-10
            ],
            [
                1.9373054471781217e-09,
                9.334460385908572e-08,
                0.06008662475755083,
                0.93991291077547,
                3.691850699333122e-07
            ],
            [
                1.0261116964312136e-10,
                4.363137958517516e-09,
                1.7256545378623834e-08,
                0.9999251320822176,
                7.484619548798388e-05
            ],
            [
                0.9999999997126297,
                2.789468084683456e-10,
                0.0,
                0.0,
                8.423463729750675e-12
            ]
        ],
        [
            [
                0.9999999999172153,
                7.05287981101244e-11,
                0.0,
                0.0,
                1.2256067374416618e-11
            ],
            [
                1.7409051297777205e-06,
                0.0024513757845970913,
                0.9889557736887657,
                0.008556142607243428,
                3.496701426391722e-05
            ],
            [
                5.7893457397539574e-12,
                4.5990469667862213e-10,
                0.9999977391605596,
                2.2603252727433167e-06,
                4.8473598402286196e-11
            ],
            [
                7.582286108712255e-10,
                1.7257203640339592e-08,
                4.139787945576971e-08,
                0.9999645843312708,
                3.535625541753811e-05
            ],
            [
                4.891944673848966e-10,
                2.815119791100324e-09,
                8.065453238862992e-10,
                0.2689414087872564,
                0.731058587101884
            ]
        ],
        [
            [
                0.9999999999135201,
                7.991959880941308e-11,
                0.0,
                0.0,
                6.5602001582932154e-12
            ],
            [
                2.5093906138525826e-08,
                7.480387992971401e-05,
                0.0005527300652183294,
                0.9993594419957451,
                1.299896520078001e-05
            ],
            [
                1.361526107901841e-13,
                2.7346982912146426e-12,
                0.9999999999419769,
                5.492788350196993e-11,
                2.2447770547113234e-13
            ],
            [
                1.2368773108448363e-10,
                3.6146853534700233e-09,
                1.3297684278451495e-09,
                0.7310585869957354,
                0.26894140793612314
            ],
            [
                8.51192619672581e-11,
                1.331489281207597e-09,
                4.3227128040524195e-10,
                0.06008665446996209,
                0.9399133436811581
            ]
        ],
        [
            [
                0.9999999997743325,
                2.1724399280737056e-10,
                0.0,
                0.0,
                8.423463727306107e-12
            ],
            [
                4.6414546409633414e-05,
                0.138359754214542,
                0.06535651666220356,
                0.7962054143567175,
                3.190022012728706e-05
            ],
            [
                3.511422284511263e-12,
                2.7894682288180963e-10,
                0.9999998551861945,
                1.4449803165326594e-07,
                3.331544704534543e-11
            ],
            [
                3.772456919283898e-11,
                1.2492661587678233e-09,
                9.72929462712987e-10,
                0.9992903274016671,
                0.0007096703384127134
            ],
            [
                1.317651565681311e-10,
                7.052880593368628e-11,
                5.109089565752107e-12,
                8.764249141807276e-08,
                0.9999999121501055
            ]
        ],
        [
            [
                0.9999999997753224,
                2.1724399306393335e-10,
                0.0,
                0.0,
                7.433680657160427e-12
            ],
            [
                2.489306901951286e-08,
                3.260351744961398e-06,
                0.008576962310987639,
                0.9913619613267337,
                5.779111746458832e-05
            ],
            [
                1.5428112030123503e-13,
                2.734698291273637e-12,
                0.9999999999541584,
                4.277787868471191e-11,
                1.7482341280676143e-13
            ],
            [
                3.775113388882109e-11,
                1.103249849830303e-09,
                9.237397896420925e-09,
                0.9999938454495387,
                6.144172062364082e-06
            ],
            [
                0.9999999998946465,
                1.02618796119548e-10,
                0.0,
                0.0,
                2.7346982863294533e-12
            ]
        ],
        [
            [
                0.9999999998928724,
                1.0261879614129904e-10,
                0.0,
                0.0,
                4.508755234574233e-12
            ],
            [
                1.954676795746903e-08,
                1.669410437387282e-05,
                0.0004305464211146985,
                0.9995448541912092,
                7.885736534184999e-06
            ],
            [
                1.6733098569819632e-10,
                1.7068224563877588e-08,
                0.9890130363112574,
                0.010986942137663994,
                4.3155229998354545e-09
            ],
            [
                3.581741351339339e-10,
                3.9278563307930754e-07,
                5.043467361836161e-07,
                0.9999977315528884,
                1.370956568210552e-06
            ],
            [
                1.162814490657473e-10,
                2.1724234714144327e-10,
                2.5945898352331684e-11,
                7.889265038574699e-06,
                0.9999921103754917
            ]
        ],
        [
            [
                0.9999999998658216,
                1.3176514244359887e-10,
                0.0,
                0.0,
                2.4133627671195785e-12
            ],
            [
                1.8188785084926232e-09,
                1.2751322784640396e-07,
                3.927683928724173e-07,
                0.9999540800458258,
                4.539785367505171e-05
            ],
            [
                1.9154243684660413e-10,
                1.1850310946176342e-08,
                0.9990889351536771,
                0.0009110513891515716,
                1.4153178111854394e-09
            ],
            [
                8.95658240657918e-11,
                1.2364180628524564e-09,
                5.15415730847664e-10,
                0.9890130558158637,
                0.010986942342736613
            ],
            [
                2.5941988660588657e-11,
                2.789026621630319e-10,
                7.990695056678569e-11,
                0.00015843625043566572,
                0.9998415633648127
            ]
        ],
        [
            [
                0.9999999997998594,
                1.917171510658726e-10,
                0.0,
                0.0,
                8.423463740850017e-12
            ],
            [
                8.145834501644019e-09,
                4.536547773670621e-05,
                0.0007096354684856292,
                0.9992412670827655,
                3.7238251775900406e-06
            ],
            [
                1.0060394060435561e-12,
                4.847369317035292e-11,
                0.9999996940342734,
                3.0590235904530233e-07,
                1.3887945614835148e-11
            ],
            [
                3.1743984045138415e-09,
                3.0117853501385306e-08,
                9.777835450762051e-09,
                0.49999997852596606,
                0.49999997840394644
            ],
            [
                5.4863595987783e-11,
                6.683754267836416e-10,
                1.914927658769901e-10,
                0.001169510355891284,
                0.998830488729377
            ]
        ],
        [
            [
                0.9999999997507314,
                2.461696946127825e-10,
                0.0,
                0.0,
                3.0988191315622445e-12
            ],
            [
                9.819407178439414e-08,
                0.0002583180349636056,
                0.010983962346782557,
                0.9887447605265147,
                1.28608976673853e-05
            ],
            [
                7.98467663684772e-11,
                1.7242100534024404e-08,
                0.9990889263546412,
                0.0009110513834668703,
                4.939944510943637e-09
            ],
            [
                1.2497309993450726e-09,
                8.761290703152459e-08,
                1.0673447286899926e-06,
                0.9996634940475737,
                0.0003353497450595639
            ],
            [
                0.9999999998479558,
                1.4930946735733903e-10,
                0.0,
                0.0,
                2.7346982867862654e-12
            ]
        ],
        [
            [
                0.9999999996799329,
                3.160881446786936e-10,
                0.0,
                0.0,
                3.978962526362451e-12
            ],
            [
                0.8807969692448551,
                0.11920289274221846,
                8.747364690793601e-08,
                4.131962504558646e-08,
                9.219654553694778e-09
            ],
            [
                5.457338295515657e-10,
                2.6294928456529032e-08,
                0.07585816072937121,
                0.9241416611131008,
                1.513168656613212e-07
            ],
            [
                4.31196847693253e-09,
                1.5050248806258917e-08,
                8.055817675604377e-09,
                0.3208212790818634,
                0.6791786935001016
            ],
            [
                0.9999999996788029,
                3.160881441126688e-10,
                0.0,
                0.0,
                5.109089006748517e-12
            ]
        ],
        [
            [
                0.9999999999760967,
                2.2897348436234424e-11,
                0.0,
                0.0,
                1.0060392783948635e-12
            ],
            [
                1.2496092784735303e-09,
                1.3703642767345267e-06,
                0.00043055545163426173,
                0.9995658135857481,
                2.2593487316598107e-06
            ],
            [
                1.7482341222599383e-13,
                9.545034890021034e-12,
                0.9999999965910062,
                3.398267807810486e-09,
                1.006039275824157e-12
            ],
            [
                3.0777185928286786e-09,
                1.5629944692904252e-08,
                7.383063094119899e-09,
                0.3775406659783766,
                0.622459307930897
            ],
            [
                0.9999999999059279,
                9.056076974283875e-11,
                0.0,
                0.0,
                3.511422107409552e-12
            ]
        ],
        [
            [
                0.9999999997165443,
                2.7894680846957014e-10,
                0.0,
                0.0,
                4.50875522908404e-12
            ],
            [
                1.1032455067531053e-09,
                1.0676928053959464e-06,
                7.889242035495294e-06,
                0.9999896710172143,
                1.3709446993430339e-06
            ],
            [
                1.685145306328494e-09,
                1.120860300968376e-06,
                0.18242531939188533,
                0.81757352421562,
                3.3847048271197365e-08
            ],
            [
                1.3176037976034689e-10,
                3.850602729239662e-09,
                2.5109083901621302e-08,
                0.9999646146520588,
                3.535625649418909e-05
            ],
            [
                0.9999999998813043,
                1.1628232993968133e-10,
                0.0,
                0.0,
                2.4133627643091774e-12
            ]
        ],
        [
            [
                0.9999999996360358,
                3.5817479182380313e-10,
                0.0,
                0.0,
                5.78935630926148e-12
            ],
            [
                3.1976627311540803e-06,
                0.015715773152861903,
                0.3156597550063534,
                0.6682516746191138,
                0.00036959955893969723
            ],
            [
                1.1399918525488891e-12,
                1.3887943858928006e-11,
                0.9999999996679962,
                3.160881452939902e-10,
                8.878265474600964e-13
            ],
            [
                7.58211206829874e-10,
                2.8451665632797997e-08,
                4.6908866315641875e-08,
                0.9999416326089201,
                5.8291272336622994e-05
            ],
            [
                1.6918206282231528e-10,
                3.58158429805408e-10,
                3.774962077178492e-11,
                4.53978556657442e-05,
                0.9999546015792441
            ]
        ],
        [
            [
                0.9999999997183184,
                2.7894680855681205e-10,
                0.0,
                0.0,
                2.734698284434418e-12
            ],
            [
                3.652674137006496e-08,
                2.7530358841508932e-05,
                0.00015842627666074532,
                0.9997786571572733,
                3.534968048303155e-05
            ],
            [
                3.7010116781378066e-13,
                5.109089027435403e-12,
                0.9999999999393385,
                5.492788350279603e-11,
                2.5436656470642986e-13
            ],
            [
                1.691736609601078e-10,
                9.236568922756242e-09,
                1.7256182550483448e-08,
                0.9999038709413729,
                9.610239670192861e-05
            ],
            [
                0.9999999997792446,
                2.1724399311121778e-10,
                0.0,
                0.0,
                3.5114221069647133e-12
            ]
        ],
        [
            [
                0.9999999999116569,
                7.991959877710829e-11,
                0.0,
                0.0,
                8.423463738402535e-12
            ],
            [
                3.581734781305787e-10,
                1.7257764632639153e-08,
                1.3709553608918378e-06,
                0.9999968510871725,
                1.760341528529435e-06
            ],
            [
                5.384940216931305e-13,
                6.560200167151488e-12,
                0.9999999999498352,
                4.277787868315423e-11,
                2.8823507930040116e-13
            ],
            [
                1.1625861103725059e-10,
                1.818590655822727e-09,
                4.943441933128337e-09,
                0.9997965660621647,
                0.00020342705954415964
            ],
            [
                0.9999999998934022,
                1.0261879616070927e-10,
                0.0,
                0.0,
                3.978962529776458e-12
            ]
        ],
        [
            [
                0.9999999999498677,
                4.847368697210068e-11,
                0.0,
                0.0,
                1.6586783558140056e-12
            ],
            [
                1.6052159271293466e-09,
                1.4449707068117065e-07,
                5.043443330258898e-07,
                0.9999932053815892,
                6.144171791202926e-06
            ],
            [
                4.752193062294121e-13,
                3.978962535437826e-12,
                0.9999999999618603,
                3.3315445418319875e-11,
                3.70101167822116e-13
            ],
            [
                3.7694649925694014e-11,
                9.721578346432447e-10,
                1.2482753687140448e-09,
                0.99849881571982,
                0.0015011820220520754
            ],
            [
                9.226637978899532e-09,
                1.1847237675483412e-08,
                6.683754134344791e-10,
                0.0011695103219176042,
                0.9988304679358313
            ]
        ],
        [
            [
                0.9999999997480409,
                2.461696946121202e-10,
                0.0,
                0.0,
                5.789356315339217e-12
            ],
            [
                2.7894681547684195e-10,
                6.825603527797939e-08,
                3.927859886741139e-07,
                0.9999992327769937,
                3.0590203555887586e-07
            ],
            [
                7.938467546987217e-11,
                5.565295407823385e-09,
                0.9933071312683042,
                0.006692851305285378,
                1.1781730470816548e-08
            ],
            [
                7.052557569485124e-11,
                2.335486313781965e-09,
                9.237027556338632e-09,
                0.9999545905017496,
                4.539785521087757e-05
            ],
            [
                0.9999999996773516,
                3.1608814467787767e-10,
                0.0,
                0.0,
                6.56020015251556e-12
            ]
        ],
        [
            [
                0.9999999998272988,
                1.6918979183713527e-10,
                0.0,
                0.0,
                3.511422104568832e-12
            ],
            [
                3.581673177198811e-10,
                4.6910661146151654e-08,
                1.3007026184484088e-05,
                0.9999790565448146,
                7.889160172574631e-06
            ],
            [
                9.671033164097444e-10,
                1.4353085836694886e-07,
                0.006692848009609595,
                0.9933068808268908,
                1.2666553793414062e-07
            ],
            [
                2.605704979318803e-10,
                4.07600837902802e-09,
                3.174398517392629e-09,
                0.4999999963055211,
                0.4999999961835015
            ],
            [
                3.5671714616323766e-10,
                9.696577363152983e-10,
                3.1480177658787367e-10,
                0.004070137771151734,
                0.9959298605876716
            ]
        ],
        [
            [
                0.9999999998479558,
                1.493094673254266e-10,
                0.0,
                0.0,
                2.734698286201768e-12
            ],
            [
                9.232113312371564e-09,
                2.1433019594565333e-05,
                0.0005527645972169369,
                0.9994220686507402,
                3.724500334998279e-06
            ],
            [
                1.0259199165918675e-10,
                9.235036783567053e-09,
                0.0002611903149670707,
                0.9997384076636479,
                3.926837563476507e-07
            ],
            [
                1.4720956612590358e-10,
                2.956783175868273e-09,
                2.609351994317994e-09,
                0.9859363670901599,
                0.014063627196495464
            ],
            [
                2.7806181806612975e-10,
                1.600135282338369e-09,
                7.558503872374456e-10,
                0.0031726830717456016,
                0.9968273142942069
            ]
        ],
        [
            [
                0.9999999999067046,
                9.056076970162011e-11,
                0.0,
                0.0,
                2.7346982857001066e-12
            ],
            [
                0.9999962733574668,
                3.726639113744076e-06,
                1.0060354841255303e-12,
                0.0,
                2.413353667722963e-12
            ],
            [
                1.748234128131171e-13,
                1.879528816388692e-12,
                0.9999999999749123,
                2.2897348454623386e-11,
                1.3615261079807104e-13
            ],
            [
                1.9104267343471804e-09,
                8.561938615005398e-09,
                5.193078276578296e-09,
                0.43782349235453527,
                0.5621764919800211
            ],
            [
                0.9999999998185543,
                1.6918979188208811e-10,
                0.0,
                0.0,
                1.2256067416614034e-11
            ]
        ],
        [
            [
                0.9999999997503188,
                2.461696948123248e-10,
                0.0,
                0.0,
                3.5114221081099614e-12
            ],
            [
                9.235424186494947e-09,
                1.7599620032826805e-06,
                0.00015842673073342646,
                0.9997815221346702,
                5.82819371688315e-05
            ],
            [
                9.054229653142469e-11,
                1.0465266564033188e-08,
                0.9997965574429647,
                0.00020342705778454012,
                4.94344189036816e-09
            ],
            [
                6.223373214403618e-11,
                2.0608981670259558e-09,
                6.348013257977636e-09,
                0.9998765969022635,
                0.00012339462659133357
            ],
            [
                0.9999999997930589,
                1.691897918313422e-10,
                0.0,
                0.0,
                3.775134534680689e-11
            ]
        ],
        [
            [
                0.9999999992398643,
                7.582560409976393e-10,
                0.0,
                0.0,
                1.879528812093314e-12
            ],
            [
                1.605225081137366e-09,
                1.1253496622238051e-07,
                5.04346728149706e-07,
                0.9999985499859021,
                8.315271785084354e-07
            ],
            [
                3.7749620651080483e-11,
                4.363262894127886e-09,
                0.9999545972223495,
                4.539785552058452e-05,
                5.21117438773731e-10
            ],
            [
                6.224120805746613e-11,
                2.9989493491063998e-09,
                4.139921876999692e-08,
                0.9999970532275201,
                2.902312070560534e-06
            ],
            [
                0.9999999999269424,
                6.224144598485487e-11,
                0.0,
                0.0,
                1.0815941514846108e-11
            ]
        ],
        [
            [
                0.9999999998779283,
                1.1628232993928877e-10,
                0.0,
                0.0,
                5.7893563106618825e-12
            ],
            [
                2.6675220644723677e-07,
                3.4937644356544305e-05,
                0.6791278924876827,
                0.32079731357809793,
                3.958953765641711e-05
            ],
            [
                4.1937956578852733e-13,
                3.978962535368288e-12,
                0.9999999999620619,
                3.3315445417737637e-11,
                2.24477705475641e-13
            ],
            [
                3.1608273750852286e-10,
                1.046722270893544e-08,
                1.1253324936536277e-07,
                0.9999831752684027,
                1.6701415042391516e-05
            ],
            [
                0.9999999998655003,
                1.3176514247171918e-10,
                0.0,
                0.0,
                2.7346982868342443e-12
            ]
        ],
        [
            [
                0.9999999999713696,
                2.020683904799424e-11,
                0.0,
                0.0,
                8.423463736865426e-12
            ],
            [
                2.997885929427439e-09,
                1.7597153641990507e-06,
                0.00033534239050473215,
                0.9996414571744482,
                2.143772179691205e-05
            ],
            [
                1.0060392467209205e-12,
                7.052879622832138e-11,
                0.9999999676663919,
                3.224186632899728e-08,
                2.0206838436188956e-11
            ],
            [
                1.8188958019882755e-09,
                1.8553241575128513e-07,
                3.9277212722766025e-07,
                0.9999640636564134,
                3.535622014783756e-05
            ],
            [
                0.9999999998797386,
                1.1628233004854967e-10,
                0.0,
                0.0,
                3.978962527157471e-12
            ]
        ],
        [
            [
                0.9999999998892324,
                9.056076937930391e-11,
                0.0,
                0.0,
                2.0206838974769102e-11
            ],
            [
                4.556110431160679e-07,
                0.002537372030932863,
                0.6208746003819737,
                0.37657949607707647,
                8.075898973653849e-06
            ],
            [
                2.584253877058937e-10,
                2.326271205650969e-08,
                0.18242550453970366,
                0.8175743538012464,
                1.1813791242925656e-07
            ],
            [
                1.3176489689915135e-10,
                1.1861098024970628e-08,
                1.4449789286038005e-07,
                0.9999987758062077,
                1.0677030365226189e-06
            ],
            [
                4.277780044184855e-11,
                1.1628211760252424e-10,
                2.0206802128559056e-11,
                2.2603252724633448e-06,
                0.9999977394954608
            ]
        ],
        [
            [
                0.9999999985782821,
                1.416608779815162e-09,
                0.0,
                0.0,
                5.109089003437589e-12
            ],
            [
                3.223916271526338e-08,
                2.1443588886203467e-05,
                5.828971800631322e-05,
                0.9999154497425224,
                4.78471142233567e-06
            ],
            [
                3.965397578346869e-10,
                5.193645899682119e-08,
                0.9770225512547369,
                0.022977368612681133,
                2.779958323485647e-08
            ],
            [
                4.847304050999772e-11,
                5.60272170620547e-09,
                4.139882499384867e-08,
                0.9999869458258204,
                1.3007124159869214e-05
            ],
            [
                0.9999999997159441,
                2.7894680870026244e-10,
                0.0,
                0.0,
                5.109089017318822e-12
            ]
        ],
        [
            [
                0.9999999995883455,
                4.0586521070951554e-10,
                0.0,
                0.0,
                5.7893563010858e-12
            ],
            [
                3.850573155457823e-09,
                2.1444468423981038e-05,
                2.1444468423981038e-05,
                0.9999564596457436,
                6.475668352867575e-07
            ],
            [
                6.560199817470726e-12,
                2.1724398189487393e-10,
                0.9999999466060903,
                5.315784970263001e-08,
                1.2256066788937287e-11
            ],
            [
                3.1608696437784604e-10,
                1.725776350462276e-08,
                1.8553844300038656e-07,
                0.9999960702484589,
                3.7266392475550147e-06
            ],
            [
                0.9999999999598352,
                3.7751345372606454e-11,
                0.0,
                0.0,
                2.4133627673464675e-12
            ]
        ],
        [
            [
                0.9999999996343916,
                3.581747921591131e-10,
                0.0,
                0.0,
                7.433680654312413e-12
            ],
            [
                1.6341027355881724e-07,
                5.817808719389709e-05,
                0.22268387000486872,
                0.7772430787736131,
                1.4709724050798238e-05
            ],
            [
                4.719834603139308e-10,
                4.248659711875374e-08,
                0.6224592883037202,
                0.3775406429682754,
                2.5769423779382576e-08
            ],
            [
                1.1627368720906197e-10,
                4.36313792326609e-09,
                2.5108125169009128e-08,
                0.9999251242175801,
                7.484619488327343e-05
            ],
            [
                0.9999999996730959,
                3.1608814475293635e-10,
                0.0,
                0.0,
                1.0815941534070995e-11
            ]
        ],
        [
            [
                0.9999999999254923,
                7.052879837757748e-11,
                0.0,
                0.0,
                3.9789625283031964e-12
            ],
            [
                3.639870574479201e-08,
                0.003170921319559277,
                0.0005510235020709047,
                0.9962738116653151,
                4.207114349008605e-06
            ],
            [
                3.266131319109572e-13,
                1.081594147887534e-11,
                0.9999999927932606,
                7.194132978171393e-09,
                1.4637785035142215e-12
            ],
            [
                1.1148422097505209e-08,
                5.661635901448953e-08,
                3.891181655483927e-08,
                0.9399132453092944,
                0.06008664801410794
            ],
            [
                4.05864470283112e-10,
                1.9171680070769163e-10,
                1.5737073322269146e-11,
                1.0677030753473716e-06,
                0.9999989316836063
            ]
        ],
        [
            [
                0.9999999999054603,
                9.056076974279641e-11,
                0.0,
                0.0,
                3.978962529073928e-12
            ],
            [
                1.8189099035852798e-09,
                6.144037433924118e-06,
                2.144479778787897e-05,
                0.9999715778408219,
                8.315050463364715e-07
            ],
            [
                1.748234128103865e-13,
                1.879528816359335e-12,
                0.9999999999748941,
                2.289734845426575e-11,
                1.5428112030443415e-13
            ],
            [
                1.917102209941342e-10,
                5.602593902095843e-09,
                2.5109083856565628e-08,
                0.9999646128401812,
                3.535625643074592e-05
            ],
            [
                0.9999999999582696,
                3.775134535304382e-11,
                0.0,
                0.0,
                3.9789625263779586e-12
            ]
        ],
        [
            [
                0.9999999996352649,
                3.5817479168050525e-10,
                0.0,
                0.0,
                6.560200143467726e-12
            ],
            [
                5.660513686586448e-08,
                0.0001912048589342712,
                0.06007476685248599,
                0.939727429012958,
                6.542670484778306e-06
            ],
            [
                1.3615261078053296e-13,
                3.978962535006322e-12,
                0.9999999998461002,
                1.4930946758853646e-10,
                4.752193061778763e-13
            ],
            [
                5.4927787500743464e-11,
                5.602786644373084e-09,
                8.764232900357406e-08,
                0.9999985357432665,
                1.3709566900758172e-06
            ],
            [
                0.9999999999789053,
                2.0206839061170728e-11,
                0.0,
                0.0,
                8.878265465695345e-13
            ]
        ],
        [
            [
                0.999999999778777,
                2.1724399318825412e-10,
                0.0,
                0.0,
                3.9789625299826905e-12
            ],
            [
                9.056025721239791e-11,
                2.9989438470839828e-09,
                1.1253453763301523e-07,
                0.9999950992810924,
                4.7850948659524916e-06
            ],
            [
                4.84676788574768e-11,
                1.725568891873347e-08,
                0.9998765872113379,
                0.00012339462539537782,
                8.591101639315755e-10
            ],
            [
                2.172411141873055e-10,
                1.3440231813877607e-08,
                6.825512910770941e-08,
                0.9999869109621408,
                1.3007125257218202e-05
            ],
            [
                0.9999999999842324,
                1.3887943854214423e-11,
                0.0,
                0.0,
                1.8795288150842834e-12
            ]
        ],
        [
            [
                0.9999999995365831,
                4.5990553681555317e-10,
                0.0,
                0.0,
                3.5114221053621175e-12
            ],
            [
                1.8530199721919422e-07,
                0.0005523772052313015,
                0.000709266371115932,
                0.9987214907674415,
                1.6680354213929136e-05
            ],
            [
                3.16079108932592e-10,
                1.7257334611844202e-08,
                2.7535688382913358e-05,
                0.9999720539627034,
                3.9277549993918963e-07
            ],
            [
                1.1627124553047739e-10,
                2.3353703952074227e-09,
                6.3481949080135555e-09,
                0.9999038888017269,
                9.610239843664342e-05
            ],
            [
                0.9999999998471791,
                1.493094673253106e-10,
                0.0,
                0.0,
                3.511422106452751e-12
            ]
        ],
        [
            [
                0.999999999589626,
                4.0586521164446223e-10,
                0.0,
                0.0,
                4.508755231151312e-12
            ],
            [
                1.4239487818341769e-07,
                0.00042447314943469295,
                0.014056620187859399,
                0.9854450018947616,
                7.376237306609668e-05
            ],
            [
                1.6914560435593233e-10,
                1.1858022340002358e-08,
                0.00026119032346611583,
