{
    "[['A', 'B', 'C', 'D', 'E'], ['A', 'B', 'C', 'D', 'E']]": [
        [
            [
                0.9999999999874558,
                1.2256067437558597e-11,
                0.0,
                0.0,
                2.882350791906118e-13
            ],
            [
                0.9999999999286877,
                7.052879845261314e-11,
                0.0,
                0.0,
                7.835041778564687e-13
            ],
            [
                2.7346982913177223e-12,
                2.289734845416008e-11,
                0.999999999961992,
                1.2256067442870818e-11,
                1.2015425730567245e-13
            ],
            [
                4.898275294212938e-10,
                5.2661422277115345e-09,
                4.1012756907071345e-09,
                0.060086653846228175,
                0.9399133362965263
            ],
            [
                0.9999999999855018,
                1.3887943857525089e-11,
                0.0,
                0.0,
                6.101936674336885e-13
            ]
        ],
        [
            [
                0.9999999999509162,
                4.847368701867388e-11,
                0.0,
                0.0,
                6.101936672062931e-13
            ],
            [
                0.9999999999816924,
                1.7832472895887168e-11,
                0.0,
                0.0,
                4.752193059504181e-13
            ],
            [
                2.2897348161019945e-11,
                5.6027963652465635e-09,
                0.9999999871679174,
                7.194132937502282e-09,
                1.2256067285964208e-11
            ],
            [
                0.9999999998496845,
                1.493094674519022e-10,
                0.0,
                0.0,
                1.0060392781525935e-12
            ],
            [
                0.9999999999817482,
                1.783247289429933e-11,
                0.0,
                0.0,
                4.193795655123029e-13
            ]
        ],
        [
            [
                0.9999999999874558,
                1.2256067436708162e-11,
                0.0,
                0.0,
                2.882350791706115e-13
            ],
            [
                0.9999999998074993,
                1.917171511935548e-10,
                0.0,
                0.0,
                7.835041777615171e-13
            ],
            [
                0.00022253033396030415,
                0.8517629625536778,
                0.1480142106568534,
                2.952488924084327e-07,
                1.2066158914509697e-09
            ],
            [
                0.9999999999793179,
                2.0206839072442198e-11,
                0.0,
                0.0,
                4.752193058589703e-13
            ],
            [
                0.9999999998960893,
                1.0261879616098502e-10,
                0.0,
                0.0,
                1.2917800028218194e-12
            ]
        ],
        [
            [
                0.9999999999857418,
                1.3887943856564753e-11,
                0.0,
                0.0,
                3.701011676354343e-13
            ],
            [
                0.9999999999086557,
                9.056076980028469e-11,
                0.0,
                0.0,
                7.835041776720349e-13
            ],
            [
                1.2256067433425462e-11,
                2.1724399331870014e-10,
                0.9999999991775563,
                5.905303993801008e-10,
                2.4133627697313746e-12
            ],
            [
                0.9999999999792546,
                2.020683907244092e-11,
                0.0,
                0.0,
                5.384940213015492e-13
            ],
            [
                0.9999999999936005,
                5.789356323056969e-12,
                0.0,
                0.0,
                6.101936671625306e-13
            ]
        ],
        [
            [
                0.9999999999652209,
                3.331544539821213e-11,
                0.0,
                0.0,
                1.4637785130955002e-12
            ],
            [
                0.9999999999795686,
                2.0206839080516082e-11,
                0.0,
                0.0,
                2.244777053942725e-13
            ],
            [
                3.2241559867664155e-08,
                7.889257107009574e-06,
                0.9999913438269046,
                7.338152200600922e-07,
                8.592084671893147e-10
            ],
            [
                1.8549065769618152e-07,
                6.14260696372414e-06,
                0.00015841992157216274,
                0.9997391654412637,
                9.608653954278751e-05
            ],
            [
                1.102646060199844e-09,
                2.9973027486631943e-09,
                2.060014044446926e-09,
                0.0005527785816149663,
                0.9994472152584222
            ]
        ],
        [
            [
                0.9999999999942106,
                5.789356325678589e-12,
                0.0,
                0.0,
                0.0
            ],
            [
                0.9999999997206337,
                2.78946808997451e-10,
                0.0,
                0.0,
                4.193795654027968e-13
            ],
            [
                0.010914210245950481,
                0.982465910355574,
                0.006619802830172622,
                7.598812645168389e-08,
                5.801765049732515e-10
            ],
            [
                0.999999999882254,
                1.1628233014314722e-10,
                0.0,
                0.0,
                1.463778512123608e-12
            ],
            [
                0.9999999999834792,
                1.5737102097304535e-11,
                0.0,
                0.0,
                7.835041780305559e-13
            ]
        ],
        [
            [
                0.9999999999858875,
                1.3887943857530446e-11,
                0.0,
                0.0,
                2.2447770538194486e-13
            ],
            [
                0.9999999997199132,
                2.7894680890101343e-10,
                0.0,
                0.0,
                1.139991851467356e-12
            ],
            [
                3.6529044958081484e-08,
                0.0001584361168434486,
                0.9998413416528044,
                1.855096204092833e-07,
                1.916868355220566e-10
            ],
            [
                3.762264184223891e-09,
                2.779958111622789e-08,
                1.2458896003122705e-07,
                0.9770224769995081,
                0.022977366849686563
            ],
            [
                2.3969298155357798e-09,
                1.2172614006001444e-08,
                4.248659756974851e-08,
                0.622459295820399,
                0.3775406471234595
            ]
        ],
        [
            [
                0.9999999999888574,
                1.0815941550778034e-11,
                0.0,
                0.0,
                3.2661313408223047e-13
            ],
            [
                0.9999999999736344,
                2.59460949624068e-11,
                0.0,
                0.0,
                4.1937956550890015e-13
            ],
            [
                1.7482341281363626e-13,
                1.1399918529565236e-12,
                0.9999999999934828,
                5.1090890276696905e-12,
                9.357622968119208e-14
            ],
            [
                8.692886311471514e-06,
                0.27859246824327505,
                0.13159776384368643,
                0.5897802218765213,
                2.085315020585379e-05
            ],
            [
                0.9999999999366185,
                6.224144615646463e-11,
                0.0,
                0.0,
                1.1399918517143982e-12
            ]
        ],
        [
            [
                0.9999999999901668,
                9.545034919327978e-12,
                0.0,
                0.0,
                2.882350792383659e-13
            ],
            [
                0.9999999999193889,
                7.991959886249739e-11,
                0.0,
                0.0,
                6.914400101139939e-13
            ],
            [
                6.348800821127916e-09,
                3.0590235447468676e-07,
                0.9999996795590717,
                8.152021619816248e-09,
                3.77513496353751e-11
            ],
            [
                1.2619458846656064e-07,
                0.005193017963239126,
                0.9896138061616704,
                0.0051930177735132355,
                3.190698874063151e-08
            ],
            [
                0.9999999999814762,
                1.783247289429448e-11,
                0.0,
                0.0,
                6.914400101569235e-13
            ]
        ],
        [
            [
                0.999999999995203,
                4.508755238854405e-12,
                0.0,
                0.0,
                2.882350791245e-13
            ],
            [
                0.9999999999938405,
                5.789356325276202e-12,
                0.0,
                0.0,
                3.701011676384316e-13
            ],
            [
                3.5817478238061196e-10,
                1.1861119798740228e-08,
                0.9999999704895626,
                1.7257827474925e-08,
                3.3315444431273174e-11
            ],
            [
                2.5085291197112262e-08,
                1.0666537239878637e-06,
                0.00043031861975100004,
                0.9990160495961995,
                0.0005525400450342716
            ],
            [
                0.9999999999915765,
                8.423463749420264e-12,
                0.0,
                0.0,
                0.0
            ]
        ],
        [
            [
                0.999999999987744,
                1.2256067436708942e-11,
                0.0,
                0.0,
                0.0
            ],
            [
                0.9999999999289328,
                7.05287984455098e-11,
                0.0,
                0.0,
                5.384940212744513e-13
            ],
            [
                2.0776226356823243e-07,
                0.3208211514902486,
                0.6791783735209825,
                2.66772027050188e-07,
                4.5447810624908005e-10
            ],
            [
                0.9999999999622486,
                3.7751345399682906e-11,
                0.0,
                0.0,
                0.0
            ],
            [
                0.9999999999871338,
                1.2256067433411177e-11,
                0.0,
                0.0,
                6.101936672283929e-13
            ]
        ],
        [
            [
                0.9999999999915765,
                8.423463750005449e-12,
                0.0,
                0.0,
                0.0
            ],
            [
                0.9999999999923419,
                7.433680669278188e-12,
                0.0,
                0.0,
                2.2447770540927068e-13
            ],
            [
                0.03732117253083453,
                0.9625256796809949,
                0.0001525230976092115,
                6.233270390153925e-07,
                1.3635223615694077e-09
            ],
            [
                1.0305762998263622e-09,
                7.614986093645365e-09,
                9.777835691964346e-09,
                0.49999999093354947,
                0.49999999064305245
            ],
            [
                0.9999999999856368,
                1.3887943854233928e-11,
                0.0,
                0.0,
                4.752193059099517e-13
            ]
        ],
        [
            [
                0.9999999999818794,
                1.7832472895890503e-11,
                0.0,
                0.0,
                2.882350791463408e-13
            ],
            [
                0.9999999999442886,
                5.4927883437818475e-11,
                0.0,
                0.0,
                7.835041774832888e-13
            ],
            [
                9.931081882322984e-08,
                1.0129988577788338e-05,
                0.9999895602902099,
                2.1024120560013831e-07,
                1.6918787688461722e-10
            ],
            [
                8.582109909560245e-10,
                1.5212153800395412e-08,
                3.923269915368151e-07,
                0.9988300818813558,
                0.0011695097212878966
            ],
            [
                0.4377963950672619,
                0.562141695977126,
                6.122217110004584e-05,
                6.801168868140874e-07,
                6.6676249836166616e-09
            ]
        ],
        [
            [
                0.9999999999925664,
                7.433680668875711e-12,
                0.0,
                0.0,
                0.0
            ],
            [
                0.9999999999698157,
                2.9400777369663965e-11,
                0.0,
                0.0,
                7.835041778886925e-13
            ],
            [
                8.592166621690173e-10,
                1.6373755695465178e-07,
                0.999999330386886,
                5.043471817323942e-07,
                6.691586093252294e-10
            ],
            [
                1.1743355840947284e-06,
                0.029310536830182605,
                0.9706316818045349,
                5.65826571409376e-05,
                2.437255748941053e-08
            ],
            [
                0.9999999999870526,
                1.225606743464756e-11,
                0.0,
                0.0,
                6.914400101607793e-13
            ]
        ],
        [
            [
                0.999999999965026,
                3.331544539187376e-11,
                0.0,
                0.0,
                1.6586783574310564e-12
            ],
            [
                0.9999999999367524,
                6.224144615647295e-11,
                0.0,
                0.0,
                1.0060392781097686e-12
            ],
            [
                1.6918979173841067e-10,
                1.444978863601756e-07,
                0.9999992076357069,
                6.475945979873507e-07,
                1.0261879599974127e-10
            ],
            [
                1.506825116989442e-09,
                1.2616492237087971e-08,
                5.959608945717017e-09,
                0.7310585581404838,
                0.26894142177658986
            ],
            [
                0.9999999999831228,
                1.5737102093075722e-11,
                0.0,
                0.0,
                1.1399918520456156e-12
            ]
        ],
        [
            [
                0.9999999999975866,
                2.4133627708476e-12,
                0.0,
                0.0,
                0.0
            ],
            [
                0.9999999996833735,
                3.160881451197743e-10,
                0.0,
                0.0,
                5.384940212445642e-13
            ],
            [
                1.1032519117351122e-09,
                8.315264063886262e-07,
                0.9999969068979123,
                2.260323120370054e-06,
                1.4930890995600583e-10
            ],
            [
                2.3346356279232744e-09,
                3.464903184544456e-07,
                0.00033532479461380213,
                0.9995895053053082,
                7.482107512391701e-05
            ],
            [
                0.9999999999734437,
                2.594609496855405e-11,
                0.0,
                0.0,
                6.101936674263307e-13
            ]
        ],
        [
            [
                0.9999999999927482,
                6.560200163131894e-12,
                0.0,
                0.0,
                6.914400101647175e-13
            ],
            [
                0.999999999937067,
                6.224144618351139e-11,
                0.0,
                0.0,
                6.914400101878229e-13
            ],
            [
                0.0758084218118046,
                0.9235356512229629,
                0.0006558713353831928,
                5.562984921594753e-08,
                0.0
            ],
            [
                0.9999999999793179,
                2.0206839076282672e-11,
                0.0,
                0.0,
                4.752193059492897e-13
            ],
            [
                0.9999999999792546,
                2.020683907927235e-11,
                0.0,
                0.0,
                5.384940214836008e-13
            ]
        ],
        [
            [
                0.9999999999887645,
                1.0815941548962917e-11,
                0.0,
                0.0,
                4.193795655152454e-13
            ],
            [
                0.9999999999653928,
                3.331544539188598e-11,
                0.0,
                0.0,
                1.2917800036313723e-12
            ],
            [
                1.2256067408694934e-11,
                9.73620028488425e-10,
                0.9999999971911833,
                1.818961682298545e-09,
                3.978962524343066e-12
            ],
            [
                0.9999999999200804,
                7.991959879480038e-11,
                0.0,
                0.0,
                0.0
            ],
            [
                0.9999999999766833,
                2.2897348447720386e-11,
                0.0,
                0.0,
                4.1937956567796473e-13
            ]
        ],
        [
            [
                0.9999999999969011,
                3.0988191366374746e-12,
                0.0,
                0.0,
                0.0
            ],
            [
                0.9999999999086557,
                9.056076981978821e-11,
                0.0,
                0.0,
                7.835041778407735e-13
            ],
            [
                2.215936302907793e-08,
                4.785094586403264e-06,
                0.9999949225433186,
                2.699565637252963e-07,
                2.461682871796813e-10
            ],
            [
                5.474062543091115e-09,
                4.5833764516899146e-08,
                1.4117779907658894e-07,
                0.9770224442190037,
                0.022977363295370097
            ],
            [
                0.9999999999870526,
                1.2256067433404357e-11,
                0.0,
                0.0,
                6.914400100906425e-13
            ]
        ],
        [
            [
                0.9999999999928295,
                6.560200163129999e-12,
                0.0,
                0.0,
                6.10193667293248e-13
            ],
            [
                0.9999999999703748,
                2.940077737665176e-11,
                0.0,
                0.0,
                2.2447770537846262e-13
            ],
            [
                9.237433279045281e-09,
                1.7603431901232256e-06,
                0.9999981529061053,
                7.734408189886143e-08,
                1.6918949219776901e-10
            ],
            [
                7.433681369072681e-12,
                4.2777882699039594e-11,
                4.508755664877165e-12,
                9.93119524295579e-08,
                0.9999999006333272
            ],
            [
                5.789334432434375e-12,
                3.775120266100356e-11,
                5.109069704649683e-12,
                2.902312199457326e-06,
                0.999997097639151
            ]
        ],
        [
            [
                0.9999999999821676,
                1.7832472885524195e-11,
                0.0,
                0.0,
                0.0
            ],
            [
                0.9999999999657969,
                3.331544539526299e-11,
                0.0,
                0.0,
                8.878265471423996e-13
            ],
            [
                2.25906884970918e-06,
                0.0005527756583692122,
                0.9994420629666287,
                2.900701821074127e-06,
                1.6043313096851629e-09
            ],
            [
                6.766379298277995e-08,
                4.186214629698483e-06,
                0.008576630666050425,
                0.991323837649716,
                9.527780581092431e-05
            ],
            [
                0.9999999999835714,
                1.573710208924231e-11,
                0.0,
                0.0,
                6.914400099198256e-13
            ]
        ],
        [
            [
                0.9999999999885738,
                1.0815941550774967e-11,
                0.0,
                0.0,
                6.101936673932224e-13
            ],
            [
                0.9999999997822175,
                2.1724399324907666e-10,
                0.0,
                0.0,
                5.384940211338404e-13
            ],
            [
                2.3823492749649987e-07,
                7.889257296392888e-06,
                0.9999913676432943,
                5.043433454678096e-07,
                5.21136290945004e-10
            ],
            [
                0.8807388338356534,
                0.11919505401768117,
                6.59249200869007e-05,
                1.8516953281464506e-07,
                2.057045737273214e-09
            ],
            [
                0.9999999999838434,
                1.5737102097315408e-11,
                0.0,
                0.0,
                4.1937956558352235e-13
            ]
        ],
        [
            [
                0.9999999998667712,
                1.31765142443724e-10,
                0.0,
                0.0,
                1.4637785112683345e-12
            ],
            [
                0.9999999998673472,
                1.3176514251874908e-10,
                0.0,
                0.0,
                8.878265466182743e-13
            ],
            [
                1.7482341281140084e-13,
                2.129785170764461e-12,
                0.999999999990087,
                7.433680671684401e-12,
                1.7482341281140084e-13
            ],
            [
                2.05461439114512e-09,
                2.2089186411503425e-08,
                2.0957636551242483e-07,
                0.9968270847101746,
                0.003172681569659152
            ],
            [
                0.9999999999886455,
                1.0815941549925304e-11,
                0.0,
                0.0,
                5.384940214089513e-13
            ]
        ],
        [
            [
                0.9999999999930695,
                6.560200164689522e-12,
                0.0,
                0.0,
                3.701011676638272e-13
            ],
            [
                0.9999999999912883,
                8.423463750521267e-12,
                0.0,
                0.0,
                2.882350792093668e-13
            ],
            [
                3.775134919084467e-11,
                6.348800746369392e-09,
                0.9999999058391918,
                8.764249089581441e-08,
                1.3176515578294747e-10
            ],
            [
                0.9999999999817974,
                1.7832472897291178e-11,
                0.0,
                0.0,
                3.701011676339745e-13
            ],
            [
                0.9999999999871338,
                1.2256067436704215e-11,
                0.0,
                0.0,
                6.101936673923437e-13
            ]
        ],
        [
            [
                0.999999999986112,
                1.3887943855472768e-11,
                0.0,
                0.0,
                0.0
            ],
            [
                0.9999999992410524,
                7.582560412677781e-10,
                0.0,
                0.0,
                6.914400093048479e-13
            ],
            [
                1.2256067409740891e-11,
                1.103256029250692e-09,
                0.9999999972765252,
                1.6052280506855243e-09,
                2.7346982839254366e-12
            ],
            [
                2.6813025724121925e-07,
                2.882671931186393e-06,
                7.434508897504845e-05,
                0.9932301724730206,
                0.006692331635815912
            ],
            [
                4.938625868076818e-09,
                8.753923808888327e-08,
                7.880038603981491e-06,
                0.9988225266181265,
                0.0011695008654055486
            ]
        ],
        [
            [
                0.9999999999821676,
                1.783247289429834e-11,
                0.0,
                0.0,
                0.0
            ],
            [
                0.9999999999820133,
                1.783247290058806e-11,
                0.0,
                0.0,
                1.5428112025379645e-13
            ],
            [
                7.778308930714763e-06,
                0.014063512973282608,
                0.9859284407653256,
                2.661590952558863e-07,
                1.793365877158702e-09
            ],
            [
                1.3438514377636442e-08,
                2.1442363305959802e-05,
                4.539348347493191e-05,
                0.9998583095129484,
                7.484120175629499e-05
            ],
            [
                1.0815942390200309e-11,
                3.775134834994864e-11,
                3.5114223837842968e-12,
                8.315279901307109e-07,
                0.9999991684199311
            ]
        ],
        [
            [
                0.9999999999912064,
                8.423463750975785e-12,
                0.0,
                0.0,
                3.7010116770580153e-13
            ],
            [
                0.9999999999795686,
                2.0206839077876565e-11,
                0.0,
                0.0,
                2.2447770536495012e-13
            ],
            [
                8.42346374998155e-12,
                2.1724399339217792e-10,
                0.9999999994932558,
                2.7894680913830017e-10,
                2.129785169821269e-12
            ],
            [
                2.2513080467746588e-05,
                0.4376155855526182,
                0.5619095194972339,
                0.0004521870933699592,
                1.9477631029027203e-07
            ],
            [
                0.9999999999898448,
                9.545034915506115e-12,
                0.0,
                0.0,
                6.101936672916527e-13
            ]
        ],
        [
            [
                0.9999999999911571,
                8.423463749419849e-12,
                0.0,
                0.0,
                4.193795655865896e-13
            ],
            [
                0.9999999999087479,
                9.056076984681542e-11,
                0.0,
                0.0,
                6.914400103129279e-13
            ],
            [
                2.9989323761039776e-09,
                1.0129987841785306e-05,
                0.9999898447990189,
                2.2159279563931686e-08,
                5.492736245245402e-11
            ],
            [
                9.232290063115935e-09,
                2.3810367186841896e-07,
                6.140774633018324e-06,
                0.999440836709394,
                0.0005527751800110073
            ],
            [
                0.9999999999887645,
                1.0815941549926592e-11,
                0.0,
                0.0,
                4.193795655526111e-13
            ]
        ],
        [
            [
                0.9999999999367524,
                6.224144617794624e-11,
                0.0,
                0.0,
                1.0060392784568518e-12
            ],
            [
                0.9999999998672289,
                1.3176514255517088e-10,
                0.0,
                0.0,
                1.0060392781702438e-12
            ],
            [
                1.0060392792064453e-12,
                3.511422113108203e-12,
                0.9999999999858313,
                9.545034922111291e-12,
                1.0603575990713624e-13
            ],
            [
                7.1901418827265364e-09,
                4.6885614666769556e-08,
                1.3701998150030532e-06,
                0.9994457979298028,
                0.0005527777946255951
            ],
            [
                0.999999999989184,
                1.0815941548962917e-11,
                0.0,
                0.0,
                0.0
            ]
        ],
        [
            [
                0.9999999999888958,
                1.0815941550778449e-11,
                0.0,
                0.0,
                2.8823507917102656e-13
            ],
            [
                0.9999999999508349,
                4.847368701866994e-11,
                0.0,
                0.0,
                6.914400100659288e-13
            ],
            [
                1.1399918529431386e-12,
                2.940077739023431e-11,
                0.9999999999314197,
                3.775134543943914e-11,
                2.8823507931884713e-13
            ],
            [
                0.9999999999439322,
                5.492788342865582e-11,
                0.0,
                0.0,
                1.139991851365516e-12
            ],
            [
                0.9999999998797386,
                1.1628233014285474e-10,
                0.0,
                0.0,
                3.978962530384413e-12
            ]
        ],
        [
            [
                0.9999999999837244,
                1.573710209308519e-11,
                0.0,
                0.0,
                5.384940213039561e-13
            ],
            [
                0.9999999999740539,
                2.5946094968562406e-11,
                0.0,
                0.0,
                0.0
            ],
            [
                8.423463730893345e-12,
                8.592166595126649e-10,
                0.9999999973038531,
                1.8189616824621984e-09,
                9.545034896126312e-12
            ],
            [
                4.5291815612447444e-05,
                0.9976182573431622,
                0.0011680907631226385,
                0.0011680907631226385,
                2.693149801008688e-07
            ],
            [
                0.999999999972762,
                2.5946094956796308e-11,
                0.0,
                0.0,
                1.2917800034931078e-12
            ]
        ],
        [
            [
                0.9999999999936005,
                5.789356324819605e-12,
                0.0,
                0.0,
                6.101936673483112e-13
            ],
            [
                0.9999999998831075,
                1.1628233020044538e-10,
                0.0,
                0.0,
                6.101936672265223e-13
            ],
            [
                1.990218940291245e-06,
                0.7770380912084709,
                0.22262514710905892,
                0.00033470336198272564,
                6.810154716500443e-08
            ],
            [
                5.450953458321129e-07,
                0.012006523989879374,
                0.84172236560824,
                0.1462694113396787,
                1.1539668561820747e-06
            ],
            [
                0.999999999992147,
                7.433680667903997e-12,
                0.0,
                0.0,
                4.193795655870047e-13
            ]
        ],
        [
            [
                0.9999999999925664,
                7.433680668420179e-12,
                0.0,
                0.0,
                0.0
            ],
            [
                0.9999999999795048,
                2.020683907787528e-11,
                0.0,
                0.0,
                2.8823507916831974e-13
            ],
            [
                3.1608813870692084e-10,
                1.9555680671823604e-08,
                0.9999999788753435,
                1.2501528397910332e-09,
                2.7346982334139962e-12
            ],
            [
                2.786925890368557e-10,
                3.3951707828343105e-09,
                5.3109406739828096e-08,
                0.9990888918671662,
                0.0009110513495637449
            ],
            [
                0.9999999998586899,
                1.3176514184578438e-10,
                0.0,
                0.0,
                9.5450348608923e-12
            ]
        ],
        [
            [
                0.9999999999900848,
                9.545034915508406e-12,
                0.0,
                0.0,
                3.7010116757496614e-13
            ],
            [
                0.9999999998075915,
                1.917171512257284e-10,
                0.0,
                0.0,
                6.91440010152665e-13
            ],
            [
                0.0019102396193154372,
                0.9895286069279166,
                0.008561100267204698,
                5.2601216523159826e-08,
                5.843467322631165e-10
            ],
            [
                8.570921017791416e-10,
                8.13186344910981e-09,
                7.71529722624932e-08,
                0.9975272908200743,
                0.00247262303799784
            ],
            [
                0.9999999999814762,
                1.7832472895883313e-11,
                0.0,
                0.0,
                6.914400102185292e-13
            ]
        ],
        [
            [
                0.9999999999702291,
                2.940077737844786e-11,
                0.0,
                0.0,
                3.7010116767803747e-13
            ],
            [
                0.9999999999372833,
                6.224144618352485e-11,
                0.0,
                0.0,
                4.75219305929314e-13
            ],
            [
                5.109089026821235e-12,
                5.492788349619311e-11,
                0.9999999998368059,
                1.0261879629207086e-10,
                5.384940216444883e-13
            ],
            [
                2.4346515222345124e-10,
                1.5875922197527624e-09,
                5.154157313016537e-10,
                0.010986942364089713,
                0.9890130552894372
            ],
            [
                0.9999999999920912,
                7.433680667319087e-12,
                0.0,
                0.0,
                4.752193059553598e-13
            ]
        ],
        [
            [
                0.9999999999888138,
                1.0815941549927125e-11,
                0.0,
                0.0,
                3.7010116760747084e-13
            ],
            [
                0.9999999999084332,
                9.056076980026454e-11,
                0.0,
                0.0,
                1.0060392782116972e-12
            ],
            [
                7.19409196090562e-09,
                4.7850946385677615e-06,
                0.9999951711061276,
                3.653461356948728e-08,
                7.052839588069771e-11
            ],
            [
                0.9999999998674514,
                1.3176514257027455e-10,
                0.0,
                0.0,
                7.835041777293867e-13
            ],
            [
                0.9999999999498677,
                4.8473687013077503e-11,
                0.0,
                0.0,
                1.6586783572161553e-12
            ]
        ],
        [
            [
                0.9999999999190743,
                7.991959884526045e-11,
                0.0,
                0.0,
                1.0060392782224024e-12
            ],
            [
                0.9999999997525384,
                2.4616969484903274e-10,
                0.0,
                0.0,
                1.2917800030411663e-12
            ],
            [
                6.691573853703053e-10,
                8.315271984017235e-07,
                0.9999983361446809,
                8.315271984017235e-07,
                1.3176490172852526e-10
            ],
            [
                0.9999999998665763,
                1.3176514247186097e-10,
                0.0,
                0.0,
                1.6586783560303674e-12
            ],
            [
                0.999999999989184,
                1.0815941549928376e-11,
                0.0,
                0.0,
                0.0
            ]
        ],
        [
            [
                0.9999999999857854,
                1.3887943856565357e-11,
                0.0,
                0.0,
                3.266131340812271e-13
            ],
            [
                0.9999999995933513,
                4.058652121337986e-10,
                0.0,
                0.0,
                7.835041775146281e-13
            ],
            [
                5.623980054523731e-05,
                0.14794927358008297,
                0.8513893004265238,
                0.0006046348372441505,
                5.513556038289309e-07
            ],
            [
                2.8452211454625066e-08,
                1.3709056276296092e-06,
                1.0129698588894915e-05,
                0.99996093556797,
                2.753537560196028e-05
            ],
            [
                0.9999999999987081,
                1.2917800041111274e-12,
                0.0,
                0.0,
                0.0
            ]
        ],
        [
            [
                0.9999999999856926,
                1.3887943854234702e-11,
                0.0,
                0.0,
                4.193795655139571e-13
            ],
            [
                0.9999999999085516,
                9.056076981063571e-11,
                0.0,
                0.0,
                8.878265470019401e-13
            ],
            [
                4.193795658040346e-13,
                5.789356328262402e-12,
                0.9999999999813605,
                1.2256067443108199e-11,
                1.748234128129658e-13
            ],
            [
                4.200585144863322e-09,
                1.4661482777592522e-08,
                3.9854042212595e-08,
                0.9626730596086875,
                0.03732688167520229
            ],
            [
                0.9999999999735787,
                2.5946094968550076e-11,
                0.0,
                0.0,
                4.752193060167659e-13
            ]
        ],
        [
            [
                0.9999999999907929,
                8.423463747153511e-12,
                0.0,
                0.0,
                7.835041778260253e-13
            ],
            [
                0.9999999998499991,
                1.4930946748410503e-10,
                0.0,
                0.0,
                6.91440010066015e-13
            ],
            [
                3.22409459733808e-08,
                2.753568868076467e-05,
                0.9999723042387576,
                1.2751553655249249e-07,
                3.1607911235159417e-10
            ],
            [
                1.281536259902663e-09,
                4.473001059483248e-09,
                2.713012283503682e-09,
                0.09534946935033681,
                0.9046505221821136
            ],
            [
                0.9999999999856368,
