{
    "[['A', 'B', 'C', 'D', 'E'], ['A', 'B', 'C', 'D', 'E']]": [
        [
            [
                0.9999999988895045,
                2.461696944603949e-10,
                0.0,
                5.109089013096468e-12,
                8.592166594003726e-10
            ],
            [
                0.4039415075724504,
                0.40394146211479215,
                0.001134588230835972,
                0.19080844734139896,
                0.00017399474052249656
            ],
            [
                1.3615261079268016e-13,
                2.1297851707010414e-12,
                0.9999999999353177,
                6.224144622163312e-11,
                1.7482341280619504e-13
            ],
            [
                8.423464142400586e-12,
                4.8473689295096734e-11,
                7.433681014700923e-12,
                5.043472048117748e-07,
                0.9999994955884643
            ],
            [
                1.8189584556214312e-09,
                5.90529350639831e-10,
                7.991945692837448e-11,
                1.3709566504636116e-06,
                0.9999986265539422
            ]
        ],
        [
            [
                0.9999999999282418,
                3.331544535867395e-11,
                0.0,
                6.91440009386701e-13,
                3.775134537141376e-11
            ],
            [
                0.9996646325778978,
                0.0003353500467041977,
                1.6046893409355317e-09,
                1.343589935194371e-08,
                2.3348092141905385e-09
            ],
            [
                7.835041778479621e-13,
                4.8473687021964034e-11,
                0.9999999991889752,
                7.58256042153933e-10,
                3.511422110425423e-12
            ],
            [
                0.9999999991374664,
                7.582560398631891e-10,
                0.0,
                1.658678352509254e-12,
                1.02618795920757e-10
            ],
            [
                8.764248567525887e-08,
                1.186112062242193e-08,
                1.3176514793415965e-10,
                5.315785465546979e-08,
                0.9999998472067738
            ]
        ],
        [
            [
                0.9999999997566185,
                1.4930946718821875e-10,
                0.0,
                3.511422103228659e-12,
                9.056076963501211e-11
            ],
            [
                0.9914217704311755,
                0.008577477099697129,
                1.9387923726151985e-08,
                7.275264704633132e-07,
                5.5547331487020346e-09
            ],
            [
                1.8795287874263247e-12,
                7.991959769163333e-11,
                0.9999999846797978,
                1.5229979508809503e-08,
                8.423463623994315e-12
            ],
            [
                1.343461750074673e-08,
                8.148507415714805e-09,
                3.1595192005525386e-10,
                0.00043055711839687816,
                0.9995694209825263
            ],
            [
                1.9171716541558536e-10,
                2.7894682971461426e-10,
                1.7832474214046953e-11,
                2.3823698419665658e-07,
                0.9999997612745194
            ]
        ],
        [
            [
                0.9999999999648468,
                2.2897348418895152e-11,
                0.0,
                0.0,
                1.2256067423994861e-11
            ],
            [
                2.5514150821709843e-06,
                0.0019230132123714497,
                0.7757989196178973,
                0.2222701144088777,
                5.401345771341803e-06
            ],
            [
                1.4852947656078576e-10,
                4.118310728503435e-08,
                0.005220100441015369,
                0.9947750981118972,
                4.760115450545092e-06
            ],
            [
                2.461697149104742e-10,
                9.056077715459854e-11,
                6.560200693912108e-12,
                1.125351837382378e-07,
                0.9999998871215257
            ],
            [
                2.5946096883220622e-11,
                4.847369061322171e-11,
                8.423464371456362e-12,
                2.382369842001627e-07,
                0.9999997616801726
            ]
        ],
        [
            [
                0.9999999999135201,
                7.991959884481655e-11,
                0.0,
                0.0,
                6.56020016119931e-12
            ],
            [
                0.9999994956196795,
                5.043472048724542e-07,
                5.109089263970628e-12,
                5.109089263970628e-12,
                2.289734951371871e-11
            ],
            [
                5.4927885074381e-11,
                1.0467402092949264e-08,
                0.9999995966007434,
                3.9278636573814925e-07,
                9.056077247670403e-11
            ],
            [
                0.999999999762549,
                2.1724399306115841e-10,
                0.0,
                0.0,
                2.0206839048668572e-11
            ],
            [
                1.3176513927388704e-10,
                9.056076754134184e-11,
                7.433680479010263e-12,
                2.5109990904356333e-08,
                0.9999999746602495
            ]
        ],
        [
            [
                0.9999999997997508,
                1.6918979187890678e-10,
                0.0,
                1.6586783551632913e-12,
                2.9400777326357725e-11
            ],
            [
                0.19618334879520372,
                0.684747140409629,
                7.457494076670378e-05,
                0.11899122298672611,
                3.7128676744812844e-06
            ],
            [
                1.2015425730970852e-13,
                2.129785170813816e-12,
                0.9999999999818148,
                1.5737102105813884e-11,
                1.9810087979169279e-13
            ],
            [
                3.05902066750513e-07,
                9.736201521822415e-10,
                5.4927890329202266e-11,
                2.3823676912846067e-07,
                0.999999454832616
            ],
            [
                2.2897347860254793e-11,
                4.2777877575840364e-11,
                3.09881905803483e-12,
                2.5109990903626323e-08,
                0.9999999748212351
            ]
        ],
        [
            [
                0.9999999996900655,
                2.172439930454118e-10,
                0.0,
                2.1297851664216936e-12,
                9.05607697039342e-11
            ],
            [
                0.7151501376211223,
                0.2630889990131769,
                0.00012841245842574854,
                0.021595660121959532,
                3.679078531558669e-05
            ],
            [
                7.287724095023472e-14,
                6.91440010618477e-13,
                0.9999999999933638,
                5.789356328098136e-12,
                8.258073284653684e-14
            ],
            [
                1.493091979065837e-10,
                1.493091979065837e-10,
                1.7832440695506365e-11,
                1.760343132260573e-06,
                0.9999982393404169
            ],
            [
                4.5990379748908023e-10,
                3.5817343762200844e-10,
                7.052853161579458e-11,
                2.9023121935385984e-06,
                0.9999970967992007
            ]
        ],
        [
            [
                0.9999999997793783,
                1.4930946742204893e-10,
                0.0,
                7.835041774691753e-13,
                7.05287984177501e-11
            ],
            [
                0.9988089476328791,
                0.0011694848037105486,
                8.753807758359292e-08,
                2.1419861350624584e-05,
                6.016398220917574e-08
            ],
            [
                5.211353252952543e-10,
                8.315192676255722e-07,
                0.9999890372228936,
                1.0129978456057107e-05,
                7.582474241588586e-10
            ],
            [
                4.59903797786818e-10,
                5.905281655894938e-10,
                3.7751202608456786e-11,
                2.9023121954175305e-06,
                0.9999970965996214
            ],
            [
                7.991960276425083e-11,
                7.052880189524262e-11,
                8.423464158644267e-12,
                1.4449803154424552e-07,
                0.9999998553430965
            ]
        ],
        [
            [
                0.9999999999178844,
                3.3315445350260145e-11,
                0.0,
                3.266131335787248e-13,
                4.847368695881039e-11
            ],
            [
                1.0076242027345749e-05,
                0.0003336793087807246,
                0.0009070344015914185,
                0.9946841638835675,
                0.004065046164032887
            ],
            [
                4.420228103145752e-14,
                8.878265477464579e-13,
                0.9999999999905385,
                8.423463753524542e-12,
                1.0603575990335394e-13
            ],
            [
                1.0815942691125772e-11,
                2.2897350856794995e-11,
                2.7346985782715418e-12,
                8.764249138203769e-08,
                0.9999999123210606
            ],
            [
                9.056076892007602e-11,
                3.775134503566158e-11,
                2.1297851479871165e-12,
                9.237449562349316e-09,
                0.9999999906321085
            ]
        ],
        [
            [
                0.9999999993594775,
                5.211412472378774e-10,
                0.0,
                3.0988191294993817e-12,
                1.1628232995614004e-10
            ],
            [
                0.9999998479949852,
                1.4449803044249928e-07,
                5.492788572629729e-11,
                1.103256076868177e-09,
                6.348800372265195e-09
            ],
            [
                3.037975385191693e-14,
                3.7010116782863614e-13,
                0.9999999999971556,
                2.4133627716334744e-12,
                3.037975385191693e-14
            ],
            [
                4.784990031174804e-06,
                9.930929982928695e-08,
                8.591937929583106e-10,
                2.1444837524392717e-05,
                0.9999736700039509
            ],
            [
                2.0206838111878066e-11,
                6.224144321556582e-11,
                5.789356048430372e-12,
                4.6911637947047484e-08,
                0.9999999530001245
            ]
        ],
        [
            [
                0.9999999994903859,
                3.5817479146654847e-10,
                0.0,
                2.1297851616691633e-12,
                1.4930946696867395e-10
            ],
            [
                0.9999999867447062,
                1.1861119953813935e-08,
                1.225606723999231e-11,
                1.3176514050659574e-10,
                1.2501528455672447e-09
            ],
            [
                3.5114221130335384e-12,
                2.2897348454219063e-11,
                0.9999999999400777,
                3.331544541841008e-11,
                1.9810087978554873e-13
            ],
            [
                5.492788755326233e-11,
                1.3176515240132386e-10,
                1.5737103265406787e-11,
                2.3823698428886075e-07,
                0.9999997615605856
            ],
            [
                5.602796101516037e-09,
                5.211412175340108e-10,
                2.289734708321356e-11,
                5.315784935616354e-08,
                0.999999940695316
            ]
        ],
        [
            [
                0.9999999998399338,
                4.277787861417444e-11,
                0.0,
                1.0060392775073618e-12,
                1.1628233009693718e-10
            ],
            [
                0.9999972241941932,
                2.260323027987881e-06,
                6.691573588198486e-10,
                5.043462392221198e-07,
                1.046738223661451e-08
            ],
            [
                3.2716215693218955e-11,
                5.502021492303733e-09,
                0.017986203854091456,
                0.982013490210976,
                3.004001949223834e-07
            ],
            [
                5.4927783004851587e-11,
                2.789462988819348e-10,
                9.5450174577434e-12,
                1.0677030746361015e-06,
                0.9999989319535063
            ],
            [
                1.917171753743108e-10,
                1.4930948630975112e-10,
                9.545036117654573e-12,
                3.059023587936038e-07,
                0.9999996937470695
            ]
        ],
        [
            [
                0.9999999996560769,
                2.7894680868356264e-10,
                0.0,
                2.734698285677037e-12,
                6.224144609445675e-11
            ],
            [
                0.9999898699487889,
                1.0129988097713663e-05,
                1.0815839228316662e-11,
                2.289713182602639e-11,
                2.940049923386768e-11
            ],
            [
                6.431393940930208e-14,
                8.878265477739347e-13,
                0.9999999999893967,
                9.54503492206622e-12,
                1.0603575990663557e-13
            ],
            [
                1.573704257689935e-11,
                7.05285317163346e-11,
                8.423431890375318e-12,
                2.9023121976759097e-06,
                0.9999970975931134
            ],
            [
                1.6052280355445287e-09,
                2.78946805873784e-10,
                1.0815941424945117e-11,
                9.237449548943965e-09,
                0.9999999888675596
            ]
        ],
        [
            [
                0.999999998541131,
                1.416608781656701e-09,
                0.0,
                4.5087552264239045e-12,
                3.775134530990538e-11
            ],
            [
                0.9999898686758634,
                1.012998807726172e-05,
                1.1628122992734832e-10,
                9.736108179750437e-10,
                2.461673656879386e-10
            ],
            [
                4.19379565694794e-13,
                3.331544541029148e-11,
                0.9999999996845836,
                2.789468091916705e-10,
                2.734698290658351e-12
            ],
            [
                2.461697065162783e-10,
                1.1628233565636167e-10,
                9.545035362336186e-12,
                5.043472048070764e-07,
                0.9999994952807981
            ],
            [
                0.0031698005778929995,
                2.688568911001223e-07,
                4.924290426304637e-09,
                0.0009081631132600068,
                0.9959217625276655
            ]
        ],
        [
            [
                0.9999999997498845,
                1.691897918704699e-10,
                0.0,
                1.0060392769580894e-12,
                7.991959874482362e-11
            ],
            [
                0.9998763566830173,
                0.0001233945084632902,
                2.0608981595133083e-09,
                2.1021732731138943e-07,
                3.65302939485131e-08
            ],
            [
                3.701011678071788e-13,
                3.511422112882311e-12,
                0.9999999999755413,
                2.020683908737824e-11,
                3.701011678071788e-13
            ],
            [
                6.224133383457346e-11,
                7.991945461213901e-11,
                6.5601883218601734e-12,
                1.7603431333538878e-06,
                0.9999982395081456
            ],
            [
                3.160875671214189e-10,
                1.917168006131155e-10,
                1.7832440282131556e-11,
                1.0677030748206613e-06,
                0.9999989317712884
            ]
        ],
        [
            [
                0.9999999997389721,
                2.1724399294380142e-10,
                0.0,
                1.0060392766710143e-12,
                4.2777878578612046e-11
            ],
            [
                0.9046486041300352,
                0.09534926783288994,
                4.562572174976497e-07,
                1.592494165884057e-06,
                7.928569152498564e-08
            ],
            [
                3.2661313422696436e-13,
                3.978962535206426e-12,
                0.9999999999577449,
                3.7751345436805977e-11,
                1.9810087977349156e-13
            ],
            [
                7.991959659506571e-11,
                7.991959659506571e-11,
                6.560199976528515e-12,
                2.8453347258703825e-08,
                0.9999999713802534
            ],
            [
                4.277788403896142e-11,
                4.8473693124221216e-11,
                5.1090896669426915e-12,
                3.059023587541795e-07,
                0.9999996940012805
            ]
        ],
        [
            [
                0.9999999997782822,
                1.4930946719145334e-10,
                0.0,
                1.879528811148047e-12,
                7.052879830882446e-11
            ],
            [
                0.9999998554822469,
                1.4449803158088356e-07,
                2.7346984235018793e-12,
                3.0988192881954435e-12,
                1.3887944534858301e-11
            ],
            [
                8.258073284806682e-14,
                1.0060392791920409e-12,
                0.9999999999891915,
                9.545034921974625e-12,
                1.7482341281124428e-13
            ],
            [
                3.775105936190932e-11,
                7.052826404167094e-11,
                8.423399921195708e-12,
                7.889265041648852e-06,
                0.9999921106182557
            ],
            [
                9.056077338115681e-11,
                7.052880122479696e-11,
                5.78935655148269e-12,
                3.927863696610035e-07,
                0.9999996070467514
            ]
        ],
        [
            [
                0.9999999992566388,
                4.5990553614411707e-10,
                0.0,
                4.508755225421611e-12,
                2.789468082429837e-10
            ],
            [
                0.9999970902491484,
                2.90231217724501e-06,
                1.1628188961340017e-10,
                6.348776055249939e-09,
                9.736163414587301e-10
            ],
            [
                2.6810038675280568e-14,
                6.914400106285782e-13,
                0.9999999999852736,
                1.3887943863649581e-11,
                1.2015425730634575e-13
            ],
            [
                7.052880004381407e-11,
                4.847368811610566e-11,
                8.423463937522659e-12,
                6.475946140627533e-07,
                0.99999935227796
            ],
            [
                0.047425843633386075,
                3.301932528780847e-07,
                1.3494243550356998e-09,
                2.0027233150080512e-07,
                0.9525736245516052
            ]
        ],
        [
            [
                0.9999999998459059,
                6.22414460741161e-11,
                0.0,
                1.291780001569868e-12,
                9.056076967126069e-11
            ],
            [
                0.9947436797562337,
                0.005219935904239549,
                5.684967980530232e-07,
                3.517165146138935e-05,
                6.441912672872271e-07
            ],
            [
                1.7482341279805998e-13,
                4.5087552415457266e-12,
                0.9999999999244176,
                7.052879849940372e-11,
                3.7010116779777746e-13
            ],
            [
                1.1032413654380083e-09,
                8.592052393198868e-10,
                3.3315002519493734e-11,
                1.3007124732460574e-05,
                0.9999869908795059
            ],
            [
                4.847350413909452e-11,
                1.6918915379538597e-10,
                1.7832405614311686e-11,
                3.726639108926362e-06,
                0.999996273125396
            ]
        ],
        [
            [
                0.9999999997867406,
                1.6918979187670557e-10,
                0.0,
                1.2917800018479548e-12,
                4.2777878592395415e-11
            ],
            [
                0.9820135149282895,
                0.017986202043481413,
                3.5877683359804396e-08,
                2.33951883645762e-07,
                1.3198662104930795e-08
            ],
            [
                2.8823507922479183e-13,
                2.5946094971994397e-11,
                0.999999999614299,
                3.581747928796391e-10,
                1.291780004249776e-12
            ],
            [
                2.172311640134765e-10,
                4.058412439964735e-10,
                5.492463970536199e-11,
                5.8291277695994124e-05,
                0.999941708044307
            ],
            [
                2.4616971107527414e-10,
                1.6918980318510718e-10,
                1.0815942255607703e-11,
                1.275190673818924e-07,
                0.9999998720547572
            ]
        ],
        [
            [
                0.9999999998173752,
                1.4930946738093568e-10,
                0.0,
                0.0,
                3.331544536838494e-11
            ],
            [
                0.999999994271608,
                5.602796399987259e-09,
                1.8795288039424586e-12,
                7.433680622531572e-12,
                1.1628232952288412e-10
            ],
            [
                1.8794429530542622e-12,
                1.4930264663825882e-10,
                0.9999546019503079,
                4.539785573406575e-05,
                4.277592444578309e-11
            ],
            [
                9.05607733149744e-11,
                1.3176514767447286e-10,
                1.573710270086494e-11,
                3.927863693739527e-07,
                0.9999996069755676
            ],
            [
                1.2501530212919838e-09,
                1.9171717513131933e-10,
                8.423464798211952e-12,
                3.059023584058886e-07,
                0.9999996926473479
            ]
        ],
        [
            [
                0.9999999997037845,
                1.9171715087126836e-10,
                0.0,
                1.8795288115925234e-12,
                1.0261879604694588e-10
            ],
            [
                0.9999997358739225,
                2.3823697754039753e-07,
                1.9171716005907398e-10,
                1.046740226883365e-08,
                1.522998043450804e-08
            ],
            [
                1.842625214603352e-14,
                5.384940217402729e-13,
                0.9999999999970028,
                2.4133627716757692e-12,
                2.681003867606898e-14
            ],
            [
                3.775113156708098e-11,
                7.99191461546577e-11,
                1.2255998008822524e-11,
                4.7850948460414626e-06,
                0.9999952147752277
            ],
            [
                1.3176515654623347e-10,
                7.991960732712541e-11,
                1.388794532424567e-11,
                8.764249140350771e-08,
                0.999999912131936
            ]
        ],
        [
            [
                0.9999999996114364,
                2.1724399291609503e-10,
                0.0,
                2.1297851651539165e-12,
                1.6918979180061354e-10
            ],
            [
                0.9980731747087633,
                0.0019267343676946085,
                8.136316564866949e-09,
                7.719522224844565e-08,
                5.592003143882446e-09
            ],
            [
                6.431393940944673e-14,
                7.835041784446338e-13,
                0.9999999999916458,
                7.433680671765798e-12,
                7.287724095244816e-14
            ],
            [
                6.224145094019284e-11,
                1.1628233910373129e-10,
                2.0206840619697286e-11,
                8.315279890355129e-07,
                0.9999991682732804
            ],
            [
                1.026188092937269e-10,
                1.162823450067463e-10,
                1.2256068993946239e-11,
                1.855391597240363e-07,
                0.999999814229683
            ]
        ],
        [
            [
                0.9999999995645308,
                1.1628232985641381e-10,
                0.0,
                3.0988191268417675e-12,
                3.160881442195704e-10
            ],
            [
                0.9968267680917001,
                0.0031726813045445936,
                2.8363074416257932e-08,
                5.027470439595778e-07,
                1.949363695984459e-08
            ],
            [
                3.2661313401399095e-13,
                2.0206839073842434e-11,
                0.9999999992187971,
                7.582560421765456e-10,
                2.4133627698769333e-12
            ],
            [
                3.5817276342192124e-10,
                4.599029317990323e-10,
                2.289721870805949e-11,
                4.7850948405618506e-06,
                0.9999952140641865
            ],
            [
                9.73603374135205e-10,
                7.582430701774597e-10,
                7.052759187008169e-11,
                1.6701415049413046e-05,
                0.9999832967825766
            ]
        ],
        [
            [
                0.9999999998504023,
                1.1628232993608798e-10,
                0.0,
                0.0,
                3.3315445316768494e-11
            ],
            [
                4.613106400750298e-05,
                0.044644486046516385,
                0.25691132013436846,
                0.6983573522340081,
                4.071052109955309e-05
            ],
            [
                9.357622968091062e-14,
                8.87826547774892e-13,
                0.999999999990475,
                8.423463753794317e-12,
                1.2015425730809906e-13
            ],
            [
                1.4166088523152959e-09,
                4.599055591858409e-10,
                2.0206840026984362e-11,
                1.4449803130966077e-07,
                0.9999998536052475
            ],
            [
                8.589922653279123e-10,
                1.1029679014192198e-09,
                1.6914560595316476e-10,
                0.00026119032834525383,
                0.9997388075405489
            ]
        ],
        [
            [
                0.9999999996692404,
                3.160881448194265e-10,
                0.0,
                7.835041769895846e-13,
                1.3887943838077134e-11
            ],
            [
                0.999999607067967,
                3.9278636966933673e-07,
                1.0815941973670755e-11,
                5.4927885624124657e-11,
                7.99196020062319e-11
            ],
            [
                1.4637784914813764e-12,
                1.917171484099827e-10,
                0.9999999845728604,
                1.52299795091061e-08,
                3.978962474283019e-12
            ],
            [
                2.0206301003808328e-11,
                7.9917470756489e-11,
                1.573668304474244e-11,
                2.753568982359467e-05,
                0.999972464194316
            ],
            [
                3.581741375421256e-10,
                3.160875669668347e-10,
                2.9400723587261516e-11,
                2.2603252704121346e-06,
                0.9999977389710671
            ]
        ],
        [
            [
                0.9999999998373705,
                1.3176514237177602e-10,
                0.0,
                1.4637785104690644e-12,
                2.940077731939504e-11
            ],
            [
                0.9999991673807219,
                8.315279869775537e-07,
                3.775134820679539e-11,
                7.99196047809367e-11,
                9.736201025855698e-10
            ],
            [
                4.193795656579325e-13,
                2.940077738022421e-11,
                0.9999999996084936,
                3.581747928745688e-10,
                3.5114221118692065e-12
            ],
            [
                4.944347152945612e-09,
                1.4165791766609415e-09,
                7.991792844864974e-11,
                2.1444939612782193e-05,
                0.9999785486195429
            ],
            [
                8.423448806180169e-12,
                3.331538630003631e-11,
                4.50874724105258e-12,
                1.370956653478511e-06,
                0.999998628997099
            ]
        ],
        [
            [
                0.9999999998679805,
                1.0261879609195811e-10,
                0.0,
                0.0,
                2.940077732836373e-11
            ],
            [
                0.999999996444989,
                3.3982677797114427e-09,
                0.0,
                7.433680585325855e-12,
                1.493094658717458e-10
            ],
            [
                8.258073284623353e-14,
                1.879528816326832e-12,
                0.9999999999776328,
                2.0206839087940254e-11,
                1.9810087978252685e-13
            ],
            [
                2.940072523237083e-11,
                4.277780279664828e-11,
                4.508747243227081e-12,
                1.3709566541397026e-06,
                0.9999986289666586
            ],
            [
                1.0261880122404429e-10,
                7.991960275113454e-11,
                1.0815942074482365e-11,
                1.4449803152053074e-07,
                0.9999998553086141
            ]
        ],
        [
            [
                0.99999999993866,
                3.7751345398825914e-11,
                0.0,
                6.914400098887721e-13,
                2.289734842978937e-11
            ],
            [
                0.9999993518714442,
                6.47594613715544e-07,
                3.775134624294167e-11,
                2.1724399811245105e-10,
                2.7894681519925083e-10
            ],
            [
                9.878830118413728e-11,
                2.1332333143485094e-08,
                0.9626730195794195,
                0.03732688453230029,
                7.445715875359302e-08
            ],
            [
                0.9999999998937021,
                9.056076967558915e-11,
                0.0,
                0.0,
                1.5737102068434613e-11
            ],
            [
                0.00012339381695041746,
                1.8551510057435792e-07,
                6.6907192290573e-10,
                6.143416400682122e-06,
                0.9998702765824764
            ]
        ],
        [
            [
                0.9999999998112805,
                1.4930946728378906e-10,
                0.0,
                1.6586783551824154e-12,
                3.775134535785524e-11
            ],
            [
                0.9999970868064259,
                2.902312163213125e-06,
                1.6918915024509542e-10,
                4.3634456951220586e-09,
                6.3487760245553446e-09
            ],
            [
                8.258073284550399e-14,
                1.4637785139476761e-12,
                0.9999999999687985,
                2.9400777389264824e-11,
                2.5436656470672006e-13
            ],
            [
                7.991960899552466e-11,
                1.317651592969588e-10,
                1.081594291956867e-11,
                1.8553915963051174e-07,
                0.9999998142383396
            ],
            [
                2.7894682206876925e-10,
                1.6918980001411323e-10,
                1.5737102827967044e-11,
                5.043472046948584e-07,
                0.9999994951889216
            ]
        ],
        [
            [
                0.9999999990678845,
                4.0586521089001737e-10,
                0.0,
                5.109089005939011e-12,
                5.211412465321125e-10
            ],
            [
                0.9999977037113097,
                2.2603251882552526e-06,
                3.1608755547788257e-10,
                2.845329498391353e-08,
                7.194119603045917e-09
            ],
            [
                1.2015425730756334e-13,
                3.098819138459937e-12,
                0.9999999999704154,
                2.5946094980571902e-11,
                4.193795658025117e-13
            ],
            [
                5.211402955684777e-10,
                1.6918948279616593e-10,
                1.225604502650493e-11,
                1.0677030753360118e-06,
                0.9999989315943388
            ],
            [
                9.056077425620581e-11,
                1.1628233589988914e-10,
                1.0815942077950987e-11,
                1.444980315668706e-07,
                0.9999998552843093
            ]
        ],
        [
            [
                0.9999999999571396,
                3.7751345399523544e-11,
                0.0,
                0.0,
                5.109089022207715e-12
            ],
            [
                0.622446823833457,
                0.3775330684164172,
                5.175823240741812e-07,
                1.9422133423186543e-05,
                1.6803437857175193e-07
            ],
            [
                3.266131342373618e-13,
                8.423463753401368e-12,
                0.9999999999355385,
                5.49278835025873e-11,
                7.835041784071666e-13
            ],
            [
                0.14804584786031172,
                1.4997179259271973e-06,
                6.129010230508693e-09,
                7.616196065428905e-06,
                0.8519450300966868
            ],
            [
                5.60270055816733e-09,
                8.592019583398131e-10,
                7.991823128377948e-11,
                1.670141497787205e-05,
                0.9999832920432015
            ]
        ],
        [
            [
                0.9999999996818381,
                2.7894680798096835e-10,
                0.0,
                1.4637785072730481e-12,
                3.7751345266053364e-11
            ],
            [
                0.9999977282856126,
                2.260325244348729e-06,
                9.056060311962663e-11,
                2.0611498266092112e-09,
                9.237432650243699e-09
            ],
            [
                3.2661313421000685e-13,
                5.109089026988084e-12,
                0.9999999998444713,
                1.4930946758829326e-10,
                7.835041783415454e-13
            ],
            [
                1.3134710268246165e-10,
                8.564906985717585e-10,
                1.3134710268246165e-10,
                0.0031726830889213646,
                0.9968273157918937
            ],
            [
                1.3176514000959813e-10,
                6.224144495777102e-11,
                6.560200034159026e-12,
                1.955568068841777e-08,
                0.9999999802437525
            ]
        ],
        [
            [
                0.99999999989058,
                7.052879839018954e-11,
                0.0,
                1.1399918510896706e-12,
                3.775134537806071e-11
            ],
            [
                0.9999967875296055,
                2.902312333837829e-06,
                4.058636963906605e-10,
                3.0590146942284196e-07,
                3.850727536922606e-09
            ],
            [
                2.5436656449391926e-13,
                7.433680665228097e-12,
                0.9999999991322075,
                8.59216661093978e-10,
                8.878265469951145e-13
            ],
            [
                5.043178528963456e-07,
                2.2158180027806083e-08,
                3.1606946291434155e-10,
                5.829121820131158e-05,
                0.9999411819896963
            ],
            [
                4.508746996025559e-12,
                2.5946047528761485e-11,
                3.51141569117555e-12,
                1.0677030755024614e-06,
                0.9999989322629583
            ]
        ],
        [
            [
                0.9999999997865694,
                1.4930946723912303e-10,
                0.0,
                1.8795288117481198e-12,
                6.22414460704229e-11
            ],
            [
                0.9959255698532906,
                0.00407012013719121,
                6.79779935405568e-08,
                4.205645526771873e-06,
                3.638599793037312e-08
            ],
            [
                1.7482341280182286e-13,
                3.0988191382736766e-12,
                0.9999999999259095,
                7.052879850092178e-11,
                2.882350793027544e-13
            ],
            [
                3.1608273836784306e-10,
                2.4616548415623016e-10,
                2.94002744575927e-11,
                1.6701415087796917e-05,
                0.9999832979932637
            ],
            [
                6.22414533851485e-11,
                1.1628234367150981e-10,
                1.3887945461699217e-11,
                7.734422796389375e-08,
                0.9999999224633603
            ]
        ],
        [
            [
                0.9999999995364717,
                3.5817479178814177e-10,
                0.0,
                2.7346982821230113e-12,
                1.0261879596170244e-10
            ],
            [
                0.9999999665205115,
                3.224186626542336e-08,
                1.783247229580236e-11,
                2.461696867283899e-10,
                9.736199978681053e-10
            ],
            [
                6.91440010361335e-13,
                2.9400777378698587e-11,
                0.9999999995616293,
                4.058652124522879e-10,
                2.413362770672028e-12
            ],
            [
                2.020491299219348e-11,
                1.1627124637333955e-10,
                2.2895165901453865e-11,
                9.610240264438696e-05,
                0.9999038974379842
            ],
            [
                2.4616876381803833e-10,
                1.9171642602920796e-10,
                2.2897261826155292e-11,
                2.9023121958108105e-06,
                0.9999970972270217
            ]
        ],
        [
            [
                0.9999999998400522,
                1.1628233011888401e-10,
                0.0,
                8.87826546446257e-13,
                4.2777878622248234e-11
            ],
            [
                0.9990889474031833,
                0.0009110513981646489,
