{
    "[['A', 'B', 'C', 'D', 'E'], ['A', 'B', 'C', 'D', 'E']]": [
        [
            [
                0.9999999999978701,
                2.129785169335538e-12,
                0.0,
                0.0,
                0.0
            ],
            [
                0.9999999999925664,
                7.43368066887647e-12,
                0.0,
                0.0,
                0.0
            ],
            [
                1.6586783577793796e-12,
                5.211412484322942e-10,
                0.9999999993452104,
                1.3176514261080224e-10,
                2.2447770534851195e-13
            ],
            [
                7.394875912679661e-12,
                1.4853005318651842e-10,
                2.581065306312566e-11,
                0.0052201257077261675,
                0.9947798741105383
            ],
            [
                1.8795290521005198e-12,
                2.289735132618131e-11,
                4.508755807377336e-12,
                3.059023588405783e-07,
                0.9999996940683555
            ]
        ],
        [
            [
                0.9999999999969011,
                3.098819136637833e-12,
                0.0,
                0.0,
                0.0
            ],
            [
                0.9999999999821676,
                1.7832472892506436e-11,
                0.0,
                0.0,
                0.0
            ],
            [
                1.3887943453775304e-11,
                2.5109990813993178e-08,
                0.9999999705086802,
                4.363462123752047e-09,
                3.9789624180297e-12
            ],
            [
                3.9789552608636885e-12,
                2.2897306591873263e-11,
                2.7346932915805492e-12,
                1.067703076128636e-06,
                0.9999989322673128
            ],
            [
                2.7339840925605807e-12,
                4.846102758196572e-11,
                7.431739278103517e-12,
                0.00026119032893036223,
                0.9997388096124429
            ]
        ],
        [
            [
                0.999999999989184,
                1.081594154663809e-11,
                0.0,
                0.0,
                0.0
            ],
            [
                0.999999999896906,
                1.0261879623777128e-10,
                0.0,
                0.0,
                4.75219305910126e-13
            ],
            [
                1.7832472689712084e-11,
                1.1861120006054078e-08,
                0.9999999878413169,
                2.7894680587000503e-10,
                7.835041689091054e-13
            ],
            [
                3.9786669017756255e-12,
                7.052355827199472e-11,
                1.2255156827081782e-11,
                7.484619807747877e-05,
                0.9999251537151652
            ],
            [
                6.560163471853126e-12,
                7.991915187707824e-11,
                9.54498153003823e-12,
                6.144172124428926e-06,
                0.9999938557318513
            ]
        ],
        [
            [
                0.9999999999985363,
                1.4637785133606023e-12,
                0.0,
                0.0,
                0.0
            ],
            [
                0.9999999999450722,
                5.492788345305088e-11,
                0.0,
                0.0,
                0.0
            ],
            [
                1.0603575989888132e-13,
                7.835041783855752e-13,
                0.9999999999950488,
                3.978962535223443e-12,
                8.258073284282025e-14
            ],
            [
                1.2150929951171422e-11,
                2.1538038685468461e-10,
                5.4456689956608393e-11,
                0.008577485683107889,
                0.9914225140349041
            ],
            [
                1.1399832148410526e-12,
                2.020668597440498e-11,
                2.129769032667385e-12,
                7.889265046429337e-06,
                0.9999921107114771
            ]
        ],
        [
            [
                0.9999999999934397,
                6.5602001624741085e-12,
                0.0,
                0.0,
                0.0
            ],
            [
                0.9999999998501521,
                1.49309467451972e-10,
                0.0,
                0.0,
                5.384940211704227e-13
            ],
            [
                1.3176414357128377e-10,
                7.889265005168717e-06,
                0.9999921056492728,
                4.944413009874344e-09,
                9.544962546130025e-12
            ],
            [
                5.105465273267824e-12,
                9.049653730606623e-11,
                1.387809347815262e-11,
                0.0007096703442257111,
                0.9992903295462943
            ],
            [
                3.978955350854135e-12,
                4.2777801443841875e-11,
                8.423448543859294e-12,
                1.7603431334234224e-06,
                0.9999982396016863
            ]
        ],
        [
            [
                0.9999999999983413,
                1.6586783578010196e-12,
                0.0,
                0.0,
                0.0
            ],
            [
                0.9999999999450722,
                5.492788345931898e-11,
                0.0,
                0.0,
                0.0
            ],
            [
                1.1399918524399572e-12,
                4.058652124323886e-10,
                0.9999999995126001,
                7.991959888716773e-11,
                4.752193060251646e-13
            ],
            [
                3.0985888992215756e-12,
                4.847008551095495e-11,
                9.544325735252673e-12,
                7.484619797228076e-05,
                0.9999251537409146
            ],
            [
                1.1399919733584528e-12,
                2.0206841222840573e-11,
                3.5114224839700215e-12,
                8.764249144417451e-08,
                0.9999999123326503
            ]
        ],
        [
            [
                0.9999999999964886,
                3.5114221103458096e-12,
                0.0,
                0.0,
                0.0
            ],
            [
                0.999999999989184,
                1.0815941548962917e-11,
                0.0,
                0.0,
                0.0
            ],
            [
                1.2917800044114327e-12,
                1.691897922124549e-10,
                0.9999999997585145,
                7.052879849067112e-11,
                4.75219306139321e-13
            ],
            [
                4.503478210354645e-12,
                7.982606130029712e-11,
                2.2870549476990713e-11,
                0.001169510350974147,
                0.9988304895418257
            ],
            [
                1.4637758374571874e-12,
                2.9400723630516283e-11,
                4.50874699757473e-12,
                1.0677030758693158e-06,
                0.9999989322615509
            ]
        ],
        [
            [
                0.9999999999987081,
                1.2917800041109515e-12,
                0.0,
                0.0,
                0.0
            ],
            [
                0.9999999966017321,
                3.3982678031328306e-09,
                0.0,
                0.0,
                0.0
            ],
            [
                1.3176515258801917e-10,
                8.315279884904842e-07,
                0.9999991665173057,
                1.8189618240397612e-09,
                3.978962834400717e-12
            ],
            [
                6.554221851250472e-12,
                1.3164506499605478e-10,
                2.0188424577768437e-11,
                0.0009110514084671368,
                0.9990889484331452
            ],
            [
                3.0988134732595387e-12,
                3.7751276423330887e-11,
                9.545017471988238e-12,
                1.067703076229525e-06,
                0.9999989322465286
            ]
        ],
        [
            [
                0.9999999999884004,
                1.0815941546629615e-11,
                0.0,
                0.0,
                7.835041777345152e-13
            ],
            [
                0.9999999999450722,
                5.492788346486453e-11,
                0.0,
                0.0,
                0.0
            ],
            [
                7.05288030950407e-11,
                8.3152798014034e-07,
                0.9999991565174727,
                1.1861120922240491e-08,
                2.2897349944636176e-11
            ],
            [
                5.766250129431494e-11,
                1.312392480288957e-09,
                4.828022122463048e-10,
                0.1824255147298652,
                0.8175744834172776
            ],
            [
                2.413063683865454e-12,
                7.052005787947622e-11,
                1.2254548550070218e-11,
                0.00012339462905560636,
                0.9998766052857567
            ]
        ],
        [
            [
                0.9999999999981204,
                1.879528815670855e-12,
                0.0,
                0.0,
                0.0
            ],
            [
                0.999999999989184,
                1.0815941552191645e-11,
                0.0,
                0.0,
                0.0
            ],
            [
                1.0815880169745314e-11,
                1.0467342385395326e-08,
                0.9999952041109585,
                4.7850947968788775e-06,
                3.160863514244686e-10
            ],
            [
                7.262878757219278e-12,
                1.6530235859131455e-10,
                4.179498153179923e-11,
                0.02297736782161017,
                0.9770226319640296
            ],
            [
                1.291780067334552e-12,
                2.0206840068646206e-11,
                3.5114222834011146e-12,
                1.4449803160758238e-07,
                0.9999998554769584
            ]
        ],
        [
            [
                0.9999999999791016,
                2.0206839070126096e-11,
                0.0,
                0.0,
                6.914400100063705e-13
            ],
            [
                0.999999999989184,
                1.0815941539806656e-11,
                0.0,
                0.0,
                0.0
            ],
            [
                2.481328652358834e-08,
                1.4565037683128602e-05,
                0.3208161913921408,
                0.6791678639973492,
                1.3547595404302725e-06
            ],
            [
                5.788804499343281e-12,
                9.055213783275916e-11,
                1.2254899221277252e-11,
                9.610240038834801e-05,
                0.9999038974910158
            ],
            [
                5.109079686692903e-12,
                4.277780047535304e-11,
                5.109079686692903e-12,
                1.0677030761036678e-06,
                0.999998932243928
            ]
        ],
        [
            [
                0.999999999994891,
                5.1090890241619245e-12,
                0.0,
                0.0,
                0.0
            ],
            [
                0.9999999998506905,
                1.4930946750925132e-10,
                0.0,
                0.0,
                0.0
            ],
            [
                3.398222543919016e-09,
                1.0129958634040651e-05,
                0.9999869623002765,
                2.9022817406479455e-06,
                2.061126161413544e-09
            ],
            [
                4.508325476133255e-12,
                1.0260901488426681e-10,
                1.3886620091992055e-11,
                9.610240110644317e-05,
                0.9999038974778897
            ],
            [
                6.101936813211593e-13,
                1.573710245659608e-11,
                2.129785218287024e-12,
                6.475946143813948e-07,
                0.9999993523869085
            ]
        ],
        [
            [
                0.9999999999925664,
                7.43368066732095e-12,
                0.0,
                0.0,
                0.0
            ],
            [
                0.999999999683912,
                3.160881451198893e-10,
                0.0,
                0.0,
                0.0
            ],
            [
                1.0060392777260363e-12,
                2.461696948004845e-10,
                0.9999999985005414,
                1.2501528644515907e-09,
                2.129785167659022e-12
            ],
            [
                1.5564206485891718e-11,
                4.014061758125283e-10,
                7.90415625165542e-11,
                0.010986942387330697,
                0.9890130571166573
            ],
            [
                2.734672419754904e-12,
                3.3315130238166476e-11,
                7.433610345407881e-12,
                1.0129988101337182e-05,
                0.9999898699684152
            ]
        ],
        [
            [
                0.9999999999791016,
                2.0206839070126096e-11,
                0.0,
                0.0,
                6.914400100063705e-13
            ],
            [
                0.9999999999515263,
                4.8473687023597386e-11,
                0.0,
                0.0,
                0.0
            ],
            [
                1.691897917456336e-10,
                2.3355930316778414e-09,
                0.9999999970308029,
                4.59905536462926e-10,
                4.508755228547104e-12
            ],
            [
                1.2917677838866422e-12,
                2.940049924645748e-11,
                3.5113888935278705e-12,
                1.0129988102051499e-05,
                0.9999898699776942
            ],
            [
                3.0987661329897556e-12,
                4.277714696812933e-11,
                9.544871653691618e-12,
                1.6701415105332288e-05,
                0.9999832985294739
            ]
        ],
        [
            [
                0.9999999999972653,
                2.7346982897533025e-12,
                0.0,
                0.0,
                0.0
            ],
            [
                0.999999999986112,
                1.3887943856566359e-11,
                0.0,
                0.0,
                0.0
            ],
            [
                4.709078406734334e-07,
                0.49977184685393805,
                0.49977184415681497,
                0.00045573300766442264,
                1.0507374190461448e-07
            ],
            [
                6.808767177059164e-11,
                1.367577445362101e-09,
                1.2068828595766078e-09,
                0.14804720337297722,
                0.8519527939844748
            ],
            [
                1.879528908193376e-12,
                2.940077882655909e-11,
                2.734698424948084e-12,
                1.4449803165729916e-07,
                0.9999998554679533
            ]
        ],
        [
            [
                0.9999999999985363,
                1.4637785131437246e-12,
                0.0,
                0.0,
                0.0
            ],
            [
                0.999999999989184,
                1.081594155152854e-11,
                0.0,
                0.0,
                0.0
            ],
            [
                2.543665647163112e-13,
                2.0206839088523662e-11,
                0.9999999999361509,
                4.277787868609424e-11,
                6.101936677092419e-13
            ],
            [
                2.5349937702639968e-11,
                5.769619227395237e-10,
                1.8731211178920388e-10,
                0.022977367832492553,
                0.9770226313778834
            ],
            [
                2.4132985069042372e-12,
                4.847239626709872e-11,
                7.433482722435159e-12,
                2.7535689827344135e-05,
                0.9999724642518535
            ]
        ],
        [
            [
                0.9999999999942106,
                5.78935632482147e-12,
                0.0,
                0.0,
                0.0
            ],
            [
                0.9999999999505202,
                4.847368701865469e-11,
                0.0,
                0.0,
                1.0060392783691325e-12
            ],
            [
                7.991960693177592e-11,
                8.764249096995436e-08,
                0.9999999066652474,
                5.602796998537364e-09,
                9.545035878571498e-12
            ],
            [
                7.404011722570008e-11,
                1.3123924798282717e-09,
                4.2607145671879164e-10,
                0.18242551492008113,
                0.8175744832674148
            ],
            [
                3.511422382583502e-12,
                3.775134833703888e-11,
                8.423464400262646e-12,
                8.315279898463548e-07,
                0.999999168422324
            ]
        ],
        [
            [
                0.9999999999884925,
                1.0815941550774089e-11,
                0.0,
                0.0,
                6.914400102777473e-13
            ],
            [
                0.9999999983946177,
                1.6052280510457247e-09,
                0.0,
                0.0,
                1.542811199212974e-13
            ],
            [
                6.560200072210711e-12,
                2.646573600202921e-09,
                0.9999999854655393,
                1.1861119977874693e-08,
                2.0206838794696717e-11
            ],
            [
                4.152394941339145e-11,
                1.7656432579732766e-09,
                3.737866806461483e-09,
                0.9706877667243442,
                0.029312227730621795
            ],
            [
                3.510243756798589e-12,
                1.0258435968999021e-10,
                2.020005811630557e-11,
                0.000335350057068285,
                0.999664649816637
            ]
        ],
        [
            [
                0.9999999999791016,
                2.0206839067506567e-11,
                0.0,
                0.0,
                6.91440009916735e-13
            ],
            [
                0.999999999868235,
                1.3176514259542087e-10,
                0.0,
                0.0,
                0.0
            ],
            [
                0.0,
                2.5436656471686554e-13,
                0.9999999999980427,
                1.6586783587784238e-12,
                4.420228103279258e-14
            ],
            [
                3.0986775724446667e-12,
                5.4925374187242894e-11,
                9.544598868008485e-12,
                4.5397856324843384e-05,
                0.9999546020761065
            ],
            [
                5.108787312135652e-12,
                9.055542185394647e-11,
                1.388712371604047e-11,
                5.8291277633260154e-05,
                0.9999417086128154
            ]
        ],
        [
            [
                0.999999999989184,
                1.0815941549931128e-11,
                0.0,
                0.0,
                0.0
            ],
            [
                0.9999999970010391,
                2.9989608104085464e-09,
                0.0,
                0.0,
                0.0
            ],
            [
                1.2501314632261169e-09,
                1.670141484986641e-05,
                0.9999832838770067,
                1.3440179845472909e-08,
                1.783216760845683e-11
            ],
            [
                1.6586626669566876e-12,
                3.331513024027148e-11,
                6.560138105257761e-12,
                1.0129988101977243e-05,
                0.9999898699703641
            ],
            [
                6.550347977454856e-12,
                1.3156725616089716e-10,
                2.5907128812661584e-11,
                0.0015011820372422052,
                0.9984988177987331
            ]
        ],
        [
            [
                0.9999999999928295,
                6.560200161719596e-12,
                0.0,
                0.0,
                6.101936671620603e-13
            ],
            [
                0.9999999999954912,
                4.508755240199422e-12,
                0.0,
                0.0,
                0.0
            ],
            [
                8.878265476394552e-13,
                9.056076987566403e-11,
                0.999999999805149,
                1.0261879629314952e-10,
                7.83504178324194e-13
            ],
            [
                9.54499891546698e-12,
                6.224121143150726e-11,
                1.2256021209716529e-11,
                3.726639113775657e-06,
                0.9999962732768439
            ],
            [
                1.879525380201607e-12,
                2.2897306593294977e-11,
                3.978955261110745e-12,
                1.0677030761949306e-06,
                0.999998932268168
            ]
        ],
        [
            [
                0.9999999999871338,
                1.2256067434648557e-11,
                0.0,
                0.0,
                6.101936672899985e-13
            ],
            [
                0.9999999993303663,
                6.691586079429339e-10,
                0.0,
                0.0,
                4.75219305434604e-13
            ],
            [
                1.4374373974879144e-07,
                0.005220123791779248,
                0.9947794951148147,
                2.3699336125381593e-07,
                3.563051077844793e-10
            ],
            [
                3.5113955059545986e-12,
                4.8473319758572855e-11,
                7.433624344439555e-12,
                7.889265046693206e-06,
                0.999992110675535
            ],
            [
                2.734437625760352e-12,
                6.22355135020979e-11,
                1.3886620094642874e-11,
                9.610240038532168e-05,
                0.999903897520758
            ]
        ],
        [
            [
                0.9999999999964886,
                3.5114221110138703e-12,
                0.0,
                0.0,
                0.0
            ],
            [
                0.9999999992417439,
                7.582560415647321e-10,
                0.0,
                0.0,
                0.0
            ],
            [
                3.7010116777432424e-13,
                3.33154454140178e-11,
                0.9999999997964333,
                1.691897922226818e-10,
                6.914400105353259e-13
            ],
            [
                2.4133629504993895e-12,
                2.0206840586175743e-11,
                3.5114223733342636e-12,
                2.382369843873511e-07,
                0.999999761736884
            ],
            [
                3.0988074489394554e-12,
                3.775120303208785e-11,
                1.0815900755936123e-11,
                3.7266391138963116e-06,
                0.9999962733092201
            ]
        ],
        [
            [
                0.99999999999886,
                1.139991852448703e-12,
                0.0,
                0.0,
                0.0
            ],
            [
                0.9999999999934397,
                6.5602001642343166e-12,
                0.0,
                0.0,
                0.0
            ],
            [
                2.1297851670667393e-12,
                1.6052280522544213e-09,
                0.9999999982224463,
                1.6918979195256786e-10,
                1.0060392774462617e-12
            ],
            [
                2.181141228973805e-11,
                3.866165335236677e-10,
                2.0694091802293848e-10,
                0.04742587542911778,
                0.9525741239555134
            ],
            [
                1.658675363583529e-12,
                2.940072429933764e-11,
                4.508747100141807e-12,
                1.7603431332280022e-06,
                0.9999982396212986
            ]
        ],
        [
            [
                0.9999999999981204,
                1.879528815555678e-12,
                0.0,
                0.0,
                0.0
            ],
            [
                0.9999999995395561,
                4.5990553725831245e-10,
                0.0,
                0.0,
                5.384940210647742e-13
            ],
            [
                2.9788822784910718e-09,
                1.3617815837581369e-06,
                0.9933057166479431,
                0.006692841765204292,
                7.68263865355873e-08
            ],
            [
                4.27136343206362e-11,
                2.7852788337679304e-10,
                6.214797122366701e-11,
                0.001501182033988134,
                0.9984988175826224
            ],
            [
                3.5114088682303882e-12,
                3.7751203044050355e-11,
                4.508738235190555e-12,
                3.726639115077199e-06,
                0.9999962733151136
            ]
        ],
        [
            [
                0.9999999999978701,
                2.1297851696930043e-12,
                0.0,
                0.0,
                0.0
            ],
            [
                0.9999999999942106,
                5.7893563260345786e-12,
                0.0,
                0.0,
                0.0
            ],
            [
                9.357622968119136e-14,
                2.4133627716472553e-12,
                0.999999999993475,
                3.978962535530646e-12,
                3.900837609880141e-14
            ],
            [
                4.504646409329775e-12,
                1.0252527970977754e-10,
                2.0188424578430864e-11,
                0.0009110514068542045,
                0.9990889484659276
            ],
            [
                1.006035473840191e-12,
                2.5945996839092915e-11,
                3.0988074171317917e-12,
                2.9023121981955428e-06,
                0.9999970976577509
            ]
        ],
        [
            [
                0.999999999994891,
                5.1090890250188505e-12,
                0.0,
                0.0,
                0.0
            ],
            [
                0.9999999999089009,
                9.056076978856696e-11,
                0.0,
                0.0,
                5.384940211322505e-13
            ],
            [
                8.423463624285093e-12,
                3.3982677669752767e-09,
                0.9999999846944374,
                1.1861119968031735e-08,
                3.775134485934877e-11
            ],
            [
                3.978955258645058e-12,
                4.847359840835276e-11,
                8.423448348652678e-12,
                2.2603252730262007e-06,
                0.999997739613851
            ],
            [
                7.433241677845362e-12,
                7.052463344720723e-11,
                9.544471242736079e-12,
                5.8291277882098064e-05,
                0.9999417086346155
            ]
        ],
        [
            [
                0.999999999987744,
                1.2256067434656035e-11,
                0.0,
                0.0,
                0.0
            ],
            [
                0.999999974890009,
                2.5109990915379934e-08,
                0.0,
                0.0,
                0.0
            ],
            [
                1.9171679697378752e-10,
                2.2603252286101807e-06,
                0.9999977199095773,
                1.9555644937859253e-08,
                1.7832439943621322e-11
            ],
            [
                1.0771924450502363e-11,
                2.1635988628435325e-10,
                5.470434619649679e-11,
                0.004070137790263257,
                0.9959298619279006
            ],
            [
                1.0060392462326746e-12,
                1.573710158986387e-11,
                3.09881903691868e-12,
                3.2241866313349815e-08,
                0.9999999677382918
            ]
        ],
        [
            [
                0.9999999999987081,
                1.2917800040210701e-12,
                0.0,
                0.0,
                0.0
            ],
            [
                0.9999999996411337,
                3.5817479250462276e-10,
                0.0,
                0.0,
                6.914400096830505e-13
            ],
            [
                2.54366564711459e-13,
                1.0815941556170224e-11,
                0.9999999999262688,
                6.224144622265875e-11,
                4.19379565794703e-13
            ],
            [
                2.734599518635473e-12,
                3.774998192418675e-11,
                6.559963224148955e-12,
                3.535625788209466e-05,
                0.9999646436950733
            ],
            [
                7.835041960181136e-13,
                1.7832473306710268e-11,
                3.511422191858393e-12,
                6.475946144636227e-07,
                0.9999993523832582
            ]
        ],
        [
            [
                0.9999999999985363,
                1.4637785128655854e-12,
                0.0,
                0.0,
                0.0
            ],
            [
                0.9999999998506905,
                1.4930946738583903e-10,
                0.0,
                0.0,
                0.0
            ],
            [
                1.1399918527624374e-12,
                6.224144621368562e-11,
                0.9999999997860172,
                1.4930946758279244e-10,
                1.2917800044665412e-12
            ],
            [
                1.8992674595634545e-11,
                3.8147806686070605e-10,
                1.4033793805587865e-10,
                0.06008665444343444,
                0.9399133450157569
            ],
            [
                2.4132985067341224e-12,
                3.7750340167502886e-11,
                9.544780749443116e-12,
                2.7535690300609778e-05,
                0.999972464259991
            ]
        ],
        [
            [
                0.9999999999975866,
                2.4133627705691446e-12,
                0.0,
                0.0,
                0.0
            ],
            [
                0.9999999998302,
                1.6918979206805804e-10,
                0.0,
                0.0,
                6.101936670628247e-13
            ],
            [
                1.1032560721878804e-09,
                3.9278636873366676e-07,
                0.9999996045011681,
                1.6052281131587646e-09,
                3.978962679538319e-12
            ],
            [
                3.978469423368323e-12,
                7.052005788347045e-11,
                1.5735151809215307e-11,
                0.00012339462860491292,
                0.9998766052811614
            ],
            [
                1.6579635528910554e-12,
                3.3301088158892696e-11,
                5.786861410561707e-12,
                0.0004305571212609358,
                0.9995694428379932
            ]
        ],
        [
            [
                0.9999999999981204,
                1.8795288155556285e-12,
                0.0,
                0.0,
                0.0
            ],
            [
                0.9999999999450722,
                5.492788345931898e-11,
                0.0,
                0.0,
                0.0
            ],
            [
                7.052880643066981e-11,
                1.3440411460333772e-08,
                0.9999996804175152,
                3.05902354851031e-07,
                1.6918981125952157e-10
            ],
            [
                1.2917777130683077e-12,
                2.940072523359055e-11,
                4.508747243414131e-12,
                1.3709566541965783e-06,
                0.9999986290081445
            ],
            [
                2.4133629493924146e-12,
                2.5946096891705974e-11,
                3.978962828582871e-12,
                2.3823698427807519e-07,
                0.9999997617306773
            ]
        ],
        [
            [
                0.9999999999939224,
                5.789356323721155e-12,
                0.0,
                0.0,
                2.8823507909503055e-13
            ],
            [
                0.9999999994788586,
                5.211412469543834e-10,
                0.0,
                0.0,
                0.0
            ],
            [
                4.508755239751522e-12,
                2.789468091295439e-10,
                0.9999999994981605,
                2.172439933853585e-10,
                1.1399918524013077e-12
            ],
            [
                6.557373055360982e-12,
                1.0257457283230611e-10,
                2.0198130969764005e-11,
                0.0004305571217197961,
                0.9995694427489501
            ],
            [
                2.7346827981568277e-12,
                4.847341243499525e-11,
                9.544980845438727e-12,
                4.785094845463021e-06,
                0.9999952148444015
            ]
        ],
        [
            [
                0.9999999999983413,
                1.658678357931608e-12,
                0.0,
                0.0,
                0.0
            ],
            [
                0.999999999989184,
                1.0815941548962314e-11,
                0.0,
                0.0,
                0.0
            ],
            [
                2.2447770548667217e-13,
                1.6586783588002532e-12,
                0.9999999999935254,
                4.508755241985001e-12,
                8.258073284988458e-14
            ],
            [
                5.109089275751267e-12,
                3.331544703679239e-11,
                5.78935660939786e-12,
                1.4449803161616907e-07,
                0.9999998554577545
            ],
            [
                1.4637784910274978e-12,
                2.2897348095135587e-11,
                4.5087551711467095e-12,
                1.5229979504383693e-08,
                0.9999999847411507
            ]
        ],
        [
            [
                0.9999999999964886,
                3.5114221103456364e-12,
                0.0,
                0.0,
                0.0
            ],
            [
                0.9999999988963246,
                1.1032560303876643e-09,
                0.0,
                0.0,
                4.1937956509446413e-13
            ],
            [
                1.783247281339943e-11,
                4.3634622297598855e-09,
                0.9999999947573588,
                8.592166573522468e-10,
                2.1297851596398748e-12
            ],
            [
                8.41081328921316e-12,
                1.3156725612979938e-10,
                2.0176492201663592e-11,
                0.001501182040363186,
                0.9984988177994824
            ],
            [
                1.2917801685649756e-12,
                2.5946098272353405e-11,
                4.508755813939633e-12,
                1.8553915978527082e-07,
                0.9999998144290936
            ]
        ],
        [
            [
                0.9999999999987081,
                1.2917800041900313e-12,
                0.0,
                0.0,
                0.0
            ],
            [
                0.9999999998837177,
                1.1628233023518621e-10,
                0.0,
                0.0,
                0.0
            ],
            [
                5.10908899479409e-12,
                2.0611536090167906e-09,
                0.9999999935681452,
                4.36346222452982e-09,
                2.1297851570871045e-12
            ],
            [
                1.3867086775723375e-11,
                1.9142922814010328e-10,
                6.214797124018896e-11,
                0.0015011820322790377,
                0.9984988177002767
            ],
            [
                2.7346985010749862e-12,
                2.940077964500042e-11,
                3.0988193760972898e-12,
                8.315279897929904e-07,
                0.9999991684367758
            ]
        ],
        [
            [
                0.9999999999925664,
                7.433680666658404e-12,
                0.0,
                0.0,
                0.0
            ],
            [
                0.9999999998308102,
                1.691897921196435e-10,
                0.0,
                0.0,
                0.0
            ],
            [
                1.1399918522096417e-12,
                3.5817479276605883e-10,
                0.9999999993227175,
                3.1608814519992624e-10,
                1.879528815162873e-12
            ],
            [
                7.835041960141452e-13,
                2.2897348968105707e-11,
                3.5114221918406077e-12,
                6.475946144603427e-07,
                0.9999993523781933
            ],
            [
                5.096455765584811e-12,
                1.687714360648243e-10,
                4.8353826005555046e-11,
                0.002472622977564181,
                0.9975273768002142
            ]
        ],
        [
            [
                0.9999999999978701,
                2.1297851696930043e-12,
                0.0,
                0.0,
                0.0
            ],
            [
                0.9999999936511998,
                6.348800071987258e-09,
                0.0,
                0.0,
                0.0
            ],
            [
                1.5737102001820766e-11,
                5.602796400139677e-09,
                0.9999999934051116,
                9.736200248022298e-10,
                2.7346982733382885e-12
            ],
            [
                2.734672420171977e-12,
                4.27774739925922e-11,
                8.423384064885172e-12,
                1.0129988102882135e-05,
                0.9999898699579616
            ],
            [
                1.0060392682008306e-12,
                2.2897348204219307e-11,
                3.5114220746948337e-12,
                1.0467401679436202e-08,
                0.9999999895051835
            ]
        ],
        [
            [
                0.9999999999985363,
                1.4637785130135188e-12,
                0.0,
                0.0,
                0.0
            ],
            [
                0.9999999998831792,
                1.1628233017541069e-10,
                0.0,
                0.0,
                5.384940211882077e-13
            ],
            [
                9.545034831357037e-12,
                9.23744957343503e-09,
                0.9999999905061442,
                2.4616969282214556e-10,
                6.914400040669712e-13
            ],
            [
                3.4930920418374576e-12,
                9.008803112103e-11,
                2.2777821375486648e-11,
                0.005220125716621471,
                0.9947798741670196
            ],
            [
                2.413363074473023e-12,
                3.77513501768741e-11,
                6.560200990814072e-12,
                3.059023588624987e-07,
                0.9999996940509162
