{
    "[['A', 'B', 'C', 'D', 'E'], ['A', 'B', 'C', 'D', 'E']]": [
        [
            [
                0.9999999999810276,
                1.7832472888134282e-11,
                0.0,
                0.0,
                1.1399918517650242e-12
            ],
            [
                0.9999999987498471,
                1.2501528638756437e-09,
                0.0,
                0.0,
                0.0
            ],
            [
                6.781538043165137e-07,
                0.07585801225526591,
                0.9241398693699504,
                1.4356516150040082e-06,
                4.569364390712848e-09
            ],
            [
                2.2897307837384512e-11,
                2.1724360812488595e-10,
                5.49277860694609e-11,
                1.3709566543520699e-06,
                0.9999986287482769
            ],
            [
                4.508755161509925e-12,
                5.492788252538529e-11,
                9.545034751818994e-12,
                1.7257827678745847e-08,
                0.9999999826731906
            ]
        ],
        [
            [
                0.9999999999939224,
                5.7893563243056515e-12,
                0.0,
                0.0,
                2.8823507912413096e-13
            ],
            [
                0.9999999999450722,
                5.492788346486242e-11,
                0.0,
                0.0,
                0.0
            ],
            [
                6.737168660761163e-07,
                0.1807834269842842,
                0.8102150709106712,
                0.009000678061626223,
                1.5032655222226206e-07
            ],
            [
                6.224144882447504e-11,
                4.599055570427672e-10,
                1.1628233515105004e-10,
                2.699578615932354e-07,
                0.9999997294037091
            ],
            [
                8.423463401810943e-12,
                1.1628232543392025e-10,
                2.5946093896502463e-11,
                4.139937545462057e-08,
                0.9999999584499728
            ]
        ],
        [
            [
                0.999999999996021,
                3.978962533746793e-12,
                0.0,
                0.0,
                0.0
            ],
            [
                0.9999999999821676,
                1.7832472897297776e-11,
                0.0,
                0.0,
                0.0
            ],
            [
                0.003172680037584085,
                0.9968264894724712,
                8.288898093990183e-07,
                1.6001352870385308e-09,
                0.0
            ],
            [
                2.0206762661459138e-11,
                2.461687640885944e-10,
                2.940066618965068e-11,
                2.902312199000647e-06,
                0.9999970973920248
            ],
            [
                1.783247330386905e-11,
                1.6918979601602512e-10,
                4.847368813838828e-11,
                6.475946143604427e-07,
                0.9999993521698898
            ]
        ],
        [
            [
                0.9999999999967468,
                3.0988191370968216e-12,
                0.0,
                0.0,
                1.542811202382846e-13
            ],
            [
                0.9999999992412054,
                7.582560412678941e-10,
                0.0,
                0.0,
                5.384940206935973e-13
            ],
            [
                4.5094037054317614e-05,
                0.9932619173080263,
                0.006692545472714555,
                4.42086383453097e-07,
                1.095821540201566e-09
            ],
            [
                3.160881347940736e-10,
                7.582560172736449e-10,
                9.056076684909244e-11,
                3.224186628753368e-08,
                0.9999999665932289
            ],
            [
                5.109088964806833e-12,
                4.277787816004986e-11,
                1.2256067292355048e-11,
                1.1861120004489304e-08,
                0.999999988078737
            ]
        ],
        [
            [
                0.9999999999923683,
                7.433680667905643e-12,
                0.0,
                0.0,
                1.9810087968640156e-13
            ],
            [
                0.999999996149258,
                3.850741900935051e-09,
                0.0,
                0.0,
                0.0
            ],
            [
                6.3488005152288645e-09,
                2.3823698172949532e-07,
                0.9999997504652582,
                4.944450812824378e-09,
                4.508755525785919e-12
            ],
            [
                9.54503536506103e-12,
                1.4930947453720738e-10,
                2.940077875497946e-11,
                5.043472049510537e-07,
                0.9999994954645397
            ],
            [
                5.109088897375011e-12,
                9.056076758022287e-11,
                1.5737101704314554e-11,
                2.5109990915136965e-08,
                0.9999999747786021
            ]
        ],
        [
            [
                0.999999999965901,
                3.331544539190291e-11,
                0.0,
                0.0,
                7.835041778065224e-13
            ],
            [
                0.9999977396741168,
                2.2603252730240086e-06,
                6.10192551766375e-13,
                0.0,
                0.0
            ],
            [
                4.5990471789595607e-10,
                1.370956642090123e-06,
                0.9999985009740608,
                1.2751883179397919e-07,
                9.056060843520499e-11
            ],
            [
                9.545017471248444e-12,
                1.0261860869472121e-10,
                1.5737073334051658e-11,
                1.067703076146772e-06,
                0.9999989321690231
            ],
            [
                5.109088924798163e-12,
                4.847368608294998e-11,
                1.2256067196379236e-11,
                1.9555680692590095e-08,
                0.9999999803784805
            ]
        ],
        [
            [
                0.9999999999816924,
                1.783247289429834e-11,
                0.0,
                0.0,
                4.752193059080772e-13
            ],
            [
                0.9999999999094393,
                9.056076984131849e-11,
                0.0,
                0.0,
                0.0
            ],
            [
                3.2238552655512655e-08,
                9.610186267895027e-05,
                0.9998977212090868,
                6.1435865390460035e-06,
                1.1031426089632075e-09
            ],
            [
                7.433680452835169e-12,
                7.991959656950895e-11,
                1.5737101642145365e-11,
                2.8453347249604987e-08,
                0.9999999714435623
            ],
            [
                9.545034787387993e-12,
                6.22414453458157e-11,
                9.545034787387993e-12,
                1.344040976040351e-08,
                0.9999999864782587
            ]
        ],
        [
            [
                0.999999999996021,
                3.978962534205697e-12,
                0.0,
                0.0,
                0.0
            ],
            [
                0.9999999998502154,
                1.4930946749744045e-10,
                0.0,
                0.0,
                4.752193058879377e-13
            ],
            [
                4.216492758562948e-06,
                0.9984944225282787,
                0.0015011754035881707,
                1.8525976245655824e-07,
                3.1561219868667514e-10
            ],
            [
                2.2897347792444652e-11,
                1.4930946328982158e-10,
                1.5737101650495343e-11,
                2.84533472647021e-08,
                0.9999999713587088
            ],
            [
                1.5737101521585626e-11,
                1.9171714424569432e-10,
                4.27778770987414e-11,
                3.653482077844688e-08,
                0.999999963214947
            ]
        ],
        [
            [
                0.9999999999563345,
                4.277787861001074e-11,
                0.0,
                0.0,
                8.87826546192276e-13
            ],
            [
                0.9999999997210531,
                2.7894680906366165e-10,
                0.0,
                0.0,
                0.0
            ],
            [
                2.6764178681230735e-07,
                0.008577465415348415,
                0.9914202863494587,
                1.977620177174177e-06,
                2.973228847693567e-09
            ],
            [
                6.560200315148332e-12,
                9.056077192592589e-11,
                1.2256067718721462e-11,
                6.475946145002558e-07,
                0.9999993522960084
            ],
            [
                3.5114225204332233e-12,
                5.4927889876985126e-11,
                7.433681534091253e-12,
                7.734422803743638e-08,
                0.999999922589899
            ]
        ],
        [
            [
                0.999999999989184,
                1.0815941551529645e-11,
                0.0,
                0.0,
                0.0
            ],
            [
                0.9999999998082829,
                1.9171715119370505e-10,
                0.0,
                0.0,
                0.0
            ],
            [
                2.020683812730127e-11,
                1.522997901895509e-08,
                0.9999999524785474,
                3.224186583613861e-08,
                2.9400775991803085e-11
            ],
            [
                6.560200982774056e-12,
                6.224145395797983e-11,
                8.423464800461788e-12,
                6.82560422391189e-08,
                0.9999999316667327
            ],
            [
                9.545034857422062e-12,
                7.991959838179637e-11,
                9.545034857422062e-12,
                6.348800072531068e-09,
                0.9999999935521902
            ]
        ],
        [
            [
                0.999999999996021,
                3.9789625342054726e-12,
                0.0,
                0.0,
                0.0
            ],
            [
                0.999999999782756,
                2.1724399333238406e-10,
                0.0,
                0.0,
                0.0
            ],
            [
                5.039894403042714e-07,
                0.9992898167824449,
                0.0007096699743364156,
                9.230897395613854e-09,
                2.2881107011961657e-11
            ],
            [
                1.573707332477143e-11,
                1.1628211762972121e-10,
                1.7832440293763967e-11,
                1.0677030755171426e-06,
                0.9999989321470729
            ],
            [
                1.7832474072611987e-11,
                9.056077581037293e-11,
                1.5737103134500182e-11,
                1.275190674757646e-07,
                0.9999998723568022
            ]
        ],
        [
            [
                0.9999999999790095,
                2.020683907627644e-11,
                0.0,
                0.0,
                7.835041779657043e-13
            ],
            [
                0.9999999999572222,
                4.277787866555439e-11,
                0.0,
                0.0,
                0.0
            ],
            [
                2.2157801147112965e-08,
                7.484612593123195e-05,
                0.9999233706449485,
                1.760212167957566e-06,
                8.591511867721265e-10
            ],
            [
                7.433680539903754e-12,
                7.991959750558446e-11,
                1.2256067225728932e-11,
                1.7257827680471584e-08,
                0.9999999826425631
            ],
            [
                4.847368627479319e-11,
                1.917171482595892e-10,
                2.5946094561027175e-11,
                1.5229979497158866e-08,
                0.9999999845038836
            ]
        ],
        [
            [
                0.999999999979793,
                2.0206839079278697e-11,
                0.0,
                0.0,
                0.0
            ],
            [
                0.9999999999508349,
                4.847368700684046e-11,
                0.0,
                0.0,
                6.914400098971903e-13
            ],
            [
                2.067077857101483e-06,
                0.14024355668008096,
                0.6285279808993883,
                0.23122253353282338,
                3.861809850227507e-06
            ],
            [
                3.511422395768797e-12,
                5.49278879269054e-11,
                7.43368127017666e-12,
                1.1253518376945705e-07,
                0.9999998873989432
            ],
            [
                3.160881431699963e-10,
                2.172439919536843e-10,
                2.5946094797139867e-11,
                6.348800070622789e-09,
                0.9999999930919217
            ]
        ],
        [
            [
                0.9999999999975866,
                2.413362770847468e-12,
                0.0,
                0.0,
                0.0
            ],
            [
                0.9999999994094697,
                5.905303988939531e-10,
                0.0,
                0.0,
                0.0
            ],
            [
                1.4421952022206222e-07,
                0.0019267343500885626,
                0.9980730220640712,
                9.912062456974998e-08,
                2.456954639047967e-10
            ],
            [
                3.9789624918502726e-12,
                5.4927882902325477e-11,
                7.433680590173714e-12,
                1.046740167902875e-08,
                0.9999999894662578
            ],
            [
                3.5114220632802813e-12,
                5.492788272590994e-11,
                9.545034786664955e-12,
                1.3440409759385395e-08,
                0.999999986491606
            ]
        ],
        [
            [
                0.9999999999790095,
                2.0206839072435965e-11,
                0.0,
                0.0,
                7.835041778167929e-13
            ],
            [
                0.9999999999193889,
                7.991959886249739e-11,
                0.0,
                0.0,
                6.914400101139939e-13
            ],
            [
                2.3125317615551524e-07,
                0.02931214986799662,
                0.9706851304057547,
                2.4862059461699823e-06,
                2.2671263649668094e-09
            ],
            [
                3.511422554762258e-12,
                4.847369315584483e-11,
                7.43368160676582e-12,
                3.0590235895374627e-07,
                0.9999996940382223
            ],
            [
                6.224144492973532e-11,
                1.3176513995024655e-10,
                2.2897347978454133e-11,
                1.9555680679609216e-08,
                0.9999999802274153
            ]
        ],
        [
            [
                0.9999999999819431,
                1.7832472902850077e-11,
                0.0,
                0.0,
                2.244777054354267e-13
            ],
            [
                0.9999996072132601,
                3.9278636972640595e-07,
                3.701011821609537e-13,
                0.0,
                0.0
            ],
            [
                1.3440385764128286e-08,
                1.3709566192423246e-06,
                0.9999986036796549,
                1.1861098806385301e-08,
                6.224133422101522e-11
            ],
            [
                2.7346986543980677e-12,
                3.331544984154838e-11,
                3.9789630637171365e-12,
                6.023574637020299e-08,
                0.9999999397242245
            ],
            [
                3.9789625140760364e-12,
                4.8473686797596824e-11,
                1.2256067377070257e-11,
                4.944450474897124e-09,
                0.9999999949908407
            ]
        ],
        [
            [
                0.999999999979793,
                2.0206839072451798e-11,
                0.0,
                0.0,
                0.0
            ],
            [
                0.9999999999450722,
                5.492788346486453e-11,
                0.0,
                0.0,
                0.0
            ],
            [
                2.5393120236156698e-06,
                0.9914198880212977,
                0.008577460783718953,
                1.1156958383072205e-07,
                3.133759993493596e-10
            ],
            [
                4.847368564715798e-11,
                2.461696879928099e-10,
                4.847368564715798e-11,
                2.8453347258929953e-08,
                0.9999999712035357
            ],
            [
                7.433681456251745e-12,
                9.05607794465803e-11,
                1.38879453294812e-11,
                8.76424914365475e-08,
                0.9999999122456262
            ]
        ],
        [
            [
                0.9999999999932854,
                6.560200164690938e-12,
                0.0,
                0.0,
                1.5428112023775056e-13
            ],
            [
                0.9999999999515263,
                4.8473687038049944e-11,
                0.0,
                0.0,
                0.0
            ],
            [
                1.5737101743238672e-11,
                3.398267740974101e-09,
                0.9999999770101077,
                1.9555680635993514e-08,
                2.0206838623319418e-11
            ],
            [
                2.2897348298520517e-11,
                9.056076927208358e-11,
                2.940077719005216e-11,
                6.348800072252679e-09,
                0.999999993508341
            ],
            [
                9.545017472062703e-12,
                1.0261860870347531e-10,
                2.0206802146925012e-11,
                1.067703076237855e-06,
                0.9999989321645533
            ]
        ],
        [
            [
                0.9999999999975866,
                2.4133627705693138e-12,
                0.0,
                0.0,
                0.0
            ],
            [
                0.9999999992411337,
                7.582560414772747e-10,
                0.0,
                0.0,
                6.101936667031809e-13
            ],
            [
                6.691573666812468e-10,
                1.0677020275948539e-06,
                0.9999984271503239,
                5.043467261295729e-07,
                1.3176489804843144e-10
            ],
            [
                6.560200925800017e-12,
                9.056078035571238e-11,
                1.0815942806433163e-11,
                7.734422800400232e-08,
                0.999999922547835
            ],
            [
                8.423464163697059e-12,
                1.0261880130244155e-10,
                1.5737102871402227e-11,
                1.444980316309223e-07,
                0.999999855375189
            ]
        ],
        [
            [
                0.9999999998829341,
                1.1628233010193736e-10,
                0.0,
                0.0,
                7.835041771570145e-13
            ],
            [
                0.9999999995941349,
                4.0586521227132963e-10,
                0.0,
                0.0,
                0.0
            ],
            [
                1.9171714081090505e-10,
                5.315784961488301e-08,
                0.9999999450424707,
                1.605227966726568e-09,
                2.734698140891297e-12
            ],
            [
                8.423463301104946e-12,
                1.1628232404371687e-10,
                1.7832471948375426e-11,
                5.31578496832073e-08,
                0.9999999466996121
            ],
            [
                4.27778778815102e-11,
                1.4930946479889179e-10,
                2.5946094492578848e-11,
                1.7257827661917218e-08,
                0.9999999825241389
            ]
        ],
        [
            [
                0.999999999937339,
                6.224144618352832e-11,
                0.0,
                0.0,
                4.193795655310443e-13
            ],
            [
                0.9999999998082829,
                1.91717151031326e-10,
                0.0,
                0.0,
                0.0
            ],
            [
                4.2777875332083116e-11,
                2.5109989586573507e-08,
                0.9999999216599834,
                5.31578483719202e-08,
                2.940077508519753e-11
            ],
            [
                9.545034854119141e-12,
                1.4930946654473148e-10,
                2.2897348291601255e-11,
                6.3488000703341586e-09,
                0.9999999934694481
            ],
            [
                3.978962388180808e-12,
                4.277787710223374e-11,
                6.560199924709479e-12,
                3.653482078142954e-08,
                0.9999999634118621
            ]
        ],
        [
            [
                0.999999999782756,
                2.172439933324176e-10,
                0.0,
                0.0,
                0.0
            ],
            [
                0.9999999994788586,
                5.211412481685396e-10,
                0.0,
                0.0,
                0.0
            ],
            [
                1.5428112030242516e-13,
                1.2917800046456361e-12,
                0.9999999999939626,
                4.508755241804921e-12,
                8.25807328465863e-14
            ],
            [
                3.3315443838924394e-11,
                2.1724398318714224e-10,
                2.940077599608182e-11,
                4.69116379896807e-08,
                0.9999999528084018
            ],
            [
                1.2256067042757248e-11,
                1.162823264943806e-10,
                1.783247232419688e-11,
                3.224186631676186e-08,
                0.9999999676117628
            ]
        ],
        [
            [
                0.9999999999859139,
                1.3887943858381253e-11,
                0.0,
                0.0,
                1.9810087971099984e-13
            ],
            [
                0.999999999929317,
                7.052879847369983e-11,
                0.0,
                0.0,
                1.54281120237329e-13
            ],
            [
                1.952631160552286e-08,
                0.0015011798862962428,
                0.9984972485638841,
                1.551165581682713e-06,
                8.579262569218277e-10
            ],
            [
                5.1090888799134655e-12,
                7.052879646597588e-11,
                8.423463510210822e-12,
                2.8453347264763327e-08,
                0.9999999714625912
            ],
            [
                6.560200997620784e-12,
                6.224145409884166e-11,
                1.0815942924845588e-11,
                1.8553915972103317e-07,
                0.9999998143812228
            ]
        ],
        [
            [
                0.9999999999699078,
                2.9400777366698354e-11,
                0.0,
                0.0,
                6.914400100791166e-13
            ],
            [
                0.999999999683912,
                3.1608814514479797e-10,
                0.0,
                0.0,
                0.0
            ],
            [
                1.4166061730596836e-09,
                1.0677030584063783e-06,
                0.999998915607606,
                1.5229951646041822e-08,
                4.2777799766306545e-11
            ],
            [
                8.423464642616408e-12,
                5.492788930099773e-11,
                9.545035929243889e-12,
                8.76424914352281e-08,
                0.9999999122846122
            ],
            [
                1.2256068041012612e-11,
                7.052880194611949e-11,
                1.2256068041012612e-11,
                1.4449803164848105e-07,
                0.9999998554069275
            ]
        ],
        [
            [
                0.999999999896906,
                1.0261879617815033e-10,
                0.0,
                0.0,
                4.752193056340263e-13
            ],
            [
                0.9999999999371483,
                6.224144618351645e-11,
                0.0,
                0.0,
                6.101936673138644e-13
            ],
            [
                4.420228103274471e-14,
                5.384940217307301e-13,
                0.9999999999969598,
                2.413362771633002e-12,
                4.420228103274471e-14
            ],
            [
                4.508755228757655e-12,
                6.224144604220295e-11,
                9.545034894182439e-12,
                2.3355930317869093e-09,
                0.9999999975881118
            ],
            [
                8.423464539422875e-12,
                1.1628234113816858e-10,
                1.5737103573350464e-11,
                9.931195237610806e-08,
                0.9999999005476048
            ]
        ],
        [
            [
                0.9999999999510512,
                4.8473687018680424e-11,
                0.0,
                0.0,
                4.752193058455375e-13
            ],
            [
                0.9999999991407833,
                8.592166596162755e-10,
                0.0,
                0.0,
                0.0
            ],
            [
                1.522943032150765e-08,
                3.5356259042993455e-05,
                0.9999645681462009,
                6.023356536793575e-08,
                1.317603892588477e-10
            ],
            [
                8.423448348915402e-12,
                1.3176490171755628e-10,
                3.3315384491519075e-11,
                2.260325273096699e-06,
                0.9999977395012232
            ],
            [
                3.978962830658365e-12,
                6.224145084085615e-11,
                1.2256068352212479e-11,
                2.382369844023436e-07,
                0.9999997616845391
            ]
        ],
        [
            [
                0.9999999999868563,
                1.2256067435737141e-11,
                0.0,
                0.0,
                8.878265472401998e-13
            ],
            [
                0.9999999998837177,
                1.1628233018874681e-10,
                0.0,
                0.0,
                0.0
            ],
            [
                2.413362770822246e-12,
                1.4930946755717005e-10,
                0.9999999996295694,
                2.1724399341689729e-10,
                1.463778513512726e-12
            ],
            [
                5.789357062333599e-12,
                7.991960905661563e-11,
                1.573710410100246e-11,
                1.8553915977233883e-07,
                0.9999998143593941
            ],
            [
                1.3887943206582508e-11,
                1.3176513645440478e-10,
                3.3315443842288977e-11,
                4.691163799441838e-08,
                0.9999999529093935
            ]
        ],
        [
            [
                0.9999999999972653,
                2.7346982895094946e-12,
                0.0,
                0.0,
                0.0
            ],
            [
                0.999999974890009,
                2.5109990912099948e-08,
                0.0,
                0.0,
                0.0
            ],
            [
                1.7410012989447043e-06,
                0.989010614861796,
                0.010986916341086407,
                7.25757317740996e-07,
                2.0385009966383457e-09
            ],
            [
                1.2256068976419408e-11,
                9.056078121912656e-11,
                1.5737104074400632e-11,
                3.059023587473905e-07,
                0.9999996939790873
            ],
            [
                4.277788210471631e-11,
                1.9171716668091736e-10,
                3.775134845654113e-11,
                1.1253518370312172e-07,
                0.9999998871925699
            ]
        ],
        [
            [
                0.9999999999953368,
                4.5087552396112436e-12,
                0.0,
                0.0,
                1.5428112022736165e-13
            ],
            [
                0.9999999998074993,
                1.9171715115226583e-10,
                0.0,
                0.0,
                7.835041775927785e-13
            ],
            [
                2.2152052935504442e-08,
                0.00033535005149051286,
                0.9996643894703103,
                2.3815701320826968e-07,
                1.691330113037498e-10
            ],
            [
                1.2256067249961074e-11,
                1.6918978958151496e-10,
                2.289734809375723e-11,
                1.522997950346689e-08,
                0.9999999845656773
            ],
            [
                1.38879455983882e-11,
                1.493094862557826e-10,
                2.0206841612339466e-11,
                6.825604228272784e-08,
                0.9999999315605534
            ]
        ],
        [
            [
                0.9999999999367524,
                6.224144615647295e-11,
                0.0,
                0.0,
                1.0060392781097686e-12
            ],
            [
                0.9999999999515263,
                4.8473687018683125e-11,
                0.0,
                0.0,
                0.0
            ],
            [
                1.6692194914771242e-05,
                0.9994304781193903,
                0.000552769315204223,
                6.020139742624929e-08,
                1.6909333559317212e-10
            ],
            [
                1.7832473299629964e-11,
                1.4930947089756824e-10,
                4.277787962881026e-11,
                6.475946142064983e-07,
                0.999999352195466
            ],
            [
                5.789356161426034e-12,
                7.05287964729341e-11,
                1.0815941244719517e-11,
                2.8453347267570477e-08,
                0.9999999714595186
            ]
        ],
        [
            [
                0.9999999999810276,
                1.783247289727745e-11,
                0.0,
                0.0,
                1.1399918523495273e-12
            ],
            [
                0.9999999988961339,
                1.1032560300515547e-09,
                0.0,
                0.0,
                6.101936664928635e-13
            ],
            [
                1.5480098398953422e-05,
                0.43781649216485025,
                0.5621674963509955,
                5.296998384916201e-07,
                1.6859168660490194e-09
            ],
            [
                4.5990552231371766e-10,
                5.211412311666799e-10,
                7.052879612621969e-11,
                3.224186628232203e-08,
                0.9999999667065582
            ],
            [
                1.8795289677381115e-12,
                3.331544810173102e-11,
                6.560200695890242e-12,
                1.1253518377217115e-07,
                0.999999887423061
            ]
        ],
        [
            [
                0.9999999999699078,
                2.940077736966667e-11,
                0.0,
                0.0,
                6.914400101489247e-13
            ],
            [
                0.9999999999285836,
                7.052879843741643e-11,
                0.0,
                0.0,
                8.878265469181546e-13
            ],
            [
                3.5351872063550666e-05,
                0.9998412294051369,
                0.00012339015769010609,
                2.8448845550161745e-08,
                1.1626392945167659e-10
            ],
            [
                5.109089506459217e-12,
                5.492788865278737e-11,
                1.3887945165378879e-11,
                9.931195242075948e-08,
                0.9999999006141226
            ],
            [
                5.7893562927920315e-12,
                6.224144584270124e-11,
                1.5737102009171604e-11,
                5.602796402756757e-09,
                0.9999999943134357
            ]
        ],
        [
            [
                0.999999999978787,
                2.0206839080500288e-11,
                0.0,
                0.0,
                1.0060392787992929e-12
            ],
            [
                0.9999999998830262,
                1.1628233017539291e-10,
                0.0,
                0.0,
                6.914400099399401e-13
            ],
            [
                3.222391689056348e-08,
                0.0005527759341264017,
                0.9994424079773931,
                4.782448743486691e-06,
                1.4158200975068843e-09
            ],
            [
                5.109089001868032e-12,
                7.9919598519776e-11,
                9.545034873901379e-12,
                4.363462230571383e-09,
                0.9999999955419641
            ],
            [
                9.54503480369433e-12,
                7.991959793193957e-11,
                1.081594142227525e-11,
                1.18611200032869e-08,
                0.9999999880385994
            ]
        ],
        [
            [
                0.9999999999983413,
                1.6586783581483163e-12,
                0.0,
                0.0,
                0.0
            ],
            [
                0.9999999997536322,
                2.461696949342305e-10,
                0.0,
                0.0,
                1.9810087960588108e-13
            ],
            [
                4.363137796647462e-09,
                7.484619271123058e-05,
                0.9999250962103374,
                5.315389985737476e-08,
                7.991365630518221e-11
            ],
            [
                1.0815942349528337e-11,
                6.224145078811946e-11,
                8.42346437146784e-12,
                2.3823698420048728e-07,
                0.9999997616815349
            ],
            [
                5.789356212607333e-12,
                7.991959732650635e-11,
                1.0815941340338772e-11,
                1.955568069560126e-08,
                0.9999999803477944
            ]
        ],
        [
            [
                0.9999999999662652,
                3.3315445398246915e-11,
                0.0,
                0.0,
                4.193795655431754e-13
            ],
            [
                0.9999999998080285,
                1.9171715121073778e-10,
                0.0,
                0.0,
                2.5436656451864956e-13
            ],
            [
                1.2727316621067665e-07,
                0.11920269835807303,
                0.8807954144237179,
                1.756951864850934e-06,
                2.9931779772322995e-09
            ],
            [
                2.7346932892459224e-12,
                4.847359839399895e-11,
                7.433667074566087e-12,
                2.2603252723568825e-06,
                0.9999977396160856
            ],
            [
                1.879528745435768e-12,
                3.775134401464271e-11,
                5.7893561097170216e-12,
                3.653482075508375e-08,
                0.9999999634197589
            ]
        ],
        [
            [
                0.9999999999697116,
                2.9400777331354704e-11,
                0.0,
                0.0,
                8.87826545989128e-13
            ],
            [
                0.9999999950555496,
                4.9444504732427e-09,
                0.0,
                0.0,
                0.0
            ],
            [
                1.441407273699407e-07,
                0.0024726219093577457,
                0.9975269285584318,
                3.051459222367275e-07,
                2.455609965288129e-10
            ],
            [
                2.2897348095684318e-11,
                1.493094652671926e-10,
                3.7751344847979803e-11,
                1.5229979504748675e-08,
                0.9999999845600622
            ],
            [
                3.0988190899455443e-12,
                3.775134484857422e-11,
                9.545034772599104e-12,
                1.522997950498848e-08,
                0.9999999847196253
            ]
        ],
        [
            [
                0.9999999999975866,
                2.4133627707169926e-12,
                0.0,
                0.0,
                0.0
            ],
            [
                0.9999999996412867,
                3.581747926282478e-10,
                0.0,
                0.0,
                5.384940211739222e-13
            ],
            [
                8.223915208063289e-07,
                0.010986926279859564,
                0.9890116097583262,
                6.404791603952525e-07,
                1.0911329764483641e-09
            ],
            [
                1.5737103580729655e-11,
                1.4930948160337483e-10,
                2.0206840982704545e-11,
                9.931195242267584e-08,
                0.9999999005027942
            ],
            [
                5.78935619792525e-12,
                6.224144482278723e-11,
                8.42346356414791e-12,
                2.2159489272691845e-08,
                0.9999999777640566
            ]
        ],
        [
            [
                0.9999999999923916,
                7.433680669278558e-12,
                0.0,
                0.0,
                1.7482341275482084e-13
            ],
            [
                0.999999997664407,
                2.335593031965104e-09,
                0.0,
                0.0,
                0.0
            ],
            [
                2.3787917293541866e-07,
                0.9984985549712553,
                0.0015011819974918657,
                2.5072280366810752e-08,
                7.979957247619162e-11
            ],
            [
                1.388794498311052e-11,
                1.1628233966433572e-10,
                2.9400779759960886e-11,
                1.1253518377969405e-07,
                0.9999998873052451
            ],
            [
                7.052879617134813e-11,
                2.7894680003290883e-10,
                6.224144416423498e-11,
                3.224186630295226e-08,
                0.9999999673464166
            ]
        ],
        [
            [
                0.9999999999191926,
                7.991959885441298e-11,
                0.0,
                0.0,
                8.878265470113876e-13
            ],
            [
                0.99999998813888,
                1.1861120005843647e-08,
                0.0,
                0.0,
                0.0
            ],
            [
                9.31891704389954e-07,
                0.010986926600538906,
                0.9890117519463658,
                3.884702580136437e-07,
                1.0911330054545504e-09
            ],
