{
    "[['A', 'B', 'C', 'D', 'E'], ['A', 'B', 'C', 'D', 'E']]": [
        [
            [
                0.9999999999609568,
                3.775134541605541e-11,
                0.0,
                0.0,
                1.2917800038711554e-12
            ],
            [
                0.9999999997530467,
                2.4616969490923293e-10,
                0.0,
                0.0,
                7.835041776397501e-13
            ],
            [
                2.4616313437893957e-10,
                2.7535689200748368e-05,
                0.9999724418797915,
                2.2158899188737e-08,
                2.594540347925824e-11
            ],
            [
                5.49275723324264e-11,
                2.7894522899908013e-10,
                3.3315256683199974e-11,
                4.785094846930172e-06,
                0.999995214537965
            ],
            [
                5.905303964704974e-10,
                4.5990553519869057e-10,
                2.5946094832328712e-11,
                4.3634622276442644e-09,
                0.9999999945601556
            ]
        ],
        [
            [
                0.9999999999697116,
                2.940077735951764e-11,
                0.0,
                0.0,
                8.87826546839575e-13
            ],
            [
                0.9999999993300579,
                6.691586080294744e-10,
                0.0,
                0.0,
                7.835041772187011e-13
            ],
            [
                2.3352233496335176e-09,
                0.00015843609708878073,
                0.9998408271939687,
                7.337046664202957e-07,
                6.690526914099236e-10
            ],
            [
                3.511422042485018e-12,
                3.331544474906435e-11,
                5.789356211850338e-12,
                1.955568069304423e-08,
                0.9999999804017032
            ],
            [
                2.461697148664081e-10,
                4.0586524510243265e-10,
                5.4927887901834955e-11,
                1.1253518371809321e-07,
                0.9999998867578533
            ]
        ],
        [
            [
                0.999999999961465,
                3.775134541271104e-11,
                0.0,
                0.0,
                7.835041778821498e-13
            ],
            [
                0.9999999999288611,
                7.052879845262537e-11,
                0.0,
                0.0,
                6.101936672544408e-13
            ],
            [
                9.734121508501735e-10,
                1.012793069281935e-05,
                0.9997864431716884,
                0.00020342492588610868,
                2.998320507990244e-09
            ],
            [
                3.1608818479897094e-10,
                8.592167689296471e-10,
                7.991960888322781e-11,
                3.059023586008209e-07,
                0.9999996928424167
            ],
            [
                3.653482067370929e-08,
                9.736199922999715e-10,
                2.940077621511703e-11,
                1.416608729897098e-09,
                0.9999999610455499
            ]
        ],
        [
            [
                0.9999999999612426,
                3.775134540889125e-11,
                0.0,
                0.0,
                1.0060392783799196e-12
            ],
            [
                0.9999999778405108,
                2.2159489250931675e-08,
                0.0,
                0.0,
                0.0
            ],
            [
                1.2015425730446717e-13,
                8.878265477480557e-13,
                0.9999999999923381,
                6.5602001674303155e-12,
                9.35762296780821e-14
            ],
            [
                1.7832471948755185e-11,
                2.4616968193755143e-10,
                2.020683800308951e-11,
                5.3157849684339345e-08,
                0.9999999465579414
            ],
            [
                9.05607771890693e-11,
                9.05607771890693e-11,
                1.3887944983280676e-11,
                1.1253518378107283e-07,
                0.9999998872698067
            ]
        ],
        [
            [
                0.9999999998965976,
                1.0261879620649615e-10,
                0.0,
                0.0,
                7.835041776625873e-13
            ],
            [
                0.9999999999506386,
                4.847368701866042e-11,
                0.0,
                0.0,
                8.878265470393061e-13
            ],
            [
                1.9171716011963707e-10,
                5.043472045868925e-07,
                0.9999994947004087,
                7.582560773736137e-10,
                2.413362881901486e-12
            ],
            [
                4.275422773353322e-11,
                4.59651266123727e-10,
                1.1621804033786309e-10,
                0.0005527785863684205,
                0.999447220795008
            ],
            [
                1.9171715028119745e-10,
                5.211412458133309e-10,
                4.2777878445444175e-11,
                4.363462228029952e-09,
                0.9999999948809015
            ]
        ],
        [
            [
                0.9999999998074993,
                1.917171511935548e-10,
                0.0,
                0.0,
                7.835041777615171e-13
            ],
            [
                0.9999999994087783,
                5.905303983280956e-10,
                0.0,
                0.0,
                6.914400088600618e-13
            ],
            [
                1.201542573073229e-13,
                1.2917800046742397e-12,
                0.9999999999934062,
                5.10908902762132e-12,
                7.287724095189206e-14
            ],
            [
                8.423463604093107e-12,
                1.162823282263394e-10,
                9.545034752442818e-12,
                1.7257827679873744e-08,
                0.9999999826079214
            ],
            [
                6.560200142282383e-12,
                7.052879823297788e-11,
                8.423463721249117e-12,
                2.9989608130303355e-09,
                0.9999999969155267
            ]
        ],
        [
            [
                0.9999999998673472,
                1.3176514255518646e-10,
                0.0,
                0.0,
                8.878265468637874e-13
            ],
            [
                0.9999999990255963,
                9.736200277755005e-10,
                0.0,
                0.0,
                7.835041756693881e-13
            ],
            [
                6.560200146445436e-12,
                2.3355930310706317e-09,
                0.9999999967935211,
                8.592166590741791e-10,
                5.10908901115685e-12
            ],
            [
                9.544998913610364e-12,
                7.052853243689909e-11,
                8.423431976434475e-12,
                3.726639113050781e-06,
                0.99999627327239
            ],
            [
                2.9400777355479226e-11,
                4.27778786353235e-11,
                8.423463743763252e-12,
                5.211412481265346e-10,
                0.9999999993982567
            ]
        ],
        [
            [
                0.9999999998963751,
                1.0261879611972539e-10,
                0.0,
                0.0,
                1.0060392773491194e-12
            ],
            [
                0.9999999998301188,
                1.6918979192502114e-10,
                0.0,
                0.0,
                6.914400093188547e-13
            ],
            [
                6.348509959819236e-09,
                4.539785487085665e-05,
                0.9999545839237856,
                1.1860578068150488e-08,
                1.2255507310815853e-11
            ],
            [
                1.2256068984965066e-11,
                1.162823449215353e-10,
                2.0206841630680032e-11,
                3.059023589606838e-07,
                0.9999996939488958
            ],
            [
                2.4616924476639844e-10,
                5.905293194046526e-10,
                1.0261860855605394e-10,
                2.2603252712705818e-06,
                0.9999977387354115
            ]
        ],
        [
            [
                0.9999999998675435,
                1.317651425702867e-10,
                0.0,
                0.0,
                6.914400100083378e-13
            ],
            [
                0.9999999973526428,
                2.646573627654337e-09,
                0.0,
                0.0,
                7.835041751745207e-13
            ],
            [
                2.413362752155824e-12,
                8.592166549117749e-10,
                0.9999999919264045,
                7.194132971667911e-09,
                1.7832472762749053e-11
            ],
            [
                2.7346933534796336e-12,
                7.991945461674585e-11,
                8.42344854401212e-12,
                1.7603431334553602e-06,
                0.999998239565789
            ],
            [
                9.056078190896643e-11,
                3.1608818735819874e-10,
                4.84736934923901e-11,
                6.023574636870423e-08,
                0.9999999393091309
            ]
        ],
        [
            [
                0.9999999999440661,
                5.49278834648251e-11,
                0.0,
                0.0,
                1.0060392784642098e-12
            ],
            [
                0.9999999996831284,
                3.1608814502346013e-10,
                0.0,
                0.0,
                7.835041774953333e-13
            ],
            [
                1.3615261079217503e-13,
                1.0060392791592521e-12,
                0.9999999999929623,
                5.7893563280167085e-12,
                1.0603575990216213e-13
            ],
            [
                4.847368652255458e-11,
                2.461696924384407e-10,
                2.2897348201307692e-11,
                1.0467401678105174e-08,
                0.9999999892150576
            ],
            [
                4.277787848037982e-11,
                1.1628232973324568e-10,
                1.2256067384131116e-11,
                4.363462231593484e-09,
                0.9999999954652214
            ]
        ],
        [
            [
                0.9999999999693074,
                2.94007773666807e-11,
                0.0,
                0.0,
                1.2917800036364291e-12
            ],
            [
                0.9999999999560822,
                4.2777878659186094e-11,
                0.0,
                0.0,
                1.1399918522314543e-12
            ],
            [
                7.052880549804202e-11,
                5.043472315477513e-07,
                0.9999993098939525,
                1.8553897769815081e-07,
                1.4930948241102705e-10
            ],
            [
                7.052879794736676e-11,
                1.9171714984338667e-10,
                1.5737101981072194e-11,
                7.194132972820827e-09,
                0.9999999925278841
            ],
            [
                8.592166560518265e-10,
                6.691586045611564e-10,
                3.775134518507518e-11,
                4.944450468184536e-09,
                0.9999999934894228
            ]
        ],
        [
            [
                0.999999999641215,
                3.581747925920606e-10,
                0.0,
                0.0,
                6.101936670173155e-13
            ],
            [
                0.999999761762128,
                2.382369841350955e-07,
                8.878266126335096e-13,
                0.0,
                0.0
            ],
            [
                2.5946094011752038e-11,
                4.944450316896391e-09,
                0.9999999627449597,
                3.2241866165940275e-08,
                4.2777877088760805e-11
            ],
            [
                2.5946097416870744e-11,
                1.9171716936157755e-10,
                2.2897350604546603e-11,
                9.931195243840972e-08,
                0.999999900447487
            ],
            [
                6.224145409876391e-11,
                3.160881853969329e-10,
                5.4927890454520426e-11,
                1.8553915972080143e-07,
                0.9999998140275828
            ]
        ],
        [
            [
                0.9999999999763192,
                2.2897348433619984e-11,
                0.0,
                0.0,
                7.835041777250495e-13
            ],
            [
                0.9999999998837177,
                1.1628233004901236e-10,
                0.0,
                0.0,
                0.0
            ],
            [
                4.277788195712677e-11,
                1.1253518331485994e-07,
                0.9999998830477603,
                4.363462586231315e-09,
                1.081594238342309e-11
            ],
            [
                1.6918979866241436e-10,
                6.691586344453341e-10,
                1.0261880019936181e-10,
                3.927863694082599e-07,
                0.9999996062726634
            ],
            [
                4.2777877825714805e-11,
                2.172439891202737e-10,
                2.289734799400294e-11,
                1.955568069288881e-08,
                0.9999999801614001
            ]
        ],
        [
            [
                0.9999999999369749,
                6.224144616455553e-11,
                0.0,
                0.0,
                7.835041776942231e-13
            ],
            [
                0.9999999983939885,
                1.6052280496877487e-09,
                0.0,
                0.0,
                7.835041758229581e-13
            ],
            [
                2.543665647138126e-13,
                2.7346982913351436e-12,
                0.9999999999860405,
                1.0815941556270301e-11,
                1.5428112030470498e-13
            ],
            [
                1.3176515652591753e-10,
                5.211413034676428e-10,
                7.991960731480317e-11,
                8.764249138999474e-08,
                0.9999999116246825
            ],
            [
                2.0206724614901378e-11,
                2.1724276278221838e-10,
                4.2777636345433964e-11,
                4.7850948470117236e-06,
                0.9999952146249258
            ]
        ],
        [
            [
                0.9999999999190743,
                7.991959877770109e-11,
                0.0,
                0.0,
                1.0060392773719556e-12
            ],
            [
                0.999999995054766,
                4.944450467295907e-09,
                0.0,
                0.0,
                7.83504173016905e-13
            ],
            [
                3.775134704944036e-11,
                5.602796675985179e-09,
                0.9999998491922625,
                1.4449803076057715e-07,
                6.6915863760782e-10
            ],
            [
                5.211413134181525e-10,
                8.592167684731101e-10,
                1.317651590418004e-10,
                3.059023584382824e-07,
                0.9999996925855184
            ],
            [
                3.775134457838757e-11,
                2.1724398853360356e-10,
                2.2897347932168363e-11,
                2.2159489265973776e-08,
                0.9999999775626182
            ]
        ],
        [
            [
                0.9999999999656786,
                3.3315445398227373e-11,
                0.0,
                0.0,
                1.0060392785755884e-12
            ],
            [
                0.9999999998960893,
                1.0261879609484261e-10,
                0.0,
                0.0,
                1.2917800019892092e-12
            ],
            [
                4.129701075555567e-08,
                0.002472621975075895,
                0.9975268331079563,
                5.031001043307864e-07,
                5.198526455782615e-10
            ],
            [
                4.5990557266142594e-10,
                7.582561001604163e-10,
                7.052880384729082e-11,
                8.315279890092983e-07,
                0.9999991671833205
            ],
            [
                1.691891522172251e-10,
                6.691560777050132e-10,
                1.31764644233962e-10,
                2.902312197043521e-06,
                0.9999970967176931
            ]
        ],
        [
            [
                0.9999999999565308,
                4.277787865539387e-11,
                0.0,
                0.0,
                6.914400101396753e-13
            ],
            [
                0.9999999995933513,
                4.0586521217477496e-10,
                0.0,
                0.0,
                7.835041775937312e-13
            ],
            [
                1.0603575990479927e-13,
                1.1399918529321236e-12,
                0.999999999992111,
                6.560200167507929e-12,
                8.258073284742915e-14
            ],
            [
                2.2897307104800688e-11,
                3.1608757458938226e-10,
                3.331538525536134e-11,
                1.760343133044263e-06,
                0.9999982392845667
            ],
            [
                6.22414539759521e-11,
                2.789468440059742e-10,
                2.940078105220902e-11,
                6.825604225882789e-08,
                0.9999999313733686
            ]
        ],
        [
            [
                0.9999999999611087,
                3.775134540456731e-11,
                0.0,
                0.0,
                1.1399918518901006e-12
            ],
            [
                0.9999999998506905,
                1.4930946748420827e-10,
                0.0,
                0.0,
                0.0
            ],
            [
                2.5946094369720788e-11,
                1.9555680625796743e-08,
                0.99999997656412,
                3.850741831783838e-09,
                3.5114220304100447e-12
            ],
            [
                1.9171314516341388e-10,
                4.0585673149581536e-10,
                5.492673571047203e-11,
                2.144493973167966e-05,
                0.9999785544077717
            ],
            [
                1.783247244903845e-11,
                1.9171714643995569e-10,
                2.0206838569984722e-11,
                2.5109990910967707e-08,
                0.9999999746602526
            ]
        ],
        [
            [
                0.9999999999656786,
                3.331544540315863e-11,
                0.0,
                0.0,
                1.0060392787244995e-12
            ],
            [
                0.9999999956365377,
                4.363462228448904e-09,
                0.0,
                0.0,
                0.0
            ],
            [
                5.4927782943830324e-11,
                1.7603430891940438e-06,
                0.9999982144763003,
                2.5109945584354183e-08,
                1.5737073294302722e-11
            ],
            [
                2.289734934249053e-11,
                1.6918979880847536e-10,
                2.9400778530536184e-11,
                3.9278636974735106e-07,
                0.9999996069921423
            ],
            [
                4.058652550828297e-10,
                5.905304616373434e-10,
                1.0261880704633299e-10,
                8.764249135790107e-08,
                0.9999999112584941
            ]
        ],
        [
            [
                0.9999999999440661,
                5.492788339325969e-11,
                0.0,
                0.0,
                1.0060392771534436e-12
            ],
            [
                0.9999999997818683,
                2.172439932490008e-10,
                0.0,
                0.0,
                8.878265467878969e-13
            ],
            [
                3.5817482126323826e-10,
                1.1253518359040732e-07,
                0.9999998854963043,
                1.6052281817257446e-09,
                5.109089430812831e-12
            ],
            [
                1.5737101525150397e-11,
                7.991959597535946e-11,
                1.7832472248979765e-11,
                3.653482078672275e-08,
                0.9999999633516901
            ],
            [
                3.331538525915773e-11,
                1.917168051645109e-10,
                3.331538525915773e-11,
                1.7603431332448588e-06,
                0.9999982393985192
            ]
        ],
        [
            [
                0.9999999999664866,
                3.331544540522565e-11,
                0.0,
                0.0,
                1.9810087970715126e-13
            ],
            [
                0.9999999995394031,
                4.5990553700189437e-10,
                0.0,
                0.0,
                6.914400093960452e-13
            ],
            [
                1.4930946918569455e-10,
                6.475946067816498e-07,
                0.9999993403771309,
                1.1861120275744882e-08,
                1.7832473095175806e-11
            ],
            [
                1.6918981336087967e-10,
                2.461697258809357e-10,
                1.5737104069409708e-11,
                6.825604227544072e-08,
                0.9999999313128611
            ],
            [
                1.3887943550151538e-11,
                1.1628232766631704e-10,
                2.020683863217271e-11,
                2.2159489271053753e-08,
                0.9999999776901337
            ]
        ],
        [
            [
                0.9999999999367524,
                6.224144616454169e-11,
                0.0,
                0.0,
                1.0060392782401872e-12
            ],
            [
                0.9999999995935247,
                4.0586521213386896e-10,
                0.0,
                0.0,
                6.101936669882152e-13
            ],
            [
                1.2256067435312595e-11,
                5.21141248415226e-10,
                0.9999999993629778,
                1.026187962434472e-10,
                1.0060392785620453e-12
            ],
            [
                6.224144561194731e-11,
                1.9171714947493535e-10,
                1.7832472731335534e-11,
                9.237449570380305e-09,
                0.9999999904907594
            ],
            [
                9.056076952377637e-11,
                1.49309467004822e-10,
                2.020683900700526e-11,
                2.998960812506823e-09,
                0.9999999967409621
            ]
        ],
        [
            [
                0.9999999999193889,
                7.991959886961804e-11,
                0.0,
                0.0,
                6.914400101755996e-13
            ],
            [
                0.9999999999622486,
                3.77513454190725e-11,
                0.0,
                0.0,
                0.0
            ],
            [
                6.101936676280192e-13,
                5.4927883497618373e-11,
                0.9999999998533629,
                9.056076987706196e-11,
                5.384940216584611e-13
            ],
            [
                7.052463341690215e-11,
                6.691190918155905e-10,
                1.3175736128051686e-10,
                5.8291276717125235e-05,
                0.9999417078518817
            ],
            [
                6.348800025953414e-09,
                8.592166497250192e-10,
                4.277787808266654e-11,
                6.348800025953414e-09,
                0.9999999864004054
            ]
        ],
        [
            [
                0.9999999999441844,
                5.492788340656929e-11,
                0.0,
                0.0,
                8.878265461814888e-13
            ],
            [
                0.9999999468416751,
                5.3157849652006384e-08,
                0.0,
                0.0,
                4.752192804211563e-13
            ],
            [
                1.7256182416056463e-08,
                9.61023959532836e-05,
                0.999903865081589,
                1.5228527532604588e-08,
                3.774774576886719e-11
            ],
            [
                7.43368161200785e-12,
                9.056078134407808e-11,
                1.573710409611395e-11,
                1.855391597147037e-07,
                0.9999998143471087
            ],
            [
                1.6918979124359402e-10,
                2.7894680760862774e-10,
                3.331544522122398e-11,
                4.94445047219069e-09,
                0.9999999945740974
            ]
        ],
        [
            [
                0.9999999999084332,
                9.056076981062499e-11,
                0.0,
                0.0,
                1.0060392783267914e-12
            ],
            [
                0.9999999993308415,
                6.691586079429711e-10,
                0.0,
                0.0,
                0.0
            ],
            [
                1.6918980192091746e-10,
                8.315279735700578e-07,
                0.9999991487177536,
                1.9555682204325845e-08,
                2.9400779071397526e-11
            ],
            [
                2.5946048127634642e-11,
                2.461692506324422e-10,
                4.84735995257953e-11,
                1.7603431332093798e-06,
                0.999998239336278
            ],
            [
                5.4927883263216197e-11,
                1.4930946695012032e-10,
                2.2897348353769642e-11,
                3.3982678042551343e-09,
                0.9999999963745976
            ]
        ],
        [
            [
                0.999999999986112,
                1.3887943858381578e-11,
                0.0,
                0.0,
                0.0
            ],
            [
                0.9999999999088292,
                9.056076980030039e-11,
                0.0,
                0.0,
                6.101936671108037e-13
            ],
            [
                4.599029643203566e-10,
                6.144172111929762e-06,
                0.999993853758787,
                1.6052190726313812e-09,
                3.978940270311389e-12
            ],
            [
                4.508755804601019e-12,
                4.277788402470261e-11,
                4.508755804601019e-12,
                6.825604227585127e-08,
                0.9999999316921623
            ],
            [
                2.940077630162487e-11,
                2.1724398544481695e-10,
                5.4927881470879746e-11,
                3.6534820781208096e-08,
                0.9999999631636065
            ]
        ],
        [
            [
                0.9999999999827991,
                1.573710209127025e-11,
                0.0,
                0.0,
                1.4637785126755665e-12
            ],
            [
                0.9999999998498028,
                1.4930946720213206e-10,
                0.0,
                0.0,
                8.878265453629185e-13
            ],
            [
                2.9400775723749514e-11,
                5.315784952644928e-08,
                0.9999999433987449,
                3.398267626573895e-09,
                1.5737101213460612e-11
            ],
            [
                2.594080266297827e-11,
                2.171996814568558e-10,
                2.2892678000636547e-11,
                0.00020342706248546624,
                0.9997965726714814
            ],
            [
                1.2256067310411407e-11,
                1.0261879519766235e-10,
                9.545034818724251e-12,
                1.0467401680567186e-08,
                0.9999999894081785
            ]
        ],
        [
            [
                0.9999999999191926,
                7.99195988624817e-11,
                0.0,
                0.0,
                8.87826547101023e-13
            ],
            [
                0.9999999804437092,
                1.9555680665106645e-08,
                0.0,
                0.0,
                6.101936545697047e-13
            ],
            [
                1.4166088434471935e-09,
                5.043472018083097e-07,
                0.9999994892809227,
                4.944450700204076e-09,
                1.0815941990989563e-11
            ],
            [
                2.789467987519864e-10,
                4.0586519731937144e-10,
                2.594609400286576e-11,
                3.653482075741006e-08,
                0.9999999627544213
            ],
            [
                1.4930946641820725e-10,
                3.1608814288777435e-10,
                2.9400777156253545e-11,
                7.19413297243343e-09,
                0.9999999923110686
            ]
        ],
        [
            [
                0.999999999944597,
                5.492788346485426e-11,
                0.0,
                0.0,
                4.752193058904487e-13
            ],
            [
                0.9999999970010391,
                2.9989608125549196e-09,
                0.0,
                0.0,
                0.0
            ],
            [
                1.162821174376153e-10,
                2.3823675783752792e-07,
                0.9999989299272534,
                8.315279899267577e-07,
                1.917168004214466e-10
            ],
            [
                1.0815900642790665e-11,
                9.056042732385602e-11,
                1.0815900642790665e-11,
                2.90231219762511e-06,
                0.9999970975756102
            ],
            [
                3.7751343857980875e-11,
                1.691897851588869e-10,
                1.573710144621576e-11,
                4.139937544989636e-08,
                0.9999999583779464
            ]
        ],
        [
            [
                0.9999999998672289,
                1.317651424437843e-10,
                0.0,
                0.0,
                1.0060392773197971e-12
            ],
            [
                0.9999952149040162,
                4.7850948438776195e-06,
                1.1399853940420291e-12,
                0.0,
                0.0
            ],
            [
                6.431393940749322e-14,
                6.914400106184753e-13,
                0.9999999999933613,
                5.789356328098121e-12,
                9.357622967817785e-14
            ],
            [
                7.433680984788775e-12,
                1.3176514823902567e-10,
                2.020683993951287e-11,
                2.6995786168259313e-07,
                0.9999997298827327
            ],
            [
                9.545034876449687e-12,
                7.052879816833633e-11,
                1.0815941504717869e-11,
                4.363462231736328e-09,
                0.999999995545648
            ]
        ],
        [
            [
                0.9999999998506905,
                1.4930946735774735e-10,
                0.0,
                0.0,
                0.0
            ],
            [
                0.9999999226548844,
                7.734422783208518e-08,
                0.0,
                0.0,
                8.878266484088144e-13
            ],
            [
                1.0815941451730957e-11,
                6.475945936695958e-07,
                0.9999993201298262,
                3.2241867057913104e-08,
                2.2897348232996154e-11
            ],
            [
                1.388794417515638e-11,
                1.4930947095459855e-10,
                1.7832473306441263e-11,
                6.475946144538537e-07,
                0.9999993522243557
            ],
            [
                3.331544475008942e-11,
                1.4930946460992742e-10,
                1.3887943585010035e-11,
                1.9555680693645932e-08,
                0.9999999802478066
            ]
        ],
        [
            [
                0.9999999999840383,
                1.5737102097318474e-11,
                0.0,
                0.0,
                2.2447770536595348e-13
            ],
            [
                0.9999999999377585,
                6.22414461252586e-11,
                0.0,
                0.0,
                0.0
            ],
            [
                6.224145271021684e-11,
                8.764249132055964e-08,
                0.9999999106855303,
                1.60522822233639e-09,
                4.508755711786961e-12
            ],
            [
                2.289735021556655e-11,
                1.9171716610468743e-10,
                4.847369078674061e-11,
                8.315279899793032e-07,
                0.9999991682089218
            ],
            [
                4.5990296450614857e-10,
                1.1032498591760269e-09,
                2.1724277793914267e-10,
                6.14417211441189e-06,
                0.99999385404749
            ]
        ],
        [
            [
                0.9999999999565308,
                4.277787865920528e-11,
                0.0,
                0.0,
                6.91440010201281e-13
            ],
            [
                0.9999999928058669,
                7.1941329752612124e-09,
                0.0,
                0.0,
                0.0
            ],
            [
                7.582344060110847e-10,
                2.7535663599201356e-05,
                0.9999716316673213,
                8.315049914930621e-07,
                4.0585363131374127e-10
            ],
            [
                2.3355709333757165e-09,
                1.6052128623649538e-09,
                1.691881909499968e-10,
                1.0129988060764013e-05,
                0.9999898659019673
            ],
            [
                4.847368812570655e-11,
                4.058652215479928e-10,
                4.2777879627787715e-11,
                6.475946141910184e-07,
                0.999999351908269
            ]
        ],
        [
            [
                0.9999999999616385,
                3.775134541271759e-11,
                0.0,
                0.0,
                6.101936672744413e-13
            ],
            [
                0.9999999998074993,
                1.9171715089115226e-10,
                0.0,
                0.0,
                7.835041765256669e-13
            ],
            [
                3.978962531558166e-12,
                9.736200302539016e-10,
                0.9999999989795032,
                4.2777878643685596e-11,
                1.20154257188501e-13
            ],
            [
                7.990329741868561e-11,
                4.0578242674451504e-10,
                7.051441247828575e-11,
                0.00020342706224407245,
                0.9997965723815558
            ],
            [
                9.545034729888396e-12,
                1.0261879424258691e-10,
                2.5946094458266123e-11,
                1.9555680692533734e-08,
                0.9999999803062094
            ]
        ],
        [
            [
                0.9999999996414057,
                3.5817479262829045e-10,
                0.0,
                0.0,
                4.1937956536957025e-13
            ],
            [
                0.9999999973529512,
                2.6465736270894915e-09,
                0.0,
                0.0,
                4.752193041547809e-13
            ],
            [
                8.682400993024197e-09,
                0.060086642473084484,
                0.939913266263997,
                8.237632704715053e-08,
                2.0419049997390418e-10
            ],
            [
                9.736201080034694e-10,
                9.736201080034694e-10,
                7.0528804067433e-11,
                1.125351835848642e-07,
                0.9999998854470474
            ],
            [
                3.511422063392553e-12,
                2.940077697433416e-11,
                3.0988190946111366e-12,
                1.344040975981513e-08,
                0.9999999865235794
            ]
        ],
        [
            [
                0.9999999999089009,
                9.056076983499979e-11,
                0.0,
                0.0,
                5.384940214083502e-13
            ],
            [
                0.9999999999612426,
                3.7751345404572364e-11,
                0.0,
                0.0,
                1.0060392782648253e-12
            ],
            [
                8.258073284768343e-14,
                6.914400106280773e-13,
                0.9999999999951901,
                3.9789625354577635e-12,
                5.675685232091429e-14
            ],
            [
                6.5601999242626115e-12,
                1.0261879250191916e-10,
                1.2256066988450797e-11,
                3.653482077894087e-08,
                0.9999999633437442
            ],
            [
                3.511422104575551e-12,
                3.331544533816293e-11,
                5.109089015258003e-12,
                1.605228051162299e-09,
                0.999999998352836
            ]
        ],
        [
            [
                0.9999999999362947,
                6.22414461645132e-11,
                0.0,
                0.0,
                1.4637785126074943e-12
            ],
            [
                0.9999989322969248,
                1.0677030752041601e-06,
                0.0,
                0.0,
                0.0
            ],
            [
                5.78935631135312e-12,
                1.1032560290319827e-09,
                0.9999999970688942,
                1.8189616820931877e-09,
                3.098819129420303e-12
            ],
            [
                3.33154445640705e-11,
                2.172439879156888e-10,
                2.2897347867040627e-11,
                2.510999091106789e-08,
                0.9999999746165522
            ],
            [
                4.508755179622578e-12,
                4.277787809507226e-11,
                6.560200076966197e-12,
                1.3440409764311686e-08,
                0.9999999865057434
            ]
        ],
        [
            [
                0.9999999999509162,
                4.84736870278867e-11,
                0.0,
                0.0,
                6.101936673222654e-13
            ],
            [
                0.999999996149258,
                3.8507419024844085e-09,
                0.0,
                0.0,
                0.0
            ],
            [
                1.0603575990725326e-13,
                6.101936677145808e-13,
                0.999999999995222,
                3.978962535537598e-12,
                8.258073284934033e-14
            ],
            [
                2.020533772932622e-11,
                1.0261117177726323e-10,
                1.7831147961806052e-11,
                7.484619850833017e-05,
                0.999925153660844
            ],
            [
                4.277633361203878e-11,
                2.7893673411500215e-10,
                5.4925899590571934e-11,
                3.535625750485392e-05,
                0.9999646433658562
            ]
        ],
        [
            [
                0.9999999999508349,
                4.847368702788276e-11,
                0.0,
                0.0,
