{
    "[['A', 'B', 'C', 'D', 'E'], ['A', 'B', 'C', 'D', 'E']]": [
        [
            [
                0.9999999999964886,
                3.511422111748564e-12,
                0.0,
                0.0,
                0.0
            ],
            [
                0.9999999996837372,
                3.160881451198893e-10,
                0.0,
                0.0,
                1.7482341265483096e-13
            ],
            [
                1.3887866123540301e-11,
                3.850720367225459e-09,
                0.9999938515033889,
                6.144172099939321e-06,
                4.5990296342284927e-10
            ],
            [
                2.5945404059052968e-11,
                1.4930549162827616e-10,
                2.2896738718420034e-11,
                2.7535690354560454e-05,
                0.9999724641114978
            ],
            [
                1.2256068973542023e-11,
                7.991960890275748e-11,
                1.388794559804947e-11,
                6.825604228106306e-08,
                0.999999931637894
            ]
        ],
        [
            [
                0.9999999999952667,
                4.508755238854692e-12,
                0.0,
                0.0,
                2.244777053308233e-13
            ],
            [
                0.9999999907625504,
                9.237449566448848e-09,
                0.0,
                0.0,
                0.0
            ],
            [
                2.3354550383659683e-09,
                5.8291274933638926e-05,
                0.9999416779150484,
                2.8451666900387908e-08,
                2.2895995547811985e-11
            ],
            [
                7.43358186241097e-12,
                1.0261743228785505e-10,
                2.940038659194622e-11,
                1.3007124758516514e-05,
                0.9999869927357901
            ],
            [
                3.7751343404687005e-11,
                1.0261879077687791e-10,
                2.0206837999303728e-11,
                5.315784967438013e-08,
                0.9999999466815734
            ]
        ],
        [
            [
                0.9999999999666846,
                3.3315445367052287e-11,
                0.0,
                0.0,
                0.0
            ],
            [
                0.9999999998308102,
                1.691897919932121e-10,
                0.0,
                0.0,
                0.0
            ],
            [
                1.2917800035212802e-12,
                5.905303993162457e-10,
                0.9999999990914796,
                3.1608814512190347e-10,
                6.101936671631228e-13
            ],
            [
                3.509480726330683e-12,
                1.1621804039276035e-10,
                2.5931749964973302e-11,
                0.0005527785872295353,
                0.9994472212671112
            ],
            [
                7.991959463341529e-11,
                2.461696819485448e-10,
                7.991959463341529e-11,
                5.315784968671326e-08,
                0.9999999464361415
            ]
        ],
        [
            [
                0.9999999999377585,
                6.224144612524334e-11,
                0.0,
                0.0,
                0.0
            ],
            [
                0.999999999979793,
                2.0206839079283234e-11,
                0.0,
                0.0,
                0.0
            ],
            [
                1.0509326477854874e-09,
                6.50189005881766e-08,
                0.9525737530639331,
                0.04742585067301111,
                3.3019322252351513e-07
            ],
            [
                2.734698351512523e-12,
                4.847368812482147e-11,
                1.0815941794276456e-11,
                6.47594614179194e-07,
                0.9999993523433615
            ],
            [
                5.1090889568727115e-12,
                2.2897348137401334e-11,
                5.789356248061118e-12,
                1.3440409763854857e-08,
                0.9999999865257945
            ]
        ],
        [
            [
                0.9999999999572222,
                4.277787863438115e-11,
                0.0,
                0.0,
                0.0
            ],
            [
                0.9999999995941349,
                4.058652118313366e-10,
                0.0,
                0.0,
                0.0
            ],
            [
                1.3615261079762193e-13,
                1.6586783587760398e-12,
                0.9999999999872144,
                1.081594155638457e-11,
                1.748234128125404e-13
            ],
            [
                3.7735076506361854e-11,
                3.1595192729440734e-10,
                1.1623221845010675e-10,
                0.00043055712096051724,
                0.9995694424091203
            ],
            [
                1.783247258895193e-11,
                9.056076827572546e-11,
                1.2256067224720554e-11,
                1.725782767905168e-08,
                0.999999982621523
            ]
        ],
        [
            [
                0.9999999999094393,
                9.056076972380087e-11,
                0.0,
                0.0,
                0.0
            ],
            [
                0.9999999999198259,
                7.991959886251438e-11,
                0.0,
                0.0,
                2.5436656452436657e-13
            ],
            [
                3.5674388834524486e-09,
                4.6724228689153264e-07,
                0.8175704573375824,
                0.18242463878130225,
                4.433071389602906e-06
            ],
            [
                3.978963036324925e-12,
                4.277788407043969e-11,
                8.423464814001087e-12,
                3.059023589792789e-07,
                0.9999996940424607
            ],
            [
                1.6918978787758678e-10,
                1.4930946375091506e-10,
                2.2897347863155628e-11,
                2.5109990906807475e-08,
                0.9999999745486126
            ]
        ],
        [
            [
                0.9999999999730478,
                2.5946094949628778e-11,
                0.0,
                0.0,
                1.006039277998499e-12
            ],
            [
                0.999999998582781,
                1.416608783561399e-09,
                0.0,
                0.0,
                6.101936664330713e-13
            ],
            [
                4.508755211526993e-12,
                1.1032560248149137e-09,
                0.9999999932665415,
                5.602796399303678e-09,
                2.2897348300203587e-11
            ],
            [
                1.225595148807927e-11,
                9.055991309119031e-11,
                1.7832304193132508e-11,
                1.0129988095971943e-05,
                0.9999898698912558
            ],
            [
                1.0815941798167857e-11,
                7.052880008187062e-11,
                2.0206839540249302e-11,
                6.47594614412188e-07,
                0.999999352303834
            ]
        ],
        [
            [
                0.9999999999915765,
                8.423463748759169e-12,
                0.0,
                0.0,
                0.0
            ],
            [
                0.9999999993306872,
                6.691586082862433e-10,
                0.0,
                0.0,
                1.5428112012481877e-13
            ],
            [
                1.41385296616934e-09,
                7.719375637171964e-08,
                0.1192006562729388,
                0.8807803764300466,
                1.8888689405329552e-05
            ],
            [
                2.5915727750210912e-11,
                3.1571819680417986e-10,
                9.045477784044706e-11,
                0.0011695103495148692,
                0.9988304892183963
            ],
            [
                3.775134727917732e-11,
                9.05607743019905e-11,
                2.5946096244893312e-11,
                1.4449803163992427e-07,
                0.9999998553477102
            ]
        ],
        [
            [
                0.9999999999660745,
                3.331544538809729e-11,
                0.0,
                0.0,
                6.101936671457344e-13
            ],
            [
                0.9999999993300579,
                6.691586074638068e-10,
                0.0,
                0.0,
                7.835041765563725e-13
            ],
            [
                1.169408107293142e-08,
                4.972449802174992e-07,
                0.014063358703607956,
                0.9859174733771056,
                1.865898022516293e-05
            ],
            [
                4.508488977330397e-12,
                6.223777055462323e-11,
                1.2255343660885125e-11,
                5.829127838347283e-05,
                0.9999417086426149
            ],
            [
                1.081594179832584e-11,
                6.224144761616809e-11,
                1.3887944174465695e-11,
                6.475946144216471e-07,
                0.9999993523184403
            ]
        ],
        [
            [
                0.9999999999375837,
                6.224144619656777e-11,
                0.0,
                0.0,
                1.7482341273579162e-13
            ],
            [
                0.9999999994094697,
                5.905303985974613e-10,
                0.0,
                0.0,
                0.0
            ],
            [
                2.594609450597781e-11,
                1.1861119933383239e-08,
                0.9999999817557105,
                6.3487999993777826e-09,
                8.423463599678617e-12
            ],
            [
                7.433680957769036e-12,
                5.492788561850793e-11,
                1.7832473592825812e-11,
                3.9278636962917186e-07,
                0.9999996071334363
            ],
            [
                2.9400776297708124e-11,
                7.991959595264941e-11,
                1.3887943347658121e-11,
                3.6534820776340965e-08,
                0.9999999633419709
            ]
        ],
        [
            [
                0.9999999999875693,
                1.2256067437559987e-11,
                0.0,
                0.0,
                1.748234127338248e-13
            ],
            [
                0.9999999998082829,
                1.9171715119362463e-10,
                0.0,
                0.0,
                0.0
            ],
            [
                4.8473693443188484e-11,
                1.1253518953201924e-07,
                0.9999998190576752,
                6.825604274774187e-08,
                1.0261880982450771e-10
            ],
            [
                1.5737103375660437e-11,
                7.052880419747764e-11,
                8.423464433607028e-12,
                1.1253518379236237e-07,
                0.9999998873701268
            ],
            [
                2.0206841219806248e-11,
                1.691898100923022e-10,
                3.3315448932754686e-11,
                8.764249143101382e-08,
                0.9999999121347966
            ]
        ],
        [
            [
                0.9999999999821676,
                1.783247289962361e-11,
                0.0,
                0.0,
                0.0
            ],
            [
                0.9999999988963246,
                1.1032560300517652e-09,
                0.0,
                0.0,
                4.193795649667792e-13
            ],
            [
                2.996748068090847e-09,
                8.757781596275448e-08,
                2.751615806515756e-05,
                0.9992627425360431,
                0.0007096507313277082
            ],
            [
                5.109089418301917e-12,
                4.847369076518323e-11,
                1.22560683802332e-11,
                8.315279896095033e-07,
                0.9999991684061715
            ],
            [
                1.9171714998965803e-10,
                2.4616969340165687e-10,
                3.77513451698373e-11,
                6.348800070139929e-09,
                0.9999999931755617
            ]
        ],
        [
            [
                0.9999999999930202,
                6.560200162471356e-12,
                0.0,
                0.0,
                4.193795654746894e-13
            ],
            [
                0.9999999956365377,
                4.363462230984051e-09,
                0.0,
                0.0,
                0.0
            ],
            [
                1.3440180774402197e-08,
                1.0129930527811727e-05,
                0.9999837109106448,
                6.1441134458767915e-06,
                1.6052006839281529e-09
            ],
            [
                4.508635180629671e-12,
                4.8472396278157345e-11,
                9.544780752293504e-12,
                2.7535689833626202e-05,
                0.9999724642476405
            ],
            [
                3.3315444022730976e-11,
                1.3176513716806674e-10,
                2.020683824172633e-11,
                4.139937544946996e-08,
                0.9999999584153372
            ]
        ],
        [
            [
                0.999999999987546,
                1.2256067437559702e-11,
                0.0,
                0.0,
                1.9810087969919224e-13
            ],
            [
                0.9999999999094393,
                9.056076983504855e-11,
                0.0,
                0.0,
                0.0
            ],
            [
                4.934803427063109e-09,
                3.920199924678428e-07,
                0.11919997236384687,
                0.8807753772632408,
                2.4253418116331152e-05
            ],
            [
                5.491353839233661e-11,
                4.597854276693754e-10,
                1.1625196168883737e-10,
                0.00026119032903188443,
                0.9997388090400172
            ],
            [
                2.335593276614454e-09,
                1.2501529936800016e-09,
                2.4616972024706735e-10,
                8.764249111838277e-08,
                0.9999999085255928
            ]
        ],
        [
            [
                0.9999999999666846,
                3.331544538379874e-11,
                0.0,
                0.0,
                0.0
            ],
            [
                0.9999999999515263,
                4.8473687031718077e-11,
                0.0,
                0.0,
                0.0
            ],
            [
                2.2447770547997566e-13,
                1.8795288163538602e-12,
                0.9999999999920131,
                5.789356328160124e-12,
                9.357622967918004e-14
            ],
            [
                1.2255974575250616e-11,
                7.991899334857395e-11,
                1.388783863077159e-11,
                7.889265046808316e-06,
                0.9999921106288904
            ],
            [
                2.2897348351607553e-11,
                1.0261879584712288e-10,
                1.2256067387978404e-11,
                3.850741905134898e-09,
                0.9999999960114858
            ]
        ],
        [
            [
                0.999999999989184,
                1.0815941543647128e-11,
                0.0,
                0.0,
                0.0
            ],
            [
                0.9999999999572222,
                4.277787865923486e-11,
                0.0,
                0.0,
                0.0
            ],
            [
                1.1838157427211407e-08,
                2.896701615312391e-06,
                0.7772928226553694,
                0.22269813648749018,
                6.132317367738294e-06
            ],
            [
                9.545017471075363e-12,
                1.1628211769618475e-10,
                2.020680214483481e-11,
                1.0677030761274112e-06,
                0.9999989321508899
            ],
            [
                4.277787771370954e-11,
                1.6918978840143553e-10,
                3.7751344581491265e-11,
                2.2159489267795594e-08,
                0.9999999775907918
            ]
        ],
        [
            [
                0.9999999999622486,
                3.77513453807663e-11,
                0.0,
                0.0,
                0.0
            ],
            [
                0.9999999956360626,
                4.363462229653471e-09,
                0.0,
                0.0,
                4.752193037406049e-13
            ],
            [
                5.197891355076471e-10,
                2.5044843091156048e-08,
                0.002472318637799076,
                0.9974045663005214,
                0.00012308949704724687
            ],
            [
                2.5941988690467558e-11,
                2.7890266248426037e-10,
                1.3174428922798082e-10,
                0.0001584362487692613,
                0.9998415633146418
            ],
            [
                1.3176513878208045e-10,
                1.4930946317905018e-10,
                3.331544443081755e-11,
                2.8453347243592807e-08,
                0.9999999712322627
            ]
        ],
        [
            [
                0.9999999998677598,
                1.3176514251880344e-10,
                0.0,
                0.0,
                4.752193056201754e-13
            ],
            [
                0.9999999950550744,
                4.944450470484352e-09,
                0.0,
                0.0,
                4.752193032539914e-13
            ],
            [
                1.6052250758569533e-09,
                2.260323056160853e-06,
                0.9999975934423352,
                1.4449761861657208e-07,
                1.3176489814276583e-10
            ],
            [
                2.9393099019699694e-11,
                2.4610540495031953e-10,
                4.2766706722685726e-11,
                0.0002611903288420156,
                0.9997388093528928
            ],
            [
                7.433681600350214e-12,
                4.27778840299499e-11,
                9.54503611441368e-12,
                6.82560422842238e-08,
                0.9999999316842011
            ]
        ],
        [
            [
                0.999999999990455,
                9.545034917110999e-12,
                0.0,
                0.0,
                0.0
            ],
            [
                0.9999999999294713,
                7.05287984526684e-11,
                0.0,
                0.0,
                0.0
            ],
            [
                1.1823488795368402e-08,
                0.003172683016472525,
                0.9968272686863757,
                3.6418909400487306e-08,
                5.4753615758191964e-11
            ],
            [
                2.5946093587475386e-11,
                1.9171714106596042e-10,
                4.277787638924687e-11,
                5.3157849685602794e-08,
                0.9999999465817093
            ],
            [
                2.020683899027124e-11,
                9.056076944877967e-11,
                1.2256067383476178e-11,
                4.3634622313603105e-09,
                0.9999999955135142
            ]
        ],
        [
            [
                0.9999999999925664,
                7.433680667904973e-12,
                0.0,
                0.0,
                0.0
            ],
            [
                0.9999999918479795,
                8.152020643766372e-09,
                0.0,
                0.0,
                0.0
            ],
            [
                4.032449950574695e-09,
                7.684489398272067e-07,
                0.9241400791538212,
                0.07585803027817893,
                1.1180866100210444e-06
            ],
            [
                1.879503834442851e-12,
                4.847304276594889e-11,
                7.43358186624489e-12,
                1.3007124765225028e-05,
                0.9999869928174486
            ],
            [
                2.1724402095090335e-10,
                3.16088185360701e-10,
                6.224145409162943e-11,
                1.8553915969953386e-07,
                0.9999998138652666
            ]
        ],
        [
            [
                0.9999999999572222,
                4.2777878619165694e-11,
                0.0,
                0.0,
                0.0
            ],
            [
                0.9999999997538302,
                2.461696947722128e-10,
                0.0,
                0.0,
                0.0
            ],
            [
                6.431393941048889e-14,
                1.00603927922026e-12,
                0.9999999999922493,
                6.560200167742595e-12,
                1.2015425731018678e-13
            ],
            [
                5.488892441540626e-11,
                4.055773417154011e-10,
                1.6906978980332265e-10,
                0.0007096703473881691,
                0.9992903290230758
            ],
            [
                1.7832472393984278e-11,
                7.0528796477571e-11,
                1.2256067090721376e-11,
                2.8453347269441136e-08,
                0.9999999714460354
            ]
        ],
        [
            [
                0.9999999999821676,
                1.7832472895891104e-11,
                0.0,
                0.0,
                0.0
            ],
            [
                0.9999999994782485,
                5.211412480691744e-10,
                0.0,
                0.0,
                6.101936669178744e-13
            ],
            [
                1.5200610889318675e-08,
                0.001926731591404023,
                0.9980717019467279,
                1.5505044632615867e-06,
                7.567938535798061e-10
            ],
            [
                2.9400781108308957e-11,
                9.05607813411642e-11,
                2.594609826165034e-11,
                1.8553915970873377e-07,
                0.9999998143149327
            ],
            [
                7.582560383647852e-10,
                2.1724399223971528e-10,
                3.775134522241322e-11,
                3.850741900288475e-09,
                0.9999999951360068
            ]
        ],
        [
            [
                0.9999999999969011,
                3.0988191363625243e-12,
                0.0,
                0.0,
                0.0
            ],
            [
                0.999999999868235,
                1.3176514249693297e-10,
                0.0,
                0.0,
                0.0
            ],
            [
                1.1627369612295279e-10,
                6.825096562591674e-08,
                0.999925082034124,
                7.4846200621208e-05,
                3.3980154917902494e-09
            ],
            [
                1.0759480961561026e-11,
                2.774906713312261e-10,
                7.016062917897496e-11,
                0.0052201257124709745,
                0.9947798739291183
            ],
            [
                4.2777878460562096e-11,
                1.0261879576736968e-10,
                2.020683898198982e-11,
                4.944450475455061e-09,
                0.9999999948899461
            ]
        ],
        [
            [
                0.999999999987744,
                1.2256067435748022e-11,
                0.0,
                0.0,
                0.0
            ],
            [
                0.9999999990263799,
                9.736200298454766e-10,
                0.0,
                0.0,
                0.0
            ],
            [
                2.9400386365389173e-11,
                8.151912293394256e-09,
                0.9999869841728947,
                1.3007124658284642e-05,
                5.211343176613612e-10
            ],
            [
                7.43118608592495e-12,
                2.171710910062353e-10,
                6.222055931264731e-11,
                0.00033535005882822646,
                0.999664649654349
            ],
            [
                4.847369320757184e-11,
                1.493094865472463e-10,
                3.331544964496689e-11,
                1.8553915978185815e-07,
                0.9999998142297416
            ]
        ],
        [
            [
                0.9999999999666846,
                3.3315445395284084e-11,
                0.0,
                0.0,
                0.0
            ],
            [
                0.9999999998676965,
                1.317651424720086e-10,
                0.0,
                0.0,
                5.384940208397532e-13
            ],
            [
                5.211412754720016e-10,
                8.31527968671735e-07,
                0.9999991428270094,
                2.510999284310587e-08,
                1.388794457604582e-11
            ],
            [
                6.56017535373638e-12,
                7.991929662804922e-11,
                1.5737042580170068e-11,
                2.9023121982791136e-06,
                0.9999970975855852
            ],
            [
                3.775134847466302e-11,
                1.691898058494208e-10,
                3.775134847466302e-11,
                1.1253518375714229e-07,
                0.9999998872201237
            ]
        ],
        [
            [
                0.9999999999942106,
                5.7893563237209326e-12,
                0.0,
                0.0,
                0.0
            ],
            [
                0.9999999998837177,
                1.162823301603437e-10,
                0.0,
                0.0,
                0.0
            ],
            [
                0.0001468514790485419,
                0.5620926100091529,
                0.43775815968640547,
                2.373633086865261e-06,
                5.192306247109533e-09
            ],
            [
                3.331531972714161e-11,
                1.6918915393205707e-10,
                7.052853241581535e-11,
                3.726639111936743e-06,
                0.9999962730878551
            ],
            [
                3.978962854375282e-12,
                3.775134846499577e-11,
                6.560200693334223e-12,
                1.1253518372832463e-07,
                0.9999998874165258
            ]
        ],
        [
            [
                0.999999999987744,
                1.2256067436708576e-11,
                0.0,
                0.0,
                0.0
            ],
            [
                0.9999999993308415,
                6.691586078449544e-10,
                0.0,
                0.0,
                0.0
            ],
            [
                1.3793246166848034e-08,
                2.0471011901683196e-06,
                0.37753719938280306,
                0.6224535946375381,
                7.145085222315748e-06
            ],
            [
                9.055956616939332e-11,
                2.4616642311139636e-10,
                4.847304275388948e-11,
                1.300712476198904e-05,
                0.999986992490039
            ],
            [
                7.05287980247139e-11,
                1.3176514179222544e-10,
                2.940077719007983e-11,
                6.348800072258655e-09,
                0.9999999934195052
            ]
        ],
        [
            [
                0.9999999999369749,
                6.224144612524334e-11,
                0.0,
                0.0,
                7.835041771993556e-13
            ],
            [
                0.9999999994094697,
                5.90530398893924e-10,
                0.0,
                0.0,
                0.0
            ],
            [
                6.224144441175499e-11,
                2.510999082427946e-08,
                0.9999999709712366,
                3.850741810333834e-09,
                5.789356159693297e-12
            ],
            [
                4.2776984796834145e-11,
                3.5816730855507075e-10,
                1.6918625684668612e-10,
                2.1444939738679295e-05,
                0.9999785544901308
            ],
            [
                1.0815941424580918e-11,
                7.052879764577777e-11,
                1.0815941424580918e-11,
                1.1861120005815374e-08,
                0.9999999880467193
            ]
        ],
        [
            [
                0.999999999979793,
                2.0206839048141415e-11,
                0.0,
                0.0,
                0.0
            ],
            [
                0.9999999987490635,
                1.2501528619030324e-09,
                0.0,
                0.0,
                7.835041756963781e-13
            ],
            [
                5.598822502501211e-09,
                0.0007096703578560272,
                0.999290211539526,
                1.1245535610036205e-07,
                4.8439305788013593e-11
            ],
            [
                4.492893102051247e-11,
                1.4878418567651813e-09,
                7.963843576624778e-10,
                0.43782349836212214,
                0.5621764993087227
            ],
            [
                5.492788307429786e-11,
                7.052879795225085e-11,
                1.3887943754915844e-11,
                7.194132973319017e-09,
                0.9999999926665225
            ]
        ],
        [
            [
                0.999999999979793,
                2.0206839074491894e-11,
                0.0,
                0.0,
                0.0
            ],
            [
                0.999999998394772,
                1.605228051772304e-09,
                0.0,
                0.0,
                0.0
            ],
            [
                1.0603575990570829e-13,
                1.2917800046698948e-12,
                0.9999999999900426,
                8.423463753711572e-12,
                1.361526107967284e-13
            ],
            [
                4.84736850268837e-11,
                1.9171714332401142e-10,
                4.277787689308615e-11,
                4.139937544914274e-08,
                0.999999958317656
            ],
            [
                1.8795289556727824e-12,
                2.5946096903446138e-11,
                4.508755576059218e-12,
                2.3823698438587334e-07,
                0.9999997617306812
            ]
        ],
        [
            [
                0.9999999999821676,
                1.7832472885535077e-11,
                0.0,
                0.0,
                0.0
            ],
            [
                0.9999999998082829,
                1.917171510994e-10,
                0.0,
                0.0,
                0.0
            ],
            [
                9.357622967988232e-14,
                2.413362771613495e-12,
                0.999999999979486,
                1.7832472906522872e-11,
                1.7482341281118928e-13
            ],
            [
                8.422130637963157e-12,
                1.0260255563324187e-10,
                4.2771108565449724e-11,
                0.0001584362485457661,
                0.9998415635976584
            ],
            [
                3.3315443627667506e-11,
                1.1628232404054626e-10,
                2.0206838002108222e-11,
                5.315784968175788e-08,
                0.9999999466723457
            ]
        ],
        [
            [
                0.999999999990455,
                9.545034917112889e-12,
                0.0,
                0.0,
                0.0
            ],
            [
                0.9999999966017321,
                3.3982678036961426e-09,
                0.0,
                0.0,
                0.0
            ],
            [
                1.2256067376015697e-11,
                3.3982678006173243e-09,
                0.999999994524811,
                2.061153610988626e-09,
                3.511422093870181e-12
            ],
            [
                1.2244898473135912e-11,
                1.9154243927452285e-10,
                9.047824174371152e-11,
                0.0009110514091154984,
                0.999088948296619
            ],
            [
                2.940077727802527e-11,
                6.224144598600504e-11,
                9.54503488556421e-12,
                3.398267806223747e-09,
                0.9999999965005448
            ]
        ],
        [
            [
                0.999999999994891,
                5.109089025374665e-12,
                0.0,
                0.0,
                0.0
            ],
            [
                0.9999999998082829,
                1.91717151031326e-10,
                0.0,
                0.0,
                0.0
            ],
            [
                2.8823507930848824e-13,
                5.1090890274260875e-12,
                0.9999999999458025,
                4.8473687056656616e-11,
                3.266131342380075e-13
            ],
            [
                2.7250774192955808e-11,
                1.1587324040238686e-09,
                5.473464312380634e-10,
                0.5621765000949799,
                0.43782349817169064
            ],
            [
                9.545034676029789e-12,
                5.492788208924852e-11,
                1.3887943505856368e-11,
                2.5109990908157953e-08,
                0.9999999748116482
            ]
        ],
        [
            [
                0.9999999999666846,
                3.3315445367054994e-11,
                0.0,
                0.0,
                0.0
            ],
            [
                0.9999999999515263,
                4.8473687018683125e-11,
                0.0,
                0.0,
                0.0
            ],
            [
                4.5990470887651903e-10,
                1.3709566152035602e-06,
                0.9999981238308622,
                5.043467534713778e-07,
                4.058644810675981e-10
            ],
            [
                7.432759411543425e-12,
                1.317488129623929e-10,
                3.774666689436155e-11,
                0.00012339462938811262,
                0.9998766051936836
            ],
            [
                1.2256067914778307e-11,
                4.8473688924273417e-11,
                1.0815941972658297e-11,
                3.9278636963256883e-07,
                0.9999996071420847
            ]
        ],
        [
            [
                0.9999999999377585,
                6.224144613699406e-11,
                0.0,
                0.0,
                0.0
            ],
            [
                0.9999999998973812,
                1.0261879625299145e-10,
                0.0,
                0.0,
                0.0
            ],
            [
                3.3315449350584086e-11,
                6.825604181284317e-08,
                0.9999999245099487,
                7.1941338787358585e-09,
                6.56020094180399e-12
            ],
            [
                1.1628234494214424e-10,
                1.3176515929017383e-10,
                2.5946098249375604e-11,
                1.855391596209578e-07,
                0.9999998141868467
            ],
            [
                1.0261879447872488e-10,
                1.317651403405384e-10,
                1.5737101824951382e-11,
                1.7257827678806694e-08,
                0.9999999824920512
            ]
        ],
        [
            [
                0.999999999979793,
                2.0206839061172832e-11,
                0.0,
                0.0,
                0.0
            ],
            [
                0.9999999988967441,
                1.1032560297471415e-09,
                0.0,
                0.0,
                0.0
            ],
            [
                2.594609276035481e-11,
                3.22418646108938e-08,
                0.9999999144944216,
                5.315784799101432e-08,
                7.991959208403504e-11
            ],
            [
                1.6886384895390915e-10,
                4.9349250422206345e-09,
                3.843323487280115e-09,
                0.7772998491378608,
                0.2227001419150268
            ],
            [
                2.0206840072336342e-11,
                1.4930947487661313e-10,
                2.5946096243824226e-11,
                1.4449803163397034e-07,
                0.999999855306506
            ]
        ],
        [
            [
                0.999999999990455,
                9.545034917774061e-12,
                0.0,
                0.0,
                0.0
            ],
            [
                0.9999999995937154,
                4.0586521183116635e-10,
                0.0,
                0.0,
                4.193795649943672e-13
            ],
            [
                1.9171715521467878e-10,
                6.475946129566968e-07,
                0.9999993498753421,
                2.3355930855660746e-09,
                2.7346983463500945e-12
            ],
            [
                1.3887759270849348e-11,
                1.0261743234075006e-10,
                2.0206570507370132e-11,
                1.3007124765221145e-05,
                0.999986992738523
            ],
            [
                3.978962404391589e-12,
                2.5946094125631357e-11,
                5.1090888592837684e-12,
                3.2241866307452196e-08,
                0.9999999677230995
            ]
        ],
        [
            [
                0.9999999999934397,
                6.560200164235075e-12,
                0.0,
                0.0,
                0.0
            ],
            [
                0.9999999998973812,
                1.0261879611982863e-10,
                0.0,
                0.0,
                0.0
            ],
            [
                2.0321615828217163e-09,
                1.5316502062590393e-06,
                0.9859347823342749,
                0.014063607727056442,
                7.625630081096147e-08
            ],
            [
                1.5737101888074957e-11,
                7.052879753058206e-11,
                1.783247266022717e-11,
                1.3440409764277262e-08,
                0.9999999864554918
            ],
            [
                1.7832472497642962e-11,
                7.052879688754905e-11,
                1.388794354526363e-11,
                2.2159489263254648e-08,
                0.9999999777382617
            ]
        ],
        [
            [
                0.999999999986112,
                1.3887943839509509e-11,
                0.0,
                0.0,
                0.0
            ],
            [
                0.9999999317439577,
                6.825604229199114e-08,
                0.0,
                0.0,
                0.0
            ],
            [
                1.3615261079487142e-13,
                3.0988191384010487e-12,
                0.9999999999764038,
                2.020683908813044e-11,
                1.5428112030321824e-13
            ],
            [
                7.43365263341061e-12,
                7.052853248505078e-11,
                1.783240564622217e-11,
                3.7266391155950565e-06,
                0.9999962732650898
            ],
            [
                1.0815941199345917e-11,
                7.052879617706108e-11,
                1.225606703850058e-11,
