{
    "[['A', 'B', 'C', 'D', 'E'], ['A', 'B', 'C', 'D', 'E']]": [
        [
            [
                0.9999999999945208,
                5.109089023645517e-12,
                0.0,
                0.0,
                3.7010116753924227e-13
            ],
            [
                0.9999999999377585,
                6.22414461645782e-11,
                0.0,
                0.0,
                0.0
            ],
            [
                1.20154257307692e-13,
                6.10193667709617e-13,
                0.9999999999964782,
                2.7346982913636874e-12,
                5.6756852321591355e-14
            ],
            [
                6.5595748637192885e-12,
                1.0260901490993462e-10,
                2.5943621855751078e-11,
                9.61024001388756e-05,
                0.999903897464749
            ],
            [
                1.1528481348576754e-10,
                7.517514160616838e-10,
                2.765538908406127e-10,
                0.008577485661436143,
                0.9914225131949737
            ]
        ],
        [
            [
                0.9999999999925664,
                7.433680665907034e-12,
                0.0,
                0.0,
                0.0
            ],
            [
                0.9999999999572222,
                4.277787866258608e-11,
                0.0,
                0.0,
                0.0
            ],
            [
                3.037975385220013e-14,
                4.1937956580715435e-13,
                0.9999999999970866,
                2.4133627716559714e-12,
                5.008774637475651e-14
            ],
            [
                1.7832472547373574e-11,
                5.4927882398288334e-11,
                1.2256067196144196e-11,
                1.9555680692215065e-08,
                0.9999999803593029
            ],
            [
                8.423464081392e-12,
                4.847368894401656e-11,
                7.433680960861034e-12,
                3.9278636979254916e-07,
                0.9999996071492994
            ]
        ],
        [
            [
                0.9999999999987081,
                1.291780003804349e-12,
                0.0,
                0.0,
                0.0
            ],
            [
                2.1028168740791314e-05,
                0.9805437747872402,
                0.0014741877375212481,
                0.017959283209295723,
                1.7260972021509668e-06
            ],
            [
                4.752193041725908e-13,
                2.9400777262642407e-11,
                0.999999995604782,
                4.3634622336199636e-09,
                1.8795288082155274e-12
            ],
            [
                6.222875062184794e-11,
                2.7888991152272894e-10,
                1.0259786479933453e-10,
                0.00020342706085312625,
                0.9997965724954303
            ],
            [
                7.433652557329751e-12,
                6.224121082487709e-11,
                1.7832405463713678e-11,
                2.902312199605109e-06,
                0.9999970976002931
            ]
        ],
        [
            [
                0.9999999999766833,
                2.2897348438559584e-11,
                0.0,
                0.0,
                4.193795655101788e-13
            ],
            [
                0.9999999999946028,
                5.1090890246169595e-12,
                0.0,
                0.0,
                2.882350791500081e-13
            ],
            [
                1.9842161065082926e-09,
                6.570821315073887e-08,
                0.9626728265526246,
                0.03732687641074715,
                2.2934419901808296e-07
            ],
            [
                1.0249869157008035e-10,
                5.898392447962704e-10,
                2.1698973175663754e-10,
                0.0011695103450444452,
                0.9988304887456279
            ],
            [
                5.4926420840671184e-11,
                1.493054916734907e-10,
                2.93999944826129e-11,
                2.7535690112646868e-05,
                0.9999724640762554
            ]
        ],
        [
            [
                0.999999999992147,
                7.433680666657177e-12,
                0.0,
                0.0,
                4.193795655166639e-13
            ],
            [
                0.4999999957909818,
                0.49999999537717604,
                8.628909783918749e-09,
                2.029325073126316e-10,
                0.0
            ],
            [
                1.0620742849431065e-09,
                1.0833452228402223e-07,
                0.9626728772925782,
                0.03732687420654517,
                1.3910428011740907e-07
            ],
            [
                8.423464821658816e-12,
                4.2777884109328856e-11,
                1.2256068996852018e-11,
                1.855391597680256e-07,
                0.9999998143973828
            ],
            [
                8.592167268897767e-10,
                5.211412881965858e-10,
                9.056077674476564e-11,
                8.315279889749583e-07,
                0.9999991670010923
            ]
        ],
        [
            [
                0.9999999999939224,
                5.789356325276676e-12,
                0.0,
                0.0,
                2.8823507917247544e-13
            ],
            [
                4.421418475642166e-06,
                0.016923535524759423,
                0.059068944053601004,
                0.9239937388601775,
                9.360142986386052e-06
            ],
            [
                7.287724094928926e-14,
                6.914400106095066e-13,
                0.9999999999940539,
                5.109089027438849e-12,
                7.287724094928926e-14
            ],
            [
                7.95943540621467e-11,
                4.042134829212575e-10,
                2.7781159315453805e-10,
                0.004070137771157835,
                0.9959298614672227
            ],
            [
                2.0206109252785145e-11,
                9.055749899226403e-11,
                2.2896521442292774e-11,
                3.5356257768951954e-05,
                0.999964643608571
            ]
        ],
        [
            [
                0.9999999999915765,
                8.423463748008121e-12,
                0.0,
                0.0,
                0.0
            ],
            [
                0.9770226316064162,
                0.02297736775581048,
                5.769619216882199e-10,
                6.081133914766147e-11,
                0.0
            ],
            [
                2.5436656471092306e-13,
                1.879528816341284e-12,
                0.999999999985322,
                1.225606744280967e-11,
                2.8823507931410523e-13
            ],
            [
                5.789091848888134e-12,
                1.026141082996387e-10,
                3.3313923445254614e-11,
                4.5397856259283305e-05,
                0.9999546020020236
            ],
            [
                1.2256068736737767e-11,
                7.052880594974133e-11,
                1.2256068736737767e-11,
                8.764249143802353e-08,
                0.9999999122624676
            ]
        ],
        [
            [
                0.999999999979793,
                2.02068390724452e-11,
                0.0,
                0.0,
                0.0
            ],
            [
                0.9999999999377585,
                6.224144618355443e-11,
                0.0,
                0.0,
                0.0
            ],
            [
                2.2447770548320073e-13,
                2.4133627716300554e-12,
                0.999999999986348,
                1.08159415563752e-11,
                1.981008797882217e-13
            ],
            [
                1.388789148046645e-11,
                7.991929747756941e-11,
                1.5737042747450512e-11,
                3.7266391153647368e-06,
                0.9999962732513404
            ],
            [
                7.433680622747201e-12,
                3.331544519934999e-11,
                4.50875521220788e-12,
                6.3488000736781065e-09,
                0.999999993605942
            ]
        ],
        [
            [
                0.9999999999972653,
                2.7346982897544495e-12,
                0.0,
                0.0,
                0.0
            ],
            [
                0.9999999998677598,
                1.3176514247201692e-10,
                0.0,
                0.0,
                4.752193054514369e-13
            ],
            [
                9.54503489908962e-12,
                3.581747921370681e-10,
                0.9999999975666176,
                2.0611536173097684e-09,
                4.5087552310756436e-12
            ],
            [
                5.109089142508901e-12,
                5.4927884739952735e-11,
                1.3887944176059352e-11,
                6.475946144959592e-07,
                0.9999993523314605
            ],
            [
                3.3315449647729024e-11,
                1.0261880933421521e-10,
                1.2256068998781877e-11,
                1.8553915979724088e-07,
                0.9999998143126498
            ]
        ],
        [
            [
                0.9999999999912883,
                8.423463748008121e-12,
                0.0,
                0.0,
                2.882350791233717e-13
            ],
            [
                0.9992903296475719,
                0.0007096703423531066,
                8.417489189988668e-12,
                1.6575018974138633e-12,
                0.0
            ],
            [
                5.675685231764913e-14,
                3.7010116780267895e-13,
                0.99999999999641,
                3.098819138248018e-12,
                6.431393940468644e-14
            ],
            [
                3.362181123927777e-10,
                3.189948633781776e-09,
                2.1924174958921237e-09,
                0.7310585862537178,
                0.268941408027698
            ],
            [
                1.0815942060759784e-11,
                3.33154469724735e-11,
                3.978962721055007e-12,
                5.043472050616939e-07,
                0.9999994956046846
            ]
        ],
        [
            [
                0.9999999999839746,
                1.573710209608009e-11,
                0.0,
                0.0,
                2.882350791469447e-13
            ],
            [
                0.9999999999515263,
                4.84736870131318e-11,
                0.0,
                0.0,
                0.0
            ],
            [
                1.0060392791626493e-12,
                5.109089027450525e-12,
                0.9999999999706175,
                2.2897348453709148e-11,
                3.7010116781487613e-13
            ],
            [
                4.118109009375936e-11,
                5.016883813624091e-10,
                3.042893849179052e-10,
                0.03732688386853004,
                0.9626731152843111
            ],
            [
                2.41336296561919e-12,
                1.57371033705062e-11,
                3.978962855336301e-12,
                1.1253518375550471e-07,
                0.9999998874426869
            ]
        ],
        [
            [
                0.9999999999873739,
                1.2256067435739952e-11,
                0.0,
                0.0,
                3.7010116760683127e-13
            ],
            [
                0.9999999907617668,
                9.23744955218529e-09,
                0.0,
                0.0,
                7.835041691946431e-13
            ],
            [
                2.882350793168349e-13,
                1.8795288163590834e-12,
                0.9999999999747602,
                2.2897348454262684e-11,
                1.748234128103631e-13
            ],
            [
                7.693640503163064e-11,
                9.372772896560765e-10,
                5.684874128287691e-10,
                0.03732688386731916,
                0.9626731145499798
            ],
            [
                5.789356179239206e-12,
                2.940077663366452e-11,
                7.433680480401373e-12,
                2.510999090905531e-08,
                0.9999999748473853
            ]
        ],
        [
            [
                0.9999999999945643,
                5.10908902661039e-12,
                0.0,
                0.0,
                3.2661313418586165e-13
            ],
            [
                0.9999999847661382,
                1.522997944624578e-08,
                7.835041631518537e-13,
                0.0,
                3.0988190779932627e-12
            ],
            [
                9.35762296768671e-14,
                1.0060392791593077e-12,
                0.9999999999930176,
                5.789356328017028e-12,
                9.35762296768671e-14
            ],
            [
                2.784094367295152e-10,
                8.575614379120313e-10,
                3.5748479300641516e-10,
                0.001926734331969847,
                0.9980732641745745
            ],
            [
                9.545034644132915e-12,
                5.492788190569468e-11,
                1.2256067086231694e-11,
                2.8453347259018015e-08,
                0.9999999714699239
            ]
        ],
        [
            [
                0.9999999999789053,
                2.0206839076274335e-11,
                0.0,
                0.0,
                8.878265472331407e-13
            ],
            [
                0.9988304896405445,
                0.001169510345583805,
                1.3871689456528235e-11,
                0.0,
                0.0
            ],
            [
                2.2447770547814813e-13,
                1.8795288163385586e-12,
                0.9999999999838718,
                1.3887943863482332e-11,
                1.361526107944394e-13
            ],
            [
                5.789334490765117e-12,
                5.492767631669864e-11,
                8.423431980416283e-12,
                3.7266391148123866e-06,
                0.9999962732917448
            ],
            [
                6.5602003137915796e-12,
                2.940077804554807e-11,
                5.78935645725556e-12,
                6.475946143663231e-07,
                0.9999993523636352
            ]
        ],
        [
            [
                0.9999999999956943,
                3.9789625334704095e-12,
                0.0,
                0.0,
                3.266131340844635e-13
            ],
            [
                0.9999999999294713,
                7.05287984283064e-11,
                0.0,
                0.0,
                0.0
            ],
            [
                3.978962322964174e-12,
                2.4616968201154827e-10,
                0.999999946562601,
                5.315784970031821e-08,
                2.9400775819913706e-11
            ],
            [
                9.544908055760434e-12,
                1.1628078474477142e-10,
                2.5945750122285943e-11,
                1.300712476859492e-05,
                0.99998699272346
            ],
            [
                3.978962625525444e-12,
                3.3315446172614256e-11,
                8.423463944338577e-12,
                6.475946145867599e-07,
                0.9999993523596676
            ]
        ],
        [
            [
                0.9999999999950717,
                4.50875523788279e-12,
                0.0,
                0.0,
                4.193795654275713e-13
            ],
            [
                0.9996646498924197,
                0.0003353500537514539,
                4.276352333986261e-11,
                6.557998703956954e-12,
                4.507242199554705e-12
            ],
            [
                1.2015425730791423e-13,
                1.291780004680597e-12,
                0.9999999999806495,
                1.78324729066914e-11,
                1.0603575990658679e-13
            ],
            [
                1.9452569575842402e-11,
                5.016883816238237e-10,
                1.1194180893633035e-10,
                0.037326883880939375,
                0.9626731154859778
            ],
            [
                4.50875500091162e-12,
                1.3887943121451406e-11,
                2.1297850569344327e-12,
                5.315784969835613e-08,
                0.9999999468216239
            ]
        ],
        [
            [
                0.9999999999792546,
                2.0206839072431316e-11,
                0.0,
                0.0,
                5.384940213012934e-13
            ],
            [
                0.9999999999740539,
                2.5946094962408075e-11,
                0.0,
                0.0,
                0.0
            ],
            [
                4.193795657693094e-13,
                1.0815941555515313e-11,
                0.9999999998565245,
                1.3176514267938704e-10,
                4.752193061993302e-13
            ],
            [
                7.433681014672432e-12,
                4.847368929491095e-11,
                1.2256068008490151e-11,
                5.043472048098419e-07,
                0.9999994955846317
            ],
            [
                5.4927884728685895e-11,
                1.6918979601672572e-10,
                5.4927884728685895e-11,
                6.475946143631242e-07,
                0.9999993521263401
            ]
        ],
        [
            [
                0.9999999999874558,
                1.2256067436704629e-11,
                0.0,
                0.0,
                2.8823507917052845e-13
            ],
            [
                0.9999999998837177,
                1.1628233016035591e-10,
                0.0,
                0.0,
                0.0
            ],
            [
                1.9810087978533926e-13,
                1.2917800046584574e-12,
                0.9999999999918296,
                6.560200167506083e-12,
                1.201542573058549e-13
            ],
            [
                2.934414033098718e-11,
                5.893928140972433e-10,
                1.9134783133995118e-10,
                0.11920292360562702,
                0.8807970755842882
            ],
            [
                7.433680538592697e-12,
                4.847368619048111e-11,
                1.0815941362666782e-11,
                1.725782767742787e-08,
                0.999999982675449
            ]
        ],
        [
            [
                0.9999999999962341,
                3.5114221110135904e-12,
                0.0,
                0.0,
                2.543665645665228e-13
            ],
            [
                0.7772998422533803,
                0.22270013955029458,
                1.72245806420548e-08,
                9.717443443962264e-10,
                0.0
            ],
            [
                1.361526107920542e-13,
                1.8795288163056317e-12,
                0.9999999999920748,
                5.78935632801157e-12,
                1.201542573027938e-13
            ],
            [
                6.289509998271758e-10,
                2.8187628217036517e-09,
                2.487549459274087e-09,
                0.06008665407183957,
                0.9399133399928972
            ],
            [
                3.33154469705748e-11,
                6.224144912282394e-11,
                9.545035366610968e-12,
                5.043472050329503e-07,
                0.9999994955476931
            ]
        ],
        [
            [
                0.9999999999915765,
                8.423463748758632e-12,
                0.0,
                0.0,
                0.0
            ],
            [
                0.9999832985796026,
                1.67014151051468e-05,
                4.508678119359665e-12,
                7.834907765498656e-13,
                0.0
            ],
            [
                3.266131342640913e-13,
                2.734698291469183e-12,
                0.9999999999810814,
                1.573710210615686e-11,
                1.2015425731232718e-13
            ],
            [
                3.548298748391721e-11,
                9.151183084877318e-10,
                8.075890727388776e-10,
                0.9399133439720985,
                0.06008665426971103
            ],
            [
                2.4616969245590875e-10,
                1.69189790388217e-10,
                2.020683886648886e-11,
                1.0467401678847934e-08,
                0.999999989097032
            ]
        ],
        [
            [
                0.999999999989184,
                1.0815941549927595e-11,
                0.0,
                0.0,
                0.0
            ],
            [
                0.9999999634644879,
                3.6534820705699926e-08,
                6.914399836019586e-13,
                0.0,
                0.0
            ],
            [
                6.431393940754815e-14,
                5.38494021717029e-13,
                0.9999999999942153,
                5.109089027509482e-12,
                7.287724095029678e-14
            ],
            [
                7.92340162403566e-11,
                7.517514153422446e-10,
                1.0937918552500477e-09,
                0.9914225124292463,
                0.008577485645976443
            ],
            [
                5.109089276652886e-12,
                3.7751347279633196e-11,
                9.545035387267072e-12,
                1.4449803164166918e-07,
                0.9999998554495629
            ]
        ],
        [
            [
                0.9999999999612426,
                3.775134540889125e-11,
                0.0,
                0.0,
                1.0060392783799196e-12
            ],
            [
                0.9999999973534264,
                2.646573627654986e-09,
                0.0,
                0.0,
                0.0
            ],
            [
                7.287724095233489e-14,
                1.2917800046820892e-12,
                0.9999999999900917,
                8.42346375379109e-12,
                1.2015425730805302e-13
            ],
            [
                1.3887944886021521e-11,
                5.4927887547907584e-11,
                1.5737103263872625e-11,
                2.3823698426563577e-07,
                0.9999997616784628
            ],
            [
                2.9400778052964756e-11,
                9.056077193004151e-11,
                1.3887944176782645e-11,
                6.475946145296864e-07,
                0.999999352271536
            ]
        ],
        [
            [
                0.9999999999964886,
                3.511422111533539e-12,
                0.0,
                0.0,
                0.0
            ],
            [
                0.994779874040715,
                0.005220125691622609,
                2.448846576918296e-10,
                2.2777821350733705e-11,
                0.0
            ],
            [
                2.1297850823987775e-12,
                1.0261879205010332e-10,
                0.9999999584819879,
                4.139937546645506e-08,
                1.388794328749979e-11
            ],
            [
                7.016062917586279e-11,
                4.037465444056657e-10,
                1.485300531308572e-10,
                0.005220125700731504,
                0.9947798736768313
            ],
            [
                5.1090895666351435e-12,
                2.5946097717858045e-11,
                3.5114224835311485e-12,
                8.764249143322057e-08,
                0.9999999123229419
            ]
        ],
        [
            [
                0.9999999999889295,
                1.0815941550778814e-11,
                0.0,
                0.0,
                2.5436656458466517e-13
            ],
            [
                0.9999999981807839,
                1.8189616830267878e-09,
                2.5436656410473295e-13,
                0.0,
                0.0
            ],
            [
                2.2447770548130072e-13,
                3.97896253546861e-12,
                0.9999999999406706,
                5.492788350445805e-11,
                1.9810087978654494e-13
            ],
            [
                1.590237163691278e-10,
                2.487549456017815e-09,
                4.647354215118008e-09,
                0.9399133387625244,
                0.060086653943548195
            ],
            [
                9.545034408389182e-12,
                4.847368445010253e-11,
                1.225606678353075e-11,
                5.3157849679180405e-08,
                0.9999999467718756
            ]
        ],
        [
            [
                0.9999999999857854,
                1.3887943855473374e-11,
                0.0,
                0.0,
                3.2661313405554607e-13
            ],
            [
                0.9999999865585842,
                1.3440409748901961e-08,
                0.0,
                0.0,
                1.0060392641458022e-12
            ],
            [
                1.3615261079217094e-13,
                1.006039279159222e-12,
                0.9999999999929323,
                5.789356328016535e-12,
                1.3615261079217094e-13
            ],
            [
                3.5114157716144374e-12,
                4.277780143121181e-11,
                5.789345872932626e-12,
                1.7603431329036843e-06,
                0.9999982396047886
            ],
            [
                1.291753012688388e-12,
                2.9400163055534806e-11,
                4.5086610306170314e-12,
                2.144493975740069e-05,
                0.999978555025042
            ]
        ],
        [
            [
                0.9999999999821676,
                1.783247289429933e-11,
                0.0,
                0.0,
                0.0
            ],
            [
                0.9626731074082189,
                0.0373268834728454,
                7.847726560831045e-09,
                1.0620742968735577e-09,
                2.091348289886888e-10
            ],
            [
                6.914400104459285e-13,
                2.9400777382295594e-11,
                0.9999999996896691,
                2.7894680918680506e-10,
                1.2917800043224995e-12
            ],
            [
                9.544998919451169e-12,
                6.224121145748743e-11,
                1.7832405644959574e-11,
                3.726639115331197e-06,
                0.9999962732712661
            ],
            [
                1.388794560055049e-11,
                4.847369312049457e-11,
                7.433681601344682e-12,
                6.8256042293355e-08,
                0.9999999316741623
            ]
        ],
        [
            [
                0.9999999999503864,
                4.847368699969808e-11,
                0.0,
                0.0,
                1.1399918515626322e-12
            ],
            [
                0.9999999123568986,
                8.764249124991839e-08,
                0.0,
                0.0,
                6.101937308075577e-13
            ],
            [
                1.2015425730620027e-13,
                6.101936677020413e-13,
                0.999999999994704,
                4.5087552418626305e-12,
                5.6756852320886706e-14
            ],
            [
                9.545036121945663e-12,
                6.224145404822486e-11,
                1.3887945609651551e-11,
                3.05902358931126e-07,
                0.9999996940119666
            ],
            [
                8.423463355828283e-12,
                4.2777876665227174e-11,
                3.978962347532866e-12,
                4.691163799825113e-08,
                0.9999999530331818
            ]
        ],
        [
            [
                0.9999999999945643,
                5.109089025018482e-12,
                0.0,
                0.0,
                3.2661313408409445e-13
            ],
            [
                0.962673115853794,
                0.037326883858219,
                2.6853443970059394e-10,
                1.9452569567239875e-11,
                0.0
            ],
            [
                2.129785082119403e-12,
                2.172439844463444e-10,
                0.9999999583434993,
                4.1399375461024505e-08,
                3.775134386812843e-11
            ],
            [
                5.154157310362148e-10,
                1.587592218935153e-09,
                6.618068988111925e-10,
                0.010986942341079687,
                0.9890130548941054
            ],
            [
                1.2256068996422263e-11,
                7.052880744412243e-11,
                1.5737104100084806e-11,
                1.8553915976151976e-07,
                0.9999998143623182
            ]
        ],
        [
            [
                0.9999999998825777,
                1.1628233012382899e-10,
                0.0,
                0.0,
                1.1399918512955724e-12
            ],
            [
                0.6791787059907153,
                0.32082128452689934,
                9.12843749395076e-09,
                3.539479325693304e-10,
                0.0
            ],
            [
                4.8467679216324926e-11,
                4.362921443847492e-09,
                0.9998765946142887,
                0.0001233946263089749,
                6.34801324345175e-09
            ],
            [
                1.7636556492598242e-11,
                4.014061755825937e-10,
                2.434651524888357e-10,
                0.01098694240848316,
                0.9890130569290089
            ],
            [
                4.50869531297161e-12,
                4.277731009610246e-11,
                7.433581865602265e-12,
                1.3007125183474565e-05,
                0.999986992820097
            ]
        ],
        [
            [
                0.9999999999740539,
                2.5946094962411077e-11,
                0.0,
                0.0,
                0.0
            ],
            [
                0.9999999999094393,
                9.056076961688397e-11,
                0.0,
                0.0,
                0.0
            ],
            [
                5.008774637476047e-14,
                3.266131342547834e-13,
                0.9999999999971656,
                2.413362771656162e-12,
                4.420228103316891e-14
            ],
            [
                9.09480393017126e-10,
                5.930557136351421e-09,
                1.1079739395309358e-08,
                0.4999999910939525,
                0.49999999098627057
            ],
            [
                3.5114024710383743e-12,
                2.2897220372321436e-11,
                2.734682994123552e-12,
                6.144172124037277e-06,
                0.9999938557987327
            ]
        ],
        [
            [
                0.9999999999991123,
                8.87826547320734e-13,
                0.0,
                0.0,
                0.0
            ],
            [
                0.9999999998082829,
                1.9171715119370505e-10,
                0.0,
                0.0,
                0.0
            ],
            [
                1.201542573096719e-13,
                1.006039279215949e-12,
                0.9999999999879643,
                1.0815941556561419e-11,
                9.357622968213555e-14
            ],
            [
                2.0188424573554818e-11,
                2.1704601879639572e-10,
                6.218472552457436e-11,
                0.0009110514066341612,
                0.9990889482939468
            ],
            [
                3.978963033662982e-12,
                1.7832475139246578e-11,
                3.0988195264289037e-12,
                6.825604230316539e-08,
                0.9999999317190474
            ]
        ],
        [
            [
                0.9999999999966129,
                3.098819136881383e-12,
                0.0,
                0.0,
                2.882350791732509e-13
            ],
            [
                0.9996646499433028,
                0.0003353500539633597,
                2.733780586507997e-12,
                0.0,
                0.0
            ],
            [
                5.789356270195539e-12,
                7.582560351246037e-10,
                0.9999999899691042,
                9.237449568572445e-09,
                2.940077709557889e-11
            ],
            [
                3.5114222751492024e-12,
                3.3315446956520676e-11,
                1.0815942055580661e-11,
                5.043472048201914e-07,
                0.9999994956051524
            ],
            [
                1.3887865190756944e-11,
                1.0261821498888927e-10,
                1.3887865190756944e-11,
                4.785094848201666e-06,
                0.9999952147747578
            ]
        ],
        [
            [
                0.9999999999842628,
                1.5737102093087836e-11,
                0.0,
                0.0,
                0.0
            ],
            [
                0.9999999985826076,
                1.416608780886146e-09,
                0.0,
                0.0,
                7.835041753223046e-13
            ],
            [
                1.7482341281149127e-13,
                6.914400106322641e-13,
                0.9999999999906042,
                8.423463753716302e-12,
                1.0603575990576783e-13
            ],
            [
                3.098813472184769e-12,
                3.331538450064951e-11,
                8.423448351223937e-12,
                1.0677030758592107e-06,
                0.9999989322520865
            ],
            [
                2.940077629321458e-11,
                1.9171714420534194e-10,
                5.492788145516727e-11,
                3.653482077075707e-08,
                0.9999999631891334
            ]
        ],
        [
            [
                0.9999999999962341,
                3.5114221110135904e-12,
                0.0,
                0.0,
                2.543665645665228e-13
            ],
            [
                0.0007096632263473957,
                0.999280202056627,
                1.0122802257234336e-05,
                1.1852571564796107e-08,
                6.219658736388165e-11
            ],
            [
                4.8473686752739085e-11,
                5.6027964017103616e-09,
                0.99999999367606,
                6.691586048503644e-10,
                3.511422090922833e-12
            ],
            [
                4.058149132307474e-10,
                9.734993692726418e-10,
                2.7891223903698136e-10,
                0.00012339462742338463,
                0.99987660371435
            ],
            [
                1.7832441273629387e-11,
                9.05606092433953e-11,
                1.7832441273629387e-11,
                1.3709566543249555e-06,
                0.9999986289171202
            ]
        ],
        [
            [
                0.999999999996021,
                3.978962532802862e-12,
                0.0,
                0.0,
                0.0
            ],
            [
                0.7772998547896008,
                0.22270014351787723,
                1.6021356013622114e-09,
                9.038630559041874e-11,
                0.0
            ],
            [
                1.0603575990686744e-13,
                7.83504178444585e-13,
                0.9999999999915834,
                7.433680671765334e-12,
                9.357622968101435e-14
            ],
            [
                3.331544615947977e-11,
                2.4616970063329966e-10,
                4.847368813621799e-11,
                6.475946143314482e-07,
                0.9999993520774269
            ],
            [
                2.5946096246849778e-11,
                1.026188013165725e-10,
                2.0206840074692644e-11,
                1.4449803165082013e-07,
                0.9999998553531967
            ]
        ],
        [
            [
                0.9999999999838434,
                1.5737102096078026e-11,
                0.0,
                0.0,
                4.193795655505473e-13
            ],
            [
                0.9999999999509162,
                4.8473686999723764e-11,
                0.0,
                0.0,
                6.101936669677464e-13
            ],
            [
                1.139991849884692e-12,
                9.056076964572554e-11,
                0.9999999972577465,
                2.64657363157373e-09,
                3.978962524808932e-12
            ],
            [
                6.5601504590525595e-12,
                7.991899334871392e-11,
                1.7832337784799833e-11,
                7.889265046822133e-06,
                0.9999921106306418
            ],
            [
                8.42346353868693e-12,
                3.3315444568230876e-11,
                5.109088897185098e-12,
                2.5109990914203584e-08,
                0.9999999748431612
            ]
        ],
        [
            [
                0.9999999999920279,
                7.433680662999688e-12,
                0.0,
                0.0,
                5.384940210979108e-13
            ],
            [
                0.9999999999858575,
                1.3887943857530029e-11,
                0.0,
                0.0,
                2.5436656460153397e-13
            ],
            [
                1.0603575990407813e-13,
                2.1297851707316236e-12,
                0.9999999999746689,
                2.2897348454045568e-11,
                1.981008797840477e-13
            ],
            [
                2.940072523341994e-11,
                1.1628212400768286e-10,
                2.5946048952233853e-11,
                1.3709566541886226e-06,
                0.9999986288717169
            ],
            [
                1.5737102715864846e-11,
                9.056077340129289e-11,
                2.2897349342548133e-11,
                3.927863697483392e-07,
                0.999999607084435
            ]
        ],
        [
            [
                0.9999999999972653,
                2.7346982899687778e-12,
                0.0,
                0.0,
                0.0
            ],
            [
                0.999999988138682,
                1.1861120001661546e-08,
                1.9810087730494924e-13,
                0.0,
                0.0
            ],
            [
                2.1297851289036927e-12,
                1.1628232800624325e-10,
                0.9999999803174837,
                1.9555680701728307e-08,
                8.423463588149395e-12
            ],
            [
                1.0803282606352917e-11,
                2.458815787863144e-10,
                8.582110368864114e-10,
                0.9988304885435597,
                0.0011695103415444597
            ],
            [
                8.42346340197159e-12,
                2.9400776162509104e-11,
                3.97896236932942e-12,
                4.139937545541011e-08,
                0.9999999585588213
            ]
        ],
        [
            [
                0.9999999999934397,
