{
    "[['A', 'B', 'C', 'D', 'E'], ['A', 'B', 'C', 'D', 'E']]": [
        [
            [
                0.9999999999899798,
                9.545034914543732e-12,
                0.0,
                0.0,
                4.752193058640371e-13
            ],
            [
                0.999999974890009,
                2.510999089553683e-08,
                0.0,
                0.0,
                0.0
            ],
            [
                4.3198549451433096e-07,
                0.0001197776049448443,
                0.9705683457280643,
                0.029308627782224005,
                2.8168992723343082e-06
            ],
            [
                1.1129752926442747e-07,
                7.8025517411535e-06,
                3.685664468552081e-06,
                0.9890015843122538,
                0.010986816174007185
            ],
            [
                0.9999999999916787,
                7.433680661759712e-12,
                0.0,
                0.0,
                8.87826546580875e-13
            ]
        ],
        [
            [
                0.9999999999821676,
                1.7832472895889818e-11,
                0.0,
                0.0,
                0.0
            ],
            [
                1.2669122337988667e-06,
                0.0758552676822461,
                0.924106414508949,
                3.702460264645634e-05,
                2.629392455658536e-08
            ],
            [
                4.68195681597454e-08,
                3.528813940536169e-05,
                0.9980379387125727,
                0.0019266662109381871,
                6.011751551545719e-08
            ],
            [
                2.454528480928364e-06,
                0.007316842790701452,
                0.14696271739135486,
                0.8457120971817317,
                5.888107731237643e-06
            ],
            [
                0.9999999999949527,
                4.508755238853277e-12,
                0.0,
                0.0,
                5.384940213643692e-13
            ]
        ],
        [
            [
                0.9999999998296702,
                1.691897920211819e-10,
                0.0,
                0.0,
                1.1399918514250168e-12
            ],
            [
                6.820749525207847e-08,
                0.0005526907949737204,
                0.00015834848843398154,
                0.9992882453750171,
                6.471340798559534e-07
            ],
            [
                9.736145054430365e-10,
                1.27518457015191e-07,
                0.9999950851629855,
                4.785094797234522e-06,
                1.2501457710447242e-09
            ],
            [
                0.9999999999767761,
                2.289734843856171e-11,
                0.0,
                0.0,
                3.266131340235031e-13
            ],
            [
                0.9999999999911013,
                8.423463746192437e-12,
                0.0,
                0.0,
                4.752193058102034e-13
            ]
        ],
        [
            [
                0.9999999999969011,
                3.0988191363612246e-12,
                0.0,
                0.0,
                0.0
            ],
            [
                8.367412461727802e-06,
                0.05983493402091317,
                0.0038251183706192516,
                0.9359757887645923,
                0.0003557914314134751
            ],
            [
                2.844097830672813e-08,
                3.7250330502109783e-06,
                0.9995656545217788,
                0.0004305554852535685,
                3.65189390213036e-08
            ],
            [
                2.6434761910212945e-09,
                1.342467981281483e-08,
                6.817614952944596e-08,
                0.9988304053719984,
                0.0011695103836960356
            ],
            [
                0.9999999991380433,
                8.592166602288675e-10,
                6.10193666561372e-13,
                0.0,
                2.1297851667703046e-12
            ]
        ],
        [
            [
                0.999999999994891,
                5.1090890230597936e-12,
                0.0,
                0.0,
                0.0
            ],
            [
                0.9999999996836875,
                3.16088145144727e-10,
                0.0,
                0.0,
                2.2447770529853142e-13
            ],
            [
                3.224039404890042e-08,
                3.535588515482375e-05,
                0.9999544717768336,
                1.0129630694094988e-05,
                1.0466923476580976e-08
            ],
            [
                4.05577338923251e-10,
                2.0596916790366758e-09,
                5.598822463353696e-09,
                0.9992903216008343,
                0.0007096703350741179
            ],
            [
                0.9999999999975866,
                2.413362770211574e-12,
                0.0,
                0.0,
                0.0
            ]
        ],
        [
            [
                0.9999999999450722,
                5.492788344590415e-11,
                0.0,
                0.0,
                0.0
            ],
            [
                0.9999999943965121,
                5.602796399137714e-09,
                0.0,
                0.0,
                6.914400059551389e-13
            ],
            [
                4.872785344153484e-06,
                0.2917539528842889,
                0.4810209425458874,
                0.22721820050533956,
                2.031279140023657e-06
            ],
            [
                1.6371868691789648e-07,
                3.535339234791198e-05,
                4.5394654340852883e-05,
                0.9998837348422764,
                3.535339234791198e-05
            ],
            [
                0.999999999995016,
                4.508755237882539e-12,
                0.0,
                0.0,
                4.752193058120637e-13
            ]
        ],
        [
            [
                0.9999999999888138,
                1.0815941549927125e-11,
                0.0,
                0.0,
                3.7010116760747084e-13
            ],
            [
                3.9135800726804485e-07,
                0.0031712082907712135,
                0.0004291763722338166,
                0.996363995053862,
                3.522892512575816e-05
            ],
            [
                1.0060392790737278e-12,
                4.8473687052603986e-11,
                0.9999999998176152,
                1.317651426735039e-10,
                1.1399918528068598e-12
            ],
            [
                5.315613489397368e-08,
                1.0129775932930668e-05,
                4.784967337477357e-06,
                0.9999683309235466,
                1.6701177048049027e-05
            ],
            [
                0.9999999999955458,
                3.978962532400725e-12,
                0.0,
                0.0,
                4.752193058666822e-13
            ]
        ],
        [
            [
                0.9999999999872689,
                1.2256067434650211e-11,
                0.0,
                0.0,
                4.752193059107273e-13
            ],
            [
                0.9999993524053857,
                6.475946142847422e-07,
                0.0,
                0.0,
                0.0
            ],
            [
                1.630012316261875e-07,
                0.0040683913500646545,
                0.9955024773539611,
                0.000428805293511011,
                1.630012316261875e-07
            ],
            [
                2.2159153333950742e-08,
                2.9022791116106145e-06,
                7.889212570207393e-06,
                0.9999854597490192,
                3.726600145629947e-06
            ],
            [
                0.9999999999950717,
                4.5087552392555325e-12,
                0.0,
                0.0,
                4.1937956555525624e-13
            ]
        ],
        [
            [
                0.9999999999837244,
                1.573710209840198e-11,
                0.0,
                0.0,
                5.384940214858868e-13
            ],
            [
                2.877334070783559e-05,
                0.43558682459582004,
                0.004838931875996354,
                0.5593045539553381,
                0.00024091623213766657
            ],
            [
                2.4614622566957997e-10,
                1.955381667358614e-08,
                0.9999038765527576,
                9.610239724583114e-05,
                1.2500336783704194e-09
            ],
            [
                1.2745268354165127e-07,
                1.473152723823183e-05,
                7.481286837337343e-05,
                0.9994798096138766,
                0.00043051853782826637
            ],
            [
                0.9999999997205149,
                2.461696944612315e-10,
                0.0,
                0.0,
                3.331544532418117e-11
            ]
        ],
        [
            [
                0.9999999999972653,
                2.734698289753661e-12,
                0.0,
                0.0,
                0.0
            ],
            [
                0.0024723634277783843,
                0.9974227117784453,
                9.58639333842277e-05,
                8.916734797459011e-06,
                1.4412559464283907e-07
            ],
            [
                7.835041784472345e-13,
                3.978962535536575e-12,
                0.9999999999793643,
                1.5737102105673748e-11,
                1.361526107986772e-13
            ],
            [
                0.9999999999852243,
                1.3887943856557565e-11,
                0.0,
                0.0,
                8.878265473085591e-13
            ],
            [
                0.9999999999786531,
                2.0206839072428763e-11,
                0.0,
                0.0,
                1.13999185204052e-12
            ]
        ],
        [
            [
                0.9999999999705993,
                2.940077737460739e-11,
                0.0,
                0.0,
                0.0
            ],
            [
                0.9999646437044923,
                3.535625748768278e-05,
                2.9399715463261875e-11,
                5.108904492372046e-12,
                3.5112952839743417e-12
            ],
            [
                2.2146435070620993e-08,
                0.00043048877950608054,
                0.999411116160886,
                0.00015836797163527316,
                4.941537604024466e-09
            ],
            [
                2.0610594263974304e-09,
                1.522928372488044e-08,
                2.3822607916816278e-07,
                0.999954346628621,
                4.5397854956606954e-05
            ],
            [
                0.9999999999936005,
                5.789356321456022e-12,
                0.0,
                0.0,
                6.101936669937921e-13
            ]
        ],
        [
            [
                0.999999999986112,
                1.3887943854235387e-11,
                0.0,
                0.0,
                0.0
            ],
            [
                2.2958471415462804e-05,
                0.9447605968561246,
                0.008173781995209928,
                0.04703685786661704,
                5.804810632980442e-06
            ],
            [
                2.245581470627347e-06,
                0.11865367863103563,
                0.004600701255846575,
                0.8767386206356367,
                4.753896010623208e-06
            ],
            [
                3.369116081655229e-09,
                3.81770867613019e-09,
                9.652679185730309e-10,
                0.008577485604143847,
                0.9914225062437635
            ],
            [
                0.9999999999975866,
                2.4133627694762184e-12,
                0.0,
                0.0,
                0.0
            ]
        ],
        [
            [
                0.999999999987744,
                1.2256067432010695e-11,
                0.0,
                0.0,
                0.0
            ],
            [
                5.302499353928656e-08,
                0.002472554599471934,
                2.1391788767705196e-05,
                0.9974998717366713,
                6.128850095367472e-06
            ],
            [
                1.8553065251815774e-07,
                4.539785385890967e-05,
                0.9999539671873271,
                4.450648985994032e-07,
                4.36326273442157e-09
            ],
            [
                3.4339558348191375e-08,
                2.674367493189764e-08,
                2.3601210291128958e-08,
                0.9399132659848924,
                0.06008664933066399
            ],
            [
                0.9999999999371483,
                6.224144618841038e-11,
                0.0,
                0.0,
                6.101936673618428e-13
            ]
        ],
        [
            [
                0.999999999994891,
                5.109089024616763e-12,
                0.0,
                0.0,
                0.0
            ],
            [
                0.005197645467385691,
                0.9904960835596428,
                0.0014891503587846251,
                0.002782099137808119,
                3.502147637881888e-05
            ],
            [
                9.736163303818144e-10,
                5.043457454443092e-07,
                0.999995767725545,
                3.726639006344999e-06,
                3.160869439188382e-10
            ],
            [
                1.6439352904755244e-08,
                6.852941854084025e-09,
                2.5210564196608185e-09,
                0.04742587429950632,
                0.9525740998871425
            ],
            [
                0.9999999999842628,
                1.5737102086930578e-11,
                0.0,
                0.0,
                0.0
            ]
        ],
        [
            [
                0.9999999998308102,
                1.6918979206804429e-10,
                0.0,
                0.0,
                0.0
            ],
            [
                0.9999999999912064,
                8.423463749420264e-12,
                0.0,
                0.0,
                3.7010116763745674e-13
            ],
            [
                5.905248247868562e-10,
                3.7266179893137676e-06,
                0.9999901281772379,
                6.144154346755351e-06,
                4.599011959671077e-10
            ],
            [
                0.9999999998055482,
                1.917171508907782e-10,
                0.0,
                0.0,
                2.734698284672965e-12
            ],
            [
                0.9999999999914264,
                7.433680661757837e-12,
                0.0,
                0.0,
                1.139991851419659e-12
            ]
        ],
        [
            [
                0.9999999999934397,
                6.5602001642343166e-12,
                0.0,
                0.0,
                0.0
            ],
            [
                0.9999999827421723,
                1.725782767108779e-08,
                0.0,
                0.0,
                0.0
            ],
            [
                1.3615261079984617e-13,
                1.0060392792159346e-12,
                0.9999999999952638,
                3.5114221131413247e-12,
                8.258073285002813e-14
            ],
            [
                4.944262256383515e-09,
                7.889031987693932e-06,
                2.753542723943871e-05,
                0.9999628103155397,
                1.7602809708302328e-06
            ],
            [
                0.9999999999661462,
                3.3315445398242954e-11,
                0.0,
                0.0,
                5.384940213968356e-13
            ]
        ],
        [
            [
                0.999999999993884,
                5.789356325276454e-12,
                0.0,
                0.0,
                3.266131340838722e-13
            ],
            [
                4.3930100266660515e-06,
                0.18077612374208707,
                0.009000313125270824,
                0.8101823878999979,
                3.678222261759007e-05
            ],
            [
                2.1111349551840474e-06,
                0.059708279030144105,
                0.933994542158463,
                0.0062932046063788665,
                1.8630700588879902e-06
            ],
            [
                5.194878473066019e-10,
                5.585020696399697e-09,
                3.641890974452254e-08,
                0.9968272745425512,
                0.0031726829340304997
            ],
            [
                0.9999999999838434,
                1.573710209308706e-11,
                0.0,
                0.0,
                4.1937956547084075e-13
            ]
        ],
        [
            [
                0.9999999999994615,
                5.384940213666213e-13,
                0.0,
                0.0,
                0.0
            ],
            [
                0.0011688468472954374,
                0.9982640775630303,
                0.0005521241559391489,
                1.4713610373375496e-05,
                2.378233616424361e-07
            ],
            [
                1.0467302499509903e-08,
                7.889257511742178e-06,
                0.9999911571785352,
                9.42237442047883e-07,
                8.592085112682027e-10
            ],
            [
                0.999999999994881,
                4.508755238397747e-12,
                0.0,
                0.0,
                6.101936672331202e-13
            ],
            [
                0.9999999999992164,
                7.835041780972827e-13,
                0.0,
                0.0,
                0.0
            ]
        ],
        [
            [
                0.9999999999915765,
                8.423463745099316e-12,
                0.0,
                0.0,
                0.0
            ],
            [
                2.3818677802636967e-07,
                1.669818228906766e-05,
                0.00015842794250603445,
                0.9997892856362436,
                3.5350052183357704e-05
            ],
            [
                2.5436656471740045e-13,
                1.4637785140091375e-12,
                0.9999999999907547,
                7.433680671759174e-12,
                9.35762296809368e-14
            ],
            [
                1.9166708212414748e-10,
                2.788739589555563e-10,
                7.989872696015865e-11,
                0.00026119032647116446,
                0.999738809123089
            ],
            [
                0.9999999999897635,
                9.545034912207165e-12,
                0.0,
                0.0,
                6.914400099237348e-13
            ]
        ],
        [
            [
                0.9999999999854206,
                1.3887943851233362e-11,
                0.0,
                0.0,
                6.914400100104111e-13
            ],
            [
                1.5660555983529414e-05,
                0.9376626807803394,
                0.002324233695099085,
                0.05994276425729094,
                5.4660711287048786e-05
            ],
            [
                1.6586783571940702e-12,
                3.775134540364029e-11,
                0.9999999989858299,
                9.73620030291247e-10,
                1.139991851862107e-12
            ],
            [
                1.3072023897165403e-07,
                5.4492302830580966e-08,
                4.8089288462689485e-08,
                0.9046503297653095,
                0.0953494369328602
            ],
            [
                0.9999999999616385,
                3.775134540890619e-11,
                0.0,
                0.0,
                6.101936672128358e-13
            ]
        ],
        [
            [
                0.9999999999888574,
                1.0815941552190865e-11,
                0.0,
                0.0,
                3.2661313412489424e-13
            ],
            [
                7.483435013359122e-05,
                0.9997664340822291,
                0.00015842432047601134,
                3.058308847419802e-07,
                1.4162766227773991e-09
            ],
            [
                3.653231455537311e-08,
                1.0129398315686042e-05,
                0.9999315341699003,
                5.829066265377483e-05,
                9.236815645992393e-09
            ],
            [
                1.7560041830251725e-09,
                6.129056833495445e-09,
                4.2124350507619645e-09,
                0.14804720196230242,
                0.8519527859402015
            ],
            [
                0.9999999999870526,
                1.225606743464756e-11,
                0.0,
                0.0,
                6.914400101607793e-13
            ]
        ],
        [
            [
                0.9999999999934397,
                6.560200163718176e-12,
                0.0,
                0.0,
                0.0
            ],
            [
                0.32080909165290944,
                0.6791528524595749,
                3.0833479321713953e-05,
                6.879879178987334e-06,
                3.425290150468861e-07
            ],
            [
                1.1319823796325683e-05,
                0.4658204444486607,
                0.1713657614388288,
                0.36278132607366786,
                2.114821504633053e-05
            ],
            [
                3.580204314232094e-10,
                4.3615817436217e-09,
                1.3434617574636847e-08,
                0.9995694247358267,
                0.0004305571099536531
            ],
            [
                0.9999999999944158,
                5.10908902364498e-12,
                0.0,
                0.0,
                4.752193058661452e-13
            ]
        ],
        [
            [
                0.9999999999950717,
                4.508755239610048e-12,
                0.0,
                0.0,
                4.193795655882313e-13
            ],
            [
                1.4732469644659126e-05,
                0.9995432284510318,
                0.00043054587369394776,
                1.147365889583623e-05,
                1.9546733784006037e-08
            ],
            [
                6.822154689323376e-08,
                0.00043052490469456807,
                0.9994945810081888,
                7.481401044240214e-05,
                1.1855127231926694e-08
            ],
            [
                6.7531211738304885e-09,
                1.1134014522909743e-08,
                7.652288811498849e-09,
                0.2689414030246943,
                0.7310585714358812
            ],
            [
                0.9999999999921962,
                7.433680666657544e-12,
                0.0,
                0.0,
                3.701011675757476e-13
            ]
        ],
        [
            [
                0.999999999995016,
                4.508755239255281e-12,
                0.0,
                0.0,
                4.752193059567497e-13
            ],
            [
                1.6716416283985818e-06,
                0.036820357149096365,
                0.01354545241174249,
                0.949609442496661,
                2.3076300871746226e-05
            ],
            [
                1.3439308237978105e-08,
                7.888670614401893e-06,
                0.9999172450736447,
                7.484562288948929e-05,
                7.1935433257671945e-09
            ],
            [
                5.474062214393576e-09,
                7.028835015811332e-09,
                6.202925130231645e-09,
                0.977022613940381,
                0.022977367353796675
            ],
            [
                0.9999999999699891,
                2.94007773595258e-11,
                0.0,
                0.0,
                6.101936670690202e-13
            ]
        ],
        [
            [
                0.9999999999934397,
                6.560200160868626e-12,
                0.0,
                0.0,
                0.0
            ],
            [
                0.9999999123483759,
                8.764249135696865e-08,
                1.8795290130333296e-12,
                1.4637786671557817e-12,
                5.7893569339755394e-12
            ],
            [
                3.581741274272908e-10,
                5.043472063146025e-07,
                0.9999986636640341,
                8.315279668690711e-07,
                1.026186056191318e-10
            ],
            [
                5.15415730719397e-10,
                1.5875922179592855e-09,
                1.4010452149164772e-09,
                0.9890130541721653,
                0.01098694232378152
            ],
            [
                0.9999999999693074,
                2.94007773666807e-11,
                0.0,
                0.0,
                1.2917800036364291e-12
            ]
        ],
        [
            [
                0.9999999999515263,
                4.847368700684788e-11,
                0.0,
                0.0,
                0.0
            ],
            [
                0.9999952149045428,
                4.785094847036493e-06,
                6.101902109085366e-13,
                0.0,
                0.0
            ],
            [
                6.431393940852296e-14,
                6.914400106295461e-13,
                0.9999999999973144,
                1.879528816363824e-12,
                5.008774637376456e-14
            ],
            [
                7.72889138951046e-08,
                6.471321530124056e-07,
                4.219831716743687e-06,
                0.9992853888319423,
                0.0007096669152740775
            ],
            [
                0.9999999999853284,
                1.3887943851238682e-11,
                0.0,
                0.0,
                7.835041777321083e-13
            ]
        ],
        [
            [
                0.9999999998833475,
                1.1628233020043024e-10,
                0.0,
                0.0,
                3.7010116753532554e-13
            ],
            [
                0.9999999999088292,
                9.056076981980391e-11,
                0.0,
                0.0,
                6.101936672422174e-13
            ],
            [
                1.2256067395245923e-11,
                1.250152861403544e-09,
                0.9999999960844572,
                2.6465736283596853e-09,
                6.560200142004352e-12
            ],
            [
                4.101275680503329e-09,
                4.647354192962943e-09,
                3.6193630846897165e-09,
                0.939913333988868,
                0.060086653643139074
            ],
            [
                0.9999999999729139,
                2.594609494530642e-11,
                0.0,
                0.0,
                1.139991851398555e-12
            ]
        ],
        [
            [
                0.9999999999661462,
                3.331544539191108e-11,
                0.0,
                0.0,
                5.384940212944904e-13
            ],
            [
                4.642851241011748e-06,
                0.9702691603909996,
                0.02929958661992643,
                0.0004179361497709452,
                8.673988061979375e-06
            ],
            [
                3.581747977229149e-10,
                1.4449788870086907e-07,
                0.9999994622416691,
                3.9278598510627e-07,
                1.1628233182632213e-10
            ],
            [
                4.0508333778824446e-10,
                2.3310936596415647e-09,
                4.934925316186893e-09,
                0.9980732580148997,
                0.0019267343139979614
            ],
            [
                0.9999999999909663,
                8.423463747154972e-12,
                0.0,
                0.0,
                6.101936672307315e-13
            ]
        ],
        [
            [
                0.9999999999197922,
                7.991959886252961e-11,
                0.0,
                0.0,
                2.88235079102764e-13
            ],
            [
                0.9999998555003522,
                1.4449803147570253e-07,
                6.101936967494691e-13,
                0.0,
                1.0060393270779935e-12
            ],
            [
                2.646573823476128e-09,
                3.0590234183487165e-07,
                0.9999996381240384,
                5.3157856251371723e-08,
                1.691898040604873e-10
            ],
            [
                1.9526309959232994e-08,
                4.6841182543547727e-08,
                1.634919475280533e-07,
                0.9984985882782687,
                0.0015011818622913302
            ],
            [
                0.9999999999885738,
                1.0815941548960854e-11,
                0.0,
                0.0,
                6.101936672908771e-13
            ]
        ],
        [
            [
                0.999999999989184,
                1.0815941548963922e-11,
                0.0,
                0.0,
                0.0
            ],
            [
                0.9999999999197537,
                7.991959880991126e-11,
                0.0,
                0.0,
                3.266131337898522e-13
            ],
            [
                1.081594153736763e-11,
                1.2501528640845275e-09,
                0.9999999982133809,
                5.211412478291479e-10,
                4.508755233991741e-12
            ],
            [
                9.734659434312184e-10,
                4.058009792669824e-10,
                7.051763642327585e-11,
                0.00015843624711506065,
                0.9998415623031004
            ],
            [
                0.9999999999931515,
                6.560200163134539e-12,
                0.0,
                0.0,
                2.882350791239087e-13
            ]
        ],
        [
            [
                0.999999999989184,
                1.081594154523142e-11,
                0.0,
                0.0,
                0.0
            ],
            [
                0.9999999961468446,
                3.850741902475115e-09,
                0.0,
                0.0,
                2.4133627591153612e-12
            ],
            [
                3.581748218099022e-10,
                1.1253518376216403e-07,
                0.9999996486524115,
                2.3823698589401163e-07,
                2.172440109648149e-10
            ],
            [
                2.2104696263525626e-08,
                1.4414058858104468e-07,
                6.459933004357636e-07,
                0.9975265671184145,
                0.0024726206430001566
            ],
            [
                0.999999999944462,
                5.492788347787106e-11,
                0.0,
                0.0,
                6.101936674086463e-13
            ]
        ],
        [
            [
                0.9999999999572222,
                4.2777878627226995e-11,
                0.0,
                0.0,
                0.0
            ],
            [
                0.9999999907606708,
                9.237449536315493e-09,
                0.0,
                0.0,
                1.8795287909722448e-12
            ],
            [
                8.42346369827952e-12,
                9.736200248063765e-10,
                0.9999999934093706,
                5.60279640016354e-09,
                5.789356290112467e-12
            ],
            [
                2.451871865000383e-09,
                1.8117018757877547e-08,
                1.4109548395554366e-08,
                0.18242550864860982,
                0.8175744566729513
            ],
            [
                0.9999999999970408,
                2.7346982899688598e-12,
                0.0,
                0.0,
                2.2447770536887226e-13
            ]
        ],
        [
            [
                0.999999999994891,
                5.109089022397057e-12,
                0.0,
                0.0,
                0.0
            ],
            [
                0.9999999961480281,
                3.8507419036863135e-09,
                5.38494019107043e-13,
                0.0,
                6.914400072677775e-13
            ],
            [
                1.0060392790443356e-12,
                4.8473687051187795e-11,
                0.9999999998002047,
                1.4930946758424845e-10,
                1.0060392790443356e-12
            ],
            [
                1.3651609587245474e-06,
                0.004069489403990783,
                0.00012288787326785383,
                0.9957710495966156,
                3.5207965167187244e-05
            ],
            [
                0.9999999999810276,
                1.7832472885514747e-11,
                0.0,
                0.0,
                1.139991851597563e-12
            ]
        ],
        [
            [
                0.9999999999705993,
                2.9400777363337196e-11,
                0.0,
                0.0,
                0.0
            ],
            [
                1.4442611644072206e-07,
                0.0003352956878781848,
                0.0001583824682319454,
                0.9995019566679612,
                4.220749812285343e-06
            ],
            [
                8.258835398063037e-07,
                9.545915805129271e-05,
                0.9932109435320119,
                0.006692203805494541,
                5.676209024388096e-07
            ],
            [
                5.904741003607641e-10,
                3.397943838048129e-09,
                1.5228527760602875e-08,
                0.9999038783856621,
                9.610239739210828e-05
            ],
            [
                0.9999999999445337,
                5.4927883481238556e-11,
                0.0,
                0.0,
                5.384940214978789e-13
            ]
        ],
        [
            [
                0.9999999999703111,
                2.9400777376644064e-11,
                0.0,
                0.0,
                2.8823507918561304e-13
            ],
            [
                0.9984988178473583,
                0.0015011820234502385,
                1.0246468201857216e-10,
                2.01764921855421e-11,
                6.5503479706727055e-12
            ],
            [
                5.6615611822753794e-08,
                1.2225567987792749e-05,
                0.9399008590566326,
                0.0600858552240363,
                1.0035357314543488e-06
            ],
            [
                2.1531263582522776e-06,
                2.9139396553828843e-07,
                1.862819298540383e-08,
                0.04742575293592406,
                0.9525717839155592
            ],
            [
                0.9999999999877203,
                1.0815941547859639e-11,
                0.0,
                0.0,
                1.4637785128502312e-12
            ]
        ],
        [
            [
                0.9999999999942106,
                5.789356322306461e-12,
                0.0,
                0.0,
                0.0
            ],
            [
                5.828671918196612e-05,
                0.9998639014802634,
                7.484162888498541e-05,
                2.9019248728510336e-06,
                6.824679673812835e-08
            ],
            [
                4.1937956581366526e-13,
                2.413362771693439e-12,
                0.9999999999905567,
                6.560200167773831e-12,
                5.008774637553413e-14
            ],
            [
                0.9999999999952374,
                3.978962532801216e-12,
                0.0,
                0.0,
                7.835041779086105e-13
            ],
            [
                0.9999999999699891,
                2.9400777369669064e-11,
                0.0,
                0.0,
                6.101936672795369e-13
            ]
        ],
        [
            [
                0.9999999999887088,
                1.0815941548962314e-11,
                0.0,
                0.0,
                4.752193059114116e-13
            ],
            [
                0.9999999468402672,
                5.315784968281595e-08,
                1.4637784353323344e-12,
                0.0,
                4.193795432632174e-13
            ],
            [
                2.3355351956118057e-09,
                3.7265608779611955e-06,
                0.9999748040674453,
                2.144487720061376e-05,
                2.2158940972482746e-08
            ],
            [
                0.9999999999835714,
                1.573710209308278e-11,
                0.0,
                0.0,
                6.914400100885641e-13
            ],
            [
                0.9999999998960893,
                1.0261879617806653e-10,
                0.0,
                0.0,
                1.291780003036844e-12
            ]
        ],
        [
            [
                0.9999999999821676,
                1.783247289045401e-11,
                0.0,
                0.0,
                0.0
            ],
            [
                0.9999986290430193,
                1.3709566541365944e-06,
                3.266125548274803e-13,
                0.0,
                0.0
            ],
            [
                1.266628905248e-07,
                2.1301422893149906e-05,
                0.9932855630538622,
                0.0066927050118754244,
                3.038484787424019e-07
            ],
            [
                2.2741437231698238e-08,
                4.2486598174318864e-08,
                3.749429129019272e-08,
                0.3775406302987491,
                0.6224592669789242
            ],
            [
                0.9999999999968459,
                2.7346982901580846e-12,
                0.0,
                0.0,
                4.193795656180756e-13
            ]
        ],
        [
            [
                0.999999999987744,
                1.2256067430420216e-11,
                0.0,
                0.0,
                0.0
            ],
            [
                0.00043052956773762864,
                0.9995057598958766,
                5.8265868774833065e-05,
                5.419570022506644e-06,
                2.5097588344921215e-08
            ],
            [
                2.2897348292851247e-11,
                1.4166087765213576e-09,
                0.9999999929454415,
                5.60279639750462e-09,
                1.225606735652842e-11
            ],
            [
                0.9999999999835714,
                1.5737102098403108e-11,
                0.0,
                0.0,
                6.914400103223229e-13
            ],
            [
                0.9999999999821676,
                1.783247289249796e-11,
                0.0,
                0.0,
                0.0
            ]
        ],
        [
            [
                0.9999999999766276,
                2.2897348445389747e-11,
                0.0,
                0.0,
                4.752193060474523e-13
            ],
            [
                6.601475534233567e-05,
                0.9993681980015418,
