{
    "[['A', 'B', 'C', 'D', 'E'], ['A', 'B', 'C', 'D', 'E']]": [
        [
            [
                0.999999999996021,
                3.978962533746659e-12,
                0.0,
                0.0,
                0.0
            ],
            [
                0.999999997664407,
                2.3355930307675854e-09,
                0.0,
                0.0,
                0.0
            ],
            [
                7.287724094952378e-14,
                4.752193062205592e-13,
                0.999999999997272,
                2.1297851707023185e-12,
                5.00877463724741e-14
            ],
            [
                1.315113059644753e-10,
                4.050833404549912e-10,
                6.212154224490804e-11,
                0.0019267343374771543,
                0.9980732650638067
            ],
            [
                1.9171714825929602e-10,
                1.4930946519255637e-10,
                1.5737101851042116e-11,
                1.5229979497135576e-08,
                0.9999999844132568
            ]
        ],
        [
            [
                0.9999999999985363,
                1.4637785130128352e-12,
                0.0,
                0.0,
                0.0
            ],
            [
                0.999999999986112,
                1.3887943856565357e-11,
                0.0,
                0.0,
                0.0
            ],
            [
                2.5946096887567356e-11,
                8.764248862860828e-08,
                0.9999998800801505,
                3.2241869739566906e-08,
                9.545035623578377e-12
            ],
            [
                1.3887918783594836e-11,
                6.224133382217968e-11,
                8.423448541849249e-12,
                1.7603431330033604e-06,
                0.9999982395723144
            ],
            [
                1.9555682259988205e-08,
                8.592167134175477e-10,
                5.4927886801840425e-11,
                1.1253518146444592e-07,
                0.9999998669949917
            ]
        ],
        [
            [
                0.999999999990455,
                9.545034917110745e-12,
                0.0,
                0.0,
                0.0
            ],
            [
                0.9999999715462826,
                2.8453347252527724e-08,
                0.0,
                0.0,
                3.7010115696817525e-13
            ],
            [
                5.19850612415735e-10,
                3.71742390046553e-06,
                0.9975236534372727,
                0.0024726134267144253,
                1.5192261821086216e-08
            ],
            [
                1.1528481339848101e-10,
                1.0937918554686738e-09,
                2.1538038658504025e-10,
                0.008577485681750612,
                0.9914225128937924
            ],
            [
                5.7893570512477064e-12,
                5.492789036459778e-11,
                5.7893570512477064e-12,
                3.059023586787199e-07,
                0.9999996940311348
            ]
        ],
        [
            [
                0.9999999999975866,
                2.413362770211853e-12,
                0.0,
                0.0,
                0.0
            ],
            [
                0.999999974890009,
                2.5109990905353235e-08,
                0.0,
                0.0,
                0.0
            ],
            [
                3.2233445030067884e-08,
                0.0002611903169120142,
                0.9997387489704209,
                2.844591539866573e-08,
                3.330674263504756e-11
            ],
            [
                7.052005785563882e-11,
                2.4613918729623056e-10,
                3.774666690705107e-11,
                0.00012339462843801558,
                0.9998766050171561
            ],
            [
                1.0815941518490798e-11,
                4.84736868888359e-11,
                7.433680645688873e-12,
                2.998960814100558e-09,
                0.9999999969343158
            ]
        ],
        [
            [
                0.9999999999991123,
                8.878265474365714e-13,
                0.0,
                0.0,
                0.0
            ],
            [
                0.9999994956520116,
                5.043472048887608e-07,
                7.83504214709328e-13,
                0.0,
                0.0
            ],
            [
                5.3042498013137785e-08,
                0.00023005954404389437,
                0.11917373839711597,
                0.8805814418017412,
                1.4707214600916508e-05
            ],
            [
                1.818961651132801e-09,
                4.599055286567517e-10,
                2.5946094463257777e-11,
                1.7257827642414552e-08,
                0.9999999804373592
            ],
            [
                7.052879723932363e-11,
                1.0261879446656377e-10,
                1.0815941362249158e-11,
                1.725782767676151e-08,
                0.9999999825582088
            ]
        ],
        [
            [
                0.9999999999864522,
                1.2256067428611482e-11,
                0.0,
                0.0,
                1.2917800031535727e-12
            ],
            [
                0.9999999997822808,
                2.1724399329587694e-10,
                0.0,
                0.0,
                4.752193058133129e-13
            ],
            [
                5.492788204802128e-11,
                2.510999088931114e-08,
                0.9999999735836365,
                1.2501528331225744e-09,
                1.2917799704142096e-12
            ],
            [
                2.5946047536938123e-11,
                1.9171680079595718e-10,
                1.3887918469043126e-11,
                1.0677030758389374e-06,
                0.9999989320653734
            ],
            [
                3.7751343863982684e-11,
                6.224144362606302e-11,
                5.789356086612559e-12,
                4.139937545647815e-08,
                0.9999999584948425
            ]
        ],
        [
            [
                0.9999999999842628,
                1.5737102097318002e-11,
                0.0,
                0.0,
                0.0
            ],
            [
                0.9999999981810384,
                1.8189616830269328e-09,
                0.0,
                0.0,
                0.0
            ],
            [
                4.058536572919931e-10,
                6.144043281369734e-06,
                0.9999724104865048,
                2.1444818197469595e-05,
                2.461626865040976e-10
            ],
            [
                2.1724360110380537e-10,
                2.789463054300592e-10,
                3.775127725318373e-11,
                1.760343132472843e-06,
                0.9999982391229263
            ],
            [
                1.7832473588522027e-11,
                7.991960197877138e-11,
                8.42346407585534e-12,
                3.9278636953437463e-07,
                0.999999607107455
            ]
        ],
        [
            [
                0.999999999981384,
                1.7832472890452365e-11,
                0.0,
                0.0,
                7.835041777290178e-13
            ],
            [
                0.9999999468421503,
                5.315784968291605e-08,
                0.0,
                0.0,
                0.0
            ],
            [
                1.7482341281168604e-13,
                1.4637785139968019e-12,
                0.9999999999917184,
                6.560200167575161e-12,
                8.258073284827548e-14
            ],
            [
                6.224133580623507e-11,
                6.224133580623507e-11,
                7.433667484224315e-12,
                1.3709566541591155e-06,
                0.9999986289114295
            ],
            [
                1.6918978733410533e-10,
                1.6918978733410533e-10,
                1.573710164854259e-11,
                2.8453347261171437e-08,
                0.999999971192536
            ]
        ],
        [
            [
                0.9999999999925664,
                7.433680665907034e-12,
                0.0,
                0.0,
                0.0
            ],
            [
                0.9999999996418252,
                3.5817479266027277e-10,
                0.0,
                0.0,
                0.0
            ],
            [
                1.0261861387962005e-10,
                8.315280338045645e-07,
                0.9999989828101574,
                1.8553898335072145e-07,
                2.0206803166168342e-11
            ],
            [
                1.026188012888244e-10,
                9.056077428433162e-11,
                1.225606803789697e-11,
                1.444980316117479e-07,
                0.9999998552965328
            ],
            [
                2.646573531593229e-09,
                4.599055192165266e-10,
                4.84736850971435e-11,
                3.653482065576031e-08,
                0.9999999603102265
            ]
        ],
        [
            [
                0.9999999999851059,
                1.3887943854226554e-11,
                0.0,
                0.0,
                1.0060392785054973e-12
            ],
            [
                0.9999999995400946,
                4.599055374140428e-10,
                0.0,
                0.0,
                0.0
            ],
            [
                6.914400106097676e-13,
                7.433680671446387e-12,
                0.9999999999486777,
                4.277787868447746e-11,
                4.1937956578685263e-13
            ],
            [
                4.599055281652793e-10,
                5.211412377973679e-10,
                3.3315444719001927e-11,
                1.9555680675398026e-08,
                0.9999999794299572
            ],
            [
                7.052879669094491e-11,
                1.4930946376640233e-10,
                1.783247244793365e-11,
                2.510999090941203e-08,
                0.9999999746523385
            ]
        ],
        [
            [
                0.9999999999875253,
                1.0815941546620149e-11,
                0.0,
                0.0,
                1.6586783572786173e-12
            ],
            [
                0.9999999997210531,
                2.789468090223411e-10,
                0.0,
                0.0,
                0.0
            ],
            [
                1.2256067227315623e-11,
                2.3355929974876456e-09,
                0.999999982414738,
                1.5229979475326562e-08,
                7.43368054086613e-12
            ],
            [
                1.3887309409336539e-11,
                9.055663272634199e-11,
                1.2255507538973402e-11,
                4.5397856326182346e-05,
                0.9999546020269744
            ],
            [
                4.2777876865350954e-11,
                9.056076603460291e-11,
                1.081594109602055e-11,
                4.1399375422301295e-08,
                0.99999995845647
            ]
        ],
        [
            [
                0.9999999999972653,
                2.7346982899685807e-12,
                0.0,
                0.0,
                0.0
            ],
            [
                0.999998932296924,
                1.067703075907084e-06,
                0.0,
                0.0,
                0.0
            ],
            [
                5.624749823059984e-08,
                0.0003549605874519622,
                0.49982166812508805,
                0.49982167124711147,
                1.6437928502755599e-06
            ],
            [
                7.484620036892265e-05,
                6.34832868443078e-09,
                1.9170291537465905e-10,
                6.825096539586208e-08,
                0.9999250790086341
            ],
            [
                3.850741829173376e-09,
                4.599055266869937e-10,
                3.3315444611915273e-11,
                1.955568061253972e-08,
                0.9999999761003565
            ]
        ],
        [
            [
                0.9999999999289328,
                7.052879843744107e-11,
                0.0,
                0.0,
                5.384940212128457e-13
            ],
            [
                0.999999996149258,
                3.8507419059326226e-09,
                0.0,
                0.0,
                0.0
            ],
            [
                9.357622967924729e-14,
                1.2917800046596227e-12,
                0.9999999999927318,
                5.789356328164286e-12,
                9.357622967924729e-14
            ],
            [
                3.331544958309934e-11,
                9.05607812086824e-11,
                6.560200987588959e-12,
                6.825604228921589e-08,
                0.9999999316135213
            ],
            [
                8.423464434115147e-12,
                6.224145125102393e-11,
                5.789356795844404e-12,
                1.1253518379915069e-07,
                0.9999998873883619
            ]
        ],
        [
            [
                0.999999999996021,
                3.978962533990161e-12,
                0.0,
                0.0,
                0.0
            ],
            [
                0.9999999973534264,
                2.6465736281539907e-09,
                0.0,
                0.0,
                0.0
            ],
            [
                1.8795288162790113e-12,
                2.2897348453287205e-11,
                0.9999999999521898,
                2.2897348453287205e-11,
                1.361526107901258e-13
            ],
            [
                5.4927153398953774e-11,
                1.6918754336256275e-10,
                1.5736892926675752e-11,
                1.3007124758896764e-05,
                0.9999869926353895
            ],
            [
                8.592166282704438e-10,
                3.160881330533418e-10,
                3.3315444117029624e-11,
                3.6534820706505005e-08,
                0.9999999622565591
            ]
        ],
        [
            [
                0.9999999999969011,
                3.098819137453732e-12,
                0.0,
                0.0,
                0.0
            ],
            [
                0.9999999979388463,
                2.06115361697303e-09,
                0.0,
                0.0,
                0.0
            ],
            [
                1.0261878988521632e-10,
                5.3157849212487996e-08,
                0.9999999374925378,
                9.237449082998177e-09,
                9.545034324589797e-12
            ],
            [
                7.991792894238027e-11,
                2.461645512589537e-10,
                3.7750556596713544e-11,
                2.1444939745268378e-05,
                0.9999785546964216
            ],
            [
                5.109089407538123e-12,
                4.8473690663059196e-11,
                5.109089407538123e-12,
                2.3823698444510243e-07,
                0.9999997617043237
            ]
        ],
        [
            [
                0.9999999999612426,
                3.7751345412702644e-11,
                0.0,
                0.0,
                1.00603927848149e-12
            ],
            [
                0.999999999937067,
                6.22414461716819e-11,
                0.0,
                0.0,
                6.914400100564091e-13
            ],
            [
                8.258073284767583e-14,
                7.835041784316436e-13,
                0.9999999999950981,
                3.978962535457398e-12,
                5.675685232090907e-14
            ],
            [
                2.061153662633351e-09,
                6.691586221786169e-10,
                7.991960048806057e-11,
                6.475946126184054e-07,
                0.9999993495951556
            ],
            [
                5.492788289745376e-11,
                9.056076888755779e-11,
                9.5450348164748e-12,
                1.0467401678100365e-08,
                0.9999999893775647
            ]
        ],
        [
            [
                0.9999999999792546,
                2.020683907927235e-11,
                0.0,
                0.0,
                5.384940214836008e-13
            ],
            [
                0.9999999999572222,
                4.277787865110457e-11,
                0.0,
                0.0,
                0.0
            ],
            [
                2.0609139653694688e-09,
                5.828788561976579e-05,
                0.9998834214987656,
                5.828788561976579e-05,
                6.690808038704786e-10
            ],
            [
                2.5945949837803233e-11,
                7.991915185158358e-11,
                1.0815881051863922e-11,
                6.144172122468901e-06,
                0.9999938557111966
            ],
            [
                1.573710165002906e-11,
                9.056076726783142e-11,
                9.545034645756896e-12,
                2.8453347263859036e-08,
                0.9999999714308098
            ]
        ],
        [
            [
                0.999999999996021,
                3.978962533157704e-12,
                0.0,
                0.0,
                0.0
            ],
            [
                0.9999999981810384,
                1.8189616832964882e-09,
                0.0,
                0.0,
                0.0
            ],
            [
                5.211174222314026e-10,
                4.539785407947705e-05,
                0.9999542087658501,
                3.927683963713821e-07,
                9.055662946188148e-11
            ],
            [
                2.1724400177879925e-10,
                3.160881574654542e-10,
                3.775134688005746e-11,
                3.927863695022375e-07,
                0.999999606642547
            ],
            [
                2.4616968181211704e-10,
                1.3176513554481904e-10,
                1.5737101252184384e-11,
                5.315784965725306e-08,
                0.9999999464484783
            ]
        ],
        [
            [
                0.9999999999851059,
                1.388794384739512e-11,
                0.0,
                0.0,
                1.00603927801063e-12
            ],
            [
                0.9999999997210531,
                2.789468090636552e-10,
                0.0,
                0.0,
                0.0
            ],
            [
                1.3615261079674904e-13,
                1.1399918529420691e-12,
                0.9999999999901943,
                8.42346375371285e-12,
                1.0603575990572437e-13
            ],
            [
                1.4166088151867916e-09,
                4.5990554713198035e-10,
                4.847368803941068e-11,
                6.475946130381302e-07,
                0.9999993504803989
            ],
            [
                1.691897841287995e-10,
                1.1628232471268288e-10,
                1.225606685496769e-11,
                4.6911637963368115e-08,
                0.9999999527906338
            ]
        ],
        [
            [
                0.9999999999821676,
                1.783247289962361e-11,
                0.0,
                0.0,
                0.0
            ],
            [
                0.9999999586006245,
                4.1399375452361144e-08,
                0.0,
                0.0,
                0.0
            ],
            [
                1.691898221174993e-10,
                3.059020827516165e-07,
                0.9999996256467355,
                6.82560458081132e-08,
                2.594609956132845e-11
            ],
            [
                7.433341075174299e-12,
                7.991594791580187e-11,
                1.2255507543008826e-11,
                4.5397855730964895e-05,
                0.9999546020446642
            ],
            [
                1.9555683119646687e-08,
                5.905304612493326e-10,
                6.224145269583972e-11,
                6.825604085501422e-08,
                0.999999911535504
            ]
        ],
        [
            [
                0.9999999999615572,
                3.775134540458424e-11,
                0.0,
                0.0,
                6.914400099942395e-13
            ],
            [
                0.9999999987498471,
                1.25015286398731e-09,
                0.0,
                0.0,
                0.0
            ],
            [
                1.5226117824304374e-08,
                4.783904012805969e-06,
                0.000203416774808952,
                0.9997463956775204,
                4.538841753999855e-05
            ],
            [
                1.5737073688392878e-11,
                5.492778431934013e-11,
                6.560188321572969e-12,
                1.7603431332768203e-06,
                0.9999982395796416
            ],
            [
                2.020684071123576e-11,
                7.052880416901497e-11,
                7.433681268689761e-12,
                1.1253518374694754e-07,
                0.999999887366647
            ]
        ],
        [
            [
                0.9999999999964886,
                3.5114221115327617e-12,
                0.0,
                0.0,
                0.0
            ],
            [
                0.9999998555019683,
                1.4449803159832187e-07,
                0.0,
                0.0,
                0.0
            ],
            [
                1.542811203038358e-13,
                1.291780004657447e-12,
                0.9999999999910476,
                7.43368067161244e-12,
                7.287724095094469e-14
            ],
            [
                1.087739739676129e-09,
                4.874911302678879e-09,
                1.396685472485457e-09,
                0.01406362720819369,
                0.9859363654324698
            ],
            [
                2.789468439487519e-10,
                2.789468439487519e-10,
                1.7832475124004926e-11,
                6.825604224482605e-08,
                0.9999999311682316
            ]
        ],
        [
            [
                0.9999999999978701,
                2.129785169335538e-12,
                0.0,
                0.0,
                0.0
            ],
            [
                0.9999999998837177,
                1.1628233022807065e-10,
                0.0,
                0.0,
                0.0
            ],
            [
                1.0815942045263782e-11,
                3.8507420964998495e-09,
                0.999999851620204,
                1.4449803113017844e-07,
                2.020684000188526e-11
            ],
            [
                1.0815942058719808e-11,
                9.056077409518511e-11,
                8.423464144985928e-12,
                5.043472049665698e-07,
                0.9999994955429948
            ],
            [
                2.7894679745595667e-10,
                1.317651371124163e-10,
                1.2256066924284444e-11,
                4.139937543198511e-08,
                0.9999999581776566
            ]
        ],
        [
            [
                0.9999999999697116,
                2.9400777363329034e-11,
                0.0,
                0.0,
                8.878265469546692e-13
            ],
            [
                0.9999998555014299,
                1.4449803156712438e-07,
                5.38494047698748e-13,
                0.0,
                0.0
            ],
            [
                5.384940217068439e-13,
                1.573710210485929e-11,
                0.9999999999211562,
                6.22414462211534e-11,
                3.266131342371612e-13
            ],
            [
                1.0261508981821703e-10,
                2.461608037531356e-10,
                3.7749981898083046e-11,
                3.535625748755838e-05,
                0.9999646433559866
            ],
            [
                8.592167681113263e-10,
                4.599055947067385e-10,
                3.775135010862599e-11,
                6.82560421993763e-08,
                0.9999999303870841
            ]
        ],
        [
            [
                0.9999999999851059,
                1.3887943849435215e-11,
                0.0,
                0.0,
                1.006039278158414e-12
            ],
            [
                0.9999999999200804,
                7.991959886965536e-11,
                0.0,
                0.0,
                0.0
            ],
            [
                5.211383269150717e-10,
                1.37095009241056e-06,
                0.999993843340151,
                4.785086000076858e-06,
                1.026182209659577e-10
            ],
            [
                1.9171717523450665e-10,
                1.1628234477322787e-10,
                1.0815942903300057e-11,
                6.825604225762554e-08,
                0.9999999314251423
            ],
            [
                1.0815941340411853e-11,
                7.052879709692651e-11,
                8.42346358556713e-12,
                1.9555680695733395e-08,
                0.9999999803545512
            ]
        ],
        [
            [
                0.9999999999981204,
                1.87952881542509e-12,
                0.0,
                0.0,
                0.0
            ],
            [
                0.9999999999925664,
                7.433680667319867e-12,
                0.0,
                0.0,
                0.0
            ],
            [
                1.9810087978896545e-13,
                2.129785170784494e-12,
                0.9999999999901024,
                7.433680671754324e-12,
                1.3615261079801513e-13
            ],
            [
                1.162812301139492e-10,
                2.172419380856316e-10,
                2.940049922168963e-11,
                1.0129988093517696e-05,
                0.9999898696489828
            ],
            [
                1.9171714580267796e-10,
                1.317651388705862e-10,
                1.3887943461246156e-11,
                2.8453347262704722e-08,
                0.9999999712092826
            ]
        ],
        [
            [
                0.9999999999894489,
                9.54503491344668e-12,
                0.0,
                0.0,
                1.0060392782932021e-12
            ],
            [
                0.9999999999660745,
                3.331544539190869e-11,
                0.0,
                0.0,
                6.101936672155426e-13
            ],
            [
                4.193796183665696e-13,
                7.052880734507636e-11,
                0.9999999316664494,
                6.82560423126325e-08,
                6.5602009898395685e-12
            ],
            [
                1.1361053865188046e-10,
                9.512493937031155e-10,
                3.0882546273885063e-10,
                0.02297736780514923,
                0.9770226308211654
            ],
            [
                1.0815941537447453e-11,
                4.277787861122822e-11,
                5.789356318112007e-12,
                1.4166087840448994e-09,
                0.999999998524008
            ]
        ],
        [
            [
                0.9999999999975866,
                2.413362770211574e-12,
                0.0,
                0.0,
                0.0
            ],
            [
                0.9999999943969791,
                5.6027964035679255e-09,
                2.244777041411056e-13,
                0.0,
                0.0
            ],
            [
                7.190950603530735e-09,
                3.287308186801838e-06,
                7.885842392974708e-06,
                0.9995582674576636,
                0.0004305522008060254
            ],
            [
                5.840425382532597e-10,
                1.5875922187809325e-09,
                2.148572425929599e-10,
                0.010986942367968698,
                0.9890130552455393
            ],
            [
                2.0206838806481882e-11,
                5.492788273826076e-11,
                5.109088956322545e-12,
                1.3440409762407543e-08,
                0.9999999864793465
            ]
        ],
        [
            [
                0.9999999999975866,
                2.4133627705689907e-12,
                0.0,
                0.0,
                0.0
            ],
            [
                0.9999997617630156,
                2.382369843583134e-07,
                0.0,
                0.0,
                0.0
            ],
            [
                1.4165575208406713e-09,
                2.7535479090188067e-05,
                0.9999645736993472,
                7.889046843182343e-06,
                3.5816183100352907e-10
            ],
            [
                3.7751059378763246e-11,
                1.9171569862282688e-10,
                2.2897174949852066e-11,
                7.889265045171007e-06,
                0.9999921104825908
            ],
            [
                4.0586519910112623e-10,
                2.461696869652054e-10,
                2.2897347692217507e-11,
                3.2241866296440067e-08,
                0.9999999670832014
            ]
        ],
        [
            [
                0.9999999999805089,
                1.7832472879173632e-11,
                0.0,
                0.0,
                1.6586783562193449e-12
            ],
            [
                0.9999999999666846,
                3.331544540318367e-11,
                0.0,
                0.0,
                0.0
            ],
            [
                1.917164191356104e-10,
                3.726638938582492e-06,
                0.9999962261873554,
                4.6911461045069664e-08,
                7.052852913499836e-11
            ],
            [
                4.1399218828668025e-08,
                9.736163070499217e-10,
                1.0261840378384775e-10,
                2.9023120746736996e-06,
                0.9999970552124718
            ],
            [
                3.3982677788852895e-09,
                3.581747887480786e-10,
                2.594609467270516e-11,
                7.194132944354475e-09,
                0.9999999890234784
            ]
        ],
        [
            [
                0.9999999999942106,
                5.7893563230605016e-12,
                0.0,
                0.0,
                0.0
            ],
            [
                0.999999999979793,
                2.020683907787596e-11,
                0.0,
                0.0,
                0.0
            ],
            [
                1.31765143150551e-10,
                3.927859812982509e-07,
                0.9999992142413444,
                3.927859812982509e-07,
                5.492788369696647e-11
            ],
            [
                2.1724317394045016e-10,
                1.9171642811009378e-10,
                2.289726207468166e-11,
                3.7266391130310827e-06,
                0.9999962729290301
            ],
            [
                2.940077581670502e-11,
                5.49278805649302e-11,
                8.42346330289706e-12,
                5.315784969451678e-08,
                0.9999999467493983
            ]
        ],
        [
            [
                0.999999999987744,
                1.2256067434652032e-11,
                0.0,
                0.0,
                0.0
            ],
            [
                0.999999999330422,
                6.691586081738307e-10,
                0.0,
                0.0,
                4.1937956523915e-13
            ],
            [
                1.0815941539363508e-11,
                9.736200296876528e-10,
                0.999999998422904,
                5.905303989158859e-10,
                2.129785167426698e-12
            ],
            [
                8.42339992442694e-12,
                6.224097458531887e-11,
                7.43362434253809e-12,
                7.889265044675191e-06,
                0.9999921106568573
            ],
            [
                1.3887918461858513e-11,
                6.224133238025753e-11,
                6.560188168576402e-12,
                2.260325272503916e-06,
                0.9999977395920381
            ]
        ],
        [
            [
                0.9999999999987081,
                1.291780004021014e-12,
                0.0,
                0.0,
                0.0
            ],
            [
                0.9999999804438999,
                1.9555680686377836e-08,
                4.193795572282093e-13,
                0.0,
                0.0
            ],
            [
                3.8503824164264546e-09,
                1.7601819657329203e-06,
                7.484484169996121e-05,
                0.9999066909844372,
                1.6700141514796222e-05
            ],
            [
                2.461654842617921e-10,
                1.9171387190823526e-10,
                2.940027447020028e-11,
                1.6701415094958902e-05,
                0.9999832981176254
            ],
            [
                7.58256078602159e-10,
                2.461697068076577e-10,
                2.2897349537853072e-11,
                1.444980314352871e-07,
                0.9999998544746455
            ]
        ],
        [
            [
                0.9999999999763192,
                2.2897348430651666e-11,
                0.0,
                0.0,
                7.835041776234793e-13
            ],
            [
                0.9999962733605152,
                3.7266391146390777e-06,
                3.700997717876259e-13,
                0.0,
                0.0
            ],
            [
                1.0261880921497621e-10,
                3.059020672190107e-07,
                0.9999994557207931,
                2.3823676949332708e-07,
                3.7751350187684305e-11
            ],
            [
                3.774666689669153e-11,
                2.789122392473022e-10,
                4.277257720241479e-11,
                0.00012339462917490627,
                0.9998766050113936
            ],
            [
                1.818961663366656e-09,
                4.599055317499546e-10,
                2.9400777001908143e-11,
                1.0467401655561594e-08,
                0.9999999872243304
            ]
        ],
        [
            [
                0.9999999999934397,
                6.560200162471356e-12,
                0.0,
                0.0,
                0.0
            ],
            [
                0.9999999981810384,
                1.8189616819704442e-09,
                0.0,
                0.0,
                0.0
            ],
            [
                7.287724095196626e-14,
                8.878265477700608e-13,
                0.9999999999944242,
                4.5087552419093476e-12,
                1.060357599061729e-13
            ],
            [
                2.455609902207599e-10,
                8.570920728443853e-10,
                1.0236505033768044e-10,
                0.002472622968377631,
                0.9975273758266042
            ],
            [
                7.991960534432761e-11,
                2.461697149404774e-10,
                2.594609706534151e-11,
                1.125351837519536e-07,
                0.9999998871127808
            ]
        ],
        [
            [
                0.9999999999981204,
                1.8795288151098444e-12,
                0.0,
                0.0,
                0.0
            ],
            [
                0.9999999468419258,
                5.315784969402756e-08,
                2.2447769346605637e-13,
                0.0,
                0.0
            ],
            [
                2.882350793207837e-13,
                2.7346982913674416e-12,
                0.9999999999884601,
                8.423463753777346e-12,
                9.357622968072208e-14
            ],
            [
                1.081592236292227e-11,
                6.224133577314271e-11,
                8.423448805883384e-12,
                1.370956653430208e-06,
                0.9999986289618659
            ],
            [
                4.8473685263747e-11,
                6.224144391917317e-11,
                6.560199924691619e-12,
                3.6534820781330075e-08,
                0.9999999633479038
            ]
        ],
        [
            [
                0.9999999999985363,
                1.4637785128652752e-12,
                0.0,
                0.0,
                0.0
            ],
            [
                0.9999999998837177,
                1.1628233020047835e-10,
                0.0,
                0.0,
                0.0
            ],
            [
                5.90203896018904e-10,
                7.334150901371402e-07,
                0.9994464853538316,
                0.0005527783065726197,
                2.334301690921404e-09
            ],
            [
                2.2897350867099087e-11,
                1.3176515657325053e-10,
                1.3887945327093249e-11,
                8.76424914214779e-08,
                0.9999999121889581
            ],
            [
                9.05607742559276e-11,
                1.1628233589953192e-10,
                1.3887944533468829e-11,
                1.444980315664267e-07,
                0.9999998552812374
            ]
        ],
        [
            [
                0.9999999999975866,
                2.4133627697529996e-12,
                0.0,
                0.0,
                0.0
            ],
            [
                0.9999997617619305,
                2.382369842196405e-07,
                6.101937125048608e-13,
                0.0,
                4.752193411240332e-13
            ],
            [
                2.4616973409836967e-10,
                1.8553916559337744e-07,
                0.9999997265293908,
                8.764249604978799e-08,
                4.277788545242121e-11
            ],
            [
                3.331347798580041e-11,
                1.4930065018390944e-10,
                2.2895996258879694e-11,
                5.82912772824196e-05,
                0.9999417085172074
            ],
            [
                3.3315444451065576e-11,
                1.6918978733240692e-10,
                1.7832472388622425e-11,
                2.845334726088581e-08,
                0.999999971326315
            ]
        ],
        [
            [
                0.9999999999729139,
                2.5946094949625304e-11,
                0.0,
                0.0,
                1.1399918515883133e-12
            ],
            [
                0.9999999997826199,
                2.1724399338286586e-10,
                0.0,
                0.0,
                1.3615261073060208e-13
            ],
            [
                5.0087746375521406e-14,
                4.1937956581355874e-13,
                0.9999999999967568,
                2.7346982914327945e-12,
                3.9008376099537994e-14
            ],
            [
                1.0815900644169005e-11,
                7.991929662022494e-11,
                8.423431891301334e-12,
                2.9023121979949705e-06,
                0.9999970975886434
            ],
            [
