{
    "[['A', 'B', 'C', 'D', 'E'], ['A', 'B', 'C', 'D', 'E']]": [
        [
            [
                0.9999999999821676,
                1.783247289729264e-11,
                0.0,
                0.0,
                0.0
            ],
            [
                0.9999993524049664,
                6.475946143421697e-07,
                4.1937957513262595e-13,
                0.0,
                0.0
            ],
            [
                4.277787857842976e-11,
                1.6052280510106026e-09,
                0.9999999974896785,
                8.592166596826897e-10,
                3.098819130662162e-12
            ],
            [
                3.97892489278779e-12,
                6.224085739271227e-11,
                2.94004992462406e-11,
                1.012998810197677e-05,
                0.9999898699162777
            ],
            [
                2.413344485013705e-12,
                3.775105938880507e-11,
                7.433624344982623e-12,
                7.889265047269561e-06,
                0.9999921106873547
            ]
        ],
        [
            [
                0.9999999999086557,
                9.056076978854476e-11,
                0.0,
                0.0,
                7.835041775704647e-13
            ],
            [
                0.9999999996832205,
                3.160881450596508e-10,
                0.0,
                0.0,
                6.914400098808894e-13
            ],
            [
                6.348194867628127e-09,
                9.610239782526701e-05,
                0.9999038830825313,
                8.151243560121187e-09,
                2.020491271718803e-11
            ],
            [
                1.8795289609057063e-12,
                2.9400779651118664e-11,
                5.109089420492493e-12,
                8.315279899660297e-07,
                0.9999991684356206
            ],
            [
                2.7346932886942903e-12,
                3.775127637992013e-11,
                4.508746993911163e-12,
                2.2603252719009378e-06,
                0.9999977396297334
            ]
        ],
        [
            [
                0.9999999999723952,
                2.5946094956786792e-11,
                0.0,
                0.0,
                1.6586783572535212e-12
            ],
            [
                0.9999999970010391,
                2.998960812114382e-09,
                0.0,
                0.0,
                0.0
            ],
            [
                1.388794556022212e-11,
                4.944451105492333e-09,
                0.9999998093998832,
                1.8553915890978294e-07,
                1.026188088433761e-10
            ],
            [
                3.5113888927276375e-12,
                4.2777473979335706e-11,
                6.560138103810817e-12,
                1.012998809974291e-05,
                0.9999898699590513
            ],
            [
                5.384940892176268e-13,
                1.3887945604321883e-11,
                1.6586785666509035e-12,
                3.0590235881373225e-07,
                0.9999996940815561
            ]
        ],
        [
            [
                0.9999999999510512,
                4.847368700685094e-11,
                0.0,
                0.0,
                4.752193057295653e-13
            ],
            [
                0.999999998749237,
                1.2501528622463405e-09,
                0.0,
                0.0,
                6.101936657396218e-13
            ],
            [
                1.0815941440544486e-11,
                1.4166087713531155e-09,
                0.9999999893091797,
                9.237449562266743e-09,
                2.594609470271707e-11
            ],
            [
                1.6584727993459153e-12,
                4.846767973154415e-11,
                8.422419836843637e-12,
                0.00012339462840408672,
                0.9998766053130473
            ],
            [
                6.914400443621013e-13,
                1.3887944541205505e-11,
                1.463778585401237e-12,
                1.4449803164692346e-07,
                0.9999998554859252
            ]
        ],
        [
            [
                0.9999999997531388,
                2.4616969488109297e-10,
                0.0,
                0.0,
                6.914400098501307e-13
            ],
            [
                0.9999869928748638,
                1.3007124765971845e-05,
                3.700962486140975e-13,
                0.0,
                0.0
            ],
            [
                1.4296330711882862e-08,
                1.6524295808166378e-06,
                0.7310571088205664,
                0.2689408990708452,
                3.2538267691556833e-07
            ],
            [
                3.0988015841024976e-12,
                3.3315256691720245e-11,
                5.10906008538904e-12,
                4.785094848153946e-06,
                0.9999952148636287
            ],
            [
                3.7010049954481094e-13,
                1.0815922026274367e-11,
                1.4637758708909594e-12,
                1.7603431333904949e-06,
                0.9999982396442167
            ]
        ],
        [
            [
                0.9999999990254922,
                9.73620028789274e-10,
                0.0,
                0.0,
                8.878265455556079e-13
            ],
            [
                0.9999999995934434,
                4.05865211831056e-10,
                0.0,
                0.0,
                6.91440009302992e-13
            ],
            [
                1.798977597121447e-09,
                1.2611794597314949e-07,
                0.9890128982394766,
                0.010986941955958975,
                3.1887640893985597e-08
            ],
            [
                6.166018665955312e-12,
                4.322712811141713e-10,
                4.322712811141713e-10,
                0.9399133448062547,
                0.06008665432303685
            ],
            [
                3.511422012338044e-12,
                3.3315444463037827e-11,
                5.109088881053222e-12,
                2.8453347271110813e-08,
                0.9999999715047166
            ]
        ],
        [
            [
                0.9999999999369749,
                6.224144615648681e-11,
                0.0,
                0.0,
                7.835041775926529e-13
            ],
            [
                0.9999999226557721,
                7.734422793995106e-08,
                0.0,
                0.0,
                0.0
            ],
            [
                1.7862447734480203e-09,
                2.0646182412941783e-07,
                0.9820134466970639,
                0.017986203155869025,
                1.4189899820377613e-07
            ],
            [
                5.099246713430151e-12,
                1.3151130606099318e-10,
                2.934413878271858e-11,
                0.0019267343355154644,
                0.9980732654985298
            ],
            [
                3.97896240647151e-12,
                4.2777877298877315e-11,
                6.560199954865748e-12,
                3.224186632430597e-08,
                0.9999999677048167
            ]
        ],
        [
            [
                0.999999999896906,
                1.026187962182247e-10,
                0.0,
                0.0,
                4.752193058196074e-13
            ],
            [
                0.9999999999450722,
                5.492788345931898e-11,
                0.0,
                0.0,
                0.0
            ],
            [
                6.348751787386409e-09,
                7.889257247897248e-06,
                0.9999915997345722,
                5.043433423675871e-07,
                3.1608573928920555e-10
            ],
            [
                2.1493704900554254e-11,
                1.1735165249285887e-09,
                5.543299554651324e-10,
                0.7310585892167939,
                0.26894140903386604
            ],
            [
                1.0815941498476598e-11,
                6.224144589065484e-11,
                1.3887943789451648e-11,
                4.944450475054377e-09,
                0.9999999949686043
            ]
        ],
        [
            [
                0.9999999999842628,
                1.573710208924359e-11,
                0.0,
                0.0,
                0.0
            ],
            [
                0.9999999994094697,
                5.905303989707256e-10,
                0.0,
                0.0,
                0.0
            ],
            [
                1.6911687453949805e-10,
                1.4443574859149411e-07,
                0.9995692911004181,
                0.0004305571036837423,
                7.191032489888326e-09
            ],
            [
                8.023970165309428e-12,
                3.866165335718824e-10,
                1.1076749141380305e-10,
                0.04742587542028372,
                0.9525741240743083
            ],
            [
                1.8795287686055395e-12,
                2.940077664303795e-11,
                3.5114220238248627e-12,
                2.510999091706077e-08,
                0.9999999748552173
            ]
        ],
        [
            [
                0.9999999999812799,
                1.783247288813878e-11,
                0.0,
                0.0,
                8.878265468498457e-13
            ],
            [
                0.9999938558271829,
                6.144172125639716e-06,
                6.914361430686437e-13,
                0.0,
                0.0
            ],
            [
                7.582561035296884e-10,
                1.1253518373365143e-07,
                0.9999996483990455,
                2.3823698583365048e-07,
                7.052880416068194e-11
            ],
            [
                2.734693290064207e-12,
                4.847359840850339e-11,
                6.560188170112625e-12,
                2.2603252730332247e-06,
                0.9999977396169585
            ],
            [
                8.878265824146565e-13,
                1.5737102719607602e-11,
                1.6586784234970476e-12,
                3.927863698417556e-07,
                0.9999996071953465
            ]
        ],
        [
            [
                0.9999999998837177,
                1.1628233023520925e-10,
                0.0,
                0.0,
                0.0
            ],
            [
                0.9999999987490635,
                1.2501528628161004e-09,
                0.0,
                0.0,
                7.835041762686222e-13
            ],
            [
                5.492380205606168e-11,
                2.9987379850475715e-09,
                0.9999251468992895,
                7.48461965929928e-05,
                3.850455790788067e-09
            ],
            [
                1.8795110352073233e-12,
                4.2777473988444496e-11,
                4.508712587097372e-12,
                1.0129988101899932e-05,
                0.9999898699627324
            ],
            [
                5.109079802997016e-12,
                6.224133384476324e-11,
                7.43366724995991e-12,
                1.7603431336420806e-06,
                0.9999982395820823
            ]
        ],
        [
            [
                0.9999999804443194,
                1.9555680692339992e-08,
                0.0,
                0.0,
                0.0
            ],
            [
                0.9999999996410416,
                3.5817479195181227e-10,
                0.0,
                0.0,
                7.835041761515921e-13
            ],
            [
                6.7201758521174845e-09,
                4.157629542499951e-07,
                0.4999982518730824,
                0.4999982535479947,
                3.0720957928103515e-06
            ],
            [
                7.835041557385542e-13,
                1.2256067087949842e-11,
                2.1297851090662577e-12,
                2.8453347263006822e-08,
                0.9999999715314832
            ],
            [
                5.10908886098052e-12,
                4.277787729072279e-11,
                7.433680429248142e-12,
                3.2241866318159864e-08,
                0.9999999677028131
            ]
        ],
        [
            [
                0.9999999999563345,
                4.277787864617266e-11,
                0.0,
                0.0,
                8.878265469427927e-13
            ],
            [
                0.9999999804443194,
                1.9555680697488874e-08,
                0.0,
                0.0,
                0.0
            ],
            [
                7.052879732448549e-11,
                1.522997948847058e-08,
                0.9999999832777738,
                1.4166087628089728e-09,
                5.109088942103694e-12
            ],
            [
                9.092349380802744e-12,
                3.8661653359433355e-10,
                8.626580905693445e-11,
                0.047425875454498556,
                0.9525741240635268
            ],
            [
                3.944829390129858e-12,
                1.1528481356571092e-10,
                3.74274991730554e-11,
                0.008577485699839894,
                0.9914225141435029
            ]
        ],
        [
            [
                0.9999999998832982,
                1.1628233016035018e-10,
                0.0,
                0.0,
                4.193795653263291e-13
            ],
            [
                0.9999996940971659,
                3.0590235892192547e-07,
                4.752193659627466e-13,
                0.0,
                0.0
            ],
            [
                5.905293198210279e-10,
                1.067703075456823e-06,
                0.9999986933790764,
                2.3823675821765198e-07,
                9.056060426211188e-11
            ],
            [
                5.1014161349446025e-12,
                1.4908523281379178e-10,
                3.7694650005095636e-11,
                0.0015011820326367464,
                0.998498817775482
            ],
            [
                3.511422555125478e-12,
                5.49278904196633e-11,
                9.545036123638816e-12,
                3.059023589853887e-07,
                0.9999996940296566
            ]
        ],
        [
            [
                0.9999999995397244,
                4.5990553707859614e-10,
                0.0,
                0.0,
                3.7010116722623565e-13
            ],
            [
                0.9988304896472562,
                0.001169510346191301,
                6.552522132677795e-12,
                0.0,
                0.0
            ],
            [
                9.106421708092876e-09,
                0.0001216594224392349,
                0.9858163377112112,
                0.014061917512792357,
                7.624713544551844e-08
            ],
            [
                2.7346932913314733e-12,
                4.27778004724572e-11,
                5.7893457431792994e-12,
                1.0677030760313897e-06,
                0.9999989322456221
            ],
            [
                1.879528802206556e-12,
                2.0206838936132982e-11,
                3.511422086599826e-12,
                7.194132975465832e-09,
                0.9999999927802692
            ]
        ],
        [
            [
                0.9999999999613609,
                3.775134534142059e-11,
                0.0,
                0.0,
                8.878265454619628e-13
            ],
            [
                0.9999999985826997,
                1.4166087817155878e-09,
                0.0,
                0.0,
                6.914400082888781e-13
            ],
            [
                2.5436656470753093e-13,
                1.6586783587175547e-12,
                0.9999999999840445,
                1.3887943863317267e-11,
                1.54281120300895e-13
            ],
            [
                3.017289210978809e-11,
                9.991889591164936e-10,
                3.6758107590445083e-10,
                0.6224593235542015,
                0.37754067504885547
            ],
            [
                2.734698237343433e-12,
                2.940077680961902e-11,
                3.0988190772502877e-12,
                1.9555680699922793e-08,
                0.9999999804090851
            ]
        ],
        [
            [
                0.999999999989184,
                1.0815941547866995e-11,
                0.0,
                0.0,
                0.0
            ],
            [
                0.9999999999915765,
                8.423463750006208e-12,
                0.0,
                0.0,
                0.0
            ],
            [
                1.7832473221517166e-11,
                4.944450588827675e-09,
                0.999999347363186,
                6.475946113697953e-07,
                7.99196003339697e-11
            ],
            [
                1.8729164944117305e-11,
                1.1587324041813268e-09,
                7.028067295385058e-10,
                0.562176499971758,
                0.4378234981479737
            ],
            [
                1.6586785339641114e-12,
                2.2897350872944588e-11,
                3.9789629557600725e-12,
                8.764249144385227e-08,
                0.9999999123289736
            ]
        ],
        [
            [
                0.999999998749237,
                1.2501528628163173e-09,
                0.0,
                0.0,
                6.101936660178248e-13
            ],
            [
                0.9999999999842628,
                1.5737102096079487e-11,
                0.0,
                0.0,
                0.0
            ],
            [
                1.2917800042345251e-12,
                6.224144620250646e-11,
                0.9999999996158699,
                3.1608814529642875e-10,
                4.5087552403700024e-12
            ],
            [
                8.820965447936349e-12,
                4.2501791681412445e-10,
                2.92110257520421e-10,
                0.07585817589992079,
                0.9241418233741301
            ],
            [
                3.0988192832288577e-12,
                4.277788068454803e-11,
                5.78935659870533e-12,
                5.043472051038945e-07,
                0.9999994956011288
            ]
        ],
        [
            [
                0.9999999996418252,
                3.5817479224827505e-10,
                0.0,
                0.0,
                0.0
            ],
            [
                0.9999999006880477,
                9.931195234606164e-08,
                0.0,
                0.0,
                0.0
            ],
            [
                4.847368246362255e-11,
                4.139937325996709e-08,
                0.9999999053393777,
                5.3157847500740586e-08,
                5.4927878298106446e-11
            ],
            [
                8.842830984024673e-12,
                4.260714573424413e-10,
                1.0772773505840213e-10,
                0.18242551506608604,
                0.8175744843912719
            ],
            [
                3.098819527983589e-12,
                3.331544960662247e-11,
                5.109089669847474e-12,
                3.0590235892810087e-07,
                0.9999996940561178
            ]
        ],
        [
            [
                0.999999999989184,
                1.0815941547872353e-11,
                0.0,
                0.0,
                0.0
            ],
            [
                0.9999999586006245,
                4.1399375407487873e-08,
                0.0,
                0.0,
                0.0
            ],
            [
                9.357622967948913e-14,
                1.0060392791874972e-12,
                0.9999999999953162,
                3.5114221130420683e-12,
                7.287724095125577e-14
            ],
            [
                7.832412518141384e-13,
                2.939091114150488e-11,
                5.107374530660926e-12,
                0.0003353500561850548,
                0.9996646499085334
            ],
            [
                3.0988189722687495e-12,
                2.940077581358191e-11,
                3.511421924760466e-12,
                5.315784968887006e-08,
                0.9999999468061394
            ]
        ],
        [
            [
                0.9999999999082994,
                9.056076978851248e-11,
                0.0,
                0.0,
                1.1399918516821145e-12
            ],
            [
                0.9999998555019683,
                1.444980316325845e-07,
                0.0,
                0.0,
                0.0
            ],
            [
                1.981008797766777e-13,
                9.5450349214809e-12,
                0.9999999998869467,
                1.0261879630240044e-10,
                6.914400105955219e-13
            ],
            [
                3.978955477702252e-12,
                4.2777802807587655e-11,
                6.560188531256494e-12,
                1.3709566544902912e-06,
                0.9999986289900286
            ],
            [
                8.878265401828813e-13,
                1.573710197103148e-11,
                2.7346982679879127e-12,
                8.152020644107748e-09,
                0.9999999918286199
            ]
        ],
        [
            [
                0.9999999999088292,
                9.056076976018298e-11,
                0.0,
                0.0,
                6.101936668404948e-13
            ],
            [
                0.999999999782756,
                2.1724399333238406e-10,
                0.0,
                0.0,
                0.0
            ],
            [
                6.560200149925754e-12,
                1.605228050725361e-09,
                0.999999997283664,
                1.1032560292780714e-09,
                1.2917800011966852e-12
            ],
            [
                1.3229290278114067e-11,
                6.374229020757369e-10,
                3.4118789313577935e-10,
                0.9525741236897818,
                0.047425875318378184
            ],
            [
                2.4133627105626837e-12,
                2.594609432404439e-11,
                3.5114220242284165e-12,
                2.5109990919946564e-08,
                0.9999999748581383
            ]
        ],
        [
            [
                0.9999999999572222,
                4.277787865923486e-11,
                0.0,
                0.0,
                0.0
            ],
            [
                0.999999999868235,
                1.3176514257037782e-10,
                0.0,
                0.0,
                0.0
            ],
            [
                4.193795657962153e-13,
                1.8795288163520213e-12,
                0.9999999999910347,
                6.560200167500868e-12,
                1.0603575990468516e-13
            ],
            [
                1.1605831303949254e-10,
                3.391721075437529e-09,
                4.355056067177268e-09,
                0.7772998499736349,
                0.2227001421635297
            ],
            [
                7.835041661536807e-13,
                1.2256067250869833e-11,
                1.879528786906357e-12,
                1.522997950459616e-08,
                0.9999999847551013
            ]
        ],
        [
            [
                0.999999999994891,
                5.109089023645265e-12,
                0.0,
                0.0,
                0.0
            ],
            [
                0.9999999928053919,
                7.194132969572649e-09,
                0.0,
                0.0,
                4.752193022640018e-13
            ],
            [
                7.287724095205686e-14,
                6.91440010635765e-13,
                0.9999999999956675,
                3.511422113080667e-12,
                5.675685232154534e-14
            ],
            [
                1.291780054659477e-12,
                2.9400778527959917e-11,
                3.978962689458376e-12,
                3.9278636971293283e-07,
                0.9999996071789587
            ],
            [
                3.511422372981847e-12,
                4.277788185233041e-11,
                1.0815942356926421e-11,
                2.3823698436344094e-07,
                0.9999997617059103
            ]
        ],
        [
            [
                0.9999999995933513,
                4.058652117442715e-10,
                0.0,
                0.0,
                7.83504176762664e-13
            ],
            [
                0.999999999782756,
                2.172439933324176e-10,
                0.0,
                0.0,
                0.0
            ],
            [
                8.258073284763755e-14,
                6.914400106276931e-13,
                0.9999999999946345,
                4.508755241862318e-12,
                8.258073284763755e-14
            ],
            [
                3.500281729606774e-12,
                9.027345561249914e-11,
                1.7775897371128662e-11,
                0.003172683078328398,
                0.9968273168101218
            ],
            [
                5.789356160760249e-12,
                2.940077653982063e-11,
                3.978962420392983e-12,
                2.8453347264298296e-08,
                0.9999999715074835
            ]
        ],
        [
            [
                0.9999999999842628,
                1.5737102093093662e-11,
                0.0,
                0.0,
                0.0
            ],
            [
                0.9999994956527951,
                5.0434720484422e-07,
                0.0,
                0.0,
                0.0
            ],
            [
                1.1120712948418706e-07,
                0.3208211982432991,
                0.6791784549346219,
                2.3542549496547187e-07,
                1.894546672236412e-10
            ],
            [
                1.291442641347627e-12,
                5.491353845112012e-11,
                5.787844370696182e-12,
                0.00026119032870672667,
                0.9997388096093004
            ],
            [
                3.9789624857675846e-12,
                4.2777878151390456e-11,
                6.560200085602873e-12,
                1.1861120002088292e-08,
                0.9999999880855629
            ]
        ],
        [
            [
                0.999999999961465,
                3.7751345380736715e-11,
                0.0,
                0.0,
                7.835041772185439e-13
            ],
            [
                0.9999938558275481,
                6.14417212534894e-06,
                3.2661130732642123e-13,
                0.0,
                0.0
            ],
            [
                3.160875688244504e-10,
                1.1253496943297648e-07,
                0.9999990555183292,
                8.315279952382235e-07,
                1.0261860912016e-10
            ],
            [
                1.223245690866721e-11,
                4.050833390957429e-10,
                3.843323713050452e-09,
                0.9980732614170178,
                0.0019267343223426162
            ],
            [
                1.1399897689276895e-12,
                1.5737073336519774e-11,
                1.8795253804116057e-12,
                1.0677030763142248e-06,
                0.9999989322781672
            ]
        ],
        [
            [
                0.9999999999612426,
                3.775134540889125e-11,
                0.0,
                0.0,
                1.0060392783799196e-12
            ],
            [
                0.9999996072136303,
                3.9278636969566723e-07,
                0.0,
                0.0,
                0.0
            ],
            [
                2.992766970921721e-09,
                8.746147124932325e-08,
                0.11918627123129073,
                0.8806740855054622,
                0.00013955280900884766
            ],
            [
                8.878249446852658e-13,
                2.2897307110396135e-11,
                2.413358413990615e-12,
                1.7603431334744403e-06,
                0.9999982396306681
            ],
            [
                2.7346985808846134e-12,
                2.9400780503034775e-11,
                2.7346985808846134e-12,
                8.764249146578223e-08,
                0.9999999123226383
            ]
        ],
        [
            [
                0.9999996072122476,
                3.927863695246165e-07,
                6.91440037057869e-13,
                0.0,
                6.91440037057869e-13
            ],
            [
                0.9999999999089009,
                9.056076981066734e-11,
                0.0,
                0.0,
                5.384940212636642e-13
            ],
            [
                3.978962493252354e-12,
                3.398267783125076e-09,
                0.9999999894001089,
                7.194132953330103e-09,
                3.511422075795482e-12
            ],
            [
                1.6150385344470974e-11,
                8.817811621305201e-10,
                2.8627242995578637e-10,
                0.37754067559317434,
                0.6224593232226217
            ],
            [
                2.129785269090979e-12,
                3.331544695675683e-11,
                5.109089263477417e-12,
                5.043472048237664e-07,
                0.9999994956122409
            ]
        ],
        [
            [
                0.9999999998973812,
                1.0261879614176173e-10,
                0.0,
                0.0,
                0.0
            ],
            [
                0.9999999985826997,
                1.4166087808862767e-09,
                0.0,
                0.0,
                6.914400078840953e-13
            ],
            [
                5.109089026154522e-12,
                1.1628233025876553e-10,
                0.999999999659706,
                2.1724399342673732e-10,
                1.6586783582945334e-12
            ],
            [
                2.413063684266299e-12,
                7.052005789119062e-11,
                9.543852008566608e-12,
                0.0001233946286184215,
                0.9998766052889047
            ],
            [
                2.4133629508850653e-12,
                2.2897350155252196e-11,
                3.978962831043836e-12,
                2.3823698442542334e-07,
                0.999999761733726
            ]
        ],
        [
            [
                0.9999999999915765,
                8.423463750006208e-12,
                0.0,
                0.0,
                0.0
            ],
            [
                0.9999997617630156,
                2.3823698437704553e-07,
                0.0,
                0.0,
                0.0
            ],
            [
                3.581741395872968e-10,
                8.315279950994325e-07,
                0.9999990555360835,
                1.125349694141932e-07,
                4.277780064728922e-11
            ],
            [
                1.4791509849036767e-11,
                4.32271281381182e-10,
                1.590237174289725e-10,
                0.06008665443237227,
                0.9399133449615412
            ],
            [
                9.545034774162487e-12,
                4.847368630765265e-11,
                9.545034774162487e-12,
                1.5229979507483e-08,
                0.9999999847024568
            ]
        ],
        [
            [
                0.9999999999942106,
                5.789356323722824e-12,
                0.0,
                0.0,
                0.0
            ],
            [
                0.9999989322965047,
                1.0677030760017657e-06,
                4.1937879901155056e-13,
                0.0,
                0.0
            ],
            [
                1.5126044670082358e-05,
                0.622449552857889,
                0.3775347331432521,
                5.865003997096843e-07,
                1.4537891423960694e-09
            ],
            [
                4.816083808677989e-10,
                5.867191191346137e-09,
                2.3205191309817755e-08,
                0.9241417968009065,
                0.07585817364510276
            ],
            [
                1.46377297787078e-12,
                4.277771689659901e-11,
                7.433652556928747e-12,
                2.9023121994485446e-06,
                0.9999970976361254
            ]
        ],
        [
            [
                0.9999999997202695,
                2.7894680896918676e-10,
                0.0,
                0.0,
                7.835041776140691e-13
            ],
            [
                0.9999785550593555,
                2.144493975664851e-05,
                8.87807996435528e-13,
                0.0,
                0.0
            ],
            [
                3.0988191359234477e-12,
                2.461696949592358e-10,
                0.999999999159195,
                5.905303993611275e-10,
                1.0060392783748167e-12
            ],
            [
                3.497407495481131e-11,
                1.0220922914655874e-09,
                3.7600674100999925e-10,
                0.18242551483437058,
                0.8175744837325563
            ],
            [
                2.413362671086702e-12,
                2.2897347500599238e-11,
                4.508755054075561e-12,
                4.139937545962295e-08,
                0.999999958570805
            ]
        ],
        [
            [
                0.9999999999705993,
                2.9400777355206916e-11,
                0.0,
                0.0,
                0.0
            ],
            [
                0.999999998749237,
                1.2501528622463405e-09,
                0.0,
                0.0,
                6.101936657396218e-13
            ],
            [
                1.9810087978522564e-13,
                1.0060392791834126e-12,
                0.9999999999912561,
                7.43368067161399e-12,
                1.0603575990470863e-13
            ],
            [
                3.086451280142331e-11,
                1.4871355082127369e-09,
                5.470865797075105e-10,
                0.18242551473413315,
                0.8175744832007803
            ],
            [
                2.7346983533707577e-12,
                4.2777879656074306e-11,
                4.508755344150984e-12,
                6.475946146192361e-07,
                0.999999352355364
            ]
        ],
        [
            [
                0.9999999996410416,
                3.581747923247961e-10,
                0.0,
                0.0,
                7.835041769674907e-13
            ],
            [
                0.9999999936505897,
                6.34880006090433e-09,
                0.0,
                0.0,
                6.101936624609984e-13
            ],
            [
                2.940077722795918e-11,
                2.061153610879189e-09,
                0.9999999945080789,
                3.398267800436894e-09,
                3.0988191213430174e-12
            ],
            [
                9.410792744107771e-12,
                5.138118741736212e-10,
                1.2325706107020311e-09,
                0.9859363710017784,
                0.01406362724242826
            ],
            [
                1.1399853948407578e-12,
                2.5945947994728293e-11,
                2.4133490998160907e-12,
                4.785094847230288e-06,
                0.9999952148756536
            ]
        ],
        [
            [
                0.9999999998968427,
                1.0261879620652131e-10,
                0.0,
                0.0,
                5.384940211955654e-13
            ],
            [
                0.9999996940973529,
                3.0590235892198264e-07,
                2.8823511554565796e-13,
                0.0,
                0.0
            ],
            [
                6.431393940806656e-14,
                1.1399918529299653e-12,
                0.9999999999902178,
                8.423463753623412e-12,
                1.5428112030370776e-13
            ],
            [
                1.6561873353121759e-12,
                7.979957469088548e-11,
                1.5713467932964464e-11,
                0.0015011820310680518,
                0.9984988178717628
            ],
            [
                1.879518303166123e-12,
                3.331525906766945e-11,
                6.560163472876508e-12,
                6.144172125387414e-06,
                0.9999938557861198
            ]
        ],
        [
            [
                0.9999999998674514,
                1.317651425187628e-10,
                0.0,
                0.0,
                7.835041774230865e-13
            ],
            [
                0.9999970976872624,
                2.902312199061005e-06,
                5.384919850290568e-13,
                0.0,
                0.0
            ],
            [
                2.289734825176512e-11,
                3.8507418883439826e-09,
                0.9999999911768015,
                4.944450457737824e-09,
                5.109088982390721e-12
            ],
            [
                1.9614524936591202e-11,
                5.058652654289467e-10,
                2.3895383158209e-10,
                0.029312227969642297,
                0.9706877712659241
            ],
            [
                7.835042763004656e-13,
                1.5737104071108437e-11,
                2.734698632926567e-12,
                6.825604228280854e-08,
                0.9999999317247024
            ]
        ],
        [
            [
                0.9999999936511998,
                6.348800065541272e-09,
                0.0,
                0.0,
                0.0
            ],
            [
                0.9999999966000734,
                3.3982678017598915e-09,
                0.0,
                0.0,
                1.6586783502577744e-12
            ],
            [
                3.384412397709209e-09,
                1.6306996593576473e-07,
                0.0040701049673090555,
                0.9959218714273436,
                7.857150969022712e-06
            ],
            [
                1.0058800619051614e-12,
                3.7745370854753484e-11,
                3.978332818891012e-12,
                0.0001584362482376831,
                0.9998415637090328
            ],
            [
                2.7346984189947366e-12,
                3.331544697374872e-11,
                6.5602004737773565e-12,
                5.043472050809988e-07,
                0.9999994956101845
            ]
        ],
        [
            [
                0.9999999999622486,
                3.775134538788692e-11,
                0.0,
                0.0,
                0.0
            ],
            [
                0.9999999966017321,
                3.398267804638225e-09,
                0.0,
                0.0,
                0.0
            ],
            [
                1.201542573105665e-13,
                5.78935632838608e-12,
                0.9999999999782332,
                1.5737102105926258e-11,
