{
    "[['A', 'B', 'C', 'D', 'E'], ['A', 'B', 'C', 'D', 'E']]": [
        [
            [
                0.9999999995553774,
                4.0586521172885926e-10,
                1.0060392770060622e-12,
                0.0,
                3.775134535733763e-11
            ],
            [
                0.9999999468108742,
                5.315784962013242e-08,
                6.560199807289715e-12,
                4.508754994276823e-12,
                2.0206837978682603e-11
            ],
            [
                6.914400106419265e-13,
                1.0815941556470809e-11,
                0.9999999999624103,
                2.594609498080986e-11,
                1.3615261079870748e-13
            ],
            [
                1.272732810197061e-07,
                8.747364494272332e-08,
                2.2116801030886072e-08,
                0.001926734334638468,
                0.9980730288016345
            ],
            [
                1.9554974194000943e-08,
                8.151726037272346e-09,
                1.4165575794244857e-09,
                3.535625647468512e-05,
                0.9999646146202675
            ]
        ],
        [
            [
                0.9999999960391168,
                3.850741900510926e-09,
                2.4133627578843517e-12,
                5.109088998533584e-12,
                1.0261879572389818e-10
            ],
            [
                0.00012297112718813645,
                0.6043747829526799,
                0.17315627822112756,
                0.2223370597004287,
                8.90799857573664e-06
            ],
            [
                4.5087552418227166e-12,
                3.331544541817568e-11,
                0.999999999928606,
                3.331544541817568e-11,
                2.543665647110577e-13
            ],
            [
                1.1231838723855585e-07,
                7.719522336015219e-08,
                1.3414518378831566e-08,
                0.0019267343999420324,
                0.9980730626719291
            ],
            [
                1.1859989311436803e-08,
                9.236568962965473e-09,
                8.591347441493012e-10,
                9.61023977304233e-05,
                0.9999038756465766
            ]
        ],
        [
            [
                0.9999999993851088,
                5.905303979684098e-10,
                1.4637785093518467e-12,
                0.0,
                2.2897348381776633e-11
            ],
            [
                6.09535480106271e-05,
                0.2643719673321199,
                0.016900737565594855,
                0.7186375491369235,
                2.8792417351113858e-05
            ],
            [
                1.8189618667137625e-09,
                3.059020589009495e-07,
                0.9999995476784594,
                1.4449790103942037e-07,
                1.0261880642457489e-10
            ],
            [
                2.293441905615745e-07,
                7.445715734011871e-08,
                3.103836098832236e-08,
                0.03732687488460911,
                0.962672790275682
            ],
            [
                1.1051104908211427e-07,
                1.1051104908211427e-07,
                3.1661945668077644e-08,
                0.0179862027626982,
                0.982013544553258
            ]
        ],
        [
            [
                0.9999999850974102,
                1.3440409715267072e-08,
                1.2256067229015754e-11,
                3.331544483700592e-11,
                1.416608761782897e-09
            ],
            [
                0.9999999585966379,
                4.1399375442386934e-08,
                0.0,
                4.752192862411003e-13,
                3.5114219653292735e-12
            ],
            [
                3.7010116781873784e-13,
                2.734698291292401e-12,
                0.9999999999810518,
                1.5737102105139547e-11,
                1.0603575990362661e-13
            ],
            [
                5.31349452998647e-08,
                4.13815370079909e-08,
                4.361581911820332e-09,
                0.0004305571275631244,
                0.9995693439943727
            ],
            [
                2.692903196244801e-07,
                8.742576670180611e-08,
                1.950732532527326e-08,
                0.0024726217421444886,
                0.9975270020344438
            ]
        ],
        [
            [
                0.9999999999544875,
                4.277787861907481e-11,
                0.0,
                0.0,
                2.7346982870775973e-12
            ],
            [
                0.9959298576731012,
                0.004070137757108546,
                2.0527654340044395e-09,
                2.326087976051183e-09,
                1.909369283132289e-10
            ],
            [
                4.1937956578326254e-13,
                5.789356327975653e-12,
                0.9999999999601492,
                3.3315445417319406e-11,
                3.2661313423615064e-13
            ],
            [
                8.288898001339959e-07,
                2.095761620325566e-07,
                4.126795379248994e-08,
                0.00317268001780819,
                0.9968262402482758
            ],
            [
                8.764249393005168e-08,
                2.9989612264279806e-09,
                1.691898149165802e-10,
                8.764249393005168e-08,
                0.9999998215468612
            ]
        ],
        [
            [
                0.9999999992382256,
                7.582560417657974e-10,
                7.835041774469026e-13,
                0.0,
                2.7346982878937294e-12
            ],
            [
                0.9994472037182389,
                0.000552778570908672,
                8.147513478564281e-09,
                8.147513478564281e-09,
                1.415825546485769e-09
            ],
            [
                4.1937956581218024e-13,
                7.43368067189533e-12,
                0.9999999999718574,
                2.02068390889803e-11,
                8.258073285048396e-14
            ],
            [
                4.660882732400066e-07,
                4.660882732400066e-07,
                1.0399845023195144e-07,
                0.07585809987119481,
                0.9241408639538085
            ],
            [
                0.017930054306295032,
                6.014865955102073e-06,
                2.0581739488049487e-07,
                0.003115776217685639,
                0.9789479487926693
            ]
        ],
        [
            [
                0.9999999988518364,
                1.1032560295139533e-09,
                2.129785165493371e-12,
                0.0,
                4.277787857997446e-11
            ],
            [
                0.999999953061689,
                4.69116379577443e-08,
                7.433680314134536e-12,
                1.0815941036082086e-11,
                8.42346334855487e-12
            ],
            [
                1.0815941549052706e-11,
                1.1628233021369675e-10,
                0.9999999992815878,
                5.905303994448981e-10,
                7.835041779100434e-13
            ],
            [
                6.668773174048783e-08,
                2.779958254111833e-08,
                1.0226894890025996e-08,
                0.022977368022499396,
                0.9770225272632914
            ],
            [
                1.27506777921774e-07,
                2.5107597184924835e-08,
                3.850374733849967e-09,
                9.61023956489e-05,
                0.9999037411396013
            ]
        ],
        [
            [
                0.9999999999075597,
                9.056076967684411e-11,
                0.0,
                0.0,
                1.8795288119755246e-12
            ],
            [
                0.9770224936793962,
                0.022977367187063818,
                8.562873918647506e-08,
                5.193645566913374e-08,
                1.568345065437079e-09
            ],
            [
                8.878265477842342e-13,
                1.2256067443247303e-11,
                0.999999999953366,
                3.331544541934765e-11,
                1.7482341281494998e-13
            ],
            [
                0.035158885748817,
                0.000111903079747546,
                2.3224743261881362e-06,
                0.05796720307480631,
                0.9067596856223029
            ],
            [
                5.315785360800304e-08,
                2.9989608848704733e-09,
                2.7894681486898646e-10,
                8.31527942736335e-07,
                0.999999112036296
            ]
        ],
        [
            [
                0.9999999959184815,
                3.8507418902481755e-09,
                5.1090889849171675e-12,
                8.423463683332659e-12,
                2.1724399167328038e-10
            ],
            [
                0.9959297305920357,
                0.004070137723098595,
                3.211065372060569e-08,
                9.890777661998214e-08,
                6.664353566628243e-10
            ],
            [
                1.6586783583022955e-12,
                2.9400777381997906e-11,
                0.9999999997216309,
                2.4616969509071915e-10,
                1.1399918526237785e-12
            ],
            [
                3.3951711906691917e-09,
                5.310941311943901e-08,
                2.3801987630945884e-07,
                0.9990886544509614,
                0.0009110510245780173
            ],
            [
                1.8552127423620713e-07,
                4.690707925696606e-08,
                5.60225170838173e-09,
                9.610239930316776e-05,
                0.9999036595700916
            ]
        ],
        [
            [
                0.9999999950056939,
                4.944450464158693e-09,
                3.0988191150441214e-12,
                3.978962505434466e-12,
                4.2777878362829356e-11
            ],
            [
                0.9999251537160582,
                7.484619703909052e-05,
                4.2774700305465105e-11,
                3.331297009354089e-11,
                1.0815137935902963e-11
            ],
            [
                6.224144618335477e-11,
                4.058652123494175e-10,
                0.9999999993138657,
                2.1724399334831254e-10,
                7.835041779308706e-13
            ],
            [
                1.872440957362994e-06,
                3.0871332345344796e-06,
                1.002245421655582e-06,
                0.2689398182047894,
                0.731054219975597
            ],
            [
                1.274640978772766e-07,
                4.138153387546404e-08,
                5.600381607801408e-09,
                0.00043055709510442204,
                0.9995692684588823
            ]
        ],
        [
            [
                0.9999999865366487,
                1.3440409751142258e-08,
                0.0,
                2.734698250899673e-12,
                2.020683878954521e-11
            ],
            [
                0.9980732648985903,
                0.001926734334004205,
                3.574847916844732e-10,
                2.784094356999858e-10,
                1.3151130539217348e-10
            ],
            [
                8.878265477411916e-13,
                7.433680671474924e-12,
                0.9999999999619076,
                2.940077738937508e-11,
                3.7010116781559083e-13
            ],
            [
                9.603405409327162e-05,
                1.7589250557935277e-06,
                6.018704826162723e-08,
                0.0007096010131029247,
                0.9991925458206997
            ],
            [
                0.00020337371361905197,
                7.334801383730931e-07,
                3.651782579565149e-08,
                0.0002611370173730366,
                0.9995347192710438
            ]
        ],
        [
            [
                0.9999999999509162,
                4.847368703506164e-11,
                0.0,
                0.0,
                6.101936674125846e-13
            ],
            [
                0.9999938557660161,
                6.144172120685983e-06,
                2.0206726045348953e-11,
                2.940061291352473e-11,
                1.2255998878917952e-11
            ],
            [
                1.3615261079844687e-13,
                3.978962535529844e-12,
                0.9999999999849862,
                1.0815941556450103e-11,
                8.25807328491794e-14
            ],
            [
                7.658002858097099e-06,
                1.5079501715064056e-06,
                2.040788635675181e-07,
                0.02931195560288999,
                0.9706786743652169
            ],
            [
                2.509218060318236e-08,
                1.343087643431589e-08,
                2.644696378141674e-09,
                0.0007096703141176247,
                0.999290288518129
            ]
        ],
        [
            [
                0.9999999988680632,
                1.1032560285179807e-09,
                2.7346982821092267e-12,
                0.0,
                2.594609489279581e-11
            ],
            [
                0.9999999804349173,
                1.9555680669670945e-08,
                1.8795287763471556e-12,
                2.4133627202257575e-12,
                5.109088918810339e-12
            ],
            [
                3.1608813359438523e-10,
                1.186111970716428e-08,
                0.9999999626834007,
                2.5109990617111708e-08,
                2.94007762918337e-11
            ],
            [
                4.442274075613939e-07,
                3.4596465287059375e-07,
                1.8518153431259057e-07,
                0.11920280575473499,
                0.8807962188716703
            ],
            [
                0.00015479531161397055,
                6.002065583896266e-06,
                6.326130583121198e-07,
                0.022973661279794243,
                0.9768649087299496
            ]
        ],
        [
            [
                0.9999999983327663,
                1.6052280495894732e-09,
                3.098819127918737e-12,
                3.978962521965799e-12,
                5.49278833180575e-11
            ],
            [
                0.9999998874191929,
                1.1253518371403616e-07,
                5.789356791465699e-12,
                1.3887944975007694e-11,
                2.5946097056599272e-11
            ],
            [
                0.03598268432758217,
                0.035982682892717444,
                0.928005557991128,
                2.8956450178803186e-05,
                1.183383935500406e-07
            ],
            [
                2.5080601556229582e-08,
                2.5080601556229582e-08,
                3.846234820106449e-09,
                0.0011695102826250689,
                0.9988304357099371
            ],
            [
                1.0129940101256003e-05,
                1.855363248591123e-07,
                5.602711540538458e-09,
                4.7850448851032635e-06,
                0.9999848938759772
            ]
        ],
        [
            [
                0.9999999992336188,
                7.58256041702684e-10,
                0.0,
                6.914400097014307e-13,
                7.433680661680844e-12
            ],
            [
                6.414165758180298e-08,
                0.0001912037688166078,
                0.060074424605676774,
                0.939722084235854,
                1.2223247995107505e-05
            ],
            [
                5.384940216982206e-13,
                8.423463753261303e-12,
                0.9999999999729512,
                1.783247290559044e-11,
                2.543665647012336e-13
            ],
            [
                1.6193863900214632e-07,
                1.261179388643891e-07,
                4.639624111800802e-08,
                0.010986941295096543,
                0.9890127242520844
            ],
            [
                1.4446028679656311e-07,
                8.761959305299564e-08,
                9.235037164211857e-09,
                0.0002611903257326733,
                0.9997385683593503
            ]
        ],
        [
            [
                0.999999998697862,
                1.2501528618390227e-09,
                0.0,
                3.5114221006029028e-12,
                4.847368688636832e-11
            ],
            [
                0.9999999748884989,
                2.5109990902442648e-08,
                3.701011582051334e-13,
                0.0,
                1.1399918233075298e-12
            ],
            [
                5.384940217141614e-13,
                4.508755241782051e-12,
                0.9999999999768321,
                1.7832472906118326e-11,
                2.8823507931165817e-13
            ],
            [
                3.0385483755939055e-07,
                2.0883617216334154e-07,
                8.705586850993925e-08,
                0.006692848201720236,
                0.9933065520514016
            ],
            [
                5.798670665554056e-05,
                4.75983873602447e-06,
                2.3697841657045739e-07,
                0.005219797012505665,
                0.9947172194636862
            ]
        ],
        [
            [
                0.9999999993276445,
                6.691586081044135e-10,
                7.835041773064457e-13,
                0.0,
                2.4133627681369747e-12
            ],
            [
                0.9999921107279266,
                7.889265045938791e-06,
                2.4133444846066196e-12,
                1.8795145744326916e-12,
                2.7346775694493487e-12
            ],
            [
                1.87952881634322e-12,
                1.3887943863516776e-11,
                0.9999999999507192,
                3.3315445418192366e-11,
                1.9810087978425414e-13
            ],
            [
                8.31425613230617e-07,
                6.022826941447944e-08,
                8.151009900059591e-09,
                0.00012339450181835288,
                0.9998757056932892
            ],
            [
                1.444871435031012e-07,
                2.2157842232791476e-08,
                2.6463768682479637e-09,
                7.484619333430154e-05,
                0.9999249845153031
            ]
        ],
        [
            [
                0.9999999987137971,
                1.2501528610296329e-09,
                2.7346982798732444e-12,
                0.0,
                3.331544527890198e-11
            ],
            [
                0.9997965724217435,
                0.00020342706055577996,
                1.916780458723615e-10,
                2.4611948272115097e-10,
                7.990329733038239e-11
            ],
            [
                3.1608814401358727e-10,
                1.4166087802891382e-09,
                0.9999999956172181,
                2.6465736270381737e-09,
                3.5114220976263766e-12
            ],
            [
                9.208142672934083e-09,
                4.9287636011213705e-09,
                8.564906873018773e-10,
                0.003172683023638036,
                0.9968273019829651
            ],
            [
                3.398268061244783e-09,
                1.8189618169523419e-09,
                1.9171716501441664e-10,
                8.315279852505108e-07,
                0.9999991630630677
            ]
        ],
        [
            [
                0.9999999986876758,
                1.2501528618262882e-09,
                2.7346982816159213e-12,
                4.508755225847259e-12,
                5.492788330917446e-11
            ],
            [
                0.999999958584983,
                4.1399375363729265e-08,
                5.109088802948737e-12,
                3.0988190021829257e-12,
                7.433680344812395e-12
            ],
            [
                1.6586783587183657e-12,
                1.225606744265222e-11,
                0.9999999999524434,
                3.3315445417730056e-11,
                3.2661313424017653e-13
            ],
            [
                2.2149939009416363e-08,
                2.5099169124044702e-08,
                4.361581596014902e-09,
                0.0004305570984800108,
                0.9995693912908303
            ],
            [
                3.0582243041277154e-07,
                4.6899388676386024e-08,
                4.943159198916568e-09,
                0.0002611903274768483,
                0.999738452007545
            ]
        ],
        [
            [
                0.9999999998461817,
                1.4930946743202334e-10,
                0.0,
                0.0,
                4.508755236626985e-12
            ],
            [
                0.999999931730883,
                6.825604220923492e-08,
                2.1297854344918015e-12,
                3.5114225478739474e-12,
                7.433681592183267e-12
            ],
            [
                7.052880565998495e-11,
                4.363462695228216e-09,
                0.9999999078975713,
                8.76424910779583e-08,
                2.594609761268452e-11
            ],
            [
                1.6517859953963428e-05,
                3.6856327368371956e-06,
                2.669863399739697e-07,
                0.010986716369837802,
                0.9889928131511315
            ],
            [
                2.752382459516592e-05,
                4.4488118988959113e-07,
                3.222705457058178e-08,
                0.000430545056187145,
                0.9995414540109733
            ]
        ],
        [
            [
                0.99999999912404,
                8.592166600906194e-10,
                0.0,
                1.006039277144364e-12,
                1.5737102073404046e-11
            ],
            [
                0.9999785548883986,
                2.1444939738836698e-05,
                1.1627990045035656e-10,
                3.775055658539155e-11,
                1.7832100278296014e-11
            ],
            [
                3.398268261259238e-09,
                1.1253518934847917e-07,
                0.9999996984368212,
                1.855391603811041e-07,
                9.056078166934496e-11
            ],
            [
                0.0002764407870626663,
                7.920161154126029e-05,
                1.0718772530732633e-05,
                0.4998168189765797,
                0.4998168198522857
            ],
            [
                3.5875293910086892e-06,
                1.4955047475918917e-06,
                3.7812281590521325e-07,
                0.037326685407630705,
                0.9626678534354147
            ]
        ],
        [
            [
                0.9999999988568629,
                1.1032560281625327e-09,
                2.1297851628845154e-12,
                0.0,
                3.77513452997243e-11
            ],
            [
                0.9999999468177928,
                5.315784959303718e-08,
                5.109088744417942e-12,
                3.5114219184300807e-12,
                1.5737101233173612e-11
            ],
            [
                1.8189616445034857e-09,
                8.152020521535425e-09,
                0.9999999765790631,
                1.3440409633039407e-08,
                9.545034696937269e-12
            ],
            [
                2.850103917551001e-06,
                1.7286754093617696e-06,
                2.3395077615014248e-07,
                0.017986125517766245,
                0.9820090617521307
            ],
            [
                1.3006962661675362e-05,
                1.6373349612719738e-07,
                6.348630553321612e-09,
                1.3006962661675362e-05,
                0.9999738159925499
            ]
        ],
        [
            [
                0.9999999990128321,
                9.73620027763073e-10,
                1.2917800000920014e-12,
                0.0,
                1.2256067399564101e-11
            ],
            [
                0.999999984710478,
                1.5229979466179407e-08,
                4.5087551598365324e-12,
                1.2256067219954604e-11,
                4.277787790734748e-11
            ],
            [
                7.287724095275297e-14,
                1.4637785140165644e-12,
                0.9999999999875413,
                1.081594155647774e-11,
                1.0603575990731757e-13
            ],
            [
                2.6061415474601774e-07,
                3.34635198642479e-07,
                2.2999118433306314e-07,
                0.14804707587813512,
                0.8519520988813273
            ],
            [
                0.00011754101235323461,
                1.5907446198743198e-05,
                2.1528387368780884e-06,
                0.04741944040631078,
                0.9524449582964003
            ]
        ],
        [
            [
                0.9999999959691699,
                3.85074189930896e-09,
                5.789356293461987e-12,
                5.109088996938838e-12,
                1.6918979123081157e-10
            ],
            [
                0.9999999677563582,
                3.224186630158078e-08,
                8.878265183547989e-13,
                0.0,
                8.878265183547989e-13
            ],
            [
                5.10908956593823e-12,
                5.9053046206429e-10,
                0.9999999117359228,
                8.764249142126556e-08,
                2.5946097714318827e-11
            ],
            [
                2.5563448402632833e-06,
                1.3683127909864748e-06,
                4.4422612371174894e-07,
                0.11920240436744704,
                0.880793226748798
            ],
            [
                1.0128375336569127e-05,
                8.313876755646074e-07,
                4.139235504353459e-08,
                0.00015843444697484133,
                0.999830564397658
            ]
        ],
        [
            [
                0.9999999927385165,
                7.194132964999453e-09,
                0.0,
                5.109088981670522e-12,
                6.224144566389778e-11
            ],
            [
                0.9999999981695953,
                1.8189616816468526e-09,
                1.1399918493427864e-12,
                1.879528810436228e-12,
                8.423463727117547e-12
            ],
            [
                1.9810087978494354e-13,
                1.4637785139784646e-12,
                0.9999999999898321,
                8.423463753620164e-12,
                8.258073284724096e-14
            ],
            [
                2.5310506343831957e-06,
                1.5351598110385192e-06,
                1.3547737782138458e-06,
                0.6791750172344398,
                0.3208195617813365
            ],
            [
                1.4166088901212198e-09,
                2.3355932094057553e-09,
                1.917171653800588e-10,
                8.315279868363975e-07,
                0.9999991645280939
            ]
        ],
        [
            [
                0.9999999994666027,
                5.211412474367264e-10,
                0.0,
                0.0,
                1.225606741230049e-11
            ],
            [
                7.193941100683026e-09,
                3.726553750062496e-06,
                1.3006950637133647e-05,
                0.9999731294783302,
                1.0129823341570793e-05
            ],
            [
                2.7346982868826364e-12,
                7.052879838966875e-11,
                0.9999999983157193,
                1.6052280524213575e-09,
                5.789356318761195e-12
            ],
            [
                3.7114694517230707e-06,
                4.4327181325054074e-07,
                7.702916446967648e-08,
                0.0040701204780256945,
                0.9959256477515448
            ],
            [
                9.607701838640379e-05,
                2.901274562287379e-06,
                8.761090037081126e-08,
                0.00026116441321228696,
                0.9996397696829387
            ]
        ],
        [
            [
                0.9999999973218958,
                2.6465736275729633e-09,
                0.0,
                2.129785161833208e-12,
                2.9400777266911434e-11
            ],
            [
                0.9999999827369824,
                1.7257827675209812e-08,
                5.384940120166888e-13,
                1.1399918323851559e-12,
                3.5114220497416975e-12
            ],
            [
                3.0988191384147804e-12,
                9.545034921894864e-12,
                0.9999999999714442,
                1.5737102105303597e-11,
                1.748234128097834e-13
            ],
            [
                7.556696216149077e-08,
                1.245889766950921e-07,
                5.1936362924395675e-08,
                0.022977364531637443,
                0.9770223833760608
            ],
            [
                6.023540354180048e-08,
                2.2159366593693877e-08,
                1.605219132080093e-09,
                6.1441723394769694e-06,
                0.9999937718276712
            ]
        ],
        [
            [
                0.9999999973334641,
                2.6465736270379176e-09,
                0.0,
                2.129785161402639e-12,
                1.7832472828158877e-11
            ],
            [
                1.8032358431953066e-05,
                0.12894842982909688,
                0.12894843759639335,
                0.7420469257129779,
                3.8174503100010346e-05
            ],
            [
                2.0206838764846596e-11,
                7.582560305815624e-10,
                0.9999999839776696,
                1.522997949947569e-08,
                1.3887943641336878e-11
            ],
            [
                6.119298387252336e-05,
                2.372709474516434e-06,
                1.1207885951332723e-06,
                0.18241371445175877,
                0.817521599066299
            ],
            [
                1.8553066181720009e-07,
                4.139748628371603e-08,
                2.646452757451979e-09,
                4.53978561343103e-05,
                0.9999543725692648
            ]
        ],
        [
            [
                0.9999999880861449,
                1.1861119988457242e-08,
                6.560200078063752e-12,
                8.423463638790763e-12,
                3.775134492435867e-11
            ],
            [
                0.9999999677472804,
                3.2241866304976676e-08,
                1.8795287543042447e-12,
                2.4133626919220995e-12,
                6.560199950932848e-12
            ],
            [
                9.056076479096766e-11,
                2.998960655777724e-09,
                0.9999999437232284,
                5.315784954723689e-08,
                2.940077573524682e-11
            ],
            [
                5.027471320586001e-07,
                3.9153986013414074e-07,
                7.709869624114798e-08,
                0.0031726803571728046,
                0.9968263482571388
            ],
            [
                2.3823447624370043e-07,
                3.6534475047645475e-08,
                2.9989323340108436e-09,
                1.0129987699600396e-05,
                0.9999895922444167
            ]
        ],
        [
            [
                0.9999999999437803,
                5.4927883464809405e-11,
                0.0,
                0.0,
                1.2917800037338725e-12
            ],
            [
                0.9999996940805896,
                3.0590235877844036e-07,
                7.43368160250574e-12,
                4.508755806461472e-12,
                5.109089667347889e-12
            ],
            [
                2.543665647154147e-13,
                2.734698291352368e-12,
                0.9999999999829481,
                1.3887943863747707e-11,
                1.7482341281179454e-13
            ],
            [
                7.857072465905866e-05,
                1.7531498376153943e-05,
                2.0938388892272404e-06,
                0.1824076057668223,
                0.8174941981712534
            ],
            [
                8.718497315387607e-08,
                6.789972536429809e-08,
                1.0412760132021682e-08,
                0.005220125450242981,
                0.9947797090522984
            ]
        ],
        [
            [
                0.99999999857408,
                1.4166087823492453e-09,
                8.878265451548322e-13,
                0.0,
                8.423463728935882e-12
            ],
            [
                0.999999912353697,
                8.764249139625965e-08,
                5.384940783133599e-13,
                5.384940783133599e-13,
                2.734698578715308e-12
            ],
            [
                1.6373741059442253e-07,
                1.370956553878503e-06,
                0.9999979606432171,
                5.0434673091115e-07,
                3.160875615372177e-10
            ],
            [
                4.5625808064522026e-07,
                3.553341504891537e-07,
                1.4812531163365566e-07,
                0.09534937921392297,
                0.9046496610685343
            ],
            [
                2.6465689288755256e-09,
                2.6465689288755256e-09,
                1.6918949115913932e-10,
                1.3709566465262795e-06,
                0.9999986235810261
            ]
        ],
        [
            [
                0.9999999979225449,
                2.061153613342588e-09,
                2.413362761182928e-12,
                0.0,
                1.3887943803675855e-11
            ],
            [
                0.9999986290350186,
                1.370956654003477e-06,
                3.0988136407404097e-12,
                2.1297813922521028e-12,
                3.0988136407404097e-12
            ],
            [
                1.2917800042099458e-12,
                5.4927883485052556e-11,
                0.9999999996245934,
                3.1608814529041443e-10,
                3.098819137339953e-12
            ],
            [
                3.9589044358182075e-05,
                3.4937209022379836e-05,
                1.2852680931242967e-05,
                0.6791193464652685,
                0.32079327460041973
            ],
            [
                2.1017282158602403e-07,
                6.823312509956892e-08,
                6.346669278383706e-09,
                0.0003353500384069406,
                0.9996643652089772
            ]
        ],
        [
            [
                0.9999999936053232,
                6.348800067508185e-09,
                0.0,
                3.0988191150318813e-12,
                4.277787836266039e-11
            ],
            [
                0.9999999895292385,
                1.0467401670314777e-08,
                6.914400024746169e-13,
                5.384940153741257e-13,
                2.1297851456382403e-12
            ],
            [
                5.67568523202544e-14,
                7.835041784226061e-13,
                0.9999999999956215,
                3.511422113000799e-12,
                2.6810038674949432e-14
            ],
            [
                1.466148274416828e-08,
                2.7391255866754672e-08,
                1.8825716489840803e-08,
                0.03732688162172183,
                0.9626730574998231
            ],
            [
                0.005219881816970492,
                1.7510752640207164e-06,
                3.6342373012959656e-08,
                4.516082627968285e-05,
                0.9947331699391128
            ]
        ],
        [
            [
                0.9999999984767933,
                1.4166087807362487e-09,
                3.97896251924584e-12,
                0.0,
                1.0261879588912107e-10
            ],
            [
                0.9997388068544508,
                0.00026119032541296807,
                6.689838475589321e-10,
                2.0606153189050342e-09,
                9.0537118490107e-11
            ],
            [
                2.7346982891446207e-12,
                1.0261879622518637e-10,
                0.9999999991345108,
                7.58256042112635e-10,
                1.8795288148571116e-12
            ],
            [
                2.2043817817564506e-08,
                4.1183273524037285e-08,
                1.9453600945139792e-08,
                0.005220126501438212,
                0.9947797908178695
            ],
            [
                3.0588834571811816e-07,
                4.690949711585202e-08,
                4.944224620597815e-09,
                4.539785572068703e-05,
                0.9999542444022119
            ]
        ],
        [
            [
                0.9999999988656847,
                1.1032560300179615e-09,
                1.6586783554178444e-12,
                0.0,
                2.940077733086979e-11
            ],
            [
                0.9999832984044718,
                1.670141508726625e-05,
                1.0261704089724343e-10,
                5.492694390105016e-11,
                2.28969567693599e-11
            ],
            [
                2.102416082075483e-07,
                7.889258144617546e-06,
                0.9999917147934905,
                1.855375680375654e-07,
                1.6918852357697256e-10
            ],
            [
                1.8495048654946198e-07,
                6.803948163620243e-08,
                1.720307503566189e-08,
                0.003172681467493571,
                0.9968270483394631
            ],
            [
                4.139921899439269e-08,
                7.1941055404241895e-09,
                5.905281433859022e-10,
                3.7266389319573034e-06,
                0.9999962241772155
            ]
        ],
        [
            [
                0.9999999988295538,
                9.736200278874065e-10,
                0.0,
                5.109089010150659e-12,
                1.9171715070366335e-10
            ],
            [
                0.9999999715155476,
                2.8453347257781036e-08,
                3.098819048103961e-12,
                5.109088878659724e-12,
                2.2897347786875045e-11
            ],
            [
                1.4637785125628334e-12,
                3.3315445386088685e-11,
                0.9999999989870918,
                9.7362003026129e-10,
                4.508755237480214e-12
            ],
            [
                2.4012976435209207e-05,
                1.4564606438911363e-05,
                6.879832935578146e-06,
                0.32080673001729526,
                0.6791478125668952
            ],
            [
                7.454137685470161e-05,
                2.8902828382269132e-06,
                1.2699016521604946e-07,
                0.0040698212973131745,
                0.9958526200528286
            ]
        ],
        [
            [
                0.9999999468140996,
                5.3157849607429475e-08,
                5.109088745801208e-12,
