{
    "[['A', 'B', 'C', 'D', 'E'], ['A', 'B', 'C', 'D', 'E']]": [
        [
            [
                0.999999999992552,
                6.5602001608673385e-12,
                0.0,
                0.0,
                8.878265468598534e-13
            ],
            [
                0.9999999999377585,
                6.224144617172494e-11,
                0.0,
                0.0,
                0.0
            ],
            [
                9.177709289137302e-08,
                0.0758571332716719,
                0.9241291488452367,
                1.3620928289259297e-05,
                5.177709275810833e-09
            ],
            [
                5.091114872962788e-11,
                1.0225777576108397e-09,
                7.028067295360436e-10,
                0.4378234984736912,
                0.5621764997500133
            ],
            [
                5.789356181240593e-12,
                7.052879671432485e-11,
                1.0815941281737989e-11,
                2.5109990917735867e-08,
                0.999999974802875
            ]
        ],
        [
            [
                0.9999999999886455,
                1.0815941546632266e-11,
                0.0,
                0.0,
                5.384940212450006e-13
            ],
            [
                0.9999999998831075,
                1.16282330160328e-10,
                0.0,
                0.0,
                6.101936670160055e-13
            ],
            [
                4.84736901774561e-11,
                4.139937984803423e-08,
                0.9999998708611849,
                8.764248782604288e-08,
                4.84736901774561e-11
            ],
            [
                5.789356313564347e-12,
                2.940077731582388e-11,
                2.7346982844278196e-12,
                2.3355930326808132e-09,
                0.9999999976264822
            ],
            [
                5.10908900167666e-12,
                3.3315445249601454e-11,
                4.5087552190086754e-12,
                4.363462230407939e-09,
                0.9999999955936045
            ]
        ],
        [
            [
                0.9999999999987081,
                1.2917800036738665e-12,
                0.0,
                0.0,
                0.0
            ],
            [
                0.9999999999791829,
                2.0206839070127737e-11,
                0.0,
                0.0,
                6.101936671537331e-13
            ],
            [
                5.675685232208386e-14,
                6.101936677149118e-13,
                0.9999999999957647,
                3.5114221131139837e-12,
                5.675685232208386e-14
            ],
            [
                7.410096473882843e-12,
                1.9110890688063222e-10,
                4.8319898770385985e-11,
                0.003172683087846257,
                0.9968273166653149
            ],
            [
                1.2256067399579758e-11,
                9.056076956776993e-11,
                9.545034888168632e-12,
                2.9989608139636897e-09,
                0.9999999968886772
            ]
        ],
        [
            [
                0.9999999999972653,
                2.734698289968932e-12,
                0.0,
                0.0,
                0.0
            ],
            [
                0.9999999999838927,
                1.5737102094676663e-11,
                0.0,
                0.0,
                3.701011675726744e-13
            ],
            [
                4.361049661250797e-09,
                0.0005527785721209034,
                0.9994471919085143,
                2.5096108050827724e-08,
                6.220703245684335e-11
            ],
            [
                1.721525942597711e-11,
                7.320114577043264e-10,
                5.7009109647737e-10,
                0.8519527952617719,
                0.14804720341891017
            ],
            [
                2.4133626428046144e-12,
                2.2897347232266264e-11,
                2.129785057088446e-12,
                5.3157849702200187e-08,
                0.9999999468147098
            ]
        ],
        [
            [
                0.9999999999930202,
                6.5602001642339935e-12,
                0.0,
                0.0,
                4.1937956558737093e-13
            ],
            [
                0.999999999868235,
                1.3176514257033984e-10,
                0.0,
                0.0,
                0.0
            ],
            [
                2.2081404115003672e-07,
                0.5621731748831592,
                0.43782090698059756,
                5.694869179748504e-06,
                2.4530224187310523e-09
            ],
            [
                2.331093838120144e-09,
                1.341451883886665e-08,
                8.747365093451015e-08,
                0.8807969995534369,
                0.11920289722729946
            ],
            [
                1.879528746555693e-12,
                2.5946094016673766e-11,
                2.7346981897666427e-12,
                3.6534820776853175e-08,
                0.9999999634346188
            ]
        ],
        [
            [
                0.999999999996021,
                3.978962532802862e-12,
                0.0,
                0.0,
                0.0
            ],
            [
                0.9999999999821676,
                1.7832472894302274e-11,
                0.0,
                0.0,
                0.0
            ],
            [
                2.5340828719620155e-07,
                0.2689409670295189,
                0.731057319105773,
                1.4582640076212903e-06,
                2.192413353613703e-09
            ],
            [
                9.533863445019078e-12,
                1.6899177307906253e-10,
                4.841695361706016e-11,
                0.0011695103482061596,
                0.9988304894248513
            ],
            [
                3.511422249959666e-12,
                4.8473688948174846e-11,
                5.789356553918204e-12,
                3.9278636982624413e-07,
                0.9999996071558557
            ]
        ],
        [
            [
                0.9999999999964886,
                3.511422111289687e-12,
                0.0,
                0.0,
                0.0
            ],
            [
                0.9999999999622486,
                3.775134536355449e-11,
                0.0,
                0.0,
                0.0
            ],
            [
                1.4158256314278647e-09,
                0.0005527786106290561,
                0.9994471425558671,
                7.730146024546974e-08,
                1.1621804500743693e-10
            ],
            [
                5.1090798025840405e-12,
                4.847359953379214e-11,
                1.2256045313325154e-11,
                1.760343133499789e-06,
                0.9999982395910277
            ],
            [
                1.081594269821013e-11,
                6.224145279464465e-11,
                5.7893569394234956e-12,
                8.764249143944283e-08,
                0.9999999122786618
            ]
        ],
        [
            [
                0.9999999999964886,
                3.5114221112895686e-12,
                0.0,
                0.0,
                0.0
            ],
            [
                0.9999999999934397,
                6.5602001637192585e-12,
                0.0,
                0.0,
                0.0
            ],
            [
                7.19266585769294e-09,
                0.00020342687814699844,
                0.9997964885208384,
                7.732844547909798e-08,
                7.990330011384449e-11
            ],
            [
                2.2896302412717848e-11,
                1.317591231348626e-10,
                2.5944909659921474e-11,
                4.5397855709573904e-05,
                0.9999546019636901
            ],
            [
                1.2917801088983224e-12,
                1.783247434537272e-11,
                2.4133629663406467e-12,
                1.1253518378914624e-07,
                0.9999998874432786
            ]
        ],
        [
            [
                0.9999999999981204,
                1.8795288155554362e-12,
                0.0,
                0.0,
                0.0
            ],
            [
                0.999999999979793,
                2.0206839070140067e-11,
                0.0,
                0.0,
                0.0
            ],
            [
                9.357622968045218e-14,
                8.878265477705424e-13,
                0.9999999999949667,
                3.978962535499215e-12,
                7.287724095200579e-14
            ],
            [
                8.847997634709817e-11,
                8.39474642388518e-10,
                3.9653974293856035e-10,
                0.022977367908116487,
                0.9770226307673892
            ],
            [
                3.978962444840541e-12,
                3.331544465975809e-11,
                3.5114220330722068e-12,
                2.2159489266590558e-08,
                0.999999977799705
            ]
        ],
        [
            [
                0.9999999999981204,
                1.8795288151099643e-12,
                0.0,
                0.0,
                0.0
            ],
            [
                0.9999999999740539,
                2.5946094966765508e-11,
                0.0,
                0.0,
                0.0
            ],
            [
                9.72916437158678e-10,
                1.2997897828527832e-05,
                0.9992773115207114,
                0.0007096611757574422,
                2.843278605495324e-08
            ],
            [
                1.4637729927448292e-12,
                2.9400666492941187e-11,
                3.0988074499579882e-12,
                3.7266391151212038e-06,
                0.9999962733269216
            ],
            [
                1.6586783530533824e-12,
                2.2897348375549007e-11,
                3.0988191277723183e-12,
                2.6465736295575946e-09,
                0.9999999973257716
            ]
        ],
        [
            [
                0.9999999999964886,
                3.5114221110133367e-12,
                0.0,
                0.0,
                0.0
            ],
            [
                0.9999999999923119,
                7.433680665907896e-12,
                0.0,
                0.0,
                2.543665645171807e-13
            ],
            [
                1.3176515196387472e-10,
                3.9278600757037354e-07,
                0.9999995193912653,
                8.764248835559013e-08,
                4.847369047034041e-11
            ],
            [
                6.008715947970918e-11,
                1.0650703860317497e-09,
                2.692919659078729e-10,
                0.14804720387486792,
                0.8519527947306826
            ],
            [
                8.87826591112351e-13,
                2.0206840074960557e-11,
                2.4133628894434425e-12,
                1.4449803165273596e-07,
                0.9999998554784604
            ]
        ],
        [
            [
                0.99999999999886,
                1.1399918524486304e-12,
                0.0,
                0.0,
                0.0
            ],
            [
                0.9999999999200804,
                7.99195988231852e-11,
                0.0,
                0.0,
                0.0
            ],
            [
                1.1647048122772226e-06,
                0.03732684047248411,
                0.9626719200970105,
                7.445715859388865e-08,
                2.6853444339719565e-10
            ],
            [
                2.9400779563248896e-11,
                1.9171716552864422e-10,
                1.5737103268596538e-11,
                2.3823698433714896e-07,
                0.9999997615261605
            ],
            [
                6.560200149933367e-12,
                7.052879831523372e-11,
                6.560200149933367e-12,
                2.3355930323124213e-09,
                0.9999999975807579
            ]
        ],
        [
            [
                0.9999999999837244,
                1.573710209308519e-11,
                0.0,
                0.0,
                5.384940213039561e-13
            ],
            [
                0.9999999999740539,
                2.5946094913423215e-11,
                0.0,
                0.0,
                0.0
            ],
            [
                0.0,
                1.5428112030317608e-13,
                0.9999999999988298,
                1.0060392791789011e-12,
                9.862862045556797e-15
            ],
            [
                5.109060448830045e-12,
                4.847341591048679e-11,
                5.78932394421667e-12,
                6.144172124277885e-06,
                0.999993855768504
            ],
            [
                1.6586782697056147e-12,
                2.9400775811584166e-11,
                3.5114219245218693e-12,
                5.315784968525805e-08,
                0.9999999468075795
            ]
        ],
        [
            [
                0.9999999999985363,
                1.4637785130132335e-12,
                0.0,
                0.0,
                0.0
            ],
            [
                0.9999999998830262,
                1.1628233014323702e-10,
                0.0,
                0.0,
                6.914400097487342e-13
            ],
            [
                4.5693559817350195e-09,
                3.039268899652254e-06,
                0.9241387092027878,
                0.07585792662237126,
                3.2033658525833824e-07
            ],
            [
                6.4679369702684755e-12,
                1.8902082549826686e-10,
                4.217624706481669e-11,
                0.014063627310658357,
                0.9859363724516766
            ],
            [
                6.560199855118709e-12,
                3.7751343641398534e-11,
                3.0988189908545293e-12,
                4.6911637979847154e-08,
                0.9999999530409516
            ]
        ],
        [
            [
                0.9999999999945208,
                5.109089024616541e-12,
                0.0,
                0.0,
                3.70101167609583e-13
            ],
            [
                0.9999999999985363,
                1.4637785131436525e-12,
                0.0,
                0.0,
                0.0
            ],
            [
                1.2501100308124747e-09,
                2.144467350534699e-05,
                0.9999655451633331,
                1.3006851968520142e-05,
                2.0610829985161197e-09
            ],
            [
                6.808767180922537e-11,
                1.206882860261407e-09,
                7.320114574302211e-10,
                0.1480472036111491,
                0.851952794381869
            ],
            [
                1.879528805779097e-12,
                1.7832472806058478e-11,
                2.413362758017118e-12,
                4.944450473632496e-09,
                0.9999999950334242
            ]
        ],
        [
            [
                0.9999999999985363,
                1.4637785132588827e-12,
                0.0,
                0.0,
                0.0
            ],
            [
                0.9999999999702727,
                2.940077737229694e-11,
                0.0,
                0.0,
                3.2661313405047944e-13
            ],
            [
                1.361773791840229e-06,
                0.9933004401500682,
                0.006692806591050472,
                5.385919825990581e-06,
                5.565263545587936e-09
            ],
            [
                3.131362657055001e-11,
                8.075890732945332e-10,
                1.5902371729902918e-10,
                0.06008665449080391,
                0.9399133445112696
            ],
            [
                1.5737101984415377e-11,
                1.0261879551856075e-10,
                8.423463688927211e-12,
                7.194132974349146e-09,
                0.9999999926790878
            ]
        ],
        [
            [
                0.9999999999978701,
                2.1297851696930043e-12,
                0.0,
                0.0,
                0.0
            ],
            [
                0.9999999999622486,
                3.775134540461034e-11,
                0.0,
                0.0,
                0.0
            ],
            [
                4.420228103316151e-14,
                7.835041784488275e-13,
                0.9999999999969982,
                2.129785170799181e-12,
                4.420228103316151e-14
            ],
            [
                2.618469289035251e-10,
                3.189948629995947e-09,
                3.614685355442549e-09,
                0.268941407864772,
                0.7310585850687471
            ],
            [
                1.1399919083269986e-12,
                2.5946096240991824e-11,
                3.0988192889956297e-12,
                1.4449803161819626e-07,
                0.9999998554717835
            ]
        ],
        [
            [
                0.9999999999989939,
                1.0060392787577602e-12,
                0.0,
                0.0,
                0.0
            ],
            [
                0.9999999999450722,
                5.492788345305088e-11,
                0.0,
                0.0,
                0.0
            ],
            [
                2.99867501753357e-09,
                9.61024007667829e-05,
                0.999903795235844,
                9.930247848286377e-08,
                6.22355144873142e-11
            ],
            [
                1.2207151536871718e-10,
                3.148265875566073e-09,
                4.580699819884091e-09,
                0.817574478692789,
                0.18242551345617383
            ],
            [
                3.331544522986787e-11,
                1.0261879572624487e-10,
                7.43368062955666e-12,
                4.944450473473557e-09,
                0.9999999949121816
            ]
        ],
        [
            [
                0.9999999999978701,
                2.129785168600404e-12,
                0.0,
                0.0,
                0.0
            ],
            [
                0.9999999999852243,
                1.388794385546558e-11,
                0.0,
                0.0,
                8.878265472387508e-13
            ],
            [
                6.80157725424568e-07,
                0.5621758210264175,
                0.43782296862545733,
                5.29707369172719e-07,
                4.830305969699308e-10
            ],
            [
                1.29170371911335e-12,
                5.492463976020481e-11,
                6.559812757541548e-12,
                5.829127753167662e-05,
                0.9999417086596922
            ],
            [
                1.2917799564447394e-12,
                2.289734759958625e-11,
                3.978962386935686e-12,
                3.6534820769996834e-08,
                0.9999999634370111
            ]
        ],
        [
            [
                0.9999999999975866,
                2.4133627704016114e-12,
                0.0,
                0.0,
                0.0
            ],
            [
                0.9999999999200804,
                7.991959871163908e-11,
                0.0,
                0.0,
                0.0
            ],
            [
                2.510956110325219e-08,
                1.670141447724435e-05,
                0.9999832615665719,
                1.1860916819183109e-08,
                4.84728560906356e-11
            ],
            [
                2.7634178465219234e-11,
                4.3227128115338457e-10,
                1.403379379946012e-10,
                0.06008665450823828,
                0.9399133448915183
            ],
            [
                1.1399918299611172e-12,
                2.0206838681061982e-11,
                2.413362722965998e-12,
                1.9555680691875345e-08,
                0.9999999804205593
            ]
        ],
        [
            [
                0.9999999999978701,
                2.1297851693357127e-12,
                0.0,
                0.0,
                0.0
            ],
            [
                0.9999999999969011,
                3.0988191372862706e-12,
                0.0,
                0.0,
                0.0
            ],
            [
                9.199855953071314e-09,
                0.004070137599386603,
                0.9959296898843965,
                1.6307119310765998e-07,
                2.4516785677384695e-10
            ],
            [
                1.463711643102452e-12,
                3.774962081636541e-11,
                3.978780761549327e-12,
                4.539785625782631e-05,
                0.9999546021005501
            ],
            [
                3.0988191289969293e-12,
                2.5946094901339108e-11,
                2.734698283009684e-12,
                2.6465736306034842e-09,
                0.9999999973216467
            ]
        ],
        [
            [
                0.9999999999969011,
                3.0988191356942573e-12,
                0.0,
                0.0,
                0.0
            ],
            [
                0.9999999998837177,
                1.1628233016039895e-10,
                0.0,
                0.0,
                0.0
            ],
            [
                3.0988191384202714e-12,
                4.277787868552716e-11,
                0.9999999999360027,
                1.7832472906411064e-11,
                2.882350793163898e-13
            ],
            [
                1.4791509845183116e-11,
                4.3227128126856187e-10,
                1.4033793803199378e-10,
                0.060086654473067505,
                0.9399133449395318
            ],
            [
                1.5737102065513166e-11,
                7.991959871954803e-11,
                1.0815941528866464e-11,
                2.061153617022811e-09,
                0.9999999978323737
            ]
        ],
        [
            [
                0.9999999999985363,
                1.463778513360509e-12,
                0.0,
                0.0,
                0.0
            ],
            [
                0.9999999999934397,
                6.560200163719037e-12,
                0.0,
                0.0,
                0.0
            ],
            [
                3.301932429472497e-07,
                0.04742585393451332,
                0.9525737083330049,
                1.0719805102787962e-07,
                3.4118789823479863e-10
            ],
            [
                2.2485503164988773e-11,
                3.517324487406674e-10,
                1.0077303377558215e-10,
                0.017986211580920765,
                0.9820137879440882
            ],
            [
                1.6586783168592283e-12,
                2.2897347875904123e-11,
                2.7346982222548968e-12,
                2.5109990920787896e-08,
                0.9999999748627184
            ]
        ],
        [
            [
                0.9999999999981204,
                1.87952881542521e-12,
                0.0,
                0.0,
                0.0
            ],
            [
                0.9999999999915765,
                8.423463749421492e-12,
                0.0,
                0.0,
                0.0
            ],
            [
                4.044807799406766e-08,
                0.02297735816894148,
                0.9770221081148786,
                4.927589358161094e-07,
                5.091661592223882e-10
            ],
            [
                1.779812078335082e-11,
                5.893928137560573e-10,
                2.45695478726349e-10,
                0.11920292368323854,
                0.880797075463875
            ],
            [
                3.0988193888492495e-12,
                3.775134848996681e-11,
                3.511422396808015e-12,
                1.1253518380276224e-07,
                0.9999998874204545
            ]
        ],
        [
            [
                0.9999999999790095,
                2.020683906453638e-11,
                0.0,
                0.0,
                7.835041775104928e-13
            ],
            [
                0.999999999987744,
                1.2256067434652915e-11,
                0.0,
                0.0,
                0.0
            ],
            [
                5.17518173804651e-07,
                0.3774862834074253,
                0.6223696764316624,
                0.00014349344633305593,
                2.9196405332951905e-08
            ],
            [
                5.287756621586182e-11,
                1.545309000753387e-09,
                1.7510645037139437e-09,
                0.9626731128961578,
                0.037326883754591186
            ],
            [
                3.9789553499480225e-12,
                6.224133382285804e-11,
                7.433667247343708e-12,
                1.7603431330225459e-06,
                0.9999982395832131
            ]
        ],
        [
            [
                0.99999999999886,
                1.1399918520631835e-12,
                0.0,
                0.0,
                0.0
            ],
            [
                0.9999999999200804,
                7.991959879482502e-11,
                0.0,
                0.0,
                0.0
            ],
            [
                5.905304709268422e-10,
                3.059023572975398e-07,
                0.9999996885448287,
                4.944451096685968e-09,
                1.7832475053140162e-11
            ],
            [
                1.5602102883365086e-11,
                4.5596028224748524e-10,
                2.440579520237109e-10,
                0.008577485692456284,
                0.9914225135919235
            ],
            [
                7.58256034414523e-10,
                4.5990553278452585e-10,
                7.052879773197013e-11,
                9.237449559921891e-09,
                0.9999999894738602
            ]
        ],
        [
            [
                0.9999999999985363,
                1.4637785131440108e-12,
                0.0,
                0.0,
                0.0
            ],
            [
                0.9999999999942106,
                5.789356323721155e-12,
                0.0,
                0.0,
                0.0
            ],
            [
                1.3059384014988608e-06,
                0.04742581043947638,
                0.9525727618498321,
                1.214711933560069e-07,
                3.0109669778513784e-10
            ],
            [
                1.7560041768613938e-09,
                6.129056811981743e-09,
                6.129056811981743e-09,
                0.14804720198956953,
                0.8519527839963128
            ],
            [
                3.098819388567956e-12,
                3.7751348486539954e-11,
                4.508755605818799e-12,
                1.1253518379254693e-07,
                0.9999998874194572
            ]
        ],
        [
            [
                0.9999999999842628,
                1.5737102077981583e-11,
                0.0,
                0.0,
                0.0
            ],
            [
                0.9999999998837177,
                1.1628233016039895e-10,
                0.0,
                0.0,
                0.0
            ],
            [
                5.983256984771128e-08,
                0.00669284565858385,
                0.9933065242043695,
                5.676756171255549e-07,
                2.628859649916779e-09
            ],
            [
                6.5600630904490015e-12,
                1.3176238942165405e-10,
                3.775055661506425e-11,
                2.1444939755692857e-05,
                0.9999785548841713
            ],
            [
                3.978962955808653e-12,
                5.4927889307073374e-11,
                5.1090895673172944e-12,
                8.764249144492234e-08,
                0.9999999122934926
            ]
        ],
        [
            [
                0.9999999999975866,
                2.4133627704016837e-12,
                0.0,
                0.0,
                0.0
            ],
            [
                0.999999999782756,
                2.1724399311187738e-10,
                0.0,
                0.0,
                0.0
            ],
            [
                3.847232823623103e-09,
                0.0009110510071187168,
                0.9990887345731871,
                2.1005179491661133e-07,
                5.20666343862226e-10
            ],
            [
                1.2308478817526678e-10,
                2.1817300733068697e-09,
                2.1817300733068697e-09,
                0.4999999979680628,
                0.49999999754539215
            ],
            [
                2.940077732644051e-11,
                9.056076969218929e-11,
                1.2256067416418087e-11,
                1.6052280515600643e-09,
                0.9999999982625543
            ]
        ],
        [
            [
                0.9999999999972653,
                2.7346982899686857e-12,
                0.0,
                0.0,
                0.0
            ],
            [
                0.999999999944462,
                5.492788345930129e-11,
                0.0,
                0.0,
                6.101936672023548e-13
            ],
            [
                2.0888608317270223e-06,
                0.07585799685358689,
                0.9241395926392529,
                3.203371835931672e-07,
                1.309144852586576e-09
            ],
            [
                1.463711643512011e-12,
                3.331392345350697e-11,
                3.098677573631093e-12,
                4.539785620725719e-05,
                0.9999546021059164
            ],
            [
                9.545034896856816e-12,
                2.940077731280895e-11,
                5.109089014155193e-12,
                1.8189616826014077e-09,
                0.9999999981369834
            ]
        ],
        [
            [
                0.9999999999985363,
                1.4637785132590709e-12,
                0.0,
                0.0,
                0.0
            ],
            [
                0.9999999985833912,
                1.4166087834192417e-09,
                0.0,
                0.0,
                0.0
            ],
            [
                2.594609590011113e-11,
                4.139937865156219e-08,
                0.999999126767773,
                8.315279554957469e-07,
                2.789468191492964e-10
            ],
            [
                8.997629198577862e-10,
                1.0961356337232404e-08,
                7.53362269158731e-09,
                0.07585817442378495,
                0.9241418061814731
            ],
            [
                5.109089015790994e-12,
                3.7751345352110036e-11,
                5.789356314824279e-12,
                1.2501528633838021e-09,
                0.9999999987011974
            ]
        ],
        [
            [
                0.9999999999983413,
                1.6586783579314385e-12,
                0.0,
                0.0,
                0.0
            ],
            [
                0.9999999998082829,
                1.9171715117434915e-10,
                0.0,
                0.0,
                0.0
            ],
            [
                1.3086793666110377e-07,
                0.37754054846397594,
                0.6224591298398391,
                1.9041172429070457e-07,
                4.1652395568380453e-10
            ],
            [
                2.4133584136172048e-12,
                4.27778014384628e-11,
                5.10907980171996e-12,
                1.7603431332020686e-06,
                0.9999982396065665
            ],
            [
                3.775134535662441e-11,
                1.026187960827939e-10,
                1.5737102070943332e-11,
                1.605228051521716e-09,
                0.9999999982386647
            ]
        ],
        [
            [
                0.999999999987744,
                1.2256067432006915e-11,
                0.0,
                0.0,
                0.0
            ],
            [
                0.9999999999730478,
                2.5946094949628778e-11,
                0.0,
                0.0,
                1.006039277998499e-12
            ],
            [
                3.266131342187462e-13,
                1.0261879629816792e-10,
                0.9999999998590787,
                3.775134543585609e-11,
                2.2447770546086107e-13
            ],
            [
                1.4700381656905434e-11,
                4.868097825336935e-10,
                2.952650585547248e-10,
                0.4999999997881151,
                0.4999999994151096
            ],
            [
                2.289734793433846e-11,
                9.056076783171561e-11,
                8.423463562392512e-12,
                2.2159489268073944e-08,
                0.9999999777186291
            ]
        ],
        [
            [
                0.9999999999981204,
                1.879528815425018e-12,
                0.0,
                0.0,
                0.0
            ],
            [
                0.9999999999821676,
                1.783247289045974e-11,
                0.0,
                0.0,
                0.0
            ],
            [
                1.4374360951608826e-07,
                0.005220124015023876,
                0.9947794266925158,
                3.0430522373352464e-07,
                1.243627082944229e-09
            ],
            [
                2.413132735491653e-12,
                4.8469066659270456e-11,
                5.788804500234166e-12,
                9.610240015099671e-05,
                0.999903897543178
            ],
            [
                4.508755140886102e-12,
                4.277787772755081e-11,
                5.789356198519273e-12,
                2.2159489274965546e-08,
                0.9999999777874347
            ]
        ],
        [
            [
                0.99999999999886,
                1.1399918524486304e-12,
                0.0,
                0.0,
                0.0
            ],
            [
                0.9999999999705993,
                2.94007773696774e-11,
                0.0,
                0.0,
                0.0
            ],
            [
                3.3981515693374813e-09,
                2.7535533624882302e-05,
                0.9999663158100861,
                6.144008027492462e-06,
                1.2501101003437326e-09
            ],
            [
                2.9053815793176498e-11,
                1.3998912405677852e-09,
                9.621302411156325e-10,
                0.3208212873318416,
                0.6791787102770831
            ],
            [
                6.560200015996939e-12,
                4.8473685938407133e-11,
                5.789356194452712e-12,
                2.215948925940027e-08,
                0.9999999777796876
            ]
        ],
        [
            [
                0.9999999999983413,
                1.658678357931502e-12,
                0.0,
                0.0,
                0.0
            ],
            [
                0.9999999999975866,
                2.4133627702124673e-12,
                0.0,
                0.0,
                0.0
            ],
            [
                3.166194488138635e-08,
                0.017986194171104898,
                0.9820127247122277,
                1.0484986147116375e-06,
                9.561078894795384e-10
            ],
            [
                1.545404525218848e-11,
                3.517324487104246e-10,
                8.893189016335747e-11,
                0.01798621159673445,
                0.9820137879471472
            ],
            [
                6.224144607168693e-11,
                1.6918979183368024e-10,
                2.2897348398554658e-11,
                1.605228051126447e-09,
                0.9999999981404433
            ]
        ],
        [
            [
                0.9999999999897635,
                9.545034914541667e-12,
                0.0,
                0.0,
                6.914400100928456e-13
            ],
            [
                0.99999999999886,
                1.1399918519324413e-12,
                0.0,
                0.0,
                0.0
            ],
            [
                3.3313922843434325e-11,
                1.5229283706124342e-08,
                0.9999545838836779,
                4.539785490069581e-05,
                2.998823766732881e-09
            ],
            [
                8.500925183657047e-11,
                1.707456466575995e-09,
                1.329768433229719e-09,
                0.2689414090251351,
                0.7310585878526308
            ],
            [
                1.658678279805824e-12,
                2.020683812648448e-11,
                1.8795287268975138e-12,
                4.691163798095734e-08,
                0.9999999530646169
            ]
        ],
        [
            [
                0.9999999999981204,
                1.8795288155555085e-12,
                0.0,
                0.0,
                0.0
            ],
            [
                0.9999999999511562,
                4.8473687023579446e-11,
                0.0,
                0.0,
                3.701011675605586e-13
            ],
            [
                5.6756852321051635e-14,
                4.193795657989728e-13,
                0.9999999999976099,
                1.8795288163643797e-12,
                3.442477108149996e-14
            ],
            [
                1.1399875412950633e-12,
                2.940066619136485e-11,
                1.8795217076663118e-12,
                2.9023121991698628e-06,
                0.9999970976553806
            ],
            [
                9.545034865951362e-12,
                6.224144585811321e-11,
                6.5602001290543954e-12,
                5.602796404144097e-09,
                0.9999999943188569
            ]
        ],
        [
            [
                0.9999999999872056,
                1.2256067433412056e-11,
                0.0,
                0.0,
                5.384940213058307e-13
            ],
            [
                0.9999999999284652,
                7.052879834134977e-11,
                0.0,
                0.0,
                1.0060392768616518e-12
            ],
            [
                2.7894523028433744e-10,
                4.78509030555789e-06,
                0.9999941467410669,
                1.0676979662038308e-06,
                1.9171606614430393e-10
            ],
            [
                8.878198205200233e-13,
                2.2897174956432734e-11,
                2.4133444850653502e-12,
                7.889265047438389e-06,
                0.9999921107087543
            ],
            [
                1.573710198539526e-11,
                9.056076919773067e-11,
                1.2256067349500389e-11,
                7.194132974797094e-09,
                0.9999999926873132
            ]
        ],
        [
            [
