{
    "[['A', 'B', 'C', 'D', 'E'], ['A', 'B', 'C', 'D', 'E']]": [
        [
            [
                0.9999999991083202,
                1.3176514218830384e-10,
                0.0,
                1.6586783524609098e-12,
                7.582560398410888e-10
            ],
            [
                0.9046504740380671,
                0.09534945220234643,
                6.174787795679145e-08,
                1.0730172252248464e-08,
                1.2815363220992262e-09
            ],
            [
                7.991959449896002e-11,
                2.0611535081724116e-09,
                0.9999999446526036,
                5.3157849597281465e-08,
                4.847368437542037e-11
            ],
            [
                0.9999999997810989,
                1.1628232988159686e-10,
                0.0,
                0.0,
                1.0261879594582937e-10
            ],
            [
                0.9999999993340765,
                5.905303982839819e-10,
                2.734698284134141e-12,
                2.1297851651476965e-12,
                7.052879831878412e-11
            ]
        ],
        [
            [
                0.9999999988924837,
                2.4616969383474935e-10,
                0.0,
                2.129785159303776e-12,
                8.59216657216655e-10
            ],
            [
                0.9999532711456509,
                4.539781126541465e-05,
                5.3155321346309085e-08,
                1.067654187759089e-06,
                2.1023357465041534e-07
            ],
            [
                6.958156428281472e-06,
                0.00015836691035203495,
                0.9994039509435606,
                0.00043048589463913923,
                2.3809501989401496e-07
            ],
            [
                0.9999999996273254,
                3.16088144575318e-10,
                1.6586783544220864e-12,
                0.0,
                5.492788336078743e-11
            ],
            [
                0.9999999980769558,
                1.0261879577095227e-10,
                0.0,
                1.4637785063366867e-12,
                1.8189616778737832e-09
            ]
        ],
        [
            [
                0.9999999996664737,
                1.1628232981565324e-10,
                0.0,
                0.0,
                2.1724399259889455e-10
            ],
            [
                0.9999999959905923,
                2.99896080489628e-09,
                3.511422090004552e-12,
                3.331544519991714e-11,
                9.736200248205597e-10
            ],
            [
                6.348799773720339e-09,
                2.510999020352474e-08,
                0.9999999463267937,
                2.2159488578540116e-08,
                5.4927880547869626e-11
            ],
            [
                0.99999999833371,
                2.461696933921097e-10,
                0.0,
                3.511422087851681e-12,
                1.4166087763457444e-09
            ],
            [
                0.9999999997705316,
                1.9171715075688593e-10,
                0.0,
                0.0,
                3.775134532091343e-11
            ]
        ],
        [
            [
                0.9999999994707558,
                1.691897915970181e-10,
                0.0,
                1.879528809157211e-12,
                3.581747916215823e-10
            ],
            [
                0.999999998887376,
                9.736200276409263e-10,
                2.129785162949502e-12,
                5.1090890088572495e-12,
                1.3176514220562345e-10
            ],
            [
                6.348618895579375e-09,
                1.0676735334387486e-06,
                0.9999713847118632,
                2.7535663347975917e-05,
                5.602636511038834e-09
            ],
            [
                0.9999999949202731,
                1.3176514138011752e-10,
                0.0,
                3.5114220781773946e-12,
                4.9444504523745964e-09
            ],
            [
                0.999999999792017,
                1.1628233000643676e-10,
                1.1399918501446994e-12,
                0.0,
                9.056076966638047e-11
            ]
        ],
        [
            [
                0.9999999996765179,
                1.9171715086604087e-10,
                0.0,
                0.0,
                1.3176514235058125e-10
            ],
            [
                0.3762724244180191,
                0.6203683304854889,
                9.830440310839696e-05,
                0.003255394738464043,
                5.5459549195988866e-06
            ],
            [
                3.978962535560981e-12,
                2.0206839088819214e-11,
                0.9999999999599709,
                1.5737102105770276e-11,
                1.0603575990787642e-13
            ],
            [
                0.9999999993170294,
                5.905303972171089e-10,
                0.0,
                1.87952880801784e-12,
                9.056076948615217e-11
            ],
            [
                0.9999999986780266,
                7.052879832971262e-11,
                0.0,
                1.2917800014633748e-12,
                1.2501528631711915e-09
            ]
        ],
        [
            [
                0.9999999995215638,
                3.581747912940721e-10,
                0.0,
                3.978962516571507e-12,
                1.1628232973918247e-10
            ],
            [
                0.9999999997364344,
                2.4616969416872063e-10,
                1.6586783520899183e-12,
                0.0,
                1.5737102042115623e-11
            ],
            [
                0.9525681407475164,
                0.04742557956529663,
                1.6768499370192196e-06,
                4.558150712852039e-06,
                4.468653719008674e-08
            ],
            [
                0.9999999993456299,
                1.3176514230698175e-10,
                0.0,
                1.463778509749265e-12,
                5.211412472306608e-10
            ],
            [
                0.9999999995349276,
                2.4616969467189325e-10,
                0.0,
                1.6586783554802689e-12,
                2.1724399305814138e-10
            ]
        ],
        [
            [
                0.9999999997777422,
                1.9171715109354482e-10,
                1.1399918513658193e-12,
                0.0,
                2.9400777349554707e-11
            ],
            [
                0.32082075181427677,
                0.6791775509890305,
                7.25160911298164e-07,
                9.311250412952875e-07,
                4.091074011894281e-08
            ],
            [
                3.5817480777754973e-10,
                7.1941333265716205e-09,
                0.9999998477579441,
                1.4449803056118922e-07,
                1.91717159270526e-10
            ],
            [
                0.999999999834104,
                1.1628232997516919e-10,
                1.139991849838163e-12,
                0.0,
                4.8473686926371785e-11
            ],
            [
                0.9999999967181132,
                2.7894680729726847e-10,
                0.0,
                3.978962507456777e-12,
                2.9989608034668335e-09
            ]
        ],
        [
            [
                0.9999999994035014,
                2.789468081725651e-10,
                0.0,
                1.4637785082784555e-12,
                3.160881441686709e-10
            ],
            [
                0.9990889314518622,
                0.0009110513829340916,
                9.229031381538152e-09,
                4.9399445211287004e-09,
                2.996227809344e-09
            ],
            [
                1.4930946107747101e-10,
                2.061153532125646e-09,
                0.9999999562996008,
                4.139937537386834e-08,
                9.056076592865626e-11
            ],
            [
                0.999999999726878,
                2.461696945393519e-10,
                1.0060392766588471e-12,
                0.0,
                2.59460949150787e-11
            ],
            [
                0.999999999490065,
                3.160881444336343e-10,
                2.1297851642331e-12,
                0.0,
                1.9171715077067436e-10
            ]
        ],
        [
            [
                0.9999999977095204,
                1.416608780089861e-09,
                5.109089004428308e-12,
                9.545034878684604e-12,
                8.592166579426123e-10
            ],
            [
                0.9999545988046101,
                4.53978555236564e-05,
                7.582213994749103e-10,
                2.335486329872828e-09,
                2.4615844814343057e-10
            ],
            [
                8.258073285070383e-14,
                1.0060392792241664e-12,
                0.9999999999961324,
                2.734698291431087e-12,
                4.4202281033812834e-14
            ],
            [
                0.9999999996974387,
                2.4616969427050644e-10,
                1.4637785087087146e-12,
                0.0,
                5.4927883306268123e-11
            ],
            [
                0.9999999961367176,
                4.599055345256045e-10,
                0.0,
                5.109088990963418e-12,
                3.3982677948183787e-09
            ]
        ],
        [
            [
                0.9999999995857767,
                2.789468082234102e-10,
                3.511422099989246e-12,
                0.0,
                1.317651421986012e-10
            ],
            [
                0.999999912326642,
                8.764249135506383e-08,
                7.433681449340444e-12,
                9.545035920513298e-12,
                1.3887945316569188e-11
            ],
            [
                4.691101876330354e-08,
                3.7266002498253137e-06,
                0.9999860846780274,
                1.0129949741031089e-05,
                1.1860963022902544e-08
            ],
            [
                0.9999999995910389,
                1.9171715022327418e-10,
                0.0,
                0.0,
                2.172439922018835e-10
            ],
            [
                0.999999999788449,
                1.4930946719297134e-10,
                0.0,
                0.0,
                6.224144605118401e-11
            ]
        ],
        [
            [
                0.9999999990705801,
                4.058652116953979e-10,
                0.0,
                2.4133627661713956e-12,
                5.211412475662416e-10
            ],
            [
                0.9999999907461067,
                9.237449561660008e-09,
                3.511422075245553e-12,
                4.508755193333705e-12,
                8.423463662997233e-12
            ],
            [
                7.582560918456139e-10,
                1.522998072999706e-08,
                0.9999998712304116,
                1.1253518199958106e-07,
                2.4616971110717803e-10
            ],
            [
                0.9999999988821053,
                7.582560401725628e-10,
                1.4637785090707679e-12,
                0.0,
                3.5817479179136586e-10
            ],
            [
                0.9999999990502226,
                9.056076946198996e-11,
                0.0,
                0.0,
                8.592166577927247e-10
            ]
        ],
        [
            [
                0.9999999927500515,
                5.492788304265425e-11,
                0.0,
                8.878265402993501e-13,
                7.194132969174523e-09
            ],
            [
                0.9999998552382602,
                1.4449803133229442e-07,
                9.056077410919066e-11,
                1.026188010903637e-10,
                7.05288017917903e-11
            ],
            [
                2.9989553048738593e-09,
                1.2751894604455037e-07,
                0.9999988006757816,
                1.067703063025052e-06,
                1.1032540016551277e-09
            ],
            [
                0.999999997588366,
                2.3355930298581198e-09,
                2.4133627625942753e-12,
                3.0988191268587934e-12,
                7.052879824112023e-11
            ],
            [
                0.9999999998866935,
                7.052879823154202e-11,
                0.0,
                0.0,
                4.27778785201164e-11
            ]
        ],
        [
            [
                0.9999999998295197,
                7.991959860816486e-11,
                0.0,
                0.0,
                9.056076953256369e-11
            ],
            [
                0.9999993523795633,
                6.475946139494697e-07,
                1.388794416433965e-11,
                8.423463936049145e-12,
                3.511422189070525e-12
            ],
            [
                0.32071146811160456,
                0.6789461580173081,
                0.0002580870487174092,
                8.378859715934148e-05,
                4.982252107033248e-07
            ],
            [
                0.9999999982169618,
                1.6052280468684338e-09,
                5.109089001591571e-12,
                3.5114220951827594e-12,
                1.6918979138488895e-10
            ],
            [
                0.9999999993213868,
                2.1724399296531858e-10,
                0.0,
                1.4637785104700125e-12,
                4.599055367165832e-10
            ]
        ],
        [
            [
                0.9999999989221444,
                3.1608814352778974e-10,
                0.0,
                3.5114220922296535e-12,
                7.582560382247408e-10
            ],
            [
                0.9999996069735856,
                3.92786369054624e-07,
                3.775134683703659e-11,
                1.3176514756735002e-10,
                7.052880111591533e-11
            ],
            [
                6.691586766946484e-10,
                2.5109994092811636e-08,
                0.9999997883235173,
                1.8553915499560243e-07,
                3.581748291934547e-10
            ],
            [
                0.9999999982868428,
                1.2501528587900395e-09,
                0.0,
                3.098819119891481e-12,
                4.5990553507056076e-10
            ],
            [
                0.9999999988477952,
                4.8473686946251423e-11,
                0.0,
                4.752193051354685e-13,
                1.1032560296931384e-09
            ]
        ],
        [
            [
                0.999999998173547,
                4.0586521052703686e-10,
                0.0,
                3.978962515048271e-12,
                1.4166087792418107e-09
            ],
            [
                0.9999646431914656,
                3.535625743567578e-05,
                2.7893673356923387e-10,
                2.1723614653109917e-10,
                5.4925899483103795e-11
            ],
            [
                2.734698291313046e-12,
                1.3887943863548012e-11,
                0.999999999960282,
                2.2897348454120926e-11,
                1.981008797846997e-13
            ],
            [
                0.9999999996390037,
                7.991959855196248e-11,
                0.0,
                2.1297851608937033e-12,
                2.7894680796901983e-10
            ],
            [
                0.9999999934994771,
                1.4930946599762058e-10,
                0.0,
                2.4133627456144767e-12,
                6.34880004707041e-09
            ]
        ],
        [
            [
                0.9999999996610147,
                3.160881442500678e-10,
                0.0,
                0.0,
                2.289734837088234e-11
            ],
            [
                0.9999999995807303,
                4.0586521164085174e-10,
                6.101936662469937e-13,
                5.384940204397103e-13,
                1.2256067413699246e-11
            ],
            [
                6.914400106291607e-13,
                3.5114221130471275e-12,
                0.999999999986116,
                9.54503492194527e-12,
                1.3615261079619375e-13
            ],
            [
                0.9999999982683214,
                1.6052280469508777e-09,
                2.7346982775630186e-12,
                7.433680634217805e-12,
                1.1628232970568757e-10
            ],
            [
                0.9999999979878575,
                1.9171715033856273e-10,
                0.0,
                1.4637785062062665e-12,
                1.8189616777117168e-09
            ]
        ],
        [
            [
                0.9999999996798421,
                1.6918979189959586e-10,
                0.0,
                1.65867835536612e-12,
                1.493094673003256e-10
            ],
            [
                0.9999999969181037,
                2.6465736159244384e-09,
                6.560200111180456e-12,
                2.2897348257599094e-11,
                4.0586520912275467e-10
            ],
            [
                4.0586521809295265e-10,
                2.5109991894333753e-08,
                0.9999995815660179,
                3.9278635981801173e-07,
                1.317651444688118e-10
            ],
            [
                0.9999999986785175,
                1.2501528627279072e-09,
                5.109089013110501e-12,
                3.978962524191969e-12,
                6.224144604691514e-11
            ],
            [
                0.9999999998771743,
                2.020683905530367e-11,
                0.0,
                0.0,
                1.0261879613968812e-10
            ]
        ],
        [
            [
                0.9999999996375479,
                1.1628232975266938e-10,
                0.0,
                0.0,
                2.4616969401816156e-10
            ],
            [
                0.9999999935117468,
                6.348800050403467e-09,
                7.4336805954954e-12,
                1.573710194415708e-11,
                1.1628232909996725e-10
            ],
            [
                5.905293238141051e-10,
                1.1253496965465198e-07,
                0.9999988189541748,
                1.0677030826764828e-06,
                2.1724359764008267e-10
            ],
            [
                0.9999999984989925,
                5.2114124542986e-10,
                2.7346982739654918e-12,
                3.5114220907437884e-12,
                9.736200250255295e-10
            ],
            [
                0.9999999972200027,
                1.3176514202689816e-10,
                0.0,
                1.6586783504291123e-12,
                2.6465736253703306e-09
            ]
        ],
        [
            [
                0.9999999995912217,
                3.581747922303978e-10,
                2.1297851662111777e-12,
                0.0,
                4.847368695471579e-11
            ],
            [
                0.9990430590327875,
                0.0009110091817934422,
                3.056095341677453e-07,
                4.53564764177019e-05,
                2.696994673033563e-07
            ],
            [
                2.0611499744135154e-09,
                1.125349755438405e-07,
                0.9999985138566853,
                1.37095665993075e-06,
                5.905293547177301e-10
            ],
            [
                0.9999999801972554,
                1.9555680615263865e-08,
                2.9400776682339464e-11,
                2.5946094355745972e-11,
                1.917171467427549e-10
            ],
            [
                0.999999999320971,
                2.1724399241245076e-10,
                0.0,
                1.8795288070615757e-12,
                4.59905535546162e-10
            ]
        ],
        [
            [
                0.9999999978683176,
                7.052879801205046e-11,
                0.0,
                0.0,
                2.0611536078535612e-09
            ],
            [
                0.9820083080269526,
                0.0179861093494516,
                8.165684795605705e-07,
                4.699027157621189e-06,
                6.702795859817548e-08
            ],
            [
                1.637321051816816e-07,
                6.962066270473188e-06,
                0.9999653234659164,
                2.7535506249778978e-05,
                1.5229458130860744e-08
            ],
            [
                0.9999999991111841,
                2.1724399273985957e-10,
                0.0,
                2.4133627633010365e-12,
                6.691586067635418e-10
            ],
            [
                0.999999997272619,
                7.991959858327896e-11,
                0.0,
                8.878265439993606e-13,
                2.6465736274425483e-09
            ]
        ],
        [
            [
                0.9999999991882467,
                5.90530398197865e-10,
                3.9789625244060505e-12,
                0.0,
                2.1724399288377992e-10
            ],
            [
                0.993307072487734,
                0.006692851700388456,
                1.3350450388339126e-08,
                5.983256758951003e-08,
                2.62885955069834e-09
            ],
            [
                8.878265477600613e-13,
                7.433680671632919e-12,
                0.9999999999831615,
                8.423463753653608e-12,
                9.357622967934748e-14
            ],
            [
                0.9999999978122658,
                2.0611536109249494e-09,
                4.508755217108909e-12,
                5.7893562963912955e-12,
                1.1628232965265636e-10
            ],
            [
                0.9999999996119076,
                1.6918979206756256e-10,
                1.6586783570128078e-12,
                0.0,
                2.1724399325886435e-10
            ]
        ],
        [
            [
                0.9999999997786981,
                1.4930946737516082e-10,
                0.0,
                1.4637785117283703e-12,
                7.052879839560173e-11
            ],
            [
                0.9999993499820822,
                6.475946116939472e-07,
                3.581747995018219e-10,
                1.8189617204282106e-09,
                2.461696996307082e-10
            ],
            [
                8.764115193639895e-08,
                2.260295099174092e-06,
                0.9999846315233167,
                1.3007100226269866e-05,
                1.3440205949457798e-08
            ],
            [
                0.9999999996039872,
                1.1628233001648466e-10,
                0.0,
                7.835041765812388e-13,
                2.789468086014737e-10
            ],
            [
                0.9999999917557602,
                9.056076893861086e-11,
                0.0,
                1.6586783413656913e-12,
                8.15202062822315e-09
            ]
        ],
        [
            [
                0.9999999997733089,
                1.9171715114571094e-10,
                1.658678356923301e-12,
                0.0,
                3.331544538167522e-11
            ],
            [
                0.9999999747776471,
                2.5109990902531828e-08,
                9.545034673891136e-12,
                2.2897347859256744e-11,
                7.991959684511074e-11
            ],
            [
                2.413362771638121e-12,
                1.3887943863841338e-11,
                0.9999999999740892,
                9.54503492206902e-12,
                6.431393940932095e-14
            ],
            [
                0.9999999983027477,
                9.0560769471436e-11,
                0.0,
                1.4637785072516929e-12,
                1.6052280476471185e-09
            ],
            [
                0.9999999894766644,
                5.4927882853710954e-11,
                0.0,
                1.0060392672712638e-12,
                1.0467401669764462e-08
            ]
        ],
        [
            [
                0.9999999997664388,
                1.6918979191424714e-10,
                2.1297851665843525e-12,
                0.0,
                6.224144610132584e-11
            ],
            [
                0.8518961906585546,
                0.14803736793686295,
                2.4724752154172053e-06,
                6.376597624244487e-05,
                2.0295312465514518e-07
            ],
            [
                3.224180921160814e-08,
                4.450848716204743e-07,
                0.9999990761718414,
                4.450848716204743e-07,
                1.4166062312289926e-09
            ],
            [
                0.9999999988518364,
                1.1032560281569873e-09,
                2.12978516287381e-12,
                0.0,
                4.277787852735917e-11
            ],
            [
                0.9999999996220652,
                1.3176514214376247e-10,
                0.0,
                0.0,
                2.461696941405664e-10
            ]
        ],
        [
            [
                0.9999999994216824,
                4.5990553652510803e-10,
                2.1297851647497814e-12,
                0.0,
                1.1628232996337337e-10
            ],
            [
                0.9999986005763128,
                1.3709566113684313e-06,
                3.581741464092992e-10,
                2.5109946225946873e-08,
                2.998955410782549e-09
            ],
            [
                6.914400106512001e-13,
                3.0988191385299184e-12,
                0.9999999999865445,
                9.545034922249512e-12,
                1.2015425731027682e-13
            ],
            [
                0.9999999987093611,
                1.2501528605248922e-09,
                2.734698278769129e-12,
                0.0,
                3.7751345265778436e-11
            ],
            [
                0.9999999994363358,
                1.0261879586401786e-10,
                0.0,
                1.1399918480119683e-12,
                4.5990553583502185e-10
            ]
        ],
        [
            [
                0.999999999835244,
                1.162823301376808e-10,
                0.0,
                0.0,
                4.847368699411671e-11
            ],
            [
                0.9999996071683728,
                3.9278636922626354e-07,
                2.940077849153183e-11,
                7.433680950143791e-12,
                8.423464069247774e-12
            ],
            [
                0.576097476752986,
                0.21193440935695448,
                0.21193440935695448,
                3.3583412407904776e-05,
                1.2112069717196265e-07
            ],
            [
                0.9999999993164956,
                5.905303969140168e-10,
                2.4133627596530524e-12,
                0.0,
                9.056076943967149e-11
            ],
            [
                0.9999999997883153,
                1.317651422779035e-10,
                0.0,
                0.0,
                7.991959867294582e-11
            ]
        ],
        [
            [
                0.9999999998129392,
                3.775134527100261e-11,
                0.0,
                0.0,
                1.4930946694028023e-10
            ],
            [
                0.9999545903423709,
                4.539785503752996e-05,
                7.58221391355772e-10,
                3.8505659482583206e-09,
                7.19380426665978e-09
            ],
            [
                1.1399918528679674e-12,
                2.020683908709562e-11,
                0.9999999999075142,
                7.052879850020887e-11,
                6.101936676661188e-13
            ],
            [
                0.9999999984507384,
                1.317651422252278e-10,
                0.0,
                8.878265446405433e-13,
                1.4166087815286501e-09
            ],
            [
                0.9999999996172944,
                1.02618796066233e-10,
                0.0,
                1.1399918502583757e-12,
                2.789468086051857e-10
            ]
        ],
        [
            [
                0.9999999995846405,
                1.6918979153973222e-10,
                0.0,
                0.0,
                2.4616969413135357e-10
            ],
            [
                0.9999999969872344,
                2.998960806828375e-09,
                2.129785158152099e-12,
                2.129785158152099e-12,
                9.54503486545849e-12
            ],
            [
                5.041130732877234e-07,
                0.00020337372894038103,
                0.9995347996681047,
                0.0002611370370460125,
                1.8545283568830604e-07
            ],
            [
                0.9999999972801035,
                1.10325602603419e-09,
                3.978962513082121e-12,
                7.433680629840029e-12,
                1.6052280460055414e-09
            ],
            [
                0.9999999991119388,
                2.172439928075822e-10,
                0.0,
                1.6586783535672257e-12,
                6.691586069721422e-10
            ]
        ],
        [
            [
                0.9999999995481657,
                3.5817479229153023e-10,
                3.0988191323473617e-12,
                0.0,
                9.056076971043953e-11
            ],
            [
                0.9999999969709852,
                2.998960810318416e-09,
                2.413362760133288e-12,
                7.433680636313879e-12,
                2.020683899225989e-11
            ],
            [
                5.10908902745519e-12,
                2.020683908781695e-11,
                0.9999999999514986,
                2.2897348453730057e-11,
                2.882350793101301e-13
            ],
            [
                0.9999999998549729,
                1.3176514228668664e-10,
                1.0060392761203416e-12,
                0.0,
                1.2256067405566555e-11
            ],
            [
                0.9999999996815008,
                1.493094672234353e-10,
                0.0,
                0.0,
                1.6918979181246773e-10
            ]
        ],
        [
            [
                0.99999999949051,
                1.0261879611936496e-10,
                0.0,
                1.0060392773455857e-12,
                4.058652118658328e-10
            ],
            [
                0.9820131954240592,
                0.017986196203526084,
                4.606786331407513e-08,
                4.952762059439849e-07,
                6.702834561178411e-08
            ],
            [
                1.0060392791825824e-12,
                1.0815941556202696e-11,
                0.9999999999621119,
                2.5946094980166693e-11,
                1.2015425730568686e-13
            ],
            [
                0.9999999824233495,
                3.1608813892766247e-10,
                0.0,
                2.7346982353237858e-12,
                1.7257827632869854e-08
            ],
            [
                0.999999999565512,
                2.1724399301835332e-10,
                0.0,
                0.0,
                2.1724399301835332e-10
            ]
        ],
        [
            [
                0.9999999977183851,
                8.592166576830292e-10,
                0.0,
                5.7893563001996124e-12,
                1.4166087796618811e-09
            ],
            [
                0.8807917590334493,
                0.11920218835646855,
                2.2559622878515648e-06,
                3.7194530098781998e-06,
                7.719478447236163e-08
            ],
            [
                1.573710202517083e-11,
                7.582560388550463e-10,
                0.9999999948517286,
                4.3634622302927545e-09,
                1.0815941501139609e-11
            ],
            [
                0.9999999990059194,
                1.3176514191846328e-10,
                0.0,
                3.0988191203193923e-12,
                8.592166568149262e-10
            ],
            [
                0.9999999994009541,
                1.9171715107432414e-10,
                0.0,
                1.4637785118238742e-12,
                4.058652120092789e-10
            ]
        ],
        [
            [
                0.9999999996193305,
                2.461696945804356e-10,
                0.0,
                2.7346982849142248e-12,
                1.3176514237920749e-10
            ],
            [
                0.268790723788766,
                0.7306488968868622,
                0.00010217517748482597,
                0.0004579171578416282,
                2.8698904534399303e-07
            ],
            [
                5.211412456844835e-10,
                2.646573623143823e-09,
                0.9999999941748954,
                2.646573623143823e-09,
                1.0815941492856539e-11
            ],
            [
                0.9999999953407632,
                3.398267794667971e-09,
                0.0,
                1.0815941478266475e-11,
                1.250152857253363e-09
            ],
            [
                0.9999999997160636,
                1.9171715097266957e-10,
                0.0,
                1.6586783554261996e-12,
                9.05607697062886e-11
            ]
        ],
        [
            [
                0.9999999994228153,
                4.058652106423326e-10,
                0.0,
                2.1297851604332686e-12,
                1.69189791425606e-10
            ],
            [
                0.9241401595671725,
                0.0758580463267668,
                1.3353639886335437e-07,
                1.6268063726869048e-06,
                3.376328911383192e-08
            ],
            [
                0.9980732564277399,
                0.0019267343158060237,
                6.3365694957998995e-09,
                2.641475157852374e-09,
                2.784094333370684e-10
            ],
            [
                0.9999999980765399,
                1.0261879577090958e-10,
                0.0,
                1.879528806536742e-12,
                1.8189616778730266e-09
            ],
            [
                0.9999999980486631,
                1.317651422571768e-10,
                0.0,
                6.101936657054333e-13,
                1.8189616814268817e-09
            ]
        ],
        [
            [
                0.9999999997696309,
                1.4930946742059356e-10,
                1.1399918515240338e-12,
                0.0,
                7.991959882295654e-11
            ],
            [
                0.9997965696401117,
                0.00020342705977796787,
                1.4163198284689222e-09,
                1.6049006226774318e-09,
                2.788899100487322e-10
            ],
            [
                7.991959880975482e-11,
                8.592166606296061e-10,
                0.9999999985389387,
                5.211412480077608e-10,
                7.83504177332113e-13
            ],
            [
                0.9999999984672314,
                6.691586032895969e-10,
                1.6586783444391085e-12,
                2.734698267726432e-12,
                8.592166544191117e-10
            ],
            [
                0.9999999986166184,
                1.3176514207089993e-10,
                0.0,
                1.4637785071266331e-12,
                1.2501528604089498e-09
            ]
        ],
        [
            [
                0.9999999997915396,
                1.9171715106427757e-10,
                1.0060392776484334e-12,
                0.0,
                1.5737102081289022e-11
            ],
            [
                0.9999938430817641,
                6.144172038353856e-06,
                4.599029588130601e-10,
                1.0467343095787792e-08,
                1.8189514872038349e-09
            ],
            [
                3.850712683298815e-09,
                2.3823493056966052e-07,
                0.9999918567959284,
                7.88925739816199e-06,
                1.1861030087439376e-08
            ],
            [
                0.9999999994903859,
                3.5817479177163496e-10,
                0.0,
                2.129785163483274e-12,
                1.4930946709585295e-10
            ],
            [
                0.9999999994083295,
                1.3176514217521986e-10,
                0.0,
                0.0,
                4.5990553603023694e-10
            ]
        ],
        [
            [
                0.9999999988074773,
                2.1724399251058002e-10,
                0.0,
                1.6586783512995862e-12,
                9.736200268312708e-10
            ],
            [
                0.99999996183701,
                1.6052279923624274e-09,
                5.109088828110901e-12,
                1.783247221024385e-11,
                3.653482070736137e-08
            ],
            [
                4.220315507101017e-06,
                0.0003352611867440252,
                0.9993992893804937,
                0.0002611016747696953,
                1.2744248553108592e-07
            ],
            [
                0.999999997786438,
                1.493094666377044e-10,
                0.0,
                3.098819118340817e-12,
                2.0611536088823005e-09
            ],
            [
                0.9999999996907087,
                1.1628232995849484e-10,
                0.0,
                1.291780000967669e-12,
                1.917171508091412e-10
            ]
        ],
        [
            [
                0.9999999997919189,
                1.6918979171891428e-10,
                1.1399918493883536e-12,
                0.0,
                3.775134532172083e-11
            ],
            [
                0.9999998871553967,
                1.1253518362786027e-07,
                1.2256068414324276e-11,
                7.991960525619971e-11,
                2.1724401070554765e-10
            ],
            [
                4.84736856676755e-11,
                3.398267721696124e-09,
                0.9999999713527069,
                2.5109990834797915e-08,
                9.056076729047501e-11
            ],
            [
                0.999999999773211,
                2.1724399306347465e-10,
                0.0,
                0.0,
                9.545034903313867e-12
            ],
            [
                0.9999999997100464,
                2.4616969466238745e-10,
                1.0060392771616653e-12,
                0.0,
                4.277787859947506e-11
            ]
        ],
        [
            [
                0.9999999997450046,
                2.1724399207326682e-10,
                0.0,
                0.0,
                3.7751345193488815e-11
            ],
            [
                0.9999898699369142,
                1.0129988087871159e-05,
                3.331513019387992e-11,
                2.5945849483119486e-11,
                1.573695320380115e-11
            ],
            [
                9.357622968194758e-14,
                1.4637785140249487e-12,
