{
    "[['A', 'B', 'C', 'D', 'E'], ['A', 'B', 'C', 'D', 'E']]": [
        [
            [
                0.9999999999615572,
                3.7751345419046396e-11,
                0.0,
                0.0,
                6.914400102591231e-13
            ],
            [
                0.999978555057116,
                2.144493974838514e-05,
                2.129740667614965e-12,
                0.0,
                1.0060182573936285e-12
            ],
            [
                1.6586783557308543e-12,
                2.594609493296827e-11,
                0.9999999981513037,
                1.8189616840620492e-09,
                2.1297851668682483e-12
            ],
            [
                1.3176514213067e-10,
                7.1941329991888964e-09,
                1.955568100321275e-08,
                0.9999993255238236,
                6.475945971867744e-07
            ],
            [
                0.9999999999941995,
                5.109089023059378e-12,
                0.0,
                0.0,
                6.914400100168098e-13
            ]
        ],
        [
            [
                0.9999999999763192,
                2.2897348427288117e-11,
                0.0,
                0.0,
                7.83504177508385e-13
            ],
            [
                0.9999999847685569,
                1.5229979467063948e-08,
                0.0,
                0.0,
                1.4637784874406352e-12
            ],
            [
                6.720202068585082e-09,
                4.1576417970314956e-07,
                0.4999997841428699,
                0.4999997847438381,
                8.628910261340783e-09
            ],
            [
                3.85072714077386e-09,
                2.3823627942032424e-07,
                5.315764848511477e-08,
                0.9999968024433098,
                2.902312035258565e-06
            ],
            [
                0.9999999999681859,
                2.940077735025997e-11,
                0.0,
                0.0,
                2.413362768337644e-12
            ]
        ],
        [
            [
                0.9999999999905704,
                8.423463745095982e-12,
                0.0,
                0.0,
                1.0060392781639115e-12
            ],
            [
                9.373237026813195e-06,
                0.8165623954486433,
                0.18219970768504443,
                0.0012276517824311493,
                8.718468542995074e-07
            ],
            [
                5.109089641144254e-12,
                1.917171743815233e-10,
                4.944451095263264e-09,
                0.9999999266026808,
                6.825604195394243e-08
            ],
            [
                2.9931834691710783e-09,
                8.136316233491746e-09,
                9.21965415364368e-09,
                0.9980732453616233,
                0.0019267342892227367
            ],
            [
                0.9999999998792088,
                1.1628233012343724e-10,
                0.0,
                0.0,
                4.5087552353630645e-12
            ]
        ],
        [
            [
                0.9999999998496845,
                1.493094674519022e-10,
                0.0,
                0.0,
                1.0060392781525935e-12
            ],
            [
                0.000651567795509036,
                0.8096697686127373,
                0.18066175219748215,
                0.008994615970356681,
                2.2295423914799615e-05
            ],
            [
                1.0261860813608491e-10,
                5.6027861632064e-09,
                0.9999989265365972,
                1.0677030703343985e-06,
                5.4927782783551285e-11
            ],
            [
                1.2500957160636472e-09,
                1.0466923280947967e-08,
                1.9554787106384255e-08,
                0.9999545708738741,
                4.539785431977365e-05
            ],
            [
                0.9999999999191926,
                7.991959885441298e-11,
                0.0,
                0.0,
                8.878265470113876e-13
            ]
        ],
        [
            [
                0.999999999956612,
                4.277787865920876e-11,
                0.0,
                0.0,
                6.10193667325741e-13
            ],
            [
                0.9999952149031492,
                4.785094838679542e-06,
                1.0060335781409095e-12,
                0.0,
                1.0060335781409095e-12
            ],
            [
                2.4616877258572254e-10,
                4.139922203109222e-08,
                3.726639205312284e-06,
                0.9999961785577506,
                5.315765331902152e-08
            ],
            [
                6.348788226761545e-09,
                3.059017476441318e-07,
                1.1253496397669077e-07,
                0.9999978148714846,
                1.7603430155877504e-06
            ],
            [
                0.9999999999616385,
                3.775134540890619e-11,
                0.0,
                0.0,
                6.101936672128358e-13
            ]
        ],
        [
            [
                0.9999999998658216,
                1.3176514241168642e-10,
                0.0,
                0.0,
                2.413362766535081e-12
            ],
            [
                1.9782170890293386e-05,
                0.7183995835477721,
                0.07571874810382383,
                0.2058249282167187,
                3.695796079502401e-05
            ],
            [
                7.05286671113464e-11,
                4.363454123527474e-09,
                1.7603430325155887e-06,
                0.9999981820652312,
                5.315775350768012e-08
            ],
            [
                1.7832474173171542e-11,
                4.058652414394091e-10,
                2.9989610376018266e-09,
                0.9999997583403577,
                2.3823698365057227e-07
            ],
            [
                0.9999999999827991,
                1.5737102089230157e-11,
                0.0,
                0.0,
                1.4637785124858083e-12
            ]
        ],
        [
            [
                0.9999999999557585,
                4.27778786271979e-11,
                0.0,
                0.0,
                1.4637785119875477e-12
            ],
            [
                0.9914225141937292,
                0.008577485657956267,
                1.1528481346363685e-10,
                3.302965206246419e-11,
                0.0
            ],
            [
                2.7346982907943872e-12,
                2.5946094975198317e-11,
                0.9999999997789106,
                1.91717151319923e-10,
                6.914400104923839e-13
            ],
            [
                1.7510644556593234e-09,
                1.6613636987732596e-08,
                1.2938713495710202e-08,
                0.9626730859828944,
                0.037326882713690786
            ],
            [
                9.729294497842743e-10,
                4.9409434396176e-09,
                1.0459977343752747e-08,
                0.9992903132971674,
                0.0007096703289823032
            ]
        ],
        [
            [
                0.9999999998963751,
                1.0261879620647332e-10,
                0.0,
                0.0,
                1.0060392781995661e-12
            ],
            [
                0.9999996072128468,
                3.927863697534987e-07,
                7.835042088371523e-13,
                0.0,
                0.0
            ],
            [
                3.5114221114625253e-12,
                2.5946094968622115e-11,
                0.9999999995098534,
                4.599055376145489e-10,
                7.835041780793708e-13
            ],
            [
                2.6454330464667164e-09,
                1.046289066412538e-08,
                7.1910325786155284e-09,
                0.9995694225916474,
                0.0004305571089962099
            ],
            [
                0.9999999999853284,
                1.3887943849438306e-11,
                0.0,
                0.0,
                7.835041776305381e-13
            ]
        ],
        [
            [
                0.999999999896771,
                1.0261879622861434e-10,
                0.0,
                0.0,
                6.101936672348596e-13
            ],
            [
                0.00010845283833740547,
                0.9958132973343508,
                0.003169455013138452,
                0.0009080640646967433,
                7.307494766178225e-07
            ],
            [
                1.1628232819947007e-10,
                3.850741853134443e-09,
                3.9278634744532714e-07,
                0.9999995500887767,
                5.315785158298791e-08
            ],
            [
                7.582531661827172e-10,
                9.237414617705239e-09,
                1.1861075153616403e-08,
                0.9999962515042228,
                3.7266390342129796e-06
            ],
            [
                0.9999999999805089,
                1.78324728855055e-11,
                0.0,
                0.0,
                1.6586783568083003e-12
            ]
        ],
        [
            [
                0.999999999981384,
                1.783247289429284e-11,
                0.0,
                0.0,
                7.835041778977564e-13
            ],
            [
                0.9999999715462333,
                2.845334725578148e-08,
                0.0,
                0.0,
                4.193795535446882e-13
            ],
            [
                2.646563813697011e-09,
                2.3823630951251489e-07,
                1.7603414557901782e-06,
                0.9999971672492458,
                8.315264251187059e-07
            ],
            [
                4.058567206915271e-10,
                1.0467182784311766e-08,
                1.7257466900801e-08,
                0.9999785269303328,
                2.1444939160795173e-05
            ],
            [
                0.9999999999441844,
                5.4927883464831596e-11,
                0.0,
                0.0,
                8.878265471232113e-13
            ]
        ],
        [
            [
                0.9999999999844533,
                1.3887943847386056e-11,
                0.0,
                0.0,
                1.6586783568148428e-12
            ],
            [
                0.9999869928719478,
                1.3007124750978286e-05,
                2.413330691543362e-12,
                0.0,
                8.878147461668625e-13
            ],
            [
                1.0509327492969429e-09,
                3.741579754562531e-07,
                0.047425855078753236,
                0.9525737389995816,
                3.071275690044729e-08
            ],
            [
                2.6465688183455035e-09,
                4.139930178154959e-08,
                1.85538975257669e-07,
                0.9999989388871566,
                8.315279975340197e-07
            ],
            [
                0.9999999999746894,
                2.2897348423439398e-11,
                0.0,
                0.0,
                2.413362768353339e-12
            ]
        ],
        [
            [
                0.9999999993281068,
                6.69158607605523e-10,
                0.0,
                0.0,
                2.734698285364635e-12
            ],
            [
                0.9999997617571578,
                2.3823698388582429e-07,
                1.8795289517277327e-12,
                0.0,
                3.978962822031613e-12
            ],
            [
                7.581621003507177e-10,
                5.3151266670718006e-08,
                0.00012339451450437498,
                0.999876523126244,
                2.8449822925762313e-08
            ],
            [
                2.1724359926173226e-10,
                3.3982616524473705e-09,
                5.6027862697945465e-09,
                0.9999982304385909,
                1.76034311754637e-06
            ],
            [
                0.9999999999872689,
                1.2256067433412831e-11,
                0.0,
                0.0,
                4.752193058627488e-13
            ]
        ],
        [
            [
                0.9999999999564386,
                4.277787863434763e-11,
                0.0,
                0.0,
                7.835041774928085e-13
            ],
            [
                0.9999999468417309,
                5.3157849643160905e-08,
                4.1937954295036587e-13,
                0.0,
                0.0
            ],
            [
                2.940077594823464e-11,
                1.4166087170379843e-09,
                1.522997899638608e-08,
                0.9999999510821458,
                3.224186578836001e-08
            ],
            [
                3.58174130921288e-10,
                4.944441361833028e-09,
                1.522995159120531e-08,
                0.9999989117643784,
                1.0677030545620381e-06
            ],
            [
                0.9999999999350238,
                6.22414460135205e-11,
                0.0,
                0.0,
                2.734698282120947e-12
            ]
        ],
        [
            [
                0.9999999999613609,
                3.7751345419038984e-11,
                0.0,
                0.0,
                8.878265472873725e-13
            ],
            [
                2.0292138702057932e-07,
                0.00022253032156106155,
                0.8517629735764122,
                0.14801421852996216,
                7.465067765126472e-08
            ],
            [
                2.788265910559148e-10,
                2.2149939656385855e-08,
                0.9995694198717082,
                0.0004305571092497358,
                5.902758978974271e-10
            ],
            [
                3.160839332311339e-10,
                1.7257598009619792e-08,
                1.7257598009619792e-08,
                0.9999869580444015,
                1.3007124318423651e-05
            ],
            [
                2.801396836760653e-09,
                9.777835720243425e-09,
                1.9253700115445404e-09,
                0.49999999325403366,
                0.4999999922413637
            ]
        ],
        [
            [
                0.9999999999817974,
                1.7832472897291178e-11,
                0.0,
                0.0,
                3.701011676339745e-13
            ],
            [
                0.0013097664416986475,
                0.9871766475115817,
                0.01096654014973199,
                0.0005459918841936314,
                1.054012793780702e-06
            ],
            [
                1.1628233862127174e-10,
                3.850742198257115e-09,
                1.8553897259158802e-07,
                0.9999991628993566,
                6.475946463197548e-07
            ],
            [
                8.0820882525316e-09,
                8.689063737400004e-08,
                4.650920668573282e-08,
                0.9914223740638032,
                0.008577484454264456
            ],
            [
                0.9999999999657969,
                3.331544538376917e-11,
                0.0,
                0.0,
                8.878265468360995e-13
            ]
        ],
        [
            [
                0.9999999999835714,
                1.5737102097311126e-11,
                0.0,
                0.0,
                6.914400102743446e-13
            ],
            [
                1.2606420051057864e-07,
                0.0004258284232875129,
                0.9885914831276986,
                0.010982259972517186,
                3.024122960585415e-07
            ],
            [
                6.341345565320962e-09,
                4.779498865846595e-06,
                0.001169504812738653,
                0.9988256562516136,
                5.3095436355222854e-08
            ],
            [
                4.599046994989826e-10,
                6.348788542754598e-09,
                1.0467382713616778e-08,
                0.9999982223808209,
                1.7603431032038663e-06
            ],
            [
                0.9999999999716405,
                2.5946094949592262e-11,
                0.0,
                0.0,
                2.4133627687476997e-12
            ]
        ],
        [
            [
                0.9999999999790095,
                2.020683906453638e-11,
                0.0,
                0.0,
                7.835041775104928e-13
            ],
            [
                0.9998415637357125,
                0.00015843624642335443,
                1.3885745906112173e-11,
                3.978332810082884e-12,
                0.0
            ],
            [
                9.73421463386896e-10,
                2.5104870423439546e-08,
                0.00020342687203203563,
                0.999796478807563,
                6.824211307785466e-08
            ],
            [
                7.582459469190246e-10,
                7.194037243357234e-09,
                1.5229776963699463e-08,
                0.9999869696934727,
                1.3007124467166455e-05
            ],
            [
                3.5695371030442244e-08,
                4.5833763661187135e-08,
                1.022689502592597e-08,
                0.9770225399161364,
                0.022977368327833887
            ]
        ],
        [
            [
                0.9999999999867379,
                1.2256067434643703e-11,
                0.0,
                0.0,
                1.0060392785071394e-12
            ],
            [
                0.00022890487664792357,
                0.9928216333048671,
                0.006689577884227429,
                0.0002593832068730473,
                5.007273845760817e-07
            ],
            [
                2.172431800729611e-10,
                3.8507275042882995e-09,
                8.764215403135969e-08,
                0.999996181650657,
                3.7266392182295787e-06
            ],
            [
                4.36343777566707e-09,
                1.8553827240431176e-07,
                1.1253454344197454e-07,
                0.9999949124686335,
                4.785095112955962e-06
            ],
            [
                0.9999999999657969,
                3.331544539526299e-11,
                0.0,
                0.0,
                8.878265471423996e-13
            ]
        ],
        [
            [
                0.9999999999601243,
                3.331544538358018e-11,
                0.0,
                0.0,
                6.560200160654607e-12
            ],
            [
                6.691586411791027e-10,
                4.13993791707041e-08,
                3.927859987707865e-07,
                0.9999994968894265,
                6.825603703251967e-08
            ],
            [
                4.363454104645404e-09,
                2.3823652186816883e-07,
                1.0677020162119277e-06,
                0.9999982969123867,
                3.9278562106166623e-07
            ],
            [
                2.789441658848637e-10,
                3.850705431728207e-09,
                1.1861007751029404e-08,
                0.9999898540214012,
                1.0129987941443333e-05
            ],
            [
                0.9999999999964886,
                3.5114221103462156e-12,
                0.0,
                0.0,
                0.0
            ]
        ],
        [
            [
                0.9999999999793179,
                2.0206839076282672e-11,
                0.0,
                0.0,
                4.752193059492897e-13
            ],
            [
                5.3150557597557457e-08,
                0.000123392986016351,
                0.9998635449405822,
                1.3005525042496364e-05,
                3.39780146915577e-09
            ],
            [
                1.7560041376250271e-09,
                2.95314488582178e-07,
                0.1480471098056606,
                0.8519523325097252,
                2.6061412146212595e-07
            ],
            [
                9.214609253221234e-09,
                5.302641506693407e-08,
                6.008680020477579e-08,
                0.9975272544214007,
                0.0024726232507748273
            ],
            [
                5.596238837212069e-09,
                8.142479462296507e-09,
                5.596238837212069e-09,
                0.9988304703446881,
                0.0011695103203547455
            ]
        ],
        [
            [
                0.9999999999436084,
                5.492788345297048e-11,
                0.0,
                0.0,
                1.4637785126182e-12
            ],
            [
                2.5107214155017733e-08,
                2.2600772378039085e-06,
                9.610092955513538e-05,
                0.9998886080394723,
                1.300584652064601e-05
            ],
            [
                2.1720960825251658e-10,
                1.7255096428789454e-08,
                0.9998415458239136,
                0.00015843624394759194,
                4.598327442790101e-10
            ],
            [
                4.0586369606710115e-10,
                1.522992283545041e-08,
                6.825577871373023e-08,
                0.9999961894691879,
                3.7266392468413353e-06
            ],
            [
                0.9999999999173457,
                7.991959875820704e-11,
                0.0,
                0.0,
                2.7346982857292065e-12
            ]
        ],
        [
            [
                0.9999999999281795,
                7.052879834132961e-11,
                0.0,
                0.0,
                1.2917800016761474e-12
            ],
            [
                7.514417859816292e-06,
                0.03693162927121878,
                0.9524791506327389,
                0.010581088857202934,
                6.168209796824208e-07
            ],
            [
                1.1626392939276536e-10,
                1.3438283095182247e-08,
                0.00015843624965943464,
                0.9998414625671802,
                8.762861335147333e-08
            ],
            [
                1.4439540392618283e-07,
                5.039894811836101e-07,
                1.4439540392618283e-07,
                0.9992895375262091,
                0.00070966969350185
            ],
            [
                0.9999999999912883,
                8.423463747157684e-12,
                0.0,
                0.0,
                2.8823507909427133e-13
            ]
        ],
        [
            [
                0.9999999998070224,
                1.9171715122561928e-10,
                2.5436656453839405e-13,
                0.0,
                1.0060392784950772e-12
            ],
            [
                5.905259578863328e-10,
                1.444969376873864e-07,
                6.14416613616332e-06,
                0.9999926430504215,
                1.0676959786957848e-06
            ],
            [
                7.052880176837421e-11,
                2.335593146664729e-09,
                3.224186886160314e-08,
                0.9999998528168292,
                1.1253517991650476e-07
            ],
            [
                1.9171716996108706e-10,
                9.23745055745837e-09,
                1.9555682983598135e-08,
                0.9999996651127993,
                3.0590235015630824e-07
            ],
            [
                0.9999999999763782,
                1.783247287909997e-11,
                0.0,
                0.0,
                5.78935631930066e-12
            ]
        ],
        [
            [
                0.9999999998658216,
                1.3176514244359887e-10,
                0.0,
                0.0,
                2.4133627671195785e-12
            ],
            [
                0.00026118807311801266,
                0.9997301881088003,
                7.88719638928119e-06,
                7.336235434531791e-07,
                2.998148884710303e-09
            ],
            [
                4.8472673963039684e-11,
                4.944347162963622e-09,
                0.9999785499357616,
                2.1444939656232954e-05,
                1.3176238881055066e-10
            ],
            [
                3.5817481773408024e-10,
                1.8553914905949947e-07,
                1.4449803457794029e-07,
                0.999999637362772,
                3.224186959650917e-08
            ],
            [
                0.999999999971924,
                2.5946094953411022e-11,
                0.0,
                0.0,
                2.1297851685462912e-12
            ]
        ],
        [
            [
                0.9999999999607849,
                3.7751345394115605e-11,
                0.0,
                0.0,
                1.4637785122385598e-12
            ],
            [
                0.00043055672740404793,
                0.9995687761920236,
                6.473161674437346e-07,
                1.9547254503764178e-08,
                2.171503826144576e-10
            ],
            [
                1.602817380801241e-09,
                3.0544292727992744e-07,
                0.9984985090341706,
                0.001501182103854725,
                1.8162300356035483e-09
            ],
            [
                1.4930948306113616e-10,
                5.315785804177045e-08,
                8.764249125832479e-08,
                0.9999997907943005,
                6.82560408223121e-08
            ],
            [
                0.9999999999786531,
                2.0206839067497503e-11,
                0.0,
                0.0,
                1.1399918517623173e-12
            ]
        ],
        [
            [
                0.9999999999940274,
                4.508755239250825e-12,
                0.0,
                0.0,
                1.4637785131376666e-12
            ],
            [
                0.9975273761107404,
                0.0024726229623766765,
                6.675039770449995e-10,
                2.1670681311917032e-10,
                4.2672101599458046e-11
            ],
            [
                1.0815942918801213e-11,
                1.2501530237565397e-09,
                0.9999998131958925,
                1.855391596173466e-07,
                3.978963036710808e-12
            ],
            [
                7.052867288361353e-11,
                1.81895844757691e-09,
                5.602786457708184e-09,
                0.9999986215510821,
                1.3709566444004223e-06
            ],
            [
                0.9999999999544875,
                4.277787855945387e-11,
                0.0,
                0.0,
                2.7346982832661587e-12
            ]
        ],
        [
            [
                0.9999999999544875,
                4.277787863426417e-11,
                0.0,
                0.0,
                2.7346982880486205e-12
            ],
            [
                2.4110857642445716e-06,
                0.036500344773266115,
                0.9413562548601377,
                0.02213857819506767,
                2.4110857642445716e-06
            ],
            [
                9.735848866681838e-10,
                9.930835827156064e-08,
                3.535622455540454e-05,
                0.9999637119947979,
                8.314987035219926e-07
            ],
            [
                1.7257796983053964e-08,
                3.927856488796903e-07,
                1.067702091829157e-06,
                0.9999981294688135,
                3.927856488796903e-07
            ],
            [
                0.9999999999779134,
                2.0206839067482556e-11,
                0.0,
                0.0,
                1.8795288144239695e-12
            ]
        ],
        [
            [
                0.999999999867095,
                1.3176514253807174e-10,
                0.0,
                0.0,
                1.139991851635142e-12
            ],
            [
                1.8681539117759668e-05,
                0.2202537703638386,
                0.7687611227891309,
                0.010965786060797041,
                6.392471157755174e-07
            ],
            [
                6.5602006688545285e-12,
                1.91717166008452e-10,
                4.363462585980616e-09,
                0.9999998829030766,
                1.1253518330839434e-07
            ],
            [
                1.1031740530579836e-09,
                3.850455786945569e-09,
                2.335419488650423e-09,
                0.9999251465144323,
                7.48461965183013e-05
            ],
            [
                4.0443734053453855e-09,
                1.2457547106460849e-08,
                4.582875467891736e-09,
                0.5621764891446401,
                0.43782348977056385
            ]
        ],
        [
            [
                0.9999999999812799,
                1.7832472885519244e-11,
                0.0,
                0.0,
                8.878265467194267e-13
            ],
            [
                0.9706877519672981,
                0.029312227281197766,
                1.8982453523529912e-08,
                1.5581746713571758e-09,
                2.1087601048023928e-10
            ],
            [
                2.54366564713455e-13,
                2.734698291331299e-12,
                0.9999999999846347,
                1.2256067442931665e-11,
                1.2015425730626898e-13
            ],
            [
                1.3176490780338848e-10,
                1.6052251935474304e-09,
                7.194120205352823e-09,
                0.9999986201122474,
                1.3709566423769205e-06
            ],
            [
                0.9999999999921478,
                6.560200160864687e-12,
                0.0,
                0.0,
                1.291780003350689e-12
            ]
        ],
        [
            [
                0.9999999999700608,
                2.940077737229071e-11,
                0.0,
                0.0,
                5.384940213989437e-13
            ],
            [
                0.9999991684710048,
                8.315279891999263e-07,
                1.0060393556303176e-12,
                0.0,
                0.0
            ],
            [
                1.0261841277622645e-10,
                6.3487763872150925e-09,
                2.9023123290012696e-06,
                0.9999970229804975,
                6.825577865439967e-08
            ],
            [
                6.223682164111208e-11,
                9.73547690573792e-10,
                7.581997037762271e-10,
                0.9999251520090564,
                7.484619695947073e-05
            ],
            [
                0.9999999999855735,
                1.3887943855470432e-11,
                0.0,
                0.0,
                5.384940214072972e-13
            ]
        ],
        [
            [
                0.9999999999564386,
                4.2777878646177115e-11,
                0.0,
                0.0,
                7.83504177709473e-13
            ],
            [
                0.9999991684705467,
                8.315279894601073e-07,
                1.4637786256681487e-12,
                0.0,
                0.0
            ],
            [
                1.2501481875466206e-09,
                5.3157653594899724e-08,
                2.902312314243637e-06,
                0.9999968987822624,
                1.4449762161414137e-07
            ],
            [
                1.8189444292694757e-09,
                6.348739878715163e-09,
                1.9555495543816266e-08,
                0.9999898422889963,
                1.0129987823727619e-05
            ],
            [
                0.999999999992552,
                5.7893563230508985e-12,
                0.0,
                0.0,
                1.6586783572869547e-12
            ]
        ],
        [
            [
                0.9999999999922398,
                7.43368066732019e-12,
                0.0,
                0.0,
                3.2661313405765416e-13
            ],
            [
                0.017986084016764894,
                0.9820066889482991,
                6.837031090396897e-06,
                3.857188997874943e-07,
                4.284945836029166e-09
            ],
            [
                3.331538373587529e-11,
                1.416606163696711e-09,
                2.2159448743579662e-08,
                0.9999989086875783,
                1.0677030513494597e-06
            ],
            [
                1.8553331565984584e-07,
                1.0129775804542972e-05,
                4.784967276831303e-06,
                0.9999681985467667,
                1.67011768363735e-05
            ],
            [
                0.9999999998934022,
                1.0261879606640422e-10,
                0.0,
                0.0,
                3.978962526119854e-12
            ]
        ],
        [
            [
                0.9999999999834792,
                1.5737102094670158e-11,
                0.0,
                0.0,
                7.83504177899398e-13
            ],
            [
                0.9999938558249286,
                6.144172121047954e-06,
                1.2917727781451328e-12,
                0.0,
                1.6586690797236857e-12
            ],
            [
                1.162792309256999e-10,
                2.5109322278472047e-08,
                0.999972438806323,
                2.7535689136146826e-05,
                2.789393742691564e-10
            ],
            [
                2.6465485629042877e-09,
                5.602743351634628e-09,
                6.348739961835223e-09,
                0.9999898554140118,
                1.0129987956353182e-05
            ],
            [
                0.9999999999358788,
                6.224144603842717e-11,
                0.0,
                0.0,
                1.8795288107819324e-12
            ]
        ],
        [
            [
                0.9999999999367524,
                6.224144617794624e-11,
                0.0,
                0.0,
                1.0060392784568518e-12
            ],
            [
                0.9999999123563688,
                8.764249134113809e-08,
                1.1399919720182274e-12,
                0.0,
                0.0
            ],
            [
                4.847369053854436e-11,
                2.6465738286836494e-09,
                0.9999997590057272,
                2.382369838331408e-07,
                6.224145069214704e-11
            ],
            [
                7.192995025322288e-09,
                3.058536396128729e-07,
                8.76286184553589e-08,
                0.9998411632169559,
                0.00015843610779095742
            ],
            [
                0.9999999999612426,
                3.775134540889125e-11,
                0.0,
                0.0,
                1.0060392783799196e-12
            ]
        ],
        [
            [
                0.9999999999910381,
                8.423463749418847e-12,
                0.0,
                0.0,
                5.384940214525806e-13
            ],
            [
                2.6936145617404315e-07,
                0.0015001178792417044,
                0.9977909708422025,
                0.0007086054629559212,
                3.645414372970459e-08
            ],
            [
                1.103254046966281e-09,
                8.764232447638435e-08,
                8.315280157228874e-07,
                0.9999988414896405,
                2.3823676522824283e-07
            ],
            [
                1.067342652882558e-06,
                1.759750534932977e-06,
                3.926534186808802e-07,
                0.9996614311605333,
                0.00033534909286025543
            ],
            [
                9.372772877013424e-10,
                1.9842160336344247e-09,
                3.90715303149976e-10,
                0.037326883886852735,
                0.9626731128009386
            ]
        ],
        [
            [
                0.999999999964805,
                3.331544535989207e-11,
                0.0,
                0.0,
                1.8795288130541426e-12
            ],
            [
                0.9988304895605499,
                0.0011695103413957675,
                7.044625177287927e-11,
                2.0183189053750578e-11,
                7.424980310151334e-12
            ],
            [
                2.9400779710277264e-11,
                2.0611537849031217e-09,
                0.9999998853257882,
                1.1253518358952374e-07,
                4.8473690883502874e-11
            ],
            [
                6.945131522462898e-09,
                3.996647244437674e-08,
                3.5270288139395064e-08,
                0.8519527281558722,
                0.14804718966223565
            ],
            [
                0.9999999999931131,
                6.5602001624719655e-12,
                0.0,
                0.0,
                3.266131339958639e-13
            ]
        ],
        [
            [
                0.9999999998942823,
                1.0261879614144373e-10,
                0.0,
                0.0,
                3.0988191334199145e-12
            ],
            [
                5.905304623170729e-10,
                1.125351866149142e-07,
                5.043472348972816e-07,
                0.999999196988069,
                1.8553897893037414e-07
            ],
            [
                4.5990467994119666e-10,
                3.653475398386276e-08,
                2.260323034869687e-06,
                0.9999974644460113,
                2.382362951345848e-07
            ],
            [
                7.194106278051043e-09,
                1.3709552957472216e-06,
                3.9278526851245954e-07,
                0.9999971613642716,
                1.0677010578838256e-06
            ],
            [
                0.9999999999284652,
                7.052879843740809e-11,
                0.0,
                0.0,
                1.00603927823185e-12
            ]
        ],
        [
            [
                0.9999999999854206,
                1.388794385656029e-11,
                0.0,
                0.0,
                6.914400102756232e-13
            ],
            [
                0.00015827646282654236,
                0.9988336969632096,
                0.0009108185908423871,
                9.599952741516483e-05,
                1.2084557063085373e-06
            ],
            [
                1.9171204329115907e-10,
                1.5229573959285854e-08,
                0.9999724488093841,
                2.7535689412392086e-05,
                7.99174695630462e-11
            ],
            [
                2.1724316971306182e-10,
                1.3440358984753008e-08,
                6.348776041229502e-09,
                0.9999962533545812,
                3.726639040513496e-06
            ],
            [
                0.9999999999950717,
                4.50875523788279e-12,
                0.0,
                0.0,
                4.193795654275713e-13
            ]
        ],
        [
            [
                0.9999999999786531,
                2.0206839067497503e-11,
                0.0,
