{
    "[['A', 'B', 'C', 'D', 'E'], ['A', 'B', 'C', 'D', 'E']]": [
        [
            [
                0.999999999987744,
                1.2256067437558597e-11,
                0.0,
                0.0,
                0.0
            ],
            [
                0.9999999990263799,
                9.736200299052474e-10,
                0.0,
                0.0,
                0.0
            ],
            [
                1.8795288152972456e-12,
                2.172439933643648e-10,
                0.9999999993725979,
                4.058652123794071e-10,
                2.413362770238663e-12
            ],
            [
                3.978962719844262e-12,
                2.940077875248293e-11,
                7.433681016122562e-12,
                5.043472049082277e-07,
                0.9999994956119816
            ],
            [
                7.433680836942037e-12,
                7.05288000727066e-11,
                2.2897348963427952e-11,
                6.475946143280441e-07,
                0.9999993523045259
            ]
        ],
        [
            [
                0.9999999999200804,
                7.99195988696733e-11,
                0.0,
                0.0,
                0.0
            ],
            [
                0.9999999995939368,
                4.0586521221117427e-10,
                0.0,
                0.0,
                1.981008795918956e-13
            ],
            [
                1.0960896646133305e-08,
                4.1954211028873905e-05,
                0.9241028389585686,
                0.07585497571401156,
                2.2015549429715437e-07
            ],
            [
                6.560200653076385e-12,
                5.492788756975411e-11,
                8.4234643771216e-12,
                2.3823698436039e-07,
                0.999999761693104
            ],
            [
                8.423463672117129e-12,
                5.492788297254748e-11,
                1.573710195301001e-11,
                9.237449571661189e-09,
                0.9999999906834619
            ]
        ],
        [
            [
                0.999999999896771,
                1.0261879623775742e-10,
                0.0,
                0.0,
                6.101936672892264e-13
            ],
            [
                0.999999999979793,
                2.020683907787757e-11,
                0.0,
                0.0,
                0.0
            ],
            [
                8.423463252074982e-12,
                6.348799737387458e-09,
                0.9999999404741113,
                5.315784937379449e-08,
                1.0815940912199457e-11
            ],
            [
                1.2256068981484328e-11,
                6.22414540365623e-11,
                1.388794560704928e-11,
                3.0590235887380717e-07,
                0.9999996940092556
            ],
            [
                2.2897347989962064e-11,
                1.0261879422634023e-10,
                2.2897347989962064e-11,
                1.9555680689437664e-08,
                0.9999999802959059
            ]
        ],
        [
            [
                0.9999999998973812,
                1.0261879625299145e-10,
                0.0,
                0.0,
                0.0
            ],
            [
                0.9999999997210531,
                2.789468089013314e-10,
                0.0,
                0.0,
                0.0
            ],
            [
                9.545034805565998e-12,
                7.1941329419350006e-09,
                0.9999999878453113,
                4.944450441188882e-09,
                6.560200087552183e-12
            ],
            [
                3.330864992994371e-11,
                4.057824266107254e-10,
                3.160236716010478e-10,
                0.00020342706237186104,
                0.9997965721825134
            ],
            [
                3.331538631941777e-11,
                1.026186142692839e-10,
                2.594604895388893e-11,
                1.3709566542760747e-06,
                0.9999986288814656
            ]
        ],
        [
            [
                0.9999999998075915,
                1.917171511742166e-10,
                0.0,
                0.0,
                6.914400099668845e-13
            ],
            [
                0.9999999999821676,
                1.783247290219176e-11,
                0.0,
                0.0,
                0.0
            ],
            [
                7.835041781690269e-13,
                7.991959889512235e-11,
                0.9999999996026705,
                3.1608814529524754e-10,
                5.384940215435039e-13
            ],
            [
                1.793379634809356e-09,
                9.107533278306895e-09,
                3.3504742528738546e-09,
                0.014063627089768499,
                0.9859363586588443
            ],
            [
                2.2897351305567467e-11,
                1.1628234477119401e-10,
                2.940078105117687e-11,
                6.825604225643169e-08,
                0.9999999315753773
            ]
        ],
        [
            [
                0.999999999994891,
                5.109089024617285e-12,
                0.0,
                0.0,
                0.0
            ],
            [
                0.9999999999450722,
                5.492788345303293e-11,
                0.0,
                0.0,
                0.0
            ],
            [
                7.58234364314633e-10,
                6.475767028913585e-07,
                0.9999718145864095,
                2.753566208497375e-05,
                1.4165682859170039e-09
            ],
            [
                3.5114223736347474e-12,
                4.2777881860284366e-11,
                9.54503563029586e-12,
                2.3823698440773782e-07,
                0.9999997617071813
            ],
            [
                4.8473685944075925e-11,
                9.056076780685899e-11,
                2.0206838623909214e-11,
                2.2159489261991728e-08,
                0.9999999776812695
            ]
        ],
        [
            [
                0.9999999999925664,
                7.433680667904364e-12,
                0.0,
                0.0,
                0.0
            ],
            [
                0.9999999990263799,
                9.736200291354382e-10,
                0.0,
                0.0,
                0.0
            ],
            [
                9.825433883393272e-09,
                1.4582222915180826e-06,
                0.2689331431276323,
                0.7310360996469638,
                2.9289177678501778e-05
            ],
            [
                8.423464142154356e-12,
                6.224144909370929e-11,
                2.2897349510294548e-11,
                5.043472047970321e-07,
                0.999999495559233
            ],
            [
                1.6586785336497514e-12,
                2.594609771608809e-11,
                5.7893569386175446e-12,
                8.764249142724189e-08,
                0.9999999123241144
            ]
        ],
        [
            [
                0.9999999999771028,
                2.2897348445397094e-11,
                0.0,
                0.0,
                0.0
            ],
            [
                0.999999999987744,
                1.2256067438309522e-11,
                0.0,
                0.0,
                0.0
            ],
            [
                1.0815941356085149e-11,
                9.237449490133507e-09,
                0.9999999815003969,
                9.237449490133507e-09,
                1.3887943606617408e-11
            ],
            [
                7.43368035678431e-12,
                5.492788117779808e-11,
                1.5737101438805698e-11,
                4.139937543040281e-08,
                0.9999999585225259
            ],
            [
                8.423464434162902e-12,
                4.847369097407293e-11,
                1.3887944985590395e-11,
                1.1253518379978868e-07,
                0.9999998873940311
            ]
        ],
        [
            [
                0.9999999999695932,
                2.940077736332556e-11,
                0.0,
                0.0,
                1.0060392782732264e-12
            ],
            [
                0.9999999970010391,
                2.9989608146463676e-09,
                0.0,
                0.0,
                0.0
            ],
            [
                2.2897348173726657e-11,
                2.9989607878271323e-09,
                0.9999999877228599,
                9.237449547909626e-09,
                1.783247268795692e-11
            ],
            [
                2.0206493445718485e-11,
                1.317628888156662e-10,
                2.5945651166436796e-11,
                1.6701415102263758e-05,
                0.9999832984069826
            ],
            [
                5.905304279499113e-10,
                4.5990555971488277e-10,
                1.4930947471325956e-10,
                1.444980314758808e-07,
                0.999999854302223
            ]
        ],
        [
            [
                0.9999999999942106,
                5.789356325276676e-12,
                0.0,
                0.0,
                0.0
            ],
            [
                0.9999999999439322,
                5.4927883445867634e-11,
                0.0,
                0.0,
                1.1399918517227358e-12
            ],
            [
                1.5737102024881285e-11,
                4.3634622302124725e-09,
                0.9999999948610807,
                7.582560388410953e-10,
                1.463778506500431e-12
            ],
            [
                5.789312461331278e-12,
                9.056008369514856e-11,
                2.594589838272035e-11,
                7.88926504781486e-06,
                0.9999921106126569
            ],
            [
                2.0206803237847368e-11,
                1.691894920732541e-10,
                3.775127846173669e-11,
                1.3709566539334283e-06,
                0.9999986288161985
            ]
        ],
        [
            [
                0.9999999998963751,
                1.0261879603479685e-10,
                0.0,
                0.0,
                1.0060392765165092e-12
            ],
            [
                0.9999999998082829,
                1.917171512107156e-10,
                0.0,
                0.0,
                0.0
            ],
            [
                6.91440010510518e-13,
                2.940077738504201e-11,
                0.9999999998508908,
                1.1628233027134936e-10,
                2.7346982908661088e-12
            ],
            [
                1.136105385375825e-10,
                1.5683451075610923e-09,
                5.769619217335402e-10,
                0.022977367804210478,
                0.977022629936872
            ],
            [
                7.433667080725534e-12,
                3.775127641881543e-11,
                9.54501747084655e-12,
                1.0677030761018164e-06,
                0.9999989322421939
            ]
        ],
        [
            [
                0.9999999998082829,
                1.9171715112756265e-10,
                0.0,
                0.0,
                0.0
            ],
            [
                0.9999999999842628,
                1.5737102094675887e-11,
                0.0,
                0.0,
                0.0
            ],
            [
                3.160875771404205e-10,
                2.2603231875497033e-06,
                0.9999976515011567,
                8.764232462310673e-08,
                2.172436029276254e-10
            ],
            [
                1.5736892933048478e-11,
                1.9171460311710024e-10,
                7.991853665725807e-11,
                1.3007124764164057e-05,
                0.9999869925878657
            ],
            [
                7.052879469713998e-11,
                2.7894679420230253e-10,
                4.847368444139388e-11,
                5.31578496696302e-08,
                0.9999999464442011
            ]
        ],
        [
            [
                0.9999999999970108,
                2.7346982895100984e-12,
                0.0,
                0.0,
                2.5436656454405694e-13
            ],
            [
                0.999999999979793,
                2.0206839080516082e-11,
                0.0,
                0.0,
                0.0
            ],
            [
                7.433680657980525e-12,
                1.10325603021061e-09,
                0.9999999981289243,
                7.582560413252411e-10,
                2.1297851668382347e-12
            ],
            [
                1.2256068998216741e-11,
                7.991960906365685e-11,
                2.2897351359928814e-11,
                1.8553915978868556e-07,
                0.9999998143457672
            ],
            [
                3.098819089795843e-12,
                2.594609457311243e-11,
                8.423463621474038e-12,
                1.5229979504252734e-08,
                0.999999984732552
            ]
        ],
        [
            [
                0.999999999994891,
                5.109089024616763e-12,
                0.0,
                0.0,
                0.0
            ],
            [
                0.999999694097166,
                3.059023588493915e-07,
                4.75219365850065e-13,
                0.0,
                0.0
            ],
            [
                5.211413199318073e-10,
                8.764249415884147e-08,
                0.9999998241033097,
                8.764249415884147e-08,
                9.056078225952022e-11
            ],
            [
                7.43368045652088e-12,
                4.2777877447666557e-11,
                9.545034645707744e-12,
                2.8453347263712513e-08,
                0.999999971486896
            ],
            [
                4.5087556046026096e-12,
                3.7751348476356915e-11,
                9.545035689846215e-12,
                1.1253518376219174e-07,
                0.9999998874130112
            ]
        ],
        [
            [
                0.9999999997538302,
                2.4616969493427923e-10,
                0.0,
                0.0,
                0.0
            ],
            [
                0.9999999998506905,
                1.493094674841822e-10,
                0.0,
                0.0,
                0.0
            ],
            [
                3.7010116780088424e-13,
                6.560200167118916e-12,
                0.9999999999221709,
                7.052879849999578e-11,
                3.7010116780088424e-13
            ],
            [
                5.109088935267439e-12,
                3.331544481655893e-11,
                7.43368053733497e-12,
                1.7257827674507966e-08,
                0.9999999826963141
            ],
            [
                1.6918980580306729e-10,
                2.78946831613141e-10,
                1.3176515324712772e-10,
                1.1253518372631062e-07,
                0.9999998868849145
            ]
        ],
        [
            [
                0.9999999999293352,
                7.052879847370111e-11,
                0.0,
                0.0,
                1.3615261073672685e-13
            ],
            [
                0.9999999999821676,
                1.7832472900588388e-11,
                0.0,
                0.0,
                0.0
            ],
            [
                4.847369559415911e-11,
                6.825604577653404e-08,
                0.9999998633771933,
                6.825604577653404e-08,
                6.22414571836849e-11
            ],
            [
                1.0261508980520685e-10,
                2.789367339431868e-10,
                1.3176038344558075e-10,
                3.535625748307569e-05,
                0.9999646432292048
            ],
            [
                5.492380236533789e-11,
                3.581481806251276e-10,
                2.461514047621428e-10,
                7.48461979022127e-05,
                0.9999251531428743
            ]
        ],
        [
            [
                0.9999999998832982,
                1.1628233014326866e-10,
                0.0,
                0.0,
                4.1937956526472354e-13
            ],
            [
                0.9999999999377585,
                6.224144614736293e-11,
                0.0,
                0.0,
                0.0
            ],
            [
                7.433680648141079e-12,
                2.646573630289365e-09,
                0.9999999968229718,
                5.211412470915241e-10,
                1.879528810417556e-12
            ],
            [
                1.5737073323642256e-11,
                1.1628211762137765e-10,
                1.5737073323642256e-11,
                2.260325272829823e-06,
                0.9999977395269709
            ],
            [
                1.57371033720966e-11,
                6.224145123317418e-11,
                1.081594242686725e-11,
                1.1253518376687757e-07,
                0.9999998873760216
            ]
        ],
        [
            [
                0.9999999999915765,
                8.423463748758632e-12,
                0.0,
                0.0,
                0.0
            ],
            [
                0.9999999997203617,
                2.78946808470635e-10,
                0.0,
                0.0,
                6.914400086707203e-13
            ],
            [
                2.734698277438002e-12,
                7.582560388667141e-10,
                0.9999999948728122,
                4.363462230359898e-09,
                2.734698277438002e-12
            ],
            [
                4.508755841062248e-12,
                4.277788437063712e-11,
                7.433681659552774e-12,
                6.023574637823399e-08,
                0.9999999397095333
            ],
            [
                2.0206839541009746e-11,
                7.991960071243877e-11,
                1.7832473305965027e-11,
                6.47594614436559e-07,
                0.9999993522874266
            ]
        ],
        [
            [
                0.9999999999705993,
                2.9400777363349313e-11,
                0.0,
                0.0,
                0.0
            ],
            [
                0.999999996149258,
                3.850741905362646e-09,
                0.0,
                0.0,
                0.0
            ],
            [
                3.7751344349132205e-11,
                9.237449394361116e-09,
                0.9999999711462215,
                1.9555680521321224e-08,
                2.289734779311795e-11
            ],
            [
                5.491353841874808e-11,
                3.5808125128595473e-10,
                1.9166708208918765e-10,
                0.0002611903277149663,
                0.9997388090676231
            ],
            [
                2.7346982204401744e-12,
                3.775134446057206e-11,
                8.423463535305982e-12,
                2.510999090412512e-08,
                0.9999999748410997
            ]
        ],
        [
            [
                0.9999999999607849,
                3.775134538071104e-11,
                0.0,
                0.0,
                1.4637785117188085e-12
            ],
            [
                0.9999999998074993,
                1.9171715099019936e-10,
                0.0,
                0.0,
                7.835041769304499e-13
            ],
            [
                7.433680668092917e-12,
                4.0586521241502104e-10,
                0.9999999994698086,
                1.162823302355835e-10,
                6.101936674109101e-13
            ],
            [
                8.8931890047483e-11,
                9.561079225631822e-10,
                5.117676924494931e-10,
                0.017986211564077287,
                0.9820137868791152
            ],
            [
                9.544962593627525e-12,
                6.224097458336207e-11,
                3.775105937520385e-11,
                7.88926504442716e-06,
                0.9999921106254186
            ]
        ],
        [
            [
                0.9999999999450722,
                5.4927883484226856e-11,
                0.0,
                0.0,
                0.0
            ],
            [
                0.999999999987744,
                1.2256067438309889e-11,
                0.0,
                0.0,
                0.0
            ],
            [
                6.224145329043336e-11,
                1.3440411475963234e-08,
                0.9999998008264245,
                1.8553915731120201e-07,
                1.3176515764984445e-10
            ],
            [
                1.0815942081965839e-11,
                5.492788617409247e-11,
                1.7832473773197705e-11,
                1.444980316205079e-07,
                0.9999998554183921
            ],
            [
                5.789345871513056e-12,
                6.224133380339357e-11,
                1.3887918779403089e-11,
                1.7603431324720414e-06,
                0.9999982395749488
            ]
        ],
        [
            [
                0.999999999944462,
                5.492788341832448e-11,
                0.0,
                0.0,
                6.101936667471435e-13
            ],
            [
                0.9999999998674514,
                1.317651425552002e-10,
                0.0,
                0.0,
                7.835041776397512e-13
            ],
            [
                2.5946094343075614e-11,
                1.5229979369224475e-08,
                0.9999999754772243,
                9.237449434225516e-09,
                2.9400776667982064e-11
            ],
            [
                1.7832473306212195e-11,
                7.052880008550241e-11,
                1.5737102458154742e-11,
                6.47594614445535e-07,
                0.9999993523012872
            ],
            [
                1.9171714501418903e-10,
                2.461696870130282e-10,
                4.2777877270215746e-11,
                3.2241866302703624e-08,
                0.9999999672774691
            ]
        ],
        [
            [
                0.9999999999942106,
                5.789356323057384e-12,
                0.0,
                0.0,
                0.0
            ],
            [
                0.999999999979793,
                2.02068390778811e-11,
                0.0,
                0.0,
                0.0
            ],
            [
                4.847368649411664e-11,
                7.194132945939751e-09,
                0.9999999883864975,
                4.363462201761229e-09,
                7.433680585156713e-12
            ],
            [
                1.2255974571545725e-11,
                7.991899332441503e-11,
                1.783233777937802e-11,
                7.88926504442345e-06,
                0.9999921106249483
            ],
            [
                7.433581867963499e-12,
                6.224061895005998e-11,
                2.0206570512047826e-11,
                1.3007124768232214e-05,
                0.999986992785351
            ]
        ],
        [
            [
                0.9999999999613609,
                3.7751345399682906e-11,
                0.0,
                0.0,
                8.878265468321611e-13
            ],
            [
                0.9999999999572222,
                4.277787865923486e-11,
                0.0,
                0.0,
                0.0
            ],
            [
                1.5737101903443523e-11,
                5.602796365114953e-09,
                0.9999999871765174,
                7.194132937333291e-09,
                1.0815941417477736e-11
            ],
            [
                1.5737104097482535e-11,
                7.991960903873996e-11,
                2.0206841646228374e-11,
                1.855391597308392e-07,
                0.9999998143449766
            ],
            [
                2.4133626420159926e-12,
                2.940077581134721e-11,
                1.0815940975485272e-11,
                5.315784968482963e-08,
                0.9999999467995202
            ]
        ],
        [
            [
                0.999999999989184,
                1.0815941548964337e-11,
                0.0,
                0.0,
                0.0
            ],
            [
                0.9999999999192968,
                7.991959885442129e-11,
                0.0,
                0.0,
                7.835041777700078e-13
            ],
            [
                6.224144487289098e-11,
                1.9555680661749252e-08,
                0.9999999783134905,
                2.061153577527817e-09,
                7.433680510378767e-12
            ],
            [
                5.789356608724366e-12,
                6.224144923929394e-11,
                1.3887944536634026e-11,
                1.444980315993592e-07,
                0.9999998554200497
            ],
            [
                1.5737103765465187e-11,
                7.991960735261675e-11,
                2.0206841219909662e-11,
                8.764249143146236e-08,
                0.9999999122416451
            ]
        ],
        [
            [
                0.9999999998676248,
                1.3176514249685255e-10,
                0.0,
                0.0,
                6.101936668153521e-13
            ],
            [
                0.9999999999572222,
                4.277787865541112e-11,
                0.0,
                0.0,
                0.0
            ],
            [
                1.0603575990479812e-13,
                1.139991852932111e-12,
                0.9999999999921001,
                6.560200167507857e-12,
                9.357622967918818e-14
            ],
            [
                5.492788296501129e-11,
                7.991959813724478e-11,
                2.020683888989874e-11,
                9.237449570393796e-09,
                0.9999999906074962
            ],
            [
                4.508755341978051e-12,
                3.775134627742841e-11,
                1.2256067715066586e-11,
                6.475946143071368e-07,
                0.9999993523508696
            ]
        ],
        [
            [
                0.9999999999915765,
                8.423463750005987e-12,
                0.0,
                0.0,
                0.0
            ],
            [
                0.9999999996418252,
                3.5817479262834954e-10,
                0.0,
                0.0,
                0.0
            ],
            [
                4.847369005311956e-11,
                8.315279773946117e-07,
                0.9999991531733614,
                1.5229980684273722e-08,
                2.0206840336813443e-11
            ],
            [
                1.8795288579636086e-12,
                2.5946095554612603e-11,
                6.5602003127395795e-12,
                6.475946142624741e-07,
                0.9999993523709999
            ],
            [
                3.3315447035375215e-11,
                1.02618801287599e-10,
                2.0206840068987427e-11,
                1.4449803161002242e-07,
                0.9999998553458274
            ]
        ],
        [
            [
                0.9999999999613609,
                3.775134541270711e-11,
                0.0,
                0.0,
                8.878265471384612e-13
            ],
            [
                0.9999999999094393,
                9.056076983502822e-11,
                0.0,
                0.0,
                0.0
            ],
            [
                1.516799896841294e-08,
                0.004070135893741739,
                0.9959295034713553,
                3.4522173607054e-07,
                2.4516786923924816e-10
            ],
            [
                2.1297851010841866e-12,
                3.3315444328688425e-11,
                8.423463478121114e-12,
                3.2241866314812377e-08,
                0.999999967714265
            ],
            [
                2.940077641566684e-11,
                1.6918978663824256e-10,
                3.7751344188069735e-11,
                3.224186630096166e-08,
                0.9999999675217919
            ]
        ],
        [
            [
                0.9999999999915765,
                8.423463749421492e-12,
                0.0,
                0.0,
                0.0
            ],
            [
                0.9999999998082829,
                1.9171715125090397e-10,
                0.0,
                0.0,
                0.0
            ],
            [
                2.0206839006465342e-11,
                3.3982678054093383e-09,
                0.9999999959099535,
                6.691586063556329e-10,
                2.4133627618298873e-12
            ],
            [
                5.789345739642792e-12,
                5.492778304307848e-11,
                1.3887918463062769e-11,
                2.2603252726999143e-06,
                0.9999977396001223
            ],
            [
                2.7346985789649707e-12,
                2.02068412136381e-11,
                3.978962953962628e-12,
                8.764249140426092e-08,
                0.999999912330588
            ]
        ],
        [
            [
                0.9999999999942106,
                5.789356324821838e-12,
                0.0,
                0.0,
                0.0
            ],
            [
                0.999999999979793,
                2.0206839083424824e-11,
                0.0,
                0.0,
                0.0
            ],
            [
                1.10325181995677e-09,
                3.7266389431924378e-06,
                0.9999961083889525,
                1.637370878854513e-07,
                1.3176463960309758e-10
            ],
            [
                5.492736381370124e-11,
                3.581714041857114e-10,
                1.3176389601543027e-10,
                1.0129988092833549e-05,
                0.9999898694670445
            ],
            [
                1.3887943667760974e-11,
                6.224144534527509e-11,
                1.3887943667760974e-11,
                1.344040976028677e-08,
                0.999999986469573
            ]
        ],
        [
            [
                0.9999999999730478,
                2.5946094959772045e-11,
                0.0,
                0.0,
                1.0060392783917962e-12
            ],
            [
                0.9999999998965976,
                1.0261879614168131e-10,
                0.0,
                0.0,
                7.835041771677199e-13
            ],
            [
                1.1399918518915417e-12,
                2.172439932882143e-10,
                0.999999999022068,
                7.582560420244063e-10,
                1.291780003479687e-12
            ],
            [
                8.423463708861306e-12,
                5.492788321214961e-11,
                1.3887943789770226e-11,
                4.3634622293185136e-09,
                0.9999999955592984
            ],
            [
                3.331544796716556e-11,
                1.493094790278624e-10,
                4.84736907663853e-11,
                8.315279896301238e-07,
                0.9999991682409118
            ]
        ],
        [
            [
                0.9999999999915765,
                8.423463750005987e-12,
                0.0,
                0.0,
                0.0
            ],
            [
                0.9999999996835418,
                3.160881451198275e-10,
                0.0,
                0.0,
                3.701011674944893e-13
            ],
            [
                6.101936675304933e-13,
                3.331544540910441e-11,
                0.999999999685248,
                2.7894680918173134e-10,
                1.879528815830513e-12
            ],
            [
                2.413321491157917e-12,
                4.847285791817467e-11,
                1.08157565501344e-11,
                1.6701415106926404e-05,
                0.9999832985231911
            ],
            [
                2.0206762861663222e-11,
                9.056042826402917e-11,
                2.0206762861663222e-11,
                3.7266391136007593e-06,
                0.9999962732299125
            ]
        ],
        [
            [
                0.999999999994891,
                5.109089024616763e-12,
                0.0,
                0.0,
                0.0
            ],
            [
                0.999999999986112,
                1.388794385423599e-11,
                0.0,
                0.0,
                0.0
            ],
            [
                1.9546693899173593e-08,
                0.0003353087793868144,
                0.9995413141060817,
                0.00012335320638069973,
                4.361456940094939e-09
            ],
            [
                2.594198870558699e-11,
                1.916868098634076e-10,
                9.054643758110019e-11,
                0.0001584362477380326,
                0.9998415634440867
            ],
            [
                2.413362883405513e-12,
                4.277788066735631e-11,
                9.545035364117633e-12,
                5.043472049012058e-07,
                0.9999994955980588
            ]
        ],
        [
            [
                0.9999999999915765,
                8.423463750005987e-12,
                0.0,
                0.0,
                0.0
            ],
            [
                0.9999999999915765,
                8.423463750007877e-12,
                0.0,
                0.0,
                0.0
            ],
            [
                2.413362768675702e-12,
                4.058652121165574e-10,
                0.9999999987294059,
                8.592166607932587e-10,
                3.0988191346674995e-12
            ],
            [
                9.545017687543347e-12,
                1.0261861102011055e-10,
                2.5946048132369256e-11,
                1.7603431335306058e-06,
                0.9999982395187568
            ],
            [
                1.1628232924713764e-10,
                2.461696929479509e-10,
                3.775134510025923e-11,
                8.152020640503905e-09,
                0.9999999914477761
            ]
        ],
        [
            [
                0.9999999999196609,
                7.991959886963977e-11,
                0.0,
                0.0,
                4.1937956552363047e-13
            ],
            [
                0.9999999999705993,
                2.940077737845474e-11,
                0.0,
                0.0,
                0.0
            ],
            [
                2.9973426457190578e-09,
                0.0002033587754957867,
                0.9994613470559528,
                0.0003352819387434355,
                9.23246531932439e-09
            ],
            [
                1.7832235882643657e-11,
                1.4930748302947994e-10,
                7.991853665493433e-11,
                1.3007124763785857e-05,
                0.999986992628178
            ],
            [
                9.54503612199782e-12,
                5.4927890410220025e-11,
                1.573710408393887e-11,
                3.0590235893279756e-07,
                0.999999694017431
            ]
        ],
        [
            [
                0.9999999998502154,
                1.4930946746906296e-10,
                0.0,
                0.0,
                4.752193057976184e-13
            ],
            [
                0.999999999987744,
                1.2256067435744902e-11,
                0.0,
                0.0,
                0.0
            ],
            [
                2.5946094834233916e-11,
                4.3634622279646695e-09,
                0.9999999943553297,
                1.2501528592301302e-09,
                5.109088998815886e-12
            ],
            [
                1.2256066989716002e-11,
                5.4927881473141355e-11,
                1.2256066989716002e-11,
                3.653482078271239e-08,
                0.9999999633857393
            ],
            [
                2.1724401551432068e-10,
                4.058652537609726e-10,
                1.9171717079642776e-10,
                2.1024340653545482e-07,
                0.999999788941767
            ]
        ],
        [
            [
                0.999999999990455,
                9.545034918873633e-12,
                0.0,
                0.0,
                0.0
            ],
            [
                0.9999999999088292,
                9.056076981980391e-11,
                0.0,
                0.0,
                6.101936672422174e-13
            ],
            [
                1.8795288054722657e-12,
                4.363462227251283e-09,
                0.9999999942145379,
                1.416608778302089e-09,
                3.5114220927009744e-12
            ],
            [
                5.109089265069954e-12,
                6.224144911640964e-11,
                1.3887944509214833e-11,
                5.043472049809748e-07,
                0.9999994955715565
            ],
            [
                5.109089706033421e-12,
                6.224145448844442e-11,
                2.0206841771645916e-11,
                6.023574637207632e-08,
                0.9999999396766962
            ]
        ],
        [
            [
                0.999999999979793,
                2.0206839080520615e-11,
                0.0,
                0.0,
                0.0
            ],
            [
                0.9999999998501521,
                1.4930946748412788e-10,
                0.0,
                0.0,
                5.384940212863949e-13
            ],
            [
                4.2777878522826424e-11,
                2.3355930296888956e-09,
                0.9999999962019215,
                1.416608781117434e-09,
                3.09881912663427e-12
            ],
            [
                4.2777146939969455e-11,
                1.917138719011065e-10,
                7.991823184108208e-11,
                1.6701415094337868e-05,
                0.9999832982704965
            ],
            [
                7.577182272566343e-10,
                1.4156040149449172e-09,
                9.729294624850966e-10,
                0.0007096703440317365,
                0.9992903265097166
            ]
        ],
        [
            [
                0.999999999986112,
                1.3887943855473907e-11,
                0.0,
                0.0,
                0.0
            ],
            [
                0.9999999999572222,
                4.277787863435157e-11,
                0.0,
                0.0,
                0.0
            ],
            [
                7.28772409513207e-14,
                5.384940217245949e-13,
                0.9999999999962073,
                3.0988191384294414e-12,
                8.258073284776743e-14
            ],
            [
                5.109088935139739e-12,
                5.492788251052413e-11,
                1.081594136056646e-11,
                1.725782767407661e-08,
                0.9999999826713194
            ],
            [
                1.2256067224454284e-11,
