{
    "[['A', 'B', 'C', 'D', 'E'], ['A', 'B', 'C', 'D', 'E']]": [
        [
            [
                0.9999999999906888,
                8.423463745096978e-12,
                0.0,
                0.0,
                8.878265468581992e-13
            ],
            [
                1.0261860755068975e-10,
                1.6052251023834127e-09,
                9.237432669767158e-09,
                0.9999977287294745,
                2.260325249125962e-06
            ],
            [
                1.2256068122995991e-11,
                4.599055633406352e-10,
                2.5109992948349723e-08,
                0.9999998618826644,
                1.1253518095288483e-07
            ],
            [
                4.847369295302111e-11,
                1.1032561664065863e-09,
                4.3634627831732804e-09,
                0.9999998089456485,
                1.8553915880753323e-07
            ],
            [
                4.830842924530614e-09,
                1.158858974069225e-08,
                6.202925099123449e-09,
                0.9770226101157639,
                0.02297736726187832
            ]
        ],
        [
            [
                0.9999999998642559,
                1.3176514237531857e-10,
                0.0,
                0.0,
                3.978962526003882e-12
            ],
            [
                6.224133373760812e-11,
                5.211403069093098e-10,
                1.2501506069351741e-09,
                0.9999982378233372,
                1.7603431306114615e-06
            ],
            [
                2.0206801052294884e-11,
                1.2501505130635129e-09,
                1.067703018398918e-06,
                0.9999988778688718,
                5.31577524783942e-08
            ],
            [
                3.1608755115196433e-10,
                1.522995111072736e-08,
                3.6534753447850625e-08,
                0.999998880216187,
                1.0677030208779013e-06
            ],
            [
                8.64098690034881e-08,
                1.4246578902446253e-07,
                3.6020992512949395e-08,
                0.9859361148642963,
                0.014063620239053052
            ]
        ],
        [
            [
                0.9999999999359017,
                6.224144617160936e-11,
                1.9810087962198846e-13,
                0.0,
                1.6586783573827487e-12
            ],
            [
                1.4930919139743118e-10,
                2.3355887179558116e-09,
                1.955564490987059e-08,
                0.9999989102564042,
                1.0677030530245016e-06
            ],
            [
                6.22414495307356e-11,
                4.363462484407782e-09,
                8.315279702055671e-07,
                0.9999991444906438,
                1.9555682125200533e-08
            ],
            [
                2.0611459430571844e-09,
                4.139922294335354e-08,
                1.9555608227908638e-08,
                0.9999970346716597,
                2.9023123631356995e-06
            ],
            [
                6.808726123338157e-08,
                7.715297474016322e-08,
                2.838299323212565e-08,
                0.9975272032553987,
                0.002472623121372122
            ]
        ],
        [
            [
                0.9999999998946465,
                1.026187960665319e-10,
                0.0,
                0.0,
                2.7346982849166223e-12
            ],
            [
                4.847369287238148e-11,
                1.1032561645712367e-09,
                4.944451094542005e-09,
                0.9999996880014619,
                3.059023571648975e-07
            ],
            [
                1.0261880338000019e-10,
                5.60279682316298e-09,
                2.3823675594702058e-07,
                0.9999995178210724,
                2.3823675594702058e-07
            ],
            [
                1.522884682211756e-08,
                3.223946897541475e-08,
                4.139629758494844e-08,
                0.9999250649449306,
                7.484619045610833e-05
            ],
            [
                1.1032161727475835e-09,
                3.3981450432959724e-09,
                6.348570739906044e-09,
                0.9999646328929324,
                3.53562571357163e-05
            ]
        ],
        [
            [
                0.9999999998957225,
                1.0261879622850674e-10,
                0.0,
                0.0,
                1.6586783574835654e-12
            ],
            [
                6.348801255306561e-09,
                3.9278605044165577e-07,
                1.8553899261188326e-07,
                0.9999992708282429,
                1.4449791273641428e-07
            ],
            [
                1.3887946324351367e-11,
                9.736202037173206e-10,
                6.825604585066899e-08,
                0.9999997452172769,
                1.8553916911834094e-07
            ],
            [
                4.0585054982267405e-10,
                2.3355086600679576e-09,
                6.348570750871461e-09,
                0.9999646346528732,
                3.535625719678456e-05
            ],
            [
                8.587416147161273e-10,
                3.848612908917729e-09,
                1.604340550172224e-09,
                0.9994472151096923,
                0.000552778578612639
            ]
        ],
        [
            [
                0.9999999999934273,
                5.1090890241557465e-12,
                0.0,
                0.0,
                1.4637785130063688e-12
            ],
            [
                1.0261861058787911e-10,
                9.73618269151941e-10,
                3.398261668990665e-09,
                0.9999982351823754,
                1.7603431261160086e-06
            ],
            [
                1.748234128032153e-13,
                3.51142211289666e-12,
                0.9999999999338742,
                6.224144622057225e-11,
                1.981008797778266e-13
            ],
            [
                1.6918754210389776e-10,
                1.8189374960788532e-09,
                6.348715679502101e-09,
                0.9999869845384971,
                1.3007124662130702e-05
            ],
            [
                7.1857127634755605e-09,
                2.5080601938340584e-08,
                6.341369256629775e-09,
                0.9988304510949683,
                0.0011695102973477405
            ]
        ],
        [
            [
                0.999999999995121,
                4.508755239255755e-12,
                0.0,
                0.0,
                3.7010116760980516e-13
            ],
            [
                5.211413135948679e-10,
                6.825604225126149e-08,
                1.8553915933413695e-07,
                0.999999692525798,
                5.315785915463735e-08
            ],
            [
                2.2897349342702205e-11,
                7.582560721396499e-10,
                1.1253517907495665e-07,
                0.9999998452842888,
                4.139937879022325e-08
            ],
            [
                2.9400779254628734e-11,
                1.8189618027375435e-09,
                9.237450246925741e-09,
                0.9999997506772054,
                2.3823698183637383e-07
            ],
            [
                3.844958683480143e-09,
                1.723190930765439e-08,
                1.723190930765439e-08,
                0.998498779723566,
                0.0015011819676566888
            ]
        ],
        [
            [
                0.9999999999790095,
                2.0206839070124235e-11,
                0.0,
                0.0,
                7.835041777271574e-13
            ],
            [
                7.433667065449571e-12,
                3.160875668511473e-10,
                2.061149849621584e-09,
                0.999998929912255,
                1.0677030739077186e-06
            ],
            [
                3.331544671293241e-11,
                7.582560721803215e-10,
                7.194133309161694e-09,
                0.999999487667094,
                5.043472011326209e-07
            ],
            [
                7.99196044967532e-11,
                1.6052281670060915e-09,
                5.602796827829092e-09,
                0.9999991611840714,
                8.315279840207506e-07
            ],
            [
                4.0015708925207074e-10,
                2.30274505663263e-09,
                1.3966854783493946e-09,
                0.9859363686890172,
                0.014063627211395108
            ]
        ],
        [
            [
                0.9999999999914264,
                7.433680666651822e-12,
                0.0,
                0.0,
                1.1399918521701757e-12
            ],
            [
                5.602775949175195e-09,
                4.139922579819494e-08,
                1.8553863472357416e-07,
                0.9999968651468002,
                2.9023125632757237e-06
            ],
            [
                7.433681204322884e-12,
                4.5990557077709315e-10,
                6.825603864790204e-08,
                0.9999998781187657,
                5.315785634833818e-08
            ],
            [
                5.49275759136328e-11,
                1.416600853640016e-09,
                4.944422813036863e-09,
                0.9999938494119626,
                6.144172086223255e-06
            ],
            [
                1.3350449254229176e-08,
                1.7142316166630168e-08,
                1.7142316166630168e-08,
                0.9933071012672067,
                0.0066928510977116535
            ]
        ],
        [
            [
                0.9999999999912883,
                8.423463747157684e-12,
                0.0,
                0.0,
                2.8823507909427133e-13
            ],
            [
                3.511422275919915e-12,
                9.05607740887783e-11,
                2.4616970657671075e-10,
                0.9999994953125533,
                5.043472049308892e-07
            ],
            [
                8.258073284679775e-14,
                2.4133627715771667e-12,
                0.9999999999488323,
                4.847368705755971e-11,
                1.9810087978388034e-13
            ],
            [
                1.1032371442341007e-09,
                7.194009864380115e-09,
                7.194009864380115e-09,
                0.9999832830938915,
                1.6701414851584706e-05
            ],
            [
                1.690962505414279e-10,
                1.249461681369443e-09,
                1.4158255714100604e-09,
                0.9994472185849768,
                0.0005527785806398244
            ]
        ],
        [
            [
                0.999999999976215,
                2.2897348440588962e-11,
                0.0,
                0.0,
                8.878265472307522e-13
            ],
            [
                8.42346415963974e-12,
                1.6918980039959198e-10,
                5.905304282990904e-10,
                0.9999998547338247,
                1.444980315613221e-07
            ],
            [
                6.224085521133081e-11,
                2.998932348027517e-09,
                1.0129987746946822e-05,
                0.9999898347095186,
                3.2241561217794763e-08
            ],
            [
                1.4930949199143704e-10,
                1.3440412145007399e-08,
                6.825604490475194e-08,
                0.9999996122521547,
                3.05902078703036e-07
            ],
            [
                1.3086792291659168e-07,
                5.455386665814177e-08,
                1.37933775954306e-08,
                0.6224592072376326,
                0.3775405935472003
            ]
        ],
        [
            [
                0.9999999999434135,
                5.492788343777041e-11,
                0.0,
                0.0,
                1.6586783567467708e-12
            ],
            [
                5.492787952351208e-11,
                1.8189615555537034e-09,
                1.725782673558532e-08,
                0.9999999277104351,
                5.315784868665797e-08
            ],
            [
                2.7879257183410897e-10,
                1.5221558665124823e-08,
                0.0005527782908242504,
                0.9994468136396525,
                3.925691720430647e-07
            ],
            [
                1.0261861313641194e-10,
                3.850735048966052e-09,
                7.194120188373399e-09,
                0.9999986178958871,
                1.370956639141215e-06
            ],
            [
                2.1952546832496146e-09,
                6.761860463011679e-09,
                8.075890661028599e-10,
                0.060086653986533,
                0.9399133362487627
            ]
        ],
        [
            [
                0.9999999999687197,
                2.9400777363299876e-11,
                0.0,
                0.0,
                1.879528814650344e-12
            ],
            [
                7.991945426172472e-11,
                8.592151065918286e-10,
                3.850734952281953e-09,
                0.9999982348670049,
                1.7603431256354993e-06
            ],
            [
                2.172435885141215e-10,
                3.850734744081096e-09,
                3.2241807266161e-08,
                0.9999988959871765,
                1.0677030378244503e-06
            ],
            [
                5.492778295915943e-11,
                5.905293188758631e-10,
                1.8189583577815223e-09,
                0.9999989298325108,
                1.0677030737479233e-06
            ],
            [
                1.0457863886091583e-08,
                5.597691162926539e-09,
                2.9962281682761875e-09,
                0.9990889298905667,
                0.0009110510576501104
            ]
        ],
        [
            [
                0.9999999999725901,
                2.5946094953428306e-11,
                0.0,
                0.0,
                1.4637785124708647e-12
            ],
            [
                1.3887944171738317e-11,
                1.3176514561154813e-10,
                4.058652216128284e-10,
                0.9999993518538675,
                6.475946142944694e-07
            ],
            [
                1.9171642403752742e-10,
                1.186107515251639e-08,
                2.9023121656596186e-06,
                0.9999968473987526,
                2.3823629012429452e-07
            ],
            [
                2.1724193503826677e-10,
                4.363420907475844e-09,
                1.0467302612123297e-08,
                0.9999898549640831,
                1.0129987951419123e-05
            ],
            [
                6.347795153379584e-09,
                1.3438282445158437e-08,
                1.0465744891424103e-08,
                0.9998415335061819,
                0.00015843624199570752
            ]
        ],
        [
            [
                0.9999999997454068,
                2.4616969472370686e-10,
                0.0,
                0.0,
                8.42346373880251e-12
            ],
            [
                8.42346442123836e-12,
                2.1724401070411924e-10,
                1.4166088987766201e-09,
                0.9999998858225401,
                1.1253518362712033e-07
            ],
            [
                2.4133627323552243e-12,
                1.1628232840005364e-10,
                5.602796345886256e-09,
                0.9999999838111062,
                1.0467401623518025e-08
            ],
            [
                1.6918914970859722e-10,
                6.348776004423398e-09,
                9.237414579770092e-09,
                0.9999970819324663,
                2.9023121540099035e-06
            ],
            [
                1.9429467962190743e-07,
                2.8269709075586927e-07,
                3.825889084761197e-08,
                0.9241413505730878,
                0.07585813417625098
            ]
        ],
        [
            [
                0.9999999998212652,
                1.691897917834997e-10,
                0.0,
                0.0,
                9.54503489587296e-12
            ],
            [
                1.2256068333901306e-11,
                1.6918980454484834e-10,
                1.605228171726652e-09,
                0.9999997599763419,
                2.3823698404640577e-07
            ],
            [
                4.058629157586833e-10,
                8.764198620454361e-08,
                4.785094875418337e-06,
                0.9999949823599308,
                1.444973446651789e-07
            ],
            [
                1.7257467252653355e-08,
                6.82546070275334e-08,
                4.139851182883638e-08,
                0.9999784281498159,
                2.1444939598023443e-05
            ],
            [
                1.1831791862619234e-08,
                2.210469731651785e-08,
                2.210469731651785e-08,
                0.9975273208457252,
                0.0024726231130883496
            ]
        ],
        [
            [
                0.9999999998280755,
                1.6918979183726669e-10,
                0.0,
                0.0,
                2.7346982847345707e-12
            ],
            [
                3.5114222475378695e-12,
                1.1628233474502369e-10,
                5.905304224568751e-10,
                0.9999996065033063,
                3.927863695553429e-07
            ],
            [
                2.172431837203619e-10,
                6.348776450582814e-09,
                3.726639280797926e-06,
                0.9999961985389202,
                6.825577933566688e-08
            ],
            [
                2.3820722829362984e-07,
                8.31424921691176e-07,
                1.8551597592834784e-07,
                0.9998753504526893,
                0.00012339439918479978
            ],
            [
                4.361581767064857e-09,
                4.942319632274018e-09,
                3.3968032956200724e-09,
                0.9995694301870275,
                0.0004305571122678635
            ]
        ],
        [
            [
                0.9999999999759628,
                2.2897348440583184e-11,
                0.0,
                0.0,
                1.139991852254118e-12
            ],
            [
                4.277788355272599e-11,
                9.736201419831459e-10,
                1.0467402984690336e-08,
                0.9999999202601575,
                6.825604152276923e-08
            ],
            [
                3.775134470161702e-11,
                8.592166450483694e-10,
                4.139937637505573e-08,
                0.9999993101090683,
                6.475945872753335e-07
            ],
            [
                1.917160763789744e-10,
                7.194092691365935e-09,
                6.348764517036914e-09,
                0.9999938420933848,
                6.144172041944556e-06
            ],
            [
                7.567953488169703e-10,
                4.934925580742597e-09,
                5.893928102834535e-10,
                0.11920292325482844,
                0.8807970704640579
            ]
        ],
        [
            [
                0.9999999999346596,
                6.224144609672175e-11,
                0.0,
                0.0,
                3.098819132132205e-12
            ],
            [
                1.9171716211876301e-10,
                8.152021171271252e-09,
                4.1399379507678995e-08,
                0.9999998626143951,
                8.764248710551085e-08
            ],
            [
                1.1176086870035545e-14,
                4.752193062406063e-13,
                0.9999999999937033,
                5.789356328285882e-12,
                2.0879679114855244e-14
            ],
            [
                4.939944839073648e-09,
                1.12432626305125e-07,
                7.727373864582425e-08,
                0.9990887543465421,
                0.0009110510071481477
            ],
            [
                4.0549534419786015e-10,
                2.996227846133182e-09,
                4.3594857923637644e-09,
                0.9990889408446706,
                0.0009110513941204357
            ]
        ],
        [
            [
                0.9999999999609568,
                3.775134541605541e-11,
                0.0,
                0.0,
                1.2917800038711554e-12
            ],
            [
                3.331544664991022e-11,
                5.211412680018556e-10,
                9.237450002529197e-09,
                0.999999485860893,
                5.04347200178557e-07
            ],
            [
                5.492788253971514e-11,
                3.398267759493709e-09,
                3.9278634761288937e-07,
                0.999999550602605,
                5.3157851605664994e-08
            ],
            [
                4.0586522301519733e-10,
                2.646573706514544e-09,
                1.0467402062129309e-08,
                0.9999995936937944,
                3.927863645816389e-07
            ],
            [
                8.57926264691886e-10,
                6.339265298554371e-09,
                1.045168153833779e-08,
                0.9984988003521791,
                0.0015011819989477653
            ]
        ],
        [
            [
                0.9999999999557585,
                4.2777878619129175e-11,
                0.0,
                0.0,
                1.463778511711451e-12
            ],
            [
                1.4930920674597802e-10,
                4.944441862986893e-09,
                8.764232906535262e-08,
                0.9999985363072289,
                1.3709566910421964e-06
            ],
            [
                1.317648954508899e-10,
                6.348788202868407e-09,
                2.26032516559687e-06,
                0.9999976917949819,
                4.1399299504190563e-08
            ],
            [
                3.6221407336452284e-08,
                5.971900473030255e-08,
                2.489458492506432e-08,
                0.9914223945332342,
                0.008577484631768802
            ],
            [
                4.5957933524449284e-10,
                2.333936445200199e-09,
                2.644696472434893e-09,
                0.9992903242251004,
                0.0007096703366872406
            ]
        ],
        [
            [
                0.9999999999729139,
                2.5946094962388103e-11,
                0.0,
                0.0,
                1.1399918521490717e-12
            ],
            [
                2.289734923593455e-11,
                7.582560686039906e-10,
                1.1861120555123958e-08,
                0.9999994830105272,
                5.043471987538567e-07
            ],
            [
                6.224133612952574e-11,
                1.8189584699724912e-09,
                1.1253497565459912e-07,
                0.9999985146271633,
                1.370956661280066e-06
            ],
            [
                1.9171680270616428e-10,
                2.5109945890725445e-08,
                1.9555645522577578e-08,
                0.9999985841860988,
                1.3709565930659615e-06
            ],
            [
                2.052927128628223e-08,
                3.384704624166689e-08,
                4.580699589838716e-09,
                0.8175744368684233,
                0.18242550417455952
            ]
        ],
        [
            [
                0.9999999999880651,
                8.423463747130534e-12,
                0.0,
                0.0,
                3.511422110317531e-12
            ],
            [
                3.331544688664778e-11,
                8.592166996998374e-10,
                1.8189617675384434e-09,
                0.9999994929413023,
                5.043472037624179e-07
            ],
            [
                2.461687645028905e-10,
                1.5229922165663557e-08,
                3.7266390829498963e-06,
                0.9999961453500769,
                1.1253474926443543e-07
            ],
            [
                7.991915139776266e-11,
                1.2501458658119038e-09,
                4.944422814128052e-09,
                0.9999938495534246,
                6.1441720875792185e-06
            ],
            [
                1.6051547057902875e-09,
                4.944224569895308e-09,
                3.850565966715346e-09,
                0.9999545917447996,
                4.5397855255136764e-05
            ]
        ],
        [
            [
                0.9999999998398745,
                1.493094668575549e-10,
                0.0,
                0.0,
                1.08159415020749e-11
            ],
            [
                4.277780111449772e-11,
                1.6052251441979982e-09,
                6.348788602864329e-09,
                0.9999982316600886,
                1.7603431198706285e-06
            ],
            [
                9.056060632868202e-11,
                4.944441571425892e-09,
                1.3709566102004118e-06,
                0.9999981196616359,
                5.043467516308223e-07
            ],
            [
                4.0586523943518175e-10,
                1.1861120934192617e-08,
                8.764248797894997e-08,
                0.999999395743311,
                5.043472148722509e-07
            ],
            [
                4.050833390446596e-10,
                2.0571829406488727e-09,
                9.717444140319314e-10,
                0.9980732622460153,
                0.0019267343199739619
            ]
        ],
        [
            [
                0.9999999998795488,
                1.0261879615928766e-10,
                0.0,
                0.0,
                1.7832472880736806e-11
            ],
            [
                7.991945190083481e-11,
                2.335588741990753e-09,
                9.237432667762979e-09,
                0.9999989206439951,
                1.0677030640119585e-06
            ],
            [
                9.545034966566353e-12,
                6.691586121946881e-10,
                5.043471838951152e-07,
                0.9999994535747351,
                4.139937737750187e-08
            ],
            [
                4.847304259649937e-11,
                8.592052384806277e-10,
                2.9989209531451807e-09,
                0.999986988968681,
                1.3007124719755405e-05
            ],
            [
                1.951800654359899e-08,
                6.011969261288601e-08,
                1.52006387801477e-08,
                0.9980731710158562,
                0.0019267341458057894
            ]
        ],
        [
            [
                0.9999999999464062,
                4.277787860958603e-11,
                0.0,
                0.0,
                1.0815941537032244e-11
            ],
            [
                4.8473688332490325e-11,
                2.9989609034162944e-09,
                1.9555681600119443e-08,
                0.9999998328988554,
                1.4449802839610847e-07
            ],
            [
                1.9171681110257263e-10,
                1.0467383216454234e-08,
                8.315280362537109e-07,
                0.9999991046551056,
                5.315775819590045e-08
            ],
            [
                5.211224122742017e-10,
                6.348570640317687e-09,
                1.9554974252852874e-08,
                0.9999646173187516,
                3.535625658109201e-05
            ],
            [
                3.04305185395211e-07,
                2.3699311667847938e-07,
                3.6344106211128585e-08,
                0.9947792990808252,
                0.005220123276766523
            ]
        ],
        [
            [
                0.9999999999838927,
                1.5737102093087836e-11,
                0.0,
                0.0,
                3.7010116753530877e-13
            ],
            [
                2.594609547333789e-11,
                9.73620049709581e-10,
                2.6465736889489463e-09,
                0.999999348759248,
                6.475946122339198e-07
            ],
            [
                1.5737102051295195e-11,
                1.103256028447957e-09,
                4.139937704167047e-08,
                0.9999995646952768,
                3.9278635316117535e-07
            ],
            [
                1.4930946910908007e-10,
                9.237449754114261e-09,
                1.955568128291864e-08,
                0.999999578271201,
                3.9278635846615234e-07
            ],
            [
                3.6464437942273886e-08,
                1.9518007143123586e-08,
                8.136315877782052e-09,
                0.9980732016731578,
                0.001926734208081143
            ]
        ],
        [
            [
                0.9999999999182008,
                7.991959875827539e-11,
                0.0,
                0.0,
                1.8795288125113413e-12
            ],
            [
                1.1628234096859264e-10,
                2.998961099946949e-09,
                3.22418703300597e-08,
                0.9999997791037328,
                1.8553915328079132e-07
            ],
            [
                1.3176440547412664e-10,
                8.151975103861396e-09,
                6.144172116878304e-06,
                0.9999937350095985,
                1.1253454508422665e-07
            ],
            [
                5.492789003966386e-11,
                9.736201470500502e-10,
                7.194133885601931e-09,
                0.9999998062381598,
                1.8553915831947073e-07
            ],
            [
                7.57117278974156e-10,
                3.844958802920336e-09,
                2.6425989626401176e-09,
                0.9984988107410354,
                0.0015011820142895606
            ]
        ],
        [
            [
                0.9999999998963751,
                1.0261879606670929e-10,
                0.0,
                0.0,
                1.0060392768293679e-12
            ],
            [
                2.0611537671773856e-09,
                1.444978969539009e-07,
                6.82560385564404e-08,
                0.9999992808376937,
                5.043472170010947e-07
            ],
            [
                5.789355998155274e-12,
                3.160881273825652e-10,
                1.5229978875072548e-08,
                0.9999999430487686,
                4.139937482392484e-08
            ],
            [
                4.058652515161367e-10,
                1.3440411238285198e-08,
                1.7257829640693756e-08,
                0.9999997833567398,
                1.8553915403015793e-07
            ],
            [
                7.408337718642536e-10,
                1.3840596994146572e-09,
                2.725375139943534e-10,
                0.0229773678010278,
                0.9770226298015412
            ]
        ],
        [
            [
                0.9999999997974949,
                1.691897919195015e-10,
                0.0,
                0.0,
                3.3315445354318054e-11
            ],
            [
                1.1032560568868493e-09,
                3.224186808982757e-08,
                1.1253517722274332e-07,
                0.9999997096216707,
                1.4449802782546182e-07
            ],
            [
                1.5737102324608755e-11,
                5.905304080652568e-10,
                3.224186781868079e-08,
                0.9999994628046761,
                5.043471885630869e-07
            ],
            [
                8.591986943901625e-10,
                6.3486673529768825e-09,
                9.237256492848226e-09,
                0.9999785386154685,
                2.1444939408985636e-05
            ],
            [
                2.0571828243702457e-09,
                3.843323495328712e-09,
                7.567952678168153e-10,
                0.22270014292136997,
                0.7772998504213284
            ]
        ],
        [
            [
                0.9999999997136195,
                2.7894680813285536e-10,
                0.0,
                0.0,
                7.433680641598141e-12
            ],
            [
                1.658678439431294e-12,
                6.224144925045831e-11,
                3.160881607752054e-10,
                0.9999998551219801,
                1.4449803162527806e-07
            ],
            [
                1.658678305198863e-12,
                4.8473685492909395e-11,
                0.9999999677061217,
                3.224186632843255e-08,
                1.879528755671597e-12
            ],
            [
                2.789457500854501e-10,
                5.602775162907587e-09,
                9.237414586036114e-09,
                0.9999970825687085,
                2.9023121559786304e-06
            ],
            [
                0.03269904464336261,
                0.0002829022351367487,
                3.753491494732347e-07,
                0.6567778158836551,
                0.31023986188869607
            ]
        ],
        [
            [
                0.9999999999500626,
                4.847368699161365e-11,
                0.0,
                0.0,
                1.46377851197921e-12
            ],
            [
                1.1032561043251394e-09,
                1.8553897142320308e-07,
                1.4449789623465356e-07,
                0.9999992760738707,
                3.927860055852195e-07
            ],
            [
                4.058613876014637e-10,
                4.139898702254173e-08,
                1.0129988467612685e-05,
                0.999989786807697,
                4.139898702254173e-08
            ],
            [
                7.582546834769948e-10,
                2.998955448665372e-09,
                1.5229952442157157e-08,
                0.9999986100562087,
                1.3709566286863636e-06
            ],
            [
                4.057290114597274e-10,
                2.060461935733335e-09,
                1.8183512761781277e-09,
                0.9996646456628807,
                0.00033535005257707604
            ]
        ],
        [
            [
                0.999999999855979,
                1.317651424103895e-10,
                0.0,
                0.0,
                1.2256067417072713e-11
            ],
            [
                2.020664791320584e-11,
                2.461673661686916e-10,
                4.058613727545489e-10,
                0.9999898693396675,
                1.0129988097045097e-05
            ],
            [
                3.978962388981984e-12,
                1.493094621090136e-10,
                4.363462091897359e-09,
                0.9999999632413832,
                3.2241866182586874e-08
            ],
            [
                7.991929599502664e-11,
                3.3982549383918166e-09,
                1.5229922015612958e-08,
                0.9999962546528575,
                3.7266390462337248e-06
            ],
            [
                9.388974924079825e-06,
                2.5521879923983837e-05,
                1.0430218939951835e-07,
                0.4378081686556257,
                0.5621568161873368
            ]
        ],
        [
            [
                0.9999999999907929,
                8.42346374941678e-12,
                0.0,
                0.0,
                7.835041780365422e-13
            ],
            [
                6.560200302733834e-12,
                2.461697002316178e-10,
                1.8189617248683654e-09,
                0.9999993503336951,
                6.475946132747503e-07
            ],
            [
                7.052879874606422e-11,
                3.3982678308152404e-09,
                3.927863558565376e-07,
                0.99999957150298,
                3.2241867479970114e-08
            ],
            [
                6.689340468083244e-10,
                4.94279119835141e-09,
                5.600916200244226e-09,
                0.9996646387370501,
                0.00033535005030837004
            ],
            [
                5.0636774253118346e-08,
                3.9435959440538514e-08,
                8.799351945574343e-09,
                0.9525740359801844,
                0.047425865147729895
            ]
        ],
        [
            [
                0.9999999999894467,
                8.423463745086516e-12,
                0.0,
                0.0,
                2.129785168583611e-12
            ],
            [
                7.991960395073405e-11,
                1.4166088756460024e-09,
                4.139937978889494e-08,
                0.999999869461604,
                8.7642487700845e-08
            ],
            [
                5.789355778904069e-12,
                2.172439728758114e-10,
                4.139937325607121e-08,
                0.9999999052197458,
                5.3157847495738175e-08
            ],
            [
                5.49277828319455e-11,
                9.736182467477732e-10,
                3.850734864722861e-09,
                0.9999989274176478,
                1.0677030712751e-06
            ],
            [
                5.068574189941135e-09,
                9.469343240302826e-09,
                1.8646242405315405e-09,
                0.09534946857568978,
                0.9046505150217686
            ]
        ],
        [
            [
                0.9999999999848201,
                1.3887943849431248e-11,
                0.0,
                0.0,
                1.2917800033412232e-12
            ],
            [
                7.991960446821258e-11,
                2.6465738223247853e-09,
                6.825603849370113e-08,
                0.9999998758596119,
                5.315785622824639e-08
            ],
            [
                1.573701342955897e-11,
                1.605219009854701e-09,
                4.7850949917976055e-06,
                0.9999951256420638,
                8.764198833610222e-08
            ],
            [
                5.905090634347144e-10,
                3.850602791573313e-09,
                8.151726173729516e-09,
                0.9999646311500954,
                3.535625706653704e-05
            ],
            [
                1.6915528108309019e-10,
                2.0607331902158442e-09,
                3.397574643946596e-09,
                0.9997965673128143,
                0.00020342705972269085
            ]
        ],
        [
            [
                0.9999999999694593,
                2.940077736965349e-11,
                0.0,
                0.0,
                1.1399918521451335e-12
            ],
            [
                2.1724399772370018e-10,
                4.944450597889775e-09,
                2.2159490203389115e-08,
                0.9999994683316238,
                5.043471913719772e-07
            ],
            [
                7.991945209293396e-11,
                1.4166061839020896e-09,
                7.194119812515399e-09,
                0.9999977309841005,
                2.2603252540686077e-06
            ],
            [
                3.653349975022462e-08,
