{
    "[['A', 'B', 'C', 'D', 'E'], ['A', 'B', 'C', 'D', 'E']]": [
        [
            [
                0.9999999999833751,
                1.573710208923922e-11,
                0.0,
                0.0,
                8.878265468517058e-13
            ],
            [
                0.9999999985806565,
                1.4166087828615642e-09,
                0.0,
                0.0,
                2.7346982842916074e-12
            ],
            [
                1.6586783587971246e-12,
                1.2256067443234174e-11,
                0.9999999999522948,
                3.331544541931197e-11,
                4.752193062435637e-13
            ],
            [
                4.0586526389521304e-10,
                4.0586526389521304e-10,
                4.847369318336076e-11,
                1.8553915968918722e-07,
                0.9999998136006361
            ],
            [
                1.4930948744231645e-10,
                2.7894684632038484e-10,
                7.052880787465485e-11,
                6.023574637587241e-08,
                0.9999999392654685
            ]
        ],
        [
            [
                0.9999999999149713,
                7.991959887554892e-11,
                0.0,
                0.0,
                5.109089024611834e-12
            ],
            [
                0.9999999993287116,
                6.691586076059277e-10,
                0.0,
                0.0,
                2.1297851661072947e-12
            ],
            [
                1.981008797928829e-13,
                1.463778514037129e-12,
                0.9999999999942766,
                3.978962535595911e-12,
                8.258073285055058e-14
            ],
            [
                4.277788319844956e-11,
                1.691898100940031e-10,
                4.277788319844956e-11,
                8.76424914318949e-08,
                0.9999999121027631
            ],
            [
                4.5990552831714944e-10,
                4.5990552831714944e-10,
                1.1628232788807644e-10,
                1.955568068185571e-08,
                0.9999999794082259
            ]
        ],
        [
            [
                0.9999999981776935,
                1.818961682675458e-09,
                6.101936661242839e-13,
                0.0,
                2.7346982842587177e-12
            ],
            [
                0.9999999991367967,
                8.592166601015801e-10,
                4.752193052728077e-13,
                0.0,
                3.511422105955626e-12
            ],
            [
                1.1399918529743867e-12,
                5.109089027749747e-12,
                0.9999999999870972,
                6.560200167751137e-12,
                9.357622968265837e-14
            ],
            [
                3.5816525490277585e-10,
                7.582358505792594e-10,
                1.9171204598512808e-10,
                2.7535689799328097e-05,
                0.9999724630020875
            ],
            [
                3.5817482914155933e-10,
                9.736201294669238e-10,
                1.6918980932020032e-10,
                2.1024340643613113e-07,
                0.9999997882556089
            ]
        ],
        [
            [
                0.9999999998280755,
                1.69189791960837e-10,
                0.0,
                0.0,
                2.734698286731899e-12
            ],
            [
                0.9999998554965775,
                1.444980315024122e-07,
                3.5114222808453923e-12,
                0.0,
                1.8795289061787156e-12
            ],
            [
                1.98100879786481e-13,
                1.8795288163643478e-12,
                0.999999999986952,
                1.0815941556280161e-11,
                1.5428112030484562e-13
            ],
            [
                9.05607719128321e-11,
                1.917171556439222e-10,
                7.052880008126453e-11,
                6.475946144066229e-07,
                0.9999993520525788
            ],
            [
                2.7894680677668866e-10,
                2.461696929662914e-10,
                4.277787830473776e-11,
                8.15202064111126e-09,
                0.9999999912800851
            ]
        ],
        [
            [
                0.9999999993293778,
                6.691586079422723e-10,
                0.0,
                0.0,
                1.4637785115293441e-12
            ],
            [
                0.999999971541015,
                2.8453347234406487e-08,
                1.658678309047372e-12,
                0.0,
                3.978962416212863e-12
            ],
            [
                1.0467382985433991e-08,
                1.760343148916493e-06,
                0.9999981295987571,
                9.931176466379157e-08,
                2.789463080357417e-10
            ],
            [
                1.6918979599032242e-10,
                3.1608815239770235e-10,
                1.1628233286498041e-10,
                6.475946142620625e-07,
                0.9999993518038254
            ],
            [
                2.1724400402296404e-10,
                2.4616970709666506e-10,
                7.991960279781457e-11,
                1.444980316049302e-07,
                0.9999998549586351
            ]
        ],
        [
            [
                0.9999999998289306,
                1.6918979208719915e-10,
                0.0,
                0.0,
                1.879528814602631e-12
            ],
            [
                0.9999991684698805,
                8.315279898205178e-07,
                2.1297853341719023e-12,
                0.0,
                0.0
            ],
            [
                2.5547800763720357e-06,
                0.0024724545925872083,
                0.9974590798775744,
                6.588864658330724e-05,
                2.210317853177611e-08
            ],
            [
                1.0709167279595729e-09,
                1.3046436570783822e-08,
                3.129677436396214e-08,
                0.9706877279988324,
                0.029312226587040007
            ],
            [
                1.917168112124076e-10,
                4.0586449252159597e-10,
                7.991945712832754e-11,
                1.3709566538936522e-06,
                0.9999986283658453
            ]
        ],
        [
            [
                0.9999999997803426,
                2.172439933148118e-10,
                0.0,
                0.0,
                2.4133627696881786e-12
            ],
            [
                0.99999992264885,
                7.734422795400429e-08,
                2.4133630489956055e-12,
                0.0,
                4.508755760102342e-12
            ],
            [
                3.160881947842026e-10,
                6.825604442059323e-08,
                0.9999998436360621,
                8.76424958786092e-08,
                1.4930949093234417e-10
            ],
            [
                3.160875843345188e-10,
                9.73618303000984e-10,
                2.1724360787205204e-10,
                1.3709566527565139e-06,
                0.9999986275363977
            ],
            [
                4.847368565356667e-11,
                9.056076726411625e-11,
                1.7832472389754267e-11,
                2.8453347262691765e-08,
                0.9999999713897857
            ]
        ],
        [
            [
                0.9999999999660745,
                3.331544539527224e-11,
                0.0,
                0.0,
                6.101936672771481e-13
            ],
            [
                0.9999999985803676,
                1.4166087826253518e-09,
                6.10193666029876e-13,
                0.0,
                2.4133627649883347e-12
            ],
            [
                4.2777877935536525e-11,
                5.602796338762657e-09,
                0.9999999824730991,
                1.1861119942237977e-08,
                2.02068387339853e-11
            ],
            [
                4.058652505216195e-10,
                3.5817482645205007e-10,
                7.052880509264466e-11,
                9.931195238903696e-08,
                0.9999998998534787
            ],
            [
                1.6918979876451903e-10,
                4.058652282474697e-10,
                9.056077337753695e-11,
                3.9278636964530323e-07,
                0.9999996065480146
            ]
        ],
        [
            [
                0.9999999996811719,
                3.1608814514393186e-10,
                3.2661313398173636e-13,
                0.0,
                2.4133627696386023e-12
            ],
            [
                0.999999999882736,
                1.1628233024137903e-10,
                1.9810087970126562e-13,
                0.0,
                7.835041780965651e-13
            ],
            [
                4.058636756189553e-10,
                1.046736215425424e-08,
                0.9999962581242693,
                3.726639059086521e-06,
                4.363445728328805e-09
            ],
            [
                3.775134458638149e-11,
                1.493094642325512e-10,
                2.289734793701692e-11,
                2.215948927066609e-08,
                0.9999999776305527
            ],
            [
                5.492789047038717e-11,
                7.991960905750226e-11,
                9.545036132453303e-12,
                1.855391597743972e-07,
                0.9999998143164477
            ]
        ],
        [
            [
                0.999999999326324,
                6.691586069075045e-10,
                5.38494019987469e-13,
                0.0,
                3.978962522626091e-12
            ],
            [
                0.9999999778392189,
                2.215948926071945e-08,
                0.0,
                0.0,
                1.2917799749014392e-12
            ],
            [
                2.2572918976558315e-06,
                0.000335011821547752,
                0.0009106565468322186,
                0.998656091845844,
                9.598249387830093e-05
            ],
            [
                1.5737042583088704e-11,
                2.461687640730504e-10,
                5.492767575116076e-11,
                2.9023121988173844e-06,
                0.9999970973709676
            ],
            [
                4.3634623977306284e-09,
                1.416608833648629e-09,
                1.6918979787551142e-10,
                3.927863675814077e-07,
                0.9999996012643714
            ]
        ],
        [
            [
                0.999999999896239,
                1.0261879623770283e-10,
                2.543665645410874e-13,
                0.0,
                8.878265471597474e-13
            ],
            [
                0.9999999965971695,
                3.3982678024763474e-09,
                1.4637785067952207e-12,
                0.0,
                3.0988191232027585e-12
            ],
            [
                2.7346982910890303e-12,
                2.940077738743864e-11,
                0.9999999998866531,
                7.991959891484406e-11,
                1.2917800045484693e-12
            ],
            [
                2.789462989582109e-10,
                4.5990469647547935e-10,
                1.0261860857758871e-10,
                2.260325271744917e-06,
                0.9999977388332586
            ],
            [
                3.5817483827957736e-10,
                3.5817483827957736e-10,
                9.056078133803878e-11,
                1.8553915970233047e-07,
                0.9999998136539299
            ]
        ],
        [
            [
                0.9999999993268625,
                6.691586066715992e-10,
                0.0,
                0.0,
                3.978962521223347e-12
            ],
            [
                0.999999997349033,
                2.646573628143978e-09,
                1.6586783521674313e-12,
                0.0,
                2.734698280468282e-12
            ],
            [
                1.9810087978374632e-13,
                7.835041784227825e-13,
                0.9999999999958467,
                3.098819138390958e-12,
                7.287724095041566e-14
            ],
            [
                1.317643961730832e-10,
                5.211382962138465e-10,
                1.691888337007518e-10,
                4.785094845013975e-06,
                0.9999952140830635
            ],
            [
                7.991959730402531e-11,
                1.4930946458285643e-10,
                3.3315444744049066e-11,
                1.955568069010033e-08,
                0.9999999801817749
            ]
        ],
        [
            [
                0.9999999998655003,
                1.317651425185057e-10,
                0.0,
                0.0,
                2.7346982878052675e-12
            ],
            [
                0.9999999985817325,
                1.4166087828630885e-09,
                0.0,
                0.0,
                1.65867835448818e-12
            ],
            [
                4.552950417512632e-08,
                0.0001537927987663278,
                0.9705382684620495,
                0.029307713136826063,
                1.800728538999313e-07
            ],
            [
                2.940077721464553e-11,
                5.4927883176626904e-11,
                1.5737102011479745e-11,
                5.602796403578512e-09,
                0.9999999942971378
            ],
            [
                1.317651524363804e-10,
                2.4616971336970824e-10,
                3.7751348232037146e-11,
                2.3823698435224443e-07,
                0.9999997613473294
            ]
        ],
        [
            [
                0.9999999998455815,
                1.493094675084885e-10,
                0.0,
                0.0,
                5.109089024257315e-12
            ],
            [
                0.9999999895301849,
                1.0467401666113095e-08,
                0.0,
                0.0,
                2.4133627421759374e-12
            ],
            [
                4.193795657919466e-13,
                1.4637785139653258e-12,
                0.9999999999929143,
                5.109089027502835e-12,
                9.357622967813602e-14
            ],
            [
                1.2256067413702574e-11,
                3.7751345349161906e-11,
                1.0815941530460515e-11,
                2.0611536173265838e-09,
                0.999999997878023
            ],
            [
                3.775134434335826e-11,
                9.056076725932668e-11,
                2.0206838501738244e-11,
                2.845334726118693e-08,
                0.9999999713981338
            ]
        ],
        [
            [
                0.9999999999273415,
                7.052879845880213e-11,
                0.0,
                0.0,
                2.1297851693758742e-12
            ],
            [
                0.999999999136993,
                8.592166605243946e-10,
                6.914400095730141e-13,
                0.0,
                3.0988191336978246e-12
            ],
            [
                1.2015425730961812e-13,
                1.0060392792154986e-12,
                0.9999999999948304,
                3.9789625355690136e-12,
                6.431393941018452e-14
            ],
            [
                7.052867338637248e-11,
                2.4616925845325156e-10,
                7.991945714462342e-11,
                1.3709566541731951e-06,
                0.9999986286467284
            ],
            [
                5.905304774408295e-10,
                9.736201591533979e-10,
                2.789468459172302e-10,
                6.023574628881524e-08,
                0.9999999379211563
            ]
        ],
        [
            [
                0.9999999988939605,
                1.103256030385056e-09,
                3.7010116720226437e-13,
                0.0,
                2.4133627675490173e-12
            ],
            [
                0.9999999918438746,
                8.152020640976912e-09,
                1.0060392702135285e-12,
                0.0,
                3.0988191107849107e-12
            ],
            [
                4.363254577181562e-09,
                2.2602218282728932e-06,
                0.9999523349994832,
                4.5397768986369935e-05,
                2.6464476771921004e-09
            ],
            [
                7.99195968687738e-11,
                2.461696888339338e-10,
                3.331544456260925e-11,
                2.510999090996654e-08,
                0.9999999745306043
            ],
            [
                7.052879761948851e-11,
                2.1724399076147846e-10,
                3.3315445000486474e-11,
                1.1861120001394201e-08,
                0.9999999878177918
            ]
        ],
        [
            [
                0.9999999961456207,
                3.850741899988426e-09,
                5.384940185899245e-13,
                0.0,
                3.098819120390659e-12
            ],
            [
                0.999999992803127,
                7.194132968358849e-09,
                6.101936625046403e-13,
                0.0,
                2.1297851526109192e-12
            ],
            [
                1.725772935144643e-08,
                4.785094606377147e-06,
                0.999994926717485,
                2.699565648521457e-07,
                9.736144666096348e-10
            ],
            [
                1.2256045701418537e-11,
                1.691894921130609e-10,
                4.2777802800276664e-11,
                1.370956654255986e-06,
                0.9999986288191225
            ],
            [
                1.493094802047805e-10,
                5.211412927150437e-10,
                1.493094802047805e-10,
                3.4663277048333406e-07,
                0.9999996525474693
            ]
        ],
        [
            [
                0.999999999778777,
                2.1724399329511575e-10,
                0.0,
                0.0,
                3.978962531939929e-12
            ],
            [
                0.9999999677515234,
                3.224186627416951e-08,
                3.511421993751356e-12,
                0.0,
                3.098819033152996e-12
            ],
            [
                9.545034915336116e-12,
                2.789468090675785e-10,
                0.9999999992470938,
                4.5990553750364403e-10,
                4.508755238749945e-12
            ],
            [
                2.7894682192325805e-10,
                9.73620075406206e-10,
                1.9171716006066977e-10,
                5.043472044317682e-07,
                0.9999994942085115
            ],
            [
                7.052879515430533e-11,
                1.6918978420892945e-10,
                3.775134364601671e-11,
                4.691163798558593e-08,
                0.999999952810892
            ]
        ],
        [
            [
                0.9999999998064033,
                1.9171715094355687e-10,
                0.0,
                0.0,
                1.879528812301215e-12
            ],
            [
                0.9999999943945999,
                5.6027963999500336e-09,
                1.1399918453965421e-12,
                0.0,
                1.4637785043059224e-12
            ],
            [
                4.4503009017658743e-07,
                0.00012339450978479872,
                0.9998756545699375,
                5.042851582517903e-07,
                1.6050291176486365e-09
            ],
            [
                2.940061083204623e-11,
                9.056025685335076e-11,
                2.289721873877523e-11,
                4.785094846980872e-06,
                0.9999952147622949
            ],
            [
                9.056076941372273e-11,
                2.4616969386859215e-10,
                4.2777878461534124e-11,
                4.363462229671172e-09,
                0.9999999952570293
            ]
        ],
        [
            [
                0.9999999998658216,
                1.3176514259510287e-10,
                0.0,
                0.0,
                2.4133627698944705e-12
            ],
            [
                0.9999999983916732,
                1.6052280477898642e-09,
                0.0,
                0.0,
                3.0988191244446745e-12
            ],
            [
                1.7482341280819494e-13,
                1.2917800046462636e-12,
                0.9999999999944482,
                3.978962535406833e-12,
                1.0603575990376851e-13
            ],
            [
                4.847368848508938e-11,
                2.1724399988259717e-10,
                4.847368848508938e-11,
                1.637377178637161e-07,
                0.9999998359480908
            ],
            [
                1.3176514028684443e-10,
                5.905303890751125e-10,
                6.22414450887329e-11,
                1.7257827671774173e-08,
                0.9999999819576354
            ]
        ],
        [
            [
                0.9999999996826201,
                3.160881451195362e-10,
                0.0,
                0.0,
                1.2917800035116054e-12
            ],
            [
                0.9999999991383652,
                8.592166605255737e-10,
                5.38494020903102e-13,
                0.0,
                1.8795288134944515e-12
            ],
            [
                2.4133627714870965e-12,
                2.940077738862815e-11,
                0.9999999999050566,
                6.224144622015135e-11,
                8.878265477186364e-13
            ],
            [
                4.277788320473543e-11,
                1.691898101188642e-10,
                2.0206841222978624e-11,
                8.764249144477327e-08,
                0.999999912125334
            ],
            [
                1.4930947738361238e-10,
                2.789468275282516e-10,
                7.991960415577621e-11,
                1.2751906748767437e-07,
                0.9999998719727566
            ]
        ],
        [
            [
                0.9999999988926942,
                1.1032560297426735e-09,
                5.384940205059262e-13,
                0.0,
                3.511422105098479e-12
            ],
            [
                0.9999998724774212,
                1.2751906737177912e-07,
                0.0,
                0.0,
                3.5114223398099917e-12
            ],
            [
                7.287724095123941e-14,
                7.835041784316386e-13,
                0.9999999999950917,
                3.9789625354573725e-12,
                7.287724095123941e-14
            ],
            [
                4.277788319948598e-11,
                1.3176515659210428e-10,
                1.3887945329080418e-11,
                8.76424914340183e-08,
                0.9999999121690776
            ],
            [
                2.7894679595218755e-10,
                2.1724398312282308e-10,
                3.775134363813491e-11,
                4.691163797579163e-08,
                0.9999999525544199
            ]
        ],
        [
            [
                0.9999999998952513,
                1.0261879625907478e-10,
                0.0,
                0.0,
                2.1297851697531934e-12
            ],
            [
                0.9999999998467115,
                1.4930946732524078e-10,
                0.0,
                0.0,
                3.9789625279897305e-12
            ],
            [
                1.981008797803238e-13,
                8.878265477358321e-13,
                0.9999999999922335,
                6.560200167339994e-12,
                1.2015425730281289e-13
            ],
            [
                5.4927786073502526e-11,
                1.9171681129062015e-10,
                4.277780280642237e-11,
                1.3709566544529458e-06,
                0.9999986287539232
            ],
            [
                1.917171489529113e-10,
                2.4616969207044776e-10,
                2.2897348167079017e-11,
                1.1861120001443086e-08,
                0.9999999876780957
            ]
        ],
        [
            [
                0.9999999994070563,
                5.905303979813705e-10,
                0.0,
                0.0,
                2.4133627640150836e-12
            ],
            [
                0.9999999996387263,
                3.581747923915254e-10,
                0.0,
                0.0,
                3.0988191332124893e-12
            ],
            [
                7.581837422551225e-10,
                2.215737684198239e-08,
                0.9999038642219749,
                9.610239606069945e-05,
                1.0466403716630812e-08
            ],
            [
                3.775134341941802e-11,
                1.0261879081692095e-10,
                2.020683800718867e-11,
                5.315784969512294e-08,
                0.9999999466815734
            ],
            [
                9.056076827934843e-11,
                1.6918978923984894e-10,
                2.5946094519377468e-11,
                1.7257827679742096e-08,
                0.9999999824564757
            ]
        ],
        [
            [
                0.9999999998291516,
                1.6918979188388105e-10,
                0.0,
                0.0,
                1.6586783552120576e-12
            ],
            [
                0.9999993523907165,
                6.475946141357738e-07,
                1.2256067711823448e-11,
                0.0,
                2.4133628245511884e-12
            ],
            [
                7.991959632268771e-11,
                7.19413279566408e-09,
                0.999999967513338,
                2.510999073839139e-08,
                1.0261879296975517e-10
            ],
            [
                1.6918981347428223e-10,
                3.581748379357508e-10,
                7.991960894974197e-11,
                3.059023588554122e-07,
                0.9999996934903569
            ],
            [
                2.940077692531619e-11,
                1.493094652454106e-10,
                3.3315444891884885e-11,
                1.522997950252685e-08,
                0.9999999845579948
            ]
        ],
        [
            [
                0.9999999998242499,
                1.691897920202648e-10,
                0.0,
                0.0,
                6.5602001587995695e-12
            ],
            [
                0.9999999961485666,
                3.850741905016892e-09,
                6.914400075066965e-13,
                0.0,
                0.0
            ],
            [
                9.736200631751907e-10,
                1.1253517840341968e-07,
                0.9999998395310862,
                4.691164175413079e-08,
                4.8473688649627236e-11
            ],
            [
                9.545035817125047e-12,
                7.052880511903934e-11,
                8.423464543671878e-12,
                9.931195242620344e-08,
                0.9999999005995502
            ],
            [
                4.277787665823876e-11,
                2.1724398319134114e-10,
                3.7751343650041563e-11,
                4.6911637990587406e-08,
                0.9999999527905887
            ]
        ],
        [
            [
                0.9999999995377955,
                4.5990553734491154e-10,
                4.1937956536348393e-13,
                0.0,
                1.879528814412654e-12
            ],
            [
                0.9999999995924762,
                4.058652122424939e-10,
                0.0,
                0.0,
                1.6586783572587805e-12
            ],
            [
                4.508755239522384e-12,
                2.17243993374318e-10,
                0.9999999994184137,
                3.5817479280807583e-10,
                1.658678357894307e-12
            ],
            [
                2.4616971491265155e-10,
                4.5990557472780387e-10,
                1.0261880454217054e-10,
                1.1253518373923314e-07,
                0.9999998866561222
            ],
            [
                6.224144924371327e-11,
                1.691898004561418e-10,
                4.277788076161661e-11,
                1.4449803160961896e-07,
                0.9999998552277592
            ]
        ],
        [
            [
                0.9999999998479558,
                1.493094674103551e-10,
                0.0,
                0.0,
                2.7346982877572886e-12
            ],
            [
                0.9999999715412617,
                2.845334724451658e-08,
                3.5114220090560545e-12,
                0.0,
                1.8795287607003663e-12
            ],
            [
                2.4133627717156423e-12,
                4.508755242075173e-12,
                0.9999999999890345,
                3.978962535643398e-12,
                6.431393941138683e-14
            ],
            [
                7.052880736245347e-11,
                3.1608818510028657e-10,
                6.22414540403508e-11,
                3.0590235889242675e-07,
                0.9999996936487827
            ],
            [
                2.789468220230606e-10,
                5.905304268568721e-10,
                1.0261880100239332e-10,
                5.043472046122153e-07,
                0.9999994946806993
            ]
        ],
        [
            [
                0.9999999994054907,
                5.905303989683759e-10,
                0.0,
                0.0,
                3.9789625295977115e-12
            ],
            [
                0.9999999976619647,
                2.335593031064658e-09,
                7.835041759117431e-13,
                0.0,
                1.65867835342126e-12
            ],
            [
                7.433680669632843e-12,
                1.6918979219962104e-10,
                0.9999999996719373,
                1.493094675650969e-10,
                2.12978517017668e-12
            ],
            [
                7.991959749493827e-11,
                1.691897892244626e-10,
                3.7751344765133426e-11,
                1.7257827678172647e-08,
                0.9999999824553115
            ],
            [
                1.3176514155501333e-10,
                1.1628232929092002e-10,
                1.7832472753060092e-11,
                8.152020643573288e-09,
                0.9999999915820995
            ]
        ],
        [
            [
                0.9999999995350473,
                4.599055369998911e-10,
                5.384940207621939e-13,
                0.0,
                4.5087552338113245e-12
            ],
            [
                0.999999999916569,
                7.991959886939267e-11,
                0.0,
                0.0,
                3.5114221107338523e-12
            ],
            [
                6.475569727229892e-07,
                5.829122103817375e-05,
                0.9999409924488758,
                6.825200278463141e-08,
                5.211104718865533e-10
            ],
            [
                2.461697149277551e-10,
                4.599055747560211e-10,
                5.492788791552332e-11,
                1.1253518374613766e-07,
                0.999999886703813
            ],
            [
                5.4927880559007393e-11,
                1.3176513562297848e-10,
                1.3887943118950821e-11,
                5.3157849688784826e-08,
                0.9999999466415694
            ]
        ],
        [
            [
                0.999999999239614,
                7.582560415631172e-10,
                0.0,
                0.0,
                2.1297851675063794e-12
            ],
            [
                0.9999999994773949,
                5.211412477782495e-10,
                0.0,
                0.0,
                1.4637785112873292e-12
            ],
            [
                7.582112226493344e-10,
                6.475569385493308e-07,
                0.9999410581314333,
                5.829121796195905e-05,
                2.3354549830432203e-09
            ],
            [
                2.4616970642165543e-10,
                6.691586396830839e-10,
                1.3176514871735573e-10,
                5.043472046132152e-07,
                0.9999994946057019
            ],
            [
                4.0586520605759855e-10,
                1.691897895144045e-10,
                2.594609456148193e-11,
                1.52299794974258e-08,
                0.9999999841690195
            ]
        ],
        [
            [
                0.9999999998037741,
                1.9171715117348475e-10,
                0.0,
                0.0,
                4.508755237536093e-12
            ],
            [
                0.9999999983926169,
                1.6052280508344179e-09,
                6.914400088197761e-13,
                0.0,
                1.4637785101581337e-12
            ],
            [
                1.0261840795773424e-10,
                1.1861075263113772e-08,
                0.9999962606389846,
                3.7266390686160304e-06,
                7.582531731826498e-10
            ],
            [
                2.2897347992661167e-11,
                7.052879708253439e-11,
                1.5737101788102008e-11,
                1.9555680691742857e-08,
                0.999999980335156
            ],
            [
                4.2777879939972773e-11,
                2.1724399985736165e-10,
                2.940077825215068e-11,
                1.6373771784469594e-07,
                0.9999998359728595
            ]
        ],
        [
            [
                0.9999999998047715,
                1.9171715112688946e-10,
                0.0,
                0.0,
                3.5114221088169848e-12
            ],
            [
                0.9992903292304705,
                0.0007096703403469695,
                4.0557734193669115e-10,
                1.7819824751830415e-11,
                5.785250073575136e-12
            ],
            [
                5.789356316467594e-12,
                2.461696946601e-10,
                0.9999999979245704,
                1.8189616837001078e-09,
                4.508755232744346e-12
            ],
            [
                3.850741987072582e-09,
                1.8189617179285606e-09,
                2.172439971357396e-10,
                6.47594610804011e-07,
                0.9999993465184416
            ],
            [
                1.1628234480658601e-10,
                2.461697258873033e-10,
                4.277788402555183e-11,
                6.825604227720627e-08,
                0.9999999313387278
            ]
        ],
        [
            [
                0.9999999987490635,
                1.2501528643154873e-09,
                0.0,
                0.0,
                7.83504177208328e-13
            ],
            [
                0.9999998144444979,
                1.855391594910346e-07,
                8.423464809083445e-12,
                2.1297854376041643e-12,
                5.789357053556096e-12
            ],
            [
                5.7893563234596655e-12,
                2.789468090329221e-10,
                0.9999999991228539,
                5.905303993567487e-10,
                1.8795288148278445e-12
            ],
            [
                3.7751344349327115e-11,
                1.3176513888439075e-10,
                2.5946094231238675e-11,
                2.845334726568568e-08,
                0.9999999713511901
            ],
            [
                6.22414492584962e-11,
                9.056077430450641e-11,
                1.0815942083719672e-11,
                1.4449803164393862e-07,
                0.9999998553383502
            ]
        ],
        [
            [
                0.999999999720443,
                2.7894680908062174e-10,
                0.0,
                0.0,
                6.101936673093171e-13
            ],
            [
                0.9999999987467483,
                1.2501528625460063e-09,
                0.0,
                0.0,
                3.098819129201592e-12
            ],
            [
                2.882350793297124e-13,
                2.1297851708469717e-12,
                0.9999999999916864,
                5.789356328434866e-12,
                1.0603575990982096e-13
            ],
            [
                7.58256028652828e-10,
                3.5817478634982846e-10,
                7.991959743936686e-11,
                1.7257827666172562e-08,
                0.9999999815458219
            ],
            [
                5.211412349477884e-10,
                4.5990552565053416e-10,
                6.224144457599828e-11,
                2.5109990890539932e-08,
                0.9999999738467209
            ]
        ],
        [
            [
                0.9999999997186397,
                2.789468088132494e-10,
                0.0,
                0.0,
                2.4133627677353983e-12
            ],
            [
                0.9999999778380974,
                2.2159489250878196e-08,
                0.0,
                0.0,
                2.413362714929712e-12
            ],
            [
                2.789468361501917e-10,
                6.82560403365813e-08,
                0.9999999029688841,
                2.845335082996502e-08,
                4.277788280931035e-11
            ],
            [
                4.058652552619555e-10,
                2.7894683857530324e-10,
                4.277788318121324e-11,
                8.764249139658147e-08,
                0.9999999116299185
            ],
            [
                5.4927886171611464e-11,
                2.4616970711208443e-10,
                1.0261880129041038e-10,
                1.4449803161398113e-07,
                0.9999998550982521
            ]
        ],
        [
            [
                0.9999999997796571,
                2.1724399331466288e-10,
                0.0,
                0.0,
                3.098819135965422e-12
            ],
            [
                0.9999999468346279,
                5.3157849621395116e-08,
                2.41336263913607e-12,
                0.0,
                5.1090887471434696e-12
            ],
            [
                1.2987551774502294e-05,
                0.0015011568796156542,
                0.9984821282335588,
                3.7209958828649813e-06,
                6.339168291647762e-09
            ],
            [
                2.4616971493855264e-10,
                2.789468316745225e-10,
                4.8473690953089314e-11,
                1.125351837510737e-07,
                0.999999886891226
            ],
            [
                4.363462551362118e-09,
                1.4166088835254712e-09,
                2.1724400836527978e-10,
                2.3823698304327524e-07,
                0.9999997557657015
            ]
        ],
        [
            [
                0.9999999990232811,
                9.736200292758513e-10,
                0.0,
                0.0,
                3.0988191322763595e-12
            ],
            [
                0.9999999995376812,
                4.5990553725745016e-10,
                0.0,
                0.0,
