{
    "[['A', 'B', 'C', 'D', 'E'], ['A', 'B', 'C', 'D', 'E']]": [
        [
            [
                0.9999999981687586,
                1.818961677217736e-09,
                0.0,
                1.4637785058087438e-12,
                1.0815941495829694e-11
            ],
            [
                0.01798619379910066,
                0.9820128149750796,
                7.206218394047448e-07,
                2.651019595761544e-07,
                5.5020208871569046e-09
            ],
            [
                1.658678357976521e-12,
                5.492788347849414e-11,
                0.9999999994831379,
                4.599055376052306e-10,
                3.701011676500358e-13
            ],
            [
                3.3315449573856043e-11,
                7.991960889012994e-11,
                2.0206841608653876e-11,
                6.82560422702784e-08,
                0.9999999316105158
            ],
            [
                6.560200137658207e-12,
                2.940077725617306e-11,
                8.423463715311558e-12,
                2.998960810916418e-09,
                0.9999999969566546
            ]
        ],
        [
            [
                0.9999999585786412,
                4.139937538770274e-08,
                3.5114219606910565e-12,
                2.7346981726803224e-12,
                1.5737101422574165e-11
            ],
            [
                0.0002611903223366158,
                0.9997385561077713,
                2.3817474451613084e-07,
                1.5226002010370248e-08,
                1.691456036244735e-10
            ],
            [
                3.057704978126952e-07,
                0.00043055673799001135,
                0.999568633003168,
                5.041303236963577e-07,
                3.5802044452805726e-10
            ],
            [
                1.1861119796162808e-08,
                5.211412331832889e-10,
                2.5946094205809337e-11,
                1.7257827471174878e-08,
                0.9999999703339655
            ],
            [
                4.277787857161424e-11,
                5.492788335793458e-11,
                1.081594152743147e-11,
                2.0611536167493502e-09,
                0.9999999978303247
            ]
        ],
        [
            [
                0.9999998874602232,
                1.1253518376750476e-07,
                1.291780108649902e-12,
                8.878266192305148e-13,
                2.413362965876536e-12
            ],
            [
                0.047425841235296806,
                0.9525734577591887,
                6.168821684546611e-07,
                8.348592299142739e-08,
                6.374228879880353e-10
            ],
            [
                5.583053365013303e-08,
                2.6900657582953997e-06,
                0.5621732432599807,
                0.43782096259987474,
                3.0482438526604715e-06
            ],
            [
                5.211412473274421e-10,
                7.991959870542456e-11,
                7.433680651506267e-12,
                1.6052280506841462e-09,
                0.9999999977862775
            ],
            [
                3.3315444944809283e-11,
                7.052879750161991e-11,
                1.0815941402473594e-11,
                1.3440409758758052e-08,
                0.99999998644493
            ]
        ],
        [
            [
                0.9999999895217823,
                1.0467401639390831e-08,
                0.0,
                0.0,
                1.081594139675895e-11
            ],
            [
                0.0031726799094753746,
                0.9968265688588385,
                7.314926598418421e-07,
                1.949363768352755e-08,
                2.453886839827164e-10
            ],
            [
                8.42346375170993e-12,
                1.317651426578011e-10,
                0.9999999997102476,
                1.4930946757081698e-10,
                2.5436656465438624e-13
            ],
            [
                6.691586394100887e-10,
                3.1608815973501136e-10,
                4.847368925623712e-11,
                5.043472044074578e-07,
                0.9999994946190751
            ],
            [
                1.9171714985571513e-10,
                1.6918979092001533e-10,
                1.5737101982084175e-11,
                7.194132973283448e-09,
                0.999999992429223
            ]
        ],
        [
            [
                0.9999999927987858,
                7.194132963690676e-09,
                1.2917799928210545e-12,
                0.0,
                5.789356275107504e-12
            ],
            [
                0.017986203474778282,
                0.9820135767181075,
                2.064618271937494e-07,
                1.3198663033325255e-08,
                1.4662390194663697e-10
            ],
            [
                3.0988191384945294e-12,
                1.783247290683839e-11,
                0.9999999999560514,
                2.2897348454776024e-11,
                1.2015425730890463e-13
            ],
            [
                7.052879823527685e-11,
                7.991959861696626e-11,
                1.081594151498353e-11,
                2.6465736285581193e-09,
                0.999999997192162
            ],
            [
                1.691897910112591e-10,
                1.691897910112591e-10,
                3.331544517547452e-11,
                6.3488000691282475e-09,
                0.999999993279505
            ]
        ],
        [
            [
                0.9999999976548619,
                2.335593024328283e-09,
                0.0,
                0.0,
                9.545034863700738e-12
            ],
            [
                0.1824254902760736,
                0.8175743076325335,
                1.7188965363881298e-07,
                2.986991446496384e-08,
                3.3182477638887716e-10
            ],
            [
                1.1399918527515128e-12,
                2.5946094976099604e-11,
                0.9999999997808702,
                1.9171715132658267e-10,
                3.2661313419484396e-13
            ],
            [
                1.081594242295179e-11,
                4.847369094234884e-11,
                8.42346442865008e-12,
                1.1253518372613891e-07,
                0.9999998873971032
            ],
            [
                4.8473685797437624e-11,
                7.052879667017199e-11,
                1.3887943502459549e-11,
                2.510999090201636e-08,
                0.9999999747571187
            ]
        ],
        [
            [
                0.9999999927941922,
                7.194132961683276e-09,
                2.129785150634651e-12,
                0.0,
                9.545034831767623e-12
            ],
            [
                0.017986211050352714,
                0.9820136352367299,
                1.4189899204100147e-07,
                1.1647778566418229e-08,
                1.6614663799161766e-10
            ],
            [
                4.944450681024741e-09,
                5.043471998519662e-07,
                0.9999994857543537,
                4.944450681024741e-09,
                9.545035268558124e-12
            ],
            [
                1.493094671230454e-10,
                6.224144602203454e-11,
                8.423463726448387e-12,
                2.6465736301054127e-09,
                0.9999999971334519
            ],
            [
                1.8189616805583944e-09,
                1.9171715063860037e-10,
                1.2256067396969893e-11,
                1.4166087811957562e-09,
                0.9999999965604562
            ]
        ],
        [
            [
                0.9999999123434551,
                8.764249121785607e-08,
                4.50875570650339e-12,
                0.0,
                9.545035905570169e-12
            ],
            [
                0.07585814074298562,
                0.924141420939481,
                4.1132186991207116e-07,
                2.6294927411022312e-08,
                7.007360800287355e-10
            ],
            [
                4.752193058483656e-13,
                8.423463746868879e-12,
                0.999999999131101,
                8.592166611422133e-10,
                7.835041777995503e-13
            ],
            [
                3.3315445121771444e-11,
                4.847368662636129e-11,
                9.545034836919937e-12,
                8.15202064108885e-09,
                0.9999999917566452
            ],
            [
                1.1628232960006148e-10,
                1.0261879569737527e-10,
                1.573710201183747e-11,
                4.944450472082542e-09,
                0.9999999948209113
            ]
        ],
        [
            [
                0.9999999317319809,
                6.825604227320226e-08,
                2.1297854364877674e-12,
                2.413363072720369e-12,
                7.433681599149873e-12
            ],
            [
                0.0474258618155068,
                0.9525738568449209,
                2.571547382691237e-07,
                2.3919116628204392e-08,
                2.657173838205366e-10
            ],
            [
                8.589447344528943e-10,
                3.2231663369741855e-08,
                0.00015841117480061825,
                0.9996831445597907,
                0.00015841117480061825
            ],
            [
                4.2777877905083386e-11,
                5.4927882502092024e-11,
                1.225606721930593e-11,
                1.725782767142732e-08,
                0.9999999826322105
            ],
            [
                2.1724399264180638e-10,
                9.056076953568642e-11,
                1.0815941514165346e-11,
                2.99896081290123e-09,
                0.9999999966824185
            ]
        ],
        [
            [
                0.9999999895190476,
                1.0467401649465283e-08,
                2.7346982536363945e-12,
                0.0,
                1.0815941407168859e-11
            ],
            [
                0.0024726228719648873,
                0.9975273429098366,
                3.216214168190282e-08,
                2.0560569295511476e-09,
                0.0
            ],
            [
                1.2917800046706186e-12,
                6.560200167567842e-12,
                0.9999999999812119,
                1.0815941556319648e-11,
                1.2015425730698607e-13
            ],
            [
                2.46169694356098e-10,
                1.6918979169419667e-10,
                1.2256067403003223e-11,
                2.646573630034796e-09,
                0.9999999969258109
            ],
            [
                1.7832472780365347e-11,
                3.33154451829377e-11,
                7.433680619085125e-12,
                6.348800070550478e-09,
                0.9999999935926183
            ]
        ],
        [
            [
                0.9999999585989658,
                4.13993754383036e-08,
                0.0,
                0.0,
                1.6586782888180677e-12
            ],
            [
                0.029312215064414678,
                0.9706871243767039,
                6.28612561019188e-07,
                3.1296776552360356e-08,
                6.495438749253705e-10
            ],
            [
                9.825527947678967e-09,
                4.73420448653775e-07,
                0.2689358773319393,
                0.7310435090723664,
                2.013034971771368e-05
            ],
            [
                7.991960638381076e-11,
                2.1724401377071228e-10,
                6.224145203447025e-11,
                9.931195238459917e-08,
                0.9999999003286425
            ],
            [
                1.91717150695601e-10,
                1.4930946708995262e-10,
                1.2256067400613823e-11,
                2.335593030512437e-09,
                0.9999999973111242
            ]
        ],
        [
            [
                0.9999999847506866,
                1.5229979481074567e-08,
                3.97896246695954e-12,
                3.098819085079819e-12,
                1.2256067231941231e-11
            ],
            [
                0.32082122944957175,
                0.6791785570464548,
                1.8334957561579746e-07,
                2.811756808959232e-08,
                2.03682980080409e-09
            ],
            [
                3.580545982654253e-10,
                1.1249741064734295e-07,
                0.9996645332402944,
                0.00033535005479071016,
                3.8494497072868595e-09
            ],
            [
                3.1608814289177734e-10,
                1.0261879549253412e-10,
                1.5737101980424063e-11,
                7.1941329725245375e-09,
                0.999999992371423
            ],
            [
                9.931195207927203e-08,
                1.6052281999735022e-09,
                3.331544842664092e-11,
                1.6052281999735022e-09,
                0.9999998974442761
            ]
        ],
        [
            [
                0.9999999973407308,
                2.6465736187853133e-09,
                1.879528802247673e-12,
                0.0,
                1.0815941475044306e-11
            ],
            [
                0.5621764677055928,
                0.4378234716525099,
                5.583085366948831e-08,
                4.5828755466310435e-09,
                2.2816793816153158e-10
            ],
            [
                7.05287951777827e-11,
                5.60279617273736e-09,
                0.9999999529070929,
                4.139937523123029e-08,
                2.0206838135204585e-11
            ],
            [
                2.5946094852078447e-11,
                4.8473686818548553e-11,
                8.423463712041043e-12,
                4.3634622309656585e-09,
                0.9999999955536945
            ],
            [
                1.1861119954826586e-08,
                7.582560302282636e-10,
                2.940077690572718e-11,
                3.3982677631919382e-09,
                0.9999999839529554
            ]
        ],
        [
            [
                0.9999999827390734,
                1.72578276444e-08,
                0.0,
                0.0,
                3.0988190770320833e-12
            ],
            [
                0.0011695091726331617,
                0.9988294961297285,
                9.411426368614302e-07,
                5.309563429412732e-08,
                4.5936724452914875e-10
            ],
            [
                1.7832472536718425e-11,
                1.1032560093641196e-09,
                0.9999999793030239,
                1.9555680680530275e-08,
                2.020683866933915e-11
            ],
            [
                1.1628232470619628e-10,
                1.026187913785544e-10,
                2.0206838117780852e-11,
                4.6911637960751233e-08,
                0.999999952849254
            ],
            [
                3.1608814419785447e-10,
                1.317651421867492e-10,
                1.5737102045449816e-11,
                2.335593029684827e-09,
                0.9999999972008167
            ]
        ],
        [
            [
                0.9999999997487212,
                2.46169694544729e-10,
                0.0,
                0.0,
                5.1090890148467666e-12
            ],
            [
                0.06008663910774836,
                0.9399131098450351,
                2.2392206188655457e-07,
                2.67436765115153e-08,
                3.814780573468634e-10
            ],
            [
                1.818958461006345e-09,
                6.023563153031253e-08,
                0.9999991061384266,
                8.315280371113557e-07,
                2.7894631447993017e-10
            ],
            [
                4.59905536804286e-10,
                1.1628233003396062e-10,
                1.2256067415826238e-11,
                8.592166599353035e-10,
                0.9999999985523393
            ],
            [
                1.5737102030098734e-11,
                3.775134525864331e-11,
                9.545034876280806e-12,
                3.3982678029186264e-09,
                0.9999999965386988
            ]
        ],
        [
            [
                0.999999992791979,
                7.1941329327958095e-09,
                0.0,
                0.0,
                1.3887943676687652e-11
            ],
            [
                0.008577477735717364,
                0.9914217070953685,
                7.275265118538996e-07,
                8.689065080344399e-08,
                7.517514267521866e-10
            ],
            [
                7.835041783186646e-13,
                2.0206839085379406e-11,
                0.9999999997862865,
                1.9171715132988433e-10,
                1.00603927904221e-12
            ],
            [
                6.224144509711016e-11,
                9.056076824972545e-11,
                1.7832472583832226e-11,
                1.7257827674096956e-08,
                0.9999999825715377
            ],
            [
                2.1724398843392772e-10,
                1.9171714689806485e-10,
                2.940077670615702e-11,
                2.215948925580656e-08,
                0.999999977402149
            ]
        ],
        [
            [
                0.9999999950528149,
                4.944450468483767e-09,
                0.0,
                0.0,
                2.7346982730885046e-12
            ],
            [
                0.00026119008643148286,
                0.9997376544101694,
                1.0674241852381451e-06,
                8.761942921595034e-08,
                4.597845669364703e-10
            ],
            [
                2.331093670200942e-09,
                9.912062510044157e-08,
                0.9980731446918403,
                0.0019267343384324594,
                1.9518008335814834e-08
            ],
            [
                1.3176514245343138e-10,
                7.991959877940886e-11,
                1.0815941536967745e-11,
                1.2501528640383071e-09,
                0.9999999985273464
            ],
            [
                2.1724398176119516e-10,
                1.4930945954633093e-10,
                2.5946093579820637e-11,
                5.3157849669919893e-08,
                0.9999999464496507
            ]
        ],
        [
            [
                0.9999999979369667,
                2.061153615266481e-09,
                0.0,
                0.0,
                1.8795288099989955e-12
            ],
            [
                0.017986178256533408,
                0.9820122360785412,
                1.525556625989492e-06,
                5.9152193263222785e-08,
                9.561061556882435e-10
            ],
            [
                2.5061573363395808e-08,
                1.5505046403606725e-06,
                0.8807952480450718,
                0.11920267301355736,
                5.03375157143663e-07
            ],
            [
                6.22414457429667e-11,
                7.991959830536027e-11,
                1.3887943756497966e-11,
                7.194132974138575e-09,
                0.9999999926498181
            ],
            [
                4.599055257201677e-10,
                2.7894680192053876e-10,
                3.7751344445863416e-11,
                2.5109990894341793e-08,
                0.9999999741134054
            ]
        ],
        [
            [
                0.999999999326171,
                6.691586078418291e-10,
                0.0,
                6.914400093637022e-13,
                3.978962528181788e-12
            ],
            [
                0.022977351892215312,
                0.9770218448661132,
                7.169593105605607e-07,
                8.562857858670862e-08,
                6.537822653365749e-10
            ],
            [
                4.8473412290178604e-11,
                3.398248556453978e-09,
                0.9999952111002742,
                4.785094831167321e-06,
                3.5817276271872415e-10
            ],
            [
                4.5990552924830573e-10,
                3.1608813950904843e-10,
                3.33154447974561e-11,
                1.7257827664612453e-08,
                0.9999999819328632
            ],
            [
                3.331544527158495e-11,
                4.8473686844338655e-11,
                7.433680638865e-12,
                2.998960811347611e-09,
                0.9999999969118163
            ]
        ],
        [
            [
                0.999999994359315,
                5.6027963911054446e-09,
                3.978962502862548e-12,
                4.508755204929604e-12,
                2.940077714919288e-11
            ],
            [
                0.008577477193610301,
                0.9914215281731583,
                9.341624713478022e-07,
                5.971900881283724e-08,
                7.517513775131647e-10
            ],
            [
                2.0600139995619738e-09,
                1.274485531779876e-07,
                0.9994470746763092,
                0.0005527785668374738,
                1.7248286042439446e-08
            ],
            [
                1.78324749662698e-11,
                6.224145341263438e-11,
                1.5737103923150437e-11,
                7.734422799804903e-08,
                0.999999922559961
            ],
            [
                1.250152850806831e-09,
                3.160881414921507e-10,
                2.2897348171099496e-11,
                1.0467401664295655e-08,
                0.9999999879434599
            ]
        ],
        [
            [
                0.9999999715435539,
                2.8453347183460737e-08,
                0.0,
                0.0,
                3.0988190400098285e-12
            ],
            [
                0.002472622990978237,
                0.9975271536616203,
                2.097235185246203e-07,
                1.3407175984024289e-08,
                2.167068164603641e-10
            ],
            [
                1.4637785139799978e-12,
                2.020683908820793e-11,
                0.9999999999297196,
                4.8473687057870645e-11,
                1.3615261079539353e-13
            ],
            [
                7.99195962693794e-11,
                9.056076688237258e-11,
                1.3887943402697541e-11,
                3.224186629938223e-08,
                0.9999999675737654
            ],
            [
                2.5946094914777898e-11,
                6.224144606598604e-11,
                1.2256067411984806e-11,
                1.1032560294526828e-09,
                0.9999999987963004
            ]
        ],
        [
            [
                0.9999999966004403,
                3.3982678036941024e-09,
                0.0,
                0.0,
                1.2917799987795903e-12
            ],
            [
                0.0373268854992989,
                0.9626730408010247,
                6.570821329386493e-08,
                7.847726953189013e-09,
                1.437361329719961e-10
            ],
            [
                6.101936674856961e-13,
                1.0815941552414102e-11,
                0.9999999996295112,
                3.5817479286699317e-10,
                8.878265474460814e-13
            ],
            [
                3.331544518445516e-11,
                5.492788311845537e-11,
                1.3887943766080613e-11,
                6.348800070839654e-09,
                0.9999999935490687
            ],
            [
                6.69158605137623e-10,
                3.1608814354584487e-10,
                2.59460948279914e-11,
                4.36346222691484e-09,
                0.9999999946253448
            ]
        ],
        [
            [
                0.9999999983664125,
                1.6052280455589792e-09,
                2.4133627573601575e-12,
                0.0,
                2.5946094827164646e-11
            ],
            [
                0.1192029178903432,
                0.8807970322952051,
                4.682126820228046e-08,
                2.9931835351574157e-09,
                0.0
            ],
            [
                1.1546631643422509e-07,
                0.00020876799755408413,
                0.622328895152077,
                0.3774615569212788,
                6.644627735409162e-07
            ],
            [
                3.7751345316093435e-11,
                7.052879827441942e-11,
                1.2256067402966812e-11,
                1.4166087818889059e-09,
                0.9999999984628549
            ],
            [
                2.461696940641292e-10,
                1.1628232977438295e-10,
                2.0206838998499635e-11,
                3.3982678040697123e-09,
                0.9999999962190733
            ]
        ],
        [
            [
                0.9999999804433133,
                1.95556806886036e-08,
                0.0,
                0.0,
                1.0060392587441162e-12
            ],
            [
                0.11920275372472848,
                0.8807957640382023,
                1.3683167640021262e-06,
                1.1231817257516465e-07,
                1.6021326858434936e-09
            ],
            [
                1.6586783552743011e-12,
                2.594609492582658e-11,
                0.9999999979081426,
                2.0611536179154052e-09,
                3.098819131921541e-12
            ],
            [
                2.2897351321417964e-11,
                9.05607812278749e-11,
                2.2897351321417964e-11,
                3.0590235877694127e-07,
                0.9999996939612857
            ],
            [
                1.8553915611264986e-07,
                2.6465739220691662e-09,
                1.026188072963255e-10,
                1.725782983439568e-08,
                0.9999997944538214
            ]
        ],
        [
            [
                0.9999999907455636,
                9.237449545091875e-09,
                3.0988190995133833e-12,
                0.0,
                1.3887943689243974e-11
            ],
            [
                0.0040701007892715415,
                0.995920975334759,
                7.85714290351291e-06,
                1.0633486602774613e-06,
                3.384405695925385e-09
            ],
            [
                1.1032560540158479e-09,
                5.315785358847382e-08,
                0.9999997071858308,
                2.382369714300942e-07,
                3.160881516405855e-10
            ],
            [
                1.3176514056594957e-10,
                1.493094652004387e-10,
                2.2897348085447276e-11,
                1.5229979497939592e-08,
                0.9999999844660485
            ],
            [
                1.9171715072657354e-10,
                7.991959865888846e-11,
                8.423463725942256e-12,
                2.6465736299463914e-09,
                0.9999999970733662
            ]
        ],
        [
            [
                0.9999999585970021,
                4.1399375422037795e-08,
                8.878265099773663e-13,
                0.0,
                2.734698174948376e-12
            ],
            [
                0.1480471924620723,
                0.8519527388901286,
                5.8150874826808615e-08,
                1.0105106833747752e-08,
                3.918175125334897e-10
            ],
            [
                4.50875509623896e-12,
                9.056076696311822e-11,
                0.9999999676546406,
                3.224186632812967e-08,
                8.423463481600368e-12
            ],
            [
                7.052879553664762e-11,
                9.056076607742848e-11,
                2.2897347490785215e-11,
                4.139937544187878e-08,
                0.9999999584166377
            ],
            [
                1.7832472815629414e-11,
                3.7751345246932535e-11,
                1.0815941501171311e-11,
                4.363462230305544e-09,
                0.999999995570138
            ]
        ],
        [
            [
                0.9999999748751971,
                2.510999086010079e-08,
                4.508755117080486e-12,
                1.879528764341981e-12,
                8.423463520537464e-12
            ],
            [
                0.006692829057985242,
                0.9933038588871476,
                2.245194023894022e-06,
                1.0605545613015466e-06,
                6.306281925754931e-09
            ],
            [
                1.8795288149211818e-12,
                3.331544539298613e-11,
                0.9999999992014399,
                7.582560421384826e-10,
                5.1090890236654126e-12
            ],
            [
                6.224144550818398e-11,
                7.052879769424186e-11,
                8.423463656906274e-12,
                1.0467401673508955e-08,
                0.9999999893914046
            ],
            [
                1.4930946461390194e-10,
                1.317651400483327e-10,
                1.5737101790052387e-11,
                1.955568069416649e-08,
                0.9999999801475077
            ]
        ],
        [
            [
                0.9999999918405315,
                8.152020633125798e-09,
                1.658678342363225e-12,
                0.0,
                5.789356270961964e-12
            ],
            [
                0.2227001011461447,
                0.7772997259663985,
                1.6342212517653728e-07,
                9.21963661942845e-09,
                2.456949936769762e-10
            ],
            [
                9.357622968186396e-14,
                8.878265477839371e-13,
                0.9999999999923757,
                6.560200167695445e-12,
                8.258073284978963e-14
            ],
            [
                2.2897347477259555e-11,
                7.991959551180955e-11,
                1.2256066919973647e-11,
                4.1399375417423815e-08,
                0.9999999584855517
            ],
            [
                4.847368663247719e-11,
                7.052879788514739e-11,
                1.3887943741702389e-11,
                8.152020642117386e-09,
                0.9999999917150889
            ]
        ],
        [
            [
                0.999999999014124,
                9.736200280671078e-10,
                0.0,
                0.0,
                1.2256067403391333e-11
            ],
            [
                0.22270012293751518,
                0.7772998026013747,
                6.812454079764172e-08,
                6.33656936500365e-09,
                0.0
            ],
            [
                1.6199463881929418e-08,
                4.1778967999125157e-07,
                0.2689343648124434,
                0.7310393534661843,
                2.5847732228470994e-05
            ],
            [
                2.5946094455502387e-11,
                5.492788239333258e-11,
                1.573710178706216e-11,
                1.9555680690450695e-08,
                0.9999999803477082
            ],
            [
                1.4930946673656728e-10,
                1.317651419215783e-10,
                2.0206838970700935e-11,
                4.944450472692762e-09,
                0.9999999947542682
            ]
        ],
        [
            [
                0.9999999943947901,
                5.602796397138653e-09,
                0.0,
                0.0,
                2.4133627544318117e-12
            ],
            [
                0.07585815522645287,
                0.9241415858041998,
                2.201647216085542e-07,
                3.825889188258789e-08,
                5.457337829123466e-10
            ],
            [
                1.039732096306542e-08,
                5.676750312610408e-07,
                0.9933053815060953,
                0.0066928386535020055,
                1.201768050610224e-06
            ],
            [
                1.0261879463828245e-10,
                1.4930946517716929e-10,
                1.7832472616425733e-11,
                1.5229979495566047e-08,
                0.9999999845002598
            ],
            [
                1.6052280489059135e-09,
                1.0261879591557123e-10,
                8.423463721515815e-12,
                1.6052280489059135e-09,
                0.9999999966785016
            ]
        ],
        [
            [
                0.999999982725721,
                1.725782763808813e-08,
                4.508755150887749e-12,
                4.508755150887749e-12,
                7.433680521647398e-12
            ],
            [
                0.7310585222620967,
                0.2689414082815078,
                5.654319238108642e-08,
                1.261649157129529e-08,
                2.967114423682037e-10
            ],
            [
                2.1724027337917924e-10,
                1.725753246153139e-08,
                0.9999832792915097,
                1.6701414787047965e-05,
                1.81893053929661e-09
            ],
            [
                2.940077715602596e-11,
                6.224144572773248e-11,
                1.0815941470164937e-11,
                7.194132972377741e-09,
                0.999999992703409
            ],
            [
                4.277788360448655e-11,
                7.052880661425124e-11,
                1.3887945460564852e-11,
                7.73442279575763e-08,
                0.9999999225285774
            ]
        ],
        [
            [
                0.9999999778227425,
                2.215948922328255e-08,
                2.413362711924304e-12,
                3.098819061797263e-12,
                1.2256067139856935e-11
            ],
            [
                0.22270009080645184,
                0.7772996424971557,
                2.377777775002457e-07,
                2.8398478671805317e-08,
                5.201362803422057e-10
            ],
            [
                1.658678358566957e-12,
                2.0206839085991504e-11,
                0.9999999998611606,
                1.1628233027786389e-10,
                6.914400105492548e-13
            ],
            [
                4.5990553286121806e-10,
                1.9171714928984798e-10,
                1.7832472714119725e-11,
                9.237449561462293e-09,
                0.9999999900930953
            ],
            [
                4.058652074297953e-10,
                1.6918979008642123e-10,
                1.3887943686421613e-11,
                1.1861119998858122e-08,
                0.9999999875499369
            ]
        ],
        [
            [
                0.9999999973305291,
                2.646573620295942e-09,
                0.0,
                0.0,
                2.289734829542001e-11
            ],
            [
                0.008577477910013832,
                0.9914218478407346,
                6.420399087565853e-07,
                3.1965284832161246e-08,
                2.440579614262463e-10
            ],
            [
                2.0610437284179584e-09,
                9.93066481311239e-08,
                4.539750918559906e-05,
                0.9999466122189286,
                7.888904194009355e-06
            ],
            [
                3.850741897843291e-09,
                1.9171715013492208e-10,
                1.0815941487278391e-11,
                2.0611536090975276e-09,
                0.9999999938855713
            ],
            [
                1.0467401544869391e-08,
                9.736200080589362e-10,
                4.8473685905550505e-11,
                1.1861119868198058e-08,
                0.9999999766493849
            ]
        ],
        [
            [
                0.9999999847375142,
                1.5229979453618557e-08,
                6.560200042767179e-12,
                0.0,
                2.5946094486851046e-11
            ],
            [
                0.09534945126321302,
                0.9046503667438335,
                1.6784797331065308e-07,
                1.377781379777005e-08,
                3.6716630097895574e-10
            ],
            [
                1.8795288124163836e-12,
                3.7751345359984337e-11,
                0.9999999978970855,
                2.0611536179174686e-09,
                2.129785166284154e-12
            ],
            [
                3.1608818490502056e-10,
                2.1724402063771901e-10,
                3.3315449582156355e-11,
                3.0590235870345306e-07,
                0.9999996935309936
            ],
            [
                2.7894680845767523e-10,
                1.0261879601196693e-10,
                1.3887943823679727e-11,
                1.8189616821458704e-09,
                0.9999999977855847
            ]
        ],
        [
            [
                0.9999999956330263,
                4.363462225951606e-09,
                0.0,
                0.0,
                3.5114220916550817e-12
            ],
            [
                0.0004305569293688449,
                0.9995691253124096,
                3.05770504176444e-07,
                1.1856009077747862e-08,
                1.3170836380207038e-10
            ],
            [
                1.57371021041131e-11,
                7.052879849879785e-11,
                0.9999999998585818,
                5.492788349994909e-11,
                2.2447770546287364e-13
            ],
            [
                1.162823456617586e-10,
                1.6918981460952483e-10,
                2.9400781276346866e-11,
                6.02357463353081e-08,
                0.9999999394493807
            ],
            [
                3.331544529987576e-11,
                1.0261879594188435e-10,
                1.388794381419508e-11,
                2.6465736292342695e-09,
                0.9999999972036042
            ]
        ],
        [
            [
                0.9999999847498864,
                1.522997948106238e-08,
                2.7346982442507816e-12,
                3.511422052589345e-12,
                1.3887943624546113e-11
            ],
            [
                0.01798620422224619,
                0.9820136178715485,
                1.607926391772736e-07,
                1.6947419484540288e-08,
                1.6614665437379838e-10
            ],
            [
                6.670356129957584e-10,
                5.298920207202734e-08,
                0.9968271759728847,
                0.0031726830064530026,
                8.736442457357878e-08
            ],
            [
                2.4616969449682017e-10,
                1.1628232997877168e-10,
                9.545034896291218e-12,
                1.818961682493624e-09,
                0.9999999978090413
            ],
            [
                8.592166249872858e-10,
                4.0586519520301345e-10,
                7.052879547971233e-11,
                4.139937540845859e-08,
                0.9999999572650141
            ]
        ],
        [
            [
                0.9999999804367969,
                1.9555680669707702e-08,
                2.4133627202302937e-12,
                0.0,
                5.109088918819942e-12
            ],
            [
