{
    "[['A', 'B', 'C', 'D', 'E'], ['A', 'B', 'C', 'D', 'E']]": [
        [
            [
                0.999999999994891,
                5.109089025019004e-12,
                0.0,
                0.0,
                0.0
            ],
            [
                0.9999999999771028,
                2.2897348443998487e-11,
                0.0,
                0.0,
                0.0
            ],
            [
                3.2661313423867696e-13,
                8.423463753435285e-12,
                0.9999999999106388,
                7.991959891973506e-11,
                6.914400106091968e-13
            ],
            [
                2.7346515148371915e-12,
                2.9400274495338324e-11,
                3.098766133714617e-12,
                1.670141510923907e-05,
                0.9999832985496571
            ],
            [
                1.6586785676046181e-12,
                1.783247515177949e-11,
                1.879529053016272e-12,
                3.0590235898962135e-07,
                0.9999996940762703
            ]
        ],
        [
            [
                0.9999999999915765,
                8.423463748007798e-12,
                0.0,
                0.0,
                0.0
            ],
            [
                2.9013380769231563e-06,
                0.9996611775107908,
                0.00033534908579264955,
                5.713073410606536e-07,
                7.579986773371232e-10
            ],
            [
                3.900837609654604e-14,
                2.882350793055641e-13,
                0.9999999999968938,
                2.7346982912230425e-12,
                4.420228103045011e-14
            ],
            [
                1.3480852712787481e-11,
                2.1087601647109404e-10,
                3.664475696130304e-11,
                0.029312227922038667,
                0.9706877718169598
            ],
            [
                7.433667078731955e-12,
                2.9400723629033756e-11,
                2.4133583586308647e-12,
                2.2603252736235804e-06,
                0.9999977396354787
            ]
        ],
        [
            [
                0.9999999999925664,
                7.433680667319867e-12,
                0.0,
                0.0,
                0.0
            ],
            [
                0.9999999999702727,
                2.94007773696774e-11,
                0.0,
                0.0,
                3.26613134021379e-13
            ],
            [
                3.0379753851592626e-14,
                3.701011678246853e-13,
                0.9999999999971216,
                2.4133627716077114e-12,
                6.431393940851057e-14
            ],
            [
                3.978469423310571e-12,
                3.331131664102821e-11,
                5.108455859045794e-12,
                0.00012339462972672831,
                0.999876605327875
            ],
            [
                3.511421982606236e-12,
                2.940077629791861e-11,
                4.508755074382467e-12,
                3.6534820776602526e-08,
                0.9999999634277583
            ]
        ],
        [
            [
                0.9999999999938405,
                5.7893563248191045e-12,
                0.0,
                0.0,
                3.701011676092103e-13
            ],
            [
                0.9999999999771028,
                2.2897348442404526e-11,
                0.0,
                0.0,
                0.0
            ],
            [
                1.0603575990385817e-13,
                5.384940217176097e-13,
                0.9999999999952938,
                3.978962535410197e-12,
                8.258073284669622e-14
            ],
            [
                2.734698353252575e-12,
                3.3315446172845233e-11,
                2.734698353252575e-12,
                6.475946145912497e-07,
                0.9999993523666005
            ],
            [
                8.423464304707714e-12,
                7.991960415006224e-11,
                1.3887944772154875e-11,
                1.275190674785572e-07,
                0.9999998723787015
            ]
        ],
        [
            [
                0.9999999999821676,
                1.7832472894300988e-11,
                0.0,
                0.0,
                0.0
            ],
            [
                0.9999999999666846,
                3.331544540523225e-11,
                0.0,
                0.0,
                0.0
            ],
            [
                1.490218298067887e-10,
                1.3414517620361714e-08,
                0.9980732440136418,
                0.0019267342865025355,
                8.136316222004735e-09
            ],
            [
                2.1297853286287356e-12,
                2.0206840586181475e-11,
                3.511422373335259e-12,
                2.3823698438741864e-07,
                0.9999997617371675
            ],
            [
                3.098819368134019e-12,
                2.0206840586177588e-11,
                2.7346984940474245e-12,
                2.3823698438737282e-07,
                0.9999997617369752
            ]
        ],
        [
            [
                0.999999999992147,
                7.433680664092559e-12,
                0.0,
                0.0,
                4.1937956537197803e-13
            ],
            [
                0.9999999999094393,
                9.056076983501897e-11,
                0.0,
                0.0,
                0.0
            ],
            [
                8.25807328476039e-14,
                4.752193062313357e-13,
                0.9999999999942271,
                5.109089027571148e-12,
                1.0603575990502366e-13
            ],
            [
                3.0988134713109572e-12,
                2.940072362194753e-11,
                5.109079684082477e-12,
                2.2603252730787926e-06,
                0.9999977396371184
            ],
            [
                8.878265221117101e-13,
                8.423463510308827e-12,
                1.8795287620596635e-12,
                2.8453347265094374e-08,
                0.9999999715354618
            ]
        ],
        [
            [
                0.9999999999952367,
                4.508755240443402e-12,
                0.0,
                0.0,
                2.5436656463324214e-13
            ],
            [
                0.999999999782756,
                2.1724399333235498e-10,
                0.0,
                0.0,
                0.0
            ],
            [
                4.193795656513242e-13,
                2.0206839081229823e-11,
                0.9999999995728173,
                4.0586521246695314e-10,
                6.91440010386319e-13
            ],
            [
                1.212141620047096e-11,
                2.4346515265588467e-10,
                3.7336590413438635e-11,
                0.010986942400592123,
                0.9890130573064847
            ],
            [
                2.413362733761582e-12,
                1.7832472626832964e-11,
                3.97896247306773e-12,
                1.5229979504454434e-08,
                0.9999999847457957
            ]
        ],
        [
            [
                0.999999999994891,
                5.109089024616541e-12,
                0.0,
                0.0,
                0.0
            ],
            [
                0.9999999999512719,
                4.847368703803633e-11,
                0.0,
                0.0,
                2.543665646082558e-13
            ],
            [
                5.675685232157744e-14,
                5.384940217303388e-13,
                0.999999999996233,
                3.098819138462496e-12,
                7.287724095209807e-14
            ],
            [
                1.879514574655705e-12,
                2.9400554612305695e-11,
                5.109050314610533e-12,
                7.88926504687489e-06,
                0.999992110698564
            ],
            [
                4.847368929106725e-11,
                9.056077405986202e-11,
                8.423464141700368e-12,
                5.043472047698499e-07,
                0.9999994955053373
            ]
        ],
        [
            [
                0.9999999999902005,
                9.545034916357521e-12,
                0.0,
                0.0,
                2.5436656456492336e-13
            ],
            [
                0.9999999994088595,
                5.905303984711653e-10,
                0.0,
                0.0,
                6.101936662899033e-13
            ],
            [
                6.101936673869459e-13,
                1.783247289722859e-11,
                0.9999999994582862,
                5.211412484697892e-10,
                2.1297851696518403e-12
            ],
            [
                2.940077721154189e-11,
                6.224144584525971e-11,
                1.2256067368521216e-11,
                5.602796402987063e-09,
                0.9999999942933053
            ],
            [
                1.2917801685121897e-12,
                8.42346482209754e-12,
                1.6586785691428251e-12,
                1.8553915977768914e-07,
                0.9999998144494663
            ]
        ],
        [
            [
                0.9999999999922782,
                7.433680667904973e-12,
                0.0,
                0.0,
                2.8823507917200147e-13
            ],
            [
                0.9999999999377585,
                6.224144618843252e-11,
                0.0,
                0.0,
                0.0
            ],
            [
                5.6756852174598125e-14,
                3.0988191304376974e-12,
                0.9999999973495795,
                2.646573631833985e-09,
                6.914400088455814e-13
            ],
            [
                3.5113620500343987e-12,
                4.277714696838743e-11,
                3.098766133008452e-12,
                1.6701415105433057e-05,
                0.9999832985355073
            ],
            [
                1.2917800646309043e-12,
                2.289734951723191e-11,
                3.511422276051838e-12,
                5.043472049498375e-07,
                0.9999994956250946
            ]
        ],
        [
            [
                0.9999999999436084,
                5.492788345925441e-11,
                0.0,
                0.0,
                1.4637785127856612e-12
            ],
            [
                0.9999999999572222,
                4.277787866555712e-11,
                0.0,
                0.0,
                0.0
            ],
            [
                7.991671210485505e-11,
                2.9988524975602194e-09,
                0.9999646402579815,
                3.5356257398847806e-05,
                4.0585055214213564e-10
            ],
            [
                2.5946095988463264e-11,
                7.991960202730908e-11,
                8.423464080971178e-12,
                3.927863697729262e-07,
                0.9999996070993411
            ],
            [
                3.098813471611962e-12,
                3.331538449449126e-11,
                5.7893457411755594e-12,
                2.2603252732983503e-06,
                0.9999977396325231
            ]
        ],
        [
            [
                0.9999999999942106,
                5.789356324820995e-12,
                0.0,
                0.0,
                0.0
            ],
            [
                0.9999999999737657,
                2.5946094966762034e-11,
                0.0,
                0.0,
                2.8823507916666553e-13
            ],
            [
                5.789356322739711e-12,
                3.16088145104275e-10,
                0.999999999007958,
                6.691586084368196e-10,
                1.0060392782422475e-12
            ],
            [
                7.433680840104694e-12,
                3.77513462947085e-11,
                3.511422192617185e-12,
                6.475946146035631e-07,
                0.9999993523566889
            ],
            [
                1.0815756550359306e-11,
                7.991823190298154e-11,
                2.940027449187859e-11,
                1.6701415107273697e-05,
                0.9999832984647584
            ]
        ],
        [
            [
                0.9999999999985363,
                1.4637785135993224e-12,
                0.0,
                0.0,
                0.0
            ],
            [
                0.9990889485827381,
                0.000911051405017121,
                1.224489847061938e-11,
                0.0,
                0.0
            ],
            [
                1.0603575990735577e-13,
                8.87826547779965e-13,
                0.9999999999961888,
                2.7346982913885775e-12,
                8.258073284942016e-14
            ],
            [
                5.789356017988423e-12,
                4.277787639359822e-11,
                8.423463302341371e-12,
                5.3157849691009995e-08,
                0.9999999467851597
            ],
            [
                6.5602006543932134e-12,
                4.2777881860369384e-11,
                4.508755576481975e-12,
                2.382369844082113e-07,
                0.9999997617091687
            ]
        ],
        [
            [
                0.9999999999945208,
                5.109089025960942e-12,
                0.0,
                0.0,
                3.701011677069711e-13
            ],
            [
                0.9999999999839362,
                1.5737102098408847e-11,
                0.0,
                0.0,
                3.2661313410328647e-13
            ],
            [
                7.287724095122328e-14,
                4.752193062316413e-13,
                0.9999999999948703,
                4.508755241863381e-12,
                7.287724095122328e-14
            ],
            [
                5.789357063312162e-12,
                2.5946098274930596e-11,
                2.413363078052346e-12,
                1.8553915980370014e-07,
                0.9999998144266914
            ],
            [
                1.0815942057136373e-11,
                5.4927886047998046e-11,
                5.7893565962814406e-12,
                5.043472048927343e-07,
                0.9999994955812619
            ]
        ],
        [
            [
                0.9999999999970672,
                2.734698289968932e-12,
                0.0,
                0.0,
                1.9810087968733242e-13
            ],
            [
                0.9999996072132602,
                3.927863696208696e-07,
                3.701011820615126e-13,
                0.0,
                0.0
            ],
            [
                3.9008376100114134e-14,
                4.1937956581975285e-13,
                0.9999999999943501,
                5.109089027841584e-12,
                8.25807328519751e-14
            ],
            [
                5.108709427162183e-12,
                7.052355828232068e-11,
                1.2255156828876167e-11,
                7.484619854614287e-05,
                0.9999251537135665
            ],
            [
                1.1628232946461471e-10,
                1.317651417518352e-10,
                1.5737101993506745e-11,
                6.3488000703125435e-09,
                0.9999999933874153
            ]
        ],
        [
            [
                0.9999999999938405,
                5.7893563248188525e-12,
                0.0,
                0.0,
                3.701011676091942e-13
            ],
            [
                0.9999999998973812,
                1.0261879626483889e-10,
                0.0,
                0.0,
                0.0
            ],
            [
                0.0,
                2.543665647168118e-13,
                0.9999999999978315,
                1.8795288163847963e-12,
                3.4424771081873904e-14
            ],
            [
                5.109079683747472e-12,
                2.940072362001971e-11,
                7.433667076452848e-12,
                2.260325272930582e-06,
                0.9999977396327836
            ],
            [
                1.87952538007738e-12,
                2.594604754387415e-11,
                5.789345743683413e-12,
                1.067703076124361e-06,
                0.9999989322633089
            ]
        ],
        [
            [
                0.9999999999725901,
                2.5946094953428306e-11,
                0.0,
                0.0,
                1.4637785124708647e-12
            ],
            [
                0.9999999998837177,
                1.1628233021083882e-10,
                0.0,
                0.0,
                0.0
            ],
            [
                4.1937956559189523e-13,
                3.775134542064143e-11,
                0.9999999994392241,
                5.211412484830889e-10,
                1.463778513267078e-12
            ],
            [
                7.299974085658475e-12,
                2.41741941133322e-10,
                2.5479413139531998e-11,
                0.017986211589176924,
                0.9820137881363017
            ],
            [
                3.5114158828804576e-12,
                3.331538630836343e-11,
                3.5114158828804576e-12,
                1.370956653821179e-06,
                0.999998629003008
            ]
        ],
        [
            [
                0.99999999999726,
                2.4133627707166824e-12,
                0.0,
                0.0,
                3.2661313412763867e-13
            ],
            [
                0.9999999999572222,
                4.277787867049799e-11,
                0.0,
                0.0,
                0.0
            ],
            [
                1.0603575990612124e-13,
                7.835041784390713e-13,
                0.9999999999939371,
                5.1090890276240324e-12,
                6.431393940899012e-14
            ],
            [
                2.7346983523432976e-12,
                2.0206839539117845e-11,
                3.978962624230039e-12,
                6.475946143759268e-07,
                0.999999352378465
            ],
            [
                7.052880737751658e-11,
                1.1628234492042369e-10,
                2.5946098244529098e-11,
                3.0590235895775946e-07,
                0.9999996938848837
            ]
        ],
        [
            [
                0.9999999999964886,
                3.5114221112894337e-12,
                0.0,
                0.0,
                0.0
            ],
            [
                0.9999999928052569,
                7.194132971561091e-09,
                6.101936627762489e-13,
                0.0,
                0.0
            ],
            [
                2.882350793214726e-13,
                1.291780004683069e-12,
                0.9999999999908502,
                7.433680671759883e-12,
                1.3615261079811693e-13
            ],
            [
                2.734687975837499e-12,
                2.940066648803341e-11,
                5.789334490278467e-12,
                3.7266391144991254e-06,
                0.9999962733229608
            ],
            [
                1.6052280163575525e-09,
                2.4616968922706274e-10,
                8.423463550717693e-12,
                2.2159489237361158e-08,
                0.9999999759806896
            ]
        ],
        [
            [
                0.9999999999942106,
                5.789356324821247e-12,
                0.0,
                0.0,
                0.0
            ],
            [
                0.9999999993308415,
                6.691586083737553e-10,
                0.0,
                0.0,
                0.0
            ],
            [
                7.8350417832652e-13,
                7.052879849492582e-11,
                0.9999999997963125,
                1.3176514267069696e-10,
                6.101936676204114e-13
            ],
            [
                1.2917801004273345e-12,
                1.573710327201293e-11,
                2.7346984940645897e-12,
                2.3823698438886818e-07,
                0.999999761743252
            ],
            [
                9.544962599311432e-12,
                4.2777554558119655e-11,
                2.7346775705538344e-12,
                7.889265049125121e-06,
                0.9999921106798937
            ]
        ],
        [
            [
                0.9999999999942106,
                5.789356325276676e-12,
                0.0,
                0.0,
                0.0
            ],
            [
                0.9999996072131554,
                3.9278636946727395e-07,
                0.0,
                0.0,
                4.75219324327329e-13
            ],
            [
                8.258073284860751e-14,
                6.101936677091659e-13,
                0.999999999995739,
                3.511422113080918e-12,
                5.67568523215494e-14
            ],
            [
                1.7832472807976287e-11,
                5.4927883201001196e-11,
                9.545034869223435e-12,
                4.944450474164251e-09,
                0.9999999949732441
            ],
            [
                1.2917799867311002e-12,
                1.08159414061139e-11,
                3.0988190954103817e-12,
                1.3440409763281671e-08,
                0.9999999865443838
            ]
        ],
        [
            [
                0.9999999999934397,
                6.560200162470991e-12,
                0.0,
                0.0,
                0.0
            ],
            [
                0.9999921107336606,
                7.889265047634883e-06,
                1.2917702166166798e-12,
                0.0,
                0.0
            ],
            [
                3.978962535134161e-12,
                4.847368705413731e-11,
                0.9999999998566165,
                9.056076988072668e-11,
                3.7010116779387077e-13
            ],
            [
                1.9922648443483503e-11,
                1.6681029310928555e-10,
                3.7220407415881407e-11,
                0.014063627278872146,
                0.9859363724971746
            ],
            [
                3.511408832270279e-12,
                2.0206762662732705e-11,
                3.978947486372258e-12,
                2.9023121991835707e-06,
                0.9999970976601037
            ]
        ],
        [
            [
                0.9999999999967468,
                3.0988191370968216e-12,
                0.0,
                0.0,
                1.542811202382846e-13
            ],
            [
                0.9999999998973812,
                1.0261879622863897e-10,
                0.0,
                0.0,
                0.0
            ],
            [
                2.7346982793625343e-12,
                7.052879819572276e-11,
                0.999999995557485,
                4.363462233430667e-09,
                5.7893563028411386e-12
            ],
            [
                1.2254127779614413e-11,
                9.054643760703538e-11,
                8.422130643863606e-12,
                0.00015843624806910895,
                0.9998415636407082
            ],
            [
                6.560199893629142e-12,
                2.940077616251067e-11,
                5.789356086463511e-12,
                4.139937545541231e-08,
                0.9999999585588744
            ]
        ],
        [
            [
                0.9999999999960691,
                3.5114221110130108e-12,
                0.0,
                0.0,
                4.1937956555567453e-13
            ],
            [
                0.9999998144599527,
                1.8553915949390208e-07,
                0.0,
                0.0,
                8.878266590152689e-13
            ],
            [
                4.752193060844891e-13,
                2.5946094972247637e-11,
                0.9999999996148654,
                3.58174792883135e-10,
                5.384940215571296e-13
            ],
            [
                3.511415690347468e-12,
                2.020680212824205e-11,
                3.511415690347468e-12,
                2.260325272427884e-06,
                0.9999977396474979
            ],
            [
                1.0261879576361095e-10,
                1.1628232967511633e-10,
                1.2256067378004328e-11,
                4.944450475273956e-09,
                0.9999999948243923
            ]
        ],
        [
            [
                0.9999999999964886,
                3.5114221110130108e-12,
                0.0,
                0.0,
                0.0
            ],
            [
                0.9999999999705993,
                2.940077737845027e-11,
                0.0,
                0.0,
                0.0
            ],
            [
                3.900837609762911e-14,
                4.1937956579303624e-13,
                0.9999999999955125,
                3.978962535411068e-12,
                5.0087746373070346e-14
            ],
            [
                1.9614524946400773e-11,
                2.707701647470532e-10,
                6.041699022342671e-11,
                0.02931222798430186,
                0.9706877716648965
            ],
            [
                1.1399919402765666e-12,
                2.289735020856133e-11,
                3.978962840307574e-12,
                8.315279897249054e-07,
                0.999999168443994
            ]
        ],
        [
            [
                0.9999999999975866,
                2.4133627704013323e-12,
                0.0,
                0.0,
                0.0
            ],
            [
                0.9997965729333456,
                0.00020342706086629166,
                5.788175453683544e-12,
                0.0,
                0.0
            ],
            [
                4.508755807254773e-12,
                6.691586929767688e-10,
                0.999999693353445,
                3.0590235883226285e-07,
                7.05288073485821e-11
            ],
            [
                5.789356303243658e-12,
                2.020683900126382e-11,
                4.508755222445534e-12,
                3.8507419058151555e-09,
                0.9999999961187531
            ],
            [
                8.423463724410348e-12,
                3.331544530278124e-11,
                6.560200144744352e-12,
                2.9989608141558115e-09,
                0.99999999695274
            ]
        ],
        [
            [
                0.9999999999934397,
                6.5602001631340016e-12,
                0.0,
                0.0,
                0.0
            ],
            [
                0.9999999987498471,
                1.2501528634446218e-09,
                0.0,
                0.0,
                0.0
            ],
            [
                1.0603575990635186e-13,
                6.101936677093935e-13,
                0.999999999996112,
                3.0988191384621207e-12,
                7.287724095208926e-14
            ],
            [
                1.1099986702669105e-11,
                4.165239280929105e-10,
                8.201842444340626e-11,
                0.37754067591438367,
                0.622459323575974
            ],
            [
                5.789356211832687e-12,
                3.331544474896278e-11,
                6.56020003569103e-12,
                1.9555680692984607e-08,
                0.9999999803986543
            ]
        ],
        [
            [
                0.9999999999968952,
                2.734698289753437e-12,
                0.0,
                0.0,
                3.7010116761046175e-13
            ],
            [
                0.9999999748897845,
                2.5109990910119956e-08,
                0.0,
                0.0,
                2.244776997152027e-13
            ],
            [
                4.4202281033182143e-14,
                3.2661313425488115e-13,
                0.9999999999974649,
                2.129785170800175e-12,
                3.4424771082184563e-14
            ],
            [
                6.560200671865234e-12,
                4.847369078465476e-11,
                8.423464401246958e-12,
                8.31527989943522e-07,
                0.9999991684085527
            ],
            [
                1.0808270065732045e-11,
                1.1619985399535957e-10,
                1.5725940152515027e-11,
                0.0007096703456520955,
                0.9992903295116138
            ]
        ],
        [
            [
                0.9999999999954912,
                4.508755237883382e-12,
                0.0,
                0.0,
                0.0
            ],
            [
                0.9999999990261255,
                9.73620029516222e-10,
                0.0,
                0.0,
                2.5436656427141515e-13
            ],
            [
                4.193795657888146e-13,
                3.0988191383587284e-12,
                0.9999999999627469,
                3.331544541776046e-11,
                4.193795657888146e-13
            ],
            [
                4.508755814548338e-12,
                3.331544965007743e-11,
                2.7346986386811752e-12,
                1.8553915981031955e-07,
                0.9999998144202813
            ],
            [
                7.433681243084931e-12,
                5.492788772672309e-11,
                7.433681243084931e-12,
                8.315279899382518e-07,
                0.9999991684022148
            ]
        ],
        [
            [
                0.9999999999934397,
                6.5602001637185e-12,
                0.0,
                0.0,
                0.0
            ],
            [
                0.9999999998506905,
                1.4930946751958565e-10,
                0.0,
                0.0,
                0.0
            ],
            [
                4.420228103229012e-14,
                4.752193062328038e-13,
                0.9999999999973164,
                2.1297851707571947e-12,
                3.4424771081489855e-14
            ],
            [
                1.1399918199941149e-12,
                1.3887943462329665e-11,
                2.129785109209807e-12,
                2.8453347264924597e-08,
                0.999999971529495
            ],
            [
                6.56020001943735e-12,
                3.775134458698702e-11,
                5.789356197488864e-12,
                2.2159489271021526e-08,
                0.9999999777904099
            ]
        ],
        [
            [
                0.9999999999969011,
                3.0988191370962876e-12,
                0.0,
                0.0,
                0.0
            ],
            [
                0.9999999996418252,
                3.5817479266028223e-10,
                0.0,
                0.0,
                0.0
            ],
            [
                3.03797538518953e-14,
                3.701011678283727e-13,
                0.9999999999964437,
                3.098819138463149e-12,
                5.67568523215894e-14
            ],
            [
                8.423464727655204e-12,
                4.8473692663004526e-11,
                9.54503602560547e-12,
                7.73442280072117e-08,
                0.9999999225893298
            ],
            [
                4.508755162538855e-12,
                1.7832472592705408e-11,
                3.0988190839064025e-12,
                1.7257827682684202e-08,
                0.9999999827167324
            ]
        ],
        [
            [
                0.999999999986112,
                1.3887943854234702e-11,
                0.0,
                0.0,
                0.0
            ],
            [
                0.9999997617622324,
                2.3823698421971242e-07,
                7.835042359595304e-13,
                0.0,
                0.0
            ],
            [
                2.0879679115118557e-14,
                2.5436656472135823e-13,
                0.9999999999980269,
                1.6586783588077198e-12,
                3.900837609930224e-14
            ],
            [
                3.098819368120184e-12,
                2.289735015149287e-11,
                4.5087555760674674e-12,
                2.3823698438630921e-07,
                0.9999997617325107
            ],
            [
                1.463778546758304e-12,
                1.3887944174571566e-11,
                2.7346983525572146e-12,
                6.475946144265838e-07,
                0.9999993523872992
            ]
        ],
        [
            [
                0.999999999989184,
                1.081594154896345e-11,
                0.0,
                0.0,
                0.0
            ],
            [
                0.999999999782756,
                2.1724399336079505e-10,
                0.0,
                0.0,
                0.0
            ],
            [
                5.700910824808587e-10,
                3.527028634626151e-08,
                0.8519525963470314,
                0.14804716484591335,
                2.0296667775570023e-07
            ],
            [
                5.108904496715012e-12,
                5.492589961058788e-11,
                1.3887442256753122e-11,
                3.5356257517738346e-05,
                0.99996464366856
            ],
            [
                2.1297853429074506e-12,
                2.0206840721654146e-11,
                2.4133629666799773e-12,
                1.1253518380496925e-07,
                0.9999998874400662
            ]
        ],
        [
            [
                0.999999999990455,
                9.545034917110137e-12,
                0.0,
                0.0,
                0.0
            ],
            [
                0.9999999999200804,
                7.991959889452699e-11,
                0.0,
                0.0,
                0.0
            ],
            [
                1.4637758374773009e-12,
                1.0261860866946453e-10,
                0.9999977395373284,
                2.260325273768616e-06,
                3.33153845014226e-11
            ],
            [
                1.879525378987233e-12,
                2.02068021330569e-11,
                3.978955258539915e-12,
                2.2603252729664718e-06,
                0.9999977396486618
            ],
            [
                3.511348742258266e-12,
                4.2776984846485067e-11,
                5.108982273716197e-12,
                2.1444939763570273e-05,
                0.9999785550088391
            ]
        ],
        [
            [
                0.9999999999969011,
                3.0988191366374746e-12,
                0.0,
                0.0,
                0.0
            ],
            [
                0.999999999979595,
                2.020683907628827e-11,
                0.0,
                0.0,
                1.9810087966829482e-13
            ],
            [
                3.4424771081443223e-14,
                4.1937956579828164e-13,
                0.9999999999959619,
                3.5114221130443357e-12,
                7.287724095130282e-14
            ],
            [
                5.78784437119442e-12,
                7.051037909756761e-11,
                1.2252866629970163e-11,
                0.0002611903280633782,
                0.9997388095833855
            ],
            [
                1.87952877875959e-12,
                1.7832472549704534e-11,
                3.978962455858051e-12,
                1.955568069477127e-08,
                0.9999999804206283
            ]
        ],
        [
            [
                0.9999999999934397,
                6.5602001637185e-12,
                0.0,
                0.0,
                0.0
            ],
            [
                0.9999999999572222,
                4.277787866555825e-11,
                0.0,
                0.0,
                0.0
            ],
            [
                3.900837609765139e-14,
                3.26613134243949e-13,
                0.9999999999960838,
                3.5114221130024226e-12,
                3.900837609765139e-14
            ],
            [
                6.5602010014075585e-12,
                4.847369321966148e-11,
                1.3887945628962286e-11,
                1.8553915982813278e-07,
                0.9999998143919183
            ],
            [
                3.266131167978004e-13,
                4.508755000977832e-12,
                1.0060392254382175e-12,
                5.3157849699136766e-08,
                0.999999946836309
            ]
        ],
        [
            [
                0.9999999999925664,
                7.433680667905223e-12,
                0.0,
                0.0,
                0.0
            ],
            [
                0.9999999999840881,
                1.5737102099374913e-11,
                0.0,
                0.0,
                1.7482341274392168e-13
            ],
            [
                1.1621803668037476e-10,
                3.8486128104224915e-09,
                0.9994471890306754,
                0.0005527785668777374,
                2.843761595927494e-08
            ],
            [
                2.1297853703261934e-12,
                1.573710358002203e-11,
                3.098819428804058e-12,
                9.931195241821024e-08,
                0.9999999006670819
            ],
            [
                2.7346982704193075e-12,
                2.0206838933776884e-11,
                3.978962505031337e-12,
                7.194132974627004e-09,
                0.9999999927789466
            ]
        ],
        [
            [
                0.999999999991322,
                8.423463750521551e-12,
                0.0,
                0.0,
                2.543665646185003e-13
            ],
            [
                3.7749981339653175e-11,
                5.211224179258908e-10,
                1.5229429426229545e-08,
                0.9999646279547336,
                3.535625696453852e-05
            ],
            [
                1.748234128082095e-13,
                1.1399918529211368e-12,
                0.9999999999945315,
                3.978962535407164e-12,
                1.748234128082095e-13
            ],
            [
                1.2917751319812662e-12,
                2.2897262083925033e-11,
                3.97894752654201e-12,
                3.7266391145354856e-06,
                0.9999962733327175
            ],
            [
                2.413363075564521e-12,
                1.3887945612817015e-11,
                1.139991996516866e-12,
                3.0590235900085e-07,
                0.9999996940801997
            ]
        ],
        [
            [
                0.9999999999915603,
                7.43368066731514e-12,
                0.0,
                0.0,
                1.0060392786016266e-12
            ],
            [
                0.9999999999512719,
                4.8473687027889975e-11,
                0.0,
                0.0,
                2.543665645550126e-13
            ],
            [
                3.701011678198586e-13,
                1.463778513970045e-12,
                0.9999999999840801,
                1.3887943863485224e-11,
                1.9810087978380405e-13
            ],
            [
                1.317651415198407e-10,
