{
    "[['A', 'B', 'C', 'D', 'E'], ['A', 'B', 'C', 'D', 'E']]": [
        [
            [
                0.9999999998499991,
                1.4930946745194916e-10,
                0.0,
                0.0,
                6.914400099171038e-13
            ],
            [
                0.999999999989184,
                1.0815941548963922e-11,
                0.0,
                0.0,
                0.0
            ],
            [
                4.508755240430165e-12,
                3.160881453006465e-10,
                0.9999999996241871,
                5.4927883486830626e-11,
                2.88235079225235e-13
            ],
            [
                1.6586753240539242e-12,
                3.3315384464865364e-11,
                4.5087469926892005e-12,
                2.2603252712883436e-06,
                0.999997739635246
            ],
            [
                0.9999999993250521,
                6.691586071147487e-10,
                0.0,
                0.0,
                5.789356311301558e-12
            ]
        ],
        [
            [
                0.9999999999972653,
                2.7346982897544495e-12,
                0.0,
                0.0,
                0.0
            ],
            [
                0.9999999969995754,
                2.9989608096778324e-09,
                0.0,
                0.0,
                1.4637785067168794e-12
            ],
            [
                3.160694600971592e-10,
                6.475569354365091e-07,
                0.9999410537156057,
                5.829121768175176e-05,
                7.1937077540789766e-09
            ],
            [
                3.5114022202709457e-12,
                7.052839894741524e-11,
                1.0815880282206752e-11,
                4.78509484663337e-06,
                0.9999952148202977
            ],
            [
                0.9999999998066242,
                1.91717151031008e-10,
                0.0,
                0.0,
                1.6586783559309262e-12
            ]
        ],
        [
            [
                0.9999999999942106,
                5.789356325678393e-12,
                0.0,
                0.0,
                0.0
            ],
            [
                0.9999999999942106,
                5.7893563256787625e-12,
                0.0,
                0.0,
                0.0
            ],
            [
                9.23503701784626e-09,
                0.0002611903215930822,
                0.9997387911461076,
                9.23503701784626e-09,
                6.222518996084041e-11
            ],
            [
                5.1090016336568905e-12,
                5.4926943931130866e-11,
                1.57368329131397e-11,
                1.670141509641277e-05,
                0.9999832985091308
            ],
            [
                0.9999999999077807,
                9.056076980020543e-11,
                0.0,
                0.0,
                1.6586783571463465e-12
            ]
        ],
        [
            [
                0.9999999999447455,
                5.492788345303293e-11,
                0.0,
                0.0,
                3.266131339427008e-13
            ],
            [
                0.9999999992415194,
                7.582560417086747e-10,
                0.0,
                0.0,
                2.2447770518162425e-13
            ],
            [
                3.0988191371582393e-12,
                3.581747928475921e-10,
                0.9999999995576667,
                7.99195988892139e-11,
                1.1399918524691442e-12
            ],
            [
                8.423464078638682e-12,
                6.22414486243884e-11,
                9.545035290173402e-12,
                3.9278636966416184e-07,
                0.9999996071334204
            ],
            [
                0.9999999999735787,
                2.594609495978582e-11,
                0.0,
                0.0,
                4.75219305856243e-13
            ]
        ],
        [
            [
                0.9999999999094393,
                9.056076972373825e-11,
                0.0,
                0.0,
                0.0
            ],
            [
                0.99999960721302,
                3.9278636983410884e-07,
                6.101936915073436e-13,
                0.0,
                0.0
            ],
            [
                6.914400106071558e-13,
                4.8473687056612885e-11,
                0.9999999999171494,
                3.3315445417478755e-11,
                3.70101167812772e-13
            ],
            [
                4.508325474936329e-12,
                6.223551347369472e-11,
                1.573560207138983e-11,
                9.610240066521807e-05,
                0.9999038975168553
            ],
            [
                0.9999999999506386,
                4.847368703168465e-11,
                0.0,
                0.0,
                8.87826547277853e-13
            ]
        ],
        [
            [
                0.9999999999983413,
                1.6586783580470741e-12,
                0.0,
                0.0,
                0.0
            ],
            [
                0.9999999979388463,
                2.0611536159162234e-09,
                0.0,
                0.0,
                0.0
            ],
            [
                2.2447770547965522e-13,
                1.0815941556204368e-11,
                0.9999999999333402,
                5.492788350405541e-11,
                6.914400106248935e-13
            ],
            [
                2.1295821632417645e-12,
                6.223551347403352e-11,
                1.2254899215365131e-11,
                9.610240108145189e-05,
                0.9999038975222986
            ],
            [
                0.9999999999842628,
                1.5737102094677952e-11,
                0.0,
                0.0,
                0.0
            ]
        ],
        [
            [
                0.9999999999981204,
                1.879528815425018e-12,
                0.0,
                0.0,
                0.0
            ],
            [
                0.9999999992409603,
                7.58256040652762e-10,
                0.0,
                0.0,
                7.835041762968057e-13
            ],
            [
                7.287724095128612e-14,
                6.10193667702669e-13,
                0.9999999999957327,
                3.5114221130435308e-12,
                7.287724095128612e-14
            ],
            [
                3.0985237656424116e-12,
                6.223551350218515e-11,
                1.2254899220908516e-11,
                9.610240025151658e-05,
                0.9999038975221596
            ],
            [
                0.9999999999447455,
                5.492788347407524e-11,
                0.0,
                0.0,
                3.2661313406782297e-13
            ]
        ],
        [
            [
                0.9999999999969011,
                3.0988191360481932e-12,
                0.0,
                0.0,
                0.0
            ],
            [
                0.9999999715466528,
                2.8453347248849682e-08,
                0.0,
                0.0,
                0.0
            ],
            [
                3.7010116781927785e-13,
                1.8795288163360007e-12,
                0.999999999994569,
                3.0988191383869988e-12,
                8.258073284663637e-14
            ],
            [
                0.9999999943960637,
                5.602796381691963e-09,
                0.0,
                0.0,
                1.1399918416816023e-12
            ],
            [
                4.508755197002577e-12,
                3.775134506356363e-11,
                7.433680597677896e-12,
                9.237449569176722e-09,
                0.9999999907128566
            ]
        ],
        [
            [
                0.9999999998827116,
                1.1628233010191148e-10,
                0.0,
                0.0,
                1.0060392775503978e-12
            ],
            [
                0.999999999990455,
                9.545034916359628e-12,
                0.0,
                0.0,
                0.0
            ],
            [
                1.1032560031074247e-09,
                2.5109990892028586e-08,
                0.9999999736693308,
                1.1628232722074434e-10,
                1.139991822834732e-12
            ],
            [
                3.976140349973396e-12,
                1.1619985394164135e-10,
                2.9379924103175176e-11,
                0.0007096703486360448,
                0.9992903295018081
            ],
            [
                0.9999999999740539,
                2.5946094959791545e-11,
                0.0,
                0.0,
                0.0
            ]
        ],
        [
            [
                0.9999999999992164,
                7.835041781452613e-13,
                0.0,
                0.0,
                0.0
            ],
            [
                0.9999999999094393,
                9.056076974315675e-11,
                0.0,
                0.0,
                0.0
            ],
            [
                4.1937956579261245e-13,
                1.0060392791745471e-12,
                0.999999999994502,
                3.978962535407047e-12,
                9.357622967828458e-14
            ],
            [
                3.0988190356662276e-12,
                3.331544431371203e-11,
                4.508755092349815e-12,
                3.224186630031859e-08,
                0.9999999677172107
            ],
            [
                8.42346362109117e-12,
                6.224144524354416e-11,
                1.2256067250036399e-11,
                1.5229979503560493e-08,
                0.9999999846870995
            ]
        ],
        [
            [
                0.9999999998824258,
                1.1628233012381132e-10,
                0.0,
                0.0,
                1.2917800028041691e-12
            ],
            [
                0.9999999956365377,
                4.363462224910133e-09,
                0.0,
                0.0,
                0.0
            ],
            [
                7.287724095132259e-14,
                5.384940217246087e-13,
                0.999999999996233,
                3.098819138429521e-12,
                5.675685232097349e-14
            ],
            [
                2.7346827986765734e-12,
                4.8473412444207964e-11,
                9.544980847252817e-12,
                4.785094846372462e-06,
                0.9999952148444005
            ],
            [
                0.9999999999839362,
                1.5737102098408847e-11,
                0.0,
                0.0,
                3.2661313410328647e-13
            ]
        ],
        [
            [
                0.9999999999938405,
                5.789356324305177e-12,
                0.0,
                0.0,
                3.701011675763561e-13
            ],
            [
                0.999999998895738,
                1.10325602885129e-09,
                0.0,
                0.0,
                1.0060392760987844e-12
            ],
            [
                4.1937956579600124e-13,
                2.41336277159179e-12,
                0.9999999999905242,
                6.56020016749752e-12,
                8.258073284729813e-14
            ],
            [
                3.0988018045719035e-12,
                3.7751134269614235e-11,
                8.423416635363902e-12,
                6.144172124339932e-06,
                0.9999938557786023
            ],
            [
                0.9999999999873246,
                1.2256067437556988e-11,
                0.0,
                0.0,
                4.193795656140826e-13
            ]
        ],
        [
            [
                0.9999999999873739,
                1.2256067438308104e-11,
                0.0,
                0.0,
                3.7010116768438273e-13
            ],
            [
                0.9999999996835418,
                3.1608814514468097e-10,
                0.0,
                0.0,
                3.701011675235897e-13
            ],
            [
                6.223777372233561e-11,
                3.2239964966976185e-08,
                0.999941639885439,
                5.829127969174032e-05,
                3.6532666429257735e-08
            ],
            [
                0.9999999979238183,
                2.061153610222258e-09,
                1.1399918462877107e-12,
                0.0,
                1.388794378265124e-11
            ],
            [
                0.9999999998482771,
                1.49309467357387e-10,
                0.0,
                0.0,
                2.413362767593054e-12
            ]
        ],
        [
            [
                0.9999999999200804,
                7.991959886253232e-11,
                0.0,
                0.0,
                0.0
            ],
            [
                0.9999999991407833,
                8.592166599619837e-10,
                0.0,
                0.0,
                0.0
            ],
            [
                7.052879763922213e-11,
                1.1861120004712884e-08,
                0.9999999877869908,
                2.7894680583846314e-10,
                2.4133627419984546e-12
            ],
            [
                6.560200468742208e-12,
                6.224144908098143e-11,
                1.388794450130973e-11,
                5.043472046938973e-07,
                0.9999994955701057
            ],
            [
                0.9999999999885738,
                1.0815941549924529e-11,
                0.0,
                0.0,
                6.101936673452439e-13
            ]
        ],
        [
            [
                0.9999999999740539,
                2.594609495979067e-11,
                0.0,
                0.0,
                0.0
            ],
            [
                0.9999999999934397,
                6.560200164690478e-12,
                0.0,
                0.0,
                0.0
            ],
            [
                1.1011159309392858e-09,
                1.2982066034970039e-05,
                0.9980602709110734,
                0.001926709457823929,
                3.646395171197068e-08
            ],
            [
                2.2881107884193482e-11,
                3.579207477348343e-10,
                1.0254601112181606e-10,
                0.0007096703472146755,
                0.9992903291694375
            ],
            [
                0.999999999995203,
                4.508755239923498e-12,
                0.0,
                0.0,
                2.8823507919284486e-13
            ]
        ],
        [
            [
                0.9999999999771028,
                2.289734843856171e-11,
                0.0,
                0.0,
                0.0
            ],
            [
                0.9999999998301188,
                1.6918979210448167e-10,
                0.0,
                0.0,
                6.91440010052269e-13
            ],
            [
                3.0988191382167833e-12,
                6.224144621893377e-11,
                0.9999999998854947,
                4.847368705480237e-11,
                6.914400105813302e-13
            ],
            [
                0.9999999973426104,
                2.6465736248717876e-09,
                0.0,
                0.0,
                1.0815941499918336e-11
            ],
            [
                3.511415771845763e-12,
                6.224133382275572e-11,
                9.54501768477283e-12,
                1.7603431330196522e-06,
                0.9999982395815693
            ]
        ],
        [
            [
                0.9999999999557585,
                4.277787863431854e-11,
                0.0,
                0.0,
                1.4637785122312022e-12
            ],
            [
                0.9999999999091511,
                9.056076982787223e-11,
                0.0,
                0.0,
                2.882350791252838e-13
            ],
            [
                1.139991847571708e-12,
                3.5817479130886345e-10,
                0.9999999952543257,
                4.363462231996455e-09,
                2.289734834653447e-11
            ],
            [
                2.5945997108821976e-11,
                1.3176464565606086e-10,
                2.5945997108821976e-11,
                3.7266391143856256e-06,
                0.999996273177229
            ],
            [
                0.9999999998962412,
                1.0261879611971165e-10,
                0.0,
                0.0,
                1.1399918508524697e-12
            ]
        ],
        [
            [
                0.9999999999092413,
                9.056076982790999e-11,
                0.0,
                0.0,
                1.9810087965435768e-13
            ],
            [
                0.999999999987744,
                1.2256067436708942e-11,
                0.0,
                0.0,
                0.0
            ],
            [
                9.357622968297731e-14,
                2.7346982914333495e-12,
                0.9999999999848097,
                1.2256067443389022e-11,
                1.0603575990909177e-13
            ],
            [
                4.508549260212644e-12,
                7.991594780977125e-11,
                1.5736383158753e-11,
                4.539785567073208e-05,
                0.9999546020441684
            ],
            [
                0.9999999985782821,
                1.4166087813205565e-09,
                0.0,
                0.0,
                5.109089008866889e-12
            ]
        ],
        [
            [
                0.999999999996021,
                3.97896253194574e-12,
                0.0,
                0.0,
                0.0
            ],
            [
                0.9999999997530467,
                2.461696945457938e-10,
                0.0,
                0.0,
                7.835041764830031e-13
            ],
            [
                1.0060392791426136e-12,
                1.2256067442385368e-11,
                0.9999999999306701,
                5.49278835018647e-11,
                1.1399918528849177e-12
            ],
            [
                3.0988134722026737e-12,
                2.94007236304079e-11,
                6.5601881721326405e-12,
                1.0677030758653799e-06,
                0.9999989322578644
            ],
            [
                0.9999999998289306,
                1.6918979196098168e-10,
                0.0,
                0.0,
                1.8795288132004813e-12
            ]
        ],
        [
            [
                0.999999999994891,
                5.1090890256862245e-12,
                0.0,
                0.0,
                0.0
            ],
            [
                0.9999999804431772,
                1.9555680697466537e-08,
                8.878265301225615e-13,
                0.0,
                2.5436655965985193e-13
            ],
            [
                7.052879809461746e-11,
                5.602796404450245e-09,
                0.9999999941567936,
                1.6918979126237153e-10,
                6.914400066107574e-13
            ],
            [
                0.9999999961396946,
                3.850741898908811e-09,
                0.0,
                1.1399918459810817e-12,
                8.423463702277722e-12
            ],
            [
                0.9999999999910381,
                8.42346374509992e-12,
                0.0,
                0.0,
                5.384940211764809e-13
            ]
        ],
        [
            [
                0.9999999999890092,
                1.0815941552192508e-11,
                0.0,
                0.0,
                1.74823412744782e-13
            ],
            [
                0.9999999997529425,
                2.461696947255619e-10,
                0.0,
                0.0,
                8.878265462014577e-13
            ],
            [
                3.0988191381823354e-12,
                7.052879849884287e-11,
                0.9999999998553053,
                7.052879849884287e-11,
                5.384940216816543e-13
            ],
            [
                1.0815881056147653e-11,
                1.3176440564620592e-10,
                2.0206726059215612e-11,
                6.144172124902358e-06,
                0.9999938556650881
            ],
            [
                0.9999999999936005,
                5.789356321456022e-12,
                0.0,
                0.0,
                6.101936669937921e-13
            ]
        ],
        [
            [
                0.999999999986112,
                1.3887943857530813e-11,
                0.0,
                0.0,
                0.0
            ],
            [
                0.9999999973534264,
                2.6465736270907493e-09,
                0.0,
                0.0,
                0.0
            ],
            [
                3.2661313423907626e-13,
                2.9400777389273884e-11,
                0.9999999999213238,
                4.8473687056815234e-11,
                4.75219306219398e-13
            ],
            [
                9.526647054716429e-12,
                1.6886385950032206e-10,
                5.4822068634433264e-11,
                0.0019267343475361303,
                0.9980732654192513
            ],
            [
                0.9999999999075597,
                9.056076967684411e-11,
                0.0,
                0.0,
                1.8795288119755246e-12
            ]
        ],
        [
            [
                0.999999999996021,
                3.978962532400947e-12,
                0.0,
                0.0,
                0.0
            ],
            [
                0.9999999778398193,
                2.2159489250916352e-08,
                0.0,
                0.0,
                6.914399943920847e-13
            ],
            [
                3.442477108181467e-14,
                6.914400106360716e-13,
                0.9999999999961109,
                3.0988191384621175e-12,
                6.431393940912993e-14
            ],
            [
                1.5736832922077615e-11,
                1.317628888443421e-10,
                1.7832167881823355e-11,
                1.6701415105898532e-05,
                0.9999832984195622
            ],
            [
                0.9999999993250521,
                6.691586071147487e-10,
                0.0,
                0.0,
                5.789356311301558e-12
            ]
        ],
        [
            [
                0.999999999994891,
                5.109089022398162e-12,
                0.0,
                0.0,
                0.0
            ],
            [
                0.9999999956360626,
                4.363462226897474e-09,
                0.0,
                0.0,
                4.752193034404526e-13
            ],
            [
                8.423463739496878e-12,
                1.250152864164735e-09,
                0.9999999982775392,
                4.5990553704780077e-10,
                3.978962528765077e-12
            ],
            [
                5.109079683029262e-12,
                2.94007236158867e-11,
                6.560188168892523e-12,
                1.0677030753380348e-06,
                0.9999989322558546
            ],
            [
                0.9999999990690427,
                7.582560398113065e-10,
                0.0,
                3.5114220995769104e-12,
                1.69189791596611e-10
            ]
        ],
        [
            [
                0.9999999998504661,
                1.4930946749747788e-10,
                0.0,
                0.0,
                2.244777053183192e-13
            ],
            [
                0.9999999961490833,
                3.850741906375848e-09,
                0.0,
                0.0,
                1.7482341208292056e-13
            ],
            [
                2.1724278211207176e-10,
                9.93113893383631e-08,
                0.9999937542379934,
                6.14417223243282e-06,
                2.06114212903493e-09
            ],
            [
                0.9999999999840083,
                1.5737102097318002e-11,
                0.0,
                0.0,
                2.5436656458341335e-13
            ],
            [
                0.9999999999200804,
                7.991959886965747e-11,
                0.0,
                0.0,
                0.0
            ]
        ],
        [
            [
                0.9999999999838434,
                1.573710209308706e-11,
                0.0,
                0.0,
                4.1937956547084075e-13
            ],
            [
                0.9999997617591387,
                2.3823698402576498e-07,
                2.4133629468364884e-12,
                0.0,
                1.4637786202707605e-12
            ],
            [
                6.101936675853236e-13,
                5.4927883493775047e-11,
                0.999999999750615,
                1.9171715132078225e-10,
                2.1297851703442466e-12
            ],
            [
                3.978955477310058e-12,
                3.7751278473349685e-11,
                8.423448811566486e-12,
                1.3709566543551598e-06,
                0.999998628993192
            ],
            [
                0.9999999999736344,
                2.59460949624068e-11,
                0.0,
                0.0,
                4.1937956550890015e-13
            ]
        ],
        [
            [
                0.9999999999736344,
                2.5946094959787267e-11,
                0.0,
                0.0,
                4.1937956546655935e-13
            ],
            [
                0.9999999998080285,
                1.9171715121073778e-10,
                0.0,
                0.0,
                2.5436656451864956e-13
            ],
            [
                1.0261880394677485e-10,
                1.1253518308630249e-07,
                0.9999998809839966,
                6.348800588079966e-09,
                2.9400779578806406e-11
            ],
            [
                0.26894139865568484,
                0.7310584936765989,
                1.0563658659986752e-07,
                1.9348015736016694e-09,
                9.632809822315706e-11
            ],
            [
                0.9999999999431926,
                5.49278834286152e-11,
                0.0,
                0.0,
                1.879528813769755e-12
            ]
        ],
        [
            [
                0.9999999999945643,
                5.109089025018482e-12,
                0.0,
                0.0,
                3.2661313408409445e-13
            ],
            [
                0.9999999999705993,
                2.940077736967853e-11,
                0.0,
                0.0,
                0.0
            ],
            [
                2.335584217838317e-09,
                3.72663909742533e-06,
                0.9999962686801891,
                2.335584217838317e-09,
                9.544998873589072e-12
            ],
            [
                1.2917037187751789e-12,
                4.847082445126569e-11,
                5.789014438549752e-12,
                5.829127787288245e-05,
                0.9999417086665755
            ],
            [
                0.9999999999875693,
                1.2256067436709551e-11,
                0.0,
                0.0,
                1.7482341272169398e-13
            ]
        ],
        [
            [
                0.999999999996021,
                3.978962532401723e-12,
                0.0,
                0.0,
                0.0
            ],
            [
                0.9999998874644461,
                1.1253518371912875e-07,
                3.701011974576774e-13,
                0.0,
                0.0
            ],
            [
                1.139991852643031e-12,
                2.461696950948765e-10,
                0.9999999996812738,
                7.052879848629253e-11,
                8.87826547533414e-13
            ],
            [
                7.426906351173822e-12,
                1.491734017415588e-10,
                1.781622215643821e-11,
                0.0009110514075174847,
                0.999088948418066
            ],
            [
                0.9999999999082994,
                9.056076974305351e-11,
                0.0,
                0.0,
                1.1399918511098705e-12
            ]
        ],
        [
            [
                0.9999999999771028,
                2.2897348442404526e-11,
                0.0,
                0.0,
                0.0
            ],
            [
                0.9999999992407378,
                7.58256040444498e-10,
                0.0,
                0.0,
                1.006039276169771e-12
            ],
            [
                1.9171716784344056e-10,
                8.764248972251692e-08,
                0.9999998925616367,
                1.955568276759232e-08,
                4.847369122636625e-11
            ],
            [
                2.0206416859961544e-11,
                1.16279900534822e-10,
                3.775055661281346e-11,
                2.1444939978887265e-05,
                0.9999785548857842
            ],
            [
                0.9999999999737994,
                2.5946094964722814e-11,
                0.0,
                0.0,
                2.543665645608162e-13
            ]
        ],
        [
            [
                0.9999999999572222,
                4.277787866555825e-11,
                0.0,
                0.0,
                0.0
            ],
            [
                0.9999999987498471,
                1.250152863749114e-09,
                0.0,
                0.0,
                0.0
            ],
            [
                4.752193062359785e-13,
                2.2897348454473447e-11,
                0.9999999999467515,
                2.940077739029968e-11,
                4.752193062359785e-13
            ],
            [
                3.0988195263895718e-12,
                3.3315449589485175e-11,
                5.789357052989351e-12,
                3.0590235877074623e-07,
                0.9999996940554375
            ],
            [
                0.9999869887982831,
                2.6465384483839366e-09,
                1.388775920203566e-11,
                1.4165899505124179e-09,
                1.3007124700770991e-05
            ]
        ],
        [
            [
                0.999999999994891,
                5.109089025373365e-12,
                0.0,
                0.0,
                0.0
            ],
            [
                0.9999999999795686,
                2.0206839081608064e-11,
                0.0,
                0.0,
                2.2447770540640334e-13
            ],
            [
                1.5428112029781986e-13,
                6.914400105982515e-13,
                0.9999999999932587,
                5.789356327928789e-12,
                1.0603575990055184e-13
            ],
            [
                1.3887944503156737e-11,
                4.277788065546194e-11,
                7.433681013952134e-12,
                5.043472047609723e-07,
                0.9999994955886957
            ],
            [
                0.9999999999932416,
                6.560200164235445e-12,
                0.0,
                0.0,
                1.9810087968657456e-13
            ]
        ],
        [
            [
                0.999999999994891,
                5.109089025373518e-12,
                0.0,
                0.0,
                0.0
            ],
            [
                0.999999999683912,
                3.1608814509171086e-10,
                0.0,
                0.0,
                0.0
            ],
            [
                2.543665647238779e-13,
                6.5602001677975005e-12,
                0.9999999999834424,
                9.545034922322248e-12,
                1.9810087979413931e-13
            ],
            [
                5.850155613079143e-11,
                1.5087750182978608e-09,
                7.126948542551219e-10,
                0.06008665447058764,
                0.939913343249441
            ],
            [
                1.57367732629583e-11,
                9.055887753071527e-11,
                1.57367732629583e-11,
                2.1444939739905304e-05,
                0.9999785549382277
            ]
        ],
        [
            [
                0.9999999999899798,
                9.545034913451747e-12,
                0.0,
                0.0,
                4.752193058096704e-13
            ],
            [
                0.999999999782756,
                2.1724399331533608e-10,
                0.0,
                0.0,
                0.0
            ],
            [
                1.3615261079570913e-13,
                7.835041784301545e-13,
                0.9999999999931974,
                5.7893563281669815e-12,
                9.357622967929086e-14
            ],
            [
                1.527580737279543e-11,
                5.732204427035404e-10,
                9.961077679500415e-11,
                0.029312228038424766,
                0.9706877712734682
            ],
            [
                0.9999999999666846,
                3.331544539825341e-11,
                0.0,
                0.0,
                0.0
            ]
        ],
        [
            [
                0.9999999999856926,
                1.3887943855472085e-11,
                0.0,
                0.0,
                4.193795655513228e-13
            ],
            [
                0.9999999847700205,
                1.5229979499674498e-08,
                0.0,
                0.0,
                0.0
            ],
            [
                4.1937956579221057e-13,
                1.463778513966247e-12,
                0.9999999999935436,
                4.5087552418030315e-12,
                6.431393940750494e-14
            ],
            [
                2.019566717329324e-11,
                1.6909625094632126e-10,
                5.4897515090769875e-11,
                0.0005527785877495832,
                0.999447221168061
            ],
            [
                0.9999999999818794,
                1.7832472898530014e-11,
                0.0,
                0.0,
                2.882350791890045e-13
            ]
        ],
        [
            [
                0.9999999999975866,
                2.4133627705692084e-12,
                0.0,
                0.0,
                0.0
            ],
            [
                0.9999999992417439,
                7.582560414779851e-10,
                0.0,
                0.0,
                0.0
            ],
            [
                8.423463744416558e-12,
                2.78946808954013e-10,
                0.9999999988494339,
                8.5921666089207e-10,
                3.9789625310889695e-12
            ],
            [
                6.560200998890159e-12,
                4.277788410677165e-11,
                4.508755813251033e-12,
                1.8553915975693434e-07,
                0.9999998144069934
            ],
            [
                1.8794966659635206e-12,
                4.8472857888430264e-11,
                9.544871648745635e-12,
                1.6701415096677915e-05,
                0.9999832985250061
            ]
        ],
        [
            [
                0.999999999986112,
                1.3887943855477909e-11,
                0.0,
                0.0,
                0.0
            ],
            [
                0.9999999991405588,
                8.592166606715713e-10,
                0.0,
                0.0,
                2.2447770517661114e-13
            ],
            [
                3.442477108149514e-14,
                3.266131342483401e-13,
                0.99999999999747,
                2.129785170757522e-12,
                3.900837609817583e-14
            ],
            [
                1.8795254817858157e-12,
                2.9400725228526934e-11,
                8.423448809141375e-12,
                1.3709566539604615e-06,
                0.9999986290036423
            ],
            [
                0.9999999999087479,
                9.056076980029302e-11,
                0.0,
                0.0,
                6.91440009957725e-13
            ]
        ],
        [
            [
                0.9999999999939861,
                5.789356325277045e-12,
                0.0,
                0.0,
                2.2447770536818655e-13
            ],
            [
                0.9999999988967441,
                1.1032560304746812e-09,
                0.0,
                0.0,
                0.0
            ],
            [
                3.9008376098981165e-14,
                3.7010116783245503e-13,
                0.9999999999980831,
                1.4637785140198646e-12,
                4.420228103320946e-14
            ],
            [
                3.098819528140806e-12,
                3.775135018688536e-11,
                3.978963035861109e-12,
                3.059023589436207e-07,
                0.999999694052812
            ],
            [
                0.9999999999291012,
                7.052879847368461e-11,
                0.0,
                0.0,
                3.701011676628159e-13
            ]
        ],
        [
            [
                0.9999999999661462,
                3.331544539527462e-11,
                0.0,
                0.0,
                5.38494021348857e-13
            ],
            [
                0.9999999992417439,
                7.58256041641286e-10,
                0.0,
                0.0,
                0.0
            ],
            [
                7.287724095262957e-14,
                6.101936677139176e-13,
                0.9999999999941351,
                5.1090890276730235e-12,
                7.287724095262957e-14
            ],
            [
                2.4133630765603574e-12,
                2.940078110518131e-11,
                5.109089673170693e-12,
                1.8553915968899619e-07,
                0.999999814423917
            ],
            [
                0.9999999999912883,
                8.423463747157684e-12,
                0.0,
                0.0,
                2.8823507909427133e-13
            ]
        ],
        [
            [
                0.9999999999972653,
                2.7346982901586177e-12,
                0.0,
                0.0,
                0.0
            ],
            [
                0.9999999973534264,
                2.646573630133788e-09,
                0.0,
                0.0,
                0.0
            ],
            [
                2.2447770548253503e-13,
                1.1399918529450093e-12,
                0.9999999999927733,
                5.7893563282261306e-12,
                7.287724095184594e-14
            ],
            [
                1.0815900755482563e-11,
                7.05285324499436e-11,
                1.2256021209599383e-11,
                3.7266391137400365e-06,
                0.9999962732672858
            ],
            [
                0.9999999999273415,
                7.052879843732883e-11,
                0.0,
                0.0,
                2.1297851687274365e-12
            ]
        ],
        [
            [
