{
    "[['A', 'B', 'C', 'D', 'E'], ['A', 'B', 'C', 'D', 'E']]": [
        [
            [
                0.999999999996021,
                3.978962533157704e-12,
                0.0,
                0.0,
                0.0
            ],
            [
                0.9999999973534264,
                2.6465736296307848e-09,
                0.0,
                0.0,
                0.0
            ],
            [
                2.2897348343077305e-11,
                1.8189616785462978e-09,
                0.9999999951389731,
                2.99896081000769e-09,
                2.020683899016624e-11
            ],
            [
                1.6579635531277732e-12,
                7.04984041956615e-11,
                1.0811280438046034e-11,
                0.000430557120909984,
                0.9995694427961224
            ],
            [
                3.9789474862984805e-12,
                3.775120265674277e-11,
                4.508738188933261e-12,
                2.9023121991297566e-06,
                0.999997097641562
            ]
        ],
        [
            [
                0.999999999989184,
                1.0815941545230817e-11,
                0.0,
                0.0,
                0.0
            ],
            [
                0.9999998144606157,
                1.8553915976688338e-07,
                2.2447773394037018e-13,
                0.0,
                0.0
            ],
            [
                1.1399918528406916e-12,
                4.847368705404255e-11,
                0.9999999998472924,
                1.0261879629868567e-10,
                4.752193061922156e-13
            ],
            [
                2.122292429751188e-11,
                9.024217043356276e-10,
                3.7618533427107146e-10,
                0.4378234986881084,
                0.5621765000120618
            ],
            [
                6.224145100798775e-11,
                1.6918980525193703e-10,
                1.5737103315160554e-11,
                8.315279899412334e-07,
                0.9999991682248417
            ]
        ],
        [
            [
                0.9999999999560822,
                4.2777878655374685e-11,
                0.0,
                0.0,
                1.1399918521298838e-12
            ],
            [
                0.9999999006880477,
                9.931195232727602e-08,
                0.0,
                0.0,
                0.0
            ],
            [
                1.5737102026734118e-11,
                2.335593026907171e-09,
                0.9999999949882081,
                2.6465736254335276e-09,
                1.3887943794250619e-11
            ],
            [
                2.4132756045352922e-12,
                4.8471936260721656e-11,
                6.559963222871802e-12,
                3.535625750512338e-05,
                0.9999646436850497
            ],
            [
                1.463778651240103e-12,
                3.331544854236879e-11,
                3.978962908552262e-12,
                9.931195242425196e-08,
                0.9999999006492893
            ]
        ],
        [
            [
                0.9999999999795386,
                2.020683907787596e-11,
                0.0,
                0.0,
                2.5436656458227643e-13
            ],
            [
                0.9999999996418252,
                3.581747926284407e-10,
                0.0,
                0.0,
                0.0
            ],
            [
                2.4616971688417036e-10,
                8.764248992110852e-08,
                0.9999998948275647,
                1.7257829509432173e-08,
                2.5946097270205243e-11
            ],
            [
                9.54092149867527e-12,
                1.317083586319052e-10,
                3.3301088160597496e-11,
                0.00043055712087055237,
                0.999569442704579
            ],
            [
                2.7346982574343026e-12,
                3.331544500553971e-11,
                2.7346982574343026e-12,
                1.1861120003193277e-08,
                0.999999988100095
            ]
        ],
        [
            [
                0.999999999979793,
                2.0206839076292275e-11,
                0.0,
                0.0,
                0.0
            ],
            [
                0.9999998874648163,
                1.125351837191704e-07,
                0.0,
                0.0,
                0.0
            ],
            [
                1.2256067065643436e-11,
                5.602796264528087e-09,
                0.9999999692372056,
                2.510999078206646e-08,
                3.775134427706428e-11
            ],
            [
                3.976762657187599e-12,
                1.1621804042426834e-10,
                2.0195667184608348e-11,
                0.0005527785846851636,
                0.9994472212749245
            ],
            [
                9.54469016791632e-12,
                1.162781303274264e-10,
                1.7831828821152744e-11,
                3.535625749929544e-05,
                0.999964643598846
            ]
        ],
        [
            [
                0.9999999999087479,
                9.056076978855311e-11,
                0.0,
                0.0,
                6.914400098680896e-13
            ],
            [
                0.9999999936511998,
                6.348800071488064e-09,
                0.0,
                0.0,
                0.0
            ],
            [
                2.594609452426323e-11,
                1.1861119941742321e-08,
                0.9999999824978817,
                5.6027963385285255e-09,
                1.225606722751874e-11
            ],
            [
                2.4133492718286016e-12,
                3.7751134267188386e-11,
                3.978940278092481e-12,
                6.144172123945114e-06,
                0.9999938557837327
            ],
            [
                1.5737073334471607e-11,
                1.4930919463486845e-10,
                2.5946047545111133e-11,
                1.0677030761752641e-06,
                0.9999989321059315
            ]
        ],
        [
            [
                0.9999999999740539,
                2.594609497015289e-11,
                0.0,
                0.0,
                0.0
            ],
            [
                0.9999999715466528,
                2.8453347239933744e-08,
                0.0,
                0.0,
                0.0
            ],
            [
                1.7832472206834755e-11,
                1.9555680318768906e-08,
                0.9999999608414063,
                1.9555680318768906e-08,
                2.940077623657732e-11
            ],
            [
                1.7822613731898995e-11,
                2.460335934516178e-10,
                5.489751510875315e-11,
                0.0005527785848776928,
                0.9994472210963686
            ],
            [
                1.0771924453490082e-11,
                1.4870183024491406e-10,
                1.7759900972843948e-11,
                0.004070137785676257,
                0.9959298620370901
            ]
        ],
        [
            [
                0.9999999999288611,
                7.052879844550474e-11,
                0.0,
                0.0,
                6.101936671928353e-13
            ],
            [
                0.9999999966017321,
                3.398267805026325e-09,
                0.0,
                0.0,
                0.0
            ],
            [
                0.00015092335022744933,
                0.9524297719190676,
                0.04741868597836292,
                6.167892371068493e-07,
                1.9631049393575276e-09
            ],
            [
                3.0986361390622554e-12,
                7.052463345806764e-11,
                8.422966309819424e-12,
                5.8291277361307697e-05,
                0.9999417086405924
            ],
            [
                3.511408867593338e-12,
                5.492767631063662e-11,
                5.7893344901261855e-12,
                3.726639114401101e-06,
                0.9999962732966572
            ]
        ],
        [
            [
                0.9999999999819431,
                1.7832472897293776e-11,
                0.0,
                0.0,
                2.2447770536548317e-13
            ],
            [
                0.9999999999199056,
                7.991959888638275e-11,
                0.0,
                0.0,
                1.7482341273270107e-13
            ],
            [
                3.0988191306437857e-12,
                2.0611536170655173e-09,
                0.9999999974731073,
                4.5990553666634426e-10,
                2.7346982844630293e-12
            ],
            [
                1.4637759173779944e-12,
                2.5946048954306545e-11,
                3.098813641406447e-12,
                1.370956654298141e-06,
                0.999998629012837
            ],
            [
                7.835027635584406e-13,
                2.2897307105613693e-11,
                2.129781324728353e-12,
                1.7603431331067666e-06,
                0.9999982396310563
            ]
        ],
        [
            [
                0.9999999999286877,
                7.052879845261314e-11,
                0.0,
                0.0,
                7.835041778564687e-13
            ],
            [
                0.999999996149258,
                3.850741901756255e-09,
                0.0,
                0.0,
                0.0
            ],
            [
                4.868884978352954e-07,
                0.14804624933458627,
                0.8519473221556831,
                5.931516184414472e-06,
                1.0105048390891845e-08
            ],
            [
                1.376880747998379e-11,
                3.133766138073972e-10,
                1.3063480815176353e-10,
                0.008577485677353268,
                0.9914225138648666
            ],
            [
                3.0987543884796666e-12,
                4.8472674198500045e-11,
                6.560063091890052e-12,
                2.144493976040367e-05,
                0.9999785550021081
            ]
        ],
        [
            [
                0.999999999989184,
                1.0815941551528955e-11,
                0.0,
                0.0,
                0.0
            ],
            [
                0.9999999991407833,
                8.592166604406857e-10,
                0.0,
                0.0,
                0.0
            ],
            [
                3.0988191350545898e-12,
                3.581747926044433e-10,
                0.9999999988788115,
                7.582560418938477e-10,
                1.6586783569513016e-12
            ],
            [
                4.5034782104419414e-12,
                1.316109252245634e-10,
                2.2870549477434036e-11,
                0.0011695103491357343,
                0.9988304894918794
            ],
            [
                3.502739407608727e-12,
                9.033683996357653e-11,
                1.3853603097489888e-11,
                0.002472622977627607,
                0.9975273769146792
            ]
        ],
        [
            [
                0.9999999999563345,
                4.2777878640627115e-11,
                0.0,
                0.0,
                8.878265468276985e-13
            ],
            [
                0.9999999998837177,
                1.1628233020051633e-10,
                0.0,
                0.0,
                0.0
            ],
            [
                4.50875499464402e-12,
                1.6052279670158178e-09,
                0.9999999451896359,
                5.315784962446165e-08,
                4.277787634004456e-11
            ],
            [
                3.0980098447744444e-12,
                1.0259199618218395e-10,
                9.54254212198818e-12,
                0.00026119032921621344,
                0.9997388095555513
            ],
            [
                1.2917799354146348e-12,
                2.02068380050715e-11,
                1.65867826983964e-12,
                5.3157849689553336e-08,
                0.9999999468189931
            ]
        ],
        [
            [
                0.999999999849907,
                1.493094674519354e-10,
                0.0,
                0.0,
                7.83504177626005e-13
            ],
            [
                0.9999999950555496,
                4.9444504745712065e-09,
                0.0,
                0.0,
                0.0
            ],
            [
                1.3887943791087653e-11,
                3.39826780141812e-09,
                0.9999999947604592,
                1.8189616778771511e-09,
                8.423463709660366e-12
            ],
            [
                1.879503834608708e-12,
                4.277731010357541e-11,
                3.5113754409860797e-12,
                1.3007124766372843e-05,
                0.9999869928270655
            ],
            [
                2.734698161578309e-12,
                3.3315443837774645e-11,
                3.978962346668618e-12,
                4.6911637988061726e-08,
                0.999999953048333
            ]
        ],
        [
            [
                0.9999999998831075,
                1.1628233010195752e-10,
                0.0,
                0.0,
                6.101936667097054e-13
            ],
            [
                0.9999998144606421,
                1.855391598011509e-07,
                1.9810090493817316e-13,
                0.0,
                0.0
            ],
            [
                2.940072324214775e-11,
                1.3440385196430178e-08,
                0.9999989185110648,
                1.0677030617655036e-06,
                3.16087563256512e-10
            ],
            [
                4.49445070579617e-12,
                1.4883576642850383e-10,
                2.586377805875048e-11,
                0.003172683079757562,
                0.9968273167410484
            ],
            [
                1.8795217077677157e-12,
                3.331531941567665e-11,
                4.5087381892388215e-12,
                2.9023121993264487e-06,
                0.9999970976480971
            ]
        ],
        [
            [
                0.9999999998968427,
                1.026187962286217e-10,
                0.0,
                0.0,
                5.384940213115376e-13
            ],
            [
                0.9999999748898889,
                2.510999091209693e-08,
                1.201542542296764e-13,
                0.0,
                0.0
            ],
            [
                6.224144112793343e-11,
                5.315784818756715e-08,
                0.9999999182888133,
                2.845334575787281e-08,
                3.7751342348790507e-11
            ],
            [
                8.422419835038441e-12,
                1.0260607877486496e-10,
                1.78302629306953e-11,
                0.0001233946286001468,
                0.9998766052425411
            ],
            [
                3.978962347495002e-12,
                5.492788090956244e-11,
                5.789356054694313e-12,
                4.691163799780472e-08,
                0.9999999530236658
            ]
        ],
        [
            [
                0.9999999999842628,
                1.573710209309013e-11,
                0.0,
                0.0,
                0.0
            ],
            [
                0.999999974890009,
                2.5109990912099948e-08,
                0.0,
                0.0,
                0.0
            ],
            [
                5.008774637241314e-14,
                3.266131342394769e-13,
                0.9999999999960549,
                3.5114221129543427e-12,
                5.67568523195035e-14
            ],
            [
                1.7713115642653463e-11,
                3.1397248727852924e-10,
                6.182484843804269e-11,
                0.006692851439218332,
                0.9933071481672713
            ],
            [
                3.0988074182529066e-12,
                5.4927675759264334e-11,
                9.544998821254787e-12,
                2.9023121992455676e-06,
                0.9999970976202294
            ]
        ],
        [
            [
                0.9999999999693074,
                2.9400777355186876e-11,
                0.0,
                0.0,
                1.2917800031314257e-12
            ],
            [
                0.9999999827421723,
                1.7257827678579368e-08,
                0.0,
                0.0,
                0.0
            ],
            [
                5.789356295549549e-12,
                2.6465736237405516e-09,
                0.9999999943391311,
                2.9989608076690706e-09,
                9.545034868134239e-12
            ],
            [
                6.96964809218417e-11,
                1.586284594169104e-09,
                6.612617997102357e-10,
                0.32082128727818354,
                0.6791787104045736
            ],
            [
                8.878181483678108e-13,
                2.9400499240329405e-11,
                3.098789821662401e-12,
                1.0129988099940059e-05,
                0.9999898699785129
            ]
        ],
        [
            [
                0.9999999999771028,
                2.289734844539751e-11,
                0.0,
                0.0,
                0.0
            ],
            [
                0.999999997664407,
                2.335593031965104e-09,
                0.0,
                0.0,
                0.0
            ],
            [
                1.9810087979195322e-13,
                1.6586783588058463e-12,
                0.9999999999895837,
                8.423463753918223e-12,
                1.361526108000686e-13
            ],
            [
                3.098523765848049e-12,
                6.223551350631548e-11,
                7.432972109662777e-12,
                9.610239994332525e-05,
                0.9999038975272897
            ],
            [
                2.4133584134120595e-12,
                4.8473599521473527e-11,
                5.789345873421823e-12,
                1.7603431330524324e-06,
                0.9999982396001906
            ]
        ],
        [
            [
                0.9999999999842628,
                1.573710209731889e-11,
                0.0,
                0.0,
                0.0
            ],
            [
                0.9999999998965976,
                1.0261879621823609e-10,
                0.0,
                0.0,
                7.835041777522229e-13
            ],
            [
                3.331544399261292e-11,
                1.0467401345750118e-08,
                0.9999999572372104,
                3.224186598956679e-08,
                2.0206838223458804e-11
            ],
            [
                5.470434618451839e-11,
                5.190203856994179e-10,
                1.0220117361319931e-10,
                0.004070137781291432,
                0.9959298615427825
            ],
            [
                3.0981870613343313e-12,
                7.990329743886188e-11,
                1.0813735390427682e-11,
                0.00020342706296131032,
                0.9997965728432234
            ]
        ],
        [
            [
                0.9999999999287799,
                7.052879844549901e-11,
                0.0,
                0.0,
                6.914400100506791e-13
            ],
            [
                0.9999999987498471,
                1.25015286398731e-09,
                0.0,
                0.0,
                0.0
            ],
            [
                2.5946094837810467e-11,
                2.0611536109234196e-09,
                0.9999999945038163,
                3.3982678005098173e-09,
                1.0815941496859792e-11
            ],
            [
                3.511375440977441e-12,
                1.0261743234958372e-10,
                1.3887759272044855e-11,
                1.3007124766340843e-05,
                0.9999869927552171
            ],
            [
                2.733780586452992e-12,
                7.989277965413311e-11,
                1.5731821078414904e-11,
                0.0003353500570543916,
                0.9996646498445872
            ]
        ],
        [
            [
                0.9999999999515263,
                4.847368696044114e-11,
                0.0,
                0.0,
                0.0
            ],
            [
                0.9999982396560834,
                1.760343133150823e-06,
                7.835027635780495e-13,
                0.0,
                0.0
            ],
            [
                3.9789625303594664e-12,
                4.5990553723208715e-10,
                0.9999999986717898,
                8.592166607345412e-10,
                5.109089021029724e-12
            ],
            [
                1.7832304206042425e-11,
                9.055991315675229e-11,
                1.5736953227778694e-11,
                1.0129988103305675e-05,
                0.9999898698877675
            ],
            [
                4.50819647123034e-12,
                9.054954667988135e-11,
                1.3886222728916506e-11,
                0.0001233946294390674,
                0.999876605261617
            ]
        ],
        [
            [
                0.9999999999439322,
                5.492788341829537e-11,
                0.0,
                0.0,
                1.1399918511504916e-12
            ],
            [
                0.9999997617628176,
                2.382369843582662e-07,
                1.9810089444652583e-13,
                0.0,
                0.0
            ],
            [
                1.4637785139031615e-12,
                6.224144621960636e-11,
                0.9999999998811424,
                5.49278835011883e-11,
                2.2447770546793797e-13
            ],
            [
                7.432164399988526e-12,
                9.054229791781557e-11,
                1.782883555983428e-11,
                0.00020342706236291144,
                0.9997965728218339
            ],
            [
                2.4133630731343328e-12,
                4.27778840303801e-11,
                4.508755805199422e-12,
                6.825604228491022e-08,
                0.9999999316942577
            ]
        ],
        [
            [
                0.9999999999952367,
                4.508755239610792e-12,
                0.0,
                0.0,
                2.543665645862695e-13
            ],
            [
                0.9999999966011219,
                3.398267804195614e-09,
                0.0,
                0.0,
                6.101936650133587e-13
            ],
            [
                2.0610947533800997e-09,
                1.209832592024513e-06,
                0.9999712474991287,
                2.753566287520744e-05,
                4.944309282408731e-09
            ],
            [
                1.2917333476711226e-12,
                4.277633361824386e-11,
                6.559963223773386e-12,
                3.535625750998265e-05,
                0.999964643691862
            ],
            [
                2.4133583580452547e-12,
                3.331538449120079e-11,
                3.5114156913529244e-12,
                2.2603252730751046e-06,
                0.9999977396354868
            ]
        ],
        [
            [
                0.9999999999287799,
                7.052879843743028e-11,
                0.0,
                0.0,
                6.91440009971576e-13
            ],
            [
                0.9999999586006245,
                4.1399375442551974e-08,
                0.0,
                0.0,
                0.0
            ],
            [
                2.1297851698989084e-12,
                1.9171715128069418e-10,
                0.9999999995586915,
                2.461696950593801e-10,
                1.2917800041449679e-12
            ],
            [
                5.7881754531377985e-12,
                7.990329744481326e-11,
                1.2253567530449796e-11,
                0.00020342706297646205,
                0.9997965728390785
            ],
            [
                3.511422191966987e-12,
                3.7751346287718213e-11,
                3.978962624891915e-12,
                6.475946144836502e-07,
                0.9999993523601437
            ]
        ],
        [
            [
                0.9999999999373883,
                6.224144617170189e-11,
                0.0,
                0.0,
                3.7010116751809747e-13
            ],
            [
                0.9999999317439577,
                6.825604227401977e-08,
                0.0,
                0.0,
                0.0
            ],
            [
                1.783247280520762e-11,
                2.646573623631649e-09,
                0.9999999943300728,
                2.998960807545668e-09,
                6.5602001302847216e-12
            ],
            [
                2.7345733603194926e-12,
                7.052557649114056e-11,
                1.0815447444518329e-11,
                4.539785572345513e-05,
                0.999954602060201
            ],
            [
                2.413358413427447e-12,
                4.277780143509926e-11,
                5.109079801318243e-12,
                1.7603431330636564e-06,
                0.9999982396065666
            ]
        ],
        [
            [
                0.9999999999195419,
                7.991959886963026e-11,
                0.0,
                0.0,
                5.384940213717395e-13
            ],
            [
                0.9999999847695453,
                1.5229979495950547e-08,
                0.0,
                0.0,
                4.752192985150206e-13
            ],
            [
                3.511422075766417e-12,
                3.3982677830969482e-09,
                0.9999999893918318,
                7.194132953270556e-09,
                1.2256067312827354e-11
            ],
            [
                1.0621399622209161e-11,
                2.417419411479049e-10,
                3.7072327369765605e-11,
                0.01798621156185621,
                0.9820137881487081
            ],
            [
                3.098795658360612e-12,
                5.4927467310185805e-11,
                1.0815859602772293e-11,
                7.889265048236566e-06,
                0.9999921106661097
            ]
        ],
        [
            [
                0.9999999998831075,
                1.1628233020044538e-10,
                0.0,
                0.0,
                6.101936672265223e-13
            ],
            [
                0.99999998813888,
                1.1861120001663895e-08,
                0.0,
                0.0,
                0.0
            ],
            [
                9.056076695012887e-11,
                2.510999074042936e-08,
                0.9999999675944996,
                7.194132796247968e-09,
                1.0815941205364532e-11
            ],
            [
                2.732206158800561e-12,
                9.047824179300323e-11,
                1.224489847980682e-11,
                0.0009110514057006898,
                0.9990889484888439
            ],
            [
                1.879528907935895e-12,
                2.2897349569896634e-11,
                2.413362889189043e-12,
                1.44498031637504e-07,
                0.9999998554747782
            ]
        ],
        [
            [
                0.99999999988283,
                1.162823301432142e-10,
                0.0,
                0.0,
                8.878265466320202e-13
            ],
            [
                0.9999921107344149,
                7.8892650466103e-06,
                5.384899413894395e-13,
                0.0,
                0.0
            ],
            [
                2.020683896763012e-11,
                1.6052280454469188e-09,
                0.9999999940036692,
                4.36346222647119e-09,
                7.433680627253093e-12
            ],
            [
                5.1087873134072125e-12,
                7.052463346876828e-11,
                1.7831419820521266e-11,
                5.8291277179349346e-05,
                0.9999417086293558
            ],
            [
                1.2917777129635023e-12,
                3.3315386314782975e-11,
                3.098813640925467e-12,
                1.370956654085349e-06,
                0.99999862900564
            ]
        ],
        [
            [
                0.9999999999923419,
                7.433680667905446e-12,
                0.0,
                0.0,
                2.2447770536781746e-13
            ],
            [
                0.9999999530880355,
                4.6911637977319714e-08,
                3.266131186760495e-13,
                0.0,
                0.0
            ],
            [
                9.357622967839589e-14,
                6.10193667695286e-13,
                0.9999999999956914,
                3.511422113001045e-12,
                9.357622967839589e-14
            ],
            [
                2.1297812758785027e-12,
                4.8473598411152234e-11,
                6.560188170471107e-12,
                2.2603252731567403e-06,
                0.9999977396175632
            ],
            [
                5.787844369490269e-12,
                9.053711887490747e-11,
                1.0813116845547047e-11,
                0.00026119032893581057,
                0.9997388095639261
            ]
        ],
        [
            [
                0.9999999998665763,
                1.317651424967144e-10,
                0.0,
                0.0,
                1.6586783563432259e-12
            ],
            [
                0.9999999994094697,
                5.905303990979046e-10,
                0.0,
                0.0,
                0.0
            ],
            [
                5.1090890223178005e-12,
                6.691586083767629e-10,
                0.9999999989182085,
                4.0586521219114574e-10,
                1.6586783570489325e-12
            ],
            [
                2.41334448498544e-12,
                4.847331976154639e-11,
                8.423399927098306e-12,
                7.889265047177162e-06,
                0.9999921106756428
            ],
            [
                1.2916568748334752e-12,
                2.9397974968042475e-11,
                2.413132734797178e-12,
                9.610240052725437e-05,
                0.99990389756637
            ]
        ],
        [
            [
                0.9999999999915765,
                8.423463750006208e-12,
                0.0,
                0.0,
                0.0
            ],
            [
                0.9999999123567251,
                8.764249139652503e-08,
                0.0,
                0.0,
                7.835042607710525e-13
            ],
            [
                2.734698280105924e-12,
                2.0611536137815486e-09,
                0.9999999958704491,
                2.0611536137815486e-09,
                4.508755223357694e-12
            ],
            [
                2.129521226676351e-12,
                4.277257722711974e-11,
                5.7886388537921405e-12,
                0.0001233946290513019,
                0.999876605320258
            ],
            [
                1.6586563127566294e-12,
                3.3315002612751595e-11,
                5.789279380079727e-12,
                1.3007124768871095e-05,
                0.9999869928344681
            ]
        ],
        [
            [
                0.9999999998965976,
                1.0261879621823609e-10,
                0.0,
                0.0,
                7.835041777522229e-13
            ],
            [
                0.9999999950550111,
                4.9444504644025396e-09,
                0.0,
                0.0,
                5.384940176873926e-13
            ],
            [
                4.8473686730402985e-11,
                4.3634622230310475e-09,
                0.999999993247362,
                2.335593022788247e-09,
                5.109088993039208e-12
            ],
            [
                5.109001636562559e-12,
                6.224038158264753e-11,
                7.433553518468862e-12,
                1.6701415105911448e-05,
                0.9999832985101113
            ],
            [
                1.0815900756116332e-11,
                9.05604282727202e-11,
                1.2256021210317537e-11,
                3.726639113958403e-06,
                0.9999962732472537
            ]
        ],
        [
            [
                0.999999999986112,
                1.388794385423741e-11,
                0.0,
                0.0,
                0.0
            ],
            [
                0.9999999998506905,
                1.493094675195887e-10,
                0.0,
                0.0,
                0.0
            ],
            [
                9.056077097332334e-11,
                1.0467401919182083e-08,
                0.9999993416301857,
                6.475946076882525e-07,
                2.1724399609051806e-10
            ],
            [
                2.9366366814640354e-11,
                2.7862033081091306e-10,
                5.486359608592361e-11,
                0.0011695103480472142,
                0.9988304892891025
            ],
            [
                5.109089420062214e-12,
                4.847369078188446e-11,
                5.7893567729235865e-12,
                8.315279898959997e-07,
                0.9999991684126379
            ]
        ],
        [
            [
                0.9999999999695932,
                2.9400777369657425e-11,
                0.0,
                0.0,
                1.006039278489891e-12
            ],
            [
                0.999999997664407,
                2.335593032127168e-09,
                0.0,
                0.0,
                0.0
            ],
            [
                7.433680658069127e-12,
                7.582560413342787e-10,
                0.9999999981270753,
                1.1032560302237597e-09,
                3.9789625281920675e-12
            ],
            [
                4.505557289097156e-12,
                1.1619985400220255e-10,
                2.592769203273562e-11,
                0.0007096703440973542,
                0.9992903295092695
            ],
            [
                1.658678395456313e-12,
                3.7751346274484926e-11,
                3.978962623497137e-12,
                6.475946142566437e-07,
                0.9999993523619967
            ]
        ],
        [
            [
                0.9999999998499991,
                1.4930946741066018e-10,
                0.0,
                0.0,
                6.91440009725898e-13
            ],
            [
                0.9999999634651793,
                3.653482078337747e-08,
                0.0,
                0.0,
                0.0
            ],
            [
                9.545034465248362e-12,
                6.348799811680013e-09,
                0.9999999522089645,
                4.1399375203151247e-08,
                3.331544382451018e-11
            ],
            [
                3.664475691607551e-11,
                5.058652653783596e-10,
                1.2790276922992525e-10,
                0.02931222795168206,
                0.9706877713779052
            ],
            [
                4.508695314296913e-12,
                4.847304277600678e-11,
                6.56011297343132e-12,
                1.3007124767923934e-05,
                0.9999869928156903
            ]
        ],
        [
            [
                0.999999999994891,
                5.109089025374665e-12,
                0.0,
                0.0,
                0.0
            ],
            [
                0.9999999586006245,
                4.139937544949572e-08,
                0.0,
                0.0,
                0.0
            ],
            [
                9.357622967702279e-14,
                6.101936676863322e-13,
                0.9999999999946814,
                4.508755241746556e-12,
                1.0603575990234441e-13
            ],
            [
                3.0941652933421812e-12,
                9.042476459867995e-11,
                1.2237661128566379e-11,
                0.0015011820334045636,
                0.9984988178608388
            ],
            [
                7.43312835618675e-12,
                1.3175535266267318e-10,
                2.594416720992634e-11,
                7.484619777272096e-05,
                0.9999251536370947
            ]
        ],
        [
            [
                0.999999999978787,
                2.0206839067500208e-11,
                0.0,
                0.0,
                1.006039278152057e-12
            ],
            [
                0.9999997617630157,
                2.382369843130345e-07,
                0.0,
                0.0,
                0.0
            ],
            [
                7.052879550371356e-11,
                2.5109990486728393e-08,
                0.999999957528338,
                1.725782725207173e-08,
                3.331544400106515e-11
            ],
            [
                2.41232273552374e-12,
                7.988515765709763e-11,
                1.2250785703906092e-11,
                0.00043055712054119067,
                0.9995694427849104
            ],
            [
                3.978856581160978e-12,
                4.847239627049888e-11,
                5.1089529795659866e-12,
                2.753568982927566e-05,
                0.9999724642526104
            ]
        ],
        [
            [
                0.9999999999942106,
                5.7893563252768714e-12,
                0.0,
                0.0,
                0.0
            ],
            [
                0.9999999966017321,
                3.398267805672867e-09,
                0.0,
                0.0,
                0.0
            ],
            [
                6.224144469094884e-11,
                1.5229979368344875e-08,
                0.9999999754370142,
                9.237449433692012e-09,
                3.3315444598363e-11
            ],
            [
                2.4387076905752752e-11,
                5.550473120127011e-10,
                2.0419049496694367e-10,
                0.06008665442884443,
                0.9399133447875307
            ],
            [
                1.4637534761642728e-12,
                3.331487556028393e-11,
                3.978894475601103e-12,
                1.6701415107309608e-05,
                0.9999832985461352
            ]
        ],
        [
            [
                0.9999999998502154,
                1.4930946749744045e-10,
                0.0,
                0.0,
                4.752193058879377e-13
            ],
            [
                0.9999999895324235,
                1.0467401680362315e-08,
                1.74823410916726e-13,
                0.0,
                0.0
            ],
            [
                4.508755237973798e-12,
                1.4930946747662365e-10,
                0.9999999990844142,
                7.582560420645057e-10,
                3.5114221100112926e-12
            ],
            [
