{
    "[['A', 'B', 'C', 'D', 'E'], ['A', 'B', 'C', 'D', 'E']]": [
        [
            [
                0.9999999999969011,
                3.0988191368811294e-12,
                0.0,
                0.0,
                0.0
            ],
            [
                0.9999999998831792,
                1.1628233016033633e-10,
                0.0,
                0.0,
                5.384940211183995e-13
            ],
            [
                3.581748172218457e-10,
                2.3823698284230426e-07,
                0.9999997550464967,
                6.348800544884218e-09,
                9.545035567576301e-12
            ],
            [
                5.789356596338388e-12,
                4.84736893033547e-11,
                7.433681015967323e-12,
                5.043472048976953e-07,
                0.9999994955910984
            ],
            [
                9.545036123330548e-12,
                7.991960898111836e-11,
                1.0815942917618988e-11,
                3.0590235897550925e-07,
                0.9999996939973604
            ]
        ],
        [
            [
                0.999999999996021,
                3.978962533470563e-12,
                0.0,
                0.0,
                0.0
            ],
            [
                0.999999999987744,
                1.225606742426316e-11,
                0.0,
                0.0,
                0.0
            ],
            [
                4.508755232840793e-12,
                1.2501528637654014e-09,
                0.9999999979831031,
                7.582560412012669e-10,
                3.978962527494085e-12
            ],
            [
                5.21140307144002e-10,
                4.599047068665665e-10,
                9.056060626338941e-11,
                1.7603431314042208e-06,
                0.9999982385852629
            ],
            [
                1.081594124538478e-11,
                4.847368566485964e-11,
                8.423463511559973e-12,
                2.8453347269320576e-08,
                0.9999999714789395
            ]
        ],
        [
            [
                0.999999999996021,
                3.978962531945519e-12,
                0.0,
                0.0,
                0.0
            ],
            [
                0.9999999999842628,
                1.573710208924659e-11,
                0.0,
                0.0,
                0.0
            ],
            [
                1.688638571309958e-10,
                2.0571829196794505e-09,
                1.1838270334620649e-08,
                0.9980732516302494,
                0.0019267343054334848
            ],
            [
                2.413358357999207e-12,
                4.847359840847663e-11,
                7.433667076786311e-12,
                2.2603252730319766e-06,
                0.9999977396164064
            ],
            [
                4.277788076630529e-11,
                1.49309474867816e-10,
                2.0206840071145784e-11,
                1.4449803162545673e-07,
                0.9999998552896742
            ]
        ],
        [
            [
                0.9999999999978701,
                2.1297851696928508e-12,
                0.0,
                0.0,
                0.0
            ],
            [
                0.999999999989184,
                1.081594154992801e-11,
                0.0,
                0.0,
                0.0
            ],
            [
                2.1759508617044874e-06,
                0.037326769062332114,
                0.9626700245926197,
                1.027846407477189e-06,
                2.5477789495629688e-09
            ],
            [
                3.098819428950189e-12,
                4.2777882696168954e-11,
                6.560200782567228e-12,
                9.931195242289349e-08,
                0.9999999006356106
            ],
            [
                1.7832472393485275e-11,
                9.056076728306387e-11,
                2.0206838507034726e-11,
                2.845334726864493e-08,
                0.9999999714180526
            ]
        ],
        [
            [
                0.9999999999870526,
                1.225606743341018e-11,
                0.0,
                0.0,
                6.914400100909711e-13
            ],
            [
                0.9999999999821676,
                1.7832472892506436e-11,
                0.0,
                0.0,
                0.0
            ],
            [
                2.2011170340262594e-08,
                0.006692845081798984,
                0.9933061967246223,
                9.359378863753059e-07,
                2.4452201511263887e-10
            ],
            [
                8.402635028454792e-12,
                1.6877143611609878e-10,
                6.20875416040922e-11,
                0.002472622967679949,
                0.9975273767930585
            ],
            [
                1.573710419570722e-11,
                9.056078191719779e-11,
                1.573710419570722e-11,
                6.023574637417924e-08,
                0.9999999396422187
            ]
        ],
        [
            [
                0.999999999961465,
                3.7751345404580765e-11,
                0.0,
                0.0,
                7.835041777134112e-13
            ],
            [
                0.999999998394772,
                1.6052280516606383e-09,
                0.0,
                0.0,
                0.0
            ],
            [
                7.193241411167317e-09,
                0.0001233945090476313,
                0.9998757664122004,
                8.314256619411118e-07,
                4.598485385594455e-10
            ],
            [
                2.0156873567983082e-11,
                2.1670681351946005e-10,
                6.2087541585612e-11,
                0.002472622973120735,
                0.9975273767279281
            ],
            [
                9.54447124456858e-12,
                7.991487930915117e-11,
                1.573617275850594e-11,
                5.82912774447644e-05,
                0.9999417086173596
            ]
        ],
        [
            [
                0.9999999999954912,
                4.508755238853277e-12,
                0.0,
                0.0,
                0.0
            ],
            [
                0.9999998874648162,
                1.125351837846788e-07,
                0.0,
                0.0,
                0.0
            ],
            [
                1.361526107902042e-13,
                1.2917800046079948e-12,
                0.9999999999939697,
                4.50875524167354e-12,
                9.357622967550738e-14
            ],
            [
                2.5946047520806156e-11,
                1.31764901669241e-10,
                2.9400723611399855e-11,
                2.2603252722678877e-06,
                0.999997739487616
            ],
            [
                1.2256068040229578e-11,
                4.8473689420442824e-11,
                8.423464164182472e-12,
                1.4449803163924916e-07,
                0.9999998554328152
            ]
        ],
        [
            [
                0.9999999999964886,
                3.511422111289687e-12,
                0.0,
                0.0,
                0.0
            ],
            [
                0.999999999683912,
                3.1608814498259886e-10,
                0.0,
                0.0,
                0.0
            ],
            [
                4.2777799374201034e-11,
                2.510994500040336e-08,
                0.9999977143528717,
                2.2603252160501903e-06,
                1.6918947856266894e-10
            ],
            [
                3.978962689289808e-12,
                6.224144862947986e-11,
                1.081594197441302e-11,
                3.927863696962925e-07,
                0.999999607136594
            ],
            [
                3.511415883497355e-12,
                4.277780279422478e-11,
                8.423448809765454e-12,
                1.3709566540620335e-06,
                0.9999986289886332
            ]
        ],
        [
            [
                0.9999999999981204,
                1.8795288155556285e-12,
                0.0,
                0.0,
                0.0
            ],
            [
                0.9999999999666846,
                3.331544539191668e-11,
                0.0,
                0.0,
                0.0
            ],
            [
                3.064065541697183e-05,
                0.9819817698711782,
                0.017985626900480795,
                1.958791566778728e-06,
                3.781357282095951e-09
            ],
            [
                2.0694091721916286e-10,
                2.5210564742448884e-09,
                1.349424289781368e-09,
                0.04742587530202047,
                0.9525741206205579
            ],
            [
                5.492788792971845e-11,
                1.6918980587660013e-10,
                2.2897350299057197e-11,
                1.1253518377522038e-07,
                0.9999998872178012
            ]
        ],
        [
            [
                0.9999999999842628,
                1.5737102093087836e-11,
                0.0,
                0.0,
                0.0
            ],
            [
                0.9999999999842628,
                1.5737102097318474e-11,
                0.0,
                0.0,
                0.0
            ],
            [
                1.1148231412304696e-08,
                4.497521837412913e-06,
                0.060085649012933104,
                0.9398976167851143,
                1.2225531883737258e-05
            ],
            [
                7.403428188797908e-12,
                1.9093692954162703e-10,
                5.470434621143228e-11,
                0.004070137783293892,
                0.9959298619636615
            ],
            [
                6.560200110885006e-12,
                3.775134511323194e-11,
                1.2256067337107328e-11,
                8.152020643305232e-09,
                0.9999999917914119
            ]
        ],
        [
            [
                0.9999999999925664,
                7.433680668421458e-12,
                0.0,
                0.0,
                0.0
            ],
            [
                0.9999999999565308,
                4.277787865539387e-11,
                0.0,
                0.0,
                6.914400101396753e-13
            ],
            [
                0.0,
                2.882350793208359e-13,
                0.9999999999980322,
                1.6586783587784064e-12,
                2.0879679114749553e-14
            ],
            [
                1.2256045700628552e-11,
                9.056060923300218e-11,
                2.2897307834303862e-11,
                1.3709566541676187e-06,
                0.9999986289176318
            ],
            [
                2.7346982019090054e-12,
                2.2897347705550062e-11,
                5.789356138872017e-12,
                3.2241866315213705e-08,
                0.9999999677267124
            ]
        ],
        [
            [
                0.9999999999835714,
                1.573710209308278e-11,
                0.0,
                0.0,
                6.914400100885641e-13
            ],
            [
                0.999999999989184,
                1.0815941551529645e-11,
                0.0,
                0.0,
                0.0
            ],
            [
                7.835041784437466e-13,
                3.511422113095544e-12,
                0.9999999999905134,
                5.109089027654519e-12,
                8.258073284895148e-14
            ],
            [
                3.978940278734991e-12,
                5.492757625972767e-11,
                8.423416636182817e-12,
                6.14417212493726e-06,
                0.9999938557605452
            ],
            [
                2.5946098223355575e-11,
                1.3176515915803322e-10,
                2.289735131626697e-11,
                6.825604228832645e-08,
                0.9999999315633491
            ]
        ],
        [
            [
                0.9999999999286877,
                7.052879845261314e-11,
                0.0,
                0.0,
                7.835041778564687e-13
            ],
            [
                0.9999999998082829,
                1.9171715123910876e-10,
                0.0,
                0.0,
                0.0
            ],
            [
                2.9988123502786406e-09,
                2.7535112316125543e-05,
                0.9999510168527123,
                2.144436703375766e-05,
                6.691254799727623e-10
            ],
            [
                2.432646197368604e-10,
                4.886100501829917e-09,
                3.805298896990724e-09,
                0.6791787061478878,
                0.32082128491744816
            ],
            [
                1.0815942915395056e-11,
                7.05288073671071e-11,
                1.0815942915395056e-11,
                3.0590235891261075e-07,
                0.9999996940054804
            ]
        ],
        [
            [
                0.9999999999954912,
                4.50875523961027e-12,
                0.0,
                0.0,
                0.0
            ],
            [
                0.9999999999842628,
                1.5737102097316183e-11,
                0.0,
                0.0,
                0.0
            ],
            [
                4.5990558901716997e-10,
                1.8553915689776259e-07,
                0.9999997987224823,
                1.5229981438632185e-08,
                4.847369245407719e-11
            ],
            [
                1.7679498759485235e-11,
                3.1337661376673076e-10,
                6.170751398662466e-11,
                0.008577485687944163,
                0.9914225139192923
            ],
            [
                1.658675326251567e-12,
                2.28973065918388e-11,
                6.560188173740267e-12,
                1.067703076127029e-06,
                0.9999989322658077
            ]
        ],
        [
            [
                0.999999999996021,
                3.9789625328026656e-12,
                0.0,
                0.0,
                0.0
            ],
            [
                0.9999999997210531,
                2.789468088138056e-10,
                0.0,
                0.0,
                0.0
            ],
            [
                8.131056769590718e-09,
                3.2803024223769198e-06,
                0.002472377754198416,
                0.9974284693234426,
                9.586448887981548e-05
            ],
            [
                3.977627283779534e-12,
                9.053037969997187e-11,
                1.782648872359322e-11,
                0.00033535005592323565,
                0.9996646498317423
            ],
            [
                2.129785441211105e-12,
                1.7832475170966476e-11,
                5.789357063360777e-12,
                1.8553915980525815e-07,
                0.9999998144350886
            ]
        ],
        [
            [
                0.9999999999972653,
                2.7346982897544495e-12,
                0.0,
                0.0,
                0.0
            ],
            [
                0.9999999999942106,
                5.789356326033432e-12,
                0.0,
                0.0,
                0.0
            ],
            [
                1.1404063302810062e-06,
                0.01047120752349545,
                0.046928697229013897,
                0.9425881349671527,
                1.081987400781722e-05
            ],
            [
                3.511415693535e-12,
                4.847359843952415e-11,
                7.433667081547602e-12,
                1.0677030762198905e-06,
                0.9999989322375051
            ],
            [
                9.545036112184541e-12,
                6.224145398457436e-11,
                1.2256068971247296e-11,
                6.825604226828335e-08,
                0.9999999316599152
            ]
        ],
        [
            [
                0.9999999999964886,
                3.511422111289281e-12,
                0.0,
                0.0,
                0.0
            ],
            [
                0.9999999999294713,
                7.052879845264807e-11,
                0.0,
                0.0,
                0.0
            ],
            [
                1.6918979911488679e-10,
                1.444980304641084e-07,
                0.9999998471733249,
                8.152021044684207e-09,
                7.433680973468415e-12
            ],
            [
                2.289722037071755e-11,
                1.1628167982915956e-10,
                2.940061292750165e-11,
                6.144172123606894e-06,
                0.9999938556592969
            ],
            [
                3.77506996824251e-11,
                2.4616548429499747e-10,
                4.847285788997967e-11,
                1.6701415097211766e-05,
                0.9999832982525138
            ]
        ],
        [
            [
                0.9999999999705993,
                2.9400777366718685e-11,
                0.0,
                0.0,
                0.0
            ],
            [
                0.9999999999975866,
                2.4133627704022257e-12,
                0.0,
                0.0,
                0.0
            ],
            [
                1.3887944950992023e-11,
                2.646573845869421e-09,
                0.999999884755881,
                1.1253518351943517e-07,
                4.8473690853312747e-11
            ],
            [
                5.101416134765442e-12,
                1.3156725617465392e-10,
                4.271363434066947e-11,
                0.0015011820325840253,
                0.9984988177880337
            ],
            [
                3.098819530647846e-12,
                3.331544963526593e-11,
                6.56020099786117e-12,
                1.855391597278319e-07,
                0.9999998144178659
            ]
        ],
        [
            [
                0.9999999999942106,
                5.789356326033432e-12,
                0.0,
                0.0,
                0.0
            ],
            [
                0.9999999990255963,
                9.73620029515707e-10,
                0.0,
                0.0,
                7.835041770697897e-13
            ],
            [
                2.0206839006465342e-11,
                3.3982678054093383e-09,
                0.9999999959099535,
                6.691586063556329e-10,
                2.4133627618298873e-12
            ],
            [
                3.5112147467855825e-12,
                6.223777056830498e-11,
                9.544471242004675e-12,
                5.8291277625480725e-05,
                0.999941708647081
            ],
            [
                4.27778778099172e-11,
                9.056076803424968e-11,
                1.7832472541402532e-11,
                1.955568068566702e-08,
                0.9999999802931483
            ]
        ],
        [
            [
                0.9999999999969011,
                3.0988191370966043e-12,
                0.0,
                0.0,
                0.0
            ],
            [
                0.9999999999842628,
                1.573710208925319e-11,
                0.0,
                0.0,
                0.0
            ],
            [
                9.702748599797334e-08,
                0.022976749560965213,
                0.9769962461414112,
                2.6903007047475376e-05,
                4.263090211939048e-09
            ],
            [
                4.508635180287306e-12,
                7.052692042533471e-11,
                1.57366830492805e-11,
                2.7535689831535264e-05,
                0.9999724642193962
            ],
            [
                5.7893562375721074e-12,
                4.2777878016114386e-11,
                7.433680555302301e-12,
                1.5229979504903106e-08,
                0.9999999847140195
            ]
        ],
        [
            [
                0.9999999999981204,
                1.879528815425342e-12,
                0.0,
                0.0,
                0.0
            ],
            [
                0.999999999978787,
                2.0206839064531886e-11,
                0.0,
                0.0,
                1.006039278004273e-12
            ],
            [
                3.775134716773627e-11,
                2.8453349389932533e-08,
                0.9999997332341702,
                2.3823697763577355e-07,
                3.775134716773627e-11
            ],
            [
                1.658668962285818e-12,
                2.28972187400015e-11,
                3.5114022207140047e-12,
                4.78509484723714e-06,
                0.9999952148770855
            ],
            [
                5.109089670172654e-12,
                6.224145405157086e-11,
                1.225606898443969e-11,
                3.0590235894757077e-07,
                0.9999996940180345
            ]
        ],
        [
            [
                0.9999999999915765,
                8.423463750005449e-12,
                0.0,
                0.0,
                0.0
            ],
            [
                0.9999999999814762,
                1.7832472892494106e-11,
                0.0,
                0.0,
                6.914400100871154e-13
            ],
            [
                1.9810087978246218e-13,
                4.508755241784189e-12,
                0.9999999999773064,
                1.7832472906126785e-11,
                1.5428112030171577e-13
            ],
            [
                6.224133578348496e-11,
                4.058644924518356e-10,
                9.056060919933926e-11,
                1.3709566536580108e-06,
                0.9999986284846799
            ],
            [
                3.5114225187986034e-12,
                4.277788362874216e-11,
                5.789356997158678e-12,
                7.734422800143147e-08,
                0.9999999226036934
            ]
        ],
        [
            [
                0.9999999999954912,
                4.5087552392561246e-12,
                0.0,
                0.0,
                0.0
            ],
            [
                0.9999999999915765,
                8.423463740871577e-12,
                0.0,
                0.0,
                0.0
            ],
            [
                1.7240819343678474e-08,
                1.7586130604163634e-06,
                0.0005525397986392627,
                0.9990153659196226,
                0.00043031842785837406
            ],
            [
                8.402635027114477e-12,
                1.3143932658633726e-10,
                2.5881937985826832e-11,
                0.0024726229685533016,
                0.9975273768657227
            ],
            [
                2.2897348169536302e-11,
                1.0261879503113614e-10,
                2.2897348169536302e-11,
                1.1861120002715991e-08,
                0.9999999879904665
            ]
        ],
        [
            [
                0.9999999999972653,
                2.7346982899687778e-12,
                0.0,
                0.0,
                0.0
            ],
            [
                0.9999999991407833,
                8.592166597993249e-10,
                0.0,
                0.0,
                0.0
            ],
            [
                8.133496974930329e-08,
                0.03598368055941758,
                0.9280314345517068,
                0.035983680759282106,
                1.1227946238257802e-06
            ],
            [
                6.558862061580255e-12,
                1.31738266111965e-10,
                2.5940802668602933e-11,
                0.00020342706275038012,
                0.9997965727730117
            ],
            [
                1.6586721023788059e-12,
                2.2897262087648102e-11,
                3.978947527188983e-12,
                3.726639115141433e-06,
                0.99999627333235
            ]
        ],
        [
            [
                0.9999999999975866,
                2.4133627699964302e-12,
                0.0,
                0.0,
                0.0
            ],
            [
                0.9999999999094393,
                9.056076974308578e-11,
                0.0,
                0.0,
                0.0
            ],
            [
                3.58096942007007e-10,
                1.7254076915688728e-08,
                0.00020342433817832636,
                0.9997835535667907,
                1.3004482857130391e-05
            ],
            [
                5.10908944037704e-12,
                4.847369097462616e-11,
                5.789356795943299e-12,
                1.1253518380107304e-07,
                0.9999998874054441
            ],
            [
                3.7751345107781395e-11,
                7.991959822032402e-11,
                1.3887943741720882e-11,
                8.15202064212824e-09,
                0.9999999917164205
            ]
        ],
        [
            [
                0.9999999999942106,
                5.789356321459555e-12,
                0.0,
                0.0,
                0.0
            ],
            [
                0.9999999997538302,
                2.461696946132977e-10,
                0.0,
                0.0,
                0.0
            ],
            [
                2.461697227711952e-10,
                8.764249201703453e-08,
                0.9999997995056221,
                1.1253518733172482e-07,
                7.052880641569059e-11
            ],
            [
                4.50875558920474e-12,
                3.775134834743214e-11,
                6.560200672904727e-12,
                8.315279900752813e-07,
                0.9999991684231897
            ],
            [
                3.5114220923185524e-12,
                2.5946094827166223e-11,
                6.560200128812331e-12,
                5.60279640393736e-09,
                0.9999999943611859
            ]
        ],
        [
            [
                0.9999999999622486,
                3.775134538784389e-11,
                0.0,
                0.0,
                0.0
            ],
            [
                0.9999999999915765,
                8.423463748759169e-12,
                0.0,
                0.0,
                0.0
            ],
            [
                1.6586783574675105e-12,
                2.1724399331841867e-10,
                0.9999999991900286,
                5.905303993793356e-10,
                5.384940213057221e-13
            ],
            [
                6.560200992832041e-12,
                3.7751350188486715e-11,
                5.789357056506665e-12,
                3.0590235895659664e-07,
                0.9999996940475402
            ],
            [
                3.511422081598356e-12,
                2.9400777126769487e-11,
                5.789356276337331e-12,
                8.152020640694878e-09,
                0.9999999918092778
            ]
        ],
        [
            [
                0.999999999976215,
                2.2897348436237132e-11,
                0.0,
                0.0,
                8.878265470620135e-13
            ],
            [
                0.9999999996418252,
                3.581747926603532e-10,
                0.0,
                0.0,
                0.0
            ],
            [
                8.258073284575054e-14,
                4.752193062206704e-13,
                0.9999999999975058,
                1.8795288163158394e-12,
                5.675685231958584e-14
            ],
            [
                2.934413877408978e-11,
                3.1547922289429366e-10,
                1.1605832021955364e-10,
                0.0019267343340771004,
                0.9980732652050411
            ],
            [
                2.1297851547152498e-12,
                2.0206838936136262e-11,
                3.098819115091986e-12,
                7.194132975467e-09,
                0.9999999927804315
            ]
        ],
        [
            [
                0.9999999999964886,
                3.5114221110134716e-12,
                0.0,
                0.0,
                0.0
            ],
            [
                0.9999999317436311,
                6.825604228410055e-08,
                3.266131750515426e-13,
                0.0,
                0.0
            ],
            [
                4.846379918225009e-11,
                7.581013703171579e-10,
                1.046526660710233e-08,
                0.9997965616695464,
                0.0002034270586217313
            ],
            [
                7.433681598486309e-12,
                7.991960888641948e-11,
                1.3887945595210348e-11,
                6.825604226710944e-08,
                0.9999999316427165
            ],
            [
                2.94004992343625e-11,
                1.6918819156996687e-10,
                3.775098828022993e-11,
                1.0129988097884152e-05,
                0.9999898697755625
            ]
        ],
        [
            [
                0.999999999994891,
                5.1090890246156815e-12,
                0.0,
                0.0,
                0.0
            ],
            [
                0.999999999990455,
                9.545034917110459e-12,
                0.0,
                0.0,
                0.0
            ],
            [
                2.4133536436739603e-12,
                4.0586367752722197e-10,
                0.9999970971889636,
                2.9023121989462613e-06,
                9.056042736507971e-11
            ],
            [
                2.4037306761565736e-11,
                9.019932817301594e-10,
                3.760067411584801e-10,
                0.1824255148622264,
                0.8175744838357363
            ],
            [
                5.7893562363606675e-12,
                4.2777878007162986e-11,
                7.43368055374678e-12,
                1.5229979501716185e-08,
                0.9999999847140195
            ]
        ],
        [
            [
                0.9999999999969011,
                3.0988191368814876e-12,
                0.0,
                0.0,
                0.0
            ],
            [
                0.9999999999705993,
                2.9400777363344253e-11,
                0.0,
                0.0,
                0.0
            ],
            [
                2.507553366689814e-08,
                0.00020318915383161774,
                0.9986274533267344,
                0.001169272290822158,
                6.015307819656214e-08
            ],
            [
                3.09877795114826e-12,
                4.8473042780651063e-11,
                1.3887759275065736e-11,
                1.3007124769170169e-05,
                0.9999869928097712
            ],
            [
                2.0205645775739908e-11,
                1.3175736131306218e-10,
                2.9399041130518094e-11,
                5.829127761929785e-05,
                0.9999417085410186
            ]
        ],
        [
            [
                0.999999999994891,
                5.109089025018482e-12,
                0.0,
                0.0,
                0.0
            ],
            [
                0.9999999970006197,
                2.998960812553662e-09,
                0.0,
                0.0,
                4.193795641173927e-13
            ],
            [
                2.2897348271735504e-11,
                7.194132972288076e-09,
                0.99999999202325,
                7.582560366741035e-10,
                1.4637785023171528e-12
            ],
            [
                5.109079682860822e-12,
                5.4927783039151497e-11,
                7.433667075162779e-12,
                2.260325272538316e-06,
                0.999997739607257
            ],
            [
                9.545035654771174e-12,
                7.991960505791874e-11,
                1.388794492991668e-11,
                8.315279898594288e-07,
                0.9999991683686577
            ]
        ],
        [
            [
                0.9999999999954912,
                4.5087552396104665e-12,
                0.0,
                0.0,
                0.0
            ],
            [
                0.9999999993303663,
                6.691586080296808e-10,
                0.0,
                0.0,
                4.752193054962093e-13
            ],
            [
                6.914400105495032e-13,
                4.2777878680749026e-11,
                0.9999999998394649,
                1.1628233027790567e-10,
                7.835041783426797e-13
            ],
            [
                4.55610578345477e-11,
                8.075890735398006e-10,
                4.322712811592416e-10,
                0.06008665434396522,
                0.9399133443706134
            ],
            [
                2.1297851327068858e-12,
                2.5946094516797682e-11,
                3.978962464378889e-12,
                1.7257827678026173e-08,
                0.9999999827101175
            ]
        ],
        [
            [
                0.9999999999934397,
                6.560200164234854e-12,
                0.0,
                0.0,
                0.0
            ],
            [
                0.999999999956747,
                4.2777878655403126e-11,
                0.0,
                0.0,
                4.752193058962227e-13
            ],
            [
                1.9810087978048548e-13,
                5.1090890274337195e-12,
                0.9999999999566871,
                3.7751345438138784e-11,
                2.5436656470634605e-13
            ],
            [
                4.2777884016593075e-11,
                1.6918981332982346e-10,
                2.940078105396811e-11,
                6.825604226291175e-08,
                0.9999999315025893
            ],
            [
                2.413362709737846e-12,
                2.2897347867311083e-11,
                3.978962433459286e-12,
                2.5109990911364482e-08,
                0.9999999748607193
            ]
        ],
        [
            [
                0.9999999999987081,
                1.2917800041106492e-12,
                0.0,
                0.0,
                0.0
            ],
            [
                0.9999999943972036,
                5.602796399964622e-09,
                0.0,
                0.0,
                0.0
            ],
            [
                8.878265341640872e-13,
                1.1628232851023723e-10,
                0.9999999846517105,
                1.5229979510010553e-08,
                1.1399918354764754e-12
            ],
            [
                1.3832514926635039e-10,
                2.7783348929947263e-09,
                2.1637693902989007e-09,
                0.18242551418405767,
                0.8175744807355129
            ],
            [
                4.2777878347266024e-11,
                2.1724399176892934e-10,
                2.940077715750041e-11,
                7.1941329727385275e-09,
                0.9999999925164443
            ]
        ],
        [
            [
                0.9999999999699891,
                2.9400777369669064e-11,
                0.0,
                0.0,
                6.101936672795369e-13
            ],
            [
                0.9999999998506905,
                1.493094674691078e-10,
                0.0,
                0.0,
                0.0
            ],
            [
                9.357622967851991e-14,
                4.193795657936671e-13,
                0.9999999999970168,
                2.413362771578358e-12,
                5.6756852320333595e-14
            ],
            [
                1.2247374504282176e-11,
                1.0254601122305815e-10,
                4.274753734841901e-11,
                0.0007096703455923791,
                0.9992903294968667
            ],
            [
                2.413362957178684e-12,
                3.7751348342081933e-11,
                6.560200671975002e-12,
                8.315279899574354e-07,
                0.9999991684252851
            ]
        ],
        [
            [
                0.9999999999975866,
                2.4133627704013323e-12,
                0.0,
                0.0,
                0.0
            ],
            [
                0.9999999998075915,
                1.917171511522835e-10,
                0.0,
                0.0,
                6.914400098877814e-13
            ],
            [
                1.7710473979622617e-08,
                9.669591154975328e-07,
                0.3775282137013791,
                0.6224387803408962,
                3.202128813527817e-05
            ],
            [
                7.433652558073086e-12,
                9.05604273946933e-11,
                1.3887891340575743e-11,
                2.902312199895328e-06,
                0.9999970975759181
            ],
            [
                2.734698512220354e-12,
                3.331544810946924e-11,
                5.789356795801147e-12,
                1.1253518379830984e-07,
                0.9999998874229766
            ]
        ],
        [
            [
                0.999999999989184,
                1.081594154663809e-11,
                0.0,
                0.0,
                0.0
            ],
            [
                0.9999999988967441,
                1.1032560302898295e-09,
                0.0,
                0.0,
                0.0
            ],
            [
                8.25807328428008e-14,
                4.752193062036957e-13,
                0.9999999999948133,
                4.50875524159824e-12,
                1.201542572991545e-13
            ],
            [
                3.9789554776761135e-12,
                4.8473601076697265e-11,
                7.433667485971197e-12,
                1.3709566544812852e-06,
                0.9999986289834594
            ],
            [
                2.940072429560527e-11,
                1.6918948670799677e-10,
                3.331538525460937e-11,
                1.7603431330045295e-06,
                0.9999982394249615
            ]
        ],
        [
            [
                0.9999999999985363,
                1.4637785131437246e-12,
                0.0,
                0.0,
                0.0
            ],
            [
                0.9999999996418252,
                3.581747927352536e-10,
                0.0,
                0.0,
                0.0
            ],
            [
                5.211214330241238e-10,
                2.2602434606932766e-06,
                0.9999623812601011,
                3.5356156424268454e-05,
                1.8188925237381735e-09
            ],
            [
                7.92340163316277e-11,
                4.5596028241266654e-10,
                1.3063480808895594e-10,
                0.0085774856849333,
                0.9914225136492376
            ],
            [
                2.4133627554410056e-12,
                2.9400777193146743e-11,
                5.789356289407788e-12,
                6.3488000729209236e-09,
                0.9999999936135964
            ]
        ],
        [
            [
                0.9999999999978701,
