{
    "[['A', 'B', 'C', 'D', 'E'], ['A', 'B', 'C', 'D', 'E']]": [
        [
            [
                0.9999999995922553,
                4.0586521217433014e-10,
                0.0,
                0.0,
                1.879528814347551e-12
            ],
            [
                0.9959298601019257,
                0.004070137770214065,
                1.2450651744591377e-09,
                6.664353638802439e-10,
                2.163598852185808e-10
            ],
            [
                7.835041783282008e-13,
                7.433680670661111e-12,
                0.9999999998751303,
                1.1628233027575681e-10,
                3.7010116777507347e-13
            ],
            [
                2.2159448707634777e-08,
                1.605225080394021e-09,
                5.4927781717776234e-11,
                2.260325218162593e-06,
                0.9999977158551803
            ],
            [
                6.475921204513579e-07,
                4.9444315704125756e-09,
                1.9171641732090483e-10,
                3.726635349309609e-06,
                0.9999956206363823
            ]
        ],
        [
            [
                0.9999999997530467,
                2.4616969500753125e-10,
                0.0,
                0.0,
                7.835041779526121e-13
            ],
            [
                6.797825680227179e-08,
                1.1207719793502117e-07,
                4.123089694439672e-08,
                0.9959296428073694,
                0.00407013590627891
            ],
            [
                1.361526107942693e-13,
                1.1399918529213066e-12,
                0.9999999999946805,
                3.978962535407757e-12,
                6.431393940757806e-14
            ],
            [
                1.9171715876071594e-10,
                2.172440018760724e-10,
                2.5946095982200133e-11,
                3.927863696781115e-07,
                0.9999996067787231
            ],
            [
                1.493091944903637e-10,
                1.3176490166514686e-10,
                1.5737073319240918e-11,
                2.2603252721976564e-06,
                0.9999977393779166
            ]
        ],
        [
            [
                0.9999999997521716,
                2.461696949338709e-10,
                0.0,
                0.0,
                1.6586783572454606e-12
            ],
            [
                0.9820137828411972,
                0.017986211480016636,
                4.8555166207234555e-09,
                6.571227171256894e-10,
                1.6614664219217606e-10
            ],
            [
                3.581406372922202e-10,
                4.13954293215323e-08,
                0.9999038551821818,
                9.610239515342136e-05,
                6.690947978133902e-10
            ],
            [
                4.847239624364492e-11,
                1.9171204608742287e-10,
                3.3314558255564953e-11,
                2.7535689814020747e-05,
                0.999972464036687
            ],
            [
                6.103052415817547e-06,
                9.864665469435959e-08,
                4.334231519477269e-09,
                0.00669280966244411,
                0.9933009843042537
            ]
        ],
        [
            [
                0.9999999994757598,
                5.211412481669247e-10,
                0.0,
                0.0,
                3.098819135023699e-12
            ],
            [
                5.60038231061422e-09,
                2.8441088141709824e-08,
                1.5223417467366116e-08,
                0.9995693935871149,
                0.00043055714799713986
            ],
            [
                3.2661313424462686e-13,
                3.978962535421599e-12,
                0.9999999999660691,
                2.9400777389773533e-11,
                2.2447770547864858e-13
            ],
            [
                2.1724359621642873e-10,
                2.1724359621642873e-10,
                1.5737073327165124e-11,
                1.067703075679546e-06,
                0.9999989318467001
            ],
            [
                5.043472284269762e-07,
                4.36346265820914e-09,
                6.224145200987883e-11,
                6.825604010276677e-08,
                0.9999994229710273
            ]
        ],
        [
            [
                0.999999996999613,
                2.9989608135852835e-09,
                5.384940197513967e-13,
                0.0,
                8.878265445089426e-13
            ],
            [
                0.999996273349733,
                3.7266391088598257e-06,
                8.423431966961534e-12,
                0.0,
                2.7346879716992593e-12
            ],
            [
                1.521212436155101e-08,
                1.4432861745223005e-07,
                2.8989177749093947e-06,
                0.9988274346411168,
                0.0011695069003663414
            ],
            [
                4.599011862632796e-10,
                7.582488682124906e-10,
                4.277747392765716e-11,
                1.012998808750509e-05,
                0.9999898687509851
            ],
            [
                0.9990305987435095,
                1.635789745442893e-07,
                1.603673366927065e-09,
                5.823814890500461e-05,
                0.0009109979249375236
            ]
        ],
        [
            [
                0.9999999998077445,
                1.9171715123906078e-10,
                0.0,
                0.0,
                5.384940213912436e-13
            ],
            [
                1.0467003236806627e-08,
                1.6373147856397212e-07,
                2.2602433424308076e-06,
                0.9999622094036015,
                3.535615457433219e-05
            ],
            [
                9.735625150140592e-10,
                1.9554525842346333e-08,
                2.3822312016596717e-07,
                0.9999414499732081,
                5.829127558342207e-05
            ],
            [
                4.944083089238675e-09,
                3.850455781469171e-09,
                3.160646575232801e-10,
                7.48461964118496e-05,
                0.9999251446929847
            ],
            [
                2.0611498941889036e-09,
                9.736182702005195e-10,
                3.331538516012101e-11,
                1.760343128011883e-06,
                0.9999982365887884
            ]
        ],
        [
            [
                0.9999999979364949,
                2.0611536164143793e-09,
                8.878265452510958e-13,
                0.0,
                1.4637785098476914e-12
            ],
            [
                0.9999999585900853,
                4.139937526880983e-08,
                3.9789623513949585e-12,
                0.0,
                6.560199864059866e-12
            ],
            [
                3.511422112719181e-12,
                4.277787868168206e-11,
                0.9999999998505535,
                1.0261879629780889e-10,
                5.384940216745987e-13
            ],
            [
                5.602765045933191e-09,
                3.398248779524741e-09,
                2.1724277632332106e-10,
                6.1441720687123914e-06,
                0.9999938466096746
            ],
            [
                7.194119981406557e-09,
                9.736182653218312e-10,
                1.1628211938608088e-10,
                1.7603431191910078e-06,
                0.9999982313728604
            ]
        ],
        [
            [
                0.9999999969989093,
                2.9989608079201832e-09,
                0.0,
                0.0,
                2.1297851589274736e-12
            ],
            [
                7.913063684636015e-09,
                2.1509937221385258e-08,
                2.7619306103616365e-08,
                0.9706877167190333,
                0.029312226238659735
            ],
            [
                6.344284657481517e-09,
                1.0669446266669264e-06,
                0.9992892102030676,
                0.0007096696297459153,
                4.687827524171596e-08
            ],
            [
                2.0611498474848573e-09,
                5.211402943310861e-10,
                3.775127630210217e-11,
                2.2603252672416543e-06,
                0.9999977370546914
            ],
            [
                1.0467382526596365e-08,
                1.4166061789828895e-09,
                9.056060319458252e-11,
                2.260325246219572e-06,
                0.9999977277002046
            ]
        ],
        [
            [
                0.9999999998501521,
                1.4930946754386382e-10,
                0.0,
                0.0,
                5.384940215018364e-13
            ],
            [
                0.9999962733584736,
                3.7266391129452443e-06,
                2.4133536672056436e-12,
                0.0,
                0.0
            ],
            [
                4.944262156823138e-09,
                1.8553206866328e-07,
                2.260243306007231e-06,
                0.9999621931263586,
                3.535615400457159e-05
            ],
            [
                3.15306552697566e-10,
                1.1005280056495207e-09,
                3.572891324310807e-10,
                0.0024726229621981474,
                0.9975273752646782
            ],
            [
                8.152005720277477e-09,
                2.0611498313129382e-09,
                1.9171679874621815e-10,
                2.2603252495069918e-06,
                0.9999977292698782
            ]
        ],
        [
            [
                0.9999999976607845,
                2.335593030759125e-09,
                8.878265447896483e-13,
                0.0,
                2.734698282177754e-12
            ],
            [
                3.850698164995139e-09,
                8.315184770575732e-07,
                1.0676908589874065e-06,
                0.9999879669711408,
                1.0129968824967235e-05
            ],
            [
                8.763363281315713e-08,
                7.484427199607612e-05,
                4.784634232282225e-06,
                0.9998988402171944,
                2.1443242944384605e-05
            ],
            [
                2.6174970440157416e-09,
                4.890128271073202e-09,
                1.236418055491512e-09,
                0.010986942277326479,
                0.9890130489786302
            ],
            [
                1.3007112199709304e-05,
                1.5229777124224247e-08,
                1.9171460076030225e-10,
                8.315168634030892e-07,
                0.9999861459494451
            ]
        ],
        [
            [
                0.9999999998299456,
                1.6918979216407334e-10,
                2.543665645911976e-13,
                0.0,
                6.1019366740911e-13
            ],
            [
                0.9706877698078668,
                0.029312227847425397,
                2.2671308247773094e-09,
                7.757695079025496e-11,
                0.0
            ],
            [
                6.101936677126904e-13,
                3.098819138478864e-12,
                0.9999999999838369,
                1.2256067443138551e-11,
                1.9810087978936594e-13
            ],
            [
                1.8189617715231713e-09,
                5.211412728466977e-10,
                2.0206840023046003e-11,
                1.4449803128149778e-07,
                0.9999998531416588
            ],
            [
                6.348776120486492e-09,
                1.103251862540956e-09,
                7.052853194455985e-11,
                3.726639087036194e-06,
                0.9999962658383564
            ]
        ],
        [
            [
                0.9999999979362999,
                2.0611536164139773e-09,
                8.878265452509227e-13,
                0.0,
                1.6586783540660524e-12
            ],
            [
                0.9999999677531586,
                3.2241866287194834e-08,
                3.5114219951699284e-12,
                0.0,
                1.4637784648500738e-12
            ],
            [
                5.865778314119558e-10,
                1.1178194849273178e-07,
                0.9933070323606474,
                0.006692851445858245,
                3.824967938632855e-09
            ],
            [
                3.397127413749113e-09,
                2.645685490021146e-09,
                2.7885319908280483e-10,
                0.00033535005374893254,
                0.9996646436245851
            ],
            [
                0.0002611903246885094,
                2.998177589521583e-09,
                4.8461027242592316e-11,
                3.849736228689299e-09,
                0.9997388027789367
            ]
        ],
        [
            [
                0.9999999961459569,
                3.850741901745373e-09,
                8.878265429990801e-13,
                0.0,
                2.4133627586580123e-12
            ],
            [
                1.249266132214644e-09,
                8.146238481326099e-09,
                1.521917711101629e-08,
                0.9992903050619896,
                0.0007096703233286549
            ],
            [
                9.736202004056527e-10,
                6.023574884100187e-08,
                0.9999998613301162,
                7.734423250506558e-08,
                1.1628235049888551e-10
            ],
            [
                1.3709553192509052e-06,
                2.5109946506688515e-08,
                2.4616925351951357e-10,
                1.0677010761885127e-06,
                0.9999975359874888
            ],
            [
                2.510994496356895e-08,
                2.335588704894238e-09,
                9.056060185299163e-11,
                1.0677030470534667e-06,
                0.9999989047608586
            ]
        ],
        [
            [
                0.9999999950538783,
                4.944450472027796e-09,
                8.878265424751677e-13,
                0.0,
                7.835041737667262e-13
            ],
            [
                9.214591075561216e-09,
                5.03100105830984e-07,
                5.03100105830984e-07,
                0.997526363861508,
                0.002472620723689317
            ],
            [
                4.360350712806649e-09,
                8.757998524012563e-08,
                0.0007096676323805735,
                0.9992865164315495,
                3.7239957339596696e-06
            ],
            [
                9.734214367310157e-10,
                7.58101377184607e-10,
                7.990329729453901e-11,
                0.00020342706212286575,
                0.999796571126451
            ],
            [
                2.646558636476909e-09,
                7.582517445223984e-10,
                4.8473412283571777e-11,
                4.785094830515122e-06,
                0.9999952114518857
            ]
        ],
        [
            [
                0.9999999950511504,
                4.944450469532332e-09,
                8.878265420270818e-13,
                0.0,
                3.5114220903623793e-12
            ],
            [
                4.057290272072943e-10,
                7.19171908563734e-09,
                7.731826672024403e-08,
                0.999664565018692,
                0.00033535006559302314
            ],
            [
                4.5990294721207537e-10,
                3.653461633613938e-08,
                0.9999938164980174,
                6.1441718833680165e-06,
                2.3355798823770294e-09
            ],
            [
                9.223576569707477e-09,
                8.139777753518696e-09,
                1.4144812790391492e-09,
                0.0015011820060898385,
                0.9984987992160745
            ],
            [
                9.736199936478129e-10,
                7.58256013466893e-10,
                4.847368518806292e-11,
                3.653482072428667e-08,
                0.9999999616848295
            ]
        ],
        [
            [
                0.9999999981791587,
                1.818961682678123e-09,
                0.0,
                0.0,
                1.8795288115018372e-12
            ],
            [
                9.71212540187607e-10,
                5.588942282733927e-09,
                1.1831790905395002e-08,
                0.997527358695008,
                0.0024726229130463957
            ],
            [
                4.277788188372962e-11,
                2.3355932131879924e-09,
                0.9999991660231119,
                8.315279881829659e-07,
                7.05288037772027e-11
            ],
            [
                7.87405925336988e-06,
                6.011924161851447e-08,
                3.3916955220114093e-09,
                0.0019267197029963874,
                0.9980653427268131
            ],
            [
                1.6052281733659308e-09,
                7.582560986156206e-10,
                7.052880370360244e-11,
                8.315279873152257e-07,
                0.9999991660379997
            ]
        ],
        [
            [
                0.999999998747497,
                1.2501528638729864e-09,
                6.91440009303701e-13,
                0.0,
                1.6586783555790287e-12
            ],
            [
                2.2498829010214548e-05,
                0.5615543026412728,
                0.43733892315193895,
                0.0010840548070196793,
                2.205707583260841e-07
            ],
            [
                1.060357599043843e-13,
                2.1297851707377734e-12,
                0.9999999999681655,
                2.9400777389835165e-11,
                1.9810087978461972e-13
            ],
            [
                3.9275677700358145e-07,
                1.3439410680031866e-08,
                6.691088583505473e-10,
                7.484619340541078e-05,
                0.9999247469412981
            ],
            [
                3.160881851776386e-10,
                2.1724402082508649e-10,
                2.594609824533713e-11,
                1.8553915959207886e-07,
                0.9999998139015621
            ]
        ],
        [
            [
                0.9999999998490319,
                1.4930946738566232e-10,
                0.0,
                0.0,
                1.6586783563141253e-12
            ],
            [
                0.9999989322916367,
                1.0677030761546067e-06,
                3.511415693320297e-12,
                8.878249246015476e-13,
                8.878249246015476e-13
            ],
            [
                9.545034610460731e-12,
                4.0586519936483813e-10,
                0.99999996733529,
                3.22418663173893e-08,
                7.433680429070481e-12
            ],
            [
                3.5817207853844375e-10,
                4.5990205239123974e-10,
                7.052826399637312e-11,
                7.889265036581856e-06,
                0.999992109846361
            ],
            [
                1.275190615902617e-07,
                1.4166088137661246e-09,
                2.2897348894856834e-11,
                1.6373771619406553e-07,
                0.9999997073037161
            ]
        ],
        [
            [
                0.9999999992409603,
                7.582560414773909e-10,
                0.0,
                0.0,
                7.835041771488928e-13
            ],
            [
                1.637110174086934e-07,
                9.609598210354751e-05,
                2.1441911876385203e-05,
                0.9998369058672041,
                4.539252779851498e-05
            ],
            [
                1.0060392786939091e-12,
                3.331544540214562e-11,
                0.9999999994435311,
                5.211412484835331e-10,
                1.0060392786939091e-12
            ],
            [
                1.6052219970351241e-09,
                3.5817344127222956e-10,
                2.940066643394806e-11,
                3.7266391076436156e-06,
                0.9999962713680962
            ],
            [
                6.34801325856209e-09,
                1.4164332150073152e-09,
                1.916933903387609e-10,
                0.00012339462660269435,
                0.9998765974172574
            ]
        ],
        [
            [
                0.9999999998677598,
                1.317651426057187e-10,
                0.0,
                0.0,
                4.752193059336407e-13
            ],
            [
                1.8185906862240719e-09,
                4.139093323652466e-08,
                1.855012930972251e-07,
                0.9997963444202412,
                0.0002034268689417732
            ],
            [
                1.8188715288219783e-09,
                6.023275273173746e-08,
                2.7535110736462605e-05,
                0.9999509584718357,
                2.1444365803514924e-05
            ],
            [
                1.0261821488903588e-10,
                3.1608635450709955e-10,
                4.277763631444668e-11,
                4.785094843545495e-06,
                0.9999952144436743
            ],
            [
                2.2159491060522818e-08,
                4.0586523622266914e-10,
                2.0206840263957277e-11,
                1.125351812559809e-07,
                0.9999998648792555
            ]
        ],
        [
            [
                0.9999999995933331,
                4.058652122428417e-10,
                3.26613133953047e-13,
                0.0,
                4.752193058032279e-13
            ],
            [
                3.223614937677278e-08,
                1.669873879509268e-05,
                0.0001584332224881912,
                0.9998230757684472,
                1.7600341201638892e-06
            ],
            [
                1.5228732668433583e-08,
                1.0676165832380125e-06,
                4.539621228049039e-05,
                0.9999181663367311,
                3.535460567252164e-05
            ],
            [
                4.058629419757553e-10,
                5.211383331885318e-10,
                9.056026324136316e-11,
                6.144172119098873e-06,
                0.9999938548103193
            ],
            [
                3.160863545245527e-10,
                3.160863545245527e-10,
                4.277763631680871e-11,
                4.785094843809711e-06,
                0.9999952142302059
            ]
        ],
        [
            [
                0.9999999907597831,
                9.237449571800539e-09,
                8.878265391795729e-13,
                0.0,
                1.879528798192329e-12
            ],
            [
                0.9999991684631236,
                8.315279881706219e-07,
                3.0988193700512793e-12,
                0.0,
                5.789356760910968e-12
            ],
            [
                2.4133627576982356e-12,
                1.9171715025295078e-10,
                0.999999994197964,
                5.602796404721892e-09,
                5.109088998139576e-12
            ],
            [
                1.4448962074157943e-07,
                3.223996146941663e-08,
                5.21110442733592e-10,
                5.8291273367998256e-05,
                0.9999415314759393
            ],
            [
                5.3157753605282024e-08,
                2.335588691724723e-09,
                1.026186053198901e-10,
                1.7603430357477199e-06,
                0.9999981840610034
            ]
        ],
        [
            [
                0.9999999998968427,
                1.0261879626478364e-10,
                0.0,
                0.0,
                5.384940215012981e-13
            ],
            [
                3.3301088080933314e-11,
                6.688702342319109e-10,
                1.6045362797689169e-09,
                0.9995694405765493,
                0.00043055711674307287
            ],
            [
                1.2256068125655992e-11,
                2.510999295379948e-08,
                0.9999998623131692,
                1.1253518097730896e-07,
                2.94007790278138e-11
            ],
            [
                1.8189479006680804e-09,
                3.5817207822970365e-10,
                2.5945898323412645e-11,
                7.889265029781402e-06,
                0.9999921085319043
            ],
            [
                4.0586524239186435e-10,
                2.789468297298275e-10,
                1.7832474215019504e-11,
                2.3823698420964961e-07,
                0.9999997610603713
            ]
        ],
        [
            [
                0.9999999994767288,
                5.211412480683824e-10,
                0.0,
                0.0,
                2.129785168011383e-12
            ],
            [
                8.752421206942413e-08,
                0.0011693001217945153,
                0.00015824748771336612,
                0.998650948397709,
                2.141646857117079e-05
            ],
            [
                7.433680611813767e-12,
                8.592166549201208e-10,
                0.9999999919361179,
                7.19413297173779e-09,
                3.0988191134856566e-12
            ],
            [
                6.22414486133451e-11,
                9.056077336581708e-11,
                1.5737102709700076e-11,
                3.9278636959447104e-07,
                0.999999607045091
            ],
            [
                4.0586519901196945e-10,
                2.461696869111291e-10,
                3.331544430238592e-11,
                3.224186628935747e-08,
                0.9999999670727835
            ]
        ],
        [
            [
                0.9999999996820323,
                3.160881446793572e-10,
                0.0,
                0.0,
                1.8795288120674563e-12
            ],
            [
                0.9999546021296426,
                4.539785566490955e-05,
                1.0815447430570608e-11,
                2.413252517260144e-12,
                1.4637116413469684e-12
            ],
            [
                1.162823441397604e-10,
                6.34880087154835e-09,
                0.9999996871114186,
                3.059023569040793e-07,
                5.211413108044537e-10
            ],
            [
                5.90528171401503e-10,
                3.5817344137904867e-10,
                4.847350413686585e-11,
                3.726639108755022e-06,
                0.9999962723637161
            ],
            [
                0.9947780332926284,
                9.879333705173125e-08,
                8.547298402707433e-10,
                1.7511537996164474e-06,
                0.005220115905505118
            ]
        ],
        [
            [
                0.9999999123556292,
                8.764249130111482e-08,
                1.879529011835521e-12,
                0.0,
                0.0
            ],
            [
                1.6050720254029113e-09,
                1.8552110167079946e-07,
                5.042986394674373e-07,
                0.9999032062652747,
                9.610230991207351e-05
            ],
            [
                8.00533291477191e-09,
                1.1880967475491368e-06,
                0.017986066521003652,
                0.982005900352193,
                6.837024722799968e-06
            ],
            [
                3.6508907364458286e-08,
                3.848010525814842e-09,
                4.59579319019647e-10,
                0.0007096703156094002,
                0.9992902888678934
            ],
            [
                5.905270537818414e-10,
                3.1608635438637906e-10,
                3.77511315329715e-11,
                4.78509484171796e-06,
                0.9999952139607937
            ]
        ],
        [
            [
                0.9999999956285175,
                4.363462229054887e-09,
                3.511422094152394e-12,
                0.0,
                4.50875521761057e-12
            ],
            [
                2.998886747839287e-09,
                6.144066445216355e-06,
                1.3006988766592402e-05,
                0.9999760609421428,
                4.785003758777241e-06
            ],
            [
                1.1027806578697033e-09,
                2.5099172084284834e-08,
                5.041303476403442e-07,
                0.999568912726842,
                0.00043055694085759096
            ],
            [
                0.0031716212262349695,
                3.4541736619546795e-07,
                3.3863494720864542e-09,
                0.0003342864178491151,
                0.9964937435522002
            ],
            [
                1.4930947443170168e-10,
                3.160881598523422e-10,
                2.9400778734204155e-11,
                5.043472045946697e-07,
                0.999999495157997
            ]
        ],
        [
            [
                0.9999999997810973,
                2.1724399333205725e-10,
                0.0,
                0.0,
                1.6586783575716424e-12
            ],
            [
                0.9959298606365315,
                0.004070137767275695,
                9.696577328670516e-10,
                4.5803388061307684e-10,
                1.6850124803752583e-10
            ],
            [
                4.193795628015307e-13,
                7.433680618530289e-12,
                0.9999999927974754,
                7.194132978237876e-09,
                5.384940178765583e-13
            ],
            [
                3.3982615929757827e-09,
                6.691573830549344e-10,
                7.052866928383651e-11,
                1.0677030719610878e-06,
                0.9999989281589804
            ],
            [
                3.059020555078012e-07,
                2.9989610869781048e-09,
                7.991960591482197e-11,
                3.927860142890411e-07,
                0.9999992982330496
            ]
        ],
        [
            [
                0.999999991845029,
                8.152020640053704e-09,
                1.2917799929938646e-12,
                0.0,
                1.6586783437728347e-12
            ],
            [
                0.9999999123537202,
                8.764249137202565e-08,
                1.6586785326047562e-12,
                0.0,
                2.1297853939788337e-12
            ],
            [
                6.691190663205529e-10,
                3.927631434954837e-07,
                0.9999413127024149,
                5.829121890522335e-05,
                2.646417244066769e-09
            ],
            [
                1.4930748295410918e-10,
                2.78943101443395e-10,
                5.492715339187234e-11,
                1.300712475721983e-05,
                0.999986992392065
            ],
            [
                1.3439924301383313e-08,
                1.6051700525942272e-09,
                1.91710223954175e-10,
                3.535625697665297e-05,
                0.9999646285062188
            ]
        ],
        [
            [
                0.999999999682772,
                3.1608814509142145e-10,
                0.0,
                0.0,
                1.1399918518183121e-12
            ],
            [
                0.22269854849745244,
                0.7772942577387583,
                5.411760851320784e-06,
                1.7569415131346158e-06,
                2.5061424707783247e-08
            ],
            [
                6.43139394098169e-14,
                3.701011678322027e-13,
                0.9999999999974014,
                2.1297851708000397e-12,
                3.442477108218238e-14
            ],
            [
                2.3823653523215963e-07,
                5.602786289206091e-09,
                1.162821196803156e-10,
                1.760343123645296e-06,
                0.9999979957012727
            ],
            [
                4.539690067788557e-05,
                6.825147971884328e-08,
                7.582054519265451e-10,
                2.144397747833904e-05,
                0.9999330901121586
            ]
        ],
        [
            [
                0.9999999990189463,
                9.736200280718028e-10,
                0.0,
                0.0,
                7.433680647697296e-12
            ],
            [
                9.732932642042668e-10,
                1.954911779526465e-08,
                2.2152052588525303e-08,
                0.9996646072858566,
                0.00033535003967975194
            ],
            [
                3.39516453930062e-09,
                2.5589498155867437e-06,
                0.9990863419808733,
                0.0009110488053457964,
                4.686880075667972e-08
            ],
            [
                7.1938043106455236e-09,
                1.6051547079108006e-09,
                1.4930264526041487e-10,
                4.539785531511027e-05,
                0.9999545931964232
            ],
            [
                2.6854864270767046e-07,
                5.992130165500596e-08,
                4.340684533064723e-09,
                0.005220123349299875,
                0.9947795438400712
            ]
        ],
        [
            [
                0.9999999907570382,
                9.237449567595432e-09,
                3.098819107062486e-12,
                0.0,
                2.4133627471768953e-12
            ],
            [
                0.9999417086956689,
                5.829127672798519e-05,
                2.594456273506439e-11,
                1.6585804055959136e-12,
                0.0
            ],
            [
                3.749400354827182e-08,
                4.33372170714395e-06,
                0.3775380257040762,
                0.6224549745451271,
                2.62853508604498e-06
            ],
            [
                5.211412738097111e-10,
                2.1724400393814674e-10,
                4.84736893900048e-11,
                1.444980315485147e-07,
                0.9999998547151094
            ],
            [
                2.215944988048135e-08,
                3.850734990423739e-09,
                2.789463071095863e-10,
                1.3709566182987077e-06,
                0.9999986027542505
            ]
        ],
        [
            [
                0.999999995635074,
                4.3634622249037456e-09,
                0.0,
                0.0,
                1.4637785047195517e-12
            ],
            [
                0.9997965727478577,
                0.00020342706069436577,
                1.69155281891065e-10,
                1.5733892142383208e-11,
                6.5588620558776766e-12
            ],
            [
                7.835041777874062e-13,
                1.783247289178128e-11,
                0.9999999991200375,
                8.592166611288958e-10,
                2.129785169001252e-12
            ],
            [
                1.8189548215814088e-09,
                7.582531806283869e-10,
                1.1628189137532784e-10,
                3.7266391052101073e-06,
                0.9999962706674049
            ],
            [
                2.335592980162279e-09,
                2.7894680228369457e-10,
                1.573710171176951e-11,
                2.2159489217033062e-08,
                0.999999975210234
            ]
        ],
        [
            [
                0.9999999987476675,
                1.2501528632582535e-09,
                8.878265456241929e-13,
                0.0,
                1.2917800015533357e-12
            ],
            [
                3.850661554029713e-09,
                6.144084117626582e-06,
                1.0129882173701773e-05,
                0.9999789371655251,
                4.785017522064163e-06
            ],
            [
                2.543665647123416e-13,
                2.734698291319329e-12,
                0.9999999999708666,
                2.5946094980178826e-11,
                1.9810087978515483e-13
            ],
            [
                1.9555683087661883e-08,
                3.850742316553827e-09,
                9.056077915769268e-11,
                3.059023517841391e-07,
                0.9999996706006621
            ],
            [
                9.736200752995118e-10,
                3.1608815971560875e-10,
                3.77513471488001e-11,
                5.043472043764992e-07,
                0.999999494325336
            ]
        ],
        [
            [
                0.9999999995935103,
                4.0586521229592967e-10,
                2.543665645173103e-13,
                0.0,
                3.7010116753861336e-13
            ],
            [
                1.1029678646860077e-09,
                1.5226001712906005e-08,
                1.95505731939024e-08,
                0.9997387738032234,
                0.0002611903172338461
            ],
            [
                1.2256067119550484e-11,
                1.2501528332818447e-09,
                0.9999999735898488,
                2.510999089251017e-08,
                3.775134444310969e-11
            ],
            [
                2.7941568197827e-08,
                9.071299057286134e-09,
                2.598970693665798e-09,
                0.017986210856653747,
                0.9820137495315083
            ],
            [
                0.9525669227130393,
                5.0636383639529056e-08,
                9.274377173730216e-10,
                7.515112828439205e-06,
                0.047425510610310855
            ]
        ],
        [
            [
                0.9999999634641732,
                3.653482076680949e-08,
                0.0,
                0.0,
                1.00603924154734e-12
            ],
            [
                0.9999998555005045,
                1.4449803161098475e-07,
                1.4637785850371748e-12,
                0.0,
                0.0
            ],
            [
                2.64586744600579e-09,
                6.474224178781546e-07,
                0.0002611888449247333,
                0.9997333772462246,
                4.7838405654070065e-06
            ],
            [
                3.850690719999194e-09,
                1.6052067106961537e-09,
                9.055956572303377e-11,
                1.3007124697878153e-05,
                0.9999869873288452
            ],
            [
                2.335593325075022e-09,
                1.9171717487477038e-10,
                1.2256068946336406e-11,
                6.825604212955056e-08,
                0.9999999292043913
            ]
        ],
        [
            [
                0.9999999993286954,
                6.691586079418157e-10,
                1.1399918510213709e-12,
                0.0,
                1.0060392774980394e-12
            ],
            [
                2.380591329990229e-07,
                0.0005526715162167562,
                0.000158343040484095,
                0.9992534162761845,
                3.533110798160543e-05
            ],
            [
                1.5428112029781986e-13,
                6.914400105982515e-13,
                0.9999999999932587,
                5.789356327928789e-12,
                1.0603575990055184e-13
            ],
