{
    "[['A', 'B', 'C', 'D', 'E'], ['A', 'B', 'C', 'D', 'E']]": [
        [
            [
                0.999999999591036,
                4.0586521203381185e-10,
                0.0,
                0.0,
                3.0988191340357295e-12
            ],
            [
                0.8518294750236904,
                0.14802576304671555,
                7.225067648384708e-05,
                7.225067648384708e-05,
                2.6057662635884155e-07
            ],
            [
                9.545034851104044e-12,
                2.461696933314276e-10,
                0.9999999925393362,
                7.194132976257217e-09,
                1.0815941475997493e-11
            ],
            [
                5.302673220196586e-11,
                8.294776518567788e-10,
                3.918174989832981e-10,
                0.14804720352852782,
                0.8519527951971504
            ],
            [
                0.9995524520560375,
                0.00012335462470938597,
                4.782977855485803e-06,
                5.8268598838634244e-05,
                0.00026114174255902035
            ]
        ],
        [
            [
                0.9999999916905932,
                5.602796380790081e-09,
                5.109088976316589e-12,
                5.492788295321699e-11,
                2.646573612103644e-09
            ],
            [
                0.9990889477576306,
                0.000911051399436582,
                6.685488030499826e-10,
                1.3164506476433086e-10,
                4.2738895091289767e-11
            ],
            [
                2.020683905655033e-11,
                3.581747924314704e-10,
                0.9999999983630421,
                1.2501528643035395e-09,
                8.423463740432135e-12
            ],
            [
                1.5674292917310377e-10,
                2.7783348976334873e-09,
                1.0220922895285238e-09,
                0.18242551426937498,
                0.8175744817734549
            ],
            [
                2.940027449161118e-11,
                1.4930691367651814e-10,
                3.775069970482502e-11,
                1.670141510712179e-05,
                0.999983298368435
            ]
        ],
        [
            [
                0.9999999968949089,
                2.9989608085409087e-09,
                0.0,
                3.5114220942719734e-12,
                1.0261879575870245e-10
            ],
            [
                0.003308134357908876,
                0.3823684492252599,
                0.3823684542814075,
                0.2319182120647699,
                3.675007065384522e-05
            ],
            [
                5.492788767633116e-11,
                4.944450877020616e-09,
                0.9999998823628192,
                1.1253518325608544e-07,
                1.0261880410159688e-10
            ],
            [
                1.4883576586236087e-10,
                1.412114429504188e-09,
                2.638177074352908e-09,
                0.9968273127449042,
                0.0031726830559684433
            ],
            [
                2.2896738729981266e-11,
                9.055835838174296e-11,
                3.33145582748788e-11,
                2.753569015658878e-05,
                0.9999724641630737
            ]
        ],
        [
            [
                0.999999999240452,
                7.582560414770055e-10,
                0.0,
                0.0,
                1.2917800025471244e-12
            ],
            [
                4.332055007978796e-05,
                0.08875432921594546,
                0.8420776485638763,
                0.06912193227998552,
                2.7693901128989097e-06
            ],
            [
                3.8506026784500044e-09,
                3.927721512415714e-07,
                0.9999642448194279,
                3.535622230950095e-05,
                2.3355085828515147e-09
            ],
            [
                0.0006659555812348833,
                0.00016838002027317413,
                0.00019079955949990811,
                0.7303091373805626,
                0.2686657274584295
            ],
            [
                2.020680213513445e-11,
                1.6918948284035187e-10,
                3.775127640159774e-11,
                2.260325273198866e-06,
                0.9999977394475793
            ]
        ],
        [
            [
                0.9999999998273847,
                1.691897921190935e-10,
                3.266131340038104e-13,
                0.0,
                3.0988191361133208e-12
            ],
            [
                0.8519227235438891,
                0.14804196807395079,
                2.6582452179473875e-05,
                8.630058688501535e-06,
                9.58712920953915e-08
            ],
            [
                4.599047026368665e-10,
                4.139930200299025e-08,
                0.999998586724292,
                1.3709565966034182e-06,
                4.599047026368665e-10
            ],
            [
                2.9203990548361114e-11,
                3.139724874714796e-10,
                7.005673141171211e-11,
                0.0066928514180067625,
                0.99330714816876
            ],
            [
                1.0815942928610997e-11,
                6.224145412051009e-11,
                1.0815942928610997e-11,
                1.8553915978562586e-07,
                0.9999998143769668
            ]
        ],
        [
            [
                0.9999999991325661,
                8.592166597928586e-10,
                7.83504176569098e-13,
                0.0,
                7.433680653971209e-12
            ],
            [
                2.490462276760828e-05,
                0.02127002144441831,
                0.07423967119870178,
                0.9044243419528166,
                4.106078129571847e-05
            ],
            [
                1.3887944529145448e-11,
                1.10325608510602e-09,
                0.9999998542822056,
                1.444980315214438e-07,
                1.0261880122469272e-10
            ],
            [
                2.924730158567991e-11,
                4.0374654448179615e-10,
                1.0208311311434044e-10,
                0.005220125701715811,
                0.9947798737632073
            ],
            [
                7.991929665488547e-11,
                1.691891523460658e-10,
                2.940066619221399e-11,
                2.902312199253686e-06,
                0.9999970974092915
            ]
        ],
        [
            [
                0.9999999994058957,
                5.905303988920611e-10,
                4.75219305470497e-13,
                0.0,
                3.098819133462013e-12
            ],
            [
                1.2197105645140218e-05,
                0.0023243580171300694,
                0.9377129712751806,
                0.05994598653763557,
                4.487064408643227e-06
            ],
            [
                1.1252637820645428e-07,
                2.9020935435950814e-06,
                0.9999221221446383,
                7.484597896080849e-05,
                1.725647899903068e-08
            ],
            [
                5.149912059490567e-10,
                3.805298911213528e-09,
                1.2353996805615135e-09,
                0.3208212861948528,
                0.6791787082494575
            ],
            [
                3.3297026062855406e-11,
                2.1712388420079764e-10,
                6.220703433644497e-11,
                0.0005527785837296473,
                0.9994472211036425
            ]
        ],
        [
            [
                0.9999999950337077,
                4.944450470378706e-09,
                2.129785157361577e-12,
                1.879528804542237e-12,
                1.783247279432348e-11
            ],
            [
                8.566525307328998e-06,
                0.007316316003126364,
                0.14695215599694844,
                0.8456512348363902,
                7.172663822771361e-05
            ],
            [
                2.0611261677017502e-09,
                1.4449609988527973e-07,
                0.9999868449017882,
                1.3007124395786541e-05,
                1.4165899172969365e-09
            ],
            [
                3.675810739152616e-10,
                4.4780542130415714e-09,
                2.3969296950581143e-09,
                0.37754067328741875,
                0.6224593194700163
            ],
            [
                8.42315951315159e-12,
                6.223919817291847e-11,
                7.433412180332245e-12,
                3.5356257885484e-05,
                0.9999646436640187
            ]
        ],
        [
            [
                0.99999999838295,
                1.6052280496700292e-09,
                1.0060392758265542e-12,
                0.0,
                1.0815941520121992e-11
            ],
            [
                0.9996646201931445,
                0.00033535004320199666,
                1.3435899211626984e-08,
                1.5224868407216906e-08,
                1.102885768297244e-09
            ],
            [
                3.16088151404916e-10,
                1.9555681457420745e-08,
                0.9999995870956988,
                3.9278636197112083e-07,
                2.4616969983374135e-10
            ],
            [
                2.0201561837526886e-11,
                1.9166708219631661e-10,
                4.846102759159181e-11,
                0.000261190327352811,
                0.9997388094123175
            ],
            [
                3.284689423513125e-11,
                4.5343738825076896e-10,
                6.136607736898773e-11,
                0.014063627325535627,
                0.9859363721268141
            ]
        ],
        [
            [
                0.9999999998075184,
                1.9171715126111786e-10,
                1.5428112022687518e-13,
                0.0,
                6.10193667395425e-13
            ],
            [
                0.00010926248987957534,
                0.2536607372581503,
                0.05659935751847495,
                0.6895213802436156,
                0.00010926248987957534
            ],
            [
                8.423463715360834e-12,
                2.172439924992979e-10,
                0.9999999954000542,
                4.363462232685353e-09,
                1.0815941507070267e-11
            ],
            [
                1.4870183012140033e-10,
                9.696577370837078e-10,
                2.451678703131898e-10,
                0.004070137769574371,
                0.9959298608668982
            ],
            [
                7.990695072388511e-11,
                1.9168680990777432e-10,
                4.277110859306331e-11,
                0.00015843624676882326,
                0.9998415634388663
            ]
        ],
        [
            [
                0.9999999987475481,
                1.2501528636038123e-09,
                4.1937956490438536e-13,
                0.0,
                1.879528812355117e-12
            ],
            [
                0.9999832980847956,
                1.6701415084707164e-05,
                1.917138717905566e-10,
                2.461654841106897e-10,
                6.224038150362652e-11
            ],
            [
                4.752193062221783e-13,
                6.560200167395398e-12,
                0.9999999999749574,
                1.7832472906084896e-11,
                1.7482341280689553e-13
            ],
            [
                6.22205593478993e-11,
                3.1598207309636487e-10,
                9.053037966393576e-11,
                0.0003353500553741369,
                0.9996646494758928
            ],
            [
                4.847341591852264e-11,
                1.9171607897979666e-10,
                4.2777639405791053e-11,
                6.144172125296457e-06,
                0.9999938555449076
            ]
        ],
        [
            [
                0.9999999990218711,
                9.736200285776531e-10,
                0.0,
                0.0,
                4.508755229683428e-12
            ],
            [
                0.5418676491585217,
                0.42200688937557085,
                0.00118533042042685,
                0.03464043258108478,
                0.00029969846439579503
            ],
            [
                1.1399918527271462e-12,
                3.331544541239391e-11,
                0.9999999997476905,
                2.1724399344745233e-10,
                6.101936675907426e-13
            ],
            [
                6.890827498558594e-11,
                7.408337729998099e-10,
                1.6530235841281308e-10,
                0.022977367824466736,
                0.9770226312004889
            ],
            [
                8.423239448799864e-12,
                5.492642085285302e-11,
                9.544780751219032e-12,
                2.753569030573311e-05,
                0.9999724642367999
            ]
        ],
        [
            [
                0.9999999979358227,
                2.0611536164129938e-09,
                6.101936659766959e-13,
                0.0,
                2.413362764778004e-12
            ],
            [
                6.129820808127509e-06,
                0.0011681365207138917,
                0.9976572513169382,
                0.0011681365207138917,
                3.458208258444788e-07
            ],
            [
                2.789463041130664e-10,
                3.6534755972496355e-08,
                0.9999985917697894,
                1.3709566035715049e-06,
                4.5990470497439923e-10
            ],
            [
                1.691456062063725e-10,
                8.589922666138073e-10,
                2.1718725749003807e-10,
                0.0002611903263235183,
                0.9997388084283514
            ],
            [
                3.5703844243521897e-10,
                1.2461866130969117e-09,
                3.1508531955270915e-10,
                0.003172683064043795,
                0.9968273150176458
            ]
        ],
        [
            [
                0.9999999995388027,
                4.599055372053512e-10,
                0.0,
                0.0,
                1.2917800029325277e-12
            ],
            [
                0.9999994955926412,
                5.043472047629622e-07,
                6.560200469640555e-12,
                1.0815942054353354e-11,
                4.277788065563072e-11
            ],
            [
                2.5436656470470587e-13,
                2.1297851706795937e-12,
                0.9999999999866018,
                1.0815941555883076e-11,
                1.9810087977920813e-13
            ],
            [
                2.5942879488157903e-11,
                1.1626791945517483e-10,
                2.939713376010522e-11,
                0.00012339462761140784,
                0.9998766052007806
            ],
            [
                4.276670674419986e-11,
                2.4610540507412484e-10,
                4.846102758995268e-11,
                0.000261190326560677,
                0.9997388093361061
            ]
        ],
        [
            [
                0.9999999976560856,
                2.3355930304050586e-09,
                8.878265446550576e-13,
                0.0,
                7.43368064563504e-12
            ],
            [
                0.999993850309124,
                6.144172081272203e-06,
                1.103249853225452e-09,
                2.9989440282728555e-09,
                1.4166008524985008e-09
            ],
            [
                3.62213443118125e-08,
                1.19948618743708e-06,
                0.991420099099659,
                0.008577465706621849,
                1.19948618743708e-06
            ],
            [
                3.088254625538393e-10,
                1.5683451081993616e-09,
                5.769619219683465e-10,
                0.02297736774202587,
                0.9770226298038417
            ],
            [
                7.05235582865028e-11,
                2.461514050004448e-10,
                4.27747003327949e-11,
                7.484619708691158e-05,
                0.9999251534434634
            ]
        ],
        [
            [
                0.9999999973508213,
                2.6465736293211136e-09,
                4.752193045554914e-13,
                0.0,
                2.1297851632400023e-12
            ],
            [
                4.529061346796838e-05,
                0.17335557810334004,
                0.7769258015290679,
                0.04966720033612257,
                6.129418001647446e-06
            ],
            [
                4.22214286227314e-06,
                0.00015843474204708493,
                0.9998325495645376,
                4.7843146530119506e-06,
                9.235900010921759e-09
            ],
            [
                2.0198130965194995e-11,
                2.4606360850098586e-10,
                9.052174278797124e-11,
                0.0004305571203786719,
                0.9995694425228379
            ],
            [
                5.108904496827706e-12,
                4.277633362857079e-11,
                3.978818822766438e-12,
                3.535625751851825e-05,
                0.9999646436906174
            ]
        ],
        [
            [
                0.9999999996361777,
                3.5817479254927997e-10,
                0.0,
                5.384940210551988e-13,
                5.109089021230213e-12
            ],
            [
                0.9996646447579527,
                0.0003353500519099581,
                2.997954420675718e-09,
                2.0604619316344206e-09,
                1.3172092438722985e-10
            ],
            [
                1.2256067426224313e-11,
                1.4930946740195227e-10,
                0.9999999985843027,
                1.2501528645634258e-09,
                3.978962530034022e-12
            ],
            [
                2.5934913540939108e-11,
                1.9163453107491524e-10,
                4.845279737921369e-11,
                0.00043055711873249457,
                0.9995694426152453
            ],
            [
                2.593174996872102e-11,
                2.171238841758485e-10,
                7.048980472011776e-11,
                0.0005527785857126405,
                0.9994472211007419
            ]
        ],
        [
            [
                0.9999999987449804,
                1.250152863743624e-09,
                8.878265459688907e-13,
                0.0,
                3.978962527424773e-12
            ],
            [
                0.9980690139233995,
                0.001926726782769875,
                5.033736195536375e-07,
                3.719455913603602e-06,
                3.646429747296461e-08
            ],
            [
                3.331544521671307e-11,
                4.058652101507544e-10,
                0.999999993903095,
                5.602796403069801e-09,
                5.492788317163968e-11
            ],
            [
                1.580439966580058e-10,
                2.8013968706140192e-09,
                9.09480406094801e-10,
                0.4999999981313627,
                0.49999999799971606
            ],
            [
                2.939091114052505e-11,
                1.9165281532905907e-10,
                3.773867692404506e-11,
                0.0003353500549323331,
                0.9996646496862853
            ]
        ],
        [
            [
                0.9999999990204873,
                9.736200287844011e-10,
                0.0,
                7.835041764812838e-13,
                5.109089014857655e-12
            ],
            [
                0.0016535103493109237,
                0.1313545968472634,
                0.27807767206604733,
                0.5886904424459196,
                0.00022377829145866425
            ],
            [
                1.0118797062079437e-05,
                0.0005524676001503522,
                0.9988847359937042,
                0.0005524676001503522,
                2.1000893310179693e-07
            ],
            [
                1.799645876225565e-10,
                2.4843345007005534e-09,
                5.54329955003584e-10,
                0.2689414090105724,
                0.7310585877707985
            ],
            [
                4.7359918652690316e-11,
                5.769619229658076e-10,
                6.890827503668082e-11,
                0.022977367813835615,
                0.9770226314929342
            ]
        ],
        [
            [
                0.9999999943766018,
                5.602796394482289e-09,
                2.1297851545893406e-12,
                2.734698270576944e-12,
                1.5737101985930323e-11
            ],
            [
                0.004763845120002329,
                0.17876201768710034,
                0.014673676004267115,
                0.8011557448600193,
                0.0006447163286108703
            ],
            [
                2.8823507931603803e-13,
                2.4133627715954176e-12,
                0.9999999999813864,
                1.5737102105312273e-11,
                1.748234128098798e-13
            ],
            [
                6.224133382705316e-11,
                2.172436011862865e-10,
                3.77512772675168e-11,
                1.7603431331411947e-06,
                0.9999982393396306
            ],
            [
                6.690527058812842e-10,
                1.10308142740595e-09,
                1.9168680958727784e-10,
                0.00015843624650392106,
                0.9998415617896751
            ]
        ],
        [
            [
                0.9999999997503188,
                2.461696946723013e-10,
                0.0,
                0.0,
                3.5114221061126337e-12
            ],
            [
                1.3197877539318993e-05,
                0.011271762959202469,
                0.3732695798832021,
                0.6154175193730861,
                2.7939906969990354e-05
            ],
            [
                1.7832472852966165e-11,
                3.581747919199937e-10,
                0.9999999969678741,
                2.646573630719646e-09,
                9.545034893304783e-12
            ],
            [
                2.1655476207295486e-10,
                1.099755826303297e-09,
                3.1508531961083663e-10,
                0.003172683068531386,
                0.9968273153000727
            ],
            [
                2.1723614690908807e-10,
                4.058505532710562e-10,
                7.991671232715267e-11,
                3.5356257497195345e-05,
                0.9999646430394994
            ]
        ],
        [
            [
                0.9999999995917215,
                4.0586521203409004e-10,
                0.0,
                0.0,
                2.413362768185333e-12
            ],
            [
                0.9994472202724847,
                0.0005527785811599841,
                8.587416186734283e-10,
                2.1712388376610335e-10,
                7.048980458709299e-11
            ],
            [
                5.1090890272776005e-12,
                2.2897348452934154e-11,
                0.999999999916739,
                5.492788350109949e-11,
                3.26613134228515e-13
            ],
            [
                6.975393408824902e-11,
                6.618069001760707e-10,
                2.1485724305694243e-10,
                0.01098694235931799,
                0.989013056694264
            ],
            [
                2.0198130967018334e-11,
                1.4924512280884684e-10,
                2.5934913531239294e-11,
                0.00043055712219083187,
                0.999569442682431
            ]
        ],
        [
            [
                0.999999998389653,
                1.6052280508296601e-09,
                1.1399918499508701e-12,
                0.0,
                3.9789625250399156e-12
            ],
            [
                0.9999785542163276,
                2.1444939730354103e-05,
                4.0585673147072847e-10,
                3.581673084160257e-10,
                7.991792888679987e-11
            ],
            [
                1.0815941524467884e-11,
                3.160881444722923e-10,
                0.9999999970142663,
                2.646573630878864e-09,
                1.2256067406912034e-11
            ],
            [
                9.055663273009501e-11,
                3.1607370530094566e-10,
                9.055663273009501e-11,
                4.539785571789802e-05,
                0.999954601647095
            ],
            [
                5.48453921116005e-11,
                5.203585921963673e-10,
                1.4908523275167473e-10,
                0.0015011820280949038,
                0.9984988172476158
            ]
        ],
        [
            [
                0.9999999995356954,
                4.599055371443019e-10,
                8.878265464542439e-13,
                0.0,
                3.511422107872145e-12
            ],
            [
                0.013360093447567133,
                0.9366149947883387,
                0.003377960627196516,
                0.046631308075748036,
                1.5643061149622057e-05
            ],
            [
                1.3615261079434504e-13,
                1.4637785139687256e-12,
                0.9999999999952369,
                3.0988191383890687e-12,
                6.431393940761384e-14
            ],
            [
                1.3167168464346973e-10,
                1.102473517608793e-09,
                3.1586395120624647e-10,
                0.0007096703421069086,
                0.999290328107884
            ],
            [
                7.052207585048729e-11,
                2.461462307903381e-10,
                7.052207585048729e-11,
                9.61023992451189e-05,
                0.9999038972135644
            ]
        ],
        [
            [
                0.9999999962800357,
                1.6052280449658663e-09,
                5.1090889955361164e-12,
                4.847368675409299e-11,
                2.061153609316145e-09
            ],
            [
                2.04348518205291e-06,
                0.0006420436524828922,
                0.9040648151146907,
                0.0952877286101584,
                3.3691374860111574e-06
            ],
            [
                4.4202281032732745e-14,
                4.752193062375625e-13,
                0.9999999999966891,
                2.734698291364264e-12,
                5.6756852321603326e-14
            ],
            [
                7.43275941869961e-12,
                7.990969451937274e-11,
                1.3886222736551823e-11,
                0.00012339462831897414,
                0.9998766052704523
            ],
            [
                6.216859904312509e-11,
                4.0539018932454644e-10,
                1.3161092520708253e-10,
                0.0011695103451593728,
                0.998830489055671
            ]
        ],
        [
            [
                0.9999999995901558,
                4.0586521164467724e-10,
                0.0,
                0.0,
                3.978962526005232e-12
            ],
            [
                0.9998765983319701,
                0.00012339462654381429,
                4.943837694356771e-09,
                1.8187362482422808e-09,
                2.789122370488646e-10
            ],
            [
                6.691560670917738e-10,
                1.4449747568367036e-07,
                0.9999961274361,
                3.726639015058197e-06,
                7.582531622853248e-10
            ],
            [
                7.0160629163039e-11,
                8.547314410578787e-10,
                1.3107731180474893e-10,
                0.0052201256904174905,
                0.9947798732536132
            ],
            [
                1.1628034122990785e-10,
                5.211323343852587e-10,
                1.3176288878675279e-10,
                1.670141509859888e-05,
                0.9999832978157258
            ]
        ],
        [
            [
                0.9999999976613021,
                2.3355930307603335e-09,
                6.914400083141158e-13,
                0.0,
                2.413362763526531e-12
            ],
            [
                0.9999999778337331,
                2.2159489215717372e-08,
                1.6586783171732126e-12,
                1.1399918243562008e-12,
                3.9789624357057415e-12
            ],
            [
                1.0603575990345233e-13,
                8.878265477472817e-13,
                0.9999999999914664,
                7.433680671525917e-12,
                1.0603575990345233e-13
            ],
            [
                2.288110791266707e-11,
                2.17089907518598e-10,
                6.219729985401337e-11,
                0.0007096703425475872,
                0.9992903293552841
            ],
            [
                1.0814229810807368e-11,
                7.990695073878384e-11,
                1.3885745938978927e-11,
                0.000158436247581744,
                0.9998415636478114
            ]
        ],
        [
            [
                0.9999999990211796,
                9.736200287850753e-10,
                6.914400089073059e-13,
                0.0,
                4.508755230643984e-12
            ],
            [
                0.10291198759032344,
                0.760422280510867,
                0.13214159483651755,
                0.004521636217165317,
                2.5008451267123444e-06
            ],
            [
                1.658678358684927e-12,
                1.0815941555790441e-11,
                0.9999999999643736,
                2.289734845329008e-11,
                2.543665647025273e-13
            ],
            [
                1.1943643052626712e-06,
                0.001020057786959384,
                0.6784828673080606,
                0.32049263392188715,
                3.2466187875556308e-06
            ],
            [
                1.3887309411899795e-11,
                9.055663274305652e-11,
                1.2255507541235468e-11,
                4.5397856415804314e-05,
                0.9999546020268847
            ]
        ],
        [
            [
                0.9999999988933179,
                1.103256030048448e-09,
                6.914400092556161e-13,
                0.0,
                2.7346982859028757e-12
            ],
            [
                0.9914224113507785,
                0.008577485807393696,
                8.689065077477664e-08,
                1.5099331034108413e-08,
                8.518459660339749e-10
            ],
            [
                1.5737102089182164e-11,
                1.02618796201726e-10,
                0.9999999989058941,
                9.736200302070879e-10,
                2.1297851685629572e-12
            ],
            [
                1.158732389244492e-09,
                7.555884319131276e-09,
                5.884528624536388e-09,
                0.5621764926423454,
                0.43782349275850935
            ],
            [
                1.6918206299424167e-10,
                3.5815843016937616e-10,
                7.991594788220313e-11,
                4.539785571187846e-05,
                0.9999546015370318
            ]
        ],
        [
            [
                0.9999999918444055,
                8.152020638991826e-09,
                4.752193018771308e-13,
                0.0,
                3.0988191100303224e-12
            ],
            [
                0.0008623691853750508,
                0.573597624233753,
                0.34790454543609745,
                0.07762800018942997,
                7.460955344428375e-06
            ],
            [
                2.172431685032669e-10,
                1.5229921907422518e-08,
                0.9999970820489639,
                2.90231215467309e-06,
                1.9171642331179637e-10
            ],
            [
                3.774998192815243e-11,
                1.3176038356723863e-10,
                2.93997154865765e-11,
                3.535625751572107e-05,
                0.9999646435435742
            ],
            [
                4.2773801176224026e-11,
                3.581406524260612e-10,
                6.223551348199189e-11,
                9.61024003542745e-05,
                0.9999038971364957
            ]
        ],
        [
            [
                0.999999998392167,
                1.6052280510417908e-09,
                4.75219305050359e-13,
                0.0,
                2.1297851654578448e-12
            ],
            [
                0.9999999585748016,
                4.139937538754378e-08,
                8.423463388162938e-12,
                3.511421960677574e-12,
                1.3887943261028006e-11
            ],
            [
                1.2500600273093652e-09,
                7.733847532108548e-08,
                0.99992507136116,
                7.484619984869248e-05,
                3.850455958277241e-09
            ],
            [
                1.1287379765204133e-10,
                1.0709167749691535e-09,
                3.0682279306670724e-10,
                0.029312227900683937,
                0.9706877706087027
            ],
            [
                2.0206762867475406e-11,
                1.1628189167058719e-10,
                1.7832405641808462e-11,
                3.7266391146726736e-06,
                0.9999962732065643
            ]
        ],
        [
            [
                0.9999999987368997,
                1.250152862533694e-09,
                6.914400085629594e-13,
                0.0,
                1.2256067406325524e-11
            ],
            [
                0.28233595474306133,
                0.4654932369984278,
                0.17124537688769748,
                0.0808905883532775,
                3.484301753595287e-05
            ],
            [
                2.594609455625929e-11,
                1.1032560142080837e-09,
                0.999999983632395,
                1.5229979494360186e-08,
                8.423463616002624e-12
            ],
            [
                6.281381288212027e-10,
                4.095975120625678e-09,
                2.192417494244344e-09,
                0.26894140784952864,
                0.7310585852339406
            ],
            [
                3.3306744700569233e-11,
                2.1718725767942554e-10,
                5.491353844560727e-11,
                0.0002611903265512765,
                0.9997388093680412
            ]
        ],
        [
            [
                0.9999999998673472,
                1.3176514259530387e-10,
                0.0,
                0.0,
                8.878265471340964e-13
            ],
            [
                3.202305844790989e-05,
                0.03511753935559572,
                0.7053545930566542,
                0.2594854481643646,
                1.0396364937474591e-05
            ],
            [
                1.5737102088108606e-11,
                2.7894680895446465e-10,
                0.9999999988415906,
                8.592166608934612e-10,
                4.50875523692163e-12
            ],
            [
                3.33122698650004e-11,
                1.1627124652037247e-10,
                3.774774706566986e-11,
                9.610239925482759e-05,
                0.9999038974134139
            ],
            [
                9.051070085635111e-11,
                4.596512662974049e-10,
                1.1621804038177574e-10,
                0.0005527785837287851,
                0.9994472207498912
            ]
        ],
        [
            [
                0.9999999998826319,
                1.1628233022796233e-10,
                1.9810087967840867e-13,
                0.0,
                8.878265472790801e-13
            ],
            [
                0.9968272578050427,
                0.003172682867361776,
                4.126803041773537e-08,
                1.7203074508091283e-08,
                8.564906466717981e-10
            ],
            [
                2.3353659682720085e-09,
                3.4659937155465754e-07,
                0.9999035437217274,
                9.610239956524243e-05,
                4.943969793628517e-09
            ],
            [
                6.214797125341303e-11,
                2.457999944811111e-10,
                5.484539213305348e-11,
                0.0015011820279065393,
                0.9984988176093001
            ],
            [
                1.4930948621788987e-10,
                4.0586526320264625e-10,
                4.847369310064546e-11,
                6.825604226540537e-08,
                0.9999999311403093
            ]
        ],
        [
            [
                0.9999999998965976,
                1.0261879626475848e-10,
                0.0,
                0.0,
                7.835041781074257e-13
            ],
            [
                0.9988304827571518,
                0.0011695103325756382,
                3.3942904693126097e-09,
                2.9954508256407906e-09,
                5.205313023834918e-10
            ],
            [
                2.9400776617347405e-11,
                1.1032560032432316e-09,
                0.9999999737395198,
                2.5109990895119535e-08,
                1.7832472437783485e-11
            ],
            [
                3.5960939391427944e-11,
                4.964254556296295e-10,
                5.928956568900537e-11,
                0.04742587543614263,
                0.9525741239721813
            ],
            [
                4.846767972032631e-11,
                2.7891223941837847e-10,
                6.223373264878e-11,
                0.00012339462759211996,
                0.9998766049827942
            ]
        ],
        [
            [
                0.9999999969914757,
                2.9989608132581034e-09,
                1.1399918486351622e-12,
                0.0,
                8.42346372188887e-12
            ],
            [
                0.9933064012022847,
                0.006692844739276323,
                3.038548231567535e-07,
                4.421061589834082e-07,
                8.097456758425407e-09
            ],
            [
                7.433680643957136e-12,
                3.581747916601679e-10,
                0.9999999962286901,
                3.3982678065144235e-09,
                7.433680643957136e-12
            ],
            [
                4.050833166480375e-10,
                4.3550560787425944e-09,
                1.6021355965181185e-09,
                0.2227001426562805,
                0.7772998509814445
            ],
            [
                1.9169339169978643e-10,
                7.581620714495219e-10,
                2.172170702677462e-10,
                0.00012339462747879777,
                0.9998766042054488
            ]
        ],
        [
            [
                0.9999999979285177,
                2.061153616162134e-09,
                7.835041761205885e-13,
                0.0,
                9.54503489377502e-12
            ],
            [
                0.9999999907603639,
