{
    "[['A', 'B', 'C', 'D', 'E'], ['A', 'B', 'C', 'D', 'E']]": [
        [
            [
                0.9999999999620242,
                3.775134540460187e-11,
                0.0,
                0.0,
                2.2447770527501667e-13
            ],
            [
                0.9999994956523761,
                5.0434720451197e-07,
                4.1937958490265186e-13,
                0.0,
                0.0
            ],
            [
                1.9810087978980507e-13,
                8.878265477783241e-13,
                0.9999999999943407,
                4.5087552419513125e-12,
                6.431393940962005e-14
            ],
            [
                4.6795926903650484e-11,
                1.06507038713143e-09,
                1.8508148122412083e-10,
                0.14804720372750585,
                0.8519527949755464
            ],
            [
                1.5737102834902618e-11,
                1.6918980008867764e-10,
                2.2897349515747068e-11,
                5.043472049171317e-07,
                0.9999994954449709
            ]
        ],
        [
            [
                0.9999999999902569,
                9.545034918357817e-12,
                0.0,
                0.0,
                1.9810087971186016e-13
            ],
            [
                0.9999999847697323,
                1.522997950481899e-08,
                2.882350748043301e-13,
                0.0,
                0.0
            ],
            [
                1.2015425730562047e-13,
                2.413362771590231e-12,
                0.9999999999898785,
                7.43368067160375e-12,
                1.5428112030365543e-13
            ],
            [
                4.508325478557343e-12,
                7.052207587517898e-11,
                9.544125113001239e-12,
                9.610239981720964e-05,
                0.9999038975156083
            ],
            [
                1.0060393182681623e-12,
                1.7832473599169308e-11,
                3.978962690025294e-12,
                3.927863697688966e-07,
                0.9999996071908128
            ]
        ],
        [
            [
                0.9999999999915765,
                8.423463749423382e-12,
                0.0,
                0.0,
                0.0
            ],
            [
                0.9999999634648526,
                3.653482076683431e-08,
                0.0,
                0.0,
                3.2661312202788866e-13
            ],
            [
                2.2447770547424848e-13,
                1.658678358708454e-12,
                0.9999999999922213,
                5.789356328012418e-12,
                1.0603575990208356e-13
            ],
            [
                9.038630566636558e-11,
                1.4138797069106682e-09,
                5.893927502052387e-10,
                0.2227001437589366,
                0.7772998541474045
            ],
            [
                9.544998917559979e-12,
                5.4927676313462446e-11,
                9.544998917559979e-12,
                3.7266391145928225e-06,
                0.9999962732868677
            ]
        ],
        [
            [
                0.9999999999963525,
                3.5114221123842036e-12,
                0.0,
                0.0,
                1.361526107704894e-13
            ],
            [
                0.9999999997817499,
                2.1724399327382851e-10,
                0.0,
                0.0,
                1.006039278199343e-12
            ],
            [
                5.789356313876923e-12,
                6.691586074124205e-10,
                0.9999999974965454,
                1.8189616828861429e-09,
                9.545034898350969e-12
            ],
            [
                1.9171716066288592e-10,
                2.7894682279947734e-10,
                3.331544703551224e-11,
                1.4449803161061677e-07,
                0.9999998549979889
            ],
            [
                3.978932386453147e-12,
                5.4927467310137453e-11,
                1.0815859602762772e-11,
                7.889265048229622e-06,
                0.9999921106652295
            ]
        ],
        [
            [
                0.9999999999771028,
                2.289734843625746e-11,
                0.0,
                0.0,
                0.0
            ],
            [
                0.9999999990253738,
                9.736200285810634e-10,
                0.0,
                0.0,
                1.0060392764728579e-12
            ],
            [
                3.7010116781572043e-13,
                2.0206839087844595e-11,
                0.9999999999082843,
                7.052879850282305e-11,
                6.101936676887359e-13
            ],
            [
                4.5502173635127923e-11,
                1.3297684349760052e-09,
                9.139355886336585e-10,
                0.26894140931318034,
                0.7310585883976135
            ],
            [
                1.7908730977191075e-10,
                3.1743985204787e-09,
                2.801396861891575e-09,
                0.4999999972705572,
                0.49999999657456
            ]
        ],
        [
            [
                0.9999999999875897,
                1.2256067438310749e-11,
                0.0,
                0.0,
                1.5428112024631938e-13
            ],
            [
                0.9999998144602301,
                1.8553915969573367e-07,
                6.101937448297782e-13,
                0.0,
                0.0
            ],
            [
                6.914400106261541e-13,
                1.0815941556224088e-11,
                0.9999999999503217,
                3.775134543908561e-11,
                4.193795657967915e-13
            ],
            [
                1.8793496642230853e-12,
                7.052207587006037e-11,
                7.432972111197326e-12,
                9.610240015953358e-05,
                0.9999038975200061
            ],
            [
                1.783114797376574e-11,
                1.3175535268648867e-10,
                1.5735932856375852e-11,
                7.484619778624983e-05,
                0.9999251536368913
            ]
        ],
        [
            [
                0.9999999999698157,
                2.9400777369663965e-11,
                0.0,
                0.0,
                7.835041778886925e-13
            ],
            [
                0.9999998555019685,
                1.4449803152724374e-07,
                0.0,
                0.0,
                0.0
            ],
            [
                1.2015425730744548e-13,
                8.878265477700625e-13,
                0.9999999999944262,
                4.5087552419093565e-12,
                5.6756852321474893e-14
            ],
            [
                5.78935679615826e-12,
                4.27778821435388e-11,
                1.0815942430555433e-11,
                1.1253518380525151e-07,
                0.999999887405433
            ],
            [
                1.8992674598258087e-11,
                4.32271281401844e-10,
                1.5902371743657363e-10,
                0.06008665449159402,
                0.9399133448981184
            ]
        ],
        [
            [
                0.9999999999874558,
                1.2256067438309109e-11,
                0.0,
                0.0,
                2.8823507920826216e-13
            ],
            [
                0.9999999998080584,
                1.917171512258179e-10,
                0.0,
                0.0,
                2.2447770532644993e-13
            ],
            [
                4.4202281032553383e-14,
                6.914400106336656e-13,
                0.9999999999926312,
                6.560200167581149e-12,
                7.287724095183559e-14
            ],
            [
                2.7634178443112987e-11,
                6.289510023610493e-10,
                1.0369648958208284e-09,
                0.9399133440320957,
                0.06008665427435425
            ],
            [
                1.2255998011847892e-11,
                1.162816715473481e-10,
                1.7832371884816428e-11,
                4.785094847222653e-06,
                0.9999952147587827
            ]
        ],
        [
            [
                0.999999999991352,
                8.423463749421492e-12,
                0.0,
                0.0,
                2.2447770536759524e-13
            ],
            [
                0.9999999936508732,
                6.348800073157587e-09,
                3.2661313207247567e-13,
                0.0,
                0.0
            ],
            [
                4.752193062237938e-13,
                2.4133627715624253e-12,
                0.999999999990415,
                6.560200167417699e-12,
                1.3615261079368853e-13
            ],
            [
                1.7832440709922214e-11,
                1.3176490478646994e-10,
                2.5946048134624926e-11,
                1.7603431336836447e-06,
                0.9999982394813228
            ],
            [
                7.433681018878264e-12,
                5.4927886070047456e-11,
                6.560200473961968e-12,
                5.043472050951917e-07,
                0.9999994955838731
            ]
        ],
        [
            [
                0.9999999999889595,
                1.0815941547873042e-11,
                0.0,
                0.0,
                2.2447770530674408e-13
            ],
            [
                0.9999999998298041,
                1.6918979183755915e-10,
                0.0,
                0.0,
                1.006039276762395e-12
            ],
            [
                2.1297851691268004e-12,
                6.691586085546282e-10,
                0.999999999196163,
                1.3176514258779938e-10,
                7.835041778335931e-13
            ],
            [
                1.317651566052805e-10,
                1.317651566052805e-10,
                1.3887945330469181e-11,
                8.764249144278235e-08,
                0.9999999120800902
            ],
            [
                1.783247514409599e-11,
                1.0261880918402046e-10,
                2.0206841623885e-11,
                3.059023588578168e-07,
                0.999999693956983
            ]
        ],
        [
            [
                0.9999999999857854,
                1.388794385423599e-11,
                0.0,
                0.0,
                3.2661313402644566e-13
            ],
            [
                0.9999999991404567,
                8.592166599617031e-10,
                0.0,
                0.0,
                3.2661313353532353e-13
            ],
            [
                1.2917800045109992e-12,
                1.0261879629517319e-10,
                0.9999999998248692,
                7.052879849610728e-11,
                6.914400105468251e-13
            ],
            [
                7.502040150569805e-11,
                1.3297684344508375e-09,
                7.117737518236166e-10,
                0.7310585889857004,
                0.268941408897737
            ],
            [
                8.423448353346473e-12,
                7.052866955910442e-11,
                1.2256045035598943e-11,
                1.06770307612825e-06,
                0.9999989322057157
            ]
        ],
        [
            [
                0.9999999999697116,
                2.9400777366692583e-11,
                0.0,
                0.0,
                8.878265470562396e-13
            ],
            [
                0.9999999586001493,
                4.139937541527692e-08,
                0.0,
                0.0,
                4.752192859299072e-13
            ],
            [
                2.734698291305536e-12,
                1.0815941556153202e-11,
                0.9999999999658229,
                2.0206839088106398e-11,
                4.19379565794043e-13
            ],
            [
                2.2840730088177137e-11,
                3.153065529661761e-10,
                5.890701929309474e-10,
                0.9975273761144731,
                0.002472622958309339
            ],
            [
                3.978962445673121e-12,
                2.9400776726616994e-11,
                7.433680503903437e-12,
                2.215948927122733e-08,
                0.9999999777996974
            ]
        ],
        [
            [
                0.999999999989184,
                1.0815941550781567e-11,
                0.0,
                0.0,
                0.0
            ],
            [
                0.9999999966009425,
                3.3982678041950045e-09,
                3.701011661929558e-13,
                0.0,
                4.193795639497762e-13
            ],
            [
                7.835041784294382e-13,
                3.5114221130314183e-12,
                0.9999999999816422,
                1.388794386359915e-11,
                1.748234128099245e-13
            ],
            [
                2.4087135921054628e-12,
                1.1605832027808636e-10,
                1.5706785646800327e-11,
                0.0019267343380279121,
                0.9980732655277983
            ],
            [
                4.508755000069275e-12,
                3.3315443631845944e-11,
                6.560199815717683e-12,
                5.3157849688424956e-08,
                0.999999946797766
            ]
        ],
        [
            [
                0.9999999999875693,
                1.2256067437559987e-11,
                0.0,
                0.0,
                1.748234127338248e-13
            ],
            [
                0.9999999895323438,
                1.0467401678171145e-08,
                0.0,
                0.0,
                2.54366561904859e-13
            ],
            [
                1.9810087978979997e-13,
                1.463778514014349e-12,
                0.999999999994315,
                3.9789625355339885e-12,
                4.4202281033042906e-14
            ],
            [
                6.495438447382181e-10,
                3.7378667471136e-09,
                1.6751956546919118e-08,
                0.9706877515807013,
                0.029312227279931574
            ],
            [
                3.0988192080754528e-12,
                3.331544616728588e-11,
                9.545035136464839e-12,
                6.475946144831856e-07,
                0.9999993523594262
            ]
        ],
        [
            [
                0.9999999999972653,
                2.734698290474477e-12,
                0.0,
                0.0,
                0.0
            ],
            [
                0.9999998144601489,
                1.8553915973567707e-07,
                6.914400981737721e-13,
                0.0,
                0.0
            ],
            [
                2.4133627715700105e-12,
                1.0815941556106098e-11,
                0.9999999999708589,
                1.57371021051466e-11,
                1.748234128080393e-13
            ],
            [
                3.6716628577398414e-10,
                3.483576727440485e-09,
                3.947409579838782e-09,
                0.904650522952993,
                0.09534946924885453
            ],
            [
                5.108787313991103e-12,
                1.0261273622788104e-10,
                1.2255343669665788e-11,
                5.829127730511896e-05,
                0.999941708602718
            ]
        ],
        [
            [
                0.999999999989184,
                1.0815941548967453e-11,
                0.0,
                0.0,
                0.0
            ],
            [
                0.9999999994782485,
                5.211412476803972e-10,
                0.0,
                0.0,
                6.10193666462663e-13
            ],
            [
                9.35762296804026e-14,
                8.87826547770072e-13,
                0.9999999999944369,
                4.508755241909404e-12,
                7.287724095196718e-14
            ],
            [
                3.7678617960325855e-11,
                9.717443648068592e-10,
                5.201372768617982e-10,
                0.22270014393013882,
                0.7772998545403008
            ],
            [
                5.1090697557064985e-12,
                7.991929745915595e-11,
                1.2256021212118835e-11,
                3.726639114506116e-06,
                0.9999962732636012
            ]
        ],
        [
            [
                0.9999999999662095,
                3.331544539824506e-11,
                0.0,
                0.0,
                4.752193059430603e-13
            ],
            [
                0.9999999123562169,
                8.764249140650709e-08,
                1.2917801405645419e-12,
                0.0,
                0.0
            ],
            [
                1.3615261079565478e-13,
                1.1399918529329071e-12,
                0.9999999999927984,
                5.789356328164671e-12,
                1.3615261079565478e-13
            ],
            [
                6.38039338038379e-11,
                1.13095178729069e-09,
                3.6716628820725813e-10,
                0.09534947016599223,
                0.9046505282720857
            ],
            [
                7.410096479851938e-12,
                1.9110890703457723e-10,
                3.763157503062119e-11,
                0.003172683080225362,
                0.996827316683624
            ]
        ],
        [
            [
                0.9999999999915765,
                8.423463750522802e-12,
                0.0,
                0.0,
                0.0
            ],
            [
                0.9999999999703448,
                2.940077737665088e-11,
                0.0,
                0.0,
                2.5436656459758805e-13
            ],
            [
                1.981008797886823e-13,
                1.4637785140060903e-12,
                0.9999999999886731,
                9.545034922059314e-12,
                1.2015425730788257e-13
            ],
            [
                3.971297333236233e-12,
                1.3151130605246738e-10,
                2.589611158308282e-11,
                0.0019267343436779813,
                0.9980732654949432
            ],
            [
                2.5907128813826364e-11,
                2.785278834908259e-10,
                6.214797124911118e-11,
                0.0015011820316223848,
                0.9984988176017947
            ]
        ],
        [
            [
                0.9999999999842628,
                1.5737102093093662e-11,
                0.0,
                0.0,
                0.0
            ],
            [
                0.9999952149011766,
                4.785094844566947e-06,
                3.978939992277153e-12,
                0.0,
                0.0
            ],
            [
                1.5428112030725176e-13,
                2.1297851707909997e-12,
                0.9999999999931568,
                4.5087552419459746e-12,
                5.008774637455968e-14
            ],
            [
                4.8380303087995085e-11,
                9.717443640289358e-10,
                6.678694831226391e-10,
                0.7772998548503038,
                0.222700143461702
            ],
            [
                1.7832472660940073e-11,
                1.0261879489444477e-10,
                2.2897348139036337e-11,
                1.344040976481458e-08,
                0.9999999864162417
            ]
        ],
        [
            [
                0.9999999999975866,
                2.4133627704022257e-12,
                0.0,
                0.0,
                0.0
            ],
            [
                0.9999999123563688,
                8.764249134113809e-08,
                1.1399919720182274e-12,
                0.0,
                0.0
            ],
            [
                2.5436656471089347e-13,
                2.1297851707314015e-12,
                0.9999999999852056,
                1.2256067442808244e-11,
                1.5428112030293448e-13
            ],
            [
                1.1287379710842609e-10,
                1.5581747058463536e-09,
                4.235557988466661e-09,
                0.9706877663738036,
                0.02931222771958989
            ],
            [
                2.4133399401233155e-12,
                4.8473228475550364e-11,
                9.544944621676263e-12,
                1.0129988428392546e-05,
                0.9999898699511401
            ]
        ],
        [
            [
                0.9999999999857854,
                1.3887943857529028e-11,
                0.0,
                0.0,
                3.2661313410389044e-13
            ],
            [
                0.9999999530878869,
                4.691163797194589e-08,
                4.752192835208904e-13,
                0.0,
                0.0
            ],
            [
                2.882350793158629e-13,
                1.6586783587497887e-12,
                0.99999999999142,
                6.560200167503396e-12,
                7.287724095097183e-14
            ],
            [
                1.441416018573346e-10,
                2.254754017051499e-09,
                2.8951614662729098e-09,
                0.8519527918816505,
                0.14804720282429243
            ],
            [
                9.544998822745716e-12,
                7.052853176549509e-11,
                1.2256021090660068e-11,
                2.9023121996989085e-06,
                0.9999970975954708
            ]
        ],
        [
            [
                0.9999999999931515,
                6.5602001624722175e-12,
                0.0,
                0.0,
                2.8823507909480836e-13
            ],
            [
                0.9999999317429517,
                6.825604226786966e-08,
                1.0060394046331455e-12,
                0.0,
                0.0
            ],
            [
                2.882350793014406e-13,
                3.775134543715933e-11,
                0.9999999998710296,
                9.056076988321906e-11,
                3.701011678040565e-13
            ],
            [
                1.1591341084888898e-10,
                8.564906953808374e-10,
                4.34961865258965e-09,
                0.9968273116270946,
                0.0031726830508827806
            ],
            [
                1.2255998885220538e-11,
                1.4930863240158772e-10,
                2.940061292864385e-11,
                6.144172123845592e-06,
                0.9999938556369109
            ]
        ],
        [
            [
                0.9999999999701799,
                2.940077737459846e-11,
                0.0,
                0.0,
                4.1937956557768544e-13
            ],
            [
                0.9999970976850677,
                2.9023121975665467e-06,
                2.7346879467323086e-12,
                0.0,
                0.0
            ],
            [
                3.701011678221363e-13,
                1.8795288163505168e-12,
                0.9999999999902343,
                7.433680671606394e-12,
                8.258073284727417e-14
            ],
            [
                1.0777890253422551e-10,
                1.6859456972246852e-09,
                1.4878418557266107e-09,
                0.5621764992713773,
                0.43782349744705634
            ],
            [
                8.423463606358162e-12,
                5.492788254374515e-11,
                1.5737101830156084e-11,
                1.7257827684514343e-08,
                0.999999982663084
            ]
        ],
        [
            [
                0.9999999999771028,
                2.2897348443998487e-11,
                0.0,
                0.0,
                0.0
            ],
            [
                0.9999999585999331,
                4.139937542824058e-08,
                6.914399813055223e-13,
                0.0,
                0.0
            ],
            [
                7.835041771839897e-13,
                4.847368698088552e-11,
                0.9999999983415357,
                1.6052280524762035e-09,
                3.9789625291212885e-12
            ],
            [
                3.978856582311479e-12,
                3.331455828365442e-11,
                5.789202167260321e-12,
                2.753569012546511e-05,
                0.999972464266792
            ],
            [
                1.6986744977198976e-11,
                3.411878934443027e-10,
                8.62658090719304e-11,
                0.04742587548168027,
                0.9525741240738792
            ]
        ],
        [
            [
                0.999999999994891,
                5.109089025020151e-12,
                0.0,
                0.0,
                0.0
            ],
            [
                0.9999938558262204,
                6.144172121055891e-06,
                1.6586690797258282e-12,
                0.0,
                0.0
            ],
            [
                1.748234128130546e-13,
                1.1399918529527308e-12,
                0.9999999999901557,
                8.423463753791627e-12,
                1.0603575990671605e-13
            ],
            [
                5.492788211280199e-11,
                1.1628232734530084e-10,
                1.57371017066888e-11,
                2.5109990918925297e-08,
                0.9999999747030619
            ],
            [
                2.0206838127215384e-11,
                2.1724398315460305e-10,
                4.847368475256937e-11,
                4.691163798265419e-08,
                0.9999999528024375
            ]
        ],
        [
            [
                0.9999999999790095,
                2.0206839074476058e-11,
                0.0,
                0.0,
                7.835041778958959e-13
            ],
            [
                0.9999999999768145,
                2.289734844399189e-11,
                0.0,
                0.0,
                2.882350791875447e-13
            ],
            [
                4.752193062152739e-13,
                2.940077738901874e-11,
                0.9999999998992686,
                7.052879850194354e-11,
                3.2661313423624187e-13
            ],
            [
                1.2256066933288486e-11,
                4.277787690678442e-11,
                6.560199894736355e-12,
                4.1399375462399583e-08,
                0.9999999585390305
            ],
            [
                1.3887944177399803e-11,
                9.05607719340659e-11,
                1.3887944177399803e-11,
                6.475946145584645e-07,
                0.9999993522870488
            ]
        ],
        [
            [
                0.9999999999705993,
                2.9400777366718685e-11,
                0.0,
                0.0,
                0.0
            ],
            [
                0.9999999996411337,
                3.581747925510551e-10,
                0.0,
                0.0,
                6.914400097726859e-13
            ],
            [
                1.0603575990370989e-13,
                7.835041784212537e-13,
                0.9999999999938953,
                5.1090890275078475e-12,
                1.0603575990370989e-13
            ],
            [
                1.8793496642659497e-12,
                4.846906666468151e-11,
                6.559574865278934e-12,
                9.610240027992697e-05,
                0.9999038975428121
            ],
            [
                2.4133536684814582e-12,
                3.3315319753769464e-11,
                5.789334490925033e-12,
                3.726639114915325e-06,
                0.999996273319367
            ]
        ],
        [
            [
                0.9999999999974931,
                2.413362770962758e-12,
                0.0,
                0.0,
                9.357622965465052e-14
            ],
            [
                0.9999999999566838,
                4.277787865108154e-11,
                0.0,
                0.0,
                5.38494021289395e-13
            ],
            [
                1.4374374444975868e-07,
                0.005220123948904948,
                0.9947796448774778,
                8.718498815067631e-08,
                2.4488468856739524e-10
            ],
            [
                2.4057061059173387e-12,
                1.3134710290652606e-10,
                2.014273061140771e-11,
                0.003172683078870013,
                0.9968273167672345
            ],
            [
                2.0206726061586948e-11,
                1.3176440566166898e-10,
                1.7832373160725902e-11,
                6.1441721256234e-06,
                0.9999938556580709
            ]
        ],
        [
            [
                0.9999999999821676,
                1.783247289853326e-11,
                0.0,
                0.0,
                0.0
            ],
            [
                0.9999999804443194,
                1.955568068097825e-08,
                0.0,
                0.0,
                0.0
            ],
            [
                9.35762296771994e-14,
                5.384940217109385e-13,
                0.9999999999965687,
                2.734698291264494e-12,
                6.431393940682074e-14
            ],
            [
                5.482206561364526e-11,
                1.1011306230882891e-09,
                6.678694832515231e-10,
                0.7772998547243052,
                0.22270014345187258
            ],
            [
                1.5737101526410768e-11,
                9.056076655645728e-11,
                2.594609402576089e-11,
                3.65348207896488e-08,
                0.9999999633329353
            ]
        ],
        [
            [
                0.9999999999915765,
                8.423463747160112e-12,
                0.0,
                0.0,
                0.0
            ],
            [
                0.9999999976639875,
                2.335593030034741e-09,
                0.0,
                0.0,
                4.1937956426418175e-13
            ],
            [
                4.193795657977664e-13,
                1.2917800046622082e-12,
                0.9999999999947333,
                3.5114221130400213e-12,
                4.420228103217594e-14
            ],
            [
                6.516291088922003e-12,
                1.9043393998378905e-10,
                3.309245671778843e-11,
                0.006692851432522311,
                0.9933071483374349
            ],
            [
                8.423448813502569e-12,
                7.052867341194425e-11,
                9.54501799250803e-12,
                1.3709566546702667e-06,
                0.9999986289548481
            ]
        ],
        [
            [
                0.9999999999964886,
                3.5114221115342343e-12,
                0.0,
                0.0,
                0.0
            ],
            [
                0.9999996940971663,
                3.059023585903007e-07,
                0.0,
                0.0,
                4.752193654475674e-13
            ],
            [
                2.12978517059085e-12,
                2.9400777387806944e-11,
                0.9999999998771252,
                9.056076988121122e-11,
                7.835041783721867e-13
            ],
            [
                5.789323532990022e-12,
                7.052839897720944e-11,
                7.43363856178766e-12,
                4.785094848654798e-06,
                0.9999952148214
            ],
            [
                3.7751276427759095e-11,
                1.6918948295759893e-10,
                2.9400723643883845e-11,
                1.067703076354766e-06,
                0.9999989320605821
            ]
        ],
        [
            [
                0.9999999999912883,
                8.423463747157684e-12,
                0.0,
                0.0,
                2.8823507909427133e-13
            ],
            [
                0.9999999530878869,
                4.691163795897329e-08,
                0.0,
                0.0,
                4.752192833894767e-13
            ],
            [
                1.7482341280985172e-13,
                1.2917800046585055e-12,
                0.999999999991867,
                6.560200167506328e-12,
                1.060357599047734e-13
            ],
            [
                8.407236522604281e-12,
                1.6886385959674018e-10,
                3.767862003510261e-11,
                0.0019267343358877077,
                0.9980732654491626
            ],
            [
                8.423448350159086e-12,
                7.991945277751946e-11,
                7.433667078096714e-12,
                2.260325273430426e-06,
                0.9999977395789501
            ]
        ],
        [
            [
                0.999999999986112,
                1.3887943852835274e-11,
                0.0,
                0.0,
                0.0
            ],
            [
                0.9999986290409327,
                1.3709566538731725e-06,
                2.413358489771601e-12,
                0.0,
                0.0
            ],
            [
                2.1297851707177433e-12,
                1.5737102105103998e-11,
                0.9999999999587608,
                2.289734845389634e-11,
                4.75219306224001e-13
            ],
            [
                3.0988074506047287e-12,
                4.277771734021042e-11,
                5.789334492453135e-12,
                3.726639115898976e-06,
                0.9999962733092183
            ],
            [
                8.422660847474396e-12,
                1.691736654434341e-10,
                2.939797497207184e-11,
                9.610240054042641e-05,
                0.9999038973924652
            ]
        ],
        [
            [
                0.999999999996781,
                3.0988191376019317e-12,
                0.0,
                0.0,
                1.2015425727429487e-13
            ],
            [
                0.9999970976853882,
                2.902312198275755e-06,
                2.413353643116416e-12,
                0.0,
                0.0
            ],
            [
                1.5428112030370133e-13,
                1.1399918529299177e-12,
                0.9999999999901761,
                8.423463753623062e-12,
                1.060357599045941e-13
            ],
            [
                1.3867086776695121e-11,
                1.9142922815351782e-10,
                4.840088867155004e-11,
                0.0015011820371993786,
                0.9984988177091034
            ],
            [
                1.2254899223559838e-11,
                1.492952357800474e-10,
                2.9397974977454266e-11,
                9.610239995773885e-05,
                0.9999038974090941
            ]
        ],
        [
            [
                0.9999999999507427,
                4.8473687018665477e-11,
                0.0,
                0.0,
                7.835041777946458e-13
            ],
            [
                0.9999999997205147,
                2.789468089011812e-10,
                0.0,
                0.0,
                5.384940210308057e-13
            ],
            [
                7.835041784376323e-13,
                2.0206839088447626e-11,
                0.9999999999454963,
                3.331544541873839e-11,
                1.9810087978750092e-13
            ],
            [
                3.086451284809036e-11,
                7.96006277730823e-10,
                2.928343446205751e-10,
                0.18242551486201283,
                0.817574484018282
            ],
            [
                1.0261879295354997e-10,
                1.9171714509204394e-10,
                2.2897347705964166e-11,
                3.224186631579681e-08,
                0.9999999674409004
            ]
        ],
        [
            [
                0.9999999999967468,
                3.0988191370968216e-12,
                0.0,
                0.0,
                1.542811202382846e-13
            ],
            [
                0.9999999966017321,
                3.3982678059400665e-09,
                0.0,
                0.0,
                0.0
            ],
            [
                7.99195953880561e-11,
                3.224186594383103e-08,
                0.9999999558032069,
                1.1861119625741117e-08,
                1.3887943249546516e-11
            ],
            [
                2.7634178476264548e-11,
                8.075890738516497e-10,
                1.4033793805069393e-10,
                0.06008665441017192,
                0.9399133446142668
            ],
            [
                3.09881925939608e-12,
                3.775134691290436e-11,
                4.508755417874829e-12,
                3.927863698439952e-07,
                0.9999996071682712
            ]
        ],
        [
            [
                0.9999999999286877,
                7.052879842828072e-11,
                0.0,
                0.0,
                7.835041775861598e-13
            ],
            [
                0.999999999937504,
                6.224144618353859e-11,
                0.0,
                0.0,
                2.543665645515838e-13
            ],
            [
                1.0060392791699873e-12,
                3.098819138372746e-12,
                0.9999999999899696,
                5.789356328078485e-12,
                1.361526107936279e-13
            ],
            [
                5.76579567285927e-12,
                1.4870183029612143e-10,
                2.928112650953905e-11,
                0.004070137779159447,
                0.9959298620370919
            ],
            [
                9.544471246371173e-12,
                1.3175736138731513e-10,
                1.783141982186103e-11,
                5.8291277302836484e-05,
                0.9999417085635639
            ]
        ],
        [
            [
                0.9999999999940745,
                5.789356326622745e-12,
                0.0,
                0.0,
                1.3615261075939217e-13
            ],
            [
                0.9999999997538302,
                2.461696949926497e-10,
                0.0,
                0.0,
                0.0
            ],
            [
                5.384940217308649e-13,
                3.0988191384655236e-12,
                0.9999999999878191,
                8.423463753771946e-12,
                1.2015425730777996e-13
            ],
            [
                4.5081964734945855e-12,
                1.3174881308296838e-10,
                1.2254548553023483e-11,
                0.00012339462862766116,
                0.9998766052228607
            ],
            [
                1.463778626567963e-12,
                2.0206840642436846e-11,
                8.423464401527991e-12,
                8.315279899712644e-07,
                0.9999991684419159
            ]
        ],
        [
            [
                0.9999999999969011,
                3.098819136882276e-12,
                0.0,
                0.0,
                0.0
            ],
            [
                0.9999999895320598,
                1.0467401670344309e-08,
                5.38494015375645e-13,
