{
    "[['A', 'B', 'C', 'D', 'E'], ['A', 'B', 'C', 'D', 'E']]": [
        [
            [
                0.9999999999954912,
                4.5087552388557045e-12,
                0.0,
                0.0,
                0.0
            ],
            [
                0.9999999999615572,
                3.775134541271452e-11,
                0.0,
                0.0,
                6.914400101431508e-13
            ],
            [
                3.0988191276646846e-12,
                8.592166588515722e-10,
                0.9999999964802948,
                2.646573629465669e-09,
                1.081594151869248e-11
            ],
            [
                5.850155621943081e-11,
                1.3314892823623013e-09,
                4.322712807801196e-10,
                0.060086654383999204,
                0.9399133437937386
            ],
            [
                5.109089140345503e-12,
                7.99196006859281e-11,
                1.2256067713450425e-11,
                6.47594614221741e-07,
                0.999999352308101
            ]
        ],
        [
            [
                0.9999999999978701,
                2.1297851693357127e-12,
                0.0,
                0.0,
                0.0
            ],
            [
                0.9999999998300266,
                1.691897920873846e-10,
                0.0,
                0.0,
                7.835041777000643e-13
            ],
            [
                1.2501410267223314e-09,
                1.0129988000122325e-05,
                0.9999897411123652,
                1.2751772985968933e-07,
                1.3176389480950664e-10
            ],
            [
                8.389844404281047e-11,
                2.451871937511153e-09,
                2.1637693903876833e-09,
                0.817574481307311,
                0.1824255139931491
            ],
            [
                3.098819368382541e-12,
                4.847369065520058e-11,
                9.545035630245433e-12,
                2.3823698440647916e-07,
                0.9999997617018981
            ]
        ],
        [
            [
                0.9999999999789053,
                2.0206839072433862e-11,
                0.0,
                0.0,
                8.87826547064402e-13
            ],
            [
                0.9999999999771028,
                2.289734843625232e-11,
                0.0,
                0.0,
                0.0
            ],
            [
                2.3355843453583662e-09,
                3.7266393008952785e-06,
                0.9999960851705821,
                1.8553844565604192e-07,
                3.1608696890207313e-10
            ],
            [
                1.0815715553837333e-11,
                7.052732478351427e-11,
                1.2255811348641587e-11,
                2.1444939754660327e-05,
                0.9999785549666464
            ],
            [
                6.560200998572841e-12,
                7.991960904611454e-11,
                1.5737104098934673e-11,
                1.855391597479598e-07,
                0.9999998143586233
            ]
        ],
        [
            [
                0.9999999999831228,
                1.5737102093075722e-11,
                0.0,
                0.0,
                1.1399918520456156e-12
            ],
            [
                0.9999999999911571,
                8.423463748757527e-12,
                0.0,
                0.0,
                4.193795655536145e-13
            ],
            [
                8.59215067823737e-10,
                2.2603230578077652e-06,
                0.9999975942495797,
                1.4449761872185568e-07,
                7.052866765994456e-11
            ],
            [
                2.3764932311512085e-10,
                4.773314254199317e-09,
                7.869864742634532e-09,
                0.851952785356037,
                0.14804720176313466
            ],
            [
                1.3887943827911412e-11,
                6.224144606301955e-11,
                9.545034897374766e-12,
                2.0611536169394632e-09,
                0.999999997853172
            ]
        ],
        [
            [
                0.9999999999785012,
                2.020683907626617e-11,
                0.0,
                0.0,
                1.2917800038938188e-12
            ],
            [
                0.9999999999969011,
                3.0988191370965114e-12,
                0.0,
                0.0,
                0.0
            ],
            [
                1.113397260729041e-08,
                1.2869122577589682e-06,
                0.7310565620318331,
                0.2689406816593024,
                1.4582626341123118e-06
            ],
            [
                5.850155620004673e-11,
                1.0369648954113523e-09,
                1.0369648954113523e-09,
                0.06008665438526367,
                0.9399133434823049
            ],
            [
                3.331544522687572e-11,
                9.05607693672389e-11,
                2.0206838972077033e-11,
                4.944450473029482e-09,
                0.9999999949114664
            ]
        ],
        [
            [
                0.999999999989184,
                1.081594154787547e-11,
                0.0,
                0.0,
                0.0
            ],
            [
                0.9999999999705993,
                2.940077737461827e-11,
                0.0,
                0.0,
                0.0
            ],
            [
                2.061126469293777e-09,
                6.144137270447519e-06,
                0.9999877073287703,
                6.144137270447519e-06,
                2.335562270255333e-09
            ],
            [
                1.2237661126853674e-11,
                1.68935700889601e-10,
                6.214797123717234e-11,
                0.0015011820355833527,
                0.9984988177210953
            ],
            [
                1.5736172754919167e-11,
                1.3175736133239942e-10,
                5.492463975253502e-11,
                5.82912775235367e-05,
                0.9999417085200583
            ]
        ],
        [
            [
                0.9999999999785012,
                2.020683907446579e-11,
                0.0,
                0.0,
                1.2917800037787244e-12
            ],
            [
                0.9999999999368707,
                6.224144616454905e-11,
                0.0,
                0.0,
                8.878265469255122e-13
            ],
            [
                1.0261860818310964e-10,
                2.260325263055937e-06,
                0.9999977352028747,
                4.363454253286318e-09,
                5.789345714941781e-12
            ],
            [
                7.43216439883027e-12,
                1.0259786480669923e-10,
                1.7828835557055766e-11,
                0.00020342706233120866,
                0.9997965728098099
            ],
            [
                5.7893560176339066e-12,
                4.277787639097868e-11,
                8.423463301825553e-12,
                5.315784968775483e-08,
                0.9999999467851597
            ]
        ],
        [
            [
                0.999999999996021,
                3.978962533990568e-12,
                0.0,
                0.0,
                0.0
            ],
            [
                0.9999999999771028,
                2.2897348442401192e-11,
                0.0,
                0.0,
                0.0
            ],
            [
                1.3176513234445247e-10,
                2.5109989583839843e-08,
                0.9999999215709963,
                5.315784836613303e-08,
                2.940077508199673e-11
            ],
            [
                6.559812758141294e-12,
                7.991487930940191e-11,
                1.5736172758555314e-11,
                5.8291277292010345e-05,
                0.9999417086204971
            ],
            [
                3.331538630614598e-11,
                1.317649088945449e-10,
                4.277780278386217e-11,
                1.3709566537299292e-06,
                0.9999986288354882
            ]
        ],
        [
            [
                0.9999999999981204,
                1.8795288147043037e-12,
                0.0,
                0.0,
                0.0
            ],
            [
                0.9999999999771028,
                2.289734844399189e-11,
                0.0,
                0.0,
                0.0
            ],
            [
                1.6051087298695023e-09,
                1.6700443335361074e-05,
                0.9999249995253592,
                5.829027478206807e-05,
                8.151414730513222e-09
            ],
            [
                3.366532107081541e-10,
                3.1940767316609116e-09,
                1.9373054672270644e-09,
                0.06008665417980649,
                0.939913340352158
            ],
            [
                5.789356084317436e-12,
                4.8473685016255756e-11,
                5.789356084317436e-12,
                4.1399375440065846e-08,
                0.9999999585405721
            ]
        ],
        [
            [
                0.999999999990455,
                9.545034913456284e-12,
                0.0,
                0.0,
                0.0
            ],
            [
                0.9999999999622486,
                3.775134541272665e-11,
                0.0,
                0.0,
                0.0
            ],
            [
                2.71607212549272e-09,
                1.6803727191731804e-07,
                0.37753961147254994,
                0.6224575892289186,
                2.6285451874258365e-06
            ],
            [
                1.2256068736462534e-11,
                4.2777883200480255e-11,
                8.423464642695916e-12,
                8.764249143605536e-08,
                0.9999999122940512
            ],
            [
                3.978955257765028e-12,
                5.4927783038859056e-11,
                1.3887918461995932e-11,
                2.2603252725262814e-06,
                0.9999977396019328
            ]
        ],
        [
            [
                0.9999999999911013,
                8.423463748757057e-12,
                0.0,
                0.0,
                4.752193059548895e-13
            ],
            [
                0.999999999979793,
                2.020683907448675e-11,
                0.0,
                0.0,
                0.0
            ],
            [
                4.27777190990452e-11,
                3.0590147100790535e-07,
                0.9999967916271204,
                2.902312348876492e-06,
                1.1628189648985998e-10
            ],
            [
                2.9053815840737128e-11,
                8.490769590574408e-10,
                3.123579572095989e-10,
                0.32082128765023726,
                0.6791787111592741
            ],
            [
                1.225606843031993e-11,
                6.224145123751853e-11,
                1.3887944982498195e-11,
                1.1253518377473233e-07,
                0.9999998873764308
            ]
        ],
        [
            [
                0.999999999986112,
                1.3887943855477909e-11,
                0.0,
                0.0,
                0.0
            ],
            [
                0.9999999999975866,
                2.413362769996747e-12,
                0.0,
                0.0,
                0.0
            ],
            [
                1.5428112030162568e-13,
                3.5114221129767775e-12,
                0.9999999999887805,
                7.43368067150595e-12,
                1.2015425730403972e-13
            ],
            [
                2.2824704020553764e-11,
                2.453886938932635e-10,
                7.96660449342908e-11,
                0.0031726830790029257,
                0.9968273165731176
            ],
            [
                8.423463940485e-12,
                6.22414476035631e-11,
                9.545035133624771e-12,
                6.475946142904977e-07,
                0.9999993523251758
            ]
        ],
        [
            [
                0.9999999999898448,
                9.545034916356555e-12,
                0.0,
                0.0,
                6.101936673460195e-13
            ],
            [
                0.99999999993722,
                6.224144616457079e-11,
                0.0,
                0.0,
                5.384940212173083e-13
            ],
            [
                3.5114220620978783e-12,
                2.6465736002601952e-09,
                0.9999999854765391,
                1.1861119978131379e-08,
                1.2256067265119467e-11
            ],
            [
                1.350729288242025e-10,
                1.4521708388709539e-09,
                4.714508458652997e-10,
                0.0953494700533335,
                0.9046505278879718
            ],
            [
                4.508755575976487e-12,
                3.7751348236673326e-11,
                8.423464377868064e-12,
                2.382369843815019e-07,
                0.9999997617123321
            ]
        ],
        [
            [
                0.9999999999733624,
                2.5946094956811888e-11,
                0.0,
                0.0,
                6.914400100024021e-13
            ],
            [
                0.9999999999964886,
                3.511422111013184e-12,
                0.0,
                0.0,
                0.0
            ],
            [
                1.8188785403064623e-09,
                4.539785446910145e-05,
                0.9999544557446763,
                1.4449141940699666e-07,
                9.05566302390784e-11
            ],
            [
                2.1655476200279893e-10,
                9.705311099976048e-10,
                4.0457755867442616e-10,
                0.0031726830792495418,
                0.996827315329087
            ],
            [
                1.3887918468896433e-11,
                1.162821176635392e-10,
                3.331538449966502e-11,
                1.0677030758276596e-06,
                0.9999989321334387
            ]
        ],
        [
            [
                0.9999999999985363,
                1.4637785130132335e-12,
                0.0,
                0.0,
                0.0
            ],
            [
                0.9999999999294713,
                7.052879843747904e-11,
                0.0,
                0.0,
                0.0
            ],
            [
                1.7100420664642278e-08,
                0.0005480392074449364,
                0.9908782342938817,
                0.008572775747810003,
                9.33650442679147e-07
            ],
            [
                7.56795345806228e-10,
                5.5920032655718396e-09,
                4.355056522165202e-09,
                0.11920292243690872,
                0.8807970668592362
            ],
            [
                1.3887653670188208e-11,
                1.026166520515408e-10,
                2.0206416859314795e-11,
                2.1444940123821297e-05,
                0.9999785549231655
            ]
        ],
        [
            [
                0.999999999994891,
                5.109089023647408e-12,
                0.0,
                0.0,
                0.0
            ],
            [
                0.9999999999564386,
                4.2777878646177115e-11,
                0.0,
                0.0,
                7.83504177709473e-13
            ],
            [
                1.388794376094685e-11,
                4.363462220262478e-09,
                0.9999999926128729,
                2.9989608023958525e-09,
                1.081594147627704e-11
            ],
            [
                9.293905051197212e-11,
                1.4538113548247501e-09,
                1.6473840877706525e-09,
                0.3775406748214298,
                0.6224593219844358
            ],
            [
                1.081590075718871e-11,
                6.224121144073055e-11,
                1.081590075718871e-11,
                3.7266391143278926e-06,
                0.9999962732770126
            ]
        ],
        [
            [
                0.9999999999975,
                2.1297851691205137e-12,
                0.0,
                0.0,
                3.7010116754034486e-13
            ],
            [
                0.9999999999377585,
                6.224144618353859e-11,
                0.0,
                0.0,
                0.0
            ],
            [
                1.658678357646804e-12,
                1.3176514260027044e-10,
                0.9999999992736326,
                5.905303994431685e-10,
                2.413362769989118e-12
            ],
            [
                1.5687174367035945e-11,
                2.780618189230337e-10,
                1.0229322655652043e-10,
                0.003172683079434146,
                0.9968273165245237
            ],
            [
                6.560112972749669e-12,
                7.991853667205535e-11,
                1.5736892935962235e-11,
                1.3007124766572385e-05,
                0.999986992773018
            ]
        ],
        [
            [
                0.9999999999869604,
                1.225606743340905e-11,
                0.0,
                0.0,
                7.835041778230226e-13
            ],
            [
                0.9999999999705993,
                2.94007773667078e-11,
                0.0,
                0.0,
                0.0
            ],
            [
                1.2256067010142757e-11,
                3.224186623096337e-08,
                0.999999964741808,
                2.9989607186715976e-09,
                5.109088847163248e-12
            ],
            [
                9.544980848825867e-12,
                7.991914617335695e-11,
                1.5737012953884568e-11,
                4.785094847161064e-06,
                0.9999952147999517
            ],
            [
                1.5733892152828007e-11,
                1.3173826608487889e-10,
                3.774364516336189e-11,
                0.0002034270627085544,
                0.9997965727520756
            ]
        ],
        [
            [
                0.9999999999983413,
                1.658678358148031e-12,
                0.0,
                0.0,
                0.0
            ],
            [
                0.9999999998303908,
                1.691897921045277e-10,
                0.0,
                0.0,
                4.193795654488267e-13
            ],
            [
                2.0434721939080953e-09,
                3.8941687069203564e-07,
                0.9914219185258084,
                0.008577481574018199,
                2.0843983049601392e-07
            ],
            [
                1.3151129851528136e-10,
                1.815457476660217e-09,
                1.2477444598094787e-09,
                0.22270014367004828,
                0.7772998531352384
            ],
            [
                3.5114156933828927e-12,
                3.7751276421354927e-11,
                7.43366708122559e-12,
                1.06770307617364e-06,
                0.9999989322482274
            ]
        ],
        [
            [
                0.9999999999969011,
                3.0988191370962876e-12,
                0.0,
                0.0,
                0.0
            ],
            [
                0.9999999998499991,
                1.4930946748410503e-10,
                0.0,
                0.0,
                6.91440010066015e-13
            ],
            [
                4.058652491924109e-10,
                1.8553915296787895e-07,
                0.9999997774716827,
                3.6534825426872256e-08,
                4.847369142736146e-11
            ],
            [
                5.928956561524362e-11,
                9.274448494926766e-10,
                8.184672069953233e-10,
                0.04742587534937638,
                0.952574122845422
            ],
            [
                2.0206839528700093e-11,
                1.1628233282547592e-10,
                2.2897348953316108e-11,
                6.475946140420557e-07,
                0.9999993522459993
            ]
        ],
        [
            [
                0.9999999999657969,
                3.331544540316257e-11,
                0.0,
                0.0,
                8.878265473529163e-13
            ],
            [
                0.999999999987744,
                1.225606743042187e-11,
                0.0,
                0.0,
                0.0
            ],
            [
                3.850734840939139e-09,
                2.260325250050913e-06,
                0.9999977294492806,
                6.348788440082433e-09,
                2.5946047265779726e-11
            ],
            [
                5.103109366888625e-12,
                1.1614623384117869e-10,
                2.2870549474324548e-11,
                0.0011695103519580685,
                0.9988304895039221
            ],
            [
                5.109089439688644e-12,
                3.7751348484313546e-11,
                7.433681271263493e-12,
                1.1253518378591011e-07,
                0.9999998874145221
            ]
        ],
        [
            [
                0.9999999999969011,
                3.098819136881264e-12,
                0.0,
                0.0,
                0.0
            ],
            [
                0.9999999999089009,
                9.056076980030688e-11,
                0.0,
                0.0,
                5.384940212020586e-13
            ],
            [
                2.172340671212876e-10,
                4.539785533341642e-05,
                0.9999545937673613,
                8.1516482295605e-09,
                8.423078866691054e-12
            ],
            [
                1.56817377492888e-10,
                2.7796545256767924e-09,
                2.7796545256767924e-09,
                0.4378234968200162,
                0.5621764974638574
            ],
            [
                9.545017470344798e-12,
                7.991945280158082e-11,
                1.7832440302591607e-11,
                1.0677030760456905e-06,
                0.999998932189627
            ]
        ],
        [
            [
                0.9999999999891631,
                9.545034914535937e-12,
                0.0,
                0.0,
                1.2917800036620784e-12
            ],
            [
                0.9999999999833751,
                1.5737102091279316e-11,
                0.0,
                0.0,
                8.878265469668001e-13
            ],
            [
                3.2661313425274034e-13,
                2.129785170786215e-12,
                0.9999999999909104,
                6.5602001676314666e-12,
                7.287724095239455e-14
            ],
            [
                4.843930577270843e-11,
                4.5957933726805414e-10,
                2.170899072563109e-10,
                0.0007096703455972209,
                0.9992903289292941
            ],
            [
                2.2897261845842766e-11,
                1.16281890457225e-10,
                4.277771687976281e-11,
                2.90231219830627e-06,
                0.9999970975058449
            ]
        ],
        [
            [
                0.9999999999760967,
                2.289734843064657e-11,
                0.0,
                0.0,
                1.0060392781493504e-12
            ],
            [
                0.9999646437420271,
                3.5356257972840374e-05,
                0.0,
                0.0,
                0.0
            ],
            [
                4.0015707085572327e-10,
                7.625643979031079e-08,
                0.9859357399459047,
                0.014063619934386958,
                5.634631115153338e-07
            ],
            [
                6.559712751566369e-12,
                1.0261117183876782e-10,
                4.847008551419464e-11,
                7.484619756470682e-05,
                0.9999251536447943
            ],
            [
                5.108455858790008e-12,
                7.052005787891576e-11,
                1.783026293023239e-11,
                0.00012339462873087916,
                0.9998766052778103
            ]
        ],
        [
            [
                0.99999999999886,
                1.1399918522796788e-12,
                0.0,
                0.0,
                0.0
            ],
            [
                0.9999999999740539,
                2.594609496241415e-11,
                0.0,
                0.0,
                0.0
            ],
            [
                1.3176514365356716e-10,
                1.4449802565559091e-07,
                0.9999998139330805,
                4.139937748715361e-08,
                3.7751345715719027e-11
            ],
            [
                2.5946096898554858e-11,
                1.026188038941161e-10,
                2.289735014713444e-11,
                2.382369843409616e-07,
                0.9999997616115534
            ],
            [
                3.767862001863209e-11,
                1.913478211972957e-10,
                4.8380305769643144e-11,
                0.001926734337152758,
                0.9980732653854405
            ]
        ],
        [
            [
                0.999999999989184,
                1.0815941548967453e-11,
                0.0,
                0.0,
                0.0
            ],
            [
                0.999999999994891,
                5.109089024161556e-12,
                0.0,
                0.0,
                0.0
            ],
            [
                1.98100879784801e-13,
                2.129785170739722e-12,
                0.9999999999891125,
                8.423463753614102e-12,
                1.3615261079515294e-13
            ],
            [
                5.156071762736743e-11,
                1.173516524145837e-09,
                1.3297684339842142e-09,
                0.2689414091777293,
                0.731058588267425
            ],
            [
                1.0815942428841915e-11,
                7.052880419438209e-11,
                9.545035691986296e-12,
                1.1253518378742312e-07,
                0.9999998873739264
            ]
        ],
        [
            [
                0.9999999999735154,
                2.5946094964715444e-11,
                0.0,
                0.0,
                5.384940214008039e-13
            ],
            [
                0.9999999999450722,
                5.492788345932393e-11,
                0.0,
                0.0,
                0.0
            ],
            [
                7.96468295498905e-09,
                2.2083879445141386e-06,
                0.9770200876816402,
                0.022977312205450465,
                3.837602817866447e-07
            ],
            [
                2.685344386500431e-10,
                2.248411326848611e-09,
                1.5453089992552345e-09,
                0.037326883850086645,
                0.9626731120876586
            ],
            [
                1.1399917989418982e-12,
                2.020683813123317e-11,
                4.508755028315456e-12,
                4.691163799198177e-08,
                0.9999999530625063
            ]
        ],
        [
            [
                0.9999999999725901,
                2.5946094953428306e-11,
                0.0,
                0.0,
                1.4637785124708647e-12
            ],
            [
                0.9999999999771028,
                2.289734843856171e-11,
                0.0,
                0.0,
                0.0
            ],
            [
                5.6756852321574997e-14,
                6.101936677094411e-13,
                0.9999999999961899,
                3.0988191384623623e-12,
                4.420228103271068e-14
            ],
            [
                4.2627382686225606e-10,
                4.044373463222717e-09,
                2.779654520699687e-09,
                0.43782349623568706,
                0.5621764965140111
            ],
            [
                1.225550753823093e-11,
                1.9170839297443965e-10,
                4.277592442618484e-11,
                4.539785625173565e-05,
                0.9999546018970084
            ]
        ],
        [
            [
                0.9999999999927482,
                6.560200162469572e-12,
                0.0,
                0.0,
                6.914400100949093e-13
            ],
            [
                0.9999999998831792,
                1.1628233018871379e-10,
                0.0,
                0.0,
                5.384940212498132e-13
            ],
            [
                1.783247231013007e-11,
                3.224186629132847e-08,
                0.9999999666339465,
                1.1032559953455944e-09,
                3.098819034802172e-12
            ],
            [
                6.789613908025161e-11,
                1.2034878614072062e-09,
                7.299522865354592e-10,
                0.037326883876112736,
                0.962673114122551
            ],
            [
                7.433652630260873e-12,
                7.05285324551669e-11,
                2.020676286391492e-11,
                3.7266391140160295e-06,
                0.999996273262717
            ]
        ],
        [
            [
                0.9999999999978701,
                2.129785169692653e-12,
                0.0,
                0.0,
                0.0
            ],
            [
                0.9999999999572222,
                4.277787864619831e-11,
                0.0,
                0.0,
                0.0
            ],
            [
                3.51142208900412e-12,
                1.2501528577095702e-09,
                0.9999999931390304,
                5.6027963986488784e-09,
                4.508755211000055e-12
            ],
            [
                7.422516677751573e-12,
                1.1610769604431521e-10,
                3.7694650000080234e-11,
                0.0015011820334253053,
                0.9984988178053499
            ],
            [
                7.433652555433448e-12,
                4.847350371736124e-11,
                1.225602108713749e-11,
                2.9023121988647373e-06,
                0.999997097619638
            ]
        ],
        [
            [
                0.9999999999807039,
                1.783247288812851e-11,
                0.0,
                0.0,
                1.4637785124827413e-12
            ],
            [
                0.999999999987744,
                1.2256067434656035e-11,
                0.0,
                0.0,
                0.0
            ],
            [
                9.056077139122528e-11,
                1.4449802699553105e-07,
                0.9999998231362289,
                3.224186790464498e-08,
                3.331544597145869e-11
            ],
            [
                1.9652994901719753e-10,
                2.7130122609918872e-09,
                1.2158877397780503e-08,
                0.9046505163724261,
                0.09534946855915435
            ],
            [
                1.2254548549697174e-11,
                1.3174881304720721e-10,
                3.331131663861098e-11,
                0.00012339462859416758,
                0.9998766051940912
            ]
        ],
        [
            [
                0.999999999994891,
                5.1090890241617524e-12,
                0.0,
                0.0,
                0.0
            ],
            [
                0.999999999986112,
                1.3887943854234702e-11,
                0.0,
                0.0,
                0.0
            ],
            [
                5.211413181027473e-10,
                1.855391609390532e-07,
                0.9999997013422666,
                1.125351896868924e-07,
                6.224145450744185e-11
            ],
            [
                6.112193461746149e-11,
                6.571227250308253e-10,
                3.1040279635059266e-10,
                0.017986211577380794,
                0.9820137873939717
            ],
            [
                8.423464820984105e-12,
                5.4927890464101226e-11,
                1.081594292671865e-11,
                1.855391597531641e-07,
                0.999999814386673
            ]
        ],
        [
            [
                0.9999999999942808,
                5.109089025017033e-12,
                0.0,
                0.0,
                6.101936673967047e-13
            ],
            [
                0.9999999981810384,
                1.8189616832964882e-09,
                0.0,
                0.0,
                0.0
            ],
            [
                7.052880783821097e-11,
                1.125351896014867e-07,
                0.999999581300495,
                3.0590206922482874e-07,
                1.917171767294887e-10
            ],
            [
                2.28407300941316e-11,
                4.0486162816231514e-10,
                1.4894026952011276e-10,
                0.002472622970400147,
                0.9975273764529572
            ],
            [
                1.2917727786483805e-12,
                3.775113426409466e-11,
                8.423416634132318e-12,
                6.144172123441595e-06,
                0.9999938557804102
            ]
        ],
        [
            [
                0.9999999999925664,
                7.433680667322618e-12,
                0.0,
                0.0,
                0.0
            ],
            [
                0.9999999999915765,
                8.423463748008121e-12,
                0.0,
                0.0,
                0.0
            ],
            [
                2.5946099568924872e-11,
                6.825604582809701e-08,
                0.9999996257253644,
                3.059020828411776e-07,
                9.056078590400065e-11
            ],
            [
                8.379492198868196e-12,
                2.774906713498568e-10,
                9.008803112265593e-11,
                0.0052201257063519725,
                0.99477987391769
            ],
            [
                4.508755717832268e-12,
                2.9400780493738377e-11,
                6.560200860056676e-12,
                8.764249143807005e-08,
                0.9999999123170389
            ]
        ],
        [
            [
                0.999999999992147,
                7.433680667903997e-12,
                0.0,
                0.0,
                4.193795655870047e-13
            ],
            [
                0.9999999995941349,
                4.058652122112546e-10,
                0.0,
                0.0,
                0.0
            ],
            [
                1.6586783579670981e-12,
                2.461696950409714e-10,
                0.999999999471761,
                2.7894680912760917e-10,
                1.4637785132900667e-12
            ],
            [
                8.410813289346105e-12,
                1.689357008771987e-10,
                6.21479712326098e-11,
                0.0015011820342041467,
                0.9984988177263014
            ],
            [
                2.734693291321203e-12,
                4.277780047229654e-11,
                9.545017470181105e-12,
                1.0677030760273798e-06,
                0.9999989322418664
            ]
        ],
        [
            [
                0.9999999999779134,
                2.020683907241382e-11,
                0.0,
                0.0,
                1.8795288148826484e-12
            ],
            [
                0.9999999997538302,
                2.4616969493422397e-10,
                0.0,
                0.0,
                0.0
            ],
            [
                3.5816867331491383e-10,
                2.1023979305557484e-07,
                0.999983079834729,
                1.670141542783549e-05,
                8.151881430435083e-09
            ],
            [
                6.380393374487775e-11,
                1.6455251393344621e-09,
                6.859569330147229e-10,
                0.09534946999666447,
                0.9046505276080495
            ],
            [
                1.7832474346408036e-11,
                7.991960537538084e-11,
                9.545035692686612e-12,
                1.125351837956798e-07,
                0.9999998873575191
            ]
        ],
        [
            [
                0.999999999996021,
                3.9789625334704095e-12,
                0.0,
                0.0,
                0.0
            ],
            [
                0.9999999999565308,
                4.2777878651074994e-11,
                0.0,
                0.0,
                6.914400100698671e-13
            ],
            [
                9.056078603277605e-11,
                1.855389923769604e-07,
                0.9999995081101887,
                3.059020832761635e-07,
                3.581748568476235e-10
            ],
            [
                1.0799698040332547e-11,
                1.9142922814861256e-10,
                7.979957467152861e-11,
                0.0015011820344539505,
                0.9984988176835176
            ],
            [
                2.289735029878458e-11,
                6.22414512370474e-11,
                1.0815942427540314e-11,
                1.1253518377388052e-07,
                0.9999998873688615
            ]
        ],
        [
            [
                0.9999999999862803,
                1.225606743199858e-11,
                0.0,
                0.0,
                1.4637785126806622e-12
            ],
            [
                0.999999999896771,
                1.0261879619321088e-10,
                0.0,
                0.0,
                6.10193667024343e-13
            ],
            [
                7.287724095124542e-14,
                6.914400106280662e-13,
                0.9999999999951741,
                3.9789625354577004e-12,
                8.25807328476821e-14
            ],
            [
                1.8795290662996497e-12,
                2.5946098430602938e-11,
                4.5087558414392775e-12,
                6.0235746383271e-08,
                0.9999999397319193
            ],
            [
                5.789345743091202e-12,
                4.8473598430228596e-11,
                1.2256045034300593e-11,
                1.0677030760151423e-06,
                0.9999989322304049
            ]
        ],
        [
            [
                0.999999999982971,
                1.5737102096064297e-11,
                0.0,
                0.0,
                1.2917800038995927e-12
            ],
            [
                0.9999999999740539,
                2.5946094956820225e-11,
                0.0,
                0.0,
                0.0
            ],
            [
                3.581748054892654e-10,
                3.9278636821319196e-07,
                0.999999602961937,
                3.850742056735425e-09,
                4.277788017793791e-11
            ],
            [
                3.978924892350511e-12,
                7.052813126435391e-11,
                1.573695322398477e-11,
                1.0129988100863498e-05,
                0.9999898699216551
