{
    "[['A', 'B', 'C', 'D', 'E'], ['A', 'B', 'C', 'D', 'E']]": [
        [
            [
                0.9999999999955458,
                3.978962533745915e-12,
                0.0,
                0.0,
                4.752193060273421e-13
            ],
            [
                0.9999999994778526,
                5.211412474425892e-10,
                0.0,
                0.0,
                1.0060392766844146e-12
            ],
            [
                7.92340123272721e-11,
                4.902034760804968e-09,
                4.650921087116448e-08,
                0.9914224632833555,
                0.00857748522616485
            ],
            [
                5.082418932259653e-12,
                1.683065999851928e-10,
                3.755427860873379e-11,
                0.00522012571023037,
                0.9947798740788263
            ],
            [
                1.7713115649987844e-11,
                3.139724874085342e-10,
                1.1550402321105929e-10,
                0.0066928514245625315,
                0.9933071481282478
            ]
        ],
        [
            [
                0.9999999999985363,
                1.4637785134501448e-12,
                0.0,
                0.0,
                0.0
            ],
            [
                0.9999999999740539,
                2.59460949624068e-11,
                0.0,
                0.0,
                0.0
            ],
            [
                7.97656371694045e-11,
                3.843323629730674e-09,
                2.2116800444404198e-08,
                0.9980732396781585,
                0.0019267342819517359
            ],
            [
                1.7422740408460314e-11,
                4.493383974232066e-10,
                1.653023585409207e-10,
                0.022977367801153902,
                0.9770226315667826
            ],
            [
                5.109089675952772e-12,
                4.8473693209706474e-11,
                6.560201000060295e-12,
                1.8553915979002877e-07,
                0.9999998144006972
            ]
        ],
        [
            [
                0.9999999999985363,
                1.4637785134503108e-12,
                0.0,
                0.0,
                0.0
            ],
            [
                0.999999999896771,
                1.0261879606674991e-10,
                0.0,
                0.0,
                6.101936662723786e-13
            ],
            [
                2.1723117019004645e-10,
                3.223996422345426e-08,
                1.3708768550539178e-06,
                0.9999403054987839,
                5.8291167165735825e-05
            ],
            [
                1.2916568751599173e-12,
                3.774774706765657e-11,
                5.108602040945318e-12,
                9.610240004331508e-05,
                0.9999038975558087
            ],
            [
                1.3887944896717236e-11,
                4.8473690663875126e-11,
                8.423464380258606e-12,
                2.3823698444911252e-07,
                0.9999997616922305
            ]
        ],
        [
            [
                0.9999999999564386,
                4.2777878646177115e-11,
                0.0,
                0.0,
                7.83504177709473e-13
            ],
            [
                0.9999999999870526,
                1.225606743041922e-11,
                0.0,
                0.0,
                6.914400099222326e-13
            ],
            [
                2.044738674945976e-06,
                0.09534622530567176,
                0.9046197365048821,
                3.19850943915426e-05,
                8.356379615892078e-09
            ],
            [
                1.6479733029575418e-11,
                7.940380044818883e-10,
                3.310042862498124e-10,
                0.07585817587847812,
                0.9241418229799999
            ],
            [
                6.560188320634234e-12,
                5.492778431148019e-11,
                1.0815922024028212e-11,
                1.7603431330249224e-06,
                0.9999982395845631
            ]
        ],
        [
            [
                0.999999999978787,
                2.0206839067500208e-11,
                0.0,
                0.0,
                1.006039278152057e-12
            ],
            [
                0.9999999995941349,
                4.058652122431671e-10,
                0.0,
                0.0,
                0.0
            ],
            [
                1.49226909586239e-10,
                1.0461614029765193e-08,
                1.6364717718207528e-07,
                0.9994470471900696,
                0.0005527785519122292
            ],
            [
                2.412028477235657e-12,
                7.987541316089517e-11,
                1.2249291337014041e-11,
                0.0005527785886580779,
                0.9994472213168052
            ],
            [
                3.0988195281489417e-12,
                3.3315449608400185e-11,
                5.789357056276288e-12,
                3.059023589444238e-07,
                0.9999996940554374
            ]
        ],
        [
            [
                0.9999999999377585,
                6.224144613703204e-11,
                0.0,
                0.0,
                0.0
            ],
            [
                0.9999999992417439,
                7.582560408362369e-10,
                0.0,
                0.0,
                0.0
            ],
            [
                1.4920357271539476e-10,
                5.5988227605685855e-09,
                6.820762446767594e-08,
                0.999290255671602,
                0.000709670372747145
            ],
            [
                8.971504225848594e-12,
                3.36653212400159e-10,
                9.645276023103799e-11,
                0.06008665448179949,
                0.939913345076123
            ],
            [
                1.879528793535923e-12,
                1.57371019142598e-11,
                1.879528793535923e-12,
                1.186112000617806e-08,
                0.9999999881193838
            ]
        ],
        [
            [
                0.9999999999915765,
                8.423463746196439e-12,
                0.0,
                0.0,
                0.0
            ],
            [
                0.999999999956612,
                4.2777878619165694e-11,
                0.0,
                0.0,
                6.101936667545574e-13
            ],
            [
                1.3164505971027218e-10,
                3.847232583370613e-09,
                3.650152645205155e-08,
                0.9990889081551361,
                0.0009110513644599025
            ],
            [
                1.2225761822884102e-11,
                2.782570565272862e-10,
                1.4894026957228465e-10,
                0.002472622966934105,
                0.9975273765936429
            ],
            [
                1.388757404693179e-11,
                1.1627923385373658e-10,
                3.3314558274323335e-11,
                2.7535690117752634e-05,
                0.9999724641464008
            ]
        ],
        [
            [
                0.999999999996021,
                3.978962533746659e-12,
                0.0,
                0.0,
                0.0
            ],
            [
                0.9999999123573338,
                8.764249144633784e-08,
                1.7482343128218534e-13,
                0.0,
                0.0
            ],
            [
                1.3161092760753738e-10,
                7.1857131715176116e-09,
                2.0999752116413535e-07,
                0.998830272879062,
                0.0011695098060927375
            ],
            [
                7.432504205996299e-12,
                5.491919053364465e-11,
                9.543524310137787e-12,
                0.0001584362482330622,
                0.9998415636798718
            ],
            [
                2.594609555785854e-11,
                1.026187985915593e-10,
                1.7832473303402243e-11,
                6.475946143434903e-07,
                0.9999993522589883
            ]
        ],
        [
            [
                0.9999999999983413,
                1.6586783578010196e-12,
                0.0,
                0.0,
                0.0
            ],
            [
                0.9999999998678155,
                1.3176514257032255e-10,
                0.0,
                0.0,
                4.1937956542218104e-13
            ],
            [
                5.490945334206823e-11,
                3.849449868276911e-09,
                3.0579967990039126e-07,
                0.9996643402271451,
                0.00033535006881557774
            ],
            [
                5.7893344906683054e-12,
                6.224121144778159e-11,
                1.7832405642178803e-11,
                3.726639114750068e-06,
                0.9999962732750224
            ],
            [
                4.508746999291361e-12,
                4.277780048225061e-11,
                7.433667081937042e-12,
                1.0677030762758262e-06,
                0.9999989322422035
            ]
        ],
        [
            [
                0.9999999999854206,
                1.388794384739949e-11,
                0.0,
                0.0,
                6.914400098195338e-13
            ],
            [
                0.9999999983940806,
                1.605228051659809e-09,
                0.0,
                0.0,
                6.914400091753071e-13
            ],
            [
                6.182484625546838e-11,
                3.824967795066639e-09,
                3.2026063243481145e-08,
                0.993307112912218,
                0.006692851174926146
            ],
            [
                3.73058379250262e-11,
                1.7974959332381692e-09,
                1.2353996835849668e-09,
                0.6791787101142776,
                0.32082128681552097
            ],
            [
                1.4637759176859427e-12,
                2.0206803247474038e-11,
                3.5114158848408244e-12,
                1.370956654586562e-06,
                0.9999986290181634
            ]
        ],
        [
            [
                0.9999999999734437,
                2.5946094959782316e-11,
                0.0,
                0.0,
                6.101936672200393e-13
            ],
            [
                0.9999999999200804,
                7.991959880986642e-11,
                0.0,
                0.0,
                0.0
            ],
            [
                1.3176163184750396e-10,
                4.944318758134852e-09,
                1.670125577707563e-05,
                0.999973163844458,
                1.0129823684499114e-05
            ],
            [
                4.2695472175118383e-11,
                1.1011307403213616e-09,
                1.4138798576688173e-09,
                0.8807970741468213,
                0.11920292329547263
            ],
            [
                8.423464378206219e-12,
                5.4927887576826716e-11,
                8.423464378206219e-12,
                2.382369843910658e-07,
                0.9999997616912408
            ]
        ],
        [
            [
                0.9999999999920279,
                7.433680665055345e-12,
                0.0,
                0.0,
                5.38494021246822e-13
            ],
            [
                0.9999999998074993,
                1.9171715099019936e-10,
                0.0,
                0.0,
                7.835041769304499e-13
            ],
            [
                4.241091214627722e-11,
                2.3155573444049427e-09,
                1.3325112490557407e-08,
                0.991422498784627,
                0.008577485532292331
            ],
            [
                2.20426490699762e-11,
                1.062074309675233e-09,
                1.7510645054257117e-09,
                0.9626731134016382,
                0.03732688376318043
            ],
            [
                1.225606678592663e-11,
                6.224144288660027e-11,
                9.545034410255094e-12,
                5.315784968957197e-08,
                0.9999999467581078
            ]
        ],
        [
            [
                0.9999999999811615,
                1.7832472890448398e-11,
                0.0,
                0.0,
                1.0060392782848647e-12
            ],
            [
                0.9999999999368707,
                6.224144609685938e-11,
                0.0,
                0.0,
                8.87826545959971e-13
            ],
            [
                6.552522121889862e-12,
                3.577555859064393e-10,
                1.6033492992092797e-09,
                0.9988304876915841,
                0.0011695103407585315
            ],
            [
                5.2322857780219664e-11,
                2.2248245261503435e-09,
                4.156519426976439e-09,
                0.9525741184879641,
                0.04742587507836911
            ],
            [
                2.4133123440449572e-12,
                4.8472674193499563e-11,
                8.423287744193045e-12,
                2.1444940012552643e-05,
                0.9999785550006781
            ]
        ],
        [
            [
                0.9999999999873739,
                1.2256067435743485e-11,
                0.0,
                0.0,
                3.7010116760693795e-13
            ],
            [
                0.9999999999287799,
                7.052879842828722e-11,
                0.0,
                0.0,
                6.914400098819406e-13
            ],
            [
                2.172112680241491e-10,
                1.343838529714859e-08,
                2.7532301278211333e-05,
                0.9998490628294053,
                0.00012339121371981448
            ],
            [
                2.2897307106991996e-11,
                7.052867114580732e-11,
                2.0206802599448677e-11,
                1.7603431332127304e-06,
                0.9999982395432341
            ],
            [
                6.560175356499781e-12,
                6.224121082265903e-11,
                1.2256021089827204e-11,
                2.9023121995016803e-06,
                0.999997097606743
            ]
        ],
        [
            [
                0.9999999999981204,
                1.8795288149198396e-12,
                0.0,
                0.0,
                0.0
            ],
            [
                0.9999999998672289,
                1.317651425187335e-10,
                0.0,
                0.0,
                1.0060392778920411e-12
            ],
            [
                6.222518841099685e-11,
                2.6458823388933536e-09,
                4.138856343618355e-08,
                0.9997387655882415,
                0.0002611903150876117
            ],
            [
                6.789613803367207e-11,
                3.2714191340072206e-09,
                1.4661483377374976e-08,
                0.9626730987889653,
                0.037326883210236
            ],
            [
                2.7345367953541174e-12,
                4.277535246349206e-11,
                7.433241680063728e-12,
                5.829127729803211e-05,
                0.9999417086697588
            ]
        ],
        [
            [
                0.999999999944462,
                5.492788345301736e-11,
                0.0,
                0.0,
                6.101936671325466e-13
            ],
            [
                0.9999999999698157,
                2.9400777369663965e-11,
                0.0,
                0.0,
                7.835041778886925e-13
            ],
            [
                1.3615261079815894e-13,
                3.97896253552143e-12,
                0.9999999999755578,
                2.0206839088618352e-11,
                1.201542573081812e-13
            ],
            [
                2.939091112322771e-11,
                2.46087085917445e-10,
                7.050513056069372e-11,
                0.00033535005625999487,
                0.9996646495977568
            ],
            [
                1.388794532958201e-11,
                7.052880594906547e-11,
                2.020684122122877e-11,
                8.764249143718367e-08,
                0.999999912252885
            ]
        ],
        [
            [
                0.999999999989315,
                9.545034905376587e-12,
                0.0,
                0.0,
                1.139991850958573e-12
            ],
            [
                0.9999999999287799,
                7.052879840618681e-11,
                0.0,
                0.0,
                6.914400096652758e-13
            ],
            [
                1.4908522629658452e-10,
                7.183328478308523e-09,
                3.6479952094559824e-08,
                0.9984987742280437,
                0.001501181959590598
            ],
            [
                3.0862080277957926e-12,
                1.3122890461915692e-10,
                2.2804164250353235e-11,
                0.004070137788956278,
                0.9959298620539245
            ],
            [
                2.413358490877355e-12,
                3.775127847737436e-11,
                5.1090799652797e-12,
                1.3709566545013181e-06,
                0.9999986289980718
            ]
        ],
        [
            [
                0.9999999999884925,
                1.0815941539799177e-11,
                0.0,
                0.0,
                6.914400095761448e-13
            ],
            [
                0.9999999999740539,
                2.5946094956829828e-11,
                0.0,
                0.0,
                0.0
            ],
            [
                2.335561940732683e-09,
                3.726599998293173e-06,
                0.9999861361709979,
                1.0129949057295841e-05,
                4.944384667331021e-09
            ],
            [
                3.977923382944412e-12,
                7.989872698574158e-11,
                1.782781574798419e-11,
                0.00026119032821304063,
                0.9997388095700824
            ],
            [
                5.109089276327739e-12,
                4.8473689418169725e-11,
                8.423464163787467e-12,
                1.4449803163247316e-07,
                0.9999998554399622
            ]
        ],
        [
            [
                0.9999999999617102,
                3.775134540459002e-11,
                0.0,
                0.0,
                5.384940212304961e-13
            ],
            [
                0.9999999999666846,
                3.3315445395285085e-11,
                0.0,
                0.0,
                0.0
            ],
            [
                2.2080689840276546e-07,
                0.4378071444808137,
                0.5621554961189772,
                3.713401060969133e-05,
                4.582700974294686e-09
            ],
            [
                4.507577728020096e-12,
                7.051037908878364e-11,
                2.593931885596828e-11,
                0.00026119032822568883,
                0.9997388095708171
            ],
            [
                7.433680273390261e-12,
                3.775134341669513e-11,
                6.560199816071113e-12,
                5.315784969128883e-08,
                0.999999946790405
            ]
        ],
        [
            [
                0.9999999999868563,
                1.2256067428616434e-11,
                0.0,
                0.0,
                8.878265467243776e-13
            ],
            [
                0.999999999965901,
                3.331544539190291e-11,
                0.0,
                0.0,
                7.835041778065224e-13
            ],
            [
                7.419360179457951e-12,
                4.5901956034247975e-10,
                1.1011306827532142e-09,
                0.9980732641051726,
                0.0019267343272577836
            ],
            [
                1.570678646403452e-11,
                6.678695551946881e-10,
                1.4902184080885135e-10,
                0.119202923653006,
                0.8807970755143959
            ],
            [
                3.978955261776467e-12,
                3.3315384516698944e-11,
                5.109079687984409e-12,
                1.0677030763735687e-06,
                0.9999989322545202
            ]
        ],
        [
            [
                0.9999999999868563,
                1.2256067433407774e-11,
                0.0,
                0.0,
                8.878265470714611e-13
            ],
            [
                0.9999999998973812,
                1.0261879611982863e-10,
                0.0,
                0.0,
                0.0
            ],
            [
                7.433411781770066e-12,
                4.058505317192241e-10,
                5.315592972208585e-08,
                0.9999645901751666,
                3.535625561967635e-05
            ],
            [
                3.131362659296565e-11,
                6.289510031319227e-10,
                2.0419049501428787e-10,
                0.06008665437755586,
                0.939913344757989
            ],
            [
                9.5450353665733e-12,
                4.847368931616301e-11,
                1.388794451059125e-11,
                5.043472050309601e-07,
                0.9999994955808883
            ]
        ],
        [
            [
                0.9999999999899798,
                9.545034917108352e-12,
                0.0,
                0.0,
                4.752193059917221e-13
            ],
            [
                0.9999999999901283,
                9.545034916359261e-12,
                0.0,
                0.0,
                3.2661313405696455e-13
            ],
            [
                1.3172091926932683e-10,
                6.346669311780159e-09,
                3.9265452635637854e-07,
                0.9996642508282031,
                0.0003353500388802208
            ],
            [
                1.3369542513472624e-11,
                2.6853443980048164e-10,
                8.71803684519186e-11,
                0.03732688391261969,
                0.962673115718296
            ],
            [
                3.0988192825966825e-12,
                3.33154469684646e-11,
                5.109089265272862e-12,
                5.04347205001005e-07,
                0.9999994956112717
            ]
        ],
        [
            [
                0.9999999999873246,
                1.2256067430422552e-11,
                0.0,
                0.0,
                4.1937956536995567e-13
            ],
            [
                0.9999999995395561,
                4.599055372056977e-10,
                0.0,
                0.0,
                5.384940210031687e-13
            ],
            [
                5.492589642650998e-11,
                6.34857044047257e-09,
                6.475717900390584e-07,
                0.9999639898029639,
                3.535622174978429e-05
            ],
            [
                2.935662260149278e-11,
                1.414481289653379e-09,
                1.0451681600136592e-08,
                0.9984988060966565,
                0.0015011820078239685
            ],
            [
                1.139985476323147e-12,
                2.289722037658625e-11,
                3.5114024716924044e-12,
                6.1441721251816835e-06,
                0.9999938558003262
            ]
        ],
        [
            [
                0.9999999999833751,
                1.5737102091279316e-11,
                0.0,
                0.0,
                8.878265469668001e-13
            ],
            [
                0.9999999999439322,
                5.4927883445867634e-11,
                0.0,
                0.0,
                1.1399918517227358e-12
            ],
            [
                2.9344138372739937e-11,
                2.3310936441298156e-09,
                1.1838270339798343e-08,
                0.9980732515001149,
                0.0019267343011769324
            ],
            [
                2.589611018036069e-11,
                7.567952727409879e-10,
                2.784094220171439e-10,
                0.2227001438592934,
                0.7772998550796059
            ],
            [
                6.560200036513799e-12,
                3.775134468525519e-11,
                6.560200036513799e-12,
                1.9555680695437244e-08,
                0.9999999803934476
            ]
        ],
        [
            [
                0.9999999999958462,
                3.978962533158155e-12,
                0.0,
                0.0,
                1.7482341270939494e-13
            ],
            [
                0.9999999998078077,
                1.9171715115232498e-10,
                0.0,
                0.0,
                4.752193057230987e-13
            ],
            [
                7.419360175386028e-12,
                4.5901956009055884e-10,
                1.6021356888993144e-09,
                0.9980732636050047,
                0.0019267343264207709
            ],
            [
                2.5661038180987292e-11,
                1.4010452126117868e-09,
                3.80843574229216e-09,
                0.9890130524564685,
                0.010986942308389475
            ],
            [
                3.0988192080773135e-12,
                3.775134628771379e-11,
                4.5087553432064646e-12,
                6.475946144835744e-07,
                0.9999993523600266
            ]
        ],
        [
            [
                0.999999999987744,
                1.2256067434656035e-11,
                0.0,
                0.0,
                0.0
            ],
            [
                0.9999999999089642,
                9.056076981067307e-11,
                0.0,
                0.0,
                4.75219305825537e-13
            ],
            [
                1.5290777193828871e-09,
                6.168745677844124e-07,
                0.047425255969072405,
                0.9525617353703739,
                1.2390256908209248e-05
            ],
            [
                2.8383164368822814e-11,
                1.5496682666243816e-09,
                1.0650703853335272e-09,
                0.8519527940617289,
                0.1480472032951494
            ],
            [
                1.1628232795036774e-10,
                1.6918978883960318e-10,
                2.5946094457997794e-11,
                1.9555680692331492e-08,
                0.9999999801329011
            ]
        ],
        [
            [
                0.999999999981384,
                1.783247287105895e-11,
                0.0,
                0.0,
                7.835041768769307e-13
            ],
            [
                0.9999999999842628,
                1.5737102093093662e-11,
                0.0,
                0.0,
                0.0
            ],
            [
                4.5083254451313185e-12,
                2.7892021867796433e-10,
                7.1934472494825205e-09,
                0.9999038901245579,
                9.610239856623607e-05
            ],
            [
                1.2206189520697408e-11,
                4.042134826713486e-10,
                8.557199495303121e-10,
                0.9959298609630288,
                0.004070137764831499
            ],
            [
                5.109089407218751e-12,
                3.775134824439169e-11,
                8.423464379590263e-12,
                2.382369844302101e-07,
                0.9999997617117317
            ]
        ],
        [
            [
                0.9999999999996734,
                3.266131341615964e-13,
                0.0,
                0.0,
                0.0
            ],
            [
                0.9999999999942106,
                5.789356325276676e-12,
                0.0,
                0.0,
                0.0
            ],
            [
                9.541831747598243e-12,
                5.903322264595126e-10,
                7.1917187836516475e-09,
                0.9996646421568957,
                0.0003353500515114217
            ],
            [
                1.3887865189722123e-11,
                7.991914618478176e-11,
                1.2255998013442197e-11,
                4.785094847845116e-06,
                0.9999952147990891
            ],
            [
                2.28973502109826e-11,
                1.1628233921243338e-10,
                2.0206840638586876e-11,
                8.31527989812835e-07,
                0.9999991683126237
            ]
        ],
        [
            [
                0.9999999999952367,
                4.50875523992365e-12,
                0.0,
                0.0,
                2.543665646039197e-13
            ],
            [
                0.9999999999086557,
                9.056076981064514e-11,
                0.0,
                0.0,
                7.835041777616704e-13
            ],
            [
                3.3304265380276716e-11,
                8.589283248497415e-10,
                2.6456854982151142e-09,
                0.9996646464091733,
                0.00033535005290864913
            ],
            [
                8.790620121801425e-11,
                3.298655864718165e-09,
                6.983254520407853e-09,
                0.9706877620300586,
                0.02931222760012486
            ],
            [
                5.10907968336217e-12,
                3.331538448655816e-11,
                9.545017464640475e-12,
                2.2603252727601193e-06,
                0.9999977396267578
            ]
        ],
        [
            [
                0.9999999999617102,
                3.77513454127203e-11,
                0.0,
                0.0,
                5.384940213464683e-13
            ],
            [
                0.9999038975961388,
                9.610239927238957e-05,
                3.978583270406049e-12,
                6.101355055229067e-13,
                0.0
            ],
            [
                3.1595192771889286e-10,
                1.0462890883631223e-08,
                3.4648336040592956e-07,
                0.9995690858250733,
                0.00043055691272348383
            ],
            [
                7.426906351577882e-12,
                9.047824177480782e-11,
                2.2876482079466535e-11,
                0.0009110514067969089,
                0.9990889484724214
            ],
            [
                1.463778546827692e-12,
                2.5946095562417643e-11,
                4.508755343023409e-12,
                6.47594614457282e-07,
                0.9999993523734669
            ]
        ],
        [
            [
                0.9999999999815574,
                1.783247289429593e-11,
                0.0,
                0.0,
                6.101936672865958e-13
            ],
            [
                0.9999999999842628,
                1.573710208694146e-11,
                0.0,
                0.0,
                0.0
            ],
            [
                1.0220116991597609e-10,
                4.9243281350588015e-09,
                3.211065305787095e-08,
                0.9959298252407612,
                0.0040701376220562795
            ],
            [
                2.939971547178499e-11,
                1.6918368132774096e-10,
                6.223919814217672e-11,
                3.535625749793272e-05,
                0.9999646434816796
            ],
            [
                1.783247250209653e-11,
                6.224144481182456e-11,
                9.545034705497801e-12,
                2.2159489268788866e-08,
                0.9999999777508918
            ]
        ],
        [
            [
                0.9999999999942106,
                5.789356325278345e-12,
                0.0,
                0.0,
                0.0
            ],
            [
                0.9999999999187885,
                7.991959871153583e-11,
                0.0,
                0.0,
                1.2917800012622978e-12
            ],
            [
                1.02602549774877e-10,
                6.347794978073466e-09,
                6.474920732270736e-07,
                0.9998409099710056,
                0.00015843608652369874
            ],
            [
                1.8791454430310182e-12,
                4.2769153148864774e-11,
                1.081373539507027e-11,
                0.00020342706221081205,
                0.9997965728823272
            ],
            [
                1.2917800676666513e-12,
                2.594609624575639e-11,
                3.9789627295232936e-12,
                1.444980316447309e-07,
                0.9999998554707515
            ]
        ],
        [
            [
                0.9999999999931131,
                6.560200164234602e-12,
                0.0,
                0.0,
                3.2661313408362043e-13
            ],
            [
                0.9999999976637155,
                2.335593029094373e-09,
                0.0,
                0.0,
                6.914400078209169e-13
            ],
            [
                3.325126510267887e-11,
                2.0571829267059506e-09,
                9.21965423830413e-09,
                0.9980732543829963,
                0.0019267343069151784
            ],
            [
                2.887195747222089e-11,
                9.561079206247385e-10,
                2.9450197264923026e-09,
                0.9820137845891637,
                0.01798621148083674
            ],
            [
                6.55996322388927e-12,
                7.052625112020951e-11,
                9.544690170970027e-12,
                3.5356257880695034e-05,
                0.9999646436554884
            ]
        ],
        [
            [
                0.9999999999874174,
                1.2256067437558126e-11,
                0.0,
                0.0,
                3.266131341044235e-13
            ],
            [
                0.9999999999771028,
                2.2897348436248984e-11,
                0.0,
                0.0,
                0.0
            ],
            [
                5.109089173031662e-12,
                1.0467402091752956e-08,
                0.9999995965238792,
                3.9278636569325804e-07,
                2.1724399967211227e-10
            ],
            [
                7.299974086185746e-12,
                2.1333651429035342e-10,
                4.760181059911435e-11,
                0.01798621157136257,
                0.9820137881603992
            ],
            [
                1.4637758372546576e-12,
                2.2897306583143942e-11,
                3.97895525934676e-12,
                2.260325273424816e-06,
                0.9999977396463866
            ]
        ],
        [
            [
                0.9999999999975866,
                2.413362769997114e-12,
                0.0,
                0.0,
                0.0
            ],
            [
                0.9999999998973812,
                1.026187961781991e-10,
                0.0,
                0.0,
                0.0
            ],
            [
                1.1626392582926743e-10,
                2.060827395349924e-09,
                1.0465745076887294e-08,
                0.9998415511123603,
                0.000158436244803352
            ],
            [
                1.2225761800054854e-11,
                4.587683269622836e-10,
                2.056056996764146e-09,
                0.997527374517746,
                0.0024726229552029222
            ],
            [
                3.978947527090376e-12,
                4.2777717330454545e-11,
                6.560175422913578e-12,
                3.7266391150490798e-06,
                0.9999962733075681
            ]
        ],
        [
            [
                0.9999999999790095,
                2.0206839042603066e-11,
                0.0,
                0.0,
                7.835041766600459e-13
            ],
            [
                0.9999999998077445,
                1.9171715115231285e-10,
                0.0,
                0.0,
                5.384940211475865e-13
            ],
            [
                9.038631491895731e-11,
                4.3550565413843645e-09,
                6.812454631170131e-08,
                0.9980731930118851,
                0.0019267344181257107
            ],
            [
                1.7511727480294808e-11,
                2.7392950663047377e-10,
                1.0077303381958758e-10,
                0.017986211581592942,
                0.9820137880261929
            ],
            [
                1.0815941281172879e-11,
                4.277787759764262e-11,
                6.560200000682891e-12,
                2.5109990916423926e-08,
                0.9999999748298551
            ]
        ],
        [
            [
                0.9999999999975866,
                2.413362769996654e-12,
                0.0,
                0.0,
                0.0
            ],
            [
                0.9999999006880477,
                9.931195234600816e-08,
                0.0,
                0.0,
                0.0
            ],
            [
                1.2251954381889588e-11,
                8.589283139951787e-10,
                1.522486865549652e-08,
                0.9996646338552803,
                0.0003353500486707191
            ],
            [
                3.0928494728917337e-12,
                9.038631068843091e-11,
                1.570678564226576e-11,
                0.0019267343401774715,
                0.9980732655506366
            ],
            [
                2.940077882233213e-11,
                9.056077429985986e-11,
                1.5737102872012373e-11,
                1.4449803163652465e-07,
                0.9999998553662698
            ]
        ],
        [
            [
                0.99999999999886,
                1.1399918522797986e-12,
                0.0,
                0.0,
                0.0
            ],
            [
                0.9999999995933513,
                4.058652120873662e-10,
                0.0,
                0.0,
                7.835041774249926e-13
            ],
            [
                6.559161876991572e-12,
                5.210587671055197e-10,
                9.235987639151244e-09,
                0.9998415539911527,
                0.0001584362452417837
            ],
            [
                6.212154536726026e-11,
                2.057183051209232e-09,
                1.6021357712029719e-09,
                0.8807970731249221,
                0.11920292315363754
            ],
            [
                8.87826567740014e-13,
                1.573710245949334e-11,
                2.413362825910843e-12,
                6.475946145006194e-07,
                0.9999993523863472
            ]
        ],
        [
            [
                0.9999999999732703,
                2.594609496239735e-11,
                0.0,
                0.0,
                7.835041778913993e-13
            ],
            [
                0.9999999999094393,
                9.056076984133246e-11,
                0.0,
                0.0,
                0.0
            ],
            [
                1.025843653574047e-10,
                3.849449910539975e-09,
