{
    "[['A', 'B', 'C', 'D', 'E'], ['A', 'B', 'C', 'D', 'E']]": [
        [
            [
                0.9999999999371483,
                6.224144618351645e-11,
                0.0,
                0.0,
                6.101936673138644e-13
            ],
            [
                1.0060392564144559e-12,
                3.7751344584643295e-11,
                2.1724398856960277e-10,
                0.9999999775845093,
                2.2159489269645792e-08
            ],
            [
                7.433681247056385e-12,
                1.917171661976478e-10,
                3.3982680822180565e-09,
                0.9999998838673976,
                1.1253518341944952e-07
            ],
            [
                2.940072522542743e-11,
                2.78946314336218e-10,
                2.78946314336218e-10,
                0.9999986284560528,
                1.3709566538159317e-06
            ],
            [
                2.7892021991804243e-10,
                1.103150869349738e-09,
                5.904741102001068e-10,
                0.9999038956284613,
                9.610239899350693e-05
            ]
        ],
        [
            [
                0.9999999998368025,
                1.4930946714757624e-10,
                0.0,
                0.0,
                1.3887943821048144e-11
            ],
            [
                4.508755082751223e-12,
                2.461696864707529e-10,
                2.646573545259347e-09,
                0.9999999648608818,
                3.2241866231679574e-08
            ],
            [
                1.6918884294977475e-10,
                3.850720316532042e-09,
                6.144172019053395e-06,
                0.9999938383677373,
                1.3440334537962848e-08
            ],
            [
                1.0261880391242922e-10,
                1.2501529589177829e-09,
                1.4166088914946014e-09,
                0.9999991657026317,
                8.315279876425518e-07
            ],
            [
                1.416433218577239e-09,
                2.3353035759945378e-09,
                1.2499979281123425e-09,
                0.9998766003713515,
                0.00012339462691369343
            ]
        ],
        [
            [
                2.939612434067772e-11,
                3.5811810724839476e-10,
                1.1626392712389348e-10,
                0.9998415632496542,
                0.0001584362465675767
            ],
            [
                5.492788448638475e-11,
                9.736200486158229e-10,
                3.850741991249241e-09,
                0.9999993475260985,
                6.475946115064164e-07
            ],
            [
                8.423464150626615e-12,
                1.9171716039234497e-10,
                1.6052281306799571e-09,
                0.9999998536965998,
                1.4449803140670889e-07
            ],
            [
                3.3314875504991485e-11,
                7.582430715475095e-10,
                8.592019635726994e-10,
                0.9999832969341604,
                1.67014150795904e-05
            ],
            [
                5.4927783006586255e-11,
                2.461692447585185e-10,
                1.691894826906005e-10,
                0.9999977392044422,
                2.2603252711982282e-06
            ]
        ],
        [
            [
                2.0205337728155406e-11,
                2.7892608362286166e-10,
                1.1627369056004265e-10,
                0.9999251533875546,
                7.48461970403234e-05
            ],
            [
                1.3887943030359813e-11,
                4.058651882568591e-10,
                6.348799734508779e-09,
                0.9999999400735977,
                5.3157849349691597e-08
            ],
            [
                8.847997539154855e-11,
                1.022689465061531e-08,
                0.9770226188559101,
                0.022977367508528686,
                3.3201865817361685e-09
            ],
            [
                2.020664791039871e-11,
                2.4616736613449376e-10,
                1.91715337512169e-10,
                0.999989869553815,
                1.012998809563783e-05
            ],
            [
                4.315523025734154e-09,
                7.1150946067240775e-09,
                2.9660127079626617e-09,
                0.9890130434041905,
                0.01098694219917918
            ]
        ],
        [
            [
                7.991366087011868e-11,
                5.904865232402261e-10,
                2.461514046708612e-10,
                0.9999251528864618,
                7.484619698669651e-05
            ],
            [
                4.5087558079644405e-12,
                9.056078125850662e-11,
                3.160881850878709e-10,
                0.9999996936864834,
                3.0590235888041116e-07
            ],
            [
                2.3334647053641262e-09,
                6.47005089710413e-07,
                0.0009110505692114787,
                0.9990882750051243,
                2.50871098166135e-08
            ],
            [
                5.789357053010281e-12,
                1.6918981342806649e-10,
                5.211413139864285e-10,
                0.9999996934015208,
                3.0590235877185214e-07
            ],
            [
                4.508746995768941e-12,
                7.991945275637049e-11,
                6.224133238929948e-11,
                0.9999977395280576,
                2.2603252728322793e-06
            ]
        ],
        [
            [
                0.9999999878013799,
                7.19413292576432e-09,
                5.109088953806736e-12,
                5.492788271121327e-11,
                4.944450430074946e-09
            ],
            [
                1.6586785673529163e-12,
                5.4927890412088096e-11,
                1.4930948638276888e-10,
                0.999999693891745,
                3.059023589432012e-07
            ],
            [
                2.6810038483365647e-14,
                3.511422087908275e-12,
                0.9999999928019585,
                7.194132978146557e-09,
                3.701011651749348e-13
            ],
            [
                1.2255156823584505e-11,
                1.9170290687432921e-10,
                1.6917722153305865e-10,
                0.9999251534298146,
                7.484619705015523e-05
            ],
            [
                3.33042654512439e-11,
                3.5805459701891034e-10,
                1.9165281508813334e-10,
                0.9996646493633651,
                0.00033535005362323773
            ]
        ],
        [
            [
                0.9999999995335342,
                4.599055369991952e-10,
                0.0,
                0.0,
                6.560200155800432e-12
            ],
            [
                9.545017679098602e-12,
                2.7894630535088204e-10,
                5.905293330618615e-10,
                0.9999982387778474,
                1.7603431319731807e-06
            ],
            [
                7.991915010430919e-11,
                3.850720297156967e-09,
                4.78509508252368e-06,
                0.9999950254360068,
                1.8553827122432416e-07
            ],
            [
                8.423464800420461e-12,
                1.9171717518158475e-10,
                6.691586922195224e-10,
                0.9999999308746585,
                6.825604223878403e-08
            ],
            [
                7.991671230269612e-11,
                3.160767286007339e-10,
                1.9171022671801414e-10,
                0.9999646431548099,
                3.535625748637543e-05
            ]
        ],
        [
            [
                0.9999999999496432,
                4.847368703163639e-11,
                2.2447770535823254e-13,
                0.0,
                1.6586783578512056e-12
            ],
            [
                3.331544864354625e-11,
                8.592167450108461e-10,
                8.152021502838731e-09,
                0.9999999033129557,
                8.764249067019718e-08
            ],
            [
                5.789355777772926e-12,
                3.581747589417706e-10,
                4.139937324798246e-08,
                0.9999999050788152,
                5.315784748535202e-08
            ],
            [
                6.218472546570033e-11,
                5.899922482750415e-10,
                2.1704601859090513e-10,
                0.9990889477307894,
                0.0009110513999875333
            ],
            [
                5.109060446983766e-12,
                1.162816797998373e-10,
                6.224109804024872e-11,
                0.9999938556442461,
                6.144172122057544e-06
            ]
        ],
        [
            [
                0.9999999998938698,
                1.0261879622831662e-10,
                0.0,
                0.0,
                3.5114221103412864e-12
            ],
            [
                2.129785253052928e-12,
                7.991960201021188e-11,
                2.4616970467067796e-10,
                0.9999996068854112,
                3.927863696888974e-07
            ],
            [
                5.4927885932285766e-11,
                1.6052281259884218e-09,
                2.382369772582505e-07,
                0.9999997316495173,
                2.8453349344843837e-08
            ],
            [
                6.223159570321415e-11,
                7.581360388193467e-10,
                7.581360388193467e-10,
                0.9998415621749652,
                0.00015843624653104582
            ],
            [
                2.058058140126439e-09,
                3.844958800451698e-09,
                1.8162299340005955e-09,
                0.9984988102674274,
                0.0015011820133257333
            ]
        ],
        [
            [
                0.9999999565130624,
                4.139937532887281e-08,
                3.5114219557012058e-12,
                2.289734742828338e-11,
                2.0611535298854507e-09
            ],
            [
                1.573707367577643e-11,
                2.7894630533382656e-10,
                8.592151096326863e-10,
                0.9999982385029696,
                1.760343131865549e-06
            ],
            [
                1.2256068095650867e-11,
                9.73620083060094e-10,
                6.475946344167133e-07,
                0.9999992637770025,
                8.764248685364543e-08
            ],
            [
                5.789357054715741e-12,
                1.0261880918541252e-10,
                1.4930948634311865e-10,
                0.9999996938399235,
                3.0590235886196655e-07
            ],
            [
                8.99762932837644e-10,
                2.7714649457584145e-09,
                4.2501791486866307e-10,
                0.9241418203999578,
                0.07585817550379637
            ]
        ],
        [
            [
                0.9999999999783293,
                2.0206839076262697e-11,
                0.0,
                0.0,
                1.463778513114688e-12
            ],
            [
                3.978963032361773e-12,
                7.991960890250116e-11,
                1.6918981337427343e-10,
                0.9999999314908694,
                6.825604228084416e-08
            ],
            [
                8.423464722107963e-12,
                3.160881817417667e-10,
                1.8553915757527213e-07,
                0.9999998022752091,
                1.1861121513881442e-08
            ],
            [
                5.78935660837108e-12,
                1.6918980043380427e-10,
                3.581748103290588e-10,
                0.9999998549688144,
                1.4449803159054143e-07
            ],
            [
                7.57117281053757e-10,
                2.0580581471007477e-09,
                1.4144812996307574e-09,
                0.9984988137519304,
                0.0015011820184129107
            ]
        ],
        [
            [
                0.9999999999254923,
                7.0528798319207e-11,
                0.0,
                0.0,
                3.978962525010159e-12
            ],
            [
                9.545034508089435e-12,
                2.461696844849642e-10,
                1.6052279854351858e-09,
                0.9999999567396819,
                4.1399375388964474e-08
            ],
            [
                1.0815942045922489e-11,
                2.4616970630286067e-10,
                1.2501529228654772e-09,
                0.999999494145657,
                5.043472043698311e-07
            ],
            [
                2.5946048111372743e-11,
                3.58174145988711e-10,
                5.211403073517808e-10,
                0.9999982387516074,
                1.7603431321060702e-06
            ],
            [
                3.33113166065121e-11,
                3.160489723238897e-10,
                2.789122391408772e-10,
                0.9998766047442581,
                0.00012339462746934957
            ]
        ],
        [
            [
                1.7831998022746156e-11,
                2.461631395908011e-10,
                1.4930549145294165e-10,
                0.9999724638969156,
                2.7535689783744673e-05
            ],
            [
                7.433667072926216e-12,
                1.6918948274000455e-10,
                6.691573849479648e-10,
                0.9999977388289476,
                2.2603252718582532e-06
            ],
            [
                9.545035631301045e-12,
                2.1724400963238645e-10,
                6.348800587270199e-09,
                0.9999998808892272,
                1.1253518307194901e-07
            ],
            [
                1.2254899212050746e-11,
                2.461462306135887e-10,
                9.055213776458399e-11,
                0.9999038972518707,
                9.610239917611096e-05
            ],
            [
                1.6917366511795354e-10,
                7.581837659481643e-10,
                4.5986169974394896e-10,
                0.9999038962137169,
                9.610239906387397e-05
            ]
        ],
        [
            [
                0.9999999998834932,
                1.0261879606538737e-10,
                0.0,
                0.0,
                1.3887943830909396e-11
            ],
            [
                1.8795289679066928e-12,
                5.492788793315681e-11,
                7.991960536585385e-11,
                0.9999998873280892,
                1.1253518378226481e-07
            ],
            [
                3.978962950712895e-12,
                9.056077933925506e-11,
                1.4166089343491605e-09,
                0.99999991084636,
                8.764249133268079e-08
            ],
            [
                6.560175409405868e-12,
                7.991929730624243e-11,
                4.847350411892531e-11,
                0.9999962732259396,
                3.7266391073757545e-06
            ],
            [
                5.905202939912723e-10,
                2.6465283473935058e-09,
                4.944365886247697e-09,
                0.9999832904036158,
                1.6701414969616694e-05
            ]
        ],
        [
            [
                2.59419886870361e-11,
                2.4613073573239985e-10,
                5.491919048142124e-11,
                0.9998415634263893,
                0.00015843624661885617
            ],
            [
                2.7346986347265083e-12,
                9.056078125978715e-11,
                1.9171717543142617e-10,
                0.9999996938126285,
                3.059023588847366e-07
            ],
            [
                4.277788278835969e-11,
                1.8189618618329165e-09,
                5.043472299076369e-07,
                0.9999994255349901,
                6.82560403031526e-08
            ],
            [
                5.789357062017843e-12,
                1.0261880931484536e-10,
                1.4930948653144232e-10,
                0.9999998142031226,
                1.8553915976221938e-07
            ],
            [
                1.1852708305762617e-08,
                1.9541812299114902e-08,
                6.344297579561398e-09,
                0.999290291862771,
                0.0007096703984108364
            ]
        ],
        [
            [
                7.050513049200367e-11,
                6.689340532161175e-10,
                2.7885320045540156e-10,
                0.9996646489281868,
                0.0003353500535207252
            ],
            [
                1.2256068341642339e-11,
                1.6918980465170996e-10,
                9.736201026016168e-10,
                0.9999997606079498,
                2.3823698419687816e-07
            ],
            [
                2.2897306720797782e-11,
                1.4166062045494838e-09,
                1.0677030821403958e-06,
                0.9999988183224446,
                1.1253496959814889e-07
            ],
            [
                7.987541307245534e-11,
                6.68788645477489e-10,
                4.5965126581381457e-10,
                0.9994472202101952,
                0.0005527785814894561
            ],
            [
                2.000735918649548e-09,
                5.438564091210381e-09,
                6.495438525220502e-10,
                0.9706877642665962,
                0.029312227644559905
            ]
        ],
        [
            [
                0.9999999999067715,
                9.056076981961756e-11,
                2.5436656452110303e-13,
                0.0,
                2.4133627697782727e-12
            ],
            [
                5.109088752523634e-12,
                1.1628232403095524e-10,
                4.0586519075874046e-10,
                0.9999999463148936,
                5.315784967737339e-08
            ],
            [
                5.1090894203055675e-12,
                7.991960506524032e-11,
                1.317651528170154e-10,
                0.9999991682552163,
                8.315279899356066e-07
            ],
            [
                2.9399715460435826e-11,
                2.461608037303394e-10,
                1.0261508980871419e-10,
                0.99996464336434,
                3.535625748428416e-05
            ],
            [
                1.0256206053985643e-10,
                8.587416190713202e-10,
                2.787925854548082e-10,
                0.9994472201784876,
                0.0005527785814161102
            ]
        ],
        [
            [
                0.9999999999510512,
                4.8473687038036515e-11,
                0.0,
                0.0,
                4.752193060352979e-13
            ],
            [
                2.5946097549969626e-11,
                4.5990558337002835e-10,
                6.348800744218022e-09,
                0.9999999055228568,
                8.764249086611566e-08
            ],
            [
                2.2897350482024563e-11,
                1.4166089119607146e-09,
                3.927860147050659e-07,
                0.9999995375184392,
                6.825603980148488e-08
            ],
            [
                1.4637786965657362e-12,
                4.847369310427989e-11,
                1.493094862290847e-10,
                0.9999999315447108,
                6.825604227052303e-08
            ],
            [
                6.691088851887216e-10,
                2.9987379776163807e-09,
                5.602380104080282e-09,
                0.9999251445333656,
                7.484619640751599e-05
            ]
        ],
        [
            [
                1.0249869153232246e-10,
                4.0539018900930507e-10,
                1.1614623375122502e-10,
                0.9988304890344465,
                0.0011695103415184352
            ],
            [
                2.7346986350102446e-12,
                6.224145404524389e-11,
                1.1628234490473037e-10,
                0.9999996939163827,
                3.0590235891647523e-07
            ],
            [
                1.7832474684010504e-11,
                9.736201282598518e-10,
                3.059020592343288e-07,
                0.999999548608587,
                1.4449790119689759e-07
            ],
            [
                1.388781247205562e-11,
                2.7894417018977936e-10,
                2.1724193817700338e-10,
                0.9999898695018283,
                1.012998809777836e-05
            ],
            [
                9.055663261845707e-11,
                5.905034214511445e-10,
                4.5988452703249507e-10,
                0.9999546010033935,
                4.539785566193168e-05
            ]
        ],
        [
            [
                0.9999999998779283,
                1.1628233007650182e-10,
                0.0,
                0.0,
                5.789356317493318e-12
            ],
            [
                2.289735070131774e-11,
                5.211412998816823e-10,
                7.194133735640123e-09,
                0.9999999046193369,
                8.764249078692892e-08
            ],
            [
                8.423464357072321e-12,
                4.599055707662775e-10,
                6.825603864629685e-08,
                0.9999998781177759,
                5.3157856347088055e-08
            ],
            [
                5.492788788247887e-11,
                2.461697147796602e-10,
                7.582561031576553e-10,
                0.9999998864054627,
                1.1253518367843685e-07
            ],
            [
                6.691407875456765e-10,
                1.8189132434661869e-09,
                1.60518530342901e-09,
                0.9999724602170444,
                2.7535689716239826e-05
            ]
        ],
        [
            [
                0.9999999999236819,
                7.052879834101241e-11,
                0.0,
                0.0,
                5.789356314767239e-12
            ],
            [
                1.0261879962909791e-10,
                9.736200627250872e-10,
                5.602796618370654e-09,
                0.9999996005345974,
                3.9278636722550306e-07
            ],
            [
                2.9400778799793095e-11,
                1.416608854433765e-09,
                2.3823697815080253e-07,
                0.9999997352070195,
                2.5109992759056405e-08
            ],
            [
                2.020684001499694e-11,
                2.7894682205301436e-10,
                4.0586523122216707e-10,
                0.9999994949477765,
                5.043472046663729e-07
            ],
            [
                2.020271741989794e-11,
                1.9167804605659035e-10,
                9.054229785188503e-11,
                0.9997965726368256,
                0.0002034270607513012
            ]
        ],
        [
            [
                3.775034013526366e-11,
                3.16079728094499e-10,
                1.1627923373702572e-10,
                0.9999724638400889,
                2.753568980188733e-05
            ],
            [
                9.545034398930733e-12,
                2.78946793976001e-10,
                1.2501527977680878e-09,
                0.9999999453035057,
                5.315784962650477e-08
            ],
            [
                5.789356747314513e-12,
                4.599055711174665e-10,
                5.315785638767999e-08,
                0.999999640474106,
                3.0590234261927154e-07
            ],
            [
                8.423159502623445e-12,
                2.4616080363927334e-10,
                1.0261508977075219e-10,
                0.9999646433853296,
                3.535625747120426e-05
            ],
            [
                1.0261704062263578e-10,
                1.2501314776505234e-09,
                2.0611183583742e-09,
                0.9999832951710905,
                1.670141504257254e-05
            ]
        ],
        [
            [
                1.8508148046166917e-10,
                2.55497102750024e-09,
                5.031036251232532e-10,
                0.8519527937157111,
                0.14804720304113284
            ],
            [
                1.6918977923180002e-10,
                3.8507416262127154e-09,
                1.955567958182044e-08,
                0.9999999232665405,
                5.315784845043008e-08
            ],
            [
                9.545036182875495e-12,
                5.211413175844267e-10,
                3.059020691527389e-07,
                0.9999995810320549,
                1.125351895749663e-07
            ],
            [
                1.0815942050082852e-11,
                1.9171716011086984e-10,
                5.905304268002172e-10,
                0.9999994948597319,
                5.043472045638288e-07
            ],
            [
                8.423239436975158e-12,
                1.9171204593321174e-10,
                1.3176163378497884e-10,
                0.9999724639783113,
                2.753568979187133e-05
            ]
        ],
        [
            [
                0.9999999998899476,
                1.026187960659693e-10,
                0.0,
                0.0,
                7.433680654166215e-12
            ],
            [
                3.7751344464105366e-11,
                1.2501528339771262e-09,
                9.237449422494121e-09,
                0.999999974244667,
                1.5229979349882673e-08
            ],
            [
                3.978932386615773e-12,
                2.172423474161846e-10,
                0.9999921105062965,
                7.88926504855207e-06,
                7.433624346191062e-12
            ],
            [
                5.109088945798064e-12,
                1.0261879466467695e-10,
                4.058652061124302e-10,
                0.9999999842564273,
                1.5229979499483343e-08
            ],
            [
                2.0206762653490613e-11,
                2.4616876399151786e-10,
                1.493089028244189e-10,
                0.9999970972721177,
                2.902312197856122e-06
            ]
        ],
        [
            [
                2.2881107858142153e-11,
                4.595793367281537e-10,
                6.219729970579928e-11,
                0.999290329116364,
                0.0007096703389782708
            ],
            [
                3.7751343781747425e-11,
                9.736199884620787e-10,
                1.0467401334183317e-08,
                0.9999999562793612,
                3.224186595393853e-08
            ],
            [
                8.423463890125122e-12,
                5.905304094046571e-10,
                1.444980269380067e-07,
                0.9999998226611513,
                3.224186789180956e-08
            ],
            [
                7.052813118839537e-11,
                6.691522777475342e-10,
                5.905248124696259e-10,
                0.9999898686817048,
                1.0129988089953537e-05
            ],
            [
                5.4919190426491145e-11,
                8.590806792192322e-10,
                7.581360384812428e-10,
                0.9998415620814036,
                0.00015843624646038845
            ]
        ],
        [
            [
                0.999999999972762,
                2.5946094949621362e-11,
                0.0,
                0.0,
                1.2917800031358881e-12
            ],
            [
                4.277787607051552e-11,
                4.363461985780643e-09,
                1.522997881222193e-08,
                0.9999999389644065,
                4.1399374653079144e-08
            ],
            [
                3.09880745026495e-12,
                1.691891540933909e-10,
                0.9999962731840878,
                3.726639115490357e-06,
                4.508738235690421e-12
            ],
            [
                2.461664211320116e-10,
                2.6465384395594824e-09,
                5.602721920513506e-09,
                0.9999869843799157,
                1.3007124657400838e-05
            ],
            [
                2.139251184607983e-08,
                2.139251184607983e-08,
                4.773314594192975e-09,
                0.8519527577224546,
                0.14804719471920696
            ]
        ],
        [
            [
                0.999999999397799,
                5.211412476384717e-10,
                0.0,
                1.1399918505279043e-12,
                7.991959875312249e-11
            ],
            [
                3.978962855895169e-12,
                1.0261880457142168e-10,
                2.172440109824725e-10,
                0.9999998871409744,
                1.125351837713109e-07
            ],
            [
                7.43368101838876e-12,
                2.1724400362057272e-10,
                2.061153718384909e-09,
                0.9999998532161372,
                1.44498031337283e-07
            ],
            [
                1.0261606366265741e-10,
                2.4616313988450375e-10,
                1.691852868761418e-10,
                0.9999724637922189,
                2.7535689816598113e-05
            ],
            [
                5.4925899558307353e-11,
                4.058505531205633e-10,
                1.9171022670559454e-10,
                0.9999646430900292,
                3.535625748408494e-05
            ]
        ],
        [
            [
                1.4883576609743376e-10,
                1.0997558252212585e-09,
                2.780618183328584e-10,
                0.9968273154163335,
                0.0031726830570130756
            ],
            [
                3.5114223960384097e-12,
                7.991960536289447e-11,
                2.1724401099557408e-10,
                0.9999998871641411,
                1.1253518377809768e-07
            ],
            [
                1.7832473271841445e-11,
                8.5921667944122e-10,
                2.382369716090484e-07,
                0.9999997077281255,
                5.315785362840389e-08
            ],
            [
                9.055922050546746e-11,
                1.2501314777001342e-09,
                2.6465283590592116e-09,
                0.9999832945977377,
                1.6701415043235326e-05
            ],
            [
                9.01922190199454e-11,
                6.664353660254166e-10,
                1.9093692916355842e-10,
                0.9959298612841887,
                0.004070137768246755
            ]
        ],
        [
            [
                0.9999999999598352,
                3.775134541264952e-11,
                0.0,
                0.0,
                2.4133627699063346e-12
            ],
            [
                1.2256068398979833e-11,
                3.1608817005805806e-10,
                2.646573845105858e-09,
                0.9999998844898984,
                1.1253518348696764e-07
            ],
            [
                6.560200824173106e-12,
                1.691898091804745e-10,
                5.602796997816323e-09,
                0.9999999065789621,
                8.764249095867537e-08
            ],
            [
                9.0560604196718e-11,
                4.0586447003164254e-10,
                4.59904696371143e-10,
                0.999997738718399,
                2.2603252712321278e-06
            ],
            [
                4.592148436445419e-10,
                3.3931642411511874e-09,
                1.2482753648376198e-09,
                0.9984988128819553,
                0.0015011820173902678
            ]
        ],
        [
            [
                1.783210028976764e-11,
                1.691862569567677e-10,
                7.052732477684527e-11,
                0.9999785548027017,
                2.1444939752632513e-05
            ],
            [
                3.5817482596510797e-10,
                8.152021464108049e-09,
                4.1399380994826956e-08,
                0.9999993024957632,
                6.475946595406452e-07
            ],
            [
                1.2256067684913332e-11,
                2.7894681476779043e-10,
                2.646573690910429e-09,
                0.9999993494676108,
                6.475946127138783e-07
            ],
            [
                6.2241332336595e-11,
                4.0586446997528957e-10,
                6.691573846696934e-10,
                0.9999977385374659,
                2.2603252709182893e-06
            ],
            [
                1.0834122093343876e-09,
                2.9450197213643333e-09,
                6.571227220683079e-10,
                0.017986211515964922,
                0.9820137837984805
            ]
        ],
        [
            [
                6.223551344251716e-11,
                3.581406521988999e-10,
                2.7892022038220687e-10,
                0.9999038969015501,
                9.610239915343552e-05
            ],
            [
                1.5737103721410734e-11,
                5.211413022553352e-10,
                2.646573910434313e-09,
                0.9999999091740566,
                8.764249118611593e-08
            ],
            [
                5.492788446224535e-11,
                2.061153658188306e-09,
                3.9278636136080003e-07,
                0.9999995855418756,
                1.9555681427034662e-08
            ],
            [
                9.544598863499367e-12,
                1.917083928898316e-10,
                1.493026465039614e-10,
                0.9999546017937512,
                4.5397855693230465e-05
            ],
            [
                2.461054043868039e-10,
                1.4162388186637743e-09,
                8.589922649947797e-10,
                0.9997388071528323,
                0.0002611903258312271
            ]
        ],
        [
            [
                1.573698285444342e-11,
                1.3176414421267114e-10,
                7.05282640588566e-11,
                0.999992110516927,
                7.889265043571234e-06
            ],
            [
                2.5946095424507074e-11,
                5.905304099484148e-10,
                4.9444505861198465e-09,
                0.9999993468444619,
                6.475946110151402e-07
            ],
            [
                2.1647970769509895e-09,
                1.7197113245619096e-07,
                0.56217638580106,
                0.4378234101789088,
                2.988410184655114e-08
            ],
            [
                6.5601881693670445e-12,
                1.0261860862441497e-10,
                1.162821176186259e-10,
                0.9999977394492663,
                2.2603252727763336e-06
            ],
            [
                4.582875479324028e-09,
                1.099374676267803e-08,
                3.1497611829734417e-09,
                0.437823491182515,
                0.5621764900911015
            ]
        ],
        [
            [
                0.9999999997800213,
                2.17243993273453e-10,
                0.0,
                0.0,
                2.7346982886406008e-12
            ],
            [
                6.224145004827389e-11,
                1.103256100040424e-09,
                1.1861120879153775e-08,
                0.9999997487364002,
                2.382369813686353e-07
            ],
            [
                6.560199975607133e-12,
                1.9171714574879337e-10,
                3.8507418097455405e-09,
                0.9999999708409899,
                2.5109990820443307e-08
            ],
            [
                8.423416633827876e-12,
                1.4930863238637385e-10,
                2.7894524886557673e-10,
                0.9999938553911996,
                6.144172123219529e-06
            ],
            [
                6.560200420583092e-12,
                1.0261880026567773e-10,
                5.49278856231116e-11,
                0.9999996070495235,
                3.927863696620924e-07
            ]
        ],
        [
            [
                1.315672558845488e-10,
                1.2482753685471857e-09,
                3.1561343963649143e-10,
                0.9984988162826925,
                0.0015011820218514098
            ],
            [
                5.789356606507779e-12,
                1.3176514902313294e-10,
                5.905304282284412e-10,
                0.9999998547738834,
                1.4449803154403482e-07
            ],
            [
                3.511422283734742e-12,
                7.052880193285812e-11,
                2.789468228201229e-10,
                0.9999998551489813,
                1.444980316213114e-07
            ],
            [
                6.560200470745727e-12,
                1.493094745066774e-10,
                3.1608816001106583e-10,
                0.9999994951808373,
                5.043472048479276e-07
            ],
            [
                1.493074827575111e-10,
                6.691497135940266e-10,
                1.2501362473389695e-09,
                0.9999869908066664,
                1.300712474009292e-05
            ]
        ],
        [
            [
                4.842951288303369e-11,
                4.0549534676957977e-10,
                7.04645254589556e-11,
                0.9990889480757121,
                0.0009110513998984768
            ],
            [
                4.5087472440863684e-12,
                9.05606092484174e-11,
                1.0261861427863349e-10,
                0.9999986288456576,
                1.3709566544009828e-06
            ],
            [
                1.1399917913309999e-12,
                4.8473684438583907e-11,
                1.69189783102439e-10,
                0.9999999466233469,
                5.3157849666548696e-08
            ],
            [
                3.3315256653556154e-11,
                3.5817276357990023e-10,
                5.211382959588296e-10,
                0.999995213992531,
                4.785094842672409e-06
            ],
            [
                4.5948642422951676e-10,
                1.415317825760856e-09,
                5.899922473336655e-10,
                0.9990889461366695,
                0.0009110513985338839
            ]
        ],
        [
            [
                0.9999999997763565,
                2.1724399295192293e-10,
                6.101936661989024e-13,
                0.0,
                5.7893563139143195e-12
            ],
            [
                9.545017985766446e-12,
                2.172436080218701e-10,
                5.905293520347292e-10,
                0.9999986282260284,
                1.3709566537019689e-06
            ],
            [
                1.573710419799219e-11,
                8.592167760892017e-10,
                1.8553916091583974e-07,
                0.9999997010506955,
                1.1253518967281273e-07
            ],
            [
                8.591937753693379e-10,
                3.3981773014415193e-09,
                3.85063935237526e-09,
                0.9999724562023753,
                2.7535689614269775e-05
            ],
            [
                9.05588773742148e-11,
                9.73599684766455e-10,
                1.8189236752222158e-09,
                0.999978552177215,
                2.1444939702844963e-05
            ]
