{
    "[['A', 'B', 'C', 'D', 'E'], ['A', 'B', 'C', 'D', 'E']]": [
        [
            [
                0.9999999998832425,
                1.162823301603437e-10,
                0.0,
                0.0,
                4.752193056973413e-13
            ],
            [
                0.9999999981807117,
                1.8189616830266565e-09,
                0.0,
                0.0,
                3.2661313346598536e-13
            ],
            [
                1.3615261079992195e-13,
                8.878265477869952e-13,
                0.9999999999958202,
                3.0988191385159977e-12,
                5.675685232255736e-14
            ],
            [
                5.588931953756336e-09,
                1.2720350495235356e-07,
                1.3675665590578822e-06,
                0.9975258801185991,
                0.002472619522404969
            ],
            [
                5.342237948652579e-10,
                3.0742456795175494e-09,
                1.864624260116492e-09,
                0.09534946972777235,
                0.9046505247991339
            ]
        ],
        [
            [
                0.9999999999666846,
                3.331544538379874e-11,
                0.0,
                0.0,
                0.0
            ],
            [
                0.9999999999294713,
                7.052879846448393e-11,
                0.0,
                0.0,
                0.0
            ],
            [
                6.914400106424077e-13,
                2.0206839088713833e-11,
                0.999999999945562,
                3.331544541917729e-11,
                2.2447770548534128e-13
            ],
            [
                9.00880303370547e-11,
                1.0974968855128403e-09,
                8.109466055456046e-09,
                0.9947798650591373,
                0.005220125643811843
            ],
            [
                2.5479413131140994e-11,
                3.1040279659239395e-10,
                6.926022571418135e-11,
                0.0179862116006138,
                0.9820137879942438
            ]
        ],
        [
            [
                0.9999999999954912,
                4.508755239610927e-12,
                0.0,
                0.0,
                0.0
            ],
            [
                0.999999999986112,
                1.3887943847401615e-11,
                0.0,
                0.0,
                0.0
            ],
            [
                6.818981040986782e-08,
                0.0007094850253003823,
                0.9990293735159949,
                0.0002610050790839018,
                6.818981040986782e-08
            ],
            [
                7.567953112850131e-10,
                1.602135686562767e-09,
                5.893927810535357e-10,
                0.0019267343355961115,
                0.9980732627160801
            ],
            [
                4.3851759661329526e-11,
                8.807861378243856e-10,
                4.1605391162617734e-10,
                0.0953494701136135,
                0.9046505285456946
            ]
        ],
        [
            [
                0.999999999994891,
                5.109089024161333e-12,
                0.0,
                0.0,
                0.0
            ],
            [
                0.999999999996021,
                3.9789625337463324e-12,
                0.0,
                0.0,
                0.0
            ],
            [
                1.176691553930603e-05,
                0.09534832878110046,
                0.9046396579759476,
                2.442145408340452e-07,
                2.1128717864568127e-09
            ],
            [
                4.568272968926425e-10,
                7.1459812399403445e-09,
                5.983256837410106e-08,
                0.993307080801249,
                0.006692851763374116
            ],
            [
                3.325126718971015e-11,
                7.567953529646303e-10,
                5.2013733233142e-10,
                0.8807970752913163,
                0.11920292339849968
            ]
        ],
        [
            [
                0.9999999999975866,
                2.413362769753092e-12,
                0.0,
                0.0,
                0.0
            ],
            [
                0.9999999999954912,
                4.50875523992365e-12,
                0.0,
                0.0,
                0.0
            ],
            [
                3.978962534665107e-12,
                1.0261879628678919e-10,
                0.9999999997603453,
                1.3176514266213895e-10,
                1.2917800044054603e-12
            ],
            [
                1.2461866507037322e-09,
                1.1823489744673404e-08,
                7.709883799609333e-08,
                0.9968272266761926,
                0.003172683155293048
            ],
            [
                5.138118734463517e-10,
                1.2325706089574024e-09,
                3.531373919351814e-10,
                0.014063627349808969,
                0.9859363705506711
            ]
        ],
        [
            [
                0.9999999999964886,
                3.5114221107003248e-12,
                0.0,
                0.0,
                0.0
            ],
            [
                0.9999999999887645,
                1.0815941548962917e-11,
                0.0,
                0.0,
                4.193795655152454e-13
            ],
            [
                8.423463746564549e-12,
                5.211412482998447e-10,
                0.9999999991101307,
                3.5817479269222733e-10,
                2.1297851689573164e-12
            ],
            [
                5.487782690596965e-11,
                8.584336448942804e-10,
                1.3428161504083139e-08,
                0.9990889342702531,
                0.0009110513882738124
            ],
            [
                9.283417582938603e-11,
                1.4521708387710846e-09,
                6.859569331013252e-10,
                0.09534947004677609,
                0.904650527722262
            ]
        ],
        [
            [
                0.9999999999985363,
                1.4637785131442665e-12,
                0.0,
                0.0,
                0.0
            ],
            [
                0.9999999999766276,
                2.2897348440598406e-11,
                0.0,
                0.0,
                4.752193059480112e-13
            ],
            [
                3.0988191383078633e-12,
                9.056076988463092e-11,
                0.999999999892359,
                1.388794386310877e-11,
                9.357622967590117e-14
            ],
            [
                2.7874895587475874e-10,
                2.3339364324618648e-09,
                1.2742848998203832e-07,
                0.9992901996260106,
                0.0007096703328139485
            ],
            [
                6.975393370546823e-11,
                1.2364180590697428e-09,
                4.890128285225379e-09,
                0.9890130515065023,
                0.010986942297197344
            ]
        ],
        [
            [
                0.9999999999972653,
                2.7346982897544495e-12,
                0.0,
                0.0,
                0.0
            ],
            [
                0.9999999999572222,
                4.2777878646210635e-11,
                0.0,
                0.0,
                0.0
            ],
            [
                2.061145802805629e-09,
                3.7266390338506706e-06,
                0.9999962516819723,
                1.9555606897238933e-08,
                6.224121009662406e-11
            ],
            [
                9.717444163098071e-10,
                1.1838270483041545e-08,
                3.459646461376686e-07,
                0.9980729069008485,
                0.0019267343244904387
            ],
            [
                3.160851547383759e-10,
                3.160851547383759e-10,
                7.052813119731504e-11,
                1.0129988091234674e-05,
                0.9999898693092103
            ]
        ],
        [
            [
                0.9999999999964886,
                3.5114221103454405e-12,
                0.0,
                0.0,
                0.0
            ],
            [
                0.9999999999764113,
                2.2897348430653776e-11,
                0.0,
                0.0,
                6.914400099148748e-13
            ],
            [
                1.6586783586863361e-12,
                1.2256067442415553e-11,
                0.999999999942524,
                4.277787868381249e-11,
                7.835041783987888e-13
            ],
            [
                1.9149277463649482e-10,
                7.185713355298332e-09,
                6.817615011086406e-08,
                0.9988304140529739,
                0.001169510393669824
            ],
            [
                1.0833452190809912e-07,
                2.133233219136926e-08,
                1.0076680219163272e-08,
                0.037326882924021434,
                0.9626729773324443
            ]
        ],
        [
            [
                0.9999999999507427,
                4.8473687018665477e-11,
                0.0,
                0.0,
                7.835041777946458e-13
            ],
            [
                0.9999999999915765,
                8.423463750005733e-12,
                0.0,
                0.0,
                0.0
            ],
            [
                1.5428112030605226e-13,
                3.5114221130775264e-12,
                0.9999999999853821,
                1.0815941556364753e-11,
                1.3615261079737245e-13
            ],
            [
                3.391714658305937e-09,
                4.131954334124152e-08,
                1.550504424961223e-06,
                0.9980716733026284,
                0.001926731481688724
            ],
            [
                7.517514538223259e-10,
                8.082089792695896e-09,
                5.971901487482476e-08,
                0.9914224453704609,
                0.008577486076683067
            ]
        ],
        [
            [
                0.9999999999958462,
                3.978962533990766e-12,
                0.0,
                0.0,
                1.7482341274597726e-13
            ],
            [
                0.999999999989184,
                1.0815941548964337e-11,
                0.0,
                0.0,
                0.0
            ],
            [
                1.6586783588068337e-12,
                1.7832472906991758e-11,
                0.9999999999730025,
                7.433680671870866e-12,
                7.287724095347821e-14
            ],
            [
                2.405135080350341e-10,
                1.777167803421475e-09,
                1.686129865574449e-08,
                0.9770226137605833,
                0.02297736736043672
            ],
            [
                1.1309517663697445e-09,
                5.743446980464551e-09,
                1.215887735305747e-08,
                0.9046505127966502,
                0.09534946817007382
            ]
        ],
        [
            [
                0.999999999996021,
                3.978962533157957e-12,
                0.0,
                0.0,
                0.0
            ],
            [
                0.9999999999925664,
                7.433680667322618e-12,
                0.0,
                0.0,
                0.0
            ],
            [
                4.058629362879178e-10,
                1.3709500897013037e-06,
                0.999993840911498,
                4.785085990620624e-06,
                2.646558795179577e-09
            ],
            [
                5.565285424629938e-09,
                7.682639551094187e-08,
                1.3617817428502551e-06,
                0.9933057133495276,
                0.006692842477048682
            ],
            [
                2.6414750133016903e-09,
                7.1802735289866e-09,
                3.3917210546249602e-09,
                0.22270014158262946,
                0.777299845203901
            ]
        ],
        [
            [
                0.999999999994891,
                5.1090890236462614e-12,
                0.0,
                0.0,
                0.0
            ],
            [
                0.999999999996021,
                3.978962533746659e-12,
                0.0,
                0.0,
                0.0
            ],
            [
                3.053121334977578e-07,
                0.22269977691936346,
                0.7772985480405742,
                1.3683140517384972e-06,
                1.413877026967334e-09
            ],
            [
                2.459453702187413e-10,
                2.6441619182761188e-09,
                7.727373826323584e-08,
                0.999088868833517,
                0.0009110510026374619
            ],
            [
                2.940077874481633e-11,
                9.05607740610944e-11,
                1.388794450359019e-11,
                5.043472047767133e-07,
                0.9999994955189457
            ]
        ],
        [
            [
                0.9999999999954912,
                4.5087552383993504e-12,
                0.0,
                0.0,
                0.0
            ],
            [
                0.9999999994786606,
                5.211412482094128e-10,
                0.0,
                0.0,
                1.981008795846356e-13
            ],
            [
                4.1399143532904117e-08,
                6.144171816317653e-06,
                0.999993806228592,
                8.151974705083026e-09,
                4.847341348088617e-11
            ],
            [
                9.234385071000186e-09,
                1.1475102625863832e-05,
                5.8275379628782024e-05,
                0.9996690681514082,
                0.00026117213195211395
            ],
            [
                2.285323946704893e-11,
                5.89392814064204e-10,
                1.6886386846432055e-10,
                0.11920292364690654,
                0.8807970755719835
            ]
        ],
        [
            [
                0.9999999999934397,
                6.560200164235075e-12,
                0.0,
                0.0,
                0.0
            ],
            [
                0.9999999999622486,
                3.7751345412728293e-11,
                0.0,
                0.0,
                0.0
            ],
            [
                7.582503349193129e-10,
                7.889265439272167e-06,
                0.999992041571482,
                6.825551995709644e-08,
                1.4930834367310308e-10
            ],
            [
                1.5515774178387853e-11,
                4.001570901390296e-10,
                1.5826519927205072e-09,
                0.9859363707607166,
                0.014063627240958587
            ],
            [
                1.3887838629480915e-11,
                9.05600836751783e-11,
                3.331519297486365e-11,
                7.889265046075123e-06,
                0.9999921105971907
            ]
        ],
        [
            [
                0.9999999999964886,
                3.5114221110136954e-12,
                0.0,
                0.0,
                0.0
            ],
            [
                0.9999999999622486,
                3.775134540459451e-11,
                0.0,
                0.0,
                0.0
            ],
            [
                3.160881654867678e-10,
                6.475946410786585e-07,
                0.9999992742239056,
                7.734422397880987e-08,
                5.211412818546161e-10
            ],
            [
                1.6719316544346838e-10,
                3.358164497819409e-09,
                2.6153411405843463e-09,
                0.6791787080696837,
                0.32082128578961755
            ],
            [
                1.573617275508144e-11,
                7.991487929176013e-11,
                1.7831419814612876e-11,
                5.829127752413781e-05,
                0.9999417086089935
            ]
        ],
        [
            [
                0.9999999999969011,
                3.0988191370962876e-12,
                0.0,
                0.0,
                0.0
            ],
            [
                0.9999999999705993,
                2.940077734476233e-11,
                0.0,
                0.0,
                0.0
            ],
            [
                1.2917800046285376e-12,
                9.545034921677158e-12,
                0.999999999968668,
                2.0206839087759105e-11,
                2.8823507930930496e-13
            ],
            [
                1.101599098658382e-09,
                1.7231909184266557e-08,
                5.035902040934746e-07,
                0.9984982968351993,
                0.0015011812410884171
            ],
            [
                4.5990555979993953e-10,
                1.6918980033084112e-10,
                3.331544701060903e-11,
                1.4449803150260482e-07,
                0.9999998548395578
            ]
        ],
        [
            [
                0.999999999976215,
                2.28973484336176e-11,
                0.0,
                0.0,
                8.878265469604431e-13
            ],
            [
                0.999999999986112,
                1.3887943849440715e-11,
                0.0,
                0.0,
                0.0
            ],
            [
                3.701011678181087e-13,
                1.0815941556082864e-11,
                0.9999999999593199,
                2.94007773895751e-11,
                9.357622967799525e-14
            ],
            [
                1.2450652548423305e-09,
                2.8337554584806564e-08,
                2.6885897574501294e-07,
                0.9959295654920496,
                0.004070136066354912
            ],
            [
                9.506939217763607e-11,
                2.4518719399821694e-09,
                1.1581822960518013e-09,
                0.1824255146193163,
                0.8175744816755601
            ]
        ],
        [
            [
                0.9999999999994615,
                5.384940214570224e-13,
                0.0,
                0.0,
                0.0
            ],
            [
                0.999999999683912,
                3.160881451199445e-10,
                0.0,
                0.0,
                0.0
            ],
            [
                1.6586783587348423e-12,
                6.224144622234631e-11,
                0.9999999999251636,
                1.081594155611593e-11,
                1.2015425730472297e-13
            ],
            [
                4.326030241238268e-09,
                5.97190053963434e-08,
                1.623332419954977e-07,
                0.9914222888519838,
                0.008577484769738495
            ],
            [
                1.0369648875305585e-09,
                4.647354202770045e-09,
                2.487549449408427e-09,
                0.06008665418068698,
                0.9399133376474446
            ]
        ],
        [
            [
                0.9999999999622486,
                3.7751345412728293e-11,
                0.0,
                0.0,
                0.0
            ],
            [
                0.9999999999281795,
                7.052879842824486e-11,
                0.0,
                0.0,
                1.2917800032680559e-12
            ],
            [
                4.1396064302503586e-08,
                4.539625344930045e-05,
                0.9999191942734171,
                3.5354637734823155e-05,
                1.3439334414732692e-08
            ],
            [
                1.1026459961263273e-09,
                1.1854561643928442e-08,
                6.472365179592239e-07,
                0.9994465615230993,
                0.0005527782831751528
            ],
            [
                4.68212674169427e-08,
                8.747364357355622e-08,
                1.442196567853637e-07,
                0.8807968340146776,
                0.11920288747075454
            ]
        ],
        [
            [
                0.9999999999981204,
                1.8795288151098444e-12,
                0.0,
                0.0,
                0.0
            ],
            [
                0.9999999999622486,
                3.775134541273215e-11,
                0.0,
                0.0,
                0.0
            ],
            [
                3.511422103209868e-12,
                1.6052280505379843e-09,
                0.9999999971380087,
                1.2501528627671667e-09,
                3.098819129749794e-12
            ],
            [
                1.2498264058092672e-09,
                2.510343442145697e-08,
                3.058224382323152e-07,
                0.9997384774911515,
                0.0002611903331494216
            ],
            [
                5.105465271388261e-12,
                1.0254601121852127e-10,
                8.417489189758628e-12,
                0.0007096703527028908,
                0.9992903295312282
            ]
        ],
        [
            [
                0.9999999999978701,
                2.129785170188158e-12,
                0.0,
                0.0,
                0.0
            ],
            [
                0.9999999995941349,
                4.058652122112546e-10,
                0.0,
                0.0,
                0.0
            ],
            [
                3.037975385157108e-14,
                7.835041784326734e-13,
                0.9999999999964124,
                2.7346982913344073e-12,
                3.900837609813458e-14
            ],
            [
                6.670356543392845e-10,
                1.0434193194458012e-08,
                6.803948648764013e-08,
                0.9968272376684028,
                0.003172683190881844
            ],
            [
                1.6918368119816707e-10,
                3.581618559071131e-10,
                1.1627813023389001e-10,
                3.535625747085417e-05,
                0.9999646430989054
            ]
        ],
        [
            [
                0.9999999999978701,
                2.1297851698413297e-12,
                0.0,
                0.0,
                0.0
            ],
            [
                0.999999999979793,
                2.020683907927809e-11,
                0.0,
                0.0,
                0.0
            ],
            [
                1.879528816342908e-12,
                1.3887943863514474e-11,
                0.999999999957867,
                2.5946094980056555e-11,
                4.1937956579418194e-13
            ],
            [
                5.209166624626574e-10,
                8.148507593243254e-09,
                1.1248667757665753e-07,
                0.9995693217269321,
                0.0004305571169659828
            ],
            [
                3.3141534550454946e-11,
                2.4488465799796004e-10,
                7.950240843724335e-11,
                0.005220125710143496,
                0.994779873932328
            ]
        ],
        [
            [
                0.9999999999987081,
                1.2917800041107986e-12,
                0.0,
                0.0,
                0.0
            ],
            [
                0.999999999986112,
                1.3887943854236524e-11,
                0.0,
                0.0,
                0.0
            ],
            [
                1.0060392791711202e-12,
                1.3887943863415193e-11,
                0.9999999999590055,
                2.5946094979871076e-11,
                1.5428112030198285e-13
            ],
            [
                6.646797286596281e-10,
                1.1781730095429949e-08,
                3.629028354934798e-08,
                0.9933071001592899,
                0.006692851104016839
            ],
            [
                5.432441849485921e-11,
                3.1261544404297196e-10,
                6.975393409418085e-11,
                0.010986942399012524,
                0.9890130571642938
            ]
        ],
        [
            [
                0.999999999994891,
                5.1090890246169595e-12,
                0.0,
                0.0,
                0.0
            ],
            [
                0.9999999999915765,
                8.423463749420954e-12,
                0.0,
                0.0,
                0.0
            ],
            [
                1.7482341281371972e-13,
                1.2917800046870864e-12,
                0.9999999999939602,
                4.508755241949596e-12,
                6.431393940959557e-14
            ],
            [
                9.054229448091669e-11,
                1.4163197825147422e-09,
                3.652736862250015e-08,
                0.9997965349125918,
                0.00020342705317753516
            ],
            [
                1.077277347025227e-10,
                1.4871355055979292e-09,
                1.909519787246516e-09,
                0.8175744823015036,
                0.18242551419411335
            ]
        ],
        [
            [
                0.9999999999978701,
                2.1297851693357127e-12,
                0.0,
                0.0,
                0.0
            ],
            [
                0.9999999999978701,
                2.1297851693358484e-12,
                0.0,
                0.0,
                0.0
            ],
            [
                1.879528816340743e-12,
                4.508755241819031e-12,
                0.999999999985034,
                8.423463753579746e-12,
                1.54281120302908e-13
            ],
            [
                8.570920181652435e-10,
                1.9507324418940045e-08,
                1.6333282762742677e-07,
                0.9975271935059757,
                0.002472622796780297
            ],
            [
                5.685225533536426e-12,
                2.41741941100353e-10,
                1.0077303380809619e-10,
                0.9820137881155763,
                0.01798621153622341
            ]
        ],
        [
            [
                0.9999999999964886,
                3.5114221115336927e-12,
                0.0,
                0.0,
                0.0
            ],
            [
                0.9999999999855735,
                1.3887943854233049e-11,
                0.0,
                0.0,
                5.384940213593186e-13
            ],
            [
                2.8823507931946756e-13,
                2.413362771624133e-12,
                0.9999999999932849,
                3.978962535492524e-12,
                3.442477108171739e-14
            ],
            [
                9.724785727081746e-10,
                4.135084113342832e-08,
                2.8989177685413735e-06,
                0.9988275518611145,
                0.0011695068977972984
            ],
            [
                2.4452201848572843e-10,
                1.4071270619202955e-09,
                4.031486530319504e-10,
                0.006692851443424578,
                0.9933071465017778
            ]
        ],
        [
            [
                0.99999999999886,
                1.1399918526347394e-12,
                0.0,
                0.0,
                0.0
            ],
            [
                0.999999999986112,
                1.3887943855474375e-11,
                0.0,
                0.0,
                0.0
            ],
            [
                5.602369488745361e-09,
                7.484612596847047e-05,
                0.9999242055074967,
                9.421736799862394e-07,
                5.904853998228095e-10
            ],
            [
                3.671662768169756e-10,
                8.35666594223516e-09,
                2.2715773177280416e-08,
                0.9046505014671635,
                0.09534946709323117
            ],
            [
                2.1333651140090864e-10,
                2.2935836471426975e-09,
                1.0279128763305544e-08,
                0.9820137758993315,
                0.01798621131461956
            ]
        ],
        [
            [
                0.9999999999964886,
                3.5114221110135904e-12,
                0.0,
                0.0,
                0.0
            ],
            [
                0.9999999999294713,
                7.052879845265607e-11,
                0.0,
                0.0,
                0.0
            ],
            [
                2.88235079323802e-13,
                2.4133627716604244e-12,
                0.9999999999906446,
                6.560200167684089e-12,
                9.357622968170197e-14
            ],
            [
                3.3978856172054225e-09,
                2.1021953873876314e-07,
                1.669980642815773e-05,
                0.9998869858253873,
                9.610075076025417e-05
            ],
            [
                3.572891323195034e-10,
                9.712125558900053e-10,
                3.572891323195034e-10,
                0.002472622978905278,
                0.997527375335304
            ]
        ],
        [
            [
                0.999999999996021,
                3.978962533470563e-12,
                0.0,
                0.0,
                0.0
            ],
            [
                0.9999999993308415,
                6.691586080298058e-10,
                0.0,
                0.0,
                0.0
            ],
            [
                1.006039279215349e-12,
                5.789356328339523e-12,
                0.9999999999752178,
                1.7832472906941626e-11,
                1.5428112030876554e-13
            ],
            [
                1.0249869202929427e-10,
                2.6434761085031864e-09,
                1.1240346437487085e-07,
                0.998830374503372,
                0.0011695103471888848
            ],
            [
                7.433639089880611e-12,
                3.775113426957571e-11,
                5.109060448876425e-12,
                6.144172124333661e-06,
                0.9999938557775818
            ]
        ],
        [
            [
                0.9999999999942106,
                5.789356324306021e-12,
                0.0,
                0.0,
                0.0
            ],
            [
                0.999999999989184,
                1.0815941548967453e-11,
                0.0,
                0.0,
                0.0
            ],
            [
                9.357622967917976e-14,
                1.2917800046586905e-12,
                0.9999999999920102,
                6.5602001675072675e-12,
                4.420228103205557e-14
            ],
            [
                7.176330264192482e-09,
                1.8507982036560866e-07,
                2.5549481105810164e-06,
                0.9975246369539715,
                0.002472615841767422
            ],
            [
                6.597475045060247e-10,
                2.032165379411082e-09,
                5.138118731386971e-10,
                0.014063627283465654,
                0.9859363695108095
            ]
        ],
        [
            [
                0.999999999986112,
                1.3887943854236992e-11,
                0.0,
                0.0,
                0.0
            ],
            [
                0.999999999986112,
                1.3887943851245562e-11,
                0.0,
                0.0,
                0.0
            ],
            [
                8.005362678742718e-09,
                3.2295938069569454e-06,
                0.9820100590649764,
                0.017986142116602447,
                5.612192515780441e-07
            ],
            [
                2.1655475554736154e-10,
                2.989446188299177e-09,
                2.83630757315915e-08,
                0.9968272854663933,
                0.0031726829645300093
            ],
            [
                2.937992411052616e-11,
                1.915811708937667e-10,
                6.219729983006301e-11,
                0.0007096703478245265,
                0.9992903293690171
            ]
        ],
        [
            [
                0.9999999999978701,
                2.129785170277677e-12,
                0.0,
                0.0,
                0.0
            ],
            [
                0.9999999999705993,
                2.940077736670908e-11,
                0.0,
                0.0,
                0.0
            ],
            [
                1.691898132175524e-10,
                6.825604221761837e-08,
                0.9999999304657223,
                1.1032561689940961e-09,
                5.789357045806886e-12
            ],
            [
                6.347105164395725e-09,
                1.8548977941039675e-07,
                4.78384446215929e-06,
                0.9997338352609731,
                0.00026118905768019915
            ],
            [
                4.273889514350962e-11,
                3.578483877924262e-10,
                1.4917340167384886e-10,
                0.0009110514071039578,
                0.9990889480431353
            ]
        ],
        [
            [
                0.9999999999697116,
                2.9400777363329034e-11,
                0.0,
                0.0,
                8.878265469546692e-13
            ],
            [
                0.9999999999697116,
                2.9400777363329034e-11,
                0.0,
                0.0,
                8.878265469546692e-13
            ],
            [
                4.752193062249178e-13,
                2.129785170721852e-12,
                0.99999999999278,
                4.508755241799589e-12,
                1.0603575990359162e-13
            ],
            [
                3.44748965768359e-07,
                0.00020236262023824868,
                0.005219000762478285,
                0.9945653552588177,
                1.2936609500016434e-05
            ],
            [
                6.387601306452783e-11,
                1.4538113563413963e-09,
                8.817811610594655e-10,
                0.37754067521528806,
                0.6224593223852434
            ]
        ],
        [
            [
                0.9999999999975866,
                2.4133627704016114e-12,
                0.0,
                0.0,
                0.0
            ],
            [
                0.9999999999515263,
                4.8473687018689484e-11,
                0.0,
                0.0,
                0.0
            ],
            [
                3.3981127602333405e-09,
                4.5397858213105724e-05,
                0.9999545383415023,
                6.023298988768664e-08,
                1.6918207231544818e-10
            ],
            [
                3.578483948633115e-10,
                9.229031742346727e-09,
                2.100517942706397e-07,
                0.9990887293771971,
                0.0009110509841285395
            ],
            [
                6.5579987069919495e-12,
                6.22205593471204e-11,
                7.431186090042175e-12,
                0.00033535006046465026,
                0.9996646498633256
            ]
        ],
        [
            [
                0.999999999986112,
                1.3887943854236992e-11,
                0.0,
                0.0,
                0.0
            ],
            [
                0.999999999994891,
                5.1090890241619245e-12,
                0.0,
                0.0,
                0.0
            ],
            [
                2.543665647120004e-13,
                1.658678358746699e-12,
                0.9999999999895572,
                8.423463753617848e-12,
                1.0603575990452848e-13
            ],
            [
                7.193790122613061e-09,
                1.4449099932798663e-07,
                2.9021793020705604e-06,
                0.9999515484134243,
                4.539772248419992e-05
            ],
            [
                5.902039076996398e-10,
                7.578368185147633e-10,
                2.17123883741745e-10,
                0.0005527785876545431,
                0.9994472198471808
            ]
        ],
        [
            [
                0.9999999999975866,
                2.413362770211679e-12,
                0.0,
                0.0,
                0.0
            ],
            [
                0.9999999999983413,
                1.6586783582382803e-12,
                0.0,
                0.0,
                0.0
            ],
            [
                1.542811203096919e-13,
                1.2917800047064797e-12,
                0.9999999999933722,
                5.109089027748832e-12,
                7.287724095371092e-14
            ],
            [
                2.645877281455252e-09,
                4.1388484324541046e-08,
                1.5530914162738883e-06,
                0.9997372130583834,
                0.0002611898158387101
            ],
            [
                2.289687000661172e-11,
                7.991792897549647e-11,
                1.3887653670464616e-11,
                2.144494022936406e-05,
                0.9999785549430682
            ]
        ],
        [
            [
                0.999999999994891,
                5.109089023060768e-12,
                0.0,
                0.0,
                0.0
            ],
            [
                0.9999999999771028,
                2.289734843625746e-11,
                0.0,
                0.0,
                0.0
            ],
            [
                2.543665647178953e-13,
                1.8795288163928023e-12,
                0.9999999999927003,
                5.109089027665693e-12,
                5.6756852321909934e-14
            ],
            [
                3.688394156658167e-11,
                7.408337702082727e-10,
                4.26320399651594e-09,
                0.9770226272873013,
                0.02297736767177693
            ],
            [
                1.1605831323801503e-10,
                2.6414750340288864e-09,
                2.9931833486244756e-09,
                0.777299851704816,
                0.22270014254446743
            ]
        ],
        [
            [
                0.999999999990455,
                9.545034916359951e-12,
                0.0,
                0.0,
                0.0
            ],
            [
                0.999999999944462,
                5.492788342868492e-11,
                0.0,
                0.0,
                6.101936668622377e-13
            ],
            [
                2.8823507932419053e-13,
                1.8795288164070486e-12,
                0.9999999999919926,
                5.789356328323956e-12,
                5.008774637491645e-14
            ],
            [
                9.293905049396702e-11,
                1.8667307303025777e-09,
                1.2829840173266035e-09,
                0.6224593223282083,
                0.377540674429138
            ],
            [
                1.2917800337253697e-12,
                2.0206839542910138e-11,
                2.4133628258990813e-12,
                6.475946144974633e-07,
                0.9999993523814735
            ]
        ],
        [
            [
                0.9999999999954912,
                4.508755238854036e-12,
                0.0,
                0.0,
