{
    "[['A', 'B', 'C', 'D', 'E'], ['A', 'B', 'C', 'D', 'E']]": [
        [
            [
                0.9999999999699891,
                2.940077737460033e-11,
                0.0,
                0.0,
                6.101936673818821e-13
            ],
            [
                0.004022115076690973,
                0.9841791838527342,
                0.006631346680144084,
                0.005164497987314174,
                2.856403116443414e-06
            ],
            [
                1.9171717154884208e-10,
                1.9555683145553547e-08,
                0.9999999118273689,
                6.825604094543806e-08,
                1.6918981006413265e-10
            ],
            [
                1.1812781947526426e-08,
                4.765616368883348e-06,
                0.99592466282609,
                0.004070116473386917,
                4.4327137232566143e-07
            ],
            [
                0.9999999999816924,
                1.7832472897289304e-11,
                0.0,
                0.0,
                4.752193059877838e-13
            ]
        ],
        [
            [
                0.9999999999791829,
                2.0206839076279945e-11,
                0.0,
                0.0,
                6.101936673395136e-13
            ],
            [
                0.9999785549529618,
                2.1444939743371478e-05,
                7.991792893531117e-11,
                1.7832100282066817e-11,
                9.544835470472974e-12
            ],
            [
                7.835041784376106e-13,
                1.0815941556335547e-11,
                0.9999999999549309,
                3.3315445418737465e-11,
                1.5428112030563566e-13
            ],
            [
                0.0006029011761280362,
                0.5834730848757529,
                0.061497606522051045,
                0.35389434900557043,
                0.0005320584204976015
            ],
            [
                0.999999999956747,
                4.277787865108424e-11,
                0.0,
                0.0,
                4.752193058482442e-13
            ]
        ],
        [
            [
                0.9999999999703111,
                2.940077737229807e-11,
                0.0,
                0.0,
                2.8823507914300637e-13
            ],
            [
                0.9999999992398418,
                7.58256041140644e-10,
                6.10193666432283e-13,
                0.0,
                1.291780001974092e-12
            ],
            [
                3.4639813222836763e-07,
                0.0005527102934364555,
                0.9993235997848001,
                0.00012332627748359626,
                1.724614749175411e-08
            ],
            [
                0.9999999995823128,
                4.0586521173979133e-10,
                1.0060392770331603e-12,
                0.0,
                1.0815941533094229e-11
            ],
            [
                0.9999999999615572,
                3.7751345408903126e-11,
                0.0,
                0.0,
                6.914400100733426e-13
            ]
        ],
        [
            [
                0.9999999999793179,
                2.020683907927363e-11,
                0.0,
                0.0,
                4.752193060196303e-13
            ],
            [
                0.037322880807857124,
                0.9625698068315179,
                0.00010483228174831537,
                2.465418959662423e-06,
                1.4659917008920074e-08
            ],
            [
                8.878265473145067e-13,
                1.0261879625559058e-10,
                0.9999999994347084,
                4.59905537589929e-10,
                1.8795288154139843e-12
            ],
            [
                0.9999999996394118,
                3.581747922476583e-10,
                0.0,
                0.0,
                2.4133627665731695e-12
            ],
            [
                0.9999999999915765,
                8.423463749420264e-12,
                0.0,
                0.0,
                0.0
            ]
        ],
        [
            [
                0.999999999944597,
                5.49278834697482e-11,
                0.0,
                0.0,
                4.752193059327896e-13
            ],
            [
                0.9999999468392646,
                5.315784967265957e-08,
                1.8795287150070267e-12,
                0.0,
                1.0060392249371233e-12
            ],
            [
                4.847369001464763e-11,
                1.9555682278750137e-08,
                0.9999998675024876,
                1.1253518157241337e-07,
                3.5817481484040585e-10
            ],
            [
                0.9992903292451958,
                0.0007096703392645256,
                2.1708990708884602e-10,
                1.690697896376918e-10,
                2.9379924063678904e-11
            ],
            [
                0.9999999999835714,
                1.573710209730659e-11,
                0.0,
                0.0,
                6.914400102741454e-13
            ]
        ],
        [
            [
                0.9999999999771028,
                2.289734843856171e-11,
                0.0,
                0.0,
                0.0
            ],
            [
                0.9999999468408176,
                5.3157849682845206e-08,
                1.0060392251298916e-12,
                0.0,
                3.266131166977016e-13
            ],
            [
                5.384940217378473e-13,
                2.0206839088812885e-11,
                0.999999999956203,
                2.2897348454858596e-11,
                1.5428112030842874e-13
            ],
            [
                0.9999999973498328,
                2.6465736257139357e-09,
                1.4637785068278602e-12,
                0.0,
                2.129785160337187e-12
            ],
            [
                0.999999999961465,
                3.775134542396571e-11,
                0.0,
                0.0,
                7.835041781157329e-13
            ]
        ],
        [
            [
                0.99999999988283,
                1.1628233018867318e-10,
                0.0,
                0.0,
                8.878265469791038e-13
            ],
            [
                0.9999999943951758,
                5.6027964006795845e-09,
                8.878265420054484e-13,
                0.0,
                1.1399918455449827e-12
            ],
            [
                1.9555457968460254e-08,
                1.0129987680629604e-05,
                0.9999891150378054,
                7.338138463447689e-07,
                1.6052097404307706e-09
            ],
            [
                4.175674418297961e-05,
                0.8116798412587818,
                0.007022407959692543,
                0.18111024867935716,
                0.00014574535798559857
            ],
            [
                0.9999999999857418,
                1.3887943854235387e-11,
                0.0,
                0.0,
                3.701011675733588e-13
            ]
        ],
        [
            [
                0.9999999999511562,
                4.8473687031709734e-11,
                0.0,
                0.0,
                3.701011676226341e-13
            ],
            [
                0.9988304891318883,
                0.0011695103400396877,
                4.0539018849672326e-10,
                1.0249869140272148e-10,
                2.018318903034761e-11
            ],
            [
                5.789356327332921e-12,
                4.84736870509995e-11,
                0.9999999998134967,
                1.3176514266914246e-10,
                4.752193061623825e-13
            ],
            [
                0.9999999995388027,
                4.5990553670518846e-10,
                0.0,
                0.0,
                1.2917800015276735e-12
            ],
            [
                0.9999999998297,
                1.6918979211948523e-10,
                3.2661313400456657e-13,
                0.0,
                7.835041778487197e-13
            ]
        ],
        [
            [
                0.9999999992380031,
                7.582560409962281e-10,
                1.0060392769017957e-12,
                0.0,
                2.7346982851182286e-12
            ],
            [
                0.9999986290376955,
                1.3709566542370915e-06,
                3.978955476967385e-12,
                8.878249727992048e-13,
                7.835027885325509e-13
            ],
            [
                2.4133627715701038e-12,
                1.573710210514721e-11,
                0.9999999999615066,
                2.020683908801918e-11,
                1.3615261079412174e-13
            ],
            [
                1.9727309886198076e-07,
                0.00040416927122240463,
                0.7307550820560355,
                0.268829780653394,
                1.0770746249169721e-05
            ],
            [
                0.9999999998831075,
                1.1628233020044538e-10,
                0.0,
                0.0,
                6.101936672265223e-13
            ]
        ],
        [
            [
                0.9999999998677598,
                1.317651426057187e-10,
                0.0,
                0.0,
                4.752193059336407e-13
            ],
            [
                0.43779663363979054,
                0.5621419825590478,
                5.402837699781464e-05,
                7.311945703813734e-06,
                4.347845991786956e-08
            ],
            [
                1.5218973987867686e-08,
                1.2997898090995964e-05,
                0.9992772132389949,
                0.0007096611900877167,
                1.1245385256452065e-07
            ],
            [
                6.820710434093166e-08,
                7.883661836468424e-06,
                0.9992822842676458,
                0.000709664622662291,
                9.924075123202343e-08
            ],
            [
                0.9999999999088292,
                9.056076981066084e-11,
                0.0,
                0.0,
                6.101936671806119e-13
            ]
        ],
        [
            [
                0.9999999999837244,
                1.5737102098405515e-11,
                0.0,
                0.0,
                5.384940214860077e-13
            ],
            [
                0.9999997617568485,
                2.3823698417877378e-07,
                4.5087555721397546e-12,
                0.0,
                1.6586784802573995e-12
            ],
            [
                1.4637785138392874e-12,
                4.2777878681313673e-11,
                0.9999999998526643,
                1.0261879629692519e-10,
                4.752193061840629e-13
            ],
            [
                0.9999999994665789,
                5.21141246947984e-10,
                1.463778508955284e-12,
                0.0,
                1.0815941519079657e-11
            ],
            [
                0.9999999999908851,
                8.423463748004725e-12,
                0.0,
                0.0,
                6.914400101634293e-13
            ]
        ],
        [
            [
                0.999999999944462,
                5.492788346484685e-11,
                0.0,
                0.0,
                6.101936672639604e-13
            ],
            [
                0.999738809401503,
                0.00026119032629023285,
                2.1718725746236027e-10,
                4.2766706699917954e-11,
                1.2252866615439325e-11
            ],
            [
                2.244777054659617e-13,
                2.5946094978587948e-11,
                0.9999999998568556,
                1.1628233028349094e-10,
                6.914400105827145e-13
            ],
            [
                0.9999999976451315,
                2.335593027844328e-09,
                1.8795288077232257e-12,
                1.6586783511342642e-12,
                1.5737102033048628e-11
            ],
            [
                0.9999999999509162,
                4.847368701867388e-11,
                0.0,
                0.0,
                6.101936672062931e-13
            ]
        ],
        [
            [
                0.9999999999766276,
                2.2897348438548705e-11,
                0.0,
                0.0,
                4.75219305905471e-13
            ],
            [
                1.4432587228348655e-07,
                0.0011694852685499339,
                0.9988089442056957,
                2.141985864582724e-05,
                6.341236270659925e-09
            ],
            [
                1.6918980219023891e-10,
                1.522998063846805e-08,
                0.9999997460849022,
                2.382369807308688e-07,
                2.7894682565659397e-10
            ],
            [
                2.8010513554842322e-06,
                0.11526564269595184,
                0.8517042227001194,
                0.03302415954556293,
                3.1740070104276947e-06
            ],
            [
                0.9999999998952471,
                1.0261879622845796e-10,
                2.5436656451817165e-13,
                0.0,
                1.879528814917033e-12
            ]
        ],
        [
            [
                0.9999999998503639,
                1.4930946750920257e-10,
                0.0,
                0.0,
                3.2661313403699665e-13
            ],
            [
                0.9992903255299874,
                0.0007096703349921992,
                3.3958574819198372e-09,
                6.686839855195313e-10,
                7.047877355069551e-11
            ],
            [
                6.431393941001546e-14,
                2.734698291400337e-12,
                0.9999999999848881,
                1.2256067443241071e-11,
                5.6756852322351993e-14
            ],
            [
                0.9999999988890751,
                1.1032560278092976e-09,
                1.8795288088144345e-12,
                0.0,
                5.789356304937058e-12
            ],
            [
                0.9999999999656786,
                3.3315445388084103e-11,
                0.0,
                0.0,
                1.0060392782692882e-12
            ]
        ],
        [
            [
                0.9999999999872689,
                1.2256067437556305e-11,
                0.0,
                0.0,
                4.752193060234087e-13
            ],
            [
                0.9999994956469946,
                5.043472048862305e-07,
                4.5087554506054466e-12,
                1.2917800644679885e-12,
                0.0
            ],
            [
                1.4930945342216343e-10,
                5.315784748956524e-08,
                0.9999999051908509,
                4.139937325126372e-08,
                1.0261878655919295e-10
            ],
            [
                0.0017610190989849036,
                0.9122305033369638,
                0.02754697350644558,
                0.05831695080728886,
                0.0001445532503168353
            ],
            [
                0.9999999999795686,
                2.0206839077876565e-11,
                0.0,
                0.0,
                2.2447770536495012e-13
            ]
        ],
        [
            [
                0.999999999965901,
                3.3315445398234786e-11,
                0.0,
                0.0,
                7.835041779554338e-13
            ],
            [
                0.437789492624188,
                0.5621328154435473,
                6.937268598307281e-05,
                8.285385803593441e-06,
                3.386047805878132e-08
            ],
            [
                6.101936677066388e-13,
                5.10908902761208e-12,
                0.9999999999739195,
                2.020683908843746e-11,
                1.5428112030556236e-13
            ],
            [
                6.668327687396806e-08,
                2.095128277173654e-05,
                0.02297586592122323,
                0.9769587622467524,
                4.4353865975823094e-05
            ],
            [
                0.9999999999601188,
                3.775134541266022e-11,
                0.0,
                0.0,
                2.129785169255924e-12
            ]
        ],
        [
            [
                0.999999999961465,
                3.775134541904292e-11,
                0.0,
                0.0,
                7.835041780135637e-13
            ],
            [
                0.9999999961443935,
                3.850741900916319e-09,
                2.129785158870174e-12,
                0.0,
                2.7346982760736427e-12
            ],
            [
                2.5946095744867966e-11,
                9.237449933298162e-09,
                0.9999995975443727,
                3.927863660852457e-07,
                4.0586522456887067e-10
            ],
            [
                1.5127782778839488e-08,
                1.6589644029888277e-05,
                0.9932902680911196,
                0.006692736986035585,
                3.9015103213657127e-07
            ],
            [
                0.9999999998962412,
                1.0261879621819951e-10,
                0.0,
                0.0,
                1.1399918519465712e-12
            ]
        ],
        [
            [
                0.9999999999870526,
                1.2256067437550536e-11,
                0.0,
                0.0,
                6.91440010324554e-13
            ],
            [
                0.9914223552177255,
                0.008577485330561066,
                1.4325859159829995e-07,
                1.5099330066435482e-08,
                1.0937918013925544e-09
            ],
            [
                1.22560673594696e-11,
                3.3982677960295502e-09,
                0.9999999931854189,
                3.3982677960295502e-09,
                5.7893562887543255e-12
            ],
            [
                3.206085762133404e-07,
                0.0015757177916666104,
                0.18212817370544016,
                0.8162418698222061,
                5.3918072110898796e-05
            ],
            [
                0.9999999999836526,
                1.5737102094672885e-11,
                0.0,
                0.0,
                6.101936672878742e-13
            ]
        ],
        [
            [
                0.9999999999837244,
                1.5737102096076152e-11,
                0.0,
                0.0,
                5.384940214063014e-13
            ],
            [
                0.9996646497253948,
                0.00033535005350467334,
                1.916528150203737e-10,
                2.2889664574555774e-11,
                6.557998699130992e-12
            ],
            [
                2.789463131210622e-10,
                1.8553898318472578e-07,
                0.99999898198488,
                8.315280330606235e-07,
                6.691574188893262e-10
            ],
            [
                5.852103870739496e-05,
                0.41848083716763335,
                0.537340024214634,
                0.04410755977028646,
                1.30578087388335e-05
            ],
            [
                0.9999999999443807,
                5.49278834530129e-11,
                0.0,
                0.0,
                6.914400099823631e-13
            ]
        ],
        [
            [
                0.9999999999939224,
                5.789356325678393e-12,
                0.0,
                0.0,
                2.8823507919247575e-13
            ],
            [
                0.9999999918453583,
                8.152020640056387e-09,
                1.0060392700999269e-12,
                4.75219301939189e-13,
                1.1399918426382112e-12
            ],
            [
                2.413362769487329e-12,
                3.775134540609516e-11,
                0.9999999990984887,
                8.592166610822179e-10,
                2.1297851688855488e-12
            ],
            [
                0.9999998554977699,
                1.4449803154786338e-07,
                2.734698422876956e-12,
                0.0,
                1.4637785843977492e-12
            ],
            [
                0.9999999998669431,
                1.3176514249676272e-10,
                0.0,
                0.0,
                1.291780002784169e-12
            ]
        ],
        [
            [
                0.9999999999946665,
                5.109089025686378e-12,
                0.0,
                0.0,
                2.2447770539766165e-13
            ],
            [
                0.9999999123565025,
                8.764249143008047e-08,
                1.006039385298351e-12,
                0.0,
                0.0
            ],
            [
                1.9171168815424118e-10,
                7.734201505052101e-08,
                0.9999723849564395,
                2.753569092402473e-05,
                1.8189098539497846e-09
            ],
            [
                1.4413811529870006e-07,
                0.0005517067719709867,
                0.22257434664193487,
                0.7768608275483286,
                1.2974899650252835e-05
            ],
            [
                0.9999999999765643,
                2.289734843855686e-11,
                0.0,
                0.0,
                5.384940213544672e-13
            ]
        ],
        [
            [
                0.9999999999817482,
                1.7832472899615123e-11,
                0.0,
                0.0,
                4.193795656373183e-13
            ],
            [
                0.9999921107041415,
                7.889265042326433e-06,
                2.28971749415962e-11,
                5.7893124573037535e-12,
                2.129769031559774e-12
            ],
            [
                4.75219306223758e-13,
                6.560200167417204e-12,
                0.9999999999499622,
                4.277787868488691e-11,
                2.2447770547689322e-13
            ],
            [
                0.9999999989762476,
                9.736200273843624e-10,
                0.0,
                1.6586783522418439e-12,
                4.847368686770681e-11
            ],
            [
                0.9999999998286804,
                1.6918979188380136e-10,
                0.0,
                0.0,
                2.1297851662010965e-12
            ]
        ],
        [
            [
                0.9999999998669431,
                1.3176514251869583e-10,
                0.0,
                0.0,
                1.2917800029991933e-12
            ],
            [
                0.00012076838191965183,
                0.6725785743354286,
                0.3177036226062927,
                0.009593816307994165,
                3.2183683649309557e-06
            ],
            [
                1.3887943271176761e-11,
                1.2501528129357167e-09,
                0.9999999573243277,
                4.1399375417796794e-08,
                1.2256066920084064e-11
            ],
            [
                0.9999999976607017,
                2.3355930243419223e-09,
                1.291779996789826e-12,
                0.0,
                2.413362756894401e-12
            ],
            [
                0.9999999999291012,
                7.052879846447179e-11,
                0.0,
                0.0,
                3.7010116761447153e-13
            ]
        ],
        [
            [
                0.9999999999607849,
                3.775134540887397e-11,
                0.0,
                0.0,
                1.4637785128108038e-12
            ],
            [
                0.9999038970510217,
                9.610239914434869e-05,
                4.058265259811553e-10,
                1.3175258297924948e-10,
                1.2254899208000448e-11
            ],
            [
                3.789606568379821e-07,
                0.0006046665281312379,
                0.8514338558776109,
                0.14795702442258224,
                4.074211018669302e-06
            ],
            [
                0.9999999804395618,
                1.9555680653577257e-08,
                1.6586783220799414e-12,
                0.0,
                3.0988190699063125e-12
            ],
            [
                0.9999999999609568,
                3.775134538071753e-11,
                0.0,
                0.0,
                1.2917800026619595e-12
            ]
        ],
        [
            [
                0.9999999999374318,
                6.224144617798854e-11,
                0.0,
                0.0,
                3.2661313401065274e-13
            ],
            [
                0.999998239655756,
                1.760343133288659e-06,
                6.914387620782394e-13,
                0.0,
                4.1937880851420114e-13
            ],
            [
                2.413362759746984e-12,
                5.905303969370009e-10,
                0.999999995029706,
                4.363462231091285e-09,
                1.388794379541257e-11
            ],
            [
                0.9999999998069886,
                1.9171715117410102e-10,
                2.882350790411497e-13,
                0.0,
                1.0060392782247341e-12
            ],
            [
                0.9999999999763192,
                2.2897348440591346e-11,
                0.0,
                0.0,
                7.835041779635964e-13
            ]
        ],
        [
            [
                0.9999999999919562,
                7.433680665900714e-12,
                0.0,
                0.0,
                6.101936672309632e-13
            ],
            [
                0.9999994956403829,
                5.043472049575481e-07,
                7.433681016849507e-12,
                3.0988192823296736e-12,
                1.879528903641646e-12
            ],
            [
                8.5921681427297e-10,
                1.8553899221738185e-07,
                0.9999995074824638,
                3.05902083013063e-07,
                2.1724403202941968e-10
            ],
            [
                0.00045655955026137785,
                0.825479198296563,
                0.08700486406843624,
                0.08700484982246111,
                5.452826227823492e-05
            ],
            [
                0.999999999916569,
                7.991959852771305e-11,
                0.0,
                0.0,
                3.511422095721498e-12
            ]
        ],
        [
            [
                0.9999999995386308,
                4.599055370015392e-10,
                0.0,
                0.0,
                1.463778511376965e-12
            ],
            [
                0.9999996072063774,
                3.927863694646116e-07,
                5.7893565485880305e-12,
                0.0,
                1.4637785697145597e-12
            ],
            [
                1.8187361883088731e-09,
                5.042851378772981e-07,
                0.9998760875316769,
                0.00012339450479932485,
                1.1859649711560808e-08
            ],
            [
                0.9999999997822808,
                2.1724399329587694e-10,
                0.0,
                0.0,
                4.752193058133129e-13
            ],
            [
                0.9999999999184217,
                7.991959883484785e-11,
                0.0,
                0.0,
                1.6586783569489723e-12
            ]
        ],
        [
            [
                0.9999999999857418,
                1.3887943855467629e-11,
                0.0,
                0.0,
                3.701011676061969e-13
            ],
            [
                0.998498771628878,
                0.001501181971480744,
                2.8410614992372186e-08,
                1.7231909054165136e-08,
                7.571172443174468e-10
            ],
            [
                5.905293364414782e-10,
                1.1253497206100335e-07,
                0.9999981254281026,
                1.760343142047676e-06,
                1.1032540455519243e-09
            ],
            [
                0.9999999961442796,
                3.8507418989264665e-09,
                1.8795288049023314e-12,
                0.0,
                3.098819119536065e-12
            ],
            [
                0.9999999999568028,
                4.277787866258046e-11,
                0.0,
                0.0,
                4.193795655721821e-13
            ]
        ],
        [
            [
                0.999999999990455,
                9.545034915508822e-12,
                0.0,
                0.0,
                0.0
            ],
            [
                0.9999724640885485,
                2.7535689815448825e-05,
                1.917120460973656e-10,
                2.594540405845752e-11,
                3.978856579163026e-12
            ],
            [
                6.691280110140557e-10,
                3.9276839390025397e-07,
                0.9999542023601744,
                4.5397853793853474e-05,
                6.348509809209358e-09
            ],
            [
                0.9999991684629036,
                8.315279896566776e-07,
                6.560200669602224e-12,
                1.6586784857002534e-12,
                8.878266157096332e-13
            ],
            [
                0.9999999999837876,
                1.573710209840651e-11,
                0.0,
                0.0,
                4.752193060217545e-13
            ]
        ],
        [
            [
                0.9999999999659932,
                3.331544537888177e-11,
                0.0,
                0.0,
                6.914400098061009e-13
            ],
            [
                0.985936175778491,
                0.01406362113456238,
                1.4246579625904674e-07,
                5.9388579563653116e-08,
                1.2325706461031565e-09
            ],
            [
                1.573710209615396e-11,
                4.599055375522705e-10,
                0.9999999993744377,
                1.4930946751811278e-10,
                6.101936673453017e-13
            ],
            [
                0.9999999927709472,
                7.1941329567436925e-09,
                6.560200101055962e-12,
                2.4133627471493063e-12,
                2.5946094717387652e-11
            ],
            [
                0.9999999999192968,
                7.991959886249003e-11,
                0.0,
                0.0,
                7.835041778491108e-13
            ]
        ],
        [
            [
                0.9999999999816924,
                1.7832472895887168e-11,
                0.0,
                0.0,
                4.752193059504181e-13
            ],
            [
                0.9994472205413444,
                0.000552778580433996,
                7.578368176044823e-10,
                1.025620603576358e-10,
                1.7822613676748944e-11
            ],
            [
                6.691573235934597e-10,
                6.475945910683585e-07,
                0.9999989585444126,
                3.9278597454702464e-07,
                4.0586443293068123e-10
            ],
            [
                0.9999999969942437,
                2.9989608042949376e-09,
                1.0060392723854103e-12,
                0.0,
                5.789356289035941e-12
            ],
            [
                0.9999999999698157,
                2.9400777369663965e-11,
                0.0,
                0.0,
                7.835041778886925e-13
            ]
        ],
        [
            [
                0.9999999999766276,
                2.2897348442398784e-11,
                0.0,
                0.0,
                4.752193059853769e-13
            ],
            [
                0.9999999987485455,
                1.250152862815453e-09,
                6.101936660174028e-13,
                0.0,
                6.914400087187958e-13
            ],
            [
                2.9400777275001215e-11,
                1.250152861375909e-09,
                0.999999996071743,
                2.6465736283011825e-09,
                2.12978516241923e-12
            ],
            [
                0.0001185295780887815,
                0.5140946548054284,
                0.24284110539856513,
                0.24284110823238966,
                0.0001046019855280086
            ],
            [
                0.999999999982971,
                1.5737102098393657e-11,
                0.0,
                0.0,
                1.2917800040907983e-12
            ]
        ],
        [
            [
                0.9999999999511562,
                4.8473687027886e-11,
                0.0,
                0.0,
                3.701011675934395e-13
            ],
            [
                0.9859363581519105,
                0.014063627070109363,
                1.325138267931234e-08,
                1.3966854587720408e-09,
                1.2991198453564257e-10
            ],
            [
                1.783247256567188e-11,
                7.194132892161306e-09,
                0.9999999808975141,
                1.1861119923549775e-08,
                2.940077682819972e-11
            ],
            [
                0.9999999979347742,
                2.061153615261962e-09,
                1.6586783531389875e-12,
                0.0,
                2.413362763430284e-12
            ],
            [
                0.9999999999838927,
                1.5737102094676663e-11,
                0.0,
                0.0,
                3.701011675726744e-13
            ]
        ],
        [
            [
                0.9999999999372833,
                6.224144617797929e-11,
                0.0,
                0.0,
                4.752193058869731e-13
            ],
            [
                0.9999999950526322,
                4.944450472662613e-09,
                1.6586783490932168e-12,
                4.752193034633475e-13,
                7.835041738673202e-13
            ],
            [
                1.2501505415507296e-09,
                5.043462436798118e-07,
                0.9999972324753328,
                2.260323047965871e-06,
                1.6052250700370813e-09
            ],
            [
                0.9999999907471956,
                9.237449540927245e-09,
                3.0988190981163056e-12,
                0.0,
                1.2256067283501535e-11
            ],
            [
                0.9999999999816924,
                1.7832472890457865e-11,
                0.0,
                0.0,
                4.752193058057321e-13
            ]
        ],
        [
            [
                0.9999999999291831,
                7.052879846447757e-11,
                0.0,
                0.0,
                2.8823507915381526e-13
            ],
            [
                0.9999417086259791,
                5.8291276707803204e-05,
                7.991487924668756e-11,
                1.3887123707063034e-11,
                3.5112147449843304e-12
            ],
            [
                2.0611459409736943e-09,
                1.3709526696790274e-06,
                0.9999957234292117,
                2.9023068244856916e-06,
                1.2501482073427914e-09
            ],
            [
                2.3561442212797882e-07,
                0.0024514657388000345,
                0.988991658729742,
                0.008556456420339285,
                1.8349669645618646e-07
            ],
            [
                0.9999999998669431,
                1.3176514251869583e-10,
                0.0,
                0.0,
                1.2917800029991933e-12
            ]
        ],
        [
            [
                0.9999999999783293,
                2.0206839070110492e-11,
                0.0,
                0.0,
                1.4637785126690237e-12
            ],
            [
                0.999941708703091,
                5.829127673508657e-05,
                1.2255343663028374e-11,
                5.789014438761153e-12,
                2.1296593966648636e-12
            ],
            [
                1.6586783574481998e-12,
                9.056076981668606e-11,
                0.9999999991455455,
                7.582560421210021e-10,
                3.978962532320413e-12
            ],
            [
                0.9999999956260053,
                4.363462224864175e-09,
                3.0988191187804647e-12,
                0.0,
                7.43368062451535e-12
            ],
            [
                0.9999999999273415,
                7.052879841778732e-11,
                0.0,
                0.0,
                2.129785168137334e-12
            ]
        ],
        [
            [
                0.9999999999510512,
                4.847368703170465e-11,
                0.0,
                0.0,
                4.752193059732224e-13
            ],
            [
                0.002411575992930569,
                0.9728992029188177,
                0.010807933769806596,
                0.013877661662309429,
                3.6256561357676415e-06
            ],
            [
                1.748234128146756e-13,
                5.109089027700065e-12,
                0.9999999999838272,
                1.0815941556516672e-11,
                7.28772409530153e-14
            ],
            [
                0.9999999998066242,
                1.9171715112724465e-10,
                0.0,
                0.0,
                1.6586783567635364e-12
            ],
            [
                0.9999999999697116,
                2.94007773696513e-11,
                0.0,
                0.0,
                8.878265471455851e-13
            ]
        ],
        [
            [
                0.9999999999734437,
                2.5946094964713583e-11,
                0.0,
                0.0,
                6.101936673360116e-13
            ],
            [
                2.5173603987167177e-06,
                0.014019590885265628,
                0.9828492025578823,
                0.003128193498800229,
                4.956976532040068e-07
            ],
            [
                1.0815942679713966e-11,
                2.0611538363355256e-09,
                0.9999999102653321,
                8.764249128956686e-08,
                2.0206841187194255e-11
            ],
            [
                0.9999999397523557,
                6.023574628804962e-08,
                5.7893570888954725e-12,
                2.1297854506047948e-12,
                3.978963058290371e-12
            ],
            [
                0.999999999986112,
                1.388794385124374e-11,
                0.0,
                0.0,
                0.0
            ]
        ],
        [
            [
                0.9999999999872056,
                1.2256067435741422e-11,
                0.0,
                0.0,
                5.38494021408176e-13
            ],
            [
                0.9999993524021126,
                6.475946143403215e-07,
                2.7346983521929417e-12,
                5.384940337084612e-13,
                0.0
            ],
            [
                1.5737102785743087e-11,
                3.398267966092372e-09,
                0.9999994920470744,
                5.043472033416529e-07,
                1.9171715964628498e-10
