{
    "[['A', 'B', 'C', 'D', 'E'], ['A', 'B', 'C', 'D', 'E']]": [
        [
            [
                0.9999999123567251,
                8.76424914232088e-08,
                7.835042610095993e-13,
                0.0,
                0.0
            ],
            [
                0.9999986290425622,
                1.370956654338893e-06,
                7.835027885907305e-13,
                0.0,
                0.0
            ],
            [
                5.384940216061941e-13,
                6.224144620951988e-11,
                0.9999999997190883,
                2.1724399343963775e-10,
                8.878265475669867e-13
            ],
            [
                1.5737102075877206e-11,
                2.940077733495583e-11,
                4.508755233417275e-12,
                1.250152863925244e-09,
                0.9999999987002004
            ],
            [
                7.05287983312946e-11,
                6.224144607038105e-11,
                7.433680653398563e-12,
                1.8189616829152466e-09,
                0.9999999980408343
            ]
        ],
        [
            [
                0.999999990761652,
                9.237449568694848e-09,
                2.882350764339664e-13,
                0.0,
                6.101936615990623e-13
            ],
            [
                0.9999996072117509,
                3.9278636962027674e-07,
                1.8795288886611996e-12,
                0.0,
                0.0
            ],
            [
                4.1937956575089975e-13,
                5.492788349814492e-11,
                0.9999999998408939,
                1.0261879629571732e-10,
                1.139991852807716e-12
            ],
            [
                2.5946094889827103e-11,
                4.2777878536461843e-11,
                7.43368064572513e-12,
                2.6465736294292277e-09,
                0.9999999972772686
            ],
            [
                2.594609486292215e-11,
                6.224144594159057e-11,
                1.0815941507327899e-11,
                3.8507419049814095e-09,
                0.9999999960502546
            ]
        ],
        [
            [
                0.9999998874633524,
                1.1253518373359427e-07,
                1.4637786313780495e-12,
                0.0,
                0.0
            ],
            [
                0.9999546021132342,
                4.539785570773497e-05,
                2.9399434244907693e-11,
                1.6586025836928414e-12,
                0.0
            ],
            [
                1.5735932753332564e-11,
                2.335419491347792e-09,
                0.9999251470891019,
                7.484619660474736e-05,
                4.36313802361893e-09
            ],
            [
                2.2897348392399713e-11,
                3.775134533718079e-11,
                6.56020014980148e-12,
                2.0611536166724373e-09,
                0.9999999978716374
            ],
            [
                2.594609487955872e-11,
                4.847368686988846e-11,
                6.560200142059229e-12,
                2.6465736283818243e-09,
                0.9999999972724465
            ]
        ],
        [
            [
                0.9999999317421822,
                6.825604225311722e-08,
                8.87826658274912e-13,
                0.0,
                8.87826658274912e-13
            ],
            [
                0.999999168470131,
                8.315279894597617e-07,
                1.879528959761373e-12,
                0.0,
                0.0
            ],
            [
                3.0988191303245933e-12,
                5.905303982941748e-10,
                0.9999999973386569,
                2.061153616853209e-09,
                6.560200150376838e-12
            ],
            [
                9.545034889119126e-12,
                5.4927883315492984e-11,
                9.545034889119126e-12,
                2.998960814262326e-09,
                0.9999999969270212
            ],
            [
                1.2256067423709818e-11,
                2.9400777343932463e-11,
                4.508755234793887e-12,
                7.582560415297269e-10,
                0.9999999991955784
            ]
        ],
        [
            [
                0.9999938558194412,
                6.144172119088944e-06,
                6.5601634661516e-12,
                0.0,
                1.8795183012394044e-12
            ],
            [
                0.9999952149032731,
                4.785094847362451e-06,
                1.8795181688133532e-12,
                0.0,
                0.0
            ],
            [
                7.287724094911741e-14,
                6.914400106078763e-13,
                0.999999999991696,
                7.433680671426053e-12,
                1.0603575990202786e-13
            ],
            [
                1.0815941495963524e-11,
                3.775134522875558e-11,
                7.43368063020612e-12,
                4.944450473905539e-09,
                0.9999999949995486
            ],
            [
                1.7832472781008015e-11,
                7.991959835974466e-11,
                1.3887943765948555e-11,
                6.3488000707792835e-09,
                0.9999999935395598
            ]
        ],
        [
            [
                0.9999999468418621,
                5.3157849701669196e-08,
                2.8823506393129097e-13,
                0.0,
                0.0
            ],
            [
                0.3208212797530736,
                0.6791786324033249,
                8.660820175220315e-08,
                1.235399648231225e-09,
                0.0
            ],
            [
                4.5087550934891235e-12,
                6.691585870445539e-10,
                0.9999999670585202,
                3.224186630846573e-08,
                2.594609412644698e-11
            ],
            [
                4.5990553632876534e-10,
                7.991959866254151e-11,
                8.423463726327284e-12,
                1.8189616814762036e-09,
                0.9999999976327898
            ],
            [
                2.0206839033934243e-11,
                4.8473686927674834e-11,
                8.423463731004348e-12,
                1.6052280507141078e-09,
                0.999999998317668
            ]
        ],
        [
            [
                0.9999999317427912,
                6.82560422531588e-08,
                6.914400966965912e-13,
                0.0,
                4.752193653857602e-13
            ],
            [
                0.999993855823582,
                6.144172123159421e-06,
                3.5114024705366784e-12,
                0.0,
                7.834997955964412e-13
            ],
            [
                5.0087746370755916e-14,
                3.7010116780252557e-13,
                0.9999999999959956,
                3.511422112838162e-12,
                7.287724094702384e-14
            ],
            [
                1.0815941543208097e-11,
                2.594609494899427e-11,
                5.109089021413539e-12,
                5.905303991257932e-10,
                0.9999999993675985
            ],
            [
                6.224144611086393e-11,
                5.4927883405223436e-11,
                1.0815941536743197e-11,
                1.250152864012353e-09,
                0.999999998621862
            ]
        ],
        [
            [
                0.999999887459304,
                1.1253518368328686e-07,
                2.413362964070449e-12,
                0.0,
                3.0988193855593216e-12
            ],
            [
                0.9999997617625405,
                2.3823698442092642e-07,
                4.752193415255451e-13,
                0.0,
                0.0
            ],
            [
                1.4637785138004028e-12,
                7.052879849543784e-11,
                0.9999999998109415,
                1.1628233027635154e-10,
                7.835041783322081e-13
            ],
            [
                2.289734833536435e-11,
                3.775134524314537e-11,
                5.1090890010442305e-12,
                4.363462229867808e-09,
                0.9999999955707799
            ],
            [
                2.4133627670531786e-12,
                1.225606741982446e-11,
                3.5114221064216014e-12,
                8.592166602156006e-10,
                0.9999999991226025
            ]
        ],
        [
            [
                0.9999999123565508,
                8.764249140653635e-08,
                4.1937960991893436e-13,
                0.0,
                5.384940783765022e-13
            ],
            [
                0.999999352404094,
                6.475946142839056e-07,
                1.2917800332993785e-12,
                0.0,
                0.0
            ],
            [
                3.900837609813107e-14,
                4.752193062323315e-13,
                0.9999999999963225,
                3.0988191384297985e-12,
                6.431393940845917e-14
            ],
            [
                3.160881445389479e-10,
                1.493094671981664e-10,
                1.783247285779942e-11,
                2.0611536166192397e-09,
                0.9999999974556162
            ],
            [
                8.423463729488006e-12,
                2.5946094905818876e-11,
                5.1090890129118005e-12,
                2.3355930318728976e-09,
                0.9999999976249283
            ]
        ],
        [
            [
                0.9999962733564964,
                3.726639112937876e-06,
                3.0988074481424887e-12,
                0.0,
                1.2917751314274825e-12
            ],
            [
                0.999995214902056,
                4.785094845191475e-06,
                3.0988015821840178e-12,
                0.0,
                0.0
            ],
            [
                5.38494021675301e-13,
                2.2897348452199062e-11,
                0.9999999998435072,
                1.3176514267646037e-10,
                1.2917800045458625e-12
            ],
            [
                1.9171715082521826e-10,
                9.056076963663754e-11,
                7.433680651002608e-12,
                2.061153616518911e-09,
                0.9999999976491347
            ],
            [
                2.061153614767873e-09,
                2.1724399269941747e-10,
                1.57371020482965e-11,
                7.582560399693034e-10,
                0.9999999969476092
            ]
        ],
        [
            [
                0.9999999928055403,
                7.1941329752588624e-09,
                3.2661313177872856e-13,
                0.0,
                0.0
            ],
            [
                0.9999898699952849,
                1.0129988092538294e-05,
                1.3887812464871697e-11,
                0.0,
                2.734672417379573e-12
            ],
            [
                6.752696003796442e-09,
                4.177745082885998e-07,
                0.2689246315686944,
                0.7310129406695337,
                6.200323456763666e-05
            ],
            [
                1.8189616753826085e-09,
                2.7894680742049543e-10,
                1.225606736209572e-11,
                4.36346222374834e-09,
                0.9999999935263733
            ],
            [
                2.940077732351621e-11,
                4.847368694839916e-11,
                5.789356315079058e-12,
                1.605228051400403e-09,
                0.9999999983111081
            ]
        ],
        [
            [
                0.9999999950548528,
                4.944450474178988e-09,
                3.7010116578140613e-13,
                0.0,
                3.2661313244503875e-13
            ],
            [
                0.9968273165495726,
                0.0031726830681534832,
                3.570384426675762e-10,
                2.014273058974539e-11,
                5.0928798607151275e-12
            ],
            [
                5.384940216927952e-13,
                3.775134543699968e-11,
                0.9999999998694908,
                9.056076988283607e-11,
                1.6586783586597793e-12
            ],
            [
                3.1608814468968686e-10,
                1.0261879607622988e-10,
                8.42346373470348e-12,
                1.2501528634533318e-09,
                0.9999999983227168
            ],
            [
                1.783247285948325e-11,
                3.775134533977111e-11,
                6.56020015025161e-12,
                1.4166087827774044e-09,
                0.9999999985212471
            ]
        ],
        [
            [
                0.9999999586000143,
                4.139937542824394e-08,
                0.0,
                0.0,
                6.101936418253235e-13
            ],
            [
                0.9997388096331354,
                0.0002611903291231009,
                3.774148621071e-11,
                0.0,
                0.0
            ],
            [
                8.25807328491139e-14,
                7.835041784452877e-13,
                0.9999999999924802,
                6.560200167641765e-12,
                9.357622968109827e-14
            ],
            [
                2.289734837613619e-11,
                7.052879826372062e-11,
                9.545034889358546e-12,
                2.6465736296254635e-09,
                0.9999999972504552
            ],
            [
                3.7751345398156234e-11,
                2.940077735808315e-11,
                3.511422109224834e-12,
                5.211412481726903e-10,
                0.9999999994081952
            ]
        ],
        [
            [
                0.9999986290412167,
                1.3709566535389947e-06,
                2.129781391530529e-12,
                0.0,
                0.0
            ],
            [
                0.9959298616948438,
                0.004070137770462809,
                5.190203856392096e-10,
                1.5673057589146825e-11,
                0.0
            ],
            [
                1.0603575990209293e-13,
                8.878265477358996e-13,
                0.9999999999923097,
                6.560200167340494e-12,
                1.3615261079208618e-13
            ],
            [
                1.0815941534110096e-11,
                4.847368695883674e-11,
                6.560200154097069e-12,
                9.736200292147557e-10,
                0.9999999989605302
            ],
            [
                2.6465736278587046e-09,
                1.6918979155508382e-10,
                1.0815941512125183e-11,
                7.582560396251945e-10,
                0.9999999964151647
            ]
        ],
        [
            [
                0.9999986290416877,
                1.3709566537173654e-06,
                1.6586754157106875e-12,
                0.0,
                0.0
            ],
            [
                0.9999962733560831,
                3.7266391137389197e-06,
                3.5114088669694003e-12,
                0.0,
                1.2917751317051505e-12
            ],
            [
                9.357622967847628e-14,
                5.384940217182864e-13,
                0.9999999999965505,
                2.73469829130181e-12,
                8.258073284680001e-14
            ],
            [
                1.1628232995699272e-10,
                1.0261879601236598e-10,
                8.423463729461213e-12,
                2.3355930318654687e-09,
                0.9999999974370823
            ],
            [
                3.978962528688479e-12,
                1.5737102078589005e-11,
                4.508755234194219e-12,
                1.1032560303614009e-09,
                0.9999999988725192
            ]
        ],
        [
            [
                0.9999997617611842,
                2.3823698435787707e-07,
                1.1399919372992443e-12,
                0.0,
                6.914400617971937e-13
            ],
            [
                0.9999999865588935,
                1.3440409757395187e-08,
                3.266131295707057e-13,
                0.0,
                3.701011625243601e-13
            ],
            [
                2.4133627538756927e-12,
                1.6918979100259363e-10,
                0.9999999926140568,
                7.194132976794768e-09,
                2.020683893986569e-11
            ],
            [
                3.331544362706206e-11,
                1.3176513560316582e-10,
                2.2897347223044774e-11,
                5.3157849680791826e-08,
                0.9999999466541725
            ],
            [
                2.594609492709413e-11,
                2.940077732976174e-11,
                4.508755232620736e-12,
                1.4166087836036877e-09,
                0.9999999985235355
            ]
        ],
        [
            [
                0.9999999585988348,
                4.1399375442477885e-08,
                1.006039236869283e-12,
                0.0,
                7.835041454743562e-13
            ],
            [
                0.9995694427733465,
                0.00043055711768932696,
                1.0257457281962684e-10,
                3.977247804758314e-12,
                2.4123227348606835e-12
            ],
            [
                9.357622967937356e-14,
                6.101936677016612e-13,
                0.9999999999940812,
                5.109089027570403e-12,
                1.0603575990500819e-13
            ],
            [
                7.582560387581001e-10,
                4.5990553541903856e-10,
                3.331544524446249e-11,
                3.3982678014200133e-09,
                0.9999999953502552
            ],
            [
                1.3176514237879746e-10,
                7.99195987341411e-11,
                8.423463733873826e-12,
                1.818961683105803e-09,
                0.9999999979609302
            ]
        ],
        [
            [
                0.9999999123538035,
                8.764249138490735e-08,
                2.413363024906153e-12,
                0.0,
                1.291780140246179e-12
            ],
            [
                0.9999996072098897,
                3.927863695236903e-07,
                2.7346983958564705e-12,
                0.0,
                1.0060393176401183e-12
            ],
            [
                9.357622967829597e-14,
                6.914400106193482e-13,
                0.9999999999946236,
                4.508755241807902e-12,
                8.258073284664088e-14
            ],
            [
                1.0815941523765107e-11,
                4.277787855711349e-11,
                1.0815941523765107e-11,
                2.0611536160506647e-09,
                0.9999999978744367
            ],
            [
                9.736200277782157e-10,
                2.17243992721872e-10,
                1.783247284362514e-11,
                1.8189616809716997e-09,
                0.9999999969723419
            ]
        ],
        [
            [
                0.9999998874642778,
                1.1253518374657281e-07,
                0.0,
                0.0,
                5.384940649721594e-13
            ],
            [
                0.9959298609213086,
                0.004070137769676769,
                1.245065178904293e-09,
                4.82764160108752e-11,
                1.567305757314877e-11
            ],
            [
                7.835041776542193e-13,
                7.991959884261055e-11,
                0.9999999989416979,
                9.736200302419474e-10,
                3.978962531509311e-12
            ],
            [
                1.0815941530104314e-11,
                3.331544533793958e-11,
                4.50875523096394e-12,
                1.6052280511515374e-09,
                0.9999999983461318
            ],
            [
                1.3709566535620734e-06,
                3.5817415743274926e-10,
                8.423448806693593e-12,
                3.160875845202485e-10,
                0.9999986283606612
            ]
        ],
        [
            [
                0.9999999715459613,
                2.8453347252518582e-08,
                0.0,
                0.0,
                6.914399903465596e-13
            ],
            [
                0.9999962733552379,
                3.726639113359526e-06,
                4.508738233112399e-12,
                0.0,
                1.1399875524495456e-12
            ],
            [
                1.0603575990491768e-13,
                7.835041784301781e-13,
                0.9999999999932276,
                5.789356328167156e-12,
                9.357622967929369e-14
            ],
            [
                8.42346363438664e-12,
                3.7751344904620757e-11,
                1.0815941403097343e-11,
                1.3440409759533151e-08,
                0.9999999865025995
            ],
            [
                1.573710207118006e-11,
                3.775134535719229e-11,
                7.433680655496808e-12,
                1.1032560298419937e-09,
                0.9999999988358219
            ]
        ],
        [
            [
                0.9999999936505031,
                6.348800072423371e-09,
                3.2661313203470405e-13,
                0.0,
                3.7010116531643596e-13
            ],
            [
                0.9999999123568172,
                8.764249143010804e-08,
                6.914400835572342e-13,
                0.0,
                0.0
            ],
            [
                5.0087746371674384e-14,
                3.701011678093122e-13,
                0.9999999999967883,
                2.734698291222754e-12,
                5.675685231866637e-14
            ],
            [
                1.573710204032378e-11,
                4.847368685774764e-11,
                7.433680640921335e-12,
                3.398267805126622e-09,
                0.9999999965300876
            ],
            [
                4.5990553677217023e-10,
                1.6918979185939821e-10,
                1.5737102069460395e-11,
                9.736200289869454e-10,
                0.9999999983815475
            ]
        ],
        [
            [
                0.9999999847678653,
                1.5229979491152605e-08,
                6.91439999182413e-13,
                0.0,
                1.463778489755836e-12
            ],
            [
                0.9999038975812535,
                9.610239925713771e-05,
                1.7830773155578842e-11,
                0.0,
                1.6585202572973765e-12
            ],
            [
                8.258073284428532e-14,
                6.101936676772291e-13,
                0.9999999999952456,
                3.978962535294034e-12,
                8.258073284428532e-14
            ],
            [
                3.775134520367792e-11,
                9.056076932312627e-11,
                1.225606736647084e-11,
                5.602796402049744e-09,
                0.9999999942566353
            ],
            [
                9.056076895445381e-11,
                1.9171714938103528e-10,
                2.59460947127984e-11,
                9.237449565855944e-09,
                0.9999999904543265
            ]
        ],
        [
            [
                0.9999998555014299,
                1.4449803164135512e-07,
                5.384940479753802e-13,
                0.0,
                0.0
            ],
            [
                0.9999970976751075,
                2.902312197111299e-06,
                1.0815900640875871e-11,
                0.0,
                1.8795217063331967e-12
            ],
            [
                9.357622967847129e-14,
                6.101936676957776e-13,
                0.9999999999964972,
                2.7346982913016642e-12,
                6.43139394076949e-14
            ],
            [
                2.5946094926991488e-11,
                4.277787859773556e-11,
                3.9789625272841454e-12,
                1.103256029972018e-09,
                0.9999999988240411
            ],
            [
                2.940077734542716e-11,
                1.5737102081482108e-11,
                3.511422107713291e-12,
                5.905303989419967e-10,
                0.9999999993608204
            ]
        ],
        [
            [
                0.9999999988963739,
                1.1032560306781986e-09,
                0.0,
                0.0,
                3.7010116730060274e-13
            ],
            [
                0.999997097683927,
                2.902312198271514e-06,
                2.73468794739656e-12,
                0.0,
                1.1399875409422045e-12
            ],
            [
                1.201542573042079e-13,
                1.1399918529161763e-12,
                0.9999999999901803,
                8.423463753521525e-12,
                1.3615261079365658e-13
            ],
            [
                2.940077735742738e-11,
                3.775134539731421e-11,
                8.423463744321408e-12,
                6.691586083231831e-10,
                0.9999999992552657
            ],
            [
                3.1608814438292264e-10,
                1.6918979170032e-10,
                1.2256067403446795e-11,
                2.061153615601827e-09,
                0.9999999974413123
            ]
        ],
        [
            [
                0.9999999950547043,
                4.944450474567027e-09,
                3.7010116581045156e-13,
                0.0,
                4.752193036463839e-13
            ],
            [
                0.999972464307433,
                2.7535689832471446e-05,
                2.7346254703962215e-12,
                0.0,
                0.0
            ],
            [
                3.5114221051670354e-12,
                6.691586075648289e-10,
                0.9999999977169929,
                1.6052280514326928e-09,
                5.109089016118608e-12
            ],
            [
                3.331544537879823e-11,
                2.940077735501571e-11,
                5.789356321281677e-12,
                4.599055372734863e-10,
                0.9999999994715889
            ],
            [
                1.783247287227886e-11,
                2.594609493057772e-11,
                5.109089017787106e-12,
                1.1032560301245083e-09,
                0.9999999988478563
            ]
        ],
        [
            [
                0.9999999992407358,
                7.582560416405217e-10,
                2.2447770516144794e-13,
                0.0,
                7.835041773174555e-13
            ],
            [
                0.9999869928598867,
                1.3007124761816864e-05,
                1.3887759267214584e-11,
                1.4637590576662625e-12,
                0.0
            ],
            [
                1.201542573012337e-13,
                6.914400105991605e-13,
                0.9999999999945735,
                4.508755241676262e-12,
                1.0603575990069125e-13
            ],
            [
                5.789356308662139e-12,
                1.7832472846331017e-11,
                3.978962522044366e-12,
                2.335593030703121e-09,
                0.9999999976368061
            ],
            [
                1.7832472884831386e-11,
                2.5946094948841538e-11,
                3.97896253063496e-12,
                5.905303991223171e-10,
                0.9999999993617121
            ]
        ],
        [
            [
                0.9999997617611843,
                2.382369843125982e-07,
                1.1399919370825795e-12,
                0.0,
                6.914400616657798e-13
            ],
            [
                0.9999921107318541,
                7.889265047137526e-06,
                3.0987956579289244e-12,
                0.0,
                0.0
            ],
            [
                1.201542572903453e-13,
                1.2256067441307406e-11,
                0.9999999997923952,
                1.9171715133215577e-10,
                3.5114221125765683e-12
            ],
            [
                1.2256067425019547e-11,
                2.2897348420809516e-11,
                5.109089020109625e-12,
                7.582560416107569e-10,
                0.9999999992014814
            ],
            [
                5.211412436425661e-10,
                4.0586520863963637e-10,
                3.775134506999514e-11,
                8.152020633968682e-09,
                0.9999999908832217
            ]
        ],
        [
            [
                0.9999999956358638,
                4.363462231626978e-09,
                2.54366563495041e-13,
                0.0,
                4.193795637891689e-13
            ],
            [
                0.9999970976826938,
                2.902312197133317e-06,
                5.109069700558626e-12,
                0.0,
                0.0
            ],
            [
                1.0603575990612034e-13,
                7.835041784390646e-13,
                0.9999999999939286,
                5.10908902762399e-12,
                7.287724095193014e-14
            ],
            [
                1.0815941512502949e-11,
                2.289734836165046e-11,
                4.5087552236265994e-12,
                2.998960812440293e-09,
                0.999999996962817
            ],
            [
                2.461696938500162e-10,
                1.1628232967324313e-10,
                1.3887943789844677e-11,
                4.363462229341905e-09,
                0.9999999952601977
            ]
        ],
        [
            [
                0.9999989322961408,
                1.067703075676303e-06,
                7.835027456472785e-13,
                0.0,
                0.0
            ],
            [
                0.9999869928659285,
                1.3007124758298557e-05,
                7.433581862286408e-12,
                0.0,
                1.87950383344199e-12
            ],
            [
                5.6756852320272455e-14,
                4.193795657932154e-13,
                0.9999999999959397,
                3.5114221130019165e-12,
                7.287724095042244e-14
            ],
            [
                1.573710208515561e-11,
                2.020683906234946e-11,
                5.109089021016e-12,
                6.691586082062607e-10,
                0.9999999992897883
            ],
            [
                1.917171510688497e-10,
                5.492788342159517e-11,
                5.789356319460615e-12,
                7.582560415770554e-10,
                0.9999999989893096
            ]
        ],
        [
            [
                0.9999996072131551,
                3.9278636977767235e-07,
                4.752193247028698e-13,
                0.0,
                0.0
            ],
            [
                0.9999938558218786,
                6.14417212460583e-06,
                5.10906044910274e-12,
                0.0,
                8.878215815672854e-13
            ],
            [
                1.3887944117837613e-11,
                3.8507419928824555e-09,
                0.9999993479502279,
                6.475946117810805e-07,
                5.905304106468627e-10
            ],
            [
                1.0261879603050718e-10,
                1.0261879603050718e-10,
                9.545034896190887e-12,
                1.8189616824745041e-09,
                0.9999999979662557
            ],
            [
                2.5946094877542246e-11,
                4.847368686612119e-11,
                8.423463720307928e-12,
                2.9989608126952487e-09,
                0.9999999969181959
            ]
        ],
        [
            [
                0.9999999748893844,
                2.5109990917918707e-08,
                3.7010115843323813e-13,
                0.0,
                2.5436655825928354e-13
            ],
            [
                0.9999993524039219,
                6.475946143414932e-07,
                1.4637785465659712e-12,
                0.0,
                0.0
            ],
            [
                1.917167992045706e-10,
                6.348788453733219e-09,
                0.9999989236952779,
                1.0677030669762382e-06,
                2.0611498362406918e-09
            ],
            [
                6.224144496834108e-11,
                2.172439891074981e-10,
                6.224144496834108e-11,
                1.9555680691738787e-08,
                0.9999999801025925
            ],
            [
                1.7832472625774583e-11,
                5.492788263978044e-11,
                1.0815941386018535e-11,
                1.5229979503550514e-08,
                0.9999999846864442
            ]
        ],
        [
            [
                0.999999352401875,
                6.475946135955609e-07,
                3.5114221871515417e-12,
                0.0,
                0.0
            ],
            [
                0.9999999468414427,
                5.315784968287844e-08,
                4.1937954326371036e-13,
                0.0,
                2.882350638294028e-13
            ],
            [
                1.9810087978376442e-13,
                1.879528816338574e-12,
                0.99999999998388,
                1.3887943863482445e-11,
                1.5428112030272995e-13
            ],
            [
                3.33154452260979e-11,
                1.1628232961961651e-10,
                1.7832472803467335e-11,
                4.944450472914044e-09,
                0.9999999948881193
            ],
            [
                2.3355930233064523e-09,
                3.581747906524072e-10,
                2.020683895618245e-11,
                3.3982677969530564e-09,
                0.9999999938877575
            ]
        ],
        [
            [
                0.999999984769482,
                1.5229979502560878e-08,
                0.0,
                0.0,
                5.384940132135228e-13
            ],
            [
                0.9999999804437809,
                1.955568067771256e-08,
                0.0,
                0.0,
                5.384940104816611e-13
            ],
            [
                8.423463740012482e-12,
                6.691586079808826e-10,
                0.9999999983460632,
                9.736200296300508e-10,
                2.734698286898645e-12
            ],
            [
                2.940077630163892e-11,
                7.99195959633344e-11,
                1.081594115585351e-11,
                3.653482078122556e-08,
                0.9999999633450429
            ],
            [
                2.940077732621016e-11,
                3.77513453572305e-11,
                3.5114221054181477e-12,
                1.6052280515474875e-09,
                0.9999999983241084
            ]
        ],
        [
            [
                0.9999998874638101,
                1.1253518377675686e-07,
                0.0,
                0.0,
                1.0060393602553199e-12
            ],
            [
                0.9999993524037271,
                6.47594614283668e-07,
                1.6586783955255305e-12,
                0.0,
                0.0
            ],
            [
                3.9008376097662884e-14,
                4.1937956579339944e-13,
                0.9999999999963785,
                3.098819138392606e-12,
                6.431393940768726e-14
            ],
            [
                4.508755224764775e-12,
                2.0206839011657936e-11,
                5.1090890081991764e-12,
                2.998960813197341e-09,
                0.9999999969712146
            ],
            [
                5.211412469939185e-10,
                1.9171715071551137e-10,
                2.289734837759157e-11,
                1.6052280496568214e-09,
                0.9999999976590161
            ]
        ],
        [
            [
                0.9999986290361033,
                1.3709566533305951e-06,
                4.50874724056612e-12,
                0.0,
                2.7346934382980846e-12
            ],
            [
                0.9999999123567251,
                8.764249139652503e-08,
                7.835042607710525e-13,
                0.0,
                0.0
            ],
            [
                2.882350793269278e-13,
                1.463778514036981e-12,
                0.9999999999941755,
                3.9789625355955084e-12,
                9.357622968271677e-14
            ],
            [
                4.277787860714046e-11,
                5.492788340355115e-11,
                9.54503490442134e-12,
                1.4166087839095313e-09,
                0.9999999984761405
            ],
            [
                3.978962526370495e-12,
                1.783247286571938e-11,
                3.978962526370495e-12,
                1.103256029718688e-09,
                0.9999999988709536
            ]
        ],
        [
            [
                0.9999999634647598,
                3.6534820774699204e-08,
                0.0,
                0.0,
                4.193795501978242e-13
            ],
            [
                0.9999996940953725,
                3.0590235874330644e-07,
                1.6586785662690375e-12,
                0.0,
                6.101937440421027e-13
            ],
            [
                2.413362770618969e-12,
                9.056076985116448e-11,
                0.9999999995453397,
                3.5817479284810817e-10,
                3.511422111609796e-12
            ],
            [
                3.511422077399758e-12,
                2.5946094716930415e-11,
                5.109088975717458e-12,
                9.237449567327045e-09,
                0.9999999907279838
            ],
            [
                5.789356315392229e-12,
                1.7832472867061155e-11,
                4.508755231906851e-12,
                1.4166087833793917e-09,
                0.9999999985552606
            ]
        ],
        [
            [
                0.9999998874645618,
                1.1253518379762279e-07,
                2.5436658525778463e-13,
                0.0,
                0.0
            ],
            [
                0.9999251537933672,
                7.484619708844635e-05,
                9.544325735753335e-12,
                0.0,
                0.0
            ],
            [
                2.882350776910273e-13,
                7.052879810654517e-11,
                0.9999999942930711,
                5.6027964053977805e-09,
                3.3315445230555743e-11
            ],
            [
                2.734698285103075e-12,
                1.3887943832011178e-11,
                2.734698285103075e-12,
                1.250152863420422e-09,
                0.9999999987304897
            ],
            [
                1.0815941535163185e-11,
                2.2897348409622182e-11,
                4.508755233072792e-12,
                1.4166087837457196e-09,
                0.9999999985451691
            ]
        ],
        [
            [
                0.9999993524002672,
                6.475946139628775e-07,
                3.9789626216921735e-12,
                0.0,
                1.1399918776422057e-12
            ],
