{
    "[['A', 'B', 'C', 'D', 'E'], ['A', 'B', 'C', 'D', 'E']]": [
        [
            [
                0.9999999981741161,
                1.8189616822250527e-09,
                2.413362764764137e-12,
                0.0,
                4.5087552290880505e-12
            ],
            [
                0.9999989322924152,
                1.0677030760813508e-06,
                4.508746998470121e-12,
                0.0,
                0.0
            ],
            [
                1.1963318928177112e-06,
                0.010984721859611028,
                0.9888128826056345,
                0.00020119208920534615,
                7.1136562492818125e-09
            ],
            [
                6.023574936366794e-08,
                2.0611539983178522e-09,
                7.052881137300377e-11,
                3.0590208455615876e-07,
                0.9999996317304832
            ],
            [
                7.1941329501056475e-09,
                1.9171714923804765e-10,
                8.423463660540993e-12,
                3.3982677816019508e-09,
                0.9999999892074586
            ]
        ],
        [
            [
                0.9999999881342657,
                1.1861120000411658e-08,
                1.8795287926221712e-12,
                0.0,
                2.734698256792973e-12
            ],
            [
                0.9999962733498762,
                3.726639115029022e-06,
                9.54499891867721e-12,
                0.0,
                1.4637729927086215e-12
            ],
            [
                2.0206841601850483e-11,
                1.605228254708962e-09,
                0.9999996923922868,
                3.059023585242461e-07,
                7.9919608863222e-11
            ],
            [
                2.461683003914263e-10,
                2.461683003914263e-10,
                3.775113154479956e-11,
                4.785094843217211e-06,
                0.9999952143750691
            ],
            [
                1.081594114622469e-11,
                3.3315444155507093e-11,
                9.545034560080566e-12,
                3.653482074870067e-08,
                0.999999963411503
            ]
        ],
        [
            [
                0.999999998383956,
                1.6052280483431383e-09,
                0.0,
                0.0,
                1.081594151118147e-11
            ],
            [
                0.9999982396460296,
                1.7603431335966114e-06,
                9.545017687901246e-12,
                0.0,
                1.291777672290593e-12
            ],
            [
                2.789468208308927e-10,
                3.224186870687234e-08,
                0.9999997289261198,
                2.3823697660943632e-07,
                3.1608815851243526e-10
            ],
            [
                3.1608814382399417e-10,
                1.4930946686044619e-10,
                1.0815941502284343e-11,
                3.850741903185779e-09,
                0.9999999956730445
            ],
            [
                4.8473692629758767e-11,
                1.0261880810247699e-10,
                2.0206841410916467e-11,
                7.734422795416505e-08,
                0.9999999224844727
            ]
        ],
        [
            [
                0.9999999990183559,
                9.736200274253597e-10,
                1.4637785082991849e-12,
                0.0,
                6.560200142040213e-12
            ],
            [
                0.9999991684584388,
                8.315279897369168e-07,
                1.0815942385078104e-11,
                1.291780103651701e-12,
                1.4637786261554294e-12
            ],
            [
                8.878265477098624e-13,
                1.0815941555627614e-11,
                0.9999999999172291,
                7.052879850030956e-11,
                5.384940216928526e-13
            ],
            [
                1.4930946549888188e-10,
                1.3176514082932476e-10,
                2.2897348131215018e-11,
                1.3440409760223579e-08,
                0.9999999862556184
            ],
            [
                1.1628232791916958e-10,
                5.492788238387839e-11,
                8.4234635818418e-12,
                1.9555680687084768e-08,
                0.9999999802646857
            ]
        ],
        [
            [
                0.9999999961378334,
                3.850741896347186e-09,
                1.8795288036433965e-12,
                0.0,
                9.545034857350928e-12
            ],
            [
                0.9820136993803115,
                0.01798621204667356,
                8.606609478542726e-08,
                2.2935837372968486e-09,
                2.1333651978655095e-10
            ],
            [
                3.97896251133711e-12,
                4.599055350334017e-10,
                0.999999993922503,
                5.602796403038517e-09,
                1.0815941490687435e-11
            ],
            [
                7.052880416359777e-11,
                9.056077715465174e-11,
                1.3887944978002572e-11,
                1.1253518373830392e-07,
                0.9999998872898388
            ],
            [
                7.582561363869647e-10,
                1.1032561685246017e-09,
                6.224145391188682e-11,
                3.05902358261056e-07,
                0.999999692173888
            ]
        ],
        [
            [
                0.9999999997172628,
                2.789468090432973e-10,
                6.914400100902082e-13,
                0.0,
                3.0988191360157276e-12
            ],
            [
                0.9994472209134765,
                0.0005527785817593813,
                4.596512660382652e-10,
                2.938452233878164e-11,
                1.5728401403404438e-11
            ],
            [
                1.6586783583902162e-12,
                3.3315445411139e-11,
                0.9999999997463183,
                2.1724399343926926e-10,
                1.4637785136634673e-12
            ],
            [
                1.4930947953499428e-10,
                1.3176515321615048e-10,
                2.0206840702779675e-11,
                1.1253518369985425e-07,
                0.9999998871635348
            ],
            [
                4.691163683927229e-08,
                2.3355928705652542e-09,
                3.3315443021933806e-11,
                2.215948817720544e-08,
                0.9999999285599666
            ]
        ],
        [
            [
                0.9999999992381503,
                7.582560418183549e-10,
                1.4637785122478943e-12,
                0.0,
                2.1297851682232897e-12
            ],
            [
                0.9999999530808716,
                4.69116379716168e-08,
                3.978962345273788e-12,
                0.0,
                3.511421945204856e-12
            ],
            [
                2.7346982902763423e-12,
                9.056076985316422e-11,
                0.9999999995894766,
                3.160881452793144e-10,
                1.1399918524959599e-12
            ],
            [
                2.461696941521956e-10,
                7.052879821620992e-11,
                6.56020014072272e-12,
                2.9989608123173434e-09,
                0.9999999966777804
            ],
            [
                4.944450460930425e-09,
                1.6918979085828894e-10,
                1.5737101976342728e-11,
                2.061153605343789e-09,
                0.999999992809469
            ]
        ],
        [
            [
                0.9999999936370405,
                6.348800060818309e-09,
                2.734698267803958e-12,
                1.8795288001899033e-12,
                9.545034839812641e-12
            ],
            [
                0.9999994956458963,
                5.043472050637468e-07,
                5.109089265908441e-12,
                7.835042149811689e-13,
                1.0060393261177971e-12
            ],
            [
                4.5087552389016074e-12,
                1.1628233021469745e-10,
                0.9999999992851671,
                5.905303994499801e-10,
                3.511422110733871e-12
            ],
            [
                7.58256006161705e-10,
                1.0261879135975708e-10,
                1.3887943194071589e-11,
                4.6911637952158144e-08,
                0.9999999522135993
            ],
            [
                4.944450450666362e-09,
                1.9171714938778906e-10,
                1.0815941445128031e-11,
                4.363462207696072e-09,
                0.9999999904895543
            ]
        ],
        [
            [
                0.9999999585916068,
                4.139937542181443e-08,
                4.508755049957882e-12,
                0.0,
                4.508755049957882e-12
            ],
            [
                0.9999996940862167,
                3.059023588151579e-07,
                9.545036118327124e-12,
                0.0,
                1.879529051944332e-12
            ],
            [
                8.258073284419006e-14,
                6.101936676765252e-13,
                0.9999999999940921,
                5.109089027359941e-12,
                1.0603575990064021e-13
            ],
            [
                1.522997868437515e-08,
                4.5990550584581425e-10,
                1.5737101011218688e-11,
                5.315784884330276e-08,
                0.9999999311365299
            ],
            [
                1.4930946661583624e-10,
                1.0261879562706282e-10,
                9.545034858664715e-12,
                5.6027963998669424e-09,
                0.9999999941357303
            ]
        ],
        [
            [
                0.9999999961357102,
                3.850741894801381e-09,
                1.2917799954043695e-12,
                0.0,
                1.2256067355089086e-11
            ],
            [
                0.9999999865526681,
                1.3440409748822446e-08,
                2.413362735505926e-12,
                0.0,
                4.508755174426517e-12
            ],
            [
                1.7832472882718256e-11,
                3.581747925175804e-10,
                0.9999999986445833,
                9.736200299126275e-10,
                5.789356320475346e-12
            ],
            [
                2.335588759452704e-09,
                1.4166061910882594e-09,
                7.991945249834991e-11,
                1.0677030719946045e-06,
                0.9999989284648136
            ],
            [
                6.224144594966582e-11,
                4.27778784976531e-11,
                1.2256067389079996e-11,
                3.398267804239692e-09,
                0.9999999964844568
            ]
        ],
        [
            [
                0.9999999985712833,
                1.4166087816994151e-09,
                1.2917800002778513e-12,
                0.0,
                1.081594151953946e-11
            ],
            [
                0.9999999973521043,
                2.646573630827114e-09,
                7.835041761138046e-13,
                0.0,
                5.384940201309716e-13
            ],
            [
                2.7346982908182187e-12,
                7.991959890692979e-11,
                0.9999999997464972,
                1.6918979221364865e-10,
                1.6586783584449854e-12
            ],
            [
                5.31578557840168e-08,
                1.2501529425788908e-09,
                5.49278868571962e-11,
                7.734422378525694e-08,
                0.9999998681928396
            ],
            [
                7.582561219346222e-10,
                1.493094832039821e-10,
                1.78324747694215e-11,
                8.764249134217327e-08,
                0.9999999114321106
            ]
        ],
        [
            [
                0.9999999956233148,
                4.363462228391206e-09,
                5.789356296154881e-12,
                0.0,
                7.43368063052407e-12
            ],
            [
                0.9999251537480484,
                7.484619708963741e-05,
                4.847008551426885e-11,
                3.9786669027390154e-12,
                2.413183461295115e-12
            ],
            [
                1.2917800019824865e-12,
                7.052879835805516e-11,
                0.9999999978630467,
                2.0611536179653008e-09,
                3.978962527201822e-12
            ],
            [
                2.0206841617350753e-11,
                4.847369312496888e-11,
                1.225606897688045e-11,
                3.059023587588978e-07,
                0.9999996940167046
            ],
            [
                1.8553915517847316e-07,
                2.6465739087438515e-09,
                5.4927889109788084e-11,
                2.215949203266455e-08,
                0.999999789599851
            ]
        ],
        [
            [
                0.9999999950500347,
                4.944450465915561e-09,
                1.006039271953759e-12,
                0.0,
                4.508755209446026e-12
            ],
            [
                0.9999977396636999,
                2.2603252728436206e-06,
                8.423448347972267e-12,
                1.139989768001804e-12,
                1.4637758368782781e-12
            ],
            [
                2.8468359161207186e-06,
                0.017965503912348756,
                0.9808830861740137,
                0.0011484961265578653,
                6.695116356908591e-08
            ],
            [
                3.77513450073039e-11,
                4.8473686503526084e-11,
                8.423463657298346e-12,
                1.0467401673996162e-08,
                0.9999999894379498
            ],
            [
                8.59216631965449e-10,
                4.5990552183310174e-10,
                4.8473685372928495e-11,
                3.224186624862825e-08,
                0.999999966390538
            ]
        ],
        [
            [
                0.9999999990203832,
                9.736200287842998e-10,
                8.87826545551072e-13,
                0.0,
                5.109089014857123e-12
            ],
            [
                0.9999998555010804,
                1.4449803166208598e-07,
                8.878265911697994e-13,
                0.0,
                0.0
            ],
            [
                2.7893830431652296e-10,
                4.944299747731704e-09,
                2.902231918127277e-06,
                0.9999695569350688,
                2.753560977503971e-05
            ],
            [
                2.289630239670042e-11,
                9.055663265014044e-11,
                1.783165823598997e-11,
                4.5397857141526836e-05,
                0.9999546020115739
            ],
            [
                4.139937875273346e-08,
                1.250152913642078e-09,
                3.7751346869778456e-11,
                1.1253517897304884e-07,
                0.999999844777538
            ]
        ],
        [
            [
                0.9999999987458681,
                1.2501528622421289e-09,
                0.0,
                0.0,
                3.9789625226458424e-12
            ],
            [
                0.9999999804434316,
                1.9555680693860258e-08,
                8.878265299588368e-13,
                0.0,
                0.0
            ],
            [
                3.4424771081033514e-14,
                6.914400106203817e-13,
                0.9999999999961184,
                3.0988191383918003e-12,
                5.67568523202826e-14
            ],
            [
                9.931195135945728e-08,
                4.058652463139627e-10,
                1.7832474387344477e-11,
                1.0467402663012385e-08,
                0.9999998897969483
            ],
            [
                0.00015843625387378335,
                1.3438283452635868e-08,
                1.9168681850383214e-10,
                6.022620807378304e-08,
                0.9998414898899478
            ]
        ],
        [
            [
                0.9999999979292664,
                2.0611536155937008e-09,
                1.8795288102973815e-12,
                1.1399918492585719e-12,
                6.560200146368099e-12
            ],
            [
                0.9999785550527897,
                2.1444939762393104e-05,
                6.560063092498625e-12,
                8.878079966733508e-13,
                0.0
            ],
            [
                1.4930890278105865e-10,
                1.0467362196497648e-08,
                0.9999962622843509,
                3.7266390741262156e-06,
                4.5990379803968116e-10
            ],
            [
                5.905303921452341e-10,
                1.3176514097188114e-10,
                1.7832472674141734e-11,
                1.1861119995697592e-08,
                0.9999999873987518
            ],
            [
                1.3007124407685411e-05,
                2.0611261695872613e-09,
                7.052785912620793e-11,
                2.5109657113244696e-08,
                0.9999869656342812
            ]
        ],
        [
            [
                0.9999999983880583,
                1.6052280510351953e-09,
                2.734698284521143e-12,
                0.0,
                3.978962525549386e-12
            ],
            [
                0.9999999585975197,
                4.139937544936718e-08,
                2.4133626704888454e-12,
                0.0,
                6.914399816583726e-13
            ],
            [
                2.461668812637082e-10,
                7.194050795592175e-09,
                3.7266105734322356e-06,
                0.9999883767145631,
                7.889234645865013e-06
            ],
            [
                1.91717171497948e-10,
                1.3176515653066983e-10,
                2.020684121107768e-11,
                8.764249139315568e-08,
                0.9999999120138194
            ],
            [
                8.592167681724734e-10,
                1.493094860840776e-10,
                1.3887945582417148e-11,
                6.825604220423381e-08,
                0.9999999307215436
            ]
        ],
        [
            [
                0.9999999950469292,
                4.944450471993436e-09,
                3.511422092110192e-12,
                0.0,
                5.109088997121012e-12
            ],
            [
                0.9999832985796026,
                1.67014151051468e-05,
                4.508678119359665e-12,
                0.0,
                7.834907765498656e-13
            ],
            [
                1.3615261079544667e-13,
                1.0060392791834264e-12,
                0.9999999999912699,
                7.433680671614093e-12,
                1.5428112030387008e-13
            ],
            [
                2.382369815784861e-07,
                1.2501529441985423e-09,
                2.9400779222802856e-11,
                1.046740244625488e-08,
                0.9999997500160622
            ],
            [
                8.423463928769028e-12,
                5.492788464612809e-11,
                1.5737102432498882e-11,
                6.475946133897754e-07,
                0.9999993523262981
            ]
        ],
        [
            [
                0.9999999950421536,
                4.944450460622251e-09,
                1.1399918435184534e-12,
                0.0,
                1.2256067341686384e-11
            ],
            [
                0.9999898700052212,
                1.012998810171003e-05,
                5.789301558264438e-12,
                0.0,
                8.878181485229356e-13
            ],
            [
                2.699418843707139e-07,
                5.829121604229852e-05,
                0.9999407903115937,
                6.475569172238287e-07,
                9.735624490380376e-10
            ],
            [
                1.225606736750257e-11,
                4.8473686759755883e-11,
                6.560200127154405e-12,
                4.363462225673311e-09,
                0.9999999955692478
            ],
            [
                1.3007124192527421e-05,
                2.3355618920095452e-09,
                4.847304063170353e-11,
                4.139882509779258e-08,
                0.9999869490929474
            ]
        ],
        [
            [
                0.9999999990178063,
                9.73620028070693e-10,
                1.1399918492621055e-12,
                0.0,
                7.433680647688821e-12
            ],
            [
                0.998830489353129,
                0.0011695103420253697,
                2.7862033075391163e-10,
                1.781160183380302e-11,
                8.413604957029069e-12
            ],
            [
                3.850712848435901e-09,
                8.76418204656966e-08,
                0.9999920187823043,
                7.88926526027737e-06,
                4.5990206543149456e-10
            ],
            [
                4.277787819518074e-11,
                6.224144550957112e-11,
                1.3887943704420374e-11,
                1.0467401673742236e-08,
                0.999999989413691
            ],
            [
                4.847368596420567e-11,
                4.277787772026988e-11,
                5.109088912282605e-12,
                2.2159489271193937e-08,
                0.9999999777441501
            ]
        ],
        [
            [
                0.9999999950432699,
                4.944450468436572e-09,
                2.734698273062402e-12,
                0.0,
                9.545034858166413e-12
            ],
            [
                0.9999832985729358,
                1.670141510846013e-05,
                1.0815756551127632e-11,
                1.1399723535387566e-12,
                0.0
            ],
            [
                2.244777054869979e-13,
                2.413362771670879e-12,
                0.9999999999876628,
                9.545034922198581e-12,
                1.5428112030881105e-13
            ],
            [
                5.492788928440664e-11,
                9.056077941786287e-11,
                2.020684121467437e-11,
                8.764249140875549e-08,
                0.9999999121918131
            ],
            [
                1.783247271989546e-11,
                4.277787823809947e-11,
                8.423463665545203e-12,
                9.237449564454197e-09,
                0.9999999906935165
            ]
        ],
        [
            [
                0.9999999961383597,
                3.8507419030834204e-09,
                5.1090890019467185e-12,
                0.0,
                5.7893562991366595e-12
            ],
            [
                0.9999999827357798,
                1.7257827658625946e-08,
                2.4133627257785733e-12,
                0.0,
                3.978962459905974e-12
            ],
            [
                4.214631854042568e-06,
                0.22269591846922698,
                0.7772851368706727,
                1.4710510610051819e-05,
                1.951763622129119e-08
            ],
            [
                1.9555682752376193e-08,
                5.211412931469613e-10,
                1.7832474425997354e-11,
                8.764248965432298e-08,
                0.9999998922628538
            ],
            [
                3.581747922300956e-10,
                9.056076969490641e-11,
                7.433680655785609e-12,
                1.1032560298848555e-09,
                0.9999999984405747
            ]
        ],
        [
            [
                0.999999998575539,
                1.4166087817054438e-09,
                1.2917800002833487e-12,
                0.0,
                6.560200145287449e-12
            ],
            [
                0.9999998144598341,
                1.8553915979097437e-07,
                1.0060394068654406e-12,
                0.0,
                0.0
            ],
            [
                2.928202770958324e-05,
                0.7308579155430713,
                0.26886760344872546,
                0.00024517541625684245,
                2.356423677388194e-08
            ],
            [
                7.052879688355423e-11,
                7.052879688355423e-11,
                1.7832472496632913e-11,
                2.2159489261999513e-08,
                0.9999999776816207
            ],
            [
                0.8175743478598899,
                9.200581030861996e-08,
                1.0220922282166376e-09,
                5.5804344823882675e-08,
                0.1824255033078628
            ]
        ],
        [
            [
                0.9999999998801994,
                1.1628233022767947e-10,
                4.193795655691565e-13,
                0.0,
                3.0988191367356623e-12
            ],
            [
                0.9999999778353627,
                2.215948924190166e-08,
                2.413362713952089e-12,
                0.0,
                2.7346982260039673e-12
            ],
            [
                2.882350793155976e-13,
                1.6586783587482618e-12,
                0.9999999999904994,
                7.433680671608364e-12,
                1.2015425730569507e-13
            ],
            [
                2.594609835282385e-11,
                5.4927890643962176e-11,
                1.081594296213537e-11,
                6.023574620270122e-08,
                0.9999999396725638
            ],
            [
                4.277731007341277e-11,
                1.4930748295389774e-10,
                4.847304273604764e-11,
                1.3007124757201409e-05,
                0.9999869926346849
            ]
        ],
        [
            [
                0.9999999987463357,
                1.2501528625454905e-09,
                0.0,
                0.0,
                3.511422102587225e-12
            ],
            [
                0.9999986290314037,
                1.3709566538601087e-06,
                7.433667482603024e-12,
                0.0,
                4.5087472423075626e-12
            ],
            [
                4.874911527605115e-09,
                8.640987438140314e-08,
                0.9859361766117145,
                0.014063621151024478,
                1.1095247495851655e-07
            ],
            [
                1.9171714494988778e-10,
                1.9171714494988778e-10,
                3.331544430500259e-11,
                3.224186629188982e-08,
                0.999999967341384
            ],
            [
                2.335592944499562e-09,
                8.592166272264623e-10,
                5.492788129182869e-11,
                3.653482066211379e-08,
                0.9999999602154419
            ]
        ],
        [
            [
                0.9999999995372733,
                4.5990553741274526e-10,
                6.914400100137345e-13,
                0.0,
                2.1297851688603573e-12
            ],
            [
                0.9994472211558634,
                0.0005527785850537831,
                2.460335931844758e-10,
                9.539757675720208e-12,
                3.5094807226549273e-12
            ],
            [
                2.5436656471570287e-13,
                1.6586783587708422e-12,
                0.9999999999934719,
                4.508755241905053e-12,
                1.0603575990607191e-13
            ],
            [
                4.2777884100340246e-11,
                7.052880743177579e-11,
                1.2256068994276738e-11,
                1.855391597290396e-07,
                0.9999998143352774
            ],
            [
                5.211412735191632e-10,
                3.581748100251945e-10,
                2.2897349543029484e-11,
                1.4449803146795382e-07,
                0.9999998545997552
            ]
        ],
        [
            [
                0.9999999987453296,
                1.2501528630472351e-09,
                1.006039276595905e-12,
                0.0,
                3.511422103996523e-12
            ],
            [
                0.9046505273336878,
                0.09534946970095047,
                2.7130122850003256e-09,
                2.523494519115603e-10,
                0.0
            ],
            [
                2.5436656468536255e-13,
                7.43368067082289e-12,
                0.999999999842748,
                1.4930946758899962e-10,
                2.5436656468536255e-13
            ],
            [
                1.5737101642743617e-11,
                4.277787742808297e-11,
                6.560199974680077e-12,
                2.845334725068665e-08,
                0.9999999714815777
            ],
            [
                1.5229979146413603e-08,
                1.1032559890029178e-09,
                3.3315444112890315e-11,
                2.2159488902846033e-08,
                0.9999999614739605
            ]
        ],
        [
            [
                0.9999999965956232,
                3.3982678063632054e-09,
                2.1297851627256943e-12,
                0.0,
                3.9789625204614055e-12
            ],
            [
                0.9999970976693702,
                2.9023121987808726e-06,
                1.388789133524295e-11,
                2.1297771152621517e-12,
                2.413353643536435e-12
            ],
            [
                2.0069207514536923e-08,
                9.669885706143855e-07,
                0.3775399377555967,
                0.6224581081980547,
                9.669885706143855e-07
            ],
            [
                1.6052251530203747e-09,
                4.0586447886528386e-10,
                3.77512771904065e-11,
                1.7603431295455392e-06,
                0.9999982376080295
            ],
            [
                9.237449562440143e-09,
                1.493094660109565e-10,
                8.423463663708625e-12,
                9.736200208105242e-10,
                0.9999999896311974
            ]
        ],
        [
            [
                0.9999999997519471,
                2.4616969499218617e-10,
                4.193795655153701e-13,
                0.0,
                1.463778512999979e-12
            ],
            [
                0.9999991684645764,
                8.31527989881489e-07,
                7.433681242577483e-12,
                0.0,
                0.0
            ],
            [
                1.4637785057093947e-12,
                9.056076937601738e-11,
                0.9999999942986186,
                5.602796405322001e-09,
                6.5602001304335785e-12
            ],
            [
                1.416608892805346e-09,
                2.4616971362975387e-10,
                3.331544791835858e-11,
                8.315279884119391e-07,
                0.9999991667759176
            ],
            [
                4.944450425905794e-09,
                3.1608814057075176e-10,
                2.020683877949329e-11,
                9.237449519922529e-09,
                0.9999999854818051
            ]
        ],
        [
            [
                0.9999999979336762,
                2.0611536159055673e-09,
                1.658678353656918e-12,
                0.0,
                3.5114221022467797e-12
            ],
            [
                0.9999952148926565,
                4.7850948480914585e-06,
                9.544980850681753e-12,
                1.2917726869150593e-12,
                1.6586689625819525e-12
            ],
            [
                3.266131342536248e-13,
                1.463778514013329e-12,
                0.9999999999936182,
                4.508755241948055e-12,
                8.258073284920788e-14
            ],
            [
                3.77513489453288e-11,
                5.492788860570929e-11,
                1.2256068581207029e-11,
                9.931195233564031e-08,
                0.9999999005831124
            ],
            [
                1.9171715062268617e-10,
                1.0261879591388942e-10,
                1.3887943810406378e-11,
                2.6465736285122707e-09,
                0.9999999970452025
            ]
        ],
        [
            [
                0.9999999983886569,
                1.605228048849879e-09,
                1.0060392753125442e-12,
                0.0,
                5.109089007898077e-12
            ],
            [
                0.9999251537185622,
                7.484619701582468e-05,
                7.991366090121898e-11,
                4.508420241660728e-12,
                0.0
            ],
            [
                1.0815941101721218e-11,
                5.905303750214264e-10,
                0.9999999579508045,
                4.139937544412132e-08,
                4.8473685021004225e-11
            ],
            [
                3.0590235236868826e-07,
                1.8189618770403366e-09,
                4.8473692112367814e-11,
                1.955568312503086e-08,
                0.9999996726745289
            ],
            [
                7.73442293146767e-08,
                2.646573989414236e-09,
                1.0261880990757722e-10,
                9.931195627416999e-08,
                0.9999998205946216
            ]
        ],
        [
            [
                0.999999997652151,
                2.3355930271343985e-09,
                0.0,
                0.0,
                1.2256067382887502e-11
            ],
            [
                0.9997965728646411,
                0.0002034270608664281,
                7.051441250803916e-11,
                3.97815093308044e-12,
                0.0
            ],
            [
                1.361526107924272e-13,
                1.0060392791611153e-12,
                0.9999999999948144,
                3.978962535353923e-12,
                6.431393940670791e-14
            ],
            [
                5.211412289698453e-10,
                2.789467986785416e-10,
                2.594609399603433e-11,
                3.653482074779069e-08,
                0.9999999626391453
            ],
            [
                1.0261879565585879e-10,
                1.317651418520083e-10,
                1.388794377548573e-11,
                4.944450470082166e-09,
                0.9999999948072775
            ]
        ],
        [
            [
                0.9999999928002293,
                7.194132968338003e-09,
                1.658678344622429e-12,
                0.0,
                3.978962501552989e-12
            ],
            [
                0.9999986290324012,
                1.370956653704634e-06,
                7.433667481760003e-12,
                0.0,
                3.511415882581952e-12
            ],
            [
                1.6586783586374335e-12,
                1.0815941555480745e-11,
                0.9999999999494038,
                3.775134543649109e-11,
                3.701011677975053e-13
            ],
            [
                3.059023573551724e-07,
                6.691586897456466e-10,
                2.0206841524625557e-11,
                4.363462778628458e-09,
                0.9999996890448144
            ],
            [
                7.582560352379235e-10,
                2.789468065082007e-10,
                1.3887943726621107e-11,
                8.152020633264892e-09,
                0.9999999907968885
            ]
        ],
        [
            [
                0.9999999998659852,
                1.3176514262269668e-10,
                3.7010116763945664e-13,
                0.0,
                1.879528815422793e-12
            ],
            [
                0.9999999961446437,
                3.8507419017403165e-09,
                1.8795288062757578e-12,
                0.0,
                2.734698276658824e-12
            ],
            [
                3.775134708894678e-11,
                2.99896095562766e-09,
                0.999999492484319,
                5.043472035768759e-07,
                1.3176514844660297e-10
            ],
            [
                8.592166288494146e-10,
                3.1608813326633325e-10,
                1.7832472221842018e-11,
                3.653482073112347e-08,
                0.999999962272042
            ],
            [
                2.789468352650355e-10,
                1.1628234113151087e-10,
                1.7832474568873512e-11,
                9.9311952370422e-08,
                0.999999900274986
            ]
        ],
        [
            [
                0.9999999936303536,
                6.348800064055845e-09,
                5.109088986226998e-12,
                0.0,
                1.5737101977997942e-11
            ],
            [
                0.9999724642785855,
                2.753568982808024e-05,
                2.5945404070359425e-11,
                3.511328608550457e-12,
                2.129728457411952e-12
            ],
            [
                1.0815941528527677e-11,
                5.211412474032151e-10,
                0.9999999973960731,
                2.0611536169582497e-09,
                1.0815941528527677e-11
            ],
            [
                7.991960504360735e-11,
                1.6918980520499518e-10,
                3.3315447970386866e-11,
                8.315279897105252e-07,
                0.9999991681895855
            ],
            [
                1.9171714488306888e-10,
                1.4930946256314804e-10,
                3.331544429339121e-11,
                3.224186628065261e-08,
                0.9999999673837916
            ]
        ],
        [
            [
                0.9999999990158288,
                9.736200292685957e-10,
                1.0060392771832833e-12,
                0.0,
                9.545034902916064e-12
            ],
            [
                0.9999982396511117,
                1.7603431337635962e-06,
                3.97895535162304e-12,
                8.878249448311008e-13,
                8.878249448311008e-13
            ],
            [
                3.511422109643327e-12,
                5.905303992665788e-10,
                0.9999999989990869,
                4.0586521221607185e-10,
                1.0060392782137415e-12
            ],
            [
                2.1724400181071206e-10,
                1.6918979872774824e-10,
                3.7751346885603074e-11,
                3.927863695599372e-07,
                0.9999996067894453
            ],
            [
                4.1399375227421057e-08,
                4.0586519342818387e-10,
                1.3887943207312816e-11,
                4.944450267798597e-09,
                0.9999999532364214
            ]
        ],
        [
            [
                0.9999999990231829,
                9.736200297749557e-10,
                7.835041772784157e-13,
                0.0,
                2.413362768050636e-12
            ],
            [
                0.9999999634611072,
                3.65348207565944e-08,
                2.413362680634538e-12,
                0.0,
                1.6586782962343592e-12
            ],
            [
                1.3887943626378368e-11,
                1.818961656304492e-09,
                0.999999982923283,
                1.5229979483071692e-08,
