{
    "[['A', 'B', 'C', 'D', 'E'], ['A', 'B', 'C', 'D', 'E']]": [
        [
            [
                0.9999999999987057,
                1.006039278417609e-12,
                0.0,
                0.0,
                2.882350790964093e-13
            ],
            [
                0.9999999998500804,
                1.4930946732574379e-10,
                0.0,
                0.0,
                6.101936665591335e-13
            ],
            [
                2.2447770548444488e-13,
                2.1297851707883025e-12,
                0.9999999999836033,
                1.3887943863871899e-11,
                1.5428112030705637e-13
            ],
            [
                5.789357098367036e-12,
                6.224145450344874e-11,
                1.0815942995155757e-11,
                6.023574638659713e-08,
                0.9999999396854069
            ],
            [
                1.463778508736729e-12,
                1.0815941517464742e-11,
                1.2917800000300616e-12,
                2.998960813816061e-09,
                0.9999999969874678
            ]
        ],
        [
            [
                0.9999999999975866,
                2.4133627699962957e-12,
                0.0,
                0.0,
                0.0
            ],
            [
                0.9999999992417439,
                7.582560411420862e-10,
                0.0,
                0.0,
                0.0
            ],
            [
                7.28772409535334e-14,
                1.4637785140322396e-12,
                0.9999999999909364,
                7.433680671876496e-12,
                9.357622968241366e-14
            ],
            [
                1.2256067378393018e-11,
                7.991959850107935e-11,
                8.423463709309298e-12,
                4.944450475430764e-09,
                0.9999999949549503
            ],
            [
                4.508755218438805e-12,
                2.2897348335304667e-11,
                3.098819122325839e-12,
                4.9444504757773425e-09,
                0.9999999950250447
            ]
        ],
        [
            [
                0.9999999999985363,
                1.4637785130130592e-12,
                0.0,
                0.0,
                0.0
            ],
            [
                0.9999999999572222,
                4.277787864063157e-11,
                0.0,
                0.0,
                0.0
            ],
            [
                6.224132906314133e-11,
                6.475939985235347e-07,
                0.9999985204107419,
                8.315271537986624e-07,
                4.0586444862969033e-10
            ],
            [
                5.789356773136866e-12,
                6.22414510068949e-11,
                1.5737103314884237e-11,
                8.315279899266332e-07,
                0.9999991683882422
            ],
            [
                4.847368684992743e-11,
                7.052879820153562e-11,
                1.3887943804002928e-11,
                3.8507419058647946e-09,
                0.9999999960163677
            ]
        ],
        [
            [
                0.9999999999972653,
                2.7346982901582195e-12,
                0.0,
                0.0,
                0.0
            ],
            [
                0.9999999950555496,
                4.944450474182433e-09,
                0.0,
                0.0,
                0.0
            ],
            [
                1.4930919537850907e-10,
                1.0677020632524827e-06,
                0.9999978642972551,
                1.0677020632524827e-06,
                1.4930919537850907e-10
            ],
            [
                6.224097457598025e-11,
                2.1724234727683417e-10,
                3.7751059370726546e-11,
                7.889265043491488e-06,
                0.9999921104177221
            ],
            [
                7.433680632345268e-12,
                6.224144589410398e-11,
                9.545034871470727e-12,
                4.944450475328376e-09,
                0.9999999949763294
            ]
        ],
        [
            [
                0.9999999999768483,
                2.289734844399266e-11,
                0.0,
                0.0,
                2.543665645992423e-13
            ],
            [
                0.9999999999964886,
                3.5114221110130108e-12,
                0.0,
                0.0,
                0.0
            ],
            [
                4.3610495375991955e-09,
                0.0005527785564476225,
                0.9994471637369193,
                5.3128459654130877e-08,
                2.1712387148409258e-10
            ],
            [
                1.3887944774927804e-11,
                1.3176515133445068e-10,
                2.0206840414211663e-11,
                1.2751906750401822e-07,
                0.9999998723150726
            ],
            [
                7.433680600704529e-12,
                2.940077710947274e-11,
                5.789356272931399e-12,
                9.237449572937762e-09,
                0.9999999907199267
            ]
        ],
        [
            [
                0.999999999990455,
                9.545034915509189e-12,
                0.0,
                0.0,
                0.0
            ],
            [
                0.9999999999969011,
                3.0988191363610517e-12,
                0.0,
                0.0,
                0.0
            ],
            [
                2.1724276873585446e-10,
                4.785085851313749e-06,
                0.9999934542595788,
                1.7603347089386777e-06,
                1.0261821777566904e-10
            ],
            [
                1.7811601835111098e-11,
                2.4588157890548e-10,
                1.491347162647247e-10,
                0.0011695103505248634,
                0.9988304892366473
            ],
            [
                7.582560400351553e-10,
                2.7894680827300375e-10,
                1.5737102049663213e-11,
                2.335593030310151e-09,
                0.999999996611467
            ]
        ],
        [
            [
                0.9999999999915765,
                8.42346374875831e-12,
                0.0,
                0.0,
                0.0
            ],
            [
                0.9999999943966651,
                5.602796397149158e-09,
                0.0,
                0.0,
                5.384940178936356e-13
            ],
            [
                8.682218761636725e-09,
                7.415125011544796e-06,
                0.06008536618072781,
                0.9398933567347152,
                1.3853277326673127e-05
            ],
            [
                1.2207151589526551e-10,
                2.451871939783846e-09,
                1.312392477034329e-09,
                0.18242551441070165,
                0.8175744817029624
            ],
            [
                1.1628233004783446e-10,
                1.3176514241270975e-10,
                2.0206839046018382e-11,
                1.2501528636519511e-09,
                0.9999999984815928
            ]
        ],
        [
            [
                0.9999999999934397,
                6.560200164234602e-12,
                0.0,
                0.0,
                0.0
            ],
            [
                0.999999999987744,
                1.2256067435742881e-11,
                0.0,
                0.0,
                0.0
            ],
            [
                7.004828477521571e-08,
                0.37753900608376195,
                0.6224565850597517,
                4.333733920788495e-06,
                5.0742807297826816e-09
            ],
            [
                2.7346982215873523e-12,
                2.020683857295483e-11,
                5.789356180531077e-12,
                2.5109990914658504e-08,
                0.9999999748612782
            ],
            [
                1.2917799782415408e-12,
                1.5737101783485235e-11,
                2.4133627222416427e-12,
                1.9555680686005834e-08,
                0.9999999804248771
            ]
        ],
        [
            [
                0.9999999999956015,
                3.978962533157182e-12,
                0.0,
                0.0,
                4.1937956555547844e-13
            ],
            [
                0.9999999999193889,
                7.991959883492515e-11,
                0.0,
                0.0,
                6.914400098754473e-13
            ],
            [
                2.833755621411254e-08,
                0.004070136379967246,
                0.9959296254906701,
                2.093875928850137e-07,
                4.042135302475167e-10
            ],
            [
                7.431739277476128e-12,
                1.0259199618742789e-10,
                3.330674469346687e-11,
                0.0002611903286248089,
                0.9997388095280447
            ],
            [
                4.363462227398759e-09,
                2.1724399223609389e-10,
                1.3887943783660067e-11,
                5.905303964372718e-10,
                0.9999999948148754
            ]
        ],
        [
            [
                0.9999999997210531,
                2.789468088137724e-10,
                0.0,
                0.0,
                0.0
            ],
            [
                0.9999999999964886,
                3.5114221110130108e-12,
                0.0,
                0.0,
                0.0
            ],
            [
                1.6052066972995259e-09,
                1.3007124589324152e-05,
                0.9999869793832958,
                1.1860962336725387e-08,
                2.59457497646885e-11
            ],
            [
                3.33154461624529e-11,
                1.317651456308311e-10,
                2.5946095559691547e-11,
                6.475946143892406e-07,
                0.9999993522143589
            ],
            [
                1.081594148516937e-11,
                7.991959839666776e-11,
                1.081594148516937e-11,
                6.3488000737124486e-09,
                0.9999999935496484
            ]
        ],
        [
            [
                0.999999999994891,
                5.109089025372774e-12,
                0.0,
                0.0,
                0.0
            ],
            [
                0.9999998874645618,
                1.1253518378465017e-07,
                2.543665852284623e-13,
                0.0,
                0.0
            ],
            [
                1.4165549213232206e-09,
                3.535615641211847e-05,
                0.9999623816624515,
                2.2602434599165538e-06,
                5.211214328450429e-10
            ],
            [
                6.555547172324293e-12,
                1.025460112160996e-10,
                3.772456930053918e-11,
                0.0007096703455442225,
                0.9992903295076296
            ],
            [
                4.508755235664443e-12,
                1.3887943844541008e-11,
                2.413362768284226e-12,
                8.592166606538839e-10,
                0.9999999991199733
            ]
        ],
        [
            [
                0.9999999999981204,
                1.8795288155554362e-12,
                0.0,
                0.0,
                0.0
            ],
            [
                0.9999999999915765,
                8.423463748758632e-12,
                0.0,
                0.0,
                0.0
            ],
            [
                9.735625374976341e-10,
                4.539729211901092e-05,
                0.9999415935872287,
                1.3006541956559932e-05,
                1.6051332639291406e-09
            ],
            [
                5.108280454523855e-12,
                9.054643758780816e-11,
                2.289372468126112e-11,
                0.00015843624803546556,
                0.999841563633416
            ],
            [
                1.3887943588923398e-11,
                7.99195973410352e-11,
                9.545034733120868e-12,
                1.9555680699156354e-08,
                0.9999999803409667
            ]
        ],
        [
            [
                0.999999999979793,
                2.020683907628645e-11,
                0.0,
                0.0,
                0.0
            ],
            [
                0.999999999986112,
                1.3887943857530446e-11,
                0.0,
                0.0,
                0.0
            ],
            [
                4.057893681264703e-10,
                2.7531329836202758e-05,
                0.9998140334016247,
                0.0001584318643494088,
                2.9984004054361102e-09
            ],
            [
                1.463753475915463e-12,
                3.775069969883266e-11,
                6.5600879546796824e-12,
                1.670141510447069e-05,
                0.999983298539121
            ],
            [
                2.4133627663022913e-12,
                1.225606741601114e-11,
                2.7346982853245185e-12,
                1.6052280515067647e-09,
                0.9999999983773677
            ]
        ],
        [
            [
                0.9999999999925664,
                7.43368066887647e-12,
                0.0,
                0.0,
                0.0
            ],
            [
                0.9999999998308102,
                1.6918979204614783e-10,
                0.0,
                0.0,
                0.0
            ],
            [
                1.6886385797304714e-10,
                2.0983816347467966e-07,
                0.9980730192063583,
                0.0019267343221744892,
                3.646443992857748e-08
            ],
            [
                5.109089439370728e-12,
                3.775134848196445e-11,
                8.423464432599912e-12,
                1.1253518377890755e-07,
                0.9999998874135323
            ],
            [
                1.2917799990247048e-12,
                1.3887943803024302e-11,
                3.511422097715698e-12,
                3.850741905593449e-09,
                0.999999996130567
            ]
        ],
        [
            [
                0.9999999997528242,
                2.4616969490904557e-10,
                0.0,
                0.0,
                1.0060392781697008e-12
            ],
            [
                0.9999999999925664,
                7.433680667904364e-12,
                0.0,
                0.0,
                0.0
            ],
            [
                6.656591302988663e-10,
                1.0077106939835407e-05,
                0.9947698023933595,
                0.005220073167733514,
                4.666630781193964e-08
            ],
            [
                9.545034731791255e-12,
                7.99195973299025e-11,
                1.2256067198787232e-11,
                1.9555680696432273e-08,
                0.9999999803425987
            ],
            [
                2.129785144798638e-12,
                1.0815941424448738e-11,
                1.6586783385430243e-12,
                1.186112000567042e-08,
                0.9999999881242755
            ]
        ],
        [
            [
                0.9999999998965976,
                1.0261879622859654e-10,
                0.0,
                0.0,
                7.835041778313259e-13
            ],
            [
                0.9999999999954912,
                4.508755238853562e-12,
                0.0,
                0.0,
                0.0
            ],
            [
                2.172435968787472e-10,
                6.475940352493749e-07,
                0.9999979811522184,
                1.3709565833811958e-06,
                7.991945301782761e-11
            ],
            [
                2.129773105228907e-12,
                4.2777636343087265e-11,
                1.5737012952530124e-11,
                4.785094846749223e-06,
                0.9999952148445088
            ],
            [
                8.592166589621688e-10,
                2.1724399276069948e-10,
                2.2897348377700995e-11,
                1.8189616812967983e-09,
                0.9999999970816804
            ]
        ],
        [
            [
                0.9999999999954912,
                4.5087552388538135e-12,
                0.0,
                0.0,
                0.0
            ],
            [
                0.9999999634651793,
                3.6534820762110024e-08,
                0.0,
                0.0,
                0.0
            ],
            [
                1.4637784908292889e-12,
                5.905303904958766e-10,
                0.999999984155129,
                1.5229979502321416e-08,
                2.2897348092035078e-11
            ],
            [
                2.161099516752828e-10,
                1.8094664715412798e-09,
                5.184208238542593e-10,
                0.005220125687948849,
                0.9947798717680539
            ],
            [
                9.237449550966627e-09,
                5.211412425264387e-10,
                3.3315445021321306e-11,
                1.8189616656950689e-09,
                0.9999999883891321
            ]
        ],
        [
            [
                0.9999999999969011,
                3.0988191366374746e-12,
                0.0,
                0.0,
                0.0
            ],
            [
                0.9999991684715912,
                8.315279894609759e-07,
                4.1937959779577925e-13,
                0.0,
                0.0
            ],
            [
                1.0603575990491634e-13,
                7.835041784301682e-13,
                0.999999999993215,
                5.789356328167083e-12,
                1.0603575990491634e-13
            ],
            [
                2.2897348142006546e-11,
                7.052879754255054e-11,
                7.433680570265549e-12,
                1.3440409766558049e-08,
                0.9999999864587303
            ],
            [
                3.978962522819914e-12,
                2.594609489788104e-11,
                4.5087552275442625e-12,
                2.6465736302507517e-09,
                0.9999999973189926
            ]
        ],
        [
            [
                0.9999999999915765,
                8.42346374942063e-12,
                0.0,
                0.0,
                0.0
            ],
            [
                0.9999999999515263,
                4.8473687023577055e-11,
                0.0,
                0.0,
                0.0
            ],
            [
                5.60089464949215e-09,
                0.0003353487599755862,
                0.9996609176052408,
                3.725388213672638e-06,
                2.6456752978462012e-09
            ],
            [
                1.879529066431893e-12,
                1.2256069073605294e-11,
                1.879529066431893e-12,
                6.023574638750917e-08,
                0.9999999397482385
            ],
            [
                2.020683884418651e-11,
                9.056076879407334e-11,
                1.2256067294871312e-11,
                1.186112000692448e-08,
                0.9999999880158562
            ]
        ],
        [
            [
                0.999999999987744,
                1.2256067438309109e-11,
                0.0,
                0.0,
                0.0
            ],
            [
                0.9999999998831075,
                1.1628233012389059e-10,
                0.0,
                0.0,
                6.101936668247996e-13
            ],
            [
                4.599037911818455e-10,
                3.7266390185565975e-06,
                0.9999961282118853,
                1.4449747581931806e-07,
                1.917164232498671e-10
            ],
            [
                3.978962446648469e-12,
                2.594609440118083e-11,
                8.42346356565602e-12,
                2.2159489276659205e-08,
                0.9999999778021622
            ],
            [
                1.6586783384260012e-12,
                2.5946094662274828e-11,
                3.5114220700029288e-12,
                1.1861120004833595e-08,
                0.9999999881077638
            ]
        ],
        [
            [
                0.9999999999975866,
                2.4133627702113203e-12,
                0.0,
                0.0,
                0.0
            ],
            [
                0.9999999943970288,
                5.602796404373984e-09,
                0.0,
                0.0,
                1.7482341179231556e-13
            ],
            [
                2.299896429173507e-07,
                0.14804603275672662,
                0.8519461156338267,
                7.616210971026327e-06,
                5.408832813377143e-09
            ],
            [
                1.2254127772596063e-11,
                1.9168680980852696e-10,
                3.7745370833944774e-11,
                0.0001584362481503385,
                0.9998415635101634
            ],
            [
                7.582560406256949e-10,
                3.581747920054103e-10,
                2.940077730887934e-11,
                1.2501528628164435e-09,
                0.9999999976040155
            ]
        ],
        [
            [
                0.99999999999886,
                1.1399918523693144e-12,
                0.0,
                0.0,
                0.0
            ],
            [
                0.999999999989184,
                1.0815941549927595e-11,
                0.0,
                0.0,
                0.0
            ],
            [
                3.563050763303984e-10,
                3.448232755053274e-07,
                0.9947795223981717,
                0.005220123233018605,
                9.189229032782394e-09
            ],
            [
                1.5737042582969858e-11,
                1.1628189047682479e-10,
                2.940066618757218e-11,
                2.9023121987954666e-06,
                0.9999970975263817
            ],
            [
                3.331544538289077e-11,
                7.052879842903841e-11,
                9.545034911731877e-12,
                5.905303992071299e-10,
                0.9999999992960804
            ]
        ],
        [
            [
                0.9999999999987081,
                1.2917800039191335e-12,
                0.0,
                0.0,
                0.0
            ],
            [
                0.999999999987744,
                1.2256067438972535e-11,
                0.0,
                0.0,
                0.0
            ],
            [
                5.7378764221518695e-08,
                0.9525697296865269,
                0.047425651537797084,
                4.5581598234644784e-06,
                3.2370883668755473e-09
            ],
            [
                8.410813290234819e-12,
                1.4908523277583838e-10,
                5.484539212048982e-11,
                0.001501182034362766,
                0.9984988177532957
            ],
            [
                3.5114221101012324e-12,
                2.020683907137424e-11,
                2.4133627695821497e-12,
                5.905303993435866e-10,
                0.999999999383338
            ]
        ],
        [
            [
                0.9999999999954912,
                4.508755240199595e-12,
                0.0,
                0.0,
                0.0
            ],
            [
                0.9999999999288611,
                7.052879844550474e-11,
                0.0,
                0.0,
                6.101936671928353e-13
            ],
            [
                1.1627900728025973e-10,
                3.927755043985549e-07,
                0.9999720658168848,
                2.7535688695539e-05,
                5.602636325373237e-09
            ],
            [
                4.847147256893602e-11,
                3.581584300096464e-10,
                1.6918206291879065e-10,
                4.539785569163214e-05,
                0.9999546015684964
            ],
            [
                0.0004305571132307282,
                7.191032649339152e-09,
                1.9163452902114937e-10,
                2.3345864924624064e-09,
                0.9995694331695156
            ]
        ],
        [
            [
                0.9999999999934397,
                6.560200164690059e-12,
                0.0,
                0.0,
                0.0
            ],
            [
                0.9999999999964886,
                3.5114221115332226e-12,
                0.0,
                0.0,
                0.0
            ],
            [
                1.2500790500872663e-09,
                5.829122167472389e-05,
                0.9999413603254768,
                3.4661227405220555e-07,
                5.904955315434842e-10
            ],
            [
                8.42323944753162e-12,
                7.052692041213199e-11,
                1.3887574045345778e-11,
                2.7535690301587206e-05,
                0.9999724642168606
            ],
            [
                4.508755234908209e-12,
                1.3887943842211641e-11,
                2.4133627678794432e-12,
                7.582560415489528e-10,
                0.9999999992209339
            ]
        ],
        [
            [
                0.9999999999373883,
                6.224144618353139e-11,
                0.0,
                0.0,
                3.701011675884382e-13
            ],
            [
                0.9999999994788586,
                5.211412481685396e-10,
                0.0,
                0.0,
                0.0
            ],
            [
                5.4488147287528135e-08,
                0.0012001813124511286,
                0.3770856715113731,
                0.6217091878213198,
                4.904866708703591e-06
            ],
            [
                1.225606732038395e-11,
                7.052879779918786e-11,
                1.573710194800901e-11,
                9.237449568725675e-09,
                0.9999999906640286
            ],
            [
                5.7893563046549865e-12,
                4.8473686861119475e-11,
                7.433680641438421e-12,
                3.850741906753889e-09,
                0.9999999960875614
            ]
        ],
        [
            [
                0.9999999999954912,
                4.508755240199883e-12,
                0.0,
                0.0,
                0.0
            ],
            [
                0.999999999989184,
                1.0815941550778449e-11,
                0.0,
                0.0,
                0.0
            ],
            [
                5.384940215041696e-13,
                1.317651426345859e-10,
                0.9999999995512381,
                3.160881452721589e-10,
                3.7010116767285103e-13
            ],
            [
                2.4387076907294168e-11,
                5.550473120477835e-10,
                2.313781435173663e-10,
                0.06008665441615214,
                0.9399133447730353
            ],
            [
                3.978962529494274e-12,
                2.2897348419954282e-11,
                3.098819133781919e-12,
                5.905303989530243e-10,
                0.9999999993794946
            ]
        ],
        [
            [
                0.9999999999985363,
                1.4637785131434783e-12,
                0.0,
                0.0,
                0.0
            ],
            [
                0.9999999943972036,
                5.602796398205952e-09,
                0.0,
                0.0,
                0.0
            ],
            [
                3.7751344427775645e-11,
                2.510999088231086e-08,
                0.9999999732448999,
                1.6052280120260615e-09,
                2.1297851136925383e-12
            ],
            [
                1.4637786224884142e-12,
                2.289735015153031e-11,
                4.508755576074839e-12,
                2.3823698438669872e-07,
                0.9999997617341457
            ],
            [
                3.978962518304669e-12,
                2.5946094868437947e-11,
                4.50875522242782e-12,
                3.850741905800027e-09,
                0.9999999961148243
            ]
        ],
        [
            [
                0.9999999999975866,
                2.413362770568898e-12,
                0.0,
                0.0,
                0.0
            ],
            [
                0.999998629042927,
                1.3709566537190646e-06,
                4.1937882168007987e-13,
                0.0,
                0.0
            ],
            [
                4.598327274427544e-10,
                0.00015843624027607613,
                0.9998415101076834,
                5.314943680365606e-08,
                4.277110626543404e-11
            ],
            [
                4.2627382347947587e-10,
                9.701947503509401e-09,
                5.193078280144693e-09,
                0.4378234925616372,
                0.5621764921170632
            ],
            [
                1.0261879613081579e-10,
                1.3176514246186514e-10,
                1.388794383976417e-11,
                1.2501528641183242e-09,
                0.9999999985015753
            ]
        ],
        [
            [
                0.999999999996021,
                3.978962532803188e-12,
                0.0,
                0.0,
                0.0
            ],
            [
                0.9999999998079947,
                1.9171715115236083e-10,
                0.0,
                0.0,
                2.882350790084646e-13
            ],
            [
                2.1900657756460788e-08,
                0.0007018785885303042,
                0.9883187281653818,
                0.010979228535338597,
                1.4281009165175403e-07
            ],
            [
                2.5946094321142855e-11,
                1.4930946381234575e-10,
                2.289734787257633e-11,
                2.5109990917138527e-08,
                0.9999999746918562
            ],
            [
                1.691897917780717e-10,
                1.4930946719308092e-10,
                1.7832472857192047e-11,
                2.0611536165490365e-09,
                0.9999999976025147
            ]
        ],
        [
            [
                0.9999999999978701,
                2.1297851699709608e-12,
                0.0,
                0.0,
                0.0
            ],
            [
                0.9999999998308102,
                1.6918979204614783e-10,
                0.0,
                0.0,
                0.0
            ],
            [
                2.2483983599712505e-09,
                3.336922217579352e-07,
                0.0373266773831381,
                0.9626677668516542,
                5.219824587576268e-06
            ],
            [
                1.7832475136688357e-11,
                1.6918981340533052e-10,
                2.940078106708927e-11,
                6.825604229337348e-08,
                0.9999999315275346
            ],
            [
                4.508755000985448e-12,
                3.77513434223323e-11,
                3.978962322882461e-12,
                5.315784969922655e-08,
                0.9999999467959113
            ]
        ],
        [
            [
                0.9999999999925664,
                7.433680667904973e-12,
                0.0,
                0.0,
                0.0
            ],
            [
                0.999999999782756,
                2.1724399324919363e-10,
                0.0,
                0.0,
                0.0
            ],
            [
                3.308272413102784e-08,
                0.00016259394171138787,
                0.6223486800441895,
                0.37747356933893783,
                1.5123592437033136e-05
            ],
            [
                5.109021120259004e-12,
                1.1628078472770733e-10,
                3.3315002607155285e-11,
                1.3007124766686138e-05,
                0.9999869927205285
            ],
            [
                5.789356317412311e-12,
                2.5946094932039386e-11,
                3.978962528058266e-12,
                1.2501528639426617e-09,
                0.9999999987141328
            ]
        ],
        [
            [
                0.9999999999964886,
                3.5114221110128153e-12,
                0.0,
                0.0,
                0.0
            ],
            [
                0.9999999999842628,
                1.5737102097317472e-11,
                0.0,
                0.0,
                0.0
            ],
            [
                2.289730720555504e-11,
                1.3709566165218227e-06,
                0.9999981245831716,
                5.043467539563394e-07,
                9.056060674625235e-11
            ],
            [
                3.511422032416718e-12,
                2.940077671497667e-11,
                4.508755138340392e-12,
                2.215948926245397e-08,
                0.9999999778030898
            ],
            [
                3.09881913204949e-12,
                2.0206839046713078e-11,
                3.511422105815765e-12,
                1.6052280517292563e-09,
                0.9999999983679548
            ]
        ],
        [
            [
                0.9999999999925664,
                7.433680667319867e-12,
                0.0,
                0.0,
                0.0
            ],
            [
                0.9999999994094697,
                5.905303990979046e-10,
                0.0,
                0.0,
                0.0
            ],
            [
                9.357622967940593e-14,
                8.878265477606159e-13,
                0.9999999999944271,
                4.5087552418613824e-12,
                8.258073284762042e-14
            ],
            [
                3.978962517329488e-12,
                3.331544526670061e-11,
                5.109089004298901e-12,
                3.85074190485627e-09,
                0.9999999961068546
            ],
            [
                7.433680620426526e-12,
                3.331544518894945e-11,
                5.1090889923753745e-12,
                6.348800071696114e-09,
                0.9999999936053416
            ]
        ],
        [
            [
                0.999999999989184,
                1.0815941548962917e-11,
                0.0,
                0.0,
                0.0
            ],
            [
                0.9999999999666846,
                3.331544539824856e-11,
                0.0,
                0.0,
                0.0
            ],
            [
                2.1724277534219663e-10,
                6.144172040963725e-06,
                0.9999938421474844,
                1.3440334585891545e-08,
                2.2897220062734826e-11
            ],
            [
                4.508738188192452e-12,
                4.8473503713823065e-11,
                9.544998819305622e-12,
                2.902312198652892e-06,
                0.9999970976252741
            ],
            [
                1.2256067398749162e-11,
                3.775134530310215e-11,
                5.7893563073086764e-12,
                3.3982678069206837e-09,
                0.9999999965459354
            ]
        ],
        [
            [
                0.999999999987744,
                1.225606743670769e-11,
                0.0,
                0.0,
                0.0
            ],
            [
                0.9999999999369749,
                6.224144616455553e-11,
                0.0,
                0.0,
                7.835041776942231e-13
            ],
            [
                2.2013764385776696e-07,
                0.18195193905663842,
                0.815452024864479,
                0.002595404669975504,
                4.112712632159274e-07
            ],
            [
                1.0815715553344934e-11,
                9.05588775889008e-11,
                3.7750556611528e-11,
                2.144493975368402e-05,
                0.9999785549211212
            ],
            [
                8.423463745791343e-12,
                2.02068390694064e-11,
                5.1090890228002746e-12,
                5.905303992860779e-10,
                0.9999999993757303
            ]
        ],
        [
            [
                0.9999999999954912,
                4.508755238854036e-12,
                0.0,
                0.0,
                0.0
            ],
            [
                0.999999999683912,
                3.160881449361062e-10,
                0.0,
                0.0,
                0.0
            ],
            [
                7.578368188821737e-10,
                0.0005527785871521205,
                0.9994469823581493,
                2.3810525051340018e-07,
                1.9161115497212365e-10
            ],
            [
                6.221462328641086e-11,
                4.0569030509016293e-10,
                3.580204376506683e-10,
                0.0004305571209527343,
                0.9995694420531219
            ],
            [
                9.736200276167154e-10,
                3.581747916729615e-10,
                4.2777878527815725e-11,
                1.8189616806699773e-09,
                0.9999999968064657
            ]
        ],
        [
            [
                0.9999999999666846,
                3.3315445388094585e-11,
                0.0,
                0.0,
                0.0
            ],
            [
                0.9999999992417439,
                7.582560418209296e-10,
                0.0,
                0.0,
                0.0
            ],
            [
                5.211392916611787e-10,
                1.7603380224473962e-06,
                0.9999953366423806,
                2.9023067412312217e-06,
                1.9171643138879572e-10
            ],
            [
                2.734698282839815e-12,
                2.5946094899727437e-11,
                3.978962523103068e-12,
                2.6465736304390895e-09,
                0.9999999973207665
            ],
            [
                8.423463730670548e-12,
                7.991959870374925e-11,
                6.5602001496198e-12,
                2.061153616615355e-09,
                0.9999999978439431
            ]
        ],
        [
            [
                0.999999999979793,
                2.0206839079277408e-11,
                0.0,
                0.0,
                0.0
            ],
            [
                0.9999999998973812,
                1.0261879622865084e-10,
                0.0,
                0.0,
                0.0
            ],
            [
                7.43368052979232e-12,
                1.186111992387647e-08,
                0.9999999809250574,
                7.194132892359456e-09,
                1.2256067209057997e-11
            ],
            [
                6.5601129711804435e-12,
                7.991853665293828e-11,
                1.7832235882198278e-11,
                1.3007124763460989e-05,
                0.9999869927709256
            ],
            [
                4.8473686978631777e-11,
                5.492788341428216e-11,
                6.560200156776036e-12,
                1.1032560304301119e-09,
                0.9999999987867823
            ]
        ],
