{
    "[['A', 'B', 'C', 'D', 'E'], ['A', 'B', 'C', 'D', 'E']]": [
        [
            [
                0.9999999999450722,
                5.492788345305088e-11,
                0.0,
                0.0,
                0.0
            ],
            [
                0.9999999987498471,
                1.2501528637494275e-09,
                0.0,
                0.0,
                0.0
            ],
            [
                1.2461295809061068e-09,
                1.2710867287280525e-07,
                0.00317253937332114,
                0.9967820784497486,
                4.525382212785356e-05
            ],
            [
                3.095192291579856e-12,
                1.0249869163472749e-10,
                2.591572776343985e-11,
                0.001169510349239399,
                0.998830489519251
            ],
            [
                3.098819466257199e-12,
                4.8473692186217834e-11,
                4.508755718855982e-12,
                8.764249145796929e-08,
                0.9999999123014274
            ]
        ],
        [
            [
                0.9999999999972653,
                2.734698289233029e-12,
                0.0,
                0.0,
                0.0
            ],
            [
                0.9999996072136302,
                3.927863697265513e-07,
                0.0,
                0.0,
                0.0
            ],
            [
                2.5436656470647e-13,
                1.0060392791598305e-12,
                0.9999999999935372,
                5.109089027436209e-12,
                9.357622967691572e-14
            ],
            [
                3.9785832697453506e-12,
                6.223551350921625e-11,
                1.388662009623119e-11,
                9.610240003985993e-05,
                0.9999038975198594
            ],
            [
                7.834758795944092e-13,
                2.594515785150286e-11,
                3.0987072143535726e-12,
                3.5356257512628685e-05,
                0.99996464371266
            ]
        ],
        [
            [
                0.999999999994891,
                5.109089024616763e-12,
                0.0,
                0.0,
                0.0
            ],
            [
                0.9999999999954912,
                4.508755237297068e-12,
                0.0,
                0.0,
                0.0
            ],
            [
                1.2015425730693723e-13,
                1.1399918529420715e-12,
                0.9999999999901963,
                8.423463753712866e-12,
                1.2015425730693723e-13
            ],
            [
                1.3887944930994972e-11,
                1.1628233922797758e-10,
                1.0815942387511434e-11,
                8.315279899239906e-07,
                0.9999991683310239
            ],
            [
                2.7346982683322997e-12,
                2.940077714278073e-11,
                5.109088984608718e-12,
                8.152020645134352e-09,
                0.9999999918107348
            ]
        ],
        [
            [
                0.9999999999942106,
                5.789356322306461e-12,
                0.0,
                0.0,
                0.0
            ],
            [
                0.9999991684720106,
                8.315279893391757e-07,
                0.0,
                0.0,
                0.0
            ],
            [
                5.211323342746996e-10,
                8.315144951776104e-07,
                0.9999824639027489,
                1.670141509505565e-05,
                2.6465283672707287e-09
            ],
            [
                7.433624344685956e-12,
                7.052826408910411e-11,
                9.544962596685525e-12,
                7.88926504695471e-06,
                0.9999921106474462
            ],
            [
                2.940077716196173e-11,
                1.493094664471958e-10,
                2.0206838931538763e-11,
                7.194132973830177e-09,
                0.9999999926069499
            ]
        ],
        [
            [
                0.9999999999915765,
                8.423463747157361e-12,
                0.0,
                0.0,
                0.0
            ],
            [
                0.9999999961487829,
                3.850741901756255e-09,
                0.0,
                0.0,
                4.752193036841072e-13
            ],
            [
                2.3355441690543106e-09,
                2.144493914323865e-05,
                0.9999784079143677,
                1.444948633457553e-07,
                3.1608153163058433e-10
            ],
            [
                1.0815941801196017e-11,
                7.05288001016167e-11,
                8.423463944426198e-12,
                6.475946145934963e-07,
                0.9999993523156172
            ],
            [
                5.492788316551797e-11,
                1.3176514187567233e-10,
                1.3887943777979902e-11,
                5.6027964024453695e-09,
                0.9999999941966227
            ]
        ],
        [
            [
                0.9999999999981204,
                1.8795288154247385e-12,
                0.0,
                0.0,
                0.0
            ],
            [
                0.999999999868235,
                1.3176514237584288e-10,
                0.0,
                0.0,
                0.0
            ],
            [
                1.2256068957585282e-11,
                3.3982682391427366e-09,
                0.9999998108041469,
                1.8553915917358402e-07,
                2.4616972558071336e-10
            ],
            [
                9.545017472764143e-12,
                4.277780048387291e-11,
                6.560188174903296e-12,
                1.0677030763163178e-06,
                0.9999989322380407
            ],
            [
                1.2917702162999221e-12,
                2.940055460792855e-11,
                6.560150458119755e-12,
                7.88926504570034e-06,
                0.9999921106977019
            ]
        ],
        [
            [
                0.9999999999978701,
                2.1297851693356307e-12,
                0.0,
                0.0,
                0.0
            ],
            [
                0.9999999999372833,
                6.224144616457472e-11,
                0.0,
                0.0,
                4.75219305784628e-13
            ],
            [
                1.9810087978378514e-13,
                6.101936676955004e-13,
                0.9999999999960427,
                3.0988191383915656e-12,
                5.00877463730969e-14
            ],
            [
                2.734698493628821e-12,
                2.5946096899637844e-11,
                2.413362950130193e-12,
                2.382369843509056e-07,
                0.9999997617319214
            ],
            [
                5.492788055815754e-11,
                1.026187908030978e-10,
                1.0815940976122684e-11,
                5.3157849687962363e-08,
                0.9999999466737877
            ]
        ],
        [
            [
                0.9999999999445337,
                5.4927883428688864e-11,
                0.0,
                0.0,
                5.384940209826999e-13
            ],
            [
                0.9999999983940806,
                1.6052280506009643e-09,
                0.0,
                0.0,
                6.914400087192177e-13
            ],
            [
                3.7010116782783834e-13,
                1.6586783587733769e-12,
                0.9999999999856091,
                1.2256067443058702e-11,
                1.0603575990623395e-13
            ],
            [
                2.940077882307893e-11,
                1.49309474883045e-10,
                1.0815942083439451e-11,
                1.4449803164019497e-07,
                0.9999998553124422
            ],
            [
                2.7346828001699042e-12,
                4.277763636307874e-11,
                6.560163006164346e-12,
                4.785094848985464e-06,
                0.9999952148530785
            ]
        ],
        [
            [
                0.9999999999899165,
                9.545034913451143e-12,
                0.0,
                0.0,
                5.38494021245685e-13
            ],
            [
                0.9999999999094393,
                9.05607698107161e-11,
                0.0,
                0.0,
                0.0
            ],
            [
                2.998474868819739e-09,
                3.2882269658621487e-06,
                0.9998382626610448,
                0.00015843564780879119,
                1.0465705641511294e-08
            ],
            [
                2.4133629504653467e-12,
                3.3315447887604653e-11,
                4.508755576023585e-12,
                2.3823698438399051e-07,
                0.999999761722778
            ],
            [
                2.129785150101406e-12,
                2.5946094728706317e-11,
                5.10908897803627e-12,
                9.237449571519557e-09,
                0.9999999907293654
            ]
        ],
        [
            [
                0.999999999990455,
                9.545034917110459e-12,
                0.0,
                0.0,
                0.0
            ],
            [
                0.99999999964135,
                3.5817479250470026e-10,
                0.0,
                0.0,
                4.752193055823894e-13
            ],
            [
                9.357622967839589e-14,
                6.10193667695286e-13,
                0.9999999999956914,
                3.511422113001045e-12,
                9.357622967839589e-14
            ],
            [
                1.573710327419106e-11,
                1.4930947869501762e-10,
                2.0206840589101197e-11,
                2.3823698442184193e-07,
                0.9999997615777622
            ],
            [
                8.4234637063059e-12,
                7.991959847258389e-11,
                1.5737102016883043e-11,
                4.944450473667813e-09,
                0.9999999949514693
            ]
        ],
        [
            [
                0.9999999999934397,
                6.5602001617208475e-12,
                0.0,
                0.0,
                0.0
            ],
            [
                0.9999999999377585,
                6.224144615651524e-11,
                0.0,
                0.0,
                0.0
            ],
            [
                7.83504178416567e-13,
                5.109089027477286e-12,
                0.9999999999758555,
                1.7832472906100913e-11,
                4.193795657898495e-13
            ],
            [
                1.2917751188356717e-12,
                3.3315319411344433e-11,
                4.50873818865252e-12,
                2.9023121989490417e-06,
                0.9999970976486852
            ],
            [
                2.7345995184633597e-12,
                4.847193626710783e-11,
                5.108904495565274e-12,
                3.535625750978156e-05,
                0.9999646436861748
            ]
        ],
        [
            [
                0.999999999956612,
                4.277787865107847e-11,
                0.0,
                0.0,
                6.101936672097687e-13
            ],
            [
                0.9999999995400946,
                4.599055362744799e-10,
                0.0,
                0.0,
                0.0
            ],
            [
                2.882350793122823e-13,
                1.1399918529171741e-12,
                0.9999999999910556,
                7.433680671522864e-12,
                8.258073284634623e-14
            ],
            [
                1.4637758382994738e-12,
                2.289730659948762e-11,
                2.1297812776512946e-12,
                1.067703076483694e-06,
                0.9999989322704327
            ],
            [
                1.87951830299596e-12,
                2.5945949847778663e-11,
                2.734682994476893e-12,
                6.144172124831149e-06,
                0.999993855797315
            ]
        ],
        [
            [
                0.9999999999934397,
                6.560200163134287e-12,
                0.0,
                0.0,
                0.0
            ],
            [
                0.9999999999934397,
                6.5602001631340016e-12,
                0.0,
                0.0,
                0.0
            ],
            [
                4.420228103348906e-14,
                6.914400106483021e-13,
                0.9999999999961213,
                3.098819138516931e-12,
                4.420228103348906e-14
            ],
            [
                3.978856582249247e-12,
                4.847239628375672e-11,
                6.560025480219549e-12,
                2.7535689836807035e-05,
                0.9999724642511519
            ],
            [
                2.41335364424717e-12,
                2.9400666196082873e-11,
                3.098807418669352e-12,
                2.9023121996356064e-06,
                0.9999970976528876
            ]
        ],
        [
            [
                0.9999999999954912,
                4.508755237883208e-12,
                0.0,
                0.0,
                0.0
            ],
            [
                0.9999999994782485,
                5.211412480691744e-10,
                0.0,
                0.0,
                6.101936669178744e-13
            ],
            [
                8.423463518848943e-12,
                2.6465735648796067e-09,
                0.9999999721187297,
                2.510999085506738e-08,
                1.1628232704958001e-10
            ],
            [
                5.789356598697168e-12,
                4.2777880684487715e-11,
                4.50875545254496e-12,
                5.043472051031834e-07,
                0.9999994955997189
            ],
            [
                2.413362670234615e-12,
                2.2897347492514862e-11,
                4.508755052483653e-12,
                4.139937544500605e-08,
                0.999999958570805
            ]
        ],
        [
            [
                0.9999999999934397,
                6.5602001617204816e-12,
                0.0,
                0.0,
                0.0
            ],
            [
                0.999999999683912,
                3.1608814505986937e-10,
                0.0,
                0.0,
                0.0
            ],
            [
                1.9810087978873424e-13,
                9.545034922061817e-12,
                0.999999999951722,
                3.775134543971072e-11,
                7.835041784425102e-13
            ],
            [
                6.560063091612993e-12,
                7.991792899540905e-11,
                1.3887653673924903e-11,
                2.1444939759497962e-05,
                0.9999785549598749
            ],
            [
                8.423463479280978e-12,
                5.492788171509782e-11,
                5.789356139597117e-12,
                3.224186631925191e-08,
                0.999999967688993
            ]
        ],
        [
            [
                0.9999999999740539,
                2.594609496472194e-11,
                0.0,
                0.0,
                0.0
            ],
            [
                0.9999999586006245,
                4.139937545236838e-08,
                0.0,
                0.0,
                0.0
            ],
            [
                9.357622967777452e-14,
                3.9789625353853585e-12,
                0.999999999966352,
                2.940077738950575e-11,
                1.748234128072514e-13
            ],
            [
                1.2256068015360376e-11,
                7.052880179850106e-11,
                1.3887944512287417e-11,
                5.043472050925572e-07,
                0.9999994955561221
            ],
            [
                6.560200133581601e-12,
                3.3315445246092115e-11,
                7.433680633176779e-12,
                4.363462229948307e-09,
                0.9999999955892285
            ]
        ],
        [
            [
                0.9999999999705993,
                2.940077735954374e-11,
                0.0,
                0.0,
                0.0
            ],
            [
                0.9999999999705993,
                2.940077736670908e-11,
                0.0,
                0.0,
                0.0
            ],
            [
                6.336533538980426e-09,
                1.2075295514864566e-06,
                0.8807917983208928,
                0.11920221194100081,
                4.775872021322809e-06
            ],
            [
                6.224144327824534e-11,
                1.6918978424031873e-10,
                2.0206838132227126e-11,
                4.691163799428931e-08,
                0.9999999528367238
            ],
            [
                1.8795288590596524e-12,
                3.3315446175359235e-11,
                5.109089143646215e-12,
                6.475946146401176e-07,
                0.9999993523650813
            ]
        ],
        [
            [
                0.9999999999975866,
                2.4133627697523154e-12,
                0.0,
                0.0,
                0.0
            ],
            [
                0.9999970976867972,
                2.9023121966621196e-06,
                1.0060354733086568e-12,
                0.0,
                0.0
            ],
            [
                1.3615261079539545e-13,
                1.4637785139800186e-12,
                0.9999999999908937,
                7.433680671611296e-12,
                7.287724095093347e-14
            ],
            [
                7.835012152590212e-13,
                1.573704258844748e-11,
                1.879521708078063e-12,
                2.9023121998056796e-06,
                0.9999970976694001
            ],
            [
                6.56020086059499e-12,
                4.8473692179189506e-11,
                5.109089567337082e-12,
                8.764249144526179e-08,
                0.9999999122973656
            ]
        ],
        [
            [
                0.9999999999934397,
                6.560200163134287e-12,
                0.0,
                0.0,
                0.0
            ],
            [
                0.9999999999294713,
                7.052879841793248e-11,
                0.0,
                0.0,
                0.0
            ],
            [
                4.361041431798345e-09,
                1.9936270348932863e-06,
                0.999445187974919,
                0.0005527775224519433,
                3.651455284992329e-08
            ],
            [
                3.088987784170239e-12,
                1.3134710286789497e-10,
                3.763157502534074e-11,
                0.0031726830797801724,
                0.9968273167481523
            ],
            [
                3.97896304059137e-12,
                4.8473693211866695e-11,
                1.0815942929349672e-11,
                1.855391597982973e-07,
                0.9999998143975716
            ]
        ],
        [
            [
                0.9999999999925664,
                7.433680666657544e-12,
                0.0,
                0.0,
                0.0
            ],
            [
                0.9999999317439577,
                6.825604228412285e-08,
                0.0,
                0.0,
                0.0
            ],
            [
                2.88235079298809e-13,
                1.1399918528638862e-12,
                0.9999999999910021,
                7.433680671175382e-12,
                1.3615261078741142e-13
            ],
            [
                7.433681605415519e-12,
                6.224145404152145e-11,
                8.423464811767917e-12,
                3.059023588981803e-07,
                0.9999996940195425
            ],
            [
                2.2897348231938058e-11,
                1.162823291620159e-10,
                2.2897348231938058e-11,
                9.237449571393781e-09,
                0.9999999906004734
            ]
        ],
        [
            [
                0.9999999999954912,
                4.508755238398355e-12,
                0.0,
                0.0,
                0.0
            ],
            [
                0.9999999956365377,
                4.363462230984051e-09,
                0.0,
                0.0,
                0.0
            ],
            [
                6.56020015005257e-12,
                1.8189616825340824e-09,
                0.9999999973112823,
                8.592166595466205e-10,
                3.978962524858302e-12
            ],
            [
                2.1297853350987453e-12,
                3.775134835229456e-11,
                4.508755589785474e-12,
                8.315279901823832e-07,
                0.9999991684276199
            ],
            [
                1.1628232597997323e-10,
                2.789467989183862e-10,
                2.2897347605356706e-11,
                3.653482077920413e-08,
                0.9999999630470526
            ]
        ],
        [
            [
                0.9999999999954912,
                4.5087552392561246e-12,
                0.0,
                0.0,
                0.0
            ],
            [
                0.9999999979388463,
                2.0611536159154608e-09,
                0.0,
                0.0,
                0.0
            ],
            [
                2.7893034061720423e-10,
                8.763730789223299e-08,
                0.9999416055770034,
                5.829127767791927e-05,
                1.5229080585814143e-08
            ],
            [
                7.991945279099113e-11,
                1.9171680080767846e-10,
                2.940072363147728e-11,
                1.067703075904215e-06,
                0.9999989319958871
            ],
            [
                1.2917800675188772e-12,
                2.5946096242788266e-11,
                3.098819289210184e-12,
                1.444980316282009e-07,
                0.9999998554716317
            ]
        ],
        [
            [
                0.9999999999294713,
                7.052879840623558e-11,
                0.0,
                0.0,
                0.0
            ],
            [
                0.999999999683912,
                3.1608814514473536e-10,
                0.0,
                0.0,
                0.0
            ],
            [
                1.981008797878867e-13,
                2.7346982913570413e-12,
                0.9999999999846569,
                1.2256067443047033e-11,
                1.5428112030594038e-13
            ],
            [
                3.511422484083126e-12,
                3.3315448938830554e-11,
                3.511422484083126e-12,
                8.764249144699752e-08,
                0.9999999123171703
            ],
            [
                2.413362766249207e-12,
                2.594609492273094e-11,
                6.560200152974875e-12,
                1.8189616833443565e-09,
                0.9999999981461187
            ]
        ],
        [
            [
                0.9999999999985363,
                1.4637785133606023e-12,
                0.0,
                0.0,
                0.0
            ],
            [
                0.9999999586006245,
                4.1399375446240564e-08,
                0.0,
                0.0,
                0.0
            ],
            [
                1.3615261079567013e-13,
                1.6586783587522618e-12,
                0.99999999998227,
                1.5737102105326177e-11,
                1.9810087978555348e-13
            ],
            [
                5.109089440885518e-12,
                4.8473690979450475e-11,
                5.109089440885518e-12,
                1.1253518381227304e-07,
                0.9999998874061243
            ],
            [
                1.3887943727964253e-11,
                7.991959814116008e-11,
                1.2256067323197611e-11,
                9.237449570846345e-09,
                0.9999999906564868
            ]
        ],
        [
            [
                0.9999999999942106,
                5.789356325276454e-12,
                0.0,
                0.0,
                0.0
            ],
            [
                0.9999999999821676,
                1.783247289430021e-11,
                0.0,
                0.0,
                0.0
            ],
            [
                2.882350793193986e-13,
                1.4637785139987444e-12,
                0.9999999999930456,
                5.109089027619478e-12,
                9.35762296802724e-14
            ],
            [
                3.0988134716159308e-12,
                3.331538449453392e-11,
                4.508746996704403e-12,
                2.260325273301245e-06,
                0.9999977396338038
            ],
            [
                6.560200051498253e-12,
                4.847368620072833e-11,
                9.545034753107839e-12,
                1.7257827681076134e-08,
                0.9999999826775935
            ]
        ],
        [
            [
                0.9999999999915765,
                8.42346374942063e-12,
                0.0,
                0.0,
                0.0
            ],
            [
                0.999999168472011,
                8.315279890439208e-07,
                0.0,
                0.0,
                0.0
            ],
            [
                2.2447770547843172e-13,
                2.1297851707312512e-12,
                0.999999999974494,
                2.289734845404156e-11,
                2.543665647108755e-13
            ],
            [
                3.9789552618599855e-12,
                4.27778004870646e-11,
                7.433667082773588e-12,
                1.06770307639598e-06,
                0.9999989322427332
            ],
            [
                2.129765021799182e-12,
                3.7750988290444504e-11,
                4.5087125865299615e-12,
                1.01299881006251e-05,
                0.9999898699675098
            ]
        ],
        [
            [
                0.9999999999915765,
                8.423463750005987e-12,
                0.0,
                0.0,
                0.0
            ],
            [
                0.9999999987498471,
                1.2501528638756437e-09,
                0.0,
                0.0,
                0.0
            ],
            [
                1.879528903737728e-12,
                2.461697066023071e-10,
                0.9999994952729806,
                5.043472049833304e-07,
                1.317651488140516e-10
            ],
            [
                1.388794453940196e-11,
                1.1628233594920942e-10,
                1.5737102871101208e-11,
                1.4449803162815834e-07,
                0.9999998553560611
            ],
            [
                1.4637758370409671e-12,
                2.5946047530298664e-11,
                3.098813471332959e-12,
                2.260325273094841e-06,
                0.9999977396442183
            ]
        ],
        [
            [
                0.9999999999450722,
                5.492788345305088e-11,
                0.0,
                0.0,
                0.0
            ],
            [
                0.9999999999450722,
                5.492788345303293e-11,
                0.0,
                0.0,
                0.0
            ],
            [
                8.258073284619796e-14,
                1.0060392791692736e-12,
                0.9999999999892601,
                9.545034921758616e-12,
                1.0603575990321839e-13
            ],
            [
                3.5112616980691564e-12,
                4.847147259769159e-11,
                8.42307893815106e-12,
                4.539785650203269e-05,
                0.9999546020830922
            ],
            [
                2.1297852537659724e-12,
                2.94007785360041e-11,
                3.9789626905470375e-12,
                3.927863698204009e-07,
                0.9999996071781206
            ]
        ],
        [
            [
                0.999999999996021,
                3.978962533470237e-12,
                0.0,
                0.0,
                0.0
            ],
            [
                0.999999999979793,
                2.0206839070131592e-11,
                0.0,
                0.0,
                0.0
            ],
            [
                6.914400106187061e-13,
                1.2256067442764505e-11,
                0.9999999999533178,
                3.331544541803528e-11,
                4.1937956579227403e-13
            ],
            [
                5.109079683991985e-12,
                4.277780045273853e-11,
                7.433667076808613e-12,
                2.2603252730387576e-06,
                0.9999977396194064
            ],
            [
                1.8795289927234283e-12,
                3.331544854460636e-11,
                5.78935687141664e-12,
                9.931195243092205e-08,
                0.9999999006470632
            ]
        ],
        [
            [
                0.9999999999964886,
                3.511422111013184e-12,
                0.0,
                0.0,
                0.0
            ],
            [
                0.9999999997531388,
                2.4616969484918055e-10,
                0.0,
                0.0,
                6.914400097604953e-13
            ],
            [
                1.3615261079236719e-13,
                8.878265477377321e-13,
                0.9999999999943736,
                4.508755241745168e-12,
                9.357622967699399e-14
            ],
            [
                2.7346984930815446e-12,
                3.331544787631081e-11,
                5.109089404495586e-12,
                2.3823698430322886e-07,
                0.9999997617218565
            ],
            [
                2.5946094565873868e-11,
                1.917171482954017e-10,
                2.940077692044556e-11,
                1.5229979500003805e-08,
                0.9999999845229564
            ]
        ],
        [
            [
                0.9999999999969011,
                3.0988191366386217e-12,
                0.0,
                0.0,
                0.0
            ],
            [
                0.9999999992417439,
                7.582560406533561e-10,
                0.0,
                0.0,
                0.0
            ],
            [
                1.3176514579564565e-10,
                1.4449802800466524e-07,
                0.999999830091025,
                2.5109992147183534e-08,
                1.6918979623517494e-10
            ],
            [
                8.423464081650125e-12,
                6.224144864664011e-11,
                5.109089226508923e-12,
                3.9278636980458555e-07,
                0.9999996071378563
            ],
            [
                1.783247250122872e-11,
                1.0261879397536938e-10,
                1.783247250122872e-11,
                2.2159489267710484e-08,
                0.9999999777022271
            ]
        ],
        [
            [
                0.999999999979793,
                2.0206839048141415e-11,
                0.0,
                0.0,
                0.0
            ],
            [
                0.9999999827421723,
                1.725782767529938e-08,
                0.0,
                0.0,
                0.0
            ],
            [
                6.101936676849506e-13,
                9.545034921658329e-12,
                0.9999999999560543,
                3.331544541753749e-11,
                4.752193062182521e-13
            ],
            [
                3.331544810914805e-11,
                1.1628233968245029e-10,
                1.3887944985273999e-11,
                1.1253518379722489e-07,
                0.9999998873013305
            ],
            [
                4.508755112004871e-12,
                2.94007765432475e-11,
                3.978962420856758e-12,
                2.8453347267614734e-08,
                0.9999999715087643
            ]
        ],
        [
            [
                0.999999999996021,
                3.978962533158851e-12,
                0.0,
                0.0,
                0.0
            ],
            [
                0.9999999988967441,
                1.1032560295629737e-09,
                0.0,
                0.0,
                0.0
            ],
            [
                1.2492877493011429e-09,
                6.019405470334285e-08,
                0.00026107776401809566,
                0.999308416124544,
                0.0004304446680954263
            ],
            [
                7.433553516478716e-12,
                6.224038156598424e-11,
                9.54487165146721e-12,
                1.6701415101440066e-05,
                0.9999832985056798
            ],
            [
                2.1297771162905965e-12,
                2.940066620162159e-11,
                3.978947487741564e-12,
                2.902312200182366e-06,
                0.9999970976522904
            ]
        ],
        [
            [
                0.9999999999934397,
                6.5602001646902805e-12,
                0.0,
                0.0,
                0.0
            ],
            [
                0.9999999966017321,
                3.398267805672867e-09,
                0.0,
                0.0,
                0.0
            ],
            [
                2.3198584565770237e-09,
                5.98299381548963e-08,
                0.006692547956417996,
                0.9932622958603663,
                4.509403341918221e-05
            ],
            [
                3.51141569266947e-12,
                3.3315384503691826e-11,
                5.789345742774379e-12,
                1.067703075956712e-06,
                0.9999989322543079
            ],
            [
                2.020684177138882e-11,
                7.052880786931272e-11,
                9.545036189334076e-12,
                6.023574637130992e-08,
                0.9999999396639729
            ]
        ],
        [
            [
                0.9999999999972653,
                2.7346982897533025e-12,
                0.0,
                0.0,
                0.0
            ],
            [
                0.999999953087752,
                4.6911637942309804e-08,
                0.0,
                0.0,
                6.101936381554758e-13
            ],
            [
                3.7010116782723467e-13,
                1.6586783587706714e-12,
                0.9999999999933689,
                4.508755241904589e-12,
                9.357622968030266e-14
            ],
            [
                2.2897218738451165e-11,
                1.1628167153982687e-10,
                1.783237188366301e-11,
                4.7850948469131476e-06,
                0.9999952147481418
            ],
            [
                2.0206838729126775e-11,
                1.1628232822424918e-10,
                1.5737101825641526e-11,
                1.7257827679563528e-08,
                0.999999982589946
            ]
        ],
        [
            [
                0.9999999999942106,
                5.789356324821665e-12,
                0.0,
                0.0,
                0.0
            ],
            [
                0.9999999997207265,
                2.789468088138315e-10,
                0.0,
                0.0,
                3.266131337248473e-13
            ],
            [
                1.6918977837707036e-10,
                2.845334575482977e-08,
                0.9999999181818648,
                5.3157848181882e-08,
                3.775134234475306e-11
            ],
            [
                4.508747101325989e-12,
                3.7751277279293455e-11,
                5.109079803137081e-12,
                1.7603431336903403e-06,
                0.9999982396094973
            ],
            [
                8.423463303885819e-12,
                7.052879473843777e-11,
                8.423463303885819e-12,
                5.3157849700756525e-08,
                0.9999999467547747
            ]
        ],
        [
            [
                0.9999999999450722,
                5.4927883437861515e-11,
                0.0,
                0.0,
                0.0
            ],
            [
                0.9999999990258415,
                9.736200287896142e-10,
                0.0,
                0.0,
                5.384940203864194e-13
            ],
            [
                5.384940217288599e-13,
                2.4133627716246193e-12,
                0.9999999999934865,
                3.5114221130730088e-12,
                5.0087746374105823e-14
            ],
            [
                6.560188322077229e-12,
                4.8473599531378375e-11,
                6.560188322077229e-12,
                1.760343133412132e-06,
                0.9999982395952726
            ],
            [
                3.098819526395783e-12,
                2.940078107099282e-11,
                3.098819526395783e-12,
                6.825604230243586e-08,
                0.9999999317083593
            ]
        ],
        [
            [
                0.9999999999705993,
                2.940077734475579e-11,
                0.0,
                0.0,
                0.0
            ],
            [
                0.9999999778399006,
                2.2159489250918155e-08,
                0.0,
                0.0,
                6.101936533741743e-13
            ],
            [
                9.70529312885075e-10,
                1.6321808979922887e-07,
                0.9968264240858101,
                0.0031726802328415813,
                7.314927291346609e-07
            ],
            [
                5.1090406935267376e-12,
                6.224085739387777e-11,
                9.544944622038045e-12,
                1.012998810216646e-05,
                0.9999898699350029
            ],
            [
                3.978962514061143e-12,
                5.492788320893709e-11,
                9.545034870602487e-12,
                4.9444504748786174e-09,
                0.9999999949870977
            ]
        ],
        [
            [
                0.9999999998837177,
                1.1628233020048282e-10,
                0.0,
                0.0,
                0.0
            ],
            [
                0.9999999997532918,
                2.4616969467303316e-10,
                0.0,
                0.0,
                5.384940206630527e-13
            ],
            [
                2.5436656470825623e-13,
                1.8795288163215784e-12,
                0.9999999999868958,
                1.081594155603404e-11,
                1.542811203013349e-13
            ],
            [
                2.7346932921006847e-12,
                3.7751276426943953e-11,
                3.978955261620481e-12,
                1.067703076331712e-06,
                0.9999989322524588
            ],
            [
                7.433680540881614e-12,
                5.492788253810339e-11,
                7.433680540881614e-12,
                1.7257827682741758e-08,
                0.999999982672377
            ]
        ],
        [
            [
